
80
40
120
1

34: 1, 13, 0, 1, 2, 1, 0, 10, 3, 0, 0, 8, 1, 0, 0, 1, 0, 6, 1, 0, 19, 0, 0, 0, 0, 2, 12, 0, 15, 0, 8, 9, 17, 0, 0, 25, 0, 9, 19, 0, 3, 0, 3, 7, 0, 3, 0, 3, 0, 11, 0, 13, 26, 15, 0, 0, 14, 1, 0, 0, 0, 0, 2, 0, 1, 6, 0, 0, 0, 15, 0, 0, 0, 0, 0, 0, 0, 3, 0, 0, : 1, 13, 1, 2, 1, 10, 3, 8, 1, 1, 6, 1, 19, 2, 12, 15, 8, 9, 17, 25, 9, 19, 3, 3, 7, 3, 3, 11, 13, 26, 15, 14, 1, 2, 1, 6, 15, 3, 
16: 7, 0, 0, 1, 4, 0, 0, 0, 1, 11, 0, 0, 0, 23, 0, 0, 0, 3, 0, 0, 0, 7, 5, 6, 0, 0, 0, 1, 0, 0, 1, 0, 0, 3, 4, 0, 0, 14, 3, 0, 0, 17, 1, 4, 11, 3, 6, 0, 1, 0, 1, 0, 7, 0, 0, 7, 0, 0, 0, 0, 19, 15, 0, 0, 6, 0, 0, 2, 2, 0, 1, 1, 1, 18, 0, 0, 0, 0, 0, 0, : 7, 1, 4, 1, 11, 23, 3, 7, 5, 6, 1, 1, 3, 4, 14, 3, 17, 1, 4, 11, 3, 6, 1, 1, 7, 7, 19, 15, 6, 2, 2, 1, 1, 1, 18, 
33: 0, 0, 0, 0, 4, 0, 0, 0, 4, 1, 0, 0, 19, 0, 0, 0, 2, 2, 0, 3, 11, 3, 9, 0, 0, 7, 7, 0, 4, 2, 4, 0, 3, 6, 0, 0, 1, 0, 1, 1, 4, 4, 0, 0, 0, 0, 0, 3, 2, 0, 1, 0, 4, 14, 17, 1, 0, 3, 0, 0, 11, 2, 0, 15, 0, 0, 3, 0, 0, 0, 0, 3, 0, 6, 14, 0, 0, 1, 0, 0, : 4, 4, 1, 19, 2, 2, 3, 11, 3, 9, 7, 7, 4, 2, 4, 3, 6, 1, 1, 1, 4, 4, 3, 2, 1, 4, 14, 17, 1, 3, 11, 2, 15, 3, 3, 6, 14, 1, 
35: 3, 0, 0, 0, 0, 6, 0, 0, 11, 12, 0, 2, 0, 0, 1, 0, 5, 0, 14, 2, 13, 1, 4, 0, 24, 2, 0, 0, 13, 6, 0, 11, 0, 0, 0, 5, 0, 13, 0, 0, 0, 0, 5, 0, 0, 0, 8, 0, 0, 16, 0, 15, 0, 0, 0, 0, 3, 16, 3, 2, 1, 0, 0, 0, 0, 4, 0, 0, 0, 1, 0, 0, 0, 19, 0, 0, 4, 12, 0, 0, : 3, 6, 11, 12, 2, 1, 5, 14, 2, 13, 1, 4, 24, 2, 13, 6, 11, 5, 13, 5, 8, 16, 15, 3, 16, 3, 2, 1, 4, 1, 19, 4, 12, 
25: 14, 15, 6, 0, 2, 0, 0, 0, 2, 8, 1, 9, 0, 16, 2, 5, 0, 16, 0, 6, 0, 2, 8, 1, 0, 1, 3, 0, 0, 0, 0, 0, 0, 0, 3, 4, 4, 13, 4, 0, 0, 15, 0, 3, 0, 0, 3, 1, 1, 5, 5, 0, 0, 9, 0, 7, 0, 6, 0, 0, 3, 7, 0, 0, 5, 0, 0, 2, 0, 3, 0, 0, 0, 0, 6, 5, 11, 0, 14, 0, : 14, 15, 6, 2, 2, 8, 1, 9, 16, 2, 5, 16, 6, 2, 8, 1, 1, 3, 3, 4, 4, 13, 4, 15, 3, 3, 1, 1, 5, 5, 9, 7, 6, 3, 7, 5, 2, 3, 6, 5, 11, 14, 
7: 17, 5, 1, 0, 2, 3, 20, 0, 5, 0, 0, 0, 0, 0, 3, 3, 20, 0, 2, 0, 0, 3, 8, 1, 5, 10, 7, 0, 0, 4, 8, 14, 6, 0, 0, 1, 4, 0, 15, 0, 2, 1, 11, 16, 0, 0, 0, 1, 1, 0, 2, 7, 2, 3, 4, 2, 8, 1, 1, 2, 0, 0, 3, 0, 5, 18, 3, 1, 0, 0, 1, 5, 2, 0, 2, 0, 0, 0, 0, 0, : 17, 5, 1, 2, 3, 20, 5, 3, 3, 20, 2, 3, 8, 1, 5, 10, 7, 4, 8, 14, 6, 1, 4, 15, 2, 1, 11, 16, 1, 1, 2, 7, 2, 3, 4, 2, 8, 1, 1, 2, 3, 5, 18, 3, 1, 1, 5, 2, 2, 
1: 0, 0, 18, 0, 0, 0, 4, 24, 0, 2, 2, 0, 0, 0, 5, 0, 0, 1, 3, 0, 2, 0, 3, 6, 2, 6, 4, 0, 1, 0, 0, 0, 0, 0, 6, 20, 2, 5, 0, 0, 0, 0, 5, 5, 3, 4, 0, 6, 13, 0, 0, 11, 0, 4, 0, 0, 19, 0, 20, 0, 0, 0, 5, 14, 7, 16, 18, 12, 4, 0, 3, 0, 16, 0, 0, 13, 0, 12, 0, 0, : 18, 4, 24, 2, 2, 5, 1, 3, 2, 3, 6, 2, 6, 4, 1, 6, 20, 2, 5, 5, 5, 3, 4, 6, 13, 11, 4, 19, 20, 5, 14, 7, 16, 18, 12, 4, 3, 16, 13, 12, 
38: 0, 8, 15, 3, 0, 0, 8, 4, 0, 1, 5, 0, 0, 0, 0, 2, 14, 0, 3, 7, 0, 0, 2, 0, 0, 0, 0, 0, 0, 0, 8, 3, 0, 1, 2, 7, 0, 2, 0, 0, 0, 0, 0, 1, 1, 2, 0, 6, 2, 0, 4, 0, 0, 0, 3, 0, 0, 5, 0, 0, 0, 0, 0, 0, 0, 0, 0, 0, 0, 14, 1, 17, 1, 0, 0, 14, 7, 11, 1, 0, : 8, 15, 3, 8, 4, 1, 5, 2, 14, 3, 7, 2, 8, 3, 1, 2, 7, 2, 1, 1, 2, 6, 2, 4, 3, 5, 14, 1, 17, 1, 14, 7, 11, 1, 
37: 2, 0, 0, 0, 2, 0, 0, 5, 0, 1, 0, 6, 0, 6, 1, 8, 1, 0, 12, 1, 0, 4, 1, 0, 0, 1, 12, 1, 9, 0, 17, 0, 7, 0, 0, 0, 10, 0, 0, 0, 4, 0, 5, 0, 0, 0, 0, 2, 0, 0, 0, 22, 8, 1, 8, 25, 6, 10, 0, 0, 0, 0, 0, 16, 0, 0, 9, 0, 3, 0, 1, 14, 0, 0, 0, 0, 0, 0, 0, 20, : 2, 2, 5, 1, 6, 6, 1, 8, 1, 12, 1, 4, 1, 1, 12, 1, 9, 17, 7, 10, 4, 5, 2, 22, 8, 1, 8, 25, 6, 10, 16, 9, 3, 1, 14, 20, 
30: 2, 0, 7, 0, 4, 0, 0, 0, 3, 22, 2, 0, 21, 1, 2, 0, 1, 16, 5, 0, 2, 1, 0, 4, 2, 4, 0, 3, 0, 0, 11, 5, 0, 0, 0, 6, 1, 0, 7, 23, 0, 0, 11, 0, 0, 0, 4, 10, 4, 0, 4, 0, 1, 0, 0, 0, 0, 1, 0, 0, 0, 0, 1, 2, 5, 0, 4, 0, 0, 0, 0, 0, 0, 0, 0, 19, 0, 7, 0, 0, : 2, 7, 4, 3, 22, 2, 21, 1, 2, 1, 16, 5, 2, 1, 4, 2, 4, 3, 11, 5, 6, 1, 7, 23, 11, 4, 10, 4, 4, 1, 1, 1, 2, 5, 4, 19, 7, 
11: 0, 0, 0, 1, 22, 0, 0, 0, 0, 0, 0, 0, 0, 0, 2, 17, 1, 0, 0, 0, 0, 0, 0, 7, 0, 0, 0, 0, 5, 0, 0, 1, 0, 7, 5, 0, 0, 0, 0, 4, 0, 4, 0, 0, 0, 0, 5, 15, 4, 0, 19, 0, 0, 10, 0, 5, 0, 0, 1, 0, 3, 0, 28, 0, 0, 0, 0, 1, 21, 1, 6, 0, 7, 0, 7, 0, 2, 0, 1, 2, : 1, 22, 2, 17, 1, 7, 5, 1, 7, 5, 4, 4, 5, 15, 4, 19, 10, 5, 1, 3, 28, 1, 21, 1, 6, 7, 7, 2, 1, 2, 
39: 1, 5, 0, 1, 2, 0, 6, 6, 2, 1, 0, 0, 0, 0, 12, 7, 0, 6, 7, 0, 11, 1, 3, 3, 3, 0, 0, 0, 0, 18, 0, 0, 12, 21, 0, 0, 0, 5, 0, 13, 0, 0, 0, 14, 4, 5, 4, 0, 0, 11, 5, 0, 0, 0, 0, 4, 3, 0, 0, 0, 0, 0, 12, 0, 0, 0, 1, 9, 11, 14, 0, 0, 0, 4, 0, 0, 0, 0, 0, 0, : 1, 5, 1, 2, 6, 6, 2, 1, 12, 7, 6, 7, 11, 1, 3, 3, 3, 18, 12, 21, 5, 13, 14, 4, 5, 4, 11, 5, 4, 3, 12, 1, 9, 11, 14, 4, 
10: 0, 1, 0, 20, 5, 1, 0, 10, 0, 0, 0, 21, 0, 13, 0, 0, 1, 0, 0, 0, 0, 0, 0, 6, 0, 2, 4, 0, 0, 11, 22, 1, 0, 0, 5, 0, 0, 0, 0, 6, 10, 3, 0, 0, 0, 13, 0, 0, 4, 0, 18, 0, 0, 0, 1, 0, 6, 7, 0, 0, 1, 11, 0, 1, 2, 5, 4, 10, 4, 15, 7, 0, 0, 17, 6, 0, 3, 21, 20, 1, : 1, 20, 5, 1, 10, 21, 13, 1, 6, 2, 4, 11, 22, 1, 5, 6, 10, 3, 13, 4, 18, 1, 6, 7, 1, 11, 1, 2, 5, 4, 10, 4, 15, 7, 17, 6, 3, 21, 20, 1, 
5: 14, 0, 0, 23, 0, 12, 0, 1, 2, 6, 9, 5, 0, 0, 11, 4, 3, 14, 1, 0, 8, 2, 3, 0, 0, 9, 1, 4, 1, 0, 0, 7, 0, 0, 19, 3, 0, 8, 0, 0, 0, 0, 11, 8, 9, 0, 0, 1, 17, 13, 0, 11, 0, 0, 14, 4, 0, 0, 1, 0, 4, 0, 0, 0, 7, 0, 5, 0, 7, 0, 7, 5, 0, 0, 1, 0, 5, 5, 22, 0, : 14, 23, 12, 1, 2, 6, 9, 5, 11, 4, 3, 14, 1, 8, 2, 3, 9, 1, 4, 1, 7, 19, 3, 8, 11, 8, 9, 1, 17, 13, 11, 14, 4, 1, 4, 7, 5, 7, 7, 5, 1, 5, 5, 22, 
22: 0, 0, 1, 3, 4, 1, 0, 1, 5, 0, 0, 0, 7, 0, 12, 9, 3, 0, 1, 5, 0, 9, 7, 0, 4, 1, 14, 0, 7, 0, 2, 15, 0, 1, 0, 6, 0, 0, 0, 0, 0, 4, 0, 3, 0, 0, 0, 15, 2, 6, 0, 0, 16, 10, 7, 1, 0, 0, 0, 0, 4, 16, 0, 7, 4, 0, 5, 0, 0, 6, 0, 0, 15, 0, 6, 0, 1, 9, 0, 0, : 1, 3, 4, 1, 1, 5, 7, 12, 9, 3, 1, 5, 9, 7, 4, 1, 14, 7, 2, 15, 1, 6, 4, 3, 15, 2, 6, 16, 10, 7, 1, 4, 16, 7, 4, 5, 6, 15, 6, 1, 9, 
8: 2, 0, 8, 7, 7, 16, 1, 0, 1, 1, 0, 1, 0, 0, 13, 4, 0, 0, 0, 7, 9, 17, 0, 0, 0, 1, 0, 0, 0, 0, 0, 0, 0, 0, 0, 1, 7, 1, 17, 0, 0, 5, 9, 0, 19, 0, 11, 0, 2, 9, 0, 1, 0, 0, 1, 8, 8, 0, 0, 11, 5, 15, 18, 11, 19, 1, 1, 26, 15, 0, 0, 0, 0, 6, 18, 0, 3, 0, 0, 0, : 2, 8, 7, 7, 16, 1, 1, 1, 1, 13, 4, 7, 9, 17, 1, 1, 7, 1, 17, 5, 9, 19, 11, 2, 9, 1, 1, 8, 8, 11, 5, 15, 18, 11, 19, 1, 1, 26, 15, 6, 18, 3, 
17: 1, 0, 0, 8, 0, 9, 0, 0, 8, 0, 15, 2, 0, 0, 0, 1, 13, 0, 10, 0, 0, 1, 0, 0, 0, 0, 0, 0, 4, 8, 0, 0, 0, 2, 13, 0, 3, 0, 0, 0, 0, 1, 2, 0, 0, 0, 7, 0, 0, 3, 1, 0, 2, 0, 0, 1, 0, 1, 18, 12, 4, 0, 0, 0, 2, 5, 1, 0, 0, 0, 11, 0, 2, 0, 2, 0, 2, 0, 0, 0, : 1, 8, 9, 8, 15, 2, 1, 13, 10, 1, 4, 8, 2, 13, 3, 1, 2, 7, 3, 1, 2, 1, 1, 18, 12, 4, 2, 5, 1, 11, 2, 2, 2, 
31: 18, 0, 3, 3, 0, 4, 2, 0, 0, 0, 2, 0, 1, 2, 0, 0, 3, 0, 9, 0, 6, 0, 0, 7, 6, 0, 5, 0, 0, 18, 1, 0, 0, 3, 0, 1, 8, 0, 0, 0, 4, 0, 0, 0, 0, 4, 0, 0, 12, 12, 0, 0, 4, 1, 0, 4, 0, 7, 1, 24, 0, 3, 0, 10, 1, 0, 3, 0, 2, 6, 1, 0, 0, 0, 0, 16, 0, 3, 0, 0, : 18, 3, 3, 4, 2, 2, 1, 2, 3, 9, 6, 7, 6, 5, 18, 1, 3, 1, 8, 4, 4, 12, 12, 4, 1, 4, 7, 1, 24, 3, 10, 1, 3, 2, 6, 1, 16, 3, 
28: 12, 5, 0, 0, 12, 0, 11, 1, 0, 0, 0, 0, 3, 0, 4, 16, 1, 0, 0, 5, 0, 7, 0, 4, 0, 4, 0, 0, 0, 0, 8, 0, 0, 1, 0, 0, 1, 2, 0, 0, 0, 0, 2, 12, 2, 1, 2, 11, 6, 0, 5, 0, 0, 4, 0, 0, 2, 4, 21, 0, 6, 0, 0, 11, 0, 9, 4, 0, 2, 0, 19, 2, 0, 0, 0, 0, 0, 0, 1, 24, : 12, 5, 12, 11, 1, 3, 4, 16, 1, 5, 7, 4, 4, 8, 1, 1, 2, 2, 12, 2, 1, 2, 11, 6, 5, 4, 2, 4, 21, 6, 11, 9, 4, 2, 19, 2, 1, 24, 
36: 0, 0, 0, 2, 0, 8, 21, 2, 11, 3, 23, 3, 0, 2, 0, 2, 2, 0, 0, 4, 0, 0, 6, 4, 0, 2, 3, 22, 0, 0, 3, 0, 0, 0, 1, 0, 2, 10, 0, 0, 0, 4, 4, 0, 0, 3, 0, 0, 3, 0, 1, 0, 4, 7, 0, 0, 0, 1, 1, 1, 1, 0, 0, 0, 6, 9, 0, 0, 0, 0, 0, 0, 1, 0, 0, 0, 0, 0, 0, 0, : 2, 8, 21, 2, 11, 3, 23, 3, 2, 2, 2, 4, 6, 4, 2, 3, 22, 3, 1, 2, 10, 4, 4, 3, 3, 1, 4, 7, 1, 1, 1, 1, 6, 9, 1, 
40: 0, 0, 0, 1, 0, 3, 0, 2, 0, 0, 0, 0, 0, 17, 4, 0, 0, 7, 1, 1, 0, 2, 3, 10, 13, 0, 8, 12, 6, 7, 0, 7, 0, 0, 0, 0, 0, 0, 2, 2, 11, 0, 1, 0, 0, 4, 0, 0, 0, 2, 5, 2, 3, 2, 25, 3, 6, 0, 0, 0, 2, 0, 0, 0, 0, 1, 0, 2, 1, 5, 3, 2, 0, 0, 0, 20, 3, 0, 3, 0, : 1, 3, 2, 17, 4, 7, 1, 1, 2, 3, 10, 13, 8, 12, 6, 7, 7, 2, 2, 11, 1, 4, 2, 5, 2, 3, 2, 25, 3, 6, 2, 1, 2, 1, 5, 3, 2, 20, 3, 3, 
12: 0, 0, 0, 1, 4, 0, 0, 8, 1, 3, 0, 0, 4, 0, 10, 2, 4, 0, 0, 22, 0, 13, 0, 8, 0, 0, 5, 2, 0, 0, 0, 15, 0, 16, 4, 2, 8, 5, 0, 0, 10, 14, 0, 3, 0, 0, 17, 0, 0, 3, 10, 0, 0, 0, 3, 2, 0, 2, 2, 16, 17, 13, 0, 0, 0, 0, 8, 0, 0, 0, 0, 3, 16, 0, 0, 0, 0, 20, 0, 10, : 1, 4, 8, 1, 3, 4, 10, 2, 4, 22, 13, 8, 5, 2, 15, 16, 4, 2, 8, 5, 10, 14, 3, 17, 3, 10, 3, 2, 2, 2, 16, 17, 13, 8, 3, 16, 20, 10, 
24: 6, 4, 0, 0, 0, 12, 11, 0, 0, 0, 0, 21, 11, 0, 0, 2, 0, 0, 0, 0, 0, 5, 0, 0, 0, 0, 20, 0, 0, 0, 0, 8, 3, 0, 2, 0, 0, 10, 10, 0, 2, 0, 3, 5, 0, 0, 1, 0, 1, 0, 0, 0, 2, 0, 0, 0, 1, 11, 0, 0, 0, 5, 4, 1, 7, 0, 7, 0, 0, 3, 1, 0, 0, 4, 0, 12, 0, 0, 0, 0, : 6, 4, 12, 11, 21, 11, 2, 5, 20, 8, 3, 2, 10, 10, 2, 3, 5, 1, 1, 2, 1, 11, 5, 4, 1, 7, 7, 3, 1, 4, 12, 
29: 2, 1, 0, 0, 3, 1, 0, 0, 1, 0, 0, 2, 0, 13, 3, 2, 0, 11, 4, 0, 0, 0, 0, 17, 17, 0, 2, 0, 0, 0, 1, 0, 2, 1, 7, 0, 2, 0, 0, 18, 0, 0, 0, 1, 14, 5, 0, 3, 0, 0, 1, 13, 0, 8, 10, 0, 15, 4, 0, 0, 5, 3, 0, 0, 0, 0, 0, 0, 12, 0, 11, 16, 0, 1, 0, 0, 3, 0, 7, 0, : 2, 1, 3, 1, 1, 2, 13, 3, 2, 11, 4, 17, 17, 2, 1, 2, 1, 7, 2, 18, 1, 14, 5, 3, 1, 13, 8, 10, 15, 4, 5, 3, 12, 11, 16, 1, 3, 7, 
19: 2, 0, 8, 0, 1, 0, 0, 1, 5, 0, 3, 14, 0, 1, 3, 0, 0, 12, 0, 15, 0, 1, 0, 0, 0, 0, 0, 0, 1, 0, 5, 1, 0, 13, 4, 1, 7, 0, 0, 8, 8, 0, 0, 0, 10, 0, 0, 1, 0, 0, 1, 4, 0, 0, 1, 0, 0, 13, 0, 0, 0, 0, 2, 5, 2, 13, 5, 19, 0, 1, 2, 0, 5, 0, 0, 0, 0, 0, 19, 11, : 2, 8, 1, 1, 5, 3, 14, 1, 3, 12, 15, 1, 1, 5, 1, 13, 4, 1, 7, 8, 8, 10, 1, 1, 4, 1, 13, 2, 5, 2, 13, 5, 19, 1, 2, 5, 19, 11, 
26: 2, 1, 0, 0, 2, 1, 0, 0, 3, 0, 0, 0, 0, 9, 0, 5, 5, 0, 4, 0, 0, 3, 0, 0, 0, 0, 0, 0, 15, 5, 0, 0, 0, 0, 0, 0, 0, 0, 11, 0, 25, 9, 4, 0, 23, 3, 8, 2, 0, 0, 0, 0, 0, 0, 0, 15, 0, 0, 7, 21, 1, 0, 0, 0, 0, 1, 3, 0, 0, 2, 4, 0, 0, 0, 0, 1, 0, 2, 0, 0, : 2, 1, 2, 1, 3, 9, 5, 5, 4, 3, 15, 5, 11, 25, 9, 4, 23, 3, 8, 2, 15, 7, 21, 1, 1, 3, 2, 4, 1, 2, 
18: 0, 3, 2, 1, 0, 0, 0, 0, 6, 0, 19, 0, 0, 0, 0, 2, 9, 0, 5, 1, 2, 6, 5, 0, 0, 0, 0, 0, 0, 7, 11, 0, 26, 2, 0, 1, 0, 0, 0, 0, 0, 0, 0, 0, 0, 4, 5, 0, 0, 0, 1, 12, 4, 2, 0, 5, 0, 2, 13, 0, 5, 0, 0, 0, 6, 1, 0, 0, 4, 0, 4, 1, 6, 6, 0, 0, 0, 1, 0, 0, : 3, 2, 1, 6, 19, 2, 9, 5, 1, 2, 6, 5, 7, 11, 26, 2, 1, 4, 5, 1, 12, 4, 2, 5, 2, 13, 5, 6, 1, 4, 4, 1, 6, 6, 1, 
27: 0, 0, 0, 4, 0, 0, 5, 10, 2, 6, 4, 0, 0, 0, 0, 3, 1, 0, 9, 3, 10, 2, 4, 23, 0, 2, 0, 4, 20, 0, 0, 0, 1, 0, 16, 0, 10, 0, 0, 4, 0, 1, 4, 13, 5, 0, 0, 0, 0, 10, 1, 0, 13, 19, 4, 9, 0, 0, 7, 6, 0, 0, 2, 0, 0, 1, 0, 2, 8, 2, 1, 0, 0, 5, 1, 0, 0, 9, 0, 0, : 4, 5, 10, 2, 6, 4, 3, 1, 9, 3, 10, 2, 4, 23, 2, 4, 20, 1, 16, 10, 4, 1, 4, 13, 5, 10, 1, 13, 19, 4, 9, 7, 6, 2, 1, 2, 8, 2, 1, 5, 1, 9, 
15: 0, 0, 0, 8, 2, 6, 0, 2, 4, 2, 0, 3, 0, 8, 0, 0, 0, 0, 0, 0, 0, 21, 5, 0, 0, 0, 5, 11, 10, 0, 0, 0, 0, 0, 0, 0, 0, 0, 8, 11, 5, 26, 18, 0, 3, 0, 4, 5, 0, 0, 6, 0, 0, 1, 1, 0, 0, 1, 2, 1, 0, 0, 0, 0, 1, 4, 7, 0, 0, 3, 4, 18, 0, 15, 4, 0, 13, 0, 2, 0, : 8, 2, 6, 2, 4, 2, 3, 8, 21, 5, 5, 11, 10, 8, 11, 5, 26, 18, 3, 4, 5, 6, 1, 1, 1, 2, 1, 1, 4, 7, 3, 4, 18, 15, 4, 13, 2, 
13: 0, 7, 0, 0, 0, 3, 6, 6, 0, 3, 0, 2, 2, 0, 0, 0, 0, 0, 7, 5, 0, 0, 0, 2, 6, 0, 0, 0, 6, 0, 1, 0, 0, 11, 0, 2, 9, 6, 1, 0, 0, 0, 0, 0, 0, 11, 0, 0, 0, 2, 0, 0, 0, 3, 7, 1, 0, 7, 2, 6, 1, 0, 2, 0, 0, 3, 4, 3, 0, 2, 0, 1, 4, 0, 11, 7, 19, 0, 1, 0, : 7, 3, 6, 6, 3, 2, 2, 7, 5, 2, 6, 6, 1, 11, 2, 9, 6, 1, 11, 2, 3, 7, 1, 7, 2, 6, 1, 2, 3, 4, 3, 2, 1, 4, 11, 7, 19, 1, 
4: 8, 10, 7, 1, 1, 0, 9, 0, 0, 6, 0, 1, 0, 0, 14, 4, 0, 0, 1, 0, 0, 0, 2, 0, 0, 0, 0, 2, 0, 4, 0, 0, 19, 0, 0, 17, 6, 0, 0, 6, 0, 0, 0, 0, 7, 5, 0, 1, 0, 0, 2, 3, 0, 3, 1, 2, 2, 3, 0, 0, 0, 0, 4, 0, 7, 0, 2, 0, 0, 0, 0, 5, 0, 0, 0, 0, 5, 0, 0, 24, : 8, 10, 7, 1, 1, 9, 6, 1, 14, 4, 1, 2, 2, 4, 19, 17, 6, 6, 7, 5, 1, 2, 3, 3, 1, 2, 2, 3, 4, 7, 2, 5, 5, 24, 
21: 0, 8, 6, 2, 7, 2, 0, 5, 0, 4, 0, 0, 4, 0, 0, 2, 0, 0, 11, 0, 8, 0, 1, 0, 12, 0, 0, 0, 0, 0, 0, 4, 0, 6, 0, 0, 0, 0, 0, 0, 1, 2, 0, 0, 0, 0, 13, 2, 3, 0, 0, 2, 0, 0, 0, 0, 0, 2, 1, 0, 4, 2, 4, 4, 1, 0, 0, 0, 6, 17, 2, 1, 3, 1, 2, 0, 13, 1, 2, 0, : 8, 6, 2, 7, 2, 5, 4, 4, 2, 11, 8, 1, 12, 4, 6, 1, 2, 13, 2, 3, 2, 2, 1, 4, 2, 4, 4, 1, 6, 17, 2, 1, 3, 1, 2, 13, 1, 2, 
14: 0, 0, 14, 0, 0, 2, 1, 0, 0, 2, 17, 0, 18, 5, 8, 1, 2, 5, 0, 23, 2, 0, 0, 0, 0, 19, 0, 23, 0, 0, 0, 0, 13, 0, 1, 1, 0, 14, 10, 4, 0, 1, 0, 0, 0, 0, 0, 0, 1, 0, 0, 0, 0, 0, 11, 4, 20, 0, 0, 0, 0, 0, 0, 22, 5, 0, 5, 9, 0, 4, 9, 7, 0, 0, 14, 3, 15, 3, 7, 0, : 14, 2, 1, 2, 17, 18, 5, 8, 1, 2, 5, 23, 2, 19, 23, 13, 1, 1, 14, 10, 4, 1, 1, 11, 4, 20, 22, 5, 5, 9, 4, 9, 7, 14, 3, 15, 3, 7, 
3: 0, 0, 1, 1, 12, 0, 0, 0, 17, 2, 0, 0, 0, 1, 0, 0, 2, 0, 0, 0, 0, 0, 15, 0, 0, 0, 0, 15, 0, 0, 2, 0, 1, 14, 26, 0, 0, 0, 6, 6, 3, 0, 6, 10, 0, 20, 0, 13, 1, 9, 8, 2, 0, 0, 1, 2, 6, 0, 5, 3, 0, 8, 7, 0, 2, 5, 12, 0, 0, 1, 3, 0, 1, 0, 7, 0, 2, 0, 5, 0, : 1, 1, 12, 17, 2, 1, 2, 15, 15, 2, 1, 14, 26, 6, 6, 3, 6, 10, 20, 13, 1, 9, 8, 2, 1, 2, 6, 5, 3, 8, 7, 2, 5, 12, 1, 3, 1, 7, 2, 5, 
20: 0, 18, 1, 1, 0, 0, 1, 4, 1, 0, 8, 0, 0, 0, 10, 4, 1, 18, 0, 1, 10, 2, 1, 1, 7, 15, 0, 0, 1, 0, 0, 12, 0, 0, 0, 0, 0, 0, 0, 0, 0, 6, 2, 15, 9, 5, 0, 0, 2, 0, 13, 0, 5, 0, 1, 5, 0, 1, 14, 0, 4, 3, 0, 0, 0, 1, 0, 1, 0, 1, 7, 0, 1, 16, 0, 1, 0, 0, 0, 10, : 18, 1, 1, 1, 4, 1, 8, 10, 4, 1, 18, 1, 10, 2, 1, 1, 7, 15, 1, 12, 6, 2, 15, 9, 5, 2, 13, 5, 1, 5, 1, 14, 4, 3, 1, 1, 1, 7, 1, 16, 1, 10, 
2: 1, 0, 11, 11, 1, 5, 0, 6, 9, 1, 4, 10, 0, 0, 0, 4, 4, 0, 0, 2, 0, 0, 8, 2, 1, 0, 0, 10, 0, 0, 5, 0, 9, 1, 0, 0, 0, 0, 6, 1, 0, 1, 6, 0, 0, 4, 10, 3, 0, 2, 4, 1, 14, 0, 0, 0, 0, 0, 0, 0, 3, 0, 2, 1, 0, 0, 0, 2, 0, 0, 1, 0, 26, 1, 0, 0, 0, 0, 0, 2, : 1, 11, 11, 1, 5, 6, 9, 1, 4, 10, 4, 4, 2, 8, 2, 1, 10, 5, 9, 1, 6, 1, 1, 6, 4, 10, 3, 2, 4, 1, 14, 3, 2, 1, 2, 1, 26, 1, 2, 
32: 0, 0, 7, 0, 0, 1, 6, 7, 2, 14, 3, 0, 0, 2, 0, 1, 5, 0, 6, 0, 7, 0, 4, 0, 2, 5, 0, 0, 0, 17, 0, 2, 1, 2, 0, 12, 1, 2, 0, 10, 0, 0, 0, 0, 0, 11, 3, 6, 0, 0, 1, 0, 5, 0, 0, 1, 0, 5, 0, 11, 2, 0, 2, 0, 5, 0, 0, 2, 1, 1, 2, 0, 1, 1, 0, 0, 3, 0, 2, 0, : 7, 1, 6, 7, 2, 14, 3, 2, 1, 5, 6, 7, 4, 2, 5, 17, 2, 1, 2, 12, 1, 2, 10, 11, 3, 6, 1, 5, 1, 5, 11, 2, 2, 5, 2, 1, 1, 2, 1, 1, 3, 2, 
9: 0, 3, 2, 16, 0, 22, 0, 5, 6, 0, 0, 0, 10, 0, 0, 0, 5, 0, 0, 1, 0, 0, 5, 3, 16, 0, 0, 5, 0, 3, 0, 4, 0, 2, 0, 0, 15, 0, 0, 0, 20, 0, 0, 0, 0, 5, 9, 0, 24, 6, 0, 1, 0, 1, 0, 1, 0, 5, 0, 4, 12, 0, 6, 0, 0, 0, 0, 0, 13, 0, 3, 11, 7, 0, 0, 0, 0, 0, 3, 0, : 3, 2, 16, 22, 5, 6, 10, 5, 1, 5, 3, 16, 5, 3, 4, 2, 15, 20, 5, 9, 24, 6, 1, 1, 1, 5, 4, 12, 6, 13, 3, 11, 7, 3, 
23: 0, 8, 2, 0, 0, 1, 8, 0, 5, 8, 1, 0, 16, 0, 0, 8, 4, 3, 4, 1, 0, 6, 8, 5, 0, 13, 8, 0, 0, 10, 2, 1, 0, 0, 0, 0, 16, 0, 0, 1, 3, 2, 0, 0, 0, 5, 0, 7, 13, 0, 1, 0, 0, 3, 0, 1, 0, 1, 0, 0, 0, 11, 0, 0, 14, 17, 6, 0, 0, 0, 4, 2, 5, 0, 0, 9, 0, 0, 9, 13, : 8, 2, 1, 8, 5, 8, 1, 16, 8, 4, 3, 4, 1, 6, 8, 5, 13, 8, 10, 2, 1, 16, 1, 3, 2, 5, 7, 13, 1, 3, 1, 1, 11, 14, 17, 6, 4, 2, 5, 9, 9, 13, 
6: 5, 5, 0, 0, 15, 0, 0, 0, 0, 0, 2, 10, 3, 1, 0, 1, 8, 0, 0, 5, 0, 1, 0, 0, 0, 14, 0, 5, 2, 0, 0, 0, 0, 7, 2, 5, 3, 1, 0, 2, 5, 0, 7, 0, 0, 0, 0, 3, 1, 0, 0, 0, 0, 0, 0, 0, 1, 0, 0, 0, 2, 6, 16, 0, 0, 0, 0, 17, 4, 3, 1, 6, 0, 0, 19, 0, 6, 0, 1, 3, : 5, 5, 15, 2, 10, 3, 1, 1, 8, 5, 1, 14, 5, 2, 7, 2, 5, 3, 1, 2, 5, 7, 3, 1, 1, 2, 6, 16, 17, 4, 3, 1, 6, 19, 6, 1, 3, 


