
40
40
65
2

22: 0, 0, 11, 0, 0, 1, 9, 4, 0, 4, 1, 3, 0, 3, 0, 0, 0, 0, 0, 0, 5, 5, 0, 0, 5, 0, 2, 3, 1, 7, 2, 0, 0, 0, 2, 4, 2, 0, 1, 0, : 11, 1, 9, 4, 4, 1, 3, 3, 5, 5, 5, 2, 3, 1, 7, 2, 2, 4, 2, 1, 
33: 0, 0, 0, 4, 0, 7, 0, 0, 0, 10, 0, 0, 11, 25, 4, 18, 0, 0, 1, 0, 3, 0, 2, 1, 0, 0, 0, 8, 9, 6, 0, 0, 1, 1, 4, 4, 3, 4, 0, 0, : 4, 7, 10, 11, 25, 4, 18, 1, 3, 2, 1, 8, 9, 6, 1, 1, 4, 4, 3, 4, 
13: 6, 4, 4, 1, 2, 0, 0, 5, 0, 0, 4, 0, 0, 8, 10, 22, 3, 0, 1, 0, 18, 0, 0, 6, 0, 1, 17, 0, 1, 1, 3, 1, 0, 0, 6, 0, 3, 0, 5, 0, : 6, 4, 4, 1, 2, 5, 4, 8, 10, 22, 3, 1, 18, 6, 1, 17, 1, 1, 3, 1, 6, 3, 5, 
11: 0, 0, 1, 2, 0, 0, 0, 6, 0, 6, 19, 13, 0, 0, 3, 2, 0, 7, 1, 0, 0, 0, 0, 0, 0, 18, 6, 15, 0, 16, 8, 4, 1, 0, 0, 3, 0, 4, 0, 0, : 1, 2, 6, 6, 19, 13, 3, 2, 7, 1, 18, 6, 15, 16, 8, 4, 1, 3, 4, 
21: 4, 0, 0, 7, 0, 1, 15, 1, 0, 0, 9, 10, 9, 3, 3, 0, 0, 0, 9, 8, 0, 0, 3, 11, 0, 2, 4, 12, 15, 0, 1, 3, 0, 0, 2, 0, 8, 0, 4, 0, : 4, 7, 1, 15, 1, 9, 10, 9, 3, 3, 9, 8, 3, 11, 2, 4, 12, 15, 1, 3, 2, 8, 4, 
38: 1, 1, 0, 0, 0, 0, 0, 0, 0, 3, 0, 9, 1, 0, 12, 0, 0, 4, 7, 7, 0, 9, 11, 1, 0, 0, 0, 14, 5, 2, 3, 20, 5, 16, 13, 0, 4, 9, 0, 18, : 1, 1, 3, 9, 1, 12, 4, 7, 7, 9, 11, 1, 14, 5, 2, 3, 20, 5, 16, 13, 4, 9, 18, 
25: 0, 11, 0, 4, 5, 1, 5, 2, 2, 21, 0, 0, 1, 0, 14, 0, 0, 0, 1, 0, 0, 0, 0, 0, 0, 0, 0, 1, 0, 4, 0, 0, 1, 0, 0, 12, 2, 7, 0, 1, : 11, 4, 5, 1, 5, 2, 2, 21, 1, 14, 1, 1, 4, 1, 12, 2, 7, 1, 
8: 0, 1, 3, 1, 0, 12, 3, 6, 9, 0, 0, 0, 10, 0, 0, 0, 3, 0, 0, 5, 0, 4, 0, 3, 0, 1, 9, 0, 2, 1, 7, 0, 0, 0, 0, 0, 3, 2, 1, 2, : 1, 3, 1, 12, 3, 6, 9, 10, 3, 5, 4, 3, 1, 9, 2, 1, 7, 3, 2, 1, 2, 
20: 4, 4, 0, 0, 4, 0, 4, 4, 0, 3, 0, 0, 11, 0, 0, 0, 1, 1, 0, 4, 0, 1, 5, 1, 3, 2, 1, 0, 0, 0, 0, 3, 1, 0, 0, 0, 1, 0, 14, 1, : 4, 4, 4, 4, 4, 3, 11, 1, 1, 4, 1, 5, 1, 3, 2, 1, 3, 1, 1, 14, 1, 
39: 0, 0, 0, 6, 0, 0, 1, 0, 7, 0, 0, 0, 6, 1, 4, 9, 0, 8, 4, 0, 10, 2, 0, 9, 5, 0, 0, 0, 4, 0, 6, 5, 1, 0, 0, 9, 1, 3, 5, 3, : 6, 1, 7, 6, 1, 4, 9, 8, 4, 10, 2, 9, 5, 4, 6, 5, 1, 9, 1, 3, 5, 3, 
4: 0, 6, 14, 3, 5, 3, 2, 0, 12, 0, 0, 7, 6, 0, 0, 1, 2, 0, 2, 20, 13, 5, 5, 1, 0, 11, 5, 1, 2, 0, 5, 0, 5, 0, 0, 4, 1, 3, 5, 1, : 6, 14, 3, 5, 3, 2, 12, 7, 6, 1, 2, 2, 20, 13, 5, 5, 1, 11, 5, 1, 2, 5, 5, 4, 1, 3, 5, 1, 
1: 26, 0, 0, 14, 0, 3, 0, 0, 18, 1, 4, 0, 0, 0, 3, 6, 0, 12, 2, 6, 0, 3, 3, 0, 14, 6, 7, 0, 5, 11, 0, 5, 3, 1, 3, 0, 2, 15, 2, 0, : 26, 14, 3, 18, 1, 4, 3, 6, 12, 2, 6, 3, 3, 14, 6, 7, 5, 11, 5, 3, 1, 3, 2, 15, 2, 
28: 8, 6, 0, 0, 0, 0, 0, 0, 2, 5, 1, 5, 2, 3, 0, 6, 8, 0, 2, 0, 0, 0, 15, 0, 9, 2, 6, 0, 0, 7, 0, 0, 21, 0, 3, 0, 10, 12, 1, 16, : 8, 6, 2, 5, 1, 5, 2, 3, 6, 8, 2, 15, 9, 2, 6, 7, 21, 3, 10, 12, 1, 16, 
37: 0, 12, 2, 3, 11, 1, 0, 18, 1, 0, 6, 0, 5, 8, 0, 0, 3, 0, 3, 0, 4, 16, 0, 4, 2, 0, 5, 0, 0, 1, 11, 0, 3, 7, 1, 11, 0, 6, 14, 1, : 12, 2, 3, 11, 1, 18, 1, 6, 5, 8, 3, 3, 4, 16, 4, 2, 5, 1, 11, 3, 7, 1, 11, 6, 14, 1, 
24: 1, 14, 4, 0, 9, 0, 3, 0, 0, 0, 12, 16, 0, 7, 7, 0, 2, 0, 0, 0, 2, 2, 0, 5, 3, 0, 0, 0, 0, 8, 14, 0, 5, 1, 10, 8, 13, 0, 0, 7, : 1, 14, 4, 9, 3, 12, 16, 7, 7, 2, 2, 2, 5, 3, 8, 14, 5, 1, 10, 8, 13, 7, 
5: 0, 0, 2, 0, 0, 2, 19, 0, 7, 2, 0, 0, 0, 0, 0, 0, 14, 6, 8, 10, 0, 0, 0, 23, 0, 4, 0, 9, 0, 1, 1, 0, 1, 0, 6, 0, 5, 0, 1, 1, : 2, 2, 19, 7, 2, 14, 6, 8, 10, 23, 4, 9, 1, 1, 1, 6, 5, 1, 1, 
40: 0, 0, 0, 2, 4, 3, 0, 5, 0, 0, 5, 0, 0, 0, 2, 0, 9, 11, 3, 0, 0, 7, 21, 0, 6, 0, 0, 0, 16, 0, 0, 14, 1, 11, 0, 9, 1, 0, 0, 0, : 2, 4, 3, 5, 5, 2, 9, 11, 3, 7, 21, 6, 16, 14, 1, 11, 9, 1, 
32: 15, 6, 0, 16, 5, 2, 0, 6, 0, 8, 4, 0, 0, 7, 0, 0, 14, 0, 4, 5, 0, 5, 0, 0, 14, 17, 1, 2, 4, 0, 0, 7, 4, 10, 2, 0, 3, 0, 1, 2, : 15, 6, 16, 5, 2, 6, 8, 4, 7, 14, 4, 5, 5, 14, 17, 1, 2, 4, 7, 4, 10, 2, 3, 1, 2, 
23: 0, 0, 0, 1, 18, 5, 0, 8, 6, 0, 0, 2, 3, 0, 3, 1, 6, 7, 13, 0, 0, 0, 0, 0, 4, 1, 1, 0, 1, 0, 0, 0, 4, 6, 13, 0, 1, 0, 11, 3, : 1, 18, 5, 8, 6, 2, 3, 3, 1, 6, 7, 13, 4, 1, 1, 1, 4, 6, 13, 1, 11, 3, 
17: 0, 0, 24, 1, 2, 24, 4, 0, 1, 2, 0, 0, 0, 0, 0, 0, 0, 9, 4, 0, 10, 6, 0, 0, 0, 0, 1, 0, 0, 0, 4, 3, 8, 12, 0, 1, 2, 0, 0, 9, : 24, 1, 2, 24, 4, 1, 2, 9, 4, 10, 6, 1, 4, 3, 8, 12, 1, 2, 9, 


2: 0, 0, 0, 0, 3, 7, 0, 0, 0, 0, 0, 0, 4, 0, 0, 0, 0, 0, 2, 9, 5, 2, 0, 4, 1, 15, 3, 13, 11, 3, 0, 1, 0, 13, 0, 0, 0, 9, 3, 0, : 3, 7, 4, 2, 9, 5, 2, 4, 1, 15, 3, 13, 11, 3, 1, 13, 9, 3, 
15: 0, 0, 0, 1, 0, 6, 0, 1, 4, 5, 4, 0, 0, 1, 15, 2, 0, 14, 17, 11, 0, 1, 0, 13, 19, 2, 4, 5, 4, 0, 0, 3, 8, 19, 1, 0, 0, 1, 4, 0, : 1, 6, 1, 4, 5, 4, 1, 15, 2, 14, 17, 11, 1, 13, 19, 2, 4, 5, 4, 3, 8, 19, 1, 1, 4, 
29: 2, 2, 0, 0, 7, 7, 0, 4, 9, 24, 9, 0, 12, 1, 0, 1, 1, 4, 5, 0, 0, 2, 0, 4, 3, 2, 3, 0, 0, 2, 13, 0, 1, 0, 0, 12, 12, 2, 2, 0, : 2, 2, 7, 7, 4, 9, 24, 9, 12, 1, 1, 1, 4, 5, 2, 4, 3, 2, 3, 2, 13, 1, 12, 12, 2, 2, 
26: 0, 1, 4, 0, 1, 1, 0, 0, 0, 0, 0, 0, 6, 0, 2, 1, 11, 0, 0, 10, 3, 3, 0, 0, 0, 1, 2, 14, 0, 0, 5, 0, 7, 7, 8, 0, 0, 3, 7, 0, : 1, 4, 1, 1, 6, 2, 1, 11, 10, 3, 3, 1, 2, 14, 5, 7, 7, 8, 3, 7, 
12: 0, 1, 8, 0, 2, 0, 1, 9, 0, 0, 0, 4, 13, 0, 0, 0, 0, 1, 0, 0, 0, 2, 0, 7, 2, 14, 13, 0, 14, 0, 0, 2, 1, 9, 14, 0, 0, 4, 3, 0, : 1, 8, 2, 1, 9, 4, 13, 1, 2, 7, 2, 14, 13, 14, 2, 1, 9, 14, 4, 3, 
16: 9, 0, 0, 0, 0, 1, 1, 0, 2, 0, 28, 4, 0, 11, 4, 14, 0, 0, 0, 0, 0, 3, 6, 5, 11, 0, 4, 0, 0, 6, 0, 4, 1, 0, 0, 3, 0, 1, 1, 0, : 9, 1, 1, 2, 28, 4, 11, 4, 14, 3, 6, 5, 11, 4, 6, 4, 1, 3, 1, 1, 
35: 17, 0, 0, 4, 1, 7, 0, 1, 0, 13, 0, 0, 0, 1, 3, 0, 6, 4, 6, 12, 0, 0, 3, 6, 4, 0, 5, 0, 7, 0, 6, 2, 1, 0, 0, 0, 0, 2, 0, 0, : 17, 4, 1, 7, 1, 13, 1, 3, 6, 4, 6, 12, 3, 6, 4, 5, 7, 6, 2, 1, 2, 
36: 5, 3, 0, 0, 5, 2, 5, 5, 8, 0, 2, 3, 0, 0, 3, 0, 0, 13, 13, 1, 2, 15, 0, 0, 0, 5, 7, 6, 0, 8, 0, 16, 2, 0, 11, 0, 5, 1, 0, 23, : 5, 3, 5, 2, 5, 5, 8, 2, 3, 3, 13, 13, 1, 2, 15, 5, 7, 6, 8, 16, 2, 11, 5, 1, 23, 
7: 0, 0, 0, 0, 7, 19, 13, 5, 0, 0, 0, 15, 0, 0, 0, 7, 0, 0, 0, 1, 1, 1, 2, 1, 2, 0, 0, 0, 0, 0, 0, 4, 0, 0, 5, 0, 0, 1, 0, 0, : 7, 19, 13, 5, 15, 7, 1, 1, 1, 2, 1, 2, 4, 5, 1, 
27: 7, 4, 4, 1, 0, 0, 0, 3, 6, 4, 0, 0, 4, 4, 0, 0, 9, 16, 3, 6, 13, 1, 1, 0, 4, 0, 6, 4, 0, 2, 0, 2, 0, 0, 8, 0, 0, 3, 1, 7, : 7, 4, 4, 1, 3, 6, 4, 4, 4, 9, 16, 3, 6, 13, 1, 1, 4, 6, 4, 2, 2, 8, 3, 1, 7, 
10: 0, 3, 0, 0, 4, 1, 10, 4, 0, 7, 8, 10, 6, 2, 0, 0, 0, 1, 0, 3, 0, 20, 0, 0, 1, 4, 0, 8, 0, 16, 8, 7, 13, 0, 0, 4, 0, 8, 22, 0, : 3, 4, 1, 10, 4, 7, 8, 10, 6, 2, 1, 3, 20, 1, 4, 8, 16, 8, 7, 13, 4, 8, 22, 
18: 2, 1, 1, 0, 2, 4, 0, 3, 12, 6, 0, 3, 1, 0, 0, 18, 4, 0, 1, 10, 2, 5, 18, 1, 0, 0, 1, 1, 0, 2, 0, 0, 1, 0, 18, 0, 0, 2, 2, 23, : 2, 1, 1, 2, 4, 3, 12, 6, 3, 1, 18, 4, 1, 10, 2, 5, 18, 1, 1, 1, 2, 1, 18, 2, 2, 23, 
19: 7, 0, 6, 5, 2, 0, 9, 0, 0, 3, 0, 3, 5, 20, 11, 1, 0, 0, 0, 0, 1, 0, 1, 0, 0, 0, 0, 0, 0, 18, 1, 0, 12, 0, 0, 12, 0, 3, 2, 5, : 7, 6, 5, 2, 9, 3, 3, 5, 20, 11, 1, 1, 1, 18, 1, 12, 12, 3, 2, 5, 
3: 10, 25, 0, 14, 6, 1, 1, 5, 20, 0, 0, 5, 0, 6, 5, 20, 6, 0, 0, 0, 9, 2, 8, 0, 0, 0, 1, 5, 0, 2, 0, 0, 0, 0, 0, 0, 19, 4, 0, 0, : 10, 25, 14, 6, 1, 1, 5, 20, 5, 6, 5, 20, 6, 9, 2, 8, 1, 5, 2, 19, 4, 
9: 3, 10, 1, 7, 6, 0, 8, 5, 0, 0, 0, 0, 2, 0, 3, 1, 2, 0, 0, 0, 15, 2, 0, 0, 3, 2, 3, 0, 0, 1, 0, 8, 1, 8, 0, 19, 0, 1, 9, 0, : 3, 10, 1, 7, 6, 8, 5, 2, 3, 1, 2, 15, 2, 3, 2, 3, 1, 8, 1, 8, 19, 1, 9, 
31: 0, 0, 6, 0, 2, 2, 0, 6, 1, 0, 0, 9, 2, 19, 2, 0, 26, 0, 15, 1, 3, 0, 20, 5, 5, 4, 0, 0, 20, 0, 14, 9, 14, 1, 0, 4, 1, 2, 2, 0, : 6, 2, 2, 6, 1, 9, 2, 19, 2, 26, 15, 1, 3, 20, 5, 5, 4, 20, 14, 9, 14, 1, 4, 1, 2, 2, 
30: 2, 0, 23, 2, 4, 0, 2, 2, 0, 0, 0, 7, 0, 0, 0, 0, 0, 0, 0, 0, 3, 5, 5, 2, 0, 1, 0, 1, 0, 4, 11, 4, 2, 0, 0, 6, 7, 5, 0, 0, : 2, 23, 2, 4, 2, 2, 7, 3, 5, 5, 2, 1, 1, 4, 11, 4, 2, 6, 7, 5, 
34: 0, 0, 3, 3, 3, 0, 2, 2, 0, 0, 0, 2, 0, 0, 17, 0, 0, 1, 0, 0, 0, 1, 0, 1, 0, 0, 1, 4, 0, 1, 0, 2, 1, 8, 0, 0, 0, 3, 1, 3, : 3, 3, 3, 2, 2, 2, 17, 1, 1, 1, 1, 4, 1, 2, 1, 8, 3, 1, 3, 
6: 1, 8, 0, 0, 9, 0, 6, 4, 3, 0, 14, 0, 0, 0, 0, 0, 0, 9, 3, 0, 7, 0, 0, 7, 10, 15, 4, 3, 5, 0, 6, 0, 0, 0, 0, 4, 20, 2, 4, 4, : 1, 8, 9, 6, 4, 3, 14, 9, 3, 7, 7, 10, 15, 4, 3, 5, 6, 4, 20, 2, 4, 4, 
14: 0, 7, 9, 28, 1, 7, 7, 6, 0, 3, 0, 0, 10, 0, 0, 0, 0, 2, 0, 1, 1, 0, 1, 9, 0, 0, 8, 1, 4, 0, 1, 1, 0, 0, 0, 1, 1, 8, 2, 0, : 7, 9, 28, 1, 7, 7, 6, 3, 10, 2, 1, 1, 1, 9, 8, 1, 4, 1, 1, 1, 1, 8, 2, 


