
20
20
65
1

18: 0, 0, 0, 0, 6, 0, 8, 16, 0, 5, 0, 2, 1, 5, 0, 10, 3, 0, 2, 3, : 6, 8, 16, 5, 2, 1, 5, 10, 3, 2, 3, 
12: 11, 0, 0, 3, 4, 4, 2, 0, 11, 0, 13, 0, 11, 0, 19, 0, 2, 10, 19, 0, : 11, 3, 4, 4, 2, 11, 13, 11, 19, 2, 10, 19, 
1: 0, 0, 1, 9, 0, 1, 7, 4, 0, 0, 3, 0, 0, 2, 4, 0, 14, 0, 0, 0, : 1, 9, 1, 7, 4, 3, 2, 4, 14, 
9: 0, 0, 1, 3, 0, 12, 19, 11, 1, 10, 0, 0, 0, 4, 11, 19, 0, 0, 0, 0, : 1, 3, 12, 19, 11, 1, 10, 4, 11, 19, 
3: 24, 0, 3, 6, 2, 4, 6, 0, 1, 0, 0, 12, 17, 1, 3, 19, 5, 2, 0, 7, : 24, 3, 6, 2, 4, 6, 1, 12, 17, 1, 3, 19, 5, 2, 7, 
5: 0, 0, 0, 0, 21, 0, 0, 0, 2, 0, 0, 3, 6, 0, 1, 0, 0, 1, 0, 2, : 21, 2, 3, 6, 1, 1, 2, 
15: 0, 1, 7, 0, 10, 0, 1, 0, 0, 7, 25, 10, 0, 12, 0, 2, 0, 11, 0, 0, : 1, 7, 10, 1, 7, 25, 10, 12, 2, 11, 
20: 0, 7, 7, 0, 7, 4, 5, 0, 3, 10, 3, 1, 6, 0, 0, 3, 0, 15, 0, 0, : 7, 7, 7, 4, 5, 3, 10, 3, 1, 6, 3, 15, 
11: 1, 2, 8, 12, 1, 0, 0, 1, 12, 13, 1, 3, 1, 5, 3, 7, 1, 5, 3, 5, : 1, 2, 8, 12, 1, 1, 12, 13, 1, 3, 1, 5, 3, 7, 1, 5, 3, 5, 
14: 0, 2, 1, 1, 0, 0, 2, 5, 0, 0, 18, 0, 0, 18, 0, 0, 0, 1, 9, 9, : 2, 1, 1, 2, 5, 18, 18, 1, 9, 9, 
13: 0, 6, 0, 12, 0, 0, 0, 0, 2, 1, 0, 3, 1, 2, 0, 1, 0, 0, 11, 1, : 6, 12, 2, 1, 3, 1, 2, 1, 11, 1, 
6: 0, 0, 1, 0, 5, 0, 0, 0, 8, 1, 0, 11, 1, 0, 0, 0, 15, 2, 1, 22, : 1, 5, 8, 1, 11, 1, 15, 2, 1, 22, 
2: 0, 13, 3, 0, 0, 8, 5, 7, 0, 0, 0, 4, 0, 9, 0, 0, 0, 5, 0, 1, : 13, 3, 8, 5, 7, 4, 9, 5, 1, 
17: 0, 5, 6, 0, 0, 0, 3, 9, 4, 0, 2, 2, 1, 0, 12, 0, 0, 7, 0, 2, : 5, 6, 3, 9, 4, 2, 2, 1, 12, 7, 2, 
16: 10, 3, 9, 3, 1, 7, 4, 1, 8, 5, 0, 0, 0, 0, 0, 0, 0, 1, 0, 0, : 10, 3, 9, 3, 1, 7, 4, 1, 8, 5, 1, 
19: 19, 8, 3, 4, 4, 25, 1, 0, 0, 10, 0, 1, 0, 0, 0, 0, 0, 3, 0, 12, : 19, 8, 3, 4, 4, 25, 1, 10, 1, 3, 12, 
7: 0, 0, 1, 0, 4, 0, 0, 4, 3, 1, 0, 0, 5, 0, 0, 0, 0, 1, 4, 1, : 1, 4, 4, 3, 1, 5, 1, 4, 1, 
8: 0, 0, 2, 11, 0, 0, 1, 0, 6, 2, 0, 3, 0, 0, 9, 0, 6, 0, 0, 0, : 2, 11, 1, 6, 2, 3, 9, 6, 
4: 0, 18, 3, 0, 0, 0, 1, 7, 4, 0, 0, 9, 13, 0, 1, 0, 13, 1, 6, 0, : 18, 3, 1, 7, 4, 9, 13, 1, 13, 1, 6, 
10: 0, 0, 9, 1, 0, 0, 0, 0, 0, 0, 0, 1, 2, 7, 2, 4, 6, 0, 10, 0, : 9, 1, 1, 2, 7, 2, 4, 6, 10, 


