
20
100
65
5

37: 0, 2, 0, 14, 0, 1, 0, 1, 0, 2, 0, 0, 4, 1, 6, 0, 0, 0, 7, 0, : 2, 14, 1, 1, 2, 4, 1, 6, 7, 
83: 9, 7, 16, 0, 1, 0, 1, 16, 7, 2, 0, 0, 7, 0, 8, 7, 7, 0, 0, 6, : 9, 7, 16, 1, 1, 16, 7, 2, 7, 8, 7, 7, 6, 
67: 2, 28, 0, 2, 1, 10, 18, 0, 16, 1, 5, 0, 2, 0, 0, 1, 0, 0, 0, 0, : 2, 28, 2, 1, 10, 18, 16, 1, 5, 2, 1, 
87: 0, 1, 0, 0, 0, 0, 0, 0, 5, 8, 0, 0, 0, 23, 0, 13, 0, 7, 6, 0, : 1, 5, 8, 23, 13, 7, 6, 
30: 0, 0, 0, 4, 0, 3, 16, 1, 2, 0, 0, 2, 0, 4, 18, 3, 0, 0, 16, 0, : 4, 3, 16, 1, 2, 2, 4, 18, 3, 16, 
47: 3, 2, 0, 0, 0, 8, 6, 14, 0, 3, 0, 0, 2, 0, 4, 5, 23, 0, 5, 0, : 3, 2, 8, 6, 14, 3, 2, 4, 5, 23, 5, 
69: 0, 1, 0, 5, 0, 1, 0, 2, 0, 0, 17, 19, 17, 0, 1, 2, 5, 12, 7, 0, : 1, 5, 1, 2, 17, 19, 17, 1, 2, 5, 12, 7, 
73: 3, 1, 22, 2, 0, 0, 0, 0, 18, 5, 7, 0, 0, 0, 0, 1, 0, 0, 7, 0, : 3, 1, 22, 2, 18, 5, 7, 1, 7, 
25: 8, 3, 0, 0, 8, 0, 0, 8, 0, 0, 0, 0, 0, 0, 0, 1, 1, 0, 2, 1, : 8, 3, 8, 8, 1, 1, 2, 1, 
97: 0, 3, 2, 4, 23, 12, 2, 1, 0, 6, 0, 0, 0, 0, 0, 3, 8, 2, 0, 6, : 3, 2, 4, 23, 12, 2, 1, 6, 3, 8, 2, 6, 
68: 0, 1, 0, 2, 0, 7, 0, 5, 0, 3, 0, 2, 0, 0, 0, 6, 0, 1, 0, 0, : 1, 2, 7, 5, 3, 2, 6, 1, 
22: 16, 4, 0, 6, 16, 2, 0, 3, 0, 2, 7, 1, 0, 0, 0, 0, 0, 0, 0, 18, : 16, 4, 6, 16, 2, 3, 2, 7, 1, 18, 
32: 9, 1, 6, 18, 0, 0, 0, 0, 0, 1, 2, 8, 4, 0, 0, 0, 4, 17, 3, 7, : 9, 1, 6, 18, 1, 2, 8, 4, 4, 17, 3, 7, 
36: 2, 0, 15, 1, 0, 1, 0, 3, 2, 5, 0, 2, 0, 20, 0, 3, 0, 3, 3, 11, : 2, 15, 1, 1, 3, 2, 5, 2, 20, 3, 3, 3, 11, 
24: 2, 1, 3, 2, 9, 10, 0, 0, 2, 3, 0, 26, 10, 14, 7, 14, 0, 0, 0, 0, : 2, 1, 3, 2, 9, 10, 2, 3, 26, 10, 14, 7, 14, 
55: 0, 4, 1, 1, 4, 4, 6, 5, 11, 1, 12, 0, 6, 0, 10, 0, 15, 0, 0, 8, : 4, 1, 1, 4, 4, 6, 5, 11, 1, 12, 6, 10, 15, 8, 
43: 0, 0, 0, 2, 0, 2, 11, 6, 2, 0, 10, 0, 0, 3, 0, 4, 0, 0, 0, 6, : 2, 2, 11, 6, 2, 10, 3, 4, 6, 
77: 2, 2, 0, 0, 3, 3, 5, 0, 0, 5, 1, 2, 5, 0, 0, 0, 0, 0, 0, 0, : 2, 2, 3, 3, 5, 5, 1, 2, 5, 
39: 0, 3, 0, 2, 0, 0, 0, 0, 0, 14, 4, 2, 8, 0, 8, 0, 2, 3, 0, 1, : 3, 2, 14, 4, 2, 8, 8, 2, 3, 1, 
82: 9, 1, 0, 0, 0, 1, 0, 0, 0, 4, 0, 1, 0, 0, 3, 2, 0, 20, 9, 1, : 9, 1, 1, 4, 1, 3, 2, 20, 9, 1, 


85: 6, 2, 0, 1, 0, 0, 5, 0, 0, 7, 0, 0, 0, 1, 25, 1, 0, 1, 0, 0, : 6, 2, 1, 5, 7, 1, 25, 1, 1, 
21: 3, 12, 0, 3, 7, 0, 13, 1, 21, 1, 3, 0, 5, 0, 0, 13, 0, 0, 0, 11, : 3, 12, 3, 7, 13, 1, 21, 1, 3, 5, 13, 11, 
84: 0, 0, 1, 3, 3, 13, 3, 0, 16, 5, 3, 4, 9, 9, 0, 0, 0, 0, 0, 1, : 1, 3, 3, 13, 3, 16, 5, 3, 4, 9, 9, 1, 
70: 0, 0, 0, 1, 0, 4, 2, 12, 0, 21, 0, 0, 0, 0, 0, 0, 0, 17, 5, 25, : 1, 4, 2, 12, 21, 17, 5, 25, 
17: 0, 0, 0, 1, 1, 2, 0, 10, 0, 20, 0, 0, 1, 0, 0, 0, 0, 0, 4, 9, : 1, 1, 2, 10, 20, 1, 4, 9, 
33: 0, 12, 2, 17, 0, 0, 1, 1, 1, 1, 14, 0, 2, 0, 0, 0, 11, 2, 0, 12, : 12, 2, 17, 1, 1, 1, 1, 14, 2, 11, 2, 12, 
94: 0, 0, 3, 1, 0, 12, 9, 7, 0, 0, 11, 10, 0, 2, 0, 0, 3, 6, 0, 0, : 3, 1, 12, 9, 7, 11, 10, 2, 3, 6, 
34: 21, 23, 0, 5, 2, 2, 0, 0, 0, 1, 0, 4, 0, 23, 2, 0, 0, 5, 4, 0, : 21, 23, 5, 2, 2, 1, 4, 23, 2, 5, 4, 
3: 1, 0, 12, 3, 0, 0, 3, 5, 0, 1, 0, 0, 0, 0, 9, 21, 0, 0, 0, 0, : 1, 12, 3, 3, 5, 1, 9, 21, 
62: 0, 0, 8, 1, 16, 1, 1, 1, 0, 0, 0, 0, 8, 3, 0, 0, 6, 0, 0, 0, : 8, 1, 16, 1, 1, 1, 8, 3, 6, 
11: 0, 0, 0, 2, 0, 0, 3, 7, 0, 0, 0, 8, 0, 0, 0, 0, 9, 5, 0, 0, : 2, 3, 7, 8, 9, 5, 
7: 0, 0, 10, 3, 1, 3, 0, 0, 10, 0, 1, 18, 12, 2, 20, 0, 0, 0, 2, 0, : 10, 3, 1, 3, 10, 1, 18, 12, 2, 20, 2, 
74: 12, 0, 11, 1, 16, 4, 2, 0, 0, 1, 3, 2, 10, 0, 0, 15, 7, 9, 0, 0, : 12, 11, 1, 16, 4, 2, 1, 3, 2, 10, 15, 7, 9, 
44: 0, 0, 7, 10, 0, 5, 4, 8, 9, 1, 5, 0, 2, 0, 0, 3, 0, 12, 16, 5, : 7, 10, 5, 4, 8, 9, 1, 5, 2, 3, 12, 16, 5, 
19: 3, 0, 0, 1, 0, 6, 2, 4, 0, 1, 9, 7, 7, 1, 0, 0, 10, 0, 8, 0, : 3, 1, 6, 2, 4, 1, 9, 7, 7, 1, 10, 8, 
57: 12, 0, 0, 1, 0, 0, 15, 7, 0, 0, 0, 1, 2, 24, 8, 0, 0, 0, 0, 0, : 12, 1, 15, 7, 1, 2, 24, 8, 
60: 0, 0, 0, 3, 0, 4, 1, 0, 0, 0, 4, 7, 0, 0, 0, 0, 14, 2, 0, 1, : 3, 4, 1, 4, 7, 14, 2, 1, 
71: 1, 0, 0, 4, 14, 2, 0, 0, 0, 2, 6, 0, 4, 0, 1, 0, 2, 0, 17, 0, : 1, 4, 14, 2, 2, 6, 4, 1, 2, 17, 
50: 6, 16, 10, 3, 3, 0, 0, 2, 0, 2, 0, 4, 2, 0, 0, 0, 0, 0, 0, 0, : 6, 16, 10, 3, 3, 2, 2, 4, 2, 
4: 0, 0, 1, 1, 2, 7, 1, 0, 8, 1, 6, 0, 1, 0, 0, 12, 3, 6, 9, 1, : 1, 1, 2, 7, 1, 8, 1, 6, 1, 12, 3, 6, 9, 1, 


91: 0, 1, 0, 0, 1, 7, 4, 3, 0, 3, 1, 0, 0, 7, 17, 14, 0, 1, 4, 0, : 1, 1, 7, 4, 3, 3, 1, 7, 17, 14, 1, 4, 
12: 3, 4, 0, 6, 23, 3, 0, 1, 0, 11, 0, 0, 22, 5, 1, 0, 0, 1, 0, 9, : 3, 4, 6, 23, 3, 1, 11, 22, 5, 1, 1, 9, 
13: 1, 0, 0, 0, 0, 3, 0, 15, 0, 2, 0, 0, 0, 0, 3, 4, 0, 6, 0, 0, : 1, 3, 15, 2, 3, 4, 6, 
29: 0, 2, 0, 0, 0, 0, 0, 0, 0, 28, 25, 0, 0, 9, 8, 1, 0, 1, 6, 0, : 2, 28, 25, 9, 8, 1, 1, 6, 
14: 7, 0, 0, 14, 0, 3, 0, 6, 7, 0, 0, 0, 0, 0, 0, 1, 2, 8, 1, 0, : 7, 14, 3, 6, 7, 1, 2, 8, 1, 
2: 0, 0, 1, 5, 0, 0, 2, 0, 2, 0, 3, 0, 0, 8, 0, 0, 6, 14, 2, 7, : 1, 5, 2, 2, 3, 8, 6, 14, 2, 7, 
40: 1, 0, 0, 2, 0, 0, 5, 5, 11, 0, 1, 13, 0, 3, 0, 0, 6, 0, 0, 1, : 1, 2, 5, 5, 11, 1, 13, 3, 6, 1, 
88: 2, 0, 6, 0, 7, 1, 23, 0, 0, 4, 2, 4, 0, 0, 3, 0, 0, 0, 14, 0, : 2, 6, 7, 1, 23, 4, 2, 4, 3, 14, 
59: 14, 10, 4, 10, 0, 0, 14, 5, 0, 0, 1, 0, 6, 0, 0, 2, 0, 7, 0, 6, : 14, 10, 4, 10, 14, 5, 1, 6, 2, 7, 6, 
10: 1, 3, 0, 7, 18, 0, 5, 0, 0, 0, 0, 5, 0, 0, 0, 4, 2, 1, 0, 1, : 1, 3, 7, 18, 5, 5, 4, 2, 1, 1, 
99: 0, 8, 13, 0, 0, 16, 1, 4, 19, 0, 0, 0, 1, 0, 0, 4, 20, 3, 6, 0, : 8, 13, 16, 1, 4, 19, 1, 4, 20, 3, 6, 
78: 1, 1, 12, 3, 5, 1, 0, 8, 8, 0, 1, 0, 0, 2, 9, 0, 6, 2, 8, 1, : 1, 1, 12, 3, 5, 1, 8, 8, 1, 2, 9, 6, 2, 8, 1, 
96: 4, 0, 0, 6, 0, 0, 0, 4, 0, 0, 0, 17, 0, 3, 0, 0, 0, 0, 13, 5, : 4, 6, 4, 17, 3, 13, 5, 
5: 22, 8, 18, 2, 4, 1, 0, 0, 0, 2, 2, 2, 16, 2, 24, 0, 9, 3, 0, 5, : 22, 8, 18, 2, 4, 1, 2, 2, 2, 16, 2, 24, 9, 3, 5, 
93: 2, 0, 0, 6, 0, 28, 0, 0, 0, 0, 13, 20, 0, 4, 0, 0, 3, 0, 5, 1, : 2, 6, 28, 13, 20, 4, 3, 5, 1, 
1: 0, 0, 0, 0, 2, 1, 3, 0, 0, 1, 3, 0, 0, 1, 0, 0, 0, 13, 0, 5, : 2, 1, 3, 1, 3, 1, 13, 5, 
66: 0, 0, 9, 1, 3, 0, 1, 0, 0, 0, 0, 0, 0, 0, 0, 17, 7, 1, 0, 3, : 9, 1, 3, 1, 17, 7, 1, 3, 
26: 4, 1, 2, 0, 2, 0, 0, 1, 14, 0, 13, 0, 20, 21, 0, 12, 3, 0, 0, 14, : 4, 1, 2, 2, 1, 14, 13, 20, 21, 12, 3, 14, 
76: 0, 27, 0, 2, 0, 1, 1, 11, 0, 0, 0, 0, 0, 0, 0, 0, 1, 4, 3, 6, : 27, 2, 1, 1, 11, 1, 4, 3, 6, 
61: 3, 0, 0, 1, 0, 0, 6, 2, 4, 14, 0, 4, 0, 0, 0, 6, 0, 0, 3, 1, : 3, 1, 6, 2, 4, 14, 4, 6, 3, 1, 


46: 0, 0, 0, 14, 0, 0, 4, 9, 0, 2, 0, 2, 0, 0, 5, 12, 7, 0, 8, 10, : 14, 4, 9, 2, 2, 5, 12, 7, 8, 10, 
35: 0, 0, 4, 8, 9, 1, 0, 1, 0, 7, 8, 13, 1, 3, 4, 0, 8, 2, 1, 0, : 4, 8, 9, 1, 1, 7, 8, 13, 1, 3, 4, 8, 2, 1, 
16: 0, 6, 0, 1, 0, 1, 0, 2, 0, 0, 4, 1, 0, 3, 3, 0, 0, 0, 1, 1, : 6, 1, 1, 2, 4, 1, 3, 3, 1, 1, 
27: 0, 4, 0, 3, 12, 3, 0, 0, 1, 0, 5, 2, 0, 4, 4, 0, 4, 0, 1, 4, : 4, 3, 12, 3, 1, 5, 2, 4, 4, 4, 1, 4, 
75: 0, 0, 3, 0, 0, 0, 6, 5, 3, 0, 0, 0, 0, 15, 2, 0, 0, 14, 2, 8, : 3, 6, 5, 3, 15, 2, 14, 2, 8, 
42: 0, 1, 8, 0, 0, 0, 0, 1, 0, 0, 5, 5, 9, 0, 0, 2, 11, 0, 0, 0, : 1, 8, 1, 5, 5, 9, 2, 11, 
41: 0, 19, 11, 1, 0, 6, 28, 0, 0, 6, 0, 0, 3, 0, 2, 0, 2, 5, 16, 0, : 19, 11, 1, 6, 28, 6, 3, 2, 2, 5, 16, 
49: 0, 6, 0, 0, 0, 0, 0, 2, 0, 0, 15, 8, 0, 0, 8, 3, 1, 6, 0, 8, : 6, 2, 15, 8, 8, 3, 1, 6, 8, 
9: 13, 2, 6, 0, 0, 0, 2, 0, 0, 6, 0, 1, 6, 11, 2, 0, 1, 3, 0, 0, : 13, 2, 6, 2, 6, 1, 6, 11, 2, 1, 3, 
80: 0, 2, 7, 3, 2, 26, 8, 0, 0, 3, 2, 2, 0, 3, 0, 0, 0, 0, 1, 21, : 2, 7, 3, 2, 26, 8, 3, 2, 2, 3, 1, 21, 
51: 0, 10, 0, 2, 23, 6, 1, 0, 5, 0, 0, 4, 9, 15, 8, 0, 5, 7, 7, 1, : 10, 2, 23, 6, 1, 5, 4, 9, 15, 8, 5, 7, 7, 1, 
89: 0, 0, 2, 10, 0, 5, 1, 16, 8, 0, 0, 4, 0, 4, 2, 0, 3, 1, 7, 0, : 2, 10, 5, 1, 16, 8, 4, 4, 2, 3, 1, 7, 
15: 0, 9, 0, 2, 0, 4, 0, 0, 0, 21, 17, 2, 1, 0, 3, 21, 5, 1, 0, 6, : 9, 2, 4, 21, 17, 2, 1, 3, 21, 5, 1, 6, 
20: 0, 1, 0, 1, 6, 2, 0, 1, 0, 13, 3, 5, 0, 0, 4, 1, 0, 17, 0, 0, : 1, 1, 6, 2, 1, 13, 3, 5, 4, 1, 17, 
56: 10, 0, 0, 5, 0, 1, 1, 0, 11, 0, 0, 2, 0, 0, 1, 0, 0, 1, 1, 5, : 10, 5, 1, 1, 11, 2, 1, 1, 1, 5, 
72: 1, 3, 11, 2, 2, 5, 3, 0, 11, 0, 0, 10, 26, 0, 0, 0, 0, 0, 4, 0, : 1, 3, 11, 2, 2, 5, 3, 11, 10, 26, 4, 
31: 0, 0, 13, 4, 2, 0, 9, 6, 6, 1, 1, 0, 0, 0, 1, 4, 0, 0, 0, 0, : 13, 4, 2, 9, 6, 6, 1, 1, 1, 4, 
92: 18, 1, 0, 3, 2, 2, 0, 10, 8, 6, 4, 2, 3, 7, 5, 0, 0, 0, 4, 1, : 18, 1, 3, 2, 2, 10, 8, 6, 4, 2, 3, 7, 5, 4, 1, 
53: 20, 0, 0, 2, 5, 3, 1, 12, 5, 0, 0, 0, 1, 0, 4, 0, 18, 8, 9, 0, : 20, 2, 5, 3, 1, 12, 5, 1, 4, 18, 8, 9, 
48: 3, 1, 0, 4, 2, 0, 1, 0, 7, 0, 1, 2, 6, 0, 7, 22, 0, 0, 3, 0, : 3, 1, 4, 2, 1, 7, 1, 2, 6, 7, 22, 3, 


65: 10, 0, 0, 7, 0, 0, 0, 1, 2, 0, 0, 4, 1, 5, 4, 14, 0, 0, 12, 1, : 10, 7, 1, 2, 4, 1, 5, 4, 14, 12, 1, 
79: 0, 0, 3, 16, 0, 3, 0, 0, 12, 4, 0, 0, 0, 0, 0, 13, 0, 1, 2, 14, : 3, 16, 3, 12, 4, 13, 1, 2, 14, 
54: 4, 1, 2, 15, 0, 19, 0, 11, 2, 0, 0, 0, 1, 0, 0, 2, 1, 0, 1, 17, : 4, 1, 2, 15, 19, 11, 2, 1, 2, 1, 1, 17, 
58: 2, 0, 0, 0, 8, 0, 6, 2, 0, 0, 0, 16, 0, 0, 0, 0, 4, 1, 0, 4, : 2, 8, 6, 2, 16, 4, 1, 4, 
64: 3, 2, 5, 5, 0, 0, 1, 5, 4, 9, 0, 20, 0, 0, 2, 0, 0, 1, 0, 1, : 3, 2, 5, 5, 1, 5, 4, 9, 20, 2, 1, 1, 
18: 4, 6, 0, 0, 0, 15, 1, 0, 0, 0, 2, 2, 0, 3, 0, 1, 8, 17, 0, 0, : 4, 6, 15, 1, 2, 2, 3, 1, 8, 17, 
95: 0, 11, 0, 0, 0, 0, 23, 1, 27, 0, 0, 1, 0, 4, 0, 0, 21, 0, 1, 0, : 11, 23, 1, 27, 1, 4, 21, 1, 
23: 0, 6, 0, 7, 0, 0, 10, 0, 0, 1, 0, 0, 0, 5, 0, 8, 0, 2, 0, 6, : 6, 7, 10, 1, 5, 8, 2, 6, 
100: 10, 0, 9, 4, 7, 0, 1, 1, 0, 3, 0, 1, 11, 1, 0, 0, 1, 0, 8, 0, : 10, 9, 4, 7, 1, 1, 3, 1, 11, 1, 1, 8, 
52: 0, 1, 5, 2, 0, 0, 0, 0, 3, 8, 0, 1, 9, 4, 0, 0, 13, 0, 1, 1, : 1, 5, 2, 3, 8, 1, 9, 4, 13, 1, 1, 
6: 0, 1, 6, 0, 0, 16, 0, 0, 8, 6, 12, 6, 11, 1, 0, 6, 0, 1, 3, 0, : 1, 6, 16, 8, 6, 12, 6, 11, 1, 6, 1, 3, 
63: 14, 9, 0, 0, 9, 0, 0, 1, 1, 5, 0, 0, 0, 2, 21, 3, 0, 2, 7, 0, : 14, 9, 9, 1, 1, 5, 2, 21, 3, 2, 7, 
81: 7, 3, 0, 0, 17, 0, 3, 8, 0, 4, 0, 0, 1, 6, 18, 4, 1, 8, 9, 13, : 7, 3, 17, 3, 8, 4, 1, 6, 18, 4, 1, 8, 9, 13, 
38: 3, 0, 7, 1, 3, 0, 1, 10, 4, 0, 13, 8, 22, 3, 4, 3, 0, 0, 12, 0, : 3, 7, 1, 3, 1, 10, 4, 13, 8, 22, 3, 4, 3, 12, 
28: 2, 0, 17, 0, 12, 2, 0, 0, 0, 4, 0, 1, 0, 16, 15, 6, 15, 13, 1, 0, : 2, 17, 12, 2, 4, 1, 16, 15, 6, 15, 13, 1, 
98: 1, 0, 2, 0, 0, 0, 2, 17, 0, 0, 0, 0, 3, 10, 1, 0, 0, 0, 5, 3, : 1, 2, 2, 17, 3, 10, 1, 5, 3, 
86: 0, 7, 3, 1, 0, 0, 0, 0, 0, 0, 6, 1, 5, 2, 0, 0, 1, 0, 3, 4, : 7, 3, 1, 6, 1, 5, 2, 1, 3, 4, 
90: 0, 6, 5, 6, 0, 10, 13, 3, 0, 0, 4, 0, 0, 3, 0, 1, 0, 16, 0, 0, : 6, 5, 6, 10, 13, 3, 4, 3, 1, 16, 
8: 1, 0, 1, 1, 9, 0, 3, 0, 0, 8, 21, 0, 0, 0, 0, 1, 0, 2, 0, 0, : 1, 1, 1, 9, 3, 8, 21, 1, 2, 
45: 4, 12, 0, 0, 0, 0, 1, 5, 2, 13, 7, 4, 1, 0, 0, 3, 0, 1, 0, 1, : 4, 12, 1, 5, 2, 13, 7, 4, 1, 3, 1, 1, 


