
40
100
65
5

69: 0, 0, 11, 11, 3, 9, 1, 0, 2, 0, 5, 0, 8, 7, 0, 8, 3, 0, 1, 0, 1, 12, 0, 0, 0, 6, 1, 7, 0, 14, 0, 1, 9, 9, 6, 2, 0, 0, 12, 2, : 11, 11, 3, 9, 1, 2, 5, 8, 7, 8, 3, 1, 1, 12, 6, 1, 7, 14, 1, 9, 9, 6, 2, 12, 2, 
53: 0, 26, 0, 0, 0, 0, 0, 1, 0, 0, 1, 1, 0, 0, 0, 3, 1, 0, 0, 5, 0, 4, 0, 9, 5, 0, 15, 0, 0, 1, 0, 0, 8, 0, 1, 3, 4, 7, 27, 2, : 26, 1, 1, 1, 3, 1, 5, 4, 9, 5, 15, 1, 8, 1, 3, 4, 7, 27, 2, 
46: 0, 0, 4, 0, 0, 1, 0, 5, 0, 0, 0, 2, 3, 4, 1, 4, 2, 2, 1, 0, 0, 6, 5, 0, 13, 0, 1, 0, 0, 1, 0, 0, 3, 3, 4, 5, 0, 3, 0, 5, : 4, 1, 5, 2, 3, 4, 1, 4, 2, 2, 1, 6, 5, 13, 1, 1, 3, 3, 4, 5, 3, 5, 
78: 6, 13, 0, 22, 10, 2, 0, 0, 0, 1, 0, 0, 3, 0, 1, 0, 0, 3, 3, 0, 5, 0, 2, 0, 0, 13, 5, 4, 0, 2, 0, 14, 1, 4, 3, 7, 0, 13, 0, 4, : 6, 13, 22, 10, 2, 1, 3, 1, 3, 3, 5, 2, 13, 5, 4, 2, 14, 1, 4, 3, 7, 13, 4, 
33: 6, 5, 0, 0, 1, 0, 6, 0, 5, 20, 0, 6, 0, 0, 0, 24, 1, 0, 19, 0, 2, 0, 10, 0, 2, 0, 1, 2, 24, 1, 4, 1, 10, 4, 1, 1, 0, 0, 0, 6, : 6, 5, 1, 6, 5, 20, 6, 24, 1, 19, 2, 10, 2, 1, 2, 24, 1, 4, 1, 10, 4, 1, 1, 6, 
85: 8, 13, 0, 0, 7, 0, 6, 14, 5, 1, 0, 9, 5, 16, 5, 8, 0, 0, 0, 0, 0, 0, 21, 4, 3, 0, 10, 4, 0, 1, 0, 2, 1, 2, 1, 7, 0, 0, 0, 0, : 8, 13, 7, 6, 14, 5, 1, 9, 5, 16, 5, 8, 21, 4, 3, 10, 4, 1, 2, 1, 2, 1, 7, 
9: 11, 3, 1, 2, 5, 0, 0, 2, 0, 1, 0, 0, 12, 1, 1, 9, 13, 0, 3, 22, 13, 1, 0, 6, 0, 0, 1, 5, 0, 1, 12, 0, 0, 6, 0, 5, 0, 3, 0, 5, : 11, 3, 1, 2, 5, 2, 1, 12, 1, 1, 9, 13, 3, 22, 13, 1, 6, 1, 5, 1, 12, 6, 5, 3, 5, 
31: 0, 0, 4, 0, 3, 2, 11, 0, 10, 3, 18, 0, 2, 0, 2, 1, 9, 16, 0, 0, 1, 9, 2, 5, 0, 0, 0, 0, 0, 1, 19, 16, 0, 0, 0, 7, 1, 4, 0, 3, : 4, 3, 2, 11, 10, 3, 18, 2, 2, 1, 9, 16, 1, 9, 2, 5, 1, 19, 16, 7, 1, 4, 3, 
96: 0, 0, 8, 0, 12, 0, 0, 26, 1, 3, 0, 8, 0, 0, 1, 2, 5, 0, 1, 0, 2, 8, 1, 3, 0, 23, 3, 4, 0, 0, 17, 0, 2, 1, 0, 0, 10, 0, 4, 9, : 8, 12, 26, 1, 3, 8, 1, 2, 5, 1, 2, 8, 1, 3, 23, 3, 4, 17, 2, 1, 10, 4, 9, 
67: 0, 0, 1, 0, 0, 2, 10, 0, 0, 0, 5, 4, 0, 0, 3, 0, 16, 11, 0, 0, 2, 0, 4, 10, 2, 7, 0, 11, 0, 1, 0, 8, 2, 11, 7, 12, 2, 0, 0, 1, : 1, 2, 10, 5, 4, 3, 16, 11, 2, 4, 10, 2, 7, 11, 1, 8, 2, 11, 7, 12, 2, 1, 
17: 2, 0, 2, 0, 18, 1, 5, 3, 8, 3, 8, 1, 11, 0, 0, 3, 5, 18, 7, 0, 2, 14, 1, 0, 0, 0, 1, 0, 12, 2, 1, 0, 13, 0, 14, 6, 3, 0, 2, 0, : 2, 2, 18, 1, 5, 3, 8, 3, 8, 1, 11, 3, 5, 18, 7, 2, 14, 1, 1, 12, 2, 1, 13, 14, 6, 3, 2, 
62: 0, 0, 10, 3, 2, 2, 4, 0, 2, 0, 1, 0, 2, 5, 0, 1, 2, 0, 0, 0, 2, 0, 0, 0, 8, 12, 0, 3, 0, 15, 0, 5, 0, 1, 0, 0, 5, 0, 3, 0, : 10, 3, 2, 2, 4, 2, 1, 2, 5, 1, 2, 2, 8, 12, 3, 15, 5, 1, 5, 3, 
77: 17, 0, 5, 0, 0, 3, 7, 0, 4, 2, 11, 4, 13, 1, 9, 0, 0, 0, 7, 6, 1, 0, 2, 11, 3, 0, 5, 16, 0, 0, 4, 0, 0, 5, 0, 0, 3, 0, 0, 1, : 17, 5, 3, 7, 4, 2, 11, 4, 13, 1, 9, 7, 6, 1, 2, 11, 3, 5, 16, 4, 5, 3, 1, 
92: 0, 5, 5, 15, 0, 11, 5, 2, 0, 4, 1, 0, 0, 0, 0, 0, 0, 0, 0, 0, 12, 0, 0, 0, 0, 0, 0, 0, 0, 2, 0, 3, 6, 3, 0, 1, 2, 13, 0, 9, : 5, 5, 15, 11, 5, 2, 4, 1, 12, 2, 3, 6, 3, 1, 2, 13, 9, 
18: 14, 0, 0, 4, 3, 0, 1, 0, 1, 0, 0, 4, 0, 0, 1, 1, 2, 5, 0, 9, 0, 5, 8, 0, 0, 0, 14, 0, 0, 1, 7, 7, 0, 0, 10, 1, 17, 0, 0, 0, : 14, 4, 3, 1, 1, 4, 1, 1, 2, 5, 9, 5, 8, 14, 1, 7, 7, 10, 1, 17, 
5: 0, 0, 9, 0, 0, 6, 0, 0, 10, 1, 0, 5, 1, 0, 19, 0, 0, 7, 2, 0, 12, 1, 0, 17, 0, 0, 0, 0, 0, 15, 0, 3, 0, 0, 0, 2, 8, 4, 0, 7, : 9, 6, 10, 1, 5, 1, 19, 7, 2, 12, 1, 17, 15, 3, 2, 8, 4, 7, 
87: 0, 0, 0, 0, 1, 2, 0, 0, 0, 0, 0, 0, 3, 0, 7, 1, 0, 0, 9, 9, 4, 2, 0, 0, 0, 0, 0, 0, 0, 1, 0, 3, 4, 5, 3, 2, 2, 0, 5, 0, : 1, 2, 3, 7, 1, 9, 9, 4, 2, 1, 3, 4, 5, 3, 2, 2, 5, 
100: 0, 0, 5, 0, 0, 4, 0, 3, 8, 17, 1, 0, 0, 0, 2, 0, 6, 0, 0, 2, 6, 3, 5, 0, 4, 0, 0, 0, 21, 4, 1, 1, 0, 4, 15, 1, 1, 2, 0, 0, : 5, 4, 3, 8, 17, 1, 2, 6, 2, 6, 3, 5, 4, 21, 4, 1, 1, 4, 15, 1, 1, 2, 
80: 1, 0, 0, 6, 0, 3, 4, 0, 4, 2, 1, 0, 0, 7, 10, 0, 0, 0, 8, 7, 0, 0, 0, 0, 22, 4, 0, 9, 0, 1, 0, 1, 0, 1, 0, 2, 7, 7, 0, 0, : 1, 6, 3, 4, 4, 2, 1, 7, 10, 8, 7, 22, 4, 9, 1, 1, 1, 2, 7, 7, 
97: 0, 0, 0, 2, 0, 17, 5, 9, 5, 7, 13, 21, 2, 24, 3, 0, 0, 3, 4, 5, 0, 0, 4, 0, 3, 0, 8, 0, 8, 1, 0, 0, 6, 6, 0, 1, 0, 9, 12, 11, : 2, 17, 5, 9, 5, 7, 13, 21, 2, 24, 3, 3, 4, 5, 4, 3, 8, 8, 1, 6, 6, 1, 9, 12, 11, 


12: 6, 5, 11, 0, 0, 12, 2, 0, 0, 10, 3, 0, 0, 0, 1, 6, 0, 0, 7, 0, 9, 0, 0, 1, 1, 0, 0, 1, 0, 0, 0, 3, 0, 0, 0, 8, 0, 6, 0, 11, : 6, 5, 11, 12, 2, 10, 3, 1, 6, 7, 9, 1, 1, 1, 3, 8, 6, 11, 
54: 3, 0, 9, 2, 1, 6, 5, 0, 2, 0, 0, 0, 0, 9, 9, 0, 9, 3, 0, 0, 1, 8, 20, 1, 7, 1, 2, 0, 1, 0, 0, 1, 7, 4, 9, 0, 0, 0, 0, 0, : 3, 9, 2, 1, 6, 5, 2, 9, 9, 9, 3, 1, 8, 20, 1, 7, 1, 2, 1, 1, 7, 4, 9, 
70: 0, 2, 1, 6, 1, 2, 4, 2, 12, 5, 0, 0, 9, 19, 2, 0, 9, 0, 15, 2, 1, 0, 0, 3, 7, 3, 0, 1, 5, 0, 16, 7, 18, 10, 3, 1, 2, 19, 0, 0, : 2, 1, 6, 1, 2, 4, 2, 12, 5, 9, 19, 2, 9, 15, 2, 1, 3, 7, 3, 1, 5, 16, 7, 18, 10, 3, 1, 2, 19, 
22: 0, 4, 5, 0, 0, 1, 0, 8, 1, 17, 1, 3, 0, 0, 2, 0, 0, 1, 1, 0, 3, 1, 0, 0, 0, 3, 0, 20, 2, 5, 0, 1, 0, 2, 0, 2, 0, 0, 16, 6, : 4, 5, 1, 8, 1, 17, 1, 3, 2, 1, 1, 3, 1, 3, 20, 2, 5, 1, 2, 2, 16, 6, 
35: 0, 0, 5, 0, 8, 0, 1, 0, 0, 0, 3, 19, 9, 0, 5, 10, 0, 0, 0, 4, 12, 11, 0, 2, 0, 7, 2, 0, 4, 0, 6, 3, 0, 0, 5, 1, 0, 0, 16, 0, : 5, 8, 1, 3, 19, 9, 5, 10, 4, 12, 11, 2, 7, 2, 4, 6, 3, 5, 1, 16, 
43: 7, 13, 1, 0, 5, 0, 1, 2, 0, 0, 7, 0, 0, 0, 0, 0, 0, 0, 0, 17, 0, 1, 19, 0, 0, 1, 8, 2, 1, 0, 0, 0, 1, 19, 0, 1, 24, 2, 12, 0, : 7, 13, 1, 5, 1, 2, 7, 17, 1, 19, 1, 8, 2, 1, 1, 19, 1, 24, 2, 12, 
44: 0, 0, 1, 4, 2, 0, 0, 1, 0, 0, 2, 0, 2, 0, 4, 0, 0, 13, 0, 0, 12, 8, 6, 0, 0, 0, 0, 4, 1, 4, 2, 0, 15, 0, 0, 0, 0, 3, 0, 15, : 1, 4, 2, 1, 2, 2, 4, 13, 12, 8, 6, 4, 1, 4, 2, 15, 3, 15, 
30: 0, 6, 0, 3, 2, 0, 8, 0, 0, 3, 3, 20, 0, 0, 0, 4, 0, 0, 0, 0, 0, 0, 0, 0, 0, 6, 8, 2, 4, 4, 4, 6, 0, 0, 0, 6, 2, 0, 0, 4, : 6, 3, 2, 8, 3, 3, 20, 4, 6, 8, 2, 4, 4, 4, 6, 6, 2, 4, 
28: 20, 0, 4, 0, 0, 17, 2, 13, 2, 0, 17, 0, 3, 8, 0, 0, 0, 0, 0, 0, 0, 2, 0, 0, 0, 0, 5, 0, 0, 2, 4, 0, 0, 0, 0, 0, 0, 2, 2, 0, : 20, 4, 17, 2, 13, 2, 17, 3, 8, 2, 5, 2, 4, 2, 2, 
98: 0, 0, 0, 0, 7, 0, 7, 9, 9, 0, 6, 0, 0, 0, 9, 0, 0, 0, 0, 2, 0, 0, 0, 11, 22, 1, 1, 0, 3, 1, 0, 5, 0, 1, 0, 5, 0, 0, 0, 0, : 7, 7, 9, 9, 6, 9, 2, 11, 22, 1, 1, 3, 1, 5, 1, 5, 
75: 5, 5, 5, 0, 1, 0, 0, 6, 2, 0, 0, 0, 0, 1, 3, 0, 0, 1, 1, 2, 0, 0, 0, 4, 0, 9, 12, 0, 5, 7, 3, 0, 12, 0, 0, 6, 6, 0, 0, 1, : 5, 5, 5, 1, 6, 2, 1, 3, 1, 1, 2, 4, 9, 12, 5, 7, 3, 12, 6, 6, 1, 
84: 3, 0, 0, 0, 4, 0, 12, 1, 7, 18, 0, 0, 0, 2, 1, 0, 0, 1, 2, 1, 5, 3, 3, 0, 0, 0, 2, 8, 2, 2, 0, 1, 2, 0, 13, 1, 1, 10, 0, 0, : 3, 4, 12, 1, 7, 18, 2, 1, 1, 2, 1, 5, 3, 3, 2, 8, 2, 2, 1, 2, 13, 1, 1, 10, 
47: 1, 0, 2, 8, 4, 1, 1, 1, 0, 1, 8, 0, 0, 0, 4, 0, 0, 9, 1, 0, 4, 0, 0, 9, 0, 0, 0, 0, 4, 4, 9, 0, 6, 11, 0, 5, 16, 1, 0, 0, : 1, 2, 8, 4, 1, 1, 1, 1, 8, 4, 9, 1, 4, 9, 4, 4, 9, 6, 11, 5, 16, 1, 
73: 12, 8, 4, 0, 0, 0, 4, 3, 19, 0, 0, 0, 7, 0, 0, 7, 0, 0, 20, 2, 0, 8, 16, 2, 10, 3, 0, 8, 5, 19, 0, 0, 0, 14, 0, 0, 0, 0, 0, 0, : 12, 8, 4, 4, 3, 19, 7, 7, 20, 2, 8, 16, 2, 10, 3, 8, 5, 19, 14, 
1: 0, 9, 2, 25, 9, 2, 0, 2, 0, 1, 0, 0, 3, 6, 2, 0, 3, 0, 0, 10, 0, 17, 0, 3, 4, 2, 4, 8, 1, 6, 0, 1, 1, 4, 0, 2, 0, 4, 0, 3, : 9, 2, 25, 9, 2, 2, 1, 3, 6, 2, 3, 10, 17, 3, 4, 2, 4, 8, 1, 6, 1, 1, 4, 2, 4, 3, 
24: 0, 0, 6, 0, 1, 4, 3, 0, 0, 0, 1, 3, 0, 11, 6, 24, 11, 27, 0, 1, 0, 0, 0, 0, 9, 0, 1, 1, 3, 0, 0, 22, 2, 0, 0, 7, 0, 0, 0, 6, : 6, 1, 4, 3, 1, 3, 11, 6, 24, 11, 27, 1, 9, 1, 1, 3, 22, 2, 7, 6, 
10: 0, 5, 0, 0, 5, 9, 0, 4, 0, 0, 0, 0, 3, 9, 1, 0, 13, 0, 0, 10, 0, 0, 0, 16, 0, 0, 0, 0, 1, 0, 7, 6, 1, 0, 11, 10, 4, 3, 0, 11, : 5, 5, 9, 4, 3, 9, 1, 13, 10, 16, 1, 7, 6, 1, 11, 10, 4, 3, 11, 
19: 0, 7, 1, 0, 0, 2, 6, 13, 0, 0, 6, 0, 16, 0, 2, 0, 9, 0, 0, 1, 7, 0, 1, 4, 5, 7, 6, 5, 2, 4, 7, 1, 0, 0, 0, 0, 9, 8, 0, 5, : 7, 1, 2, 6, 13, 6, 16, 2, 9, 1, 7, 1, 4, 5, 7, 6, 5, 2, 4, 7, 1, 9, 8, 5, 
79: 8, 0, 0, 0, 1, 5, 0, 0, 11, 10, 1, 6, 0, 0, 3, 0, 11, 10, 5, 6, 7, 3, 0, 8, 0, 5, 13, 1, 12, 3, 3, 8, 0, 0, 7, 9, 0, 7, 10, 0, : 8, 1, 5, 11, 10, 1, 6, 3, 11, 10, 5, 6, 7, 3, 8, 5, 13, 1, 12, 3, 3, 8, 7, 9, 7, 10, 
38: 0, 1, 8, 17, 14, 4, 9, 0, 0, 0, 7, 14, 13, 0, 11, 14, 0, 0, 13, 7, 4, 3, 0, 1, 0, 17, 1, 4, 9, 4, 4, 0, 0, 0, 17, 1, 1, 0, 9, 3, : 1, 8, 17, 14, 4, 9, 7, 14, 13, 11, 14, 13, 7, 4, 3, 1, 17, 1, 4, 9, 4, 4, 17, 1, 1, 9, 3, 


50: 1, 0, 2, 0, 3, 0, 3, 0, 1, 3, 4, 12, 0, 0, 3, 6, 0, 0, 2, 11, 0, 2, 1, 1, 13, 0, 0, 3, 0, 1, 1, 2, 0, 0, 14, 6, 0, 0, 7, 7, : 1, 2, 3, 3, 1, 3, 4, 12, 3, 6, 2, 11, 2, 1, 1, 13, 3, 1, 1, 2, 14, 6, 7, 7, 
37: 2, 0, 5, 13, 5, 1, 3, 5, 2, 0, 1, 0, 1, 9, 1, 0, 17, 1, 1, 1, 23, 0, 0, 0, 0, 0, 0, 0, 0, 0, 0, 2, 0, 0, 3, 0, 5, 14, 4, 1, : 2, 5, 13, 5, 1, 3, 5, 2, 1, 1, 9, 1, 17, 1, 1, 1, 23, 2, 3, 5, 14, 4, 1, 
40: 2, 3, 8, 12, 0, 0, 8, 0, 13, 5, 0, 0, 18, 4, 2, 0, 0, 0, 4, 0, 9, 1, 0, 0, 0, 0, 0, 4, 9, 5, 14, 1, 7, 2, 0, 5, 18, 0, 3, 20, : 2, 3, 8, 12, 8, 13, 5, 18, 4, 2, 4, 9, 1, 4, 9, 5, 14, 1, 7, 2, 5, 18, 3, 20, 
76: 9, 0, 1, 0, 0, 2, 3, 13, 0, 0, 5, 0, 0, 0, 0, 5, 0, 5, 2, 5, 0, 4, 7, 0, 0, 7, 1, 4, 1, 0, 8, 0, 0, 0, 3, 0, 4, 0, 3, 2, : 9, 1, 2, 3, 13, 5, 5, 5, 2, 5, 4, 7, 7, 1, 4, 1, 8, 3, 4, 3, 2, 
15: 0, 0, 6, 0, 7, 0, 7, 4, 7, 0, 4, 7, 4, 21, 1, 3, 10, 22, 1, 9, 0, 10, 7, 8, 0, 1, 0, 1, 0, 0, 0, 0, 3, 0, 3, 7, 20, 0, 0, 0, : 6, 7, 7, 4, 7, 4, 7, 4, 21, 1, 3, 10, 22, 1, 9, 10, 7, 8, 1, 1, 3, 3, 7, 20, 
59: 2, 28, 5, 0, 0, 1, 1, 0, 0, 2, 3, 0, 0, 1, 10, 5, 2, 0, 14, 0, 0, 0, 1, 0, 5, 1, 15, 0, 0, 7, 0, 0, 0, 0, 1, 26, 0, 0, 0, 0, : 2, 28, 5, 1, 1, 2, 3, 1, 10, 5, 2, 14, 1, 5, 1, 15, 7, 1, 26, 
72: 1, 0, 5, 15, 5, 0, 0, 0, 11, 0, 0, 0, 0, 0, 0, 5, 0, 0, 0, 0, 3, 2, 3, 22, 0, 21, 10, 0, 0, 0, 0, 2, 0, 2, 14, 4, 2, 16, 7, 0, : 1, 5, 15, 5, 11, 5, 3, 2, 3, 22, 21, 10, 2, 2, 14, 4, 2, 16, 7, 
66: 3, 0, 5, 0, 4, 19, 0, 0, 8, 10, 1, 11, 0, 13, 0, 6, 0, 0, 0, 0, 0, 0, 0, 5, 11, 0, 11, 3, 7, 1, 0, 0, 0, 0, 7, 0, 0, 6, 9, 0, : 3, 5, 4, 19, 8, 10, 1, 11, 13, 6, 5, 11, 11, 3, 7, 1, 7, 6, 9, 
36: 4, 0, 7, 0, 3, 7, 3, 4, 0, 10, 0, 0, 0, 0, 6, 3, 0, 2, 9, 1, 1, 11, 4, 6, 1, 0, 3, 10, 5, 5, 0, 0, 4, 22, 1, 0, 0, 9, 4, 0, : 4, 7, 3, 7, 3, 4, 10, 6, 3, 2, 9, 1, 1, 11, 4, 6, 1, 3, 10, 5, 5, 4, 22, 1, 9, 4, 
99: 1, 0, 1, 0, 4, 0, 8, 0, 0, 0, 0, 0, 0, 3, 0, 3, 4, 0, 1, 21, 1, 0, 7, 2, 7, 0, 0, 0, 3, 0, 3, 11, 0, 10, 0, 0, 0, 14, 0, 0, : 1, 1, 4, 8, 3, 3, 4, 1, 21, 1, 7, 2, 7, 3, 3, 11, 10, 14, 
82: 0, 10, 0, 0, 7, 24, 5, 2, 3, 1, 3, 2, 1, 6, 7, 0, 2, 7, 0, 0, 0, 0, 2, 0, 0, 10, 0, 2, 7, 2, 1, 0, 18, 10, 4, 0, 0, 0, 1, 0, : 10, 7, 24, 5, 2, 3, 1, 3, 2, 1, 6, 7, 2, 7, 2, 10, 2, 7, 2, 1, 18, 10, 4, 1, 
57: 12, 0, 4, 0, 0, 0, 0, 0, 14, 0, 0, 0, 0, 2, 0, 0, 3, 0, 6, 0, 1, 0, 0, 0, 9, 0, 0, 1, 1, 4, 0, 0, 0, 0, 2, 0, 0, 0, 0, 0, : 12, 4, 14, 2, 3, 6, 1, 9, 1, 1, 4, 2, 
51: 4, 10, 0, 9, 1, 5, 18, 6, 0, 0, 7, 0, 0, 0, 4, 0, 0, 0, 0, 2, 0, 0, 1, 6, 0, 0, 4, 10, 1, 23, 10, 0, 6, 0, 0, 0, 0, 0, 0, 0, : 4, 10, 9, 1, 5, 18, 6, 7, 4, 2, 1, 6, 4, 10, 1, 23, 10, 6, 
93: 1, 3, 1, 0, 1, 0, 4, 3, 1, 0, 4, 17, 1, 0, 0, 0, 16, 4, 1, 0, 0, 0, 0, 10, 18, 13, 8, 10, 3, 1, 0, 5, 0, 19, 0, 2, 15, 6, 2, 0, : 1, 3, 1, 1, 4, 3, 1, 4, 17, 1, 16, 4, 1, 10, 18, 13, 8, 10, 3, 1, 5, 19, 2, 15, 6, 2, 
83: 16, 0, 2, 8, 1, 0, 0, 2, 2, 5, 22, 0, 5, 0, 7, 4, 4, 0, 11, 0, 11, 0, 7, 5, 1, 0, 1, 0, 3, 4, 0, 13, 6, 0, 1, 7, 1, 0, 2, 7, : 16, 2, 8, 1, 2, 2, 5, 22, 5, 7, 4, 4, 11, 11, 7, 5, 1, 1, 3, 4, 13, 6, 1, 7, 1, 2, 7, 
16: 0, 11, 1, 0, 10, 0, 2, 10, 0, 20, 2, 1, 1, 3, 0, 0, 0, 0, 0, 9, 3, 2, 16, 0, 0, 0, 12, 5, 10, 2, 10, 1, 11, 0, 1, 0, 0, 0, 0, 0, : 11, 1, 10, 2, 10, 20, 2, 1, 1, 3, 9, 3, 2, 16, 12, 5, 10, 2, 10, 1, 11, 1, 
29: 2, 0, 0, 8, 0, 2, 0, 8, 0, 6, 0, 1, 0, 0, 4, 7, 5, 0, 0, 3, 1, 17, 2, 0, 0, 9, 0, 0, 5, 5, 6, 0, 0, 0, 1, 1, 0, 0, 5, 0, : 2, 8, 2, 8, 6, 1, 4, 7, 5, 3, 1, 17, 2, 9, 5, 5, 6, 1, 1, 5, 
65: 0, 0, 2, 0, 9, 0, 0, 4, 1, 3, 2, 11, 19, 0, 4, 0, 0, 16, 5, 1, 12, 2, 2, 0, 0, 3, 0, 4, 1, 3, 0, 18, 10, 0, 6, 0, 0, 0, 0, 5, : 2, 9, 4, 1, 3, 2, 11, 19, 4, 16, 5, 1, 12, 2, 2, 3, 4, 1, 3, 18, 10, 6, 5, 
32: 2, 0, 10, 0, 4, 4, 0, 1, 0, 0, 1, 1, 15, 2, 6, 18, 0, 1, 0, 0, 0, 14, 2, 0, 0, 0, 0, 0, 1, 2, 10, 0, 0, 0, 1, 4, 0, 0, 6, 23, : 2, 10, 4, 4, 1, 1, 1, 15, 2, 6, 18, 1, 14, 2, 1, 2, 10, 1, 4, 6, 23, 
90: 3, 0, 0, 0, 1, 0, 0, 3, 2, 0, 6, 2, 0, 1, 10, 0, 2, 7, 8, 2, 0, 0, 3, 0, 0, 0, 0, 8, 8, 0, 2, 10, 0, 0, 3, 3, 0, 0, 12, 0, : 3, 1, 3, 2, 6, 2, 1, 10, 2, 7, 8, 2, 3, 8, 8, 2, 10, 3, 3, 12, 


20: 9, 0, 1, 6, 0, 4, 17, 0, 5, 2, 1, 1, 13, 3, 3, 1, 3, 7, 1, 12, 3, 6, 10, 0, 0, 13, 22, 0, 2, 4, 1, 2, 0, 26, 0, 0, 0, 0, 12, 0, : 9, 1, 6, 4, 17, 5, 2, 1, 1, 13, 3, 3, 1, 3, 7, 1, 12, 3, 6, 10, 13, 22, 2, 4, 1, 2, 26, 12, 
42: 0, 6, 0, 1, 0, 0, 4, 0, 0, 0, 17, 11, 0, 2, 3, 0, 3, 11, 10, 8, 0, 25, 4, 14, 6, 0, 0, 17, 3, 7, 3, 0, 0, 0, 0, 2, 2, 0, 22, 10, : 6, 1, 4, 17, 11, 2, 3, 3, 11, 10, 8, 25, 4, 14, 6, 17, 3, 7, 3, 2, 2, 22, 10, 
7: 10, 9, 4, 0, 1, 7, 0, 0, 0, 1, 0, 4, 0, 0, 0, 6, 1, 0, 6, 0, 0, 7, 0, 0, 0, 0, 0, 8, 2, 0, 1, 0, 9, 0, 0, 7, 10, 20, 0, 0, : 10, 9, 4, 1, 7, 1, 4, 6, 1, 6, 7, 8, 2, 1, 9, 7, 10, 20, 
26: 11, 1, 0, 1, 0, 17, 8, 8, 0, 8, 13, 0, 4, 0, 0, 0, 2, 2, 3, 1, 0, 0, 0, 0, 0, 24, 0, 0, 6, 1, 0, 5, 0, 13, 2, 0, 0, 1, 0, 2, : 11, 1, 1, 17, 8, 8, 8, 13, 4, 2, 2, 3, 1, 24, 6, 1, 5, 13, 2, 1, 2, 
27: 4, 0, 4, 22, 0, 0, 0, 0, 0, 0, 0, 19, 0, 7, 4, 1, 2, 0, 2, 13, 0, 0, 0, 2, 3, 0, 12, 11, 1, 0, 11, 0, 0, 0, 5, 20, 5, 9, 0, 0, : 4, 4, 22, 19, 7, 4, 1, 2, 2, 13, 2, 3, 12, 11, 1, 11, 5, 20, 5, 9, 
21: 0, 0, 0, 1, 1, 3, 0, 0, 0, 4, 2, 0, 0, 1, 0, 12, 0, 0, 1, 1, 0, 9, 0, 0, 2, 1, 0, 2, 1, 7, 3, 11, 2, 0, 0, 10, 0, 1, 0, 0, : 1, 1, 3, 4, 2, 1, 12, 1, 1, 9, 2, 1, 2, 1, 7, 3, 11, 2, 10, 1, 
63: 0, 15, 3, 2, 1, 1, 0, 1, 0, 1, 5, 0, 4, 0, 1, 0, 0, 0, 1, 4, 5, 0, 2, 1, 2, 3, 5, 1, 0, 0, 1, 15, 0, 0, 1, 0, 0, 4, 4, 0, : 15, 3, 2, 1, 1, 1, 1, 5, 4, 1, 1, 4, 5, 2, 1, 2, 3, 5, 1, 1, 15, 1, 4, 4, 
6: 9, 0, 0, 4, 5, 0, 0, 0, 0, 1, 0, 1, 0, 0, 1, 7, 3, 11, 3, 3, 0, 0, 16, 0, 0, 8, 0, 0, 2, 0, 0, 5, 11, 0, 1, 10, 3, 0, 1, 0, : 9, 4, 5, 1, 1, 1, 7, 3, 11, 3, 3, 16, 8, 2, 5, 11, 1, 10, 3, 1, 
68: 7, 0, 0, 0, 0, 5, 4, 0, 18, 3, 8, 6, 2, 19, 11, 4, 4, 0, 1, 3, 5, 1, 0, 0, 1, 0, 0, 0, 0, 13, 2, 6, 0, 13, 6, 0, 3, 1, 0, 6, : 7, 5, 4, 18, 3, 8, 6, 2, 19, 11, 4, 4, 1, 3, 5, 1, 1, 13, 2, 6, 13, 6, 3, 1, 6, 
34: 5, 8, 0, 0, 1, 2, 0, 4, 4, 4, 0, 0, 6, 0, 3, 1, 0, 0, 4, 0, 10, 0, 0, 0, 10, 0, 0, 0, 0, 0, 1, 0, 3, 4, 9, 1, 6, 0, 0, 18, : 5, 8, 1, 2, 4, 4, 4, 6, 3, 1, 4, 10, 10, 1, 3, 4, 9, 1, 6, 18, 
8: 0, 0, 2, 2, 20, 0, 19, 0, 8, 2, 0, 3, 0, 0, 0, 0, 8, 0, 1, 2, 0, 0, 1, 0, 1, 11, 0, 0, 12, 0, 0, 1, 9, 0, 0, 0, 0, 2, 0, 13, : 2, 2, 20, 19, 8, 2, 3, 8, 1, 2, 1, 1, 11, 12, 1, 9, 2, 13, 
48: 0, 0, 8, 0, 0, 0, 0, 10, 0, 3, 1, 0, 0, 0, 0, 4, 6, 10, 10, 0, 0, 0, 2, 3, 0, 0, 0, 0, 0, 0, 0, 16, 1, 0, 5, 0, 2, 2, 0, 1, : 8, 10, 3, 1, 4, 6, 10, 10, 2, 3, 16, 1, 5, 2, 2, 1, 
86: 4, 5, 1, 0, 0, 0, 7, 0, 4, 0, 4, 5, 0, 0, 5, 4, 4, 0, 6, 1, 10, 0, 22, 0, 8, 0, 5, 0, 15, 4, 5, 0, 4, 0, 18, 8, 0, 1, 1, 6, : 4, 5, 1, 7, 4, 4, 5, 5, 4, 4, 6, 1, 10, 22, 8, 5, 15, 4, 5, 4, 18, 8, 1, 1, 6, 
49: 0, 5, 22, 0, 0, 0, 0, 0, 0, 10, 2, 6, 11, 0, 0, 0, 4, 12, 2, 1, 0, 1, 2, 0, 0, 1, 0, 0, 0, 1, 2, 1, 3, 6, 10, 0, 0, 8, 6, 0, : 5, 22, 10, 2, 6, 11, 4, 12, 2, 1, 1, 2, 1, 1, 2, 1, 3, 6, 10, 8, 6, 
55: 0, 1, 8, 7, 0, 7, 0, 1, 14, 5, 0, 0, 4, 4, 23, 0, 2, 0, 0, 1, 4, 2, 0, 4, 0, 0, 0, 0, 7, 0, 1, 0, 1, 0, 3, 3, 21, 1, 0, 1, : 1, 8, 7, 7, 1, 14, 5, 4, 4, 23, 2, 1, 4, 2, 4, 7, 1, 1, 3, 3, 21, 1, 1, 
88: 0, 11, 0, 3, 8, 0, 0, 11, 4, 0, 0, 0, 5, 0, 1, 4, 1, 0, 7, 4, 10, 0, 0, 0, 0, 0, 0, 14, 1, 13, 22, 0, 0, 0, 0, 0, 0, 0, 0, 0, : 11, 3, 8, 11, 4, 5, 1, 4, 1, 7, 4, 10, 14, 1, 13, 22, 
25: 6, 1, 1, 0, 0, 16, 2, 15, 5, 2, 0, 4, 2, 1, 10, 0, 1, 4, 1, 0, 1, 11, 2, 16, 6, 0, 1, 12, 3, 0, 0, 0, 0, 0, 0, 4, 0, 0, 12, 0, : 6, 1, 1, 16, 2, 15, 5, 2, 4, 2, 1, 10, 1, 4, 1, 1, 11, 2, 16, 6, 1, 12, 3, 4, 12, 
41: 0, 2, 3, 7, 11, 0, 1, 0, 0, 12, 5, 0, 10, 14, 0, 0, 0, 0, 0, 2, 6, 1, 0, 3, 11, 4, 0, 0, 5, 5, 7, 3, 8, 0, 0, 0, 13, 5, 0, 3, : 2, 3, 7, 11, 1, 12, 5, 10, 14, 2, 6, 1, 3, 11, 4, 5, 5, 7, 3, 8, 13, 5, 3, 
56: 0, 1, 4, 4, 17, 0, 0, 2, 3, 7, 3, 5, 2, 0, 0, 13, 17, 0, 1, 8, 11, 0, 0, 5, 12, 0, 11, 0, 5, 0, 5, 0, 1, 0, 1, 0, 0, 1, 0, 0, : 1, 4, 4, 17, 2, 3, 7, 3, 5, 2, 13, 17, 1, 8, 11, 5, 12, 11, 5, 5, 1, 1, 1, 
64: 0, 0, 4, 5, 0, 3, 3, 13, 0, 0, 4, 0, 2, 14, 0, 8, 4, 8, 5, 1, 0, 2, 4, 17, 3, 0, 9, 0, 0, 10, 0, 0, 13, 3, 4, 0, 0, 9, 7, 5, : 4, 5, 3, 3, 13, 4, 2, 14, 8, 4, 8, 5, 1, 2, 4, 17, 3, 9, 10, 13, 3, 4, 9, 7, 5, 


13: 0, 0, 0, 0, 0, 14, 0, 0, 1, 9, 16, 8, 0, 0, 0, 9, 0, 1, 0, 0, 0, 12, 20, 0, 0, 6, 3, 0, 0, 6, 0, 4, 0, 2, 1, 0, 0, 7, 5, 9, : 14, 1, 9, 16, 8, 9, 1, 12, 20, 6, 3, 6, 4, 2, 1, 7, 5, 9, 
58: 0, 0, 0, 5, 0, 0, 0, 1, 0, 0, 0, 0, 15, 1, 11, 8, 0, 3, 3, 2, 9, 6, 1, 2, 2, 2, 2, 11, 26, 0, 1, 4, 0, 8, 2, 0, 14, 4, 9, 0, : 5, 1, 15, 1, 11, 8, 3, 3, 2, 9, 6, 1, 2, 2, 2, 2, 11, 26, 1, 4, 8, 2, 14, 4, 9, 
14: 7, 0, 6, 11, 0, 0, 0, 6, 5, 3, 14, 0, 0, 0, 0, 2, 0, 0, 0, 0, 0, 1, 10, 8, 7, 2, 3, 0, 7, 11, 16, 1, 0, 1, 0, 14, 0, 3, 4, 2, : 7, 6, 11, 6, 5, 3, 14, 2, 1, 10, 8, 7, 2, 3, 7, 11, 16, 1, 1, 14, 3, 4, 2, 
94: 19, 3, 0, 7, 2, 0, 11, 0, 0, 3, 0, 0, 6, 0, 12, 2, 4, 0, 0, 0, 2, 9, 0, 0, 17, 4, 3, 4, 1, 5, 0, 5, 0, 5, 0, 0, 0, 3, 0, 4, : 19, 3, 7, 2, 11, 3, 6, 12, 2, 4, 2, 9, 17, 4, 3, 4, 1, 5, 5, 5, 3, 4, 
95: 0, 6, 0, 6, 3, 0, 2, 0, 0, 5, 0, 0, 0, 0, 1, 0, 12, 1, 0, 4, 0, 2, 1, 0, 4, 3, 0, 0, 0, 1, 0, 13, 23, 2, 5, 0, 0, 0, 0, 1, : 6, 6, 3, 2, 5, 1, 12, 1, 4, 2, 1, 4, 3, 1, 13, 23, 2, 5, 1, 
11: 2, 0, 6, 3, 7, 8, 0, 0, 3, 2, 0, 0, 6, 12, 1, 0, 0, 0, 5, 0, 8, 2, 0, 18, 1, 0, 1, 0, 1, 0, 0, 0, 2, 5, 6, 0, 0, 5, 3, 3, : 2, 6, 3, 7, 8, 3, 2, 6, 12, 1, 5, 8, 2, 18, 1, 1, 1, 2, 5, 6, 5, 3, 3, 
89: 3, 4, 18, 2, 0, 0, 2, 0, 3, 1, 3, 0, 0, 0, 1, 1, 2, 0, 8, 0, 5, 1, 0, 0, 0, 7, 0, 9, 0, 4, 0, 0, 0, 1, 0, 9, 0, 1, 0, 0, : 3, 4, 18, 2, 2, 3, 1, 3, 1, 1, 2, 8, 5, 1, 7, 9, 4, 1, 9, 1, 
81: 0, 3, 0, 7, 4, 11, 3, 3, 1, 0, 5, 0, 1, 2, 0, 3, 2, 1, 0, 0, 0, 1, 3, 0, 1, 4, 4, 1, 1, 0, 0, 7, 0, 1, 20, 11, 0, 1, 0, 0, : 3, 7, 4, 11, 3, 3, 1, 5, 1, 2, 3, 2, 1, 1, 3, 1, 4, 4, 1, 1, 7, 1, 20, 11, 1, 
74: 12, 0, 7, 4, 3, 0, 6, 5, 10, 4, 0, 5, 0, 0, 0, 1, 13, 1, 4, 0, 0, 1, 6, 2, 16, 9, 0, 0, 6, 0, 1, 7, 10, 2, 1, 0, 0, 3, 0, 1, : 12, 7, 4, 3, 6, 5, 10, 4, 5, 1, 13, 1, 4, 1, 6, 2, 16, 9, 6, 1, 7, 10, 2, 1, 3, 1, 
52: 0, 0, 0, 0, 0, 4, 0, 1, 0, 15, 0, 0, 0, 3, 0, 0, 0, 2, 0, 0, 15, 2, 2, 0, 5, 0, 0, 2, 4, 0, 4, 12, 2, 2, 0, 1, 0, 5, 3, 7, : 4, 1, 15, 3, 2, 15, 2, 2, 5, 2, 4, 4, 12, 2, 2, 1, 5, 3, 7, 
60: 1, 6, 0, 0, 9, 5, 0, 0, 4, 0, 3, 0, 11, 1, 14, 0, 0, 0, 4, 22, 20, 6, 0, 0, 1, 0, 2, 2, 5, 3, 0, 0, 14, 15, 0, 0, 0, 0, 10, 1, : 1, 6, 9, 5, 4, 3, 11, 1, 14, 4, 22, 20, 6, 1, 2, 2, 5, 3, 14, 15, 10, 1, 
71: 0, 0, 0, 0, 1, 2, 7, 14, 12, 0, 9, 3, 0, 7, 8, 0, 0, 4, 12, 0, 6, 4, 0, 4, 0, 1, 1, 1, 0, 26, 14, 0, 0, 8, 0, 22, 0, 3, 0, 0, : 1, 2, 7, 14, 12, 9, 3, 7, 8, 4, 12, 6, 4, 4, 1, 1, 1, 26, 14, 8, 22, 3, 
91: 10, 15, 0, 0, 1, 5, 4, 9, 1, 1, 3, 2, 0, 3, 0, 0, 0, 13, 3, 0, 0, 1, 0, 0, 0, 4, 17, 0, 0, 0, 0, 0, 0, 4, 2, 0, 24, 0, 18, 0, : 10, 15, 1, 5, 4, 9, 1, 1, 3, 2, 3, 13, 3, 1, 4, 17, 4, 2, 24, 18, 
45: 0, 13, 0, 3, 0, 0, 21, 5, 0, 3, 0, 14, 0, 0, 0, 0, 0, 0, 0, 0, 0, 4, 1, 10, 1, 1, 2, 9, 4, 7, 1, 1, 0, 1, 7, 3, 3, 1, 0, 4, : 13, 3, 21, 5, 3, 14, 4, 1, 10, 1, 1, 2, 9, 4, 7, 1, 1, 1, 7, 3, 3, 1, 4, 
39: 3, 0, 0, 4, 1, 16, 0, 0, 4, 19, 0, 16, 1, 1, 1, 9, 6, 3, 4, 0, 0, 1, 0, 0, 1, 2, 2, 10, 3, 2, 9, 0, 0, 1, 0, 0, 0, 14, 4, 1, : 3, 4, 1, 16, 4, 19, 16, 1, 1, 1, 9, 6, 3, 4, 1, 1, 2, 2, 10, 3, 2, 9, 1, 14, 4, 1, 
3: 7, 4, 1, 0, 11, 0, 5, 19, 1, 0, 0, 3, 0, 0, 1, 16, 17, 22, 0, 0, 0, 3, 0, 6, 9, 3, 4, 0, 7, 0, 1, 0, 0, 1, 1, 0, 0, 0, 0, 13, : 7, 4, 1, 11, 5, 19, 1, 3, 1, 16, 17, 22, 3, 6, 9, 3, 4, 7, 1, 1, 1, 13, 
2: 1, 6, 13, 2, 21, 0, 1, 0, 2, 0, 10, 4, 0, 8, 1, 4, 1, 0, 0, 1, 0, 2, 3, 0, 0, 1, 2, 1, 0, 0, 0, 1, 0, 2, 2, 5, 20, 5, 0, 2, : 1, 6, 13, 2, 21, 1, 2, 10, 4, 8, 1, 4, 1, 1, 2, 3, 1, 2, 1, 1, 2, 2, 5, 20, 5, 2, 
4: 0, 4, 6, 0, 0, 0, 2, 0, 4, 0, 2, 0, 0, 10, 11, 10, 0, 10, 8, 10, 0, 2, 17, 0, 0, 5, 7, 0, 0, 0, 7, 10, 0, 1, 0, 0, 3, 2, 7, 16, : 4, 6, 2, 4, 2, 10, 11, 10, 10, 8, 10, 2, 17, 5, 7, 7, 10, 1, 3, 2, 7, 16, 
23: 0, 1, 0, 0, 0, 0, 0, 1, 14, 0, 0, 10, 10, 0, 3, 0, 8, 0, 0, 1, 0, 2, 0, 12, 0, 4, 12, 15, 0, 0, 11, 0, 14, 1, 17, 0, 0, 6, 2, 1, : 1, 1, 14, 10, 10, 3, 8, 1, 2, 12, 4, 12, 15, 11, 14, 1, 17, 6, 2, 1, 
61: 0, 0, 8, 11, 2, 0, 1, 1, 0, 0, 0, 0, 15, 17, 0, 0, 0, 4, 14, 25, 0, 3, 1, 3, 0, 7, 0, 0, 0, 0, 0, 0, 0, 2, 1, 0, 1, 2, 0, 0, : 8, 11, 2, 1, 1, 15, 17, 4, 14, 25, 3, 1, 3, 7, 2, 1, 1, 2, 


