
40
40
120
1

33: 0, 4, 5, 0, 0, 1, 0, 7, 0, 0, 6, 0, 3, 0, 2, 1, 11, 1, 0, 0, 0, 0, 13, 0, 0, 0, 0, 1, 2, 0, 0, 0, 1, 0, 0, 6, 4, 0, 0, 0, : 4, 5, 1, 7, 6, 3, 2, 1, 11, 1, 13, 1, 2, 1, 6, 4, 
10: 0, 1, 3, 9, 0, 0, 3, 3, 0, 4, 0, 0, 0, 5, 0, 13, 6, 7, 0, 10, 0, 7, 0, 0, 6, 1, 7, 0, 0, 0, 12, 0, 1, 0, 0, 0, 0, 3, 3, 0, : 1, 3, 9, 3, 3, 4, 5, 13, 6, 7, 10, 7, 6, 1, 7, 12, 1, 3, 3, 
8: 8, 3, 0, 0, 24, 1, 0, 0, 2, 0, 0, 7, 0, 0, 0, 12, 0, 0, 0, 6, 1, 1, 8, 0, 3, 0, 0, 0, 0, 0, 1, 0, 0, 2, 0, 4, 10, 9, 1, 1, : 8, 3, 24, 1, 2, 7, 12, 6, 1, 1, 8, 3, 1, 2, 4, 10, 9, 1, 1, 
36: 0, 4, 1, 14, 2, 0, 3, 4, 0, 0, 0, 0, 0, 4, 0, 0, 0, 0, 1, 2, 0, 0, 1, 19, 0, 5, 0, 4, 0, 1, 3, 0, 0, 4, 0, 0, 1, 2, 0, 7, : 4, 1, 14, 2, 3, 4, 4, 1, 2, 1, 19, 5, 4, 1, 3, 4, 1, 2, 7, 
35: 0, 0, 0, 9, 13, 0, 26, 2, 0, 3, 0, 0, 0, 8, 0, 8, 0, 7, 1, 0, 0, 8, 0, 8, 2, 4, 0, 3, 0, 11, 10, 5, 0, 2, 0, 0, 5, 8, 0, 12, : 9, 13, 26, 2, 3, 8, 8, 7, 1, 8, 8, 2, 4, 3, 11, 10, 5, 2, 5, 8, 12, 
1: 0, 10, 3, 6, 0, 3, 0, 24, 0, 6, 0, 0, 2, 0, 0, 6, 1, 0, 1, 0, 7, 1, 19, 0, 0, 3, 0, 8, 23, 1, 3, 5, 11, 6, 1, 17, 0, 0, 0, 0, : 10, 3, 6, 3, 24, 6, 2, 6, 1, 1, 7, 1, 19, 3, 8, 23, 1, 3, 5, 11, 6, 1, 17, 
37: 2, 1, 0, 4, 0, 0, 2, 0, 2, 12, 0, 1, 5, 0, 7, 1, 0, 0, 7, 2, 0, 19, 4, 2, 6, 0, 0, 0, 11, 0, 8, 19, 1, 0, 0, 3, 9, 3, 4, 0, : 2, 1, 4, 2, 2, 12, 1, 5, 7, 1, 7, 2, 19, 4, 2, 6, 11, 8, 19, 1, 3, 9, 3, 4, 
34: 0, 2, 2, 8, 0, 1, 0, 2, 0, 3, 28, 6, 5, 0, 7, 0, 0, 0, 4, 0, 0, 3, 0, 4, 3, 0, 9, 7, 0, 0, 0, 5, 0, 0, 0, 0, 12, 11, 13, 10, : 2, 2, 8, 1, 2, 3, 28, 6, 5, 7, 4, 3, 4, 3, 9, 7, 5, 12, 11, 13, 10, 
30: 17, 4, 0, 0, 0, 0, 8, 4, 2, 0, 9, 0, 0, 0, 3, 2, 0, 2, 14, 0, 2, 0, 3, 1, 1, 5, 3, 2, 0, 1, 1, 0, 0, 3, 0, 0, 17, 0, 1, 1, : 17, 4, 8, 4, 2, 9, 3, 2, 2, 14, 2, 3, 1, 1, 5, 3, 2, 1, 1, 3, 17, 1, 1, 
14: 0, 8, 2, 0, 0, 0, 12, 2, 9, 3, 0, 0, 0, 0, 17, 1, 0, 0, 1, 0, 2, 0, 0, 0, 1, 4, 3, 2, 0, 5, 3, 2, 0, 1, 1, 0, 0, 4, 6, 0, : 8, 2, 12, 2, 9, 3, 17, 1, 1, 2, 1, 4, 3, 2, 5, 3, 2, 1, 1, 4, 6, 
18: 0, 1, 3, 0, 0, 0, 0, 0, 7, 0, 0, 0, 24, 0, 2, 0, 2, 3, 0, 5, 1, 8, 16, 6, 7, 0, 0, 3, 6, 0, 1, 4, 1, 1, 21, 0, 3, 0, 0, 2, : 1, 3, 7, 24, 2, 2, 3, 5, 1, 8, 16, 6, 7, 3, 6, 1, 4, 1, 1, 21, 3, 2, 
26: 8, 2, 0, 0, 0, 4, 1, 2, 10, 6, 0, 5, 2, 0, 1, 0, 0, 4, 4, 0, 0, 0, 0, 8, 7, 0, 1, 0, 0, 0, 0, 9, 5, 7, 3, 0, 3, 2, 15, 11, : 8, 2, 4, 1, 2, 10, 6, 5, 2, 1, 4, 4, 8, 7, 1, 9, 5, 7, 3, 3, 2, 15, 11, 
3: 2, 13, 0, 11, 0, 0, 0, 0, 3, 0, 2, 2, 0, 0, 0, 0, 4, 0, 8, 15, 0, 1, 0, 0, 6, 0, 0, 0, 7, 0, 5, 15, 2, 0, 4, 3, 4, 10, 0, 1, : 2, 13, 11, 3, 2, 2, 4, 8, 15, 1, 6, 7, 5, 15, 2, 4, 3, 4, 10, 1, 
6: 1, 0, 0, 0, 15, 0, 6, 0, 2, 0, 0, 2, 0, 0, 3, 18, 0, 0, 3, 16, 7, 0, 1, 4, 11, 3, 1, 0, 3, 0, 0, 1, 0, 0, 2, 0, 5, 3, 0, 0, : 1, 15, 6, 2, 2, 3, 18, 3, 16, 7, 1, 4, 11, 3, 1, 3, 1, 2, 5, 3, 
15: 6, 2, 0, 3, 0, 12, 11, 0, 1, 0, 0, 0, 1, 2, 0, 2, 11, 4, 9, 0, 1, 15, 0, 8, 0, 3, 0, 3, 0, 0, 7, 2, 3, 1, 12, 2, 7, 0, 3, 0, : 6, 2, 3, 12, 11, 1, 1, 2, 2, 11, 4, 9, 1, 15, 8, 3, 3, 7, 2, 3, 1, 12, 2, 7, 3, 
16: 0, 0, 0, 0, 15, 1, 0, 0, 12, 0, 11, 2, 0, 0, 0, 7, 7, 0, 0, 0, 3, 5, 5, 0, 4, 0, 0, 0, 0, 0, 0, 10, 0, 0, 1, 0, 0, 0, 1, 0, : 15, 1, 12, 11, 2, 7, 7, 3, 5, 5, 4, 10, 1, 1, 
13: 0, 2, 15, 2, 0, 0, 0, 0, 0, 9, 0, 26, 11, 0, 1, 6, 0, 9, 2, 0, 15, 0, 0, 10, 0, 3, 3, 5, 0, 0, 0, 3, 0, 0, 0, 5, 3, 1, 0, 0, : 2, 15, 2, 9, 26, 11, 1, 6, 9, 2, 15, 10, 3, 3, 5, 3, 5, 3, 1, 
32: 0, 2, 2, 0, 0, 9, 0, 0, 12, 13, 0, 0, 0, 0, 10, 0, 0, 14, 1, 0, 3, 0, 4, 0, 4, 0, 0, 0, 0, 12, 3, 0, 0, 10, 11, 12, 4, 10, 0, 0, : 2, 2, 9, 12, 13, 10, 14, 1, 3, 4, 4, 12, 3, 10, 11, 12, 4, 10, 
20: 0, 0, 11, 0, 0, 0, 0, 0, 6, 1, 0, 0, 0, 0, 0, 0, 2, 0, 0, 0, 0, 4, 0, 9, 0, 0, 0, 5, 0, 1, 6, 0, 0, 3, 0, 0, 1, 0, 7, 0, : 11, 6, 1, 2, 4, 9, 5, 1, 6, 3, 1, 7, 
17: 2, 1, 0, 0, 1, 24, 0, 7, 0, 2, 10, 10, 0, 2, 0, 0, 0, 0, 9, 0, 3, 0, 1, 0, 6, 3, 0, 0, 0, 0, 0, 0, 1, 0, 2, 0, 0, 7, 3, 0, : 2, 1, 1, 24, 7, 2, 10, 10, 2, 9, 3, 1, 6, 3, 1, 2, 7, 3, 
40: 9, 13, 0, 0, 0, 6, 1, 1, 0, 0, 8, 1, 0, 3, 0, 19, 4, 6, 3, 2, 0, 0, 12, 2, 0, 14, 1, 11, 1, 0, 6, 0, 6, 7, 7, 0, 0, 2, 0, 0, : 9, 13, 6, 1, 1, 8, 1, 3, 19, 4, 6, 3, 2, 12, 2, 14, 1, 11, 1, 6, 6, 7, 7, 2, 
2: 0, 2, 3, 1, 5, 1, 0, 1, 0, 0, 0, 0, 7, 0, 0, 0, 1, 1, 4, 28, 4, 0, 4, 10, 0, 5, 22, 0, 5, 0, 0, 0, 0, 0, 0, 5, 0, 1, 5, 10, : 2, 3, 1, 5, 1, 1, 7, 1, 1, 4, 28, 4, 4, 10, 5, 22, 5, 5, 1, 5, 10, 
12: 0, 0, 4, 0, 0, 4, 0, 0, 3, 10, 0, 0, 15, 7, 11, 0, 0, 13, 0, 2, 18, 4, 2, 2, 3, 4, 1, 2, 13, 17, 0, 0, 4, 2, 0, 0, 3, 1, 0, 0, : 4, 4, 3, 10, 15, 7, 11, 13, 2, 18, 4, 2, 2, 3, 4, 1, 2, 13, 17, 4, 2, 3, 1, 
7: 7, 8, 1, 0, 0, 3, 14, 10, 0, 0, 0, 1, 23, 5, 2, 4, 2, 1, 0, 0, 12, 6, 0, 5, 0, 0, 0, 1, 1, 2, 0, 0, 10, 11, 4, 0, 1, 1, 0, 0, : 7, 8, 1, 3, 14, 10, 1, 23, 5, 2, 4, 2, 1, 12, 6, 5, 1, 1, 2, 10, 11, 4, 1, 1, 
38: 0, 5, 0, 0, 0, 5, 0, 0, 0, 8, 7, 1, 6, 0, 0, 0, 0, 0, 0, 8, 0, 0, 0, 0, 0, 11, 3, 1, 16, 0, 7, 0, 2, 2, 13, 14, 2, 8, 2, 0, : 5, 5, 8, 7, 1, 6, 8, 11, 3, 1, 16, 7, 2, 2, 13, 14, 2, 8, 2, 
4: 0, 2, 0, 9, 16, 0, 0, 5, 0, 0, 0, 16, 0, 8, 8, 0, 0, 1, 0, 18, 15, 2, 3, 0, 0, 0, 1, 0, 0, 7, 2, 1, 0, 2, 6, 0, 0, 0, 1, 1, : 2, 9, 16, 5, 16, 8, 8, 1, 18, 15, 2, 3, 1, 7, 2, 1, 2, 6, 1, 1, 
25: 0, 0, 11, 0, 0, 0, 2, 0, 17, 14, 2, 0, 0, 0, 15, 3, 15, 4, 6, 0, 2, 1, 2, 1, 0, 1, 1, 5, 0, 0, 1, 0, 0, 2, 0, 0, 0, 0, 12, 0, : 11, 2, 17, 14, 2, 15, 3, 15, 4, 6, 2, 1, 2, 1, 1, 1, 5, 1, 2, 12, 
11: 2, 5, 13, 0, 0, 0, 0, 0, 3, 6, 0, 1, 12, 9, 13, 0, 0, 0, 7, 2, 2, 16, 0, 2, 4, 0, 0, 0, 4, 11, 0, 0, 1, 3, 22, 13, 5, 0, 0, 14, : 2, 5, 13, 3, 6, 1, 12, 9, 13, 7, 2, 2, 16, 2, 4, 4, 11, 1, 3, 22, 13, 5, 14, 
24: 9, 0, 0, 15, 0, 0, 0, 2, 0, 0, 10, 3, 0, 3, 0, 0, 0, 1, 13, 0, 0, 0, 1, 2, 3, 15, 0, 12, 0, 0, 1, 0, 17, 11, 0, 17, 0, 3, 0, 19, : 9, 15, 2, 10, 3, 3, 1, 13, 1, 2, 3, 15, 12, 1, 17, 11, 17, 3, 19, 
31: 13, 12, 8, 0, 0, 0, 1, 0, 7, 1, 0, 0, 0, 0, 6, 5, 0, 0, 2, 0, 2, 0, 3, 0, 9, 0, 0, 7, 0, 0, 0, 0, 0, 1, 0, 0, 0, 3, 1, 3, : 13, 12, 8, 1, 7, 1, 6, 5, 2, 2, 3, 9, 7, 1, 3, 1, 3, 
39: 0, 5, 0, 3, 0, 1, 0, 0, 0, 3, 0, 1, 0, 0, 0, 0, 0, 0, 0, 0, 3, 2, 0, 0, 3, 7, 0, 0, 1, 13, 6, 0, 2, 1, 0, 2, 0, 7, 16, 9, : 5, 3, 1, 3, 1, 3, 2, 3, 7, 1, 13, 6, 2, 1, 2, 7, 16, 9, 
22: 15, 5, 10, 12, 2, 0, 0, 6, 0, 0, 0, 14, 0, 15, 0, 3, 0, 20, 8, 0, 3, 1, 0, 11, 5, 4, 18, 0, 0, 0, 0, 0, 0, 1, 0, 0, 5, 0, 3, 0, : 15, 5, 10, 12, 2, 6, 14, 15, 3, 20, 8, 3, 1, 11, 5, 4, 18, 1, 5, 3, 
27: 0, 0, 0, 2, 0, 7, 0, 5, 0, 0, 0, 0, 3, 0, 0, 3, 19, 3, 2, 0, 0, 4, 0, 1, 15, 0, 2, 2, 0, 20, 0, 0, 3, 0, 4, 0, 0, 0, 0, 0, : 2, 7, 5, 3, 3, 19, 3, 2, 4, 1, 15, 2, 2, 20, 3, 4, 
5: 6, 2, 1, 1, 18, 11, 22, 3, 2, 0, 8, 2, 0, 1, 0, 0, 0, 0, 6, 4, 0, 0, 0, 1, 4, 10, 15, 2, 17, 0, 2, 1, 16, 2, 0, 0, 11, 13, 0, 19, : 6, 2, 1, 1, 18, 11, 22, 3, 2, 8, 2, 1, 6, 4, 1, 4, 10, 15, 2, 17, 2, 1, 16, 2, 11, 13, 19, 
21: 13, 0, 0, 1, 2, 0, 0, 0, 0, 3, 0, 0, 0, 25, 0, 0, 0, 4, 2, 0, 0, 2, 3, 4, 0, 15, 0, 4, 0, 0, 0, 0, 12, 0, 1, 1, 1, 0, 1, 0, : 13, 1, 2, 3, 25, 4, 2, 2, 3, 4, 15, 4, 12, 1, 1, 1, 1, 
28: 0, 1, 0, 4, 4, 1, 0, 13, 18, 8, 0, 6, 0, 0, 4, 3, 0, 2, 2, 0, 0, 5, 9, 0, 6, 0, 13, 16, 0, 1, 0, 28, 13, 13, 0, 0, 0, 0, 2, 0, : 1, 4, 4, 1, 13, 18, 8, 6, 4, 3, 2, 2, 5, 9, 6, 13, 16, 1, 28, 13, 13, 2, 
29: 0, 0, 7, 4, 3, 1, 0, 9, 1, 0, 0, 0, 0, 0, 5, 2, 21, 0, 0, 0, 2, 4, 4, 0, 0, 0, 0, 0, 10, 17, 14, 10, 0, 0, 4, 0, 0, 3, 13, 0, : 7, 4, 3, 1, 9, 1, 5, 2, 21, 2, 4, 4, 10, 17, 14, 10, 4, 3, 13, 
23: 0, 0, 8, 0, 0, 11, 7, 8, 1, 0, 0, 0, 1, 1, 1, 0, 11, 1, 0, 0, 0, 1, 0, 0, 1, 0, 0, 11, 0, 0, 4, 0, 6, 10, 1, 0, 2, 1, 4, 0, : 8, 11, 7, 8, 1, 1, 1, 1, 11, 1, 1, 1, 11, 4, 6, 10, 1, 2, 1, 4, 
19: 0, 0, 7, 2, 0, 4, 1, 0, 0, 0, 19, 0, 0, 0, 1, 1, 3, 0, 0, 0, 2, 0, 0, 0, 0, 0, 0, 3, 0, 0, 11, 0, 2, 1, 0, 10, 0, 1, 0, 0, : 7, 2, 4, 1, 19, 1, 1, 3, 2, 3, 11, 2, 1, 10, 1, 
9: 0, 0, 0, 0, 0, 9, 0, 0, 0, 5, 0, 13, 0, 22, 1, 0, 0, 12, 0, 0, 10, 0, 2, 0, 0, 0, 16, 0, 0, 0, 3, 0, 0, 11, 0, 6, 2, 3, 3, 0, : 9, 5, 13, 22, 1, 12, 10, 2, 16, 3, 11, 6, 2, 3, 3, 


