
40
20
65
1

13: 0, 0, 0, 3, 3, 6, 1, 0, 10, 6, 5, 0, 0, 3, 0, 0, 6, 3, 0, 12, 0, 5, 3, 11, 0, 0, 0, 3, 4, 0, 3, 3, 0, 10, 0, 7, 0, 1, 0, 0, : 3, 3, 6, 1, 10, 6, 5, 3, 6, 3, 12, 5, 3, 11, 3, 4, 3, 3, 10, 7, 1, 
8: 16, 0, 0, 0, 0, 4, 10, 20, 5, 12, 1, 0, 0, 6, 10, 0, 11, 2, 0, 2, 5, 3, 0, 0, 6, 2, 14, 9, 1, 2, 19, 2, 9, 0, 0, 4, 0, 0, 0, 0, : 16, 4, 10, 20, 5, 12, 1, 6, 10, 11, 2, 2, 5, 3, 6, 2, 14, 9, 1, 2, 19, 2, 9, 4, 
7: 0, 17, 2, 1, 8, 0, 2, 0, 3, 1, 6, 0, 0, 7, 19, 2, 0, 0, 0, 3, 2, 2, 3, 0, 4, 0, 0, 3, 16, 1, 0, 0, 0, 0, 15, 2, 7, 9, 7, 0, : 17, 2, 1, 8, 2, 3, 1, 6, 7, 19, 2, 3, 2, 2, 3, 4, 3, 16, 1, 15, 2, 7, 9, 7, 
20: 2, 12, 0, 0, 12, 0, 2, 1, 7, 3, 9, 0, 6, 5, 0, 1, 3, 0, 9, 3, 24, 3, 0, 2, 0, 2, 0, 1, 0, 3, 0, 10, 3, 0, 0, 0, 11, 2, 4, 2, : 2, 12, 12, 2, 1, 7, 3, 9, 6, 5, 1, 3, 9, 3, 24, 3, 2, 2, 1, 3, 10, 3, 11, 2, 4, 2, 
5: 0, 0, 11, 0, 0, 0, 1, 0, 3, 0, 8, 0, 0, 1, 0, 4, 1, 2, 0, 0, 0, 3, 0, 2, 0, 18, 0, 13, 0, 3, 2, 0, 0, 7, 0, 1, 0, 0, 0, 0, : 11, 1, 3, 8, 1, 4, 1, 2, 3, 2, 18, 13, 3, 2, 7, 1, 
14: 20, 4, 0, 0, 3, 0, 8, 0, 0, 0, 0, 0, 0, 4, 13, 1, 0, 6, 6, 1, 2, 17, 2, 3, 1, 0, 0, 15, 2, 2, 0, 0, 7, 0, 0, 4, 0, 11, 2, 0, : 20, 4, 3, 8, 4, 13, 1, 6, 6, 1, 2, 17, 2, 3, 1, 15, 2, 2, 7, 4, 11, 2, 
1: 3, 2, 0, 0, 6, 0, 0, 0, 2, 16, 8, 12, 0, 0, 9, 0, 0, 0, 0, 4, 0, 0, 9, 0, 2, 0, 24, 0, 6, 23, 6, 0, 0, 0, 0, 0, 11, 5, 1, 1, : 3, 2, 6, 2, 16, 8, 12, 9, 4, 9, 2, 24, 6, 23, 6, 11, 5, 1, 1, 
15: 0, 0, 4, 4, 1, 7, 5, 2, 0, 0, 0, 3, 0, 1, 0, 0, 2, 2, 1, 2, 7, 0, 3, 1, 8, 0, 0, 0, 4, 3, 0, 11, 4, 0, 18, 4, 0, 18, 0, 0, : 4, 4, 1, 7, 5, 2, 3, 1, 2, 2, 1, 2, 7, 3, 1, 8, 4, 3, 11, 4, 18, 4, 18, 
12: 0, 5, 4, 0, 0, 17, 10, 0, 0, 0, 9, 1, 7, 0, 1, 9, 3, 7, 20, 1, 1, 2, 7, 0, 0, 0, 0, 4, 5, 0, 0, 17, 13, 0, 15, 0, 4, 3, 0, 4, : 5, 4, 17, 10, 9, 1, 7, 1, 9, 3, 7, 20, 1, 1, 2, 7, 4, 5, 17, 13, 15, 4, 3, 4, 
2: 2, 2, 3, 0, 4, 0, 1, 7, 0, 0, 2, 0, 5, 6, 6, 0, 21, 9, 0, 0, 0, 0, 0, 0, 0, 1, 0, 0, 0, 0, 0, 3, 0, 0, 6, 1, 0, 0, 1, 0, : 2, 2, 3, 4, 1, 7, 2, 5, 6, 6, 21, 9, 1, 3, 6, 1, 1, 
17: 3, 0, 0, 17, 10, 3, 2, 0, 0, 0, 1, 25, 3, 0, 0, 3, 1, 0, 1, 0, 0, 0, 0, 10, 0, 1, 0, 2, 3, 0, 0, 1, 0, 0, 0, 9, 0, 8, 0, 9, : 3, 17, 10, 3, 2, 1, 25, 3, 3, 1, 1, 10, 1, 2, 3, 1, 9, 8, 9, 
10: 7, 13, 7, 6, 10, 0, 5, 0, 5, 0, 0, 0, 25, 2, 0, 0, 0, 13, 12, 0, 0, 1, 4, 0, 0, 25, 0, 1, 6, 0, 0, 0, 2, 0, 0, 3, 1, 0, 10, 7, : 7, 13, 7, 6, 10, 5, 5, 25, 2, 13, 12, 1, 4, 25, 1, 6, 2, 3, 1, 10, 7, 
18: 7, 0, 0, 0, 2, 5, 5, 0, 0, 0, 0, 0, 1, 1, 3, 0, 0, 5, 0, 2, 0, 12, 5, 0, 2, 1, 0, 3, 6, 0, 10, 3, 5, 13, 0, 1, 5, 0, 0, 4, : 7, 2, 5, 5, 1, 1, 3, 5, 2, 12, 5, 2, 1, 3, 6, 10, 3, 5, 13, 1, 5, 4, 
11: 5, 0, 11, 0, 0, 5, 6, 0, 3, 0, 1, 0, 6, 6, 0, 19, 0, 5, 1, 9, 0, 0, 0, 2, 1, 3, 11, 0, 0, 0, 0, 0, 0, 12, 7, 1, 0, 0, 3, 12, : 5, 11, 5, 6, 3, 1, 6, 6, 19, 5, 1, 9, 2, 1, 3, 11, 12, 7, 1, 3, 12, 
19: 0, 1, 0, 9, 1, 0, 6, 6, 2, 5, 2, 0, 5, 0, 0, 5, 0, 0, 2, 3, 0, 0, 12, 4, 2, 0, 0, 5, 0, 0, 3, 10, 0, 0, 0, 5, 0, 5, 2, 2, : 1, 9, 1, 6, 6, 2, 5, 2, 5, 5, 2, 3, 12, 4, 2, 5, 3, 10, 5, 5, 2, 2, 
3: 0, 0, 10, 10, 4, 0, 0, 20, 0, 3, 0, 22, 0, 0, 0, 2, 10, 0, 8, 3, 0, 0, 8, 1, 0, 2, 0, 3, 0, 21, 7, 0, 0, 0, 2, 2, 6, 2, 0, 9, : 10, 10, 4, 20, 3, 22, 2, 10, 8, 3, 8, 1, 2, 3, 21, 7, 2, 2, 6, 2, 9, 
6: 0, 0, 0, 6, 1, 2, 0, 7, 22, 12, 6, 0, 0, 0, 0, 0, 2, 2, 4, 9, 12, 0, 0, 9, 24, 0, 0, 0, 0, 2, 0, 4, 3, 0, 0, 10, 15, 0, 19, 5, : 6, 1, 2, 7, 22, 12, 6, 2, 2, 4, 9, 12, 9, 24, 2, 4, 3, 10, 15, 19, 5, 
9: 0, 1, 6, 2, 0, 16, 0, 0, 0, 4, 1, 0, 0, 18, 0, 15, 5, 0, 0, 1, 9, 0, 0, 0, 2, 0, 15, 2, 6, 1, 0, 0, 3, 0, 0, 8, 5, 0, 0, 7, : 1, 6, 2, 16, 4, 1, 18, 15, 5, 1, 9, 2, 15, 2, 6, 1, 3, 8, 5, 7, 
16: 0, 8, 1, 7, 0, 0, 1, 0, 0, 0, 3, 0, 0, 5, 4, 2, 0, 6, 0, 1, 0, 16, 2, 20, 7, 10, 0, 1, 2, 0, 0, 0, 16, 4, 2, 2, 0, 1, 9, 1, : 8, 1, 7, 1, 3, 5, 4, 2, 6, 1, 16, 2, 20, 7, 10, 1, 2, 16, 4, 2, 2, 1, 9, 1, 
4: 0, 0, 6, 0, 0, 0, 0, 2, 3, 3, 3, 2, 7, 0, 0, 2, 0, 3, 1, 9, 3, 1, 7, 0, 6, 0, 1, 0, 4, 4, 15, 1, 0, 19, 0, 1, 0, 0, 7, 2, : 6, 2, 3, 3, 3, 2, 7, 2, 3, 1, 9, 3, 1, 7, 6, 1, 4, 4, 15, 1, 19, 1, 7, 2, 


