
40
40
65
2

18: 12, 11, 0, 5, 0, 0, 0, 0, 0, 0, 0, 4, 0, 3, 4, 0, 3, 14, 11, 4, 0, 5, 0, 27, 0, 12, 0, 3, 4, 1, 4, 5, 0, 1, 2, 0, 0, 1, 5, 2, : 12, 11, 5, 4, 3, 4, 3, 14, 11, 4, 5, 27, 12, 3, 4, 1, 4, 5, 1, 2, 1, 5, 2, 
19: 0, 3, 0, 10, 0, 1, 0, 8, 1, 9, 10, 0, 0, 5, 2, 2, 4, 0, 2, 1, 1, 6, 0, 0, 10, 0, 0, 20, 0, 0, 2, 3, 3, 9, 5, 23, 13, 13, 15, 1, : 3, 10, 1, 8, 1, 9, 10, 5, 2, 2, 4, 2, 1, 1, 6, 10, 20, 2, 3, 3, 9, 5, 23, 13, 13, 15, 1, 
14: 1, 23, 1, 0, 2, 2, 0, 0, 0, 2, 0, 1, 0, 0, 0, 7, 0, 1, 0, 0, 0, 4, 0, 0, 0, 3, 3, 0, 7, 15, 4, 18, 0, 1, 1, 10, 3, 1, 0, 0, : 1, 23, 1, 2, 2, 2, 1, 7, 1, 4, 3, 3, 7, 15, 4, 18, 1, 1, 10, 3, 1, 
26: 0, 0, 0, 0, 13, 0, 10, 3, 0, 0, 2, 1, 8, 0, 4, 15, 0, 1, 7, 4, 9, 1, 1, 0, 0, 0, 0, 10, 2, 2, 0, 0, 0, 1, 0, 5, 1, 2, 6, 1, : 13, 10, 3, 2, 1, 8, 4, 15, 1, 7, 4, 9, 1, 1, 10, 2, 2, 1, 5, 1, 2, 6, 1, 
6: 0, 0, 4, 3, 0, 3, 1, 0, 2, 0, 3, 0, 0, 0, 0, 8, 3, 2, 8, 1, 0, 0, 0, 0, 0, 3, 0, 0, 2, 0, 6, 12, 0, 2, 0, 0, 0, 10, 0, 0, : 4, 3, 3, 1, 2, 3, 8, 3, 2, 8, 1, 3, 2, 6, 12, 2, 10, 
9: 6, 3, 0, 3, 8, 7, 0, 11, 2, 0, 9, 0, 0, 3, 0, 0, 0, 4, 0, 4, 0, 0, 0, 21, 0, 3, 1, 1, 0, 0, 6, 7, 0, 2, 1, 13, 0, 0, 3, 7, : 6, 3, 3, 8, 7, 11, 2, 9, 3, 4, 4, 21, 3, 1, 1, 6, 7, 2, 1, 13, 3, 7, 
31: 3, 0, 0, 8, 0, 22, 0, 3, 16, 21, 12, 10, 8, 1, 0, 1, 0, 9, 0, 2, 2, 0, 1, 0, 8, 4, 0, 0, 0, 2, 5, 2, 2, 0, 2, 0, 5, 2, 0, 0, : 3, 8, 22, 3, 16, 21, 12, 10, 8, 1, 1, 9, 2, 2, 1, 8, 4, 2, 5, 2, 2, 2, 5, 2, 
15: 11, 0, 1, 4, 0, 0, 0, 0, 0, 0, 1, 0, 0, 2, 0, 12, 0, 3, 1, 1, 1, 2, 14, 0, 0, 0, 8, 0, 0, 7, 2, 0, 10, 17, 1, 3, 0, 6, 6, 3, : 11, 1, 4, 1, 2, 12, 3, 1, 1, 1, 2, 14, 8, 7, 2, 10, 17, 1, 3, 6, 6, 3, 
21: 4, 3, 21, 10, 11, 0, 0, 7, 0, 12, 0, 23, 3, 8, 7, 6, 0, 0, 2, 0, 2, 3, 0, 0, 0, 0, 17, 0, 0, 0, 0, 1, 6, 8, 10, 2, 4, 1, 1, 10, : 4, 3, 21, 10, 11, 7, 12, 23, 3, 8, 7, 6, 2, 2, 3, 17, 1, 6, 8, 10, 2, 4, 1, 1, 10, 
29: 0, 9, 0, 0, 2, 0, 16, 0, 0, 0, 0, 0, 0, 3, 0, 0, 0, 0, 0, 1, 17, 1, 0, 1, 4, 0, 6, 0, 0, 10, 1, 0, 0, 1, 0, 2, 5, 4, 0, 3, : 9, 2, 16, 3, 1, 17, 1, 1, 4, 6, 10, 1, 1, 2, 5, 4, 3, 
4: 10, 0, 20, 1, 7, 0, 24, 0, 1, 1, 3, 0, 5, 0, 0, 0, 0, 2, 3, 0, 5, 8, 0, 0, 0, 3, 0, 9, 0, 0, 1, 0, 9, 0, 14, 0, 0, 5, 4, 20, : 10, 20, 1, 7, 24, 1, 1, 3, 5, 2, 3, 5, 8, 3, 9, 1, 9, 14, 5, 4, 20, 
30: 3, 0, 0, 0, 0, 0, 5, 3, 1, 0, 9, 2, 9, 2, 1, 0, 4, 1, 1, 4, 3, 0, 13, 0, 0, 0, 12, 0, 22, 2, 0, 1, 11, 1, 0, 2, 0, 1, 1, 4, : 3, 5, 3, 1, 9, 2, 9, 2, 1, 4, 1, 1, 4, 3, 13, 12, 22, 2, 1, 11, 1, 2, 1, 1, 4, 
34: 3, 0, 11, 0, 1, 0, 0, 0, 0, 0, 1, 0, 9, 19, 2, 5, 0, 1, 0, 0, 0, 2, 0, 1, 18, 10, 3, 14, 0, 0, 4, 0, 5, 2, 8, 0, 5, 0, 1, 4, : 3, 11, 1, 1, 9, 19, 2, 5, 1, 2, 1, 18, 10, 3, 14, 4, 5, 2, 8, 5, 1, 4, 
27: 0, 0, 2, 7, 6, 14, 0, 0, 2, 1, 0, 11, 0, 2, 0, 3, 12, 1, 4, 0, 0, 9, 22, 3, 0, 2, 0, 1, 15, 4, 5, 15, 1, 6, 5, 0, 0, 1, 2, 3, : 2, 7, 6, 14, 2, 1, 11, 2, 3, 12, 1, 4, 9, 22, 3, 2, 1, 15, 4, 5, 15, 1, 6, 5, 1, 2, 3, 
16: 0, 3, 0, 0, 0, 0, 3, 6, 16, 0, 2, 1, 0, 0, 0, 5, 1, 15, 7, 0, 1, 4, 0, 2, 0, 0, 2, 0, 3, 19, 2, 0, 8, 0, 3, 2, 2, 1, 6, 0, : 3, 3, 6, 16, 2, 1, 5, 1, 15, 7, 1, 4, 2, 2, 3, 19, 2, 8, 3, 2, 2, 1, 6, 
1: 0, 0, 5, 0, 15, 0, 6, 13, 0, 2, 0, 2, 7, 4, 0, 0, 17, 4, 7, 0, 0, 4, 14, 7, 0, 7, 0, 1, 0, 1, 0, 0, 0, 4, 2, 0, 0, 10, 0, 0, : 5, 15, 6, 13, 2, 2, 7, 4, 17, 4, 7, 4, 14, 7, 7, 1, 1, 4, 2, 10, 
13: 0, 0, 0, 0, 0, 0, 0, 0, 18, 17, 12, 1, 0, 0, 10, 0, 5, 6, 0, 14, 1, 5, 0, 0, 13, 0, 9, 0, 0, 0, 11, 0, 8, 6, 6, 3, 6, 0, 7, 4, : 18, 17, 12, 1, 10, 5, 6, 14, 1, 5, 13, 9, 11, 8, 6, 6, 3, 6, 7, 4, 
28: 0, 10, 0, 13, 0, 16, 0, 0, 0, 0, 0, 3, 0, 4, 14, 0, 3, 0, 9, 7, 7, 3, 0, 3, 10, 0, 1, 0, 0, 0, 11, 0, 0, 0, 3, 0, 0, 0, 3, 1, : 10, 13, 16, 3, 4, 14, 3, 9, 7, 7, 3, 3, 10, 1, 11, 3, 3, 1, 
7: 12, 0, 0, 0, 0, 0, 0, 11, 5, 0, 1, 6, 16, 0, 4, 1, 0, 1, 0, 17, 0, 0, 0, 0, 0, 16, 1, 0, 4, 0, 1, 1, 2, 3, 2, 0, 20, 4, 3, 0, : 12, 11, 5, 1, 6, 16, 4, 1, 1, 17, 16, 1, 4, 1, 1, 2, 3, 2, 20, 4, 3, 
23: 0, 0, 0, 1, 0, 0, 0, 0, 1, 0, 0, 0, 0, 9, 17, 0, 13, 0, 3, 5, 16, 8, 0, 0, 2, 2, 2, 6, 6, 2, 0, 0, 0, 1, 0, 0, 1, 3, 2, 2, : 1, 1, 9, 17, 13, 3, 5, 16, 8, 2, 2, 2, 6, 6, 2, 1, 1, 3, 2, 2, 


37: 9, 16, 0, 0, 2, 18, 0, 0, 1, 0, 0, 0, 0, 9, 0, 5, 1, 0, 1, 10, 0, 7, 0, 5, 0, 7, 0, 0, 4, 2, 3, 6, 2, 0, 2, 0, 2, 0, 4, 0, : 9, 16, 2, 18, 1, 9, 5, 1, 1, 10, 7, 5, 7, 4, 2, 3, 6, 2, 2, 2, 4, 
12: 1, 0, 0, 0, 3, 1, 1, 0, 2, 0, 0, 0, 2, 5, 3, 16, 3, 0, 2, 1, 0, 21, 0, 0, 5, 2, 0, 1, 4, 5, 19, 0, 0, 1, 2, 0, 2, 0, 0, 2, : 1, 3, 1, 1, 2, 2, 5, 3, 16, 3, 2, 1, 21, 5, 2, 1, 4, 5, 19, 1, 2, 2, 2, 
8: 0, 0, 0, 0, 0, 0, 0, 0, 1, 0, 0, 0, 4, 6, 11, 0, 0, 1, 1, 0, 1, 0, 0, 15, 16, 1, 1, 12, 0, 2, 10, 1, 0, 0, 3, 16, 1, 0, 0, 0, : 1, 4, 6, 11, 1, 1, 1, 15, 16, 1, 1, 12, 2, 10, 1, 3, 16, 1, 
2: 0, 0, 12, 0, 20, 3, 2, 4, 9, 0, 0, 0, 0, 1, 0, 0, 9, 0, 0, 5, 6, 0, 15, 0, 19, 0, 1, 0, 11, 0, 2, 0, 5, 0, 6, 0, 0, 2, 6, 0, : 12, 20, 3, 2, 4, 9, 1, 9, 5, 6, 15, 19, 1, 11, 2, 5, 6, 2, 6, 
40: 0, 11, 0, 0, 0, 8, 1, 0, 10, 0, 0, 8, 1, 9, 5, 1, 0, 1, 1, 1, 0, 2, 4, 0, 10, 0, 1, 1, 1, 1, 1, 0, 3, 0, 3, 1, 5, 18, 5, 0, : 11, 8, 1, 10, 8, 1, 9, 5, 1, 1, 1, 1, 2, 4, 10, 1, 1, 1, 1, 1, 3, 3, 1, 5, 18, 5, 
3: 0, 0, 2, 13, 0, 2, 0, 0, 5, 0, 19, 0, 0, 3, 6, 0, 8, 0, 8, 3, 15, 0, 1, 0, 0, 1, 16, 2, 6, 0, 0, 5, 5, 0, 5, 0, 0, 16, 0, 18, : 2, 13, 2, 5, 19, 3, 6, 8, 8, 3, 15, 1, 1, 16, 2, 6, 5, 5, 5, 16, 18, 
10: 0, 0, 17, 2, 0, 0, 6, 12, 1, 0, 8, 0, 0, 3, 16, 5, 2, 0, 0, 0, 8, 0, 0, 0, 3, 3, 1, 0, 0, 1, 0, 6, 5, 18, 1, 0, 1, 2, 25, 4, : 17, 2, 6, 12, 1, 8, 3, 16, 5, 2, 8, 3, 3, 1, 1, 6, 5, 18, 1, 1, 2, 25, 4, 
11: 1, 9, 1, 5, 21, 0, 4, 4, 3, 13, 3, 4, 4, 2, 9, 2, 0, 22, 2, 3, 5, 0, 0, 14, 2, 3, 2, 2, 3, 0, 1, 6, 2, 11, 11, 2, 8, 2, 2, 3, : 1, 9, 1, 5, 21, 4, 4, 3, 13, 3, 4, 4, 2, 9, 2, 22, 2, 3, 5, 14, 2, 3, 2, 2, 3, 1, 6, 2, 11, 11, 2, 8, 2, 2, 3, 
24: 0, 0, 0, 0, 0, 0, 2, 10, 5, 3, 0, 3, 8, 0, 0, 2, 0, 0, 3, 0, 3, 0, 0, 19, 0, 2, 7, 1, 0, 12, 2, 0, 0, 0, 2, 19, 0, 0, 0, 3, : 2, 10, 5, 3, 3, 8, 2, 3, 3, 19, 2, 7, 1, 12, 2, 2, 19, 3, 
39: 11, 4, 4, 5, 6, 3, 5, 1, 1, 0, 3, 1, 1, 0, 0, 8, 0, 2, 15, 2, 0, 1, 0, 0, 0, 14, 0, 9, 1, 0, 14, 0, 14, 0, 2, 0, 1, 0, 0, 2, : 11, 4, 4, 5, 6, 3, 5, 1, 1, 3, 1, 1, 8, 2, 15, 2, 1, 14, 9, 1, 14, 14, 2, 1, 2, 
22: 1, 0, 3, 0, 7, 0, 3, 2, 4, 0, 11, 5, 0, 3, 0, 6, 1, 0, 3, 11, 0, 0, 6, 1, 0, 0, 9, 6, 3, 1, 0, 0, 4, 0, 1, 0, 25, 3, 0, 6, : 1, 3, 7, 3, 2, 4, 11, 5, 3, 6, 1, 3, 11, 6, 1, 9, 6, 3, 1, 4, 1, 25, 3, 6, 
25: 1, 0, 13, 7, 0, 1, 0, 0, 13, 8, 1, 0, 0, 1, 0, 0, 2, 0, 1, 11, 0, 0, 2, 0, 0, 1, 2, 3, 2, 3, 0, 0, 1, 0, 2, 0, 0, 7, 0, 0, : 1, 13, 7, 1, 13, 8, 1, 1, 2, 1, 11, 2, 1, 2, 3, 2, 3, 1, 2, 7, 
17: 6, 4, 1, 0, 0, 0, 7, 4, 3, 17, 4, 12, 1, 0, 0, 13, 20, 3, 0, 1, 2, 13, 0, 0, 0, 5, 0, 6, 4, 0, 1, 1, 2, 1, 0, 12, 2, 3, 19, 0, : 6, 4, 1, 7, 4, 3, 17, 4, 12, 1, 13, 20, 3, 1, 2, 13, 5, 6, 4, 1, 1, 2, 1, 12, 2, 3, 19, 
20: 2, 2, 0, 9, 0, 0, 7, 0, 0, 0, 3, 1, 5, 1, 0, 3, 0, 0, 0, 1, 0, 0, 13, 0, 0, 9, 0, 0, 1, 10, 0, 0, 3, 20, 11, 0, 6, 0, 0, 7, : 2, 2, 9, 7, 3, 1, 5, 1, 3, 1, 13, 9, 1, 10, 3, 20, 11, 6, 7, 
33: 5, 0, 0, 1, 0, 10, 4, 5, 1, 0, 0, 20, 0, 10, 15, 2, 1, 8, 2, 0, 0, 5, 0, 0, 0, 0, 8, 5, 0, 0, 0, 11, 0, 0, 1, 8, 0, 0, 2, 0, : 5, 1, 10, 4, 5, 1, 20, 10, 15, 2, 1, 8, 2, 5, 8, 5, 11, 1, 8, 2, 
35: 14, 0, 5, 1, 0, 6, 0, 1, 5, 6, 0, 0, 16, 4, 0, 2, 0, 2, 0, 1, 0, 0, 7, 0, 0, 16, 0, 2, 4, 19, 1, 0, 5, 0, 9, 0, 1, 3, 2, 6, : 14, 5, 1, 6, 1, 5, 6, 16, 4, 2, 2, 1, 7, 16, 2, 4, 19, 1, 5, 9, 1, 3, 2, 6, 
38: 0, 0, 0, 0, 2, 13, 8, 16, 0, 8, 0, 2, 0, 1, 0, 0, 0, 12, 11, 7, 18, 2, 0, 11, 0, 0, 2, 9, 13, 0, 4, 1, 5, 14, 2, 0, 0, 0, 0, 5, : 2, 13, 8, 16, 8, 2, 1, 12, 11, 7, 18, 2, 11, 2, 9, 13, 4, 1, 5, 14, 2, 5, 
32: 0, 10, 0, 0, 0, 0, 5, 0, 1, 0, 7, 1, 17, 0, 0, 0, 0, 0, 12, 6, 6, 10, 15, 0, 10, 1, 1, 4, 5, 6, 0, 28, 2, 0, 0, 0, 0, 0, 0, 8, : 10, 5, 1, 7, 1, 17, 12, 6, 6, 10, 15, 10, 1, 1, 4, 5, 6, 28, 2, 8, 
5: 14, 0, 0, 3, 0, 0, 10, 5, 0, 9, 0, 8, 6, 0, 0, 0, 18, 9, 3, 0, 1, 4, 0, 0, 0, 0, 14, 0, 0, 0, 5, 0, 3, 0, 1, 0, 7, 4, 0, 0, : 14, 3, 10, 5, 9, 8, 6, 18, 9, 3, 1, 4, 14, 5, 3, 1, 7, 4, 
36: 0, 9, 7, 19, 4, 0, 0, 1, 0, 1, 6, 0, 0, 7, 0, 0, 0, 5, 0, 2, 0, 0, 2, 0, 0, 0, 0, 2, 3, 3, 2, 0, 4, 0, 1, 7, 4, 5, 0, 1, : 9, 7, 19, 4, 1, 1, 6, 7, 5, 2, 2, 2, 3, 3, 2, 4, 1, 7, 4, 5, 1, 


