
20
40
65
2

3: 9, 6, 0, 2, 10, 8, 0, 0, 0, 0, 2, 9, 0, 0, 0, 0, 0, 0, 1, 10, : 9, 6, 2, 10, 8, 2, 9, 1, 10, 
18: 0, 0, 0, 6, 0, 0, 0, 5, 0, 6, 3, 10, 5, 2, 0, 21, 6, 0, 17, 9, : 6, 5, 6, 3, 10, 5, 2, 21, 6, 17, 9, 
10: 7, 19, 1, 6, 0, 11, 0, 0, 12, 23, 6, 7, 12, 23, 8, 0, 0, 0, 0, 0, : 7, 19, 1, 6, 11, 12, 23, 6, 7, 12, 23, 8, 
38: 0, 0, 0, 3, 0, 1, 0, 0, 0, 11, 11, 0, 3, 5, 4, 1, 0, 0, 14, 1, : 3, 1, 11, 11, 3, 5, 4, 1, 14, 1, 
40: 0, 17, 17, 0, 0, 7, 0, 3, 3, 0, 0, 0, 7, 0, 1, 0, 13, 16, 0, 0, : 17, 17, 7, 3, 3, 7, 1, 13, 16, 
25: 0, 0, 4, 0, 0, 0, 1, 0, 14, 0, 1, 0, 0, 1, 15, 0, 0, 0, 0, 0, : 4, 1, 14, 1, 1, 15, 
13: 0, 0, 0, 8, 5, 0, 1, 2, 0, 1, 2, 0, 1, 1, 0, 0, 8, 2, 4, 0, : 8, 5, 1, 2, 1, 2, 1, 1, 8, 2, 4, 
16: 0, 5, 3, 1, 0, 9, 0, 0, 3, 0, 0, 0, 0, 0, 7, 9, 0, 2, 3, 13, : 5, 3, 1, 9, 3, 7, 9, 2, 3, 13, 
35: 1, 3, 4, 1, 0, 6, 3, 4, 22, 2, 0, 1, 4, 1, 0, 0, 6, 4, 2, 1, : 1, 3, 4, 1, 6, 3, 4, 22, 2, 1, 4, 1, 6, 4, 2, 1, 
29: 0, 0, 2, 0, 0, 6, 3, 16, 0, 2, 13, 0, 10, 4, 0, 0, 4, 0, 0, 0, : 2, 6, 3, 16, 2, 13, 10, 4, 4, 
6: 0, 2, 0, 6, 1, 0, 20, 6, 2, 1, 6, 3, 0, 0, 0, 0, 0, 4, 1, 15, : 2, 6, 1, 20, 6, 2, 1, 6, 3, 4, 1, 15, 
26: 13, 0, 1, 6, 2, 0, 0, 8, 1, 0, 1, 0, 4, 0, 2, 2, 12, 14, 1, 1, : 13, 1, 6, 2, 8, 1, 1, 4, 2, 2, 12, 14, 1, 1, 
9: 0, 0, 1, 0, 0, 0, 4, 0, 4, 1, 2, 3, 2, 9, 9, 2, 0, 2, 0, 0, : 1, 4, 4, 1, 2, 3, 2, 9, 9, 2, 2, 
37: 0, 0, 15, 4, 9, 10, 2, 0, 0, 0, 0, 8, 0, 0, 6, 0, 0, 1, 7, 0, : 15, 4, 9, 10, 2, 8, 6, 1, 7, 
20: 4, 10, 1, 0, 1, 0, 0, 7, 0, 0, 0, 3, 0, 1, 0, 0, 1, 0, 2, 0, : 4, 10, 1, 1, 7, 3, 1, 1, 2, 
21: 0, 0, 0, 3, 2, 4, 5, 0, 4, 0, 0, 0, 0, 12, 5, 1, 0, 5, 5, 5, : 3, 2, 4, 5, 4, 12, 5, 1, 5, 5, 5, 
31: 11, 0, 9, 0, 13, 0, 13, 2, 0, 10, 1, 1, 15, 1, 0, 11, 0, 6, 0, 0, : 11, 9, 13, 13, 2, 10, 1, 1, 15, 1, 11, 6, 
15: 0, 0, 3, 3, 8, 1, 10, 12, 0, 0, 11, 4, 0, 2, 0, 11, 0, 0, 1, 0, : 3, 3, 8, 1, 10, 12, 11, 4, 2, 11, 1, 
1: 18, 0, 3, 15, 14, 2, 3, 0, 0, 8, 3, 5, 0, 0, 6, 0, 15, 1, 1, 5, : 18, 3, 15, 14, 2, 3, 8, 3, 5, 6, 15, 1, 1, 5, 
12: 2, 3, 1, 1, 0, 0, 0, 0, 0, 0, 3, 11, 2, 3, 2, 7, 0, 8, 6, 5, : 2, 3, 1, 1, 3, 11, 2, 3, 2, 7, 8, 6, 5, 


22: 2, 2, 0, 0, 0, 0, 3, 2, 26, 2, 0, 10, 0, 0, 2, 4, 21, 0, 2, 0, : 2, 2, 3, 2, 26, 2, 10, 2, 4, 21, 2, 
7: 1, 0, 0, 3, 0, 0, 0, 0, 0, 1, 0, 9, 13, 0, 7, 0, 5, 16, 9, 0, : 1, 3, 1, 9, 13, 7, 5, 16, 9, 
27: 0, 1, 6, 0, 0, 3, 7, 0, 0, 4, 0, 1, 0, 0, 0, 1, 0, 11, 0, 0, : 1, 6, 3, 7, 4, 1, 1, 11, 
24: 0, 5, 0, 0, 15, 0, 0, 0, 0, 4, 4, 1, 2, 9, 0, 0, 0, 0, 13, 0, : 5, 15, 4, 4, 1, 2, 9, 13, 
39: 0, 2, 11, 0, 2, 3, 1, 2, 0, 0, 2, 6, 0, 3, 1, 0, 0, 19, 4, 9, : 2, 11, 2, 3, 1, 2, 2, 6, 3, 1, 19, 4, 9, 
8: 8, 15, 0, 0, 0, 0, 0, 14, 0, 0, 0, 1, 0, 0, 1, 0, 5, 0, 0, 25, : 8, 15, 14, 1, 1, 5, 25, 
34: 1, 1, 3, 22, 14, 0, 1, 0, 14, 25, 1, 2, 3, 24, 1, 1, 0, 0, 2, 0, : 1, 1, 3, 22, 14, 1, 14, 25, 1, 2, 3, 24, 1, 1, 2, 
23: 9, 0, 0, 5, 0, 4, 0, 9, 0, 0, 14, 10, 0, 0, 0, 6, 14, 0, 0, 0, : 9, 5, 4, 9, 14, 10, 6, 14, 
11: 7, 2, 0, 15, 0, 13, 14, 0, 5, 2, 6, 12, 0, 1, 0, 9, 0, 0, 0, 6, : 7, 2, 15, 13, 14, 5, 2, 6, 12, 1, 9, 6, 
33: 0, 0, 0, 0, 0, 0, 0, 19, 0, 5, 4, 1, 1, 0, 19, 0, 0, 8, 1, 11, : 19, 5, 4, 1, 1, 19, 8, 1, 11, 
28: 2, 6, 0, 0, 4, 2, 3, 0, 0, 0, 9, 1, 0, 0, 0, 10, 9, 0, 16, 0, : 2, 6, 4, 2, 3, 9, 1, 10, 9, 16, 
30: 2, 0, 0, 3, 0, 6, 0, 4, 0, 1, 4, 3, 0, 0, 8, 5, 0, 1, 0, 5, : 2, 3, 6, 4, 1, 4, 3, 8, 5, 1, 5, 
19: 1, 8, 0, 2, 1, 0, 14, 0, 6, 0, 0, 0, 21, 26, 0, 8, 1, 0, 3, 7, : 1, 8, 2, 1, 14, 6, 21, 26, 8, 1, 3, 7, 
4: 22, 0, 5, 0, 12, 11, 12, 1, 11, 1, 6, 0, 5, 0, 2, 1, 0, 0, 2, 0, : 22, 5, 12, 11, 12, 1, 11, 1, 6, 5, 2, 1, 2, 
2: 0, 5, 0, 0, 2, 6, 0, 1, 0, 6, 2, 8, 0, 0, 0, 3, 2, 0, 0, 0, : 5, 2, 6, 1, 6, 2, 8, 3, 2, 
17: 0, 4, 13, 7, 0, 5, 0, 0, 0, 9, 2, 0, 3, 0, 1, 0, 0, 0, 0, 0, : 4, 13, 7, 5, 9, 2, 3, 1, 
5: 7, 0, 1, 1, 0, 10, 10, 0, 3, 1, 5, 0, 1, 2, 0, 0, 0, 0, 3, 0, : 7, 1, 1, 10, 10, 3, 1, 5, 1, 2, 3, 
14: 1, 0, 12, 5, 3, 2, 0, 9, 0, 0, 2, 0, 1, 0, 23, 6, 7, 3, 9, 0, : 1, 12, 5, 3, 2, 9, 2, 1, 23, 6, 7, 3, 9, 
32: 2, 12, 1, 0, 12, 0, 0, 4, 0, 2, 4, 0, 7, 0, 0, 11, 0, 1, 0, 2, : 2, 12, 1, 12, 4, 2, 4, 7, 11, 1, 2, 
36: 0, 2, 13, 2, 0, 0, 0, 0, 0, 2, 0, 0, 8, 0, 0, 0, 1, 6, 1, 0, : 2, 13, 2, 2, 8, 1, 6, 1, 


