
20
40
65
2

26: 7, 3, 0, 0, 0, 1, 4, 3, 6, 0, 0, 8, 0, 1, 0, 0, 1, 2, 0, 1, : 7, 3, 1, 4, 3, 6, 8, 1, 1, 2, 1, 
31: 7, 4, 0, 9, 0, 15, 2, 0, 1, 11, 0, 0, 4, 0, 7, 1, 0, 1, 7, 1, : 7, 4, 9, 15, 2, 1, 11, 4, 7, 1, 1, 7, 1, 
21: 14, 0, 1, 0, 1, 1, 3, 0, 28, 9, 0, 4, 4, 0, 0, 3, 1, 8, 2, 12, : 14, 1, 1, 1, 3, 28, 9, 4, 4, 3, 1, 8, 2, 12, 
29: 0, 0, 0, 0, 0, 6, 1, 5, 0, 14, 10, 2, 0, 0, 0, 0, 1, 3, 0, 0, : 6, 1, 5, 14, 10, 2, 1, 3, 
5: 0, 0, 0, 0, 0, 1, 0, 0, 4, 0, 0, 1, 9, 0, 12, 0, 0, 2, 18, 0, : 1, 4, 1, 9, 12, 2, 18, 
34: 0, 0, 4, 0, 4, 0, 1, 11, 1, 1, 28, 4, 3, 24, 0, 12, 5, 14, 6, 4, : 4, 4, 1, 11, 1, 1, 28, 4, 3, 24, 12, 5, 14, 6, 4, 
35: 0, 0, 0, 0, 6, 1, 1, 0, 0, 1, 0, 4, 0, 0, 9, 25, 2, 0, 2, 4, : 6, 1, 1, 1, 4, 9, 25, 2, 2, 4, 
14: 0, 3, 9, 0, 0, 2, 10, 7, 2, 0, 0, 6, 0, 0, 0, 0, 0, 3, 0, 3, : 3, 9, 2, 10, 7, 2, 6, 3, 3, 
39: 4, 8, 0, 6, 6, 0, 1, 0, 5, 0, 0, 4, 5, 3, 0, 0, 3, 9, 11, 0, : 4, 8, 6, 6, 1, 5, 4, 5, 3, 3, 9, 11, 
4: 0, 4, 0, 7, 6, 0, 10, 1, 1, 8, 0, 0, 12, 1, 6, 0, 11, 1, 3, 3, : 4, 7, 6, 10, 1, 1, 8, 12, 1, 6, 11, 1, 3, 3, 
11: 0, 0, 0, 0, 6, 0, 8, 0, 4, 0, 0, 10, 0, 0, 9, 0, 1, 3, 0, 3, : 6, 8, 4, 10, 9, 1, 3, 3, 
25: 0, 0, 0, 0, 11, 0, 1, 21, 1, 1, 7, 3, 10, 0, 1, 1, 0, 0, 2, 11, : 11, 1, 21, 1, 1, 7, 3, 10, 1, 1, 2, 11, 
7: 0, 0, 11, 15, 0, 0, 6, 2, 0, 0, 15, 1, 6, 6, 0, 0, 1, 0, 2, 6, : 11, 15, 6, 2, 15, 1, 6, 6, 1, 2, 6, 
40: 4, 8, 19, 2, 2, 0, 2, 0, 3, 0, 0, 4, 6, 0, 11, 4, 0, 1, 0, 1, : 4, 8, 19, 2, 2, 2, 3, 4, 6, 11, 4, 1, 1, 
15: 6, 4, 0, 0, 0, 0, 0, 2, 2, 4, 1, 1, 0, 13, 0, 1, 9, 0, 0, 2, : 6, 4, 2, 2, 4, 1, 1, 13, 1, 9, 2, 
9: 13, 2, 0, 7, 1, 0, 0, 13, 0, 1, 0, 5, 0, 13, 5, 0, 9, 3, 0, 0, : 13, 2, 7, 1, 13, 1, 5, 13, 5, 9, 3, 
20: 9, 26, 5, 4, 5, 15, 9, 0, 0, 6, 1, 4, 0, 1, 0, 0, 13, 9, 1, 0, : 9, 26, 5, 4, 5, 15, 9, 6, 1, 4, 1, 13, 9, 1, 
2: 1, 0, 15, 0, 0, 4, 2, 0, 7, 1, 0, 4, 6, 0, 2, 15, 0, 4, 0, 3, : 1, 15, 4, 2, 7, 1, 4, 6, 2, 15, 4, 3, 
30: 0, 0, 1, 13, 7, 1, 3, 0, 0, 8, 3, 0, 0, 3, 0, 2, 8, 1, 11, 1, : 1, 13, 7, 1, 3, 8, 3, 3, 2, 8, 1, 11, 1, 
8: 0, 3, 0, 2, 10, 18, 1, 0, 0, 0, 0, 0, 0, 0, 3, 1, 0, 1, 0, 10, : 3, 2, 10, 18, 1, 3, 1, 1, 10, 


1: 2, 25, 5, 3, 12, 0, 0, 0, 11, 0, 7, 6, 0, 0, 2, 5, 0, 1, 7, 1, : 2, 25, 5, 3, 12, 11, 7, 6, 2, 5, 1, 7, 1, 
36: 1, 4, 0, 4, 0, 0, 0, 1, 0, 10, 0, 0, 0, 0, 5, 2, 11, 0, 5, 0, : 1, 4, 4, 1, 10, 5, 2, 11, 5, 
32: 0, 0, 7, 0, 5, 1, 1, 0, 11, 0, 0, 0, 0, 7, 4, 3, 3, 0, 0, 3, : 7, 5, 1, 1, 11, 7, 4, 3, 3, 3, 
24: 0, 6, 20, 0, 10, 0, 0, 0, 8, 2, 11, 0, 19, 0, 6, 1, 7, 16, 1, 10, : 6, 20, 10, 8, 2, 11, 19, 6, 1, 7, 16, 1, 10, 
3: 6, 0, 0, 0, 0, 6, 9, 7, 10, 1, 4, 0, 0, 0, 5, 3, 8, 12, 3, 2, : 6, 6, 9, 7, 10, 1, 4, 5, 3, 8, 12, 3, 2, 
37: 3, 3, 0, 20, 0, 6, 0, 0, 0, 11, 6, 15, 1, 10, 4, 4, 5, 3, 14, 1, : 3, 3, 20, 6, 11, 6, 15, 1, 10, 4, 4, 5, 3, 14, 1, 
10: 5, 0, 0, 0, 0, 2, 13, 0, 4, 0, 0, 0, 0, 0, 0, 1, 0, 5, 5, 0, : 5, 2, 13, 4, 1, 5, 5, 
18: 0, 0, 0, 0, 0, 0, 0, 2, 1, 0, 19, 6, 20, 4, 0, 10, 1, 0, 0, 9, : 2, 1, 19, 6, 20, 4, 10, 1, 9, 
12: 0, 0, 3, 0, 11, 5, 4, 0, 3, 0, 0, 2, 0, 2, 2, 2, 4, 2, 0, 0, : 3, 11, 5, 4, 3, 2, 2, 2, 2, 4, 2, 
23: 0, 0, 7, 2, 0, 1, 2, 3, 0, 18, 4, 1, 7, 11, 9, 6, 1, 0, 2, 1, : 7, 2, 1, 2, 3, 18, 4, 1, 7, 11, 9, 6, 1, 2, 1, 
22: 13, 5, 0, 1, 0, 0, 3, 12, 0, 0, 0, 0, 0, 1, 1, 7, 0, 1, 7, 1, : 13, 5, 1, 3, 12, 1, 1, 7, 1, 7, 1, 
6: 0, 0, 0, 0, 1, 5, 2, 14, 6, 7, 0, 2, 0, 0, 3, 2, 8, 0, 1, 1, : 1, 5, 2, 14, 6, 7, 2, 3, 2, 8, 1, 1, 
19: 6, 0, 1, 0, 0, 1, 0, 0, 0, 0, 1, 9, 0, 16, 11, 1, 0, 2, 1, 7, : 6, 1, 1, 1, 9, 16, 11, 1, 2, 1, 7, 
13: 0, 0, 0, 0, 1, 0, 27, 0, 0, 0, 0, 5, 0, 2, 2, 3, 0, 0, 1, 5, : 1, 27, 5, 2, 2, 3, 1, 5, 
16: 0, 11, 15, 16, 11, 1, 0, 0, 0, 0, 5, 4, 3, 0, 0, 1, 2, 0, 4, 0, : 11, 15, 16, 11, 1, 5, 4, 3, 1, 2, 4, 
17: 1, 1, 0, 3, 1, 0, 0, 6, 0, 0, 3, 6, 5, 0, 0, 1, 4, 2, 6, 7, : 1, 1, 3, 1, 6, 3, 6, 5, 1, 4, 2, 6, 7, 
33: 0, 0, 3, 16, 0, 27, 0, 0, 9, 10, 0, 0, 2, 4, 2, 4, 7, 8, 0, 0, : 3, 16, 27, 9, 10, 2, 4, 2, 4, 7, 8, 
27: 0, 0, 0, 0, 9, 1, 4, 9, 0, 6, 0, 0, 3, 5, 6, 1, 0, 3, 5, 0, : 9, 1, 4, 9, 6, 3, 5, 6, 1, 3, 5, 
28: 3, 1, 3, 0, 4, 9, 0, 0, 0, 0, 0, 4, 0, 1, 0, 7, 0, 10, 3, 17, : 3, 1, 3, 4, 9, 4, 1, 7, 10, 3, 17, 
38: 25, 9, 1, 0, 0, 0, 0, 11, 2, 0, 5, 5, 5, 2, 3, 1, 4, 0, 0, 0, : 25, 9, 1, 11, 2, 5, 5, 5, 2, 3, 1, 4, 


