
20
200
65
10

45: 0, 4, 0, 0, 12, 1, 16, 14, 0, 0, 0, 6, 0, 3, 9, 18, 5, 10, 3, 0, : 4, 12, 1, 16, 14, 6, 3, 9, 18, 5, 10, 3, 
165: 0, 1, 0, 1, 0, 2, 0, 0, 1, 0, 0, 1, 0, 0, 5, 0, 1, 6, 4, 0, : 1, 1, 2, 1, 1, 5, 1, 6, 4, 
78: 4, 6, 4, 0, 0, 0, 13, 2, 0, 0, 1, 0, 0, 11, 1, 0, 3, 0, 10, 1, : 4, 6, 4, 13, 2, 1, 11, 1, 3, 10, 1, 
161: 7, 0, 1, 15, 1, 0, 0, 2, 0, 0, 3, 19, 12, 2, 1, 0, 1, 0, 0, 0, : 7, 1, 15, 1, 2, 3, 19, 12, 2, 1, 1, 
185: 0, 4, 10, 0, 0, 12, 0, 5, 5, 0, 2, 0, 0, 3, 3, 1, 0, 0, 0, 0, : 4, 10, 12, 5, 5, 2, 3, 3, 1, 
50: 2, 2, 7, 0, 0, 0, 0, 0, 0, 8, 1, 3, 0, 12, 0, 0, 2, 2, 0, 0, : 2, 2, 7, 8, 1, 3, 12, 2, 2, 
68: 4, 10, 0, 0, 14, 0, 15, 1, 0, 0, 0, 0, 0, 0, 4, 0, 0, 0, 8, 5, : 4, 10, 14, 15, 1, 4, 8, 5, 
105: 0, 1, 3, 6, 5, 1, 0, 3, 6, 2, 0, 4, 5, 0, 0, 0, 0, 12, 0, 2, : 1, 3, 6, 5, 1, 3, 6, 2, 4, 5, 12, 2, 
156: 0, 3, 1, 0, 1, 4, 0, 1, 5, 0, 0, 0, 0, 0, 2, 0, 0, 0, 0, 8, : 3, 1, 1, 4, 1, 5, 2, 8, 
28: 0, 3, 0, 0, 1, 3, 0, 5, 2, 1, 0, 0, 0, 0, 9, 21, 5, 27, 0, 17, : 3, 1, 3, 5, 2, 1, 9, 21, 5, 27, 17, 
184: 0, 6, 17, 0, 0, 0, 5, 0, 20, 0, 1, 0, 0, 1, 3, 0, 0, 0, 0, 0, : 6, 17, 5, 20, 1, 1, 3, 
192: 7, 0, 0, 0, 8, 0, 0, 5, 0, 5, 1, 2, 0, 0, 0, 10, 3, 1, 13, 0, : 7, 8, 5, 5, 1, 2, 10, 3, 1, 13, 
18: 5, 7, 0, 9, 9, 2, 0, 1, 2, 2, 2, 0, 0, 5, 2, 0, 0, 0, 0, 0, : 5, 7, 9, 9, 2, 1, 2, 2, 2, 5, 2, 
16: 2, 0, 15, 3, 1, 18, 0, 1, 0, 0, 14, 0, 24, 0, 16, 0, 15, 0, 10, 0, : 2, 15, 3, 1, 18, 1, 14, 24, 16, 15, 10, 
92: 5, 2, 5, 1, 9, 2, 16, 0, 11, 9, 1, 0, 0, 0, 3, 0, 1, 0, 3, 0, : 5, 2, 5, 1, 9, 2, 16, 11, 9, 1, 3, 1, 3, 
150: 24, 2, 0, 0, 2, 4, 0, 1, 0, 27, 8, 11, 10, 9, 1, 0, 0, 0, 7, 0, : 24, 2, 2, 4, 1, 27, 8, 11, 10, 9, 1, 7, 
95: 0, 0, 0, 8, 0, 0, 0, 20, 0, 0, 3, 2, 0, 0, 0, 15, 1, 2, 7, 8, : 8, 20, 3, 2, 15, 1, 2, 7, 8, 
19: 1, 0, 0, 0, 0, 0, 0, 0, 10, 0, 2, 0, 0, 16, 3, 0, 6, 2, 0, 0, : 1, 10, 2, 16, 3, 6, 2, 
151: 4, 1, 0, 21, 2, 0, 0, 0, 0, 11, 18, 8, 14, 3, 0, 0, 0, 3, 0, 2, : 4, 1, 21, 2, 11, 18, 8, 14, 3, 3, 2, 
97: 0, 13, 2, 1, 0, 16, 0, 4, 3, 0, 8, 9, 0, 0, 3, 0, 22, 0, 0, 22, : 13, 2, 1, 16, 4, 3, 8, 9, 3, 22, 22, 


109: 1, 10, 2, 0, 0, 2, 3, 0, 1, 0, 0, 16, 1, 3, 0, 1, 3, 2, 0, 0, : 1, 10, 2, 2, 3, 1, 16, 1, 3, 1, 3, 2, 
115: 1, 15, 1, 6, 5, 2, 0, 2, 2, 4, 0, 16, 1, 3, 0, 6, 1, 0, 0, 2, : 1, 15, 1, 6, 5, 2, 2, 2, 4, 16, 1, 3, 6, 1, 2, 
79: 0, 8, 12, 6, 3, 1, 17, 0, 13, 0, 0, 0, 0, 2, 5, 10, 1, 1, 0, 0, : 8, 12, 6, 3, 1, 17, 13, 2, 5, 10, 1, 1, 
124: 0, 12, 0, 0, 2, 14, 0, 3, 0, 0, 1, 3, 0, 0, 18, 0, 1, 3, 0, 0, : 12, 2, 14, 3, 1, 3, 18, 1, 3, 
170: 2, 0, 0, 0, 0, 7, 0, 7, 0, 7, 4, 2, 0, 6, 1, 2, 0, 0, 0, 3, : 2, 7, 7, 7, 4, 2, 6, 1, 2, 3, 
125: 2, 1, 3, 3, 5, 6, 0, 3, 0, 0, 0, 0, 0, 0, 6, 0, 6, 6, 0, 6, : 2, 1, 3, 3, 5, 6, 3, 6, 6, 6, 6, 
46: 5, 7, 0, 0, 3, 4, 0, 4, 2, 0, 0, 0, 0, 7, 2, 7, 0, 9, 15, 2, : 5, 7, 3, 4, 4, 2, 7, 2, 7, 9, 15, 2, 
24: 0, 0, 21, 0, 1, 2, 0, 3, 0, 2, 1, 1, 0, 1, 4, 7, 11, 1, 17, 14, : 21, 1, 2, 3, 2, 1, 1, 1, 4, 7, 11, 1, 17, 14, 
102: 0, 0, 0, 2, 6, 3, 3, 11, 17, 0, 1, 1, 12, 1, 3, 5, 0, 7, 0, 0, : 2, 6, 3, 3, 11, 17, 1, 1, 12, 1, 3, 5, 7, 
10: 0, 3, 0, 2, 0, 5, 6, 0, 3, 0, 2, 1, 0, 1, 2, 0, 3, 0, 12, 25, : 3, 2, 5, 6, 3, 2, 1, 1, 2, 3, 12, 25, 
108: 16, 0, 0, 5, 22, 2, 14, 0, 0, 14, 22, 0, 1, 0, 4, 10, 13, 0, 0, 0, : 16, 5, 22, 2, 14, 14, 22, 1, 4, 10, 13, 
57: 18, 0, 0, 3, 1, 2, 0, 0, 1, 0, 1, 0, 0, 0, 7, 1, 0, 0, 0, 2, : 18, 3, 1, 2, 1, 1, 7, 1, 2, 
32: 6, 1, 0, 8, 0, 1, 0, 6, 0, 1, 0, 3, 0, 4, 2, 3, 0, 7, 0, 4, : 6, 1, 8, 1, 6, 1, 3, 4, 2, 3, 7, 4, 
189: 0, 0, 13, 1, 0, 6, 4, 1, 0, 0, 0, 17, 12, 15, 1, 2, 0, 6, 7, 0, : 13, 1, 6, 4, 1, 17, 12, 15, 1, 2, 6, 7, 
71: 2, 0, 8, 23, 1, 0, 0, 14, 0, 2, 7, 0, 0, 0, 0, 4, 7, 11, 0, 6, : 2, 8, 23, 1, 14, 2, 7, 4, 7, 11, 6, 
168: 0, 1, 0, 0, 1, 4, 0, 0, 1, 5, 2, 2, 0, 10, 1, 1, 2, 0, 2, 0, : 1, 1, 4, 1, 5, 2, 2, 10, 1, 1, 2, 2, 
37: 0, 4, 0, 0, 0, 1, 2, 3, 14, 0, 3, 0, 9, 0, 0, 1, 10, 7, 0, 1, : 4, 1, 2, 3, 14, 3, 9, 1, 10, 7, 1, 
178: 5, 1, 0, 2, 1, 2, 0, 6, 2, 3, 1, 0, 3, 5, 8, 1, 1, 5, 8, 0, : 5, 1, 2, 1, 2, 6, 2, 3, 1, 3, 5, 8, 1, 1, 5, 8, 
137: 7, 0, 0, 4, 2, 0, 4, 2, 6, 15, 9, 0, 26, 5, 0, 3, 5, 0, 4, 0, : 7, 4, 2, 4, 2, 6, 15, 9, 26, 5, 3, 5, 4, 
48: 0, 2, 5, 0, 12, 1, 12, 0, 3, 12, 11, 3, 0, 2, 1, 1, 1, 0, 0, 0, : 2, 5, 12, 1, 12, 3, 12, 11, 3, 2, 1, 1, 1, 


4: 5, 1, 0, 1, 0, 1, 7, 1, 0, 3, 0, 0, 0, 0, 8, 1, 4, 0, 6, 0, : 5, 1, 1, 1, 7, 1, 3, 8, 1, 4, 6, 
44: 0, 0, 1, 13, 0, 0, 2, 1, 0, 0, 0, 19, 0, 5, 6, 0, 0, 2, 0, 0, : 1, 13, 2, 1, 19, 5, 6, 2, 
72: 10, 0, 12, 0, 0, 0, 3, 1, 0, 1, 0, 3, 0, 9, 0, 0, 6, 0, 0, 19, : 10, 12, 3, 1, 1, 3, 9, 6, 19, 
152: 19, 0, 0, 0, 3, 0, 6, 0, 0, 0, 5, 7, 4, 0, 9, 4, 0, 4, 13, 0, : 19, 3, 6, 5, 7, 4, 9, 4, 4, 13, 
13: 5, 2, 6, 12, 0, 1, 4, 0, 20, 10, 0, 3, 0, 1, 0, 1, 2, 4, 0, 21, : 5, 2, 6, 12, 1, 4, 20, 10, 3, 1, 1, 2, 4, 21, 
60: 0, 0, 2, 2, 0, 0, 15, 1, 0, 0, 13, 0, 14, 5, 0, 6, 0, 0, 6, 15, : 2, 2, 15, 1, 13, 14, 5, 6, 6, 15, 
70: 0, 11, 1, 0, 0, 9, 1, 1, 0, 0, 1, 2, 20, 9, 0, 0, 19, 4, 0, 3, : 11, 1, 9, 1, 1, 1, 2, 20, 9, 19, 4, 3, 
128: 0, 12, 0, 4, 11, 0, 4, 3, 0, 0, 9, 0, 0, 28, 1, 1, 0, 0, 6, 0, : 12, 4, 11, 4, 3, 9, 28, 1, 1, 6, 
181: 0, 2, 3, 3, 0, 1, 0, 1, 9, 1, 21, 16, 14, 3, 0, 5, 0, 16, 0, 0, : 2, 3, 3, 1, 1, 9, 1, 21, 16, 14, 3, 5, 16, 
135: 0, 14, 0, 0, 0, 5, 1, 4, 8, 18, 0, 0, 2, 0, 3, 1, 20, 0, 0, 4, : 14, 5, 1, 4, 8, 18, 2, 3, 1, 20, 4, 
49: 0, 5, 3, 0, 21, 11, 0, 0, 0, 0, 0, 0, 2, 0, 2, 9, 0, 10, 0, 0, : 5, 3, 21, 11, 2, 2, 9, 10, 
66: 5, 0, 0, 0, 0, 11, 0, 0, 1, 9, 0, 0, 0, 0, 0, 0, 2, 10, 0, 1, : 5, 11, 1, 9, 2, 10, 1, 
146: 0, 0, 9, 0, 1, 13, 0, 3, 5, 2, 0, 0, 0, 3, 0, 10, 9, 0, 0, 0, : 9, 1, 13, 3, 5, 2, 3, 10, 9, 
81: 7, 0, 5, 10, 6, 1, 14, 1, 19, 0, 0, 8, 0, 2, 0, 3, 0, 6, 3, 0, : 7, 5, 10, 6, 1, 14, 1, 19, 8, 2, 3, 6, 3, 
190: 3, 14, 0, 0, 8, 1, 1, 2, 0, 7, 0, 0, 0, 0, 0, 15, 0, 0, 0, 0, : 3, 14, 8, 1, 1, 2, 7, 15, 
132: 8, 2, 1, 0, 15, 0, 0, 5, 0, 6, 14, 0, 0, 0, 15, 4, 3, 1, 3, 0, : 8, 2, 1, 15, 5, 6, 14, 15, 4, 3, 1, 3, 
176: 0, 0, 3, 1, 0, 4, 0, 25, 0, 0, 1, 0, 1, 0, 0, 1, 0, 0, 2, 0, : 3, 1, 4, 25, 1, 1, 1, 2, 
90: 0, 0, 2, 0, 0, 6, 1, 9, 1, 3, 1, 3, 0, 0, 20, 1, 0, 0, 17, 0, : 2, 6, 1, 9, 1, 3, 1, 3, 20, 1, 17, 
157: 3, 0, 2, 12, 0, 1, 0, 1, 2, 0, 0, 4, 0, 0, 1, 0, 0, 8, 6, 0, : 3, 2, 12, 1, 1, 2, 4, 1, 8, 6, 
8: 0, 2, 15, 7, 0, 0, 6, 6, 0, 5, 0, 0, 8, 0, 0, 3, 0, 0, 3, 2, : 2, 15, 7, 6, 6, 5, 8, 3, 3, 2, 


172: 6, 10, 10, 0, 3, 2, 3, 0, 5, 0, 7, 0, 3, 4, 0, 0, 0, 0, 2, 0, : 6, 10, 10, 3, 2, 3, 5, 7, 3, 4, 2, 
180: 0, 0, 0, 12, 0, 2, 1, 19, 5, 5, 1, 0, 0, 1, 2, 0, 0, 11, 11, 0, : 12, 2, 1, 19, 5, 5, 1, 1, 2, 11, 11, 
93: 0, 0, 3, 0, 7, 11, 0, 0, 0, 1, 6, 8, 22, 1, 0, 0, 9, 1, 3, 2, : 3, 7, 11, 1, 6, 8, 22, 1, 9, 1, 3, 2, 
142: 0, 0, 0, 0, 1, 0, 4, 0, 0, 0, 6, 0, 0, 16, 8, 0, 5, 0, 0, 0, : 1, 4, 6, 16, 8, 5, 
67: 9, 17, 19, 20, 0, 5, 0, 0, 0, 5, 0, 8, 0, 2, 3, 0, 7, 3, 0, 9, : 9, 17, 19, 20, 5, 5, 8, 2, 3, 7, 3, 9, 
196: 2, 0, 0, 8, 3, 12, 0, 0, 1, 0, 3, 0, 0, 7, 18, 5, 2, 13, 1, 3, : 2, 8, 3, 12, 1, 3, 7, 18, 5, 2, 13, 1, 3, 
162: 0, 0, 4, 7, 0, 0, 20, 2, 0, 21, 4, 0, 0, 0, 1, 0, 0, 6, 1, 0, : 4, 7, 20, 2, 21, 4, 1, 6, 1, 
194: 3, 0, 0, 4, 0, 1, 0, 0, 1, 4, 1, 0, 0, 6, 1, 0, 0, 4, 0, 0, : 3, 4, 1, 1, 4, 1, 6, 1, 4, 
85: 4, 4, 10, 0, 0, 0, 0, 2, 0, 0, 0, 0, 15, 4, 0, 0, 0, 0, 4, 2, : 4, 4, 10, 2, 15, 4, 4, 2, 
11: 1, 17, 3, 0, 3, 5, 0, 0, 15, 0, 6, 3, 0, 0, 0, 0, 0, 11, 4, 0, : 1, 17, 3, 3, 5, 15, 6, 3, 11, 4, 
51: 13, 8, 9, 0, 5, 3, 9, 2, 0, 2, 0, 0, 0, 0, 0, 0, 0, 3, 2, 13, : 13, 8, 9, 5, 3, 9, 2, 2, 3, 2, 13, 
131: 0, 0, 0, 0, 5, 7, 1, 6, 0, 0, 10, 0, 0, 0, 9, 0, 1, 0, 0, 0, : 5, 7, 1, 6, 10, 9, 1, 
126: 1, 5, 2, 0, 14, 0, 0, 20, 2, 0, 4, 0, 10, 0, 2, 0, 2, 4, 1, 1, : 1, 5, 2, 14, 20, 2, 4, 10, 2, 2, 4, 1, 1, 
54: 4, 4, 3, 2, 10, 0, 10, 0, 4, 0, 1, 23, 0, 0, 5, 8, 14, 4, 6, 0, : 4, 4, 3, 2, 10, 10, 4, 1, 23, 5, 8, 14, 4, 6, 
117: 5, 0, 1, 0, 4, 8, 0, 0, 3, 0, 3, 5, 0, 3, 2, 9, 0, 2, 13, 0, : 5, 1, 4, 8, 3, 3, 5, 3, 2, 9, 2, 13, 
41: 0, 0, 1, 9, 0, 0, 0, 0, 0, 1, 3, 3, 0, 3, 3, 12, 1, 0, 14, 1, : 1, 9, 1, 3, 3, 3, 3, 12, 1, 14, 1, 
62: 0, 0, 0, 0, 0, 2, 5, 8, 6, 10, 8, 0, 11, 0, 2, 1, 0, 0, 2, 2, : 2, 5, 8, 6, 10, 8, 11, 2, 1, 2, 2, 
120: 11, 0, 0, 2, 0, 4, 3, 0, 17, 3, 2, 15, 0, 1, 8, 5, 0, 1, 0, 0, : 11, 2, 4, 3, 17, 3, 2, 15, 1, 8, 5, 1, 
52: 6, 0, 0, 0, 10, 0, 6, 1, 2, 0, 0, 0, 4, 10, 1, 23, 24, 0, 1, 11, : 6, 10, 6, 1, 2, 4, 10, 1, 23, 24, 1, 11, 
191: 0, 0, 0, 1, 0, 3, 3, 5, 4, 13, 0, 0, 0, 7, 0, 2, 0, 2, 0, 21, : 1, 3, 3, 5, 4, 13, 7, 2, 2, 21, 


179: 0, 0, 0, 2, 0, 15, 0, 0, 0, 0, 0, 2, 1, 0, 16, 2, 0, 0, 0, 0, : 2, 15, 2, 1, 16, 2, 
134: 1, 0, 19, 1, 0, 1, 0, 0, 2, 12, 0, 0, 1, 0, 1, 0, 14, 0, 0, 0, : 1, 19, 1, 1, 2, 12, 1, 1, 14, 
158: 4, 0, 0, 5, 2, 0, 15, 4, 4, 4, 0, 0, 4, 13, 0, 0, 0, 20, 4, 11, : 4, 5, 2, 15, 4, 4, 4, 4, 13, 20, 4, 11, 
75: 1, 6, 1, 1, 17, 4, 8, 0, 0, 0, 1, 0, 6, 12, 1, 0, 3, 3, 0, 0, : 1, 6, 1, 1, 17, 4, 8, 1, 6, 12, 1, 3, 3, 
76: 0, 0, 0, 2, 0, 0, 0, 0, 0, 21, 0, 0, 5, 3, 11, 0, 2, 0, 13, 0, : 2, 21, 5, 3, 11, 2, 13, 
20: 0, 16, 0, 0, 0, 2, 0, 2, 3, 11, 5, 0, 0, 0, 0, 7, 0, 8, 3, 14, : 16, 2, 2, 3, 11, 5, 7, 8, 3, 14, 
33: 0, 11, 0, 0, 5, 0, 0, 7, 17, 0, 2, 0, 1, 0, 0, 0, 6, 0, 0, 1, : 11, 5, 7, 17, 2, 1, 6, 1, 
12: 8, 2, 0, 1, 0, 4, 0, 0, 1, 0, 3, 15, 8, 0, 11, 0, 11, 4, 7, 1, : 8, 2, 1, 4, 1, 3, 15, 8, 11, 11, 4, 7, 1, 
15: 0, 3, 3, 1, 1, 4, 0, 1, 8, 5, 0, 2, 4, 3, 9, 10, 8, 5, 8, 0, : 3, 3, 1, 1, 4, 1, 8, 5, 2, 4, 3, 9, 10, 8, 5, 8, 
200: 0, 1, 11, 7, 0, 2, 2, 0, 21, 0, 16, 2, 0, 0, 1, 0, 1, 0, 4, 0, : 1, 11, 7, 2, 2, 21, 16, 2, 1, 1, 4, 
139: 16, 0, 0, 0, 8, 1, 5, 5, 0, 0, 14, 0, 0, 0, 0, 4, 0, 0, 7, 0, : 16, 8, 1, 5, 5, 14, 4, 7, 
59: 1, 0, 16, 9, 1, 1, 0, 1, 0, 0, 2, 0, 1, 4, 0, 2, 0, 0, 0, 2, : 1, 16, 9, 1, 1, 1, 2, 1, 4, 2, 2, 
166: 1, 0, 10, 11, 3, 2, 2, 4, 0, 0, 2, 7, 6, 3, 0, 11, 0, 7, 0, 1, : 1, 10, 11, 3, 2, 2, 4, 2, 7, 6, 3, 11, 7, 1, 
173: 1, 0, 0, 5, 0, 5, 0, 3, 0, 10, 0, 11, 14, 0, 7, 0, 8, 1, 3, 2, : 1, 5, 5, 3, 10, 11, 14, 7, 8, 1, 3, 2, 
55: 0, 0, 2, 0, 0, 7, 5, 1, 2, 0, 3, 1, 1, 23, 0, 1, 1, 0, 0, 20, : 2, 7, 5, 1, 2, 3, 1, 1, 23, 1, 1, 20, 
74: 0, 24, 0, 10, 2, 0, 3, 0, 4, 1, 0, 16, 1, 0, 0, 10, 5, 2, 0, 0, : 24, 10, 2, 3, 4, 1, 16, 1, 10, 5, 2, 
149: 0, 0, 3, 6, 10, 0, 0, 8, 0, 0, 0, 8, 5, 0, 1, 0, 1, 0, 1, 0, : 3, 6, 10, 8, 8, 5, 1, 1, 1, 
175: 1, 1, 0, 2, 0, 9, 19, 25, 0, 1, 9, 0, 0, 4, 1, 6, 2, 8, 1, 0, : 1, 1, 2, 9, 19, 25, 1, 9, 4, 1, 6, 2, 8, 1, 
98: 9, 0, 0, 0, 0, 0, 6, 4, 3, 0, 0, 0, 6, 0, 0, 12, 3, 7, 10, 0, : 9, 6, 4, 3, 6, 12, 3, 7, 10, 
7: 22, 1, 0, 2, 16, 8, 0, 0, 0, 0, 8, 1, 1, 0, 6, 0, 0, 0, 4, 13, : 22, 1, 2, 16, 8, 8, 1, 1, 6, 4, 13, 


103: 0, 0, 2, 1, 0, 0, 1, 0, 0, 3, 0, 0, 0, 0, 0, 0, 0, 2, 3, 9, : 2, 1, 1, 3, 2, 3, 9, 
9: 5, 0, 2, 12, 2, 0, 4, 0, 14, 0, 0, 3, 0, 11, 0, 0, 10, 0, 0, 2, : 5, 2, 12, 2, 4, 14, 3, 11, 10, 2, 
100: 0, 1, 1, 2, 0, 0, 2, 2, 0, 0, 0, 5, 21, 0, 0, 16, 10, 0, 2, 0, : 1, 1, 2, 2, 2, 5, 21, 16, 10, 2, 
38: 1, 0, 0, 2, 0, 11, 0, 0, 2, 8, 1, 0, 11, 7, 0, 1, 5, 3, 3, 9, : 1, 2, 11, 2, 8, 1, 11, 7, 1, 5, 3, 3, 9, 
114: 0, 2, 5, 10, 0, 0, 5, 6, 2, 5, 2, 2, 0, 25, 0, 0, 21, 2, 3, 7, : 2, 5, 10, 5, 6, 2, 5, 2, 2, 25, 21, 2, 3, 7, 
58: 0, 6, 14, 2, 0, 2, 5, 4, 1, 1, 2, 1, 0, 0, 2, 0, 0, 0, 0, 0, : 6, 14, 2, 2, 5, 4, 1, 1, 2, 1, 2, 
110: 20, 0, 0, 1, 0, 0, 0, 4, 0, 0, 5, 0, 0, 14, 4, 0, 0, 0, 3, 5, : 20, 1, 4, 5, 14, 4, 3, 5, 
118: 8, 0, 2, 1, 1, 0, 16, 0, 0, 12, 0, 0, 14, 0, 0, 13, 0, 3, 6, 4, : 8, 2, 1, 1, 16, 12, 14, 13, 3, 6, 4, 
153: 0, 1, 1, 0, 1, 8, 0, 2, 27, 0, 0, 18, 0, 0, 4, 0, 0, 19, 2, 2, : 1, 1, 1, 8, 2, 27, 18, 4, 19, 2, 2, 
198: 0, 4, 7, 0, 19, 0, 11, 3, 0, 0, 3, 4, 0, 3, 0, 1, 0, 1, 0, 14, : 4, 7, 19, 11, 3, 3, 4, 3, 1, 1, 14, 
104: 4, 0, 17, 0, 0, 0, 0, 3, 0, 0, 0, 7, 12, 1, 18, 1, 0, 0, 0, 3, : 4, 17, 3, 7, 12, 1, 18, 1, 3, 
141: 0, 5, 2, 0, 5, 0, 1, 2, 0, 0, 7, 5, 0, 0, 5, 4, 0, 7, 25, 0, : 5, 2, 5, 1, 2, 7, 5, 5, 4, 7, 25, 
159: 10, 9, 2, 8, 21, 0, 1, 5, 0, 19, 1, 11, 0, 1, 10, 0, 6, 3, 7, 0, : 10, 9, 2, 8, 21, 1, 5, 19, 1, 11, 1, 10, 6, 3, 7, 
121: 1, 12, 0, 14, 0, 0, 0, 0, 0, 1, 0, 0, 0, 0, 1, 1, 0, 0, 5, 0, : 1, 12, 14, 1, 1, 1, 5, 
129: 1, 11, 0, 5, 1, 1, 0, 6, 0, 2, 13, 1, 0, 3, 5, 0, 0, 12, 1, 0, : 1, 11, 5, 1, 1, 6, 2, 13, 1, 3, 5, 12, 1, 
96: 0, 10, 6, 0, 6, 12, 4, 1, 12, 3, 0, 2, 5, 0, 0, 1, 0, 1, 0, 5, : 10, 6, 6, 12, 4, 1, 12, 3, 2, 5, 1, 1, 5, 
107: 1, 2, 0, 0, 0, 22, 2, 16, 0, 6, 2, 4, 0, 0, 0, 1, 0, 6, 1, 3, : 1, 2, 22, 2, 16, 6, 2, 4, 1, 6, 1, 3, 
186: 14, 2, 0, 3, 5, 0, 3, 0, 0, 0, 7, 0, 2, 0, 12, 26, 2, 0, 1, 0, : 14, 2, 3, 5, 3, 7, 2, 12, 26, 2, 1, 
99: 0, 0, 0, 0, 3, 9, 5, 8, 7, 5, 16, 1, 0, 0, 4, 0, 11, 0, 0, 0, : 3, 9, 5, 8, 7, 5, 16, 1, 4, 11, 
193: 0, 0, 4, 4, 1, 0, 5, 3, 0, 0, 6, 1, 0, 0, 0, 0, 0, 6, 3, 2, : 4, 4, 1, 5, 3, 6, 1, 6, 3, 2, 


106: 0, 0, 0, 0, 0, 1, 2, 10, 12, 0, 0, 0, 2, 16, 22, 13, 17, 5, 0, 6, : 1, 2, 10, 12, 2, 16, 22, 13, 17, 5, 6, 
63: 8, 0, 5, 4, 0, 5, 13, 0, 0, 6, 0, 6, 0, 0, 1, 0, 0, 6, 0, 1, : 8, 5, 4, 5, 13, 6, 6, 1, 6, 1, 
169: 0, 6, 3, 0, 5, 0, 0, 20, 0, 0, 8, 10, 0, 0, 0, 21, 7, 6, 0, 0, : 6, 3, 5, 20, 8, 10, 21, 7, 6, 
122: 1, 0, 0, 0, 2, 0, 16, 3, 5, 1, 11, 1, 0, 16, 5, 0, 0, 5, 0, 0, : 1, 2, 16, 3, 5, 1, 11, 1, 16, 5, 5, 
164: 0, 0, 0, 22, 9, 0, 0, 1, 7, 1, 3, 4, 5, 0, 0, 0, 1, 4, 0, 3, : 22, 9, 1, 7, 1, 3, 4, 5, 1, 4, 3, 
127: 0, 0, 3, 0, 0, 2, 0, 0, 0, 0, 0, 1, 5, 0, 0, 2, 0, 0, 11, 10, : 3, 2, 1, 5, 2, 11, 10, 
154: 0, 0, 3, 0, 2, 6, 8, 0, 0, 0, 0, 2, 9, 7, 0, 0, 0, 4, 0, 0, : 3, 2, 6, 8, 2, 9, 7, 4, 
101: 17, 27, 0, 10, 0, 1, 0, 2, 9, 0, 5, 1, 0, 0, 15, 0, 0, 0, 0, 8, : 17, 27, 10, 1, 2, 9, 5, 1, 15, 8, 
34: 3, 0, 3, 0, 0, 0, 0, 5, 1, 0, 9, 5, 0, 0, 0, 12, 1, 0, 1, 1, : 3, 3, 5, 1, 9, 5, 12, 1, 1, 1, 
177: 0, 0, 0, 0, 0, 19, 16, 0, 3, 0, 0, 8, 12, 0, 0, 0, 0, 0, 9, 2, : 19, 16, 3, 8, 12, 9, 2, 
94: 18, 2, 19, 0, 0, 0, 0, 0, 3, 0, 4, 3, 0, 0, 2, 1, 0, 3, 8, 4, : 18, 2, 19, 3, 4, 3, 2, 1, 3, 8, 4, 
47: 1, 0, 0, 0, 0, 0, 0, 0, 0, 0, 11, 4, 12, 5, 0, 0, 0, 16, 0, 5, : 1, 11, 4, 12, 5, 16, 5, 
87: 0, 0, 4, 2, 6, 0, 0, 0, 3, 2, 0, 2, 0, 5, 0, 1, 1, 0, 0, 0, : 4, 2, 6, 3, 2, 2, 5, 1, 1, 
163: 2, 0, 2, 0, 5, 3, 0, 2, 5, 0, 0, 0, 16, 0, 0, 0, 0, 12, 11, 0, : 2, 2, 5, 3, 2, 5, 16, 12, 11, 
22: 11, 0, 2, 13, 11, 16, 9, 11, 7, 3, 5, 0, 3, 0, 0, 15, 0, 0, 0, 5, : 11, 2, 13, 11, 16, 9, 11, 7, 3, 5, 3, 15, 5, 
30: 0, 0, 1, 1, 9, 11, 0, 1, 3, 0, 2, 3, 0, 3, 0, 0, 12, 0, 4, 1, : 1, 1, 9, 11, 1, 3, 2, 3, 3, 12, 4, 1, 
39: 0, 27, 14, 0, 0, 0, 0, 2, 0, 20, 0, 2, 0, 0, 20, 0, 3, 0, 0, 3, : 27, 14, 2, 20, 2, 20, 3, 3, 
174: 1, 0, 3, 0, 0, 1, 0, 1, 7, 4, 0, 9, 1, 0, 0, 0, 0, 0, 18, 8, : 1, 3, 1, 1, 7, 4, 9, 1, 18, 8, 
155: 1, 3, 3, 1, 16, 0, 0, 7, 0, 16, 5, 4, 0, 6, 0, 0, 21, 4, 3, 0, : 1, 3, 3, 1, 16, 7, 16, 5, 4, 6, 21, 4, 3, 
36: 2, 0, 0, 12, 0, 0, 1, 0, 0, 12, 2, 0, 0, 7, 0, 0, 2, 0, 0, 8, : 2, 12, 1, 12, 2, 7, 2, 8, 


147: 10, 0, 3, 5, 0, 6, 0, 0, 5, 3, 0, 19, 3, 1, 2, 5, 1, 1, 2, 0, : 10, 3, 5, 6, 5, 3, 19, 3, 1, 2, 5, 1, 1, 2, 
182: 0, 0, 5, 10, 2, 7, 0, 4, 3, 8, 2, 5, 0, 3, 0, 0, 0, 20, 1, 0, : 5, 10, 2, 7, 4, 3, 8, 2, 5, 3, 20, 1, 
84: 0, 8, 0, 0, 8, 4, 0, 4, 3, 3, 10, 2, 0, 5, 0, 0, 0, 0, 0, 21, : 8, 8, 4, 4, 3, 3, 10, 2, 5, 21, 
26: 0, 0, 6, 2, 2, 4, 0, 1, 0, 3, 0, 3, 21, 1, 1, 2, 13, 8, 13, 6, : 6, 2, 2, 4, 1, 3, 3, 21, 1, 1, 2, 13, 8, 13, 6, 
195: 0, 7, 0, 0, 0, 0, 5, 0, 0, 7, 0, 1, 2, 5, 19, 4, 1, 0, 2, 0, : 7, 5, 7, 1, 2, 5, 19, 4, 1, 2, 
183: 11, 8, 2, 2, 0, 0, 4, 8, 7, 3, 0, 6, 0, 3, 3, 0, 0, 0, 7, 2, : 11, 8, 2, 2, 4, 8, 7, 3, 6, 3, 3, 7, 2, 
148: 4, 0, 0, 11, 0, 0, 2, 0, 0, 1, 5, 4, 9, 1, 0, 0, 2, 0, 10, 7, : 4, 11, 2, 1, 5, 4, 9, 1, 2, 10, 7, 
138: 9, 0, 3, 16, 14, 10, 0, 0, 0, 10, 6, 6, 6, 3, 21, 2, 0, 0, 0, 0, : 9, 3, 16, 14, 10, 10, 6, 6, 6, 3, 21, 2, 
61: 0, 5, 3, 2, 0, 0, 2, 0, 0, 2, 2, 0, 4, 10, 2, 4, 20, 2, 0, 0, : 5, 3, 2, 2, 2, 2, 4, 10, 2, 4, 20, 2, 
23: 13, 1, 0, 0, 0, 0, 7, 2, 4, 11, 11, 0, 5, 0, 0, 3, 0, 0, 0, 0, : 13, 1, 7, 2, 4, 11, 11, 5, 3, 
64: 0, 17, 0, 0, 3, 0, 12, 18, 5, 2, 4, 0, 0, 0, 0, 0, 0, 0, 3, 0, : 17, 3, 12, 18, 5, 2, 4, 3, 
69: 1, 10, 4, 0, 8, 0, 0, 0, 0, 1, 0, 0, 0, 1, 0, 0, 1, 0, 0, 19, : 1, 10, 4, 8, 1, 1, 1, 19, 
27: 3, 2, 3, 2, 0, 4, 0, 0, 0, 0, 1, 5, 1, 0, 0, 1, 3, 11, 1, 5, : 3, 2, 3, 2, 4, 1, 5, 1, 1, 3, 11, 1, 5, 
111: 1, 0, 4, 0, 0, 4, 0, 6, 10, 1, 1, 2, 3, 5, 0, 9, 1, 2, 4, 0, : 1, 4, 4, 6, 10, 1, 1, 2, 3, 5, 9, 1, 2, 4, 
160: 0, 1, 5, 7, 1, 1, 20, 5, 14, 0, 0, 1, 1, 0, 1, 5, 20, 0, 2, 3, : 1, 5, 7, 1, 1, 20, 5, 14, 1, 1, 1, 5, 20, 2, 3, 
21: 2, 0, 0, 0, 10, 0, 0, 0, 8, 1, 0, 11, 0, 1, 2, 2, 0, 6, 0, 0, : 2, 10, 8, 1, 11, 1, 2, 2, 6, 
88: 0, 0, 8, 1, 2, 3, 11, 3, 0, 0, 0, 0, 1, 8, 2, 0, 0, 0, 1, 0, : 8, 1, 2, 3, 11, 3, 1, 8, 2, 1, 
25: 0, 2, 10, 0, 6, 17, 1, 3, 0, 0, 1, 0, 9, 17, 1, 13, 3, 5, 6, 0, : 2, 10, 6, 17, 1, 3, 1, 9, 17, 1, 13, 3, 5, 6, 
145: 11, 4, 6, 6, 1, 0, 0, 11, 6, 4, 1, 0, 0, 1, 5, 0, 0, 9, 8, 2, : 11, 4, 6, 6, 1, 11, 6, 4, 1, 1, 5, 9, 8, 2, 
1: 0, 0, 3, 1, 8, 5, 1, 0, 0, 5, 21, 0, 0, 0, 6, 15, 0, 1, 5, 0, : 3, 1, 8, 5, 1, 5, 21, 6, 15, 1, 5, 


29: 1, 0, 0, 0, 0, 16, 0, 0, 0, 1, 0, 0, 0, 3, 9, 4, 3, 0, 0, 4, : 1, 16, 1, 3, 9, 4, 3, 4, 
42: 8, 4, 1, 3, 26, 0, 1, 4, 24, 7, 0, 0, 5, 6, 0, 0, 2, 0, 3, 0, : 8, 4, 1, 3, 26, 1, 4, 24, 7, 5, 6, 2, 3, 
77: 0, 0, 0, 0, 0, 4, 0, 0, 0, 0, 0, 0, 2, 0, 17, 0, 20, 1, 2, 6, : 4, 2, 17, 20, 1, 2, 6, 
65: 0, 0, 4, 6, 0, 2, 4, 8, 0, 0, 10, 14, 20, 0, 2, 1, 11, 0, 0, 3, : 4, 6, 2, 4, 8, 10, 14, 20, 2, 1, 11, 3, 
123: 0, 0, 0, 0, 0, 2, 0, 1, 0, 2, 13, 12, 4, 6, 0, 0, 1, 17, 3, 5, : 2, 1, 2, 13, 12, 4, 6, 1, 17, 3, 5, 
86: 4, 0, 3, 3, 0, 7, 13, 17, 2, 0, 14, 2, 0, 0, 0, 0, 0, 14, 2, 0, : 4, 3, 3, 7, 13, 17, 2, 14, 2, 14, 2, 
113: 5, 0, 10, 0, 2, 0, 0, 12, 16, 0, 11, 0, 13, 0, 1, 0, 1, 0, 7, 1, : 5, 10, 2, 12, 16, 11, 13, 1, 1, 7, 1, 
187: 0, 0, 0, 0, 1, 0, 1, 1, 0, 0, 0, 5, 2, 3, 2, 1, 0, 0, 0, 0, : 1, 1, 1, 5, 2, 3, 2, 1, 
144: 7, 23, 13, 0, 0, 0, 0, 2, 9, 3, 0, 7, 2, 11, 9, 0, 2, 1, 7, 6, : 7, 23, 13, 2, 9, 3, 7, 2, 11, 9, 2, 1, 7, 6, 
82: 8, 0, 0, 10, 0, 5, 0, 5, 0, 0, 3, 7, 0, 0, 2, 3, 0, 3, 0, 4, : 8, 10, 5, 5, 3, 7, 2, 3, 3, 4, 
31: 2, 18, 0, 8, 0, 7, 1, 0, 5, 0, 5, 1, 2, 4, 14, 0, 1, 0, 0, 2, : 2, 18, 8, 7, 1, 5, 5, 1, 2, 4, 14, 1, 2, 
40: 0, 0, 0, 0, 1, 10, 0, 2, 2, 1, 1, 10, 0, 8, 1, 6, 2, 2, 3, 0, : 1, 10, 2, 2, 1, 1, 10, 8, 1, 6, 2, 2, 3, 
91: 5, 15, 4, 0, 6, 0, 6, 2, 0, 0, 3, 0, 0, 4, 0, 0, 0, 1, 0, 1, : 5, 15, 4, 6, 6, 2, 3, 4, 1, 1, 
140: 0, 2, 0, 3, 1, 0, 7, 0, 0, 0, 3, 0, 1, 5, 0, 0, 3, 5, 0, 0, : 2, 3, 1, 7, 3, 1, 5, 3, 5, 
2: 16, 3, 15, 0, 6, 3, 0, 0, 0, 3, 0, 0, 6, 0, 0, 25, 0, 2, 6, 8, : 16, 3, 15, 6, 3, 3, 6, 25, 2, 6, 8, 
56: 4, 0, 0, 2, 0, 0, 7, 4, 0, 5, 0, 1, 7, 0, 0, 6, 0, 0, 1, 8, : 4, 2, 7, 4, 5, 1, 7, 6, 1, 8, 
197: 0, 0, 3, 17, 0, 9, 2, 0, 0, 15, 0, 4, 0, 6, 0, 0, 3, 5, 12, 2, : 3, 17, 9, 2, 15, 4, 6, 3, 5, 12, 2, 
6: 0, 0, 1, 0, 21, 0, 2, 0, 7, 7, 0, 2, 0, 3, 5, 18, 1, 0, 0, 5, : 1, 21, 2, 7, 7, 2, 3, 5, 18, 1, 5, 
80: 0, 0, 11, 13, 1, 0, 15, 7, 0, 0, 2, 0, 1, 0, 1, 0, 15, 0, 0, 0, : 11, 13, 1, 15, 7, 2, 1, 1, 15, 
133: 5, 0, 0, 0, 0, 0, 6, 0, 0, 21, 0, 0, 0, 6, 2, 1, 0, 14, 19, 10, : 5, 6, 21, 6, 2, 1, 14, 19, 10, 


3: 0, 11, 0, 4, 9, 0, 4, 2, 6, 4, 1, 0, 0, 0, 0, 3, 4, 0, 5, 0, : 11, 4, 9, 4, 2, 6, 4, 1, 3, 4, 5, 
199: 0, 0, 2, 1, 0, 1, 0, 0, 5, 0, 2, 2, 0, 1, 0, 7, 0, 0, 4, 15, : 2, 1, 1, 5, 2, 2, 1, 7, 4, 15, 
73: 0, 0, 0, 0, 0, 2, 0, 7, 7, 2, 12, 0, 9, 3, 1, 7, 0, 0, 3, 20, : 2, 7, 7, 2, 12, 9, 3, 1, 7, 3, 20, 
171: 16, 8, 5, 2, 0, 3, 0, 0, 2, 2, 0, 0, 0, 3, 1, 0, 0, 1, 8, 0, : 16, 8, 5, 2, 3, 2, 2, 3, 1, 1, 8, 
188: 0, 18, 3, 4, 3, 5, 0, 0, 0, 0, 6, 0, 1, 6, 0, 7, 6, 2, 0, 0, : 18, 3, 4, 3, 5, 6, 1, 6, 7, 6, 2, 
14: 0, 16, 16, 0, 0, 0, 0, 0, 2, 0, 0, 0, 5, 16, 0, 4, 0, 0, 6, 0, : 16, 16, 2, 5, 16, 4, 6, 
53: 0, 0, 1, 4, 0, 3, 0, 2, 2, 4, 1, 1, 1, 16, 0, 20, 5, 27, 0, 1, : 1, 4, 3, 2, 2, 4, 1, 1, 1, 16, 20, 5, 27, 1, 
17: 14, 8, 0, 0, 0, 12, 1, 1, 1, 0, 2, 5, 10, 4, 20, 0, 0, 9, 0, 0, : 14, 8, 12, 1, 1, 1, 2, 5, 10, 4, 20, 9, 
130: 0, 1, 1, 1, 0, 1, 8, 0, 4, 0, 9, 8, 0, 0, 0, 0, 4, 0, 0, 5, : 1, 1, 1, 1, 8, 4, 9, 8, 4, 5, 
116: 0, 0, 4, 14, 1, 10, 0, 0, 3, 0, 1, 1, 1, 0, 0, 0, 2, 0, 10, 9, : 4, 14, 1, 10, 3, 1, 1, 1, 2, 10, 9, 
5: 7, 0, 7, 14, 3, 1, 1, 4, 3, 0, 8, 8, 2, 4, 2, 0, 16, 7, 1, 0, : 7, 7, 14, 3, 1, 1, 4, 3, 8, 8, 2, 4, 2, 16, 7, 1, 
119: 0, 0, 0, 1, 0, 4, 0, 0, 0, 0, 0, 0, 11, 0, 13, 0, 1, 0, 0, 1, : 1, 4, 11, 13, 1, 1, 
83: 0, 0, 0, 0, 5, 1, 19, 11, 1, 6, 5, 14, 4, 0, 2, 4, 5, 0, 17, 3, : 5, 1, 19, 11, 1, 6, 5, 14, 4, 2, 4, 5, 17, 3, 
136: 0, 0, 0, 0, 11, 3, 1, 10, 3, 5, 0, 6, 0, 0, 0, 3, 0, 0, 1, 0, : 11, 3, 1, 10, 3, 5, 6, 3, 1, 
143: 0, 2, 6, 0, 0, 10, 8, 19, 0, 0, 0, 0, 1, 0, 0, 0, 0, 0, 0, 1, : 2, 6, 10, 8, 19, 1, 1, 
43: 0, 0, 0, 0, 7, 3, 5, 1, 3, 0, 6, 1, 7, 5, 0, 1, 10, 3, 2, 5, : 7, 3, 5, 1, 3, 6, 1, 7, 5, 1, 10, 3, 2, 5, 
35: 0, 0, 6, 7, 0, 4, 8, 0, 10, 14, 3, 7, 4, 3, 25, 2, 3, 15, 4, 0, : 6, 7, 4, 8, 10, 14, 3, 7, 4, 3, 25, 2, 3, 15, 4, 
112: 25, 1, 0, 8, 18, 0, 3, 1, 4, 1, 8, 0, 5, 4, 0, 0, 0, 0, 1, 5, : 25, 1, 8, 18, 3, 1, 4, 1, 8, 5, 4, 1, 5, 
167: 3, 0, 14, 4, 1, 2, 0, 0, 8, 27, 0, 7, 4, 0, 0, 2, 0, 1, 2, 0, : 3, 14, 4, 1, 2, 8, 27, 7, 4, 2, 1, 2, 
89: 0, 0, 0, 1, 7, 0, 7, 7, 1, 0, 1, 5, 0, 0, 1, 5, 9, 0, 1, 0, : 1, 7, 7, 7, 1, 1, 5, 1, 5, 9, 1, 


