
40
40
65
2

18: 12, 0, 12, 4, 0, 1, 10, 0, 2, 0, 0, 13, 1, 1, 2, 0, 20, 20, 0, 0, 10, 1, 13, 1, 20, 0, 0, 0, 2, 0, 6, 6, 3, 0, 2, 0, 0, 5, 0, 0, : 12, 12, 4, 1, 10, 2, 13, 1, 1, 2, 20, 20, 10, 1, 13, 1, 20, 2, 6, 6, 3, 2, 5, 
7: 0, 2, 5, 0, 0, 15, 11, 8, 23, 8, 2, 0, 0, 0, 0, 1, 0, 0, 0, 0, 0, 2, 9, 9, 7, 0, 12, 1, 1, 3, 0, 4, 0, 0, 6, 0, 8, 0, 0, 16, : 2, 5, 15, 11, 8, 23, 8, 2, 1, 2, 9, 9, 7, 12, 1, 1, 3, 4, 6, 8, 16, 
10: 0, 0, 0, 0, 4, 0, 0, 2, 1, 4, 0, 0, 8, 0, 15, 2, 0, 0, 0, 0, 11, 2, 1, 1, 2, 0, 0, 0, 1, 1, 17, 5, 1, 0, 2, 1, 2, 7, 2, 2, : 4, 2, 1, 4, 8, 15, 2, 11, 2, 1, 1, 2, 1, 1, 17, 5, 1, 2, 1, 2, 7, 2, 2, 
37: 6, 3, 0, 9, 4, 5, 2, 0, 0, 5, 22, 4, 1, 0, 7, 0, 0, 0, 0, 11, 3, 0, 0, 0, 0, 0, 0, 15, 11, 0, 1, 3, 0, 1, 1, 0, 1, 0, 16, 0, : 6, 3, 9, 4, 5, 2, 5, 22, 4, 1, 7, 11, 3, 15, 11, 1, 3, 1, 1, 1, 16, 
33: 0, 1, 0, 0, 1, 22, 4, 5, 0, 0, 0, 1, 0, 6, 0, 0, 0, 1, 0, 0, 15, 6, 0, 0, 2, 0, 0, 24, 1, 0, 7, 4, 7, 4, 0, 1, 4, 12, 9, 0, : 1, 1, 22, 4, 5, 1, 6, 1, 15, 6, 2, 24, 1, 7, 4, 7, 4, 1, 4, 12, 9, 
35: 0, 0, 0, 0, 0, 0, 0, 0, 0, 0, 17, 2, 6, 4, 2, 0, 0, 13, 0, 18, 0, 0, 0, 0, 0, 7, 8, 0, 12, 0, 6, 2, 1, 14, 0, 0, 10, 0, 0, 10, : 17, 2, 6, 4, 2, 13, 18, 7, 8, 12, 6, 2, 1, 14, 10, 10, 
16: 0, 1, 0, 0, 2, 10, 0, 0, 0, 13, 0, 0, 1, 1, 1, 10, 0, 0, 8, 2, 0, 7, 0, 21, 0, 17, 1, 0, 0, 0, 3, 0, 3, 0, 1, 10, 2, 3, 0, 0, : 1, 2, 10, 13, 1, 1, 1, 10, 8, 2, 7, 21, 17, 1, 3, 3, 1, 10, 2, 3, 
36: 0, 2, 8, 0, 0, 4, 0, 12, 0, 0, 0, 0, 1, 12, 3, 0, 0, 9, 0, 18, 0, 5, 0, 0, 4, 0, 3, 0, 1, 0, 0, 1, 2, 2, 19, 12, 5, 2, 3, 0, : 2, 8, 4, 12, 1, 12, 3, 9, 18, 5, 4, 3, 1, 1, 2, 2, 19, 12, 5, 2, 3, 
25: 0, 3, 0, 0, 6, 1, 1, 0, 1, 0, 0, 9, 2, 4, 7, 27, 17, 0, 0, 2, 2, 1, 0, 0, 0, 0, 1, 3, 0, 0, 0, 1, 2, 4, 2, 0, 0, 9, 0, 0, : 3, 6, 1, 1, 1, 9, 2, 4, 7, 27, 17, 2, 2, 1, 1, 3, 1, 2, 4, 2, 9, 
19: 10, 0, 21, 5, 0, 0, 6, 4, 0, 0, 5, 0, 0, 2, 0, 0, 0, 4, 0, 0, 1, 0, 0, 8, 1, 17, 3, 0, 0, 0, 7, 1, 11, 0, 1, 0, 3, 0, 0, 2, : 10, 21, 5, 6, 4, 5, 2, 4, 1, 8, 1, 17, 3, 7, 1, 11, 1, 3, 2, 
23: 0, 1, 0, 0, 13, 0, 3, 0, 0, 4, 0, 9, 19, 0, 0, 5, 0, 0, 26, 4, 3, 0, 0, 0, 1, 1, 0, 1, 1, 19, 0, 0, 0, 4, 7, 3, 4, 0, 2, 0, : 1, 13, 3, 4, 9, 19, 5, 26, 4, 3, 1, 1, 1, 1, 19, 4, 7, 3, 4, 2, 
38: 0, 0, 0, 19, 0, 1, 1, 0, 7, 0, 16, 0, 2, 0, 5, 0, 0, 3, 0, 0, 0, 0, 12, 0, 6, 3, 0, 8, 5, 0, 0, 0, 0, 0, 0, 7, 7, 0, 3, 7, : 19, 1, 1, 7, 16, 2, 5, 3, 12, 6, 3, 8, 5, 7, 7, 3, 7, 
20: 2, 0, 0, 14, 21, 2, 5, 10, 1, 0, 0, 0, 11, 0, 9, 0, 0, 9, 0, 0, 1, 6, 4, 0, 2, 0, 0, 0, 1, 0, 8, 0, 0, 9, 1, 3, 9, 12, 13, 0, : 2, 14, 21, 2, 5, 10, 1, 11, 9, 9, 1, 6, 4, 2, 1, 8, 9, 1, 3, 9, 12, 13, 
5: 12, 0, 0, 0, 8, 0, 6, 0, 3, 0, 0, 5, 1, 6, 0, 0, 0, 0, 0, 0, 0, 0, 3, 2, 4, 0, 0, 3, 8, 0, 0, 2, 1, 0, 3, 0, 1, 1, 1, 0, : 12, 8, 6, 3, 5, 1, 6, 3, 2, 4, 3, 8, 2, 1, 3, 1, 1, 1, 
39: 4, 13, 0, 2, 0, 0, 0, 0, 0, 0, 0, 5, 4, 11, 11, 0, 0, 0, 0, 0, 12, 9, 4, 0, 0, 0, 13, 0, 1, 4, 0, 4, 12, 0, 0, 1, 3, 0, 0, 0, : 4, 13, 2, 5, 4, 11, 11, 12, 9, 4, 13, 1, 4, 4, 12, 1, 3, 
34: 17, 13, 0, 0, 1, 2, 5, 0, 17, 7, 0, 1, 4, 0, 0, 13, 11, 0, 0, 9, 0, 3, 0, 3, 0, 0, 1, 0, 0, 14, 0, 2, 10, 6, 9, 3, 1, 0, 0, 9, : 17, 13, 1, 2, 5, 17, 7, 1, 4, 13, 11, 9, 3, 3, 1, 14, 2, 10, 6, 9, 3, 1, 9, 
4: 0, 9, 10, 0, 1, 0, 7, 2, 0, 0, 0, 5, 0, 0, 0, 0, 2, 0, 23, 0, 4, 16, 18, 0, 1, 0, 6, 2, 13, 20, 2, 0, 10, 7, 0, 2, 0, 0, 13, 0, : 9, 10, 1, 7, 2, 5, 2, 23, 4, 16, 18, 1, 6, 2, 13, 20, 2, 10, 7, 2, 13, 
28: 0, 2, 0, 7, 0, 0, 0, 16, 0, 16, 0, 0, 2, 9, 0, 0, 8, 1, 0, 0, 3, 1, 0, 5, 11, 19, 4, 8, 3, 0, 3, 0, 2, 1, 0, 13, 0, 7, 1, 1, : 2, 7, 16, 16, 2, 9, 8, 1, 3, 1, 5, 11, 19, 4, 8, 3, 3, 2, 1, 13, 7, 1, 1, 
21: 2, 0, 9, 3, 3, 1, 4, 0, 5, 0, 0, 6, 2, 1, 3, 7, 0, 5, 8, 1, 0, 6, 0, 11, 0, 1, 13, 0, 2, 3, 0, 12, 0, 0, 0, 9, 0, 7, 0, 9, : 2, 9, 3, 3, 1, 4, 5, 6, 2, 1, 3, 7, 5, 8, 1, 6, 11, 1, 13, 2, 3, 12, 9, 7, 9, 
3: 0, 15, 0, 2, 1, 1, 0, 6, 5, 8, 3, 5, 0, 8, 0, 0, 7, 0, 0, 0, 0, 0, 1, 4, 4, 0, 0, 0, 2, 1, 5, 18, 0, 13, 11, 0, 5, 0, 2, 9, : 15, 2, 1, 1, 6, 5, 8, 3, 5, 8, 7, 1, 4, 4, 2, 1, 5, 18, 13, 11, 5, 2, 9, 


31: 2, 4, 0, 0, 1, 0, 0, 8, 1, 19, 0, 0, 0, 1, 6, 0, 0, 3, 0, 9, 0, 0, 0, 0, 3, 0, 1, 0, 0, 0, 0, 1, 0, 0, 4, 3, 0, 9, 4, 9, : 2, 4, 1, 8, 1, 19, 1, 6, 3, 9, 3, 1, 1, 4, 3, 9, 4, 9, 
14: 0, 17, 5, 0, 1, 0, 2, 0, 3, 8, 0, 0, 2, 5, 0, 10, 0, 0, 0, 18, 1, 0, 0, 0, 2, 3, 1, 0, 5, 2, 2, 2, 7, 0, 0, 0, 12, 16, 0, 1, : 17, 5, 1, 2, 3, 8, 2, 5, 10, 18, 1, 2, 3, 1, 5, 2, 2, 2, 7, 12, 16, 1, 
24: 1, 0, 1, 0, 6, 12, 19, 0, 3, 3, 4, 0, 6, 2, 0, 0, 7, 0, 0, 0, 2, 9, 0, 0, 1, 0, 2, 11, 9, 8, 5, 3, 8, 7, 19, 0, 6, 0, 0, 3, : 1, 1, 6, 12, 19, 3, 3, 4, 6, 2, 7, 2, 9, 1, 2, 11, 9, 8, 5, 3, 8, 7, 19, 6, 3, 
22: 0, 0, 3, 0, 4, 0, 2, 0, 5, 0, 7, 2, 1, 1, 1, 3, 2, 18, 9, 0, 14, 0, 5, 0, 4, 0, 0, 2, 2, 1, 7, 6, 4, 14, 2, 2, 7, 5, 0, 0, : 3, 4, 2, 5, 7, 2, 1, 1, 1, 3, 2, 18, 9, 14, 5, 4, 2, 2, 1, 7, 6, 4, 14, 2, 2, 7, 5, 
12: 7, 0, 2, 0, 1, 0, 3, 13, 3, 0, 0, 13, 12, 0, 1, 1, 13, 0, 2, 0, 2, 0, 0, 0, 3, 10, 0, 21, 12, 0, 5, 11, 0, 3, 0, 12, 16, 0, 18, 0, : 7, 2, 1, 3, 13, 3, 13, 12, 1, 1, 13, 2, 2, 3, 10, 21, 12, 5, 11, 3, 12, 16, 18, 
2: 0, 0, 23, 6, 1, 0, 2, 0, 5, 0, 1, 12, 0, 2, 8, 2, 0, 5, 2, 5, 0, 15, 8, 1, 0, 7, 0, 0, 1, 9, 0, 10, 0, 0, 0, 0, 0, 0, 9, 8, : 23, 6, 1, 2, 5, 1, 12, 2, 8, 2, 5, 2, 5, 15, 8, 1, 7, 1, 9, 10, 9, 8, 
27: 11, 0, 5, 0, 0, 0, 0, 0, 3, 1, 4, 0, 0, 12, 0, 0, 3, 0, 3, 1, 2, 0, 20, 17, 2, 0, 11, 9, 0, 7, 1, 2, 0, 0, 0, 4, 0, 1, 0, 7, : 11, 5, 3, 1, 4, 12, 3, 3, 1, 2, 20, 17, 2, 11, 9, 7, 1, 2, 4, 1, 7, 
8: 3, 0, 13, 4, 22, 1, 7, 18, 6, 2, 0, 0, 0, 3, 1, 6, 0, 2, 11, 6, 2, 3, 0, 2, 8, 0, 0, 0, 2, 11, 10, 7, 1, 0, 0, 2, 0, 1, 2, 10, : 3, 13, 4, 22, 1, 7, 18, 6, 2, 3, 1, 6, 2, 11, 6, 2, 3, 2, 8, 2, 11, 10, 7, 1, 2, 1, 2, 10, 
29: 8, 5, 1, 0, 0, 19, 0, 1, 1, 0, 0, 0, 0, 11, 4, 0, 0, 5, 0, 0, 0, 0, 0, 1, 1, 4, 0, 0, 4, 2, 0, 3, 0, 0, 14, 10, 0, 0, 0, 4, : 8, 5, 1, 19, 1, 1, 11, 4, 5, 1, 1, 4, 4, 2, 3, 14, 10, 4, 
40: 0, 0, 0, 17, 0, 15, 0, 6, 2, 2, 0, 0, 0, 0, 2, 1, 4, 4, 0, 3, 5, 0, 0, 0, 3, 0, 5, 4, 1, 0, 0, 0, 18, 3, 7, 2, 0, 3, 1, 0, : 17, 15, 6, 2, 2, 2, 1, 4, 4, 3, 5, 3, 5, 4, 1, 18, 3, 7, 2, 3, 1, 
15: 18, 0, 1, 0, 0, 0, 1, 0, 5, 1, 0, 0, 0, 0, 9, 9, 0, 0, 0, 0, 8, 0, 0, 25, 0, 3, 0, 2, 8, 3, 2, 7, 6, 0, 2, 18, 3, 0, 3, 0, : 18, 1, 1, 5, 1, 9, 9, 8, 25, 3, 2, 8, 3, 2, 7, 6, 2, 18, 3, 3, 
32: 5, 13, 2, 5, 0, 0, 1, 4, 0, 1, 10, 0, 15, 2, 2, 20, 4, 5, 0, 20, 0, 0, 1, 1, 0, 1, 1, 5, 0, 4, 2, 2, 1, 0, 0, 0, 0, 0, 0, 0, : 5, 13, 2, 5, 1, 4, 1, 10, 15, 2, 2, 20, 4, 5, 20, 1, 1, 1, 1, 5, 4, 2, 2, 1, 
26: 0, 0, 0, 4, 6, 0, 15, 13, 3, 3, 28, 10, 4, 0, 0, 5, 2, 1, 5, 1, 4, 0, 2, 0, 1, 0, 3, 0, 3, 3, 0, 1, 2, 10, 3, 0, 0, 1, 0, 22, : 4, 6, 15, 13, 3, 3, 28, 10, 4, 5, 2, 1, 5, 1, 4, 2, 1, 3, 3, 3, 1, 2, 10, 3, 1, 22, 
6: 1, 0, 0, 0, 10, 0, 2, 0, 1, 13, 1, 3, 0, 7, 3, 5, 2, 0, 15, 0, 13, 0, 0, 0, 2, 1, 0, 0, 0, 0, 0, 1, 0, 5, 2, 0, 0, 1, 0, 0, : 1, 10, 2, 1, 13, 1, 3, 7, 3, 5, 2, 15, 13, 2, 1, 1, 5, 2, 1, 
13: 0, 0, 1, 14, 2, 0, 0, 0, 5, 0, 4, 17, 0, 0, 0, 0, 26, 0, 0, 1, 0, 4, 20, 2, 2, 18, 2, 6, 3, 0, 5, 2, 1, 4, 0, 5, 0, 0, 0, 0, : 1, 14, 2, 5, 4, 17, 26, 1, 4, 20, 2, 2, 18, 2, 6, 3, 5, 2, 1, 4, 5, 
1: 0, 0, 1, 0, 2, 4, 7, 0, 3, 1, 3, 0, 4, 3, 17, 0, 0, 0, 1, 0, 2, 20, 9, 0, 1, 0, 5, 0, 0, 11, 6, 2, 1, 1, 0, 7, 0, 0, 0, 0, : 1, 2, 4, 7, 3, 1, 3, 4, 3, 17, 1, 2, 20, 9, 1, 5, 11, 6, 2, 1, 1, 7, 
9: 0, 0, 0, 0, 0, 0, 2, 2, 4, 1, 2, 8, 8, 4, 2, 0, 0, 2, 13, 0, 4, 0, 0, 2, 24, 12, 7, 0, 1, 2, 5, 2, 1, 17, 1, 0, 20, 25, 27, 0, : 2, 2, 4, 1, 2, 8, 8, 4, 2, 2, 13, 4, 2, 24, 12, 7, 1, 2, 5, 2, 1, 17, 1, 20, 25, 27, 
11: 1, 2, 4, 0, 6, 0, 0, 0, 1, 0, 0, 0, 0, 0, 1, 0, 2, 4, 0, 0, 6, 0, 0, 0, 2, 1, 5, 4, 8, 0, 3, 1, 7, 0, 3, 0, 0, 0, 0, 1, : 1, 2, 4, 6, 1, 1, 2, 4, 6, 2, 1, 5, 4, 8, 3, 1, 7, 3, 1, 
17: 0, 24, 0, 15, 3, 0, 2, 0, 4, 8, 0, 0, 7, 5, 7, 3, 0, 0, 0, 1, 0, 0, 0, 6, 2, 2, 16, 0, 0, 0, 12, 0, 1, 1, 4, 0, 0, 3, 0, 0, : 24, 15, 3, 2, 4, 8, 7, 5, 7, 3, 1, 6, 2, 2, 16, 12, 1, 1, 4, 3, 
30: 8, 0, 3, 0, 0, 14, 0, 0, 7, 2, 1, 0, 6, 7, 1, 0, 0, 16, 4, 0, 0, 14, 0, 8, 4, 3, 6, 1, 6, 2, 0, 2, 7, 0, 4, 0, 1, 0, 1, 0, : 8, 3, 14, 7, 2, 1, 6, 7, 1, 16, 4, 14, 8, 4, 3, 6, 1, 6, 2, 2, 7, 4, 1, 1, 


