
20
200
65
10

121: 0, 7, 4, 0, 3, 1, 0, 0, 0, 8, 1, 1, 0, 0, 0, 2, 0, 5, 0, 1, : 7, 4, 3, 1, 8, 1, 1, 2, 5, 1, 
103: 0, 0, 2, 2, 4, 2, 14, 5, 0, 2, 4, 0, 8, 3, 0, 0, 0, 0, 10, 0, : 2, 2, 4, 2, 14, 5, 2, 4, 8, 3, 10, 
150: 1, 0, 0, 3, 1, 0, 0, 27, 0, 0, 1, 1, 0, 0, 10, 0, 0, 0, 0, 0, : 1, 3, 1, 27, 1, 1, 10, 
163: 0, 0, 0, 0, 9, 7, 12, 0, 0, 5, 1, 9, 0, 3, 14, 0, 0, 19, 2, 0, : 9, 7, 12, 5, 1, 9, 3, 14, 19, 2, 
93: 3, 9, 1, 0, 14, 2, 0, 1, 4, 11, 10, 0, 8, 0, 0, 2, 0, 4, 2, 8, : 3, 9, 1, 14, 2, 1, 4, 11, 10, 8, 2, 4, 2, 8, 
188: 0, 19, 8, 9, 0, 7, 0, 0, 0, 1, 2, 2, 12, 2, 2, 15, 12, 2, 19, 0, : 19, 8, 9, 7, 1, 2, 2, 12, 2, 2, 15, 12, 2, 19, 
141: 0, 0, 14, 0, 4, 4, 23, 8, 7, 0, 3, 0, 0, 6, 0, 0, 0, 4, 3, 0, : 14, 4, 4, 23, 8, 7, 3, 6, 4, 3, 
16: 0, 0, 18, 1, 0, 1, 0, 0, 13, 0, 9, 7, 7, 0, 0, 7, 4, 0, 4, 0, : 18, 1, 1, 13, 9, 7, 7, 7, 4, 4, 
124: 0, 1, 3, 20, 8, 2, 0, 0, 3, 0, 0, 0, 0, 0, 11, 0, 0, 3, 5, 19, : 1, 3, 20, 8, 2, 3, 11, 3, 5, 19, 
78: 5, 1, 1, 0, 1, 5, 6, 6, 1, 0, 0, 2, 4, 16, 0, 0, 0, 0, 12, 0, : 5, 1, 1, 1, 5, 6, 6, 1, 2, 4, 16, 12, 
101: 10, 0, 0, 6, 8, 0, 0, 0, 4, 0, 18, 0, 1, 1, 8, 2, 5, 4, 0, 0, : 10, 6, 8, 4, 18, 1, 1, 8, 2, 5, 4, 
43: 3, 0, 0, 0, 0, 0, 8, 0, 0, 0, 6, 2, 14, 0, 0, 21, 21, 0, 0, 0, : 3, 8, 6, 2, 14, 21, 21, 
87: 0, 1, 0, 4, 4, 1, 0, 13, 1, 16, 0, 2, 1, 4, 1, 0, 3, 0, 0, 19, : 1, 4, 4, 1, 13, 1, 16, 2, 1, 4, 1, 3, 19, 
13: 0, 0, 1, 18, 0, 2, 0, 2, 0, 1, 0, 0, 0, 0, 0, 0, 0, 7, 0, 1, : 1, 18, 2, 2, 1, 7, 1, 
83: 4, 20, 0, 0, 4, 8, 0, 2, 2, 16, 1, 16, 3, 8, 8, 0, 7, 0, 3, 2, : 4, 20, 4, 8, 2, 2, 16, 1, 16, 3, 8, 8, 7, 3, 2, 
24: 5, 0, 1, 0, 0, 3, 0, 0, 14, 0, 0, 9, 0, 0, 0, 10, 2, 1, 0, 7, : 5, 1, 3, 14, 9, 10, 2, 1, 7, 
186: 8, 0, 0, 0, 0, 4, 1, 0, 0, 4, 1, 6, 0, 22, 4, 0, 6, 0, 2, 0, : 8, 4, 1, 4, 1, 6, 22, 4, 6, 2, 
75: 15, 0, 3, 2, 2, 0, 0, 1, 4, 1, 8, 1, 1, 0, 0, 4, 5, 4, 0, 0, : 15, 3, 2, 2, 1, 4, 1, 8, 1, 1, 4, 5, 4, 
160: 11, 0, 0, 0, 3, 4, 1, 0, 8, 0, 0, 2, 0, 0, 3, 0, 0, 0, 3, 7, : 11, 3, 4, 1, 8, 2, 3, 3, 7, 
127: 0, 7, 9, 0, 0, 12, 0, 0, 4, 0, 0, 5, 6, 0, 4, 2, 0, 12, 0, 1, : 7, 9, 12, 4, 5, 6, 4, 2, 12, 1, 


136: 0, 1, 9, 0, 0, 8, 6, 1, 0, 1, 8, 14, 0, 7, 11, 2, 6, 0, 2, 2, : 1, 9, 8, 6, 1, 1, 8, 14, 7, 11, 2, 6, 2, 2, 
54: 0, 1, 3, 6, 0, 5, 13, 0, 0, 0, 0, 4, 0, 0, 5, 0, 2, 4, 17, 0, : 1, 3, 6, 5, 13, 4, 5, 2, 4, 17, 
52: 1, 5, 0, 3, 2, 0, 1, 3, 0, 2, 18, 1, 20, 0, 0, 24, 6, 3, 1, 0, : 1, 5, 3, 2, 1, 3, 2, 18, 1, 20, 24, 6, 3, 1, 
38: 0, 0, 0, 6, 3, 9, 2, 0, 8, 0, 4, 21, 0, 0, 3, 2, 2, 0, 0, 1, : 6, 3, 9, 2, 8, 4, 21, 3, 2, 2, 1, 
68: 0, 3, 11, 16, 1, 6, 0, 9, 18, 2, 10, 8, 0, 1, 0, 0, 1, 0, 1, 11, : 3, 11, 16, 1, 6, 9, 18, 2, 10, 8, 1, 1, 1, 11, 
185: 0, 2, 3, 0, 0, 4, 2, 0, 12, 1, 0, 0, 7, 10, 0, 0, 0, 4, 2, 3, : 2, 3, 4, 2, 12, 1, 7, 10, 4, 2, 3, 
195: 7, 0, 0, 4, 0, 0, 1, 3, 0, 1, 0, 0, 0, 5, 5, 5, 1, 8, 14, 4, : 7, 4, 1, 3, 1, 5, 5, 5, 1, 8, 14, 4, 
146: 2, 0, 11, 0, 6, 0, 1, 2, 4, 0, 0, 0, 0, 1, 0, 0, 10, 0, 0, 0, : 2, 11, 6, 1, 2, 4, 1, 10, 
36: 3, 1, 8, 0, 14, 1, 1, 0, 0, 28, 0, 9, 2, 2, 11, 0, 1, 3, 2, 9, : 3, 1, 8, 14, 1, 1, 28, 9, 2, 2, 11, 1, 3, 2, 9, 
95: 4, 9, 6, 2, 0, 4, 2, 2, 0, 0, 0, 8, 1, 8, 8, 0, 0, 11, 0, 0, : 4, 9, 6, 2, 4, 2, 2, 8, 1, 8, 8, 11, 
200: 2, 0, 0, 3, 7, 3, 8, 10, 0, 2, 3, 0, 0, 0, 0, 0, 8, 8, 0, 2, : 2, 3, 7, 3, 8, 10, 2, 3, 8, 8, 2, 
173: 11, 14, 0, 0, 15, 11, 3, 0, 0, 0, 0, 0, 0, 0, 0, 2, 1, 7, 4, 2, : 11, 14, 15, 11, 3, 2, 1, 7, 4, 2, 
179: 23, 0, 9, 0, 1, 10, 3, 0, 0, 0, 0, 0, 2, 13, 0, 0, 1, 0, 0, 7, : 23, 9, 1, 10, 3, 2, 13, 1, 7, 
17: 9, 0, 0, 11, 0, 0, 0, 3, 0, 0, 6, 0, 0, 0, 0, 4, 1, 0, 1, 2, : 9, 11, 3, 6, 4, 1, 1, 2, 
143: 0, 1, 0, 1, 9, 0, 10, 0, 1, 0, 11, 0, 21, 0, 0, 0, 10, 0, 14, 3, : 1, 1, 9, 10, 1, 11, 21, 10, 14, 3, 
132: 3, 15, 0, 1, 0, 0, 0, 0, 21, 6, 1, 0, 8, 15, 7, 2, 6, 7, 7, 0, : 3, 15, 1, 21, 6, 1, 8, 15, 7, 2, 6, 7, 7, 
152: 0, 7, 0, 6, 0, 0, 0, 0, 0, 0, 0, 0, 0, 3, 0, 13, 4, 2, 0, 7, : 7, 6, 3, 13, 4, 2, 7, 
15: 0, 0, 0, 0, 7, 4, 6, 6, 0, 10, 0, 0, 4, 0, 0, 11, 2, 0, 0, 0, : 7, 4, 6, 6, 10, 4, 11, 2, 
40: 0, 0, 0, 0, 0, 0, 6, 2, 1, 12, 4, 0, 0, 0, 1, 0, 3, 3, 0, 4, : 6, 2, 1, 12, 4, 1, 3, 3, 4, 
110: 0, 6, 5, 6, 0, 0, 0, 24, 0, 0, 0, 0, 0, 0, 14, 0, 0, 5, 0, 8, : 6, 5, 6, 24, 14, 5, 8, 


26: 4, 0, 2, 3, 0, 7, 0, 4, 1, 0, 0, 2, 1, 1, 0, 1, 3, 0, 2, 1, : 4, 2, 3, 7, 4, 1, 2, 1, 1, 1, 3, 2, 1, 
148: 0, 0, 7, 4, 1, 0, 3, 0, 0, 0, 2, 1, 0, 0, 12, 0, 1, 8, 2, 3, : 7, 4, 1, 3, 2, 1, 12, 1, 8, 2, 3, 
140: 15, 1, 0, 0, 0, 11, 3, 2, 0, 18, 13, 0, 10, 2, 0, 8, 3, 0, 1, 15, : 15, 1, 11, 3, 2, 18, 13, 10, 2, 8, 3, 1, 15, 
99: 0, 19, 3, 0, 5, 1, 0, 5, 0, 0, 3, 11, 0, 0, 1, 2, 7, 3, 10, 7, : 19, 3, 5, 1, 5, 3, 11, 1, 2, 7, 3, 10, 7, 
20: 0, 5, 0, 0, 3, 1, 0, 0, 8, 0, 0, 0, 8, 9, 0, 5, 7, 8, 2, 0, : 5, 3, 1, 8, 8, 9, 5, 7, 8, 2, 
33: 1, 8, 5, 0, 10, 0, 0, 5, 0, 0, 0, 0, 14, 1, 0, 5, 3, 5, 13, 0, : 1, 8, 5, 10, 5, 14, 1, 5, 3, 5, 13, 
84: 0, 4, 4, 3, 0, 2, 2, 8, 10, 17, 0, 1, 0, 8, 0, 0, 2, 2, 2, 0, : 4, 4, 3, 2, 2, 8, 10, 17, 1, 8, 2, 2, 2, 
96: 0, 10, 0, 27, 0, 0, 5, 0, 0, 0, 14, 2, 7, 3, 0, 0, 0, 0, 4, 0, : 10, 27, 5, 14, 2, 7, 3, 4, 
60: 0, 7, 0, 1, 7, 0, 7, 12, 0, 0, 0, 3, 3, 0, 3, 0, 3, 0, 4, 0, : 7, 1, 7, 7, 12, 3, 3, 3, 3, 4, 
66: 23, 1, 16, 0, 12, 1, 0, 0, 0, 0, 0, 3, 0, 1, 5, 6, 11, 0, 5, 0, : 23, 1, 16, 12, 1, 3, 1, 5, 6, 11, 5, 
119: 1, 0, 0, 1, 0, 3, 4, 5, 6, 0, 1, 0, 0, 0, 2, 4, 4, 11, 2, 0, : 1, 1, 3, 4, 5, 6, 1, 2, 4, 4, 11, 2, 
164: 7, 1, 2, 6, 0, 0, 1, 17, 7, 0, 1, 1, 0, 1, 1, 1, 1, 0, 2, 0, : 7, 1, 2, 6, 1, 17, 7, 1, 1, 1, 1, 1, 1, 2, 
28: 6, 9, 0, 0, 2, 13, 2, 0, 0, 10, 6, 0, 0, 1, 1, 0, 3, 6, 3, 12, : 6, 9, 2, 13, 2, 10, 6, 1, 1, 3, 6, 3, 12, 
25: 6, 0, 1, 2, 8, 1, 4, 4, 0, 0, 0, 10, 9, 1, 0, 20, 0, 0, 1, 0, : 6, 1, 2, 8, 1, 4, 4, 10, 9, 1, 20, 1, 
45: 0, 0, 6, 5, 10, 3, 1, 0, 24, 16, 1, 3, 2, 14, 0, 0, 3, 0, 2, 0, : 6, 5, 10, 3, 1, 24, 16, 1, 3, 2, 14, 3, 2, 
74: 0, 0, 1, 0, 0, 15, 7, 0, 3, 0, 0, 1, 0, 7, 0, 6, 1, 0, 1, 3, : 1, 15, 7, 3, 1, 7, 6, 1, 1, 3, 
191: 0, 0, 0, 0, 1, 1, 9, 2, 2, 4, 0, 2, 6, 0, 0, 2, 2, 5, 0, 0, : 1, 1, 9, 2, 2, 4, 2, 6, 2, 2, 5, 
27: 2, 0, 6, 1, 0, 0, 5, 1, 4, 0, 0, 24, 3, 7, 20, 0, 8, 17, 4, 10, : 2, 6, 1, 5, 1, 4, 24, 3, 7, 20, 8, 17, 4, 10, 
129: 0, 0, 6, 12, 2, 4, 0, 0, 0, 0, 7, 1, 0, 4, 1, 1, 3, 0, 2, 0, : 6, 12, 2, 4, 7, 1, 4, 1, 1, 3, 2, 
34: 0, 0, 6, 0, 4, 2, 12, 0, 0, 0, 17, 0, 2, 5, 19, 4, 0, 0, 3, 14, : 6, 4, 2, 12, 17, 2, 5, 19, 4, 3, 14, 


21: 2, 3, 0, 10, 0, 0, 0, 0, 0, 8, 0, 0, 0, 3, 1, 1, 1, 0, 0, 4, : 2, 3, 10, 8, 3, 1, 1, 1, 4, 
4: 7, 0, 4, 0, 15, 5, 0, 3, 1, 0, 25, 0, 0, 4, 0, 14, 0, 0, 0, 0, : 7, 4, 15, 5, 3, 1, 25, 4, 14, 
162: 3, 0, 4, 0, 0, 17, 1, 8, 0, 13, 0, 0, 2, 0, 7, 2, 3, 0, 11, 1, : 3, 4, 17, 1, 8, 13, 2, 7, 2, 3, 11, 1, 
193: 0, 0, 0, 0, 20, 0, 0, 0, 18, 6, 4, 6, 0, 0, 2, 10, 0, 9, 0, 5, : 20, 18, 6, 4, 6, 2, 10, 9, 5, 
48: 1, 0, 10, 0, 0, 0, 12, 0, 5, 0, 3, 7, 5, 2, 0, 0, 16, 5, 0, 10, : 1, 10, 12, 5, 3, 7, 5, 2, 16, 5, 10, 
165: 5, 1, 0, 1, 0, 3, 1, 5, 18, 0, 0, 7, 0, 0, 6, 0, 0, 9, 0, 4, : 5, 1, 1, 3, 1, 5, 18, 7, 6, 9, 4, 
159: 1, 0, 2, 24, 0, 0, 0, 3, 0, 0, 3, 14, 7, 0, 2, 0, 9, 8, 14, 7, : 1, 2, 24, 3, 3, 14, 7, 2, 9, 8, 14, 7, 
117: 2, 2, 0, 0, 0, 0, 0, 0, 0, 0, 1, 0, 1, 5, 2, 0, 2, 0, 0, 0, : 2, 2, 1, 1, 5, 2, 2, 
100: 4, 15, 1, 0, 0, 0, 0, 5, 0, 4, 2, 0, 0, 3, 10, 0, 2, 13, 3, 6, : 4, 15, 1, 5, 4, 2, 3, 10, 2, 13, 3, 6, 
92: 3, 5, 0, 0, 0, 7, 8, 0, 0, 10, 0, 11, 7, 0, 0, 0, 13, 2, 0, 0, : 3, 5, 7, 8, 10, 11, 7, 13, 2, 
6: 3, 27, 0, 0, 0, 0, 3, 5, 12, 0, 0, 0, 3, 26, 0, 0, 12, 0, 0, 5, : 3, 27, 3, 5, 12, 3, 26, 12, 5, 
196: 0, 0, 0, 0, 23, 6, 0, 0, 0, 4, 7, 0, 4, 3, 0, 0, 0, 1, 0, 0, : 23, 6, 4, 7, 4, 3, 1, 
134: 4, 10, 0, 0, 0, 4, 3, 17, 8, 0, 0, 0, 0, 0, 4, 14, 4, 5, 1, 0, : 4, 10, 4, 3, 17, 8, 4, 14, 4, 5, 1, 
139: 16, 0, 13, 11, 0, 0, 2, 4, 0, 0, 0, 0, 6, 0, 0, 2, 1, 2, 1, 0, : 16, 13, 11, 2, 4, 6, 2, 1, 2, 1, 
187: 3, 2, 0, 2, 0, 0, 18, 0, 3, 0, 1, 8, 0, 1, 24, 3, 0, 1, 0, 4, : 3, 2, 2, 18, 3, 1, 8, 1, 24, 3, 1, 4, 
55: 0, 0, 0, 0, 0, 19, 0, 0, 0, 15, 0, 0, 10, 0, 0, 0, 2, 0, 4, 0, : 19, 15, 10, 2, 4, 
31: 1, 0, 20, 0, 5, 4, 0, 0, 0, 0, 0, 0, 0, 0, 1, 1, 0, 8, 5, 5, : 1, 20, 5, 4, 1, 1, 8, 5, 5, 
120: 1, 0, 11, 17, 1, 0, 13, 3, 0, 3, 12, 9, 6, 18, 2, 7, 0, 0, 7, 3, : 1, 11, 17, 1, 13, 3, 3, 12, 9, 6, 18, 2, 7, 7, 3, 
133: 4, 0, 0, 0, 0, 0, 0, 0, 0, 0, 0, 1, 10, 0, 0, 0, 0, 2, 1, 1, : 4, 1, 10, 2, 1, 1, 
37: 5, 0, 0, 0, 1, 0, 4, 12, 0, 2, 7, 2, 4, 0, 4, 11, 0, 0, 18, 10, : 5, 1, 4, 12, 2, 7, 2, 4, 4, 11, 18, 10, 


89: 22, 0, 2, 19, 1, 10, 20, 0, 3, 8, 10, 3, 7, 4, 1, 2, 2, 21, 8, 3, : 22, 2, 19, 1, 10, 20, 3, 8, 10, 3, 7, 4, 1, 2, 2, 21, 8, 3, 
32: 0, 14, 5, 0, 12, 1, 0, 0, 0, 0, 2, 20, 2, 0, 6, 8, 0, 0, 0, 0, : 14, 5, 12, 1, 2, 20, 2, 6, 8, 
79: 0, 0, 11, 1, 0, 4, 2, 16, 0, 0, 3, 0, 20, 6, 0, 0, 0, 0, 1, 0, : 11, 1, 4, 2, 16, 3, 20, 6, 1, 
80: 7, 0, 1, 13, 6, 5, 0, 11, 7, 0, 14, 0, 1, 0, 7, 3, 0, 0, 2, 2, : 7, 1, 13, 6, 5, 11, 7, 14, 1, 7, 3, 2, 2, 
46: 0, 0, 15, 0, 16, 3, 0, 0, 0, 6, 6, 0, 0, 1, 0, 0, 0, 7, 7, 2, : 15, 16, 3, 6, 6, 1, 7, 7, 2, 
49: 0, 6, 6, 2, 1, 1, 2, 6, 4, 0, 1, 6, 10, 5, 3, 0, 1, 0, 18, 6, : 6, 6, 2, 1, 1, 2, 6, 4, 1, 6, 10, 5, 3, 1, 18, 6, 
53: 0, 9, 0, 4, 5, 6, 0, 11, 0, 10, 0, 0, 1, 0, 1, 0, 6, 10, 0, 0, : 9, 4, 5, 6, 11, 10, 1, 1, 6, 10, 
138: 0, 18, 10, 2, 1, 3, 3, 0, 0, 0, 0, 4, 0, 0, 0, 0, 0, 1, 6, 0, : 18, 10, 2, 1, 3, 3, 4, 1, 6, 
128: 1, 3, 8, 1, 0, 1, 6, 0, 0, 9, 0, 3, 4, 0, 2, 9, 2, 6, 3, 0, : 1, 3, 8, 1, 1, 6, 9, 3, 4, 2, 9, 2, 6, 3, 
116: 0, 0, 1, 0, 0, 1, 1, 0, 4, 7, 4, 0, 0, 3, 0, 16, 4, 0, 0, 2, : 1, 1, 1, 4, 7, 4, 3, 16, 4, 2, 
189: 0, 3, 1, 7, 6, 5, 5, 0, 21, 0, 0, 0, 0, 1, 15, 0, 2, 0, 0, 14, : 3, 1, 7, 6, 5, 5, 21, 1, 15, 2, 14, 
98: 8, 0, 0, 6, 1, 1, 4, 0, 0, 0, 10, 2, 0, 17, 2, 8, 0, 0, 0, 1, : 8, 6, 1, 1, 4, 10, 2, 17, 2, 8, 1, 
77: 3, 0, 3, 0, 6, 6, 0, 0, 0, 2, 0, 0, 1, 0, 0, 0, 16, 0, 0, 2, : 3, 3, 6, 6, 2, 1, 16, 2, 
64: 7, 4, 0, 0, 0, 1, 5, 0, 0, 0, 1, 0, 0, 3, 0, 1, 0, 0, 1, 7, : 7, 4, 1, 5, 1, 3, 1, 1, 7, 
131: 6, 0, 0, 3, 6, 5, 0, 1, 8, 2, 0, 0, 0, 0, 0, 1, 0, 3, 6, 0, : 6, 3, 6, 5, 1, 8, 2, 1, 3, 6, 
94: 0, 0, 0, 0, 0, 7, 0, 0, 1, 3, 1, 4, 0, 11, 2, 0, 8, 0, 1, 8, : 7, 1, 3, 1, 4, 11, 2, 8, 1, 8, 
197: 5, 0, 0, 4, 0, 1, 1, 0, 0, 4, 8, 0, 9, 0, 0, 0, 6, 6, 0, 0, : 5, 4, 1, 1, 4, 8, 9, 6, 6, 
10: 1, 0, 1, 3, 0, 1, 8, 16, 3, 2, 4, 19, 1, 8, 14, 1, 0, 0, 11, 0, : 1, 1, 3, 1, 8, 16, 3, 2, 4, 19, 1, 8, 14, 1, 11, 
1: 0, 8, 1, 0, 0, 2, 5, 4, 0, 1, 1, 4, 1, 6, 2, 0, 14, 7, 1, 1, : 8, 1, 2, 5, 4, 1, 1, 4, 1, 6, 2, 14, 7, 1, 1, 
135: 5, 0, 0, 0, 4, 1, 3, 0, 14, 11, 0, 0, 8, 0, 10, 16, 4, 4, 0, 17, : 5, 4, 1, 3, 14, 11, 8, 10, 16, 4, 4, 17, 


5: 0, 0, 5, 8, 5, 3, 9, 0, 11, 0, 0, 0, 0, 3, 0, 1, 10, 11, 2, 0, : 5, 8, 5, 3, 9, 11, 3, 1, 10, 11, 2, 
56: 0, 11, 10, 7, 0, 0, 0, 13, 0, 3, 3, 0, 0, 0, 0, 8, 0, 8, 6, 0, : 11, 10, 7, 13, 3, 3, 8, 8, 6, 
111: 2, 6, 5, 0, 7, 0, 0, 0, 5, 2, 4, 0, 0, 0, 0, 0, 3, 0, 2, 7, : 2, 6, 5, 7, 5, 2, 4, 3, 2, 7, 
2: 5, 0, 0, 0, 12, 3, 1, 22, 16, 8, 7, 0, 0, 4, 0, 12, 0, 0, 16, 0, : 5, 12, 3, 1, 22, 16, 8, 7, 4, 12, 16, 
105: 0, 2, 0, 0, 15, 18, 0, 6, 8, 4, 0, 0, 7, 0, 9, 1, 1, 11, 0, 0, : 2, 15, 18, 6, 8, 4, 7, 9, 1, 1, 11, 
166: 15, 4, 0, 3, 2, 0, 9, 0, 0, 6, 4, 0, 12, 6, 2, 7, 0, 15, 0, 0, : 15, 4, 3, 2, 9, 6, 4, 12, 6, 2, 7, 15, 
106: 0, 3, 8, 2, 0, 5, 0, 0, 0, 0, 0, 0, 2, 1, 0, 0, 0, 5, 0, 6, : 3, 8, 2, 5, 2, 1, 5, 6, 
156: 0, 10, 2, 0, 1, 0, 8, 0, 0, 0, 1, 0, 0, 0, 0, 6, 7, 0, 0, 5, : 10, 2, 1, 8, 1, 6, 7, 5, 
42: 16, 13, 4, 4, 1, 0, 2, 0, 5, 0, 1, 5, 0, 5, 0, 0, 0, 0, 0, 0, : 16, 13, 4, 4, 1, 2, 5, 1, 5, 5, 
182: 0, 5, 4, 4, 2, 3, 1, 3, 0, 5, 0, 0, 4, 2, 2, 0, 2, 0, 0, 7, : 5, 4, 4, 2, 3, 1, 3, 5, 4, 2, 2, 2, 7, 
14: 0, 0, 0, 2, 1, 5, 11, 0, 14, 3, 19, 0, 0, 8, 11, 0, 0, 0, 14, 1, : 2, 1, 5, 11, 14, 3, 19, 8, 11, 14, 1, 
19: 6, 1, 3, 2, 0, 2, 0, 6, 4, 0, 1, 0, 0, 6, 0, 1, 0, 2, 0, 0, : 6, 1, 3, 2, 2, 6, 4, 1, 6, 1, 2, 
155: 0, 0, 0, 9, 3, 3, 5, 0, 0, 3, 0, 20, 8, 1, 0, 9, 6, 0, 3, 21, : 9, 3, 3, 5, 3, 20, 8, 1, 9, 6, 3, 21, 
169: 0, 0, 0, 0, 0, 2, 5, 3, 0, 0, 11, 14, 8, 5, 0, 4, 14, 0, 0, 16, : 2, 5, 3, 11, 14, 8, 5, 4, 14, 16, 
112: 1, 0, 1, 16, 0, 1, 9, 0, 0, 7, 9, 0, 3, 4, 0, 4, 1, 0, 3, 0, : 1, 1, 16, 1, 9, 7, 9, 3, 4, 4, 1, 3, 
82: 17, 5, 0, 2, 2, 2, 0, 0, 0, 0, 0, 5, 9, 0, 26, 0, 3, 0, 0, 0, : 17, 5, 2, 2, 2, 5, 9, 26, 3, 
88: 0, 1, 9, 1, 0, 3, 0, 4, 0, 0, 0, 0, 0, 8, 0, 0, 7, 2, 0, 2, : 1, 9, 1, 3, 4, 8, 7, 2, 2, 
118: 0, 4, 14, 2, 0, 3, 2, 1, 2, 23, 1, 21, 0, 2, 5, 0, 8, 8, 7, 0, : 4, 14, 2, 3, 2, 1, 2, 23, 1, 21, 2, 5, 8, 8, 7, 
176: 3, 0, 0, 0, 14, 6, 2, 6, 0, 1, 0, 0, 12, 9, 2, 2, 1, 0, 1, 0, : 3, 14, 6, 2, 6, 1, 12, 9, 2, 2, 1, 1, 
194: 0, 0, 0, 3, 0, 6, 1, 1, 0, 0, 4, 0, 0, 1, 8, 10, 2, 3, 11, 0, : 3, 6, 1, 1, 4, 1, 8, 10, 2, 3, 11, 


170: 0, 0, 6, 3, 0, 0, 4, 0, 0, 1, 18, 0, 0, 0, 0, 0, 14, 14, 1, 0, : 6, 3, 4, 1, 18, 14, 14, 1, 
145: 4, 2, 6, 1, 0, 3, 1, 0, 0, 12, 0, 4, 0, 11, 0, 2, 0, 8, 1, 0, : 4, 2, 6, 1, 3, 1, 12, 4, 11, 2, 8, 1, 
181: 0, 1, 10, 0, 5, 7, 0, 0, 6, 0, 1, 2, 5, 5, 0, 2, 0, 0, 2, 1, : 1, 10, 5, 7, 6, 1, 2, 5, 5, 2, 2, 1, 
144: 10, 0, 7, 5, 4, 0, 16, 4, 5, 0, 2, 2, 5, 1, 22, 1, 3, 13, 0, 14, : 10, 7, 5, 4, 16, 4, 5, 2, 2, 5, 1, 22, 1, 3, 13, 14, 
168: 0, 1, 0, 4, 0, 2, 1, 0, 2, 13, 0, 3, 2, 26, 0, 0, 0, 0, 2, 3, : 1, 4, 2, 1, 2, 13, 3, 2, 26, 2, 3, 
184: 4, 3, 1, 0, 0, 0, 0, 4, 5, 5, 1, 11, 7, 0, 3, 11, 0, 0, 0, 1, : 4, 3, 1, 4, 5, 5, 1, 11, 7, 3, 11, 1, 
59: 0, 24, 0, 5, 11, 12, 4, 0, 3, 0, 2, 8, 0, 5, 4, 0, 2, 0, 5, 4, : 24, 5, 11, 12, 4, 3, 2, 8, 5, 4, 2, 5, 4, 
123: 0, 0, 1, 5, 2, 0, 7, 6, 0, 0, 7, 4, 0, 0, 0, 0, 0, 0, 1, 4, : 1, 5, 2, 7, 6, 7, 4, 1, 4, 
109: 0, 0, 1, 10, 0, 0, 0, 0, 4, 0, 0, 4, 6, 0, 0, 6, 0, 0, 3, 9, : 1, 10, 4, 4, 6, 6, 3, 9, 
63: 2, 13, 0, 4, 5, 0, 10, 4, 5, 0, 1, 1, 1, 8, 3, 7, 0, 0, 12, 3, : 2, 13, 4, 5, 10, 4, 5, 1, 1, 1, 8, 3, 7, 12, 3, 
69: 0, 1, 2, 5, 0, 6, 0, 0, 0, 23, 4, 1, 2, 1, 3, 0, 0, 0, 0, 2, : 1, 2, 5, 6, 23, 4, 1, 2, 1, 3, 2, 
190: 1, 0, 12, 3, 1, 7, 2, 17, 6, 0, 1, 0, 0, 0, 0, 4, 8, 4, 2, 0, : 1, 12, 3, 1, 7, 2, 17, 6, 1, 4, 8, 4, 2, 
62: 4, 0, 3, 3, 2, 4, 0, 0, 5, 8, 1, 6, 0, 5, 1, 0, 0, 7, 15, 10, : 4, 3, 3, 2, 4, 5, 8, 1, 6, 5, 1, 7, 15, 10, 
67: 13, 0, 1, 1, 8, 0, 2, 0, 4, 0, 1, 1, 0, 0, 0, 0, 3, 0, 5, 0, : 13, 1, 1, 8, 2, 4, 1, 1, 3, 5, 
85: 9, 0, 0, 1, 0, 0, 6, 0, 0, 0, 1, 0, 12, 3, 0, 0, 0, 0, 1, 2, : 9, 1, 6, 1, 12, 3, 1, 2, 
199: 5, 7, 0, 4, 3, 0, 3, 6, 11, 0, 0, 2, 3, 0, 3, 0, 11, 0, 1, 0, : 5, 7, 4, 3, 3, 6, 11, 2, 3, 3, 11, 1, 
137: 0, 2, 3, 0, 13, 24, 0, 16, 0, 0, 12, 0, 9, 0, 7, 8, 2, 19, 1, 0, : 2, 3, 13, 24, 16, 12, 9, 7, 8, 2, 19, 1, 
198: 13, 6, 7, 8, 7, 0, 0, 0, 0, 3, 2, 1, 13, 0, 0, 20, 0, 0, 1, 4, : 13, 6, 7, 8, 7, 3, 2, 1, 13, 20, 1, 4, 
18: 0, 0, 5, 3, 2, 0, 2, 0, 1, 0, 10, 15, 0, 0, 19, 4, 17, 0, 0, 8, : 5, 3, 2, 2, 1, 10, 15, 19, 4, 17, 8, 
175: 0, 5, 0, 0, 2, 0, 7, 8, 8, 0, 1, 0, 0, 0, 0, 0, 5, 0, 12, 0, : 5, 2, 7, 8, 8, 1, 5, 12, 


30: 0, 0, 0, 2, 3, 7, 0, 0, 0, 0, 18, 14, 0, 0, 0, 0, 19, 8, 19, 5, : 2, 3, 7, 18, 14, 19, 8, 19, 5, 
57: 4, 1, 0, 1, 0, 9, 7, 0, 12, 1, 4, 3, 0, 0, 0, 10, 0, 0, 0, 10, : 4, 1, 1, 9, 7, 12, 1, 4, 3, 10, 10, 
23: 9, 0, 2, 8, 18, 8, 5, 0, 1, 0, 1, 0, 20, 0, 7, 0, 0, 0, 0, 0, : 9, 2, 8, 18, 8, 5, 1, 1, 20, 7, 
114: 3, 0, 0, 2, 19, 5, 0, 10, 0, 0, 0, 3, 5, 0, 20, 9, 0, 2, 10, 4, : 3, 2, 19, 5, 10, 3, 5, 20, 9, 2, 10, 4, 
35: 0, 1, 22, 0, 0, 0, 0, 2, 9, 9, 0, 0, 1, 4, 1, 3, 0, 5, 0, 5, : 1, 22, 2, 9, 9, 1, 4, 1, 3, 5, 5, 
73: 0, 1, 1, 0, 7, 5, 0, 0, 7, 0, 0, 5, 6, 2, 2, 4, 0, 0, 1, 0, : 1, 1, 7, 5, 7, 5, 6, 2, 2, 4, 1, 
142: 11, 16, 9, 4, 4, 0, 3, 6, 10, 0, 5, 3, 0, 7, 1, 0, 0, 2, 0, 5, : 11, 16, 9, 4, 4, 3, 6, 10, 5, 3, 7, 1, 2, 5, 
157: 5, 3, 0, 3, 1, 9, 8, 6, 0, 0, 5, 9, 0, 3, 0, 1, 2, 5, 0, 0, : 5, 3, 3, 1, 9, 8, 6, 5, 9, 3, 1, 2, 5, 
47: 0, 0, 27, 0, 0, 1, 12, 0, 3, 0, 6, 1, 5, 26, 0, 1, 0, 0, 0, 0, : 27, 1, 12, 3, 6, 1, 5, 26, 1, 
171: 1, 0, 0, 26, 0, 0, 0, 7, 7, 14, 5, 6, 4, 2, 3, 0, 0, 0, 17, 5, : 1, 26, 7, 7, 14, 5, 6, 4, 2, 3, 17, 5, 
70: 10, 4, 0, 0, 0, 0, 3, 0, 0, 0, 0, 6, 0, 0, 24, 7, 0, 0, 6, 1, : 10, 4, 3, 6, 24, 7, 6, 1, 
147: 0, 0, 0, 0, 5, 0, 0, 0, 0, 0, 1, 0, 0, 7, 0, 1, 18, 0, 0, 6, : 5, 1, 7, 1, 18, 6, 
8: 3, 8, 0, 0, 2, 0, 0, 0, 3, 0, 0, 1, 0, 10, 0, 14, 0, 0, 0, 15, : 3, 8, 2, 3, 1, 10, 14, 15, 
44: 8, 17, 0, 1, 1, 0, 0, 0, 0, 5, 11, 5, 8, 0, 0, 2, 15, 0, 0, 0, : 8, 17, 1, 1, 5, 11, 5, 8, 2, 15, 
76: 0, 0, 0, 1, 0, 10, 4, 7, 7, 0, 7, 5, 0, 0, 2, 8, 8, 0, 7, 0, : 1, 10, 4, 7, 7, 7, 5, 2, 8, 8, 7, 
122: 1, 0, 0, 0, 0, 0, 9, 15, 5, 0, 1, 0, 10, 0, 0, 0, 0, 6, 5, 0, : 1, 9, 15, 5, 1, 10, 6, 5, 
7: 9, 9, 0, 16, 0, 0, 0, 8, 0, 0, 0, 0, 0, 0, 0, 2, 1, 9, 0, 7, : 9, 9, 16, 8, 2, 1, 9, 7, 
154: 0, 0, 0, 0, 5, 10, 3, 0, 1, 20, 1, 0, 0, 0, 2, 0, 0, 13, 0, 0, : 5, 10, 3, 1, 20, 1, 2, 13, 
72: 0, 2, 4, 0, 0, 0, 0, 1, 0, 5, 0, 4, 0, 0, 3, 0, 0, 12, 0, 0, : 2, 4, 1, 5, 4, 3, 12, 
29: 1, 3, 0, 1, 0, 1, 11, 3, 0, 11, 0, 0, 6, 4, 0, 3, 2, 3, 0, 2, : 1, 3, 1, 1, 11, 3, 11, 6, 4, 3, 2, 3, 2, 


183: 0, 0, 0, 0, 0, 0, 0, 6, 1, 0, 0, 0, 3, 16, 0, 0, 0, 4, 0, 1, : 6, 1, 3, 16, 4, 1, 
12: 1, 0, 0, 4, 9, 0, 2, 5, 2, 0, 1, 0, 1, 0, 7, 7, 19, 6, 13, 1, : 1, 4, 9, 2, 5, 2, 1, 1, 7, 7, 19, 6, 13, 1, 
115: 13, 0, 0, 2, 1, 0, 1, 0, 10, 0, 4, 0, 8, 8, 0, 0, 6, 0, 0, 1, : 13, 2, 1, 1, 10, 4, 8, 8, 6, 1, 
61: 0, 1, 0, 2, 0, 27, 0, 0, 6, 0, 0, 0, 1, 0, 13, 3, 0, 3, 3, 3, : 1, 2, 27, 6, 1, 13, 3, 3, 3, 3, 
71: 9, 4, 0, 0, 7, 0, 9, 0, 6, 15, 1, 0, 6, 11, 0, 17, 2, 0, 10, 1, : 9, 4, 7, 9, 6, 15, 1, 6, 11, 17, 2, 10, 1, 
58: 8, 1, 1, 11, 2, 0, 0, 4, 0, 2, 0, 4, 2, 0, 10, 8, 0, 0, 3, 8, : 8, 1, 1, 11, 2, 4, 2, 4, 2, 10, 8, 3, 8, 
39: 1, 0, 19, 0, 0, 5, 1, 1, 0, 2, 0, 0, 18, 0, 0, 2, 0, 7, 0, 5, : 1, 19, 5, 1, 1, 2, 18, 2, 7, 5, 
91: 3, 0, 0, 2, 7, 0, 7, 12, 8, 8, 0, 6, 12, 2, 3, 4, 1, 0, 0, 1, : 3, 2, 7, 7, 12, 8, 8, 6, 12, 2, 3, 4, 1, 1, 
161: 3, 4, 1, 0, 6, 1, 0, 0, 1, 10, 0, 5, 0, 0, 0, 0, 0, 2, 0, 1, : 3, 4, 1, 6, 1, 1, 10, 5, 2, 1, 
51: 0, 0, 9, 7, 14, 0, 0, 0, 1, 1, 27, 0, 1, 4, 5, 4, 0, 0, 3, 6, : 9, 7, 14, 1, 1, 27, 1, 4, 5, 4, 3, 6, 
11: 0, 0, 0, 5, 1, 24, 2, 0, 2, 0, 1, 18, 0, 0, 0, 7, 5, 3, 0, 5, : 5, 1, 24, 2, 2, 1, 18, 7, 5, 3, 5, 
151: 0, 8, 12, 3, 5, 0, 0, 16, 2, 7, 0, 2, 2, 2, 0, 0, 8, 4, 18, 6, : 8, 12, 3, 5, 16, 2, 7, 2, 2, 2, 8, 4, 18, 6, 
3: 4, 5, 0, 0, 1, 0, 0, 0, 0, 0, 0, 0, 0, 4, 3, 4, 3, 2, 2, 4, : 4, 5, 1, 4, 3, 4, 3, 2, 2, 4, 
102: 2, 10, 0, 1, 3, 0, 12, 0, 7, 3, 0, 4, 3, 0, 14, 2, 3, 0, 3, 4, : 2, 10, 1, 3, 12, 7, 3, 4, 3, 14, 2, 3, 3, 4, 
158: 4, 2, 3, 0, 0, 0, 0, 0, 6, 0, 16, 12, 4, 6, 0, 0, 0, 2, 0, 1, : 4, 2, 3, 6, 16, 12, 4, 6, 2, 1, 
81: 8, 27, 18, 8, 2, 4, 22, 0, 0, 0, 0, 0, 0, 0, 10, 0, 14, 0, 4, 7, : 8, 27, 18, 8, 2, 4, 22, 10, 14, 4, 7, 
50: 0, 0, 2, 14, 0, 0, 0, 1, 4, 15, 0, 10, 0, 4, 0, 2, 4, 0, 0, 1, : 2, 14, 1, 4, 15, 10, 4, 2, 4, 1, 
153: 3, 0, 0, 2, 3, 0, 7, 0, 1, 0, 14, 4, 0, 0, 0, 0, 0, 16, 0, 2, : 3, 2, 3, 7, 1, 14, 4, 16, 2, 
172: 2, 3, 0, 1, 0, 0, 0, 0, 0, 0, 1, 0, 3, 8, 0, 0, 0, 2, 6, 3, : 2, 3, 1, 1, 3, 8, 2, 6, 3, 
104: 4, 0, 0, 3, 4, 4, 2, 20, 8, 2, 0, 0, 1, 0, 0, 5, 0, 14, 0, 4, : 4, 3, 4, 4, 2, 20, 8, 2, 1, 5, 14, 4, 


86: 5, 0, 7, 0, 0, 0, 2, 1, 5, 6, 0, 0, 0, 0, 1, 2, 10, 9, 0, 3, : 5, 7, 2, 1, 5, 6, 1, 2, 10, 9, 3, 
97: 2, 10, 11, 1, 4, 0, 16, 8, 1, 5, 13, 0, 0, 5, 8, 2, 0, 9, 3, 0, : 2, 10, 11, 1, 4, 16, 8, 1, 5, 13, 5, 8, 2, 9, 3, 
178: 0, 3, 0, 5, 0, 3, 4, 5, 0, 4, 0, 12, 6, 0, 6, 2, 0, 0, 12, 4, : 3, 5, 3, 4, 5, 4, 12, 6, 6, 2, 12, 4, 
113: 4, 3, 0, 3, 10, 8, 0, 1, 0, 1, 15, 4, 1, 0, 6, 5, 0, 0, 1, 2, : 4, 3, 3, 10, 8, 1, 1, 15, 4, 1, 6, 5, 1, 2, 
65: 0, 2, 1, 13, 0, 9, 0, 1, 1, 1, 0, 12, 0, 6, 3, 1, 1, 0, 5, 9, : 2, 1, 13, 9, 1, 1, 1, 12, 6, 3, 1, 1, 5, 9, 
180: 0, 2, 7, 0, 0, 0, 3, 1, 19, 1, 0, 10, 19, 17, 0, 0, 14, 0, 0, 0, : 2, 7, 3, 1, 19, 1, 10, 19, 17, 14, 
125: 0, 6, 0, 8, 3, 6, 4, 3, 1, 0, 0, 6, 1, 3, 1, 2, 7, 5, 1, 0, : 6, 8, 3, 6, 4, 3, 1, 6, 1, 3, 1, 2, 7, 5, 1, 
9: 1, 2, 0, 1, 0, 9, 0, 2, 3, 8, 0, 0, 0, 1, 5, 7, 0, 0, 12, 0, : 1, 2, 1, 9, 2, 3, 8, 1, 5, 7, 12, 
130: 8, 20, 1, 5, 0, 1, 4, 4, 11, 9, 0, 9, 1, 0, 4, 6, 1, 0, 2, 0, : 8, 20, 1, 5, 1, 4, 4, 11, 9, 9, 1, 4, 6, 1, 2, 
90: 2, 0, 0, 0, 0, 0, 7, 3, 5, 2, 19, 1, 0, 0, 4, 3, 7, 2, 3, 0, : 2, 7, 3, 5, 2, 19, 1, 4, 3, 7, 2, 3, 
167: 9, 1, 13, 18, 0, 0, 0, 7, 2, 1, 0, 4, 1, 0, 3, 1, 5, 2, 0, 0, : 9, 1, 13, 18, 7, 2, 1, 4, 1, 3, 1, 5, 2, 
107: 0, 0, 6, 0, 2, 6, 4, 4, 2, 5, 0, 0, 0, 5, 0, 1, 0, 1, 1, 4, : 6, 2, 6, 4, 4, 2, 5, 5, 1, 1, 1, 4, 
149: 0, 0, 0, 1, 18, 0, 0, 0, 1, 5, 16, 0, 3, 1, 4, 0, 0, 2, 0, 3, : 1, 18, 1, 5, 16, 3, 1, 4, 2, 3, 
174: 0, 0, 7, 0, 0, 0, 2, 6, 1, 3, 0, 3, 3, 0, 1, 0, 4, 4, 0, 8, : 7, 2, 6, 1, 3, 3, 3, 1, 4, 4, 8, 
126: 21, 12, 1, 0, 1, 4, 2, 0, 0, 1, 0, 3, 3, 17, 2, 9, 2, 2, 3, 1, : 21, 12, 1, 1, 4, 2, 1, 3, 3, 17, 2, 9, 2, 2, 3, 1, 
177: 0, 0, 2, 0, 0, 0, 3, 7, 7, 3, 0, 1, 12, 4, 0, 14, 1, 18, 3, 2, : 2, 3, 7, 7, 3, 1, 12, 4, 14, 1, 18, 3, 2, 
108: 11, 0, 0, 1, 2, 13, 1, 4, 1, 3, 2, 0, 1, 0, 9, 5, 2, 0, 1, 5, : 11, 1, 2, 13, 1, 4, 1, 3, 2, 1, 9, 5, 2, 1, 5, 
192: 1, 3, 4, 9, 23, 2, 1, 4, 3, 0, 0, 0, 0, 0, 5, 1, 3, 6, 3, 0, : 1, 3, 4, 9, 23, 2, 1, 4, 3, 5, 1, 3, 6, 3, 
22: 0, 1, 0, 0, 0, 1, 0, 3, 1, 6, 0, 0, 5, 4, 2, 2, 0, 0, 7, 18, : 1, 1, 3, 1, 6, 5, 4, 2, 2, 7, 18, 
41: 1, 0, 5, 0, 2, 3, 12, 1, 1, 1, 0, 0, 9, 2, 1, 2, 8, 5, 8, 6, : 1, 5, 2, 3, 12, 1, 1, 1, 9, 2, 1, 2, 8, 5, 8, 6, 


