
40
40
120
1

25: 0, 0, 1, 0, 4, 0, 0, 13, 0, 0, 0, 13, 3, 4, 0, 0, 1, 1, 15, 0, 0, 0, 13, 0, 1, 9, 0, 1, 0, 0, 0, 0, 0, 3, 3, 6, 0, 0, 0, 9, : 1, 4, 13, 13, 3, 4, 1, 1, 15, 13, 1, 9, 1, 3, 3, 6, 9, 
20: 0, 2, 16, 7, 3, 0, 0, 0, 1, 2, 0, 7, 0, 0, 0, 4, 0, 0, 1, 1, 0, 9, 0, 0, 16, 0, 1, 0, 24, 0, 5, 0, 0, 16, 8, 6, 2, 7, 0, 0, : 2, 16, 7, 3, 1, 2, 7, 4, 1, 1, 9, 16, 1, 24, 5, 16, 8, 6, 2, 7, 
39: 1, 0, 20, 3, 0, 0, 1, 0, 2, 0, 10, 0, 7, 0, 19, 12, 10, 0, 6, 2, 0, 4, 0, 14, 0, 16, 7, 8, 0, 24, 5, 0, 0, 6, 0, 0, 0, 0, 0, 0, : 1, 20, 3, 1, 2, 10, 7, 19, 12, 10, 6, 2, 4, 14, 16, 7, 8, 24, 5, 6, 
23: 0, 3, 0, 16, 2, 0, 0, 0, 1, 8, 3, 11, 0, 0, 0, 0, 8, 15, 1, 7, 0, 2, 0, 8, 6, 0, 1, 0, 3, 1, 0, 0, 0, 13, 0, 2, 0, 10, 7, 2, : 3, 16, 2, 1, 8, 3, 11, 8, 15, 1, 7, 2, 8, 6, 1, 3, 1, 13, 2, 10, 7, 2, 
40: 0, 7, 0, 0, 0, 0, 0, 0, 1, 2, 0, 0, 0, 3, 6, 0, 0, 0, 5, 0, 0, 0, 0, 8, 0, 4, 22, 10, 15, 0, 3, 8, 0, 0, 0, 13, 1, 11, 6, 2, : 7, 1, 2, 3, 6, 5, 8, 4, 22, 10, 15, 3, 8, 13, 1, 11, 6, 2, 
9: 0, 18, 1, 0, 0, 3, 3, 3, 1, 6, 0, 0, 0, 3, 16, 21, 1, 0, 0, 2, 0, 3, 0, 0, 10, 0, 0, 15, 0, 3, 0, 6, 0, 0, 18, 0, 0, 0, 0, 0, : 18, 1, 3, 3, 3, 1, 6, 3, 16, 21, 1, 2, 3, 10, 15, 3, 6, 18, 
36: 0, 2, 1, 0, 7, 6, 17, 28, 16, 0, 0, 5, 1, 16, 0, 0, 0, 0, 0, 0, 2, 1, 0, 0, 3, 1, 19, 0, 6, 0, 0, 7, 7, 7, 0, 2, 1, 16, 6, 0, : 2, 1, 7, 6, 17, 28, 16, 5, 1, 16, 2, 1, 3, 1, 19, 6, 7, 7, 7, 2, 1, 16, 6, 
12: 0, 0, 0, 4, 6, 0, 0, 0, 0, 0, 3, 0, 3, 0, 1, 19, 0, 4, 3, 0, 0, 0, 1, 0, 8, 0, 4, 0, 0, 0, 2, 2, 1, 2, 7, 9, 5, 0, 5, 0, : 4, 6, 3, 3, 1, 19, 4, 3, 1, 8, 4, 2, 2, 1, 2, 7, 9, 5, 5, 
21: 24, 4, 0, 0, 4, 0, 16, 15, 2, 11, 4, 0, 0, 0, 0, 3, 0, 7, 0, 7, 6, 0, 13, 3, 0, 2, 1, 0, 5, 0, 0, 0, 4, 0, 18, 2, 0, 0, 7, 3, : 24, 4, 4, 16, 15, 2, 11, 4, 3, 7, 7, 6, 13, 3, 2, 1, 5, 4, 18, 2, 7, 3, 
38: 15, 3, 2, 0, 23, 0, 5, 0, 6, 0, 2, 15, 0, 0, 0, 4, 0, 0, 0, 0, 0, 0, 0, 0, 0, 9, 17, 9, 0, 0, 0, 0, 7, 6, 7, 0, 1, 0, 1, 0, : 15, 3, 2, 23, 5, 6, 2, 15, 4, 9, 17, 9, 7, 6, 7, 1, 1, 
33: 0, 0, 4, 10, 1, 0, 2, 8, 4, 0, 1, 9, 0, 0, 18, 0, 0, 6, 0, 0, 13, 1, 0, 0, 0, 4, 1, 0, 0, 1, 6, 7, 13, 0, 0, 2, 17, 3, 1, 0, : 4, 10, 1, 2, 8, 4, 1, 9, 18, 6, 13, 1, 4, 1, 1, 6, 7, 13, 2, 17, 3, 1, 
27: 6, 3, 7, 2, 4, 8, 0, 0, 0, 0, 2, 0, 0, 13, 0, 0, 0, 0, 6, 2, 0, 0, 3, 0, 0, 0, 1, 0, 0, 2, 0, 0, 1, 0, 0, 1, 0, 0, 0, 0, : 6, 3, 7, 2, 4, 8, 2, 13, 6, 2, 3, 1, 2, 1, 1, 
29: 0, 0, 0, 2, 0, 15, 0, 0, 0, 2, 9, 14, 19, 0, 0, 0, 3, 10, 2, 4, 0, 3, 14, 9, 3, 0, 1, 18, 6, 0, 5, 0, 1, 0, 0, 0, 1, 0, 0, 0, : 2, 15, 2, 9, 14, 19, 3, 10, 2, 4, 3, 14, 9, 3, 1, 18, 6, 5, 1, 1, 
31: 0, 0, 0, 0, 4, 0, 4, 0, 5, 22, 0, 0, 0, 2, 10, 1, 3, 3, 8, 4, 0, 1, 0, 0, 0, 6, 3, 0, 0, 27, 16, 9, 2, 2, 2, 8, 0, 0, 0, 0, : 4, 4, 5, 22, 2, 10, 1, 3, 3, 8, 4, 1, 6, 3, 27, 16, 9, 2, 2, 2, 8, 
4: 0, 0, 1, 14, 0, 0, 0, 0, 12, 0, 1, 2, 4, 6, 0, 18, 0, 3, 5, 15, 17, 1, 0, 0, 7, 0, 0, 0, 0, 0, 3, 0, 0, 0, 1, 0, 5, 6, 15, 1, : 1, 14, 12, 1, 2, 4, 6, 18, 3, 5, 15, 17, 1, 7, 3, 1, 5, 6, 15, 1, 
22: 3, 0, 0, 5, 3, 3, 0, 0, 3, 0, 1, 0, 0, 5, 5, 0, 2, 0, 0, 0, 0, 0, 7, 4, 10, 2, 2, 1, 0, 4, 19, 0, 0, 0, 0, 0, 1, 4, 8, 15, : 3, 5, 3, 3, 3, 1, 5, 5, 2, 7, 4, 10, 2, 2, 1, 4, 19, 1, 4, 8, 15, 
37: 5, 0, 12, 5, 0, 0, 0, 7, 1, 3, 0, 2, 0, 1, 7, 7, 0, 0, 1, 1, 0, 0, 0, 4, 0, 6, 0, 0, 3, 3, 0, 0, 5, 0, 0, 0, 6, 7, 0, 2, : 5, 12, 5, 7, 1, 3, 2, 1, 7, 7, 1, 1, 4, 6, 3, 3, 5, 6, 7, 2, 
34: 0, 0, 12, 0, 1, 0, 1, 0, 0, 0, 1, 0, 8, 0, 0, 3, 16, 0, 10, 1, 2, 6, 8, 0, 0, 0, 0, 0, 0, 2, 4, 3, 7, 1, 0, 0, 2, 0, 0, 0, : 12, 1, 1, 1, 8, 3, 16, 10, 1, 2, 6, 8, 2, 4, 3, 7, 1, 2, 
7: 4, 0, 0, 0, 2, 1, 4, 1, 1, 5, 2, 4, 1, 0, 1, 0, 0, 2, 0, 10, 0, 8, 0, 1, 11, 0, 0, 0, 0, 3, 2, 0, 2, 0, 7, 0, 7, 5, 0, 0, : 4, 2, 1, 4, 1, 1, 5, 2, 4, 1, 1, 2, 10, 8, 1, 11, 3, 2, 2, 7, 7, 5, 
11: 11, 0, 0, 1, 0, 0, 0, 0, 2, 0, 0, 0, 6, 0, 2, 0, 0, 0, 4, 0, 4, 2, 3, 0, 6, 4, 4, 1, 5, 1, 9, 1, 0, 18, 0, 19, 0, 12, 17, 0, : 11, 1, 2, 6, 2, 4, 4, 2, 3, 6, 4, 4, 1, 5, 1, 9, 1, 18, 19, 12, 17, 
30: 1, 0, 6, 0, 0, 1, 2, 0, 0, 3, 0, 0, 0, 0, 0, 0, 0, 0, 3, 0, 8, 2, 20, 0, 0, 1, 0, 2, 0, 0, 1, 15, 0, 0, 0, 0, 7, 0, 0, 2, : 1, 6, 1, 2, 3, 3, 8, 2, 20, 1, 2, 1, 15, 7, 2, 
26: 0, 4, 0, 2, 2, 23, 17, 1, 0, 0, 4, 2, 11, 0, 5, 0, 0, 2, 0, 5, 12, 6, 0, 0, 0, 0, 3, 23, 0, 0, 0, 0, 0, 0, 9, 1, 1, 0, 6, 0, : 4, 2, 2, 23, 17, 1, 4, 2, 11, 5, 2, 5, 12, 6, 3, 23, 9, 1, 1, 6, 
13: 0, 14, 0, 0, 0, 3, 0, 0, 0, 0, 0, 1, 0, 0, 0, 0, 17, 0, 4, 18, 0, 0, 11, 9, 5, 0, 0, 0, 0, 0, 0, 1, 0, 0, 2, 1, 2, 10, 11, 14, : 14, 3, 1, 17, 4, 18, 11, 9, 5, 1, 2, 1, 2, 10, 11, 14, 
3: 4, 6, 0, 6, 0, 3, 0, 6, 9, 2, 2, 1, 4, 11, 0, 0, 0, 0, 9, 14, 3, 1, 8, 0, 0, 7, 4, 0, 0, 3, 0, 0, 0, 3, 0, 0, 0, 10, 5, 0, : 4, 6, 6, 3, 6, 9, 2, 2, 1, 4, 11, 9, 14, 3, 1, 8, 7, 4, 3, 3, 10, 5, 
8: 8, 0, 0, 2, 0, 13, 0, 0, 2, 0, 0, 0, 0, 26, 1, 0, 6, 0, 0, 1, 15, 11, 0, 0, 0, 0, 0, 5, 0, 3, 6, 0, 0, 4, 5, 0, 4, 2, 0, 3, : 8, 2, 13, 2, 26, 1, 6, 1, 15, 11, 5, 3, 6, 4, 5, 4, 2, 3, 
2: 0, 0, 0, 0, 19, 0, 0, 2, 0, 0, 0, 0, 1, 5, 9, 3, 1, 22, 0, 3, 0, 3, 3, 0, 7, 1, 0, 0, 0, 21, 0, 0, 0, 0, 0, 0, 11, 5, 8, 0, : 19, 2, 1, 5, 9, 3, 1, 22, 3, 3, 3, 7, 1, 21, 11, 5, 8, 
17: 14, 12, 5, 4, 0, 0, 9, 6, 17, 0, 10, 0, 0, 0, 8, 0, 0, 4, 0, 0, 0, 17, 4, 0, 0, 0, 0, 0, 0, 0, 4, 3, 10, 11, 0, 13, 9, 0, 2, 0, : 14, 12, 5, 4, 9, 6, 17, 10, 8, 4, 17, 4, 4, 3, 10, 11, 13, 9, 2, 
35: 3, 12, 21, 0, 19, 0, 0, 0, 0, 0, 5, 0, 2, 0, 0, 5, 11, 9, 8, 1, 0, 6, 0, 3, 10, 0, 0, 11, 0, 3, 0, 0, 15, 0, 0, 13, 0, 0, 0, 8, : 3, 12, 21, 19, 5, 2, 5, 11, 9, 8, 1, 6, 3, 10, 11, 3, 15, 13, 8, 
1: 0, 0, 0, 0, 0, 0, 0, 0, 0, 4, 2, 1, 18, 3, 0, 0, 9, 0, 0, 0, 0, 0, 2, 0, 2, 11, 1, 0, 5, 0, 3, 6, 0, 1, 0, 3, 4, 0, 0, 0, : 4, 2, 1, 18, 3, 9, 2, 2, 11, 1, 5, 3, 6, 1, 3, 4, 
28: 2, 0, 0, 1, 4, 9, 0, 1, 0, 5, 0, 0, 12, 0, 0, 0, 0, 3, 7, 3, 0, 0, 3, 4, 4, 13, 3, 0, 0, 0, 0, 9, 0, 0, 17, 2, 0, 0, 2, 5, : 2, 1, 4, 9, 1, 5, 12, 3, 7, 3, 3, 4, 4, 13, 3, 9, 17, 2, 2, 5, 
5: 6, 1, 0, 0, 0, 0, 0, 13, 6, 1, 8, 0, 0, 0, 0, 3, 3, 3, 0, 0, 0, 1, 0, 0, 2, 4, 5, 0, 25, 0, 16, 9, 19, 0, 1, 0, 24, 0, 0, 0, : 6, 1, 13, 6, 1, 8, 3, 3, 3, 1, 2, 4, 5, 25, 16, 9, 19, 1, 24, 
32: 1, 8, 0, 5, 0, 0, 13, 0, 0, 1, 0, 2, 1, 0, 2, 0, 0, 0, 0, 0, 6, 1, 1, 0, 0, 0, 1, 0, 0, 0, 0, 7, 0, 13, 1, 0, 0, 0, 8, 6, : 1, 8, 5, 13, 1, 2, 1, 2, 6, 1, 1, 1, 7, 13, 1, 8, 6, 
16: 11, 3, 2, 8, 0, 0, 0, 1, 2, 17, 0, 6, 0, 0, 0, 13, 0, 0, 0, 7, 4, 2, 0, 9, 1, 0, 10, 0, 17, 3, 4, 3, 0, 0, 0, 1, 8, 0, 0, 1, : 11, 3, 2, 8, 1, 2, 17, 6, 13, 7, 4, 2, 9, 1, 10, 17, 3, 4, 3, 1, 8, 1, 
19: 1, 1, 0, 7, 0, 17, 11, 0, 7, 2, 0, 9, 2, 0, 0, 0, 0, 0, 12, 0, 0, 1, 0, 1, 0, 0, 0, 1, 0, 0, 0, 1, 10, 0, 6, 0, 0, 6, 0, 6, : 1, 1, 7, 17, 11, 7, 2, 9, 2, 12, 1, 1, 1, 1, 10, 6, 6, 6, 
24: 0, 1, 0, 8, 2, 14, 0, 0, 1, 20, 11, 5, 2, 0, 0, 4, 0, 2, 0, 0, 4, 5, 0, 1, 0, 0, 0, 1, 0, 0, 0, 14, 2, 0, 2, 10, 0, 0, 0, 9, : 1, 8, 2, 14, 1, 20, 11, 5, 2, 4, 2, 4, 5, 1, 1, 14, 2, 2, 10, 9, 
15: 0, 9, 5, 0, 6, 0, 0, 15, 1, 0, 17, 0, 2, 15, 9, 0, 0, 11, 1, 0, 4, 1, 0, 0, 3, 0, 2, 4, 0, 8, 0, 1, 7, 0, 2, 6, 1, 0, 1, 18, : 9, 5, 6, 15, 1, 17, 2, 15, 9, 11, 1, 4, 1, 3, 2, 4, 8, 1, 7, 2, 6, 1, 1, 18, 
6: 0, 0, 0, 4, 2, 1, 1, 0, 13, 2, 11, 0, 6, 7, 1, 0, 0, 10, 7, 5, 20, 0, 1, 19, 1, 9, 0, 3, 5, 0, 3, 0, 0, 0, 0, 0, 0, 1, 0, 5, : 4, 2, 1, 1, 13, 2, 11, 6, 7, 1, 10, 7, 5, 20, 1, 19, 1, 9, 3, 5, 3, 1, 5, 
18: 0, 3, 1, 0, 0, 0, 0, 0, 1, 0, 2, 3, 0, 0, 0, 0, 15, 1, 2, 1, 0, 1, 5, 0, 0, 11, 6, 0, 0, 2, 0, 7, 2, 12, 1, 0, 0, 0, 0, 3, : 3, 1, 1, 2, 3, 15, 1, 2, 1, 1, 5, 11, 6, 2, 7, 2, 12, 1, 3, 
14: 0, 0, 0, 2, 0, 0, 8, 0, 0, 2, 8, 0, 1, 0, 0, 0, 14, 2, 0, 3, 0, 21, 0, 3, 4, 0, 1, 7, 0, 6, 2, 0, 5, 2, 3, 0, 0, 1, 0, 5, : 2, 8, 2, 8, 1, 14, 2, 3, 21, 3, 4, 1, 7, 6, 2, 5, 2, 3, 1, 5, 
10: 0, 4, 3, 2, 2, 0, 6, 0, 3, 0, 1, 8, 6, 0, 0, 0, 0, 0, 0, 3, 0, 0, 0, 20, 0, 0, 0, 0, 1, 0, 2, 1, 0, 0, 0, 0, 0, 4, 4, 1, : 4, 3, 2, 2, 6, 3, 1, 8, 6, 3, 20, 1, 2, 1, 4, 4, 1, 


