
40
80
120
2

7: 0, 3, 0, 0, 4, 0, 3, 4, 0, 0, 0, 0, 0, 0, 1, 3, 0, 1, 2, 4, 0, 0, 0, 42, 0, 44, 2, 0, 0, 2, 0, 0, 0, 4, 3, 1, 0, 2, 0, 5, : 3, 4, 3, 4, 1, 3, 1, 2, 4, 42, 44, 2, 2, 4, 3, 1, 2, 5, 
2: 0, 0, 1, 4, 0, 0, 0, 5, 41, 1, 3, 0, 5, 3, 1, 0, 0, 0, 0, 4, 0, 4, 4, 4, 5, 0, 0, 2, 0, 1, 43, 5, 0, 3, 5, 3, 0, 4, 3, 3, : 1, 4, 5, 41, 1, 3, 5, 3, 1, 4, 4, 4, 4, 5, 2, 1, 43, 5, 3, 5, 3, 4, 3, 3, 
59: 0, 5, 3, 0, 3, 0, 0, 4, 0, 0, 0, 3, 1, 0, 1, 0, 3, 2, 4, 0, 2, 5, 0, 2, 0, 0, 0, 0, 0, 0, 1, 3, 44, 5, 2, 4, 0, 4, 41, 2, : 5, 3, 3, 4, 3, 1, 1, 3, 2, 4, 2, 5, 2, 1, 3, 44, 5, 2, 4, 4, 41, 2, 
75: 0, 4, 5, 5, 0, 0, 0, 2, 0, 0, 40, 1, 4, 0, 3, 0, 4, 0, 1, 0, 0, 1, 40, 1, 0, 0, 0, 0, 0, 2, 5, 0, 0, 5, 0, 1, 0, 4, 0, 1, : 4, 5, 5, 2, 40, 1, 4, 3, 4, 1, 1, 40, 1, 2, 5, 5, 1, 4, 1, 
20: 0, 0, 4, 43, 1, 0, 3, 1, 0, 0, 5, 0, 0, 2, 0, 0, 40, 2, 0, 0, 0, 1, 4, 2, 1, 0, 1, 0, 0, 0, 0, 3, 0, 0, 0, 1, 44, 3, 0, 2, : 4, 43, 1, 3, 1, 5, 2, 40, 2, 1, 4, 2, 1, 1, 3, 1, 44, 3, 2, 
69: 0, 3, 0, 0, 4, 0, 4, 3, 44, 5, 0, 0, 0, 0, 4, 0, 5, 0, 3, 2, 0, 5, 0, 0, 0, 0, 0, 0, 4, 2, 0, 1, 1, 0, 0, 1, 0, 1, 0, 5, : 3, 4, 4, 3, 44, 5, 4, 5, 3, 2, 5, 4, 2, 1, 1, 1, 1, 5, 
52: 0, 4, 0, 0, 2, 1, 0, 3, 3, 0, 0, 0, 1, 0, 1, 0, 0, 3, 4, 0, 0, 0, 0, 2, 0, 1, 0, 0, 0, 44, 5, 1, 0, 0, 2, 3, 0, 5, 0, 4, : 4, 2, 1, 3, 3, 1, 1, 3, 4, 2, 1, 44, 5, 1, 2, 3, 5, 4, 
46: 0, 4, 5, 0, 0, 0, 0, 4, 3, 5, 0, 40, 0, 3, 0, 42, 1, 3, 2, 0, 0, 3, 2, 4, 0, 0, 4, 3, 0, 3, 5, 2, 0, 4, 0, 0, 0, 3, 1, 0, : 4, 5, 4, 3, 5, 40, 3, 42, 1, 3, 2, 3, 2, 4, 4, 3, 3, 5, 2, 4, 3, 1, 
31: 0, 5, 0, 3, 1, 0, 2, 4, 3, 0, 4, 0, 0, 1, 0, 2, 5, 0, 5, 0, 0, 5, 41, 0, 0, 2, 4, 0, 0, 5, 4, 40, 0, 2, 5, 0, 3, 5, 1, 1, : 5, 3, 1, 2, 4, 3, 4, 1, 2, 5, 5, 5, 41, 2, 4, 5, 4, 40, 2, 5, 3, 5, 1, 1, 
8: 0, 1, 1, 0, 3, 0, 4, 0, 0, 0, 1, 5, 4, 4, 0, 1, 1, 0, 2, 0, 0, 1, 0, 5, 40, 2, 0, 3, 0, 4, 0, 4, 0, 5, 0, 5, 0, 0, 0, 5, : 1, 1, 3, 4, 1, 5, 4, 4, 1, 1, 2, 1, 5, 40, 2, 3, 4, 4, 5, 5, 5, 
63: 44, 5, 5, 1, 0, 1, 0, 4, 0, 0, 0, 0, 0, 0, 4, 5, 0, 2, 1, 42, 0, 1, 0, 1, 2, 0, 0, 0, 43, 3, 0, 0, 5, 0, 0, 2, 0, 5, 0, 0, : 44, 5, 5, 1, 1, 4, 4, 5, 2, 1, 42, 1, 1, 2, 43, 3, 5, 2, 5, 
3: 3, 0, 1, 0, 2, 0, 2, 4, 1, 4, 0, 2, 42, 5, 3, 44, 1, 5, 0, 0, 3, 2, 0, 1, 0, 2, 0, 4, 5, 4, 0, 5, 0, 4, 2, 44, 0, 1, 0, 4, : 3, 1, 2, 2, 4, 1, 4, 2, 42, 5, 3, 44, 1, 5, 3, 2, 1, 2, 4, 5, 4, 5, 4, 2, 44, 1, 4, 
32: 0, 5, 3, 0, 0, 0, 0, 5, 0, 1, 0, 0, 0, 0, 0, 0, 4, 0, 1, 2, 0, 0, 0, 1, 0, 2, 0, 0, 0, 0, 0, 0, 0, 3, 0, 2, 0, 5, 2, 4, : 5, 3, 5, 1, 4, 1, 2, 1, 2, 3, 2, 5, 2, 4, 
4: 43, 5, 5, 0, 4, 0, 4, 2, 2, 0, 0, 3, 0, 3, 1, 4, 4, 0, 4, 5, 0, 0, 0, 1, 0, 1, 0, 0, 0, 4, 0, 0, 0, 3, 0, 3, 0, 1, 3, 2, : 43, 5, 5, 4, 4, 2, 2, 3, 3, 1, 4, 4, 4, 5, 1, 1, 4, 3, 3, 1, 3, 2, 
48: 1, 4, 0, 0, 3, 4, 3, 2, 0, 4, 0, 0, 0, 0, 1, 0, 5, 0, 3, 4, 0, 0, 0, 0, 0, 4, 0, 0, 0, 1, 0, 2, 1, 2, 2, 5, 0, 2, 5, 0, : 1, 4, 3, 4, 3, 2, 4, 1, 5, 3, 4, 4, 1, 2, 1, 2, 2, 5, 2, 5, 
36: 0, 4, 4, 5, 1, 4, 3, 5, 2, 0, 0, 0, 0, 0, 3, 4, 0, 0, 4, 0, 0, 2, 4, 4, 3, 0, 0, 0, 0, 5, 42, 2, 0, 0, 0, 0, 0, 2, 1, 4, : 4, 4, 5, 1, 4, 3, 5, 2, 3, 4, 4, 2, 4, 4, 3, 5, 42, 2, 2, 1, 4, 
23: 0, 2, 0, 0, 2, 0, 0, 4, 0, 2, 0, 3, 0, 0, 2, 3, 0, 1, 0, 2, 0, 5, 0, 0, 3, 1, 44, 2, 0, 0, 0, 0, 0, 1, 40, 1, 0, 1, 0, 1, : 2, 2, 4, 2, 3, 2, 3, 1, 2, 5, 3, 1, 44, 2, 1, 40, 1, 1, 1, 
17: 4, 0, 2, 0, 0, 1, 4, 0, 0, 1, 0, 5, 0, 0, 2, 0, 5, 2, 0, 0, 4, 0, 3, 3, 2, 0, 0, 0, 0, 3, 0, 3, 4, 3, 1, 0, 0, 5, 3, 3, : 4, 2, 1, 4, 1, 5, 2, 5, 2, 4, 3, 3, 2, 3, 3, 4, 3, 1, 5, 3, 3, 
68: 0, 0, 4, 0, 0, 5, 0, 0, 0, 4, 4, 2, 0, 0, 3, 0, 1, 1, 4, 1, 2, 3, 0, 2, 0, 0, 0, 0, 1, 0, 0, 0, 2, 5, 0, 2, 4, 2, 1, 1, : 4, 5, 4, 4, 2, 3, 1, 1, 4, 1, 2, 3, 2, 1, 2, 5, 2, 4, 2, 1, 1, 
64: 0, 0, 42, 0, 0, 0, 2, 3, 0, 0, 2, 1, 0, 3, 1, 2, 0, 1, 0, 0, 0, 2, 0, 0, 4, 3, 3, 5, 4, 0, 0, 3, 2, 0, 41, 0, 0, 3, 0, 0, : 42, 2, 3, 2, 1, 3, 1, 2, 1, 2, 4, 3, 3, 5, 4, 3, 2, 41, 3, 
50: 0, 0, 0, 44, 2, 0, 4, 4, 0, 0, 2, 2, 0, 4, 1, 0, 0, 0, 5, 0, 4, 0, 1, 1, 0, 1, 0, 0, 0, 2, 4, 1, 0, 3, 0, 5, 4, 1, 0, 1, : 44, 2, 4, 4, 2, 2, 4, 1, 5, 4, 1, 1, 1, 2, 4, 1, 3, 5, 4, 1, 1, 
77: 0, 3, 1, 0, 0, 0, 3, 3, 0, 0, 1, 1, 2, 1, 1, 0, 1, 4, 3, 0, 0, 3, 4, 2, 0, 0, 0, 3, 4, 5, 5, 3, 3, 1, 0, 3, 3, 1, 0, 2, : 3, 1, 3, 3, 1, 1, 2, 1, 1, 1, 4, 3, 3, 4, 2, 3, 4, 5, 5, 3, 3, 1, 3, 3, 1, 2, 
76: 0, 0, 1, 0, 4, 3, 2, 1, 0, 41, 4, 40, 0, 0, 4, 0, 5, 0, 3, 0, 0, 4, 0, 5, 5, 0, 2, 0, 0, 4, 0, 4, 0, 3, 2, 4, 0, 3, 0, 3, : 1, 4, 3, 2, 1, 41, 4, 40, 4, 5, 3, 4, 5, 5, 2, 4, 4, 3, 2, 4, 3, 3, 
37: 0, 2, 0, 0, 5, 0, 0, 2, 2, 41, 0, 0, 1, 0, 3, 1, 5, 0, 1, 0, 2, 4, 0, 0, 41, 0, 40, 0, 0, 5, 0, 1, 1, 0, 0, 0, 44, 3, 1, 0, : 2, 5, 2, 2, 41, 1, 3, 1, 5, 1, 2, 4, 41, 40, 5, 1, 1, 44, 3, 1, 
29: 0, 44, 2, 0, 4, 1, 3, 0, 3, 0, 0, 0, 0, 0, 3, 0, 4, 0, 2, 0, 5, 43, 0, 2, 0, 0, 0, 44, 3, 4, 0, 1, 0, 3, 1, 0, 0, 5, 3, 1, : 44, 2, 4, 1, 3, 3, 3, 4, 2, 5, 43, 2, 44, 3, 4, 1, 3, 1, 5, 3, 1, 
60: 0, 1, 5, 0, 3, 0, 2, 2, 0, 0, 0, 0, 1, 0, 0, 0, 5, 5, 1, 0, 4, 5, 0, 2, 0, 40, 0, 0, 0, 2, 3, 1, 0, 1, 0, 0, 1, 5, 0, 0, : 1, 5, 3, 2, 2, 1, 5, 5, 1, 4, 5, 2, 40, 2, 3, 1, 1, 1, 5, 
72: 5, 0, 0, 3, 5, 0, 1, 2, 0, 0, 0, 0, 5, 0, 3, 5, 0, 0, 0, 1, 0, 0, 3, 2, 0, 2, 5, 0, 43, 0, 0, 3, 0, 0, 3, 0, 0, 4, 2, 0, : 5, 3, 5, 1, 2, 5, 3, 5, 1, 3, 2, 2, 5, 43, 3, 3, 4, 2, 
43: 0, 0, 5, 0, 0, 41, 42, 5, 5, 0, 0, 0, 1, 3, 3, 0, 3, 0, 3, 2, 40, 5, 0, 3, 0, 3, 0, 2, 5, 1, 1, 2, 0, 5, 0, 0, 0, 2, 0, 43, : 5, 41, 42, 5, 5, 1, 3, 3, 3, 3, 2, 40, 5, 3, 3, 2, 5, 1, 1, 2, 5, 2, 43, 
26: 2, 4, 0, 2, 5, 4, 2, 4, 0, 0, 0, 1, 0, 0, 4, 1, 0, 44, 3, 0, 0, 1, 0, 1, 0, 3, 0, 0, 4, 1, 0, 1, 0, 1, 0, 4, 0, 5, 41, 0, : 2, 4, 2, 5, 4, 2, 4, 1, 4, 1, 44, 3, 1, 1, 3, 4, 1, 1, 1, 4, 5, 41, 
21: 4, 1, 0, 3, 44, 0, 1, 5, 4, 0, 44, 0, 0, 0, 5, 0, 5, 0, 0, 3, 0, 0, 0, 1, 4, 5, 4, 0, 0, 1, 0, 4, 0, 4, 0, 3, 4, 4, 0, 0, : 4, 1, 3, 44, 1, 5, 4, 44, 5, 5, 3, 1, 4, 5, 4, 1, 4, 4, 3, 4, 4, 
65: 2, 0, 2, 4, 4, 2, 1, 0, 0, 0, 0, 0, 0, 42, 3, 3, 1, 41, 5, 0, 5, 5, 0, 4, 5, 0, 0, 3, 0, 0, 0, 1, 0, 1, 0, 0, 0, 4, 0, 2, : 2, 2, 4, 4, 2, 1, 42, 3, 3, 1, 41, 5, 5, 5, 4, 5, 3, 1, 1, 4, 2, 
79: 0, 0, 3, 3, 0, 43, 0, 0, 0, 0, 0, 2, 0, 0, 0, 0, 0, 0, 2, 40, 0, 0, 0, 4, 0, 1, 0, 0, 0, 5, 0, 0, 43, 2, 3, 2, 5, 2, 0, 3, : 3, 3, 43, 2, 2, 40, 4, 1, 5, 43, 2, 3, 2, 5, 2, 3, 
58: 4, 1, 1, 0, 4, 0, 4, 5, 0, 4, 2, 1, 0, 0, 2, 0, 0, 3, 0, 0, 4, 0, 0, 2, 3, 0, 0, 0, 0, 0, 0, 4, 0, 1, 0, 0, 0, 5, 1, 1, : 4, 1, 1, 4, 4, 5, 4, 2, 1, 2, 3, 4, 2, 3, 4, 1, 5, 1, 1, 
39: 0, 3, 5, 0, 5, 0, 5, 5, 4, 0, 0, 0, 2, 0, 1, 0, 2, 0, 44, 2, 40, 0, 0, 5, 0, 0, 0, 2, 0, 4, 2, 5, 4, 2, 0, 5, 2, 3, 0, 2, : 3, 5, 5, 5, 5, 4, 2, 1, 2, 44, 2, 40, 5, 2, 4, 2, 5, 4, 2, 5, 2, 3, 2, 
12: 0, 0, 0, 0, 0, 4, 1, 5, 0, 0, 0, 0, 5, 0, 2, 0, 5, 0, 1, 3, 0, 0, 0, 5, 0, 0, 2, 0, 3, 0, 0, 4, 0, 1, 3, 4, 4, 3, 0, 4, : 4, 1, 5, 5, 2, 5, 1, 3, 5, 2, 3, 4, 1, 3, 4, 4, 3, 4, 
25: 0, 2, 2, 0, 0, 0, 3, 5, 0, 3, 5, 0, 1, 0, 44, 0, 1, 0, 0, 0, 4, 0, 4, 2, 2, 0, 4, 0, 0, 3, 0, 3, 0, 0, 0, 2, 0, 5, 3, 4, : 2, 2, 3, 5, 3, 5, 1, 44, 1, 4, 4, 2, 2, 4, 3, 3, 2, 5, 3, 4, 
56: 4, 0, 4, 0, 0, 3, 3, 3, 1, 0, 0, 0, 3, 0, 5, 0, 1, 0, 2, 0, 1, 3, 4, 2, 0, 3, 0, 0, 0, 0, 0, 0, 1, 1, 0, 0, 0, 2, 0, 2, : 4, 4, 3, 3, 3, 1, 3, 5, 1, 2, 1, 3, 4, 2, 3, 1, 1, 2, 2, 
62: 0, 2, 1, 0, 0, 0, 4, 4, 1, 0, 2, 4, 42, 43, 1, 0, 1, 0, 2, 0, 0, 5, 1, 0, 0, 0, 0, 43, 0, 0, 0, 1, 0, 40, 0, 5, 0, 1, 5, 3, : 2, 1, 4, 4, 1, 2, 4, 42, 43, 1, 1, 2, 5, 1, 43, 1, 40, 5, 1, 5, 3, 
34: 4, 0, 0, 0, 3, 3, 4, 4, 1, 4, 1, 0, 0, 0, 1, 0, 2, 0, 1, 3, 0, 0, 0, 2, 0, 0, 4, 0, 0, 0, 0, 3, 5, 2, 0, 0, 0, 1, 0, 2, : 4, 3, 3, 4, 4, 1, 4, 1, 1, 2, 1, 3, 2, 4, 3, 5, 2, 1, 2, 
19: 0, 3, 3, 0, 2, 0, 1, 2, 0, 0, 0, 4, 0, 3, 3, 0, 0, 0, 2, 0, 0, 2, 5, 0, 0, 0, 1, 4, 1, 0, 0, 4, 4, 0, 5, 5, 2, 3, 3, 0, : 3, 3, 2, 1, 2, 4, 3, 3, 2, 2, 5, 1, 4, 1, 4, 4, 5, 5, 2, 3, 3, 


78: 0, 5, 5, 0, 0, 0, 0, 0, 1, 3, 0, 4, 3, 0, 4, 1, 4, 4, 3, 0, 4, 1, 2, 5, 3, 0, 2, 2, 1, 1, 0, 3, 3, 0, 2, 0, 0, 0, 0, 4, : 5, 5, 1, 3, 4, 3, 4, 1, 4, 4, 3, 4, 1, 2, 5, 3, 2, 2, 1, 1, 3, 3, 2, 4, 
55: 1, 0, 4, 1, 0, 0, 3, 0, 2, 0, 0, 44, 44, 5, 1, 0, 4, 0, 5, 0, 43, 0, 0, 41, 0, 0, 2, 0, 4, 3, 0, 3, 0, 0, 1, 44, 1, 0, 1, 2, : 1, 4, 1, 3, 2, 44, 44, 5, 1, 4, 5, 43, 41, 2, 4, 3, 3, 1, 44, 1, 1, 2, 
15: 3, 3, 2, 4, 0, 0, 5, 1, 4, 4, 0, 3, 3, 2, 0, 5, 2, 1, 3, 44, 0, 0, 44, 0, 0, 4, 2, 3, 1, 4, 0, 2, 0, 0, 5, 4, 0, 0, 0, 0, : 3, 3, 2, 4, 5, 1, 4, 4, 3, 3, 2, 5, 2, 1, 3, 44, 44, 4, 2, 3, 1, 4, 2, 5, 4, 
27: 2, 4, 5, 44, 0, 0, 0, 5, 0, 5, 0, 0, 0, 0, 5, 5, 5, 0, 5, 1, 0, 2, 0, 1, 0, 0, 3, 0, 2, 1, 0, 5, 0, 0, 5, 0, 0, 0, 0, 4, : 2, 4, 5, 44, 5, 5, 5, 5, 5, 5, 1, 2, 1, 3, 2, 1, 5, 5, 4, 
47: 3, 0, 2, 3, 5, 0, 5, 1, 4, 0, 42, 0, 0, 3, 4, 1, 0, 2, 4, 3, 1, 0, 0, 3, 0, 0, 1, 5, 2, 0, 2, 3, 1, 3, 5, 0, 0, 0, 5, 0, : 3, 2, 3, 5, 5, 1, 4, 42, 3, 4, 1, 2, 4, 3, 1, 3, 1, 5, 2, 2, 3, 1, 3, 5, 5, 
71: 2, 0, 3, 3, 0, 0, 0, 0, 1, 0, 0, 5, 0, 0, 3, 0, 0, 2, 1, 0, 0, 5, 3, 5, 0, 4, 0, 3, 1, 0, 3, 1, 2, 43, 4, 5, 5, 5, 0, 5, : 2, 3, 3, 1, 5, 3, 2, 1, 5, 3, 5, 4, 3, 1, 3, 1, 2, 43, 4, 5, 5, 5, 5, 
73: 4, 0, 4, 5, 1, 0, 1, 5, 1, 0, 5, 2, 4, 5, 0, 2, 40, 3, 0, 1, 0, 1, 2, 0, 0, 0, 5, 0, 5, 2, 4, 2, 4, 0, 0, 4, 2, 0, 2, 5, : 4, 4, 5, 1, 1, 5, 1, 5, 2, 4, 5, 2, 40, 3, 1, 1, 2, 5, 5, 2, 4, 2, 4, 4, 2, 2, 5, 
45: 0, 0, 2, 1, 3, 5, 5, 0, 0, 0, 0, 3, 3, 0, 1, 0, 0, 2, 0, 0, 0, 2, 0, 3, 0, 44, 4, 0, 3, 0, 2, 3, 0, 3, 3, 0, 0, 3, 1, 0, : 2, 1, 3, 5, 5, 3, 3, 1, 2, 2, 3, 44, 4, 3, 2, 3, 3, 3, 3, 1, 
41: 0, 0, 2, 1, 5, 43, 0, 0, 1, 0, 0, 0, 0, 0, 5, 0, 0, 5, 2, 0, 3, 0, 0, 0, 0, 0, 0, 0, 3, 3, 2, 5, 1, 0, 0, 0, 0, 4, 4, 0, : 2, 1, 5, 43, 1, 5, 5, 2, 3, 3, 3, 2, 5, 1, 4, 4, 
74: 3, 0, 2, 1, 0, 0, 0, 0, 0, 3, 0, 2, 0, 2, 4, 43, 3, 1, 0, 0, 0, 0, 0, 0, 0, 0, 1, 0, 2, 4, 5, 4, 1, 3, 0, 0, 0, 0, 5, 3, : 3, 2, 1, 3, 2, 2, 4, 43, 3, 1, 1, 2, 4, 5, 4, 1, 3, 5, 3, 
28: 0, 5, 3, 1, 0, 0, 1, 0, 4, 0, 0, 3, 0, 0, 0, 5, 0, 0, 2, 0, 3, 0, 1, 5, 3, 0, 5, 0, 5, 0, 0, 1, 0, 5, 3, 0, 3, 0, 2, 0, : 5, 3, 1, 1, 4, 3, 5, 2, 3, 1, 5, 3, 5, 5, 1, 5, 3, 3, 2, 
22: 1, 0, 4, 2, 0, 2, 0, 43, 0, 0, 0, 4, 3, 0, 2, 1, 0, 3, 0, 0, 0, 0, 0, 0, 0, 0, 0, 4, 0, 0, 0, 5, 3, 0, 0, 0, 0, 0, 3, 0, : 1, 4, 2, 2, 43, 4, 3, 2, 1, 3, 4, 5, 3, 3, 
13: 4, 3, 3, 1, 3, 0, 0, 0, 3, 0, 0, 0, 4, 0, 5, 0, 3, 0, 0, 5, 0, 3, 0, 1, 0, 0, 1, 44, 5, 0, 1, 3, 1, 0, 4, 4, 0, 0, 1, 3, : 4, 3, 3, 1, 3, 3, 4, 5, 3, 5, 3, 1, 1, 44, 5, 1, 3, 1, 4, 4, 1, 3, 
9: 5, 4, 1, 1, 0, 0, 0, 0, 4, 0, 3, 0, 2, 2, 0, 0, 5, 0, 1, 43, 0, 2, 0, 1, 0, 4, 5, 0, 2, 4, 2, 3, 0, 2, 0, 0, 0, 40, 3, 3, : 5, 4, 1, 1, 4, 3, 2, 2, 5, 1, 43, 2, 1, 4, 5, 2, 4, 2, 3, 2, 40, 3, 3, 
38: 40, 2, 1, 3, 2, 0, 40, 0, 3, 0, 0, 4, 0, 0, 4, 1, 0, 42, 3, 0, 4, 0, 1, 3, 2, 0, 5, 0, 2, 44, 2, 5, 0, 0, 3, 0, 0, 1, 40, 4, : 40, 2, 1, 3, 2, 40, 3, 4, 4, 1, 42, 3, 4, 1, 3, 2, 5, 2, 44, 2, 5, 3, 1, 40, 4, 
35: 4, 0, 4, 1, 0, 0, 0, 0, 3, 2, 0, 1, 0, 1, 2, 3, 5, 1, 0, 5, 0, 2, 2, 1, 5, 0, 5, 0, 5, 1, 3, 1, 0, 2, 5, 0, 3, 2, 0, 3, : 4, 4, 1, 3, 2, 1, 1, 2, 3, 5, 1, 5, 2, 2, 1, 5, 5, 5, 1, 3, 1, 2, 5, 3, 2, 3, 
51: 3, 0, 2, 3, 5, 4, 0, 0, 0, 1, 0, 4, 4, 0, 0, 2, 0, 5, 1, 0, 0, 4, 0, 0, 0, 0, 0, 0, 2, 0, 0, 1, 0, 0, 1, 0, 3, 2, 3, 4, : 3, 2, 3, 5, 4, 1, 4, 4, 2, 5, 1, 4, 2, 1, 1, 3, 2, 3, 4, 
30: 3, 1, 2, 4, 0, 5, 0, 2, 4, 42, 0, 2, 5, 0, 0, 0, 1, 3, 4, 0, 3, 0, 3, 0, 4, 0, 1, 0, 4, 2, 1, 3, 0, 5, 2, 0, 0, 0, 3, 5, : 3, 1, 2, 4, 5, 2, 4, 42, 2, 5, 1, 3, 4, 3, 3, 4, 1, 4, 2, 1, 3, 5, 2, 3, 5, 
24: 5, 0, 3, 3, 0, 0, 0, 0, 3, 2, 4, 2, 0, 40, 5, 4, 5, 0, 0, 5, 4, 0, 0, 4, 3, 0, 5, 0, 5, 0, 0, 0, 0, 0, 2, 42, 0, 0, 3, 0, : 5, 3, 3, 3, 2, 4, 2, 40, 5, 4, 5, 5, 4, 4, 3, 5, 5, 2, 42, 3, 
66: 3, 0, 4, 0, 0, 0, 0, 0, 4, 0, 0, 2, 0, 0, 4, 3, 0, 2, 42, 0, 0, 5, 0, 0, 0, 0, 3, 0, 4, 5, 0, 2, 5, 0, 4, 0, 0, 0, 5, 4, : 3, 4, 4, 2, 4, 3, 2, 42, 5, 3, 4, 5, 2, 5, 4, 5, 4, 
49: 1, 0, 4, 2, 2, 0, 41, 3, 1, 0, 0, 0, 5, 0, 4, 2, 5, 0, 5, 0, 0, 43, 1, 0, 0, 2, 0, 0, 5, 0, 1, 5, 0, 0, 1, 3, 1, 0, 0, 1, : 1, 4, 2, 2, 41, 3, 1, 5, 4, 2, 5, 5, 43, 1, 2, 5, 1, 5, 1, 3, 1, 1, 
14: 0, 3, 5, 5, 0, 3, 0, 0, 1, 2, 0, 4, 5, 0, 0, 5, 0, 2, 0, 0, 0, 5, 0, 0, 0, 0, 4, 40, 1, 1, 0, 2, 0, 4, 4, 0, 1, 43, 2, 41, : 3, 5, 5, 3, 1, 2, 4, 5, 5, 2, 5, 4, 40, 1, 1, 2, 4, 4, 1, 43, 2, 41, 
42: 5, 0, 4, 1, 0, 0, 0, 2, 3, 2, 3, 3, 0, 0, 0, 5, 0, 1, 3, 0, 0, 2, 0, 0, 0, 0, 0, 5, 2, 4, 0, 2, 42, 0, 1, 3, 4, 0, 2, 4, : 5, 4, 1, 2, 3, 2, 3, 3, 5, 1, 3, 2, 5, 2, 4, 2, 42, 1, 3, 4, 2, 4, 
57: 4, 42, 3, 1, 0, 3, 0, 0, 0, 5, 0, 5, 0, 0, 1, 0, 5, 2, 1, 0, 0, 0, 0, 2, 0, 0, 1, 0, 5, 1, 43, 3, 0, 0, 4, 0, 0, 0, 0, 5, : 4, 42, 3, 1, 3, 5, 5, 1, 5, 2, 1, 2, 1, 5, 1, 43, 3, 4, 5, 
40: 0, 0, 2, 5, 43, 3, 0, 0, 0, 0, 0, 2, 3, 0, 2, 4, 0, 3, 5, 2, 0, 0, 0, 0, 0, 0, 0, 0, 1, 1, 0, 4, 0, 0, 4, 0, 0, 1, 5, 0, : 2, 5, 43, 3, 2, 3, 2, 4, 3, 5, 2, 1, 1, 4, 4, 1, 5, 
5: 4, 0, 4, 1, 0, 44, 0, 0, 0, 0, 0, 4, 3, 4, 0, 4, 2, 5, 1, 2, 0, 2, 0, 0, 41, 0, 5, 0, 4, 0, 0, 4, 2, 5, 0, 0, 3, 5, 5, 2, : 4, 4, 1, 44, 4, 3, 4, 4, 2, 5, 1, 2, 2, 41, 5, 4, 4, 2, 5, 3, 5, 5, 2, 
53: 2, 0, 5, 2, 0, 1, 0, 5, 40, 0, 0, 0, 0, 2, 4, 2, 0, 5, 1, 3, 1, 0, 0, 1, 5, 2, 3, 0, 5, 4, 0, 4, 0, 0, 5, 0, 1, 0, 4, 0, : 2, 5, 2, 1, 5, 40, 2, 4, 2, 5, 1, 3, 1, 1, 5, 2, 3, 5, 4, 4, 5, 1, 4, 
10: 4, 0, 2, 5, 0, 4, 0, 0, 5, 42, 0, 4, 0, 0, 4, 0, 4, 2, 0, 0, 0, 4, 0, 0, 0, 5, 3, 2, 5, 2, 41, 5, 0, 0, 2, 0, 0, 0, 0, 0, : 4, 2, 5, 4, 5, 42, 4, 4, 4, 2, 4, 5, 3, 2, 5, 2, 41, 5, 2, 
61: 0, 2, 1, 5, 0, 0, 5, 0, 4, 0, 44, 0, 5, 4, 0, 4, 0, 3, 3, 0, 0, 3, 3, 0, 1, 0, 0, 0, 4, 5, 1, 2, 0, 0, 1, 0, 0, 0, 2, 3, : 2, 1, 5, 5, 4, 44, 5, 4, 4, 3, 3, 3, 3, 1, 4, 5, 1, 2, 1, 2, 3, 
44: 0, 0, 5, 0, 40, 0, 5, 0, 0, 0, 2, 0, 0, 43, 1, 3, 0, 2, 5, 0, 5, 4, 0, 0, 0, 0, 4, 0, 4, 4, 0, 3, 5, 0, 40, 1, 1, 0, 3, 5, : 5, 40, 5, 2, 43, 1, 3, 2, 5, 5, 4, 4, 4, 4, 3, 5, 40, 1, 1, 3, 5, 
80: 0, 0, 1, 4, 0, 0, 0, 0, 2, 0, 4, 1, 3, 1, 1, 0, 3, 0, 4, 2, 1, 5, 43, 0, 0, 40, 0, 0, 1, 0, 0, 5, 0, 0, 0, 0, 5, 0, 1, 0, : 1, 4, 2, 4, 1, 3, 1, 1, 3, 4, 2, 1, 5, 43, 40, 1, 5, 5, 1, 
67: 0, 41, 5, 2, 0, 0, 0, 0, 4, 0, 1, 1, 2, 0, 0, 0, 0, 0, 2, 0, 0, 5, 5, 0, 0, 0, 1, 5, 3, 3, 0, 3, 0, 0, 1, 0, 0, 0, 1, 0, : 41, 5, 2, 4, 1, 1, 2, 2, 5, 5, 1, 5, 3, 3, 3, 1, 1, 
6: 0, 2, 2, 0, 4, 0, 0, 5, 5, 0, 0, 1, 0, 2, 0, 5, 5, 2, 5, 0, 0, 5, 0, 1, 0, 4, 0, 0, 5, 2, 0, 5, 0, 0, 1, 0, 2, 5, 0, 5, : 2, 2, 4, 5, 5, 1, 2, 5, 5, 2, 5, 5, 1, 4, 5, 2, 5, 1, 2, 5, 5, 
70: 3, 2, 2, 0, 0, 0, 4, 40, 0, 0, 5, 1, 0, 0, 3, 0, 5, 0, 2, 0, 4, 1, 1, 43, 0, 0, 2, 4, 3, 2, 0, 3, 41, 5, 1, 0, 42, 2, 2, 0, : 3, 2, 2, 4, 40, 5, 1, 3, 5, 2, 4, 1, 1, 43, 2, 4, 3, 2, 3, 41, 5, 1, 42, 2, 2, 
1: 2, 0, 4, 0, 0, 0, 5, 0, 0, 1, 0, 0, 2, 2, 3, 5, 0, 1, 0, 0, 0, 5, 0, 0, 5, 5, 0, 0, 3, 0, 0, 2, 3, 0, 0, 2, 0, 0, 3, 0, : 2, 4, 5, 1, 2, 2, 3, 5, 1, 5, 5, 5, 3, 2, 3, 2, 3, 
18: 2, 1, 3, 0, 0, 0, 0, 2, 4, 4, 1, 0, 3, 1, 2, 0, 0, 0, 0, 1, 0, 5, 3, 0, 3, 0, 42, 1, 4, 5, 0, 5, 0, 0, 0, 5, 3, 3, 1, 0, : 2, 1, 3, 2, 4, 4, 1, 3, 1, 2, 1, 5, 3, 3, 42, 1, 4, 5, 5, 5, 3, 3, 1, 
54: 3, 0, 1, 0, 0, 0, 0, 0, 3, 2, 1, 1, 4, 0, 4, 0, 3, 4, 0, 1, 0, 0, 2, 0, 41, 2, 0, 2, 2, 3, 3, 5, 1, 40, 1, 0, 0, 0, 4, 0, : 3, 1, 3, 2, 1, 1, 4, 4, 3, 4, 1, 2, 41, 2, 2, 2, 3, 3, 5, 1, 40, 1, 4, 
16: 0, 0, 1, 0, 5, 3, 0, 1, 2, 0, 1, 3, 3, 1, 0, 0, 4, 3, 1, 0, 0, 2, 0, 0, 1, 0, 0, 0, 1, 5, 0, 2, 1, 0, 4, 0, 40, 0, 1, 1, : 1, 5, 3, 1, 2, 1, 3, 3, 1, 4, 3, 1, 2, 1, 1, 5, 2, 1, 4, 40, 1, 1, 
11: 3, 0, 3, 0, 0, 0, 0, 4, 0, 0, 0, 0, 5, 0, 0, 0, 5, 4, 1, 2, 44, 2, 0, 0, 0, 4, 3, 0, 2, 4, 0, 1, 3, 0, 0, 0, 0, 0, 0, 1, : 3, 3, 4, 5, 5, 4, 1, 2, 44, 2, 4, 3, 2, 4, 1, 3, 1, 
33: 1, 0, 5, 5, 2, 0, 0, 1, 4, 0, 4, 5, 2, 0, 42, 5, 2, 5, 5, 0, 0, 0, 4, 0, 3, 0, 2, 0, 2, 0, 4, 0, 1, 0, 1, 3, 0, 4, 3, 3, : 1, 5, 5, 2, 1, 4, 4, 5, 2, 42, 5, 2, 5, 5, 4, 3, 2, 2, 4, 1, 1, 3, 4, 3, 3, 


