
120
120
450
1

44: 0, 2, 0, 0, 0, 0, 0, 44, 0, 1, 0, 1, 0, 0, 2, 0, 0, 2, 0, 1, 2, 3, 0, 1, 1, 4, 5, 0, 42, 2, 2, 0, 1, 43, 0, 41, 0, 0, 0, 2, 3, 1, 0, 4, 0, 0, 2, 3, 5, 4, 5, 5, 5, 1, 5, 0, 4, 0, 4, 41, 0, 0, 4, 0, 0, 4, 0, 0, 1, 43, 1, 0, 3, 5, 0, 5, 2, 0, 4, 2, 3, 1, 0, 0, 1, 3, 1, 2, 5, 0, 0, 0, 3, 2, 1, 2, 0, 0, 0, 0, 0, 0, 4, 0, 3, 0, 0, 0, 4, 0, 3, 0, 0, 4, 0, 2, 2, 4, 0, 0, : 2, 44, 1, 1, 2, 2, 1, 2, 3, 1, 1, 4, 5, 42, 2, 2, 1, 43, 41, 2, 3, 1, 4, 2, 3, 5, 4, 5, 5, 5, 1, 5, 4, 4, 41, 4, 4, 1, 43, 1, 3, 5, 5, 2, 4, 2, 3, 1, 1, 3, 1, 2, 5, 3, 2, 1, 2, 4, 3, 4, 3, 4, 2, 2, 4, 
92: 0, 0, 0, 0, 3, 5, 0, 0, 0, 0, 2, 1, 3, 0, 2, 3, 0, 0, 0, 0, 2, 4, 2, 0, 0, 0, 0, 0, 1, 3, 1, 0, 3, 0, 2, 3, 4, 0, 0, 1, 2, 4, 0, 3, 0, 0, 3, 2, 3, 1, 0, 0, 0, 4, 3, 0, 0, 2, 4, 43, 0, 1, 0, 0, 0, 1, 0, 0, 0, 2, 0, 5, 0, 1, 0, 0, 4, 1, 1, 43, 2, 4, 40, 2, 43, 0, 0, 43, 2, 0, 41, 0, 44, 4, 0, 2, 1, 4, 2, 1, 0, 2, 3, 4, 0, 1, 4, 0, 5, 0, 3, 0, 0, 5, 0, 41, 0, 0, 0, 0, : 3, 5, 2, 1, 3, 2, 3, 2, 4, 2, 1, 3, 1, 3, 2, 3, 4, 1, 2, 4, 3, 3, 2, 3, 1, 4, 3, 2, 4, 43, 1, 1, 2, 5, 1, 4, 1, 1, 43, 2, 4, 40, 2, 43, 43, 2, 41, 44, 4, 2, 1, 4, 2, 1, 2, 3, 4, 1, 4, 5, 3, 5, 41, 
24: 0, 0, 1, 0, 0, 4, 5, 0, 0, 0, 3, 0, 0, 3, 3, 41, 0, 4, 0, 0, 0, 3, 0, 43, 0, 42, 2, 0, 0, 3, 0, 4, 44, 0, 0, 1, 0, 5, 5, 0, 3, 3, 1, 1, 0, 0, 0, 0, 0, 0, 2, 0, 0, 0, 0, 43, 2, 0, 2, 3, 0, 4, 0, 0, 0, 0, 3, 0, 3, 0, 3, 40, 5, 0, 0, 0, 0, 0, 5, 0, 0, 5, 1, 0, 0, 4, 1, 0, 4, 42, 0, 0, 5, 1, 0, 42, 0, 0, 0, 0, 0, 0, 0, 1, 0, 0, 3, 5, 2, 5, 0, 4, 5, 0, 1, 5, 0, 4, 0, 1, : 1, 4, 5, 3, 3, 3, 41, 4, 3, 43, 42, 2, 3, 4, 44, 1, 5, 5, 3, 3, 1, 1, 2, 43, 2, 2, 3, 4, 3, 3, 3, 40, 5, 5, 5, 1, 4, 1, 4, 42, 5, 1, 42, 1, 3, 5, 2, 5, 4, 5, 1, 5, 4, 1, 
6: 3, 0, 1, 0, 0, 41, 0, 0, 0, 0, 0, 0, 0, 42, 0, 0, 3, 1, 0, 40, 4, 0, 0, 0, 4, 1, 0, 3, 1, 0, 0, 43, 0, 0, 42, 1, 0, 40, 0, 5, 5, 4, 3, 0, 0, 0, 0, 0, 3, 0, 0, 2, 0, 5, 2, 1, 0, 3, 0, 4, 4, 5, 41, 0, 2, 0, 0, 2, 3, 1, 0, 0, 0, 0, 0, 0, 0, 5, 3, 0, 0, 3, 0, 0, 1, 1, 2, 2, 0, 0, 2, 0, 41, 0, 0, 3, 0, 0, 1, 0, 0, 0, 1, 0, 0, 0, 3, 2, 0, 0, 3, 0, 0, 0, 0, 1, 0, 1, 0, 2, : 3, 1, 41, 42, 3, 1, 40, 4, 4, 1, 3, 1, 43, 42, 1, 40, 5, 5, 4, 3, 3, 2, 5, 2, 1, 3, 4, 4, 5, 41, 2, 2, 3, 1, 5, 3, 3, 1, 1, 2, 2, 2, 41, 3, 1, 1, 3, 2, 3, 1, 1, 2, 
113: 0, 3, 0, 0, 0, 3, 0, 0, 1, 40, 0, 0, 0, 0, 0, 3, 5, 1, 0, 0, 0, 0, 4, 0, 3, 3, 1, 0, 0, 41, 1, 0, 5, 1, 0, 4, 0, 0, 1, 3, 5, 0, 0, 0, 4, 5, 0, 0, 43, 0, 4, 5, 1, 1, 0, 0, 0, 0, 0, 43, 0, 41, 43, 0, 0, 0, 0, 4, 0, 3, 3, 0, 1, 1, 0, 0, 0, 0, 0, 3, 0, 5, 1, 2, 0, 0, 4, 0, 1, 3, 5, 0, 0, 2, 3, 0, 5, 5, 0, 0, 0, 5, 0, 0, 3, 3, 0, 0, 2, 41, 1, 1, 3, 0, 1, 0, 2, 2, 43, 2, : 3, 3, 1, 40, 3, 5, 1, 4, 3, 3, 1, 41, 1, 5, 1, 4, 1, 3, 5, 4, 5, 43, 4, 5, 1, 1, 43, 41, 43, 4, 3, 3, 1, 1, 3, 5, 1, 2, 4, 1, 3, 5, 2, 3, 5, 5, 5, 3, 3, 2, 41, 1, 1, 3, 1, 2, 2, 43, 2, 
96: 3, 0, 2, 4, 0, 0, 0, 0, 4, 5, 4, 1, 2, 5, 0, 4, 0, 2, 0, 2, 41, 0, 1, 5, 2, 4, 0, 0, 4, 5, 2, 0, 5, 0, 0, 5, 1, 0, 1, 5, 2, 4, 4, 1, 0, 3, 3, 0, 0, 4, 41, 0, 4, 0, 0, 2, 0, 2, 0, 0, 0, 1, 0, 0, 4, 0, 0, 0, 0, 0, 0, 0, 0, 3, 1, 0, 0, 0, 5, 0, 4, 0, 2, 4, 0, 0, 1, 0, 0, 5, 0, 43, 0, 5, 0, 0, 1, 0, 3, 3, 0, 3, 0, 3, 2, 0, 3, 41, 0, 0, 2, 3, 5, 3, 0, 0, 0, 0, 4, 3, : 3, 2, 4, 4, 5, 4, 1, 2, 5, 4, 2, 2, 41, 1, 5, 2, 4, 4, 5, 2, 5, 5, 1, 1, 5, 2, 4, 4, 1, 3, 3, 4, 41, 4, 2, 2, 1, 4, 3, 1, 5, 4, 2, 4, 1, 5, 43, 5, 1, 3, 3, 3, 3, 2, 3, 41, 2, 3, 5, 3, 4, 3, 
97: 41, 0, 0, 0, 2, 0, 2, 0, 2, 0, 0, 2, 0, 0, 0, 0, 0, 1, 0, 2, 0, 0, 0, 0, 4, 2, 0, 0, 0, 0, 0, 5, 0, 2, 43, 0, 44, 3, 1, 2, 3, 5, 5, 0, 0, 0, 0, 3, 43, 4, 5, 2, 0, 5, 0, 41, 0, 0, 2, 5, 1, 0, 1, 0, 3, 3, 1, 1, 2, 4, 0, 0, 0, 2, 0, 0, 3, 0, 5, 0, 0, 1, 0, 0, 0, 0, 5, 4, 0, 3, 0, 0, 0, 4, 1, 5, 0, 0, 0, 0, 0, 0, 3, 0, 0, 4, 5, 0, 4, 0, 2, 1, 40, 1, 4, 0, 1, 0, 0, 2, : 41, 2, 2, 2, 2, 1, 2, 4, 2, 5, 2, 43, 44, 3, 1, 2, 3, 5, 5, 3, 43, 4, 5, 2, 5, 41, 2, 5, 1, 1, 3, 3, 1, 1, 2, 4, 2, 3, 5, 1, 5, 4, 3, 4, 1, 5, 3, 4, 5, 4, 2, 1, 40, 1, 4, 1, 2, 
8: 0, 0, 0, 0, 1, 2, 0, 41, 0, 0, 0, 3, 0, 0, 0, 0, 0, 0, 5, 5, 0, 5, 0, 0, 0, 0, 0, 0, 4, 0, 3, 4, 0, 42, 3, 0, 0, 0, 0, 1, 2, 0, 4, 1, 40, 3, 0, 1, 0, 5, 4, 0, 0, 0, 2, 0, 2, 2, 0, 1, 1, 1, 0, 5, 0, 0, 1, 3, 0, 4, 0, 4, 1, 3, 0, 42, 43, 0, 2, 0, 0, 0, 0, 3, 0, 5, 5, 5, 0, 1, 0, 0, 0, 5, 0, 2, 5, 0, 0, 0, 2, 5, 0, 0, 2, 0, 0, 0, 0, 0, 1, 1, 0, 0, 3, 4, 2, 0, 1, 0, : 1, 2, 41, 3, 5, 5, 5, 4, 3, 4, 42, 3, 1, 2, 4, 1, 40, 3, 1, 5, 4, 2, 2, 2, 1, 1, 1, 5, 1, 3, 4, 4, 1, 3, 42, 43, 2, 3, 5, 5, 5, 1, 5, 2, 5, 2, 5, 2, 1, 1, 3, 4, 2, 1, 
60: 3, 0, 4, 3, 1, 0, 5, 4, 3, 41, 3, 3, 4, 0, 0, 0, 2, 0, 1, 0, 0, 0, 0, 0, 2, 4, 0, 0, 2, 40, 0, 0, 0, 1, 2, 4, 0, 0, 0, 1, 5, 1, 0, 42, 0, 0, 0, 0, 5, 0, 4, 4, 0, 3, 3, 0, 3, 2, 0, 1, 5, 2, 42, 5, 0, 0, 2, 4, 40, 0, 5, 1, 3, 2, 0, 2, 0, 0, 3, 2, 1, 0, 1, 43, 0, 0, 0, 0, 1, 0, 1, 0, 0, 5, 0, 2, 0, 2, 5, 42, 0, 3, 0, 0, 44, 0, 3, 0, 3, 0, 0, 0, 0, 1, 0, 4, 2, 5, 0, 1, : 3, 4, 3, 1, 5, 4, 3, 41, 3, 3, 4, 2, 1, 2, 4, 2, 40, 1, 2, 4, 1, 5, 1, 42, 5, 4, 4, 3, 3, 3, 2, 1, 5, 2, 42, 5, 2, 4, 40, 5, 1, 3, 2, 2, 3, 2, 1, 1, 43, 1, 1, 5, 2, 2, 5, 42, 3, 44, 3, 3, 1, 4, 2, 5, 1, 
42: 3, 4, 0, 0, 0, 0, 40, 3, 0, 0, 5, 0, 0, 0, 0, 43, 0, 44, 3, 0, 5, 0, 0, 0, 0, 0, 0, 0, 0, 0, 0, 40, 0, 43, 3, 5, 0, 0, 0, 0, 4, 2, 0, 5, 0, 3, 3, 3, 0, 0, 5, 5, 0, 5, 1, 3, 0, 0, 2, 3, 0, 5, 0, 0, 0, 0, 0, 0, 0, 0, 43, 0, 2, 4, 1, 0, 0, 0, 0, 0, 0, 0, 1, 2, 0, 0, 1, 0, 4, 0, 0, 0, 4, 42, 0, 3, 0, 5, 0, 0, 4, 2, 5, 0, 0, 2, 4, 3, 2, 0, 3, 0, 0, 3, 0, 0, 3, 0, 0, 5, : 3, 4, 40, 3, 5, 43, 44, 3, 5, 40, 43, 3, 5, 4, 2, 5, 3, 3, 3, 5, 5, 5, 1, 3, 2, 3, 5, 43, 2, 4, 1, 1, 2, 1, 4, 4, 42, 3, 5, 4, 2, 5, 2, 4, 3, 2, 3, 3, 3, 5, 
39: 4, 1, 0, 0, 0, 0, 40, 4, 0, 5, 0, 1, 0, 0, 0, 44, 5, 5, 1, 0, 0, 43, 0, 1, 0, 0, 40, 0, 5, 0, 0, 0, 0, 0, 3, 0, 0, 0, 3, 1, 0, 0, 0, 0, 0, 0, 0, 0, 2, 0, 0, 0, 0, 1, 0, 43, 0, 3, 43, 4, 0, 0, 0, 3, 0, 0, 0, 2, 2, 5, 0, 0, 1, 3, 2, 0, 5, 1, 0, 3, 0, 4, 5, 0, 0, 0, 0, 1, 5, 4, 0, 0, 2, 0, 0, 4, 2, 0, 0, 4, 0, 0, 3, 3, 0, 0, 5, 0, 1, 0, 5, 0, 0, 0, 3, 3, 4, 0, 41, 5, : 4, 1, 40, 4, 5, 1, 44, 5, 5, 1, 43, 1, 40, 5, 3, 3, 1, 2, 1, 43, 3, 43, 4, 3, 2, 2, 5, 1, 3, 2, 5, 1, 3, 4, 5, 1, 5, 4, 2, 4, 2, 4, 3, 3, 5, 1, 5, 3, 3, 4, 41, 5, 
9: 0, 0, 3, 1, 44, 0, 0, 0, 3, 41, 3, 3, 0, 0, 5, 2, 0, 1, 3, 0, 3, 1, 0, 41, 5, 0, 0, 1, 5, 0, 0, 1, 0, 0, 0, 0, 0, 0, 0, 3, 5, 0, 0, 0, 0, 0, 0, 2, 0, 0, 0, 0, 43, 2, 5, 0, 0, 41, 0, 0, 1, 3, 0, 0, 42, 0, 0, 0, 5, 43, 5, 1, 0, 3, 5, 4, 0, 0, 0, 0, 0, 1, 0, 0, 0, 3, 0, 2, 2, 0, 3, 2, 2, 0, 0, 0, 0, 0, 0, 1, 0, 0, 0, 0, 2, 1, 4, 0, 1, 0, 0, 0, 3, 0, 5, 5, 0, 4, 0, 3, : 3, 1, 44, 3, 41, 3, 3, 5, 2, 1, 3, 3, 1, 41, 5, 1, 5, 1, 3, 5, 2, 43, 2, 5, 41, 1, 3, 42, 5, 43, 5, 1, 3, 5, 4, 1, 3, 2, 2, 3, 2, 2, 1, 2, 1, 4, 1, 3, 5, 5, 4, 3, 
1: 0, 0, 0, 0, 0, 3, 2, 1, 3, 1, 2, 0, 0, 2, 0, 0, 0, 0, 43, 1, 2, 1, 1, 0, 2, 0, 4, 2, 0, 0, 0, 1, 0, 3, 0, 0, 0, 2, 0, 0, 0, 0, 1, 0, 43, 0, 0, 4, 2, 4, 3, 2, 5, 0, 0, 4, 0, 0, 0, 0, 0, 0, 4, 0, 2, 2, 0, 3, 0, 4, 0, 2, 0, 3, 0, 3, 4, 0, 0, 3, 0, 0, 4, 0, 0, 0, 4, 1, 0, 0, 0, 4, 0, 4, 43, 3, 3, 4, 3, 0, 4, 4, 0, 0, 0, 0, 0, 0, 5, 4, 1, 0, 5, 4, 0, 0, 0, 44, 0, 0, : 3, 2, 1, 3, 1, 2, 2, 43, 1, 2, 1, 1, 2, 4, 2, 1, 3, 2, 1, 43, 4, 2, 4, 3, 2, 5, 4, 4, 2, 2, 3, 4, 2, 3, 3, 4, 3, 4, 4, 1, 4, 4, 43, 3, 3, 4, 3, 4, 4, 5, 4, 1, 5, 4, 44, 
7: 3, 5, 42, 0, 0, 0, 0, 4, 0, 0, 0, 0, 3, 2, 1, 0, 3, 2, 43, 2, 5, 1, 0, 0, 4, 0, 5, 41, 2, 0, 0, 1, 0, 0, 3, 0, 0, 0, 44, 1, 5, 0, 1, 0, 0, 1, 44, 44, 1, 0, 41, 0, 0, 4, 4, 1, 5, 4, 0, 2, 0, 2, 0, 4, 0, 1, 44, 0, 2, 0, 0, 0, 5, 1, 0, 0, 4, 2, 0, 44, 1, 4, 0, 41, 0, 0, 0, 44, 0, 3, 0, 0, 0, 2, 0, 5, 5, 0, 4, 3, 0, 3, 0, 0, 0, 0, 3, 0, 0, 0, 43, 1, 0, 1, 3, 0, 0, 0, 2, 0, : 3, 5, 42, 4, 3, 2, 1, 3, 2, 43, 2, 5, 1, 4, 5, 41, 2, 1, 3, 44, 1, 5, 1, 1, 44, 44, 1, 41, 4, 4, 1, 5, 4, 2, 2, 4, 1, 44, 2, 5, 1, 4, 2, 44, 1, 4, 41, 44, 3, 2, 5, 5, 4, 3, 3, 3, 43, 1, 1, 3, 2, 
99: 4, 2, 0, 2, 44, 0, 0, 3, 0, 0, 3, 5, 0, 0, 5, 0, 3, 3, 2, 5, 0, 4, 0, 0, 2, 0, 0, 0, 5, 4, 0, 0, 0, 1, 0, 3, 2, 2, 2, 4, 42, 2, 0, 1, 0, 0, 0, 0, 2, 5, 0, 0, 0, 5, 4, 0, 0, 2, 0, 3, 4, 0, 3, 4, 3, 0, 0, 0, 4, 5, 0, 0, 0, 0, 4, 0, 2, 44, 2, 0, 0, 3, 40, 0, 5, 5, 3, 0, 3, 1, 0, 0, 0, 1, 3, 0, 0, 4, 0, 0, 43, 3, 2, 0, 1, 0, 0, 1, 2, 3, 0, 0, 0, 3, 0, 3, 2, 1, 5, 0, : 4, 2, 2, 44, 3, 3, 5, 5, 3, 3, 2, 5, 4, 2, 5, 4, 1, 3, 2, 2, 2, 4, 42, 2, 1, 2, 5, 5, 4, 2, 3, 4, 3, 4, 3, 4, 5, 4, 2, 44, 2, 3, 40, 5, 5, 3, 3, 1, 1, 3, 4, 43, 3, 2, 1, 1, 2, 3, 3, 3, 2, 1, 5, 
85: 2, 0, 0, 0, 0, 0, 2, 0, 0, 4, 1, 2, 0, 0, 4, 40, 0, 0, 3, 0, 3, 4, 0, 0, 4, 0, 0, 3, 3, 0, 0, 0, 0, 5, 0, 2, 43, 5, 0, 1, 3, 0, 0, 3, 3, 0, 0, 3, 0, 0, 3, 0, 2, 0, 4, 0, 0, 0, 0, 0, 4, 0, 0, 0, 42, 3, 3, 2, 4, 41, 0, 0, 0, 41, 0, 0, 0, 0, 0, 0, 0, 2, 0, 3, 40, 0, 0, 5, 0, 0, 0, 3, 0, 2, 0, 0, 1, 0, 0, 1, 0, 0, 4, 0, 43, 43, 40, 2, 0, 0, 3, 3, 0, 0, 0, 3, 0, 2, 1, 0, : 2, 2, 4, 1, 2, 4, 40, 3, 3, 4, 4, 3, 3, 5, 2, 43, 5, 1, 3, 3, 3, 3, 3, 2, 4, 4, 42, 3, 3, 2, 4, 41, 41, 2, 3, 40, 5, 3, 2, 1, 1, 4, 43, 43, 40, 2, 3, 3, 3, 2, 1, 
28: 0, 0, 0, 0, 0, 4, 0, 2, 2, 0, 5, 1, 0, 42, 3, 2, 0, 5, 3, 0, 2, 5, 5, 1, 2, 4, 5, 5, 0, 0, 0, 5, 0, 2, 3, 40, 5, 0, 2, 0, 0, 2, 0, 2, 5, 44, 0, 5, 0, 2, 43, 4, 4, 4, 3, 0, 2, 5, 0, 0, 4, 0, 3, 0, 5, 0, 43, 2, 1, 0, 0, 0, 0, 4, 0, 0, 4, 0, 4, 0, 44, 0, 2, 4, 4, 2, 0, 1, 0, 1, 0, 0, 3, 1, 3, 5, 1, 3, 4, 0, 2, 0, 40, 3, 0, 0, 0, 0, 3, 1, 5, 5, 42, 0, 0, 3, 0, 0, 1, 1, : 4, 2, 2, 5, 1, 42, 3, 2, 5, 3, 2, 5, 5, 1, 2, 4, 5, 5, 5, 2, 3, 40, 5, 2, 2, 2, 5, 44, 5, 2, 43, 4, 4, 4, 3, 2, 5, 4, 3, 5, 43, 2, 1, 4, 4, 4, 44, 2, 4, 4, 2, 1, 1, 3, 1, 3, 5, 1, 3, 4, 2, 40, 3, 3, 1, 5, 5, 42, 3, 1, 1, 
63: 4, 2, 0, 3, 0, 2, 0, 1, 0, 5, 1, 4, 3, 0, 1, 0, 0, 40, 0, 4, 1, 0, 0, 0, 0, 43, 0, 3, 1, 4, 2, 5, 2, 0, 1, 0, 0, 0, 0, 4, 4, 1, 0, 42, 0, 42, 0, 1, 0, 5, 0, 44, 2, 1, 4, 1, 1, 0, 3, 0, 1, 0, 3, 0, 0, 3, 4, 0, 0, 0, 0, 42, 0, 0, 0, 2, 5, 0, 0, 2, 0, 0, 1, 0, 0, 0, 1, 0, 0, 5, 0, 3, 2, 2, 0, 0, 3, 0, 5, 5, 3, 5, 2, 1, 0, 0, 0, 0, 0, 5, 1, 1, 2, 5, 5, 0, 42, 3, 0, 5, : 4, 2, 3, 2, 1, 5, 1, 4, 3, 1, 40, 4, 1, 43, 3, 1, 4, 2, 5, 2, 1, 4, 4, 1, 42, 42, 1, 5, 44, 2, 1, 4, 1, 1, 3, 1, 3, 3, 4, 42, 2, 5, 2, 1, 1, 5, 3, 2, 2, 3, 5, 5, 3, 5, 2, 1, 5, 1, 1, 2, 5, 5, 42, 3, 5, 
80: 40, 0, 5, 40, 1, 0, 0, 41, 44, 0, 0, 5, 42, 0, 0, 4, 0, 4, 2, 0, 3, 2, 0, 4, 1, 1, 5, 42, 0, 0, 0, 40, 0, 0, 1, 4, 0, 0, 2, 0, 5, 0, 5, 0, 43, 0, 4, 0, 2, 0, 0, 0, 5, 0, 0, 0, 4, 1, 0, 2, 4, 0, 0, 0, 0, 4, 0, 0, 0, 0, 0, 0, 44, 0, 0, 0, 0, 0, 4, 2, 1, 5, 0, 0, 4, 0, 1, 0, 3, 0, 0, 1, 0, 5, 0, 5, 0, 0, 0, 5, 0, 2, 1, 1, 2, 0, 44, 0, 0, 0, 4, 5, 0, 3, 5, 5, 5, 0, 0, 0, : 40, 5, 40, 1, 41, 44, 5, 42, 4, 4, 2, 3, 2, 4, 1, 1, 5, 42, 40, 1, 4, 2, 5, 5, 43, 4, 2, 5, 4, 1, 2, 4, 4, 44, 4, 2, 1, 5, 4, 1, 3, 1, 5, 5, 5, 2, 1, 1, 2, 44, 4, 5, 3, 5, 5, 5, 
108: 2, 0, 0, 42, 0, 0, 3, 5, 2, 0, 0, 4, 0, 4, 3, 0, 0, 0, 5, 3, 0, 3, 0, 5, 2, 0, 0, 2, 1, 42, 4, 5, 0, 0, 0, 0, 0, 0, 3, 1, 4, 0, 2, 0, 0, 0, 5, 0, 0, 0, 5, 0, 4, 0, 0, 0, 41, 0, 4, 0, 3, 0, 2, 41, 0, 0, 1, 0, 0, 0, 5, 0, 0, 0, 0, 4, 4, 1, 0, 0, 1, 0, 0, 4, 0, 0, 0, 0, 1, 0, 2, 5, 4, 1, 0, 1, 42, 3, 4, 2, 5, 0, 0, 0, 5, 0, 0, 0, 0, 1, 0, 44, 0, 0, 5, 3, 3, 0, 2, 0, : 2, 42, 3, 5, 2, 4, 4, 3, 5, 3, 3, 5, 2, 2, 1, 42, 4, 5, 3, 1, 4, 2, 5, 5, 4, 41, 4, 3, 2, 41, 1, 5, 4, 4, 1, 1, 4, 1, 2, 5, 4, 1, 1, 42, 3, 4, 2, 5, 5, 1, 44, 5, 3, 3, 2, 
37: 3, 0, 2, 4, 0, 1, 3, 1, 1, 0, 0, 0, 43, 1, 0, 4, 0, 4, 0, 1, 0, 0, 0, 1, 5, 43, 0, 0, 3, 0, 0, 0, 3, 0, 2, 5, 5, 0, 0, 4, 2, 0, 0, 0, 0, 3, 1, 2, 0, 44, 0, 0, 0, 0, 1, 5, 0, 2, 0, 0, 0, 0, 0, 2, 0, 0, 0, 1, 0, 0, 0, 0, 0, 0, 0, 3, 0, 0, 1, 0, 0, 4, 0, 1, 0, 0, 3, 0, 4, 2, 0, 0, 0, 0, 4, 0, 0, 1, 0, 1, 0, 3, 0, 0, 0, 0, 0, 3, 1, 0, 0, 0, 0, 0, 0, 1, 0, 1, 0, 2, : 3, 2, 4, 1, 3, 1, 1, 43, 1, 4, 4, 1, 1, 5, 43, 3, 3, 2, 5, 5, 4, 2, 3, 1, 2, 44, 1, 5, 2, 2, 1, 3, 1, 4, 1, 3, 4, 2, 4, 1, 1, 3, 3, 1, 1, 1, 2, 
22: 40, 41, 0, 42, 3, 0, 4, 0, 0, 3, 3, 5, 0, 0, 3, 0, 0, 41, 0, 1, 0, 4, 0, 0, 0, 5, 0, 2, 3, 0, 0, 0, 0, 0, 0, 2, 0, 0, 4, 0, 0, 3, 3, 0, 0, 0, 0, 5, 0, 0, 0, 1, 4, 3, 0, 0, 4, 3, 0, 2, 4, 2, 0, 2, 5, 0, 0, 5, 42, 0, 0, 0, 0, 5, 5, 4, 0, 0, 3, 4, 0, 3, 0, 0, 3, 0, 5, 0, 0, 1, 0, 1, 0, 0, 0, 0, 1, 0, 0, 1, 0, 4, 40, 0, 0, 0, 0, 0, 1, 0, 1, 3, 1, 4, 0, 1, 3, 1, 2, 2, : 40, 41, 42, 3, 4, 3, 3, 5, 3, 41, 1, 4, 5, 2, 3, 2, 4, 3, 3, 5, 1, 4, 3, 4, 3, 2, 4, 2, 2, 5, 5, 42, 5, 5, 4, 3, 4, 3, 3, 5, 1, 1, 1, 1, 4, 40, 1, 1, 3, 1, 4, 1, 3, 1, 2, 2, 
76: 0, 0, 0, 0, 1, 1, 4, 3, 0, 0, 0, 3, 0, 0, 3, 0, 0, 0, 0, 0, 0, 5, 0, 2, 1, 3, 5, 0, 4, 3, 2, 0, 0, 0, 4, 2, 3, 4, 40, 0, 0, 1, 0, 2, 0, 0, 2, 0, 0, 0, 2, 0, 4, 0, 1, 1, 1, 0, 0, 2, 3, 0, 1, 0, 0, 0, 1, 5, 40, 5, 0, 0, 40, 0, 0, 41, 5, 41, 3, 5, 3, 0, 3, 0, 0, 2, 0, 0, 5, 0, 40, 5, 0, 4, 0, 0, 5, 0, 0, 42, 0, 0, 4, 3, 0, 0, 0, 0, 4, 0, 4, 3, 4, 3, 0, 5, 0, 0, 2, 4, : 1, 1, 4, 3, 3, 3, 5, 2, 1, 3, 5, 4, 3, 2, 4, 2, 3, 4, 40, 1, 2, 2, 2, 4, 1, 1, 1, 2, 3, 1, 1, 5, 40, 5, 40, 41, 5, 41, 3, 5, 3, 3, 2, 5, 40, 5, 4, 5, 42, 4, 3, 4, 4, 3, 4, 3, 5, 2, 4, 
78: 3, 43, 0, 3, 0, 5, 5, 0, 0, 0, 0, 0, 3, 4, 2, 41, 0, 3, 0, 3, 0, 0, 0, 0, 0, 3, 0, 0, 5, 0, 3, 0, 41, 0, 0, 0, 1, 0, 0, 0, 4, 4, 5, 0, 4, 0, 2, 0, 0, 5, 0, 5, 4, 40, 0, 0, 0, 2, 0, 0, 0, 0, 0, 40, 5, 0, 0, 0, 4, 0, 5, 0, 0, 0, 0, 5, 3, 0, 3, 1, 2, 3, 3, 2, 4, 0, 0, 0, 5, 4, 0, 0, 0, 4, 0, 1, 5, 0, 3, 0, 1, 2, 3, 1, 0, 0, 0, 1, 4, 0, 4, 1, 0, 0, 0, 0, 4, 0, 1, 1, : 3, 43, 3, 5, 5, 3, 4, 2, 41, 3, 3, 3, 5, 3, 41, 1, 4, 4, 5, 4, 2, 5, 5, 4, 40, 2, 40, 5, 4, 5, 5, 3, 3, 1, 2, 3, 3, 2, 4, 5, 4, 4, 1, 5, 3, 1, 2, 3, 1, 1, 4, 4, 1, 4, 1, 1, 
12: 0, 1, 1, 0, 0, 1, 0, 0, 5, 0, 40, 4, 0, 44, 0, 0, 2, 0, 42, 2, 2, 4, 0, 5, 0, 0, 0, 42, 4, 5, 5, 0, 1, 41, 3, 4, 5, 0, 0, 0, 5, 0, 0, 42, 0, 0, 0, 4, 3, 0, 1, 1, 0, 3, 5, 0, 0, 0, 0, 0, 5, 0, 0, 0, 0, 5, 0, 44, 0, 0, 0, 0, 0, 3, 44, 2, 3, 0, 0, 1, 0, 0, 1, 2, 1, 0, 5, 0, 0, 5, 0, 0, 0, 0, 4, 2, 0, 3, 3, 0, 3, 0, 2, 0, 4, 3, 5, 0, 1, 4, 0, 2, 4, 0, 0, 0, 0, 0, 43, 4, : 1, 1, 1, 5, 40, 4, 44, 2, 42, 2, 2, 4, 5, 42, 4, 5, 5, 1, 41, 3, 4, 5, 5, 42, 4, 3, 1, 1, 3, 5, 5, 5, 44, 3, 44, 2, 3, 1, 1, 2, 1, 5, 5, 4, 2, 3, 3, 3, 2, 4, 3, 5, 1, 4, 2, 4, 43, 4, 
67: 0, 0, 0, 0, 0, 0, 0, 0, 0, 0, 4, 1, 0, 0, 0, 1, 0, 0, 4, 0, 2, 0, 0, 5, 2, 0, 1, 2, 2, 0, 5, 0, 2, 0, 0, 44, 0, 4, 0, 1, 0, 2, 2, 0, 0, 0, 0, 1, 4, 0, 0, 0, 40, 0, 0, 3, 0, 5, 0, 4, 2, 4, 0, 0, 0, 1, 0, 0, 0, 0, 0, 0, 0, 3, 5, 4, 4, 1, 4, 0, 0, 0, 0, 0, 0, 0, 40, 2, 1, 0, 2, 2, 2, 0, 0, 0, 3, 3, 0, 2, 4, 0, 0, 0, 3, 0, 0, 5, 4, 1, 1, 0, 1, 41, 42, 3, 0, 0, 0, 3, : 4, 1, 1, 4, 2, 5, 2, 1, 2, 2, 5, 2, 44, 4, 1, 2, 2, 1, 4, 40, 3, 5, 4, 2, 4, 1, 3, 5, 4, 4, 1, 4, 40, 2, 1, 2, 2, 2, 3, 3, 2, 4, 3, 5, 4, 1, 1, 1, 41, 42, 3, 3, 
35: 0, 40, 5, 0, 5, 1, 43, 0, 3, 0, 3, 5, 4, 0, 0, 0, 0, 0, 0, 1, 44, 0, 0, 0, 4, 0, 0, 3, 2, 5, 3, 3, 0, 0, 0, 0, 0, 0, 0, 0, 0, 0, 2, 0, 0, 1, 0, 0, 0, 0, 0, 0, 4, 0, 5, 0, 0, 0, 5, 0, 0, 5, 3, 0, 0, 1, 0, 0, 1, 40, 0, 3, 0, 0, 0, 5, 4, 43, 0, 4, 0, 1, 0, 1, 0, 5, 41, 42, 44, 3, 5, 0, 0, 4, 0, 0, 3, 0, 0, 4, 43, 5, 4, 0, 0, 0, 4, 3, 1, 0, 2, 3, 0, 2, 0, 2, 1, 3, 5, 5, : 40, 5, 5, 1, 43, 3, 3, 5, 4, 1, 44, 4, 3, 2, 5, 3, 3, 2, 1, 4, 5, 5, 5, 3, 1, 1, 40, 3, 5, 4, 43, 4, 1, 1, 5, 41, 42, 44, 3, 5, 4, 3, 4, 43, 5, 4, 4, 3, 1, 2, 3, 2, 2, 1, 3, 5, 5, 
104: 2, 0, 0, 0, 0, 3, 3, 0, 4, 4, 2, 0, 0, 5, 3, 0, 1, 0, 3, 2, 0, 4, 1, 0, 5, 0, 5, 0, 2, 1, 41, 0, 3, 0, 2, 1, 0, 0, 0, 0, 5, 0, 5, 0, 0, 2, 0, 4, 4, 0, 42, 0, 43, 0, 3, 0, 4, 0, 5, 0, 0, 0, 0, 4, 0, 4, 3, 1, 0, 0, 4, 40, 0, 1, 44, 0, 1, 0, 0, 5, 0, 0, 2, 0, 5, 0, 0, 0, 0, 2, 0, 0, 4, 2, 0, 2, 0, 0, 3, 0, 4, 3, 1, 0, 4, 40, 1, 2, 1, 0, 0, 1, 40, 0, 5, 4, 0, 4, 3, 1, : 2, 3, 3, 4, 4, 2, 5, 3, 1, 3, 2, 4, 1, 5, 5, 2, 1, 41, 3, 2, 1, 5, 5, 2, 4, 4, 42, 43, 3, 4, 5, 4, 4, 3, 1, 4, 40, 1, 44, 1, 5, 2, 5, 2, 4, 2, 2, 3, 4, 3, 1, 4, 40, 1, 2, 1, 1, 40, 5, 4, 4, 3, 1, 
112: 0, 2, 5, 0, 0, 2, 0, 5, 0, 0, 1, 0, 0, 0, 3, 0, 5, 0, 2, 0, 0, 4, 0, 0, 1, 42, 0, 0, 2, 0, 5, 2, 4, 0, 0, 0, 0, 0, 0, 5, 0, 0, 41, 3, 0, 1, 0, 0, 0, 0, 1, 0, 5, 0, 42, 2, 0, 0, 0, 0, 0, 3, 5, 1, 0, 0, 0, 1, 0, 0, 0, 0, 0, 2, 0, 5, 0, 0, 4, 0, 0, 0, 0, 0, 5, 0, 1, 0, 3, 4, 0, 0, 0, 5, 40, 1, 0, 5, 0, 0, 1, 3, 4, 3, 4, 0, 0, 0, 2, 0, 1, 0, 0, 5, 2, 0, 5, 0, 0, 1, : 2, 5, 2, 5, 1, 3, 5, 2, 4, 1, 42, 2, 5, 2, 4, 5, 41, 3, 1, 1, 5, 42, 2, 3, 5, 1, 1, 2, 5, 4, 5, 1, 3, 4, 5, 40, 1, 5, 1, 3, 4, 3, 4, 2, 1, 5, 2, 5, 1, 
118: 44, 0, 41, 0, 0, 2, 0, 0, 0, 0, 5, 2, 5, 1, 43, 0, 42, 4, 2, 0, 4, 44, 0, 4, 1, 0, 5, 0, 0, 0, 0, 0, 3, 3, 1, 1, 0, 0, 1, 1, 2, 4, 0, 0, 0, 0, 3, 0, 4, 0, 40, 1, 0, 3, 0, 0, 0, 0, 0, 0, 0, 5, 2, 1, 0, 40, 0, 0, 1, 2, 2, 0, 0, 3, 4, 4, 0, 1, 0, 0, 0, 0, 0, 4, 0, 4, 5, 1, 0, 3, 1, 3, 5, 0, 2, 3, 0, 5, 40, 0, 2, 2, 1, 4, 2, 2, 3, 0, 4, 0, 2, 0, 0, 4, 2, 3, 4, 40, 0, 3, : 44, 41, 2, 5, 2, 5, 1, 43, 42, 4, 2, 4, 44, 4, 1, 5, 3, 3, 1, 1, 1, 1, 2, 4, 3, 4, 40, 1, 3, 5, 2, 1, 40, 1, 2, 2, 3, 4, 4, 1, 4, 4, 5, 1, 3, 1, 3, 5, 2, 3, 5, 40, 2, 2, 1, 4, 2, 2, 3, 4, 2, 4, 2, 3, 4, 40, 3, 
29: 44, 0, 3, 40, 0, 0, 0, 0, 1, 2, 0, 3, 5, 0, 0, 0, 0, 2, 43, 0, 5, 1, 2, 1, 2, 0, 0, 0, 0, 41, 5, 1, 3, 0, 1, 1, 0, 0, 4, 2, 0, 0, 0, 2, 0, 0, 0, 5, 2, 3, 4, 0, 0, 0, 0, 5, 3, 4, 0, 0, 5, 0, 2, 3, 0, 3, 42, 3, 43, 0, 5, 1, 2, 0, 0, 3, 0, 3, 1, 4, 4, 1, 0, 0, 0, 0, 0, 43, 4, 5, 0, 1, 2, 5, 0, 0, 3, 0, 2, 0, 5, 3, 4, 4, 0, 0, 4, 0, 2, 4, 5, 2, 0, 3, 1, 0, 4, 2, 0, 2, : 44, 3, 40, 1, 2, 3, 5, 2, 43, 5, 1, 2, 1, 2, 41, 5, 1, 3, 1, 1, 4, 2, 2, 5, 2, 3, 4, 5, 3, 4, 5, 2, 3, 3, 42, 3, 43, 5, 1, 2, 3, 3, 1, 4, 4, 1, 43, 4, 5, 1, 2, 5, 3, 2, 5, 3, 4, 4, 4, 2, 4, 5, 2, 3, 1, 4, 2, 2, 
17: 0, 3, 4, 0, 0, 3, 0, 0, 0, 3, 0, 4, 0, 0, 0, 0, 0, 5, 2, 0, 0, 0, 0, 0, 40, 2, 4, 0, 0, 0, 0, 0, 40, 3, 1, 0, 3, 5, 0, 0, 3, 5, 0, 0, 0, 0, 0, 0, 1, 4, 4, 1, 3, 1, 1, 0, 0, 1, 0, 40, 0, 0, 0, 3, 0, 4, 1, 4, 2, 0, 0, 4, 0, 3, 0, 1, 0, 0, 0, 0, 0, 0, 2, 0, 2, 44, 0, 44, 1, 5, 0, 5, 5, 0, 2, 4, 0, 0, 0, 41, 4, 0, 4, 0, 3, 0, 1, 0, 5, 0, 3, 1, 2, 0, 4, 1, 5, 41, 0, 3, : 3, 4, 3, 3, 4, 5, 2, 40, 2, 4, 40, 3, 1, 3, 5, 3, 5, 1, 4, 4, 1, 3, 1, 1, 1, 40, 3, 4, 1, 4, 2, 4, 3, 1, 2, 2, 44, 44, 1, 5, 5, 5, 2, 4, 41, 4, 4, 3, 1, 5, 3, 1, 2, 4, 1, 5, 41, 3, 
90: 3, 0, 0, 0, 0, 2, 0, 1, 0, 0, 0, 0, 0, 5, 0, 0, 3, 0, 0, 0, 0, 2, 0, 2, 2, 0, 3, 0, 3, 0, 5, 0, 41, 0, 5, 0, 0, 5, 0, 5, 2, 3, 42, 2, 0, 4, 1, 0, 4, 41, 2, 0, 40, 5, 5, 4, 3, 1, 1, 4, 4, 0, 0, 2, 0, 4, 43, 4, 4, 2, 0, 0, 1, 0, 0, 3, 43, 0, 2, 0, 0, 0, 0, 4, 0, 0, 5, 0, 3, 0, 0, 0, 0, 0, 3, 0, 0, 0, 3, 1, 2, 0, 0, 0, 5, 0, 5, 0, 1, 1, 1, 4, 4, 0, 0, 1, 3, 3, 1, 3, : 3, 2, 1, 5, 3, 2, 2, 2, 3, 3, 5, 41, 5, 5, 5, 2, 3, 42, 2, 4, 1, 4, 41, 2, 40, 5, 5, 4, 3, 1, 1, 4, 4, 2, 4, 43, 4, 4, 2, 1, 3, 43, 2, 4, 5, 3, 3, 3, 1, 2, 5, 5, 1, 1, 1, 4, 4, 1, 3, 3, 1, 3, 
21: 4, 2, 2, 4, 2, 0, 0, 0, 5, 0, 0, 3, 1, 5, 4, 0, 4, 0, 0, 4, 1, 0, 43, 4, 0, 43, 2, 0, 1, 0, 0, 0, 4, 1, 5, 0, 0, 0, 0, 0, 1, 1, 0, 0, 5, 0, 0, 4, 0, 0, 0, 4, 5, 4, 0, 0, 0, 0, 0, 41, 4, 0, 0, 0, 0, 3, 3, 3, 0, 0, 1, 0, 3, 5, 0, 1, 0, 4, 0, 0, 5, 0, 0, 3, 0, 0, 3, 5, 0, 5, 0, 0, 0, 0, 0, 0, 5, 1, 0, 0, 0, 0, 0, 0, 0, 3, 4, 4, 0, 1, 42, 1, 0, 0, 3, 0, 5, 0, 0, 4, : 4, 2, 2, 4, 2, 5, 3, 1, 5, 4, 4, 4, 1, 43, 4, 43, 2, 1, 4, 1, 5, 1, 1, 5, 4, 4, 5, 4, 41, 4, 3, 3, 3, 1, 3, 5, 1, 4, 5, 3, 3, 5, 5, 5, 1, 3, 4, 4, 1, 42, 1, 3, 5, 4, 
41: 0, 40, 0, 0, 2, 0, 0, 4, 4, 0, 0, 0, 3, 0, 42, 1, 0, 2, 5, 5, 0, 3, 2, 0, 2, 2, 0, 1, 3, 0, 0, 0, 0, 42, 0, 4, 0, 2, 44, 0, 0, 0, 1, 0, 0, 0, 0, 4, 41, 0, 0, 0, 5, 1, 0, 5, 3, 2, 0, 2, 0, 2, 0, 1, 0, 0, 2, 5, 5, 2, 5, 0, 0, 3, 0, 0, 0, 0, 5, 2, 0, 0, 0, 4, 2, 0, 4, 0, 5, 2, 4, 5, 0, 0, 1, 0, 5, 3, 0, 0, 0, 0, 0, 0, 4, 1, 4, 0, 3, 0, 4, 0, 1, 0, 1, 3, 41, 5, 0, 0, : 40, 2, 4, 4, 3, 42, 1, 2, 5, 5, 3, 2, 2, 2, 1, 3, 42, 4, 2, 44, 1, 4, 41, 5, 1, 5, 3, 2, 2, 2, 1, 2, 5, 5, 2, 5, 3, 5, 2, 4, 2, 4, 5, 2, 4, 5, 1, 5, 3, 4, 1, 4, 3, 4, 1, 1, 3, 41, 5, 
65: 0, 0, 0, 0, 0, 5, 0, 0, 0, 0, 0, 0, 0, 0, 2, 5, 1, 1, 1, 0, 0, 0, 0, 2, 5, 5, 0, 5, 2, 0, 40, 0, 2, 0, 4, 0, 0, 3, 2, 0, 0, 1, 0, 1, 0, 44, 0, 2, 2, 0, 4, 0, 0, 0, 0, 0, 0, 0, 0, 0, 0, 0, 0, 0, 0, 0, 0, 2, 0, 3, 43, 1, 0, 44, 4, 1, 1, 0, 1, 44, 0, 3, 1, 1, 5, 0, 2, 0, 0, 41, 0, 2, 5, 0, 1, 0, 1, 5, 3, 4, 0, 0, 0, 41, 5, 0, 0, 4, 5, 1, 0, 44, 0, 4, 0, 2, 0, 0, 4, 4, : 5, 2, 5, 1, 1, 1, 2, 5, 5, 5, 2, 40, 2, 4, 3, 2, 1, 1, 44, 2, 2, 4, 2, 3, 43, 1, 44, 4, 1, 1, 1, 44, 3, 1, 1, 5, 2, 41, 2, 5, 1, 1, 5, 3, 4, 41, 5, 4, 5, 1, 44, 4, 2, 4, 4, 
30: 0, 0, 42, 0, 0, 4, 3, 0, 0, 0, 4, 0, 0, 1, 2, 0, 0, 5, 0, 5, 0, 3, 43, 0, 1, 0, 0, 40, 1, 0, 3, 0, 0, 0, 2, 5, 0, 0, 0, 2, 4, 1, 0, 4, 0, 0, 5, 0, 3, 5, 0, 0, 0, 2, 0, 2, 1, 0, 0, 4, 0, 5, 5, 0, 2, 0, 0, 5, 3, 0, 0, 0, 3, 42, 0, 4, 4, 1, 5, 0, 3, 3, 0, 3, 0, 40, 0, 0, 0, 0, 0, 0, 3, 4, 4, 3, 0, 1, 0, 0, 4, 0, 0, 5, 0, 0, 3, 0, 0, 0, 3, 5, 0, 1, 0, 0, 0, 0, 0, 43, : 42, 4, 3, 4, 1, 2, 5, 5, 3, 43, 1, 40, 1, 3, 2, 5, 2, 4, 1, 4, 5, 3, 5, 2, 2, 1, 4, 5, 5, 2, 5, 3, 3, 42, 4, 4, 1, 5, 3, 3, 3, 40, 3, 4, 4, 3, 1, 4, 5, 3, 3, 5, 1, 43, 
38: 5, 0, 42, 0, 0, 5, 0, 0, 0, 0, 0, 3, 0, 3, 0, 0, 5, 2, 1, 1, 0, 0, 0, 0, 2, 0, 0, 43, 42, 1, 0, 3, 0, 2, 42, 0, 4, 5, 3, 0, 0, 5, 5, 4, 0, 41, 0, 0, 0, 0, 0, 41, 0, 40, 0, 41, 0, 0, 42, 0, 0, 0, 0, 5, 1, 44, 0, 44, 1, 2, 0, 2, 0, 40, 0, 2, 3, 0, 0, 0, 0, 1, 3, 1, 0, 0, 3, 3, 0, 1, 0, 0, 4, 1, 2, 2, 0, 0, 0, 4, 0, 0, 1, 3, 0, 0, 0, 43, 5, 41, 2, 3, 0, 0, 0, 0, 0, 0, 0, 0, : 5, 42, 5, 3, 3, 5, 2, 1, 1, 2, 43, 42, 1, 3, 2, 42, 4, 5, 3, 5, 5, 4, 41, 41, 40, 41, 42, 5, 1, 44, 44, 1, 2, 2, 40, 2, 3, 1, 3, 1, 3, 3, 1, 4, 1, 2, 2, 4, 1, 3, 43, 5, 41, 2, 3, 
49: 0, 3, 0, 0, 0, 0, 0, 0, 0, 0, 1, 0, 2, 1, 0, 4, 2, 4, 0, 0, 0, 1, 0, 2, 5, 0, 0, 0, 3, 4, 0, 0, 41, 0, 0, 0, 0, 41, 0, 2, 0, 4, 0, 5, 0, 5, 1, 2, 0, 2, 0, 43, 0, 1, 0, 0, 1, 0, 0, 1, 0, 4, 0, 0, 2, 5, 5, 2, 2, 0, 0, 0, 0, 0, 3, 0, 0, 5, 3, 0, 0, 40, 3, 1, 5, 0, 0, 5, 0, 2, 0, 0, 1, 4, 5, 4, 0, 5, 0, 0, 4, 0, 42, 2, 0, 0, 0, 0, 2, 0, 0, 5, 3, 0, 2, 3, 0, 3, 0, 0, : 3, 1, 2, 1, 4, 2, 4, 1, 2, 5, 3, 4, 41, 41, 2, 4, 5, 5, 1, 2, 2, 43, 1, 1, 1, 4, 2, 5, 5, 2, 2, 3, 5, 3, 40, 3, 1, 5, 5, 2, 1, 4, 5, 4, 5, 4, 42, 2, 2, 5, 3, 2, 3, 3, 
53: 4, 0, 4, 0, 3, 1, 2, 2, 0, 2, 4, 2, 1, 0, 2, 41, 3, 0, 4, 0, 0, 41, 42, 0, 1, 0, 4, 3, 0, 0, 2, 0, 2, 0, 2, 3, 0, 0, 3, 1, 0, 4, 5, 0, 0, 0, 4, 4, 0, 0, 0, 3, 0, 3, 0, 4, 2, 2, 0, 1, 0, 3, 0, 0, 42, 0, 0, 2, 42, 0, 0, 5, 0, 1, 0, 0, 0, 43, 2, 0, 4, 0, 5, 1, 0, 4, 0, 0, 5, 5, 0, 5, 4, 0, 4, 4, 0, 4, 0, 2, 0, 0, 0, 40, 3, 41, 0, 41, 3, 5, 0, 0, 0, 1, 5, 3, 0, 5, 0, 0, : 4, 4, 3, 1, 2, 2, 2, 4, 2, 1, 2, 41, 3, 4, 41, 42, 1, 4, 3, 2, 2, 2, 3, 3, 1, 4, 5, 4, 4, 3, 3, 4, 2, 2, 1, 3, 42, 2, 42, 5, 1, 43, 2, 4, 5, 1, 4, 5, 5, 5, 4, 4, 4, 4, 2, 40, 3, 41, 41, 3, 5, 1, 5, 3, 5, 
31: 3, 1, 5, 0, 0, 2, 0, 0, 0, 5, 3, 0, 0, 0, 0, 0, 0, 3, 1, 2, 0, 0, 0, 3, 42, 5, 0, 5, 0, 0, 0, 0, 1, 0, 0, 4, 44, 0, 5, 0, 1, 3, 0, 1, 0, 0, 0, 0, 0, 0, 1, 0, 0, 0, 0, 5, 0, 1, 0, 2, 3, 3, 0, 0, 0, 4, 1, 4, 4, 0, 0, 2, 5, 0, 0, 1, 3, 0, 41, 0, 0, 0, 5, 4, 0, 40, 0, 0, 3, 1, 0, 5, 0, 3, 0, 0, 0, 3, 0, 0, 0, 3, 0, 0, 0, 1, 0, 1, 0, 41, 1, 2, 0, 5, 0, 5, 0, 2, 0, 43, : 3, 1, 5, 2, 5, 3, 3, 1, 2, 3, 42, 5, 5, 1, 4, 44, 5, 1, 3, 1, 1, 5, 1, 2, 3, 3, 4, 1, 4, 4, 2, 5, 1, 3, 41, 5, 4, 40, 3, 1, 5, 3, 3, 3, 1, 1, 41, 1, 2, 5, 5, 2, 43, 
105: 0, 4, 3, 0, 0, 0, 0, 2, 1, 0, 0, 2, 0, 0, 0, 0, 5, 5, 0, 0, 2, 4, 0, 0, 0, 4, 0, 0, 5, 0, 3, 41, 0, 0, 1, 0, 4, 0, 0, 5, 0, 0, 1, 0, 0, 0, 0, 41, 0, 1, 42, 0, 0, 0, 0, 1, 0, 1, 0, 4, 0, 0, 4, 0, 0, 1, 0, 0, 2, 0, 0, 0, 44, 1, 2, 3, 5, 0, 4, 0, 3, 0, 0, 2, 0, 3, 1, 2, 5, 0, 3, 0, 2, 4, 4, 0, 2, 5, 0, 0, 43, 4, 0, 2, 3, 0, 0, 1, 1, 0, 1, 0, 0, 43, 0, 0, 0, 5, 0, 41, : 4, 3, 2, 1, 2, 5, 5, 2, 4, 4, 5, 3, 41, 1, 4, 5, 1, 41, 1, 42, 1, 1, 4, 4, 1, 2, 44, 1, 2, 3, 5, 4, 3, 2, 3, 1, 2, 5, 3, 2, 4, 4, 2, 5, 43, 4, 2, 3, 1, 1, 1, 43, 5, 41, 
68: 0, 41, 5, 0, 0, 5, 0, 0, 0, 1, 0, 0, 3, 0, 0, 0, 0, 1, 42, 0, 2, 0, 0, 4, 43, 4, 0, 0, 4, 2, 0, 0, 4, 1, 41, 1, 43, 0, 1, 0, 0, 5, 41, 0, 0, 5, 3, 1, 0, 3, 0, 44, 2, 5, 0, 0, 5, 3, 0, 1, 1, 4, 44, 43, 3, 0, 4, 40, 2, 0, 4, 0, 0, 0, 0, 43, 41, 5, 0, 0, 1, 2, 0, 0, 0, 0, 1, 1, 5, 4, 0, 0, 5, 2, 4, 4, 4, 5, 0, 0, 0, 0, 0, 3, 3, 0, 0, 0, 2, 0, 3, 2, 0, 0, 0, 0, 5, 0, 0, 0, : 41, 5, 5, 1, 3, 1, 42, 2, 4, 43, 4, 4, 2, 4, 1, 41, 1, 43, 1, 5, 41, 5, 3, 1, 3, 44, 2, 5, 5, 3, 1, 1, 4, 44, 43, 3, 4, 40, 2, 4, 43, 41, 5, 1, 2, 1, 1, 5, 4, 5, 2, 4, 4, 4, 5, 3, 3, 2, 3, 2, 5, 
81: 0, 1, 5, 42, 0, 0, 0, 5, 0, 0, 0, 40, 2, 1, 0, 2, 2, 3, 0, 0, 2, 0, 0, 0, 2, 4, 4, 3, 4, 0, 0, 0, 0, 0, 0, 0, 0, 0, 5, 3, 0, 0, 0, 5, 40, 0, 4, 2, 41, 0, 4, 0, 0, 2, 0, 3, 4, 0, 5, 0, 42, 0, 3, 0, 0, 3, 2, 1, 4, 5, 5, 0, 41, 0, 0, 0, 0, 3, 5, 0, 0, 4, 2, 2, 0, 3, 2, 3, 3, 0, 3, 0, 0, 5, 4, 1, 0, 1, 0, 0, 0, 2, 0, 41, 0, 0, 2, 4, 0, 3, 1, 2, 44, 4, 3, 3, 0, 1, 0, 2, : 1, 5, 42, 5, 40, 2, 1, 2, 2, 3, 2, 2, 4, 4, 3, 4, 5, 3, 5, 40, 4, 2, 41, 4, 2, 3, 4, 5, 42, 3, 3, 2, 1, 4, 5, 5, 41, 3, 5, 4, 2, 2, 3, 2, 3, 3, 3, 5, 4, 1, 1, 2, 41, 2, 4, 3, 1, 2, 44, 4, 3, 3, 1, 2, 
20: 0, 0, 4, 0, 5, 5, 0, 5, 1, 0, 5, 1, 5, 0, 2, 0, 0, 2, 0, 4, 41, 0, 0, 0, 0, 5, 0, 0, 1, 1, 0, 2, 0, 0, 0, 0, 2, 0, 43, 4, 0, 3, 0, 0, 5, 0, 0, 3, 1, 0, 42, 0, 4, 5, 0, 41, 4, 0, 0, 1, 0, 1, 0, 4, 0, 0, 0, 0, 0, 5, 0, 1, 1, 3, 1, 0, 0, 1, 5, 0, 42, 2, 44, 0, 1, 1, 0, 1, 0, 41, 1, 1, 1, 1, 3, 5, 3, 2, 4, 0, 1, 0, 0, 0, 4, 0, 5, 3, 0, 3, 0, 4, 0, 1, 0, 0, 3, 0, 0, 4, : 4, 5, 5, 5, 1, 5, 1, 5, 2, 2, 4, 41, 5, 1, 1, 2, 2, 43, 4, 3, 5, 3, 1, 42, 4, 5, 41, 4, 1, 1, 4, 5, 1, 1, 3, 1, 1, 5, 42, 2, 44, 1, 1, 1, 41, 1, 1, 1, 1, 3, 5, 3, 2, 4, 1, 4, 5, 3, 3, 4, 1, 3, 4, 
52: 2, 0, 0, 0, 1, 0, 0, 2, 4, 1, 1, 1, 0, 0, 5, 0, 5, 5, 2, 0, 0, 1, 0, 0, 4, 0, 3, 0, 5, 1, 3, 0, 5, 0, 0, 1, 5, 0, 0, 41, 0, 3, 0, 0, 0, 0, 0, 0, 0, 3, 0, 2, 3, 0, 0, 1, 5, 3, 0, 4, 0, 3, 0, 1, 0, 0, 0, 1, 0, 0, 0, 5, 4, 0, 40, 0, 0, 0, 4, 0, 2, 0, 40, 2, 0, 0, 0, 0, 4, 0, 41, 0, 0, 4, 5, 1, 0, 0, 0, 0, 0, 4, 0, 1, 0, 1, 1, 0, 0, 3, 5, 0, 0, 2, 4, 0, 1, 4, 4, 0, : 2, 1, 2, 4, 1, 1, 1, 5, 5, 5, 2, 1, 4, 3, 5, 1, 3, 5, 1, 5, 41, 3, 3, 2, 3, 1, 5, 3, 4, 3, 1, 1, 5, 4, 40, 4, 2, 40, 2, 4, 41, 4, 5, 1, 4, 1, 1, 1, 3, 5, 2, 4, 1, 4, 4, 
14: 2, 2, 0, 0, 40, 0, 5, 1, 0, 2, 0, 1, 0, 44, 5, 0, 0, 2, 0, 0, 0, 0, 40, 0, 4, 0, 3, 0, 3, 0, 0, 0, 0, 0, 4, 2, 0, 0, 0, 0, 3, 4, 0, 4, 0, 4, 0, 0, 1, 1, 0, 0, 3, 2, 3, 0, 0, 4, 0, 0, 0, 0, 0, 0, 3, 3, 0, 0, 5, 0, 0, 0, 0, 1, 0, 4, 41, 0, 3, 0, 0, 3, 0, 5, 0, 0, 5, 2, 0, 0, 0, 2, 41, 5, 0, 0, 0, 0, 0, 0, 3, 0, 0, 2, 3, 1, 5, 2, 42, 0, 44, 0, 5, 0, 0, 0, 0, 1, 0, 4, : 2, 2, 40, 5, 1, 2, 1, 44, 5, 2, 40, 4, 3, 3, 4, 2, 3, 4, 4, 4, 1, 1, 3, 2, 3, 4, 3, 3, 5, 1, 4, 41, 3, 3, 5, 5, 2, 2, 41, 5, 3, 2, 3, 1, 5, 2, 42, 44, 5, 1, 4, 
19: 2, 0, 0, 0, 4, 0, 0, 0, 0, 0, 0, 3, 0, 2, 5, 0, 40, 4, 5, 1, 0, 0, 3, 4, 4, 0, 4, 0, 4, 0, 0, 0, 0, 0, 1, 0, 0, 1, 0, 4, 1, 5, 0, 0, 0, 0, 0, 0, 40, 0, 4, 0, 0, 0, 0, 2, 2, 40, 0, 0, 0, 0, 0, 0, 0, 0, 42, 4, 1, 0, 4, 0, 2, 2, 0, 2, 1, 0, 40, 0, 0, 0, 0, 44, 0, 4, 0, 2, 0, 0, 0, 3, 5, 41, 4, 0, 5, 3, 0, 0, 0, 0, 2, 0, 0, 1, 0, 0, 0, 3, 2, 2, 0, 4, 0, 2, 2, 0, 3, 1, : 2, 4, 3, 2, 5, 40, 4, 5, 1, 3, 4, 4, 4, 4, 1, 1, 4, 1, 5, 40, 4, 2, 2, 40, 42, 4, 1, 4, 2, 2, 2, 1, 40, 44, 4, 2, 3, 5, 41, 4, 5, 3, 2, 1, 3, 2, 2, 4, 2, 2, 3, 1, 
116: 0, 5, 0, 0, 0, 0, 40, 3, 0, 0, 5, 5, 0, 1, 3, 0, 0, 4, 0, 2, 2, 0, 0, 5, 0, 0, 0, 3, 0, 0, 1, 0, 2, 0, 0, 2, 0, 0, 2, 2, 0, 0, 0, 0, 2, 0, 5, 2, 0, 1, 0, 3, 0, 4, 0, 0, 2, 0, 2, 0, 0, 0, 4, 2, 0, 1, 44, 3, 0, 0, 0, 0, 0, 4, 3, 3, 3, 0, 3, 44, 0, 1, 0, 0, 3, 2, 0, 0, 0, 0, 0, 0, 0, 4, 4, 42, 2, 44, 0, 0, 4, 0, 42, 0, 41, 2, 2, 5, 1, 0, 0, 5, 0, 0, 5, 0, 4, 0, 0, 0, : 5, 40, 3, 5, 5, 1, 3, 4, 2, 2, 5, 3, 1, 2, 2, 2, 2, 2, 5, 2, 1, 3, 4, 2, 2, 4, 2, 1, 44, 3, 4, 3, 3, 3, 3, 44, 1, 3, 2, 4, 4, 42, 2, 44, 4, 42, 41, 2, 2, 5, 1, 5, 5, 4, 
88: 1, 5, 2, 0, 44, 5, 0, 0, 0, 3, 0, 0, 0, 0, 0, 0, 1, 0, 0, 3, 0, 1, 0, 0, 1, 5, 2, 5, 2, 2, 0, 0, 2, 0, 0, 0, 0, 3, 43, 0, 0, 0, 43, 4, 0, 0, 0, 0, 5, 43, 2, 1, 0, 1, 0, 5, 2, 2, 1, 4, 5, 0, 0, 40, 43, 1, 5, 0, 5, 0, 0, 0, 4, 0, 0, 0, 0, 41, 0, 42, 40, 5, 0, 3, 44, 1, 0, 0, 3, 0, 40, 0, 5, 0, 41, 0, 0, 5, 0, 2, 5, 0, 0, 0, 0, 0, 3, 1, 4, 0, 1, 0, 1, 0, 0, 0, 1, 1, 4, 2, : 1, 5, 2, 44, 5, 3, 1, 3, 1, 1, 5, 2, 5, 2, 2, 2, 3, 43, 43, 4, 5, 43, 2, 1, 1, 5, 2, 2, 1, 4, 5, 40, 43, 1, 5, 5, 4, 41, 42, 40, 5, 3, 44, 1, 3, 40, 5, 41, 5, 2, 5, 3, 1, 4, 1, 1, 1, 1, 4, 2, 
93: 3, 0, 0, 0, 5, 0, 0, 0, 0, 0, 0, 1, 42, 0, 0, 2, 3, 3, 1, 4, 2, 3, 0, 1, 0, 0, 4, 0, 4, 0, 0, 1, 0, 0, 1, 0, 5, 3, 0, 4, 0, 5, 0, 2, 3, 0, 0, 4, 0, 5, 0, 1, 40, 0, 1, 2, 4, 1, 41, 0, 0, 0, 0, 0, 0, 4, 5, 1, 1, 0, 4, 0, 0, 0, 44, 0, 5, 4, 0, 0, 0, 0, 0, 4, 0, 5, 0, 0, 5, 0, 0, 2, 1, 4, 0, 44, 0, 3, 3, 3, 41, 1, 1, 4, 4, 0, 1, 3, 42, 0, 2, 1, 5, 0, 44, 0, 0, 5, 0, 0, : 3, 5, 1, 42, 2, 3, 3, 1, 4, 2, 3, 1, 4, 4, 1, 1, 5, 3, 4, 5, 2, 3, 4, 5, 1, 40, 1, 2, 4, 1, 41, 4, 5, 1, 1, 4, 44, 5, 4, 4, 5, 5, 2, 1, 4, 44, 3, 3, 3, 41, 1, 1, 4, 4, 1, 3, 42, 2, 1, 5, 44, 5, 
87: 5, 3, 0, 0, 0, 5, 5, 0, 5, 0, 3, 5, 5, 0, 5, 0, 42, 2, 0, 5, 0, 4, 5, 3, 44, 3, 0, 1, 2, 0, 0, 0, 0, 0, 0, 3, 0, 0, 0, 4, 0, 0, 0, 0, 0, 0, 0, 0, 5, 44, 2, 3, 0, 4, 0, 5, 0, 0, 0, 5, 0, 0, 4, 4, 0, 0, 1, 4, 0, 0, 41, 4, 1, 2, 0, 5, 0, 0, 0, 0, 2, 4, 2, 4, 4, 4, 5, 1, 0, 0, 0, 2, 4, 5, 0, 0, 0, 1, 0, 0, 0, 2, 41, 0, 3, 4, 0, 0, 5, 5, 40, 5, 43, 0, 0, 4, 0, 42, 1, 1, : 5, 3, 5, 5, 5, 3, 5, 5, 5, 42, 2, 5, 4, 5, 3, 44, 3, 1, 2, 3, 4, 5, 44, 2, 3, 4, 5, 5, 4, 4, 1, 4, 41, 4, 1, 2, 5, 2, 4, 2, 4, 4, 4, 5, 1, 2, 4, 5, 1, 2, 41, 3, 4, 5, 5, 40, 5, 43, 4, 42, 1, 1, 
106: 3, 0, 0, 43, 0, 0, 0, 4, 1, 43, 0, 0, 5, 0, 0, 5, 4, 4, 4, 0, 0, 3, 5, 0, 0, 3, 0, 43, 0, 2, 42, 5, 0, 41, 1, 4, 0, 2, 0, 1, 0, 0, 2, 0, 0, 4, 0, 4, 0, 0, 4, 0, 0, 0, 5, 4, 0, 0, 0, 1, 4, 5, 4, 40, 0, 0, 4, 2, 0, 0, 0, 3, 0, 0, 0, 44, 2, 0, 2, 0, 1, 1, 0, 2, 0, 0, 0, 0, 0, 0, 0, 0, 5, 0, 0, 5, 0, 3, 0, 0, 1, 3, 0, 2, 1, 0, 4, 2, 3, 0, 0, 0, 0, 5, 5, 4, 41, 0, 0, 3, : 3, 43, 4, 1, 43, 5, 5, 4, 4, 4, 3, 5, 3, 43, 2, 42, 5, 41, 1, 4, 2, 1, 2, 4, 4, 4, 5, 4, 1, 4, 5, 4, 40, 4, 2, 3, 44, 2, 2, 1, 1, 2, 5, 5, 3, 1, 3, 2, 1, 4, 2, 3, 5, 5, 4, 41, 3, 
15: 5, 3, 0, 0, 0, 2, 40, 4, 0, 4, 1, 0, 4, 5, 2, 3, 0, 0, 41, 0, 41, 1, 0, 0, 5, 0, 0, 0, 2, 4, 0, 2, 0, 0, 0, 2, 0, 0, 0, 0, 1, 0, 0, 3, 41, 2, 44, 5, 0, 0, 0, 5, 0, 0, 0, 0, 0, 2, 0, 1, 43, 4, 2, 5, 0, 0, 0, 0, 4, 4, 3, 0, 0, 2, 0, 0, 1, 0, 0, 0, 0, 0, 0, 4, 0, 0, 0, 0, 0, 0, 0, 1, 3, 3, 0, 5, 42, 4, 0, 0, 0, 0, 0, 0, 1, 2, 1, 0, 3, 3, 2, 2, 4, 0, 1, 0, 1, 1, 1, 3, : 5, 3, 2, 40, 4, 4, 1, 4, 5, 2, 3, 41, 41, 1, 5, 2, 4, 2, 2, 1, 3, 41, 2, 44, 5, 5, 2, 1, 43, 4, 2, 5, 4, 4, 3, 2, 1, 4, 1, 3, 3, 5, 42, 4, 1, 2, 1, 3, 3, 2, 2, 4, 1, 1, 1, 1, 3, 
46: 4, 0, 41, 0, 0, 0, 0, 0, 0, 1, 1, 5, 0, 0, 0, 0, 0, 1, 0, 4, 0, 5, 1, 0, 0, 2, 1, 0, 4, 5, 0, 0, 0, 5, 0, 1, 5, 44, 0, 0, 0, 43, 0, 4, 0, 2, 0, 0, 0, 1, 0, 40, 0, 0, 4, 0, 44, 1, 0, 0, 1, 3, 4, 43, 1, 0, 0, 4, 4, 0, 0, 0, 0, 0, 0, 0, 4, 42, 4, 43, 0, 0, 5, 5, 0, 0, 1, 0, 0, 0, 0, 5, 5, 0, 4, 1, 0, 4, 0, 4, 0, 0, 0, 0, 4, 0, 43, 0, 0, 0, 2, 5, 3, 0, 40, 0, 0, 1, 43, 0, : 4, 41, 1, 1, 5, 1, 4, 5, 1, 2, 1, 4, 5, 5, 1, 5, 44, 43, 4, 2, 1, 40, 4, 44, 1, 1, 3, 4, 43, 1, 4, 4, 4, 42, 4, 43, 5, 5, 1, 5, 5, 4, 1, 4, 4, 4, 43, 2, 5, 3, 40, 1, 43, 
74: 0, 0, 0, 0, 0, 0, 0, 2, 42, 0, 2, 2, 2, 0, 43, 0, 0, 0, 0, 4, 0, 3, 0, 0, 2, 1, 0, 5, 0, 0, 0, 3, 0, 1, 2, 44, 4, 44, 0, 2, 1, 0, 0, 3, 0, 44, 0, 43, 5, 0, 0, 0, 2, 0, 43, 0, 5, 3, 0, 3, 4, 0, 1, 2, 0, 0, 1, 0, 5, 4, 0, 0, 4, 3, 0, 1, 5, 43, 3, 1, 40, 4, 2, 0, 0, 4, 0, 0, 1, 0, 0, 0, 0, 4, 0, 1, 0, 2, 44, 44, 3, 1, 0, 5, 0, 5, 0, 0, 4, 0, 5, 0, 0, 42, 5, 2, 0, 40, 0, 44, : 2, 42, 2, 2, 2, 43, 4, 3, 2, 1, 5, 3, 1, 2, 44, 4, 44, 2, 1, 3, 44, 43, 5, 2, 43, 5, 3, 3, 4, 1, 2, 1, 5, 4, 4, 3, 1, 5, 43, 3, 1, 40, 4, 2, 4, 1, 4, 1, 2, 44, 44, 3, 1, 5, 5, 4, 5, 42, 5, 2, 40, 44, 
51: 0, 0, 0, 0, 1, 0, 0, 2, 0, 0, 0, 5, 44, 0, 0, 0, 2, 3, 0, 1, 5, 0, 0, 5, 0, 0, 0, 1, 0, 0, 2, 0, 3, 1, 4, 4, 0, 1, 4, 5, 40, 0, 4, 0, 1, 0, 42, 1, 0, 3, 2, 0, 0, 1, 0, 0, 5, 0, 0, 0, 1, 0, 2, 0, 0, 0, 2, 0, 4, 0, 3, 0, 0, 0, 0, 43, 3, 0, 2, 2, 5, 0, 0, 0, 0, 5, 0, 1, 3, 0, 0, 4, 4, 1, 0, 2, 2, 2, 3, 0, 0, 3, 1, 0, 3, 0, 3, 3, 40, 0, 1, 5, 42, 0, 0, 0, 1, 3, 2, 2, : 1, 2, 5, 44, 2, 3, 1, 5, 5, 1, 2, 3, 1, 4, 4, 1, 4, 5, 40, 4, 1, 42, 1, 3, 2, 1, 5, 1, 2, 2, 4, 3, 43, 3, 2, 2, 5, 5, 1, 3, 4, 4, 1, 2, 2, 2, 3, 3, 1, 3, 3, 3, 40, 1, 5, 42, 1, 3, 2, 2, 
75: 0, 4, 0, 0, 5, 0, 0, 0, 2, 0, 1, 4, 1, 0, 0, 0, 0, 0, 3, 5, 1, 1, 0, 0, 0, 2, 0, 0, 2, 0, 0, 2, 0, 0, 0, 5, 4, 0, 0, 0, 0, 0, 0, 5, 0, 5, 4, 42, 0, 0, 0, 3, 0, 1, 0, 0, 5, 0, 3, 5, 43, 42, 3, 2, 0, 41, 0, 5, 4, 0, 4, 0, 2, 0, 0, 0, 40, 0, 3, 3, 0, 40, 2, 5, 0, 2, 0, 0, 0, 2, 0, 2, 1, 5, 0, 3, 1, 0, 4, 0, 41, 1, 0, 0, 3, 0, 5, 0, 2, 3, 1, 3, 0, 3, 3, 2, 0, 0, 0, 1, : 4, 5, 2, 1, 4, 1, 3, 5, 1, 1, 2, 2, 2, 5, 4, 5, 5, 4, 42, 3, 1, 5, 3, 5, 43, 42, 3, 2, 41, 5, 4, 4, 2, 40, 3, 3, 40, 2, 5, 2, 2, 2, 1, 5, 3, 1, 4, 41, 1, 3, 5, 2, 3, 1, 3, 3, 3, 2, 1, 
18: 2, 0, 0, 5, 0, 0, 0, 4, 0, 0, 2, 0, 44, 0, 0, 0, 0, 0, 0, 0, 40, 0, 40, 0, 3, 2, 0, 2, 2, 4, 0, 0, 2, 4, 0, 4, 0, 0, 4, 42, 2, 2, 0, 4, 1, 0, 0, 1, 0, 0, 0, 1, 0, 0, 4, 0, 0, 0, 0, 40, 0, 0, 2, 1, 0, 5, 0, 4, 3, 5, 0, 0, 3, 0, 0, 0, 0, 0, 0, 3, 0, 5, 40, 2, 5, 5, 1, 4, 0, 0, 44, 0, 3, 2, 41, 3, 0, 4, 41, 5, 2, 4, 0, 0, 4, 0, 0, 0, 0, 5, 2, 0, 0, 0, 2, 5, 0, 2, 0, 2, : 2, 5, 4, 2, 44, 40, 40, 3, 2, 2, 2, 4, 2, 4, 4, 4, 42, 2, 2, 4, 1, 1, 1, 4, 40, 2, 1, 5, 4, 3, 5, 3, 3, 5, 40, 2, 5, 5, 1, 4, 44, 3, 2, 41, 3, 4, 41, 5, 2, 4, 4, 5, 2, 2, 5, 2, 2, 
109: 0, 2, 0, 43, 42, 0, 0, 0, 0, 0, 3, 4, 2, 0, 0, 0, 3, 5, 0, 2, 3, 3, 0, 4, 1, 0, 0, 0, 1, 0, 5, 42, 4, 5, 0, 2, 1, 0, 0, 4, 2, 43, 42, 0, 4, 3, 1, 2, 0, 2, 3, 0, 0, 0, 0, 0, 1, 0, 40, 5, 44, 2, 1, 0, 0, 5, 0, 0, 41, 0, 0, 0, 0, 2, 0, 0, 4, 0, 0, 0, 0, 0, 1, 2, 0, 44, 0, 0, 0, 0, 0, 1, 0, 0, 0, 0, 0, 0, 4, 0, 0, 42, 0, 0, 4, 5, 0, 1, 4, 3, 0, 0, 1, 1, 4, 1, 0, 0, 0, 4, : 2, 43, 42, 3, 4, 2, 3, 5, 2, 3, 3, 4, 1, 1, 5, 42, 4, 5, 2, 1, 4, 2, 43, 42, 4, 3, 1, 2, 2, 3, 1, 40, 5, 44, 2, 1, 5, 41, 2, 4, 1, 2, 44, 1, 4, 42, 4, 5, 1, 4, 3, 1, 1, 4, 1, 4, 
69: 0, 0, 4, 0, 0, 0, 3, 0, 5, 2, 5, 1, 2, 1, 0, 0, 0, 1, 0, 0, 0, 1, 0, 3, 0, 44, 4, 0, 41, 0, 3, 43, 2, 0, 4, 0, 3, 0, 0, 0, 5, 1, 0, 1, 40, 4, 0, 0, 0, 4, 0, 1, 4, 0, 5, 0, 1, 1, 0, 5, 0, 4, 1, 1, 3, 5, 0, 42, 4, 0, 5, 0, 0, 5, 2, 0, 0, 0, 0, 0, 5, 1, 0, 3, 0, 0, 5, 0, 0, 0, 0, 5, 0, 0, 1, 2, 0, 40, 0, 0, 0, 2, 0, 2, 0, 0, 0, 3, 0, 44, 2, 4, 2, 2, 0, 0, 0, 0, 4, 42, : 4, 3, 5, 2, 5, 1, 2, 1, 1, 1, 3, 44, 4, 41, 3, 43, 2, 4, 3, 5, 1, 1, 40, 4, 4, 1, 4, 5, 1, 1, 5, 4, 1, 1, 3, 5, 42, 4, 5, 5, 2, 5, 1, 3, 5, 5, 1, 2, 40, 2, 2, 3, 44, 2, 4, 2, 2, 4, 42, 
4: 0, 1, 0, 0, 0, 0, 0, 3, 4, 1, 2, 0, 3, 0, 41, 0, 4, 0, 0, 43, 0, 0, 4, 0, 1, 0, 0, 0, 4, 0, 42, 5, 5, 1, 0, 1, 0, 0, 3, 5, 0, 1, 0, 5, 0, 1, 0, 0, 0, 3, 1, 0, 0, 0, 1, 0, 4, 0, 0, 2, 1, 5, 5, 0, 0, 5, 0, 3, 1, 0, 4, 40, 0, 2, 2, 0, 0, 0, 2, 0, 4, 0, 1, 0, 0, 42, 1, 3, 0, 2, 0, 0, 0, 0, 5, 5, 3, 1, 0, 1, 0, 0, 5, 40, 0, 5, 0, 5, 1, 0, 1, 2, 0, 4, 0, 2, 42, 0, 0, 4, : 1, 3, 4, 1, 2, 3, 41, 4, 43, 4, 1, 4, 42, 5, 5, 1, 1, 3, 5, 1, 5, 1, 3, 1, 1, 4, 2, 1, 5, 5, 5, 3, 1, 4, 40, 2, 2, 2, 4, 1, 42, 1, 3, 2, 5, 5, 3, 1, 1, 5, 40, 5, 5, 1, 1, 2, 4, 2, 42, 4, 
72: 5, 1, 0, 0, 1, 1, 0, 0, 2, 43, 0, 0, 2, 1, 3, 2, 5, 2, 3, 5, 0, 0, 0, 0, 1, 0, 0, 0, 5, 0, 0, 2, 0, 0, 0, 0, 0, 4, 0, 2, 5, 2, 1, 0, 0, 0, 1, 1, 0, 5, 0, 2, 40, 4, 0, 0, 0, 0, 3, 0, 40, 0, 2, 0, 3, 0, 0, 0, 0, 0, 4, 5, 3, 0, 5, 0, 1, 0, 0, 0, 4, 1, 0, 0, 0, 3, 2, 4, 2, 1, 0, 5, 0, 3, 3, 1, 0, 0, 5, 0, 0, 1, 0, 0, 0, 43, 0, 4, 1, 0, 0, 0, 0, 0, 0, 2, 5, 1, 0, 5, : 5, 1, 1, 1, 2, 43, 2, 1, 3, 2, 5, 2, 3, 5, 1, 5, 2, 4, 2, 5, 2, 1, 1, 1, 5, 2, 40, 4, 3, 40, 2, 3, 4, 5, 3, 5, 1, 4, 1, 3, 2, 4, 2, 1, 5, 3, 3, 1, 5, 1, 43, 4, 1, 2, 5, 1, 5, 
98: 0, 3, 0, 0, 0, 0, 1, 0, 41, 0, 2, 1, 5, 5, 0, 0, 0, 2, 0, 0, 40, 4, 0, 3, 3, 3, 4, 0, 0, 0, 0, 0, 1, 0, 0, 3, 0, 0, 4, 2, 2, 0, 4, 0, 0, 0, 1, 4, 2, 0, 0, 4, 0, 2, 0, 0, 3, 4, 0, 0, 3, 4, 5, 0, 0, 2, 0, 3, 2, 1, 0, 0, 1, 0, 0, 0, 0, 2, 0, 0, 0, 2, 1, 5, 4, 1, 5, 41, 0, 2, 0, 0, 44, 0, 3, 4, 0, 0, 0, 0, 0, 2, 5, 3, 0, 0, 0, 3, 0, 0, 0, 5, 0, 0, 0, 40, 0, 2, 0, 2, : 3, 1, 41, 2, 1, 5, 5, 2, 40, 4, 3, 3, 3, 4, 1, 3, 4, 2, 2, 4, 1, 4, 2, 4, 2, 3, 4, 3, 4, 5, 2, 3, 2, 1, 1, 2, 2, 1, 5, 4, 1, 5, 41, 2, 44, 3, 4, 2, 5, 3, 3, 5, 40, 2, 2, 
102: 5, 1, 3, 0, 3, 41, 0, 2, 3, 3, 42, 44, 0, 3, 1, 0, 3, 5, 3, 0, 0, 0, 5, 4, 0, 0, 0, 0, 5, 0, 3, 4, 2, 0, 5, 0, 0, 42, 0, 1, 1, 0, 0, 3, 1, 5, 1, 5, 0, 3, 0, 2, 0, 5, 0, 0, 4, 5, 1, 0, 0, 0, 0, 1, 42, 4, 0, 2, 2, 5, 43, 0, 5, 2, 0, 0, 4, 5, 0, 0, 0, 5, 0, 5, 1, 3, 0, 3, 3, 0, 2, 44, 0, 2, 2, 4, 1, 1, 4, 0, 0, 3, 0, 40, 0, 0, 0, 0, 0, 0, 4, 0, 0, 44, 0, 0, 0, 5, 2, 1, : 5, 1, 3, 3, 41, 2, 3, 3, 42, 44, 3, 1, 3, 5, 3, 5, 4, 5, 3, 4, 2, 5, 42, 1, 1, 3, 1, 5, 1, 5, 3, 2, 5, 4, 5, 1, 1, 42, 4, 2, 2, 5, 43, 5, 2, 4, 5, 5, 5, 1, 3, 3, 3, 2, 44, 2, 2, 4, 1, 1, 4, 3, 40, 4, 44, 5, 2, 1, 
84: 0, 41, 0, 0, 0, 2, 0, 0, 0, 3, 2, 3, 0, 0, 0, 42, 2, 2, 3, 5, 0, 0, 44, 2, 5, 0, 4, 0, 4, 0, 3, 0, 0, 0, 44, 41, 0, 1, 0, 2, 0, 0, 0, 5, 1, 0, 41, 5, 0, 0, 0, 0, 1, 0, 0, 2, 0, 0, 0, 5, 0, 5, 0, 0, 0, 0, 4, 4, 3, 0, 2, 0, 0, 4, 0, 0, 4, 0, 42, 0, 44, 0, 0, 3, 0, 5, 4, 5, 1, 5, 0, 0, 4, 0, 5, 2, 0, 1, 0, 0, 3, 0, 0, 0, 5, 0, 0, 0, 5, 5, 3, 1, 0, 43, 0, 1, 2, 2, 3, 3, : 41, 2, 3, 2, 3, 42, 2, 2, 3, 5, 44, 2, 5, 4, 4, 3, 44, 41, 1, 2, 5, 1, 41, 5, 1, 2, 5, 5, 4, 4, 3, 2, 4, 4, 42, 44, 3, 5, 4, 5, 1, 5, 4, 5, 2, 1, 3, 5, 5, 5, 3, 1, 43, 1, 2, 2, 3, 3, 
66: 0, 2, 0, 43, 3, 1, 0, 0, 0, 0, 0, 0, 1, 1, 0, 0, 3, 44, 5, 4, 0, 3, 0, 40, 0, 0, 44, 1, 0, 2, 0, 3, 0, 0, 2, 1, 0, 0, 1, 0, 2, 43, 1, 0, 44, 2, 1, 3, 0, 0, 4, 1, 0, 3, 0, 0, 41, 0, 0, 1, 4, 43, 0, 0, 0, 0, 0, 5, 1, 0, 0, 0, 5, 1, 1, 2, 3, 0, 0, 0, 2, 1, 0, 1, 3, 3, 0, 0, 43, 44, 0, 0, 4, 4, 1, 4, 0, 0, 0, 5, 0, 5, 0, 40, 0, 0, 3, 5, 3, 2, 0, 0, 0, 0, 4, 3, 2, 4, 3, 0, : 2, 43, 3, 1, 1, 1, 3, 44, 5, 4, 3, 40, 44, 1, 2, 3, 2, 1, 1, 2, 43, 1, 44, 2, 1, 3, 4, 1, 3, 41, 1, 4, 43, 5, 1, 5, 1, 1, 2, 3, 2, 1, 1, 3, 3, 43, 44, 4, 4, 1, 4, 5, 5, 40, 3, 5, 3, 2, 4, 3, 2, 4, 3, 
57: 1, 4, 0, 0, 0, 0, 1, 0, 0, 0, 0, 2, 0, 0, 0, 3, 0, 1, 0, 0, 0, 2, 0, 0, 3, 2, 0, 0, 5, 0, 0, 0, 5, 0, 2, 2, 44, 0, 4, 0, 0, 0, 0, 0, 0, 0, 0, 1, 0, 0, 0, 0, 0, 4, 0, 4, 3, 5, 0, 0, 0, 0, 2, 3, 0, 40, 0, 0, 2, 0, 1, 0, 4, 3, 0, 0, 0, 40, 3, 2, 0, 0, 2, 0, 1, 5, 0, 0, 4, 0, 3, 3, 0, 40, 0, 0, 44, 0, 4, 0, 1, 44, 3, 0, 0, 0, 0, 0, 0, 0, 2, 5, 44, 5, 0, 3, 1, 0, 2, 2, : 1, 4, 1, 2, 3, 1, 2, 3, 2, 5, 5, 2, 2, 44, 4, 1, 4, 4, 3, 5, 2, 3, 40, 2, 1, 4, 3, 40, 3, 2, 2, 1, 5, 4, 3, 3, 40, 44, 4, 1, 44, 3, 2, 5, 44, 5, 3, 1, 2, 2, 
32: 0, 4, 0, 0, 0, 3, 3, 4, 0, 0, 43, 40, 1, 4, 3, 5, 1, 0, 0, 2, 5, 1, 40, 4, 4, 0, 3, 0, 0, 0, 0, 0, 3, 0, 0, 0, 0, 0, 5, 4, 3, 4, 0, 0, 1, 0, 1, 5, 0, 2, 0, 3, 44, 0, 0, 0, 5, 0, 0, 5, 5, 43, 2, 1, 0, 4, 0, 1, 1, 0, 4, 0, 3, 5, 2, 1, 4, 0, 0, 0, 0, 5, 3, 0, 1, 4, 0, 0, 0, 0, 0, 0, 0, 0, 0, 5, 0, 44, 5, 0, 0, 5, 0, 4, 1, 0, 0, 2, 1, 0, 2, 3, 4, 0, 5, 3, 4, 4, 0, 1, : 4, 3, 3, 4, 43, 40, 1, 4, 3, 5, 1, 2, 5, 1, 40, 4, 4, 3, 3, 5, 4, 3, 4, 1, 1, 5, 2, 3, 44, 5, 5, 5, 43, 2, 1, 4, 1, 1, 4, 3, 5, 2, 1, 4, 5, 3, 1, 4, 5, 44, 5, 5, 4, 1, 2, 1, 2, 3, 4, 5, 3, 4, 4, 1, 
83: 1, 5, 0, 4, 0, 41, 0, 0, 0, 5, 0, 1, 5, 1, 4, 0, 2, 4, 0, 0, 40, 2, 0, 5, 0, 0, 0, 0, 0, 0, 0, 0, 41, 0, 1, 0, 0, 5, 0, 4, 0, 43, 0, 0, 0, 2, 0, 4, 0, 42, 0, 0, 0, 0, 40, 43, 44, 40, 5, 5, 0, 0, 2, 0, 0, 0, 0, 2, 0, 0, 0, 42, 0, 0, 0, 1, 0, 4, 3, 0, 0, 0, 4, 2, 2, 0, 3, 0, 5, 0, 0, 0, 0, 43, 0, 4, 2, 3, 0, 5, 0, 1, 0, 5, 0, 0, 41, 0, 5, 2, 2, 5, 0, 2, 0, 5, 4, 0, 0, 0, : 1, 5, 4, 41, 5, 1, 5, 1, 4, 2, 4, 40, 2, 5, 41, 1, 5, 4, 43, 2, 4, 42, 40, 43, 44, 40, 5, 5, 2, 2, 42, 1, 4, 3, 4, 2, 2, 3, 5, 43, 4, 2, 3, 5, 1, 5, 41, 5, 2, 2, 5, 2, 5, 4, 
10: 0, 4, 0, 0, 0, 0, 5, 41, 4, 0, 0, 0, 2, 0, 0, 0, 1, 0, 0, 42, 0, 0, 0, 1, 1, 43, 1, 0, 5, 5, 0, 0, 41, 0, 0, 0, 5, 0, 0, 0, 0, 4, 0, 44, 0, 1, 0, 0, 3, 5, 5, 0, 42, 0, 0, 4, 0, 2, 0, 0, 3, 3, 2, 0, 5, 0, 0, 1, 2, 0, 0, 0, 0, 1, 41, 3, 4, 0, 0, 0, 40, 5, 2, 4, 0, 0, 0, 1, 1, 0, 3, 40, 1, 4, 3, 1, 0, 5, 0, 0, 1, 2, 44, 0, 0, 0, 5, 0, 1, 0, 0, 2, 2, 4, 2, 1, 2, 1, 0, 5, : 4, 5, 41, 4, 2, 1, 42, 1, 1, 43, 1, 5, 5, 41, 5, 4, 44, 1, 3, 5, 5, 42, 4, 2, 3, 3, 2, 5, 1, 2, 1, 41, 3, 4, 40, 5, 2, 4, 1, 1, 3, 40, 1, 4, 3, 1, 5, 1, 2, 44, 5, 1, 2, 2, 4, 2, 1, 2, 1, 5, 
50: 4, 0, 0, 0, 1, 3, 1, 0, 0, 4, 0, 1, 0, 0, 3, 0, 2, 4, 5, 0, 2, 2, 0, 0, 2, 1, 4, 0, 4, 41, 5, 0, 0, 1, 0, 0, 0, 0, 0, 5, 3, 0, 4, 0, 0, 0, 42, 3, 0, 0, 0, 2, 0, 5, 1, 0, 5, 43, 4, 0, 0, 0, 43, 0, 5, 0, 0, 3, 3, 0, 0, 0, 4, 0, 0, 43, 0, 1, 0, 3, 41, 42, 5, 0, 0, 0, 0, 0, 0, 0, 0, 44, 0, 1, 5, 0, 43, 0, 0, 0, 4, 1, 4, 0, 4, 0, 0, 2, 4, 0, 0, 0, 0, 0, 0, 0, 3, 0, 0, 0, : 4, 1, 3, 1, 4, 1, 3, 2, 4, 5, 2, 2, 2, 1, 4, 4, 41, 5, 1, 5, 3, 4, 42, 3, 2, 5, 1, 5, 43, 4, 43, 5, 3, 3, 4, 43, 1, 3, 41, 42, 5, 44, 1, 5, 43, 4, 1, 4, 4, 2, 4, 3, 
27: 0, 2, 0, 0, 1, 0, 0, 1, 0, 0, 0, 0, 0, 0, 0, 4, 0, 5, 5, 0, 5, 0, 2, 0, 0, 2, 0, 0, 2, 43, 0, 1, 0, 0, 0, 0, 0, 0, 0, 1, 5, 2, 0, 2, 2, 0, 4, 2, 2, 5, 4, 1, 1, 5, 2, 5, 1, 3, 2, 0, 0, 0, 0, 0, 40, 0, 3, 1, 2, 0, 1, 0, 0, 0, 3, 0, 40, 0, 0, 1, 0, 42, 0, 41, 0, 0, 5, 0, 2, 4, 0, 0, 40, 4, 0, 1, 3, 0, 2, 2, 1, 0, 0, 0, 0, 0, 3, 0, 3, 0, 5, 2, 0, 0, 40, 0, 0, 2, 0, 3, : 2, 1, 1, 4, 5, 5, 5, 2, 2, 2, 43, 1, 1, 5, 2, 2, 2, 4, 2, 2, 5, 4, 1, 1, 5, 2, 5, 1, 3, 2, 40, 3, 1, 2, 1, 3, 40, 1, 42, 41, 5, 2, 4, 40, 4, 1, 3, 2, 2, 1, 3, 3, 5, 2, 40, 2, 3, 
79: 0, 3, 3, 3, 0, 0, 40, 0, 0, 3, 4, 0, 0, 0, 4, 2, 4, 5, 0, 0, 0, 5, 0, 1, 0, 0, 0, 44, 1, 0, 0, 4, 1, 0, 1, 1, 0, 0, 0, 1, 3, 4, 0, 5, 4, 0, 0, 0, 0, 2, 0, 0, 0, 5, 5, 0, 2, 5, 0, 0, 0, 43, 1, 4, 5, 2, 0, 1, 0, 3, 4, 0, 0, 0, 2, 3, 1, 0, 0, 0, 0, 0, 0, 0, 0, 0, 0, 0, 42, 4, 0, 3, 3, 2, 41, 3, 42, 44, 43, 1, 0, 5, 0, 2, 3, 2, 3, 0, 0, 0, 4, 44, 2, 0, 0, 4, 3, 2, 41, 1, : 3, 3, 3, 40, 3, 4, 4, 2, 4, 5, 5, 1, 44, 1, 4, 1, 1, 1, 1, 3, 4, 5, 4, 2, 5, 5, 2, 5, 43, 1, 4, 5, 2, 1, 3, 4, 2, 3, 1, 42, 4, 3, 3, 2, 41, 3, 42, 44, 43, 1, 5, 2, 3, 2, 3, 4, 44, 2, 4, 3, 2, 41, 1, 
23: 0, 0, 4, 0, 0, 0, 3, 0, 0, 0, 0, 0, 5, 4, 0, 0, 4, 4, 0, 40, 3, 5, 0, 0, 4, 2, 0, 2, 3, 0, 41, 1, 0, 0, 5, 4, 0, 0, 0, 3, 4, 0, 0, 0, 3, 0, 42, 0, 5, 0, 3, 0, 0, 0, 0, 44, 1, 0, 0, 0, 5, 0, 5, 3, 0, 1, 1, 0, 0, 0, 0, 0, 0, 1, 3, 4, 0, 1, 0, 0, 0, 0, 4, 5, 0, 0, 42, 0, 1, 3, 0, 5, 0, 4, 0, 0, 3, 40, 42, 3, 0, 3, 3, 0, 2, 0, 4, 1, 0, 4, 0, 0, 0, 0, 2, 0, 5, 0, 2, 0, : 4, 3, 5, 4, 4, 4, 40, 3, 5, 4, 2, 2, 3, 41, 1, 5, 4, 3, 4, 3, 42, 5, 3, 44, 1, 5, 5, 3, 1, 1, 1, 3, 4, 1, 4, 5, 42, 1, 3, 5, 4, 3, 40, 42, 3, 3, 3, 2, 4, 1, 4, 2, 5, 2, 
26: 44, 2, 0, 1, 2, 0, 1, 0, 3, 5, 1, 2, 5, 2, 2, 0, 1, 0, 0, 5, 1, 0, 0, 0, 1, 2, 1, 0, 4, 0, 0, 4, 0, 42, 5, 0, 0, 3, 2, 3, 43, 1, 2, 0, 0, 2, 5, 5, 2, 0, 3, 4, 0, 1, 1, 5, 43, 5, 0, 0, 0, 42, 0, 1, 0, 0, 0, 1, 4, 0, 0, 0, 0, 1, 1, 5, 0, 1, 1, 0, 0, 0, 0, 0, 0, 0, 0, 0, 5, 0, 0, 3, 0, 3, 1, 5, 4, 5, 0, 0, 5, 3, 0, 5, 2, 0, 5, 0, 3, 0, 1, 2, 0, 0, 0, 3, 1, 0, 0, 4, : 44, 2, 1, 2, 1, 3, 5, 1, 2, 5, 2, 2, 1, 5, 1, 1, 2, 1, 4, 4, 42, 5, 3, 2, 3, 43, 1, 2, 2, 5, 5, 2, 3, 4, 1, 1, 5, 43, 5, 42, 1, 1, 4, 1, 1, 5, 1, 1, 5, 3, 3, 1, 5, 4, 5, 5, 3, 5, 2, 5, 3, 1, 2, 3, 1, 4, 
117: 5, 0, 1, 0, 2, 3, 2, 3, 0, 0, 0, 0, 0, 41, 4, 1, 2, 5, 0, 0, 0, 2, 0, 0, 3, 2, 0, 43, 3, 3, 0, 0, 0, 42, 40, 2, 44, 1, 42, 2, 0, 5, 2, 3, 0, 0, 0, 1, 5, 0, 3, 0, 0, 1, 3, 0, 2, 4, 0, 0, 0, 0, 3, 4, 0, 1, 44, 0, 0, 0, 2, 0, 0, 1, 0, 0, 5, 2, 0, 0, 0, 2, 0, 0, 0, 5, 2, 0, 0, 0, 0, 5, 3, 3, 0, 4, 42, 2, 0, 2, 0, 0, 1, 0, 0, 5, 5, 1, 4, 0, 0, 3, 0, 1, 0, 2, 40, 0, 0, 0, : 5, 1, 2, 3, 2, 3, 41, 4, 1, 2, 5, 2, 3, 2, 43, 3, 3, 42, 40, 2, 44, 1, 42, 2, 5, 2, 3, 1, 5, 3, 1, 3, 2, 4, 3, 4, 1, 44, 2, 1, 5, 2, 2, 5, 2, 5, 3, 3, 4, 42, 2, 2, 1, 5, 5, 1, 4, 3, 1, 2, 40, 
100: 0, 1, 0, 2, 5, 40, 0, 4, 4, 0, 41, 0, 0, 0, 1, 0, 0, 5, 0, 4, 0, 0, 5, 5, 0, 3, 2, 4, 3, 0, 0, 4, 3, 0, 3, 1, 0, 0, 0, 43, 2, 3, 4, 0, 0, 4, 0, 3, 0, 0, 3, 0, 0, 1, 0, 5, 0, 4, 0, 2, 0, 0, 0, 0, 0, 2, 5, 1, 0, 0, 0, 3, 1, 0, 0, 0, 5, 0, 0, 43, 5, 2, 0, 0, 0, 4, 41, 1, 0, 4, 0, 1, 0, 5, 3, 1, 0, 0, 0, 0, 0, 2, 0, 0, 3, 0, 1, 0, 0, 5, 0, 3, 0, 5, 3, 5, 1, 0, 42, 1, : 1, 2, 5, 40, 4, 4, 41, 1, 5, 4, 5, 5, 3, 2, 4, 3, 4, 3, 3, 1, 43, 2, 3, 4, 4, 3, 3, 1, 5, 4, 2, 2, 5, 1, 3, 1, 5, 43, 5, 2, 4, 41, 1, 4, 1, 5, 3, 1, 2, 3, 1, 5, 3, 5, 3, 5, 1, 42, 1, 
86: 0, 3, 4, 0, 0, 0, 0, 2, 0, 1, 0, 0, 0, 5, 5, 2, 0, 3, 0, 0, 1, 1, 0, 0, 3, 0, 4, 0, 0, 0, 0, 0, 0, 0, 0, 0, 0, 5, 3, 5, 0, 5, 0, 0, 0, 4, 0, 2, 0, 0, 3, 0, 0, 43, 2, 0, 43, 0, 0, 0, 1, 4, 0, 0, 5, 44, 0, 3, 0, 2, 0, 4, 43, 2, 43, 0, 5, 0, 5, 4, 5, 5, 0, 5, 5, 0, 2, 2, 2, 5, 42, 0, 0, 2, 0, 2, 0, 3, 3, 0, 0, 0, 0, 0, 0, 0, 5, 2, 0, 1, 0, 0, 0, 0, 0, 40, 2, 0, 0, 0, : 3, 4, 2, 1, 5, 5, 2, 3, 1, 1, 3, 4, 5, 3, 5, 5, 4, 2, 3, 43, 2, 43, 1, 4, 5, 44, 3, 2, 4, 43, 2, 43, 5, 5, 4, 5, 5, 5, 5, 2, 2, 2, 5, 42, 2, 2, 3, 3, 5, 2, 1, 40, 2, 
58: 3, 0, 0, 0, 0, 5, 0, 3, 4, 0, 4, 3, 0, 40, 0, 4, 0, 1, 4, 4, 0, 0, 0, 4, 2, 0, 0, 3, 1, 0, 0, 0, 0, 0, 3, 3, 1, 0, 3, 0, 3, 4, 0, 3, 0, 0, 0, 4, 4, 4, 2, 5, 2, 0, 0, 0, 0, 2, 0, 3, 0, 0, 0, 41, 5, 2, 0, 1, 0, 44, 40, 5, 2, 43, 1, 0, 3, 0, 5, 0, 0, 0, 0, 3, 1, 0, 0, 0, 2, 1, 1, 0, 0, 3, 0, 1, 3, 2, 0, 0, 2, 0, 1, 1, 0, 44, 2, 3, 0, 1, 1, 4, 0, 0, 2, 2, 40, 0, 1, 0, : 3, 5, 3, 4, 4, 3, 40, 4, 1, 4, 4, 4, 2, 3, 1, 3, 3, 1, 3, 3, 4, 3, 4, 4, 4, 2, 5, 2, 2, 3, 41, 5, 2, 1, 44, 40, 5, 2, 43, 1, 3, 5, 3, 1, 2, 1, 1, 3, 1, 3, 2, 2, 1, 1, 44, 2, 3, 1, 1, 4, 2, 2, 40, 1, 
59: 1, 2, 0, 0, 3, 0, 1, 5, 0, 3, 42, 5, 0, 0, 4, 0, 40, 1, 0, 0, 2, 0, 0, 0, 0, 0, 0, 5, 0, 4, 0, 0, 0, 0, 41, 3, 0, 0, 0, 1, 0, 0, 0, 0, 0, 0, 3, 2, 40, 0, 2, 0, 0, 2, 0, 3, 0, 0, 5, 0, 0, 0, 0, 0, 0, 1, 0, 1, 5, 42, 0, 41, 4, 1, 0, 4, 5, 0, 0, 2, 0, 1, 5, 4, 1, 0, 0, 3, 0, 0, 5, 0, 0, 0, 0, 5, 0, 0, 0, 0, 5, 3, 3, 1, 4, 1, 1, 3, 4, 5, 42, 0, 0, 3, 5, 0, 0, 3, 3, 0, : 1, 2, 3, 1, 5, 3, 42, 5, 4, 40, 1, 2, 5, 4, 41, 3, 1, 3, 2, 40, 2, 2, 3, 5, 1, 1, 5, 42, 41, 4, 1, 4, 5, 2, 1, 5, 4, 1, 3, 5, 5, 5, 3, 3, 1, 4, 1, 1, 3, 4, 5, 42, 3, 5, 3, 3, 
82: 43, 1, 0, 0, 3, 2, 0, 0, 1, 0, 0, 1, 0, 0, 0, 3, 40, 3, 4, 40, 0, 1, 4, 1, 3, 0, 44, 0, 0, 0, 0, 0, 5, 0, 0, 1, 0, 5, 4, 1, 4, 0, 0, 2, 5, 0, 2, 0, 0, 1, 2, 0, 3, 2, 2, 1, 0, 0, 0, 5, 0, 4, 0, 1, 0, 2, 0, 2, 3, 0, 3, 3, 0, 0, 0, 40, 0, 0, 0, 0, 0, 0, 0, 0, 0, 0, 5, 0, 5, 0, 5, 2, 0, 0, 0, 5, 0, 43, 0, 0, 0, 2, 0, 0, 0, 2, 3, 44, 1, 1, 0, 0, 0, 44, 5, 0, 0, 1, 41, 0, : 43, 1, 3, 2, 1, 1, 3, 40, 3, 4, 40, 1, 4, 1, 3, 44, 5, 1, 5, 4, 1, 4, 2, 5, 2, 1, 2, 3, 2, 2, 1, 5, 4, 1, 2, 2, 3, 3, 3, 40, 5, 5, 5, 2, 5, 43, 2, 2, 3, 44, 1, 1, 44, 5, 1, 41, 
40: 0, 0, 0, 0, 3, 3, 5, 0, 2, 0, 3, 41, 44, 0, 0, 0, 2, 1, 0, 2, 0, 2, 3, 5, 1, 4, 4, 4, 3, 42, 2, 2, 4, 0, 1, 0, 0, 0, 0, 0, 0, 0, 0, 0, 0, 44, 4, 4, 0, 2, 0, 4, 0, 4, 40, 1, 1, 0, 0, 0, 2, 5, 0, 0, 0, 0, 0, 3, 0, 0, 0, 0, 2, 0, 43, 0, 3, 0, 1, 0, 2, 0, 41, 0, 0, 0, 44, 3, 4, 5, 0, 0, 0, 5, 0, 5, 0, 5, 43, 0, 5, 5, 0, 5, 4, 3, 5, 0, 0, 1, 3, 0, 43, 0, 3, 0, 1, 42, 0, 2, : 3, 3, 5, 2, 3, 41, 44, 2, 1, 2, 2, 3, 5, 1, 4, 4, 4, 3, 42, 2, 2, 4, 1, 44, 4, 4, 2, 4, 4, 40, 1, 1, 2, 5, 3, 2, 43, 3, 1, 2, 41, 44, 3, 4, 5, 5, 5, 5, 43, 5, 5, 5, 4, 3, 5, 1, 3, 43, 3, 1, 42, 2, 
73: 5, 0, 0, 0, 0, 3, 0, 4, 0, 1, 1, 43, 40, 0, 5, 4, 0, 5, 2, 0, 40, 1, 0, 1, 1, 1, 0, 0, 3, 5, 0, 0, 0, 1, 2, 3, 5, 0, 0, 3, 0, 0, 0, 3, 5, 0, 3, 0, 0, 1, 5, 5, 0, 0, 5, 4, 1, 2, 0, 3, 0, 0, 0, 0, 44, 0, 0, 1, 0, 4, 0, 0, 40, 1, 0, 0, 4, 4, 3, 3, 0, 0, 5, 0, 3, 5, 0, 3, 0, 2, 0, 0, 2, 44, 4, 0, 1, 4, 0, 3, 0, 5, 0, 0, 3, 0, 0, 3, 3, 44, 3, 0, 0, 1, 3, 1, 2, 5, 0, 4, : 5, 3, 4, 1, 1, 43, 40, 5, 4, 5, 2, 40, 1, 1, 1, 1, 3, 5, 1, 2, 3, 5, 3, 3, 5, 3, 1, 5, 5, 5, 4, 1, 2, 3, 44, 1, 4, 40, 1, 4, 4, 3, 3, 5, 3, 5, 3, 2, 2, 44, 4, 1, 4, 3, 5, 3, 3, 3, 44, 3, 1, 3, 1, 2, 5, 4, 
3: 0, 0, 0, 4, 0, 1, 4, 0, 2, 0, 2, 1, 0, 4, 0, 3, 44, 4, 0, 1, 4, 1, 0, 5, 3, 0, 1, 4, 2, 3, 0, 0, 0, 0, 0, 0, 1, 0, 0, 0, 0, 5, 0, 0, 0, 0, 4, 2, 0, 41, 0, 0, 0, 3, 0, 0, 2, 0, 0, 1, 3, 0, 0, 3, 0, 0, 2, 2, 0, 4, 0, 0, 42, 1, 0, 0, 0, 2, 0, 0, 0, 1, 4, 5, 3, 1, 0, 0, 5, 0, 5, 0, 0, 1, 1, 42, 0, 0, 41, 0, 0, 1, 0, 0, 0, 0, 1, 0, 2, 1, 1, 1, 3, 0, 41, 2, 0, 0, 5, 0, : 4, 1, 4, 2, 2, 1, 4, 3, 44, 4, 1, 4, 1, 5, 3, 1, 4, 2, 3, 1, 5, 4, 2, 41, 3, 2, 1, 3, 3, 2, 2, 4, 42, 1, 2, 1, 4, 5, 3, 1, 5, 5, 1, 1, 42, 41, 1, 1, 2, 1, 1, 1, 3, 41, 2, 5, 
43: 0, 2, 0, 0, 0, 0, 0, 2, 1, 0, 0, 1, 0, 0, 2, 5, 0, 1, 0, 3, 2, 42, 0, 2, 2, 2, 0, 0, 5, 0, 3, 4, 0, 4, 5, 0, 0, 3, 0, 0, 4, 42, 0, 0, 0, 3, 5, 4, 0, 0, 2, 2, 0, 0, 0, 0, 0, 0, 0, 40, 0, 1, 2, 1, 0, 4, 4, 1, 0, 0, 0, 0, 0, 0, 5, 5, 0, 5, 1, 0, 0, 0, 0, 3, 4, 0, 3, 43, 0, 1, 40, 0, 1, 4, 4, 0, 0, 1, 0, 0, 0, 0, 0, 2, 0, 0, 1, 1, 0, 0, 0, 2, 0, 0, 0, 0, 0, 0, 0, 5, : 2, 2, 1, 1, 2, 5, 1, 3, 2, 42, 2, 2, 2, 5, 3, 4, 4, 5, 3, 4, 42, 3, 5, 4, 2, 2, 40, 1, 2, 1, 4, 4, 1, 5, 5, 5, 1, 3, 4, 3, 43, 1, 40, 1, 4, 4, 1, 2, 1, 1, 2, 5, 
114: 0, 3, 0, 0, 0, 2, 4, 4, 0, 0, 0, 0, 0, 0, 1, 0, 1, 3, 0, 0, 0, 1, 0, 0, 0, 0, 42, 0, 42, 0, 0, 0, 4, 0, 1, 0, 0, 0, 0, 0, 1, 0, 0, 0, 0, 2, 0, 4, 0, 5, 0, 1, 4, 0, 0, 0, 5, 2, 0, 2, 2, 0, 0, 0, 0, 1, 0, 4, 0, 0, 0, 0, 0, 0, 2, 0, 5, 3, 4, 0, 5, 0, 3, 0, 40, 0, 0, 2, 2, 0, 43, 0, 0, 3, 0, 3, 0, 0, 0, 0, 0, 0, 3, 0, 0, 44, 0, 0, 0, 0, 4, 2, 0, 0, 2, 0, 0, 0, 0, 0, : 3, 2, 4, 4, 1, 1, 3, 1, 42, 42, 4, 1, 1, 2, 4, 5, 1, 4, 5, 2, 2, 2, 1, 4, 2, 5, 3, 4, 5, 3, 40, 2, 2, 43, 3, 3, 3, 44, 4, 2, 2, 
110: 1, 0, 0, 0, 4, 2, 0, 0, 0, 2, 0, 3, 0, 0, 0, 0, 0, 0, 1, 0, 0, 0, 0, 0, 0, 1, 4, 3, 0, 4, 42, 0, 0, 5, 5, 0, 3, 0, 0, 4, 40, 0, 3, 0, 0, 5, 0, 4, 0, 0, 5, 1, 0, 43, 4, 4, 2, 0, 0, 1, 0, 2, 0, 0, 0, 0, 0, 2, 5, 1, 0, 0, 4, 0, 0, 0, 0, 1, 0, 0, 0, 0, 0, 2, 0, 44, 3, 0, 2, 0, 0, 2, 0, 5, 4, 1, 1, 3, 0, 3, 3, 1, 0, 0, 0, 5, 0, 41, 2, 0, 0, 2, 4, 0, 1, 5, 2, 0, 4, 5, : 1, 4, 2, 2, 3, 1, 1, 4, 3, 4, 42, 5, 5, 3, 4, 40, 3, 5, 4, 5, 1, 43, 4, 4, 2, 1, 2, 2, 5, 1, 4, 1, 2, 44, 3, 2, 2, 5, 4, 1, 1, 3, 3, 3, 1, 5, 41, 2, 2, 4, 1, 5, 2, 4, 5, 
48: 0, 0, 2, 2, 0, 0, 2, 43, 0, 1, 0, 3, 0, 4, 2, 0, 2, 0, 0, 43, 0, 1, 0, 0, 5, 4, 1, 0, 0, 5, 0, 3, 0, 0, 0, 0, 41, 0, 0, 3, 44, 2, 0, 3, 4, 0, 2, 0, 0, 1, 0, 0, 0, 0, 4, 5, 0, 5, 0, 0, 0, 1, 1, 0, 0, 42, 0, 3, 5, 0, 3, 0, 0, 3, 0, 5, 0, 0, 0, 3, 0, 0, 42, 0, 1, 3, 0, 5, 0, 1, 0, 3, 0, 2, 0, 5, 0, 3, 4, 3, 4, 3, 2, 0, 0, 40, 2, 4, 1, 0, 0, 3, 0, 1, 3, 0, 0, 0, 42, 4, : 2, 2, 2, 43, 1, 3, 4, 2, 2, 43, 1, 5, 4, 1, 5, 3, 41, 3, 44, 2, 3, 4, 2, 1, 4, 5, 5, 1, 1, 42, 3, 5, 3, 3, 5, 3, 42, 1, 3, 5, 1, 3, 2, 5, 3, 4, 3, 4, 3, 2, 40, 2, 4, 1, 3, 1, 3, 42, 4, 
54: 0, 1, 2, 0, 3, 43, 0, 0, 0, 5, 4, 1, 0, 0, 0, 3, 5, 0, 4, 0, 0, 5, 0, 3, 0, 3, 0, 2, 2, 0, 0, 0, 4, 2, 0, 5, 0, 0, 0, 4, 0, 5, 2, 0, 0, 0, 5, 1, 0, 4, 0, 0, 0, 3, 0, 0, 0, 43, 0, 4, 5, 0, 4, 1, 2, 1, 0, 0, 0, 0, 0, 0, 0, 0, 0, 3, 0, 2, 0, 1, 0, 1, 0, 4, 4, 4, 0, 0, 0, 4, 0, 1, 2, 0, 0, 5, 2, 3, 0, 0, 1, 4, 0, 0, 41, 0, 0, 2, 42, 0, 4, 1, 5, 0, 1, 4, 1, 4, 0, 3, : 1, 2, 3, 43, 5, 4, 1, 3, 5, 4, 5, 3, 3, 2, 2, 4, 2, 5, 4, 5, 2, 5, 1, 4, 3, 43, 4, 5, 4, 1, 2, 1, 3, 2, 1, 1, 4, 4, 4, 4, 1, 2, 5, 2, 3, 1, 4, 41, 2, 42, 4, 1, 5, 1, 4, 1, 4, 3, 
16: 0, 0, 0, 4, 0, 0, 3, 2, 0, 0, 0, 5, 4, 0, 1, 0, 0, 2, 5, 4, 0, 2, 0, 41, 4, 0, 0, 1, 1, 0, 0, 3, 4, 0, 0, 0, 0, 0, 0, 42, 5, 1, 5, 0, 4, 5, 4, 0, 2, 0, 2, 3, 1, 1, 2, 0, 4, 4, 41, 5, 40, 5, 4, 0, 0, 5, 0, 4, 3, 0, 0, 0, 0, 3, 5, 4, 3, 1, 3, 0, 0, 5, 0, 0, 0, 0, 2, 0, 0, 3, 0, 0, 0, 2, 0, 2, 2, 0, 0, 0, 2, 3, 0, 0, 4, 0, 2, 1, 0, 0, 0, 0, 0, 5, 0, 2, 4, 3, 0, 0, : 4, 3, 2, 5, 4, 1, 2, 5, 4, 2, 41, 4, 1, 1, 3, 4, 42, 5, 1, 5, 4, 5, 4, 2, 2, 3, 1, 1, 2, 4, 4, 41, 5, 40, 5, 4, 5, 4, 3, 3, 5, 4, 3, 1, 3, 5, 2, 3, 2, 2, 2, 2, 3, 4, 2, 1, 5, 2, 4, 3, 
89: 2, 0, 2, 0, 5, 3, 0, 43, 0, 0, 0, 1, 5, 0, 4, 4, 5, 0, 41, 0, 4, 2, 3, 0, 0, 5, 2, 0, 42, 0, 0, 0, 4, 2, 0, 0, 0, 1, 3, 5, 3, 3, 5, 4, 0, 0, 5, 3, 0, 0, 0, 1, 3, 1, 42, 2, 3, 4, 43, 0, 40, 0, 0, 0, 0, 0, 0, 0, 0, 5, 4, 0, 1, 3, 2, 0, 0, 2, 2, 1, 0, 1, 0, 4, 5, 0, 0, 5, 0, 0, 0, 3, 0, 3, 0, 1, 41, 0, 0, 0, 0, 5, 0, 0, 0, 0, 3, 0, 1, 40, 1, 0, 4, 0, 0, 0, 3, 3, 2, 0, : 2, 2, 5, 3, 43, 1, 5, 4, 4, 5, 41, 4, 2, 3, 5, 2, 42, 4, 2, 1, 3, 5, 3, 3, 5, 4, 5, 3, 1, 3, 1, 42, 2, 3, 4, 43, 40, 5, 4, 1, 3, 2, 2, 2, 1, 1, 4, 5, 5, 3, 3, 1, 41, 5, 3, 1, 40, 1, 4, 3, 3, 2, 
2: 0, 2, 0, 0, 5, 3, 0, 0, 0, 0, 0, 44, 0, 0, 0, 1, 1, 5, 1, 0, 2, 0, 0, 3, 43, 5, 41, 0, 4, 0, 0, 1, 3, 5, 0, 3, 0, 0, 0, 0, 3, 0, 0, 1, 0, 1, 40, 2, 2, 0, 0, 3, 0, 3, 5, 1, 4, 1, 3, 1, 5, 1, 0, 0, 3, 0, 0, 0, 4, 0, 0, 0, 0, 0, 0, 2, 3, 0, 3, 0, 0, 1, 0, 0, 4, 0, 0, 0, 0, 0, 0, 0, 0, 0, 0, 3, 0, 5, 0, 1, 0, 2, 44, 0, 0, 3, 0, 0, 0, 0, 1, 5, 0, 0, 2, 2, 0, 0, 0, 4, : 2, 5, 3, 44, 1, 1, 5, 1, 2, 3, 43, 5, 41, 4, 1, 3, 5, 3, 3, 1, 1, 40, 2, 2, 3, 3, 5, 1, 4, 1, 3, 1, 5, 1, 3, 4, 2, 3, 3, 1, 4, 3, 5, 1, 2, 44, 3, 1, 5, 2, 2, 4, 
91: 0, 42, 0, 0, 0, 2, 0, 0, 0, 1, 0, 3, 0, 1, 0, 44, 0, 4, 0, 5, 3, 3, 0, 0, 0, 1, 5, 0, 0, 0, 5, 5, 0, 0, 3, 3, 4, 0, 0, 41, 3, 0, 0, 40, 0, 0, 4, 5, 0, 0, 0, 0, 0, 5, 0, 0, 0, 0, 0, 0, 4, 0, 0, 2, 0, 1, 0, 0, 0, 0, 0, 1, 0, 0, 0, 0, 0, 0, 4, 2, 0, 5, 3, 1, 5, 0, 0, 0, 4, 0, 0, 5, 0, 1, 3, 2, 4, 1, 2, 44, 0, 3, 0, 3, 41, 4, 5, 44, 1, 4, 2, 2, 0, 4, 0, 5, 3, 0, 5, 0, : 42, 2, 1, 3, 1, 44, 4, 5, 3, 3, 1, 5, 5, 5, 3, 3, 4, 41, 3, 40, 4, 5, 5, 4, 2, 1, 1, 4, 2, 5, 3, 1, 5, 4, 5, 1, 3, 2, 4, 1, 2, 44, 3, 3, 41, 4, 5, 44, 1, 4, 2, 2, 4, 5, 3, 5, 
47: 0, 0, 3, 0, 0, 5, 41, 0, 4, 0, 40, 2, 0, 43, 2, 1, 0, 0, 2, 1, 0, 4, 0, 0, 1, 0, 0, 0, 1, 1, 0, 0, 5, 40, 4, 43, 0, 0, 43, 3, 0, 0, 0, 0, 0, 0, 5, 0, 0, 0, 0, 2, 0, 5, 0, 0, 0, 0, 0, 0, 0, 0, 3, 2, 4, 0, 5, 0, 3, 3, 0, 1, 0, 3, 3, 4, 2, 3, 43, 0, 2, 41, 2, 3, 0, 0, 43, 0, 2, 0, 3, 3, 0, 1, 41, 3, 0, 0, 0, 5, 0, 0, 0, 4, 42, 0, 5, 0, 0, 0, 5, 0, 0, 4, 0, 3, 0, 0, 0, 1, : 3, 5, 41, 4, 40, 2, 43, 2, 1, 2, 1, 4, 1, 1, 1, 5, 40, 4, 43, 43, 3, 5, 2, 5, 3, 2, 4, 5, 3, 3, 1, 3, 3, 4, 2, 3, 43, 2, 41, 2, 3, 43, 2, 3, 3, 1, 41, 3, 5, 4, 42, 5, 5, 4, 3, 1, 
119: 3, 0, 0, 0, 2, 4, 0, 0, 0, 1, 0, 4, 0, 0, 44, 0, 2, 0, 0, 0, 0, 3, 4, 41, 2, 3, 5, 2, 0, 0, 1, 44, 5, 2, 0, 0, 0, 0, 0, 0, 2, 1, 5, 3, 0, 2, 0, 3, 0, 5, 5, 41, 2, 5, 5, 1, 3, 0, 4, 1, 2, 1, 4, 1, 1, 0, 0, 5, 3, 0, 0, 0, 0, 0, 0, 1, 0, 1, 5, 2, 42, 5, 0, 0, 2, 0, 0, 0, 5, 0, 0, 2, 3, 0, 0, 0, 0, 0, 5, 0, 2, 0, 0, 1, 0, 5, 0, 5, 0, 2, 0, 0, 3, 2, 0, 3, 0, 1, 0, 0, : 3, 2, 4, 1, 4, 44, 2, 3, 4, 41, 2, 3, 5, 2, 1, 44, 5, 2, 2, 1, 5, 3, 2, 3, 5, 5, 41, 2, 5, 5, 1, 3, 4, 1, 2, 1, 4, 1, 1, 5, 3, 1, 1, 5, 2, 42, 5, 2, 5, 2, 3, 5, 2, 1, 5, 5, 2, 3, 2, 3, 1, 
55: 0, 1, 5, 0, 0, 0, 2, 0, 0, 0, 0, 0, 2, 0, 2, 0, 0, 2, 0, 0, 0, 1, 0, 3, 0, 0, 42, 0, 4, 0, 43, 0, 0, 0, 1, 0, 0, 44, 0, 0, 5, 0, 0, 0, 0, 3, 5, 0, 0, 0, 0, 0, 0, 4, 0, 0, 0, 0, 0, 0, 0, 0, 0, 0, 0, 0, 3, 44, 1, 0, 0, 0, 4, 0, 5, 0, 5, 0, 43, 5, 0, 0, 2, 0, 4, 0, 0, 0, 0, 41, 0, 1, 3, 2, 0, 0, 5, 0, 5, 0, 0, 1, 0, 0, 0, 0, 4, 5, 0, 1, 4, 0, 0, 1, 4, 2, 3, 2, 2, 2, : 1, 5, 2, 2, 2, 2, 1, 3, 42, 4, 43, 1, 44, 5, 3, 5, 4, 3, 44, 1, 4, 5, 5, 43, 5, 2, 4, 41, 1, 3, 2, 5, 5, 1, 4, 5, 1, 4, 1, 4, 2, 3, 2, 2, 2, 
94: 5, 1, 0, 1, 5, 0, 0, 5, 0, 0, 3, 5, 3, 0, 4, 0, 0, 0, 5, 3, 0, 3, 0, 0, 5, 0, 5, 0, 5, 40, 0, 0, 5, 0, 3, 1, 0, 0, 0, 0, 0, 5, 4, 4, 0, 0, 0, 0, 0, 4, 3, 2, 0, 0, 5, 3, 4, 1, 3, 4, 0, 0, 43, 4, 5, 0, 0, 2, 0, 0, 42, 40, 0, 2, 0, 5, 3, 2, 0, 0, 5, 40, 0, 1, 0, 40, 1, 0, 0, 0, 40, 0, 0, 5, 0, 44, 5, 3, 0, 0, 5, 0, 0, 0, 0, 3, 5, 5, 3, 2, 1, 0, 0, 0, 3, 41, 0, 1, 0, 1, : 5, 1, 1, 5, 5, 3, 5, 3, 4, 5, 3, 3, 5, 5, 5, 40, 5, 3, 1, 5, 4, 4, 4, 3, 2, 5, 3, 4, 1, 3, 4, 43, 4, 5, 2, 42, 40, 2, 5, 3, 2, 5, 40, 1, 40, 1, 40, 5, 44, 5, 3, 5, 3, 5, 5, 3, 2, 1, 3, 41, 1, 1, 
120: 0, 5, 3, 0, 0, 2, 1, 3, 40, 0, 0, 0, 0, 0, 0, 5, 2, 4, 4, 4, 0, 4, 0, 5, 4, 0, 3, 1, 0, 0, 0, 0, 0, 2, 0, 1, 3, 5, 0, 1, 0, 5, 0, 4, 0, 43, 0, 2, 4, 1, 1, 5, 0, 4, 1, 0, 3, 0, 0, 0, 0, 0, 0, 0, 0, 3, 0, 5, 1, 0, 0, 0, 0, 0, 0, 0, 0, 0, 1, 0, 0, 0, 0, 4, 0, 0, 4, 43, 0, 0, 0, 0, 5, 3, 0, 0, 2, 0, 0, 0, 0, 43, 0, 0, 0, 0, 1, 0, 0, 0, 5, 1, 0, 0, 0, 0, 0, 0, 0, 1, : 5, 3, 2, 1, 3, 40, 5, 2, 4, 4, 4, 4, 5, 4, 3, 1, 2, 1, 3, 5, 1, 5, 4, 43, 2, 4, 1, 1, 5, 4, 1, 3, 3, 5, 1, 1, 4, 4, 43, 5, 3, 2, 43, 1, 5, 1, 1, 
103: 1, 2, 0, 0, 0, 0, 1, 0, 0, 3, 4, 1, 5, 0, 1, 0, 4, 5, 0, 0, 0, 0, 0, 0, 43, 1, 0, 0, 4, 0, 0, 1, 2, 0, 0, 0, 0, 4, 0, 0, 4, 0, 0, 0, 0, 0, 0, 0, 0, 0, 4, 4, 0, 0, 41, 2, 5, 3, 0, 4, 0, 0, 4, 1, 4, 40, 5, 43, 0, 2, 40, 0, 0, 0, 0, 3, 1, 3, 0, 0, 0, 5, 1, 0, 1, 0, 2, 0, 2, 42, 0, 1, 2, 0, 1, 1, 0, 0, 0, 1, 3, 0, 3, 0, 0, 44, 0, 5, 2, 1, 0, 0, 0, 2, 0, 0, 2, 0, 0, 1, : 1, 2, 1, 3, 4, 1, 5, 1, 4, 5, 43, 1, 4, 1, 2, 4, 4, 4, 4, 41, 2, 5, 3, 4, 4, 1, 4, 40, 5, 43, 2, 40, 3, 1, 3, 5, 1, 1, 2, 2, 42, 1, 2, 1, 1, 1, 3, 3, 44, 5, 2, 1, 2, 2, 1, 
45: 0, 5, 0, 0, 0, 0, 0, 0, 4, 2, 44, 2, 0, 0, 0, 0, 41, 3, 0, 0, 4, 0, 4, 40, 3, 2, 2, 0, 4, 4, 0, 0, 0, 0, 0, 42, 4, 0, 3, 0, 2, 2, 0, 2, 0, 42, 2, 0, 0, 0, 4, 2, 0, 1, 3, 0, 3, 0, 0, 0, 0, 1, 0, 2, 0, 4, 0, 4, 0, 3, 1, 5, 3, 2, 5, 1, 2, 0, 4, 0, 0, 2, 0, 4, 0, 3, 0, 0, 0, 2, 0, 0, 40, 0, 2, 3, 0, 2, 0, 40, 3, 4, 2, 0, 0, 5, 41, 0, 0, 5, 0, 3, 0, 0, 0, 4, 0, 0, 0, 0, : 5, 4, 2, 44, 2, 41, 3, 4, 4, 40, 3, 2, 2, 4, 4, 42, 4, 3, 2, 2, 2, 42, 2, 4, 2, 1, 3, 3, 1, 2, 4, 4, 3, 1, 5, 3, 2, 5, 1, 2, 4, 2, 4, 3, 2, 40, 2, 3, 2, 40, 3, 4, 2, 5, 41, 5, 3, 4, 
95: 4, 4, 43, 5, 0, 1, 41, 1, 41, 0, 0, 3, 0, 0, 0, 5, 0, 5, 2, 0, 3, 3, 40, 3, 3, 5, 5, 0, 3, 0, 4, 2, 2, 0, 2, 0, 2, 0, 0, 0, 0, 41, 0, 0, 41, 0, 0, 5, 0, 0, 0, 0, 4, 1, 0, 5, 0, 0, 0, 0, 0, 0, 0, 5, 0, 0, 0, 0, 2, 5, 0, 0, 0, 2, 2, 1, 0, 0, 0, 1, 0, 4, 0, 0, 0, 3, 1, 0, 3, 1, 4, 0, 0, 3, 1, 4, 0, 2, 0, 5, 0, 0, 5, 0, 5, 5, 0, 0, 43, 0, 3, 0, 1, 0, 0, 5, 4, 0, 0, 3, : 4, 4, 43, 5, 1, 41, 1, 41, 3, 5, 5, 2, 3, 3, 40, 3, 3, 5, 5, 3, 4, 2, 2, 2, 2, 41, 41, 5, 4, 1, 5, 5, 2, 5, 2, 2, 1, 1, 4, 3, 1, 3, 1, 4, 3, 1, 4, 2, 5, 5, 5, 5, 43, 3, 1, 5, 4, 3, 
101: 4, 3, 0, 3, 2, 5, 0, 1, 0, 1, 3, 2, 0, 4, 0, 1, 0, 4, 5, 4, 0, 3, 0, 0, 1, 0, 0, 0, 4, 0, 5, 0, 0, 0, 3, 3, 0, 0, 44, 3, 0, 3, 0, 4, 0, 0, 0, 40, 0, 0, 0, 0, 2, 0, 4, 0, 5, 0, 0, 0, 5, 2, 0, 0, 0, 1, 0, 0, 1, 0, 0, 2, 0, 4, 0, 0, 0, 2, 0, 0, 1, 0, 0, 0, 4, 1, 3, 0, 4, 5, 0, 0, 2, 2, 2, 4, 0, 5, 0, 0, 0, 4, 0, 0, 0, 0, 2, 0, 4, 0, 3, 5, 0, 0, 40, 1, 40, 4, 0, 0, : 4, 3, 3, 2, 5, 1, 1, 3, 2, 4, 1, 4, 5, 4, 3, 1, 4, 5, 3, 3, 44, 3, 3, 4, 40, 2, 4, 5, 5, 2, 1, 1, 2, 4, 2, 1, 4, 1, 3, 4, 5, 2, 2, 2, 4, 5, 4, 2, 4, 3, 5, 40, 1, 40, 4, 
70: 0, 2, 5, 0, 0, 0, 2, 0, 43, 0, 0, 3, 0, 0, 40, 0, 0, 3, 0, 4, 4, 2, 0, 0, 5, 0, 4, 0, 4, 3, 0, 0, 0, 0, 1, 4, 0, 2, 3, 0, 3, 4, 0, 43, 44, 0, 3, 0, 1, 4, 3, 3, 1, 40, 0, 0, 2, 3, 1, 0, 5, 4, 0, 5, 42, 0, 0, 1, 4, 41, 0, 0, 1, 0, 0, 1, 0, 4, 0, 0, 4, 2, 1, 42, 42, 0, 2, 0, 0, 0, 0, 0, 0, 0, 0, 4, 1, 3, 42, 0, 1, 43, 2, 4, 42, 1, 0, 43, 1, 0, 43, 3, 0, 4, 3, 1, 1, 2, 0, 3, : 2, 5, 2, 43, 3, 40, 3, 4, 4, 2, 5, 4, 4, 3, 1, 4, 2, 3, 3, 4, 43, 44, 3, 1, 4, 3, 3, 1, 40, 2, 3, 1, 5, 4, 5, 42, 1, 4, 41, 1, 1, 4, 4, 2, 1, 42, 42, 2, 4, 1, 3, 42, 1, 43, 2, 4, 42, 1, 43, 1, 43, 3, 4, 3, 1, 1, 2, 3, 
111: 0, 4, 42, 5, 0, 0, 0, 0, 0, 42, 0, 5, 3, 0, 1, 0, 5, 5, 3, 0, 0, 0, 5, 5, 2, 0, 43, 5, 3, 0, 0, 0, 0, 2, 0, 0, 3, 42, 0, 5, 0, 0, 42, 0, 1, 0, 2, 3, 5, 40, 0, 0, 0, 5, 5, 0, 5, 0, 0, 5, 3, 0, 4, 0, 0, 2, 0, 0, 5, 0, 1, 3, 4, 0, 0, 0, 3, 0, 42, 1, 5, 1, 0, 41, 5, 0, 0, 1, 0, 0, 0, 0, 2, 5, 44, 2, 5, 1, 0, 4, 5, 4, 0, 0, 2, 1, 0, 4, 43, 0, 3, 0, 0, 2, 0, 1, 0, 0, 4, 0, : 4, 42, 5, 42, 5, 3, 1, 5, 5, 3, 5, 5, 2, 43, 5, 3, 2, 3, 42, 5, 42, 1, 2, 3, 5, 40, 5, 5, 5, 5, 3, 4, 2, 5, 1, 3, 4, 3, 42, 1, 5, 1, 41, 5, 1, 2, 5, 44, 2, 5, 1, 4, 5, 4, 2, 1, 4, 43, 3, 2, 1, 4, 
33: 4, 1, 0, 0, 4, 1, 0, 0, 5, 4, 1, 0, 0, 3, 0, 1, 0, 42, 0, 0, 0, 2, 0, 1, 0, 0, 0, 0, 5, 0, 0, 0, 4, 0, 1, 0, 0, 0, 1, 4, 0, 0, 5, 1, 0, 0, 4, 0, 5, 3, 0, 3, 0, 3, 0, 3, 0, 4, 1, 0, 0, 0, 1, 0, 0, 4, 0, 2, 1, 0, 0, 0, 2, 0, 5, 1, 1, 5, 5, 3, 4, 0, 2, 3, 0, 2, 0, 2, 43, 0, 0, 0, 0, 3, 3, 3, 5, 0, 0, 0, 42, 1, 0, 5, 0, 0, 0, 3, 2, 1, 2, 43, 0, 0, 0, 5, 0, 41, 0, 0, : 4, 1, 4, 1, 5, 4, 1, 3, 1, 42, 2, 1, 5, 4, 1, 1, 4, 5, 1, 4, 5, 3, 3, 3, 3, 4, 1, 1, 4, 2, 1, 2, 5, 1, 1, 5, 5, 3, 4, 2, 3, 2, 2, 43, 3, 3, 3, 5, 42, 1, 5, 3, 2, 1, 2, 43, 5, 41, 
34: 0, 4, 44, 0, 0, 0, 5, 1, 0, 1, 0, 4, 0, 4, 1, 0, 0, 2, 0, 0, 0, 4, 0, 0, 0, 0, 2, 0, 0, 0, 0, 0, 3, 0, 4, 0, 0, 3, 0, 0, 0, 0, 0, 0, 0, 0, 1, 3, 0, 5, 0, 1, 2, 2, 4, 1, 1, 3, 1, 0, 5, 0, 4, 43, 0, 4, 0, 4, 5, 44, 2, 5, 0, 0, 0, 0, 0, 5, 3, 5, 0, 0, 0, 0, 0, 0, 4, 0, 5, 4, 0, 0, 0, 0, 0, 0, 0, 0, 0, 42, 42, 1, 0, 0, 0, 2, 0, 0, 5, 0, 3, 2, 4, 0, 0, 40, 3, 3, 0, 0, : 4, 44, 5, 1, 1, 4, 4, 1, 2, 4, 2, 3, 4, 3, 1, 3, 5, 1, 2, 2, 4, 1, 1, 3, 1, 5, 4, 43, 4, 4, 5, 44, 2, 5, 5, 3, 5, 4, 5, 4, 42, 42, 1, 2, 5, 3, 2, 4, 40, 3, 3, 
77: 2, 4, 0, 0, 43, 0, 0, 0, 43, 3, 5, 2, 0, 0, 0, 1, 4, 1, 0, 2, 0, 1, 2, 1, 0, 0, 1, 0, 1, 5, 0, 0, 0, 2, 0, 2, 0, 0, 0, 4, 42, 0, 44, 0, 0, 0, 4, 0, 1, 0, 1, 0, 1, 0, 0, 3, 2, 3, 0, 0, 3, 0, 4, 0, 2, 5, 0, 0, 5, 0, 40, 0, 0, 41, 0, 4, 0, 1, 1, 5, 0, 0, 0, 5, 5, 4, 0, 0, 44, 0, 0, 4, 2, 0, 0, 0, 5, 0, 0, 0, 3, 3, 3, 4, 0, 0, 5, 2, 4, 0, 0, 4, 5, 3, 1, 0, 2, 0, 5, 0, : 2, 4, 43, 43, 3, 5, 2, 1, 4, 1, 2, 1, 2, 1, 1, 1, 5, 2, 2, 4, 42, 44, 4, 1, 1, 1, 3, 2, 3, 3, 4, 2, 5, 5, 40, 41, 4, 1, 1, 5, 5, 5, 4, 44, 4, 2, 5, 3, 3, 3, 4, 5, 2, 4, 4, 5, 3, 1, 2, 5, 
61: 0, 2, 0, 0, 0, 0, 3, 3, 1, 1, 2, 2, 4, 2, 1, 0, 3, 2, 5, 0, 0, 3, 0, 1, 4, 1, 0, 2, 3, 4, 0, 0, 0, 0, 0, 0, 0, 0, 0, 4, 1, 0, 0, 1, 0, 0, 0, 1, 44, 0, 0, 0, 0, 4, 0, 3, 0, 5, 3, 3, 0, 0, 43, 0, 2, 3, 0, 0, 0, 2, 0, 0, 2, 1, 0, 1, 0, 0, 5, 2, 0, 1, 0, 5, 44, 0, 43, 2, 0, 2, 5, 44, 0, 2, 1, 2, 5, 0, 0, 40, 1, 1, 4, 0, 1, 3, 4, 1, 0, 0, 0, 4, 0, 0, 0, 0, 0, 0, 0, 0, : 2, 3, 3, 1, 1, 2, 2, 4, 2, 1, 3, 2, 5, 3, 1, 4, 1, 2, 3, 4, 4, 1, 1, 1, 44, 4, 3, 5, 3, 3, 43, 2, 3, 2, 2, 1, 1, 5, 2, 1, 5, 44, 43, 2, 2, 5, 44, 2, 1, 2, 5, 40, 1, 1, 4, 1, 3, 4, 1, 4, 
25: 0, 0, 0, 4, 5, 43, 0, 1, 44, 44, 1, 0, 5, 0, 1, 0, 0, 1, 3, 3, 0, 3, 2, 0, 0, 0, 0, 0, 4, 0, 0, 0, 2, 0, 5, 0, 0, 2, 0, 3, 0, 4, 0, 1, 0, 0, 0, 2, 0, 0, 1, 5, 0, 0, 0, 4, 0, 4, 0, 0, 2, 0, 4, 0, 2, 0, 5, 0, 3, 0, 0, 2, 41, 4, 0, 0, 4, 0, 0, 4, 0, 0, 0, 4, 41, 0, 0, 0, 43, 0, 0, 0, 1, 0, 4, 2, 1, 4, 0, 0, 3, 41, 0, 0, 0, 0, 0, 0, 1, 41, 0, 1, 2, 1, 0, 5, 5, 4, 0, 4, : 4, 5, 43, 1, 44, 44, 1, 5, 1, 1, 3, 3, 3, 2, 4, 2, 5, 2, 3, 4, 1, 2, 1, 5, 4, 4, 2, 4, 2, 5, 3, 2, 41, 4, 4, 4, 4, 41, 43, 1, 4, 2, 1, 4, 3, 41, 1, 41, 1, 2, 1, 5, 5, 4, 4, 
13: 0, 0, 0, 0, 42, 42, 0, 0, 1, 5, 5, 0, 5, 2, 0, 0, 0, 1, 2, 2, 3, 3, 0, 4, 0, 0, 0, 0, 0, 0, 0, 0, 0, 0, 0, 0, 0, 0, 0, 0, 5, 1, 0, 0, 0, 0, 0, 4, 0, 0, 0, 5, 1, 4, 0, 4, 5, 42, 40, 4, 5, 3, 0, 0, 0, 0, 43, 5, 5, 0, 1, 0, 0, 3, 0, 0, 4, 0, 4, 0, 1, 0, 2, 4, 5, 4, 4, 0, 0, 4, 0, 3, 0, 3, 0, 0, 0, 0, 0, 0, 0, 0, 3, 5, 3, 1, 0, 3, 5, 0, 0, 5, 0, 0, 41, 2, 1, 2, 3, 4, : 42, 42, 1, 5, 5, 5, 2, 1, 2, 2, 3, 3, 4, 5, 1, 4, 5, 1, 4, 4, 5, 42, 40, 4, 5, 3, 43, 5, 5, 1, 3, 4, 4, 1, 2, 4, 5, 4, 4, 4, 3, 3, 3, 5, 3, 1, 3, 5, 5, 41, 2, 1, 2, 3, 4, 
5: 0, 0, 0, 4, 0, 0, 4, 3, 0, 0, 2, 1, 0, 44, 1, 0, 1, 4, 2, 42, 0, 43, 0, 2, 3, 5, 0, 0, 3, 0, 44, 42, 0, 0, 0, 1, 0, 0, 2, 1, 0, 1, 0, 4, 0, 0, 3, 0, 0, 0, 0, 2, 1, 4, 3, 0, 0, 0, 41, 5, 0, 0, 0, 1, 0, 0, 0, 3, 0, 4, 0, 0, 0, 5, 4, 0, 0, 5, 0, 0, 0, 0, 2, 0, 3, 0, 3, 0, 0, 0, 1, 0, 0, 2, 3, 5, 3, 0, 3, 3, 5, 1, 0, 43, 0, 0, 2, 0, 0, 1, 5, 0, 3, 0, 0, 1, 4, 5, 5, 42, : 4, 4, 3, 2, 1, 44, 1, 1, 4, 2, 42, 43, 2, 3, 5, 3, 44, 42, 1, 2, 1, 1, 4, 3, 2, 1, 4, 3, 41, 5, 1, 3, 4, 5, 4, 5, 2, 3, 3, 1, 2, 3, 5, 3, 3, 3, 5, 1, 43, 2, 1, 5, 3, 1, 4, 5, 5, 42, 
62: 0, 0, 0, 43, 0, 0, 2, 42, 0, 0, 0, 2, 4, 0, 3, 2, 4, 2, 4, 0, 0, 5, 0, 1, 4, 0, 0, 4, 0, 5, 0, 4, 0, 0, 1, 3, 44, 44, 1, 3, 5, 5, 0, 4, 1, 0, 5, 4, 0, 0, 0, 1, 0, 0, 0, 0, 2, 4, 0, 0, 1, 44, 2, 2, 5, 2, 4, 2, 4, 0, 0, 1, 0, 1, 0, 2, 0, 3, 5, 0, 0, 5, 1, 0, 5, 2, 0, 0, 5, 3, 0, 0, 5, 1, 5, 5, 1, 4, 0, 2, 4, 4, 0, 0, 3, 0, 0, 0, 0, 0, 4, 2, 3, 5, 3, 41, 0, 1, 0, 4, : 43, 2, 42, 2, 4, 3, 2, 4, 2, 4, 5, 1, 4, 4, 5, 4, 1, 3, 44, 44, 1, 3, 5, 5, 4, 1, 5, 4, 1, 2, 4, 1, 44, 2, 2, 5, 2, 4, 2, 4, 1, 1, 2, 3, 5, 5, 1, 5, 2, 5, 3, 5, 1, 5, 5, 1, 4, 2, 4, 4, 3, 4, 2, 3, 5, 3, 41, 1, 4, 
36: 0, 0, 0, 0, 0, 0, 0, 0, 0, 40, 0, 5, 5, 0, 5, 0, 0, 0, 0, 0, 0, 0, 0, 44, 0, 2, 0, 0, 5, 0, 5, 0, 0, 0, 4, 0, 1, 2, 4, 0, 0, 0, 44, 0, 4, 0, 0, 41, 0, 4, 0, 5, 2, 1, 0, 4, 4, 40, 0, 0, 0, 0, 0, 0, 0, 0, 0, 3, 4, 0, 0, 0, 0, 4, 4, 0, 4, 2, 2, 0, 0, 0, 0, 0, 0, 0, 0, 0, 1, 0, 0, 2, 0, 2, 5, 0, 0, 0, 4, 3, 1, 0, 4, 3, 0, 5, 40, 3, 2, 0, 1, 1, 0, 0, 1, 1, 1, 0, 2, 2, : 40, 5, 5, 5, 44, 2, 5, 5, 4, 1, 2, 4, 44, 4, 41, 4, 5, 2, 1, 4, 4, 40, 3, 4, 4, 4, 4, 2, 2, 1, 2, 2, 5, 4, 3, 1, 4, 3, 5, 40, 3, 2, 1, 1, 1, 1, 1, 2, 2, 
115: 0, 0, 0, 0, 0, 5, 5, 5, 0, 3, 1, 0, 0, 0, 3, 3, 4, 0, 0, 0, 0, 41, 42, 0, 0, 2, 1, 0, 0, 0, 5, 0, 5, 0, 5, 2, 0, 1, 0, 1, 3, 2, 1, 41, 0, 0, 3, 0, 1, 2, 4, 0, 1, 4, 1, 1, 4, 2, 0, 0, 5, 0, 2, 0, 5, 3, 0, 1, 0, 0, 0, 41, 0, 41, 40, 0, 4, 0, 0, 40, 2, 42, 40, 2, 5, 3, 5, 0, 5, 1, 5, 0, 0, 1, 3, 4, 0, 1, 0, 0, 0, 5, 40, 0, 3, 4, 3, 2, 0, 0, 5, 43, 0, 1, 0, 3, 0, 1, 5, 3, : 5, 5, 5, 3, 1, 3, 3, 4, 41, 42, 2, 1, 5, 5, 5, 2, 1, 1, 3, 2, 1, 41, 3, 1, 2, 4, 1, 4, 1, 1, 4, 2, 5, 2, 5, 3, 1, 41, 41, 40, 4, 40, 2, 42, 40, 2, 5, 3, 5, 5, 1, 5, 1, 3, 4, 1, 5, 40, 3, 4, 3, 2, 5, 43, 1, 3, 1, 5, 3, 
64: 5, 0, 2, 0, 1, 0, 2, 4, 0, 0, 5, 0, 3, 3, 43, 1, 0, 0, 0, 5, 0, 0, 0, 3, 0, 0, 0, 0, 0, 1, 4, 5, 0, 0, 0, 0, 0, 0, 0, 4, 4, 5, 0, 1, 0, 0, 5, 1, 1, 0, 1, 40, 0, 44, 0, 0, 2, 2, 0, 0, 0, 5, 0, 0, 5, 5, 2, 2, 0, 0, 0, 0, 4, 0, 0, 0, 1, 0, 4, 0, 1, 0, 0, 0, 5, 0, 0, 5, 3, 2, 1, 40, 43, 0, 4, 0, 0, 0, 0, 4, 1, 2, 0, 0, 0, 4, 2, 0, 4, 42, 0, 0, 0, 0, 3, 3, 1, 0, 0, 0, : 5, 2, 1, 2, 4, 5, 3, 3, 43, 1, 5, 3, 1, 4, 5, 4, 4, 5, 1, 5, 1, 1, 1, 40, 44, 2, 2, 5, 5, 5, 2, 2, 4, 1, 4, 1, 5, 5, 3, 2, 1, 40, 43, 4, 4, 1, 2, 4, 2, 4, 42, 3, 3, 1, 
56: 1, 5, 0, 0, 0, 3, 4, 5, 0, 0, 1, 0, 1, 0, 0, 0, 5, 0, 2, 0, 0, 0, 1, 0, 1, 2, 0, 0, 0, 0, 0, 0, 2, 0, 0, 2, 3, 0, 0, 43, 0, 5, 0, 0, 0, 0, 2, 0, 42, 0, 0, 4, 0, 0, 4, 2, 0, 0, 0, 0, 0, 5, 4, 0, 0, 0, 2, 0, 2, 1, 5, 40, 0, 1, 2, 2, 0, 0, 0, 1, 1, 0, 4, 0, 1, 0, 0, 0, 3, 42, 0, 5, 0, 4, 0, 0, 4, 1, 0, 0, 0, 40, 0, 0, 0, 0, 0, 0, 0, 4, 0, 44, 0, 0, 3, 4, 0, 0, 0, 0, : 1, 5, 3, 4, 5, 1, 1, 5, 2, 1, 1, 2, 2, 2, 3, 43, 5, 2, 42, 4, 4, 2, 5, 4, 2, 2, 1, 5, 40, 1, 2, 2, 1, 1, 4, 1, 3, 42, 5, 4, 4, 1, 40, 4, 44, 3, 4, 
11: 0, 3, 0, 0, 41, 5, 2, 5, 0, 0, 3, 2, 2, 0, 0, 0, 0, 3, 1, 0, 0, 3, 0, 0, 1, 0, 0, 5, 0, 0, 0, 2, 4, 0, 0, 2, 2, 0, 0, 0, 0, 0, 2, 5, 1, 0, 0, 0, 0, 0, 0, 3, 2, 0, 0, 1, 0, 0, 0, 2, 0, 0, 0, 0, 0, 2, 0, 0, 0, 0, 0, 0, 0, 0, 0, 0, 3, 0, 1, 3, 3, 2, 0, 2, 0, 4, 0, 0, 4, 0, 0, 4, 1, 4, 0, 5, 0, 0, 2, 1, 5, 4, 0, 4, 5, 0, 1, 4, 4, 0, 3, 0, 0, 41, 3, 0, 1, 5, 0, 0, : 3, 41, 5, 2, 5, 3, 2, 2, 3, 1, 3, 1, 5, 2, 4, 2, 2, 2, 5, 1, 3, 2, 1, 2, 2, 3, 1, 3, 3, 2, 2, 4, 4, 4, 1, 4, 5, 2, 1, 5, 4, 4, 5, 1, 4, 4, 3, 41, 3, 1, 5, 
107: 5, 4, 0, 0, 0, 1, 0, 0, 0, 0, 3, 3, 1, 0, 0, 0, 0, 0, 2, 1, 5, 4, 0, 0, 1, 1, 5, 4, 0, 0, 0, 0, 2, 4, 5, 0, 0, 3, 0, 4, 0, 3, 0, 3, 0, 0, 0, 3, 2, 5, 3, 0, 0, 0, 42, 0, 0, 0, 0, 0, 0, 3, 2, 4, 0, 0, 0, 0, 3, 0, 0, 0, 0, 2, 0, 0, 2, 2, 4, 0, 4, 0, 4, 4, 3, 2, 0, 0, 0, 3, 0, 44, 2, 0, 0, 4, 3, 3, 0, 0, 3, 0, 0, 42, 2, 0, 0, 0, 1, 0, 4, 0, 3, 5, 3, 2, 2, 3, 0, 3, : 5, 4, 1, 3, 3, 1, 2, 1, 5, 4, 1, 1, 5, 4, 2, 4, 5, 3, 4, 3, 3, 3, 2, 5, 3, 42, 3, 2, 4, 3, 2, 2, 2, 4, 4, 4, 4, 3, 2, 3, 44, 2, 4, 3, 3, 3, 42, 2, 1, 4, 3, 5, 3, 2, 2, 3, 3, 
71: 0, 5, 4, 1, 2, 5, 0, 2, 5, 0, 3, 2, 0, 5, 0, 3, 5, 4, 0, 0, 5, 2, 0, 5, 0, 0, 0, 0, 0, 5, 0, 0, 4, 0, 3, 3, 0, 4, 3, 1, 5, 0, 0, 0, 0, 4, 0, 0, 0, 2, 0, 1, 0, 1, 5, 0, 2, 0, 40, 0, 1, 2, 0, 0, 1, 0, 5, 0, 0, 0, 0, 0, 0, 0, 5, 0, 0, 1, 2, 1, 4, 4, 0, 0, 0, 5, 4, 1, 0, 1, 4, 5, 5, 0, 2, 0, 3, 5, 0, 0, 0, 0, 1, 0, 0, 0, 5, 5, 2, 0, 0, 1, 0, 0, 0, 3, 5, 5, 3, 3, : 5, 4, 1, 2, 5, 2, 5, 3, 2, 5, 3, 5, 4, 5, 2, 5, 5, 4, 3, 3, 4, 3, 1, 5, 4, 2, 1, 1, 5, 2, 40, 1, 2, 1, 5, 5, 1, 2, 1, 4, 4, 5, 4, 1, 1, 4, 5, 5, 2, 3, 5, 1, 5, 5, 2, 1, 3, 5, 5, 3, 3, 


