
40
200
120
5

102: 0, 4, 1, 0, 1, 0, 0, 0, 5, 2, 0, 5, 0, 5, 0, 3, 0, 0, 0, 3, 2, 0, 41, 2, 0, 5, 0, 4, 1, 2, 4, 0, 3, 2, 0, 1, 0, 1, 3, 0, : 4, 1, 1, 5, 2, 5, 5, 3, 3, 2, 41, 2, 5, 4, 1, 2, 4, 3, 2, 1, 1, 3, 
42: 0, 42, 1, 0, 0, 0, 3, 0, 3, 3, 3, 2, 0, 5, 2, 0, 4, 0, 0, 5, 3, 3, 5, 0, 0, 41, 4, 5, 2, 0, 0, 0, 0, 0, 5, 1, 0, 2, 4, 3, : 42, 1, 3, 3, 3, 3, 2, 5, 2, 4, 5, 3, 3, 5, 41, 4, 5, 2, 5, 1, 2, 4, 3, 
83: 0, 0, 0, 0, 3, 0, 0, 0, 0, 1, 4, 1, 0, 3, 0, 42, 0, 0, 0, 0, 1, 0, 0, 0, 0, 4, 0, 0, 0, 1, 5, 0, 5, 3, 5, 5, 4, 1, 3, 0, : 3, 1, 4, 1, 3, 42, 1, 4, 1, 5, 5, 3, 5, 5, 4, 1, 3, 
22: 0, 0, 0, 0, 5, 4, 4, 0, 1, 3, 1, 43, 1, 0, 3, 1, 0, 42, 0, 3, 1, 0, 2, 0, 2, 3, 0, 0, 0, 0, 0, 0, 0, 0, 2, 2, 2, 0, 1, 3, : 5, 4, 4, 1, 3, 1, 43, 1, 3, 1, 42, 3, 1, 2, 2, 3, 2, 2, 2, 1, 3, 
108: 5, 2, 0, 2, 0, 1, 4, 0, 0, 4, 3, 0, 0, 4, 0, 0, 0, 2, 42, 1, 0, 1, 0, 0, 0, 0, 0, 1, 3, 1, 4, 4, 5, 1, 1, 0, 1, 4, 5, 4, : 5, 2, 2, 1, 4, 4, 3, 4, 2, 42, 1, 1, 1, 3, 1, 4, 4, 5, 1, 1, 1, 4, 5, 4, 
125: 5, 2, 0, 0, 0, 0, 0, 0, 4, 0, 1, 4, 0, 3, 0, 4, 0, 3, 4, 2, 5, 1, 5, 1, 0, 2, 2, 5, 0, 0, 4, 0, 2, 5, 2, 2, 42, 3, 2, 1, : 5, 2, 4, 1, 4, 3, 4, 3, 4, 2, 5, 1, 5, 1, 2, 2, 5, 4, 2, 5, 2, 2, 42, 3, 2, 1, 
107: 0, 1, 0, 0, 1, 0, 1, 2, 0, 0, 3, 0, 0, 0, 0, 0, 0, 5, 0, 2, 5, 42, 5, 4, 0, 0, 0, 3, 0, 2, 0, 0, 1, 3, 3, 0, 0, 0, 3, 0, : 1, 1, 1, 2, 3, 5, 2, 5, 42, 5, 4, 3, 2, 1, 3, 3, 3, 
93: 0, 0, 1, 0, 3, 1, 0, 0, 1, 3, 2, 0, 0, 5, 0, 1, 5, 2, 2, 5, 5, 0, 0, 0, 0, 3, 0, 3, 4, 5, 0, 0, 2, 2, 0, 5, 0, 4, 3, 0, : 1, 3, 1, 1, 3, 2, 5, 1, 5, 2, 2, 5, 5, 3, 3, 4, 5, 2, 2, 5, 4, 3, 
168: 4, 0, 0, 0, 1, 0, 0, 0, 3, 0, 0, 3, 0, 0, 44, 1, 0, 0, 0, 0, 1, 0, 1, 0, 0, 1, 2, 1, 0, 0, 5, 1, 3, 3, 2, 0, 1, 0, 4, 0, : 4, 1, 3, 3, 44, 1, 1, 1, 1, 2, 1, 5, 1, 3, 3, 2, 1, 4, 
183: 0, 2, 0, 0, 3, 0, 0, 0, 41, 2, 1, 0, 0, 0, 0, 0, 0, 0, 0, 2, 0, 2, 1, 0, 0, 0, 0, 2, 3, 0, 3, 0, 2, 3, 4, 0, 1, 0, 4, 3, : 2, 3, 41, 2, 1, 2, 2, 1, 2, 3, 3, 2, 3, 4, 1, 4, 3, 
171: 0, 0, 0, 0, 0, 0, 0, 0, 0, 0, 5, 0, 2, 1, 4, 0, 1, 0, 5, 3, 1, 0, 2, 4, 0, 4, 0, 0, 0, 4, 5, 0, 0, 0, 2, 5, 0, 0, 0, 3, : 5, 2, 1, 4, 1, 5, 3, 1, 2, 4, 4, 4, 5, 2, 5, 3, 
9: 0, 3, 1, 0, 2, 3, 5, 5, 0, 0, 1, 0, 0, 1, 1, 0, 42, 0, 0, 4, 2, 1, 0, 5, 0, 0, 5, 1, 0, 0, 4, 40, 0, 5, 3, 3, 41, 5, 2, 4, : 3, 1, 2, 3, 5, 5, 1, 1, 1, 42, 4, 2, 1, 5, 5, 1, 4, 40, 5, 3, 3, 41, 5, 2, 4, 
150: 0, 5, 2, 0, 5, 0, 2, 0, 0, 4, 4, 5, 0, 0, 0, 0, 0, 0, 5, 2, 0, 2, 41, 0, 0, 0, 3, 2, 5, 3, 0, 0, 5, 0, 0, 2, 0, 3, 43, 3, : 5, 2, 5, 2, 4, 4, 5, 5, 2, 2, 41, 3, 2, 5, 3, 5, 2, 3, 43, 3, 
132: 0, 0, 0, 3, 0, 0, 1, 0, 2, 0, 1, 0, 1, 3, 0, 3, 0, 2, 0, 0, 0, 0, 0, 0, 0, 0, 4, 3, 3, 3, 4, 0, 4, 0, 0, 2, 0, 4, 3, 2, : 3, 1, 2, 1, 1, 3, 3, 2, 4, 3, 3, 3, 4, 4, 2, 4, 3, 2, 
147: 5, 5, 2, 3, 5, 5, 1, 0, 5, 0, 0, 2, 1, 1, 0, 0, 0, 0, 0, 4, 43, 0, 0, 0, 5, 2, 2, 0, 4, 0, 42, 4, 0, 5, 42, 3, 0, 5, 3, 0, : 5, 5, 2, 3, 5, 5, 1, 5, 2, 1, 1, 4, 43, 5, 2, 2, 4, 42, 4, 5, 42, 3, 5, 3, 
97: 0, 0, 0, 0, 4, 0, 0, 0, 1, 5, 0, 0, 0, 1, 0, 4, 0, 3, 0, 0, 1, 0, 1, 0, 1, 1, 5, 3, 1, 2, 4, 0, 0, 2, 0, 4, 0, 1, 0, 1, : 4, 1, 5, 1, 4, 3, 1, 1, 1, 1, 5, 3, 1, 2, 4, 2, 4, 1, 1, 
37: 0, 0, 1, 43, 3, 0, 5, 5, 0, 0, 0, 0, 1, 0, 0, 1, 3, 0, 0, 4, 3, 2, 0, 0, 0, 1, 0, 1, 2, 2, 4, 5, 0, 0, 3, 0, 0, 2, 2, 3, : 1, 43, 3, 5, 5, 1, 1, 3, 4, 3, 2, 1, 1, 2, 2, 4, 5, 3, 2, 2, 3, 
154: 0, 3, 0, 3, 4, 0, 2, 0, 2, 4, 1, 0, 41, 0, 4, 0, 0, 0, 0, 2, 2, 0, 0, 2, 0, 0, 4, 3, 42, 0, 3, 1, 3, 3, 1, 4, 0, 0, 1, 0, : 3, 3, 4, 2, 2, 4, 1, 41, 4, 2, 2, 2, 4, 3, 42, 3, 1, 3, 3, 1, 4, 1, 
20: 3, 4, 0, 0, 5, 0, 4, 3, 1, 0, 2, 0, 4, 4, 0, 1, 5, 0, 0, 0, 2, 2, 0, 4, 0, 3, 3, 0, 0, 0, 2, 0, 3, 1, 0, 44, 0, 4, 3, 3, : 3, 4, 5, 4, 3, 1, 2, 4, 4, 1, 5, 2, 2, 4, 3, 3, 2, 3, 1, 44, 4, 3, 3, 
39: 0, 1, 0, 0, 5, 0, 2, 2, 2, 0, 2, 2, 0, 0, 0, 0, 0, 0, 0, 0, 0, 0, 1, 0, 3, 4, 3, 2, 3, 0, 0, 5, 2, 4, 3, 0, 0, 0, 0, 2, : 1, 5, 2, 2, 2, 2, 2, 1, 3, 4, 3, 2, 3, 5, 2, 4, 3, 2, 
129: 0, 5, 0, 0, 4, 0, 0, 0, 1, 2, 2, 0, 0, 0, 0, 0, 0, 0, 3, 0, 0, 5, 0, 1, 4, 2, 5, 0, 0, 0, 3, 0, 1, 3, 3, 5, 1, 3, 0, 2, : 5, 4, 1, 2, 2, 3, 5, 1, 4, 2, 5, 3, 1, 3, 3, 5, 1, 3, 2, 
10: 0, 0, 4, 5, 0, 1, 3, 3, 0, 4, 2, 0, 0, 1, 4, 3, 0, 0, 0, 3, 0, 0, 0, 0, 0, 0, 2, 4, 0, 0, 1, 0, 4, 4, 0, 5, 0, 2, 0, 5, : 4, 5, 1, 3, 3, 4, 2, 1, 4, 3, 3, 2, 4, 1, 4, 4, 5, 2, 5, 
169: 2, 1, 0, 2, 2, 41, 5, 41, 4, 0, 3, 1, 0, 1, 0, 1, 5, 0, 0, 3, 4, 0, 0, 0, 0, 1, 0, 3, 0, 0, 0, 3, 41, 0, 3, 1, 0, 3, 0, 3, : 2, 1, 2, 2, 41, 5, 41, 4, 3, 1, 1, 1, 5, 3, 4, 1, 3, 3, 41, 3, 1, 3, 3, 
19: 5, 0, 41, 1, 2, 0, 2, 2, 3, 0, 4, 0, 1, 5, 0, 0, 0, 1, 0, 0, 2, 0, 0, 3, 0, 2, 1, 0, 3, 0, 0, 5, 3, 0, 2, 2, 0, 5, 1, 0, : 5, 41, 1, 2, 2, 2, 3, 4, 1, 5, 1, 2, 3, 2, 1, 3, 5, 3, 2, 2, 5, 1, 
193: 41, 0, 43, 0, 3, 0, 0, 0, 1, 0, 1, 0, 3, 5, 0, 0, 0, 5, 0, 1, 2, 0, 0, 2, 0, 3, 2, 5, 0, 0, 3, 0, 2, 3, 0, 1, 0, 5, 2, 0, : 41, 43, 3, 1, 1, 3, 5, 5, 1, 2, 2, 3, 2, 5, 3, 2, 3, 1, 5, 2, 
198: 0, 0, 0, 3, 0, 2, 3, 2, 3, 4, 3, 0, 1, 3, 0, 0, 0, 5, 0, 0, 1, 2, 5, 0, 0, 0, 0, 43, 0, 0, 3, 0, 0, 5, 5, 3, 0, 42, 2, 0, : 3, 2, 3, 2, 3, 4, 3, 1, 3, 5, 1, 2, 5, 43, 3, 5, 5, 3, 42, 2, 
163: 0, 1, 5, 1, 0, 4, 44, 0, 5, 0, 1, 0, 0, 5, 4, 0, 0, 3, 2, 2, 2, 3, 0, 0, 0, 3, 4, 5, 0, 0, 0, 3, 5, 0, 2, 3, 0, 0, 3, 4, : 1, 5, 1, 4, 44, 5, 1, 5, 4, 3, 2, 2, 2, 3, 3, 4, 5, 3, 5, 2, 3, 3, 4, 
45: 0, 5, 0, 3, 2, 0, 3, 0, 0, 1, 4, 5, 4, 0, 0, 0, 44, 0, 0, 4, 3, 0, 2, 0, 40, 5, 3, 0, 0, 5, 1, 0, 0, 2, 0, 2, 2, 1, 5, 0, : 5, 3, 2, 3, 1, 4, 5, 4, 44, 4, 3, 2, 40, 5, 3, 5, 1, 2, 2, 2, 1, 5, 
72: 0, 5, 1, 41, 0, 1, 0, 0, 1, 43, 1, 0, 1, 3, 41, 0, 0, 0, 0, 1, 2, 0, 0, 1, 4, 1, 4, 0, 0, 0, 1, 1, 2, 3, 5, 4, 0, 2, 0, 5, : 5, 1, 41, 1, 1, 43, 1, 1, 3, 41, 1, 2, 1, 4, 1, 4, 1, 1, 2, 3, 5, 4, 2, 5, 
155: 5, 4, 2, 3, 5, 0, 0, 0, 0, 1, 0, 0, 0, 5, 5, 0, 0, 0, 0, 3, 1, 1, 0, 0, 0, 2, 5, 1, 0, 0, 0, 0, 0, 0, 5, 0, 5, 0, 4, 5, : 5, 4, 2, 3, 5, 1, 5, 5, 3, 1, 1, 2, 5, 1, 5, 5, 4, 5, 
66: 5, 4, 3, 0, 0, 4, 0, 0, 3, 5, 0, 0, 4, 0, 5, 0, 4, 41, 3, 0, 1, 4, 0, 2, 2, 5, 0, 0, 0, 3, 0, 0, 3, 1, 3, 0, 0, 2, 2, 4, : 5, 4, 3, 4, 3, 5, 4, 5, 4, 41, 3, 1, 4, 2, 2, 5, 3, 3, 1, 3, 2, 2, 4, 
51: 0, 5, 3, 0, 0, 2, 0, 0, 5, 4, 0, 0, 5, 2, 0, 4, 3, 0, 1, 42, 0, 0, 3, 0, 3, 0, 43, 2, 0, 43, 4, 3, 4, 1, 0, 2, 0, 4, 0, 1, : 5, 3, 2, 5, 4, 5, 2, 4, 3, 1, 42, 3, 3, 43, 2, 43, 4, 3, 4, 1, 2, 4, 1, 
127: 0, 0, 0, 3, 0, 2, 2, 1, 0, 1, 0, 2, 0, 1, 0, 0, 0, 2, 0, 4, 3, 0, 0, 40, 5, 4, 3, 5, 0, 0, 0, 0, 4, 43, 0, 2, 0, 0, 1, 0, : 3, 2, 2, 1, 1, 2, 1, 2, 4, 3, 40, 5, 4, 3, 5, 4, 43, 2, 1, 
14: 0, 0, 0, 0, 44, 0, 3, 0, 4, 1, 4, 0, 2, 40, 1, 0, 0, 0, 0, 0, 4, 42, 0, 0, 43, 5, 1, 3, 44, 0, 1, 0, 5, 1, 5, 1, 0, 5, 0, 4, : 44, 3, 4, 1, 4, 2, 40, 1, 4, 42, 43, 5, 1, 3, 44, 1, 5, 1, 5, 1, 5, 4, 
140: 40, 4, 1, 0, 1, 44, 5, 3, 5, 3, 44, 41, 41, 3, 0, 5, 1, 0, 5, 3, 5, 5, 0, 0, 0, 4, 2, 3, 0, 0, 0, 0, 0, 1, 0, 0, 5, 0, 3, 3, : 40, 4, 1, 1, 44, 5, 3, 5, 3, 44, 41, 41, 3, 5, 1, 5, 3, 5, 5, 4, 2, 3, 1, 5, 3, 3, 
2: 0, 0, 1, 0, 4, 5, 2, 1, 5, 4, 4, 0, 0, 2, 0, 1, 0, 0, 1, 3, 3, 0, 4, 5, 3, 0, 2, 4, 0, 0, 5, 0, 2, 0, 0, 0, 0, 1, 0, 1, : 1, 4, 5, 2, 1, 5, 4, 4, 2, 1, 1, 3, 3, 4, 5, 3, 2, 4, 5, 2, 1, 1, 
46: 0, 5, 5, 0, 0, 0, 4, 44, 5, 2, 5, 0, 2, 4, 0, 5, 0, 0, 1, 2, 5, 0, 0, 0, 5, 0, 1, 0, 0, 1, 3, 0, 4, 3, 1, 0, 5, 0, 0, 41, : 5, 5, 4, 44, 5, 2, 5, 2, 4, 5, 1, 2, 5, 5, 1, 1, 3, 4, 3, 1, 5, 41, 
33: 0, 1, 0, 0, 0, 0, 1, 3, 4, 4, 1, 0, 3, 4, 0, 40, 0, 4, 3, 0, 0, 0, 0, 43, 0, 4, 0, 0, 0, 0, 0, 40, 0, 0, 4, 3, 5, 1, 4, 3, : 1, 1, 3, 4, 4, 1, 3, 4, 40, 4, 3, 43, 4, 40, 4, 3, 5, 1, 4, 3, 
65: 0, 2, 0, 0, 2, 0, 5, 3, 0, 5, 5, 0, 1, 0, 0, 0, 0, 0, 2, 4, 2, 2, 1, 1, 0, 0, 5, 1, 0, 43, 1, 0, 0, 4, 3, 3, 5, 0, 2, 4, : 2, 2, 5, 3, 5, 5, 1, 2, 4, 2, 2, 1, 1, 5, 1, 43, 1, 4, 3, 3, 5, 2, 4, 
133: 0, 4, 2, 4, 1, 0, 4, 0, 0, 5, 2, 4, 1, 0, 2, 0, 3, 0, 41, 3, 3, 0, 0, 0, 0, 5, 0, 2, 0, 0, 1, 5, 0, 4, 1, 0, 0, 5, 2, 0, : 4, 2, 4, 1, 4, 5, 2, 4, 1, 2, 3, 41, 3, 3, 5, 2, 1, 5, 4, 1, 5, 2, 


114: 2, 4, 4, 0, 4, 0, 0, 5, 4, 0, 3, 5, 0, 3, 0, 0, 3, 0, 0, 3, 0, 0, 2, 3, 0, 0, 0, 3, 0, 0, 0, 0, 0, 0, 0, 0, 0, 0, 0, 4, : 2, 4, 4, 4, 5, 4, 3, 5, 3, 3, 3, 2, 3, 3, 4, 
191: 3, 0, 1, 0, 0, 4, 4, 5, 0, 4, 1, 1, 1, 0, 43, 0, 0, 3, 0, 0, 5, 1, 0, 0, 5, 0, 0, 3, 0, 0, 2, 2, 0, 42, 0, 0, 1, 0, 0, 3, : 3, 1, 4, 4, 5, 4, 1, 1, 1, 43, 3, 5, 1, 5, 3, 2, 2, 42, 1, 3, 
98: 2, 5, 0, 4, 0, 0, 3, 5, 0, 0, 41, 2, 0, 0, 0, 3, 41, 4, 2, 4, 0, 3, 0, 5, 0, 2, 1, 1, 0, 4, 2, 1, 3, 0, 0, 0, 0, 3, 0, 4, : 2, 5, 4, 3, 5, 41, 2, 3, 41, 4, 2, 4, 3, 5, 2, 1, 1, 4, 2, 1, 3, 3, 4, 
94: 2, 0, 4, 0, 0, 0, 0, 1, 1, 0, 2, 2, 0, 0, 0, 3, 0, 0, 0, 0, 3, 4, 0, 3, 0, 4, 2, 1, 1, 4, 3, 0, 1, 0, 0, 0, 5, 1, 0, 0, : 2, 4, 1, 1, 2, 2, 3, 3, 4, 3, 4, 2, 1, 1, 4, 3, 1, 5, 1, 
130: 2, 0, 3, 0, 4, 0, 5, 4, 0, 0, 4, 5, 5, 0, 5, 0, 0, 0, 0, 0, 1, 2, 0, 0, 0, 3, 1, 2, 0, 0, 0, 1, 0, 5, 0, 1, 2, 4, 0, 0, : 2, 3, 4, 5, 4, 4, 5, 5, 5, 1, 2, 3, 1, 2, 1, 5, 1, 2, 4, 
69: 0, 1, 0, 0, 0, 0, 4, 4, 0, 0, 2, 5, 1, 0, 0, 0, 0, 2, 1, 0, 3, 0, 5, 5, 44, 1, 0, 41, 1, 3, 0, 5, 0, 0, 0, 1, 0, 4, 0, 2, : 1, 4, 4, 2, 5, 1, 2, 1, 3, 5, 5, 44, 1, 41, 1, 3, 5, 1, 4, 2, 
116: 4, 5, 0, 0, 0, 0, 44, 0, 0, 0, 5, 4, 4, 0, 2, 0, 0, 1, 2, 0, 5, 0, 1, 5, 0, 0, 4, 0, 0, 0, 4, 4, 4, 3, 4, 2, 3, 5, 1, 2, : 4, 5, 44, 5, 4, 4, 2, 1, 2, 5, 1, 5, 4, 4, 4, 4, 3, 4, 2, 3, 5, 1, 2, 
52: 5, 2, 0, 0, 1, 0, 0, 0, 4, 0, 0, 4, 1, 0, 0, 0, 1, 1, 1, 4, 0, 0, 0, 4, 0, 4, 0, 0, 43, 0, 0, 5, 0, 0, 5, 0, 0, 2, 0, 4, : 5, 2, 1, 4, 4, 1, 1, 1, 1, 4, 4, 4, 43, 5, 5, 2, 4, 
4: 1, 1, 2, 0, 1, 1, 3, 2, 0, 3, 2, 3, 4, 0, 0, 0, 0, 1, 1, 40, 0, 2, 3, 44, 1, 3, 0, 1, 1, 3, 0, 5, 43, 0, 3, 0, 5, 0, 0, 0, : 1, 1, 2, 1, 1, 3, 2, 3, 2, 3, 4, 1, 1, 40, 2, 3, 44, 1, 3, 1, 1, 3, 5, 43, 3, 5, 
24: 44, 43, 2, 0, 5, 0, 5, 2, 0, 4, 1, 3, 0, 0, 0, 0, 0, 1, 0, 0, 0, 0, 1, 1, 2, 5, 0, 0, 1, 0, 0, 5, 0, 0, 5, 4, 4, 1, 5, 0, : 44, 43, 2, 5, 5, 2, 4, 1, 3, 1, 1, 1, 2, 5, 1, 5, 5, 4, 4, 1, 5, 
59: 0, 3, 0, 0, 4, 0, 4, 4, 0, 1, 2, 1, 3, 0, 0, 2, 0, 4, 0, 0, 0, 1, 0, 0, 2, 1, 0, 0, 0, 0, 0, 0, 3, 1, 3, 5, 2, 1, 0, 3, : 3, 4, 4, 4, 1, 2, 1, 3, 2, 4, 1, 2, 1, 3, 1, 3, 5, 2, 1, 3, 
12: 0, 0, 2, 0, 2, 0, 0, 5, 0, 0, 1, 3, 4, 5, 2, 2, 4, 0, 0, 0, 0, 0, 2, 1, 3, 1, 0, 4, 0, 0, 0, 4, 0, 0, 0, 3, 0, 0, 0, 0, : 2, 2, 5, 1, 3, 4, 5, 2, 2, 4, 2, 1, 3, 1, 4, 4, 3, 
18: 0, 2, 0, 0, 1, 1, 4, 0, 2, 0, 3, 3, 5, 0, 0, 0, 0, 1, 0, 1, 0, 0, 0, 0, 2, 1, 0, 0, 0, 0, 5, 0, 0, 4, 0, 2, 1, 2, 5, 3, : 2, 1, 1, 4, 2, 3, 3, 5, 1, 1, 2, 1, 5, 4, 2, 1, 2, 5, 3, 
50: 4, 0, 5, 2, 3, 2, 3, 0, 0, 2, 0, 5, 2, 0, 3, 1, 0, 2, 0, 1, 0, 3, 0, 4, 5, 5, 0, 0, 0, 2, 0, 0, 0, 0, 0, 0, 0, 1, 0, 0, : 4, 5, 2, 3, 2, 3, 2, 5, 2, 3, 1, 2, 1, 3, 4, 5, 5, 2, 1, 
30: 5, 0, 3, 0, 0, 0, 0, 2, 0, 3, 1, 4, 3, 41, 0, 1, 0, 5, 0, 4, 0, 0, 0, 5, 0, 41, 3, 4, 4, 1, 0, 0, 3, 0, 0, 0, 0, 44, 0, 4, : 5, 3, 2, 3, 1, 4, 3, 41, 1, 5, 4, 5, 41, 3, 4, 4, 1, 3, 44, 4, 
60: 1, 5, 1, 0, 2, 5, 2, 2, 0, 0, 5, 4, 3, 3, 4, 0, 0, 1, 1, 2, 4, 0, 0, 2, 1, 5, 5, 0, 4, 5, 0, 0, 4, 0, 3, 0, 0, 0, 0, 3, : 1, 5, 1, 2, 5, 2, 2, 5, 4, 3, 3, 4, 1, 1, 2, 4, 2, 1, 5, 5, 4, 5, 4, 3, 3, 
17: 1, 5, 4, 4, 0, 4, 0, 0, 0, 4, 5, 1, 1, 0, 0, 0, 0, 2, 0, 0, 41, 40, 0, 0, 0, 5, 43, 2, 5, 43, 0, 4, 2, 2, 0, 43, 0, 3, 0, 2, : 1, 5, 4, 4, 4, 4, 5, 1, 1, 2, 41, 40, 5, 43, 2, 5, 43, 4, 2, 2, 43, 3, 2, 
81: 3, 0, 5, 0, 5, 0, 2, 0, 5, 0, 0, 1, 0, 0, 0, 0, 0, 4, 0, 2, 0, 4, 0, 5, 0, 1, 2, 2, 0, 0, 0, 0, 0, 0, 0, 0, 0, 0, 5, 4, : 3, 5, 5, 2, 5, 1, 4, 2, 4, 5, 1, 2, 2, 5, 4, 
75: 0, 4, 0, 41, 5, 5, 1, 0, 0, 0, 2, 1, 5, 2, 1, 0, 0, 2, 4, 0, 2, 1, 44, 0, 2, 3, 41, 1, 2, 0, 2, 0, 1, 2, 0, 0, 0, 1, 3, 3, : 4, 41, 5, 5, 1, 2, 1, 5, 2, 1, 2, 4, 2, 1, 44, 2, 3, 41, 1, 2, 2, 1, 2, 1, 3, 3, 
68: 4, 0, 2, 0, 4, 0, 2, 1, 0, 2, 0, 3, 0, 0, 0, 40, 0, 1, 0, 0, 0, 0, 2, 1, 0, 0, 2, 0, 0, 1, 0, 4, 3, 0, 0, 0, 0, 0, 1, 5, : 4, 2, 4, 2, 1, 2, 3, 40, 1, 2, 1, 2, 1, 4, 3, 1, 5, 
110: 0, 0, 3, 1, 3, 0, 0, 40, 0, 0, 0, 5, 0, 4, 0, 0, 0, 1, 0, 0, 0, 40, 0, 0, 0, 4, 2, 0, 0, 0, 0, 1, 0, 1, 0, 0, 5, 1, 0, 2, : 3, 1, 3, 40, 5, 4, 1, 40, 4, 2, 1, 1, 5, 1, 2, 
186: 0, 5, 0, 4, 1, 0, 2, 3, 1, 0, 2, 3, 2, 0, 0, 0, 0, 5, 42, 1, 40, 1, 2, 0, 0, 2, 0, 1, 0, 1, 1, 0, 0, 3, 5, 0, 2, 1, 1, 0, : 5, 4, 1, 2, 3, 1, 2, 3, 2, 5, 42, 1, 40, 1, 2, 2, 1, 1, 1, 3, 5, 2, 1, 1, 
173: 1, 0, 5, 44, 5, 5, 3, 2, 0, 0, 5, 1, 3, 0, 0, 3, 0, 0, 4, 0, 0, 0, 4, 0, 4, 2, 0, 0, 0, 0, 5, 0, 0, 4, 0, 0, 0, 0, 0, 0, : 1, 5, 44, 5, 5, 3, 2, 5, 1, 3, 3, 4, 4, 4, 2, 5, 4, 
157: 2, 4, 0, 0, 4, 43, 4, 1, 0, 0, 4, 5, 0, 5, 3, 0, 0, 1, 0, 1, 0, 0, 0, 0, 0, 3, 0, 0, 0, 0, 44, 2, 0, 0, 0, 0, 44, 0, 0, 0, : 2, 4, 4, 43, 4, 1, 4, 5, 5, 3, 1, 1, 3, 44, 2, 44, 
138: 2, 5, 4, 0, 4, 0, 1, 5, 0, 2, 0, 1, 4, 0, 0, 1, 5, 5, 2, 0, 3, 0, 2, 5, 0, 0, 0, 0, 0, 4, 0, 0, 0, 0, 0, 0, 0, 0, 0, 0, : 2, 5, 4, 4, 1, 5, 2, 1, 4, 1, 5, 5, 2, 3, 2, 5, 4, 
179: 3, 0, 3, 0, 1, 41, 3, 5, 1, 0, 1, 1, 4, 0, 41, 5, 0, 1, 1, 0, 0, 1, 0, 5, 0, 3, 0, 1, 0, 0, 0, 3, 0, 3, 1, 5, 0, 0, 1, 4, : 3, 3, 1, 41, 3, 5, 1, 1, 1, 4, 41, 5, 1, 1, 1, 5, 3, 1, 3, 3, 1, 5, 1, 4, 
162: 4, 3, 2, 1, 2, 0, 1, 0, 0, 0, 5, 4, 1, 0, 3, 5, 0, 3, 0, 5, 0, 0, 0, 4, 0, 0, 0, 0, 0, 0, 0, 4, 0, 0, 0, 0, 0, 0, 1, 2, : 4, 3, 2, 1, 2, 1, 5, 4, 1, 3, 5, 3, 5, 4, 4, 1, 2, 
144: 3, 0, 2, 1, 1, 0, 5, 1, 0, 0, 3, 2, 5, 0, 3, 0, 1, 2, 41, 2, 0, 0, 42, 0, 40, 2, 0, 3, 0, 1, 0, 1, 41, 0, 0, 1, 42, 0, 3, 2, : 3, 2, 1, 1, 5, 1, 3, 2, 5, 3, 1, 2, 41, 2, 42, 40, 2, 3, 1, 1, 41, 1, 42, 3, 2, 
137: 0, 0, 1, 0, 1, 0, 0, 4, 44, 0, 0, 1, 0, 0, 0, 0, 3, 1, 0, 0, 0, 2, 3, 0, 0, 0, 0, 40, 0, 0, 0, 3, 1, 2, 0, 0, 0, 4, 0, 5, : 1, 1, 4, 44, 1, 3, 1, 2, 3, 40, 3, 1, 2, 4, 5, 
11: 0, 2, 1, 1, 0, 2, 2, 0, 0, 5, 0, 2, 1, 5, 0, 2, 5, 43, 2, 43, 1, 0, 3, 3, 0, 4, 0, 0, 0, 5, 0, 4, 0, 40, 3, 2, 0, 0, 0, 0, : 2, 1, 1, 2, 2, 5, 2, 1, 5, 2, 5, 43, 2, 43, 1, 3, 3, 4, 5, 4, 40, 3, 2, 
38: 0, 2, 3, 1, 3, 0, 0, 0, 5, 0, 4, 4, 1, 1, 0, 0, 5, 4, 0, 1, 4, 0, 0, 4, 5, 1, 2, 5, 5, 0, 2, 0, 0, 2, 0, 0, 0, 1, 0, 3, : 2, 3, 1, 3, 5, 4, 4, 1, 1, 5, 4, 1, 4, 4, 5, 1, 2, 5, 5, 2, 2, 1, 3, 
134: 2, 0, 3, 0, 0, 0, 2, 2, 0, 43, 2, 5, 3, 0, 0, 5, 0, 0, 4, 0, 3, 5, 0, 3, 0, 2, 0, 5, 0, 0, 0, 2, 2, 4, 0, 3, 0, 0, 44, 2, : 2, 3, 2, 2, 43, 2, 5, 3, 5, 4, 3, 5, 3, 2, 5, 2, 2, 4, 3, 44, 2, 
197: 1, 0, 0, 0, 3, 0, 3, 1, 0, 0, 1, 4, 1, 2, 0, 3, 0, 2, 5, 0, 0, 4, 0, 0, 0, 1, 0, 0, 0, 0, 4, 4, 0, 0, 0, 0, 0, 0, 0, 0, : 1, 3, 3, 1, 1, 4, 1, 2, 3, 2, 5, 4, 1, 4, 4, 
145: 1, 0, 41, 5, 4, 2, 0, 1, 0, 0, 0, 2, 44, 2, 5, 0, 3, 1, 0, 4, 1, 0, 0, 0, 3, 0, 4, 0, 0, 0, 41, 0, 0, 0, 0, 0, 0, 0, 0, 1, : 1, 41, 5, 4, 2, 1, 2, 44, 2, 5, 3, 1, 4, 1, 3, 4, 41, 1, 
79: 4, 1, 3, 1, 0, 1, 0, 4, 0, 41, 5, 4, 3, 3, 0, 0, 5, 0, 2, 0, 1, 5, 0, 0, 0, 1, 3, 0, 4, 1, 0, 2, 0, 0, 41, 44, 0, 0, 0, 4, : 4, 1, 3, 1, 1, 4, 41, 5, 4, 3, 3, 5, 2, 1, 5, 1, 3, 4, 1, 2, 41, 44, 4, 
64: 0, 5, 3, 5, 4, 0, 2, 4, 0, 5, 2, 3, 0, 44, 0, 0, 1, 4, 0, 1, 0, 0, 1, 0, 0, 5, 1, 0, 4, 0, 0, 5, 4, 0, 0, 0, 3, 1, 43, 3, : 5, 3, 5, 4, 2, 4, 5, 2, 3, 44, 1, 4, 1, 1, 5, 1, 4, 5, 4, 3, 1, 43, 3, 
55: 0, 4, 5, 0, 2, 0, 0, 1, 5, 0, 0, 5, 2, 0, 0, 0, 2, 5, 4, 0, 0, 0, 0, 0, 1, 3, 4, 0, 1, 42, 0, 0, 0, 1, 4, 0, 0, 0, 2, 42, : 4, 5, 2, 1, 5, 5, 2, 2, 5, 4, 1, 3, 4, 1, 42, 1, 4, 2, 42, 
146: 5, 5, 2, 5, 1, 0, 1, 0, 44, 0, 0, 5, 0, 0, 4, 1, 0, 3, 1, 1, 2, 0, 0, 4, 0, 2, 0, 0, 42, 0, 0, 44, 0, 1, 2, 0, 0, 0, 3, 1, : 5, 5, 2, 5, 1, 1, 44, 5, 4, 1, 3, 1, 1, 2, 4, 2, 42, 44, 1, 2, 3, 1, 
174: 5, 3, 1, 0, 0, 0, 1, 4, 0, 0, 4, 0, 4, 0, 0, 43, 0, 0, 0, 0, 1, 1, 3, 0, 0, 0, 0, 0, 0, 0, 0, 2, 5, 0, 0, 4, 0, 0, 2, 3, : 5, 3, 1, 1, 4, 4, 4, 43, 1, 1, 3, 2, 5, 4, 2, 3, 
54: 4, 1, 0, 0, 40, 4, 4, 0, 4, 1, 2, 3, 0, 0, 1, 0, 41, 4, 0, 0, 0, 0, 0, 4, 0, 0, 0, 0, 2, 0, 5, 3, 0, 0, 41, 0, 1, 40, 0, 0, : 4, 1, 40, 4, 4, 4, 1, 2, 3, 1, 41, 4, 4, 2, 5, 3, 41, 1, 40, 


53: 0, 0, 0, 0, 5, 1, 0, 0, 0, 4, 0, 5, 5, 0, 0, 5, 0, 0, 4, 0, 0, 0, 0, 0, 3, 2, 0, 1, 2, 5, 0, 4, 2, 0, 1, 2, 0, 0, 42, 4, : 5, 1, 4, 5, 5, 5, 4, 3, 2, 1, 2, 5, 4, 2, 1, 2, 42, 4, 
164: 0, 0, 0, 2, 4, 0, 0, 0, 0, 1, 0, 42, 3, 0, 1, 2, 0, 0, 5, 0, 0, 0, 1, 0, 1, 5, 0, 2, 2, 0, 3, 3, 0, 0, 1, 0, 0, 0, 0, 44, : 2, 4, 1, 42, 3, 1, 2, 5, 1, 1, 5, 2, 2, 3, 3, 1, 44, 
148: 0, 0, 0, 0, 2, 4, 1, 0, 5, 3, 1, 0, 3, 5, 1, 0, 0, 0, 1, 0, 0, 0, 0, 0, 2, 0, 0, 5, 5, 3, 0, 0, 0, 0, 0, 2, 0, 4, 4, 0, : 2, 4, 1, 5, 3, 1, 3, 5, 1, 1, 2, 5, 5, 3, 2, 4, 4, 
128: 0, 0, 0, 0, 0, 3, 1, 0, 0, 0, 0, 0, 4, 4, 2, 2, 0, 0, 3, 0, 0, 0, 0, 0, 0, 2, 0, 1, 4, 2, 0, 0, 0, 0, 0, 0, 5, 0, 0, 0, : 3, 1, 4, 4, 2, 2, 3, 2, 1, 4, 2, 5, 
152: 0, 0, 0, 0, 0, 5, 0, 3, 0, 44, 3, 0, 1, 0, 5, 3, 4, 0, 41, 0, 5, 0, 0, 0, 3, 0, 0, 1, 0, 0, 0, 5, 0, 0, 0, 0, 5, 2, 0, 1, : 5, 3, 44, 3, 1, 5, 3, 4, 41, 5, 3, 1, 5, 5, 2, 1, 
111: 1, 0, 0, 5, 1, 4, 4, 2, 3, 2, 1, 0, 1, 0, 1, 4, 40, 3, 2, 0, 0, 4, 5, 0, 5, 4, 4, 2, 4, 5, 5, 0, 3, 0, 40, 0, 3, 2, 4, 0, : 1, 5, 1, 4, 4, 2, 3, 2, 1, 1, 1, 4, 40, 3, 2, 4, 5, 5, 4, 4, 2, 4, 5, 5, 3, 40, 3, 2, 4, 
122: 0, 0, 4, 5, 5, 5, 0, 2, 1, 2, 0, 0, 0, 0, 0, 5, 0, 0, 2, 43, 2, 2, 0, 0, 0, 2, 0, 5, 2, 4, 0, 5, 40, 5, 0, 0, 3, 0, 4, 0, : 4, 5, 5, 5, 2, 1, 2, 5, 2, 43, 2, 2, 2, 5, 2, 4, 5, 40, 5, 3, 4, 
31: 0, 4, 0, 40, 3, 1, 1, 0, 0, 4, 2, 0, 1, 1, 1, 2, 1, 5, 0, 0, 0, 0, 0, 0, 2, 0, 0, 1, 0, 5, 0, 5, 0, 0, 0, 0, 0, 0, 4, 0, : 4, 40, 3, 1, 1, 4, 2, 1, 1, 1, 2, 1, 5, 2, 1, 5, 5, 4, 
167: 0, 1, 0, 0, 0, 3, 0, 1, 1, 3, 0, 0, 1, 0, 2, 4, 0, 0, 2, 3, 0, 4, 0, 0, 1, 3, 0, 2, 1, 0, 40, 5, 0, 0, 0, 4, 0, 5, 0, 0, : 1, 3, 1, 1, 3, 1, 2, 4, 2, 3, 4, 1, 3, 2, 1, 40, 5, 4, 5, 
15: 0, 0, 0, 0, 0, 2, 42, 0, 3, 1, 0, 5, 5, 2, 3, 1, 3, 0, 1, 5, 0, 0, 0, 0, 0, 1, 0, 0, 0, 5, 0, 0, 0, 0, 4, 0, 2, 2, 0, 0, : 2, 42, 3, 1, 5, 5, 2, 3, 1, 3, 1, 5, 1, 5, 4, 2, 2, 
109: 0, 0, 4, 0, 3, 1, 5, 2, 0, 3, 0, 0, 1, 40, 4, 0, 0, 0, 5, 0, 0, 4, 3, 0, 1, 5, 0, 5, 1, 3, 0, 0, 0, 3, 0, 2, 5, 0, 0, 1, : 4, 3, 1, 5, 2, 3, 1, 40, 4, 5, 4, 3, 1, 5, 5, 1, 3, 3, 2, 5, 1, 
182: 0, 0, 0, 0, 43, 4, 2, 0, 0, 0, 0, 0, 4, 1, 0, 4, 0, 1, 0, 41, 4, 0, 0, 0, 0, 5, 0, 2, 5, 0, 0, 3, 0, 0, 0, 0, 1, 0, 42, 0, : 43, 4, 2, 4, 1, 4, 1, 41, 4, 5, 2, 5, 3, 1, 42, 
184: 1, 2, 0, 0, 2, 4, 1, 0, 0, 0, 0, 0, 0, 4, 2, 0, 4, 0, 0, 0, 0, 0, 0, 0, 1, 2, 3, 1, 41, 5, 1, 0, 4, 0, 0, 1, 4, 0, 0, 0, : 1, 2, 2, 4, 1, 4, 2, 4, 1, 2, 3, 1, 41, 5, 1, 4, 1, 4, 
196: 0, 0, 4, 0, 2, 5, 0, 0, 3, 0, 1, 0, 3, 0, 0, 3, 0, 43, 3, 0, 0, 0, 0, 4, 2, 0, 44, 2, 0, 5, 0, 3, 0, 0, 0, 0, 2, 0, 1, 1, : 4, 2, 5, 3, 1, 3, 3, 43, 3, 4, 2, 44, 2, 5, 3, 2, 1, 1, 
123: 1, 0, 41, 0, 4, 4, 0, 2, 0, 2, 1, 3, 3, 42, 3, 0, 0, 0, 0, 0, 0, 0, 5, 5, 0, 5, 4, 2, 4, 3, 1, 4, 0, 2, 5, 0, 0, 0, 0, 0, : 1, 41, 4, 4, 2, 2, 1, 3, 3, 42, 3, 5, 5, 5, 4, 2, 4, 3, 1, 4, 2, 5, 
131: 0, 1, 2, 0, 0, 5, 4, 0, 0, 0, 1, 3, 0, 0, 1, 0, 4, 0, 4, 0, 4, 4, 44, 4, 3, 0, 42, 5, 4, 3, 0, 44, 0, 42, 0, 0, 0, 1, 0, 0, : 1, 2, 5, 4, 1, 3, 1, 4, 4, 4, 4, 44, 4, 3, 42, 5, 4, 3, 44, 42, 1, 
1: 0, 0, 0, 0, 3, 4, 0, 42, 1, 2, 0, 0, 3, 0, 5, 5, 1, 2, 1, 0, 44, 42, 0, 1, 4, 0, 0, 0, 2, 0, 3, 0, 0, 3, 0, 0, 0, 4, 0, 0, : 3, 4, 42, 1, 2, 3, 5, 5, 1, 2, 1, 44, 42, 1, 4, 2, 3, 3, 4, 
34: 0, 4, 0, 0, 3, 4, 43, 43, 0, 2, 40, 0, 1, 0, 3, 1, 0, 3, 1, 0, 0, 0, 0, 0, 3, 5, 0, 1, 2, 3, 0, 1, 2, 3, 5, 41, 0, 0, 0, 3, : 4, 3, 4, 43, 43, 2, 40, 1, 3, 1, 3, 1, 3, 5, 1, 2, 3, 1, 2, 3, 5, 41, 3, 
143: 0, 4, 0, 4, 2, 2, 0, 4, 0, 3, 5, 0, 0, 5, 4, 1, 0, 5, 1, 2, 3, 0, 0, 0, 4, 43, 3, 1, 5, 4, 3, 1, 1, 44, 0, 4, 43, 0, 5, 2, : 4, 4, 2, 2, 4, 3, 5, 5, 4, 1, 5, 1, 2, 3, 4, 43, 3, 1, 5, 4, 3, 1, 1, 44, 4, 43, 5, 2, 
136: 0, 0, 0, 0, 0, 2, 4, 0, 0, 3, 2, 4, 0, 0, 2, 5, 2, 0, 2, 0, 4, 4, 0, 0, 5, 1, 3, 5, 0, 0, 0, 1, 0, 0, 0, 1, 4, 2, 2, 41, : 2, 4, 3, 2, 4, 2, 5, 2, 2, 4, 4, 5, 1, 3, 5, 1, 1, 4, 2, 2, 41, 
95: 1, 5, 2, 0, 3, 3, 0, 1, 0, 2, 0, 4, 2, 0, 1, 42, 4, 0, 2, 0, 41, 0, 0, 0, 1, 0, 0, 5, 2, 5, 0, 4, 4, 0, 0, 0, 3, 0, 2, 0, : 1, 5, 2, 3, 3, 1, 2, 4, 2, 1, 42, 4, 2, 41, 1, 5, 2, 5, 4, 4, 3, 2, 
121: 0, 1, 0, 0, 2, 3, 0, 4, 2, 3, 0, 42, 2, 0, 41, 2, 0, 0, 0, 2, 0, 2, 0, 0, 3, 4, 0, 40, 3, 0, 2, 2, 0, 0, 0, 4, 1, 0, 0, 0, : 1, 2, 3, 4, 2, 3, 42, 2, 41, 2, 2, 2, 3, 4, 40, 3, 2, 2, 4, 1, 
141: 2, 0, 0, 3, 0, 4, 2, 0, 3, 3, 4, 5, 3, 0, 1, 0, 0, 0, 4, 1, 3, 0, 0, 0, 42, 3, 0, 5, 0, 0, 5, 4, 1, 0, 0, 1, 0, 0, 2, 0, : 2, 3, 4, 2, 3, 3, 4, 5, 3, 1, 4, 1, 3, 42, 3, 5, 5, 4, 1, 1, 2, 
58: 5, 0, 0, 5, 1, 5, 0, 4, 1, 1, 5, 0, 0, 0, 3, 1, 5, 0, 1, 5, 0, 3, 3, 41, 1, 0, 0, 0, 0, 0, 0, 4, 2, 0, 0, 0, 2, 0, 0, 3, : 5, 5, 1, 5, 4, 1, 1, 5, 3, 1, 5, 1, 5, 3, 3, 41, 1, 4, 2, 2, 3, 
78: 2, 0, 3, 0, 4, 5, 0, 3, 2, 3, 0, 0, 0, 1, 0, 0, 43, 0, 3, 2, 0, 0, 0, 0, 0, 0, 5, 4, 2, 5, 0, 4, 0, 2, 0, 2, 4, 0, 2, 0, : 2, 3, 4, 5, 3, 2, 3, 1, 43, 3, 2, 5, 4, 2, 5, 4, 2, 2, 4, 2, 
44: 2, 5, 0, 5, 5, 2, 0, 2, 4, 2, 0, 0, 3, 0, 4, 0, 0, 3, 1, 0, 0, 4, 0, 0, 0, 0, 4, 1, 3, 0, 0, 0, 2, 0, 1, 43, 1, 44, 0, 3, : 2, 5, 5, 5, 2, 2, 4, 2, 3, 4, 3, 1, 4, 4, 1, 3, 2, 1, 43, 1, 44, 3, 
84: 4, 0, 0, 0, 0, 3, 3, 0, 0, 5, 0, 1, 0, 1, 0, 1, 1, 1, 0, 2, 0, 43, 0, 0, 1, 2, 0, 0, 3, 0, 5, 0, 5, 0, 0, 0, 5, 0, 2, 0, : 4, 3, 3, 5, 1, 1, 1, 1, 1, 2, 43, 1, 2, 3, 5, 5, 5, 2, 
135: 42, 0, 1, 0, 4, 0, 0, 0, 0, 0, 0, 0, 2, 0, 2, 5, 0, 5, 1, 0, 0, 2, 0, 3, 3, 1, 0, 1, 1, 0, 0, 0, 4, 0, 2, 2, 3, 3, 0, 2, : 42, 1, 4, 2, 2, 5, 5, 1, 2, 3, 3, 1, 1, 1, 4, 2, 2, 3, 3, 2, 
139: 0, 0, 0, 0, 1, 5, 0, 0, 0, 0, 0, 3, 3, 0, 2, 2, 0, 0, 3, 5, 0, 0, 4, 5, 3, 5, 4, 2, 4, 1, 0, 0, 5, 0, 0, 0, 2, 0, 0, 4, : 1, 5, 3, 3, 2, 2, 3, 5, 4, 5, 3, 5, 4, 2, 4, 1, 5, 2, 4, 
91: 1, 41, 0, 0, 2, 5, 0, 4, 0, 5, 1, 0, 4, 0, 1, 0, 0, 0, 2, 0, 0, 0, 0, 0, 4, 1, 0, 2, 2, 2, 42, 0, 1, 0, 0, 4, 0, 0, 0, 0, : 1, 41, 2, 5, 4, 5, 1, 4, 1, 2, 4, 1, 2, 2, 2, 42, 1, 4, 
199: 1, 4, 1, 2, 0, 1, 0, 0, 0, 0, 4, 0, 1, 2, 4, 3, 0, 3, 5, 0, 0, 0, 5, 3, 3, 5, 0, 2, 1, 0, 5, 0, 0, 0, 4, 0, 2, 0, 0, 0, : 1, 4, 1, 2, 1, 4, 1, 2, 4, 3, 3, 5, 5, 3, 3, 5, 2, 1, 5, 4, 2, 
85: 2, 0, 4, 2, 3, 0, 0, 0, 0, 3, 1, 2, 3, 4, 1, 1, 0, 0, 2, 0, 1, 0, 0, 2, 2, 0, 1, 1, 3, 2, 0, 3, 0, 0, 2, 0, 0, 0, 0, 0, : 2, 4, 2, 3, 3, 1, 2, 3, 4, 1, 1, 2, 1, 2, 2, 1, 1, 3, 2, 3, 2, 
5: 4, 43, 1, 0, 4, 5, 0, 0, 0, 2, 2, 0, 0, 0, 4, 3, 0, 40, 2, 0, 0, 0, 4, 0, 1, 3, 0, 1, 0, 0, 1, 5, 40, 0, 44, 0, 0, 5, 0, 0, : 4, 43, 1, 4, 5, 2, 2, 4, 3, 40, 2, 4, 1, 3, 1, 1, 5, 40, 44, 5, 
159: 3, 0, 4, 0, 5, 4, 2, 0, 3, 5, 5, 0, 4, 0, 0, 3, 2, 1, 3, 0, 0, 0, 0, 2, 0, 2, 0, 3, 0, 0, 0, 0, 2, 5, 0, 0, 0, 0, 0, 2, : 3, 4, 5, 4, 2, 3, 5, 5, 4, 3, 2, 1, 3, 2, 2, 3, 2, 5, 2, 
119: 0, 0, 43, 44, 1, 1, 0, 1, 2, 0, 0, 1, 5, 4, 0, 0, 0, 0, 5, 0, 5, 2, 0, 1, 2, 1, 0, 1, 1, 3, 0, 1, 2, 0, 0, 2, 4, 42, 0, 1, : 43, 44, 1, 1, 1, 2, 1, 5, 4, 5, 5, 2, 1, 2, 1, 1, 1, 3, 1, 2, 2, 4, 42, 1, 
26: 2, 0, 0, 0, 0, 2, 1, 0, 0, 1, 0, 0, 3, 3, 3, 0, 0, 0, 1, 5, 0, 0, 0, 5, 5, 0, 1, 4, 0, 1, 4, 5, 0, 2, 3, 0, 3, 0, 2, 2, : 2, 2, 1, 1, 3, 3, 3, 1, 5, 5, 5, 1, 4, 1, 4, 5, 2, 3, 3, 2, 2, 
200: 0, 1, 0, 0, 2, 0, 0, 0, 40, 4, 41, 0, 4, 0, 3, 5, 1, 0, 1, 1, 0, 0, 4, 1, 0, 3, 0, 1, 0, 0, 0, 0, 0, 4, 2, 0, 5, 0, 0, 0, : 1, 2, 40, 4, 41, 4, 3, 5, 1, 1, 1, 4, 1, 3, 1, 4, 2, 5, 
178: 42, 4, 0, 0, 0, 3, 2, 0, 0, 1, 0, 0, 1, 1, 4, 0, 5, 5, 0, 0, 1, 0, 0, 0, 2, 2, 1, 3, 5, 5, 0, 1, 0, 5, 3, 0, 0, 4, 0, 1, : 42, 4, 3, 2, 1, 1, 1, 4, 5, 5, 1, 2, 2, 1, 3, 5, 5, 1, 5, 3, 4, 1, 
3: 0, 0, 2, 3, 1, 1, 2, 0, 43, 0, 0, 0, 41, 0, 4, 1, 0, 0, 4, 3, 3, 0, 42, 43, 2, 3, 1, 0, 2, 0, 0, 1, 0, 0, 0, 5, 5, 0, 2, 5, : 2, 3, 1, 1, 2, 43, 41, 4, 1, 4, 3, 3, 42, 43, 2, 3, 1, 2, 1, 5, 5, 2, 5, 
28: 4, 0, 4, 0, 0, 5, 0, 0, 3, 1, 0, 0, 0, 0, 2, 4, 0, 0, 2, 0, 0, 0, 0, 0, 5, 0, 0, 0, 4, 41, 0, 2, 0, 0, 3, 0, 3, 0, 0, 0, : 4, 4, 5, 3, 1, 2, 4, 2, 5, 4, 41, 2, 3, 3, 


187: 3, 0, 0, 1, 44, 2, 4, 41, 0, 5, 0, 0, 43, 5, 2, 1, 4, 40, 5, 3, 1, 0, 4, 0, 0, 5, 0, 5, 0, 0, 0, 4, 0, 0, 0, 3, 1, 0, 1, 0, : 3, 1, 44, 2, 4, 41, 5, 43, 5, 2, 1, 4, 40, 5, 3, 1, 4, 5, 5, 4, 3, 1, 1, 
153: 44, 0, 0, 1, 0, 1, 0, 0, 0, 4, 0, 0, 0, 1, 0, 5, 2, 0, 0, 0, 0, 0, 1, 3, 1, 2, 3, 0, 0, 0, 0, 5, 5, 2, 3, 0, 0, 1, 0, 0, : 44, 1, 1, 4, 1, 5, 2, 1, 3, 1, 2, 3, 5, 5, 2, 3, 1, 
74: 1, 0, 0, 0, 0, 0, 44, 0, 0, 0, 0, 5, 0, 2, 0, 5, 0, 2, 0, 0, 0, 0, 5, 2, 2, 0, 0, 0, 0, 0, 4, 0, 1, 5, 5, 0, 5, 1, 4, 4, : 1, 44, 5, 2, 5, 2, 5, 2, 2, 4, 1, 5, 5, 5, 1, 4, 4, 
82: 0, 0, 3, 2, 0, 0, 2, 0, 2, 4, 2, 5, 0, 2, 5, 1, 4, 0, 5, 0, 2, 1, 0, 4, 3, 0, 0, 0, 0, 0, 1, 4, 1, 0, 5, 0, 1, 3, 41, 0, : 3, 2, 2, 2, 4, 2, 5, 2, 5, 1, 4, 5, 2, 1, 4, 3, 1, 4, 1, 5, 1, 3, 41, 
104: 0, 1, 0, 0, 5, 5, 0, 5, 0, 0, 0, 1, 2, 0, 5, 2, 5, 1, 0, 0, 3, 43, 0, 1, 0, 4, 41, 3, 5, 1, 0, 0, 0, 1, 4, 0, 0, 5, 0, 2, : 1, 5, 5, 5, 1, 2, 5, 2, 5, 1, 3, 43, 1, 4, 41, 3, 5, 1, 1, 4, 5, 2, 
16: 0, 43, 3, 0, 1, 0, 0, 3, 0, 0, 0, 0, 0, 0, 2, 0, 4, 2, 1, 2, 5, 0, 0, 2, 0, 0, 0, 0, 0, 0, 0, 0, 1, 0, 2, 0, 0, 0, 0, 0, : 43, 3, 1, 3, 2, 4, 2, 1, 2, 5, 2, 1, 2, 
90: 5, 0, 0, 0, 0, 0, 0, 1, 1, 3, 5, 0, 2, 5, 0, 4, 2, 0, 5, 2, 0, 0, 4, 5, 0, 0, 5, 41, 0, 0, 0, 5, 5, 0, 1, 0, 0, 0, 1, 5, : 5, 1, 1, 3, 5, 2, 5, 4, 2, 5, 2, 4, 5, 5, 41, 5, 5, 1, 1, 5, 
32: 0, 0, 4, 1, 0, 3, 0, 0, 0, 0, 0, 0, 1, 2, 5, 0, 0, 1, 2, 3, 0, 0, 2, 2, 0, 1, 1, 2, 0, 4, 0, 4, 0, 0, 5, 0, 2, 0, 41, 0, : 4, 1, 3, 1, 2, 5, 1, 2, 3, 2, 2, 1, 1, 2, 4, 4, 5, 2, 41, 
71: 2, 0, 0, 5, 0, 1, 0, 0, 1, 2, 4, 1, 0, 5, 3, 3, 0, 0, 3, 0, 0, 5, 2, 4, 0, 0, 0, 0, 0, 0, 2, 0, 3, 41, 0, 0, 0, 0, 5, 0, : 2, 5, 1, 1, 2, 4, 1, 5, 3, 3, 3, 5, 2, 4, 2, 3, 41, 5, 
67: 0, 0, 5, 0, 0, 2, 0, 0, 5, 3, 0, 0, 5, 5, 0, 0, 3, 0, 0, 4, 0, 4, 3, 4, 0, 0, 0, 0, 0, 2, 1, 0, 0, 0, 4, 0, 5, 1, 2, 0, : 5, 2, 5, 3, 5, 5, 3, 4, 4, 3, 4, 2, 1, 4, 5, 1, 2, 
35: 40, 0, 0, 0, 40, 0, 0, 0, 0, 44, 0, 0, 2, 5, 0, 5, 5, 0, 44, 1, 0, 0, 3, 2, 4, 0, 0, 0, 0, 3, 5, 5, 3, 4, 0, 0, 3, 0, 0, 0, : 40, 40, 44, 2, 5, 5, 5, 44, 1, 3, 2, 4, 3, 5, 5, 3, 4, 3, 
101: 4, 0, 0, 40, 4, 0, 5, 3, 0, 0, 0, 0, 0, 5, 0, 4, 0, 0, 2, 0, 0, 4, 1, 3, 0, 1, 2, 0, 0, 2, 4, 3, 0, 4, 1, 0, 0, 0, 0, 4, : 4, 40, 4, 5, 3, 5, 4, 2, 4, 1, 3, 1, 2, 2, 4, 3, 4, 1, 4, 
80: 0, 1, 0, 0, 0, 0, 0, 4, 0, 0, 1, 0, 3, 3, 1, 0, 0, 0, 1, 44, 0, 0, 2, 0, 1, 0, 0, 2, 5, 0, 5, 0, 5, 0, 4, 0, 0, 0, 0, 0, : 1, 4, 1, 3, 3, 1, 1, 44, 2, 1, 2, 5, 5, 5, 4, 
63: 0, 2, 0, 0, 3, 0, 2, 4, 2, 4, 5, 1, 0, 1, 0, 5, 0, 0, 3, 0, 1, 0, 0, 0, 3, 0, 0, 0, 1, 43, 4, 4, 0, 0, 5, 0, 0, 3, 0, 0, : 2, 3, 2, 4, 2, 4, 5, 1, 1, 5, 3, 1, 3, 1, 43, 4, 4, 5, 3, 
43: 0, 3, 0, 0, 0, 0, 5, 0, 0, 3, 0, 0, 0, 3, 0, 4, 5, 0, 2, 0, 2, 4, 0, 0, 42, 5, 1, 0, 0, 0, 4, 0, 1, 3, 2, 42, 3, 0, 1, 0, : 3, 5, 3, 3, 4, 5, 2, 2, 4, 42, 5, 1, 4, 1, 3, 2, 42, 3, 1, 
62: 2, 4, 0, 1, 0, 0, 2, 0, 0, 2, 44, 0, 0, 1, 0, 1, 2, 5, 0, 0, 0, 5, 1, 4, 3, 3, 0, 1, 44, 1, 2, 3, 0, 0, 0, 0, 0, 0, 2, 0, : 2, 4, 1, 2, 2, 44, 1, 1, 2, 5, 5, 1, 4, 3, 3, 1, 44, 1, 2, 3, 2, 
190: 0, 0, 40, 0, 4, 0, 0, 0, 4, 5, 5, 0, 0, 0, 0, 4, 5, 0, 0, 5, 0, 0, 0, 1, 0, 4, 0, 4, 0, 43, 0, 3, 0, 0, 3, 4, 0, 0, 2, 44, : 40, 4, 4, 5, 5, 4, 5, 5, 1, 4, 4, 43, 3, 3, 4, 2, 44, 
156: 0, 0, 2, 4, 2, 0, 0, 44, 0, 0, 0, 0, 0, 0, 0, 42, 0, 3, 0, 0, 0, 0, 0, 5, 0, 4, 0, 0, 0, 0, 4, 1, 42, 0, 0, 2, 0, 2, 5, 0, : 2, 4, 2, 44, 42, 3, 5, 4, 4, 1, 42, 2, 2, 5, 
6: 0, 0, 0, 0, 4, 0, 0, 0, 1, 0, 0, 0, 0, 2, 0, 1, 0, 0, 5, 0, 0, 0, 3, 2, 1, 5, 0, 5, 0, 0, 2, 4, 4, 2, 3, 0, 2, 0, 4, 0, : 4, 1, 2, 1, 5, 3, 2, 1, 5, 5, 2, 4, 4, 2, 3, 2, 4, 
47: 0, 41, 2, 0, 0, 0, 0, 2, 0, 2, 1, 4, 4, 0, 5, 0, 2, 0, 0, 0, 3, 0, 3, 0, 0, 0, 0, 0, 0, 0, 3, 44, 0, 0, 1, 4, 1, 0, 0, 1, : 41, 2, 2, 2, 1, 4, 4, 5, 2, 3, 3, 3, 44, 1, 4, 1, 1, 
165: 2, 4, 1, 0, 0, 1, 4, 4, 42, 4, 0, 0, 0, 3, 42, 1, 0, 3, 0, 0, 1, 3, 0, 0, 0, 5, 0, 0, 1, 0, 1, 0, 4, 5, 0, 0, 4, 0, 0, 3, : 2, 4, 1, 1, 4, 4, 42, 4, 3, 42, 1, 3, 1, 3, 5, 1, 1, 4, 5, 4, 3, 
149: 0, 0, 5, 5, 0, 5, 0, 0, 0, 4, 0, 0, 0, 0, 0, 0, 0, 1, 5, 1, 3, 0, 2, 2, 0, 5, 2, 0, 0, 4, 3, 4, 3, 0, 2, 0, 0, 0, 0, 0, : 5, 5, 5, 4, 1, 5, 1, 3, 2, 2, 5, 2, 4, 3, 4, 3, 2, 
160: 0, 0, 0, 3, 0, 0, 0, 0, 1, 3, 1, 0, 42, 0, 42, 0, 4, 5, 1, 0, 0, 0, 1, 2, 0, 0, 4, 0, 1, 0, 5, 0, 5, 0, 0, 1, 0, 3, 0, 0, : 3, 1, 3, 1, 42, 42, 4, 5, 1, 1, 2, 4, 1, 5, 5, 1, 3, 
166: 4, 2, 0, 0, 0, 1, 1, 0, 2, 2, 1, 0, 0, 1, 1, 1, 0, 0, 0, 0, 0, 1, 5, 0, 0, 5, 0, 0, 0, 0, 4, 4, 0, 1, 0, 2, 0, 1, 0, 3, : 4, 2, 1, 1, 2, 2, 1, 1, 1, 1, 1, 5, 5, 4, 4, 1, 2, 1, 3, 
23: 0, 2, 0, 0, 0, 2, 0, 3, 0, 0, 0, 0, 1, 1, 0, 3, 0, 40, 4, 1, 0, 0, 3, 0, 0, 0, 5, 0, 0, 0, 2, 0, 2, 0, 5, 0, 0, 0, 0, 40, : 2, 2, 3, 1, 1, 3, 40, 4, 1, 3, 5, 2, 2, 5, 40, 
103: 0, 0, 0, 3, 0, 0, 0, 0, 0, 0, 0, 5, 1, 2, 0, 1, 5, 0, 0, 0, 0, 0, 5, 2, 2, 4, 2, 0, 0, 5, 0, 0, 4, 1, 2, 1, 5, 1, 1, 0, : 3, 5, 1, 2, 1, 5, 5, 2, 2, 4, 2, 5, 4, 1, 2, 1, 5, 1, 1, 
100: 0, 0, 4, 5, 0, 2, 0, 0, 4, 3, 0, 0, 2, 5, 0, 0, 0, 0, 3, 0, 0, 0, 0, 4, 0, 0, 0, 3, 0, 0, 0, 5, 4, 0, 0, 3, 0, 0, 0, 2, : 4, 5, 2, 4, 3, 2, 5, 3, 4, 3, 5, 4, 3, 2, 
13: 5, 4, 0, 0, 0, 0, 0, 0, 3, 3, 1, 40, 3, 3, 0, 0, 5, 1, 3, 0, 43, 0, 1, 4, 0, 0, 41, 0, 0, 0, 4, 0, 4, 0, 5, 1, 0, 40, 2, 5, : 5, 4, 3, 3, 1, 40, 3, 3, 5, 1, 3, 43, 1, 4, 41, 4, 4, 5, 1, 40, 2, 5, 
7: 0, 0, 0, 0, 0, 0, 0, 0, 0, 5, 0, 5, 3, 42, 0, 5, 0, 0, 0, 41, 0, 0, 3, 2, 0, 0, 0, 0, 0, 5, 2, 0, 4, 0, 1, 4, 4, 5, 0, 0, : 5, 5, 3, 42, 5, 41, 3, 2, 5, 2, 4, 1, 4, 4, 5, 
158: 0, 2, 0, 0, 2, 0, 0, 2, 43, 0, 0, 0, 0, 1, 1, 3, 2, 1, 2, 0, 4, 2, 5, 3, 4, 4, 1, 3, 0, 0, 1, 2, 2, 40, 0, 0, 2, 0, 3, 0, : 2, 2, 2, 43, 1, 1, 3, 2, 1, 2, 4, 2, 5, 3, 4, 4, 1, 3, 1, 2, 2, 40, 2, 3, 
25: 3, 2, 0, 1, 1, 1, 0, 4, 3, 3, 0, 4, 0, 0, 0, 3, 2, 0, 0, 0, 0, 0, 2, 0, 0, 40, 0, 0, 0, 1, 4, 1, 0, 2, 2, 5, 40, 0, 0, 0, : 3, 2, 1, 1, 1, 4, 3, 3, 4, 3, 2, 2, 40, 1, 4, 1, 2, 2, 5, 40, 
175: 0, 5, 0, 0, 0, 0, 0, 0, 0, 3, 1, 0, 0, 0, 0, 0, 5, 1, 0, 1, 0, 0, 0, 0, 0, 5, 0, 5, 2, 0, 3, 2, 0, 0, 0, 1, 2, 5, 0, 4, : 5, 3, 1, 5, 1, 1, 5, 5, 2, 3, 2, 1, 2, 5, 4, 
87: 0, 0, 2, 0, 0, 43, 5, 0, 3, 0, 4, 3, 0, 0, 0, 0, 4, 3, 5, 0, 2, 0, 5, 4, 1, 0, 0, 0, 5, 0, 4, 2, 3, 0, 0, 40, 0, 0, 3, 0, : 2, 43, 5, 3, 4, 3, 4, 3, 5, 2, 5, 4, 1, 5, 4, 2, 3, 40, 3, 
29: 0, 3, 40, 3, 0, 3, 2, 0, 1, 0, 0, 0, 0, 0, 2, 1, 0, 3, 5, 0, 4, 1, 2, 0, 0, 5, 0, 0, 4, 2, 40, 0, 0, 0, 0, 0, 0, 1, 1, 0, : 3, 40, 3, 3, 2, 1, 2, 1, 3, 5, 4, 1, 2, 5, 4, 2, 40, 1, 1, 
77: 0, 0, 0, 3, 0, 0, 1, 0, 0, 0, 0, 0, 0, 5, 0, 4, 0, 1, 4, 5, 1, 2, 1, 2, 0, 4, 0, 0, 5, 3, 1, 0, 2, 0, 2, 0, 0, 41, 0, 0, : 3, 1, 5, 4, 1, 4, 5, 1, 2, 1, 2, 4, 5, 3, 1, 2, 2, 41, 
41: 0, 0, 0, 0, 0, 2, 1, 0, 0, 0, 4, 0, 0, 1, 3, 0, 0, 0, 3, 0, 1, 41, 43, 41, 5, 0, 0, 42, 0, 0, 2, 4, 0, 5, 43, 1, 0, 5, 0, 1, : 2, 1, 4, 1, 3, 3, 1, 41, 43, 41, 5, 42, 2, 4, 5, 43, 1, 5, 1, 
106: 4, 0, 0, 42, 5, 44, 1, 0, 0, 0, 0, 0, 1, 0, 0, 3, 43, 3, 3, 2, 44, 0, 3, 4, 0, 5, 4, 0, 0, 0, 2, 1, 1, 3, 2, 5, 0, 2, 0, 2, : 4, 42, 5, 44, 1, 1, 3, 43, 3, 3, 2, 44, 3, 4, 5, 4, 2, 1, 1, 3, 2, 5, 2, 2, 
73: 0, 0, 0, 0, 5, 0, 0, 0, 0, 4, 0, 2, 0, 4, 0, 5, 0, 2, 0, 5, 0, 0, 0, 5, 0, 0, 3, 0, 43, 1, 0, 4, 4, 1, 1, 0, 40, 0, 1, 0, : 5, 4, 2, 4, 5, 2, 5, 5, 3, 43, 1, 4, 4, 1, 1, 40, 1, 
61: 0, 0, 4, 0, 0, 2, 0, 0, 0, 5, 1, 0, 5, 1, 1, 1, 3, 0, 2, 0, 0, 4, 4, 1, 4, 0, 5, 0, 0, 0, 1, 2, 2, 0, 5, 1, 0, 0, 0, 0, : 4, 2, 5, 1, 5, 1, 1, 1, 3, 2, 4, 4, 1, 4, 5, 1, 2, 2, 5, 1, 
194: 1, 1, 5, 0, 0, 0, 41, 0, 2, 0, 40, 44, 0, 4, 0, 2, 4, 2, 2, 0, 0, 0, 1, 0, 44, 4, 0, 4, 4, 0, 0, 0, 5, 0, 2, 0, 0, 0, 0, 0, : 1, 1, 5, 41, 2, 40, 44, 4, 2, 4, 2, 2, 1, 44, 4, 4, 4, 5, 2, 


142: 0, 0, 1, 5, 0, 0, 0, 3, 0, 0, 0, 1, 5, 1, 0, 0, 3, 0, 4, 4, 0, 2, 0, 0, 3, 4, 0, 2, 0, 0, 3, 3, 1, 4, 1, 0, 0, 0, 0, 4, : 1, 5, 3, 1, 5, 1, 3, 4, 4, 2, 3, 4, 2, 3, 3, 1, 4, 1, 4, 
117: 0, 0, 3, 0, 0, 1, 40, 0, 4, 2, 5, 2, 0, 2, 41, 2, 1, 0, 5, 1, 0, 3, 0, 5, 4, 3, 0, 0, 0, 1, 4, 0, 0, 0, 0, 5, 0, 2, 0, 2, : 3, 1, 40, 4, 2, 5, 2, 2, 41, 2, 1, 5, 1, 3, 5, 4, 3, 1, 4, 5, 2, 2, 
57: 0, 0, 3, 0, 0, 0, 1, 0, 4, 1, 2, 5, 0, 4, 1, 0, 3, 0, 3, 4, 0, 2, 0, 0, 2, 3, 0, 4, 2, 0, 0, 4, 1, 0, 0, 0, 0, 0, 0, 0, : 3, 1, 4, 1, 2, 5, 4, 1, 3, 3, 4, 2, 2, 3, 4, 2, 4, 1, 
124: 5, 3, 2, 2, 4, 0, 4, 4, 5, 0, 1, 0, 3, 5, 0, 4, 0, 4, 4, 5, 0, 1, 1, 0, 1, 0, 1, 0, 0, 0, 0, 41, 0, 0, 0, 0, 0, 0, 1, 4, : 5, 3, 2, 2, 4, 4, 4, 5, 1, 3, 5, 4, 4, 4, 5, 1, 1, 1, 1, 41, 1, 4, 
99: 0, 1, 2, 0, 3, 0, 1, 0, 0, 0, 0, 4, 0, 4, 0, 2, 0, 0, 2, 1, 3, 0, 4, 1, 0, 0, 5, 4, 0, 0, 0, 0, 0, 3, 0, 0, 0, 0, 1, 1, : 1, 2, 3, 1, 4, 4, 2, 2, 1, 3, 4, 1, 5, 4, 3, 1, 1, 
86: 0, 0, 1, 0, 0, 0, 0, 0, 0, 0, 0, 2, 0, 4, 0, 5, 0, 0, 1, 0, 44, 0, 40, 0, 0, 0, 4, 1, 0, 2, 1, 42, 0, 0, 2, 1, 3, 0, 0, 1, : 1, 2, 4, 5, 1, 44, 40, 4, 1, 2, 1, 42, 2, 1, 3, 1, 
70: 0, 0, 5, 0, 3, 0, 0, 0, 2, 0, 5, 2, 5, 0, 2, 0, 0, 0, 3, 2, 0, 0, 1, 0, 2, 0, 4, 3, 1, 0, 0, 3, 0, 2, 0, 5, 0, 0, 0, 4, : 5, 3, 2, 5, 2, 5, 2, 3, 2, 1, 2, 4, 3, 1, 3, 2, 5, 4, 
115: 0, 0, 0, 2, 0, 0, 2, 0, 3, 0, 1, 5, 5, 3, 42, 3, 0, 0, 0, 1, 0, 4, 0, 0, 1, 0, 5, 3, 0, 0, 3, 0, 5, 1, 0, 0, 0, 5, 3, 0, : 2, 2, 3, 1, 5, 5, 3, 42, 3, 1, 4, 1, 5, 3, 3, 5, 1, 5, 3, 
49: 0, 0, 1, 0, 0, 0, 0, 0, 0, 0, 0, 4, 0, 0, 1, 0, 0, 5, 1, 0, 1, 0, 0, 0, 3, 43, 4, 1, 5, 0, 0, 0, 1, 0, 0, 0, 0, 0, 0, 1, : 1, 4, 1, 5, 1, 1, 3, 43, 4, 1, 5, 1, 1, 
189: 4, 0, 2, 1, 5, 2, 0, 0, 4, 1, 0, 1, 0, 3, 3, 0, 0, 5, 5, 2, 0, 0, 0, 0, 4, 0, 0, 4, 40, 0, 0, 0, 0, 1, 3, 0, 0, 42, 0, 0, : 4, 2, 1, 5, 2, 4, 1, 1, 3, 3, 5, 5, 2, 4, 4, 40, 1, 3, 42, 
181: 0, 1, 4, 0, 0, 0, 1, 0, 0, 2, 42, 0, 4, 0, 3, 5, 0, 0, 1, 2, 0, 0, 3, 3, 2, 3, 0, 0, 4, 5, 0, 1, 0, 0, 0, 0, 5, 0, 5, 1, : 1, 4, 1, 2, 42, 4, 3, 5, 1, 2, 3, 3, 2, 3, 4, 5, 1, 5, 5, 1, 
180: 2, 4, 0, 0, 3, 4, 3, 1, 0, 0, 0, 1, 3, 2, 0, 3, 0, 5, 4, 5, 1, 0, 3, 0, 0, 0, 5, 5, 0, 0, 44, 0, 0, 0, 0, 0, 0, 0, 5, 0, : 2, 4, 3, 4, 3, 1, 1, 3, 2, 3, 5, 4, 5, 1, 3, 5, 5, 44, 5, 
192: 0, 0, 44, 42, 5, 0, 0, 44, 0, 5, 0, 1, 0, 0, 0, 0, 1, 4, 5, 1, 0, 0, 0, 0, 0, 0, 1, 2, 0, 2, 3, 0, 0, 2, 0, 0, 0, 4, 2, 5, : 44, 42, 5, 44, 5, 1, 1, 4, 5, 1, 1, 2, 2, 3, 2, 4, 2, 5, 
185: 3, 0, 5, 3, 0, 0, 1, 0, 5, 44, 2, 0, 0, 1, 5, 1, 0, 0, 5, 4, 0, 0, 0, 2, 0, 0, 44, 0, 41, 3, 0, 0, 0, 44, 5, 1, 0, 0, 40, 0, : 3, 5, 3, 1, 5, 44, 2, 1, 5, 1, 5, 4, 2, 44, 41, 3, 44, 5, 1, 40, 
89: 0, 3, 0, 0, 1, 4, 3, 0, 3, 0, 0, 4, 0, 3, 0, 1, 0, 0, 3, 0, 0, 0, 0, 4, 0, 0, 2, 0, 0, 40, 0, 3, 4, 0, 0, 0, 0, 0, 0, 0, : 3, 1, 4, 3, 3, 4, 3, 1, 3, 4, 2, 40, 3, 4, 
8: 41, 41, 4, 2, 1, 0, 0, 4, 0, 0, 0, 2, 1, 0, 5, 0, 0, 1, 3, 0, 0, 4, 0, 0, 0, 0, 0, 1, 0, 5, 1, 0, 43, 0, 0, 0, 41, 0, 0, 5, : 41, 41, 4, 2, 1, 4, 2, 1, 5, 1, 3, 4, 1, 5, 1, 43, 41, 5, 
21: 0, 0, 2, 1, 4, 0, 0, 1, 3, 40, 0, 0, 5, 40, 0, 2, 0, 0, 4, 2, 0, 5, 41, 0, 0, 0, 1, 3, 5, 0, 0, 0, 3, 0, 0, 0, 5, 0, 1, 3, : 2, 1, 4, 1, 3, 40, 5, 40, 2, 4, 2, 5, 41, 1, 3, 5, 3, 5, 1, 3, 
88: 0, 0, 3, 0, 0, 0, 0, 41, 3, 2, 0, 4, 43, 3, 0, 0, 42, 0, 1, 42, 4, 3, 0, 0, 0, 44, 1, 0, 0, 0, 0, 1, 0, 0, 0, 0, 0, 0, 0, 1, : 3, 41, 3, 2, 4, 43, 3, 42, 1, 42, 4, 3, 44, 1, 1, 1, 
195: 5, 4, 0, 0, 4, 0, 0, 0, 2, 0, 1, 2, 0, 5, 2, 0, 1, 0, 1, 4, 0, 0, 3, 0, 0, 1, 3, 0, 2, 5, 4, 0, 2, 0, 2, 42, 0, 5, 0, 4, : 5, 4, 4, 2, 1, 2, 5, 2, 1, 1, 4, 3, 1, 3, 2, 5, 4, 2, 2, 42, 5, 4, 
120: 40, 0, 1, 2, 0, 0, 0, 0, 0, 0, 0, 0, 5, 4, 0, 0, 0, 42, 2, 1, 0, 43, 0, 0, 0, 0, 0, 3, 0, 2, 0, 0, 0, 0, 0, 0, 0, 1, 0, 0, : 40, 1, 2, 5, 4, 42, 2, 1, 43, 3, 2, 1, 
161: 0, 0, 1, 5, 1, 2, 1, 0, 3, 0, 1, 5, 0, 3, 0, 0, 0, 1, 5, 0, 4, 0, 1, 0, 2, 3, 0, 4, 0, 3, 1, 3, 0, 0, 0, 0, 0, 0, 0, 44, : 1, 5, 1, 2, 1, 3, 1, 5, 3, 1, 5, 4, 1, 2, 3, 4, 3, 1, 3, 44, 
27: 0, 3, 4, 0, 0, 0, 0, 3, 5, 2, 2, 2, 2, 4, 3, 0, 2, 2, 5, 2, 0, 2, 0, 0, 5, 0, 0, 0, 2, 2, 0, 0, 0, 0, 0, 44, 0, 0, 3, 1, : 3, 4, 3, 5, 2, 2, 2, 2, 4, 3, 2, 2, 5, 2, 2, 5, 2, 2, 44, 3, 1, 
92: 0, 2, 0, 2, 1, 44, 2, 0, 4, 1, 2, 1, 0, 5, 0, 0, 0, 0, 5, 0, 2, 3, 3, 0, 0, 2, 4, 5, 0, 0, 0, 2, 0, 0, 1, 0, 4, 0, 4, 2, : 2, 2, 1, 44, 2, 4, 1, 2, 1, 5, 5, 2, 3, 3, 2, 4, 5, 2, 1, 4, 4, 2, 
96: 4, 0, 0, 0, 4, 0, 0, 0, 2, 0, 5, 5, 0, 3, 0, 0, 4, 0, 3, 3, 0, 40, 2, 3, 0, 0, 3, 4, 1, 0, 0, 0, 0, 3, 0, 0, 0, 0, 0, 0, : 4, 4, 2, 5, 5, 3, 4, 3, 3, 40, 2, 3, 3, 4, 1, 3, 
118: 0, 1, 0, 0, 0, 0, 2, 0, 0, 0, 0, 2, 2, 0, 0, 0, 4, 0, 3, 1, 0, 0, 0, 0, 1, 3, 5, 2, 3, 0, 1, 0, 1, 0, 0, 0, 0, 2, 42, 2, : 1, 2, 2, 2, 4, 3, 1, 1, 3, 5, 2, 3, 1, 1, 2, 42, 2, 
76: 0, 0, 3, 1, 0, 44, 0, 0, 0, 3, 1, 3, 4, 0, 0, 0, 5, 0, 5, 0, 0, 3, 1, 0, 43, 0, 1, 1, 0, 0, 0, 5, 0, 0, 2, 5, 0, 2, 0, 1, : 3, 1, 44, 3, 1, 3, 4, 5, 5, 3, 1, 43, 1, 1, 5, 2, 5, 2, 1, 
177: 0, 1, 0, 0, 2, 0, 0, 0, 0, 0, 3, 3, 0, 1, 0, 1, 0, 0, 3, 2, 0, 0, 2, 0, 0, 4, 2, 1, 4, 0, 3, 3, 1, 3, 2, 4, 5, 0, 0, 4, : 1, 2, 3, 3, 1, 1, 3, 2, 2, 4, 2, 1, 4, 3, 3, 1, 3, 2, 4, 5, 4, 
188: 2, 0, 2, 0, 41, 1, 0, 5, 4, 2, 1, 5, 3, 0, 2, 0, 0, 0, 1, 3, 41, 0, 0, 2, 0, 0, 0, 1, 1, 0, 1, 0, 1, 2, 4, 5, 0, 0, 2, 4, : 2, 2, 41, 1, 5, 4, 2, 1, 5, 3, 2, 1, 3, 41, 2, 1, 1, 1, 1, 2, 4, 5, 2, 4, 
48: 0, 0, 4, 0, 3, 1, 0, 1, 0, 5, 2, 0, 0, 3, 0, 2, 0, 0, 2, 2, 2, 0, 4, 0, 0, 0, 3, 1, 0, 0, 2, 4, 4, 4, 41, 0, 0, 0, 3, 0, : 4, 3, 1, 1, 5, 2, 3, 2, 2, 2, 2, 4, 3, 1, 2, 4, 4, 4, 41, 3, 
172: 0, 0, 0, 43, 0, 0, 0, 3, 0, 0, 0, 4, 3, 2, 3, 0, 0, 0, 2, 1, 5, 4, 4, 0, 0, 0, 2, 0, 0, 0, 0, 0, 2, 1, 4, 0, 2, 1, 3, 2, : 43, 3, 4, 3, 2, 3, 2, 1, 5, 4, 4, 2, 2, 1, 4, 2, 1, 3, 2, 
112: 0, 1, 4, 0, 5, 0, 4, 0, 2, 0, 1, 5, 5, 4, 0, 0, 0, 0, 2, 1, 0, 0, 2, 4, 0, 5, 0, 2, 0, 2, 3, 0, 0, 0, 1, 0, 0, 0, 0, 5, : 1, 4, 5, 4, 2, 1, 5, 5, 4, 2, 1, 2, 4, 5, 2, 2, 3, 1, 5, 
40: 0, 1, 4, 0, 5, 4, 5, 0, 44, 3, 1, 1, 1, 2, 0, 0, 2, 0, 4, 4, 3, 0, 0, 2, 1, 0, 5, 0, 0, 0, 0, 3, 2, 2, 0, 0, 3, 4, 0, 0, : 1, 4, 5, 4, 5, 44, 3, 1, 1, 1, 2, 2, 4, 4, 3, 2, 1, 5, 3, 2, 2, 3, 4, 
126: 3, 2, 4, 3, 5, 3, 44, 0, 5, 2, 0, 43, 3, 3, 3, 0, 0, 0, 3, 2, 0, 0, 0, 5, 0, 0, 1, 4, 4, 0, 40, 0, 0, 0, 0, 0, 1, 41, 1, 0, : 3, 2, 4, 3, 5, 3, 44, 5, 2, 43, 3, 3, 3, 3, 2, 5, 1, 4, 4, 40, 1, 41, 1, 
176: 5, 2, 0, 0, 0, 0, 0, 3, 2, 2, 0, 0, 5, 0, 0, 40, 5, 0, 3, 3, 0, 0, 0, 40, 3, 0, 3, 44, 0, 0, 0, 0, 3, 1, 3, 4, 5, 4, 0, 0, : 5, 2, 3, 2, 2, 5, 40, 5, 3, 3, 40, 3, 3, 44, 3, 1, 3, 4, 5, 4, 
36: 0, 5, 0, 0, 1, 1, 3, 0, 3, 0, 40, 0, 0, 4, 0, 0, 0, 4, 2, 2, 2, 0, 0, 5, 0, 0, 0, 0, 1, 2, 0, 0, 0, 0, 0, 0, 0, 4, 0, 1, : 5, 1, 1, 3, 3, 40, 4, 4, 2, 2, 2, 5, 1, 2, 4, 1, 
170: 5, 3, 0, 0, 4, 0, 0, 0, 0, 0, 0, 1, 3, 2, 0, 0, 0, 0, 5, 0, 1, 0, 0, 41, 0, 0, 0, 0, 3, 2, 0, 0, 0, 1, 40, 4, 0, 0, 4, 4, : 5, 3, 4, 1, 3, 2, 5, 1, 41, 3, 2, 1, 40, 4, 4, 4, 
105: 1, 0, 1, 5, 5, 0, 3, 5, 3, 0, 0, 0, 0, 0, 0, 43, 44, 0, 4, 5, 0, 1, 1, 1, 42, 0, 3, 5, 1, 0, 0, 0, 43, 0, 4, 0, 1, 0, 0, 4, : 1, 1, 5, 5, 3, 5, 3, 43, 44, 4, 5, 1, 1, 1, 42, 3, 5, 1, 43, 4, 1, 4, 
56: 0, 42, 4, 0, 4, 4, 0, 2, 5, 0, 0, 0, 5, 0, 3, 5, 0, 0, 4, 0, 1, 0, 0, 2, 0, 2, 4, 3, 0, 44, 5, 0, 0, 0, 0, 0, 2, 0, 0, 5, : 42, 4, 4, 4, 2, 5, 5, 3, 5, 4, 1, 2, 2, 4, 3, 44, 5, 2, 5, 
151: 0, 0, 3, 1, 1, 0, 0, 0, 0, 3, 2, 0, 1, 0, 1, 0, 3, 4, 0, 4, 1, 0, 0, 0, 1, 0, 1, 2, 0, 0, 0, 0, 3, 42, 5, 0, 43, 0, 0, 5, : 3, 1, 1, 3, 2, 1, 1, 3, 4, 4, 1, 1, 1, 2, 3, 42, 5, 43, 5, 
113: 0, 0, 3, 0, 5, 5, 0, 0, 0, 0, 0, 0, 4, 0, 0, 1, 0, 43, 2, 4, 5, 0, 4, 0, 0, 0, 3, 5, 0, 0, 1, 2, 0, 4, 0, 0, 0, 3, 0, 0, : 3, 5, 5, 4, 1, 43, 2, 4, 5, 4, 3, 5, 1, 2, 4, 3, 


