
200
20
60
1

14: 0, 2, 0, 0, 42, 0, 5, 1, 5, 5, 0, 0, 4, 0, 1, 5, 2, 1, 0, 0, 4, 0, 0, 5, 3, 0, 0, 0, 0, 0, 0, 0, 44, 0, 0, 0, 5, 4, 1, 2, 41, 0, 4, 0, 0, 3, 0, 0, 0, 5, 0, 4, 0, 0, 1, 41, 0, 0, 1, 5, 0, 2, 0, 0, 1, 0, 4, 1, 3, 0, 0, 1, 3, 0, 1, 0, 0, 3, 5, 3, 3, 5, 43, 0, 1, 0, 43, 1, 0, 0, 3, 0, 0, 3, 1, 0, 0, 0, 4, 0, 0, 1, 0, 1, 0, 3, 1, 3, 2, 40, 0, 3, 0, 0, 4, 5, 4, 1, 5, 2, 0, 0, 4, 4, 42, 2, 4, 0, 5, 5, 4, 0, 4, 0, 0, 1, 1, 0, 0, 0, 0, 2, 0, 1, 4, 0, 0, 0, 40, 5, 1, 2, 2, 0, 4, 3, 0, 0, 0, 0, 2, 0, 0, 0, 0, 0, 0, 1, 3, 0, 0, 4, 0, 1, 4, 0, 1, 0, 0, 0, 0, 1, 0, 5, 2, 3, 42, 42, 0, 1, 0, 2, 0, 3, 2, 0, 5, 0, 5, 1, : 2, 42, 5, 1, 5, 5, 4, 1, 5, 2, 1, 4, 5, 3, 44, 5, 4, 1, 2, 41, 4, 3, 5, 4, 1, 41, 1, 5, 2, 1, 4, 1, 3, 1, 3, 1, 3, 5, 3, 3, 5, 43, 1, 43, 1, 3, 3, 1, 4, 1, 1, 3, 1, 3, 2, 40, 3, 4, 5, 4, 1, 5, 2, 4, 4, 42, 2, 4, 5, 5, 4, 4, 1, 1, 2, 1, 4, 40, 5, 1, 2, 2, 4, 3, 2, 1, 3, 4, 1, 4, 1, 1, 5, 2, 3, 42, 42, 1, 2, 3, 2, 5, 5, 1, 
13: 43, 5, 2, 0, 0, 5, 1, 2, 1, 5, 4, 0, 4, 0, 1, 0, 3, 0, 0, 0, 4, 0, 4, 0, 4, 41, 0, 1, 1, 2, 0, 1, 2, 0, 0, 2, 3, 1, 2, 3, 0, 2, 3, 0, 0, 3, 0, 43, 0, 43, 0, 3, 0, 4, 2, 1, 4, 0, 0, 3, 0, 0, 0, 0, 4, 2, 4, 1, 2, 0, 0, 0, 0, 3, 0, 1, 5, 3, 1, 3, 5, 0, 0, 0, 0, 3, 0, 0, 0, 0, 5, 0, 0, 3, 3, 3, 0, 3, 3, 0, 4, 0, 0, 4, 0, 0, 0, 3, 3, 0, 0, 2, 0, 0, 4, 5, 3, 0, 0, 1, 0, 0, 3, 1, 3, 3, 5, 1, 1, 1, 2, 4, 0, 0, 0, 4, 5, 2, 4, 0, 0, 0, 0, 5, 5, 2, 0, 0, 3, 1, 3, 0, 5, 2, 0, 0, 1, 0, 0, 0, 4, 0, 0, 0, 0, 0, 0, 0, 0, 0, 0, 3, 0, 0, 44, 44, 2, 0, 5, 0, 2, 0, 0, 5, 0, 2, 0, 0, 0, 1, 0, 3, 0, 4, 0, 0, 0, 0, 1, 4, : 43, 5, 2, 5, 1, 2, 1, 5, 4, 4, 1, 3, 4, 4, 4, 41, 1, 1, 2, 1, 2, 2, 3, 1, 2, 3, 2, 3, 3, 43, 43, 3, 4, 2, 1, 4, 3, 4, 2, 4, 1, 2, 3, 1, 5, 3, 1, 3, 5, 3, 5, 3, 3, 3, 3, 3, 4, 4, 3, 3, 2, 4, 5, 3, 1, 3, 1, 3, 3, 5, 1, 1, 1, 2, 4, 4, 5, 2, 4, 5, 5, 2, 3, 1, 3, 5, 2, 1, 4, 3, 44, 44, 2, 5, 2, 5, 2, 1, 3, 4, 1, 4, 
10: 0, 0, 0, 0, 3, 0, 4, 3, 1, 1, 0, 0, 2, 0, 4, 3, 4, 0, 2, 0, 3, 0, 0, 0, 2, 0, 5, 0, 0, 1, 0, 0, 0, 0, 1, 0, 3, 0, 3, 4, 0, 1, 3, 0, 44, 4, 1, 0, 0, 0, 0, 2, 0, 0, 3, 0, 0, 5, 0, 5, 0, 5, 0, 41, 2, 2, 2, 0, 2, 1, 3, 0, 3, 0, 4, 0, 0, 1, 3, 4, 5, 0, 0, 4, 42, 0, 0, 0, 0, 0, 2, 3, 0, 5, 1, 0, 0, 1, 2, 40, 0, 1, 5, 1, 3, 0, 0, 2, 2, 0, 0, 3, 0, 4, 1, 4, 2, 0, 0, 5, 2, 2, 2, 0, 0, 3, 0, 0, 2, 0, 5, 0, 4, 0, 3, 5, 4, 0, 0, 4, 0, 42, 4, 2, 5, 0, 0, 0, 1, 3, 2, 0, 4, 0, 0, 42, 0, 0, 0, 3, 1, 41, 0, 0, 1, 5, 0, 0, 1, 3, 0, 5, 3, 0, 0, 5, 0, 0, 0, 1, 2, 0, 0, 6, 3, 5, 0, 0, 3, 4, 4, 5, 0, 3, 0, 0, 0, 2, 3, 1, : 3, 4, 3, 1, 1, 2, 4, 3, 4, 2, 3, 2, 5, 1, 1, 3, 3, 4, 1, 3, 44, 4, 1, 2, 3, 5, 5, 5, 41, 2, 2, 2, 2, 1, 3, 3, 4, 1, 3, 4, 5, 4, 42, 2, 3, 5, 1, 1, 2, 40, 1, 5, 1, 3, 2, 2, 3, 4, 1, 4, 2, 5, 2, 2, 2, 3, 2, 5, 4, 3, 5, 4, 4, 42, 4, 2, 5, 1, 3, 2, 4, 42, 3, 1, 41, 1, 5, 1, 3, 5, 3, 5, 1, 2, 6, 3, 5, 3, 4, 4, 5, 3, 2, 3, 1, 
4: 0, 5, 0, 0, 1, 0, 5, 4, 4, 3, 0, 0, 4, 0, 5, 0, 0, 0, 2, 3, 1, 0, 0, 0, 5, 1, 0, 2, 0, 0, 3, 1, 4, 2, 1, 1, 3, 0, 5, 5, 0, 0, 3, 0, 0, 2, 5, 4, 4, 3, 0, 1, 5, 1, 43, 3, 0, 2, 4, 1, 5, 0, 0, 0, 4, 0, 3, 1, 3, 1, 0, 1, 2, 4, 3, 0, 0, 2, 3, 1, 4, 0, 0, 1, 0, 0, 0, 0, 0, 2, 4, 42, 1, 4, 0, 0, 0, 42, 1, 0, 0, 43, 5, 1, 0, 0, 0, 2, 4, 3, 5, 2, 0, 0, 1, 3, 5, 40, 0, 2, 4, 4, 4, 0, 0, 0, 0, 2, 5, 4, 1, 42, 0, 0, 1, 3, 1, 0, 1, 0, 4, 0, 0, 2, 4, 0, 0, 0, 1, 3, 3, 2, 1, 5, 0, 3, 4, 0, 0, 0, 3, 3, 1, 2, 40, 3, 5, 0, 0, 0, 3, 3, 0, 1, 0, 4, 2, 2, 2, 0, 0, 44, 0, 3, 0, 5, 0, 0, 0, 0, 0, 5, 0, 2, 1, 41, 3, 44, 5, 1, : 5, 1, 5, 4, 4, 3, 4, 5, 2, 3, 1, 5, 1, 2, 3, 1, 4, 2, 1, 1, 3, 5, 5, 3, 2, 5, 4, 4, 3, 1, 5, 1, 43, 3, 2, 4, 1, 5, 4, 3, 1, 3, 1, 1, 2, 4, 3, 2, 3, 1, 4, 1, 2, 4, 42, 1, 4, 42, 1, 43, 5, 1, 2, 4, 3, 5, 2, 1, 3, 5, 40, 2, 4, 4, 4, 2, 5, 4, 1, 42, 1, 3, 1, 1, 4, 2, 4, 1, 3, 3, 2, 1, 5, 3, 4, 3, 3, 1, 2, 40, 3, 5, 3, 3, 1, 4, 2, 2, 2, 44, 3, 5, 5, 2, 1, 41, 3, 44, 5, 1, 
5: 5, 4, 42, 0, 1, 0, 4, 6, 2, 4, 0, 0, 1, 0, 2, 0, 2, 0, 1, 0, 2, 3, 1, 42, 2, 3, 0, 0, 0, 4, 0, 2, 0, 2, 4, 0, 0, 0, 1, 0, 0, 0, 4, 0, 1, 5, 1, 2, 2, 0, 0, 2, 0, 4, 5, 0, 1, 3, 0, 4, 0, 0, 43, 3, 5, 2, 1, 0, 3, 0, 0, 0, 0, 0, 1, 3, 0, 4, 3, 2, 2, 0, 0, 5, 1, 1, 0, 4, 2, 0, 4, 0, 0, 0, 0, 0, 0, 0, 1, 0, 4, 0, 5, 3, 0, 3, 0, 10, 3, 0, 2, 1, 0, 0, 2, 5, 1, 4, 1, 0, 1, 0, 4, 0, 0, 43, 0, 1, 1, 3, 2, 4, 0, 0, 0, 3, 5, 3, 0, 2, 43, 0, 0, 5, 2, 3, 5, 0, 1, 4, 5, 3, 5, 0, 0, 0, 0, 0, 0, 0, 2, 3, 5, 44, 0, 0, 5, 0, 0, 0, 3, 5, 1, 3, 0, 3, 0, 0, 0, 3, 0, 0, 5, 2, 0, 2, 0, 2, 0, 0, 40, 1, 0, 1, 0, 0, 0, 0, 1, 1, : 5, 4, 42, 1, 4, 6, 2, 4, 1, 2, 2, 1, 2, 3, 1, 42, 2, 3, 4, 2, 2, 4, 1, 4, 1, 5, 1, 2, 2, 2, 4, 5, 1, 3, 4, 43, 3, 5, 2, 1, 3, 1, 3, 4, 3, 2, 2, 5, 1, 1, 4, 2, 4, 1, 4, 5, 3, 3, 10, 3, 2, 1, 2, 5, 1, 4, 1, 1, 4, 43, 1, 1, 3, 2, 4, 3, 5, 3, 2, 43, 5, 2, 3, 5, 1, 4, 5, 3, 5, 2, 3, 5, 44, 5, 3, 5, 1, 3, 3, 3, 5, 2, 2, 2, 40, 1, 1, 1, 1, 
19: 0, 4, 0, 0, 2, 0, 2, 5, 4, 5, 0, 0, 1, 1, 5, 0, 2, 0, 0, 3, 5, 3, 0, 0, 4, 0, 5, 0, 0, 1, 0, 1, 1, 1, 40, 0, 2, 0, 2, 5, 1, 2, 5, 3, 0, 1, 0, 0, 0, 5, 0, 12, 0, 0, 0, 0, 44, 0, 0, 2, 1, 2, 0, 1, 1, 0, 7, 0, 2, 0, 1, 3, 0, 0, 0, 0, 0, 5, 2, 4, 1, 0, 0, 40, 1, 0, 4, 0, 1, 0, 2, 0, 2, 4, 0, 0, 0, 3, 5, 1, 0, 4, 1, 3, 0, 5, 3, 1, 1, 0, 2, 5, 1, 0, 5, 1, 5, 0, 2, 0, 1, 0, 2, 0, 3, 0, 0, 1, 5, 2, 4, 0, 2, 0, 0, 4, 3, 43, 1, 0, 0, 0, 5, 2, 1, 4, 0, 4, 0, 1, 2, 1, 1, 40, 2, 0, 2, 0, 2, 0, 4, 4, 0, 5, 0, 0, 0, 0, 0, 1, 40, 0, 0, 0, 5, 0, 4, 0, 0, 1, 0, 0, 5, 3, 0, 5, 3, 5, 3, 0, 4, 2, 1, 3, 0, 0, 4, 3, 2, 2, : 4, 2, 2, 5, 4, 5, 1, 1, 5, 2, 3, 5, 3, 4, 5, 1, 1, 1, 1, 40, 2, 2, 5, 1, 2, 5, 3, 1, 5, 12, 44, 2, 1, 2, 1, 1, 7, 2, 1, 3, 5, 2, 4, 1, 40, 1, 4, 1, 2, 2, 4, 3, 5, 1, 4, 1, 3, 5, 3, 1, 1, 2, 5, 1, 5, 1, 5, 2, 1, 2, 3, 1, 5, 2, 4, 2, 4, 3, 43, 1, 5, 2, 1, 4, 4, 1, 2, 1, 1, 40, 2, 2, 2, 4, 4, 5, 1, 40, 5, 4, 1, 5, 3, 5, 3, 5, 3, 4, 2, 1, 3, 4, 3, 2, 2, 
12: 5, 3, 2, 4, 0, 0, 4, 2, 3, 6, 0, 4, 4, 0, 1, 0, 4, 0, 5, 0, 2, 0, 0, 0, 4, 2, 0, 1, 0, 0, 0, 0, 0, 0, 0, 0, 4, 1, 2, 2, 0, 0, 3, 2, 0, 5, 0, 0, 0, 0, 3, 1, 0, 0, 0, 0, 0, 0, 0, 4, 0, 0, 3, 0, 2, 0, 1, 0, 4, 1, 2, 0, 1, 0, 0, 0, 0, 4, 4, 1, 5, 0, 0, 1, 0, 2, 0, 0, 1, 0, 2, 0, 4, 5, 0, 5, 0, 1, 2, 0, 1, 0, 5, 5, 0, 0, 0, 1, 5, 0, 4, 5, 5, 0, 5, 1, 3, 0, 0, 0, 0, 1, 5, 1, 1, 1, 1, 1, 5, 1, 3, 0, 1, 4, 4, 3, 5, 0, 3, 41, 0, 0, 0, 3, 2, 0, 0, 3, 0, 2, 1, 40, 3, 0, 0, 0, 0, 2, 0, 0, 4, 0, 4, 0, 2, 0, 0, 41, 0, 3, 5, 1, 4, 2, 0, 0, 1, 0, 40, 1, 0, 0, 5, 4, 0, 3, 0, 0, 0, 42, 0, 4, 0, 1, 0, 5, 0, 0, 4, 5, : 5, 3, 2, 4, 4, 2, 3, 6, 4, 4, 1, 4, 5, 2, 4, 2, 1, 4, 1, 2, 2, 3, 2, 5, 3, 1, 4, 3, 2, 1, 4, 1, 2, 1, 4, 4, 1, 5, 1, 2, 1, 2, 4, 5, 5, 1, 2, 1, 5, 5, 1, 5, 4, 5, 5, 5, 1, 3, 1, 5, 1, 1, 1, 1, 1, 5, 1, 3, 1, 4, 4, 3, 5, 3, 41, 3, 2, 3, 2, 1, 40, 3, 2, 4, 4, 2, 41, 3, 5, 1, 4, 2, 1, 40, 1, 5, 4, 3, 42, 4, 1, 5, 4, 5, 
15: 0, 0, 0, 0, 0, 0, 1, 3, 0, 2, 1, 0, 5, 0, 0, 1, 4, 0, 0, 5, 4, 43, 3, 0, 2, 5, 0, 1, 0, 4, 1, 1, 4, 1, 0, 0, 0, 4, 2, 0, 0, 0, 3, 0, 1, 2, 40, 0, 43, 0, 5, 6, 0, 1, 0, 0, 0, 0, 0, 3, 0, 2, 0, 0, 5, 1, 2, 1, 1, 0, 0, 43, 0, 0, 4, 0, 43, 5, 2, 4, 4, 4, 5, 0, 4, 0, 0, 0, 0, 0, 2, 0, 2, 5, 0, 0, 0, 2, 5, 0, 0, 0, 2, 5, 0, 0, 1, 3, 2, 1, 0, 1, 0, 0, 3, 1, 2, 0, 1, 0, 0, 0, 1, 0, 1, 0, 0, 0, 4, 5, 4, 0, 0, 1, 0, 4, 4, 0, 0, 0, 0, 0, 0, 5, 5, 0, 1, 0, 0, 1, 2, 0, 3, 0, 0, 1, 3, 0, 0, 3, 5, 0, 0, 0, 0, 1, 1, 0, 1, 1, 4, 3, 0, 1, 0, 0, 0, 0, 1, 0, 5, 0, 0, 2, 1, 4, 0, 0, 0, 5, 1, 3, 0, 5, 0, 0, 0, 0, 1, 4, : 1, 3, 2, 1, 5, 1, 4, 5, 4, 43, 3, 2, 5, 1, 4, 1, 1, 4, 1, 4, 2, 3, 1, 2, 40, 43, 5, 6, 1, 3, 2, 5, 1, 2, 1, 1, 43, 4, 43, 5, 2, 4, 4, 4, 5, 4, 2, 2, 5, 2, 5, 2, 5, 1, 3, 2, 1, 1, 3, 1, 2, 1, 1, 1, 4, 5, 4, 1, 4, 4, 5, 5, 1, 1, 2, 3, 1, 3, 3, 5, 1, 1, 1, 1, 4, 3, 1, 1, 5, 2, 1, 4, 5, 1, 3, 5, 1, 4, 
11: 0, 4, 3, 40, 0, 40, 4, 2, 5, 1, 0, 0, 4, 0, 5, 0, 1, 0, 0, 0, 5, 0, 0, 1, 4, 3, 4, 2, 4, 0, 5, 0, 0, 0, 5, 42, 1, 0, 4, 2, 5, 5, 1, 2, 0, 4, 0, 4, 4, 0, 0, 7, 5, 0, 1, 1, 5, 0, 0, 1, 0, 2, 0, 0, 5, 5, 5, 0, 3, 1, 1, 3, 0, 0, 1, 0, 0, 3, 5, 5, 0, 0, 0, 2, 0, 1, 0, 0, 5, 0, 4, 4, 40, 2, 2, 0, 0, 4, 2, 0, 1, 4, 1, 2, 2, 0, 5, 3, 2, 3, 0, 4, 0, 2, 2, 1, 3, 3, 0, 43, 0, 0, 0, 40, 0, 0, 0, 0, 1, 5, 1, 0, 0, 0, 0, 3, 2, 2, 0, 0, 0, 4, 0, 2, 3, 0, 0, 1, 3, 5, 5, 3, 3, 2, 0, 0, 2, 0, 5, 0, 3, 0, 0, 0, 3, 0, 0, 0, 0, 0, 0, 1, 0, 2, 0, 0, 0, 0, 0, 5, 44, 1, 0, 3, 3, 2, 0, 1, 0, 0, 2, 2, 0, 4, 0, 1, 0, 0, 4, 3, : 4, 3, 40, 40, 4, 2, 5, 1, 4, 5, 1, 5, 1, 4, 3, 4, 2, 4, 5, 5, 42, 1, 4, 2, 5, 5, 1, 2, 4, 4, 4, 7, 5, 1, 1, 5, 1, 2, 5, 5, 5, 3, 1, 1, 3, 1, 3, 5, 5, 2, 1, 5, 4, 4, 40, 2, 2, 4, 2, 1, 4, 1, 2, 2, 5, 3, 2, 3, 4, 2, 2, 1, 3, 3, 43, 40, 1, 5, 1, 3, 2, 2, 4, 2, 3, 1, 3, 5, 5, 3, 3, 2, 2, 5, 3, 3, 1, 2, 5, 44, 1, 3, 3, 2, 1, 2, 2, 4, 1, 4, 3, 
6: 0, 5, 0, 4, 0, 2, 0, 5, 5, 5, 4, 0, 3, 0, 3, 0, 4, 4, 1, 0, 4, 3, 1, 4, 6, 2, 1, 1, 0, 0, 5, 0, 4, 0, 4, 3, 2, 0, 4, 5, 0, 0, 2, 0, 0, 2, 2, 1, 0, 0, 0, 2, 0, 3, 0, 4, 4, 43, 0, 3, 3, 43, 0, 0, 5, 0, 5, 0, 2, 0, 0, 0, 1, 2, 0, 3, 1, 4, 1, 2, 5, 1, 0, 1, 0, 0, 0, 0, 40, 0, 3, 0, 2, 5, 0, 1, 0, 0, 4, 3, 43, 0, 4, 1, 1, 5, 1, 3, 6, 2, 0, 1, 40, 0, 1, 4, 3, 0, 40, 0, 0, 1, 1, 3, 0, 3, 0, 1, 0, 2, 2, 0, 0, 4, 0, 1, 3, 3, 0, 0, 0, 0, 3, 1, 1, 0, 0, 0, 0, 3, 4, 0, 3, 1, 0, 5, 0, 0, 3, 2, 2, 0, 0, 4, 5, 0, 0, 5, 0, 1, 0, 3, 0, 1, 0, 1, 0, 0, 0, 1, 0, 0, 0, 1, 40, 5, 4, 0, 1, 0, 0, 3, 40, 2, 2, 0, 0, 2, 5, 1, : 5, 4, 2, 5, 5, 5, 4, 3, 3, 4, 4, 1, 4, 3, 1, 4, 6, 2, 1, 1, 5, 4, 4, 3, 2, 4, 5, 2, 2, 2, 1, 2, 3, 4, 4, 43, 3, 3, 43, 5, 5, 2, 1, 2, 3, 1, 4, 1, 2, 5, 1, 1, 40, 3, 2, 5, 1, 4, 3, 43, 4, 1, 1, 5, 1, 3, 6, 2, 1, 40, 1, 4, 3, 40, 1, 1, 3, 3, 1, 2, 2, 4, 1, 3, 3, 3, 1, 1, 3, 4, 3, 1, 5, 3, 2, 2, 4, 5, 5, 1, 3, 1, 1, 1, 1, 40, 5, 4, 1, 3, 40, 2, 2, 2, 5, 1, 
3: 0, 5, 0, 0, 0, 1, 0, 1, 5, 1, 0, 40, 1, 2, 5, 42, 1, 0, 5, 0, 1, 0, 0, 3, 1, 0, 0, 1, 5, 4, 0, 0, 1, 0, 0, 0, 4, 0, 5, 3, 0, 0, 4, 5, 0, 3, 0, 0, 1, 0, 0, 1, 43, 1, 0, 1, 2, 0, 0, 4, 0, 0, 3, 0, 2, 0, 3, 5, 4, 42, 5, 0, 0, 0, 0, 40, 0, 1, 4, 2, 1, 0, 3, 0, 0, 0, 0, 1, 5, 0, 3, 0, 0, 2, 0, 2, 5, 0, 5, 0, 0, 0, 4, 5, 1, 0, 0, 1, 2, 0, 42, 1, 2, 1, 4, 3, 2, 0, 0, 0, 0, 0, 4, 4, 1, 0, 3, 42, 1, 1, 4, 0, 0, 1, 0, 4, 3, 5, 0, 0, 0, 4, 1, 5, 5, 0, 1, 0, 1, 4, 2, 0, 1, 0, 2, 2, 2, 0, 4, 1, 1, 0, 0, 0, 0, 0, 4, 1, 41, 0, 0, 3, 41, 0, 0, 0, 0, 0, 4, 0, 3, 0, 0, 4, 3, 2, 2, 2, 1, 0, 1, 4, 0, 2, 3, 5, 0, 0, 3, 5, : 5, 1, 1, 5, 1, 40, 1, 2, 5, 42, 1, 5, 1, 3, 1, 1, 5, 4, 1, 4, 5, 3, 4, 5, 3, 1, 1, 43, 1, 1, 2, 4, 3, 2, 3, 5, 4, 42, 5, 40, 1, 4, 2, 1, 3, 1, 5, 3, 2, 2, 5, 5, 4, 5, 1, 1, 2, 42, 1, 2, 1, 4, 3, 2, 4, 4, 1, 3, 42, 1, 1, 4, 1, 4, 3, 5, 4, 1, 5, 5, 1, 1, 4, 2, 1, 2, 2, 2, 4, 1, 1, 4, 1, 41, 3, 41, 4, 3, 4, 3, 2, 2, 2, 1, 1, 4, 2, 3, 5, 3, 5, 
9: 0, 5, 0, 1, 1, 2, 5, 5, 2, 3, 4, 0, 1, 0, 0, 0, 0, 4, 40, 41, 1, 2, 3, 0, 1, 0, 0, 0, 0, 0, 0, 2, 0, 0, 0, 0, 4, 3, 2, 2, 4, 0, 3, 0, 4, 2, 0, 4, 0, 0, 0, 2, 0, 0, 0, 0, 0, 0, 5, 2, 3, 0, 0, 0, 2, 2, 2, 0, 3, 4, 0, 0, 0, 0, 3, 0, 0, 2, 3, 4, 5, 2, 2, 0, 5, 0, 5, 0, 0, 2, 2, 1, 0, 1, 40, 3, 1, 0, 1, 0, 0, 3, 2, 3, 0, 0, 0, 3, 2, 0, 5, 4, 5, 41, 3, 2, 5, 0, 1, 0, 0, 5, 0, 0, 0, 0, 44, 0, 5, 5, 2, 1, 0, 3, 0, 3, 2, 0, 3, 0, 0, 0, 0, 2, 1, 0, 3, 1, 2, 1, 5, 0, 2, 1, 0, 0, 0, 5, 0, 0, 2, 1, 4, 0, 0, 0, 40, 0, 5, 0, 0, 1, 3, 1, 4, 0, 5, 5, 0, 5, 0, 1, 0, 1, 2, 3, 0, 0, 0, 0, 0, 2, 3, 1, 0, 0, 0, 4, 3, 5, : 5, 1, 1, 2, 5, 5, 2, 3, 4, 1, 4, 40, 41, 1, 2, 3, 1, 2, 4, 3, 2, 2, 4, 3, 4, 2, 4, 2, 5, 2, 3, 2, 2, 2, 3, 4, 3, 2, 3, 4, 5, 2, 2, 5, 5, 2, 2, 1, 1, 40, 3, 1, 1, 3, 2, 3, 3, 2, 5, 4, 5, 41, 3, 2, 5, 1, 5, 44, 5, 5, 2, 1, 3, 3, 2, 3, 2, 1, 3, 1, 2, 1, 5, 2, 1, 5, 2, 1, 4, 40, 5, 1, 3, 1, 4, 5, 5, 5, 1, 1, 2, 3, 2, 3, 1, 4, 3, 5, 
20: 0, 4, 0, 0, 4, 2, 1, 5, 4, 1, 0, 0, 3, 1, 5, 1, 4, 3, 2, 0, 10, 0, 0, 0, 2, 0, 1, 0, 43, 0, 0, 0, 0, 0, 0, 2, 4, 41, 2, 2, 5, 5, 4, 0, 0, 5, 0, 0, 0, 0, 0, 1, 0, 0, 0, 3, 0, 0, 42, 0, 0, 0, 1, 0, 1, 44, 2, 0, 2, 0, 0, 2, 0, 0, 0, 0, 4, 5, 2, 5, 0, 0, 1, 1, 0, 2, 0, 44, 2, 5, 2, 0, 0, 1, 1, 1, 5, 0, 5, 4, 0, 0, 1, 5, 3, 42, 0, 5, 1, 3, 0, 5, 0, 0, 4, 2, 3, 0, 0, 0, 3, 0, 5, 1, 4, 0, 3, 0, 4, 3, 10, 4, 2, 0, 0, 5, 0, 0, 1, 4, 0, 1, 0, 5, 1, 4, 0, 0, 0, 6, 4, 1, 3, 0, 0, 0, 0, 41, 0, 0, 4, 4, 0, 0, 3, 1, 0, 3, 0, 0, 1, 5, 0, 0, 1, 0, 44, 5, 0, 0, 0, 0, 0, 1, 0, 2, 0, 0, 4, 0, 1, 4, 0, 1, 0, 0, 0, 1, 2, 5, : 4, 4, 2, 1, 5, 4, 1, 3, 1, 5, 1, 4, 3, 2, 10, 2, 1, 43, 2, 4, 41, 2, 2, 5, 5, 4, 5, 1, 3, 42, 1, 1, 44, 2, 2, 2, 4, 5, 2, 5, 1, 1, 2, 44, 2, 5, 2, 1, 1, 1, 5, 5, 4, 1, 5, 3, 42, 5, 1, 3, 5, 4, 2, 3, 3, 5, 1, 4, 3, 4, 3, 10, 4, 2, 5, 1, 4, 1, 5, 1, 4, 6, 4, 1, 3, 41, 4, 4, 3, 1, 3, 1, 5, 1, 44, 5, 1, 2, 4, 1, 4, 1, 1, 2, 5, 
18: 0, 4, 5, 1, 0, 0, 2, 2, 3, 2, 40, 0, 4, 4, 4, 2, 3, 0, 0, 0, 1, 0, 0, 4, 3, 0, 0, 0, 0, 0, 0, 1, 0, 0, 0, 0, 5, 0, 5, 4, 3, 0, 2, 3, 5, 3, 0, 0, 5, 0, 2, 1, 0, 0, 0, 0, 0, 3, 0, 1, 0, 0, 2, 0, 5, 0, 2, 0, 4, 5, 3, 0, 4, 4, 0, 0, 3, 3, 5, 5, 4, 0, 0, 1, 1, 41, 0, 0, 3, 41, 5, 0, 0, 5, 1, 40, 43, 0, 4, 0, 0, 0, 5, 4, 2, 0, 3, 2, 5, 0, 0, 3, 0, 2, 1, 3, 3, 0, 0, 0, 0, 42, 3, 1, 3, 1, 0, 1, 1, 5, 1, 5, 0, 0, 1, 4, 4, 0, 4, 2, 0, 2, 0, 2, 3, 0, 5, 3, 4, 3, 3, 1, 4, 0, 4, 0, 0, 0, 0, 4, 5, 0, 0, 0, 0, 3, 0, 0, 0, 0, 0, 3, 0, 0, 0, 3, 0, 0, 0, 0, 1, 0, 0, 2, 4, 3, 1, 0, 2, 0, 3, 2, 2, 5, 1, 0, 0, 0, 5, 8, : 4, 5, 1, 2, 2, 3, 2, 40, 4, 4, 4, 2, 3, 1, 4, 3, 1, 5, 5, 4, 3, 2, 3, 5, 3, 5, 2, 1, 3, 1, 2, 5, 2, 4, 5, 3, 4, 4, 3, 3, 5, 5, 4, 1, 1, 41, 3, 41, 5, 5, 1, 40, 43, 4, 5, 4, 2, 3, 2, 5, 3, 2, 1, 3, 3, 42, 3, 1, 3, 1, 1, 1, 5, 1, 5, 1, 4, 4, 4, 2, 2, 2, 3, 5, 3, 4, 3, 3, 1, 4, 4, 4, 5, 3, 3, 3, 1, 2, 4, 3, 1, 2, 3, 2, 2, 5, 1, 5, 8, 
17: 2, 5, 0, 0, 0, 0, 1, 1, 1, 3, 5, 2, 4, 0, 5, 0, 2, 40, 0, 0, 1, 2, 43, 0, 5, 0, 0, 5, 0, 0, 0, 0, 0, 5, 0, 0, 1, 0, 4, 5, 0, 0, 1, 0, 0, 2, 0, 2, 0, 0, 5, 4, 0, 0, 0, 2, 0, 1, 0, 1, 0, 1, 0, 5, 3, 2, 3, 1, 5, 0, 0, 1, 43, 0, 0, 0, 0, 2, 3, 0, 3, 1, 0, 1, 0, 2, 0, 0, 1, 4, 4, 0, 1, 1, 5, 0, 0, 0, 4, 5, 0, 1, 4, 2, 0, 0, 2, 4, 1, 1, 0, 2, 0, 4, 4, 4, 0, 0, 5, 0, 0, 0, 2, 2, 0, 0, 0, 0, 3, 3, 2, 0, 3, 43, 3, 2, 4, 0, 0, 3, 0, 4, 2, 4, 3, 0, 43, 0, 1, 3, 4, 1, 5, 0, 1, 0, 0, 4, 0, 0, 4, 0, 5, 0, 0, 0, 0, 1, 3, 1, 0, 4, 1, 4, 0, 0, 1, 0, 0, 40, 3, 0, 0, 2, 0, 4, 3, 3, 3, 1, 1, 4, 5, 5, 42, 0, 0, 1, 3, 1, : 2, 5, 1, 1, 1, 3, 5, 2, 4, 5, 2, 40, 1, 2, 43, 5, 5, 5, 1, 4, 5, 1, 2, 2, 5, 4, 2, 1, 1, 1, 5, 3, 2, 3, 1, 5, 1, 43, 2, 3, 3, 1, 1, 2, 1, 4, 4, 1, 1, 5, 4, 5, 1, 4, 2, 2, 4, 1, 1, 2, 4, 4, 4, 5, 2, 2, 3, 3, 2, 3, 43, 3, 2, 4, 3, 4, 2, 4, 3, 43, 1, 3, 4, 1, 5, 1, 4, 4, 5, 1, 3, 1, 4, 1, 4, 1, 40, 3, 2, 4, 3, 3, 3, 1, 1, 4, 5, 5, 42, 1, 3, 1, 
8: 0, 2, 0, 0, 0, 3, 5, 1, 3, 2, 0, 5, 3, 3, 1, 0, 4, 0, 0, 3, 5, 4, 1, 1, 5, 0, 0, 1, 2, 0, 0, 4, 0, 1, 0, 5, 5, 0, 5, 1, 0, 0, 5, 0, 0, 4, 0, 0, 1, 0, 0, 2, 1, 0, 0, 0, 0, 0, 0, 2, 4, 0, 4, 0, 4, 0, 4, 44, 4, 3, 0, 0, 1, 43, 0, 0, 0, 1, 4, 4, 2, 0, 3, 0, 0, 1, 4, 0, 0, 0, 1, 0, 3, 1, 1, 0, 1, 1, 1, 0, 5, 2, 3, 1, 0, 0, 1, 3, 5, 1, 0, 4, 0, 3, 4, 4, 3, 2, 0, 2, 0, 2, 5, 0, 0, 0, 0, 3, 3, 4, 1, 0, 1, 1, 3, 1, 2, 0, 1, 0, 3, 0, 2, 5, 1, 0, 0, 42, 0, 2, 3, 0, 2, 2, 0, 0, 0, 0, 0, 42, 5, 4, 0, 0, 4, 40, 0, 0, 1, 42, 0, 3, 3, 0, 0, 0, 0, 0, 2, 0, 0, 5, 0, 4, 0, 3, 1, 1, 41, 5, 0, 2, 0, 2, 0, 0, 0, 0, 1, 3, : 2, 3, 5, 1, 3, 2, 5, 3, 3, 1, 4, 3, 5, 4, 1, 1, 5, 1, 2, 4, 1, 5, 5, 5, 1, 5, 4, 1, 2, 1, 2, 4, 4, 4, 4, 44, 4, 3, 1, 43, 1, 4, 4, 2, 3, 1, 4, 1, 3, 1, 1, 1, 1, 1, 5, 2, 3, 1, 1, 3, 5, 1, 4, 3, 4, 4, 3, 2, 2, 2, 5, 3, 3, 4, 1, 1, 1, 3, 1, 2, 1, 3, 2, 5, 1, 42, 2, 3, 2, 2, 42, 5, 4, 4, 40, 1, 42, 3, 3, 2, 5, 4, 3, 1, 1, 41, 5, 2, 2, 1, 3, 
1: 0, 0, 0, 0, 1, 1, 3, 3, 4, 2, 2, 0, 3, 0, 5, 0, 5, 4, 0, 0, 2, 0, 2, 0, 2, 0, 0, 1, 0, 0, 41, 5, 0, 4, 0, 0, 3, 0, 1, 4, 0, 3, 1, 41, 0, 5, 0, 0, 0, 0, 41, 3, 0, 2, 0, 2, 0, 2, 0, 4, 2, 2, 3, 0, 4, 0, 1, 1, 5, 2, 0, 1, 2, 0, 42, 0, 3, 3, 2, 2, 1, 0, 3, 1, 0, 2, 1, 2, 0, 0, 4, 4, 0, 1, 4, 3, 0, 0, 4, 1, 0, 0, 3, 5, 1, 2, 0, 2, 3, 5, 0, 5, 2, 3, 3, 5, 5, 0, 5, 1, 42, 0, 5, 0, 0, 0, 0, 0, 5, 3, 2, 0, 41, 0, 0, 1, 3, 2, 42, 0, 5, 1, 1, 2, 4, 0, 0, 0, 0, 3, 3, 0, 4, 3, 42, 4, 42, 5, 0, 0, 2, 0, 0, 0, 0, 1, 4, 1, 1, 3, 0, 5, 0, 0, 0, 0, 0, 0, 1, 0, 0, 3, 42, 1, 0, 1, 0, 0, 0, 1, 0, 2, 4, 2, 3, 3, 0, 0, 4, 4, : 1, 1, 3, 3, 4, 2, 2, 3, 5, 5, 4, 2, 2, 2, 1, 41, 5, 4, 3, 1, 4, 3, 1, 41, 5, 41, 3, 2, 2, 2, 4, 2, 2, 3, 4, 1, 1, 5, 2, 1, 2, 42, 3, 3, 2, 2, 1, 3, 1, 2, 1, 2, 4, 4, 1, 4, 3, 4, 1, 3, 5, 1, 2, 2, 3, 5, 5, 2, 3, 3, 5, 5, 5, 1, 42, 5, 5, 3, 2, 41, 1, 3, 2, 42, 5, 1, 1, 2, 4, 3, 3, 4, 3, 42, 4, 42, 5, 2, 1, 4, 1, 1, 3, 5, 1, 3, 42, 1, 1, 1, 2, 4, 2, 3, 3, 4, 4, 
2: 0, 1, 3, 0, 4, 0, 4, 3, 1, 3, 0, 0, 3, 5, 4, 5, 5, 0, 2, 0, 1, 0, 0, 0, 1, 3, 1, 44, 4, 1, 5, 1, 0, 0, 0, 0, 2, 0, 4, 4, 1, 0, 4, 4, 4, 2, 5, 0, 0, 0, 0, 2, 3, 0, 0, 0, 0, 0, 3, 5, 42, 0, 1, 5, 1, 0, 2, 0, 2, 0, 5, 2, 0, 0, 0, 4, 0, 4, 4, 2, 2, 44, 0, 1, 0, 0, 0, 5, 0, 2, 2, 4, 4, 3, 0, 1, 5, 1, 2, 0, 2, 0, 5, 4, 2, 0, 40, 4, 2, 0, 0, 2, 5, 0, 5, 1, 2, 0, 0, 0, 3, 3, 2, 3, 0, 0, 0, 0, 4, 3, 3, 0, 0, 3, 40, 4, 4, 0, 0, 2, 0, 0, 0, 3, 4, 42, 0, 2, 3, 4, 5, 0, 5, 1, 5, 0, 0, 0, 4, 3, 1, 0, 0, 0, 2, 1, 1, 3, 1, 0, 4, 1, 0, 0, 2, 0, 0, 0, 0, 0, 0, 0, 0, 2, 0, 0, 0, 0, 1, 0, 0, 4, 3, 5, 0, 0, 3, 3, 4, 3, : 1, 3, 4, 4, 3, 1, 3, 3, 5, 4, 5, 5, 2, 1, 1, 3, 1, 44, 4, 1, 5, 1, 2, 4, 4, 1, 4, 4, 4, 2, 5, 2, 3, 3, 5, 42, 1, 5, 1, 2, 2, 5, 2, 4, 4, 4, 2, 2, 44, 1, 5, 2, 2, 4, 4, 3, 1, 5, 1, 2, 2, 5, 4, 2, 40, 4, 2, 2, 5, 5, 1, 2, 3, 3, 2, 3, 4, 3, 3, 3, 40, 4, 4, 2, 3, 4, 42, 2, 3, 4, 5, 5, 1, 5, 4, 3, 1, 2, 1, 1, 3, 1, 4, 1, 2, 2, 1, 4, 3, 5, 3, 3, 4, 3, 
16: 0, 2, 2, 5, 1, 3, 5, 4, 3, 5, 0, 5, 2, 44, 3, 0, 5, 0, 0, 5, 1, 0, 0, 0, 3, 0, 43, 0, 0, 0, 0, 41, 0, 0, 0, 0, 4, 5, 1, 2, 0, 42, 2, 0, 1, 1, 4, 0, 0, 4, 4, 1, 3, 3, 5, 2, 0, 0, 5, 5, 0, 0, 0, 4, 2, 0, 4, 4, 5, 0, 40, 0, 0, 3, 1, 4, 0, 1, 2, 2, 5, 2, 0, 1, 0, 5, 3, 2, 0, 4, 2, 0, 1, 4, 0, 1, 0, 2, 3, 4, 0, 1, 3, 2, 3, 0, 3, 2, 5, 1, 0, 2, 0, 0, 2, 3, 4, 5, 0, 4, 0, 0, 3, 0, 1, 4, 0, 4, 1, 5, 3, 0, 0, 0, 2, 3, 1, 0, 0, 2, 5, 0, 42, 1, 1, 0, 2, 0, 0, 4, 2, 4, 3, 3, 0, 0, 0, 3, 0, 2, 3, 0, 41, 5, 0, 0, 0, 0, 0, 2, 0, 4, 4, 44, 0, 0, 0, 5, 2, 0, 0, 0, 3, 5, 2, 1, 4, 4, 1, 0, 2, 3, 0, 5, 4, 0, 1, 0, 1, 1, : 2, 2, 5, 1, 3, 5, 4, 3, 5, 5, 2, 44, 3, 5, 5, 1, 3, 43, 41, 4, 5, 1, 2, 42, 2, 1, 1, 4, 4, 4, 1, 3, 3, 5, 2, 5, 5, 4, 2, 4, 4, 5, 40, 3, 1, 4, 1, 2, 2, 5, 2, 1, 5, 3, 2, 4, 2, 1, 4, 1, 2, 3, 4, 1, 3, 2, 3, 3, 2, 5, 1, 2, 2, 3, 4, 5, 4, 3, 1, 4, 4, 1, 5, 3, 2, 3, 1, 2, 5, 42, 1, 1, 2, 4, 2, 4, 3, 3, 3, 2, 3, 41, 5, 2, 4, 4, 44, 5, 2, 3, 5, 2, 1, 4, 4, 1, 2, 3, 5, 4, 1, 1, 1, 
7: 5, 0, 1, 5, 0, 1, 4, 2, 4, 1, 0, 4, 4, 0, 1, 1, 5, 4, 0, 0, 3, 0, 2, 0, 1, 0, 0, 0, 1, 43, 0, 0, 0, 44, 5, 5, 5, 1, 5, 5, 0, 0, 3, 0, 0, 2, 2, 0, 0, 0, 0, 3, 0, 41, 0, 0, 0, 1, 0, 5, 0, 1, 0, 1, 2, 0, 3, 1, 1, 0, 0, 3, 0, 1, 0, 5, 1, 4, 2, 5, 3, 1, 0, 0, 5, 0, 0, 1, 0, 0, 4, 2, 0, 5, 1, 0, 0, 0, 2, 2, 0, 0, 2, 3, 42, 0, 0, 3, 4, 0, 0, 5, 0, 0, 2, 3, 2, 5, 0, 0, 4, 0, 5, 0, 1, 0, 0, 3, 4, 0, 4, 0, 2, 0, 3, 2, 4, 0, 0, 0, 0, 0, 0, 3, 5, 5, 0, 4, 0, 2, 1, 2, 1, 0, 0, 0, 4, 0, 42, 0, 3, 0, 0, 0, 0, 5, 0, 4, 3, 3, 0, 3, 0, 0, 0, 0, 0, 43, 3, 3, 0, 5, 0, 4, 0, 5, 0, 0, 0, 0, 1, 3, 2, 4, 2, 5, 44, 0, 3, 2, : 5, 1, 5, 1, 4, 2, 4, 1, 4, 4, 1, 1, 5, 4, 3, 2, 1, 1, 43, 44, 5, 5, 5, 1, 5, 5, 3, 2, 2, 3, 41, 1, 5, 1, 1, 2, 3, 1, 1, 3, 1, 5, 1, 4, 2, 5, 3, 1, 5, 1, 4, 2, 5, 1, 2, 2, 2, 3, 42, 3, 4, 5, 2, 3, 2, 5, 4, 5, 1, 3, 4, 4, 2, 3, 2, 4, 3, 5, 5, 4, 2, 1, 2, 1, 4, 42, 3, 5, 4, 3, 3, 3, 43, 3, 3, 5, 4, 5, 1, 3, 2, 4, 2, 5, 44, 3, 2, 


