
200
100
60
5

100: 3, 0, 1, 0, 0, 1, 5, 0, 0, 0, 0, 0, 4, 4, 0, 5, 2, 2, 5, 5, 0, 1, 1, 4, 3, 43, 3, 5, 0, 3, 0, 0, 3, 3, 0, 3, 0, 1, 0, 0, 42, 0, 0, 0, 40, 1, 0, 0, 3, 1, 5, 1, 41, 4, 3, 0, 3, 2, 1, 2, 0, 0, 5, 3, 0, 3, 3, 0, 2, 0, 3, 42, 0, 0, 1, 0, 0, 0, 5, 5, 0, 0, 0, 0, 0, 0, 0, 3, 3, 4, 1, 1, 0, 2, 0, 5, 0, 0, 0, 1, 0, 5, 0, 2, 1, 0, 0, 4, 0, 0, 5, 2, 5, 0, 0, 6, 1, 3, 5, 1, 3, 0, 0, 4, 1, 0, 2, 1, 0, 1, 3, 0, 1, 0, 5, 2, 4, 0, 3, 41, 0, 0, 1, 0, 0, 3, 1, 0, 4, 3, 1, 44, 0, 7, 5, 3, 0, 5, 0, 2, 0, 0, 0, 44, 0, 3, 1, 41, 0, 0, 3, 0, 2, 0, 1, 0, 0, 1, 3, 44, 0, 1, 0, 0, 3, 5, 0, 7, 3, 0, 2, 0, 0, 0, 0, 0, 1, 0, 9, 0, : 3, 1, 1, 5, 4, 4, 5, 2, 2, 5, 5, 1, 1, 4, 3, 43, 3, 5, 3, 3, 3, 3, 1, 42, 40, 1, 3, 1, 5, 1, 41, 4, 3, 3, 2, 1, 2, 5, 3, 3, 3, 2, 3, 42, 1, 5, 5, 3, 3, 4, 1, 1, 2, 5, 1, 5, 2, 1, 4, 5, 2, 5, 6, 1, 3, 5, 1, 3, 4, 1, 2, 1, 1, 3, 1, 5, 2, 4, 3, 41, 1, 3, 1, 4, 3, 1, 44, 7, 5, 3, 5, 2, 44, 3, 1, 41, 3, 2, 1, 1, 3, 44, 1, 3, 5, 7, 3, 2, 1, 9, 
53: 0, 0, 0, 2, 0, 2, 5, 5, 42, 0, 0, 2, 0, 0, 0, 5, 0, 0, 0, 5, 44, 5, 0, 0, 2, 0, 0, 2, 2, 4, 4, 1, 4, 1, 0, 0, 0, 3, 0, 1, 0, 3, 0, 0, 0, 5, 4, 4, 0, 3, 0, 3, 3, 4, 5, 4, 7, 9, 2, 2, 0, 1, 3, 0, 0, 3, 0, 0, 41, 0, 5, 0, 1, 0, 1, 0, 4, 1, 0, 1, 2, 0, 0, 0, 0, 0, 3, 0, 4, 0, 0, 0, 1, 3, 2, 0, 2, 0, 1, 0, 40, 4, 4, 5, 0, 5, 0, 5, 0, 1, 0, 0, 2, 0, 1, 2, 1, 5, 5, 1, 4, 0, 1, 4, 0, 0, 0, 2, 0, 3, 4, 0, 0, 0, 0, 0, 0, 0, 2, 0, 0, 44, 1, 0, 1, 3, 0, 0, 0, 0, 0, 5, 0, 4, 4, 0, 2, 3, 0, 1, 0, 0, 0, 0, 0, 2, 0, 0, 0, 1, 0, 0, 0, 4, 4, 5, 0, 3, 0, 0, 0, 0, 0, 5, 4, 5, 0, 3, 4, 3, 1, 0, 1, 1, 0, 4, 0, 4, 4, 43, : 2, 2, 5, 5, 42, 2, 5, 5, 44, 5, 2, 2, 2, 4, 4, 1, 4, 1, 3, 1, 3, 5, 4, 4, 3, 3, 3, 4, 5, 4, 7, 9, 2, 2, 1, 3, 3, 41, 5, 1, 1, 4, 1, 1, 2, 3, 4, 1, 3, 2, 2, 1, 40, 4, 4, 5, 5, 5, 1, 2, 1, 2, 1, 5, 5, 1, 4, 1, 4, 2, 3, 4, 2, 44, 1, 1, 3, 5, 4, 4, 2, 3, 1, 2, 1, 4, 4, 5, 3, 5, 4, 5, 3, 4, 3, 1, 1, 1, 4, 4, 4, 43, 
56: 2, 0, 0, 0, 0, 0, 0, 5, 5, 1, 3, 5, 0, 4, 0, 5, 4, 44, 0, 4, 2, 0, 3, 3, 1, 3, 0, 4, 2, 5, 3, 0, 2, 0, 4, 0, 0, 3, 0, 0, 0, 0, 0, 3, 0, 2, 0, 0, 1, 5, 3, 5, 0, 3, 0, 0, 1, 2, 3, 1, 5, 3, 0, 0, 0, 1, 1, 0, 1, 3, 2, 3, 2, 1, 3, 0, 0, 0, 0, 5, 2, 0, 2, 0, 2, 0, 0, 0, 41, 0, 0, 0, 0, 5, 0, 3, 0, 1, 3, 0, 0, 5, 0, 0, 0, 2, 0, 3, 0, 1, 4, 0, 5, 0, 0, 3, 0, 2, 1, 2, 3, 0, 0, 4, 0, 5, 1, 2, 0, 1, 0, 0, 3, 4, 0, 0, 2, 0, 1, 0, 0, 0, 0, 2, 44, 5, 0, 0, 0, 3, 3, 5, 1, 5, 4, 0, 0, 0, 3, 40, 0, 0, 3, 1, 0, 5, 0, 0, 0, 0, 0, 0, 4, 0, 7, 0, 0, 4, 0, 0, 4, 4, 0, 1, 3, 3, 2, 1, 3, 0, 4, 0, 2, 3, 0, 0, 4, 2, 3, 3, : 2, 5, 5, 1, 3, 5, 4, 5, 4, 44, 4, 2, 3, 3, 1, 3, 4, 2, 5, 3, 2, 4, 3, 3, 2, 1, 5, 3, 5, 3, 1, 2, 3, 1, 5, 3, 1, 1, 1, 3, 2, 3, 2, 1, 3, 5, 2, 2, 2, 41, 5, 3, 1, 3, 5, 2, 3, 1, 4, 5, 3, 2, 1, 2, 3, 4, 5, 1, 2, 1, 3, 4, 2, 1, 2, 44, 5, 3, 3, 5, 1, 5, 4, 3, 40, 3, 1, 5, 4, 7, 4, 4, 4, 1, 3, 3, 2, 1, 3, 4, 2, 3, 4, 2, 3, 3, 
16: 43, 0, 0, 0, 4, 3, 1, 0, 0, 4, 2, 4, 0, 0, 0, 2, 0, 0, 0, 1, 4, 0, 0, 5, 4, 0, 0, 5, 0, 4, 0, 0, 1, 1, 0, 0, 0, 1, 0, 4, 0, 0, 0, 4, 0, 3, 0, 0, 0, 2, 0, 44, 0, 3, 0, 0, 2, 3, 4, 1, 0, 0, 0, 3, 0, 4, 0, 2, 0, 42, 4, 4, 0, 0, 4, 0, 2, 4, 4, 5, 43, 3, 0, 0, 0, 0, 1, 1, 0, 0, 3, 3, 0, 3, 43, 3, 0, 0, 2, 0, 2, 2, 4, 3, 0, 0, 1, 5, 0, 5, 4, 42, 0, 0, 5, 5, 0, 5, 0, 2, 1, 5, 0, 2, 0, 5, 0, 1, 2, 4, 0, 0, 1, 0, 0, 0, 0, 4, 1, 0, 0, 0, 0, 0, 1, 3, 0, 2, 0, 5, 0, 2, 0, 1, 2, 3, 2, 2, 1, 0, 2, 2, 0, 0, 5, 3, 0, 5, 2, 1, 2, 5, 0, 0, 3, 0, 0, 3, 0, 0, 0, 1, 0, 0, 2, 4, 1, 1, 3, 0, 42, 2, 2, 1, 1, 2, 0, 0, 2, 0, : 43, 4, 3, 1, 4, 2, 4, 2, 1, 4, 5, 4, 5, 4, 1, 1, 1, 4, 4, 3, 2, 44, 3, 2, 3, 4, 1, 3, 4, 2, 42, 4, 4, 4, 2, 4, 4, 5, 43, 3, 1, 1, 3, 3, 3, 43, 3, 2, 2, 2, 4, 3, 1, 5, 5, 4, 42, 5, 5, 5, 2, 1, 5, 2, 5, 1, 2, 4, 1, 4, 1, 1, 3, 2, 5, 2, 1, 2, 3, 2, 2, 1, 2, 2, 5, 3, 5, 2, 1, 2, 5, 3, 3, 1, 2, 4, 1, 1, 3, 42, 2, 2, 1, 1, 2, 2, 
96: 0, 0, 2, 0, 0, 0, 0, 0, 0, 0, 43, 0, 0, 1, 0, 0, 0, 0, 0, 2, 0, 0, 0, 0, 1, 0, 0, 3, 3, 4, 0, 2, 42, 3, 5, 0, 2, 4, 1, 0, 1, 2, 5, 0, 0, 2, 0, 0, 0, 3, 2, 1, 0, 1, 5, 0, 4, 3, 5, 4, 0, 1, 0, 0, 0, 3, 0, 0, 0, 0, 3, 2, 0, 1, 0, 1, 0, 0, 1, 5, 1, 3, 4, 0, 5, 41, 0, 3, 0, 0, 0, 0, 1, 5, 0, 4, 5, 0, 4, 0, 5, 4, 1, 5, 0, 0, 5, 3, 4, 5, 1, 0, 4, 3, 0, 2, 0, 4, 0, 1, 7, 2, 0, 3, 0, 0, 3, 2, 2, 4, 4, 0, 3, 2, 0, 4, 0, 1, 5, 5, 1, 0, 0, 4, 0, 4, 0, 5, 1, 5, 3, 0, 0, 5, 1, 0, 3, 4, 1, 5, 1, 3, 0, 0, 3, 4, 5, 0, 0, 4, 0, 3, 0, 0, 2, 43, 0, 3, 1, 4, 4, 0, 0, 44, 3, 4, 0, 5, 0, 0, 2, 0, 3, 42, 0, 0, 0, 41, 2, 3, : 2, 43, 1, 2, 1, 3, 3, 4, 2, 42, 3, 5, 2, 4, 1, 1, 2, 5, 2, 3, 2, 1, 1, 5, 4, 3, 5, 4, 1, 3, 3, 2, 1, 1, 1, 5, 1, 3, 4, 5, 41, 3, 1, 5, 4, 5, 4, 5, 4, 1, 5, 5, 3, 4, 5, 1, 4, 3, 2, 4, 1, 7, 2, 3, 3, 2, 2, 4, 4, 3, 2, 4, 1, 5, 5, 1, 4, 4, 5, 1, 5, 3, 5, 1, 3, 4, 1, 5, 1, 3, 3, 4, 5, 4, 3, 2, 43, 3, 1, 4, 4, 44, 3, 4, 5, 2, 3, 42, 41, 2, 3, 
76: 5, 0, 1, 0, 5, 3, 2, 40, 1, 0, 0, 1, 1, 0, 0, 3, 0, 5, 0, 5, 0, 0, 1, 0, 3, 0, 0, 0, 0, 4, 0, 0, 0, 4, 3, 2, 1, 3, 2, 0, 0, 0, 3, 4, 5, 2, 0, 0, 0, 4, 0, 0, 0, 2, 3, 0, 1, 2, 4, 5, 1, 4, 0, 1, 4, 2, 0, 0, 1, 0, 5, 0, 1, 1, 3, 0, 0, 43, 0, 4, 2, 0, 0, 3, 0, 2, 0, 0, 1, 1, 0, 43, 0, 1, 3, 0, 0, 3, 1, 0, 4, 1, 0, 5, 0, 0, 0, 0, 1, 1, 2, 0, 4, 0, 4, 3, 4, 4, 0, 4, 1, 0, 0, 3, 0, 0, 0, 9, 0, 1, 5, 3, 1, 0, 1, 0, 0, 2, 1, 0, 1, 0, 0, 0, 3, 5, 3, 4, 1, 4, 0, 0, 0, 1, 4, 5, 43, 0, 1, 0, 40, 1, 0, 0, 0, 2, 0, 0, 0, 3, 0, 0, 0, 2, 3, 0, 40, 7, 2, 0, 0, 0, 4, 0, 1, 5, 0, 6, 5, 3, 0, 2, 0, 0, 0, 0, 3, 3, 1, 0, : 5, 1, 5, 3, 2, 40, 1, 1, 1, 3, 5, 5, 1, 3, 4, 4, 3, 2, 1, 3, 2, 3, 4, 5, 2, 4, 2, 3, 1, 2, 4, 5, 1, 4, 1, 4, 2, 1, 5, 1, 1, 3, 43, 4, 2, 3, 2, 1, 1, 43, 1, 3, 3, 1, 4, 1, 5, 1, 1, 2, 4, 4, 3, 4, 4, 4, 1, 3, 9, 1, 5, 3, 1, 1, 2, 1, 1, 3, 5, 3, 4, 1, 4, 1, 4, 5, 43, 1, 40, 1, 2, 3, 2, 3, 40, 7, 2, 4, 1, 5, 6, 5, 3, 2, 3, 3, 1, 
65: 0, 3, 5, 0, 0, 0, 0, 0, 0, 0, 0, 0, 4, 0, 4, 5, 0, 0, 5, 5, 0, 0, 0, 0, 3, 1, 2, 5, 0, 5, 0, 1, 0, 0, 0, 1, 3, 4, 41, 4, 1, 0, 0, 0, 4, 5, 0, 4, 1, 5, 2, 0, 2, 1, 0, 0, 1, 3, 2, 3, 0, 0, 0, 0, 0, 1, 42, 0, 2, 1, 5, 0, 0, 0, 0, 0, 0, 4, 0, 0, 0, 0, 0, 0, 1, 0, 0, 0, 5, 1, 1, 3, 0, 2, 1, 2, 0, 1, 0, 2, 3, 4, 2, 3, 0, 0, 0, 1, 0, 2, 3, 1, 3, 0, 0, 5, 1, 1, 0, 1, 3, 0, 4, 1, 0, 1, 0, 3, 0, 3, 0, 0, 0, 0, 0, 40, 0, 0, 1, 4, 5, 0, 0, 0, 0, 2, 0, 42, 0, 1, 43, 0, 3, 4, 3, 0, 2, 0, 0, 4, 0, 3, 2, 3, 5, 5, 0, 0, 0, 0, 0, 0, 40, 0, 2, 0, 0, 1, 3, 0, 0, 4, 2, 0, 2, 2, 0, 1, 0, 0, 1, 0, 0, 0, 1, 3, 0, 1, 1, 2, : 3, 5, 4, 4, 5, 5, 5, 3, 1, 2, 5, 5, 1, 1, 3, 4, 41, 4, 1, 4, 5, 4, 1, 5, 2, 2, 1, 1, 3, 2, 3, 1, 42, 2, 1, 5, 4, 1, 5, 1, 1, 3, 2, 1, 2, 1, 2, 3, 4, 2, 3, 1, 2, 3, 1, 3, 5, 1, 1, 1, 3, 4, 1, 1, 3, 3, 40, 1, 4, 5, 2, 42, 1, 43, 3, 4, 3, 2, 4, 3, 2, 3, 5, 5, 40, 2, 1, 3, 4, 2, 2, 2, 1, 1, 1, 3, 1, 1, 2, 
15: 0, 3, 0, 0, 0, 4, 0, 0, 0, 0, 0, 3, 0, 0, 1, 0, 0, 2, 0, 1, 3, 0, 0, 0, 2, 0, 0, 4, 44, 1, 0, 41, 3, 0, 4, 0, 5, 2, 5, 0, 2, 1, 3, 0, 5, 5, 3, 3, 5, 1, 0, 0, 0, 2, 0, 0, 1, 2, 4, 7, 0, 0, 42, 0, 1, 2, 4, 44, 2, 0, 1, 0, 0, 2, 4, 0, 3, 0, 0, 1, 0, 2, 0, 0, 5, 3, 44, 0, 2, 0, 0, 0, 44, 5, 1, 2, 43, 5, 0, 2, 0, 5, 0, 2, 1, 0, 0, 2, 0, 0, 5, 0, 3, 0, 0, 4, 0, 5, 0, 5, 3, 0, 0, 4, 0, 44, 3, 5, 2, 1, 0, 0, 3, 4, 0, 2, 2, 0, 2, 0, 0, 1, 0, 4, 5, 4, 0, 0, 0, 0, 0, 0, 0, 4, 3, 0, 0, 0, 0, 1, 0, 0, 0, 0, 0, 5, 0, 0, 0, 3, 2, 41, 0, 0, 2, 0, 0, 3, 1, 3, 4, 0, 0, 0, 5, 0, 4, 1, 4, 1, 0, 0, 0, 0, 4, 43, 0, 0, 5, 0, : 3, 4, 3, 1, 2, 1, 3, 2, 4, 44, 1, 41, 3, 4, 5, 2, 5, 2, 1, 3, 5, 5, 3, 3, 5, 1, 2, 1, 2, 4, 7, 42, 1, 2, 4, 44, 2, 1, 2, 4, 3, 1, 2, 5, 3, 44, 2, 44, 5, 1, 2, 43, 5, 2, 5, 2, 1, 2, 5, 3, 4, 5, 5, 3, 4, 44, 3, 5, 2, 1, 3, 4, 2, 2, 2, 1, 4, 5, 4, 4, 3, 1, 5, 3, 2, 41, 2, 3, 1, 3, 4, 5, 4, 1, 4, 1, 4, 43, 5, 
97: 5, 40, 0, 0, 40, 0, 1, 0, 0, 42, 0, 0, 0, 44, 0, 4, 4, 0, 0, 3, 0, 0, 0, 42, 2, 5, 0, 2, 0, 5, 4, 0, 0, 0, 1, 2, 0, 2, 0, 0, 0, 2, 0, 0, 0, 3, 0, 4, 0, 3, 44, 0, 1, 4, 0, 0, 3, 1, 2, 1, 0, 0, 0, 0, 0, 1, 1, 0, 1, 0, 4, 0, 1, 41, 0, 1, 0, 0, 0, 4, 0, 1, 0, 2, 0, 0, 0, 0, 0, 0, 0, 0, 0, 3, 0, 5, 0, 0, 0, 0, 0, 4, 0, 2, 2, 0, 4, 3, 0, 0, 1, 0, 5, 0, 4, 5, 2, 2, 0, 1, 3, 0, 41, 5, 5, 0, 42, 2, 0, 3, 0, 0, 1, 2, 4, 2, 0, 0, 4, 0, 0, 1, 0, 0, 1, 3, 42, 4, 41, 4, 3, 0, 0, 3, 1, 0, 4, 0, 2, 1, 0, 0, 0, 0, 0, 5, 3, 2, 0, 1, 5, 4, 4, 1, 2, 1, 4, 1, 0, 3, 1, 0, 40, 3, 3, 1, 0, 2, 4, 5, 2, 5, 0, 1, 0, 2, 2, 3, 2, 0, : 5, 40, 40, 1, 42, 44, 4, 4, 3, 42, 2, 5, 2, 5, 4, 1, 2, 2, 2, 3, 4, 3, 44, 1, 4, 3, 1, 2, 1, 1, 1, 1, 4, 1, 41, 1, 4, 1, 2, 3, 5, 4, 2, 2, 4, 3, 1, 5, 4, 5, 2, 2, 1, 3, 41, 5, 5, 42, 2, 3, 1, 2, 4, 2, 4, 1, 1, 3, 42, 4, 41, 4, 3, 3, 1, 4, 2, 1, 5, 3, 2, 1, 5, 4, 4, 1, 2, 1, 4, 1, 3, 1, 40, 3, 3, 1, 2, 4, 5, 2, 5, 1, 2, 2, 3, 2, 
40: 0, 3, 0, 0, 4, 0, 3, 0, 0, 0, 0, 0, 1, 0, 43, 4, 40, 0, 0, 3, 0, 0, 0, 2, 5, 0, 40, 5, 0, 6, 5, 0, 0, 0, 0, 0, 0, 3, 0, 4, 0, 0, 0, 1, 0, 3, 2, 0, 0, 5, 0, 0, 1, 4, 0, 2, 3, 4, 4, 5, 5, 1, 0, 0, 1, 5, 0, 0, 5, 2, 2, 0, 1, 0, 42, 0, 0, 0, 0, 5, 1, 0, 2, 5, 0, 0, 0, 3, 0, 0, 0, 4, 0, 2, 3, 4, 0, 0, 2, 3, 0, 1, 1, 2, 2, 0, 1, 4, 1, 1, 5, 4, 4, 0, 0, 3, 0, 1, 0, 4, 5, 0, 0, 5, 2, 0, 0, 5, 44, 4, 0, 0, 5, 0, 0, 0, 4, 0, 3, 0, 2, 2, 0, 44, 2, 1, 1, 0, 2, 5, 0, 0, 0, 3, 4, 2, 0, 0, 0, 0, 1, 0, 0, 0, 0, 4, 1, 0, 0, 0, 2, 2, 0, 0, 4, 4, 0, 3, 0, 0, 41, 0, 5, 0, 1, 2, 2, 4, 3, 2, 0, 0, 4, 1, 0, 0, 1, 0, 3, 0, : 3, 4, 3, 1, 43, 4, 40, 3, 2, 5, 40, 5, 6, 5, 3, 4, 1, 3, 2, 5, 1, 4, 2, 3, 4, 4, 5, 5, 1, 1, 5, 5, 2, 2, 1, 42, 5, 1, 2, 5, 3, 4, 2, 3, 4, 2, 3, 1, 1, 2, 2, 1, 4, 1, 1, 5, 4, 4, 3, 1, 4, 5, 5, 2, 5, 44, 4, 5, 4, 3, 2, 2, 44, 2, 1, 1, 2, 5, 3, 4, 2, 1, 4, 1, 2, 2, 4, 4, 3, 41, 5, 1, 2, 2, 4, 3, 2, 4, 1, 1, 3, 
70: 0, 0, 0, 3, 0, 1, 1, 1, 0, 2, 0, 0, 0, 0, 5, 4, 2, 0, 43, 3, 0, 0, 0, 2, 1, 1, 0, 2, 1, 1, 0, 3, 0, 2, 0, 0, 2, 4, 0, 1, 1, 41, 0, 0, 0, 1, 2, 0, 0, 5, 0, 0, 0, 5, 0, 0, 2, 3, 5, 5, 0, 0, 0, 0, 44, 1, 0, 2, 1, 5, 4, 0, 3, 4, 0, 0, 0, 0, 3, 2, 2, 0, 0, 0, 42, 1, 1, 0, 1, 0, 0, 3, 0, 0, 0, 1, 0, 4, 0, 3, 0, 1, 0, 5, 2, 0, 0, 4, 0, 4, 4, 4, 2, 0, 0, 1, 2, 4, 0, 3, 3, 43, 5, 4, 0, 0, 0, 5, 4, 5, 0, 5, 0, 5, 0, 4, 0, 0, 2, 1, 0, 0, 4, 0, 0, 4, 0, 0, 0, 2, 0, 1, 41, 4, 1, 2, 0, 40, 0, 0, 5, 3, 5, 3, 1, 3, 0, 0, 5, 4, 40, 0, 1, 0, 3, 2, 5, 2, 0, 0, 2, 2, 0, 4, 5, 0, 3, 2, 4, 0, 0, 0, 0, 3, 0, 0, 0, 1, 2, 0, : 3, 1, 1, 1, 2, 5, 4, 2, 43, 3, 2, 1, 1, 2, 1, 1, 3, 2, 2, 4, 1, 1, 41, 1, 2, 5, 5, 2, 3, 5, 5, 44, 1, 2, 1, 5, 4, 3, 4, 3, 2, 2, 42, 1, 1, 1, 3, 1, 4, 3, 1, 5, 2, 4, 4, 4, 4, 2, 1, 2, 4, 3, 3, 43, 5, 4, 5, 4, 5, 5, 5, 4, 2, 1, 4, 4, 2, 1, 41, 4, 1, 2, 40, 5, 3, 5, 3, 1, 3, 5, 4, 40, 1, 3, 2, 5, 2, 2, 2, 4, 5, 3, 2, 4, 3, 1, 2, 
98: 0, 1, 4, 1, 0, 0, 0, 0, 0, 2, 0, 0, 0, 0, 5, 5, 1, 1, 4, 1, 0, 0, 0, 0, 1, 0, 0, 1, 0, 3, 0, 0, 0, 0, 0, 3, 0, 5, 0, 0, 5, 1, 1, 0, 0, 3, 0, 4, 1, 4, 0, 0, 4, 6, 40, 0, 7, 5, 3, 2, 42, 0, 0, 4, 0, 7, 4, 4, 0, 0, 4, 1, 1, 5, 2, 0, 0, 4, 41, 4, 0, 3, 4, 42, 0, 1, 5, 1, 0, 44, 0, 0, 5, 5, 2, 4, 3, 0, 0, 4, 3, 1, 1, 3, 0, 1, 5, 3, 42, 0, 3, 0, 0, 3, 4, 4, 0, 6, 0, 5, 3, 0, 2, 4, 1, 0, 0, 2, 0, 5, 0, 0, 0, 41, 5, 0, 41, 0, 5, 1, 0, 2, 0, 0, 0, 2, 0, 2, 0, 5, 0, 0, 0, 2, 1, 1, 1, 0, 0, 3, 0, 0, 1, 2, 0, 2, 5, 4, 5, 0, 5, 0, 0, 4, 5, 0, 0, 2, 0, 4, 0, 44, 0, 0, 3, 0, 0, 5, 1, 0, 2, 41, 0, 0, 5, 0, 0, 0, 5, 0, : 1, 4, 1, 2, 5, 5, 1, 1, 4, 1, 1, 1, 3, 3, 5, 5, 1, 1, 3, 4, 1, 4, 4, 6, 40, 7, 5, 3, 2, 42, 4, 7, 4, 4, 4, 1, 1, 5, 2, 4, 41, 4, 3, 4, 42, 1, 5, 1, 44, 5, 5, 2, 4, 3, 4, 3, 1, 1, 3, 1, 5, 3, 42, 3, 3, 4, 4, 6, 5, 3, 2, 4, 1, 2, 5, 41, 5, 41, 5, 1, 2, 2, 2, 5, 2, 1, 1, 1, 3, 1, 2, 2, 5, 4, 5, 5, 4, 5, 2, 4, 44, 3, 5, 1, 2, 41, 5, 5, 
33: 0, 0, 44, 2, 2, 3, 0, 2, 0, 3, 0, 40, 1, 0, 0, 2, 0, 0, 3, 1, 0, 0, 2, 0, 5, 0, 0, 2, 0, 2, 0, 0, 2, 1, 40, 0, 4, 2, 1, 0, 0, 3, 2, 0, 0, 4, 5, 40, 2, 0, 0, 1, 1, 2, 1, 0, 2, 2, 2, 2, 0, 0, 1, 2, 1, 5, 0, 0, 0, 4, 1, 0, 1, 0, 0, 0, 0, 1, 0, 1, 0, 0, 4, 0, 0, 3, 4, 0, 0, 0, 5, 0, 5, 4, 0, 1, 1, 0, 0, 0, 0, 3, 40, 4, 0, 0, 1, 3, 0, 0, 1, 1, 4, 2, 40, 1, 2, 3, 3, 2, 3, 1, 0, 4, 5, 0, 0, 1, 0, 2, 0, 0, 0, 0, 5, 0, 3, 0, 2, 3, 3, 1, 1, 0, 0, 5, 2, 0, 0, 1, 0, 2, 3, 1, 4, 42, 1, 0, 1, 0, 0, 1, 0, 0, 0, 3, 1, 0, 0, 41, 0, 0, 0, 0, 1, 3, 0, 2, 0, 0, 0, 1, 0, 3, 2, 4, 5, 4, 4, 4, 0, 0, 0, 0, 4, 0, 42, 0, 2, 0, : 44, 2, 2, 3, 2, 3, 40, 1, 2, 3, 1, 2, 5, 2, 2, 2, 1, 40, 4, 2, 1, 3, 2, 4, 5, 40, 2, 1, 1, 2, 1, 2, 2, 2, 2, 1, 2, 1, 5, 4, 1, 1, 1, 1, 4, 3, 4, 5, 5, 4, 1, 1, 3, 40, 4, 1, 3, 1, 1, 4, 2, 40, 1, 2, 3, 3, 2, 3, 1, 4, 5, 1, 2, 5, 3, 2, 3, 3, 1, 1, 5, 2, 1, 2, 3, 1, 4, 42, 1, 1, 1, 3, 1, 41, 1, 3, 2, 1, 3, 2, 4, 5, 4, 4, 4, 4, 42, 2, 
81: 0, 0, 3, 0, 2, 1, 0, 0, 5, 1, 4, 0, 0, 0, 1, 4, 0, 1, 0, 5, 0, 2, 0, 0, 5, 0, 5, 3, 3, 2, 0, 0, 0, 0, 0, 0, 42, 4, 4, 43, 2, 0, 0, 0, 0, 2, 0, 0, 0, 5, 4, 0, 4, 1, 1, 5, 5, 5, 3, 1, 2, 2, 0, 1, 2, 5, 5, 0, 0, 0, 1, 0, 0, 1, 0, 4, 42, 0, 0, 4, 0, 0, 0, 4, 0, 0, 1, 0, 1, 1, 1, 0, 0, 4, 0, 5, 1, 41, 44, 0, 2, 3, 0, 5, 1, 5, 43, 4, 0, 0, 1, 0, 3, 42, 1, 1, 0, 1, 0, 3, 3, 0, 1, 3, 3, 0, 0, 2, 0, 2, 0, 0, 0, 0, 0, 5, 2, 0, 7, 0, 4, 1, 1, 0, 0, 3, 3, 0, 2, 2, 0, 0, 0, 1, 3, 0, 0, 5, 0, 0, 0, 0, 0, 0, 0, 1, 1, 0, 5, 0, 0, 0, 0, 0, 4, 0, 2, 2, 40, 1, 1, 1, 0, 0, 4, 4, 0, 2, 1, 41, 1, 0, 4, 4, 0, 0, 0, 0, 1, 0, : 3, 2, 1, 5, 1, 4, 1, 4, 1, 5, 2, 5, 5, 3, 3, 2, 42, 4, 4, 43, 2, 2, 5, 4, 4, 1, 1, 5, 5, 5, 3, 1, 2, 2, 1, 2, 5, 5, 1, 1, 4, 42, 4, 4, 1, 1, 1, 1, 4, 5, 1, 41, 44, 2, 3, 5, 1, 5, 43, 4, 1, 3, 42, 1, 1, 1, 3, 3, 1, 3, 3, 2, 2, 5, 2, 7, 4, 1, 1, 3, 3, 2, 2, 1, 3, 5, 1, 1, 5, 4, 2, 2, 40, 1, 1, 1, 4, 4, 2, 1, 41, 1, 4, 4, 1, 
38: 0, 1, 0, 0, 3, 0, 0, 0, 5, 1, 0, 1, 0, 2, 0, 1, 1, 1, 0, 4, 3, 0, 3, 0, 5, 3, 2, 4, 0, 1, 43, 4, 0, 2, 2, 1, 0, 5, 2, 3, 0, 0, 0, 5, 0, 3, 40, 1, 0, 3, 0, 5, 0, 3, 0, 0, 2, 2, 1, 4, 5, 1, 3, 0, 0, 2, 0, 3, 0, 0, 2, 0, 0, 0, 0, 0, 5, 0, 0, 2, 0, 0, 0, 0, 0, 0, 1, 0, 0, 0, 0, 0, 0, 1, 0, 3, 0, 0, 3, 0, 0, 4, 0, 2, 0, 0, 0, 3, 5, 40, 5, 0, 5, 3, 1, 3, 0, 1, 0, 5, 4, 1, 0, 4, 41, 0, 2, 4, 0, 5, 0, 4, 0, 2, 40, 0, 0, 3, 2, 0, 43, 4, 0, 0, 1, 1, 5, 0, 4, 4, 3, 0, 4, 1, 4, 2, 0, 0, 3, 0, 0, 40, 5, 0, 0, 3, 1, 3, 0, 0, 0, 0, 0, 0, 2, 0, 1, 6, 5, 0, 0, 0, 4, 0, 5, 3, 2, 1, 2, 0, 0, 4, 0, 0, 3, 3, 5, 0, 5, 0, : 1, 3, 5, 1, 1, 2, 1, 1, 1, 4, 3, 3, 5, 3, 2, 4, 1, 43, 4, 2, 2, 1, 5, 2, 3, 5, 3, 40, 1, 3, 5, 3, 2, 2, 1, 4, 5, 1, 3, 2, 3, 2, 5, 2, 1, 1, 3, 3, 4, 2, 3, 5, 40, 5, 5, 3, 1, 3, 1, 5, 4, 1, 4, 41, 2, 4, 5, 4, 2, 40, 3, 2, 43, 4, 1, 1, 5, 4, 4, 3, 4, 1, 4, 2, 3, 40, 5, 3, 1, 3, 2, 1, 6, 5, 4, 5, 3, 2, 1, 2, 4, 3, 3, 5, 5, 
74: 0, 3, 0, 41, 0, 41, 1, 0, 2, 1, 0, 0, 5, 0, 1, 4, 0, 0, 0, 1, 2, 4, 3, 0, 1, 2, 4, 2, 0, 3, 0, 0, 0, 0, 0, 0, 1, 2, 0, 0, 0, 0, 43, 0, 5, 1, 0, 0, 42, 2, 0, 0, 0, 3, 2, 0, 7, 5, 1, 4, 0, 40, 0, 44, 0, 2, 0, 2, 0, 0, 4, 3, 0, 2, 0, 3, 0, 0, 0, 4, 2, 43, 0, 2, 2, 5, 0, 3, 2, 5, 0, 1, 0, 0, 0, 5, 0, 2, 0, 0, 0, 3, 0, 4, 0, 0, 0, 0, 0, 0, 5, 4, 0, 0, 0, 1, 0, 4, 1, 3, 2, 0, 0, 0, 0, 0, 0, 4, 0, 3, 4, 4, 42, 0, 0, 0, 0, 3, 4, 0, 0, 0, 40, 3, 0, 2, 0, 0, 5, 4, 0, 0, 5, 3, 4, 0, 0, 0, 41, 0, 0, 1, 0, 4, 41, 3, 1, 5, 1, 0, 0, 0, 4, 3, 3, 0, 0, 3, 0, 0, 3, 0, 0, 0, 2, 5, 1, 1, 5, 0, 2, 5, 0, 3, 0, 3, 2, 0, 3, 2, : 3, 41, 41, 1, 2, 1, 5, 1, 4, 1, 2, 4, 3, 1, 2, 4, 2, 3, 1, 2, 43, 5, 1, 42, 2, 3, 2, 7, 5, 1, 4, 40, 44, 2, 2, 4, 3, 2, 3, 4, 2, 43, 2, 2, 5, 3, 2, 5, 1, 5, 2, 3, 4, 5, 4, 1, 4, 1, 3, 2, 4, 3, 4, 4, 42, 3, 4, 40, 3, 2, 5, 4, 5, 3, 4, 41, 1, 4, 41, 3, 1, 5, 1, 4, 3, 3, 3, 3, 2, 5, 1, 1, 5, 2, 5, 3, 3, 2, 3, 2, 
36: 0, 0, 0, 5, 0, 0, 0, 0, 0, 0, 0, 0, 0, 0, 0, 1, 2, 0, 0, 1, 0, 43, 3, 0, 4, 0, 0, 4, 0, 1, 0, 0, 0, 42, 0, 0, 0, 1, 0, 0, 0, 3, 0, 0, 1, 3, 0, 0, 0, 1, 0, 0, 0, 4, 0, 0, 3, 1, 2, 1, 0, 0, 0, 2, 0, 1, 0, 1, 0, 0, 1, 3, 4, 1, 0, 4, 2, 0, 5, 0, 3, 1, 0, 0, 0, 1, 0, 0, 0, 0, 40, 0, 0, 3, 0, 3, 5, 3, 0, 40, 0, 3, 0, 3, 0, 42, 0, 2, 3, 0, 1, 0, 3, 0, 0, 1, 1, 2, 41, 7, 3, 0, 1, 3, 2, 1, 0, 3, 2, 3, 0, 0, 0, 0, 0, 1, 0, 5, 3, 0, 0, 0, 0, 0, 0, 3, 0, 0, 0, 4, 0, 0, 1, 1, 4, 0, 0, 0, 0, 3, 4, 0, 4, 2, 0, 1, 0, 0, 0, 0, 1, 0, 0, 44, 4, 0, 3, 1, 1, 0, 0, 0, 1, 0, 5, 5, 40, 5, 5, 0, 0, 0, 43, 0, 1, 0, 0, 3, 3, 3, : 5, 1, 2, 1, 43, 3, 4, 4, 1, 42, 1, 3, 1, 3, 1, 4, 3, 1, 2, 1, 2, 1, 1, 1, 3, 4, 1, 4, 2, 5, 3, 1, 1, 40, 3, 3, 5, 3, 40, 3, 3, 42, 2, 3, 1, 3, 1, 1, 2, 41, 7, 3, 1, 3, 2, 1, 3, 2, 3, 1, 5, 3, 3, 4, 1, 1, 4, 3, 4, 4, 2, 1, 1, 44, 4, 3, 1, 1, 1, 5, 5, 40, 5, 5, 43, 1, 3, 3, 3, 
10: 0, 0, 0, 2, 0, 1, 0, 5, 0, 3, 2, 1, 0, 4, 0, 3, 2, 0, 0, 1, 2, 0, 4, 0, 5, 0, 1, 4, 5, 3, 1, 3, 0, 1, 0, 4, 0, 2, 0, 0, 3, 0, 0, 0, 0, 3, 0, 0, 3, 2, 0, 0, 3, 5, 0, 44, 1, 1, 7, 6, 0, 2, 2, 0, 3, 5, 0, 0, 0, 0, 1, 0, 0, 1, 0, 5, 1, 0, 0, 2, 1, 0, 0, 0, 0, 2, 0, 0, 0, 4, 4, 0, 0, 4, 1, 3, 0, 0, 0, 1, 0, 1, 2, 0, 44, 0, 0, 5, 0, 0, 3, 0, 3, 5, 0, 4, 42, 4, 0, 3, 1, 4, 0, 1, 0, 0, 2, 3, 1, 2, 0, 0, 0, 0, 0, 0, 0, 41, 6, 0, 1, 2, 5, 2, 2, 2, 1, 0, 0, 1, 0, 0, 1, 2, 5, 0, 1, 0, 2, 0, 4, 1, 0, 1, 0, 2, 1, 0, 0, 0, 0, 2, 4, 0, 2, 0, 0, 5, 0, 0, 0, 0, 4, 0, 4, 4, 0, 1, 1, 1, 0, 1, 0, 1, 40, 0, 0, 0, 3, 0, : 2, 1, 5, 3, 2, 1, 4, 3, 2, 1, 2, 4, 5, 1, 4, 5, 3, 1, 3, 1, 4, 2, 3, 3, 3, 2, 3, 5, 44, 1, 1, 7, 6, 2, 2, 3, 5, 1, 1, 5, 1, 2, 1, 2, 4, 4, 4, 1, 3, 1, 1, 2, 44, 5, 3, 3, 5, 4, 42, 4, 3, 1, 4, 1, 2, 3, 1, 2, 41, 6, 1, 2, 5, 2, 2, 2, 1, 1, 1, 2, 5, 1, 2, 4, 1, 1, 2, 1, 2, 4, 2, 5, 4, 4, 4, 1, 1, 1, 1, 1, 40, 3, 
29: 1, 1, 0, 3, 0, 0, 0, 2, 0, 0, 3, 3, 44, 0, 0, 0, 0, 0, 0, 5, 0, 1, 0, 2, 5, 0, 1, 0, 0, 2, 0, 2, 1, 0, 1, 40, 0, 5, 4, 0, 0, 0, 0, 0, 0, 5, 4, 0, 0, 1, 0, 0, 0, 1, 0, 0, 4, 3, 3, 1, 0, 1, 0, 0, 4, 6, 0, 0, 4, 3, 4, 0, 44, 0, 0, 0, 1, 3, 0, 2, 1, 1, 44, 0, 0, 1, 0, 3, 0, 0, 0, 1, 4, 4, 0, 5, 0, 0, 0, 4, 0, 2, 0, 5, 5, 0, 0, 2, 4, 0, 3, 2, 3, 1, 0, 1, 0, 2, 4, 5, 4, 4, 5, 2, 0, 0, 0, 2, 0, 4, 0, 1, 0, 0, 0, 0, 0, 0, 1, 0, 0, 1, 4, 1, 0, 4, 2, 1, 0, 3, 4, 0, 1, 3, 0, 0, 1, 1, 4, 0, 3, 5, 0, 0, 1, 2, 40, 0, 0, 2, 0, 0, 0, 0, 2, 2, 5, 6, 3, 1, 0, 2, 0, 0, 1, 1, 0, 5, 3, 0, 1, 0, 1, 0, 1, 0, 0, 2, 2, 0, : 1, 1, 3, 2, 3, 3, 44, 5, 1, 2, 5, 1, 2, 2, 1, 1, 40, 5, 4, 5, 4, 1, 1, 4, 3, 3, 1, 1, 4, 6, 4, 3, 4, 44, 1, 3, 2, 1, 1, 44, 1, 3, 1, 4, 4, 5, 4, 2, 5, 5, 2, 4, 3, 2, 3, 1, 1, 2, 4, 5, 4, 4, 5, 2, 2, 4, 1, 1, 1, 4, 1, 4, 2, 1, 3, 4, 1, 3, 1, 1, 4, 3, 5, 1, 2, 40, 2, 2, 2, 5, 6, 3, 1, 2, 1, 1, 5, 3, 1, 1, 1, 2, 2, 
20: 1, 5, 0, 1, 0, 0, 41, 0, 0, 0, 3, 0, 0, 1, 0, 3, 2, 4, 0, 4, 0, 4, 40, 0, 2, 2, 2, 3, 0, 1, 0, 3, 2, 0, 0, 4, 0, 4, 0, 0, 3, 4, 3, 43, 0, 4, 0, 0, 2, 5, 0, 0, 0, 2, 0, 5, 1, 2, 2, 3, 0, 4, 4, 0, 0, 1, 0, 2, 0, 0, 4, 2, 1, 0, 0, 42, 0, 0, 1, 4, 0, 3, 0, 2, 3, 0, 0, 43, 0, 0, 5, 1, 0, 4, 4, 2, 0, 0, 0, 0, 1, 4, 5, 0, 2, 5, 0, 4, 0, 0, 4, 0, 2, 1, 0, 5, 4, 1, 0, 2, 1, 0, 0, 0, 0, 4, 5, 2, 3, 4, 40, 43, 0, 0, 0, 0, 2, 1, 5, 5, 0, 1, 3, 0, 0, 1, 0, 0, 0, 4, 0, 1, 0, 5, 3, 0, 0, 0, 1, 0, 0, 0, 40, 0, 4, 2, 0, 0, 42, 0, 0, 3, 1, 2, 4, 0, 0, 2, 1, 0, 0, 0, 0, 0, 2, 3, 0, 3, 5, 0, 0, 0, 0, 0, 0, 0, 0, 0, 2, 4, : 1, 5, 1, 41, 3, 1, 3, 2, 4, 4, 4, 40, 2, 2, 2, 3, 1, 3, 2, 4, 4, 3, 4, 3, 43, 4, 2, 5, 2, 5, 1, 2, 2, 3, 4, 4, 1, 2, 4, 2, 1, 42, 1, 4, 3, 2, 3, 43, 5, 1, 4, 4, 2, 1, 4, 5, 2, 5, 4, 4, 2, 1, 5, 4, 1, 2, 1, 4, 5, 2, 3, 4, 40, 43, 2, 1, 5, 5, 1, 3, 1, 4, 1, 5, 3, 1, 40, 4, 2, 42, 3, 1, 2, 4, 2, 1, 2, 3, 3, 5, 2, 4, 


3: 0, 5, 4, 5, 2, 5, 0, 0, 0, 1, 4, 41, 3, 2, 0, 2, 2, 2, 0, 5, 0, 2, 0, 5, 1, 5, 0, 5, 3, 4, 0, 0, 0, 0, 0, 1, 0, 2, 5, 1, 2, 3, 2, 0, 5, 4, 2, 1, 2, 1, 0, 5, 4, 4, 1, 1, 5, 1, 1, 3, 0, 0, 0, 42, 0, 2, 0, 0, 2, 3, 0, 1, 3, 0, 4, 2, 0, 43, 4, 4, 0, 0, 0, 1, 3, 0, 0, 0, 3, 0, 2, 3, 1, 41, 0, 2, 0, 0, 0, 0, 5, 2, 2, 4, 0, 0, 0, 0, 1, 2, 0, 4, 1, 2, 3, 1, 5, 1, 4, 5, 0, 0, 3, 4, 0, 5, 5, 0, 0, 4, 0, 0, 0, 3, 0, 0, 5, 2, 0, 0, 0, 2, 0, 3, 0, 0, 0, 2, 0, 1, 0, 1, 3, 0, 0, 5, 2, 2, 0, 0, 1, 2, 3, 43, 1, 0, 3, 2, 1, 5, 0, 0, 0, 2, 2, 1, 0, 0, 5, 5, 0, 5, 3, 0, 4, 3, 2, 2, 3, 0, 5, 3, 5, 0, 7, 5, 0, 1, 0, 2, : 5, 4, 5, 2, 5, 1, 4, 41, 3, 2, 2, 2, 2, 5, 2, 5, 1, 5, 5, 3, 4, 1, 2, 5, 1, 2, 3, 2, 5, 4, 2, 1, 2, 1, 5, 4, 4, 1, 1, 5, 1, 1, 3, 42, 2, 2, 3, 1, 3, 4, 2, 43, 4, 4, 1, 3, 3, 2, 3, 1, 41, 2, 5, 2, 2, 4, 1, 2, 4, 1, 2, 3, 1, 5, 1, 4, 5, 3, 4, 5, 5, 4, 3, 5, 2, 2, 3, 2, 1, 1, 3, 5, 2, 2, 1, 2, 3, 43, 1, 3, 2, 1, 5, 2, 2, 1, 5, 5, 5, 3, 4, 3, 2, 2, 3, 5, 3, 5, 7, 5, 1, 2, 
30: 0, 0, 0, 1, 4, 0, 0, 0, 2, 1, 0, 0, 3, 1, 0, 0, 5, 1, 2, 0, 0, 4, 0, 0, 4, 1, 0, 3, 4, 3, 1, 40, 0, 41, 0, 0, 0, 4, 0, 1, 1, 0, 3, 0, 1, 0, 0, 2, 0, 2, 0, 4, 0, 44, 0, 0, 4, 44, 5, 5, 0, 0, 5, 0, 0, 0, 1, 2, 5, 5, 1, 3, 0, 0, 1, 3, 0, 1, 0, 0, 4, 0, 0, 5, 2, 0, 4, 0, 0, 0, 3, 3, 0, 0, 3, 2, 0, 1, 0, 3, 2, 5, 2, 1, 0, 0, 3, 0, 5, 5, 0, 5, 1, 2, 0, 5, 2, 1, 5, 5, 5, 1, 5, 3, 0, 0, 0, 0, 0, 4, 1, 0, 2, 0, 0, 0, 2, 0, 0, 0, 0, 5, 4, 3, 0, 0, 1, 3, 44, 0, 0, 3, 1, 1, 0, 5, 0, 2, 1, 0, 0, 1, 1, 1, 0, 0, 3, 0, 4, 2, 0, 0, 4, 3, 4, 0, 0, 2, 2, 0, 0, 2, 5, 0, 0, 0, 41, 5, 5, 3, 3, 1, 3, 0, 3, 3, 0, 0, 1, 0, : 1, 4, 2, 1, 3, 1, 5, 1, 2, 4, 4, 1, 3, 4, 3, 1, 40, 41, 4, 1, 1, 3, 1, 2, 2, 4, 44, 4, 44, 5, 5, 5, 1, 2, 5, 5, 1, 3, 1, 3, 1, 4, 5, 2, 4, 3, 3, 3, 2, 1, 3, 2, 5, 2, 1, 3, 5, 5, 5, 1, 2, 5, 2, 1, 5, 5, 5, 1, 5, 3, 4, 1, 2, 2, 5, 4, 3, 1, 3, 44, 3, 1, 1, 5, 2, 1, 1, 1, 1, 3, 4, 2, 4, 3, 4, 2, 2, 2, 5, 41, 5, 5, 3, 3, 1, 3, 3, 3, 1, 
52: 0, 0, 2, 2, 2, 0, 44, 1, 0, 1, 0, 0, 3, 0, 5, 0, 2, 2, 1, 0, 0, 2, 0, 3, 1, 0, 44, 2, 2, 0, 0, 0, 0, 0, 0, 3, 0, 3, 4, 5, 0, 41, 1, 0, 2, 0, 0, 0, 0, 4, 1, 3, 0, 0, 1, 0, 3, 0, 3, 1, 0, 5, 1, 0, 1, 4, 0, 3, 3, 4, 1, 2, 43, 0, 3, 0, 4, 0, 42, 0, 0, 0, 0, 5, 1, 0, 41, 0, 0, 0, 4, 1, 0, 0, 0, 4, 0, 0, 5, 0, 0, 5, 3, 0, 0, 0, 43, 0, 2, 1, 0, 1, 0, 0, 0, 1, 5, 2, 2, 4, 0, 5, 1, 3, 0, 0, 0, 1, 0, 3, 4, 0, 44, 1, 0, 2, 2, 0, 0, 0, 43, 0, 0, 1, 0, 0, 0, 6, 0, 0, 0, 2, 1, 3, 5, 3, 3, 0, 0, 0, 0, 0, 3, 0, 0, 0, 4, 42, 0, 3, 0, 0, 5, 2, 0, 0, 40, 5, 5, 5, 0, 0, 2, 0, 0, 0, 1, 0, 3, 1, 5, 4, 1, 3, 4, 2, 0, 2, 0, 1, : 2, 2, 2, 44, 1, 1, 3, 5, 2, 2, 1, 2, 3, 1, 44, 2, 2, 3, 3, 4, 5, 41, 1, 2, 4, 1, 3, 1, 3, 3, 1, 5, 1, 1, 4, 3, 3, 4, 1, 2, 43, 3, 4, 42, 5, 1, 41, 4, 1, 4, 5, 5, 3, 43, 2, 1, 1, 1, 5, 2, 2, 4, 5, 1, 3, 1, 3, 4, 44, 1, 2, 2, 43, 1, 6, 2, 1, 3, 5, 3, 3, 3, 4, 42, 3, 5, 2, 40, 5, 5, 5, 2, 1, 3, 1, 5, 4, 1, 3, 4, 2, 2, 1, 
79: 4, 0, 5, 5, 3, 0, 2, 0, 0, 3, 3, 1, 1, 4, 0, 1, 1, 2, 0, 0, 0, 3, 0, 2, 2, 0, 0, 1, 4, 1, 1, 2, 0, 0, 3, 1, 0, 1, 0, 1, 0, 0, 5, 0, 1, 0, 1, 0, 0, 4, 4, 2, 0, 2, 0, 0, 2, 0, 2, 5, 2, 0, 0, 1, 0, 0, 0, 0, 5, 3, 0, 3, 0, 5, 1, 3, 0, 0, 0, 1, 0, 1, 1, 3, 5, 0, 1, 5, 1, 0, 2, 0, 0, 2, 2, 0, 1, 0, 40, 0, 0, 5, 2, 0, 4, 5, 3, 0, 1, 1, 0, 4, 0, 0, 0, 3, 5, 5, 2, 3, 0, 1, 5, 1, 0, 0, 2, 0, 3, 2, 0, 0, 3, 3, 40, 4, 1, 0, 0, 0, 0, 1, 0, 2, 0, 0, 0, 1, 4, 4, 1, 5, 0, 0, 41, 5, 0, 5, 0, 0, 1, 0, 2, 5, 0, 0, 1, 4, 0, 2, 1, 0, 0, 5, 0, 1, 1, 0, 0, 0, 2, 3, 5, 0, 2, 3, 0, 0, 1, 0, 1, 1, 3, 0, 5, 1, 0, 2, 44, 0, : 4, 5, 5, 3, 2, 3, 3, 1, 1, 4, 1, 1, 2, 3, 2, 2, 1, 4, 1, 1, 2, 3, 1, 1, 1, 5, 1, 1, 4, 4, 2, 2, 2, 2, 5, 2, 1, 5, 3, 3, 5, 1, 3, 1, 1, 1, 3, 5, 1, 5, 1, 2, 2, 2, 1, 40, 5, 2, 4, 5, 3, 1, 1, 4, 3, 5, 5, 2, 3, 1, 5, 1, 2, 3, 2, 3, 3, 40, 4, 1, 1, 2, 1, 4, 4, 1, 5, 41, 5, 5, 1, 2, 5, 1, 4, 2, 1, 5, 1, 1, 2, 3, 5, 2, 3, 1, 1, 1, 3, 5, 1, 2, 44, 
95: 0, 1, 0, 1, 3, 2, 0, 0, 0, 7, 0, 1, 2, 0, 1, 0, 4, 1, 0, 0, 0, 2, 0, 3, 1, 0, 0, 3, 4, 0, 0, 1, 0, 1, 0, 0, 3, 1, 40, 5, 5, 1, 4, 1, 5, 0, 0, 5, 41, 1, 0, 2, 5, 0, 3, 0, 2, 0, 5, 5, 0, 0, 41, 2, 0, 0, 0, 44, 3, 2, 0, 9, 0, 0, 2, 0, 3, 5, 2, 0, 0, 5, 0, 1, 1, 3, 0, 0, 1, 0, 2, 0, 0, 0, 0, 0, 0, 5, 0, 0, 0, 4, 3, 2, 3, 0, 2, 3, 4, 40, 5, 3, 0, 1, 41, 4, 2, 1, 5, 1, 2, 0, 4, 5, 0, 3, 41, 5, 5, 2, 0, 0, 0, 0, 0, 0, 1, 44, 0, 0, 0, 1, 0, 1, 0, 2, 2, 3, 0, 0, 0, 3, 0, 0, 4, 3, 0, 0, 0, 0, 0, 0, 5, 0, 0, 3, 1, 0, 0, 5, 0, 5, 41, 4, 0, 1, 0, 0, 0, 0, 4, 5, 1, 2, 0, 0, 1, 0, 4, 1, 1, 1, 2, 4, 1, 5, 0, 2, 5, 0, : 1, 1, 3, 2, 7, 1, 2, 1, 4, 1, 2, 3, 1, 3, 4, 1, 1, 3, 1, 40, 5, 5, 1, 4, 1, 5, 5, 41, 1, 2, 5, 3, 2, 5, 5, 41, 2, 44, 3, 2, 9, 2, 3, 5, 2, 5, 1, 1, 3, 1, 2, 5, 4, 3, 2, 3, 2, 3, 4, 40, 5, 3, 1, 41, 4, 2, 1, 5, 1, 2, 4, 5, 3, 41, 5, 5, 2, 1, 44, 1, 1, 2, 2, 3, 3, 4, 3, 5, 3, 1, 5, 5, 41, 4, 1, 4, 5, 1, 2, 1, 4, 1, 1, 1, 2, 4, 1, 5, 2, 5, 
86: 0, 0, 0, 3, 5, 41, 2, 44, 0, 5, 40, 4, 1, 0, 0, 0, 0, 1, 0, 44, 0, 4, 44, 0, 4, 1, 2, 2, 2, 0, 3, 3, 2, 3, 4, 2, 0, 4, 0, 5, 0, 0, 1, 3, 1, 2, 0, 44, 0, 3, 1, 5, 3, 1, 0, 0, 4, 3, 3, 1, 0, 0, 0, 0, 2, 0, 0, 0, 3, 0, 0, 4, 0, 2, 0, 3, 0, 1, 3, 0, 0, 0, 4, 2, 4, 0, 1, 1, 1, 0, 2, 0, 0, 0, 2, 2, 2, 0, 0, 0, 0, 1, 3, 0, 0, 5, 0, 2, 4, 5, 5, 1, 0, 0, 0, 2, 4, 1, 3, 4, 0, 0, 3, 5, 0, 0, 0, 0, 40, 2, 0, 0, 0, 3, 4, 3, 4, 0, 0, 0, 5, 0, 0, 2, 2, 2, 0, 2, 0, 0, 0, 3, 0, 0, 0, 4, 2, 0, 1, 0, 0, 2, 5, 0, 0, 0, 3, 4, 0, 5, 5, 0, 0, 5, 0, 2, 0, 0, 0, 0, 0, 3, 1, 0, 2, 0, 0, 0, 1, 0, 4, 1, 4, 0, 4, 4, 1, 0, 0, 0, : 3, 5, 41, 2, 44, 5, 40, 4, 1, 1, 44, 4, 44, 4, 1, 2, 2, 2, 3, 3, 2, 3, 4, 2, 4, 5, 1, 3, 1, 2, 44, 3, 1, 5, 3, 1, 4, 3, 3, 1, 2, 3, 4, 2, 3, 1, 3, 4, 2, 4, 1, 1, 1, 2, 2, 2, 2, 1, 3, 5, 2, 4, 5, 5, 1, 2, 4, 1, 3, 4, 3, 5, 40, 2, 3, 4, 3, 4, 5, 2, 2, 2, 2, 3, 4, 2, 1, 2, 5, 3, 4, 5, 5, 5, 2, 3, 1, 2, 1, 4, 1, 4, 4, 4, 1, 
37: 1, 0, 0, 2, 3, 3, 1, 0, 2, 5, 0, 1, 5, 0, 1, 0, 1, 5, 0, 0, 0, 1, 0, 0, 2, 4, 1, 4, 1, 0, 44, 0, 0, 1, 3, 3, 0, 3, 0, 3, 1, 1, 5, 3, 5, 0, 2, 1, 0, 1, 1, 3, 0, 0, 0, 3, 1, 0, 4, 1, 2, 0, 0, 0, 0, 2, 0, 5, 2, 2, 4, 2, 0, 0, 4, 5, 1, 5, 0, 1, 5, 0, 3, 2, 3, 0, 5, 0, 1, 0, 3, 5, 0, 5, 0, 4, 40, 0, 0, 2, 0, 4, 3, 0, 4, 1, 1, 4, 0, 0, 2, 4, 0, 5, 0, 1, 5, 4, 3, 1, 2, 0, 1, 2, 0, 5, 0, 0, 0, 6, 0, 4, 0, 1, 0, 0, 2, 2, 2, 4, 3, 0, 0, 1, 0, 41, 0, 3, 0, 0, 0, 4, 1, 1, 1, 1, 0, 0, 4, 4, 41, 0, 2, 0, 2, 0, 5, 1, 0, 5, 0, 0, 1, 2, 1, 0, 2, 0, 0, 0, 5, 1, 5, 5, 0, 40, 2, 0, 1, 4, 4, 1, 3, 0, 1, 2, 0, 42, 0, 0, : 1, 2, 3, 3, 1, 2, 5, 1, 5, 1, 1, 5, 1, 2, 4, 1, 4, 1, 44, 1, 3, 3, 3, 3, 1, 1, 5, 3, 5, 2, 1, 1, 1, 3, 3, 1, 4, 1, 2, 2, 5, 2, 2, 4, 2, 4, 5, 1, 5, 1, 5, 3, 2, 3, 5, 1, 3, 5, 5, 4, 40, 2, 4, 3, 4, 1, 1, 4, 2, 4, 5, 1, 5, 4, 3, 1, 2, 1, 2, 5, 6, 4, 1, 2, 2, 2, 4, 3, 1, 41, 3, 4, 1, 1, 1, 1, 4, 4, 41, 2, 2, 5, 1, 5, 1, 2, 1, 2, 5, 1, 5, 5, 40, 2, 1, 4, 4, 1, 3, 1, 2, 42, 
42: 4, 0, 0, 2, 2, 0, 0, 0, 4, 3, 1, 3, 3, 3, 0, 0, 0, 2, 0, 0, 1, 3, 0, 3, 3, 0, 1, 3, 5, 1, 2, 0, 1, 0, 1, 3, 0, 4, 0, 2, 0, 2, 5, 3, 5, 0, 0, 0, 1, 3, 0, 3, 0, 3, 2, 0, 2, 3, 3, 2, 0, 0, 0, 0, 0, 0, 42, 0, 4, 1, 0, 4, 0, 0, 1, 4, 40, 0, 0, 0, 0, 0, 4, 5, 2, 1, 2, 1, 4, 3, 9, 0, 0, 0, 0, 0, 0, 2, 5, 1, 2, 4, 3, 2, 0, 0, 1, 41, 2, 0, 0, 3, 0, 0, 4, 4, 1, 3, 1, 3, 0, 0, 5, 1, 5, 0, 0, 2, 0, 3, 0, 2, 0, 0, 3, 44, 1, 0, 3, 4, 0, 4, 5, 3, 5, 4, 0, 2, 2, 0, 43, 2, 1, 3, 0, 5, 0, 0, 3, 2, 0, 0, 5, 5, 2, 5, 1, 0, 3, 1, 44, 0, 0, 1, 0, 1, 0, 0, 1, 0, 1, 5, 5, 0, 0, 0, 3, 0, 4, 0, 1, 2, 2, 0, 2, 2, 40, 3, 0, 5, : 4, 2, 2, 4, 3, 1, 3, 3, 3, 2, 1, 3, 3, 3, 1, 3, 5, 1, 2, 1, 1, 3, 4, 2, 2, 5, 3, 5, 1, 3, 3, 3, 2, 2, 3, 3, 2, 42, 4, 1, 4, 1, 4, 40, 4, 5, 2, 1, 2, 1, 4, 3, 9, 2, 5, 1, 2, 4, 3, 2, 1, 41, 2, 3, 4, 4, 1, 3, 1, 3, 5, 1, 5, 2, 3, 2, 3, 44, 1, 3, 4, 4, 5, 3, 5, 4, 2, 2, 43, 2, 1, 3, 5, 3, 2, 5, 5, 2, 5, 1, 3, 1, 44, 1, 1, 1, 1, 5, 5, 3, 4, 1, 2, 2, 2, 2, 40, 3, 5, 
57: 0, 43, 0, 1, 4, 1, 0, 0, 1, 2, 5, 4, 4, 0, 0, 0, 0, 4, 0, 0, 0, 2, 3, 0, 3, 0, 0, 5, 5, 0, 0, 0, 0, 0, 0, 0, 0, 4, 0, 4, 0, 0, 2, 0, 2, 0, 0, 0, 1, 3, 0, 1, 3, 3, 4, 0, 5, 0, 2, 3, 0, 0, 0, 0, 4, 0, 0, 0, 4, 3, 0, 2, 0, 2, 3, 0, 4, 0, 0, 0, 1, 5, 0, 5, 4, 0, 0, 0, 3, 0, 3, 0, 0, 0, 4, 0, 1, 0, 0, 0, 1, 5, 5, 0, 3, 0, 0, 0, 4, 1, 40, 3, 0, 0, 0, 1, 0, 3, 1, 4, 0, 2, 2, 1, 43, 0, 1, 4, 1, 1, 0, 0, 0, 0, 3, 4, 3, 1, 3, 0, 0, 0, 4, 2, 0, 0, 2, 5, 0, 2, 0, 2, 0, 0, 2, 1, 0, 1, 2, 0, 1, 0, 4, 0, 0, 2, 3, 0, 0, 1, 0, 0, 0, 1, 0, 0, 0, 0, 0, 0, 0, 4, 1, 0, 0, 0, 0, 0, 1, 40, 3, 5, 2, 0, 4, 4, 2, 0, 0, 3, : 43, 1, 4, 1, 1, 2, 5, 4, 4, 4, 2, 3, 3, 5, 5, 4, 4, 2, 2, 1, 3, 1, 3, 3, 4, 5, 2, 3, 4, 4, 3, 2, 2, 3, 4, 1, 5, 5, 4, 3, 3, 4, 1, 1, 5, 5, 3, 4, 1, 40, 3, 1, 3, 1, 4, 2, 2, 1, 43, 1, 4, 1, 1, 3, 4, 3, 1, 3, 4, 2, 2, 5, 2, 2, 2, 1, 1, 2, 1, 4, 2, 3, 1, 1, 4, 1, 1, 40, 3, 5, 2, 4, 4, 2, 3, 
71: 0, 0, 1, 5, 2, 0, 0, 0, 40, 3, 4, 0, 2, 1, 0, 3, 0, 4, 0, 0, 3, 2, 0, 0, 5, 0, 0, 2, 1, 3, 0, 0, 3, 1, 0, 0, 43, 5, 4, 4, 1, 0, 2, 0, 1, 2, 1, 0, 0, 0, 0, 5, 0, 0, 0, 0, 4, 0, 4, 3, 0, 1, 0, 0, 2, 0, 0, 2, 1, 3, 0, 4, 0, 3, 5, 4, 3, 0, 0, 40, 3, 0, 0, 2, 5, 0, 0, 1, 1, 0, 4, 0, 0, 0, 0, 0, 4, 0, 0, 0, 3, 1, 3, 1, 2, 0, 1, 0, 1, 0, 0, 3, 43, 0, 0, 3, 0, 5, 2, 2, 2, 0, 4, 2, 0, 0, 0, 3, 0, 5, 4, 3, 5, 0, 0, 0, 2, 0, 0, 2, 0, 0, 0, 2, 0, 0, 0, 4, 1, 0, 4, 2, 3, 0, 0, 4, 1, 0, 3, 41, 0, 0, 3, 0, 0, 0, 5, 2, 2, 2, 0, 0, 0, 4, 43, 0, 5, 0, 2, 40, 0, 3, 4, 44, 41, 1, 0, 3, 5, 4, 4, 5, 1, 1, 2, 3, 2, 0, 0, 0, : 1, 5, 2, 40, 3, 4, 2, 1, 3, 4, 3, 2, 5, 2, 1, 3, 3, 1, 43, 5, 4, 4, 1, 2, 1, 2, 1, 5, 4, 4, 3, 1, 2, 2, 1, 3, 4, 3, 5, 4, 3, 40, 3, 2, 5, 1, 1, 4, 4, 3, 1, 3, 1, 2, 1, 1, 3, 43, 3, 5, 2, 2, 2, 4, 2, 3, 5, 4, 3, 5, 2, 2, 2, 4, 1, 4, 2, 3, 4, 1, 3, 41, 3, 5, 2, 2, 2, 4, 43, 5, 2, 40, 3, 4, 44, 41, 1, 3, 5, 4, 4, 5, 1, 1, 2, 3, 2, 
63: 4, 0, 0, 1, 5, 0, 3, 3, 1, 4, 0, 0, 5, 1, 0, 0, 44, 4, 3, 1, 44, 4, 0, 0, 4, 1, 0, 5, 1, 0, 0, 1, 0, 0, 0, 0, 0, 0, 1, 5, 3, 2, 2, 0, 2, 0, 3, 0, 2, 5, 1, 2, 1, 0, 0, 40, 5, 0, 1, 3, 4, 0, 0, 0, 0, 0, 3, 0, 4, 4, 0, 1, 0, 0, 3, 5, 0, 0, 0, 5, 2, 0, 2, 1, 1, 0, 0, 0, 0, 43, 5, 0, 2, 0, 0, 1, 1, 3, 2, 43, 0, 1, 3, 3, 0, 42, 1, 0, 4, 2, 3, 3, 0, 0, 0, 2, 3, 2, 1, 4, 5, 1, 5, 4, 0, 0, 0, 44, 0, 4, 0, 3, 0, 0, 0, 0, 2, 0, 0, 3, 3, 0, 5, 7, 0, 4, 5, 3, 0, 0, 3, 1, 3, 5, 0, 1, 4, 0, 0, 5, 1, 5, 1, 0, 4, 4, 1, 0, 0, 1, 0, 41, 2, 3, 0, 1, 1, 0, 40, 0, 4, 4, 2, 4, 2, 0, 0, 0, 3, 0, 5, 7, 3, 0, 1, 3, 0, 0, 0, 0, : 4, 1, 5, 3, 3, 1, 4, 5, 1, 44, 4, 3, 1, 44, 4, 4, 1, 5, 1, 1, 1, 5, 3, 2, 2, 2, 3, 2, 5, 1, 2, 1, 40, 5, 1, 3, 4, 3, 4, 4, 1, 3, 5, 5, 2, 2, 1, 1, 43, 5, 2, 1, 1, 3, 2, 43, 1, 3, 3, 42, 1, 4, 2, 3, 3, 2, 3, 2, 1, 4, 5, 1, 5, 4, 44, 4, 3, 2, 3, 3, 5, 7, 4, 5, 3, 3, 1, 3, 5, 1, 4, 5, 1, 5, 1, 4, 4, 1, 1, 41, 2, 3, 1, 1, 40, 4, 4, 2, 4, 2, 3, 5, 7, 3, 1, 3, 
59: 0, 5, 1, 7, 3, 0, 5, 0, 3, 1, 0, 0, 3, 3, 0, 0, 0, 4, 1, 0, 0, 5, 0, 0, 5, 3, 3, 4, 2, 41, 2, 2, 4, 2, 0, 0, 1, 3, 0, 5, 2, 2, 4, 4, 4, 0, 2, 0, 5, 4, 40, 1, 1, 0, 5, 0, 1, 0, 1, 3, 3, 2, 0, 0, 1, 4, 0, 4, 2, 5, 1, 3, 0, 0, 5, 4, 4, 3, 5, 4, 1, 0, 0, 3, 5, 2, 1, 0, 43, 4, 1, 40, 4, 0, 0, 0, 0, 0, 0, 0, 0, 5, 5, 1, 0, 0, 1, 5, 3, 0, 0, 0, 0, 43, 3, 2, 4, 3, 9, 4, 0, 2, 2, 3, 0, 43, 0, 0, 0, 2, 0, 0, 0, 2, 0, 0, 4, 0, 4, 3, 4, 0, 0, 5, 5, 2, 0, 3, 0, 1, 4, 1, 1, 0, 0, 3, 0, 5, 0, 0, 3, 0, 6, 0, 0, 5, 3, 0, 3, 2, 4, 0, 2, 4, 0, 2, 0, 4, 0, 4, 40, 5, 1, 0, 0, 0, 1, 1, 4, 0, 2, 1, 4, 5, 1, 5, 3, 0, 0, 0, : 5, 1, 7, 3, 5, 3, 1, 3, 3, 4, 1, 5, 5, 3, 3, 4, 2, 41, 2, 2, 4, 2, 1, 3, 5, 2, 2, 4, 4, 4, 2, 5, 4, 40, 1, 1, 5, 1, 1, 3, 3, 2, 1, 4, 4, 2, 5, 1, 3, 5, 4, 4, 3, 5, 4, 1, 3, 5, 2, 1, 43, 4, 1, 40, 4, 5, 5, 1, 1, 5, 3, 43, 3, 2, 4, 3, 9, 4, 2, 2, 3, 43, 2, 2, 4, 4, 3, 4, 5, 5, 2, 3, 1, 4, 1, 1, 3, 5, 3, 6, 5, 3, 3, 2, 4, 2, 4, 2, 4, 4, 40, 5, 1, 1, 1, 4, 2, 1, 4, 5, 1, 5, 3, 
60: 0, 0, 1, 5, 1, 0, 0, 3, 2, 5, 2, 0, 3, 0, 0, 1, 0, 2, 43, 5, 3, 5, 5, 0, 4, 40, 0, 2, 4, 0, 3, 0, 0, 5, 3, 0, 5, 4, 4, 3, 0, 0, 1, 4, 4, 5, 0, 0, 2, 5, 3, 5, 1, 0, 0, 4, 1, 3, 4, 2, 3, 2, 0, 3, 0, 0, 3, 0, 3, 1, 1, 4, 0, 0, 4, 0, 0, 0, 1, 0, 3, 3, 2, 1, 2, 0, 0, 1, 0, 0, 2, 1, 4, 0, 0, 0, 1, 5, 2, 5, 40, 6, 1, 0, 4, 2, 1, 0, 4, 0, 0, 1, 5, 0, 0, 3, 3, 2, 2, 5, 0, 0, 3, 3, 2, 0, 1, 0, 3, 2, 0, 3, 0, 1, 5, 0, 5, 0, 1, 0, 1, 0, 0, 3, 0, 4, 42, 3, 0, 0, 0, 2, 42, 0, 0, 4, 5, 1, 0, 2, 0, 0, 2, 0, 0, 0, 2, 0, 0, 4, 0, 0, 0, 5, 4, 5, 2, 1, 0, 2, 0, 1, 2, 0, 5, 2, 1, 0, 4, 0, 1, 5, 5, 1, 6, 3, 5, 0, 0, 0, : 1, 5, 1, 3, 2, 5, 2, 3, 1, 2, 43, 5, 3, 5, 5, 4, 40, 2, 4, 3, 5, 3, 5, 4, 4, 3, 1, 4, 4, 5, 2, 5, 3, 5, 1, 4, 1, 3, 4, 2, 3, 2, 3, 3, 3, 1, 1, 4, 4, 1, 3, 3, 2, 1, 2, 1, 2, 1, 4, 1, 5, 2, 5, 40, 6, 1, 4, 2, 1, 4, 1, 5, 3, 3, 2, 2, 5, 3, 3, 2, 1, 3, 2, 3, 1, 5, 5, 1, 1, 3, 4, 42, 3, 2, 42, 4, 5, 1, 2, 2, 2, 4, 5, 4, 5, 2, 1, 2, 1, 2, 5, 2, 1, 4, 1, 5, 5, 1, 6, 3, 5, 
67: 0, 3, 2, 4, 4, 5, 0, 4, 0, 1, 0, 0, 5, 40, 1, 0, 0, 3, 3, 0, 0, 1, 3, 43, 4, 0, 0, 4, 3, 0, 0, 0, 0, 0, 0, 3, 0, 1, 0, 2, 0, 5, 5, 1, 2, 1, 0, 0, 0, 2, 1, 2, 0, 0, 43, 0, 5, 0, 1, 3, 2, 2, 5, 0, 0, 2, 0, 0, 1, 3, 2, 1, 3, 3, 5, 3, 0, 0, 0, 0, 41, 2, 3, 2, 5, 5, 0, 3, 0, 2, 1, 0, 1, 3, 0, 0, 0, 0, 0, 0, 1, 1, 5, 0, 0, 0, 0, 0, 5, 0, 0, 2, 5, 0, 0, 4, 5, 3, 2, 4, 0, 1, 1, 5, 0, 0, 0, 0, 0, 1, 1, 41, 0, 0, 2, 0, 3, 3, 0, 0, 0, 1, 41, 4, 0, 0, 2, 3, 0, 0, 0, 3, 0, 0, 0, 1, 0, 44, 44, 1, 2, 41, 1, 5, 5, 0, 3, 0, 0, 3, 0, 2, 4, 4, 4, 1, 2, 0, 0, 0, 3, 3, 2, 0, 0, 1, 3, 2, 3, 1, 5, 1, 5, 3, 3, 2, 0, 0, 0, 2, : 3, 2, 4, 4, 5, 4, 1, 5, 40, 1, 3, 3, 1, 3, 43, 4, 4, 3, 3, 1, 2, 5, 5, 1, 2, 1, 2, 1, 2, 43, 5, 1, 3, 2, 2, 5, 2, 1, 3, 2, 1, 3, 3, 5, 3, 41, 2, 3, 2, 5, 5, 3, 2, 1, 1, 3, 1, 1, 5, 5, 2, 5, 4, 5, 3, 2, 4, 1, 1, 5, 1, 1, 41, 2, 3, 3, 1, 41, 4, 2, 3, 3, 1, 44, 44, 1, 2, 41, 1, 5, 5, 3, 3, 2, 4, 4, 4, 1, 2, 3, 3, 2, 1, 3, 2, 3, 1, 5, 1, 5, 3, 3, 2, 2, 
92: 5, 0, 1, 2, 2, 0, 1, 0, 1, 1, 0, 2, 3, 0, 2, 0, 0, 2, 0, 2, 0, 3, 0, 0, 1, 0, 1, 5, 7, 0, 0, 5, 0, 0, 0, 0, 2, 4, 0, 3, 43, 0, 4, 0, 5, 0, 0, 4, 0, 5, 3, 3, 0, 0, 0, 5, 1, 1, 2, 4, 0, 0, 0, 4, 4, 41, 4, 0, 4, 4, 0, 2, 3, 0, 4, 3, 0, 0, 0, 0, 0, 1, 41, 5, 4, 0, 0, 0, 1, 0, 2, 0, 0, 0, 5, 0, 3, 0, 0, 0, 4, 1, 4, 0, 0, 3, 0, 2, 2, 0, 0, 5, 0, 0, 1, 5, 5, 5, 4, 2, 0, 2, 5, 2, 0, 1, 0, 0, 2, 3, 0, 0, 0, 40, 0, 2, 3, 1, 2, 0, 0, 2, 0, 4, 0, 1, 1, 4, 5, 2, 0, 4, 1, 2, 2, 1, 0, 0, 0, 0, 0, 0, 1, 0, 0, 0, 5, 2, 0, 3, 0, 5, 0, 5, 0, 40, 1, 42, 5, 0, 1, 2, 5, 0, 0, 1, 0, 41, 1, 1, 2, 8, 4, 0, 1, 4, 3, 5, 0, 0, : 5, 1, 2, 2, 1, 1, 1, 2, 3, 2, 2, 2, 3, 1, 1, 5, 7, 5, 2, 4, 3, 43, 4, 5, 4, 5, 3, 3, 5, 1, 1, 2, 4, 4, 4, 41, 4, 4, 4, 2, 3, 4, 3, 1, 41, 5, 4, 1, 2, 5, 3, 4, 1, 4, 3, 2, 2, 5, 1, 5, 5, 5, 4, 2, 2, 5, 2, 1, 2, 3, 40, 2, 3, 1, 2, 2, 4, 1, 1, 4, 5, 2, 4, 1, 2, 2, 1, 1, 5, 2, 3, 5, 5, 40, 1, 42, 5, 1, 2, 5, 1, 41, 1, 1, 2, 8, 4, 1, 4, 3, 5, 
80: 42, 0, 0, 3, 3, 0, 0, 0, 0, 3, 0, 0, 1, 3, 0, 0, 0, 3, 0, 1, 0, 3, 0, 0, 4, 0, 0, 2, 2, 0, 0, 1, 5, 0, 1, 0, 0, 3, 0, 1, 2, 0, 3, 0, 2, 43, 0, 0, 0, 2, 2, 2, 1, 0, 0, 0, 5, 0, 2, 3, 0, 0, 0, 5, 43, 1, 5, 0, 3, 4, 0, 5, 0, 0, 2, 5, 0, 0, 3, 4, 0, 0, 0, 3, 2, 43, 0, 0, 0, 2, 5, 0, 0, 0, 0, 41, 2, 0, 5, 5, 0, 2, 4, 42, 0, 0, 2, 0, 5, 0, 1, 4, 0, 0, 0, 4, 3, 5, 2, 2, 0, 3, 2, 4, 4, 3, 4, 0, 0, 5, 2, 1, 3, 2, 3, 0, 1, 0, 42, 0, 0, 0, 0, 1, 43, 0, 2, 1, 3, 42, 5, 5, 2, 1, 0, 1, 0, 0, 0, 0, 3, 4, 1, 0, 0, 0, 4, 0, 2, 1, 0, 0, 0, 2, 0, 1, 0, 0, 0, 4, 0, 5, 3, 5, 0, 0, 0, 0, 3, 1, 5, 1, 5, 1, 4, 1, 0, 1, 4, 0, : 42, 3, 3, 3, 1, 3, 3, 1, 3, 4, 2, 2, 1, 5, 1, 3, 1, 2, 3, 2, 43, 2, 2, 2, 1, 5, 2, 3, 5, 43, 1, 5, 3, 4, 5, 2, 5, 3, 4, 3, 2, 43, 2, 5, 41, 2, 5, 5, 2, 4, 42, 2, 5, 1, 4, 4, 3, 5, 2, 2, 3, 2, 4, 4, 3, 4, 5, 2, 1, 3, 2, 3, 1, 42, 1, 43, 2, 1, 3, 42, 5, 5, 2, 1, 1, 3, 4, 1, 4, 2, 1, 2, 1, 4, 5, 3, 5, 3, 1, 5, 1, 5, 1, 4, 1, 1, 4, 
49: 0, 1, 43, 3, 4, 0, 0, 0, 0, 3, 0, 3, 2, 0, 3, 5, 0, 4, 2, 0, 1, 3, 5, 1, 4, 0, 0, 1, 5, 5, 0, 0, 0, 4, 1, 0, 2, 3, 2, 1, 0, 1, 4, 0, 1, 2, 5, 0, 2, 2, 1, 2, 0, 0, 1, 3, 0, 0, 5, 1, 0, 1, 0, 0, 3, 3, 1, 0, 3, 4, 3, 1, 0, 0, 5, 5, 1, 0, 0, 0, 0, 1, 0, 1, 2, 2, 0, 0, 0, 3, 3, 0, 0, 3, 0, 2, 0, 0, 0, 1, 1, 2, 4, 0, 0, 0, 0, 0, 1, 3, 1, 5, 0, 0, 4, 4, 2, 5, 1, 1, 0, 1, 1, 4, 3, 0, 4, 1, 0, 5, 4, 0, 2, 3, 0, 1, 5, 1, 0, 0, 0, 3, 1, 3, 5, 0, 0, 4, 0, 3, 0, 5, 0, 2, 0, 0, 0, 0, 0, 0, 4, 5, 4, 0, 0, 41, 2, 0, 0, 3, 1, 0, 0, 1, 0, 0, 0, 0, 0, 0, 0, 0, 5, 0, 0, 0, 1, 0, 5, 0, 1, 1, 3, 40, 8, 4, 0, 2, 0, 0, : 1, 43, 3, 4, 3, 3, 2, 3, 5, 4, 2, 1, 3, 5, 1, 4, 1, 5, 5, 4, 1, 2, 3, 2, 1, 1, 4, 1, 2, 5, 2, 2, 1, 2, 1, 3, 5, 1, 1, 3, 3, 1, 3, 4, 3, 1, 5, 5, 1, 1, 1, 2, 2, 3, 3, 3, 2, 1, 1, 2, 4, 1, 3, 1, 5, 4, 4, 2, 5, 1, 1, 1, 1, 4, 3, 4, 1, 5, 4, 2, 3, 1, 5, 1, 3, 1, 3, 5, 4, 3, 5, 2, 4, 5, 4, 41, 2, 3, 1, 1, 5, 1, 5, 1, 1, 3, 40, 8, 4, 2, 
75: 0, 0, 0, 4, 2, 0, 0, 0, 0, 5, 0, 0, 3, 1, 43, 0, 1, 4, 0, 2, 0, 3, 0, 0, 4, 0, 4, 2, 2, 0, 0, 0, 0, 0, 0, 42, 0, 4, 0, 3, 0, 2, 3, 0, 4, 0, 0, 3, 0, 5, 0, 3, 41, 3, 0, 0, 2, 0, 4, 5, 0, 42, 4, 0, 0, 1, 1, 0, 2, 2, 5, 4, 4, 40, 3, 5, 0, 0, 0, 1, 0, 0, 0, 5, 3, 0, 0, 43, 0, 3, 3, 4, 44, 3, 0, 0, 0, 0, 0, 0, 0, 3, 1, 0, 0, 0, 1, 0, 4, 0, 0, 1, 0, 2, 3, 2, 5, 1, 1, 2, 0, 41, 5, 1, 0, 0, 0, 0, 0, 1, 1, 1, 0, 1, 0, 0, 5, 2, 0, 40, 0, 40, 0, 4, 0, 0, 0, 1, 0, 5, 0, 4, 1, 41, 0, 5, 0, 0, 2, 0, 0, 0, 4, 0, 3, 0, 5, 2, 0, 3, 5, 5, 1, 3, 0, 0, 0, 0, 0, 0, 0, 1, 3, 0, 0, 4, 3, 1, 2, 4, 4, 1, 2, 0, 1, 1, 3, 0, 0, 40, : 4, 2, 5, 3, 1, 43, 1, 4, 2, 3, 4, 4, 2, 2, 42, 4, 3, 2, 3, 4, 3, 5, 3, 41, 3, 2, 4, 5, 42, 4, 1, 1, 2, 2, 5, 4, 4, 40, 3, 5, 1, 5, 3, 43, 3, 3, 4, 44, 3, 3, 1, 1, 4, 1, 2, 3, 2, 5, 1, 1, 2, 41, 5, 1, 1, 1, 1, 1, 5, 2, 40, 40, 4, 1, 5, 4, 1, 41, 5, 2, 4, 3, 5, 2, 3, 5, 5, 1, 3, 1, 3, 4, 3, 1, 2, 4, 4, 1, 2, 1, 1, 3, 40, 
11: 0, 0, 0, 3, 5, 0, 2, 5, 4, 1, 1, 0, 4, 0, 3, 5, 0, 5, 4, 0, 4, 4, 0, 0, 1, 3, 3, 1, 2, 2, 4, 0, 5, 0, 1, 2, 0, 2, 0, 2, 0, 0, 2, 41, 3, 1, 44, 0, 0, 5, 1, 3, 0, 0, 0, 0, 4, 1, 4, 2, 42, 0, 4, 0, 0, 0, 0, 0, 4, 5, 1, 3, 4, 0, 5, 5, 0, 0, 0, 0, 0, 42, 0, 4, 4, 0, 1, 5, 1, 0, 1, 3, 4, 1, 44, 0, 5, 44, 1, 0, 1, 1, 1, 0, 40, 0, 0, 3, 5, 0, 1, 5, 5, 5, 0, 5, 0, 3, 7, 2, 0, 0, 1, 5, 0, 0, 0, 0, 2, 4, 0, 0, 1, 0, 0, 0, 5, 2, 0, 0, 0, 0, 0, 4, 0, 0, 0, 3, 0, 0, 0, 4, 0, 1, 0, 4, 1, 0, 0, 0, 2, 0, 2, 1, 43, 0, 3, 0, 43, 5, 0, 0, 0, 1, 0, 4, 4, 2, 0, 0, 0, 4, 1, 0, 2, 5, 0, 4, 3, 0, 3, 9, 1, 0, 1, 5, 0, 0, 2, 5, : 3, 5, 2, 5, 4, 1, 1, 4, 3, 5, 5, 4, 4, 4, 1, 3, 3, 1, 2, 2, 4, 5, 1, 2, 2, 2, 2, 41, 3, 1, 44, 5, 1, 3, 4, 1, 4, 2, 42, 4, 4, 5, 1, 3, 4, 5, 5, 42, 4, 4, 1, 5, 1, 1, 3, 4, 1, 44, 5, 44, 1, 1, 1, 1, 40, 3, 5, 1, 5, 5, 5, 5, 3, 7, 2, 1, 5, 2, 4, 1, 5, 2, 4, 3, 4, 1, 4, 1, 2, 2, 1, 43, 3, 43, 5, 1, 4, 4, 2, 4, 1, 2, 5, 4, 3, 3, 9, 1, 1, 5, 2, 5, 
51: 0, 2, 0, 1, 1, 3, 0, 0, 0, 5, 0, 0, 4, 1, 1, 43, 0, 5, 1, 0, 4, 4, 0, 0, 3, 2, 1, 4, 1, 0, 0, 5, 40, 2, 43, 0, 4, 5, 0, 4, 0, 0, 2, 0, 5, 0, 0, 0, 4, 3, 1, 4, 0, 0, 0, 4, 4, 4, 4, 5, 2, 5, 0, 3, 0, 0, 0, 0, 2, 2, 41, 2, 0, 5, 0, 1, 0, 2, 0, 0, 0, 0, 0, 4, 2, 4, 4, 0, 0, 0, 3, 0, 0, 2, 0, 2, 0, 0, 0, 0, 0, 2, 3, 4, 0, 2, 0, 0, 3, 0, 2, 3, 0, 0, 1, 4, 1, 5, 3, 2, 44, 0, 2, 2, 3, 0, 2, 0, 4, 1, 43, 2, 0, 0, 0, 0, 4, 2, 3, 4, 1, 1, 0, 5, 0, 0, 3, 4, 1, 0, 0, 4, 0, 0, 5, 4, 42, 0, 0, 5, 1, 0, 5, 0, 0, 0, 3, 1, 2, 4, 0, 2, 0, 3, 2, 0, 2, 4, 0, 0, 0, 4, 4, 0, 2, 0, 1, 1, 4, 0, 1, 2, 2, 2, 1, 1, 1, 0, 4, 2, : 2, 1, 1, 3, 5, 4, 1, 1, 43, 5, 1, 4, 4, 3, 2, 1, 4, 1, 5, 40, 2, 43, 4, 5, 4, 2, 5, 4, 3, 1, 4, 4, 4, 4, 4, 5, 2, 5, 3, 2, 2, 41, 2, 5, 1, 2, 4, 2, 4, 4, 3, 2, 2, 2, 3, 4, 2, 3, 2, 3, 1, 4, 1, 5, 3, 2, 44, 2, 2, 3, 2, 4, 1, 43, 2, 4, 2, 3, 4, 1, 1, 5, 3, 4, 1, 4, 5, 4, 42, 5, 1, 5, 3, 1, 2, 4, 2, 3, 2, 2, 4, 4, 4, 2, 1, 1, 4, 1, 2, 2, 2, 1, 1, 1, 4, 2, 


66: 0, 1, 4, 44, 0, 0, 0, 2, 0, 0, 0, 44, 0, 41, 0, 0, 43, 0, 0, 2, 0, 2, 5, 0, 4, 2, 3, 2, 1, 0, 4, 0, 1, 2, 1, 3, 4, 0, 2, 3, 5, 4, 4, 2, 1, 0, 4, 3, 0, 3, 1, 0, 1, 4, 1, 2, 0, 1, 0, 5, 4, 0, 0, 4, 5, 0, 4, 1, 0, 1, 0, 2, 3, 44, 0, 1, 0, 0, 0, 0, 1, 41, 5, 0, 1, 3, 1, 0, 1, 4, 0, 0, 0, 0, 0, 2, 3, 2, 2, 0, 2, 3, 0, 0, 4, 4, 3, 2, 0, 0, 4, 0, 0, 2, 2, 0, 0, 1, 40, 1, 0, 0, 0, 0, 1, 2, 4, 0, 2, 0, 0, 3, 4, 3, 0, 1, 3, 2, 42, 2, 0, 5, 0, 0, 1, 0, 4, 3, 42, 0, 0, 5, 2, 0, 0, 2, 0, 2, 1, 4, 0, 3, 0, 1, 1, 0, 1, 0, 2, 2, 0, 1, 0, 0, 4, 2, 4, 3, 0, 0, 4, 1, 0, 2, 3, 0, 1, 0, 2, 1, 41, 0, 0, 0, 43, 0, 5, 0, 2, 0, : 1, 4, 44, 2, 44, 41, 43, 2, 2, 5, 4, 2, 3, 2, 1, 4, 1, 2, 1, 3, 4, 2, 3, 5, 4, 4, 2, 1, 4, 3, 3, 1, 1, 4, 1, 2, 1, 5, 4, 4, 5, 4, 1, 1, 2, 3, 44, 1, 1, 41, 5, 1, 3, 1, 1, 4, 2, 3, 2, 2, 2, 3, 4, 4, 3, 2, 4, 2, 2, 1, 40, 1, 1, 2, 4, 2, 3, 4, 3, 1, 3, 2, 42, 2, 5, 1, 4, 3, 42, 5, 2, 2, 2, 1, 4, 3, 1, 1, 1, 2, 2, 1, 4, 2, 4, 3, 4, 1, 2, 3, 1, 2, 1, 41, 43, 5, 2, 
58: 0, 0, 0, 0, 1, 0, 0, 1, 0, 40, 1, 0, 0, 0, 2, 0, 0, 0, 0, 5, 0, 1, 0, 3, 5, 1, 0, 0, 0, 1, 1, 0, 1, 40, 5, 1, 4, 0, 0, 0, 2, 0, 4, 2, 41, 2, 2, 0, 3, 1, 3, 5, 2, 2, 5, 5, 40, 3, 0, 5, 3, 0, 3, 3, 2, 0, 4, 0, 0, 0, 4, 2, 2, 1, 0, 0, 1, 0, 0, 0, 5, 0, 2, 0, 1, 0, 1, 0, 0, 2, 0, 42, 40, 0, 42, 0, 0, 0, 1, 5, 4, 0, 0, 0, 4, 1, 1, 0, 0, 0, 5, 0, 2, 4, 3, 1, 5, 0, 5, 0, 2, 0, 0, 0, 2, 2, 2, 0, 1, 1, 2, 1, 2, 0, 0, 1, 3, 0, 0, 4, 0, 3, 42, 0, 5, 0, 2, 0, 3, 0, 5, 1, 0, 4, 1, 43, 1, 6, 3, 2, 3, 0, 0, 3, 0, 0, 0, 0, 0, 0, 0, 5, 2, 0, 1, 3, 0, 3, 43, 5, 1, 5, 0, 5, 0, 0, 0, 0, 3, 5, 4, 41, 0, 5, 2, 3, 3, 44, 0, 4, : 1, 1, 40, 1, 2, 5, 1, 3, 5, 1, 1, 1, 1, 40, 5, 1, 4, 2, 4, 2, 41, 2, 2, 3, 1, 3, 5, 2, 2, 5, 5, 40, 3, 5, 3, 3, 3, 2, 4, 4, 2, 2, 1, 1, 5, 2, 1, 1, 2, 42, 40, 42, 1, 5, 4, 4, 1, 1, 5, 2, 4, 3, 1, 5, 5, 2, 2, 2, 2, 1, 1, 2, 1, 2, 1, 3, 4, 3, 42, 5, 2, 3, 5, 1, 4, 1, 43, 1, 6, 3, 2, 3, 3, 5, 2, 1, 3, 3, 43, 5, 1, 5, 5, 3, 5, 4, 41, 5, 2, 3, 3, 44, 4, 
8: 2, 1, 3, 0, 4, 0, 0, 6, 5, 2, 0, 0, 4, 3, 4, 0, 0, 0, 0, 1, 44, 5, 1, 1, 3, 1, 0, 41, 0, 0, 5, 0, 0, 2, 0, 5, 1, 0, 0, 0, 3, 0, 4, 5, 5, 0, 1, 0, 43, 1, 1, 0, 5, 4, 3, 5, 1, 0, 43, 5, 4, 42, 0, 0, 2, 1, 5, 0, 0, 0, 3, 5, 1, 1, 1, 0, 0, 0, 41, 0, 0, 3, 0, 0, 1, 0, 0, 3, 0, 5, 42, 0, 3, 0, 0, 0, 0, 0, 2, 4, 5, 0, 0, 3, 3, 1, 1, 0, 0, 0, 3, 2, 0, 3, 1, 0, 0, 4, 0, 5, 0, 0, 2, 1, 0, 4, 4, 4, 0, 4, 0, 2, 5, 3, 0, 44, 5, 0, 0, 4, 0, 0, 0, 2, 3, 2, 1, 42, 0, 0, 0, 0, 0, 0, 0, 0, 0, 1, 5, 1, 44, 0, 4, 3, 4, 2, 43, 0, 0, 4, 0, 0, 0, 0, 1, 1, 0, 6, 1, 0, 5, 1, 0, 4, 0, 5, 0, 0, 3, 0, 0, 3, 0, 0, 0, 5, 5, 0, 0, 0, : 2, 1, 3, 4, 6, 5, 2, 4, 3, 4, 1, 44, 5, 1, 1, 3, 1, 41, 5, 2, 5, 1, 3, 4, 5, 5, 1, 43, 1, 1, 5, 4, 3, 5, 1, 43, 5, 4, 42, 2, 1, 5, 3, 5, 1, 1, 1, 41, 3, 1, 3, 5, 42, 3, 2, 4, 5, 3, 3, 1, 1, 3, 2, 3, 1, 4, 5, 2, 1, 4, 4, 4, 4, 2, 5, 3, 44, 5, 4, 2, 3, 2, 1, 42, 1, 5, 1, 44, 4, 3, 4, 2, 43, 4, 1, 1, 6, 1, 5, 1, 4, 5, 3, 3, 5, 5, 
24: 0, 40, 0, 4, 0, 0, 0, 3, 0, 0, 0, 4, 0, 4, 5, 1, 0, 0, 0, 5, 1, 4, 0, 41, 3, 5, 5, 0, 3, 0, 3, 1, 43, 0, 0, 2, 1, 2, 0, 0, 1, 0, 2, 5, 0, 2, 3, 1, 2, 4, 2, 0, 1, 0, 1, 2, 0, 2, 0, 1, 5, 4, 3, 4, 3, 5, 5, 0, 0, 0, 0, 0, 5, 3, 0, 44, 0, 0, 5, 40, 1, 5, 5, 1, 0, 0, 0, 0, 0, 1, 0, 1, 0, 1, 1, 0, 0, 0, 4, 5, 3, 0, 0, 0, 1, 1, 2, 0, 0, 3, 4, 0, 1, 4, 0, 3, 0, 0, 1, 0, 2, 0, 0, 0, 0, 5, 5, 0, 0, 1, 0, 4, 2, 0, 2, 0, 4, 40, 4, 5, 0, 1, 3, 3, 2, 2, 1, 2, 5, 5, 0, 0, 0, 0, 1, 0, 0, 5, 5, 4, 0, 4, 0, 1, 1, 4, 2, 2, 1, 0, 0, 3, 4, 0, 5, 1, 0, 3, 0, 0, 3, 3, 0, 4, 0, 0, 0, 3, 5, 5, 0, 0, 0, 0, 2, 1, 5, 0, 0, 42, : 40, 4, 3, 4, 4, 5, 1, 5, 1, 4, 41, 3, 5, 5, 3, 3, 1, 43, 2, 1, 2, 1, 2, 5, 2, 3, 1, 2, 4, 2, 1, 1, 2, 2, 1, 5, 4, 3, 4, 3, 5, 5, 5, 3, 44, 5, 40, 1, 5, 5, 1, 1, 1, 1, 1, 4, 5, 3, 1, 1, 2, 3, 4, 1, 4, 3, 1, 2, 5, 5, 1, 4, 2, 2, 4, 40, 4, 5, 1, 3, 3, 2, 2, 1, 2, 5, 5, 1, 5, 5, 4, 4, 1, 1, 4, 2, 2, 1, 3, 4, 5, 1, 3, 3, 3, 4, 3, 5, 5, 2, 1, 5, 42, 
22: 0, 4, 0, 0, 3, 0, 4, 1, 0, 5, 1, 0, 0, 0, 3, 2, 0, 5, 0, 4, 0, 1, 0, 5, 4, 3, 0, 1, 0, 1, 1, 3, 1, 3, 1, 2, 2, 0, 4, 0, 4, 2, 1, 1, 5, 0, 1, 40, 0, 4, 4, 0, 5, 5, 1, 4, 0, 1, 0, 1, 5, 4, 0, 0, 2, 0, 5, 2, 5, 1, 2, 0, 2, 0, 0, 5, 0, 0, 5, 2, 2, 2, 0, 0, 0, 3, 0, 4, 0, 5, 0, 0, 5, 0, 0, 0, 0, 0, 2, 1, 2, 0, 0, 0, 2, 2, 2, 0, 0, 0, 2, 1, 4, 1, 0, 0, 0, 0, 0, 0, 0, 3, 4, 2, 0, 3, 5, 5, 2, 0, 1, 5, 1, 0, 1, 0, 4, 1, 5, 5, 2, 42, 0, 0, 4, 3, 4, 0, 3, 5, 0, 1, 2, 0, 0, 1, 2, 2, 4, 0, 0, 4, 1, 0, 5, 1, 0, 0, 0, 0, 0, 2, 0, 0, 5, 1, 0, 2, 3, 0, 4, 3, 44, 2, 0, 0, 0, 41, 5, 1, 3, 4, 1, 0, 0, 2, 3, 0, 3, 0, : 4, 3, 4, 1, 5, 1, 3, 2, 5, 4, 1, 5, 4, 3, 1, 1, 1, 3, 1, 3, 1, 2, 2, 4, 4, 2, 1, 1, 5, 1, 40, 4, 4, 5, 5, 1, 4, 1, 1, 5, 4, 2, 5, 2, 5, 1, 2, 2, 5, 5, 2, 2, 2, 3, 4, 5, 5, 2, 1, 2, 2, 2, 2, 2, 1, 4, 1, 3, 4, 2, 3, 5, 5, 2, 1, 5, 1, 1, 4, 1, 5, 5, 2, 42, 4, 3, 4, 3, 5, 1, 2, 1, 2, 2, 4, 4, 1, 5, 1, 2, 5, 1, 2, 3, 4, 3, 44, 2, 41, 5, 1, 3, 4, 1, 2, 3, 3, 
45: 0, 0, 2, 2, 0, 0, 2, 2, 1, 0, 0, 0, 1, 4, 0, 0, 0, 4, 0, 1, 0, 1, 0, 0, 5, 1, 0, 3, 0, 2, 6, 0, 0, 5, 0, 1, 5, 0, 0, 0, 3, 0, 5, 1, 0, 0, 5, 5, 2, 2, 5, 0, 5, 4, 0, 4, 0, 0, 0, 3, 5, 0, 3, 0, 5, 3, 0, 4, 0, 5, 0, 2, 5, 0, 4, 0, 1, 0, 0, 0, 3, 0, 0, 2, 2, 2, 1, 0, 4, 5, 0, 0, 0, 0, 4, 0, 0, 1, 5, 3, 1, 41, 42, 0, 2, 0, 3, 4, 0, 2, 2, 0, 1, 4, 0, 0, 0, 0, 0, 2, 0, 3, 0, 0, 2, 0, 4, 0, 0, 0, 3, 3, 3, 0, 0, 0, 3, 0, 0, 3, 3, 0, 3, 0, 5, 0, 3, 3, 0, 0, 0, 3, 0, 0, 0, 0, 1, 4, 1, 2, 0, 5, 0, 0, 1, 0, 2, 3, 0, 0, 1, 0, 3, 0, 2, 5, 1, 4, 0, 0, 5, 2, 0, 1, 0, 2, 0, 1, 3, 0, 4, 0, 0, 0, 0, 0, 4, 0, 0, 0, : 2, 2, 2, 2, 1, 1, 4, 4, 1, 1, 5, 1, 3, 2, 6, 5, 1, 5, 3, 5, 1, 5, 5, 2, 2, 5, 5, 4, 4, 3, 5, 3, 5, 3, 4, 5, 2, 5, 4, 1, 3, 2, 2, 2, 1, 4, 5, 4, 1, 5, 3, 1, 41, 42, 2, 3, 4, 2, 2, 1, 4, 2, 3, 2, 4, 3, 3, 3, 3, 3, 3, 3, 5, 3, 3, 3, 1, 4, 1, 2, 5, 1, 2, 3, 1, 3, 2, 5, 1, 4, 5, 2, 1, 2, 1, 3, 4, 4, 
69: 0, 0, 0, 0, 0, 0, 0, 4, 0, 0, 0, 2, 2, 0, 4, 44, 0, 0, 4, 2, 0, 3, 0, 0, 4, 3, 0, 0, 2, 0, 5, 0, 0, 2, 0, 0, 1, 2, 0, 2, 4, 2, 1, 4, 2, 0, 4, 0, 0, 4, 2, 0, 4, 4, 0, 3, 0, 0, 0, 4, 2, 0, 2, 1, 2, 0, 0, 0, 0, 5, 0, 5, 3, 0, 3, 0, 1, 0, 0, 0, 5, 0, 0, 1, 3, 0, 0, 0, 1, 5, 3, 0, 0, 0, 0, 0, 0, 0, 4, 1, 1, 5, 0, 0, 5, 0, 3, 0, 0, 1, 2, 0, 0, 0, 0, 2, 5, 5, 5, 0, 0, 0, 0, 1, 0, 0, 1, 0, 1, 0, 1, 3, 5, 4, 0, 3, 2, 0, 0, 4, 0, 0, 0, 0, 1, 0, 5, 0, 0, 0, 0, 43, 0, 4, 0, 0, 4, 2, 3, 1, 0, 4, 0, 40, 4, 0, 1, 3, 1, 0, 0, 1, 40, 0, 5, 3, 0, 2, 0, 4, 3, 2, 0, 4, 40, 0, 0, 2, 5, 1, 1, 3, 2, 0, 0, 0, 0, 0, 2, 0, : 4, 2, 2, 4, 44, 4, 2, 3, 4, 3, 2, 5, 2, 1, 2, 2, 4, 2, 1, 4, 2, 4, 4, 2, 4, 4, 3, 4, 2, 2, 1, 2, 5, 5, 3, 3, 1, 5, 1, 3, 1, 5, 3, 4, 1, 1, 5, 5, 3, 1, 2, 2, 5, 5, 5, 1, 1, 1, 1, 3, 5, 4, 3, 2, 4, 1, 5, 43, 4, 4, 2, 3, 1, 4, 40, 4, 1, 3, 1, 1, 40, 5, 3, 2, 4, 3, 2, 4, 40, 2, 5, 1, 1, 3, 2, 2, 
89: 4, 0, 0, 1, 0, 0, 0, 5, 0, 0, 4, 0, 0, 0, 4, 2, 4, 0, 0, 2, 3, 7, 4, 0, 2, 3, 5, 0, 0, 0, 5, 0, 4, 3, 1, 2, 3, 0, 1, 4, 2, 3, 3, 5, 0, 44, 2, 1, 4, 1, 1, 42, 2, 5, 1, 0, 0, 4, 0, 0, 3, 2, 3, 1, 1, 0, 4, 40, 0, 0, 0, 3, 1, 0, 0, 0, 1, 0, 0, 1, 0, 4, 0, 5, 0, 5, 0, 44, 0, 2, 0, 1, 0, 1, 0, 0, 44, 0, 2, 4, 2, 1, 3, 3, 5, 1, 4, 0, 0, 0, 1, 0, 0, 0, 0, 4, 1, 0, 0, 0, 2, 0, 0, 1, 5, 1, 5, 4, 0, 5, 1, 2, 4, 0, 4, 0, 1, 4, 0, 1, 2, 0, 0, 0, 5, 2, 5, 0, 0, 1, 3, 0, 3, 0, 0, 0, 0, 2, 3, 2, 0, 3, 0, 3, 5, 0, 0, 2, 0, 2, 0, 0, 0, 0, 4, 5, 0, 2, 0, 3, 3, 5, 0, 1, 0, 0, 0, 2, 1, 1, 0, 2, 1, 0, 1, 2, 4, 0, 0, 0, : 4, 1, 5, 4, 4, 2, 4, 2, 3, 7, 4, 2, 3, 5, 5, 4, 3, 1, 2, 3, 1, 4, 2, 3, 3, 5, 44, 2, 1, 4, 1, 1, 42, 2, 5, 1, 4, 3, 2, 3, 1, 1, 4, 40, 3, 1, 1, 1, 4, 5, 5, 44, 2, 1, 1, 44, 2, 4, 2, 1, 3, 3, 5, 1, 4, 1, 4, 1, 2, 1, 5, 1, 5, 4, 5, 1, 2, 4, 4, 1, 4, 1, 2, 5, 2, 5, 1, 3, 3, 2, 3, 2, 3, 3, 5, 2, 2, 4, 5, 2, 3, 3, 5, 1, 2, 1, 1, 2, 1, 1, 2, 4, 
46: 1, 0, 0, 0, 0, 40, 0, 4, 0, 0, 0, 0, 0, 0, 4, 0, 3, 0, 0, 2, 4, 2, 44, 0, 1, 5, 0, 0, 0, 5, 2, 0, 0, 3, 42, 5, 5, 40, 2, 0, 4, 1, 3, 5, 0, 0, 2, 4, 0, 4, 0, 1, 2, 2, 0, 2, 0, 0, 4, 5, 1, 0, 1, 40, 3, 0, 2, 0, 1, 43, 0, 3, 1, 0, 0, 0, 0, 0, 0, 3, 0, 0, 2, 4, 0, 0, 0, 4, 0, 5, 1, 1, 0, 0, 0, 0, 0, 0, 1, 2, 4, 2, 1, 0, 0, 0, 3, 0, 3, 42, 2, 3, 4, 4, 0, 1, 0, 0, 0, 1, 2, 2, 0, 0, 0, 5, 3, 0, 0, 41, 2, 3, 2, 0, 5, 5, 1, 0, 0, 4, 0, 0, 2, 0, 5, 4, 3, 0, 0, 40, 4, 1, 0, 0, 1, 4, 0, 5, 3, 4, 1, 3, 0, 0, 3, 2, 0, 3, 0, 3, 5, 0, 0, 5, 2, 2, 3, 1, 2, 4, 3, 2, 0, 4, 0, 5, 0, 3, 4, 0, 2, 0, 44, 3, 4, 3, 2, 4, 41, 0, : 1, 40, 4, 4, 3, 2, 4, 2, 44, 1, 5, 5, 2, 3, 42, 5, 5, 40, 2, 4, 1, 3, 5, 2, 4, 4, 1, 2, 2, 2, 4, 5, 1, 1, 40, 3, 2, 1, 43, 3, 1, 3, 2, 4, 4, 5, 1, 1, 1, 2, 4, 2, 1, 3, 3, 42, 2, 3, 4, 4, 1, 1, 2, 2, 5, 3, 41, 2, 3, 2, 5, 5, 1, 4, 2, 5, 4, 3, 40, 4, 1, 1, 4, 5, 3, 4, 1, 3, 3, 2, 3, 3, 5, 5, 2, 2, 3, 1, 2, 4, 3, 2, 4, 5, 3, 4, 2, 44, 3, 4, 3, 2, 4, 41, 
83: 0, 1, 1, 0, 0, 0, 0, 4, 0, 0, 0, 0, 0, 0, 2, 0, 0, 0, 1, 5, 0, 1, 2, 5, 5, 3, 0, 0, 3, 5, 1, 3, 0, 0, 3, 5, 3, 0, 2, 5, 3, 3, 2, 3, 0, 5, 3, 5, 1, 4, 4, 2, 5, 0, 0, 5, 3, 40, 2, 2, 2, 5, 0, 1, 3, 1, 2, 0, 42, 0, 5, 5, 4, 2, 0, 0, 2, 0, 0, 3, 0, 2, 1, 0, 0, 2, 0, 0, 3, 3, 4, 0, 0, 0, 0, 0, 0, 4, 2, 5, 4, 1, 0, 0, 3, 43, 4, 0, 0, 2, 5, 0, 5, 3, 41, 3, 1, 4, 0, 3, 0, 0, 0, 2, 3, 3, 2, 0, 5, 0, 0, 3, 2, 42, 0, 0, 5, 0, 0, 2, 0, 0, 0, 0, 2, 0, 4, 0, 0, 0, 3, 0, 0, 0, 0, 0, 0, 1, 5, 5, 0, 3, 1, 0, 5, 0, 0, 0, 0, 0, 0, 0, 0, 1, 5, 4, 1, 1, 1, 2, 2, 5, 1, 1, 0, 0, 0, 5, 2, 0, 0, 0, 0, 4, 1, 0, 5, 4, 0, 2, : 1, 1, 4, 2, 1, 5, 1, 2, 5, 5, 3, 3, 5, 1, 3, 3, 5, 3, 2, 5, 3, 3, 2, 3, 5, 3, 5, 1, 4, 4, 2, 5, 5, 3, 40, 2, 2, 2, 5, 1, 3, 1, 2, 42, 5, 5, 4, 2, 2, 3, 2, 1, 2, 3, 3, 4, 4, 2, 5, 4, 1, 3, 43, 4, 2, 5, 5, 3, 41, 3, 1, 4, 3, 2, 3, 3, 2, 5, 3, 2, 42, 5, 2, 2, 4, 3, 1, 5, 5, 3, 1, 5, 1, 5, 4, 1, 1, 1, 2, 2, 5, 1, 1, 5, 2, 4, 1, 5, 4, 2, 
17: 0, 4, 0, 0, 0, 3, 0, 3, 0, 1, 0, 0, 0, 1, 5, 0, 5, 4, 0, 4, 3, 4, 0, 0, 2, 4, 0, 4, 4, 0, 2, 0, 2, 0, 0, 2, 2, 1, 0, 40, 2, 0, 5, 5, 0, 0, 2, 0, 0, 4, 5, 0, 1, 0, 42, 1, 3, 0, 0, 5, 1, 0, 0, 0, 5, 0, 1, 0, 3, 0, 0, 1, 3, 4, 0, 0, 0, 0, 2, 2, 0, 2, 0, 0, 1, 0, 0, 2, 0, 1, 0, 0, 0, 0, 5, 0, 3, 0, 3, 4, 2, 2, 0, 0, 5, 0, 4, 4, 2, 0, 1, 2, 40, 4, 0, 0, 0, 1, 0, 0, 3, 0, 0, 0, 2, 4, 1, 0, 42, 0, 0, 5, 3, 3, 0, 5, 4, 0, 0, 1, 41, 0, 0, 0, 1, 0, 5, 0, 0, 0, 42, 0, 0, 0, 0, 0, 4, 2, 3, 0, 0, 3, 0, 0, 4, 5, 3, 0, 0, 0, 3, 3, 2, 0, 0, 5, 0, 5, 0, 0, 1, 1, 1, 2, 0, 0, 3, 0, 4, 0, 0, 0, 3, 0, 0, 1, 4, 4, 4, 0, : 4, 3, 3, 1, 1, 5, 5, 4, 4, 3, 4, 2, 4, 4, 4, 2, 2, 2, 2, 1, 40, 2, 5, 5, 2, 4, 5, 1, 42, 1, 3, 5, 1, 5, 1, 3, 1, 3, 4, 2, 2, 2, 1, 2, 1, 5, 3, 3, 4, 2, 2, 5, 4, 4, 2, 1, 2, 40, 4, 1, 3, 2, 4, 1, 42, 5, 3, 3, 5, 4, 1, 41, 1, 5, 42, 4, 2, 3, 3, 4, 5, 3, 3, 3, 2, 5, 5, 1, 1, 1, 2, 3, 4, 3, 1, 4, 4, 4, 
62: 41, 0, 44, 0, 4, 5, 4, 5, 0, 1, 2, 3, 40, 3, 4, 0, 0, 41, 0, 1, 0, 5, 1, 2, 2, 2, 0, 0, 40, 0, 3, 0, 0, 0, 0, 4, 1, 0, 0, 0, 4, 44, 2, 2, 1, 0, 8, 0, 0, 2, 3, 0, 3, 4, 0, 4, 0, 1, 2, 3, 3, 0, 0, 2, 2, 0, 1, 0, 5, 0, 0, 4, 3, 1, 0, 0, 1, 5, 1, 1, 0, 1, 2, 0, 0, 0, 4, 0, 0, 1, 0, 2, 0, 43, 0, 43, 0, 4, 4, 3, 5, 0, 0, 2, 3, 2, 5, 3, 5, 3, 3, 2, 0, 3, 0, 0, 0, 0, 0, 0, 0, 4, 0, 0, 2, 3, 4, 2, 0, 0, 0, 4, 3, 0, 0, 0, 5, 3, 0, 1, 0, 0, 0, 0, 0, 1, 1, 3, 0, 0, 0, 0, 5, 2, 5, 0, 1, 6, 4, 5, 2, 3, 2, 0, 0, 2, 0, 1, 0, 0, 0, 1, 0, 3, 0, 1, 0, 5, 0, 0, 1, 2, 0, 0, 1, 2, 0, 0, 3, 0, 0, 0, 4, 0, 0, 0, 3, 0, 0, 0, : 41, 44, 4, 5, 4, 5, 1, 2, 3, 40, 3, 4, 41, 1, 5, 1, 2, 2, 2, 40, 3, 4, 1, 4, 44, 2, 2, 1, 8, 2, 3, 3, 4, 4, 1, 2, 3, 3, 2, 2, 1, 5, 4, 3, 1, 1, 5, 1, 1, 1, 2, 4, 1, 2, 43, 43, 4, 4, 3, 5, 2, 3, 2, 5, 3, 5, 3, 3, 2, 3, 4, 2, 3, 4, 2, 4, 3, 5, 3, 1, 1, 1, 3, 5, 2, 5, 1, 6, 4, 5, 2, 3, 2, 2, 1, 1, 3, 1, 5, 1, 2, 1, 2, 3, 4, 3, 
39: 3, 2, 0, 2, 0, 2, 0, 1, 3, 0, 3, 0, 0, 0, 5, 2, 0, 1, 0, 3, 0, 4, 0, 0, 5, 4, 0, 0, 0, 0, 3, 0, 0, 0, 0, 5, 4, 0, 0, 0, 2, 0, 4, 1, 0, 0, 1, 0, 2, 3, 5, 0, 2, 5, 0, 5, 1, 0, 0, 4, 4, 0, 1, 0, 2, 0, 4, 5, 0, 0, 0, 5, 3, 0, 3, 0, 0, 0, 0, 3, 0, 0, 1, 0, 0, 41, 0, 3, 42, 3, 2, 0, 0, 3, 5, 0, 3, 43, 5, 3, 0, 0, 2, 3, 4, 0, 4, 0, 2, 2, 5, 5, 0, 4, 4, 0, 2, 0, 3, 0, 0, 4, 4, 0, 0, 2, 2, 0, 0, 0, 4, 1, 4, 2, 4, 0, 3, 2, 3, 5, 3, 4, 5, 0, 0, 43, 1, 5, 0, 0, 0, 2, 5, 43, 2, 0, 0, 2, 1, 5, 0, 4, 5, 4, 1, 0, 0, 40, 5, 0, 0, 0, 0, 2, 1, 1, 3, 1, 0, 40, 5, 2, 0, 4, 1, 0, 0, 0, 4, 3, 0, 4, 2, 1, 4, 0, 3, 1, 2, 0, : 3, 2, 2, 2, 1, 3, 3, 5, 2, 1, 3, 4, 5, 4, 3, 5, 4, 2, 4, 1, 1, 2, 3, 5, 2, 5, 5, 1, 4, 4, 1, 2, 4, 5, 5, 3, 3, 3, 1, 41, 3, 42, 3, 2, 3, 5, 3, 43, 5, 3, 2, 3, 4, 4, 2, 2, 5, 5, 4, 4, 2, 3, 4, 4, 2, 2, 4, 1, 4, 2, 4, 3, 2, 3, 5, 3, 4, 5, 43, 1, 5, 2, 5, 43, 2, 2, 1, 5, 4, 5, 4, 1, 40, 5, 2, 1, 1, 3, 1, 40, 5, 2, 4, 1, 4, 3, 4, 2, 1, 4, 3, 1, 2, 
87: 0, 2, 0, 0, 0, 0, 2, 3, 1, 3, 3, 3, 3, 4, 5, 3, 0, 0, 4, 2, 2, 3, 0, 1, 2, 1, 0, 2, 0, 1, 2, 0, 3, 0, 0, 3, 3, 5, 40, 0, 4, 0, 4, 3, 4, 0, 5, 0, 0, 2, 2, 2, 3, 3, 4, 3, 0, 2, 2, 3, 1, 1, 0, 0, 3, 0, 0, 0, 0, 0, 0, 5, 4, 0, 1, 2, 5, 0, 3, 0, 0, 0, 1, 44, 0, 0, 1, 0, 2, 3, 4, 0, 0, 5, 0, 4, 2, 0, 1, 2, 1, 0, 5, 41, 3, 1, 3, 1, 0, 0, 1, 0, 0, 5, 0, 0, 0, 2, 1, 0, 44, 44, 0, 0, 0, 5, 1, 0, 1, 3, 0, 4, 2, 0, 0, 0, 5, 0, 0, 4, 0, 0, 4, 0, 5, 0, 5, 1, 0, 0, 3, 0, 0, 0, 5, 5, 0, 1, 4, 3, 0, 2, 0, 1, 5, 0, 5, 5, 2, 1, 0, 40, 0, 0, 5, 4, 2, 2, 1, 0, 2, 5, 0, 2, 4, 0, 41, 0, 0, 1, 0, 0, 0, 40, 2, 0, 5, 2, 5, 0, : 2, 2, 3, 1, 3, 3, 3, 3, 4, 5, 3, 4, 2, 2, 3, 1, 2, 1, 2, 1, 2, 3, 3, 3, 5, 40, 4, 4, 3, 4, 5, 2, 2, 2, 3, 3, 4, 3, 2, 2, 3, 1, 1, 3, 5, 4, 1, 2, 5, 3, 1, 44, 1, 2, 3, 4, 5, 4, 2, 1, 2, 1, 5, 41, 3, 1, 3, 1, 1, 5, 2, 1, 44, 44, 5, 1, 1, 3, 4, 2, 5, 4, 4, 5, 5, 1, 3, 5, 5, 1, 4, 3, 2, 1, 5, 5, 5, 2, 1, 40, 5, 4, 2, 2, 1, 2, 5, 2, 4, 41, 1, 40, 2, 5, 2, 5, 
85: 0, 0, 0, 3, 41, 1, 0, 3, 0, 1, 0, 1, 0, 0, 1, 0, 0, 1, 0, 4, 0, 3, 0, 0, 4, 2, 0, 0, 0, 0, 1, 4, 4, 0, 1, 5, 4, 1, 0, 4, 4, 0, 3, 5, 0, 3, 5, 0, 0, 3, 5, 0, 1, 4, 2, 1, 4, 1, 0, 3, 2, 1, 0, 1, 5, 41, 3, 2, 0, 1, 44, 5, 1, 0, 0, 0, 0, 5, 0, 4, 0, 0, 0, 0, 2, 0, 3, 0, 0, 1, 0, 3, 3, 5, 1, 0, 3, 0, 4, 4, 4, 0, 0, 0, 0, 1, 2, 0, 2, 1, 5, 0, 0, 3, 3, 0, 0, 0, 0, 0, 2, 0, 5, 41, 0, 4, 2, 0, 1, 0, 3, 4, 5, 3, 44, 0, 2, 0, 0, 2, 4, 0, 0, 1, 2, 2, 5, 0, 1, 0, 0, 0, 0, 0, 0, 3, 0, 2, 3, 1, 5, 1, 0, 0, 4, 42, 0, 0, 0, 0, 43, 0, 0, 3, 4, 4, 3, 10, 0, 1, 1, 1, 4, 3, 0, 3, 4, 0, 5, 0, 1, 3, 0, 4, 1, 0, 5, 0, 0, 5, : 3, 41, 1, 3, 1, 1, 1, 1, 4, 3, 4, 2, 1, 4, 4, 1, 5, 4, 1, 4, 4, 3, 5, 3, 5, 3, 5, 1, 4, 2, 1, 4, 1, 3, 2, 1, 1, 5, 41, 3, 2, 1, 44, 5, 1, 5, 4, 2, 3, 1, 3, 3, 5, 1, 3, 4, 4, 4, 1, 2, 2, 1, 5, 3, 3, 2, 5, 41, 4, 2, 1, 3, 4, 5, 3, 44, 2, 2, 4, 1, 2, 2, 5, 1, 3, 2, 3, 1, 5, 1, 4, 42, 43, 3, 4, 4, 3, 10, 1, 1, 1, 4, 3, 3, 4, 5, 1, 3, 4, 1, 5, 5, 
1: 3, 0, 2, 0, 5, 5, 0, 4, 2, 0, 0, 0, 4, 0, 4, 5, 3, 4, 4, 2, 0, 4, 0, 2, 4, 8, 40, 0, 3, 0, 6, 2, 0, 0, 0, 3, 4, 0, 0, 0, 3, 0, 2, 1, 0, 0, 4, 1, 0, 4, 4, 0, 1, 5, 0, 5, 4, 0, 0, 1, 4, 0, 0, 0, 5, 4, 2, 0, 0, 0, 0, 5, 5, 0, 0, 5, 0, 5, 0, 0, 0, 0, 0, 3, 2, 4, 4, 0, 3, 5, 0, 1, 4, 1, 1, 0, 0, 0, 3, 1, 2, 1, 1, 0, 5, 3, 1, 0, 0, 3, 5, 2, 0, 1, 5, 1, 0, 3, 0, 0, 0, 0, 43, 4, 0, 4, 4, 0, 3, 5, 0, 4, 5, 0, 0, 0, 3, 2, 0, 1, 0, 0, 1, 5, 3, 0, 1, 0, 2, 3, 0, 0, 1, 1, 1, 0, 0, 1, 4, 4, 1, 3, 3, 2, 5, 0, 0, 0, 1, 0, 2, 1, 4, 44, 5, 4, 0, 1, 3, 0, 3, 5, 0, 5, 2, 40, 5, 3, 3, 0, 4, 0, 0, 1, 0, 1, 0, 0, 1, 0, : 3, 2, 5, 5, 4, 2, 4, 4, 5, 3, 4, 4, 2, 4, 2, 4, 8, 40, 3, 6, 2, 3, 4, 3, 2, 1, 4, 1, 4, 4, 1, 5, 5, 4, 1, 4, 5, 4, 2, 5, 5, 5, 5, 3, 2, 4, 4, 3, 5, 1, 4, 1, 1, 3, 1, 2, 1, 1, 5, 3, 1, 3, 5, 2, 1, 5, 1, 3, 43, 4, 4, 4, 3, 5, 4, 5, 3, 2, 1, 1, 5, 3, 1, 2, 3, 1, 1, 1, 1, 4, 4, 1, 3, 3, 2, 5, 1, 2, 1, 4, 44, 5, 4, 1, 3, 3, 5, 5, 2, 40, 5, 3, 3, 4, 1, 1, 1, 
99: 3, 2, 0, 3, 1, 4, 42, 2, 3, 0, 43, 0, 0, 0, 0, 1, 0, 0, 5, 3, 2, 1, 0, 0, 1, 1, 2, 0, 1, 4, 4, 4, 0, 0, 1, 0, 0, 5, 2, 0, 5, 0, 1, 3, 1, 0, 2, 0, 0, 4, 2, 2, 5, 5, 0, 3, 0, 0, 2, 5, 2, 1, 1, 0, 2, 0, 3, 5, 4, 0, 0, 2, 5, 2, 0, 1, 0, 0, 2, 0, 0, 0, 40, 0, 0, 0, 43, 0, 0, 2, 0, 5, 4, 0, 1, 5, 2, 5, 3, 2, 5, 2, 3, 4, 0, 0, 4, 2, 43, 1, 5, 0, 3, 4, 1, 4, 4, 40, 1, 4, 3, 0, 0, 4, 0, 4, 3, 1, 0, 0, 40, 1, 0, 0, 0, 0, 2, 0, 1, 5, 1, 4, 0, 5, 2, 1, 3, 0, 0, 3, 0, 0, 0, 0, 41, 2, 43, 4, 1, 5, 1, 1, 2, 0, 5, 0, 0, 0, 0, 44, 5, 1, 5, 0, 4, 5, 0, 2, 1, 0, 5, 5, 0, 4, 5, 0, 0, 0, 1, 2, 0, 0, 0, 1, 0, 2, 1, 0, 0, 0, : 3, 2, 3, 1, 4, 42, 2, 3, 43, 1, 5, 3, 2, 1, 1, 1, 2, 1, 4, 4, 4, 1, 5, 2, 5, 1, 3, 1, 2, 4, 2, 2, 5, 5, 3, 2, 5, 2, 1, 1, 2, 3, 5, 4, 2, 5, 2, 1, 2, 40, 43, 2, 5, 4, 1, 5, 2, 5, 3, 2, 5, 2, 3, 4, 4, 2, 43, 1, 5, 3, 4, 1, 4, 4, 40, 1, 4, 3, 4, 4, 3, 1, 40, 1, 2, 1, 5, 1, 4, 5, 2, 1, 3, 3, 41, 2, 43, 4, 1, 5, 1, 1, 2, 5, 44, 5, 1, 5, 4, 5, 2, 1, 5, 5, 4, 5, 1, 2, 1, 2, 1, 
88: 0, 1, 3, 0, 0, 0, 2, 2, 41, 0, 0, 3, 4, 0, 0, 0, 1, 0, 0, 5, 1, 3, 0, 0, 1, 4, 5, 4, 3, 41, 2, 43, 0, 0, 0, 5, 3, 2, 4, 1, 3, 1, 2, 3, 0, 4, 3, 0, 0, 3, 5, 3, 5, 2, 0, 1, 0, 0, 1, 1, 7, 0, 42, 3, 2, 4, 5, 0, 0, 4, 0, 3, 3, 0, 5, 0, 0, 41, 0, 1, 42, 0, 1, 0, 3, 0, 0, 0, 3, 1, 0, 0, 1, 0, 0, 2, 0, 1, 5, 4, 3, 2, 0, 0, 5, 0, 5, 0, 2, 0, 4, 0, 0, 4, 0, 41, 0, 0, 3, 41, 0, 0, 0, 0, 0, 5, 1, 3, 0, 0, 0, 5, 3, 0, 0, 0, 1, 1, 5, 5, 0, 0, 0, 0, 5, 0, 5, 0, 0, 0, 0, 4, 42, 5, 0, 0, 4, 5, 2, 5, 2, 5, 42, 0, 0, 0, 0, 0, 2, 4, 0, 1, 0, 0, 5, 5, 43, 3, 4, 0, 2, 3, 4, 5, 0, 0, 0, 0, 1, 0, 0, 0, 0, 0, 0, 0, 2, 0, 0, 4, : 1, 3, 2, 2, 41, 3, 4, 1, 5, 1, 3, 1, 4, 5, 4, 3, 41, 2, 43, 5, 3, 2, 4, 1, 3, 1, 2, 3, 4, 3, 3, 5, 3, 5, 2, 1, 1, 1, 7, 42, 3, 2, 4, 5, 4, 3, 3, 5, 41, 1, 42, 1, 3, 3, 1, 1, 2, 1, 5, 4, 3, 2, 5, 5, 2, 4, 4, 41, 3, 41, 5, 1, 3, 5, 3, 1, 1, 5, 5, 5, 5, 4, 42, 5, 4, 5, 2, 5, 2, 5, 42, 2, 4, 1, 5, 5, 43, 3, 4, 2, 3, 4, 5, 1, 2, 4, 
77: 0, 2, 1, 1, 0, 0, 4, 4, 4, 2, 3, 0, 2, 0, 5, 0, 1, 0, 1, 2, 0, 4, 0, 0, 1, 2, 0, 3, 0, 0, 2, 0, 0, 0, 0, 5, 5, 2, 3, 0, 1, 0, 3, 3, 0, 0, 2, 0, 0, 2, 1, 3, 4, 2, 0, 4, 4, 5, 0, 3, 1, 0, 0, 0, 5, 0, 5, 0, 0, 0, 0, 1, 2, 0, 0, 2, 44, 1, 0, 0, 0, 0, 0, 0, 44, 0, 2, 0, 1, 3, 4, 0, 0, 0, 0, 4, 0, 0, 4, 3, 5, 0, 3, 0, 1, 0, 3, 41, 1, 0, 0, 3, 0, 2, 0, 0, 0, 0, 0, 0, 0, 0, 2, 4, 43, 1, 4, 41, 2, 0, 3, 2, 3, 0, 0, 1, 2, 5, 0, 1, 0, 0, 0, 0, 4, 0, 1, 0, 4, 3, 0, 0, 0, 1, 0, 0, 0, 5, 3, 2, 0, 4, 0, 2, 4, 2, 2, 0, 4, 0, 0, 0, 0, 2, 1, 2, 0, 1, 0, 1, 2, 3, 5, 5, 0, 3, 2, 0, 1, 0, 0, 0, 1, 1, 0, 0, 0, 0, 0, 0, : 2, 1, 1, 4, 4, 4, 2, 3, 2, 5, 1, 1, 2, 4, 1, 2, 3, 2, 5, 5, 2, 3, 1, 3, 3, 2, 2, 1, 3, 4, 2, 4, 4, 5, 3, 1, 5, 5, 1, 2, 2, 44, 1, 44, 2, 1, 3, 4, 4, 4, 3, 5, 3, 1, 3, 41, 1, 3, 2, 2, 4, 43, 1, 4, 41, 2, 3, 2, 3, 1, 2, 5, 1, 4, 1, 4, 3, 1, 5, 3, 2, 4, 2, 4, 2, 2, 4, 2, 1, 2, 1, 1, 2, 3, 5, 5, 3, 2, 1, 1, 1, 
78: 3, 0, 0, 0, 1, 0, 0, 1, 0, 5, 0, 0, 0, 0, 3, 0, 0, 0, 41, 5, 0, 2, 3, 0, 2, 5, 0, 0, 0, 0, 2, 0, 1, 0, 5, 2, 5, 0, 0, 1, 1, 0, 5, 1, 0, 0, 1, 0, 3, 5, 5, 0, 3, 0, 0, 1, 0, 0, 4, 1, 1, 0, 1, 0, 1, 1, 5, 1, 0, 0, 2, 2, 4, 2, 43, 0, 4, 3, 1, 0, 1, 0, 0, 0, 0, 0, 0, 0, 0, 3, 0, 4, 0, 1, 0, 0, 0, 0, 3, 4, 5, 0, 0, 4, 5, 0, 3, 3, 0, 0, 1, 40, 0, 5, 0, 0, 42, 0, 1, 3, 0, 0, 0, 0, 0, 3, 3, 0, 0, 0, 0, 1, 2, 0, 0, 0, 2, 0, 0, 1, 4, 1, 0, 44, 5, 0, 1, 1, 0, 0, 0, 0, 0, 0, 3, 0, 0, 2, 2, 5, 1, 5, 0, 0, 3, 0, 1, 1, 42, 0, 1, 1, 0, 0, 1, 2, 0, 3, 1, 0, 5, 4, 1, 2, 4, 0, 4, 0, 5, 40, 0, 0, 2, 0, 0, 40, 1, 1, 0, 3, : 3, 1, 1, 5, 3, 41, 5, 2, 3, 2, 5, 2, 1, 5, 2, 5, 1, 1, 5, 1, 1, 3, 5, 5, 3, 1, 4, 1, 1, 1, 1, 1, 5, 1, 2, 2, 4, 2, 43, 4, 3, 1, 1, 3, 4, 1, 3, 4, 5, 4, 5, 3, 3, 1, 40, 5, 42, 1, 3, 3, 3, 1, 2, 2, 1, 4, 1, 44, 5, 1, 1, 3, 2, 2, 5, 1, 5, 3, 1, 1, 42, 1, 1, 1, 2, 3, 1, 5, 4, 1, 2, 4, 4, 5, 40, 2, 40, 1, 1, 3, 


13: 5, 0, 4, 0, 1, 0, 5, 44, 0, 0, 5, 2, 0, 5, 40, 1, 2, 0, 2, 0, 0, 3, 2, 0, 4, 0, 1, 0, 2, 0, 1, 0, 1, 0, 0, 3, 0, 0, 0, 1, 3, 0, 2, 2, 4, 0, 40, 0, 0, 4, 4, 0, 3, 0, 0, 5, 0, 0, 4, 3, 0, 2, 0, 2, 5, 1, 5, 0, 3, 5, 5, 3, 0, 0, 0, 0, 0, 40, 5, 5, 0, 5, 2, 5, 3, 0, 0, 5, 1, 0, 0, 4, 0, 0, 4, 5, 3, 0, 0, 1, 0, 0, 5, 5, 3, 3, 3, 0, 3, 0, 0, 0, 0, 3, 0, 0, 4, 0, 0, 4, 0, 0, 5, 0, 2, 0, 5, 0, 5, 5, 3, 0, 0, 2, 0, 1, 0, 2, 1, 3, 44, 3, 5, 5, 1, 1, 0, 1, 3, 3, 1, 0, 5, 1, 0, 1, 5, 0, 0, 0, 0, 5, 0, 3, 0, 0, 0, 4, 43, 4, 1, 0, 5, 3, 0, 4, 0, 0, 0, 4, 0, 0, 3, 4, 1, 2, 0, 0, 0, 43, 0, 4, 0, 3, 0, 0, 0, 0, 4, 0, : 5, 4, 1, 5, 44, 5, 2, 5, 40, 1, 2, 2, 3, 2, 4, 1, 2, 1, 1, 3, 1, 3, 2, 2, 4, 40, 4, 4, 3, 5, 4, 3, 2, 2, 5, 1, 5, 3, 5, 5, 3, 40, 5, 5, 5, 2, 5, 3, 5, 1, 4, 4, 5, 3, 1, 5, 5, 3, 3, 3, 3, 3, 4, 4, 5, 2, 5, 5, 5, 3, 2, 1, 2, 1, 3, 44, 3, 5, 5, 1, 1, 1, 3, 3, 1, 5, 1, 1, 5, 5, 3, 4, 43, 4, 1, 5, 3, 4, 4, 3, 4, 1, 2, 43, 4, 3, 4, 
19: 4, 0, 1, 0, 2, 0, 1, 0, 0, 5, 0, 3, 4, 3, 0, 1, 41, 2, 0, 0, 2, 0, 5, 0, 2, 3, 5, 1, 5, 0, 0, 0, 0, 0, 41, 0, 0, 0, 4, 0, 5, 0, 4, 1, 1, 3, 4, 4, 4, 1, 5, 44, 3, 0, 0, 0, 0, 0, 0, 0, 40, 5, 1, 4, 1, 5, 3, 0, 0, 0, 0, 1, 0, 0, 0, 1, 0, 1, 4, 3, 0, 1, 2, 0, 2, 3, 1, 0, 1, 1, 2, 4, 4, 1, 0, 3, 0, 0, 0, 0, 0, 0, 2, 0, 42, 3, 4, 3, 3, 5, 40, 0, 0, 2, 0, 44, 2, 0, 0, 4, 0, 0, 0, 0, 3, 0, 3, 0, 5, 5, 1, 0, 0, 5, 0, 4, 0, 2, 1, 5, 2, 3, 1, 0, 0, 0, 0, 0, 5, 2, 0, 2, 1, 0, 1, 5, 1, 0, 0, 0, 4, 4, 1, 40, 0, 0, 0, 3, 0, 2, 2, 1, 0, 0, 3, 3, 0, 5, 0, 2, 0, 4, 4, 3, 3, 0, 0, 1, 3, 0, 0, 5, 1, 5, 41, 0, 0, 0, 4, 43, : 4, 1, 2, 1, 5, 3, 4, 3, 1, 41, 2, 2, 5, 2, 3, 5, 1, 5, 41, 4, 5, 4, 1, 1, 3, 4, 4, 4, 1, 5, 44, 3, 40, 5, 1, 4, 1, 5, 3, 1, 1, 1, 4, 3, 1, 2, 2, 3, 1, 1, 1, 2, 4, 4, 1, 3, 2, 42, 3, 4, 3, 3, 5, 40, 2, 44, 2, 4, 3, 3, 5, 5, 1, 5, 4, 2, 1, 5, 2, 3, 1, 5, 2, 2, 1, 1, 5, 1, 4, 4, 1, 40, 3, 2, 2, 1, 3, 3, 5, 2, 4, 4, 3, 3, 1, 3, 5, 1, 5, 41, 4, 43, 
25: 0, 0, 4, 1, 5, 0, 0, 0, 0, 0, 0, 4, 0, 0, 1, 2, 2, 1, 0, 0, 0, 0, 1, 1, 1, 0, 0, 0, 1, 0, 0, 3, 1, 2, 0, 4, 42, 2, 1, 0, 5, 0, 0, 2, 0, 0, 0, 0, 1, 3, 2, 0, 1, 0, 0, 0, 1, 0, 0, 0, 2, 3, 4, 4, 3, 1, 3, 0, 1, 1, 0, 0, 0, 3, 2, 0, 1, 0, 5, 1, 0, 5, 5, 2, 3, 5, 1, 0, 3, 0, 0, 5, 0, 1, 0, 4, 0, 43, 0, 43, 0, 1, 2, 2, 0, 0, 2, 3, 4, 5, 4, 0, 0, 0, 0, 0, 1, 0, 4, 3, 1, 0, 0, 0, 1, 5, 3, 0, 2, 5, 1, 0, 3, 1, 0, 0, 0, 2, 3, 1, 0, 1, 3, 0, 0, 0, 3, 0, 5, 0, 44, 4, 5, 0, 0, 5, 2, 0, 0, 5, 0, 4, 1, 0, 0, 44, 4, 2, 0, 3, 2, 40, 2, 0, 1, 1, 1, 40, 3, 2, 0, 0, 0, 1, 4, 0, 0, 0, 1, 1, 0, 3, 0, 3, 2, 2, 0, 0, 3, 0, : 4, 1, 5, 4, 1, 2, 2, 1, 1, 1, 1, 1, 3, 1, 2, 4, 42, 2, 1, 5, 2, 1, 3, 2, 1, 1, 2, 3, 4, 4, 3, 1, 3, 1, 1, 3, 2, 1, 5, 1, 5, 5, 2, 3, 5, 1, 3, 5, 1, 4, 43, 43, 1, 2, 2, 2, 3, 4, 5, 4, 1, 4, 3, 1, 1, 5, 3, 2, 5, 1, 3, 1, 2, 3, 1, 1, 3, 3, 5, 44, 4, 5, 5, 2, 5, 4, 1, 44, 4, 2, 3, 2, 40, 2, 1, 1, 1, 40, 3, 2, 1, 4, 1, 1, 3, 3, 2, 2, 3, 
5: 0, 1, 5, 0, 5, 0, 1, 1, 1, 2, 1, 5, 0, 2, 0, 4, 0, 0, 40, 40, 42, 0, 1, 1, 0, 40, 1, 0, 5, 0, 41, 4, 0, 0, 4, 0, 0, 0, 4, 0, 2, 0, 0, 3, 43, 0, 0, 0, 4, 4, 4, 0, 0, 5, 5, 5, 3, 0, 1, 0, 0, 2, 0, 3, 3, 1, 5, 1, 2, 0, 0, 0, 0, 0, 42, 2, 0, 0, 3, 5, 4, 5, 4, 0, 3, 0, 3, 0, 1, 0, 2, 5, 0, 0, 5, 4, 1, 5, 0, 5, 5, 0, 4, 5, 3, 4, 0, 0, 2, 5, 0, 1, 2, 4, 3, 2, 5, 0, 0, 5, 0, 0, 0, 5, 2, 0, 4, 4, 4, 4, 2, 0, 0, 4, 2, 0, 0, 4, 4, 3, 0, 0, 1, 1, 5, 3, 0, 0, 3, 40, 0, 0, 2, 2, 0, 1, 4, 0, 0, 0, 0, 3, 0, 0, 0, 3, 0, 1, 0, 4, 1, 4, 3, 0, 5, 4, 0, 1, 3, 2, 5, 0, 2, 4, 4, 42, 0, 0, 0, 0, 1, 2, 1, 4, 4, 4, 0, 0, 4, 0, : 1, 5, 5, 1, 1, 1, 2, 1, 5, 2, 4, 40, 40, 42, 1, 1, 40, 1, 5, 41, 4, 4, 4, 2, 3, 43, 4, 4, 4, 5, 5, 5, 3, 1, 2, 3, 3, 1, 5, 1, 2, 42, 2, 3, 5, 4, 5, 4, 3, 3, 1, 2, 5, 5, 4, 1, 5, 5, 5, 4, 5, 3, 4, 2, 5, 1, 2, 4, 3, 2, 5, 5, 5, 2, 4, 4, 4, 4, 2, 4, 2, 4, 4, 3, 1, 1, 5, 3, 3, 40, 2, 2, 1, 4, 3, 3, 1, 4, 1, 4, 3, 5, 4, 1, 3, 2, 5, 2, 4, 4, 42, 1, 2, 1, 4, 4, 4, 4, 
31: 3, 42, 3, 0, 3, 0, 0, 5, 40, 0, 2, 3, 0, 4, 0, 10, 0, 0, 0, 2, 0, 0, 5, 0, 0, 3, 0, 2, 2, 2, 0, 0, 0, 0, 0, 3, 0, 0, 0, 0, 1, 4, 42, 5, 1, 0, 0, 2, 5, 4, 5, 3, 4, 0, 5, 4, 0, 2, 5, 5, 4, 2, 0, 3, 4, 2, 1, 0, 0, 0, 0, 0, 4, 3, 0, 40, 43, 3, 5, 1, 0, 3, 0, 0, 2, 2, 0, 0, 5, 2, 42, 2, 1, 2, 0, 3, 0, 0, 1, 0, 0, 2, 5, 0, 0, 4, 0, 0, 1, 0, 0, 5, 0, 0, 0, 0, 2, 0, 0, 2, 0, 4, 0, 0, 4, 0, 1, 3, 2, 3, 1, 4, 1, 2, 0, 0, 3, 1, 3, 5, 1, 0, 2, 0, 0, 0, 0, 0, 2, 0, 0, 43, 3, 5, 41, 1, 2, 1, 1, 0, 2, 4, 2, 3, 44, 1, 4, 0, 0, 1, 0, 0, 3, 0, 1, 5, 0, 0, 0, 1, 0, 0, 0, 4, 2, 2, 0, 0, 0, 5, 0, 1, 0, 1, 0, 0, 0, 0, 0, 0, : 3, 42, 3, 3, 5, 40, 2, 3, 4, 10, 2, 5, 3, 2, 2, 2, 3, 1, 4, 42, 5, 1, 2, 5, 4, 5, 3, 4, 5, 4, 2, 5, 5, 4, 2, 3, 4, 2, 1, 4, 3, 40, 43, 3, 5, 1, 3, 2, 2, 5, 2, 42, 2, 1, 2, 3, 1, 2, 5, 4, 1, 5, 2, 2, 4, 4, 1, 3, 2, 3, 1, 4, 1, 2, 3, 1, 3, 5, 1, 2, 2, 43, 3, 5, 41, 1, 2, 1, 1, 2, 4, 2, 3, 44, 1, 4, 1, 3, 1, 5, 1, 4, 2, 2, 5, 1, 1, 
90: 0, 0, 1, 0, 3, 0, 1, 5, 0, 0, 0, 3, 4, 5, 0, 5, 0, 1, 1, 0, 5, 1, 5, 0, 1, 0, 0, 1, 1, 4, 5, 2, 0, 0, 4, 0, 0, 2, 0, 0, 3, 3, 0, 4, 0, 0, 1, 4, 5, 1, 3, 2, 5, 4, 0, 4, 3, 0, 43, 0, 0, 4, 2, 2, 4, 5, 4, 5, 1, 0, 0, 0, 0, 0, 0, 0, 5, 2, 2, 2, 0, 4, 4, 0, 5, 0, 0, 0, 1, 0, 4, 5, 0, 0, 0, 2, 0, 0, 0, 0, 0, 0, 1, 0, 1, 1, 1, 2, 3, 0, 1, 2, 2, 2, 0, 0, 4, 0, 0, 4, 3, 0, 0, 3, 4, 0, 2, 1, 5, 1, 6, 0, 1, 5, 0, 0, 0, 4, 3, 1, 0, 3, 5, 0, 0, 3, 5, 0, 3, 0, 2, 0, 3, 0, 0, 5, 4, 0, 0, 5, 40, 3, 0, 1, 0, 0, 3, 4, 0, 3, 0, 4, 2, 2, 1, 3, 5, 0, 44, 8, 40, 0, 0, 3, 4, 0, 43, 0, 0, 0, 1, 2, 3, 2, 0, 5, 0, 3, 4, 0, : 1, 3, 1, 5, 3, 4, 5, 5, 1, 1, 5, 1, 5, 1, 1, 1, 4, 5, 2, 4, 2, 3, 3, 4, 1, 4, 5, 1, 3, 2, 5, 4, 4, 3, 43, 4, 2, 2, 4, 5, 4, 5, 1, 5, 2, 2, 2, 4, 4, 5, 1, 4, 5, 2, 1, 1, 1, 1, 2, 3, 1, 2, 2, 2, 4, 4, 3, 3, 4, 2, 1, 5, 1, 6, 1, 5, 4, 3, 1, 3, 5, 3, 5, 3, 2, 3, 5, 4, 5, 40, 3, 1, 3, 4, 3, 4, 2, 2, 1, 3, 5, 44, 8, 40, 3, 4, 43, 1, 2, 3, 2, 5, 3, 4, 
61: 0, 0, 1, 5, 4, 0, 0, 4, 3, 42, 0, 2, 0, 2, 4, 2, 3, 0, 0, 4, 1, 2, 5, 5, 0, 0, 0, 1, 3, 2, 0, 2, 1, 0, 1, 0, 0, 0, 0, 0, 1, 1, 0, 5, 1, 5, 5, 0, 2, 3, 4, 5, 4, 0, 3, 5, 2, 0, 3, 0, 0, 1, 42, 5, 2, 2, 2, 40, 0, 0, 0, 0, 0, 0, 0, 0, 0, 0, 5, 5, 3, 3, 4, 0, 3, 0, 0, 0, 2, 0, 0, 1, 0, 5, 0, 2, 0, 0, 0, 0, 4, 0, 3, 0, 4, 5, 0, 0, 3, 0, 5, 0, 1, 0, 4, 0, 4, 43, 0, 3, 0, 0, 0, 0, 3, 0, 5, 3, 2, 5, 9, 5, 1, 3, 5, 0, 0, 1, 5, 1, 0, 0, 5, 1, 0, 0, 0, 43, 2, 1, 5, 0, 2, 44, 0, 1, 0, 1, 0, 0, 0, 3, 2, 0, 0, 0, 0, 5, 5, 3, 0, 3, 2, 0, 0, 3, 44, 0, 0, 1, 0, 42, 3, 3, 3, 0, 0, 0, 0, 0, 0, 1, 1, 5, 0, 0, 0, 1, 4, 0, : 1, 5, 4, 4, 3, 42, 2, 2, 4, 2, 3, 4, 1, 2, 5, 5, 1, 3, 2, 2, 1, 1, 1, 1, 5, 1, 5, 5, 2, 3, 4, 5, 4, 3, 5, 2, 3, 1, 42, 5, 2, 2, 2, 40, 5, 5, 3, 3, 4, 3, 2, 1, 5, 2, 4, 3, 4, 5, 3, 5, 1, 4, 4, 43, 3, 3, 5, 3, 2, 5, 9, 5, 1, 3, 5, 1, 5, 1, 5, 1, 43, 2, 1, 5, 2, 44, 1, 1, 3, 2, 5, 5, 3, 3, 2, 3, 44, 1, 42, 3, 3, 3, 1, 1, 5, 1, 4, 
41: 0, 1, 2, 1, 5, 0, 41, 0, 0, 0, 0, 4, 1, 0, 0, 1, 0, 0, 2, 2, 1, 0, 2, 5, 41, 0, 0, 5, 2, 0, 0, 3, 1, 0, 0, 0, 1, 1, 0, 0, 5, 41, 0, 3, 0, 0, 0, 0, 4, 3, 1, 0, 3, 1, 0, 4, 0, 0, 0, 0, 0, 2, 5, 3, 4, 1, 4, 5, 3, 4, 41, 0, 0, 0, 0, 2, 0, 0, 2, 3, 1, 3, 0, 0, 5, 0, 0, 1, 4, 4, 0, 4, 0, 0, 0, 4, 0, 3, 0, 5, 0, 41, 4, 0, 0, 0, 4, 1, 9, 1, 0, 0, 0, 0, 0, 0, 3, 0, 0, 3, 3, 1, 0, 0, 1, 0, 3, 0, 3, 1, 4, 0, 41, 3, 41, 1, 1, 1, 4, 5, 0, 0, 4, 0, 2, 0, 3, 1, 4, 0, 0, 1, 3, 0, 5, 4, 0, 2, 0, 1, 2, 5, 0, 0, 0, 0, 0, 3, 4, 6, 0, 0, 2, 0, 0, 3, 0, 0, 0, 4, 1, 1, 3, 3, 2, 1, 2, 0, 0, 1, 3, 4, 0, 5, 4, 0, 2, 0, 1, 0, : 1, 2, 1, 5, 41, 4, 1, 1, 2, 2, 1, 2, 5, 41, 5, 2, 3, 1, 1, 1, 5, 41, 3, 4, 3, 1, 3, 1, 4, 2, 5, 3, 4, 1, 4, 5, 3, 4, 41, 2, 2, 3, 1, 3, 5, 1, 4, 4, 4, 4, 3, 5, 41, 4, 4, 1, 9, 1, 3, 3, 3, 1, 1, 3, 3, 1, 4, 41, 3, 41, 1, 1, 1, 4, 5, 4, 2, 3, 1, 4, 1, 3, 5, 4, 2, 1, 2, 5, 3, 4, 6, 2, 3, 4, 1, 1, 3, 3, 2, 1, 2, 1, 3, 4, 5, 4, 2, 1, 
12: 0, 0, 5, 0, 4, 1, 0, 0, 1, 0, 0, 1, 0, 3, 2, 3, 0, 0, 0, 0, 0, 2, 1, 0, 2, 0, 2, 0, 1, 0, 2, 1, 0, 0, 5, 0, 1, 0, 0, 2, 3, 0, 0, 4, 0, 0, 1, 0, 0, 5, 2, 0, 3, 0, 0, 0, 41, 0, 0, 0, 2, 1, 0, 2, 4, 4, 1, 0, 0, 41, 1, 0, 0, 0, 0, 4, 2, 0, 1, 3, 4, 3, 4, 0, 1, 0, 0, 4, 3, 5, 3, 4, 0, 2, 0, 1, 2, 0, 5, 0, 1, 2, 5, 0, 0, 4, 0, 4, 3, 0, 0, 0, 1, 0, 0, 5, 4, 3, 3, 1, 41, 0, 40, 0, 2, 0, 1, 41, 4, 1, 3, 2, 0, 2, 0, 4, 0, 4, 1, 1, 0, 43, 2, 0, 1, 43, 44, 2, 2, 0, 0, 0, 1, 0, 5, 0, 5, 0, 1, 0, 0, 2, 0, 0, 1, 0, 2, 4, 0, 2, 1, 4, 5, 0, 40, 2, 0, 2, 0, 1, 4, 5, 0, 1, 2, 1, 3, 0, 1, 0, 1, 3, 1, 1, 0, 1, 5, 2, 5, 1, : 5, 4, 1, 1, 1, 3, 2, 3, 2, 1, 2, 2, 1, 2, 1, 5, 1, 2, 3, 4, 1, 5, 2, 3, 41, 2, 1, 2, 4, 4, 1, 41, 1, 4, 2, 1, 3, 4, 3, 4, 1, 4, 3, 5, 3, 4, 2, 1, 2, 5, 1, 2, 5, 4, 4, 3, 1, 5, 4, 3, 3, 1, 41, 40, 2, 1, 41, 4, 1, 3, 2, 2, 4, 4, 1, 1, 43, 2, 1, 43, 44, 2, 2, 1, 5, 5, 1, 2, 1, 2, 4, 2, 1, 4, 5, 40, 2, 2, 1, 4, 5, 1, 2, 1, 3, 1, 1, 3, 1, 1, 1, 5, 2, 5, 1, 
28: 0, 4, 2, 5, 2, 0, 0, 1, 1, 4, 44, 4, 0, 5, 0, 1, 0, 1, 0, 2, 0, 0, 1, 0, 0, 5, 42, 0, 3, 0, 1, 0, 4, 0, 1, 1, 1, 1, 5, 0, 4, 0, 0, 1, 0, 0, 1, 0, 5, 0, 2, 0, 5, 0, 0, 4, 0, 0, 2, 0, 5, 1, 3, 1, 4, 4, 4, 1, 0, 4, 4, 4, 0, 0, 0, 3, 0, 0, 2, 4, 0, 3, 5, 43, 2, 0, 2, 0, 5, 1, 0, 0, 0, 0, 1, 3, 41, 0, 43, 5, 0, 1, 2, 0, 0, 5, 0, 0, 3, 0, 0, 4, 0, 0, 0, 0, 3, 0, 0, 2, 0, 40, 4, 0, 5, 3, 5, 0, 1, 5, 4, 1, 1, 1, 0, 1, 5, 4, 4, 5, 0, 0, 4, 0, 4, 0, 0, 3, 5, 4, 1, 0, 5, 2, 0, 4, 3, 2, 0, 0, 0, 4, 44, 2, 0, 1, 0, 5, 1, 4, 1, 0, 2, 43, 0, 5, 0, 0, 4, 4, 0, 0, 1, 3, 3, 2, 0, 0, 0, 1, 5, 2, 3, 1, 0, 1, 5, 3, 1, 0, : 4, 2, 5, 2, 1, 1, 4, 44, 4, 5, 1, 1, 2, 1, 5, 42, 3, 1, 4, 1, 1, 1, 1, 5, 4, 1, 1, 5, 2, 5, 4, 2, 5, 1, 3, 1, 4, 4, 4, 1, 4, 4, 4, 3, 2, 4, 3, 5, 43, 2, 2, 5, 1, 1, 3, 41, 43, 5, 1, 2, 5, 3, 4, 3, 2, 40, 4, 5, 3, 5, 1, 5, 4, 1, 1, 1, 1, 5, 4, 4, 5, 4, 4, 3, 5, 4, 1, 5, 2, 4, 3, 2, 4, 44, 2, 1, 5, 1, 4, 1, 2, 43, 5, 4, 4, 1, 3, 3, 2, 1, 5, 2, 3, 1, 1, 5, 3, 1, 
27: 0, 1, 2, 1, 2, 0, 0, 0, 2, 0, 0, 5, 4, 3, 0, 1, 0, 41, 0, 0, 0, 0, 5, 0, 0, 0, 0, 1, 4, 1, 0, 0, 4, 0, 0, 5, 1, 4, 44, 1, 2, 2, 5, 2, 2, 40, 0, 40, 1, 5, 1, 0, 0, 4, 4, 5, 2, 41, 1, 0, 3, 3, 1, 1, 2, 5, 3, 0, 0, 0, 0, 4, 0, 0, 3, 0, 0, 1, 3, 3, 1, 2, 5, 1, 1, 2, 0, 0, 4, 0, 4, 5, 40, 0, 2, 4, 0, 2, 0, 0, 4, 2, 1, 0, 1, 1, 0, 3, 1, 0, 0, 0, 0, 0, 0, 0, 4, 0, 2, 1, 3, 0, 3, 0, 2, 0, 1, 0, 4, 2, 2, 0, 3, 5, 0, 0, 0, 6, 4, 3, 2, 0, 3, 2, 0, 1, 0, 0, 4, 1, 0, 0, 3, 0, 0, 3, 5, 0, 0, 2, 2, 4, 2, 2, 5, 3, 2, 5, 0, 1, 0, 0, 2, 3, 0, 5, 0, 0, 0, 4, 0, 0, 0, 4, 1, 0, 0, 43, 1, 2, 0, 1, 0, 2, 0, 0, 0, 1, 5, 0, : 1, 2, 1, 2, 2, 5, 4, 3, 1, 41, 5, 1, 4, 1, 4, 5, 1, 4, 44, 1, 2, 2, 5, 2, 2, 40, 40, 1, 5, 1, 4, 4, 5, 2, 41, 1, 3, 3, 1, 1, 2, 5, 3, 4, 3, 1, 3, 3, 1, 2, 5, 1, 1, 2, 4, 4, 5, 40, 2, 4, 2, 4, 2, 1, 1, 1, 3, 1, 4, 2, 1, 3, 3, 2, 1, 4, 2, 2, 3, 5, 6, 4, 3, 2, 3, 2, 1, 4, 1, 3, 3, 5, 2, 2, 4, 2, 2, 5, 3, 2, 5, 1, 2, 3, 5, 4, 4, 1, 43, 1, 2, 1, 2, 1, 5, 
6: 0, 0, 5, 40, 2, 4, 2, 0, 0, 0, 0, 1, 1, 4, 1, 3, 0, 1, 0, 4, 0, 2, 4, 0, 0, 0, 0, 43, 2, 0, 3, 5, 0, 5, 2, 0, 4, 42, 1, 0, 1, 0, 0, 4, 0, 0, 4, 3, 3, 3, 2, 0, 1, 0, 0, 2, 2, 4, 0, 0, 0, 5, 0, 1, 4, 1, 2, 0, 1, 0, 3, 2, 3, 0, 4, 0, 3, 0, 3, 3, 0, 3, 1, 0, 5, 0, 0, 3, 5, 1, 1, 2, 4, 0, 0, 1, 0, 0, 0, 0, 0, 0, 2, 0, 1, 5, 0, 43, 1, 0, 0, 42, 0, 0, 0, 0, 3, 3, 3, 5, 0, 2, 0, 2, 3, 0, 2, 0, 5, 2, 4, 44, 5, 4, 2, 0, 0, 1, 1, 5, 1, 0, 1, 0, 3, 0, 0, 2, 3, 4, 5, 2, 5, 3, 0, 5, 2, 0, 1, 0, 4, 3, 0, 4, 0, 1, 0, 2, 0, 2, 4, 0, 5, 4, 0, 4, 0, 0, 0, 4, 1, 0, 0, 3, 1, 0, 0, 1, 4, 0, 44, 2, 2, 3, 0, 0, 0, 2, 0, 3, : 5, 40, 2, 4, 2, 1, 1, 4, 1, 3, 1, 4, 2, 4, 43, 2, 3, 5, 5, 2, 4, 42, 1, 1, 4, 4, 3, 3, 3, 2, 1, 2, 2, 4, 5, 1, 4, 1, 2, 1, 3, 2, 3, 4, 3, 3, 3, 3, 1, 5, 3, 5, 1, 1, 2, 4, 1, 2, 1, 5, 43, 1, 42, 3, 3, 3, 5, 2, 2, 3, 2, 5, 2, 4, 44, 5, 4, 2, 1, 1, 5, 1, 1, 3, 2, 3, 4, 5, 2, 5, 3, 5, 2, 1, 4, 3, 4, 1, 2, 2, 4, 5, 4, 4, 4, 1, 3, 1, 1, 4, 44, 2, 2, 3, 2, 3, 
68: 0, 0, 3, 0, 5, 0, 0, 0, 5, 0, 3, 5, 1, 5, 0, 4, 0, 0, 0, 1, 4, 0, 2, 0, 3, 4, 0, 2, 5, 4, 0, 40, 0, 0, 0, 0, 0, 3, 0, 2, 3, 0, 0, 1, 0, 0, 0, 2, 5, 4, 2, 1, 4, 2, 0, 2, 0, 4, 0, 0, 0, 5, 0, 5, 1, 2, 4, 0, 0, 0, 1, 0, 0, 4, 0, 2, 0, 3, 1, 4, 0, 2, 5, 0, 3, 0, 4, 0, 1, 44, 0, 1, 0, 0, 40, 2, 5, 0, 5, 0, 1, 0, 1, 4, 2, 5, 42, 0, 2, 41, 3, 0, 5, 3, 1, 0, 3, 0, 0, 1, 5, 3, 0, 0, 5, 0, 2, 0, 2, 5, 1, 0, 0, 5, 0, 0, 5, 5, 10, 1, 1, 0, 1, 4, 0, 0, 3, 0, 1, 1, 0, 0, 3, 0, 0, 0, 1, 0, 1, 0, 4, 1, 1, 0, 5, 0, 0, 4, 1, 1, 4, 0, 5, 0, 0, 2, 4, 0, 0, 3, 2, 0, 0, 5, 2, 5, 4, 5, 0, 0, 0, 5, 0, 1, 0, 1, 0, 0, 4, 0, : 3, 5, 5, 3, 5, 1, 5, 4, 1, 4, 2, 3, 4, 2, 5, 4, 40, 3, 2, 3, 1, 2, 5, 4, 2, 1, 4, 2, 2, 4, 5, 5, 1, 2, 4, 1, 4, 2, 3, 1, 4, 2, 5, 3, 4, 1, 44, 1, 40, 2, 5, 5, 1, 1, 4, 2, 5, 42, 2, 41, 3, 5, 3, 1, 3, 1, 5, 3, 5, 2, 2, 5, 1, 5, 5, 5, 10, 1, 1, 1, 4, 3, 1, 1, 3, 1, 1, 4, 1, 1, 5, 4, 1, 1, 4, 5, 2, 4, 3, 2, 5, 2, 5, 4, 5, 5, 1, 1, 4, 
48: 0, 0, 4, 2, 2, 5, 0, 0, 0, 3, 5, 5, 0, 3, 0, 3, 3, 0, 3, 0, 0, 3, 3, 0, 0, 0, 1, 0, 2, 0, 0, 0, 3, 0, 0, 0, 0, 2, 0, 2, 3, 0, 0, 5, 1, 0, 0, 0, 0, 1, 1, 0, 1, 0, 0, 4, 0, 1, 0, 42, 0, 2, 2, 1, 4, 5, 2, 0, 1, 0, 0, 0, 4, 0, 0, 0, 0, 0, 1, 7, 0, 2, 5, 1, 3, 2, 0, 0, 4, 1, 0, 1, 0, 4, 0, 5, 0, 5, 2, 0, 0, 0, 4, 0, 2, 5, 0, 0, 3, 0, 0, 0, 0, 0, 3, 0, 5, 4, 3, 4, 0, 0, 1, 0, 1, 5, 3, 0, 1, 3, 2, 0, 1, 5, 1, 0, 41, 3, 2, 2, 0, 2, 2, 0, 1, 0, 1, 4, 1, 0, 1, 0, 2, 0, 0, 4, 1, 0, 1, 0, 0, 3, 2, 0, 0, 0, 0, 4, 0, 2, 0, 0, 3, 0, 0, 3, 3, 2, 0, 6, 0, 0, 1, 4, 5, 0, 0, 0, 0, 1, 1, 2, 0, 4, 1, 0, 43, 0, 2, 1, : 4, 2, 2, 5, 3, 5, 5, 3, 3, 3, 3, 3, 3, 1, 2, 3, 2, 2, 3, 5, 1, 1, 1, 1, 4, 1, 42, 2, 2, 1, 4, 5, 2, 1, 4, 1, 7, 2, 5, 1, 3, 2, 4, 1, 1, 4, 5, 5, 2, 4, 2, 5, 3, 3, 5, 4, 3, 4, 1, 1, 5, 3, 1, 3, 2, 1, 5, 1, 41, 3, 2, 2, 2, 2, 1, 1, 4, 1, 1, 2, 4, 1, 1, 3, 2, 4, 2, 3, 3, 3, 2, 6, 1, 4, 5, 1, 1, 2, 4, 1, 43, 2, 1, 
14: 0, 0, 3, 0, 4, 43, 1, 0, 0, 1, 0, 1, 1, 3, 0, 3, 0, 0, 0, 0, 1, 1, 4, 0, 0, 1, 3, 0, 3, 42, 0, 0, 2, 0, 0, 0, 1, 0, 0, 41, 2, 0, 0, 2, 0, 5, 0, 0, 5, 3, 5, 0, 5, 0, 0, 4, 0, 1, 0, 0, 1, 4, 0, 3, 2, 3, 1, 0, 3, 0, 1, 0, 2, 1, 0, 0, 0, 4, 1, 2, 0, 4, 1, 0, 1, 0, 0, 43, 3, 0, 0, 5, 5, 0, 0, 3, 4, 2, 0, 1, 0, 0, 3, 0, 0, 2, 0, 0, 5, 3, 0, 0, 43, 44, 0, 1, 1, 1, 41, 2, 0, 3, 5, 0, 1, 4, 2, 0, 2, 2, 5, 0, 0, 2, 4, 0, 0, 4, 6, 5, 0, 0, 4, 2, 0, 4, 1, 1, 2, 0, 0, 0, 1, 0, 5, 5, 4, 0, 3, 42, 0, 1, 0, 0, 0, 0, 42, 1, 0, 6, 41, 0, 3, 0, 0, 4, 1, 5, 0, 3, 0, 3, 0, 1, 6, 0, 0, 0, 0, 0, 1, 3, 0, 4, 5, 5, 1, 0, 2, 0, : 3, 4, 43, 1, 1, 1, 1, 3, 3, 1, 1, 4, 1, 3, 3, 42, 2, 1, 41, 2, 2, 5, 5, 3, 5, 5, 4, 1, 1, 4, 3, 2, 3, 1, 3, 1, 2, 1, 4, 1, 2, 4, 1, 1, 43, 3, 5, 5, 3, 4, 2, 1, 3, 2, 5, 3, 43, 44, 1, 1, 1, 41, 2, 3, 5, 1, 4, 2, 2, 2, 5, 2, 4, 4, 6, 5, 4, 2, 4, 1, 1, 2, 1, 5, 5, 4, 3, 42, 1, 42, 1, 6, 41, 3, 4, 1, 5, 3, 3, 1, 6, 1, 3, 4, 5, 5, 1, 2, 
50: 0, 1, 4, 0, 4, 0, 0, 0, 5, 1, 0, 4, 0, 1, 2, 4, 0, 0, 2, 0, 0, 0, 1, 42, 0, 4, 0, 0, 3, 5, 0, 0, 41, 5, 0, 0, 2, 0, 0, 0, 5, 5, 1, 4, 5, 1, 0, 0, 5, 3, 4, 0, 2, 0, 0, 5, 0, 2, 0, 2, 3, 2, 0, 5, 4, 3, 4, 0, 43, 0, 0, 0, 2, 42, 3, 0, 0, 0, 3, 1, 44, 5, 0, 0, 2, 0, 0, 3, 5, 0, 1, 1, 1, 3, 0, 6, 0, 0, 0, 0, 0, 4, 5, 0, 0, 0, 0, 1, 4, 0, 0, 5, 4, 0, 44, 3, 4, 1, 0, 1, 1, 0, 0, 0, 2, 0, 4, 3, 2, 1, 4, 0, 0, 1, 0, 0, 0, 4, 1, 2, 0, 0, 4, 2, 0, 0, 0, 0, 2, 0, 0, 4, 5, 0, 0, 3, 5, 40, 0, 3, 0, 0, 4, 0, 0, 4, 0, 1, 0, 5, 0, 0, 3, 0, 0, 3, 0, 0, 0, 1, 0, 0, 40, 2, 5, 4, 0, 0, 44, 0, 1, 5, 0, 4, 0, 0, 3, 5, 5, 2, : 1, 4, 4, 5, 1, 4, 1, 2, 4, 2, 1, 42, 4, 3, 5, 41, 5, 2, 5, 5, 1, 4, 5, 1, 5, 3, 4, 2, 5, 2, 2, 3, 2, 5, 4, 3, 4, 43, 2, 42, 3, 3, 1, 44, 5, 2, 3, 5, 1, 1, 1, 3, 6, 4, 5, 1, 4, 5, 4, 44, 3, 4, 1, 1, 1, 2, 4, 3, 2, 1, 4, 1, 4, 1, 2, 4, 2, 2, 4, 5, 3, 5, 40, 3, 4, 4, 1, 5, 3, 3, 1, 40, 2, 5, 4, 44, 1, 5, 4, 3, 5, 5, 2, 
84: 40, 5, 3, 0, 2, 4, 0, 0, 0, 0, 0, 1, 0, 3, 3, 3, 0, 4, 0, 3, 0, 0, 5, 0, 0, 0, 0, 1, 4, 0, 0, 0, 1, 40, 0, 0, 0, 2, 0, 4, 2, 4, 0, 1, 0, 0, 2, 2, 1, 2, 5, 0, 1, 3, 43, 3, 0, 0, 0, 3, 0, 5, 0, 5, 3, 5, 6, 4, 0, 1, 4, 40, 5, 0, 0, 2, 0, 0, 4, 1, 0, 1, 4, 3, 4, 3, 42, 0, 2, 0, 0, 1, 0, 1, 2, 2, 3, 0, 0, 0, 44, 2, 3, 0, 0, 4, 0, 0, 1, 0, 5, 0, 0, 0, 5, 4, 3, 5, 0, 2, 0, 1, 0, 44, 5, 0, 5, 5, 2, 4, 1, 0, 0, 4, 0, 0, 0, 1, 2, 5, 0, 5, 4, 0, 3, 3, 0, 0, 2, 0, 0, 0, 2, 0, 0, 5, 4, 4, 5, 1, 0, 4, 0, 0, 0, 0, 1, 4, 4, 3, 2, 0, 2, 1, 0, 3, 0, 2, 0, 3, 0, 3, 3, 3, 1, 1, 3, 2, 0, 5, 1, 1, 42, 4, 3, 0, 1, 2, 3, 3, : 40, 5, 3, 2, 4, 1, 3, 3, 3, 4, 3, 5, 1, 4, 1, 40, 2, 4, 2, 4, 1, 2, 2, 1, 2, 5, 1, 3, 43, 3, 3, 5, 5, 3, 5, 6, 4, 1, 4, 40, 5, 2, 4, 1, 1, 4, 3, 4, 3, 42, 2, 1, 1, 2, 2, 3, 44, 2, 3, 4, 1, 5, 5, 4, 3, 5, 2, 1, 44, 5, 5, 5, 2, 4, 1, 4, 1, 2, 5, 5, 4, 3, 3, 2, 2, 5, 4, 4, 5, 1, 4, 1, 4, 4, 3, 2, 2, 1, 3, 2, 3, 3, 3, 3, 1, 1, 3, 2, 5, 1, 1, 42, 4, 3, 1, 2, 3, 3, 
7: 4, 2, 1, 5, 3, 3, 3, 0, 0, 0, 0, 1, 0, 5, 0, 1, 4, 4, 5, 2, 4, 43, 3, 0, 1, 0, 5, 0, 2, 0, 2, 0, 0, 5, 2, 0, 2, 0, 1, 0, 5, 0, 0, 4, 0, 0, 2, 0, 0, 3, 4, 0, 5, 0, 0, 1, 0, 3, 0, 0, 0, 5, 0, 1, 4, 3, 1, 4, 0, 2, 0, 5, 40, 5, 0, 0, 2, 0, 5, 2, 1, 3, 4, 0, 2, 1, 2, 0, 6, 0, 0, 5, 0, 0, 0, 1, 0, 0, 0, 0, 0, 0, 3, 0, 0, 4, 2, 0, 5, 0, 0, 0, 2, 2, 0, 0, 0, 0, 0, 3, 2, 2, 0, 3, 5, 0, 4, 0, 1, 2, 3, 0, 0, 3, 0, 0, 5, 7, 2, 2, 0, 0, 3, 40, 0, 0, 0, 0, 3, 4, 0, 4, 2, 0, 0, 2, 3, 3, 1, 0, 0, 2, 0, 5, 2, 0, 0, 1, 0, 5, 1, 3, 4, 4, 0, 0, 0, 0, 0, 1, 2, 0, 0, 4, 4, 0, 5, 3, 0, 0, 0, 5, 5, 4, 0, 0, 0, 0, 3, 0, : 4, 2, 1, 5, 3, 3, 3, 1, 5, 1, 4, 4, 5, 2, 4, 43, 3, 1, 5, 2, 2, 5, 2, 2, 1, 5, 4, 2, 3, 4, 5, 1, 3, 5, 1, 4, 3, 1, 4, 2, 5, 40, 5, 2, 5, 2, 1, 3, 4, 2, 1, 2, 6, 5, 1, 3, 4, 2, 5, 2, 2, 3, 2, 2, 3, 5, 4, 1, 2, 3, 3, 5, 7, 2, 2, 3, 40, 3, 4, 4, 2, 2, 3, 3, 1, 2, 5, 2, 1, 5, 1, 3, 4, 4, 1, 2, 4, 4, 5, 3, 5, 5, 4, 3, 
94: 4, 3, 4, 0, 1, 0, 5, 0, 0, 0, 0, 1, 4, 3, 4, 4, 5, 5, 0, 0, 0, 3, 2, 5, 0, 0, 0, 0, 8, 0, 5, 0, 0, 0, 0, 42, 5, 1, 0, 3, 2, 0, 3, 3, 1, 1, 0, 0, 5, 4, 1, 5, 5, 41, 0, 1, 5, 2, 0, 5, 0, 5, 0, 4, 1, 4, 2, 0, 0, 0, 0, 0, 0, 2, 1, 3, 3, 1, 1, 2, 2, 2, 2, 5, 5, 1, 0, 1, 2, 1, 1, 3, 5, 0, 2, 4, 1, 0, 0, 0, 1, 5, 2, 44, 1, 2, 0, 0, 2, 0, 0, 1, 0, 0, 0, 1, 5, 0, 4, 5, 0, 4, 2, 3, 4, 40, 4, 0, 3, 3, 1, 4, 0, 2, 0, 5, 0, 2, 2, 3, 5, 0, 1, 3, 0, 0, 0, 0, 7, 0, 1, 0, 5, 0, 3, 5, 4, 5, 43, 0, 2, 1, 1, 0, 0, 0, 2, 3, 0, 1, 0, 0, 5, 0, 4, 2, 0, 3, 2, 4, 4, 2, 0, 5, 3, 0, 0, 0, 2, 0, 1, 5, 0, 1, 0, 0, 0, 0, 5, 4, : 4, 3, 4, 1, 5, 1, 4, 3, 4, 4, 5, 5, 3, 2, 5, 8, 5, 42, 5, 1, 3, 2, 3, 3, 1, 1, 5, 4, 1, 5, 5, 41, 1, 5, 2, 5, 5, 4, 1, 4, 2, 2, 1, 3, 3, 1, 1, 2, 2, 2, 2, 5, 5, 1, 1, 2, 1, 1, 3, 5, 2, 4, 1, 1, 5, 2, 44, 1, 2, 2, 1, 1, 5, 4, 5, 4, 2, 3, 4, 40, 4, 3, 3, 1, 4, 2, 5, 2, 2, 3, 5, 1, 3, 7, 1, 5, 3, 5, 4, 5, 43, 2, 1, 1, 2, 3, 1, 5, 4, 2, 3, 2, 4, 4, 2, 5, 3, 2, 1, 5, 1, 5, 4, 
72: 0, 0, 3, 0, 1, 0, 0, 0, 2, 2, 0, 5, 40, 1, 3, 4, 0, 0, 5, 0, 0, 0, 3, 1, 5, 0, 0, 3, 2, 0, 0, 0, 1, 3, 0, 2, 0, 0, 0, 4, 3, 0, 3, 4, 1, 5, 0, 3, 5, 4, 3, 0, 5, 0, 0, 2, 1, 0, 1, 0, 0, 1, 0, 5, 1, 3, 3, 0, 2, 2, 0, 1, 0, 0, 5, 1, 1, 5, 4, 3, 0, 1, 3, 0, 5, 41, 5, 0, 2, 0, 0, 2, 0, 41, 4, 1, 0, 0, 4, 0, 0, 0, 3, 0, 0, 3, 2, 0, 2, 0, 2, 0, 0, 0, 0, 0, 0, 0, 0, 5, 1, 0, 0, 0, 5, 3, 1, 0, 5, 1, 3, 0, 3, 1, 5, 44, 0, 2, 1, 2, 4, 0, 5, 0, 40, 2, 0, 3, 1, 0, 0, 0, 2, 3, 0, 1, 5, 2, 3, 1, 0, 4, 0, 0, 3, 3, 0, 4, 2, 2, 0, 1, 2, 0, 5, 1, 2, 0, 4, 2, 1, 0, 0, 0, 4, 0, 0, 5, 4, 1, 0, 4, 1, 3, 0, 41, 0, 41, 1, 3, : 3, 1, 2, 2, 5, 40, 1, 3, 4, 5, 3, 1, 5, 3, 2, 1, 3, 2, 4, 3, 3, 4, 1, 5, 3, 5, 4, 3, 5, 2, 1, 1, 1, 5, 1, 3, 3, 2, 2, 1, 5, 1, 1, 5, 4, 3, 1, 3, 5, 41, 5, 2, 2, 41, 4, 1, 4, 3, 3, 2, 2, 2, 5, 1, 5, 3, 1, 5, 1, 3, 3, 1, 5, 44, 2, 1, 2, 4, 5, 40, 2, 3, 1, 2, 3, 1, 5, 2, 3, 1, 4, 3, 3, 4, 2, 2, 1, 2, 5, 1, 2, 4, 2, 1, 4, 5, 4, 1, 4, 1, 3, 41, 41, 1, 3, 


55: 4, 0, 0, 0, 2, 3, 1, 0, 0, 0, 0, 2, 5, 0, 0, 4, 1, 3, 0, 0, 4, 0, 0, 2, 0, 0, 0, 2, 4, 5, 4, 3, 0, 40, 2, 0, 0, 5, 4, 3, 0, 0, 0, 3, 0, 0, 2, 0, 0, 3, 0, 0, 3, 0, 0, 0, 3, 0, 0, 0, 1, 3, 0, 0, 0, 0, 0, 1, 5, 5, 0, 0, 0, 0, 0, 3, 42, 0, 3, 0, 3, 2, 2, 0, 1, 0, 0, 44, 4, 2, 2, 3, 1, 5, 0, 0, 0, 0, 0, 3, 0, 0, 1, 0, 1, 0, 0, 5, 0, 0, 5, 3, 0, 0, 1, 4, 0, 1, 0, 0, 0, 1, 0, 4, 0, 0, 2, 1, 1, 0, 0, 3, 0, 0, 0, 1, 1, 1, 5, 4, 3, 2, 2, 0, 0, 0, 0, 5, 5, 0, 2, 0, 0, 0, 3, 4, 5, 5, 4, 0, 0, 2, 2, 0, 5, 3, 0, 5, 0, 4, 0, 0, 2, 0, 4, 3, 0, 0, 3, 3, 0, 2, 5, 4, 0, 0, 44, 0, 2, 5, 6, 1, 0, 0, 1, 0, 0, 0, 1, 0, : 4, 2, 3, 1, 2, 5, 4, 1, 3, 4, 2, 2, 4, 5, 4, 3, 40, 2, 5, 4, 3, 3, 2, 3, 3, 3, 1, 3, 1, 5, 5, 3, 42, 3, 3, 2, 2, 1, 44, 4, 2, 2, 3, 1, 5, 3, 1, 1, 5, 5, 3, 1, 4, 1, 1, 4, 2, 1, 1, 3, 1, 1, 1, 5, 4, 3, 2, 2, 5, 5, 2, 3, 4, 5, 5, 4, 2, 2, 5, 3, 5, 4, 2, 4, 3, 3, 3, 2, 5, 4, 44, 2, 5, 6, 1, 1, 1, 
4: 1, 0, 0, 0, 0, 4, 5, 0, 0, 0, 0, 3, 3, 0, 44, 0, 1, 2, 5, 0, 0, 0, 0, 1, 3, 0, 0, 0, 5, 4, 1, 2, 3, 0, 3, 0, 0, 3, 3, 0, 0, 0, 0, 0, 42, 0, 4, 0, 0, 2, 0, 4, 5, 0, 1, 41, 1, 0, 0, 0, 5, 4, 0, 0, 0, 1, 0, 0, 3, 2, 0, 0, 0, 1, 5, 2, 0, 0, 0, 0, 2, 1, 2, 0, 0, 0, 0, 3, 4, 0, 4, 0, 5, 0, 0, 0, 0, 0, 0, 5, 1, 0, 3, 5, 5, 0, 0, 3, 5, 2, 2, 0, 4, 0, 0, 5, 5, 0, 0, 2, 0, 1, 0, 0, 2, 0, 0, 4, 0, 2, 4, 4, 0, 1, 0, 4, 0, 4, 1, 2, 5, 4, 3, 0, 3, 5, 1, 4, 5, 0, 1, 0, 0, 0, 4, 2, 2, 1, 0, 0, 0, 1, 0, 4, 0, 1, 5, 4, 40, 0, 4, 0, 3, 0, 0, 0, 2, 0, 4, 2, 0, 1, 4, 0, 0, 0, 0, 0, 1, 2, 4, 0, 0, 0, 5, 0, 3, 5, 0, 0, : 1, 4, 5, 3, 3, 44, 1, 2, 5, 1, 3, 5, 4, 1, 2, 3, 3, 3, 3, 42, 4, 2, 4, 5, 1, 41, 1, 5, 4, 1, 3, 2, 1, 5, 2, 2, 1, 2, 3, 4, 4, 5, 5, 1, 3, 5, 5, 3, 5, 2, 2, 4, 5, 5, 2, 1, 2, 4, 2, 4, 4, 1, 4, 4, 1, 2, 5, 4, 3, 3, 5, 1, 4, 5, 1, 4, 2, 2, 1, 1, 4, 1, 5, 4, 40, 4, 3, 2, 4, 2, 1, 4, 1, 2, 4, 5, 3, 5, 
32: 7, 3, 1, 0, 1, 0, 4, 0, 1, 4, 41, 3, 5, 0, 5, 0, 5, 1, 0, 1, 0, 0, 0, 4, 5, 5, 0, 0, 5, 0, 0, 4, 1, 0, 1, 0, 0, 0, 3, 5, 5, 0, 0, 0, 3, 0, 2, 0, 1, 1, 0, 0, 2, 0, 1, 0, 5, 4, 2, 5, 0, 3, 0, 3, 5, 1, 1, 4, 4, 2, 1, 4, 0, 4, 4, 4, 0, 0, 0, 0, 4, 5, 5, 0, 0, 2, 0, 0, 2, 0, 4, 0, 44, 0, 1, 1, 4, 0, 0, 3, 0, 0, 2, 44, 5, 5, 1, 5, 3, 1, 2, 0, 0, 0, 0, 5, 2, 0, 0, 0, 0, 5, 44, 0, 5, 0, 3, 1, 0, 3, 0, 3, 0, 0, 0, 41, 0, 3, 5, 5, 4, 0, 3, 0, 1, 0, 0, 4, 3, 0, 0, 2, 0, 2, 1, 5, 5, 4, 3, 5, 3, 1, 0, 1, 3, 5, 0, 5, 5, 0, 0, 0, 4, 0, 0, 5, 5, 3, 2, 2, 4, 0, 3, 0, 0, 0, 0, 0, 5, 2, 2, 0, 0, 4, 2, 0, 0, 0, 0, 0, : 7, 3, 1, 1, 4, 1, 4, 41, 3, 5, 5, 5, 1, 1, 4, 5, 5, 5, 4, 1, 1, 3, 5, 5, 3, 2, 1, 1, 2, 1, 5, 4, 2, 5, 3, 3, 5, 1, 1, 4, 4, 2, 1, 4, 4, 4, 4, 4, 5, 5, 2, 2, 4, 44, 1, 1, 4, 3, 2, 44, 5, 5, 1, 5, 3, 1, 2, 5, 2, 5, 44, 5, 3, 1, 3, 3, 41, 3, 5, 5, 4, 3, 1, 4, 3, 2, 2, 1, 5, 5, 4, 3, 5, 3, 1, 1, 3, 5, 5, 5, 4, 5, 5, 3, 2, 2, 4, 3, 5, 2, 2, 4, 2, 
26: 2, 0, 41, 4, 0, 1, 3, 5, 0, 0, 5, 5, 4, 0, 0, 0, 3, 2, 0, 2, 0, 2, 0, 1, 0, 0, 5, 0, 2, 0, 0, 6, 2, 4, 4, 0, 1, 1, 0, 0, 0, 0, 3, 5, 0, 0, 3, 0, 0, 0, 0, 0, 5, 3, 0, 0, 4, 4, 44, 0, 0, 1, 0, 0, 1, 1, 0, 0, 4, 2, 3, 0, 40, 3, 3, 1, 0, 0, 0, 0, 2, 1, 3, 0, 0, 0, 3, 0, 4, 2, 4, 0, 0, 0, 0, 1, 40, 44, 1, 2, 0, 2, 6, 0, 2, 4, 0, 2, 3, 0, 3, 0, 0, 0, 0, 2, 42, 0, 0, 0, 0, 4, 0, 0, 0, 0, 0, 1, 0, 0, 0, 5, 0, 44, 0, 1, 2, 5, 4, 5, 3, 3, 4, 0, 0, 0, 4, 2, 1, 5, 0, 0, 0, 1, 1, 1, 0, 2, 1, 0, 3, 4, 41, 0, 0, 3, 0, 3, 0, 5, 0, 0, 1, 0, 0, 0, 1, 2, 2, 4, 4, 0, 3, 0, 3, 5, 0, 3, 2, 5, 1, 0, 0, 0, 3, 3, 0, 43, 3, 0, : 2, 41, 4, 1, 3, 5, 5, 5, 4, 3, 2, 2, 2, 1, 5, 2, 6, 2, 4, 4, 1, 1, 3, 5, 3, 5, 3, 4, 4, 44, 1, 1, 1, 4, 2, 3, 40, 3, 3, 1, 2, 1, 3, 3, 4, 2, 4, 1, 40, 44, 1, 2, 2, 6, 2, 4, 2, 3, 3, 2, 42, 4, 1, 5, 44, 1, 2, 5, 4, 5, 3, 3, 4, 4, 2, 1, 5, 1, 1, 1, 2, 1, 3, 4, 41, 3, 3, 5, 1, 1, 2, 2, 4, 4, 3, 3, 5, 3, 2, 5, 1, 3, 3, 43, 3, 
9: 3, 0, 5, 2, 4, 0, 0, 3, 0, 0, 0, 3, 1, 0, 1, 0, 3, 5, 0, 5, 0, 4, 0, 1, 4, 0, 1, 0, 3, 0, 1, 5, 3, 0, 1, 0, 0, 2, 2, 0, 3, 0, 2, 0, 5, 4, 5, 0, 0, 3, 0, 1, 2, 0, 0, 5, 3, 0, 0, 0, 2, 2, 5, 1, 0, 0, 0, 0, 2, 4, 4, 1, 1, 0, 0, 5, 0, 0, 0, 1, 5, 5, 5, 3, 0, 3, 3, 0, 5, 0, 5, 5, 0, 0, 0, 0, 0, 1, 2, 2, 0, 2, 1, 0, 2, 1, 0, 3, 0, 0, 3, 3, 0, 3, 0, 3, 0, 0, 0, 0, 2, 4, 0, 0, 0, 0, 4, 3, 0, 0, 0, 3, 0, 0, 0, 0, 0, 3, 2, 1, 0, 5, 4, 0, 0, 4, 0, 5, 0, 0, 40, 1, 44, 44, 3, 4, 4, 3, 1, 5, 4, 5, 0, 4, 0, 1, 4, 1, 2, 0, 0, 2, 4, 0, 0, 1, 4, 2, 1, 5, 2, 4, 5, 0, 0, 0, 0, 5, 6, 1, 1, 5, 0, 3, 5, 0, 2, 0, 1, 0, : 3, 5, 2, 4, 3, 3, 1, 1, 3, 5, 5, 4, 1, 4, 1, 3, 1, 5, 3, 1, 2, 2, 3, 2, 5, 4, 5, 3, 1, 2, 5, 3, 2, 2, 5, 1, 2, 4, 4, 1, 1, 5, 1, 5, 5, 5, 3, 3, 3, 5, 5, 5, 1, 2, 2, 2, 1, 2, 1, 3, 3, 3, 3, 3, 2, 4, 4, 3, 3, 3, 2, 1, 5, 4, 4, 5, 40, 1, 44, 44, 3, 4, 4, 3, 1, 5, 4, 5, 4, 1, 4, 1, 2, 2, 4, 1, 4, 2, 1, 5, 2, 4, 5, 5, 6, 1, 1, 5, 3, 5, 2, 1, 
2: 1, 40, 0, 0, 3, 3, 5, 1, 5, 1, 0, 3, 3, 0, 0, 0, 1, 5, 0, 0, 0, 0, 44, 5, 0, 5, 0, 0, 1, 0, 4, 2, 0, 0, 3, 3, 0, 5, 1, 0, 0, 0, 0, 0, 0, 0, 1, 4, 0, 0, 1, 0, 1, 0, 40, 0, 1, 0, 0, 0, 5, 2, 0, 0, 0, 0, 0, 0, 3, 1, 0, 0, 3, 0, 0, 3, 0, 40, 0, 0, 5, 3, 1, 0, 0, 3, 40, 0, 2, 2, 1, 5, 3, 0, 2, 0, 4, 4, 4, 3, 0, 0, 4, 4, 3, 1, 0, 4, 0, 0, 1, 0, 43, 4, 1, 1, 1, 0, 0, 5, 0, 3, 3, 0, 1, 0, 0, 5, 0, 0, 4, 4, 0, 0, 0, 0, 0, 1, 3, 4, 4, 4, 1, 3, 0, 0, 0, 1, 1, 0, 0, 0, 3, 0, 1, 2, 5, 3, 1, 40, 0, 5, 0, 0, 42, 5, 1, 3, 3, 1, 41, 0, 2, 42, 0, 0, 5, 0, 3, 2, 0, 0, 3, 1, 2, 0, 0, 0, 2, 4, 3, 4, 0, 0, 3, 0, 4, 0, 0, 1, : 1, 40, 3, 3, 5, 1, 5, 1, 3, 3, 1, 5, 44, 5, 5, 1, 4, 2, 3, 3, 5, 1, 1, 4, 1, 1, 40, 1, 5, 2, 3, 1, 3, 3, 40, 5, 3, 1, 3, 40, 2, 2, 1, 5, 3, 2, 4, 4, 4, 3, 4, 4, 3, 1, 4, 1, 43, 4, 1, 1, 1, 5, 3, 3, 1, 5, 4, 4, 1, 3, 4, 4, 4, 1, 3, 1, 1, 3, 1, 2, 5, 3, 1, 40, 5, 42, 5, 1, 3, 3, 1, 41, 2, 42, 5, 3, 2, 3, 1, 2, 2, 4, 3, 4, 3, 4, 1, 
23: 3, 1, 1, 2, 2, 43, 3, 1, 0, 2, 5, 2, 1, 3, 0, 0, 4, 4, 2, 0, 0, 2, 0, 2, 41, 4, 0, 44, 1, 1, 0, 6, 43, 0, 2, 4, 2, 5, 4, 0, 0, 4, 0, 3, 1, 4, 4, 2, 0, 0, 0, 0, 3, 0, 0, 1, 3, 2, 4, 0, 0, 0, 0, 0, 5, 2, 0, 0, 1, 7, 44, 0, 1, 0, 0, 2, 3, 4, 4, 0, 5, 2, 2, 0, 5, 0, 1, 3, 2, 4, 1, 1, 0, 0, 0, 43, 0, 0, 3, 5, 0, 1, 1, 0, 4, 3, 0, 0, 0, 0, 5, 0, 3, 0, 0, 1, 0, 2, 1, 0, 0, 2, 0, 0, 0, 2, 2, 2, 2, 0, 3, 2, 0, 0, 4, 0, 0, 3, 3, 1, 0, 3, 2, 4, 41, 0, 3, 3, 0, 0, 0, 0, 2, 0, 5, 0, 5, 4, 40, 0, 0, 1, 0, 0, 0, 3, 0, 3, 0, 0, 0, 0, 3, 1, 0, 42, 5, 4, 3, 1, 0, 0, 2, 2, 3, 5, 2, 1, 2, 1, 5, 0, 0, 42, 0, 3, 0, 0, 0, 0, : 3, 1, 1, 2, 2, 43, 3, 1, 2, 5, 2, 1, 3, 4, 4, 2, 2, 2, 41, 4, 44, 1, 1, 6, 43, 2, 4, 2, 5, 4, 4, 3, 1, 4, 4, 2, 3, 1, 3, 2, 4, 5, 2, 1, 7, 44, 1, 2, 3, 4, 4, 5, 2, 2, 5, 1, 3, 2, 4, 1, 1, 43, 3, 5, 1, 1, 4, 3, 5, 3, 1, 2, 1, 2, 2, 2, 2, 2, 3, 2, 4, 3, 3, 1, 3, 2, 4, 41, 3, 3, 2, 5, 5, 4, 40, 1, 3, 3, 3, 1, 42, 5, 4, 3, 1, 2, 2, 3, 5, 2, 1, 2, 1, 5, 42, 3, 
64: 3, 1, 0, 1, 0, 0, 4, 0, 0, 1, 0, 4, 5, 0, 0, 40, 3, 5, 0, 5, 0, 42, 2, 3, 0, 41, 4, 0, 2, 0, 3, 1, 0, 0, 2, 0, 4, 1, 5, 2, 0, 3, 0, 0, 0, 0, 4, 4, 5, 0, 0, 5, 3, 2, 0, 5, 1, 42, 0, 0, 0, 5, 3, 0, 0, 0, 3, 44, 4, 4, 0, 3, 0, 5, 0, 5, 0, 0, 0, 43, 1, 1, 3, 0, 0, 43, 4, 0, 1, 2, 5, 0, 1, 5, 3, 0, 0, 0, 0, 5, 0, 3, 3, 0, 5, 0, 0, 1, 5, 5, 4, 0, 0, 2, 5, 1, 0, 0, 0, 0, 4, 3, 0, 5, 1, 0, 0, 2, 2, 0, 0, 2, 4, 0, 2, 0, 0, 1, 2, 1, 4, 2, 1, 0, 0, 0, 2, 5, 1, 0, 0, 4, 2, 0, 4, 0, 5, 1, 0, 0, 1, 4, 0, 40, 5, 4, 1, 4, 2, 0, 0, 0, 3, 0, 4, 0, 5, 0, 2, 2, 0, 0, 2, 0, 0, 0, 0, 0, 2, 3, 1, 0, 44, 0, 2, 0, 43, 0, 4, 0, : 3, 1, 1, 4, 1, 4, 5, 40, 3, 5, 5, 42, 2, 3, 41, 4, 2, 3, 1, 2, 4, 1, 5, 2, 3, 4, 4, 5, 5, 3, 2, 5, 1, 42, 5, 3, 3, 44, 4, 4, 3, 5, 5, 43, 1, 1, 3, 43, 4, 1, 2, 5, 1, 5, 3, 5, 3, 3, 5, 1, 5, 5, 4, 2, 5, 1, 4, 3, 5, 1, 2, 2, 2, 4, 2, 1, 2, 1, 4, 2, 1, 2, 5, 1, 4, 2, 4, 5, 1, 1, 4, 40, 5, 4, 1, 4, 2, 3, 4, 5, 2, 2, 2, 2, 3, 1, 44, 2, 43, 4, 
18: 3, 0, 0, 40, 0, 1, 3, 0, 2, 0, 0, 1, 1, 0, 0, 3, 5, 3, 5, 0, 0, 2, 0, 1, 0, 0, 0, 0, 4, 0, 1, 4, 1, 0, 6, 0, 0, 5, 4, 0, 0, 0, 0, 41, 1, 0, 4, 0, 2, 42, 5, 0, 1, 2, 0, 0, 5, 0, 0, 1, 0, 5, 0, 0, 2, 0, 40, 0, 3, 2, 1, 0, 0, 0, 0, 0, 0, 2, 0, 0, 3, 5, 3, 1, 42, 0, 2, 0, 3, 0, 5, 0, 1, 2, 40, 4, 3, 0, 0, 5, 0, 0, 5, 0, 1, 4, 0, 2, 0, 40, 4, 2, 0, 0, 0, 3, 1, 43, 0, 0, 0, 2, 0, 0, 3, 42, 0, 1, 3, 0, 44, 1, 5, 0, 2, 5, 1, 3, 4, 3, 3, 5, 4, 0, 0, 2, 0, 3, 0, 0, 4, 0, 2, 0, 1, 5, 0, 5, 0, 0, 0, 5, 2, 1, 0, 2, 0, 2, 0, 0, 0, 0, 5, 2, 0, 0, 4, 1, 2, 4, 1, 0, 1, 5, 3, 3, 0, 0, 3, 3, 1, 0, 0, 0, 5, 2, 3, 0, 0, 0, : 3, 40, 1, 3, 2, 1, 1, 3, 5, 3, 5, 2, 1, 4, 1, 4, 1, 6, 5, 4, 41, 1, 4, 2, 42, 5, 1, 2, 5, 1, 5, 2, 40, 3, 2, 1, 2, 3, 5, 3, 1, 42, 2, 3, 5, 1, 2, 40, 4, 3, 5, 5, 1, 4, 2, 40, 4, 2, 3, 1, 43, 2, 3, 42, 1, 3, 44, 1, 5, 2, 5, 1, 3, 4, 3, 3, 5, 4, 2, 3, 4, 2, 1, 5, 5, 5, 2, 1, 2, 2, 5, 2, 4, 1, 2, 4, 1, 1, 5, 3, 3, 3, 3, 1, 5, 2, 3, 
34: 5, 0, 1, 0, 0, 0, 5, 0, 0, 4, 0, 2, 2, 3, 0, 0, 0, 5, 0, 0, 0, 0, 0, 3, 0, 3, 1, 3, 3, 0, 42, 1, 0, 0, 4, 2, 43, 0, 0, 0, 0, 2, 2, 0, 0, 0, 4, 41, 43, 0, 4, 0, 5, 0, 0, 0, 4, 0, 4, 4, 0, 3, 0, 0, 44, 1, 1, 0, 5, 2, 2, 0, 0, 0, 0, 5, 0, 1, 0, 3, 5, 1, 4, 5, 0, 0, 0, 0, 1, 1, 2, 0, 0, 41, 0, 0, 0, 5, 0, 0, 0, 0, 1, 0, 1, 5, 3, 1, 0, 2, 3, 2, 3, 0, 0, 2, 0, 4, 42, 3, 0, 1, 0, 3, 41, 3, 0, 0, 0, 43, 0, 2, 0, 3, 1, 1, 0, 5, 4, 2, 1, 5, 5, 2, 0, 0, 42, 3, 0, 0, 0, 0, 3, 4, 5, 5, 3, 4, 0, 0, 0, 2, 0, 0, 0, 4, 0, 2, 4, 0, 2, 1, 5, 0, 0, 0, 2, 0, 2, 5, 0, 0, 0, 0, 5, 2, 0, 0, 3, 5, 8, 2, 3, 4, 5, 0, 0, 0, 0, 5, : 5, 1, 5, 4, 2, 2, 3, 5, 3, 3, 1, 3, 3, 42, 1, 4, 2, 43, 2, 2, 4, 41, 43, 4, 5, 4, 4, 4, 3, 44, 1, 1, 5, 2, 2, 5, 1, 3, 5, 1, 4, 5, 1, 1, 2, 41, 5, 1, 1, 5, 3, 1, 2, 3, 2, 3, 2, 4, 42, 3, 1, 3, 41, 3, 43, 2, 3, 1, 1, 5, 4, 2, 1, 5, 5, 2, 42, 3, 3, 4, 5, 5, 3, 4, 2, 4, 2, 4, 2, 1, 5, 2, 2, 5, 5, 2, 3, 5, 8, 2, 3, 4, 5, 5, 
44: 5, 5, 1, 0, 0, 0, 3, 1, 0, 0, 0, 2, 1, 0, 0, 3, 5, 5, 0, 0, 0, 0, 1, 5, 2, 0, 0, 0, 5, 0, 0, 2, 0, 3, 2, 3, 0, 3, 5, 0, 0, 1, 1, 5, 2, 0, 2, 0, 1, 0, 1, 0, 5, 0, 5, 5, 2, 0, 0, 0, 3, 5, 0, 1, 0, 1, 0, 0, 2, 2, 0, 1, 1, 40, 0, 5, 4, 1, 0, 0, 3, 6, 4, 43, 2, 0, 0, 0, 5, 0, 1, 40, 0, 0, 0, 0, 4, 3, 3, 4, 1, 2, 1, 0, 5, 4, 4, 2, 0, 0, 3, 0, 2, 0, 4, 4, 0, 0, 0, 40, 2, 4, 3, 0, 0, 0, 0, 5, 0, 0, 2, 1, 1, 5, 0, 2, 1, 1, 5, 2, 3, 5, 1, 42, 0, 2, 0, 3, 0, 0, 0, 40, 0, 0, 2, 5, 1, 5, 0, 5, 5, 4, 4, 0, 2, 1, 0, 1, 0, 0, 4, 0, 2, 2, 4, 1, 3, 0, 6, 2, 0, 0, 5, 0, 0, 2, 5, 40, 2, 5, 5, 0, 0, 0, 3, 0, 4, 0, 2, 0, : 5, 5, 1, 3, 1, 2, 1, 3, 5, 5, 1, 5, 2, 5, 2, 3, 2, 3, 3, 5, 1, 1, 5, 2, 2, 1, 1, 5, 5, 5, 2, 3, 5, 1, 1, 2, 2, 1, 1, 40, 5, 4, 1, 3, 6, 4, 43, 2, 5, 1, 40, 4, 3, 3, 4, 1, 2, 1, 5, 4, 4, 2, 3, 2, 4, 4, 40, 2, 4, 3, 5, 2, 1, 1, 5, 2, 1, 1, 5, 2, 3, 5, 1, 42, 2, 3, 40, 2, 5, 1, 5, 5, 5, 4, 4, 2, 1, 1, 4, 2, 2, 4, 1, 3, 6, 2, 5, 2, 5, 40, 2, 5, 5, 3, 4, 2, 
82: 3, 0, 0, 0, 2, 0, 1, 0, 0, 1, 3, 4, 1, 0, 1, 0, 2, 5, 43, 0, 5, 0, 0, 2, 2, 0, 41, 0, 1, 44, 0, 2, 2, 0, 5, 0, 3, 5, 1, 0, 2, 0, 0, 3, 0, 5, 5, 2, 0, 5, 42, 0, 2, 1, 5, 0, 1, 5, 2, 0, 41, 2, 0, 0, 2, 3, 0, 4, 2, 2, 0, 5, 4, 0, 0, 5, 0, 1, 0, 0, 1, 4, 4, 0, 5, 0, 2, 0, 4, 0, 2, 2, 0, 0, 1, 0, 0, 0, 0, 5, 2, 1, 5, 2, 2, 2, 0, 5, 0, 1, 5, 0, 0, 0, 0, 4, 5, 0, 5, 2, 0, 2, 0, 1, 1, 0, 5, 4, 1, 2, 0, 9, 0, 0, 2, 0, 0, 4, 1, 2, 4, 2, 2, 0, 3, 0, 3, 2, 0, 0, 2, 1, 2, 0, 2, 4, 5, 4, 0, 0, 0, 5, 0, 0, 0, 2, 44, 4, 0, 1, 0, 4, 3, 0, 1, 1, 3, 0, 6, 5, 0, 0, 3, 0, 0, 0, 3, 0, 3, 2, 3, 0, 3, 0, 4, 0, 0, 0, 2, 1, : 3, 2, 1, 1, 3, 4, 1, 1, 2, 5, 43, 5, 2, 2, 41, 1, 44, 2, 2, 5, 3, 5, 1, 2, 3, 5, 5, 2, 5, 42, 2, 1, 5, 1, 5, 2, 41, 2, 2, 3, 4, 2, 2, 5, 4, 5, 1, 1, 4, 4, 5, 2, 4, 2, 2, 1, 5, 2, 1, 5, 2, 2, 2, 5, 1, 5, 4, 5, 5, 2, 2, 1, 1, 5, 4, 1, 2, 9, 2, 4, 1, 2, 4, 2, 2, 3, 3, 2, 2, 1, 2, 2, 4, 5, 4, 5, 2, 44, 4, 1, 4, 3, 1, 1, 3, 6, 5, 3, 3, 3, 2, 3, 3, 4, 2, 1, 
91: 4, 0, 0, 0, 2, 0, 4, 2, 44, 1, 0, 4, 3, 1, 3, 0, 1, 0, 0, 0, 41, 0, 0, 2, 0, 0, 5, 3, 2, 0, 0, 3, 0, 0, 4, 0, 0, 5, 3, 44, 44, 0, 4, 0, 0, 43, 2, 2, 0, 0, 0, 4, 4, 5, 0, 0, 2, 0, 2, 40, 1, 4, 44, 0, 0, 0, 4, 0, 3, 1, 0, 0, 3, 0, 1, 2, 0, 3, 0, 0, 5, 3, 0, 1, 1, 0, 4, 0, 5, 0, 1, 0, 0, 1, 2, 4, 0, 3, 0, 5, 5, 0, 3, 0, 2, 2, 0, 4, 0, 4, 5, 0, 0, 3, 1, 2, 0, 3, 0, 2, 1, 2, 2, 0, 2, 0, 0, 4, 3, 1, 0, 2, 0, 0, 0, 0, 5, 5, 2, 1, 1, 1, 3, 0, 0, 0, 0, 2, 1, 0, 5, 2, 0, 4, 3, 2, 5, 1, 4, 0, 1, 0, 5, 0, 1, 5, 0, 1, 0, 40, 0, 0, 7, 5, 0, 0, 5, 0, 1, 4, 5, 0, 0, 0, 4, 0, 0, 1, 1, 2, 7, 0, 0, 0, 3, 0, 0, 2, 0, 0, : 4, 2, 4, 2, 44, 1, 4, 3, 1, 3, 1, 41, 2, 5, 3, 2, 3, 4, 5, 3, 44, 44, 4, 43, 2, 2, 4, 4, 5, 2, 2, 40, 1, 4, 44, 4, 3, 1, 3, 1, 2, 3, 5, 3, 1, 1, 4, 5, 1, 1, 2, 4, 3, 5, 5, 3, 2, 2, 4, 4, 5, 3, 1, 2, 3, 2, 1, 2, 2, 2, 4, 3, 1, 2, 5, 5, 2, 1, 1, 1, 3, 2, 1, 5, 2, 4, 3, 2, 5, 1, 4, 1, 5, 1, 5, 1, 40, 7, 5, 5, 1, 4, 5, 4, 1, 1, 2, 7, 3, 2, 
73: 3, 1, 4, 5, 41, 0, 2, 0, 2, 0, 0, 3, 1, 5, 0, 2, 4, 4, 0, 42, 0, 0, 4, 5, 0, 0, 0, 4, 2, 1, 0, 5, 0, 0, 3, 43, 0, 5, 2, 0, 0, 2, 0, 0, 2, 1, 5, 5, 1, 1, 2, 1, 4, 0, 4, 0, 1, 0, 1, 0, 0, 5, 0, 0, 0, 1, 0, 0, 4, 4, 0, 0, 1, 3, 0, 1, 0, 0, 2, 1, 1, 4, 0, 0, 0, 0, 0, 0, 5, 1, 4, 3, 0, 0, 0, 0, 0, 0, 0, 4, 2, 0, 4, 2, 5, 5, 3, 2, 44, 0, 2, 3, 4, 0, 3, 4, 1, 3, 0, 0, 4, 4, 2, 0, 1, 2, 42, 3, 5, 0, 0, 4, 0, 0, 0, 0, 2, 3, 1, 5, 5, 3, 1, 4, 0, 0, 1, 0, 43, 41, 3, 5, 0, 0, 3, 2, 3, 1, 0, 0, 0, 4, 5, 4, 0, 3, 2, 3, 1, 0, 0, 1, 3, 0, 0, 0, 4, 0, 2, 4, 0, 0, 1, 0, 0, 3, 0, 0, 1, 2, 3, 1, 0, 2, 1, 4, 1, 5, 43, 0, : 3, 1, 4, 5, 41, 2, 2, 3, 1, 5, 2, 4, 4, 42, 4, 5, 4, 2, 1, 5, 3, 43, 5, 2, 2, 2, 1, 5, 5, 1, 1, 2, 1, 4, 4, 1, 1, 5, 1, 4, 4, 1, 3, 1, 2, 1, 1, 4, 5, 1, 4, 3, 4, 2, 4, 2, 5, 5, 3, 2, 44, 2, 3, 4, 3, 4, 1, 3, 4, 4, 2, 1, 2, 42, 3, 5, 4, 2, 3, 1, 5, 5, 3, 1, 4, 1, 43, 41, 3, 5, 3, 2, 3, 1, 4, 5, 4, 3, 2, 3, 1, 1, 3, 4, 2, 4, 1, 3, 1, 2, 3, 1, 2, 1, 4, 1, 5, 43, 
21: 3, 1, 2, 3, 3, 0, 2, 3, 0, 2, 1, 1, 5, 44, 5, 3, 5, 1, 1, 0, 3, 0, 0, 10, 0, 0, 0, 0, 3, 0, 1, 1, 0, 0, 2, 0, 3, 2, 5, 1, 0, 44, 0, 0, 1, 0, 4, 0, 0, 0, 1, 0, 0, 41, 3, 3, 5, 0, 0, 2, 2, 5, 0, 3, 0, 43, 1, 2, 3, 2, 0, 41, 1, 0, 4, 0, 2, 1, 43, 5, 2, 3, 2, 3, 1, 0, 1, 0, 2, 0, 2, 0, 0, 0, 0, 4, 2, 0, 0, 1, 4, 3, 5, 1, 5, 5, 0, 4, 0, 0, 0, 0, 0, 41, 1, 3, 0, 0, 0, 1, 0, 3, 2, 0, 0, 2, 0, 5, 0, 0, 0, 2, 0, 0, 40, 0, 5, 3, 4, 1, 5, 5, 4, 2, 5, 3, 0, 2, 0, 0, 0, 1, 0, 0, 4, 0, 3, 1, 0, 0, 0, 5, 0, 0, 0, 2, 0, 5, 1, 4, 4, 0, 1, 2, 0, 2, 0, 40, 2, 4, 44, 5, 3, 0, 0, 0, 5, 0, 9, 4, 1, 2, 4, 3, 4, 0, 0, 0, 0, 0, : 3, 1, 2, 3, 3, 2, 3, 2, 1, 1, 5, 44, 5, 3, 5, 1, 1, 3, 10, 3, 1, 1, 2, 3, 2, 5, 1, 44, 1, 4, 1, 41, 3, 3, 5, 2, 2, 5, 3, 43, 1, 2, 3, 2, 41, 1, 4, 2, 1, 43, 5, 2, 3, 2, 3, 1, 1, 2, 2, 4, 2, 1, 4, 3, 5, 1, 5, 5, 4, 41, 1, 3, 1, 3, 2, 2, 5, 2, 40, 5, 3, 4, 1, 5, 5, 4, 2, 5, 3, 2, 1, 4, 3, 1, 5, 2, 5, 1, 4, 4, 1, 2, 2, 40, 2, 4, 44, 5, 3, 5, 9, 4, 1, 2, 4, 3, 4, 
35: 2, 2, 4, 0, 0, 2, 1, 0, 0, 43, 3, 2, 9, 2, 1, 2, 1, 0, 0, 4, 0, 3, 2, 1, 0, 1, 0, 2, 2, 0, 0, 1, 0, 0, 4, 0, 0, 2, 5, 4, 0, 0, 42, 0, 1, 0, 1, 0, 0, 2, 0, 2, 4, 4, 1, 0, 5, 1, 1, 0, 0, 1, 3, 1, 0, 1, 1, 0, 3, 5, 0, 1, 0, 0, 0, 2, 1, 1, 0, 0, 1, 2, 3, 0, 0, 0, 0, 5, 1, 0, 4, 0, 0, 0, 0, 0, 0, 0, 0, 0, 0, 0, 1, 2, 4, 5, 2, 1, 0, 0, 1, 41, 0, 0, 44, 5, 1, 1, 0, 0, 2, 5, 0, 3, 0, 0, 0, 4, 41, 4, 0, 1, 4, 0, 3, 0, 40, 1, 3, 5, 3, 1, 4, 0, 0, 44, 3, 2, 0, 5, 2, 0, 0, 0, 5, 0, 0, 3, 2, 5, 0, 4, 0, 1, 0, 5, 0, 4, 0, 0, 0, 2, 1, 0, 4, 3, 4, 2, 6, 2, 0, 0, 5, 42, 0, 0, 0, 0, 1, 4, 1, 0, 5, 0, 5, 40, 0, 0, 0, 4, : 2, 2, 4, 2, 1, 43, 3, 2, 9, 2, 1, 2, 1, 4, 3, 2, 1, 1, 2, 2, 1, 4, 2, 5, 4, 42, 1, 1, 2, 2, 4, 4, 1, 5, 1, 1, 1, 3, 1, 1, 1, 3, 5, 1, 2, 1, 1, 1, 2, 3, 5, 1, 4, 1, 2, 4, 5, 2, 1, 1, 41, 44, 5, 1, 1, 2, 5, 3, 4, 41, 4, 1, 4, 3, 40, 1, 3, 5, 3, 1, 4, 44, 3, 2, 5, 2, 5, 3, 2, 5, 4, 1, 5, 4, 2, 1, 4, 3, 4, 2, 6, 2, 5, 42, 1, 4, 1, 5, 5, 40, 4, 
47: 1, 3, 0, 0, 0, 0, 5, 3, 2, 1, 1, 6, 2, 0, 0, 0, 2, 2, 4, 0, 2, 2, 5, 2, 0, 1, 0, 2, 5, 0, 0, 4, 5, 3, 1, 0, 1, 2, 3, 1, 0, 0, 0, 0, 0, 1, 5, 0, 1, 0, 2, 0, 3, 2, 0, 0, 4, 0, 0, 3, 0, 2, 0, 3, 0, 4, 0, 1, 2, 4, 0, 0, 1, 0, 0, 1, 0, 0, 0, 0, 3, 1, 5, 0, 0, 0, 0, 0, 2, 41, 3, 0, 0, 0, 1, 0, 3, 0, 0, 1, 0, 3, 2, 0, 2, 5, 44, 5, 0, 0, 3, 1, 0, 5, 0, 5, 1, 0, 5, 3, 43, 5, 0, 40, 3, 1, 0, 4, 0, 4, 0, 5, 0, 0, 0, 5, 0, 4, 0, 5, 3, 0, 2, 0, 2, 0, 1, 1, 0, 4, 0, 1, 0, 4, 5, 4, 2, 1, 2, 0, 0, 4, 1, 0, 2, 1, 0, 4, 0, 0, 0, 4, 1, 5, 0, 2, 4, 1, 2, 1, 0, 0, 5, 0, 40, 0, 0, 0, 4, 1, 1, 0, 0, 0, 2, 2, 0, 0, 2, 0, : 1, 3, 5, 3, 2, 1, 1, 6, 2, 2, 2, 4, 2, 2, 5, 2, 1, 2, 5, 4, 5, 3, 1, 1, 2, 3, 1, 1, 5, 1, 2, 3, 2, 4, 3, 2, 3, 4, 1, 2, 4, 1, 1, 3, 1, 5, 2, 41, 3, 1, 3, 1, 3, 2, 2, 5, 44, 5, 3, 1, 5, 5, 1, 5, 3, 43, 5, 40, 3, 1, 4, 4, 5, 5, 4, 5, 3, 2, 2, 1, 1, 4, 1, 4, 5, 4, 2, 1, 2, 4, 1, 2, 1, 4, 4, 1, 5, 2, 4, 1, 2, 1, 5, 40, 4, 1, 1, 2, 2, 2, 
54: 5, 0, 0, 1, 0, 3, 3, 0, 1, 0, 1, 4, 2, 0, 0, 0, 5, 4, 0, 0, 2, 0, 0, 1, 2, 0, 0, 0, 3, 0, 0, 2, 0, 3, 5, 3, 1, 4, 2, 0, 4, 0, 3, 0, 0, 0, 0, 0, 5, 1, 2, 0, 5, 0, 0, 0, 4, 0, 0, 1, 0, 3, 0, 41, 0, 0, 5, 0, 2, 2, 2, 4, 2, 0, 0, 5, 3, 3, 3, 4, 4, 4, 5, 0, 3, 5, 0, 5, 1, 2, 2, 0, 0, 0, 0, 0, 0, 0, 1, 1, 0, 41, 5, 0, 4, 4, 0, 3, 0, 2, 4, 3, 1, 0, 0, 2, 0, 3, 0, 0, 0, 5, 1, 0, 0, 0, 2, 3, 0, 1, 0, 2, 0, 0, 0, 0, 0, 4, 3, 3, 3, 3, 5, 3, 2, 0, 0, 5, 0, 0, 0, 0, 0, 1, 3, 5, 2, 3, 0, 0, 42, 1, 0, 4, 0, 2, 0, 4, 0, 0, 1, 1, 3, 0, 0, 0, 3, 1, 3, 4, 0, 43, 4, 0, 0, 0, 0, 5, 5, 3, 1, 2, 0, 0, 1, 0, 0, 5, 1, 5, : 5, 1, 3, 3, 1, 1, 4, 2, 5, 4, 2, 1, 2, 3, 2, 3, 5, 3, 1, 4, 2, 4, 3, 5, 1, 2, 5, 4, 1, 3, 41, 5, 2, 2, 2, 4, 2, 5, 3, 3, 3, 4, 4, 4, 5, 3, 5, 5, 1, 2, 2, 1, 1, 41, 5, 4, 4, 3, 2, 4, 3, 1, 2, 3, 5, 1, 2, 3, 1, 2, 4, 3, 3, 3, 3, 5, 3, 2, 5, 1, 3, 5, 2, 3, 42, 1, 4, 2, 4, 1, 1, 3, 3, 1, 3, 4, 43, 4, 5, 5, 3, 1, 2, 1, 5, 1, 5, 
93: 1, 3, 0, 0, 0, 0, 3, 41, 3, 0, 0, 3, 2, 2, 0, 3, 5, 4, 0, 1, 3, 2, 0, 4, 1, 0, 0, 0, 4, 2, 3, 5, 0, 3, 4, 0, 0, 1, 3, 0, 0, 0, 3, 0, 2, 0, 0, 0, 0, 0, 0, 41, 2, 0, 0, 0, 5, 2, 0, 0, 0, 1, 5, 5, 0, 0, 0, 0, 2, 4, 3, 0, 0, 0, 43, 5, 5, 2, 5, 0, 5, 1, 4, 4, 0, 0, 0, 0, 3, 3, 3, 0, 0, 4, 5, 0, 0, 0, 44, 1, 42, 2, 3, 0, 1, 1, 0, 3, 0, 3, 2, 0, 0, 2, 0, 0, 1, 0, 5, 1, 0, 1, 3, 4, 0, 5, 0, 3, 2, 0, 3, 2, 42, 4, 1, 0, 3, 2, 4, 4, 2, 3, 5, 0, 3, 0, 0, 4, 0, 0, 1, 3, 2, 0, 4, 5, 5, 4, 0, 0, 0, 2, 0, 0, 0, 3, 0, 0, 0, 0, 3, 42, 5, 1, 43, 0, 1, 0, 4, 2, 0, 0, 2, 4, 0, 40, 1, 5, 5, 1, 1, 43, 1, 2, 1, 1, 0, 0, 0, 40, : 1, 3, 3, 41, 3, 3, 2, 2, 3, 5, 4, 1, 3, 2, 4, 1, 4, 2, 3, 5, 3, 4, 1, 3, 3, 2, 41, 2, 5, 2, 1, 5, 5, 2, 4, 3, 43, 5, 5, 2, 5, 5, 1, 4, 4, 3, 3, 3, 4, 5, 44, 1, 42, 2, 3, 1, 1, 3, 3, 2, 2, 1, 5, 1, 1, 3, 4, 5, 3, 2, 3, 2, 42, 4, 1, 3, 2, 4, 4, 2, 3, 5, 3, 4, 1, 3, 2, 4, 5, 5, 4, 2, 3, 3, 42, 5, 1, 43, 1, 4, 2, 2, 4, 40, 1, 5, 5, 1, 1, 43, 1, 2, 1, 1, 40, 
43: 1, 0, 0, 2, 0, 0, 3, 0, 0, 0, 0, 3, 4, 0, 0, 0, 4, 0, 0, 0, 0, 1, 2, 5, 0, 0, 3, 0, 3, 3, 0, 1, 0, 4, 2, 2, 2, 4, 5, 0, 2, 4, 0, 0, 0, 2, 3, 0, 1, 0, 0, 2, 1, 0, 0, 0, 1, 0, 0, 4, 0, 4, 0, 2, 1, 1, 4, 4, 3, 3, 0, 0, 2, 4, 0, 4, 0, 1, 0, 3, 0, 6, 3, 0, 0, 4, 0, 0, 4, 0, 5, 1, 5, 2, 5, 3, 0, 0, 2, 5, 3, 0, 4, 0, 1, 4, 3, 5, 0, 0, 3, 2, 0, 0, 0, 4, 0, 0, 2, 1, 2, 3, 0, 0, 0, 3, 0, 5, 0, 0, 0, 3, 4, 3, 5, 0, 0, 4, 4, 4, 4, 4, 4, 0, 0, 0, 0, 4, 0, 5, 0, 0, 0, 0, 1, 5, 0, 5, 2, 0, 1, 1, 0, 1, 0, 5, 3, 2, 2, 5, 1, 3, 2, 0, 0, 0, 0, 4, 4, 2, 0, 5, 4, 2, 0, 0, 0, 0, 1, 5, 5, 0, 0, 0, 5, 5, 0, 0, 1, 4, : 1, 2, 3, 3, 4, 4, 1, 2, 5, 3, 3, 3, 1, 4, 2, 2, 2, 4, 5, 2, 4, 2, 3, 1, 2, 1, 1, 4, 4, 2, 1, 1, 4, 4, 3, 3, 2, 4, 4, 1, 3, 6, 3, 4, 4, 5, 1, 5, 2, 5, 3, 2, 5, 3, 4, 1, 4, 3, 5, 3, 2, 4, 2, 1, 2, 3, 3, 5, 3, 4, 3, 5, 4, 4, 4, 4, 4, 4, 4, 5, 1, 5, 5, 2, 1, 1, 1, 5, 3, 2, 2, 5, 1, 3, 2, 4, 4, 2, 5, 4, 2, 1, 5, 5, 5, 5, 1, 4, 


