
80
80
300
1

63: 0, 3, 44, 0, 2, 0, 2, 0, 0, 43, 4, 5, 0, 0, 5, 2, 0, 0, 0, 0, 3, 0, 0, 44, 5, 3, 0, 2, 0, 0, 0, 0, 0, 0, 0, 2, 1, 0, 4, 3, 0, 1, 1, 1, 1, 0, 0, 0, 0, 5, 0, 5, 0, 5, 3, 0, 4, 2, 5, 1, 0, 0, 5, 0, 0, 0, 0, 0, 0, 42, 0, 1, 0, 1, 44, 2, 0, 0, 1, 3, : 3, 44, 2, 2, 43, 4, 5, 5, 2, 3, 44, 5, 3, 2, 2, 1, 4, 3, 1, 1, 1, 1, 5, 5, 5, 3, 4, 2, 5, 1, 5, 42, 1, 1, 44, 2, 1, 3, 
49: 2, 3, 44, 0, 4, 4, 40, 4, 0, 0, 0, 0, 2, 1, 0, 0, 0, 2, 2, 0, 0, 1, 2, 0, 0, 2, 0, 0, 1, 40, 2, 4, 4, 0, 3, 40, 0, 2, 0, 0, 3, 1, 0, 0, 4, 4, 4, 0, 0, 0, 4, 0, 1, 0, 0, 1, 0, 2, 42, 0, 0, 5, 3, 0, 0, 0, 3, 0, 0, 0, 0, 1, 4, 5, 0, 0, 4, 1, 4, 1, : 2, 3, 44, 4, 4, 40, 4, 2, 1, 2, 2, 1, 2, 2, 1, 40, 2, 4, 4, 3, 40, 2, 3, 1, 4, 4, 4, 4, 1, 1, 2, 42, 5, 3, 3, 1, 4, 5, 4, 1, 4, 1, 
35: 1, 0, 0, 0, 3, 0, 0, 3, 0, 4, 0, 0, 2, 0, 3, 2, 44, 0, 0, 0, 0, 5, 0, 3, 4, 3, 2, 42, 0, 2, 0, 2, 0, 5, 0, 42, 0, 0, 1, 0, 0, 0, 0, 0, 2, 0, 0, 3, 1, 0, 3, 1, 0, 0, 1, 5, 0, 3, 4, 1, 3, 4, 1, 0, 0, 4, 2, 0, 40, 0, 0, 2, 2, 0, 3, 3, 0, 1, 0, 0, : 1, 3, 3, 4, 2, 3, 2, 44, 5, 3, 4, 3, 2, 42, 2, 2, 5, 42, 1, 2, 3, 1, 3, 1, 1, 5, 3, 4, 1, 3, 4, 1, 4, 2, 40, 2, 2, 3, 3, 1, 
18: 5, 0, 0, 0, 1, 3, 1, 0, 3, 0, 0, 5, 0, 0, 0, 2, 4, 1, 2, 0, 1, 2, 0, 0, 3, 0, 4, 5, 0, 4, 0, 4, 0, 4, 0, 0, 0, 0, 0, 2, 4, 0, 0, 0, 0, 0, 0, 4, 0, 0, 2, 4, 40, 2, 5, 0, 3, 3, 0, 3, 0, 1, 0, 0, 0, 43, 0, 0, 2, 0, 0, 0, 0, 0, 0, 0, 0, 2, 0, 0, : 5, 1, 3, 1, 3, 5, 2, 4, 1, 2, 1, 2, 3, 4, 5, 4, 4, 4, 2, 4, 4, 2, 4, 40, 2, 5, 3, 3, 3, 1, 43, 2, 2, 
24: 5, 0, 0, 1, 4, 0, 0, 2, 2, 0, 0, 1, 43, 3, 5, 4, 0, 0, 2, 1, 1, 0, 4, 0, 2, 5, 1, 0, 1, 4, 0, 1, 0, 3, 5, 0, 0, 1, 2, 0, 0, 0, 0, 5, 2, 0, 2, 0, 3, 0, 1, 0, 0, 0, 5, 0, 0, 0, 1, 0, 0, 3, 5, 5, 0, 0, 43, 5, 0, 1, 0, 0, 0, 0, 0, 3, 0, 0, 3, 0, : 5, 1, 4, 2, 2, 1, 43, 3, 5, 4, 2, 1, 1, 4, 2, 5, 1, 1, 4, 1, 3, 5, 1, 2, 5, 2, 2, 3, 1, 5, 1, 3, 5, 5, 43, 5, 1, 3, 3, 
36: 0, 42, 1, 0, 2, 0, 0, 0, 2, 2, 0, 0, 4, 1, 0, 4, 2, 0, 3, 5, 2, 5, 0, 0, 1, 5, 1, 5, 0, 5, 42, 0, 0, 0, 2, 0, 3, 3, 0, 4, 1, 4, 0, 1, 0, 0, 0, 0, 0, 43, 3, 1, 0, 2, 4, 42, 44, 3, 0, 0, 4, 3, 4, 5, 0, 0, 2, 1, 0, 1, 0, 0, 5, 2, 4, 3, 0, 4, 1, 0, : 42, 1, 2, 2, 2, 4, 1, 4, 2, 3, 5, 2, 5, 1, 5, 1, 5, 5, 42, 2, 3, 3, 4, 1, 4, 1, 43, 3, 1, 2, 4, 42, 44, 3, 4, 3, 4, 5, 2, 1, 1, 5, 2, 4, 3, 4, 1, 
32: 0, 0, 0, 0, 1, 2, 41, 2, 4, 0, 0, 0, 0, 0, 0, 0, 0, 0, 0, 3, 0, 0, 0, 44, 0, 2, 5, 1, 1, 2, 4, 4, 0, 0, 0, 0, 0, 1, 0, 0, 0, 0, 1, 4, 0, 43, 1, 0, 0, 3, 5, 3, 3, 1, 3, 0, 2, 1, 0, 42, 0, 1, 2, 0, 0, 40, 0, 5, 4, 0, 0, 3, 5, 2, 3, 0, 4, 2, 1, 4, : 1, 2, 41, 2, 4, 3, 44, 2, 5, 1, 1, 2, 4, 4, 1, 1, 4, 43, 1, 3, 5, 3, 3, 1, 3, 2, 1, 42, 1, 2, 40, 5, 4, 3, 5, 2, 3, 4, 2, 1, 4, 
52: 0, 2, 2, 4, 1, 0, 1, 0, 4, 0, 0, 0, 42, 0, 3, 1, 0, 0, 0, 1, 0, 0, 0, 0, 3, 4, 2, 3, 43, 5, 3, 1, 2, 3, 3, 1, 0, 1, 0, 1, 1, 5, 40, 0, 0, 1, 0, 0, 0, 0, 2, 3, 4, 3, 2, 0, 4, 0, 0, 2, 0, 4, 0, 1, 0, 1, 0, 0, 1, 1, 0, 1, 0, 0, 0, 0, 0, 0, 0, 2, : 2, 2, 4, 1, 1, 4, 42, 3, 1, 1, 3, 4, 2, 3, 43, 5, 3, 1, 2, 3, 3, 1, 1, 1, 1, 5, 40, 1, 2, 3, 4, 3, 2, 4, 2, 4, 1, 1, 1, 1, 1, 2, 
75: 0, 0, 0, 5, 4, 1, 2, 3, 4, 2, 2, 44, 3, 2, 0, 1, 0, 0, 5, 0, 1, 1, 0, 5, 0, 4, 3, 2, 0, 3, 0, 0, 0, 0, 0, 0, 0, 0, 4, 0, 0, 1, 0, 1, 0, 0, 44, 0, 0, 0, 1, 3, 2, 0, 1, 3, 2, 0, 0, 4, 0, 3, 2, 2, 40, 0, 5, 5, 1, 1, 0, 3, 2, 1, 0, 4, 0, 0, 5, 0, : 5, 4, 1, 2, 3, 4, 2, 2, 44, 3, 2, 1, 5, 1, 1, 5, 4, 3, 2, 3, 4, 1, 1, 44, 1, 3, 2, 1, 3, 2, 4, 3, 2, 2, 40, 5, 5, 1, 1, 3, 2, 1, 4, 5, 
10: 0, 0, 0, 0, 3, 0, 4, 43, 3, 0, 0, 41, 1, 1, 0, 0, 5, 2, 0, 43, 0, 42, 1, 0, 5, 0, 0, 1, 41, 0, 0, 0, 0, 4, 2, 0, 2, 0, 4, 42, 0, 0, 3, 0, 2, 0, 0, 0, 0, 0, 2, 0, 0, 1, 3, 1, 1, 2, 2, 0, 0, 5, 5, 3, 3, 2, 0, 5, 2, 0, 0, 1, 0, 0, 3, 40, 0, 44, 0, 4, : 3, 4, 43, 3, 41, 1, 1, 5, 2, 43, 42, 1, 5, 1, 41, 4, 2, 2, 4, 42, 3, 2, 2, 1, 3, 1, 1, 2, 2, 5, 5, 3, 3, 2, 5, 2, 1, 3, 40, 44, 4, 
38: 0, 0, 4, 0, 0, 4, 0, 0, 0, 4, 2, 0, 4, 4, 0, 4, 1, 0, 1, 5, 1, 1, 0, 0, 0, 1, 3, 0, 0, 4, 1, 2, 0, 1, 0, 0, 0, 44, 2, 0, 0, 0, 2, 3, 0, 44, 2, 43, 0, 3, 2, 0, 0, 4, 3, 0, 5, 1, 0, 0, 40, 3, 1, 2, 0, 4, 3, 0, 3, 0, 4, 44, 4, 4, 3, 4, 3, 0, 2, 5, : 4, 4, 4, 2, 4, 4, 4, 1, 1, 5, 1, 1, 1, 3, 4, 1, 2, 1, 44, 2, 2, 3, 44, 2, 43, 3, 2, 4, 3, 5, 1, 40, 3, 1, 2, 4, 3, 3, 4, 44, 4, 4, 3, 4, 3, 2, 5, 
71: 0, 1, 0, 5, 3, 0, 2, 0, 4, 0, 0, 0, 0, 2, 0, 1, 44, 0, 2, 0, 5, 4, 2, 0, 0, 3, 1, 1, 2, 0, 0, 0, 0, 44, 3, 2, 0, 0, 0, 2, 5, 42, 3, 3, 5, 1, 5, 0, 1, 1, 1, 0, 3, 43, 0, 5, 0, 2, 0, 3, 4, 4, 5, 5, 0, 0, 3, 0, 40, 2, 0, 2, 3, 0, 4, 5, 0, 2, 0, 2, : 1, 5, 3, 2, 4, 2, 1, 44, 2, 5, 4, 2, 3, 1, 1, 2, 44, 3, 2, 2, 5, 42, 3, 3, 5, 1, 5, 1, 1, 1, 3, 43, 5, 2, 3, 4, 4, 5, 5, 3, 40, 2, 2, 3, 4, 5, 2, 2, 
76: 1, 2, 0, 0, 5, 0, 44, 4, 0, 0, 2, 0, 0, 0, 1, 0, 41, 1, 3, 2, 1, 4, 0, 0, 5, 0, 2, 4, 4, 0, 0, 0, 0, 5, 2, 0, 1, 0, 44, 4, 0, 0, 4, 5, 44, 0, 0, 0, 5, 3, 4, 0, 0, 4, 3, 0, 0, 4, 0, 1, 3, 0, 43, 0, 0, 0, 3, 0, 4, 1, 0, 41, 0, 1, 0, 43, 0, 0, 44, 0, : 1, 2, 5, 44, 4, 2, 1, 41, 1, 3, 2, 1, 4, 5, 2, 4, 4, 5, 2, 1, 44, 4, 4, 5, 44, 5, 3, 4, 4, 3, 4, 1, 3, 43, 3, 4, 1, 41, 1, 43, 44, 
8: 3, 0, 0, 0, 3, 1, 0, 5, 0, 1, 0, 5, 0, 0, 0, 0, 2, 0, 0, 0, 42, 3, 0, 1, 0, 5, 5, 0, 2, 1, 4, 44, 2, 0, 0, 5, 0, 0, 2, 0, 4, 4, 0, 1, 0, 0, 2, 0, 0, 0, 5, 2, 0, 3, 3, 0, 0, 5, 3, 0, 0, 0, 2, 0, 0, 5, 1, 0, 41, 4, 0, 1, 4, 4, 1, 0, 0, 2, 0, 4, : 3, 3, 1, 5, 1, 5, 2, 42, 3, 1, 5, 5, 2, 1, 4, 44, 2, 5, 2, 4, 4, 1, 2, 5, 2, 3, 3, 5, 3, 2, 5, 1, 41, 4, 1, 4, 4, 1, 2, 4, 
78: 0, 0, 0, 0, 0, 0, 0, 0, 0, 0, 0, 0, 0, 0, 3, 0, 3, 0, 1, 0, 2, 4, 2, 0, 5, 4, 1, 42, 0, 4, 0, 2, 2, 3, 1, 0, 2, 0, 0, 5, 0, 0, 0, 2, 41, 3, 4, 2, 1, 5, 2, 3, 0, 4, 0, 0, 0, 1, 5, 0, 40, 2, 0, 0, 42, 0, 0, 5, 0, 3, 0, 2, 0, 1, 0, 43, 0, 5, 0, 1, : 3, 3, 1, 2, 4, 2, 5, 4, 1, 42, 4, 2, 2, 3, 1, 2, 5, 2, 41, 3, 4, 2, 1, 5, 2, 3, 4, 1, 5, 40, 2, 42, 5, 3, 2, 1, 43, 5, 1, 
70: 2, 0, 0, 4, 3, 0, 0, 0, 5, 0, 0, 1, 4, 3, 5, 1, 1, 1, 0, 0, 0, 0, 0, 3, 0, 1, 0, 0, 3, 0, 42, 0, 0, 0, 41, 0, 4, 1, 3, 1, 0, 3, 0, 0, 5, 0, 1, 43, 0, 0, 0, 0, 2, 2, 0, 0, 1, 5, 0, 3, 3, 1, 0, 0, 3, 0, 2, 0, 1, 1, 4, 5, 0, 0, 0, 3, 0, 2, 0, 2, : 2, 4, 3, 5, 1, 4, 3, 5, 1, 1, 1, 3, 1, 3, 42, 41, 4, 1, 3, 1, 3, 5, 1, 43, 2, 2, 1, 5, 3, 3, 1, 3, 2, 1, 1, 4, 5, 3, 2, 2, 
43: 0, 1, 0, 2, 1, 0, 3, 5, 5, 0, 0, 4, 0, 42, 0, 0, 1, 0, 5, 4, 0, 0, 0, 2, 0, 3, 4, 0, 3, 44, 0, 5, 0, 0, 0, 4, 0, 3, 0, 1, 4, 4, 3, 4, 2, 0, 1, 0, 0, 3, 2, 5, 3, 3, 4, 5, 0, 3, 0, 0, 2, 2, 4, 1, 0, 1, 0, 1, 0, 0, 0, 4, 4, 0, 0, 0, 5, 1, 0, 1, : 1, 2, 1, 3, 5, 5, 4, 42, 1, 5, 4, 2, 3, 4, 3, 44, 5, 4, 3, 1, 4, 4, 3, 4, 2, 1, 3, 2, 5, 3, 3, 4, 5, 3, 2, 2, 4, 1, 1, 1, 4, 4, 5, 1, 1, 
77: 0, 3, 0, 1, 2, 0, 0, 0, 0, 0, 0, 0, 0, 3, 0, 0, 1, 4, 4, 1, 0, 1, 3, 4, 2, 2, 0, 0, 0, 0, 0, 0, 2, 0, 4, 0, 1, 5, 4, 5, 43, 0, 0, 1, 0, 5, 5, 0, 0, 0, 4, 0, 43, 3, 1, 2, 2, 0, 1, 0, 0, 5, 0, 2, 0, 0, 0, 2, 5, 3, 0, 0, 5, 0, 0, 2, 0, 5, 0, 0, : 3, 1, 2, 3, 1, 4, 4, 1, 1, 3, 4, 2, 2, 2, 4, 1, 5, 4, 5, 43, 1, 5, 5, 4, 43, 3, 1, 2, 2, 1, 5, 2, 2, 5, 3, 5, 2, 5, 
15: 0, 0, 0, 1, 1, 2, 0, 4, 5, 0, 0, 43, 5, 5, 0, 0, 0, 42, 43, 0, 0, 4, 0, 0, 0, 3, 3, 43, 5, 2, 2, 4, 0, 3, 1, 0, 0, 0, 2, 0, 0, 0, 40, 0, 0, 4, 4, 43, 0, 0, 0, 0, 5, 1, 1, 0, 5, 0, 0, 0, 2, 1, 0, 1, 4, 0, 0, 0, 0, 5, 0, 4, 0, 5, 4, 4, 0, 42, 1, 1, : 1, 1, 2, 4, 5, 43, 5, 5, 42, 43, 4, 3, 3, 43, 5, 2, 2, 4, 3, 1, 2, 40, 4, 4, 43, 5, 1, 1, 5, 2, 1, 1, 4, 5, 4, 5, 4, 4, 42, 1, 1, 
74: 0, 0, 0, 0, 1, 5, 0, 1, 0, 0, 1, 2, 3, 0, 5, 0, 0, 1, 1, 3, 41, 4, 0, 0, 0, 1, 3, 4, 0, 0, 0, 0, 0, 2, 3, 0, 0, 0, 0, 5, 0, 0, 0, 0, 5, 0, 0, 0, 0, 4, 2, 2, 0, 1, 3, 0, 3, 0, 0, 5, 0, 3, 0, 5, 0, 0, 0, 0, 0, 2, 0, 3, 2, 0, 0, 1, 3, 0, 42, 0, : 1, 5, 1, 1, 2, 3, 5, 1, 1, 3, 41, 4, 1, 3, 4, 2, 3, 5, 5, 4, 2, 2, 1, 3, 3, 5, 3, 5, 2, 3, 2, 1, 3, 42, 
53: 3, 5, 0, 2, 0, 0, 0, 1, 4, 0, 0, 0, 0, 1, 0, 5, 3, 1, 0, 0, 3, 0, 0, 0, 1, 0, 4, 0, 1, 1, 0, 0, 0, 0, 40, 0, 1, 0, 0, 0, 41, 0, 0, 0, 2, 0, 5, 0, 0, 2, 0, 0, 1, 4, 0, 40, 4, 3, 43, 0, 0, 0, 3, 1, 0, 0, 0, 0, 0, 2, 0, 3, 3, 41, 3, 1, 0, 0, 2, 5, : 3, 5, 2, 1, 4, 1, 5, 3, 1, 3, 1, 4, 1, 1, 40, 1, 41, 2, 5, 2, 1, 4, 40, 4, 3, 43, 3, 1, 2, 3, 3, 41, 3, 1, 2, 5, 
65: 0, 0, 0, 2, 1, 0, 1, 0, 4, 1, 4, 1, 0, 0, 4, 2, 40, 0, 0, 0, 0, 0, 0, 0, 2, 0, 0, 5, 0, 0, 5, 5, 1, 0, 2, 0, 0, 2, 3, 0, 1, 0, 0, 5, 41, 2, 0, 0, 0, 0, 2, 40, 0, 1, 2, 2, 0, 0, 0, 5, 1, 40, 4, 0, 0, 0, 5, 0, 2, 0, 0, 1, 5, 2, 0, 3, 0, 5, 0, 0, : 2, 1, 1, 4, 1, 4, 1, 4, 2, 40, 2, 5, 5, 5, 1, 2, 2, 3, 1, 5, 41, 2, 2, 40, 1, 2, 2, 5, 1, 40, 4, 5, 2, 1, 5, 2, 3, 5, 
62: 4, 5, 0, 43, 2, 0, 5, 1, 4, 0, 0, 0, 0, 3, 0, 0, 0, 0, 5, 5, 0, 5, 3, 0, 0, 0, 0, 3, 0, 0, 5, 0, 0, 3, 4, 4, 0, 5, 3, 42, 0, 5, 0, 0, 0, 2, 0, 0, 5, 0, 2, 1, 0, 5, 0, 0, 0, 0, 0, 0, 0, 5, 0, 2, 2, 0, 0, 0, 0, 1, 0, 0, 2, 0, 0, 0, 0, 0, 2, 0, : 4, 5, 43, 2, 5, 1, 4, 3, 5, 5, 5, 3, 3, 5, 3, 4, 4, 5, 3, 42, 5, 2, 5, 2, 1, 5, 5, 2, 2, 1, 2, 2, 
68: 4, 3, 0, 1, 4, 1, 0, 0, 42, 2, 0, 0, 0, 1, 0, 0, 2, 0, 0, 0, 0, 0, 5, 0, 1, 4, 4, 3, 5, 2, 0, 3, 3, 0, 0, 0, 2, 0, 5, 3, 3, 2, 5, 0, 3, 0, 1, 0, 0, 0, 5, 4, 0, 0, 4, 0, 0, 1, 44, 0, 1, 3, 5, 2, 4, 0, 0, 1, 0, 0, 0, 1, 0, 4, 5, 0, 1, 0, 0, 0, : 4, 3, 1, 4, 1, 42, 2, 1, 2, 5, 1, 4, 4, 3, 5, 2, 3, 3, 2, 5, 3, 3, 2, 5, 3, 1, 5, 4, 4, 1, 44, 1, 3, 5, 2, 4, 1, 1, 4, 5, 1, 
17: 2, 0, 44, 5, 0, 0, 0, 0, 0, 0, 2, 5, 1, 41, 1, 3, 0, 0, 3, 0, 5, 41, 0, 5, 4, 5, 4, 3, 1, 0, 0, 41, 1, 2, 0, 0, 0, 0, 0, 3, 5, 0, 1, 0, 0, 43, 0, 0, 0, 0, 1, 41, 1, 4, 4, 1, 5, 1, 0, 0, 4, 0, 1, 5, 2, 0, 0, 0, 0, 0, 0, 2, 1, 3, 2, 5, 5, 44, 0, 2, : 2, 44, 5, 2, 5, 1, 41, 1, 3, 3, 5, 41, 5, 4, 5, 4, 3, 1, 41, 1, 2, 3, 5, 1, 43, 1, 41, 1, 4, 4, 1, 5, 1, 4, 1, 5, 2, 2, 1, 3, 2, 5, 5, 44, 2, 
61: 3, 0, 0, 0, 4, 5, 0, 0, 2, 0, 0, 0, 0, 0, 0, 2, 0, 0, 0, 5, 4, 5, 0, 1, 3, 3, 0, 0, 0, 1, 0, 0, 2, 3, 0, 0, 0, 4, 44, 5, 4, 5, 3, 4, 5, 2, 0, 2, 1, 2, 5, 0, 0, 0, 1, 4, 0, 0, 0, 0, 4, 2, 1, 1, 1, 5, 0, 1, 0, 0, 1, 2, 0, 5, 0, 2, 0, 4, 5, 43, : 3, 4, 5, 2, 2, 5, 4, 5, 1, 3, 3, 1, 2, 3, 4, 44, 5, 4, 5, 3, 4, 5, 2, 2, 1, 2, 5, 1, 4, 4, 2, 1, 1, 1, 5, 1, 1, 2, 5, 2, 4, 5, 43, 
72: 3, 0, 0, 0, 2, 0, 2, 1, 5, 0, 44, 0, 0, 3, 5, 5, 0, 0, 3, 0, 0, 5, 0, 0, 42, 4, 1, 0, 0, 1, 1, 1, 0, 1, 0, 0, 5, 0, 0, 0, 44, 0, 2, 0, 4, 2, 2, 4, 5, 0, 2, 0, 0, 3, 5, 0, 5, 3, 5, 0, 0, 3, 0, 1, 0, 4, 0, 0, 1, 42, 0, 5, 1, 5, 0, 0, 0, 40, 0, 3, : 3, 2, 2, 1, 5, 44, 3, 5, 5, 3, 5, 42, 4, 1, 1, 1, 1, 1, 5, 44, 2, 4, 2, 2, 4, 5, 2, 3, 5, 5, 3, 5, 3, 1, 4, 1, 42, 5, 1, 5, 40, 3, 
1: 0, 1, 0, 5, 2, 0, 0, 0, 0, 1, 0, 0, 0, 5, 1, 5, 2, 0, 0, 0, 4, 0, 5, 0, 0, 3, 0, 0, 0, 0, 0, 40, 0, 0, 2, 0, 43, 42, 0, 3, 0, 5, 1, 0, 0, 0, 1, 0, 5, 0, 2, 0, 0, 3, 1, 0, 5, 4, 0, 4, 4, 1, 4, 5, 4, 0, 0, 0, 1, 2, 0, 1, 0, 0, 5, 0, 0, 0, 0, 41, : 1, 5, 2, 1, 5, 1, 5, 2, 4, 5, 3, 40, 2, 43, 42, 3, 5, 1, 1, 5, 2, 3, 1, 5, 4, 4, 4, 1, 4, 5, 4, 1, 2, 1, 5, 41, 
33: 0, 0, 0, 0, 0, 0, 5, 0, 0, 0, 0, 4, 5, 0, 0, 3, 0, 0, 1, 0, 3, 4, 0, 0, 41, 0, 2, 0, 0, 0, 2, 1, 40, 0, 4, 0, 5, 43, 0, 0, 0, 4, 0, 3, 42, 0, 2, 2, 0, 0, 4, 4, 1, 4, 0, 0, 4, 0, 0, 0, 0, 0, 3, 2, 0, 0, 4, 3, 3, 3, 0, 3, 4, 2, 0, 2, 0, 3, 0, 3, : 5, 4, 5, 3, 1, 3, 4, 41, 2, 2, 1, 40, 4, 5, 43, 4, 3, 42, 2, 2, 4, 4, 1, 4, 4, 3, 2, 4, 3, 3, 3, 3, 4, 2, 2, 3, 3, 
5: 4, 0, 0, 0, 0, 0, 0, 0, 0, 0, 0, 0, 0, 41, 41, 4, 0, 44, 1, 4, 0, 1, 4, 0, 5, 1, 0, 0, 0, 2, 3, 0, 0, 1, 1, 0, 3, 5, 0, 43, 1, 0, 0, 5, 0, 0, 0, 0, 0, 0, 43, 0, 1, 3, 3, 1, 0, 0, 0, 0, 0, 5, 0, 4, 1, 43, 0, 0, 0, 1, 0, 42, 42, 3, 4, 0, 0, 0, 0, 0, : 4, 41, 41, 4, 44, 1, 4, 1, 4, 5, 1, 2, 3, 1, 1, 3, 5, 43, 1, 5, 43, 1, 3, 3, 1, 5, 4, 1, 43, 1, 42, 42, 3, 4, 
42: 0, 4, 3, 3, 3, 0, 0, 3, 4, 0, 43, 0, 0, 0, 3, 0, 4, 0, 0, 0, 3, 41, 0, 1, 3, 3, 4, 2, 2, 0, 2, 0, 4, 0, 0, 0, 0, 0, 2, 0, 0, 0, 3, 1, 0, 0, 0, 4, 0, 4, 0, 0, 2, 0, 3, 4, 3, 1, 2, 0, 3, 2, 2, 2, 3, 0, 1, 4, 0, 2, 43, 2, 4, 4, 0, 0, 0, 0, 0, 4, : 4, 3, 3, 3, 3, 4, 43, 3, 4, 3, 41, 1, 3, 3, 4, 2, 2, 2, 4, 2, 3, 1, 4, 4, 2, 3, 4, 3, 1, 2, 3, 2, 2, 2, 3, 1, 4, 2, 43, 2, 4, 4, 4, 
4: 5, 41, 0, 0, 2, 0, 4, 0, 1, 5, 0, 0, 1, 40, 41, 0, 0, 0, 0, 5, 0, 0, 3, 1, 4, 3, 5, 0, 0, 0, 1, 5, 0, 0, 0, 0, 0, 1, 0, 0, 2, 5, 0, 44, 3, 40, 3, 0, 0, 0, 0, 2, 0, 0, 44, 0, 0, 0, 2, 3, 1, 0, 1, 0, 4, 4, 42, 0, 4, 0, 0, 0, 3, 3, 40, 1, 0, 0, 44, 5, : 5, 41, 2, 4, 1, 5, 1, 40, 41, 5, 3, 1, 4, 3, 5, 1, 5, 1, 2, 5, 44, 3, 40, 3, 2, 44, 2, 3, 1, 1, 4, 4, 42, 4, 3, 3, 40, 1, 44, 5, 
67: 4, 0, 0, 3, 0, 0, 1, 0, 0, 0, 0, 0, 2, 0, 0, 4, 0, 0, 5, 0, 44, 2, 0, 1, 0, 0, 3, 5, 4, 2, 0, 0, 0, 0, 0, 4, 4, 0, 41, 0, 5, 2, 3, 5, 0, 2, 1, 0, 2, 0, 2, 0, 0, 1, 1, 0, 4, 3, 2, 0, 4, 4, 1, 4, 2, 0, 0, 1, 2, 2, 1, 1, 1, 0, 0, 0, 0, 0, 0, 0, : 4, 3, 1, 2, 4, 5, 44, 2, 1, 3, 5, 4, 2, 4, 4, 41, 5, 2, 3, 5, 2, 1, 2, 2, 1, 1, 4, 3, 2, 4, 4, 1, 4, 2, 1, 2, 2, 1, 1, 1, 
3: 0, 0, 0, 0, 4, 5, 0, 0, 2, 0, 44, 0, 1, 4, 1, 4, 0, 0, 0, 0, 4, 4, 0, 0, 40, 0, 0, 0, 0, 4, 0, 0, 0, 1, 3, 0, 3, 1, 0, 0, 0, 3, 0, 5, 2, 1, 0, 4, 0, 0, 0, 0, 3, 2, 4, 0, 0, 44, 0, 0, 0, 1, 2, 1, 0, 0, 0, 44, 0, 44, 5, 5, 3, 0, 3, 0, 0, 0, 0, 4, : 4, 5, 2, 44, 1, 4, 1, 4, 4, 4, 40, 4, 1, 3, 3, 1, 3, 5, 2, 1, 4, 3, 2, 4, 44, 1, 2, 1, 44, 44, 5, 5, 3, 3, 4, 
60: 0, 0, 0, 4, 5, 5, 0, 0, 41, 42, 0, 1, 0, 0, 44, 2, 0, 0, 0, 4, 0, 0, 2, 0, 2, 0, 0, 5, 4, 4, 4, 5, 0, 2, 0, 0, 0, 0, 1, 4, 2, 3, 0, 1, 0, 0, 0, 5, 3, 0, 5, 2, 0, 4, 3, 40, 0, 0, 0, 3, 5, 2, 0, 4, 0, 5, 41, 0, 0, 0, 41, 3, 2, 0, 3, 0, 0, 2, 0, 40, : 4, 5, 5, 41, 42, 1, 44, 2, 4, 2, 2, 5, 4, 4, 4, 5, 2, 1, 4, 2, 3, 1, 5, 3, 5, 2, 4, 3, 40, 3, 5, 2, 4, 5, 41, 41, 3, 2, 3, 2, 40, 
2: 2, 0, 0, 1, 2, 3, 3, 4, 1, 0, 5, 4, 0, 1, 0, 3, 0, 0, 0, 0, 2, 2, 4, 1, 0, 3, 0, 1, 0, 3, 0, 5, 0, 0, 5, 0, 0, 0, 1, 0, 40, 0, 0, 1, 0, 0, 0, 0, 0, 0, 0, 0, 0, 0, 2, 5, 44, 0, 0, 0, 0, 2, 4, 2, 4, 0, 3, 0, 3, 4, 2, 1, 3, 0, 0, 0, 2, 0, 5, 5, : 2, 1, 2, 3, 3, 4, 1, 5, 4, 1, 3, 2, 2, 4, 1, 3, 1, 3, 5, 5, 1, 40, 1, 2, 5, 44, 2, 4, 2, 4, 3, 3, 4, 2, 1, 3, 2, 5, 5, 
9: 4, 0, 3, 5, 0, 0, 0, 0, 1, 1, 0, 43, 1, 0, 0, 42, 0, 1, 0, 2, 1, 1, 5, 41, 5, 1, 0, 2, 40, 5, 4, 0, 40, 4, 0, 0, 5, 3, 0, 0, 3, 3, 0, 3, 0, 2, 44, 5, 0, 0, 3, 0, 5, 0, 0, 2, 1, 2, 2, 0, 1, 3, 0, 3, 2, 0, 2, 43, 0, 0, 0, 0, 3, 2, 5, 3, 0, 3, 0, 3, : 4, 3, 5, 1, 1, 43, 1, 42, 1, 2, 1, 1, 5, 41, 5, 1, 2, 40, 5, 4, 40, 4, 5, 3, 3, 3, 3, 2, 44, 5, 3, 5, 2, 1, 2, 2, 1, 3, 3, 2, 2, 43, 3, 2, 5, 3, 3, 3, 
16: 2, 2, 0, 0, 0, 0, 0, 3, 4, 5, 2, 3, 5, 0, 0, 0, 0, 0, 3, 2, 1, 0, 5, 5, 0, 44, 4, 0, 0, 1, 42, 0, 0, 0, 2, 0, 0, 0, 3, 0, 1, 43, 5, 0, 0, 2, 0, 5, 0, 0, 0, 0, 2, 2, 0, 2, 0, 0, 0, 1, 4, 2, 5, 2, 40, 43, 0, 0, 0, 5, 0, 2, 0, 5, 1, 0, 4, 5, 0, 0, : 2, 2, 3, 4, 5, 2, 3, 5, 3, 2, 1, 5, 5, 44, 4, 1, 42, 2, 3, 1, 43, 5, 2, 5, 2, 2, 2, 1, 4, 2, 5, 2, 40, 43, 5, 2, 5, 1, 4, 5, 
59: 0, 0, 0, 3, 3, 1, 43, 3, 1, 0, 0, 3, 0, 0, 0, 3, 44, 0, 3, 0, 2, 0, 5, 0, 5, 1, 2, 0, 0, 2, 0, 0, 1, 5, 1, 1, 1, 0, 1, 0, 5, 0, 2, 0, 0, 43, 44, 0, 44, 3, 4, 0, 0, 5, 5, 1, 2, 1, 3, 0, 4, 0, 3, 0, 5, 0, 0, 4, 0, 4, 0, 4, 4, 4, 0, 1, 0, 0, 0, 0, : 3, 3, 1, 43, 3, 1, 3, 3, 44, 3, 2, 5, 5, 1, 2, 2, 1, 5, 1, 1, 1, 1, 5, 2, 43, 44, 44, 3, 4, 5, 5, 1, 2, 1, 3, 4, 3, 5, 4, 4, 4, 4, 4, 1, 
22: 0, 4, 44, 0, 2, 0, 0, 0, 0, 0, 0, 4, 0, 3, 0, 42, 4, 0, 0, 0, 0, 3, 42, 1, 1, 3, 0, 0, 4, 1, 3, 0, 0, 0, 1, 0, 1, 5, 0, 1, 5, 42, 42, 0, 0, 5, 0, 0, 0, 43, 3, 0, 41, 0, 5, 2, 0, 5, 0, 0, 0, 1, 4, 3, 2, 0, 0, 0, 1, 4, 0, 0, 3, 44, 0, 0, 0, 1, 1, 3, : 4, 44, 2, 4, 3, 42, 4, 3, 42, 1, 1, 3, 4, 1, 3, 1, 1, 5, 1, 5, 42, 42, 5, 43, 3, 41, 5, 2, 5, 1, 4, 3, 2, 1, 4, 3, 44, 1, 1, 3, 
20: 0, 3, 5, 0, 1, 3, 3, 42, 5, 0, 0, 0, 0, 2, 2, 5, 0, 0, 3, 0, 0, 0, 0, 5, 0, 0, 1, 3, 5, 2, 4, 0, 0, 3, 5, 0, 5, 0, 0, 0, 1, 0, 42, 1, 4, 0, 43, 0, 42, 44, 4, 5, 0, 0, 0, 0, 0, 0, 0, 0, 0, 1, 4, 3, 4, 3, 0, 0, 4, 0, 0, 5, 3, 3, 43, 0, 0, 5, 0, 0, : 3, 5, 1, 3, 3, 42, 5, 2, 2, 5, 3, 5, 1, 3, 5, 2, 4, 3, 5, 5, 1, 42, 1, 4, 43, 42, 44, 4, 5, 1, 4, 3, 4, 3, 4, 5, 3, 3, 43, 5, 
51: 0, 0, 0, 0, 5, 0, 0, 41, 0, 0, 0, 0, 2, 0, 0, 3, 5, 42, 41, 0, 0, 2, 5, 0, 42, 0, 0, 3, 0, 0, 0, 0, 5, 5, 0, 0, 3, 0, 2, 0, 0, 0, 0, 5, 0, 0, 5, 0, 0, 5, 5, 0, 3, 2, 4, 0, 0, 0, 5, 0, 0, 2, 4, 0, 0, 4, 0, 0, 4, 5, 0, 1, 4, 1, 2, 0, 3, 0, 0, 0, : 5, 41, 2, 3, 5, 42, 41, 2, 5, 42, 3, 5, 5, 3, 2, 5, 5, 5, 5, 3, 2, 4, 5, 2, 4, 4, 4, 5, 1, 4, 1, 2, 3, 
19: 0, 4, 0, 0, 5, 0, 2, 0, 2, 3, 0, 0, 0, 0, 0, 0, 0, 4, 0, 0, 0, 1, 0, 0, 3, 0, 0, 4, 0, 3, 0, 0, 0, 0, 4, 1, 0, 0, 0, 0, 4, 0, 0, 2, 0, 0, 0, 44, 2, 5, 1, 5, 4, 5, 4, 4, 0, 0, 0, 4, 0, 40, 4, 4, 0, 0, 0, 0, 44, 3, 0, 1, 0, 0, 41, 0, 1, 3, 4, 2, : 4, 5, 2, 2, 3, 4, 1, 3, 4, 3, 4, 1, 4, 2, 44, 2, 5, 1, 5, 4, 5, 4, 4, 4, 40, 4, 4, 44, 3, 1, 41, 1, 3, 4, 2, 
57: 0, 4, 0, 2, 0, 2, 0, 0, 5, 1, 0, 1, 0, 1, 0, 0, 4, 5, 0, 0, 3, 0, 0, 4, 1, 0, 0, 3, 4, 1, 0, 0, 0, 3, 0, 3, 3, 44, 0, 0, 4, 0, 0, 2, 0, 0, 0, 0, 0, 1, 5, 40, 0, 1, 1, 5, 0, 0, 0, 1, 0, 1, 3, 2, 0, 3, 0, 2, 0, 0, 0, 5, 0, 2, 3, 3, 0, 5, 5, 4, : 4, 2, 2, 5, 1, 1, 1, 4, 5, 3, 4, 1, 3, 4, 1, 3, 3, 3, 44, 4, 2, 1, 5, 40, 1, 1, 5, 1, 1, 3, 2, 3, 2, 5, 2, 3, 3, 5, 5, 4, 
41: 1, 0, 3, 41, 0, 3, 0, 0, 1, 0, 0, 0, 0, 0, 0, 43, 2, 0, 2, 1, 3, 0, 0, 0, 2, 43, 0, 5, 4, 0, 44, 0, 44, 5, 0, 3, 43, 0, 3, 2, 0, 0, 1, 0, 5, 0, 0, 0, 0, 3, 2, 4, 0, 2, 4, 2, 0, 0, 0, 2, 0, 0, 0, 5, 0, 2, 0, 0, 2, 2, 0, 0, 1, 0, 0, 0, 40, 3, 0, 4, : 1, 3, 41, 3, 1, 43, 2, 2, 1, 3, 2, 43, 5, 4, 44, 44, 5, 3, 43, 3, 2, 1, 5, 3, 2, 4, 2, 4, 2, 2, 5, 2, 2, 2, 1, 40, 3, 4, 
26: 42, 0, 4, 1, 0, 40, 0, 0, 2, 0, 3, 2, 40, 0, 0, 1, 0, 0, 0, 2, 1, 4, 44, 3, 0, 0, 0, 1, 2, 44, 4, 41, 0, 40, 4, 44, 0, 2, 4, 0, 0, 0, 0, 5, 0, 0, 4, 4, 4, 40, 4, 5, 0, 0, 2, 5, 0, 0, 0, 5, 0, 4, 3, 0, 0, 0, 0, 0, 1, 2, 42, 1, 0, 4, 0, 0, 40, 1, 0, 1, : 42, 4, 1, 40, 2, 3, 2, 40, 1, 2, 1, 4, 44, 3, 1, 2, 44, 4, 41, 40, 4, 44, 2, 4, 5, 4, 4, 4, 40, 4, 5, 2, 5, 5, 4, 3, 1, 2, 42, 1, 4, 40, 1, 1, 
55: 0, 0, 0, 0, 5, 2, 44, 2, 0, 0, 0, 0, 2, 0, 2, 1, 1, 43, 0, 2, 0, 2, 5, 0, 0, 1, 41, 3, 2, 0, 0, 0, 0, 0, 0, 42, 0, 5, 5, 0, 4, 0, 0, 4, 0, 0, 3, 5, 1, 0, 0, 3, 4, 5, 5, 1, 0, 0, 1, 0, 1, 2, 3, 5, 2, 4, 0, 43, 0, 0, 0, 0, 1, 0, 0, 0, 0, 4, 44, 0, : 5, 2, 44, 2, 2, 2, 1, 1, 43, 2, 2, 5, 1, 41, 3, 2, 42, 5, 5, 4, 4, 3, 5, 1, 3, 4, 5, 5, 1, 1, 1, 2, 3, 5, 2, 4, 43, 1, 4, 44, 
37: 0, 0, 0, 5, 5, 4, 1, 0, 0, 0, 0, 2, 3, 0, 2, 0, 0, 0, 0, 2, 0, 1, 2, 0, 3, 3, 1, 0, 4, 1, 0, 0, 44, 0, 2, 0, 0, 0, 4, 0, 0, 0, 0, 0, 2, 0, 0, 0, 5, 1, 0, 0, 0, 41, 0, 4, 3, 0, 1, 3, 0, 3, 4, 1, 0, 5, 0, 1, 0, 0, 0, 0, 5, 1, 0, 0, 41, 5, 5, 0, : 5, 5, 4, 1, 2, 3, 2, 2, 1, 2, 3, 3, 1, 4, 1, 44, 2, 4, 2, 5, 1, 41, 4, 3, 1, 3, 3, 4, 1, 5, 1, 5, 1, 41, 5, 5, 
29: 0, 0, 42, 0, 3, 0, 0, 0, 0, 40, 0, 3, 0, 0, 0, 4, 0, 0, 2, 44, 1, 0, 0, 4, 2, 1, 0, 0, 1, 4, 0, 0, 44, 3, 0, 43, 0, 0, 4, 43, 0, 0, 0, 4, 0, 2, 0, 0, 4, 0, 2, 3, 1, 0, 3, 0, 0, 0, 41, 0, 1, 2, 2, 4, 4, 0, 0, 5, 0, 1, 0, 0, 3, 0, 0, 0, 0, 2, 5, 0, : 42, 3, 40, 3, 4, 2, 44, 1, 4, 2, 1, 1, 4, 44, 3, 43, 4, 43, 4, 2, 4, 2, 3, 1, 3, 41, 1, 2, 2, 4, 4, 5, 1, 3, 2, 5, 
80: 0, 0, 2, 0, 5, 0, 5, 0, 3, 0, 0, 2, 1, 5, 0, 0, 0, 0, 0, 44, 4, 0, 5, 2, 2, 3, 0, 41, 0, 42, 2, 2, 1, 0, 0, 0, 0, 0, 0, 1, 0, 3, 0, 3, 0, 0, 3, 0, 5, 0, 1, 0, 0, 0, 1, 0, 0, 42, 1, 4, 43, 3, 1, 5, 2, 0, 42, 0, 0, 0, 3, 1, 5, 3, 0, 0, 0, 0, 0, 43, : 2, 5, 5, 3, 2, 1, 5, 44, 4, 5, 2, 2, 3, 41, 42, 2, 2, 1, 1, 3, 3, 3, 5, 1, 1, 42, 1, 4, 43, 3, 1, 5, 2, 42, 3, 1, 5, 3, 43, 
28: 0, 0, 0, 5, 3, 0, 4, 0, 0, 0, 43, 4, 0, 2, 0, 3, 0, 1, 0, 5, 0, 4, 44, 1, 3, 0, 0, 2, 42, 5, 0, 0, 0, 4, 0, 0, 1, 0, 41, 5, 2, 0, 0, 0, 0, 1, 0, 1, 5, 0, 4, 2, 0, 0, 5, 5, 1, 0, 0, 1, 1, 0, 5, 5, 0, 0, 2, 0, 0, 3, 40, 0, 0, 1, 0, 0, 0, 0, 0, 1, : 5, 3, 4, 43, 4, 2, 3, 1, 5, 4, 44, 1, 3, 2, 42, 5, 4, 1, 41, 5, 2, 1, 1, 5, 4, 2, 5, 5, 1, 1, 1, 5, 5, 2, 3, 40, 1, 1, 
58: 0, 41, 0, 0, 4, 2, 0, 0, 44, 2, 0, 3, 0, 0, 43, 0, 3, 3, 2, 1, 3, 1, 0, 1, 0, 0, 3, 3, 0, 3, 5, 0, 0, 1, 0, 0, 0, 0, 1, 2, 0, 3, 0, 3, 0, 2, 0, 4, 0, 0, 5, 0, 0, 0, 0, 0, 0, 3, 5, 0, 4, 4, 3, 1, 2, 0, 0, 2, 0, 0, 0, 2, 5, 2, 0, 0, 4, 4, 3, 2, : 41, 4, 2, 44, 2, 3, 43, 3, 3, 2, 1, 3, 1, 1, 3, 3, 3, 5, 1, 1, 2, 3, 3, 2, 4, 5, 3, 5, 4, 4, 3, 1, 2, 2, 2, 5, 2, 4, 4, 3, 2, 
48: 1, 0, 0, 0, 43, 0, 1, 0, 44, 0, 0, 0, 1, 0, 0, 2, 4, 0, 3, 0, 0, 0, 0, 0, 3, 2, 0, 1, 0, 0, 0, 0, 0, 3, 0, 5, 3, 0, 4, 0, 4, 1, 1, 0, 1, 0, 0, 5, 0, 2, 1, 0, 0, 0, 42, 3, 0, 4, 0, 43, 0, 4, 2, 5, 0, 0, 40, 2, 1, 0, 0, 3, 1, 0, 5, 2, 0, 5, 5, 0, : 1, 43, 1, 44, 1, 2, 4, 3, 3, 2, 1, 3, 5, 3, 4, 4, 1, 1, 1, 5, 2, 1, 42, 3, 4, 43, 4, 2, 5, 40, 2, 1, 3, 1, 5, 2, 5, 5, 
34: 0, 2, 0, 0, 4, 1, 0, 0, 0, 1, 0, 0, 5, 5, 0, 5, 2, 0, 0, 0, 0, 4, 0, 0, 0, 0, 0, 0, 0, 5, 1, 2, 0, 0, 2, 0, 0, 0, 5, 0, 5, 0, 0, 1, 5, 0, 5, 4, 0, 0, 4, 0, 1, 0, 5, 0, 3, 4, 0, 2, 0, 3, 40, 5, 2, 4, 0, 4, 0, 0, 5, 4, 0, 1, 0, 5, 0, 5, 2, 1, : 2, 4, 1, 1, 5, 5, 5, 2, 4, 5, 1, 2, 2, 5, 5, 1, 5, 5, 4, 4, 1, 5, 3, 4, 2, 3, 40, 5, 2, 4, 4, 5, 4, 1, 5, 5, 2, 1, 
27: 0, 0, 0, 2, 1, 3, 1, 1, 3, 0, 0, 0, 43, 40, 42, 5, 0, 0, 0, 0, 40, 0, 0, 5, 4, 0, 0, 0, 0, 0, 0, 0, 0, 5, 0, 0, 0, 3, 2, 0, 0, 0, 3, 4, 2, 0, 2, 0, 2, 5, 0, 0, 0, 0, 4, 0, 4, 0, 3, 0, 0, 3, 5, 2, 0, 0, 0, 41, 0, 0, 0, 4, 41, 1, 0, 3, 0, 1, 0, 3, : 2, 1, 3, 1, 1, 3, 43, 40, 42, 5, 40, 5, 4, 5, 3, 2, 3, 4, 2, 2, 2, 5, 4, 4, 3, 3, 5, 2, 41, 4, 41, 1, 3, 1, 3, 
66: 0, 3, 0, 2, 43, 0, 0, 0, 0, 4, 0, 0, 1, 2, 0, 3, 0, 0, 0, 0, 5, 1, 0, 5, 0, 0, 5, 5, 0, 1, 1, 42, 0, 43, 3, 0, 0, 0, 5, 0, 3, 0, 3, 4, 0, 3, 3, 0, 4, 0, 4, 1, 3, 0, 3, 0, 4, 0, 0, 0, 5, 3, 2, 43, 0, 3, 5, 0, 2, 1, 42, 0, 1, 5, 0, 0, 0, 5, 0, 5, : 3, 2, 43, 4, 1, 2, 3, 5, 1, 5, 5, 5, 1, 1, 42, 43, 3, 5, 3, 3, 4, 3, 3, 4, 4, 1, 3, 3, 4, 5, 3, 2, 43, 3, 5, 2, 1, 42, 1, 5, 5, 5, 
31: 0, 0, 0, 40, 0, 1, 5, 5, 5, 0, 0, 5, 4, 0, 0, 2, 0, 0, 0, 2, 0, 0, 0, 0, 0, 1, 1, 0, 3, 5, 2, 5, 0, 4, 2, 0, 3, 1, 0, 0, 5, 4, 0, 0, 0, 0, 3, 3, 1, 0, 0, 40, 5, 4, 3, 0, 4, 0, 0, 0, 2, 0, 1, 0, 3, 0, 0, 0, 4, 0, 0, 0, 0, 5, 4, 0, 0, 0, 0, 0, : 40, 1, 5, 5, 5, 5, 4, 2, 2, 1, 1, 3, 5, 2, 5, 4, 2, 3, 1, 5, 4, 3, 3, 1, 40, 5, 4, 3, 4, 2, 1, 3, 4, 5, 4, 
79: 0, 0, 0, 0, 0, 0, 0, 43, 0, 0, 0, 0, 0, 0, 1, 0, 5, 1, 0, 0, 40, 2, 1, 3, 1, 3, 0, 0, 3, 0, 0, 0, 0, 0, 0, 0, 3, 0, 3, 2, 3, 0, 1, 3, 5, 0, 0, 0, 2, 4, 4, 0, 44, 0, 0, 1, 3, 0, 1, 0, 0, 1, 2, 0, 3, 4, 0, 0, 3, 3, 3, 0, 0, 41, 0, 0, 0, 1, 0, 0, : 43, 1, 5, 1, 40, 2, 1, 3, 1, 3, 3, 3, 3, 2, 3, 1, 3, 5, 2, 4, 4, 44, 1, 3, 1, 1, 2, 3, 4, 3, 3, 3, 41, 1, 
13: 5, 41, 1, 0, 5, 0, 2, 0, 0, 40, 2, 43, 5, 3, 2, 4, 0, 0, 5, 0, 0, 0, 0, 43, 5, 4, 2, 4, 0, 4, 0, 2, 0, 3, 0, 0, 4, 0, 0, 0, 3, 0, 5, 1, 0, 1, 5, 0, 0, 0, 44, 43, 3, 0, 4, 4, 40, 44, 4, 4, 0, 2, 2, 2, 41, 0, 0, 0, 4, 0, 0, 4, 2, 0, 0, 5, 0, 3, 2, 1, : 5, 41, 1, 5, 2, 40, 2, 43, 5, 3, 2, 4, 5, 43, 5, 4, 2, 4, 4, 2, 3, 4, 3, 5, 1, 1, 5, 44, 43, 3, 4, 4, 40, 44, 4, 4, 2, 2, 2, 41, 4, 4, 2, 5, 3, 2, 1, 
39: 0, 4, 0, 40, 1, 41, 0, 3, 3, 0, 0, 0, 3, 0, 0, 2, 0, 0, 0, 0, 0, 0, 0, 44, 0, 0, 2, 0, 43, 5, 2, 2, 0, 4, 2, 3, 40, 5, 3, 0, 4, 3, 0, 0, 0, 0, 0, 0, 1, 4, 5, 1, 0, 0, 0, 0, 5, 1, 0, 0, 2, 1, 1, 0, 5, 0, 0, 0, 0, 5, 0, 0, 5, 5, 0, 0, 0, 1, 0, 3, : 4, 40, 1, 41, 3, 3, 3, 2, 44, 2, 43, 5, 2, 2, 4, 2, 3, 40, 5, 3, 4, 3, 1, 4, 5, 1, 5, 1, 2, 1, 1, 5, 5, 5, 5, 1, 3, 
50: 0, 0, 0, 3, 0, 5, 0, 0, 0, 1, 0, 0, 3, 0, 2, 0, 1, 0, 1, 42, 2, 5, 2, 0, 2, 0, 4, 3, 3, 0, 0, 2, 5, 3, 0, 0, 0, 3, 3, 5, 5, 0, 0, 0, 0, 0, 3, 0, 4, 3, 0, 0, 0, 0, 0, 0, 2, 4, 3, 1, 2, 4, 3, 42, 5, 0, 0, 0, 3, 0, 0, 3, 5, 0, 0, 41, 0, 0, 4, 0, : 3, 5, 1, 3, 2, 1, 1, 42, 2, 5, 2, 2, 4, 3, 3, 2, 5, 3, 3, 3, 5, 5, 3, 4, 3, 2, 4, 3, 1, 2, 4, 3, 42, 5, 3, 3, 5, 41, 4, 
54: 2, 0, 0, 3, 5, 4, 0, 5, 3, 1, 0, 1, 2, 4, 0, 1, 0, 0, 1, 0, 0, 4, 0, 5, 0, 43, 0, 3, 0, 2, 0, 3, 0, 0, 0, 1, 0, 3, 0, 0, 1, 3, 43, 5, 0, 0, 0, 0, 1, 0, 2, 0, 0, 0, 1, 0, 2, 42, 2, 1, 2, 5, 2, 0, 0, 1, 0, 1, 1, 1, 3, 3, 0, 0, 0, 0, 43, 2, 2, 3, : 2, 3, 5, 4, 5, 3, 1, 1, 2, 4, 1, 1, 4, 5, 43, 3, 2, 3, 1, 3, 1, 3, 43, 5, 1, 2, 1, 2, 42, 2, 1, 2, 5, 2, 1, 1, 1, 1, 3, 3, 43, 2, 2, 3, 
14: 2, 0, 0, 2, 3, 0, 0, 0, 0, 0, 0, 3, 0, 3, 1, 0, 4, 0, 5, 0, 3, 1, 1, 0, 3, 3, 5, 1, 0, 4, 4, 0, 0, 0, 2, 0, 0, 43, 0, 0, 2, 0, 0, 0, 0, 0, 4, 5, 0, 0, 3, 0, 0, 2, 5, 0, 0, 0, 0, 0, 1, 2, 4, 0, 0, 0, 0, 0, 0, 3, 3, 0, 1, 43, 0, 1, 0, 0, 0, 2, : 2, 2, 3, 3, 3, 1, 4, 5, 3, 1, 1, 3, 3, 5, 1, 4, 4, 2, 43, 2, 4, 5, 3, 2, 5, 1, 2, 4, 3, 3, 1, 43, 1, 2, 
21: 2, 0, 0, 0, 3, 4, 0, 0, 2, 0, 41, 0, 0, 1, 0, 4, 0, 0, 0, 0, 0, 0, 3, 0, 4, 0, 4, 5, 0, 0, 0, 0, 0, 1, 3, 0, 0, 0, 4, 5, 2, 0, 0, 3, 2, 4, 0, 0, 4, 2, 40, 0, 0, 40, 1, 0, 4, 5, 4, 5, 1, 1, 2, 3, 3, 0, 0, 40, 2, 5, 0, 4, 0, 2, 0, 3, 0, 3, 0, 2, : 2, 3, 4, 2, 41, 1, 4, 3, 4, 4, 5, 1, 3, 4, 5, 2, 3, 2, 4, 4, 2, 40, 40, 1, 4, 5, 4, 5, 1, 1, 2, 3, 3, 40, 2, 5, 4, 2, 3, 3, 2, 
40: 40, 2, 0, 2, 3, 0, 0, 0, 0, 0, 0, 0, 0, 0, 5, 40, 0, 1, 3, 0, 4, 0, 0, 0, 0, 2, 0, 0, 0, 0, 0, 0, 0, 0, 0, 0, 5, 4, 5, 5, 2, 1, 5, 2, 2, 1, 3, 0, 0, 0, 2, 0, 0, 4, 43, 0, 4, 0, 2, 1, 44, 2, 1, 2, 5, 3, 1, 1, 1, 3, 0, 5, 0, 0, 0, 0, 0, 0, 2, 0, : 40, 2, 2, 3, 5, 40, 1, 3, 4, 2, 5, 4, 5, 5, 2, 1, 5, 2, 2, 1, 3, 2, 4, 43, 4, 2, 1, 44, 2, 1, 2, 5, 3, 1, 1, 1, 3, 5, 2, 
25: 2, 0, 5, 0, 42, 0, 5, 0, 0, 0, 2, 0, 0, 2, 0, 0, 4, 0, 41, 5, 0, 4, 41, 0, 0, 2, 5, 1, 0, 0, 0, 0, 0, 2, 0, 0, 0, 0, 0, 0, 3, 0, 3, 0, 0, 3, 0, 0, 0, 1, 5, 4, 2, 3, 2, 0, 5, 0, 0, 0, 0, 4, 0, 5, 0, 0, 44, 3, 2, 4, 5, 2, 0, 1, 1, 0, 0, 0, 0, 3, : 2, 5, 42, 5, 2, 2, 4, 41, 5, 4, 41, 2, 5, 1, 2, 3, 3, 3, 1, 5, 4, 2, 3, 2, 5, 4, 5, 44, 3, 2, 4, 5, 2, 1, 1, 3, 
56: 3, 0, 0, 5, 0, 40, 0, 2, 0, 4, 0, 2, 42, 1, 3, 3, 0, 5, 4, 1, 0, 0, 1, 0, 0, 0, 40, 5, 0, 2, 0, 3, 1, 4, 0, 0, 3, 1, 4, 0, 0, 0, 0, 41, 4, 3, 5, 0, 0, 0, 0, 0, 0, 0, 0, 40, 5, 0, 0, 4, 0, 0, 1, 44, 43, 0, 0, 0, 4, 3, 0, 40, 5, 3, 0, 0, 43, 2, 0, 2, : 3, 5, 40, 2, 4, 2, 42, 1, 3, 3, 5, 4, 1, 1, 40, 5, 2, 3, 1, 4, 3, 1, 4, 41, 4, 3, 5, 40, 5, 4, 1, 44, 43, 4, 3, 40, 5, 3, 43, 2, 2, 
12: 0, 4, 5, 0, 1, 0, 0, 5, 0, 44, 2, 2, 0, 0, 5, 0, 0, 44, 0, 42, 0, 5, 0, 0, 5, 0, 0, 0, 2, 5, 0, 3, 0, 0, 0, 0, 3, 0, 5, 0, 5, 0, 0, 0, 0, 1, 5, 0, 5, 43, 2, 2, 1, 2, 1, 0, 3, 0, 0, 5, 0, 4, 2, 2, 0, 0, 0, 1, 4, 0, 0, 1, 1, 1, 0, 1, 0, 0, 0, 0, : 4, 5, 1, 5, 44, 2, 2, 5, 44, 42, 5, 5, 2, 5, 3, 3, 5, 5, 1, 5, 5, 43, 2, 2, 1, 2, 1, 3, 5, 4, 2, 2, 1, 4, 1, 1, 1, 1, 
23: 0, 1, 2, 0, 0, 0, 1, 0, 0, 3, 5, 4, 0, 0, 0, 2, 0, 0, 0, 0, 3, 3, 0, 1, 0, 2, 44, 4, 3, 0, 0, 0, 5, 4, 0, 0, 43, 0, 0, 0, 5, 0, 0, 3, 4, 1, 5, 0, 43, 2, 1, 0, 0, 0, 2, 0, 1, 0, 3, 44, 2, 5, 2, 2, 0, 0, 0, 3, 40, 4, 0, 0, 1, 0, 5, 3, 3, 2, 0, 1, : 1, 2, 1, 3, 5, 4, 2, 3, 3, 1, 2, 44, 4, 3, 5, 4, 43, 5, 3, 4, 1, 5, 43, 2, 1, 2, 1, 3, 44, 2, 5, 2, 2, 3, 40, 4, 1, 5, 3, 3, 2, 1, 
45: 44, 3, 42, 0, 4, 42, 0, 2, 4, 0, 0, 0, 0, 3, 2, 3, 4, 3, 4, 3, 0, 0, 3, 0, 0, 1, 5, 0, 0, 0, 4, 0, 5, 0, 0, 2, 0, 5, 0, 0, 1, 0, 0, 0, 1, 1, 0, 0, 43, 0, 0, 2, 2, 4, 3, 0, 1, 0, 4, 1, 3, 40, 4, 3, 0, 1, 0, 5, 0, 1, 44, 0, 40, 2, 0, 0, 0, 0, 0, 5, : 44, 3, 42, 4, 42, 2, 4, 3, 2, 3, 4, 3, 4, 3, 3, 1, 5, 4, 5, 2, 5, 1, 1, 1, 43, 2, 2, 4, 3, 1, 4, 1, 3, 40, 4, 3, 1, 5, 1, 44, 40, 2, 5, 
11: 0, 0, 0, 0, 5, 0, 4, 3, 1, 0, 3, 0, 2, 0, 2, 2, 0, 5, 41, 0, 4, 2, 0, 5, 0, 0, 0, 2, 0, 0, 0, 0, 0, 1, 4, 0, 0, 0, 4, 0, 5, 0, 3, 42, 0, 2, 1, 0, 0, 2, 0, 0, 1, 4, 5, 1, 0, 0, 44, 0, 0, 4, 0, 2, 0, 42, 0, 0, 0, 2, 1, 1, 0, 1, 44, 0, 0, 2, 4, 5, : 5, 4, 3, 1, 3, 2, 2, 2, 5, 41, 4, 2, 5, 2, 1, 4, 4, 5, 3, 42, 2, 1, 2, 1, 4, 5, 1, 44, 4, 2, 42, 2, 1, 1, 1, 44, 2, 4, 5, 
47: 2, 0, 0, 0, 2, 43, 0, 3, 0, 0, 43, 1, 1, 0, 3, 1, 0, 3, 42, 0, 0, 5, 0, 0, 5, 0, 2, 4, 4, 0, 42, 0, 0, 2, 0, 1, 1, 4, 0, 0, 0, 5, 4, 0, 0, 1, 4, 0, 0, 2, 5, 3, 40, 4, 5, 2, 1, 0, 0, 1, 0, 1, 41, 0, 1, 5, 0, 3, 0, 4, 0, 4, 0, 1, 0, 0, 41, 0, 3, 1, : 2, 2, 43, 3, 43, 1, 1, 3, 1, 3, 42, 5, 5, 2, 4, 4, 42, 2, 1, 1, 4, 5, 4, 1, 4, 2, 5, 3, 40, 4, 5, 2, 1, 1, 1, 41, 1, 5, 3, 4, 4, 1, 41, 3, 1, 
69: 0, 5, 0, 0, 2, 4, 0, 0, 3, 0, 0, 1, 0, 4, 0, 1, 5, 0, 0, 0, 0, 3, 0, 1, 5, 2, 1, 4, 1, 3, 0, 5, 0, 5, 40, 0, 41, 0, 4, 1, 0, 0, 5, 2, 0, 5, 0, 5, 0, 4, 3, 0, 3, 0, 0, 2, 41, 0, 0, 40, 0, 3, 3, 5, 3, 5, 0, 0, 2, 0, 3, 2, 0, 2, 0, 0, 5, 3, 0, 4, : 5, 2, 4, 3, 1, 4, 1, 5, 3, 1, 5, 2, 1, 4, 1, 3, 5, 5, 40, 41, 4, 1, 5, 2, 5, 5, 4, 3, 3, 2, 41, 40, 3, 3, 5, 3, 5, 2, 3, 2, 2, 5, 3, 4, 
44: 43, 0, 0, 1, 3, 0, 4, 3, 1, 41, 1, 0, 0, 0, 3, 1, 0, 0, 0, 0, 0, 0, 2, 0, 0, 0, 0, 3, 0, 2, 3, 1, 0, 42, 40, 0, 0, 0, 3, 2, 0, 42, 3, 43, 42, 0, 0, 3, 0, 0, 2, 5, 4, 0, 0, 5, 4, 0, 1, 0, 41, 5, 3, 1, 0, 2, 0, 2, 4, 3, 0, 0, 0, 3, 0, 2, 4, 1, 0, 1, : 43, 1, 3, 4, 3, 1, 41, 1, 3, 1, 2, 3, 2, 3, 1, 42, 40, 3, 2, 42, 3, 43, 42, 3, 2, 5, 4, 5, 4, 1, 41, 5, 3, 1, 2, 2, 4, 3, 3, 2, 4, 1, 1, 
6: 0, 2, 0, 0, 3, 5, 0, 40, 0, 0, 0, 0, 0, 3, 0, 0, 4, 40, 0, 4, 0, 2, 40, 0, 0, 5, 0, 1, 0, 1, 0, 5, 0, 2, 44, 0, 0, 0, 4, 0, 0, 0, 0, 3, 0, 5, 4, 43, 0, 3, 0, 1, 2, 1, 2, 1, 0, 0, 0, 3, 0, 5, 3, 5, 0, 1, 0, 4, 3, 5, 0, 0, 3, 0, 2, 42, 0, 0, 3, 0, : 2, 3, 5, 40, 3, 4, 40, 4, 2, 40, 5, 1, 1, 5, 2, 44, 4, 3, 5, 4, 43, 3, 1, 2, 1, 2, 1, 3, 5, 3, 5, 1, 4, 3, 5, 3, 2, 42, 3, 
7: 2, 44, 0, 0, 0, 4, 3, 4, 3, 0, 0, 0, 2, 0, 0, 0, 0, 0, 0, 0, 0, 0, 0, 0, 0, 3, 5, 2, 4, 0, 3, 3, 1, 0, 0, 0, 3, 0, 0, 42, 0, 3, 5, 1, 5, 3, 0, 4, 0, 0, 0, 0, 0, 42, 2, 5, 0, 0, 0, 43, 0, 0, 2, 5, 0, 0, 0, 1, 0, 4, 0, 0, 0, 4, 1, 3, 0, 4, 0, 2, : 2, 44, 4, 3, 4, 3, 2, 3, 5, 2, 4, 3, 3, 1, 3, 42, 3, 5, 1, 5, 3, 4, 42, 2, 5, 43, 2, 5, 1, 4, 4, 1, 3, 4, 2, 
30: 0, 0, 0, 0, 3, 0, 5, 0, 3, 2, 0, 0, 0, 5, 0, 0, 0, 0, 0, 0, 0, 44, 1, 0, 4, 4, 5, 0, 0, 0, 2, 0, 0, 3, 0, 0, 0, 0, 0, 0, 0, 0, 0, 0, 0, 5, 5, 1, 42, 0, 0, 2, 4, 4, 2, 0, 4, 5, 2, 0, 2, 2, 4, 5, 0, 0, 0, 3, 3, 42, 0, 3, 1, 3, 2, 0, 0, 4, 0, 1, : 3, 5, 3, 2, 5, 44, 1, 4, 4, 5, 2, 3, 5, 5, 1, 42, 2, 4, 4, 2, 4, 5, 2, 2, 2, 4, 5, 3, 3, 42, 3, 1, 3, 2, 4, 1, 
73: 2, 5, 0, 43, 4, 1, 2, 0, 0, 0, 0, 0, 2, 0, 3, 2, 0, 0, 0, 2, 4, 4, 2, 5, 3, 0, 5, 0, 0, 4, 1, 0, 0, 4, 4, 0, 3, 0, 0, 3, 0, 5, 2, 0, 0, 1, 5, 0, 4, 0, 3, 0, 5, 2, 1, 0, 1, 0, 2, 0, 0, 2, 2, 3, 4, 1, 1, 0, 0, 5, 0, 1, 0, 4, 5, 2, 0, 1, 0, 3, : 2, 5, 43, 4, 1, 2, 2, 3, 2, 2, 4, 4, 2, 5, 3, 5, 4, 1, 4, 4, 3, 3, 5, 2, 1, 5, 4, 3, 5, 2, 1, 1, 2, 2, 2, 3, 4, 1, 1, 5, 1, 4, 5, 2, 1, 3, 
46: 43, 5, 0, 0, 1, 3, 3, 4, 1, 0, 0, 1, 4, 4, 4, 4, 4, 0, 1, 2, 0, 0, 0, 0, 0, 1, 43, 0, 3, 1, 0, 0, 41, 2, 4, 42, 1, 5, 0, 3, 0, 40, 4, 5, 0, 2, 2, 0, 0, 0, 5, 3, 5, 0, 3, 42, 2, 0, 5, 0, 3, 4, 5, 2, 0, 3, 0, 0, 1, 3, 0, 2, 0, 0, 0, 2, 0, 0, 0, 4, : 43, 5, 1, 3, 3, 4, 1, 1, 4, 4, 4, 4, 4, 1, 2, 1, 43, 3, 1, 41, 2, 4, 42, 1, 5, 3, 40, 4, 5, 2, 2, 5, 3, 5, 3, 42, 2, 5, 3, 4, 5, 2, 3, 1, 3, 2, 2, 4, 
64: 5, 5, 0, 3, 3, 1, 1, 0, 5, 0, 0, 1, 3, 0, 2, 2, 0, 0, 1, 1, 4, 1, 1, 0, 4, 42, 3, 0, 0, 2, 4, 0, 0, 0, 0, 5, 2, 0, 2, 0, 0, 0, 3, 0, 1, 2, 0, 0, 0, 0, 4, 0, 0, 5, 0, 0, 0, 41, 0, 1, 3, 2, 0, 1, 0, 0, 0, 3, 0, 0, 5, 2, 42, 2, 2, 4, 1, 3, 44, 0, : 5, 5, 3, 3, 1, 1, 5, 1, 3, 2, 2, 1, 1, 4, 1, 1, 4, 42, 3, 2, 4, 5, 2, 2, 3, 1, 2, 4, 5, 41, 1, 3, 2, 1, 3, 5, 2, 42, 2, 2, 4, 1, 3, 44, 


