
120
80
300
1

47: 2, 1, 2, 0, 1, 0, 5, 0, 0, 0, 0, 5, 4, 0, 3, 0, 1, 3, 3, 40, 44, 5, 0, 0, 1, 0, 0, 5, 0, 0, 0, 2, 0, 0, 0, 4, 0, 0, 44, 1, 4, 0, 44, 0, 4, 0, 0, 0, 2, 0, 40, 2, 0, 4, 0, 0, 0, 0, 0, 5, 0, 0, 0, 4, 1, 1, 0, 0, 0, 2, 44, 0, 0, 0, 4, 2, 0, 0, 4, 3, 0, 5, 0, 0, 0, 1, 0, 1, 0, 41, 0, 0, 41, 3, 2, 5, 0, 40, 1, 1, 0, 0, 2, 5, 4, 3, 0, 0, 3, 3, 40, 2, 0, 0, 1, 0, 4, 0, 4, 44, : 2, 1, 2, 1, 5, 5, 4, 3, 1, 3, 3, 40, 44, 5, 1, 5, 2, 4, 44, 1, 4, 44, 4, 2, 40, 2, 4, 5, 4, 1, 1, 2, 44, 4, 2, 4, 3, 5, 1, 1, 41, 41, 3, 2, 5, 40, 1, 1, 2, 5, 4, 3, 3, 3, 40, 2, 1, 4, 4, 44, 
57: 3, 0, 0, 1, 4, 1, 0, 0, 5, 2, 0, 5, 1, 0, 1, 41, 0, 0, 0, 0, 0, 3, 1, 1, 0, 42, 5, 0, 1, 1, 0, 1, 3, 0, 2, 0, 0, 0, 0, 4, 0, 0, 5, 0, 5, 3, 3, 0, 1, 0, 5, 3, 2, 0, 2, 0, 1, 5, 0, 0, 0, 0, 4, 3, 3, 4, 4, 0, 3, 0, 5, 2, 5, 0, 3, 3, 0, 1, 4, 4, 0, 4, 0, 4, 5, 0, 0, 1, 0, 0, 0, 0, 0, 5, 1, 0, 0, 0, 0, 0, 0, 0, 0, 0, 0, 0, 0, 5, 3, 0, 0, 5, 0, 4, 0, 0, 2, 0, 40, 0, : 3, 1, 4, 1, 5, 2, 5, 1, 1, 41, 3, 1, 1, 42, 5, 1, 1, 1, 3, 2, 4, 5, 5, 3, 3, 1, 5, 3, 2, 2, 1, 5, 4, 3, 3, 4, 4, 3, 5, 2, 5, 3, 3, 1, 4, 4, 4, 4, 5, 1, 5, 1, 5, 3, 5, 4, 2, 40, 
70: 0, 3, 0, 41, 1, 0, 0, 2, 5, 0, 0, 4, 0, 43, 3, 0, 41, 0, 40, 0, 1, 4, 4, 0, 1, 0, 0, 0, 5, 0, 5, 2, 1, 40, 40, 0, 5, 0, 0, 2, 3, 0, 0, 4, 0, 5, 0, 5, 0, 0, 1, 0, 4, 2, 0, 0, 0, 0, 2, 43, 0, 0, 0, 1, 5, 0, 0, 0, 5, 0, 0, 0, 0, 0, 2, 0, 5, 1, 0, 3, 0, 0, 2, 1, 0, 0, 3, 0, 0, 2, 0, 0, 0, 0, 1, 1, 5, 4, 2, 0, 2, 0, 0, 4, 0, 0, 0, 0, 0, 0, 0, 0, 5, 3, 0, 42, 2, 0, 0, 0, : 3, 41, 1, 2, 5, 4, 43, 3, 41, 40, 1, 4, 4, 1, 5, 5, 2, 1, 40, 40, 5, 2, 3, 4, 5, 5, 1, 4, 2, 2, 43, 1, 5, 5, 2, 5, 1, 3, 2, 1, 3, 2, 1, 1, 5, 4, 2, 2, 4, 5, 3, 42, 2, 
63: 5, 4, 3, 5, 43, 2, 0, 2, 4, 0, 1, 5, 0, 0, 1, 44, 0, 2, 3, 0, 0, 2, 0, 1, 0, 3, 0, 0, 3, 5, 2, 4, 0, 0, 42, 0, 5, 4, 3, 0, 3, 5, 1, 1, 1, 0, 0, 0, 0, 0, 2, 0, 0, 0, 0, 5, 0, 4, 5, 0, 0, 0, 5, 3, 1, 4, 3, 0, 44, 0, 0, 2, 0, 0, 0, 0, 0, 0, 1, 2, 3, 0, 1, 0, 5, 0, 0, 42, 0, 0, 0, 0, 5, 0, 1, 0, 0, 2, 4, 41, 5, 5, 0, 0, 0, 0, 0, 2, 0, 4, 0, 0, 0, 0, 0, 44, 1, 0, 0, 5, : 5, 4, 3, 5, 43, 2, 2, 4, 1, 5, 1, 44, 2, 3, 2, 1, 3, 3, 5, 2, 4, 42, 5, 4, 3, 3, 5, 1, 1, 1, 2, 5, 4, 5, 5, 3, 1, 4, 3, 44, 2, 1, 2, 3, 1, 5, 42, 5, 1, 2, 4, 41, 5, 5, 2, 4, 44, 1, 5, 
9: 1, 4, 0, 4, 0, 0, 43, 0, 4, 0, 0, 0, 0, 0, 0, 0, 0, 0, 0, 0, 43, 0, 43, 5, 0, 0, 2, 2, 4, 0, 0, 5, 0, 3, 3, 3, 0, 0, 0, 4, 5, 0, 0, 0, 44, 2, 3, 0, 2, 0, 1, 4, 0, 2, 0, 3, 0, 0, 0, 2, 3, 0, 0, 42, 4, 0, 0, 0, 0, 1, 0, 2, 42, 0, 0, 0, 0, 3, 0, 2, 0, 0, 0, 43, 3, 5, 5, 4, 0, 0, 41, 42, 0, 0, 1, 0, 2, 2, 3, 0, 0, 0, 0, 0, 4, 0, 0, 4, 0, 0, 0, 3, 0, 0, 0, 0, 2, 5, 0, 3, : 1, 4, 4, 43, 4, 43, 43, 5, 2, 2, 4, 5, 3, 3, 3, 4, 5, 44, 2, 3, 2, 1, 4, 2, 3, 2, 3, 42, 4, 1, 2, 42, 3, 2, 43, 3, 5, 5, 4, 41, 42, 1, 2, 2, 3, 4, 4, 3, 2, 5, 3, 
75: 0, 41, 0, 0, 2, 3, 1, 0, 0, 4, 2, 1, 0, 1, 0, 0, 1, 0, 5, 0, 0, 2, 0, 40, 0, 0, 0, 0, 1, 0, 1, 4, 0, 4, 3, 0, 4, 41, 0, 5, 4, 4, 0, 0, 0, 0, 0, 0, 5, 41, 0, 0, 0, 5, 2, 0, 5, 0, 0, 2, 0, 0, 5, 42, 0, 2, 1, 2, 0, 44, 0, 1, 0, 0, 3, 0, 0, 0, 0, 2, 0, 0, 0, 0, 0, 0, 0, 0, 0, 0, 0, 3, 0, 0, 0, 0, 1, 2, 0, 2, 42, 0, 3, 3, 0, 0, 3, 0, 2, 0, 4, 2, 1, 3, 0, 4, 2, 4, 1, 43, : 41, 2, 3, 1, 4, 2, 1, 1, 1, 5, 2, 40, 1, 1, 4, 4, 3, 4, 41, 5, 4, 4, 5, 41, 5, 2, 5, 2, 5, 42, 2, 1, 2, 44, 1, 3, 2, 3, 1, 2, 2, 42, 3, 3, 3, 2, 4, 2, 1, 3, 4, 2, 4, 1, 43, 
46: 0, 0, 0, 0, 0, 3, 4, 0, 1, 44, 5, 2, 44, 0, 1, 0, 4, 0, 0, 0, 4, 2, 0, 0, 2, 4, 5, 0, 3, 1, 0, 0, 0, 5, 4, 0, 4, 0, 1, 0, 4, 0, 0, 5, 0, 0, 0, 4, 1, 0, 0, 2, 3, 0, 0, 0, 3, 0, 0, 0, 0, 1, 0, 0, 0, 0, 2, 1, 0, 4, 2, 3, 0, 0, 2, 5, 41, 2, 4, 4, 0, 3, 5, 0, 3, 0, 5, 0, 0, 41, 0, 0, 4, 2, 3, 4, 0, 3, 0, 0, 2, 0, 0, 0, 0, 2, 5, 0, 0, 0, 1, 0, 0, 4, 0, 0, 1, 0, 0, 1, : 3, 4, 1, 44, 5, 2, 44, 1, 4, 4, 2, 2, 4, 5, 3, 1, 5, 4, 4, 1, 4, 5, 4, 1, 2, 3, 3, 1, 2, 1, 4, 2, 3, 2, 5, 41, 2, 4, 4, 3, 5, 3, 5, 41, 4, 2, 3, 4, 3, 2, 2, 5, 1, 4, 1, 1, 
71: 0, 0, 0, 2, 44, 2, 2, 2, 0, 41, 4, 4, 0, 4, 2, 2, 0, 0, 0, 0, 2, 0, 4, 2, 0, 0, 5, 0, 0, 0, 0, 0, 43, 0, 4, 0, 3, 0, 0, 4, 0, 1, 0, 2, 5, 0, 4, 2, 3, 0, 3, 4, 2, 43, 0, 2, 42, 5, 5, 4, 0, 0, 41, 0, 0, 0, 2, 0, 3, 4, 0, 0, 4, 2, 3, 0, 1, 2, 5, 0, 0, 3, 3, 1, 5, 5, 0, 43, 2, 0, 1, 2, 40, 0, 5, 2, 2, 3, 0, 0, 3, 4, 0, 4, 5, 4, 1, 0, 0, 0, 1, 0, 0, 0, 0, 0, 3, 0, 1, 0, : 2, 44, 2, 2, 2, 41, 4, 4, 4, 2, 2, 2, 4, 2, 5, 43, 4, 3, 4, 1, 2, 5, 4, 2, 3, 3, 4, 2, 43, 2, 42, 5, 5, 4, 41, 2, 3, 4, 4, 2, 3, 1, 2, 5, 3, 3, 1, 5, 5, 43, 2, 1, 2, 40, 5, 2, 2, 3, 3, 4, 4, 5, 4, 1, 1, 3, 1, 
49: 5, 5, 0, 5, 4, 0, 0, 0, 0, 4, 0, 2, 0, 3, 2, 0, 1, 4, 0, 5, 4, 1, 4, 0, 0, 0, 4, 0, 5, 3, 3, 0, 1, 0, 3, 3, 43, 0, 0, 0, 3, 1, 42, 40, 0, 0, 4, 0, 3, 2, 0, 0, 5, 0, 0, 2, 3, 0, 1, 0, 0, 0, 0, 0, 5, 3, 2, 3, 41, 0, 1, 0, 0, 0, 2, 0, 0, 2, 3, 2, 42, 1, 0, 5, 3, 42, 5, 0, 2, 2, 0, 3, 1, 0, 0, 3, 4, 0, 3, 3, 0, 2, 5, 5, 0, 0, 0, 1, 2, 1, 4, 0, 0, 4, 0, 2, 0, 0, 2, 2, : 5, 5, 5, 4, 4, 2, 3, 2, 1, 4, 5, 4, 1, 4, 4, 5, 3, 3, 1, 3, 3, 43, 3, 1, 42, 40, 4, 3, 2, 5, 2, 3, 1, 5, 3, 2, 3, 41, 1, 2, 2, 3, 2, 42, 1, 5, 3, 42, 5, 2, 2, 3, 1, 3, 4, 3, 3, 2, 5, 5, 1, 2, 1, 4, 4, 2, 2, 2, 
24: 0, 0, 0, 1, 0, 1, 0, 0, 0, 5, 0, 1, 2, 0, 0, 0, 0, 0, 4, 0, 3, 5, 0, 0, 4, 43, 0, 4, 3, 3, 3, 41, 1, 0, 5, 0, 1, 0, 1, 0, 2, 4, 0, 0, 0, 4, 0, 0, 43, 0, 0, 0, 0, 5, 0, 0, 4, 1, 4, 0, 0, 4, 40, 4, 0, 4, 1, 3, 1, 41, 0, 5, 40, 0, 2, 5, 42, 3, 5, 0, 1, 0, 0, 0, 1, 0, 0, 0, 5, 0, 0, 3, 0, 0, 0, 4, 0, 0, 5, 0, 4, 2, 0, 0, 1, 0, 0, 5, 4, 0, 0, 0, 0, 0, 0, 0, 0, 1, 4, 5, : 1, 1, 5, 1, 2, 4, 3, 5, 4, 43, 4, 3, 3, 3, 41, 1, 5, 1, 1, 2, 4, 4, 43, 5, 4, 1, 4, 4, 40, 4, 4, 1, 3, 1, 41, 5, 40, 2, 5, 42, 3, 5, 1, 1, 5, 3, 4, 5, 4, 2, 1, 5, 4, 1, 4, 5, 
68: 5, 0, 0, 5, 0, 0, 0, 0, 4, 4, 0, 2, 5, 2, 3, 3, 4, 0, 1, 0, 0, 4, 3, 0, 0, 0, 0, 4, 0, 0, 4, 1, 0, 0, 0, 0, 4, 0, 1, 3, 0, 0, 0, 0, 0, 1, 3, 0, 0, 2, 1, 5, 5, 2, 4, 0, 0, 4, 0, 5, 0, 0, 0, 0, 1, 0, 42, 5, 0, 4, 1, 1, 0, 1, 0, 5, 0, 2, 4, 5, 0, 0, 1, 0, 41, 44, 5, 2, 3, 2, 0, 3, 0, 0, 0, 2, 5, 1, 0, 0, 0, 0, 0, 0, 0, 0, 0, 0, 5, 0, 0, 0, 0, 0, 0, 0, 5, 0, 0, 0, : 5, 5, 4, 4, 2, 5, 2, 3, 3, 4, 1, 4, 3, 4, 4, 1, 4, 1, 3, 1, 3, 2, 1, 5, 5, 2, 4, 4, 5, 1, 42, 5, 4, 1, 1, 1, 5, 2, 4, 5, 1, 41, 44, 5, 2, 3, 2, 3, 2, 5, 1, 5, 5, 
45: 4, 0, 0, 5, 4, 0, 0, 0, 4, 3, 5, 0, 0, 4, 0, 0, 42, 2, 0, 3, 0, 4, 4, 41, 5, 0, 0, 3, 5, 2, 3, 0, 0, 0, 0, 0, 3, 4, 40, 0, 5, 0, 0, 2, 3, 0, 0, 0, 0, 0, 4, 5, 3, 1, 42, 0, 0, 0, 3, 0, 0, 5, 1, 0, 0, 0, 1, 1, 0, 1, 4, 3, 0, 0, 0, 0, 0, 0, 0, 0, 0, 3, 0, 0, 2, 44, 0, 0, 5, 4, 3, 1, 3, 5, 5, 0, 0, 0, 0, 42, 3, 42, 4, 0, 0, 4, 1, 0, 0, 3, 0, 0, 0, 4, 0, 1, 1, 4, 3, 0, : 4, 5, 4, 4, 3, 5, 4, 42, 2, 3, 4, 4, 41, 5, 3, 5, 2, 3, 3, 4, 40, 5, 2, 3, 4, 5, 3, 1, 42, 3, 5, 1, 1, 1, 1, 4, 3, 3, 2, 44, 5, 4, 3, 1, 3, 5, 5, 42, 3, 42, 4, 4, 1, 3, 4, 1, 1, 4, 3, 
50: 0, 5, 1, 0, 4, 0, 1, 0, 4, 3, 0, 1, 0, 0, 0, 0, 2, 5, 2, 0, 0, 0, 43, 2, 0, 0, 0, 0, 3, 42, 0, 0, 0, 0, 0, 0, 0, 0, 2, 0, 4, 2, 0, 1, 0, 0, 1, 44, 0, 0, 0, 3, 4, 0, 2, 44, 5, 0, 1, 2, 0, 2, 0, 2, 0, 0, 1, 5, 0, 0, 0, 0, 4, 4, 1, 2, 0, 0, 0, 2, 0, 0, 0, 0, 0, 0, 4, 5, 0, 0, 0, 3, 0, 4, 4, 5, 0, 0, 0, 1, 3, 0, 0, 5, 0, 1, 5, 0, 4, 0, 41, 0, 4, 3, 0, 2, 0, 0, 0, 4, : 5, 1, 4, 1, 4, 3, 1, 2, 5, 2, 43, 2, 3, 42, 2, 4, 2, 1, 1, 44, 3, 4, 2, 44, 5, 1, 2, 2, 2, 1, 5, 4, 4, 1, 2, 2, 4, 5, 3, 4, 4, 5, 1, 3, 5, 1, 5, 4, 41, 4, 3, 2, 4, 
35: 0, 0, 0, 40, 1, 0, 0, 5, 0, 5, 4, 5, 1, 5, 5, 0, 0, 0, 3, 1, 1, 0, 2, 0, 0, 0, 0, 0, 0, 5, 2, 2, 0, 0, 0, 0, 0, 5, 3, 42, 1, 1, 0, 5, 0, 5, 0, 5, 0, 5, 0, 40, 3, 3, 2, 0, 0, 5, 3, 0, 5, 0, 0, 4, 0, 0, 2, 0, 0, 3, 0, 3, 0, 3, 40, 2, 5, 1, 40, 1, 0, 0, 0, 0, 0, 5, 5, 0, 2, 4, 0, 0, 0, 0, 2, 40, 0, 0, 3, 0, 0, 0, 42, 1, 43, 0, 1, 41, 5, 0, 0, 5, 0, 0, 0, 2, 2, 41, 0, 3, : 40, 1, 5, 5, 4, 5, 1, 5, 5, 3, 1, 1, 2, 5, 2, 2, 5, 3, 42, 1, 1, 5, 5, 5, 5, 40, 3, 3, 2, 5, 3, 5, 4, 2, 3, 3, 3, 40, 2, 5, 1, 40, 1, 5, 5, 2, 4, 2, 40, 3, 42, 1, 43, 1, 41, 5, 5, 2, 2, 41, 3, 
32: 0, 0, 0, 4, 5, 0, 0, 44, 0, 5, 41, 4, 0, 4, 0, 0, 2, 0, 1, 4, 0, 0, 40, 3, 2, 0, 0, 5, 0, 4, 0, 4, 0, 2, 3, 2, 0, 1, 0, 1, 3, 0, 0, 43, 2, 0, 1, 0, 4, 5, 44, 3, 0, 3, 0, 0, 0, 0, 0, 0, 0, 4, 0, 0, 1, 1, 5, 0, 0, 0, 4, 42, 0, 2, 4, 3, 5, 0, 0, 2, 2, 0, 0, 1, 0, 0, 3, 5, 2, 2, 0, 0, 0, 0, 0, 0, 4, 0, 4, 0, 5, 0, 0, 1, 0, 0, 4, 0, 4, 1, 0, 0, 2, 0, 0, 1, 0, 1, 3, 3, : 4, 5, 44, 5, 41, 4, 4, 2, 1, 4, 40, 3, 2, 5, 4, 4, 2, 3, 2, 1, 1, 3, 43, 2, 1, 4, 5, 44, 3, 3, 4, 1, 1, 5, 4, 42, 2, 4, 3, 5, 2, 2, 1, 3, 5, 2, 2, 4, 4, 5, 1, 4, 4, 1, 2, 1, 1, 3, 3, 
56: 0, 5, 4, 0, 5, 1, 4, 0, 1, 3, 0, 1, 0, 1, 40, 2, 5, 3, 0, 0, 0, 3, 0, 0, 0, 0, 0, 0, 1, 1, 2, 0, 40, 0, 0, 3, 44, 3, 0, 0, 5, 0, 2, 0, 2, 3, 0, 5, 0, 0, 0, 0, 2, 0, 2, 0, 0, 5, 43, 0, 0, 0, 0, 1, 2, 0, 4, 41, 0, 0, 0, 4, 3, 0, 0, 0, 0, 0, 0, 0, 3, 0, 1, 2, 1, 0, 0, 2, 1, 0, 0, 1, 0, 0, 0, 0, 1, 0, 5, 0, 0, 5, 0, 0, 4, 5, 3, 4, 2, 0, 0, 0, 0, 1, 5, 1, 2, 0, 2, 0, : 5, 4, 5, 1, 4, 1, 3, 1, 1, 40, 2, 5, 3, 3, 1, 1, 2, 40, 3, 44, 3, 5, 2, 2, 3, 5, 2, 2, 5, 43, 1, 2, 4, 41, 4, 3, 3, 1, 2, 1, 2, 1, 1, 1, 5, 5, 4, 5, 3, 4, 2, 1, 5, 1, 2, 2, 
13: 4, 0, 0, 0, 0, 4, 5, 0, 0, 0, 0, 3, 0, 0, 0, 3, 0, 0, 1, 42, 4, 4, 0, 0, 3, 0, 4, 0, 1, 0, 1, 3, 0, 2, 1, 0, 0, 2, 0, 4, 4, 3, 41, 0, 4, 1, 0, 0, 2, 5, 4, 0, 0, 0, 0, 0, 0, 0, 3, 0, 0, 3, 0, 0, 3, 0, 2, 0, 0, 2, 1, 0, 3, 1, 5, 4, 0, 0, 0, 4, 2, 0, 43, 5, 1, 0, 0, 0, 0, 4, 0, 1, 2, 1, 2, 0, 5, 0, 4, 0, 0, 0, 0, 0, 0, 1, 0, 0, 4, 0, 0, 5, 0, 0, 4, 41, 5, 0, 0, 0, : 4, 4, 5, 3, 3, 1, 42, 4, 4, 3, 4, 1, 1, 3, 2, 1, 2, 4, 4, 3, 41, 4, 1, 2, 5, 4, 3, 3, 3, 2, 2, 1, 3, 1, 5, 4, 4, 2, 43, 5, 1, 4, 1, 2, 1, 2, 5, 4, 1, 4, 5, 4, 41, 5, 
4: 5, 0, 0, 0, 0, 0, 0, 0, 5, 3, 0, 4, 0, 0, 0, 0, 0, 2, 0, 40, 4, 0, 0, 4, 0, 0, 0, 3, 0, 43, 5, 5, 5, 1, 0, 3, 0, 5, 4, 4, 5, 0, 0, 0, 0, 1, 5, 4, 0, 5, 4, 2, 5, 0, 2, 0, 1, 2, 0, 3, 3, 43, 5, 0, 1, 3, 0, 1, 0, 0, 41, 4, 2, 1, 2, 1, 4, 0, 0, 5, 0, 1, 0, 42, 2, 2, 3, 0, 3, 0, 0, 0, 0, 40, 0, 3, 1, 5, 0, 0, 5, 1, 0, 0, 0, 3, 4, 3, 0, 4, 1, 2, 40, 0, 4, 0, 0, 2, 1, 3, : 5, 5, 3, 4, 2, 40, 4, 4, 3, 43, 5, 5, 5, 1, 3, 5, 4, 4, 5, 1, 5, 4, 5, 4, 2, 5, 2, 1, 2, 3, 3, 43, 5, 1, 3, 1, 41, 4, 2, 1, 2, 1, 4, 5, 1, 42, 2, 2, 3, 3, 40, 3, 1, 5, 5, 1, 3, 4, 3, 4, 1, 2, 40, 4, 2, 1, 3, 
39: 42, 4, 0, 0, 4, 1, 40, 0, 44, 4, 1, 4, 0, 3, 2, 2, 0, 0, 2, 0, 0, 0, 0, 0, 4, 40, 1, 0, 0, 2, 5, 0, 0, 0, 0, 40, 5, 0, 4, 1, 4, 0, 0, 0, 0, 44, 42, 1, 0, 5, 5, 5, 3, 0, 0, 5, 41, 0, 42, 0, 0, 41, 0, 0, 0, 0, 0, 2, 0, 3, 3, 1, 0, 3, 0, 2, 0, 0, 0, 41, 0, 4, 0, 0, 0, 0, 4, 5, 2, 0, 0, 1, 4, 0, 4, 0, 0, 0, 0, 0, 0, 4, 5, 3, 0, 0, 2, 1, 0, 0, 0, 4, 1, 0, 0, 0, 1, 5, 5, 0, : 42, 4, 4, 1, 40, 44, 4, 1, 4, 3, 2, 2, 2, 4, 40, 1, 2, 5, 40, 5, 4, 1, 4, 44, 42, 1, 5, 5, 5, 3, 5, 41, 42, 41, 2, 3, 3, 1, 3, 2, 41, 4, 4, 5, 2, 1, 4, 4, 4, 5, 3, 2, 1, 4, 1, 1, 5, 5, 
25: 1, 5, 0, 1, 4, 0, 5, 0, 0, 1, 2, 3, 0, 5, 0, 2, 1, 3, 5, 0, 0, 0, 0, 2, 0, 44, 4, 0, 0, 0, 0, 0, 0, 5, 1, 0, 5, 40, 4, 0, 2, 0, 1, 4, 0, 0, 44, 1, 5, 0, 0, 5, 0, 4, 0, 41, 0, 0, 1, 4, 0, 0, 0, 5, 0, 0, 0, 0, 0, 4, 0, 5, 0, 41, 4, 4, 0, 0, 5, 3, 0, 42, 4, 0, 0, 0, 0, 0, 5, 0, 0, 4, 40, 40, 44, 2, 1, 2, 1, 41, 1, 1, 1, 0, 0, 0, 4, 44, 0, 0, 0, 3, 1, 40, 2, 0, 1, 0, 3, 4, : 1, 5, 1, 4, 5, 1, 2, 3, 5, 2, 1, 3, 5, 2, 44, 4, 5, 1, 5, 40, 4, 2, 1, 4, 44, 1, 5, 5, 4, 41, 1, 4, 5, 4, 5, 41, 4, 4, 5, 3, 42, 4, 5, 4, 40, 40, 44, 2, 1, 2, 1, 41, 1, 1, 1, 4, 44, 3, 1, 40, 2, 1, 3, 4, 
62: 42, 0, 5, 0, 0, 3, 42, 0, 0, 3, 1, 0, 0, 4, 43, 4, 4, 3, 2, 40, 0, 2, 0, 0, 41, 0, 2, 0, 0, 0, 0, 3, 2, 2, 0, 0, 0, 0, 0, 0, 40, 0, 0, 0, 3, 0, 1, 3, 0, 1, 0, 5, 0, 0, 5, 5, 5, 0, 0, 5, 43, 0, 0, 0, 42, 1, 1, 5, 0, 5, 0, 1, 2, 2, 0, 0, 0, 0, 4, 3, 1, 0, 5, 2, 0, 3, 5, 3, 4, 0, 1, 4, 1, 0, 0, 4, 44, 4, 2, 0, 0, 44, 0, 0, 3, 5, 0, 5, 0, 1, 1, 0, 0, 4, 44, 0, 5, 0, 0, 4, : 42, 5, 3, 42, 3, 1, 4, 43, 4, 4, 3, 2, 40, 2, 41, 2, 3, 2, 2, 40, 3, 1, 3, 1, 5, 5, 5, 5, 5, 43, 42, 1, 1, 5, 5, 1, 2, 2, 4, 3, 1, 5, 2, 3, 5, 3, 4, 1, 4, 1, 4, 44, 4, 2, 44, 3, 5, 5, 1, 1, 4, 44, 5, 4, 
5: 0, 0, 0, 3, 0, 4, 0, 2, 0, 3, 43, 4, 0, 2, 1, 1, 4, 0, 40, 41, 5, 3, 0, 3, 1, 0, 3, 1, 0, 2, 5, 5, 0, 0, 0, 0, 3, 5, 0, 41, 4, 0, 2, 0, 41, 0, 2, 2, 0, 1, 0, 5, 0, 0, 0, 0, 3, 0, 1, 0, 4, 3, 0, 0, 0, 3, 4, 0, 0, 0, 0, 0, 4, 3, 3, 2, 0, 2, 1, 3, 0, 0, 0, 0, 0, 0, 1, 2, 0, 0, 0, 2, 0, 0, 0, 0, 0, 1, 2, 0, 3, 41, 1, 42, 1, 1, 0, 0, 3, 0, 0, 0, 0, 3, 0, 3, 3, 5, 4, 1, : 3, 4, 2, 3, 43, 4, 2, 1, 1, 4, 40, 41, 5, 3, 3, 1, 3, 1, 2, 5, 5, 3, 5, 41, 4, 2, 41, 2, 2, 1, 5, 3, 1, 4, 3, 3, 4, 4, 3, 3, 2, 2, 1, 3, 1, 2, 2, 1, 2, 3, 41, 1, 42, 1, 1, 3, 3, 3, 3, 5, 4, 1, 
27: 0, 0, 3, 4, 4, 4, 0, 0, 4, 4, 2, 0, 0, 0, 2, 0, 3, 0, 0, 2, 0, 0, 1, 1, 0, 0, 0, 0, 4, 0, 3, 5, 0, 41, 3, 0, 0, 1, 0, 5, 43, 40, 0, 0, 5, 1, 3, 0, 5, 0, 0, 0, 0, 5, 0, 4, 2, 5, 5, 0, 2, 0, 0, 1, 0, 0, 0, 0, 3, 4, 4, 0, 0, 1, 2, 43, 2, 0, 0, 0, 0, 0, 0, 1, 0, 4, 0, 2, 0, 3, 2, 2, 0, 0, 0, 2, 0, 1, 4, 0, 4, 3, 0, 2, 0, 43, 0, 4, 1, 4, 5, 5, 0, 0, 0, 0, 0, 0, 0, 1, : 3, 4, 4, 4, 4, 4, 2, 2, 3, 2, 1, 1, 4, 3, 5, 41, 3, 1, 5, 43, 40, 5, 1, 3, 5, 5, 4, 2, 5, 5, 2, 1, 3, 4, 4, 1, 2, 43, 2, 1, 4, 2, 3, 2, 2, 2, 1, 4, 4, 3, 2, 43, 4, 1, 4, 5, 5, 1, 
73: 0, 0, 0, 0, 5, 0, 0, 0, 40, 5, 0, 2, 40, 4, 1, 1, 0, 3, 0, 0, 0, 2, 43, 3, 5, 0, 0, 0, 2, 0, 2, 0, 5, 1, 0, 0, 1, 0, 2, 0, 5, 0, 0, 0, 5, 0, 0, 3, 5, 41, 4, 0, 0, 0, 2, 0, 5, 0, 5, 4, 0, 5, 43, 40, 0, 5, 5, 0, 0, 1, 4, 0, 0, 2, 0, 3, 0, 0, 0, 0, 0, 0, 0, 0, 2, 0, 0, 1, 1, 0, 2, 3, 3, 5, 3, 0, 0, 0, 0, 1, 0, 1, 1, 1, 4, 0, 5, 0, 5, 0, 0, 0, 0, 1, 5, 0, 1, 0, 1, 2, : 5, 40, 5, 2, 40, 4, 1, 1, 3, 2, 43, 3, 5, 2, 2, 5, 1, 1, 2, 5, 5, 3, 5, 41, 4, 2, 5, 5, 4, 5, 43, 40, 5, 5, 1, 4, 2, 3, 2, 1, 1, 2, 3, 3, 5, 3, 1, 1, 1, 1, 4, 5, 5, 1, 5, 1, 1, 2, 
51: 5, 0, 4, 4, 4, 0, 0, 2, 40, 3, 42, 3, 0, 3, 0, 0, 4, 43, 0, 5, 0, 1, 0, 0, 4, 0, 2, 0, 0, 0, 0, 2, 0, 3, 0, 0, 0, 1, 2, 4, 0, 0, 0, 2, 3, 4, 2, 4, 0, 4, 0, 0, 0, 0, 3, 0, 0, 0, 3, 0, 0, 0, 0, 0, 3, 2, 2, 1, 5, 0, 0, 42, 3, 40, 5, 0, 4, 0, 1, 1, 0, 0, 0, 4, 0, 0, 5, 2, 3, 0, 0, 1, 2, 3, 0, 0, 0, 0, 3, 1, 0, 42, 0, 0, 0, 2, 3, 0, 5, 2, 0, 0, 4, 1, 0, 1, 4, 5, 0, 44, : 5, 4, 4, 4, 2, 40, 3, 42, 3, 3, 4, 43, 5, 1, 4, 2, 2, 3, 1, 2, 4, 2, 3, 4, 2, 4, 4, 3, 3, 3, 2, 2, 1, 5, 42, 3, 40, 5, 4, 1, 1, 4, 5, 2, 3, 1, 2, 3, 3, 1, 42, 2, 3, 5, 2, 4, 1, 1, 4, 5, 44, 
80: 0, 4, 2, 0, 3, 4, 2, 40, 0, 2, 0, 5, 42, 1, 2, 1, 0, 40, 0, 0, 3, 5, 2, 0, 0, 0, 3, 0, 0, 0, 0, 40, 1, 0, 0, 1, 0, 0, 5, 4, 3, 0, 1, 44, 42, 0, 1, 5, 2, 0, 0, 0, 0, 0, 3, 5, 0, 2, 4, 0, 0, 0, 0, 0, 0, 0, 3, 42, 0, 3, 0, 0, 40, 1, 1, 5, 0, 4, 0, 3, 44, 1, 2, 2, 4, 4, 1, 1, 0, 0, 0, 1, 0, 0, 2, 3, 4, 2, 1, 42, 3, 0, 3, 43, 5, 1, 0, 0, 0, 2, 4, 0, 0, 0, 0, 3, 2, 3, 4, 0, : 4, 2, 3, 4, 2, 40, 2, 5, 42, 1, 2, 1, 40, 3, 5, 2, 3, 40, 1, 1, 5, 4, 3, 1, 44, 42, 1, 5, 2, 3, 5, 2, 4, 3, 42, 3, 40, 1, 1, 5, 4, 3, 44, 1, 2, 2, 4, 4, 1, 1, 1, 2, 3, 4, 2, 1, 42, 3, 3, 43, 5, 1, 2, 4, 3, 2, 3, 4, 
1: 0, 0, 4, 2, 4, 0, 0, 0, 0, 4, 0, 1, 1, 0, 0, 3, 0, 0, 1, 0, 5, 0, 5, 43, 0, 0, 5, 0, 5, 2, 0, 0, 0, 0, 0, 0, 5, 0, 0, 0, 0, 44, 0, 0, 0, 1, 0, 0, 0, 0, 5, 0, 0, 2, 3, 0, 4, 0, 1, 1, 0, 0, 0, 0, 0, 0, 3, 0, 0, 0, 4, 0, 5, 2, 4, 0, 0, 0, 3, 0, 0, 5, 3, 0, 3, 0, 1, 0, 0, 0, 0, 0, 0, 0, 0, 0, 0, 0, 0, 0, 0, 0, 0, 5, 0, 1, 1, 0, 3, 0, 0, 0, 5, 0, 0, 0, 3, 0, 1, 3, : 4, 2, 4, 4, 1, 1, 3, 1, 5, 5, 43, 5, 5, 2, 5, 44, 1, 5, 2, 3, 4, 1, 1, 3, 4, 5, 2, 4, 3, 5, 3, 3, 1, 5, 1, 1, 3, 5, 3, 1, 3, 
19: 5, 40, 3, 4, 0, 0, 0, 0, 1, 0, 4, 5, 0, 4, 4, 2, 5, 0, 4, 3, 0, 2, 0, 0, 0, 0, 0, 1, 0, 2, 4, 0, 2, 5, 4, 2, 1, 0, 0, 0, 1, 0, 5, 0, 4, 0, 43, 4, 4, 0, 1, 0, 0, 1, 5, 4, 2, 0, 0, 0, 3, 0, 1, 1, 4, 1, 0, 42, 1, 4, 4, 4, 0, 0, 0, 2, 2, 3, 1, 41, 0, 42, 5, 5, 2, 0, 1, 42, 0, 40, 4, 0, 4, 0, 4, 0, 0, 0, 5, 0, 0, 0, 0, 0, 0, 0, 5, 1, 0, 1, 4, 41, 0, 0, 0, 0, 3, 0, 0, 0, : 5, 40, 3, 4, 1, 4, 5, 4, 4, 2, 5, 4, 3, 2, 1, 2, 4, 2, 5, 4, 2, 1, 1, 5, 4, 43, 4, 4, 1, 1, 5, 4, 2, 3, 1, 1, 4, 1, 42, 1, 4, 4, 4, 2, 2, 3, 1, 41, 42, 5, 5, 2, 1, 42, 40, 4, 4, 4, 5, 5, 1, 1, 4, 41, 3, 
30: 2, 0, 2, 0, 0, 4, 0, 0, 2, 1, 3, 2, 0, 0, 1, 0, 1, 0, 0, 0, 0, 3, 0, 0, 0, 0, 4, 0, 2, 0, 2, 43, 0, 5, 4, 0, 2, 0, 1, 0, 0, 2, 1, 0, 0, 0, 2, 0, 1, 2, 5, 2, 1, 1, 0, 2, 44, 0, 0, 3, 0, 4, 44, 0, 2, 0, 1, 0, 0, 3, 0, 0, 0, 4, 3, 4, 0, 4, 3, 0, 4, 0, 0, 41, 0, 5, 0, 5, 0, 0, 41, 4, 0, 0, 0, 0, 3, 0, 3, 0, 42, 3, 40, 1, 4, 1, 0, 0, 4, 3, 0, 0, 0, 5, 0, 0, 4, 42, 4, 43, : 2, 2, 4, 2, 1, 3, 2, 1, 1, 3, 4, 2, 2, 43, 5, 4, 2, 1, 2, 1, 2, 1, 2, 5, 2, 1, 1, 2, 44, 3, 4, 44, 2, 1, 3, 4, 3, 4, 4, 3, 4, 41, 5, 5, 41, 4, 3, 3, 42, 3, 40, 1, 4, 1, 4, 3, 5, 4, 42, 4, 43, 
34: 0, 2, 5, 1, 0, 0, 4, 0, 5, 0, 5, 5, 0, 0, 0, 0, 4, 0, 4, 0, 0, 0, 1, 0, 0, 0, 0, 5, 2, 44, 0, 0, 0, 0, 0, 5, 0, 44, 5, 2, 4, 44, 43, 0, 3, 0, 0, 0, 0, 0, 4, 0, 0, 0, 0, 0, 5, 0, 5, 5, 4, 4, 0, 0, 4, 2, 5, 4, 0, 43, 0, 2, 5, 0, 4, 0, 0, 4, 0, 0, 0, 0, 1, 4, 0, 4, 0, 1, 4, 4, 0, 0, 0, 5, 4, 0, 0, 0, 0, 0, 2, 1, 40, 0, 0, 3, 3, 0, 41, 0, 0, 4, 0, 41, 4, 0, 43, 42, 0, 2, : 2, 5, 1, 4, 5, 5, 5, 4, 4, 1, 5, 2, 44, 5, 44, 5, 2, 4, 44, 43, 3, 4, 5, 5, 5, 4, 4, 4, 2, 5, 4, 43, 2, 5, 4, 4, 1, 4, 4, 1, 4, 4, 5, 4, 2, 1, 40, 3, 3, 41, 4, 41, 4, 43, 42, 2, 
20: 0, 0, 1, 0, 0, 0, 0, 3, 2, 0, 0, 0, 5, 3, 0, 3, 0, 0, 4, 0, 42, 5, 3, 0, 0, 1, 0, 1, 43, 0, 1, 4, 0, 41, 0, 0, 3, 2, 0, 5, 1, 0, 4, 1, 5, 4, 2, 5, 0, 0, 0, 2, 0, 0, 0, 0, 2, 0, 2, 0, 2, 0, 0, 0, 3, 0, 2, 4, 0, 4, 0, 43, 0, 0, 0, 1, 0, 0, 1, 0, 0, 0, 0, 1, 5, 0, 0, 0, 5, 2, 0, 0, 0, 5, 4, 0, 41, 1, 3, 5, 1, 0, 0, 3, 4, 0, 2, 0, 2, 42, 0, 0, 4, 0, 0, 5, 0, 0, 1, 1, : 1, 3, 2, 5, 3, 3, 4, 42, 5, 3, 1, 1, 43, 1, 4, 41, 3, 2, 5, 1, 4, 1, 5, 4, 2, 5, 2, 2, 2, 2, 3, 2, 4, 4, 43, 1, 1, 1, 5, 5, 2, 5, 4, 41, 1, 3, 5, 1, 3, 4, 2, 2, 42, 4, 5, 1, 1, 
61: 1, 0, 5, 0, 0, 0, 0, 0, 0, 5, 0, 0, 5, 5, 5, 0, 40, 0, 0, 0, 0, 1, 0, 0, 1, 0, 43, 0, 1, 5, 0, 0, 5, 0, 43, 5, 2, 0, 0, 1, 1, 0, 0, 3, 0, 0, 0, 3, 1, 2, 2, 5, 0, 0, 0, 0, 2, 0, 0, 0, 3, 0, 0, 5, 4, 0, 1, 0, 43, 0, 1, 0, 3, 0, 0, 4, 4, 2, 3, 3, 0, 0, 3, 43, 4, 0, 43, 3, 0, 3, 1, 2, 3, 0, 4, 0, 0, 0, 43, 0, 1, 0, 1, 2, 0, 0, 1, 0, 40, 0, 1, 3, 1, 3, 0, 1, 0, 2, 2, 0, : 1, 5, 5, 5, 5, 5, 40, 1, 1, 43, 1, 5, 5, 43, 5, 2, 1, 1, 3, 3, 1, 2, 2, 5, 2, 3, 5, 4, 1, 43, 1, 3, 4, 4, 2, 3, 3, 3, 43, 4, 43, 3, 3, 1, 2, 3, 4, 43, 1, 1, 2, 1, 40, 1, 3, 1, 3, 1, 2, 2, 
58: 3, 3, 0, 1, 2, 0, 1, 0, 5, 5, 0, 4, 3, 3, 0, 0, 1, 1, 0, 0, 0, 5, 3, 0, 5, 0, 4, 41, 0, 1, 43, 2, 0, 2, 4, 40, 0, 0, 0, 0, 1, 0, 4, 3, 0, 0, 3, 1, 3, 0, 0, 3, 0, 0, 5, 4, 1, 40, 2, 40, 4, 0, 0, 0, 4, 0, 0, 0, 0, 0, 4, 4, 0, 1, 1, 0, 4, 5, 0, 0, 4, 0, 0, 4, 0, 3, 0, 1, 3, 0, 0, 3, 5, 1, 2, 4, 41, 0, 0, 0, 0, 0, 4, 3, 44, 5, 2, 0, 0, 0, 0, 5, 1, 3, 2, 5, 0, 3, 2, 0, : 3, 3, 1, 2, 1, 5, 5, 4, 3, 3, 1, 1, 5, 3, 5, 4, 41, 1, 43, 2, 2, 4, 40, 1, 4, 3, 3, 1, 3, 3, 5, 4, 1, 40, 2, 40, 4, 4, 4, 4, 1, 1, 4, 5, 4, 4, 3, 1, 3, 3, 5, 1, 2, 4, 41, 4, 3, 44, 5, 2, 5, 1, 3, 2, 5, 3, 2, 
36: 0, 0, 4, 0, 3, 1, 0, 0, 0, 3, 0, 5, 40, 0, 0, 0, 0, 3, 2, 0, 0, 0, 0, 1, 1, 0, 4, 0, 3, 4, 0, 0, 0, 5, 2, 0, 41, 0, 0, 5, 0, 0, 3, 0, 2, 0, 0, 0, 1, 0, 0, 0, 3, 40, 0, 0, 2, 4, 0, 2, 1, 44, 5, 1, 2, 3, 2, 0, 0, 0, 0, 4, 1, 0, 5, 1, 5, 2, 2, 0, 0, 3, 43, 5, 2, 0, 0, 5, 42, 0, 0, 4, 0, 0, 0, 0, 0, 41, 0, 0, 0, 0, 0, 0, 44, 0, 2, 2, 0, 5, 0, 0, 1, 0, 2, 0, 5, 0, 2, 0, : 4, 3, 1, 3, 5, 40, 3, 2, 1, 1, 4, 3, 4, 5, 2, 41, 5, 3, 2, 1, 3, 40, 2, 4, 2, 1, 44, 5, 1, 2, 3, 2, 4, 1, 5, 1, 5, 2, 2, 3, 43, 5, 2, 5, 42, 4, 41, 44, 2, 2, 5, 1, 2, 5, 2, 
41: 3, 0, 0, 4, 0, 0, 3, 43, 4, 1, 0, 43, 0, 0, 3, 3, 5, 0, 0, 0, 4, 5, 1, 5, 5, 0, 5, 4, 4, 0, 0, 0, 42, 0, 0, 4, 0, 0, 0, 5, 1, 4, 3, 2, 0, 3, 5, 3, 3, 4, 5, 3, 0, 2, 0, 2, 3, 0, 4, 0, 1, 0, 3, 4, 0, 1, 3, 0, 0, 5, 0, 2, 4, 0, 4, 4, 42, 0, 0, 3, 0, 0, 44, 0, 1, 4, 2, 4, 0, 0, 4, 1, 1, 0, 3, 0, 4, 43, 0, 0, 0, 0, 2, 0, 4, 4, 0, 0, 0, 5, 0, 0, 1, 0, 5, 1, 0, 1, 1, 4, : 3, 4, 3, 43, 4, 1, 43, 3, 3, 5, 4, 5, 1, 5, 5, 5, 4, 4, 42, 4, 5, 1, 4, 3, 2, 3, 5, 3, 3, 4, 5, 3, 2, 2, 3, 4, 1, 3, 4, 1, 3, 5, 2, 4, 4, 4, 42, 3, 44, 1, 4, 2, 4, 4, 1, 1, 3, 4, 43, 2, 4, 4, 5, 1, 5, 1, 1, 1, 4, 
65: 0, 0, 0, 3, 2, 43, 0, 0, 3, 1, 0, 5, 0, 1, 0, 0, 5, 0, 3, 0, 0, 1, 0, 3, 0, 0, 5, 41, 4, 0, 1, 0, 5, 0, 0, 0, 0, 0, 44, 4, 0, 5, 1, 1, 1, 5, 43, 4, 1, 0, 2, 0, 0, 2, 0, 1, 0, 4, 0, 0, 3, 0, 0, 0, 3, 4, 0, 0, 0, 3, 2, 2, 2, 2, 2, 0, 2, 44, 1, 0, 1, 0, 0, 3, 5, 3, 0, 0, 0, 0, 0, 43, 44, 0, 0, 2, 1, 0, 5, 0, 4, 0, 4, 1, 0, 0, 43, 5, 2, 0, 0, 0, 2, 5, 0, 1, 4, 0, 4, 0, : 3, 2, 43, 3, 1, 5, 1, 5, 3, 1, 3, 5, 41, 4, 1, 5, 44, 4, 5, 1, 1, 1, 5, 43, 4, 1, 2, 2, 1, 4, 3, 3, 4, 3, 2, 2, 2, 2, 2, 2, 44, 1, 1, 3, 5, 3, 43, 44, 2, 1, 5, 4, 4, 1, 43, 5, 2, 2, 5, 1, 4, 4, 
6: 0, 44, 0, 0, 5, 0, 2, 44, 5, 5, 4, 1, 0, 44, 0, 0, 1, 0, 0, 0, 5, 2, 1, 4, 4, 0, 3, 41, 3, 0, 44, 1, 0, 44, 0, 0, 5, 41, 4, 1, 2, 1, 1, 0, 0, 2, 1, 43, 0, 0, 4, 1, 44, 0, 0, 0, 2, 40, 0, 0, 3, 0, 0, 0, 5, 0, 0, 0, 5, 4, 0, 3, 2, 4, 2, 4, 0, 5, 4, 5, 0, 4, 0, 0, 42, 40, 1, 1, 0, 0, 0, 0, 0, 0, 0, 0, 4, 0, 0, 3, 0, 0, 4, 0, 1, 3, 0, 0, 0, 0, 0, 0, 41, 0, 3, 0, 4, 2, 4, 1, : 44, 5, 2, 44, 5, 5, 4, 1, 44, 1, 5, 2, 1, 4, 4, 3, 41, 3, 44, 1, 44, 5, 41, 4, 1, 2, 1, 1, 2, 1, 43, 4, 1, 44, 2, 40, 3, 5, 5, 4, 3, 2, 4, 2, 4, 5, 4, 5, 4, 42, 40, 1, 1, 4, 3, 4, 1, 3, 41, 3, 4, 2, 4, 1, 
42: 0, 2, 1, 5, 1, 5, 0, 0, 0, 4, 4, 1, 0, 0, 3, 3, 5, 5, 1, 40, 5, 2, 0, 0, 0, 0, 0, 0, 2, 0, 4, 41, 4, 0, 2, 0, 1, 2, 2, 0, 1, 0, 5, 41, 2, 4, 2, 0, 1, 5, 0, 0, 44, 0, 4, 4, 5, 43, 0, 0, 3, 0, 0, 1, 3, 0, 0, 0, 0, 1, 0, 5, 0, 4, 5, 44, 0, 0, 3, 0, 0, 0, 5, 5, 2, 2, 5, 4, 0, 3, 0, 3, 0, 0, 0, 0, 4, 5, 0, 0, 3, 0, 2, 0, 0, 4, 1, 0, 0, 3, 1, 40, 3, 44, 0, 3, 1, 0, 3, 5, : 2, 1, 5, 1, 5, 4, 4, 1, 3, 3, 5, 5, 1, 40, 5, 2, 2, 4, 41, 4, 2, 1, 2, 2, 1, 5, 41, 2, 4, 2, 1, 5, 44, 4, 4, 5, 43, 3, 1, 3, 1, 5, 4, 5, 44, 3, 5, 5, 2, 2, 5, 4, 3, 3, 4, 5, 3, 2, 4, 1, 3, 1, 40, 3, 44, 3, 1, 3, 5, 
15: 4, 0, 0, 5, 5, 0, 0, 0, 0, 3, 41, 1, 0, 0, 0, 0, 1, 0, 44, 0, 44, 0, 0, 3, 44, 0, 0, 5, 4, 2, 3, 4, 0, 0, 0, 3, 1, 0, 1, 4, 1, 0, 0, 3, 0, 0, 0, 0, 42, 0, 2, 0, 0, 0, 0, 0, 0, 1, 0, 4, 2, 42, 0, 0, 1, 4, 0, 0, 0, 1, 0, 5, 4, 5, 0, 0, 3, 0, 0, 1, 1, 0, 2, 5, 2, 0, 5, 4, 0, 40, 0, 2, 3, 0, 0, 0, 0, 0, 4, 0, 3, 4, 0, 0, 0, 43, 0, 2, 0, 0, 0, 0, 2, 3, 0, 44, 0, 5, 0, 0, : 4, 5, 5, 3, 41, 1, 1, 44, 44, 3, 44, 5, 4, 2, 3, 4, 3, 1, 1, 4, 1, 3, 42, 2, 1, 4, 2, 42, 1, 4, 1, 5, 4, 5, 3, 1, 1, 2, 5, 2, 5, 4, 40, 2, 3, 4, 3, 4, 43, 2, 2, 3, 44, 5, 
33: 0, 2, 5, 4, 0, 2, 0, 5, 5, 0, 0, 0, 0, 0, 2, 3, 5, 4, 4, 0, 1, 3, 2, 0, 0, 0, 4, 3, 0, 44, 4, 4, 0, 0, 0, 0, 3, 3, 0, 44, 2, 0, 0, 0, 1, 0, 2, 0, 3, 0, 3, 0, 0, 0, 4, 0, 0, 5, 0, 0, 2, 5, 0, 0, 0, 0, 0, 0, 0, 3, 0, 4, 0, 43, 4, 0, 0, 0, 0, 0, 0, 2, 2, 0, 1, 0, 0, 3, 0, 2, 2, 42, 0, 0, 0, 5, 1, 4, 2, 0, 1, 0, 0, 0, 0, 0, 4, 44, 0, 3, 0, 0, 2, 0, 4, 0, 0, 0, 3, 4, : 2, 5, 4, 2, 5, 5, 2, 3, 5, 4, 4, 1, 3, 2, 4, 3, 44, 4, 4, 3, 3, 44, 2, 1, 2, 3, 3, 4, 5, 2, 5, 3, 4, 43, 4, 2, 2, 1, 3, 2, 2, 42, 5, 1, 4, 2, 1, 4, 44, 3, 2, 4, 3, 4, 
18: 0, 0, 2, 0, 0, 1, 2, 0, 42, 4, 1, 4, 0, 5, 4, 0, 1, 3, 0, 0, 4, 3, 0, 2, 0, 2, 0, 0, 41, 0, 0, 0, 0, 1, 43, 0, 2, 1, 0, 0, 4, 0, 0, 5, 3, 0, 0, 2, 0, 40, 4, 3, 4, 3, 0, 0, 5, 5, 0, 0, 4, 0, 0, 0, 5, 0, 4, 0, 0, 0, 43, 0, 0, 43, 5, 0, 0, 0, 0, 0, 0, 3, 0, 2, 0, 0, 2, 0, 0, 1, 5, 0, 0, 3, 3, 1, 3, 1, 0, 3, 2, 0, 0, 3, 0, 3, 0, 1, 5, 4, 4, 0, 0, 3, 0, 3, 3, 4, 0, 4, : 2, 1, 2, 42, 4, 1, 4, 5, 4, 1, 3, 4, 3, 2, 2, 41, 1, 43, 2, 1, 4, 5, 3, 2, 40, 4, 3, 4, 3, 5, 5, 4, 5, 4, 43, 43, 5, 3, 2, 2, 1, 5, 3, 3, 1, 3, 1, 3, 2, 3, 3, 1, 5, 4, 4, 3, 3, 3, 4, 4, 
7: 0, 2, 0, 0, 3, 41, 0, 0, 4, 40, 0, 2, 0, 0, 0, 5, 4, 4, 2, 1, 0, 0, 0, 0, 5, 1, 0, 41, 0, 0, 5, 0, 3, 4, 1, 0, 4, 5, 0, 1, 0, 0, 5, 1, 3, 2, 0, 4, 1, 0, 1, 43, 0, 0, 4, 2, 0, 43, 0, 4, 0, 4, 0, 5, 0, 5, 0, 43, 0, 0, 0, 0, 43, 0, 1, 3, 1, 0, 1, 1, 0, 1, 5, 0, 2, 3, 5, 0, 0, 5, 0, 0, 3, 2, 0, 4, 0, 0, 5, 5, 4, 0, 0, 0, 0, 0, 0, 0, 5, 0, 2, 0, 0, 0, 4, 3, 1, 0, 0, 5, : 2, 3, 41, 4, 40, 2, 5, 4, 4, 2, 1, 5, 1, 41, 5, 3, 4, 1, 4, 5, 1, 5, 1, 3, 2, 4, 1, 1, 43, 4, 2, 43, 4, 4, 5, 5, 43, 43, 1, 3, 1, 1, 1, 1, 5, 2, 3, 5, 5, 3, 2, 4, 5, 5, 4, 5, 2, 4, 3, 1, 5, 
54: 4, 2, 41, 43, 3, 0, 43, 0, 0, 0, 4, 3, 0, 40, 5, 0, 2, 3, 0, 4, 4, 0, 3, 5, 43, 0, 0, 0, 1, 0, 5, 0, 0, 2, 41, 1, 0, 5, 1, 41, 0, 43, 0, 0, 5, 0, 0, 1, 2, 40, 3, 42, 0, 0, 4, 0, 5, 0, 2, 0, 0, 0, 4, 0, 3, 1, 1, 1, 0, 0, 1, 4, 4, 0, 5, 4, 0, 2, 5, 0, 41, 0, 0, 0, 3, 0, 4, 0, 3, 0, 2, 0, 0, 0, 44, 0, 5, 5, 0, 0, 0, 5, 5, 0, 2, 0, 3, 44, 43, 42, 0, 4, 5, 0, 42, 3, 0, 1, 2, 1, : 4, 2, 41, 43, 3, 43, 4, 3, 40, 5, 2, 3, 4, 4, 3, 5, 43, 1, 5, 2, 41, 1, 5, 1, 41, 43, 5, 1, 2, 40, 3, 42, 4, 5, 2, 4, 3, 1, 1, 1, 1, 4, 4, 5, 4, 2, 5, 41, 3, 4, 3, 2, 44, 5, 5, 5, 5, 2, 3, 44, 43, 42, 4, 5, 42, 3, 1, 2, 1, 
48: 0, 0, 0, 0, 5, 0, 5, 0, 4, 3, 4, 5, 3, 3, 0, 5, 2, 0, 0, 0, 4, 41, 0, 0, 0, 3, 0, 4, 0, 40, 0, 0, 0, 0, 5, 0, 2, 0, 0, 1, 3, 3, 4, 2, 4, 43, 0, 0, 0, 3, 0, 2, 3, 4, 0, 4, 0, 0, 0, 1, 4, 3, 43, 4, 5, 0, 0, 2, 0, 5, 0, 3, 1, 0, 0, 0, 0, 3, 1, 1, 44, 1, 3, 0, 2, 0, 3, 5, 0, 5, 40, 5, 0, 2, 0, 0, 4, 4, 0, 0, 5, 5, 4, 0, 3, 1, 4, 5, 0, 3, 1, 0, 0, 1, 1, 0, 5, 0, 3, 0, : 5, 5, 4, 3, 4, 5, 3, 3, 5, 2, 4, 41, 3, 4, 40, 5, 2, 1, 3, 3, 4, 2, 4, 43, 3, 2, 3, 4, 4, 1, 4, 3, 43, 4, 5, 2, 5, 3, 1, 3, 1, 1, 44, 1, 3, 2, 3, 5, 5, 40, 5, 2, 4, 4, 5, 5, 4, 3, 1, 4, 5, 3, 1, 1, 1, 5, 3, 
74: 2, 0, 0, 0, 1, 0, 3, 0, 1, 3, 0, 1, 0, 0, 5, 2, 0, 5, 4, 0, 0, 3, 4, 0, 1, 0, 3, 0, 0, 0, 0, 3, 41, 5, 2, 4, 2, 0, 2, 3, 3, 4, 5, 0, 2, 1, 5, 0, 2, 0, 0, 2, 4, 5, 0, 0, 0, 1, 0, 1, 3, 0, 0, 0, 0, 0, 4, 0, 0, 44, 0, 41, 4, 2, 0, 2, 5, 3, 4, 0, 3, 0, 0, 0, 2, 3, 0, 1, 4, 0, 0, 4, 2, 0, 3, 0, 0, 5, 0, 0, 3, 0, 0, 0, 0, 0, 44, 0, 3, 0, 0, 0, 0, 2, 0, 0, 0, 3, 5, 3, : 2, 1, 3, 1, 3, 1, 5, 2, 5, 4, 3, 4, 1, 3, 3, 41, 5, 2, 4, 2, 2, 3, 3, 4, 5, 2, 1, 5, 2, 2, 4, 5, 1, 1, 3, 4, 44, 41, 4, 2, 2, 5, 3, 4, 3, 2, 3, 1, 4, 4, 2, 3, 5, 3, 44, 3, 2, 3, 5, 3, 
66: 41, 0, 0, 1, 4, 0, 0, 0, 1, 4, 0, 4, 0, 4, 5, 4, 1, 5, 1, 0, 0, 3, 0, 0, 0, 0, 0, 2, 0, 4, 0, 2, 5, 0, 2, 0, 4, 4, 0, 0, 2, 1, 0, 0, 0, 0, 3, 0, 0, 0, 5, 5, 0, 4, 0, 1, 44, 0, 3, 5, 0, 4, 0, 0, 0, 5, 3, 0, 0, 5, 0, 3, 0, 2, 0, 0, 0, 4, 0, 5, 0, 4, 0, 3, 0, 2, 44, 3, 0, 0, 0, 0, 0, 5, 2, 4, 0, 0, 2, 0, 2, 0, 0, 0, 0, 4, 4, 0, 2, 4, 1, 0, 0, 1, 0, 3, 0, 0, 5, 1, : 41, 1, 4, 1, 4, 4, 4, 5, 4, 1, 5, 1, 3, 2, 4, 2, 5, 2, 4, 4, 2, 1, 3, 5, 5, 4, 1, 44, 3, 5, 4, 5, 3, 5, 3, 2, 4, 5, 4, 3, 2, 44, 3, 5, 2, 4, 2, 2, 4, 4, 2, 4, 1, 1, 3, 5, 1, 
77: 4, 0, 1, 4, 0, 4, 2, 0, 2, 4, 0, 4, 0, 0, 1, 2, 0, 5, 0, 0, 0, 0, 5, 0, 3, 0, 4, 4, 0, 0, 1, 2, 0, 0, 0, 0, 0, 0, 0, 4, 0, 4, 0, 0, 1, 1, 3, 3, 5, 3, 5, 0, 0, 3, 3, 3, 5, 0, 1, 0, 4, 0, 0, 0, 5, 5, 5, 0, 3, 0, 4, 0, 2, 1, 4, 4, 0, 0, 1, 0, 3, 0, 0, 0, 0, 0, 5, 3, 0, 0, 3, 0, 2, 5, 4, 0, 4, 2, 3, 0, 0, 0, 0, 1, 0, 0, 0, 2, 4, 0, 4, 44, 3, 0, 2, 0, 5, 0, 0, 0, : 4, 1, 4, 4, 2, 2, 4, 4, 1, 2, 5, 5, 3, 4, 4, 1, 2, 4, 4, 1, 1, 3, 3, 5, 3, 5, 3, 3, 3, 5, 1, 4, 5, 5, 5, 3, 4, 2, 1, 4, 4, 1, 3, 5, 3, 3, 2, 5, 4, 4, 2, 3, 1, 2, 4, 4, 44, 3, 2, 5, 
21: 5, 0, 0, 1, 41, 1, 0, 5, 3, 1, 0, 0, 0, 0, 0, 0, 5, 0, 43, 0, 0, 1, 3, 40, 0, 5, 0, 5, 40, 3, 0, 0, 1, 0, 1, 0, 1, 2, 0, 0, 3, 4, 0, 0, 5, 3, 0, 0, 0, 0, 0, 3, 40, 0, 5, 0, 3, 0, 4, 1, 0, 0, 2, 0, 4, 0, 1, 0, 0, 3, 0, 2, 5, 1, 1, 0, 3, 0, 1, 40, 0, 1, 3, 1, 4, 4, 1, 0, 0, 1, 0, 2, 0, 1, 0, 2, 2, 0, 1, 0, 44, 5, 3, 2, 3, 3, 2, 2, 0, 0, 0, 4, 5, 0, 0, 3, 4, 5, 44, 5, : 5, 1, 41, 1, 5, 3, 1, 5, 43, 1, 3, 40, 5, 5, 40, 3, 1, 1, 1, 2, 3, 4, 5, 3, 3, 40, 5, 3, 4, 1, 2, 4, 1, 3, 2, 5, 1, 1, 3, 1, 40, 1, 3, 1, 4, 4, 1, 1, 2, 1, 2, 2, 1, 44, 5, 3, 2, 3, 3, 2, 2, 4, 5, 3, 4, 5, 44, 5, 
26: 0, 0, 0, 0, 0, 1, 0, 0, 1, 0, 4, 0, 0, 0, 4, 0, 2, 4, 0, 0, 0, 1, 5, 0, 0, 1, 0, 0, 2, 0, 4, 2, 1, 0, 1, 4, 2, 0, 4, 0, 5, 0, 0, 0, 2, 1, 0, 4, 0, 3, 4, 0, 0, 0, 0, 0, 0, 0, 4, 0, 43, 0, 0, 0, 5, 0, 4, 5, 0, 5, 44, 0, 3, 1, 5, 0, 0, 2, 0, 1, 0, 0, 0, 0, 1, 0, 2, 3, 0, 2, 0, 3, 0, 3, 0, 0, 1, 0, 1, 0, 43, 0, 2, 0, 0, 41, 4, 0, 0, 5, 0, 0, 0, 0, 5, 4, 1, 3, 0, 2, : 1, 1, 4, 4, 2, 4, 1, 5, 1, 2, 4, 2, 1, 1, 4, 2, 4, 5, 2, 1, 4, 3, 4, 4, 43, 5, 4, 5, 5, 44, 3, 1, 5, 2, 1, 1, 2, 3, 2, 3, 3, 1, 1, 43, 2, 41, 4, 5, 5, 4, 1, 3, 2, 
52: 0, 0, 42, 4, 4, 0, 5, 43, 0, 0, 1, 3, 1, 2, 2, 4, 5, 0, 5, 0, 0, 0, 0, 2, 0, 0, 0, 2, 0, 0, 1, 2, 5, 2, 4, 2, 0, 1, 0, 0, 3, 0, 4, 0, 0, 0, 0, 1, 3, 0, 1, 4, 2, 0, 0, 2, 3, 4, 0, 0, 0, 0, 0, 0, 4, 3, 40, 3, 0, 0, 0, 0, 0, 0, 4, 4, 4, 0, 5, 0, 0, 41, 0, 4, 3, 1, 3, 0, 1, 0, 1, 0, 5, 43, 0, 0, 0, 0, 5, 0, 0, 4, 0, 42, 4, 0, 5, 0, 5, 4, 0, 0, 0, 0, 2, 0, 1, 0, 3, 5, : 42, 4, 4, 5, 43, 1, 3, 1, 2, 2, 4, 5, 5, 2, 2, 1, 2, 5, 2, 4, 2, 1, 3, 4, 1, 3, 1, 4, 2, 2, 3, 4, 4, 3, 40, 3, 4, 4, 4, 5, 41, 4, 3, 1, 3, 1, 1, 5, 43, 5, 4, 42, 4, 5, 5, 4, 2, 1, 3, 5, 
2: 2, 0, 2, 0, 0, 0, 0, 5, 1, 0, 0, 3, 0, 2, 4, 0, 0, 0, 5, 0, 0, 0, 0, 3, 0, 0, 3, 0, 2, 0, 3, 5, 4, 0, 5, 4, 3, 0, 0, 0, 41, 2, 0, 0, 4, 5, 0, 1, 4, 0, 41, 2, 0, 3, 4, 0, 0, 5, 0, 0, 1, 5, 0, 0, 0, 41, 0, 5, 40, 1, 4, 5, 2, 0, 4, 0, 0, 0, 1, 4, 0, 0, 0, 0, 0, 1, 0, 44, 0, 5, 0, 2, 4, 0, 4, 3, 0, 43, 1, 1, 0, 0, 5, 44, 0, 5, 2, 3, 1, 3, 0, 0, 43, 0, 0, 0, 0, 4, 3, 1, : 2, 2, 5, 1, 3, 2, 4, 5, 3, 3, 2, 3, 5, 4, 5, 4, 3, 41, 2, 4, 5, 1, 4, 41, 2, 3, 4, 5, 1, 5, 41, 5, 40, 1, 4, 5, 2, 4, 1, 4, 1, 44, 5, 2, 4, 4, 3, 43, 1, 1, 5, 44, 5, 2, 3, 1, 3, 43, 4, 3, 1, 
43: 2, 0, 0, 2, 0, 1, 0, 41, 3, 0, 0, 3, 0, 0, 0, 0, 0, 2, 3, 0, 0, 1, 0, 0, 4, 2, 3, 0, 0, 0, 0, 3, 0, 3, 0, 0, 2, 4, 0, 3, 1, 0, 2, 3, 1, 0, 2, 3, 0, 43, 1, 2, 4, 5, 0, 0, 1, 0, 0, 4, 0, 1, 0, 2, 0, 0, 0, 0, 0, 0, 0, 4, 5, 0, 4, 4, 5, 0, 2, 5, 3, 0, 3, 0, 0, 0, 0, 5, 44, 1, 0, 4, 0, 42, 3, 2, 0, 0, 4, 0, 2, 40, 0, 0, 0, 1, 2, 40, 0, 0, 0, 2, 0, 0, 0, 0, 0, 44, 5, 0, : 2, 2, 1, 41, 3, 3, 2, 3, 1, 4, 2, 3, 3, 3, 2, 4, 3, 1, 2, 3, 1, 2, 3, 43, 1, 2, 4, 5, 1, 4, 1, 2, 4, 5, 4, 4, 5, 2, 5, 3, 3, 5, 44, 1, 4, 42, 3, 2, 4, 2, 40, 1, 2, 40, 2, 44, 5, 
38: 0, 0, 0, 5, 0, 0, 4, 0, 0, 2, 5, 0, 0, 3, 5, 3, 3, 0, 0, 0, 0, 1, 0, 3, 4, 0, 0, 0, 0, 0, 5, 5, 2, 1, 0, 0, 0, 1, 3, 0, 1, 0, 0, 0, 0, 4, 1, 4, 0, 1, 4, 0, 0, 42, 43, 3, 4, 3, 3, 4, 0, 0, 0, 0, 0, 0, 0, 2, 0, 4, 4, 4, 0, 3, 4, 0, 2, 3, 2, 1, 0, 1, 0, 0, 4, 41, 0, 0, 3, 0, 44, 1, 1, 5, 0, 2, 4, 42, 1, 0, 4, 0, 0, 0, 0, 0, 0, 0, 3, 0, 0, 0, 4, 3, 0, 0, 3, 1, 0, 1, : 5, 4, 2, 5, 3, 5, 3, 3, 1, 3, 4, 5, 5, 2, 1, 1, 3, 1, 4, 1, 4, 1, 4, 42, 43, 3, 4, 3, 3, 4, 2, 4, 4, 4, 3, 4, 2, 3, 2, 1, 1, 4, 41, 3, 44, 1, 1, 5, 2, 4, 42, 1, 4, 3, 4, 3, 3, 1, 1, 
23: 0, 0, 0, 2, 5, 0, 2, 0, 0, 1, 0, 1, 0, 3, 5, 44, 0, 4, 0, 5, 0, 1, 0, 0, 2, 0, 1, 0, 5, 0, 2, 5, 0, 3, 3, 5, 0, 3, 4, 4, 0, 0, 5, 5, 5, 0, 0, 0, 5, 0, 0, 0, 2, 0, 0, 0, 2, 0, 3, 0, 0, 0, 0, 5, 0, 0, 5, 42, 4, 0, 3, 2, 3, 0, 5, 0, 0, 0, 43, 5, 0, 0, 1, 0, 0, 0, 0, 0, 40, 0, 2, 1, 4, 0, 0, 0, 5, 0, 4, 5, 5, 0, 2, 2, 3, 0, 0, 0, 1, 0, 0, 1, 0, 1, 4, 0, 0, 0, 5, 0, : 2, 5, 2, 1, 1, 3, 5, 44, 4, 5, 1, 2, 1, 5, 2, 5, 3, 3, 5, 3, 4, 4, 5, 5, 5, 5, 2, 2, 3, 5, 5, 42, 4, 3, 2, 3, 5, 43, 5, 1, 40, 2, 1, 4, 5, 4, 5, 5, 2, 2, 3, 1, 1, 1, 4, 5, 
31: 0, 0, 0, 0, 0, 0, 5, 0, 1, 0, 0, 0, 4, 0, 1, 0, 44, 0, 3, 0, 4, 5, 0, 0, 0, 41, 1, 0, 0, 3, 3, 2, 0, 0, 2, 4, 4, 0, 0, 0, 1, 0, 0, 0, 2, 0, 0, 2, 5, 0, 0, 0, 3, 0, 0, 0, 0, 3, 0, 0, 3, 0, 0, 5, 3, 0, 1, 1, 0, 0, 42, 2, 2, 4, 0, 0, 44, 43, 3, 4, 3, 3, 0, 0, 5, 1, 43, 4, 0, 0, 0, 3, 4, 0, 4, 1, 5, 2, 0, 0, 0, 0, 2, 0, 0, 3, 3, 0, 3, 0, 0, 0, 4, 3, 0, 0, 2, 0, 43, 0, : 5, 1, 4, 1, 44, 3, 4, 5, 41, 1, 3, 3, 2, 2, 4, 4, 1, 2, 2, 5, 3, 3, 3, 5, 3, 1, 1, 42, 2, 2, 4, 44, 43, 3, 4, 3, 3, 5, 1, 43, 4, 3, 4, 4, 1, 5, 2, 2, 3, 3, 3, 4, 3, 2, 43, 
12: 0, 5, 0, 0, 0, 3, 0, 0, 4, 4, 1, 0, 0, 0, 2, 0, 0, 3, 0, 0, 0, 5, 0, 4, 0, 0, 0, 0, 3, 0, 4, 4, 1, 0, 0, 0, 4, 0, 0, 4, 3, 2, 2, 0, 2, 0, 0, 5, 3, 5, 0, 2, 0, 0, 0, 44, 1, 1, 0, 0, 0, 5, 0, 43, 0, 1, 0, 0, 0, 0, 0, 0, 5, 0, 2, 0, 0, 0, 4, 5, 0, 2, 0, 0, 4, 0, 1, 4, 0, 5, 1, 4, 0, 0, 0, 0, 0, 0, 5, 0, 5, 0, 3, 1, 0, 0, 3, 1, 1, 0, 0, 3, 0, 0, 0, 0, 0, 0, 0, 0, : 5, 3, 4, 4, 1, 2, 3, 5, 4, 3, 4, 4, 1, 4, 4, 3, 2, 2, 2, 5, 3, 5, 2, 44, 1, 1, 5, 43, 1, 5, 2, 4, 5, 2, 4, 1, 4, 5, 1, 4, 5, 5, 3, 1, 3, 1, 1, 3, 
11: 1, 5, 4, 3, 0, 0, 0, 0, 0, 3, 0, 0, 0, 0, 1, 5, 0, 0, 0, 0, 0, 1, 3, 1, 0, 3, 1, 0, 5, 4, 0, 0, 4, 4, 0, 3, 4, 2, 0, 0, 1, 3, 0, 0, 0, 0, 5, 1, 4, 0, 5, 0, 0, 4, 3, 43, 0, 0, 0, 2, 0, 0, 0, 1, 40, 0, 0, 0, 0, 1, 1, 0, 0, 0, 0, 0, 0, 5, 5, 0, 0, 2, 3, 0, 4, 0, 40, 0, 0, 5, 0, 3, 41, 0, 0, 1, 3, 0, 4, 40, 0, 0, 0, 0, 0, 0, 0, 3, 4, 0, 0, 4, 0, 0, 43, 0, 2, 43, 0, 0, : 1, 5, 4, 3, 3, 1, 5, 1, 3, 1, 3, 1, 5, 4, 4, 4, 3, 4, 2, 1, 3, 5, 1, 4, 5, 4, 3, 43, 2, 1, 40, 1, 1, 5, 5, 2, 3, 4, 40, 5, 3, 41, 1, 3, 4, 40, 3, 4, 4, 43, 2, 43, 
28: 0, 5, 41, 1, 2, 5, 0, 1, 0, 0, 0, 0, 0, 4, 3, 1, 3, 41, 0, 0, 0, 0, 5, 0, 0, 0, 3, 3, 0, 0, 2, 5, 1, 1, 0, 2, 0, 0, 3, 0, 2, 0, 0, 3, 5, 44, 3, 0, 3, 0, 5, 0, 1, 40, 4, 4, 4, 0, 43, 0, 0, 1, 1, 0, 0, 2, 4, 3, 0, 0, 4, 0, 5, 0, 2, 0, 0, 2, 1, 44, 0, 1, 0, 0, 0, 0, 2, 2, 0, 1, 1, 0, 0, 0, 0, 0, 0, 0, 5, 0, 4, 5, 0, 0, 41, 0, 0, 0, 1, 0, 0, 4, 2, 0, 3, 0, 0, 4, 1, 4, : 5, 41, 1, 2, 5, 1, 4, 3, 1, 3, 41, 5, 3, 3, 2, 5, 1, 1, 2, 3, 2, 3, 5, 44, 3, 3, 5, 1, 40, 4, 4, 4, 43, 1, 1, 2, 4, 3, 4, 5, 2, 2, 1, 44, 1, 2, 2, 1, 1, 5, 4, 5, 41, 1, 4, 2, 3, 4, 1, 4, 
29: 0, 40, 41, 0, 4, 4, 0, 0, 0, 4, 1, 2, 0, 5, 2, 0, 3, 0, 0, 0, 0, 0, 4, 0, 4, 0, 0, 3, 1, 0, 5, 0, 2, 2, 0, 0, 4, 41, 5, 1, 5, 0, 0, 4, 0, 0, 5, 2, 1, 0, 0, 4, 2, 1, 3, 0, 1, 1, 2, 4, 0, 0, 0, 0, 0, 44, 4, 1, 0, 5, 0, 0, 0, 0, 4, 4, 2, 0, 0, 0, 5, 0, 41, 0, 0, 0, 4, 0, 0, 0, 42, 2, 0, 3, 1, 40, 0, 1, 0, 0, 3, 5, 0, 0, 2, 0, 0, 4, 1, 0, 42, 43, 4, 0, 44, 3, 5, 0, 3, 2, : 40, 41, 4, 4, 4, 1, 2, 5, 2, 3, 4, 4, 3, 1, 5, 2, 2, 4, 41, 5, 1, 5, 4, 5, 2, 1, 4, 2, 1, 3, 1, 1, 2, 4, 44, 4, 1, 5, 4, 4, 2, 5, 41, 4, 42, 2, 3, 1, 40, 1, 3, 5, 2, 4, 1, 42, 43, 4, 44, 3, 5, 3, 2, 
53: 0, 3, 0, 0, 1, 0, 0, 3, 0, 5, 0, 1, 1, 0, 4, 41, 2, 0, 0, 3, 0, 0, 0, 2, 0, 4, 0, 0, 4, 1, 0, 2, 5, 1, 0, 0, 0, 2, 0, 3, 5, 2, 0, 2, 2, 0, 3, 3, 0, 5, 5, 1, 2, 0, 0, 2, 3, 0, 0, 5, 1, 2, 0, 0, 2, 3, 0, 0, 40, 0, 0, 2, 2, 40, 42, 0, 1, 1, 0, 4, 41, 3, 0, 0, 5, 5, 5, 0, 4, 0, 1, 40, 0, 4, 1, 0, 5, 0, 4, 5, 2, 5, 0, 0, 1, 0, 0, 0, 1, 0, 0, 43, 1, 0, 0, 0, 42, 0, 3, 0, : 3, 1, 3, 5, 1, 1, 4, 41, 2, 3, 2, 4, 4, 1, 2, 5, 1, 2, 3, 5, 2, 2, 2, 3, 3, 5, 5, 1, 2, 2, 3, 5, 1, 2, 2, 3, 40, 2, 2, 40, 42, 1, 1, 4, 41, 3, 5, 5, 5, 4, 1, 40, 4, 1, 5, 4, 5, 2, 5, 1, 1, 43, 1, 42, 3, 
64: 0, 2, 0, 0, 2, 4, 44, 0, 4, 0, 1, 1, 0, 4, 3, 0, 5, 0, 4, 2, 4, 0, 4, 1, 1, 0, 0, 4, 5, 2, 0, 0, 3, 41, 0, 5, 1, 0, 3, 0, 2, 0, 0, 5, 1, 3, 0, 4, 0, 5, 0, 2, 0, 0, 0, 0, 0, 0, 3, 5, 44, 1, 0, 0, 0, 5, 2, 5, 5, 5, 2, 2, 0, 1, 1, 0, 0, 1, 0, 5, 0, 0, 4, 0, 1, 1, 3, 3, 0, 5, 0, 1, 0, 0, 0, 2, 0, 4, 0, 0, 4, 3, 0, 1, 0, 0, 3, 0, 2, 0, 0, 0, 2, 0, 0, 0, 2, 0, 4, 3, : 2, 2, 4, 44, 4, 1, 1, 4, 3, 5, 4, 2, 4, 4, 1, 1, 4, 5, 2, 3, 41, 5, 1, 3, 2, 5, 1, 3, 4, 5, 2, 3, 5, 44, 1, 5, 2, 5, 5, 5, 2, 2, 1, 1, 1, 5, 4, 1, 1, 3, 3, 5, 1, 2, 4, 4, 3, 1, 3, 2, 2, 2, 4, 3, 
10: 0, 0, 5, 0, 0, 0, 0, 0, 1, 0, 0, 2, 40, 3, 2, 4, 0, 0, 0, 0, 1, 0, 2, 5, 40, 0, 0, 0, 0, 0, 5, 0, 0, 0, 5, 2, 0, 1, 0, 1, 4, 40, 1, 0, 0, 0, 4, 0, 43, 0, 1, 4, 0, 4, 0, 2, 0, 4, 0, 0, 1, 0, 0, 0, 0, 42, 3, 5, 0, 0, 0, 5, 2, 1, 41, 0, 1, 41, 1, 0, 2, 2, 1, 0, 3, 0, 0, 3, 2, 44, 0, 0, 0, 2, 4, 0, 1, 1, 0, 0, 5, 0, 3, 4, 4, 1, 4, 0, 44, 0, 4, 2, 2, 42, 0, 0, 4, 0, 41, 5, : 5, 1, 2, 40, 3, 2, 4, 1, 2, 5, 40, 5, 5, 2, 1, 1, 4, 40, 1, 4, 43, 1, 4, 4, 2, 4, 1, 42, 3, 5, 5, 2, 1, 41, 1, 41, 1, 2, 2, 1, 3, 3, 2, 44, 2, 4, 1, 1, 5, 3, 4, 4, 1, 4, 44, 4, 2, 2, 42, 4, 41, 5, 
55: 0, 0, 2, 4, 0, 2, 0, 0, 3, 1, 1, 1, 3, 5, 2, 0, 3, 0, 0, 4, 0, 1, 0, 0, 0, 0, 0, 5, 4, 0, 41, 0, 3, 0, 0, 40, 1, 0, 2, 4, 4, 4, 0, 0, 1, 0, 0, 2, 5, 5, 0, 0, 0, 0, 0, 5, 3, 5, 2, 43, 3, 4, 0, 3, 0, 42, 0, 0, 0, 0, 5, 3, 1, 0, 1, 5, 0, 4, 4, 0, 0, 1, 0, 1, 2, 0, 0, 0, 0, 1, 0, 5, 4, 0, 4, 42, 3, 0, 0, 0, 0, 2, 3, 40, 0, 0, 0, 0, 0, 2, 41, 0, 4, 42, 0, 3, 0, 0, 1, 4, : 2, 4, 2, 3, 1, 1, 1, 3, 5, 2, 3, 4, 1, 5, 4, 41, 3, 40, 1, 2, 4, 4, 4, 1, 2, 5, 5, 5, 3, 5, 2, 43, 3, 4, 3, 42, 5, 3, 1, 1, 5, 4, 4, 1, 1, 2, 1, 5, 4, 4, 42, 3, 2, 3, 40, 2, 41, 4, 42, 3, 1, 4, 
14: 3, 1, 3, 0, 0, 42, 2, 0, 4, 4, 0, 2, 0, 1, 3, 0, 3, 0, 40, 3, 1, 4, 0, 0, 40, 0, 0, 0, 1, 0, 40, 2, 5, 0, 1, 0, 5, 1, 0, 0, 4, 0, 0, 5, 0, 0, 3, 4, 2, 0, 4, 3, 1, 0, 41, 0, 0, 0, 2, 0, 0, 0, 0, 0, 4, 2, 3, 5, 0, 3, 0, 0, 0, 0, 3, 41, 0, 1, 0, 5, 3, 5, 0, 0, 1, 0, 4, 0, 3, 0, 1, 4, 2, 0, 1, 5, 42, 0, 1, 0, 0, 1, 0, 0, 2, 1, 4, 3, 3, 5, 0, 5, 2, 2, 0, 0, 4, 0, 3, 0, : 3, 1, 3, 42, 2, 4, 4, 2, 1, 3, 3, 40, 3, 1, 4, 40, 1, 40, 2, 5, 1, 5, 1, 4, 5, 3, 4, 2, 4, 3, 1, 41, 2, 4, 2, 3, 5, 3, 3, 41, 1, 5, 3, 5, 1, 4, 3, 1, 4, 2, 1, 5, 42, 1, 1, 2, 1, 4, 3, 3, 5, 5, 2, 2, 4, 3, 
59: 5, 0, 0, 2, 41, 0, 0, 0, 3, 2, 0, 1, 43, 0, 1, 0, 0, 1, 0, 3, 0, 0, 0, 0, 3, 0, 4, 0, 5, 3, 0, 0, 4, 0, 0, 0, 1, 5, 1, 0, 5, 4, 2, 0, 0, 0, 5, 0, 5, 0, 0, 0, 0, 2, 3, 1, 3, 0, 3, 41, 2, 40, 4, 0, 0, 0, 1, 2, 0, 2, 3, 0, 1, 1, 0, 2, 0, 0, 43, 0, 0, 0, 0, 3, 0, 0, 0, 2, 0, 1, 0, 5, 2, 0, 3, 2, 1, 0, 0, 0, 0, 2, 2, 0, 0, 0, 0, 0, 4, 3, 42, 3, 0, 0, 4, 0, 0, 0, 0, 0, : 5, 2, 41, 3, 2, 1, 43, 1, 1, 3, 3, 4, 5, 3, 4, 1, 5, 1, 5, 4, 2, 5, 5, 2, 3, 1, 3, 3, 41, 2, 40, 4, 1, 2, 2, 3, 1, 1, 2, 43, 3, 2, 1, 5, 2, 3, 2, 1, 2, 2, 4, 3, 42, 3, 4, 
37: 0, 40, 5, 5, 0, 1, 1, 0, 5, 2, 1, 0, 0, 0, 2, 0, 1, 0, 0, 0, 1, 5, 44, 0, 0, 4, 1, 0, 1, 3, 0, 5, 0, 5, 0, 43, 0, 4, 0, 5, 0, 0, 2, 1, 0, 3, 3, 3, 41, 5, 0, 0, 0, 1, 0, 0, 1, 0, 2, 0, 0, 0, 0, 0, 0, 0, 4, 1, 5, 0, 0, 5, 0, 0, 2, 0, 2, 2, 0, 0, 0, 0, 3, 0, 5, 2, 1, 5, 0, 1, 0, 4, 5, 0, 1, 0, 4, 1, 1, 0, 2, 0, 0, 0, 0, 1, 43, 0, 0, 4, 0, 1, 2, 0, 2, 0, 0, 0, 4, 0, : 40, 5, 5, 1, 1, 5, 2, 1, 2, 1, 1, 5, 44, 4, 1, 1, 3, 5, 5, 43, 4, 5, 2, 1, 3, 3, 3, 41, 5, 1, 1, 2, 4, 1, 5, 5, 2, 2, 2, 3, 5, 2, 1, 5, 1, 4, 5, 1, 4, 1, 1, 2, 1, 43, 4, 1, 2, 2, 4, 
67: 0, 3, 2, 0, 5, 44, 4, 0, 1, 0, 0, 1, 0, 0, 0, 1, 3, 4, 4, 0, 4, 1, 0, 0, 0, 0, 5, 0, 0, 1, 1, 2, 0, 0, 0, 0, 2, 3, 0, 5, 4, 0, 0, 0, 4, 0, 0, 1, 0, 0, 0, 0, 42, 40, 1, 4, 0, 0, 0, 0, 4, 3, 0, 43, 1, 0, 42, 0, 43, 0, 1, 0, 0, 0, 3, 2, 5, 0, 0, 2, 0, 0, 0, 3, 0, 2, 0, 0, 2, 2, 3, 0, 0, 3, 2, 3, 1, 0, 0, 4, 3, 0, 2, 4, 3, 1, 0, 3, 5, 0, 0, 1, 0, 0, 0, 2, 2, 0, 0, 0, : 3, 2, 5, 44, 4, 1, 1, 1, 3, 4, 4, 4, 1, 5, 1, 1, 2, 2, 3, 5, 4, 4, 1, 42, 40, 1, 4, 4, 3, 43, 1, 42, 43, 1, 3, 2, 5, 2, 3, 2, 2, 2, 3, 3, 2, 3, 1, 4, 3, 2, 4, 3, 1, 3, 5, 1, 2, 2, 
76: 41, 3, 0, 0, 0, 1, 0, 3, 1, 2, 1, 40, 0, 0, 5, 4, 1, 0, 0, 0, 0, 0, 0, 5, 3, 4, 3, 0, 1, 0, 5, 0, 0, 0, 0, 1, 3, 1, 3, 3, 0, 3, 0, 0, 0, 0, 0, 0, 3, 5, 0, 42, 0, 1, 0, 0, 3, 0, 4, 0, 3, 3, 3, 3, 2, 5, 3, 0, 0, 4, 0, 0, 4, 0, 4, 3, 0, 0, 3, 0, 0, 3, 0, 44, 42, 0, 5, 3, 5, 0, 0, 0, 0, 5, 44, 0, 5, 0, 3, 0, 2, 0, 0, 3, 4, 0, 4, 0, 0, 0, 3, 0, 0, 0, 5, 44, 0, 0, 1, 0, : 41, 3, 1, 3, 1, 2, 1, 40, 5, 4, 1, 5, 3, 4, 3, 1, 5, 1, 3, 1, 3, 3, 3, 3, 5, 42, 1, 3, 4, 3, 3, 3, 3, 2, 5, 3, 4, 4, 4, 3, 3, 3, 44, 42, 5, 3, 5, 5, 44, 5, 3, 2, 3, 4, 4, 3, 5, 44, 1, 
72: 0, 4, 0, 0, 0, 0, 1, 0, 3, 2, 40, 4, 0, 1, 0, 0, 2, 0, 5, 0, 0, 0, 2, 41, 4, 4, 0, 0, 1, 0, 0, 5, 3, 2, 5, 0, 0, 0, 0, 5, 2, 0, 43, 3, 2, 3, 4, 0, 0, 0, 0, 0, 0, 0, 0, 0, 0, 3, 1, 0, 40, 0, 4, 5, 43, 0, 4, 5, 0, 0, 1, 0, 4, 1, 4, 3, 42, 1, 2, 5, 0, 3, 4, 0, 5, 0, 5, 1, 1, 2, 0, 0, 2, 42, 1, 0, 0, 3, 5, 0, 2, 0, 5, 3, 0, 44, 0, 4, 0, 43, 44, 1, 42, 5, 0, 5, 5, 3, 3, 1, : 4, 1, 3, 2, 40, 4, 1, 2, 5, 2, 41, 4, 4, 1, 5, 3, 2, 5, 5, 2, 43, 3, 2, 3, 4, 3, 1, 40, 4, 5, 43, 4, 5, 1, 4, 1, 4, 3, 42, 1, 2, 5, 3, 4, 5, 5, 1, 1, 2, 2, 42, 1, 3, 5, 2, 5, 3, 44, 4, 43, 44, 1, 42, 5, 5, 5, 3, 3, 1, 
22: 1, 0, 4, 3, 5, 1, 0, 0, 0, 0, 0, 3, 0, 0, 1, 0, 0, 41, 0, 3, 3, 43, 0, 3, 0, 2, 4, 0, 2, 4, 3, 0, 0, 0, 0, 42, 0, 2, 44, 0, 1, 1, 1, 0, 3, 3, 5, 0, 0, 1, 5, 5, 3, 0, 1, 0, 0, 0, 3, 2, 44, 0, 0, 0, 4, 0, 1, 0, 0, 0, 3, 4, 2, 5, 0, 3, 0, 0, 0, 3, 0, 0, 0, 0, 0, 0, 0, 0, 44, 1, 5, 2, 3, 0, 0, 42, 3, 0, 44, 0, 2, 1, 41, 3, 0, 4, 2, 1, 0, 0, 3, 0, 1, 3, 0, 0, 1, 0, 0, 2, : 1, 4, 3, 5, 1, 3, 1, 41, 3, 3, 43, 3, 2, 4, 2, 4, 3, 42, 2, 44, 1, 1, 1, 3, 3, 5, 1, 5, 5, 3, 1, 3, 2, 44, 4, 1, 3, 4, 2, 5, 3, 3, 44, 1, 5, 2, 3, 42, 3, 44, 2, 1, 41, 3, 4, 2, 1, 3, 1, 3, 1, 2, 
3: 0, 0, 0, 4, 3, 0, 0, 0, 3, 5, 2, 2, 0, 2, 3, 5, 0, 2, 0, 0, 0, 5, 0, 1, 0, 2, 1, 42, 5, 2, 0, 2, 0, 2, 1, 0, 4, 0, 5, 5, 5, 0, 1, 4, 4, 44, 0, 2, 0, 1, 0, 1, 5, 0, 5, 0, 5, 0, 3, 41, 0, 0, 0, 0, 3, 0, 0, 3, 0, 3, 0, 1, 0, 5, 0, 4, 0, 1, 1, 4, 0, 42, 0, 0, 5, 0, 1, 3, 0, 4, 5, 0, 1, 0, 3, 0, 0, 5, 0, 3, 0, 0, 0, 5, 2, 4, 1, 0, 0, 4, 0, 0, 5, 3, 0, 1, 44, 0, 0, 1, : 4, 3, 3, 5, 2, 2, 2, 3, 5, 2, 5, 1, 2, 1, 42, 5, 2, 2, 2, 1, 4, 5, 5, 5, 1, 4, 4, 44, 2, 1, 1, 5, 5, 5, 3, 41, 3, 3, 3, 1, 5, 4, 1, 1, 4, 42, 5, 1, 3, 4, 5, 1, 3, 5, 3, 5, 2, 4, 1, 4, 5, 3, 1, 44, 1, 
40: 0, 0, 0, 5, 0, 42, 0, 0, 2, 1, 5, 4, 3, 4, 0, 3, 4, 0, 0, 0, 0, 42, 0, 0, 2, 1, 5, 4, 1, 0, 3, 5, 0, 2, 0, 3, 0, 4, 44, 0, 0, 4, 1, 5, 1, 0, 4, 4, 0, 0, 44, 0, 0, 0, 0, 44, 0, 0, 4, 0, 0, 3, 0, 0, 0, 3, 1, 0, 0, 0, 1, 0, 4, 5, 0, 5, 5, 41, 5, 0, 0, 0, 43, 3, 0, 0, 0, 2, 3, 0, 42, 4, 0, 3, 5, 0, 0, 0, 2, 3, 0, 0, 0, 0, 1, 0, 1, 5, 0, 2, 0, 4, 0, 2, 3, 5, 0, 0, 2, 1, : 5, 42, 2, 1, 5, 4, 3, 4, 3, 4, 42, 2, 1, 5, 4, 1, 3, 5, 2, 3, 4, 44, 4, 1, 5, 1, 4, 4, 44, 44, 4, 3, 3, 1, 1, 4, 5, 5, 5, 41, 5, 43, 3, 2, 3, 42, 4, 3, 5, 2, 3, 1, 1, 5, 2, 4, 2, 3, 5, 2, 1, 
44: 0, 0, 0, 0, 0, 0, 4, 0, 0, 2, 0, 4, 3, 4, 3, 0, 4, 0, 0, 1, 0, 3, 0, 5, 1, 42, 44, 0, 1, 4, 2, 0, 0, 0, 0, 4, 42, 0, 0, 0, 3, 0, 0, 0, 5, 0, 1, 44, 0, 0, 1, 3, 0, 0, 40, 0, 1, 0, 5, 0, 0, 2, 0, 0, 2, 42, 4, 0, 0, 1, 0, 4, 5, 0, 4, 4, 0, 0, 44, 4, 0, 40, 4, 0, 1, 0, 0, 1, 2, 0, 0, 4, 4, 0, 1, 0, 4, 0, 1, 42, 0, 0, 40, 3, 1, 0, 2, 0, 5, 40, 0, 0, 0, 0, 0, 5, 3, 3, 0, 0, : 4, 2, 4, 3, 4, 3, 4, 1, 3, 5, 1, 42, 44, 1, 4, 2, 4, 42, 3, 5, 1, 44, 1, 3, 40, 1, 5, 2, 2, 42, 4, 1, 4, 5, 4, 4, 44, 4, 40, 4, 1, 1, 2, 4, 4, 1, 4, 1, 42, 40, 3, 1, 2, 5, 40, 5, 3, 3, 
17: 0, 0, 3, 2, 5, 0, 0, 0, 0, 2, 3, 0, 0, 0, 42, 0, 0, 43, 0, 0, 0, 2, 2, 0, 3, 0, 3, 1, 0, 0, 2, 4, 0, 0, 0, 1, 0, 0, 0, 4, 4, 5, 0, 0, 0, 0, 2, 0, 5, 0, 2, 0, 5, 1, 0, 0, 4, 0, 42, 0, 0, 0, 0, 5, 3, 0, 5, 0, 0, 1, 0, 0, 2, 0, 5, 2, 2, 0, 5, 3, 0, 3, 1, 0, 0, 5, 0, 0, 0, 2, 0, 0, 0, 1, 4, 5, 4, 1, 1, 0, 0, 5, 0, 4, 4, 0, 2, 0, 0, 0, 0, 1, 0, 3, 0, 1, 40, 0, 0, 5, : 3, 2, 5, 2, 3, 42, 43, 2, 2, 3, 3, 1, 2, 4, 1, 4, 4, 5, 2, 5, 2, 5, 1, 4, 42, 5, 3, 5, 1, 2, 5, 2, 2, 5, 3, 3, 1, 5, 2, 1, 4, 5, 4, 1, 1, 5, 4, 4, 2, 1, 3, 1, 40, 5, 
78: 3, 0, 4, 5, 1, 0, 0, 4, 1, 2, 1, 44, 3, 40, 2, 0, 2, 1, 0, 3, 0, 0, 0, 2, 2, 0, 5, 5, 1, 0, 2, 0, 0, 1, 0, 0, 2, 1, 0, 0, 0, 2, 5, 3, 3, 41, 1, 0, 4, 0, 0, 2, 0, 3, 4, 0, 1, 0, 0, 2, 3, 3, 0, 4, 0, 0, 4, 0, 0, 0, 2, 2, 0, 1, 2, 5, 0, 0, 1, 0, 43, 4, 0, 0, 42, 1, 0, 4, 0, 3, 0, 5, 0, 0, 0, 3, 0, 4, 0, 0, 2, 0, 0, 0, 41, 40, 5, 5, 4, 1, 0, 0, 42, 0, 1, 1, 0, 5, 0, 5, : 3, 4, 5, 1, 4, 1, 2, 1, 44, 3, 40, 2, 2, 1, 3, 2, 2, 5, 5, 1, 2, 1, 2, 1, 2, 5, 3, 3, 41, 1, 4, 2, 3, 4, 1, 2, 3, 3, 4, 4, 2, 2, 1, 2, 5, 1, 43, 4, 42, 1, 4, 3, 5, 3, 4, 2, 41, 40, 5, 5, 4, 1, 42, 1, 1, 5, 5, 
79: 0, 0, 0, 3, 0, 0, 5, 0, 0, 2, 0, 2, 0, 5, 1, 40, 0, 2, 2, 2, 1, 0, 1, 3, 0, 1, 4, 3, 43, 3, 0, 0, 3, 2, 1, 0, 0, 0, 0, 0, 0, 0, 3, 41, 3, 3, 1, 2, 0, 0, 4, 0, 0, 0, 0, 0, 4, 5, 3, 1, 0, 4, 2, 0, 5, 0, 3, 4, 0, 3, 0, 0, 4, 4, 5, 0, 0, 0, 2, 0, 0, 3, 2, 2, 0, 5, 4, 0, 41, 0, 0, 1, 2, 0, 4, 0, 3, 0, 40, 0, 0, 2, 4, 0, 1, 0, 1, 1, 0, 1, 0, 0, 3, 2, 0, 2, 4, 2, 0, 4, : 3, 5, 2, 2, 5, 1, 40, 2, 2, 2, 1, 1, 3, 1, 4, 3, 43, 3, 3, 2, 1, 3, 41, 3, 3, 1, 2, 4, 4, 5, 3, 1, 4, 2, 5, 3, 4, 3, 4, 4, 5, 2, 3, 2, 2, 5, 4, 41, 1, 2, 4, 3, 40, 2, 4, 1, 1, 1, 1, 3, 2, 2, 4, 2, 4, 
8: 43, 0, 42, 0, 0, 4, 1, 0, 1, 5, 4, 3, 0, 3, 4, 3, 3, 1, 0, 0, 2, 40, 0, 0, 0, 0, 1, 0, 0, 2, 0, 0, 44, 0, 0, 5, 0, 1, 2, 0, 5, 4, 0, 1, 0, 0, 5, 42, 4, 4, 3, 0, 44, 0, 0, 0, 0, 0, 2, 0, 0, 0, 40, 0, 5, 0, 0, 0, 0, 0, 0, 1, 0, 1, 0, 0, 1, 5, 5, 0, 0, 0, 0, 0, 2, 0, 0, 1, 4, 2, 0, 0, 0, 0, 3, 0, 1, 5, 40, 2, 5, 0, 0, 0, 1, 0, 0, 0, 1, 0, 0, 0, 1, 0, 5, 1, 0, 0, 2, 0, : 43, 42, 4, 1, 1, 5, 4, 3, 3, 4, 3, 3, 1, 2, 40, 1, 2, 44, 5, 1, 2, 5, 4, 1, 5, 42, 4, 4, 3, 44, 2, 40, 5, 1, 1, 1, 5, 5, 2, 1, 4, 2, 3, 1, 5, 40, 2, 5, 1, 1, 1, 5, 1, 2, 
16: 0, 3, 2, 3, 0, 5, 0, 0, 0, 2, 1, 5, 0, 4, 0, 0, 0, 0, 0, 0, 0, 3, 0, 0, 1, 1, 42, 2, 4, 3, 0, 5, 0, 0, 4, 3, 1, 0, 0, 3, 1, 0, 1, 0, 0, 3, 5, 5, 4, 0, 0, 4, 0, 2, 0, 0, 1, 1, 4, 0, 0, 0, 0, 0, 0, 0, 0, 0, 4, 3, 0, 0, 4, 3, 3, 0, 0, 0, 0, 0, 1, 5, 0, 0, 4, 0, 0, 0, 0, 0, 0, 5, 0, 5, 40, 44, 0, 5, 1, 4, 3, 5, 5, 0, 0, 0, 44, 0, 0, 2, 1, 0, 0, 0, 3, 0, 1, 0, 0, 0, : 3, 2, 3, 5, 2, 1, 5, 4, 3, 1, 1, 42, 2, 4, 3, 5, 4, 3, 1, 3, 1, 1, 3, 5, 5, 4, 4, 2, 1, 1, 4, 4, 3, 4, 3, 3, 1, 5, 4, 5, 5, 40, 44, 5, 1, 4, 3, 5, 5, 44, 2, 1, 3, 1, 
69: 1, 3, 0, 2, 1, 0, 3, 0, 4, 0, 2, 0, 3, 0, 41, 1, 0, 0, 0, 0, 2, 2, 0, 0, 1, 0, 42, 1, 3, 0, 3, 0, 0, 5, 0, 4, 5, 0, 0, 0, 2, 0, 0, 0, 0, 0, 0, 0, 0, 1, 0, 5, 0, 2, 40, 1, 1, 41, 2, 0, 2, 2, 0, 4, 40, 1, 0, 0, 2, 0, 0, 0, 3, 0, 4, 0, 4, 43, 3, 1, 0, 3, 0, 5, 0, 0, 1, 1, 0, 2, 0, 1, 3, 2, 5, 0, 4, 0, 4, 0, 0, 0, 5, 1, 0, 2, 0, 0, 5, 41, 0, 0, 2, 0, 0, 0, 0, 0, 5, 0, : 1, 3, 2, 1, 3, 4, 2, 3, 41, 1, 2, 2, 1, 42, 1, 3, 3, 5, 4, 5, 2, 1, 5, 2, 40, 1, 1, 41, 2, 2, 2, 4, 40, 1, 2, 3, 4, 4, 43, 3, 1, 3, 5, 1, 1, 2, 1, 3, 2, 5, 4, 4, 5, 1, 2, 5, 41, 2, 5, 
60: 0, 5, 0, 42, 0, 5, 0, 1, 0, 5, 3, 2, 0, 4, 2, 0, 0, 0, 0, 0, 41, 2, 3, 5, 0, 0, 0, 0, 4, 0, 1, 0, 0, 0, 0, 0, 1, 2, 1, 0, 0, 4, 4, 0, 40, 0, 5, 0, 3, 0, 1, 5, 0, 3, 0, 2, 0, 0, 5, 0, 0, 0, 0, 4, 5, 0, 40, 0, 0, 5, 3, 2, 0, 3, 4, 41, 0, 0, 0, 0, 0, 0, 4, 0, 1, 3, 0, 3, 0, 0, 0, 1, 0, 0, 5, 1, 5, 0, 0, 0, 0, 0, 0, 0, 2, 2, 3, 0, 0, 0, 0, 1, 0, 3, 42, 1, 0, 2, 4, 0, : 5, 42, 5, 1, 5, 3, 2, 4, 2, 41, 2, 3, 5, 4, 1, 1, 2, 1, 4, 4, 40, 5, 3, 1, 5, 3, 2, 5, 4, 5, 40, 5, 3, 2, 3, 4, 41, 4, 1, 3, 3, 1, 5, 1, 5, 2, 2, 3, 1, 3, 42, 1, 2, 4, 


