
40
40
120
1

23: 4, 0, 0, 4, 3, 0, 3, 2, 1, 0, 0, 4, 5, 4, 0, 0, 0, 0, 0, 1, 5, 2, 3, 2, 0, 5, 0, 0, 0, 1, 0, 0, 3, 4, 0, 4, 1, 2, 2, 0, : 4, 4, 3, 3, 2, 1, 4, 5, 4, 1, 5, 2, 3, 2, 5, 1, 3, 4, 4, 1, 2, 2, 
27: 0, 0, 0, 3, 1, 3, 1, 0, 1, 0, 0, 0, 1, 0, 0, 0, 3, 44, 43, 1, 4, 40, 1, 2, 0, 4, 0, 2, 0, 0, 1, 2, 5, 5, 0, 41, 40, 43, 0, 43, : 3, 1, 3, 1, 1, 1, 3, 44, 43, 1, 4, 40, 1, 2, 4, 2, 1, 2, 5, 5, 41, 40, 43, 43, 
39: 3, 0, 1, 4, 2, 5, 4, 3, 4, 0, 3, 1, 0, 0, 4, 0, 0, 0, 0, 0, 0, 5, 0, 5, 0, 3, 4, 0, 0, 0, 5, 0, 1, 0, 2, 1, 0, 0, 0, 0, : 3, 1, 4, 2, 5, 4, 3, 4, 3, 1, 4, 5, 5, 3, 4, 5, 1, 2, 1, 
17: 0, 5, 0, 2, 0, 2, 0, 1, 2, 0, 0, 3, 3, 0, 0, 4, 0, 0, 0, 41, 3, 1, 0, 3, 0, 0, 0, 0, 0, 0, 3, 0, 4, 4, 0, 0, 2, 3, 3, 0, : 5, 2, 2, 1, 2, 3, 3, 4, 41, 3, 1, 3, 3, 4, 4, 2, 3, 3, 
2: 3, 2, 1, 4, 2, 5, 0, 1, 2, 0, 2, 5, 1, 0, 0, 0, 0, 0, 0, 4, 2, 43, 0, 3, 0, 2, 0, 0, 0, 5, 1, 0, 0, 0, 0, 0, 0, 0, 0, 0, : 3, 2, 1, 4, 2, 5, 1, 2, 2, 5, 1, 4, 2, 43, 3, 2, 5, 1, 
15: 3, 0, 0, 44, 3, 2, 3, 0, 3, 0, 0, 1, 1, 3, 41, 0, 3, 0, 2, 0, 1, 2, 0, 1, 0, 0, 0, 2, 0, 41, 3, 0, 5, 0, 0, 0, 5, 0, 4, 0, : 3, 44, 3, 2, 3, 3, 1, 1, 3, 41, 3, 2, 1, 2, 1, 2, 41, 3, 5, 5, 4, 
37: 3, 0, 0, 0, 2, 3, 5, 3, 4, 0, 2, 2, 1, 44, 0, 0, 0, 0, 0, 0, 5, 5, 1, 2, 0, 0, 0, 4, 40, 4, 0, 0, 2, 4, 0, 0, 0, 0, 0, 0, : 3, 2, 3, 5, 3, 4, 2, 2, 1, 44, 5, 5, 1, 2, 4, 40, 4, 2, 4, 
3: 2, 0, 1, 1, 5, 2, 0, 0, 4, 0, 0, 1, 3, 5, 4, 0, 0, 0, 0, 5, 0, 0, 3, 0, 0, 3, 43, 40, 2, 0, 4, 4, 5, 2, 5, 0, 0, 0, 2, 1, : 2, 1, 1, 5, 2, 4, 1, 3, 5, 4, 5, 3, 3, 43, 40, 2, 4, 4, 5, 2, 5, 2, 1, 
22: 3, 0, 0, 3, 3, 2, 2, 5, 4, 2, 40, 2, 0, 4, 0, 2, 0, 2, 0, 0, 2, 1, 0, 0, 5, 0, 0, 0, 0, 0, 1, 0, 1, 42, 0, 0, 4, 0, 3, 0, : 3, 3, 3, 2, 2, 5, 4, 2, 40, 2, 4, 2, 2, 2, 1, 5, 1, 1, 42, 4, 3, 
6: 2, 0, 0, 0, 0, 0, 5, 0, 5, 3, 0, 0, 1, 0, 0, 40, 0, 0, 3, 0, 0, 0, 0, 0, 2, 3, 0, 44, 1, 2, 0, 5, 0, 0, 42, 2, 44, 0, 5, 2, : 2, 5, 5, 3, 1, 40, 3, 2, 3, 44, 1, 2, 5, 42, 2, 44, 5, 2, 
1: 0, 4, 2, 0, 5, 5, 0, 0, 44, 0, 5, 0, 2, 4, 0, 0, 4, 0, 0, 0, 1, 1, 3, 1, 0, 1, 0, 0, 0, 0, 5, 0, 4, 0, 0, 5, 0, 0, 0, 4, : 4, 2, 5, 5, 44, 5, 2, 4, 4, 1, 1, 3, 1, 1, 5, 4, 5, 4, 
16: 4, 0, 0, 0, 1, 1, 0, 0, 0, 0, 1, 4, 3, 3, 0, 0, 0, 0, 0, 0, 0, 0, 0, 2, 2, 5, 0, 0, 2, 0, 5, 0, 5, 0, 4, 0, 5, 0, 3, 4, : 4, 1, 1, 1, 4, 3, 3, 2, 2, 5, 2, 5, 5, 4, 5, 3, 4, 
30: 3, 0, 1, 4, 0, 1, 43, 0, 0, 0, 5, 3, 4, 0, 1, 0, 0, 0, 0, 2, 2, 0, 0, 3, 0, 1, 44, 0, 0, 5, 3, 0, 0, 0, 4, 0, 0, 0, 3, 0, : 3, 1, 4, 1, 43, 5, 3, 4, 1, 2, 2, 3, 1, 44, 5, 3, 4, 3, 
28: 2, 0, 3, 0, 0, 1, 0, 40, 0, 0, 0, 3, 3, 4, 0, 0, 2, 2, 0, 1, 4, 0, 3, 1, 0, 0, 1, 1, 0, 0, 4, 1, 2, 4, 0, 0, 3, 4, 0, 0, : 2, 3, 1, 40, 3, 3, 4, 2, 2, 1, 4, 3, 1, 1, 1, 4, 1, 2, 4, 3, 4, 
34: 0, 0, 43, 5, 5, 0, 0, 0, 2, 0, 0, 0, 2, 5, 0, 0, 0, 5, 0, 0, 0, 5, 0, 1, 4, 0, 0, 0, 0, 0, 5, 4, 0, 0, 0, 0, 3, 2, 0, 0, : 43, 5, 5, 2, 2, 5, 5, 5, 1, 4, 5, 4, 3, 2, 
25: 0, 40, 5, 1, 3, 0, 0, 2, 1, 3, 0, 5, 5, 2, 0, 4, 0, 0, 5, 0, 4, 2, 0, 4, 0, 5, 0, 2, 3, 0, 0, 0, 5, 0, 0, 0, 0, 1, 41, 0, : 40, 5, 1, 3, 2, 1, 3, 5, 5, 2, 4, 5, 4, 2, 4, 5, 2, 3, 5, 1, 41, 
40: 4, 0, 0, 0, 4, 4, 0, 0, 1, 0, 1, 1, 3, 3, 3, 0, 42, 0, 0, 2, 2, 0, 1, 0, 0, 0, 2, 0, 5, 1, 2, 40, 1, 0, 0, 4, 0, 43, 0, 40, : 4, 4, 4, 1, 1, 1, 3, 3, 3, 42, 2, 2, 1, 2, 5, 1, 2, 40, 1, 4, 43, 40, 
5: 0, 0, 5, 0, 4, 2, 0, 0, 3, 0, 0, 1, 0, 3, 0, 0, 0, 0, 5, 0, 0, 2, 0, 5, 0, 2, 0, 0, 3, 40, 0, 2, 0, 44, 4, 5, 0, 0, 4, 0, : 5, 4, 2, 3, 1, 3, 5, 2, 5, 2, 3, 40, 2, 44, 4, 5, 4, 
18: 3, 0, 5, 3, 0, 1, 0, 0, 0, 0, 2, 5, 2, 4, 42, 1, 0, 0, 0, 0, 4, 1, 3, 0, 0, 5, 2, 0, 0, 0, 0, 0, 2, 5, 0, 5, 0, 0, 5, 5, : 3, 5, 3, 1, 2, 5, 2, 4, 42, 1, 4, 1, 3, 5, 2, 2, 5, 5, 5, 5, 
38: 1, 0, 0, 0, 0, 2, 0, 0, 4, 0, 0, 1, 3, 0, 3, 0, 3, 0, 1, 0, 0, 0, 0, 5, 42, 5, 0, 0, 0, 0, 1, 2, 1, 2, 0, 0, 0, 5, 5, 3, : 1, 2, 4, 1, 3, 3, 3, 1, 5, 42, 5, 1, 2, 1, 2, 5, 5, 3, 
29: 1, 0, 0, 5, 2, 0, 0, 44, 1, 0, 1, 4, 2, 0, 0, 0, 0, 0, 0, 0, 1, 0, 2, 4, 0, 5, 0, 0, 2, 4, 0, 0, 43, 0, 0, 0, 0, 0, 2, 0, : 1, 5, 2, 44, 1, 1, 4, 2, 1, 2, 4, 5, 2, 4, 43, 2, 
8: 1, 0, 2, 4, 0, 2, 0, 2, 4, 0, 0, 4, 0, 0, 0, 1, 41, 5, 0, 40, 1, 0, 0, 3, 0, 3, 1, 1, 0, 0, 4, 4, 2, 1, 0, 0, 2, 4, 0, 0, : 1, 2, 4, 2, 2, 4, 4, 1, 41, 5, 40, 1, 3, 3, 1, 1, 4, 4, 2, 1, 2, 4, 
31: 5, 0, 0, 3, 5, 0, 0, 0, 0, 0, 4, 1, 0, 5, 1, 0, 2, 0, 0, 1, 2, 0, 0, 0, 0, 2, 5, 0, 42, 5, 0, 0, 3, 0, 0, 1, 0, 0, 0, 0, : 5, 3, 5, 4, 1, 5, 1, 2, 1, 2, 2, 5, 42, 5, 3, 1, 
35: 5, 0, 0, 5, 4, 0, 41, 1, 3, 0, 0, 0, 0, 0, 4, 0, 1, 0, 0, 0, 0, 0, 0, 5, 41, 2, 2, 3, 0, 0, 5, 5, 4, 1, 5, 0, 2, 0, 3, 0, : 5, 5, 4, 41, 1, 3, 4, 1, 5, 41, 2, 2, 3, 5, 5, 4, 1, 5, 2, 3, 
4: 0, 0, 0, 4, 2, 2, 0, 2, 0, 42, 0, 0, 1, 0, 0, 5, 2, 4, 0, 0, 5, 0, 2, 2, 5, 0, 0, 1, 1, 1, 0, 0, 2, 0, 4, 43, 0, 0, 3, 0, : 4, 2, 2, 2, 42, 1, 5, 2, 4, 5, 2, 2, 5, 1, 1, 1, 2, 4, 43, 3, 
26: 0, 4, 0, 1, 5, 42, 0, 0, 3, 4, 5, 2, 2, 1, 4, 42, 3, 1, 2, 0, 1, 0, 5, 2, 0, 3, 2, 0, 1, 0, 4, 0, 0, 0, 0, 0, 0, 0, 0, 0, : 4, 1, 5, 42, 3, 4, 5, 2, 2, 1, 4, 42, 3, 1, 2, 1, 5, 2, 3, 2, 1, 4, 
20: 4, 0, 1, 1, 0, 1, 0, 0, 3, 2, 0, 1, 0, 5, 1, 0, 0, 0, 5, 0, 2, 0, 41, 3, 0, 0, 0, 3, 0, 3, 1, 1, 0, 0, 0, 0, 0, 1, 1, 5, : 4, 1, 1, 1, 3, 2, 1, 5, 1, 5, 2, 41, 3, 3, 3, 1, 1, 1, 1, 5, 
13: 1, 2, 0, 3, 1, 3, 0, 0, 5, 41, 42, 3, 3, 1, 3, 0, 0, 4, 0, 2, 5, 1, 0, 0, 0, 2, 0, 2, 0, 0, 0, 41, 0, 0, 0, 1, 2, 0, 5, 5, : 1, 2, 3, 1, 3, 5, 41, 42, 3, 3, 1, 3, 4, 2, 5, 1, 2, 2, 41, 1, 2, 5, 5, 
7: 1, 5, 42, 0, 0, 5, 0, 0, 5, 0, 0, 5, 0, 5, 0, 0, 0, 4, 3, 0, 5, 0, 0, 0, 1, 3, 0, 3, 0, 0, 0, 0, 3, 0, 2, 4, 0, 0, 1, 0, : 1, 5, 42, 5, 5, 5, 5, 4, 3, 5, 1, 3, 3, 3, 2, 4, 1, 
36: 2, 0, 2, 0, 40, 0, 0, 4, 4, 0, 1, 0, 4, 4, 0, 0, 4, 2, 0, 0, 0, 0, 1, 5, 2, 2, 0, 3, 3, 0, 0, 0, 0, 0, 0, 0, 0, 0, 0, 0, : 2, 2, 40, 4, 4, 1, 4, 4, 4, 2, 1, 5, 2, 2, 3, 3, 
19: 4, 2, 0, 4, 4, 0, 5, 0, 0, 5, 0, 3, 1, 0, 4, 0, 4, 0, 0, 0, 5, 0, 3, 0, 0, 0, 0, 0, 4, 3, 3, 2, 0, 2, 0, 0, 0, 0, 3, 0, : 4, 2, 4, 4, 5, 5, 3, 1, 4, 4, 5, 3, 4, 3, 3, 2, 2, 3, 
33: 0, 0, 4, 2, 0, 0, 0, 5, 0, 4, 0, 3, 43, 3, 0, 5, 0, 2, 0, 4, 0, 0, 0, 1, 0, 1, 0, 0, 5, 0, 2, 2, 0, 0, 41, 0, 0, 4, 5, 0, : 4, 2, 5, 4, 3, 43, 3, 5, 2, 4, 1, 1, 5, 2, 2, 41, 4, 5, 
14: 0, 0, 0, 3, 3, 5, 2, 0, 0, 0, 1, 2, 1, 0, 0, 0, 5, 41, 4, 4, 40, 4, 1, 3, 3, 42, 0, 0, 0, 0, 4, 0, 5, 0, 0, 0, 1, 0, 0, 1, : 3, 3, 5, 2, 1, 2, 1, 5, 41, 4, 4, 40, 4, 1, 3, 3, 42, 4, 5, 1, 1, 
10: 3, 43, 0, 2, 5, 5, 0, 3, 0, 0, 0, 0, 4, 5, 2, 0, 0, 0, 0, 0, 0, 0, 0, 1, 0, 0, 2, 5, 2, 0, 2, 0, 1, 0, 0, 0, 3, 0, 5, 2, : 3, 43, 2, 5, 5, 3, 4, 5, 2, 1, 2, 5, 2, 2, 1, 3, 5, 2, 
24: 5, 4, 1, 0, 0, 0, 4, 0, 1, 1, 0, 44, 4, 0, 0, 5, 0, 2, 1, 0, 1, 0, 0, 3, 4, 0, 2, 1, 0, 0, 1, 3, 2, 0, 4, 0, 0, 0, 0, 0, : 5, 4, 1, 4, 1, 1, 44, 4, 5, 2, 1, 1, 3, 4, 2, 1, 1, 3, 2, 4, 
12: 5, 0, 0, 0, 3, 4, 0, 0, 2, 1, 2, 3, 0, 1, 0, 0, 0, 0, 0, 4, 3, 0, 2, 0, 4, 2, 0, 0, 0, 0, 1, 0, 0, 0, 0, 1, 0, 1, 5, 3, : 5, 3, 4, 2, 1, 2, 3, 1, 4, 3, 2, 4, 2, 1, 1, 1, 5, 3, 
32: 1, 0, 1, 0, 0, 3, 0, 2, 0, 5, 0, 1, 1, 0, 2, 3, 0, 1, 44, 3, 0, 0, 43, 0, 0, 5, 5, 3, 0, 5, 0, 2, 5, 0, 3, 0, 0, 0, 0, 0, : 1, 1, 3, 2, 5, 1, 1, 2, 3, 1, 44, 3, 43, 5, 5, 3, 5, 2, 5, 3, 
11: 0, 5, 0, 0, 3, 4, 1, 0, 3, 4, 0, 2, 1, 1, 0, 0, 0, 1, 0, 0, 5, 5, 1, 3, 0, 0, 0, 0, 0, 0, 44, 0, 0, 0, 0, 0, 0, 3, 3, 2, : 5, 3, 4, 1, 3, 4, 2, 1, 1, 1, 5, 5, 1, 3, 44, 3, 3, 2, 
9: 42, 4, 0, 0, 0, 0, 1, 0, 1, 3, 3, 0, 5, 0, 1, 5, 0, 0, 2, 1, 5, 0, 0, 4, 0, 0, 5, 0, 3, 0, 5, 0, 4, 0, 0, 0, 0, 0, 0, 0, : 42, 4, 1, 1, 3, 3, 5, 1, 5, 2, 1, 5, 4, 5, 3, 5, 4, 
21: 0, 0, 0, 5, 0, 3, 0, 0, 0, 0, 0, 0, 5, 1, 0, 3, 1, 0, 0, 4, 0, 0, 1, 41, 5, 4, 0, 0, 1, 0, 1, 0, 0, 0, 0, 3, 3, 4, 4, 0, : 5, 3, 5, 1, 3, 1, 4, 1, 41, 5, 4, 1, 1, 3, 3, 4, 4, 


