
20
100
60
5

75: 0, 1, 4, 2, 0, 4, 4, 3, 0, 4, 0, 0, 0, 0, 0, 3, 3, 0, 0, 0, : 1, 4, 2, 4, 4, 3, 4, 3, 3, 
20: 3, 1, 1, 5, 0, 3, 0, 0, 2, 43, 0, 0, 0, 4, 0, 0, 0, 0, 43, 0, : 3, 1, 1, 5, 3, 2, 43, 4, 43, 
4: 2, 5, 1, 0, 0, 0, 0, 1, 3, 2, 0, 2, 0, 0, 0, 0, 0, 0, 2, 0, : 2, 5, 1, 1, 3, 2, 2, 2, 
34: 2, 1, 1, 0, 44, 0, 0, 4, 0, 0, 0, 0, 3, 0, 2, 0, 0, 5, 1, 3, : 2, 1, 1, 44, 4, 3, 2, 5, 1, 3, 
8: 4, 4, 4, 0, 0, 0, 1, 0, 40, 0, 0, 0, 0, 42, 0, 0, 0, 1, 0, 4, : 4, 4, 4, 1, 40, 42, 1, 4, 
90: 5, 0, 3, 0, 1, 44, 40, 2, 1, 0, 0, 2, 0, 4, 1, 1, 0, 0, 0, 0, : 5, 3, 1, 44, 40, 2, 1, 2, 4, 1, 1, 
26: 4, 0, 4, 0, 0, 1, 0, 0, 0, 1, 3, 1, 42, 0, 0, 0, 0, 42, 5, 5, : 4, 4, 1, 1, 3, 1, 42, 42, 5, 5, 
95: 0, 0, 2, 41, 0, 0, 0, 1, 4, 2, 0, 2, 4, 0, 0, 0, 0, 2, 0, 0, : 2, 41, 1, 4, 2, 2, 4, 2, 
18: 2, 0, 1, 0, 3, 1, 1, 0, 0, 0, 43, 0, 2, 0, 3, 1, 0, 0, 1, 0, : 2, 1, 3, 1, 1, 43, 2, 3, 1, 1, 
13: 5, 0, 3, 0, 1, 0, 2, 0, 0, 0, 0, 1, 0, 1, 0, 5, 0, 0, 0, 0, : 5, 3, 1, 2, 1, 1, 5, 
62: 4, 1, 4, 0, 0, 4, 0, 3, 0, 3, 2, 2, 3, 4, 0, 1, 4, 0, 0, 1, : 4, 1, 4, 4, 3, 3, 2, 2, 3, 4, 1, 4, 1, 
81: 4, 0, 2, 3, 0, 0, 5, 0, 5, 0, 3, 4, 0, 0, 1, 0, 1, 0, 0, 1, : 4, 2, 3, 5, 5, 3, 4, 1, 1, 1, 
77: 3, 4, 3, 0, 5, 0, 0, 0, 0, 3, 5, 1, 0, 5, 42, 0, 0, 3, 0, 4, : 3, 4, 3, 5, 3, 5, 1, 5, 42, 3, 4, 
88: 0, 40, 5, 0, 0, 0, 0, 0, 0, 0, 4, 42, 3, 0, 0, 5, 0, 0, 0, 0, : 40, 5, 4, 42, 3, 5, 
25: 4, 0, 4, 0, 0, 0, 0, 1, 0, 1, 0, 0, 2, 0, 4, 0, 0, 3, 1, 0, : 4, 4, 1, 1, 2, 4, 3, 1, 
53: 5, 1, 4, 5, 0, 2, 3, 2, 5, 0, 0, 0, 1, 0, 0, 0, 0, 1, 4, 0, : 5, 1, 4, 5, 2, 3, 2, 5, 1, 1, 4, 
89: 4, 0, 5, 0, 5, 0, 0, 41, 0, 0, 0, 0, 0, 0, 4, 0, 3, 0, 0, 42, : 4, 5, 5, 41, 4, 3, 42, 
94: 5, 1, 5, 0, 0, 1, 4, 0, 0, 1, 0, 0, 0, 0, 0, 0, 42, 1, 1, 0, : 5, 1, 5, 1, 4, 1, 42, 1, 1, 
65: 2, 1, 3, 4, 1, 0, 0, 0, 0, 0, 0, 3, 0, 0, 3, 0, 3, 2, 0, 0, : 2, 1, 3, 4, 1, 3, 3, 3, 2, 
41: 2, 0, 1, 0, 0, 0, 0, 2, 0, 0, 0, 0, 0, 0, 0, 44, 4, 0, 2, 0, : 2, 1, 2, 44, 4, 2, 


5: 44, 4, 0, 0, 2, 0, 0, 1, 0, 0, 1, 0, 3, 0, 0, 1, 5, 3, 0, 0, : 44, 4, 2, 1, 1, 3, 1, 5, 3, 
51: 0, 4, 0, 41, 5, 0, 0, 5, 0, 0, 1, 40, 5, 0, 0, 0, 4, 4, 1, 0, : 4, 41, 5, 5, 1, 40, 5, 4, 4, 1, 
11: 5, 3, 0, 2, 1, 0, 0, 0, 0, 41, 0, 0, 1, 5, 44, 0, 1, 3, 0, 1, : 5, 3, 2, 1, 41, 1, 5, 44, 1, 3, 1, 
84: 2, 2, 0, 1, 0, 2, 0, 0, 0, 0, 0, 0, 7, 1, 0, 3, 3, 2, 0, 0, : 2, 2, 1, 2, 7, 1, 3, 3, 2, 
59: 3, 2, 2, 0, 0, 1, 0, 2, 0, 0, 44, 0, 2, 4, 3, 0, 4, 2, 0, 0, : 3, 2, 2, 1, 2, 44, 2, 4, 3, 4, 2, 
99: 0, 1, 0, 0, 0, 3, 3, 5, 4, 0, 0, 3, 6, 3, 0, 2, 5, 4, 0, 0, : 1, 3, 3, 5, 4, 3, 6, 3, 2, 5, 4, 
24: 0, 2, 0, 0, 1, 42, 5, 1, 5, 2, 0, 3, 1, 0, 0, 1, 0, 2, 0, 0, : 2, 1, 42, 5, 1, 5, 2, 3, 1, 1, 2, 
35: 0, 4, 1, 0, 0, 0, 0, 2, 0, 0, 0, 0, 2, 0, 4, 0, 3, 2, 0, 0, : 4, 1, 2, 2, 4, 3, 2, 
17: 0, 5, 4, 4, 0, 0, 0, 0, 0, 2, 0, 2, 1, 0, 0, 0, 2, 4, 0, 0, : 5, 4, 4, 2, 2, 1, 2, 4, 
66: 0, 2, 0, 0, 0, 0, 0, 0, 0, 0, 0, 0, 2, 42, 0, 40, 2, 4, 2, 44, : 2, 2, 42, 40, 2, 4, 2, 44, 
70: 0, 2, 4, 3, 0, 0, 44, 0, 0, 0, 0, 0, 2, 0, 2, 2, 5, 1, 40, 1, : 2, 4, 3, 44, 2, 2, 2, 5, 1, 40, 1, 
86: 0, 3, 0, 4, 4, 0, 2, 0, 0, 3, 4, 2, 7, 0, 3, 3, 2, 5, 5, 0, : 3, 4, 4, 2, 3, 4, 2, 7, 3, 3, 2, 5, 5, 
32: 0, 1, 0, 3, 0, 2, 5, 0, 0, 0, 4, 1, 3, 0, 4, 0, 5, 4, 2, 2, : 1, 3, 2, 5, 4, 1, 3, 4, 5, 4, 2, 2, 
1: 2, 2, 3, 0, 1, 4, 0, 0, 0, 0, 0, 0, 4, 0, 0, 5, 4, 4, 0, 2, : 2, 2, 3, 1, 4, 4, 5, 4, 4, 2, 
93: 0, 3, 0, 1, 0, 4, 1, 0, 0, 5, 0, 4, 2, 0, 0, 0, 2, 3, 4, 0, : 3, 1, 4, 1, 5, 4, 2, 2, 3, 4, 
42: 0, 5, 0, 0, 1, 0, 0, 0, 5, 0, 0, 0, 4, 0, 0, 0, 1, 5, 0, 5, : 5, 1, 5, 4, 1, 5, 5, 
64: 0, 2, 44, 0, 1, 0, 0, 44, 0, 0, 0, 2, 2, 1, 0, 3, 4, 3, 3, 0, : 2, 44, 1, 44, 2, 2, 1, 3, 4, 3, 3, 
3: 2, 3, 2, 0, 4, 1, 0, 0, 43, 1, 1, 2, 2, 0, 0, 0, 2, 2, 0, 0, : 2, 3, 2, 4, 1, 43, 1, 1, 2, 2, 2, 2, 
6: 0, 8, 0, 0, 0, 1, 0, 0, 3, 4, 5, 1, 3, 0, 0, 0, 1, 1, 0, 5, : 8, 1, 3, 4, 5, 1, 3, 1, 1, 5, 
45: 2, 2, 0, 1, 40, 0, 0, 0, 0, 2, 0, 0, 1, 4, 0, 0, 5, 2, 3, 0, : 2, 2, 1, 40, 2, 1, 4, 5, 2, 3, 


43: 1, 1, 2, 1, 3, 5, 4, 7, 0, 0, 0, 1, 3, 0, 0, 0, 0, 0, 0, 0, : 1, 1, 2, 1, 3, 5, 4, 7, 1, 3, 
22: 2, 4, 42, 0, 2, 2, 0, 3, 0, 0, 0, 1, 2, 0, 2, 0, 0, 0, 3, 1, : 2, 4, 42, 2, 2, 3, 1, 2, 2, 3, 1, 
92: 0, 2, 0, 4, 2, 2, 4, 4, 0, 2, 0, 4, 5, 0, 1, 0, 2, 2, 0, 0, : 2, 4, 2, 2, 4, 4, 2, 4, 5, 1, 2, 2, 
28: 3, 4, 4, 3, 2, 2, 0, 4, 0, 5, 0, 5, 1, 43, 3, 0, 3, 0, 2, 0, : 3, 4, 4, 3, 2, 2, 4, 5, 5, 1, 43, 3, 3, 2, 
15: 0, 5, 0, 4, 2, 0, 1, 2, 0, 0, 0, 3, 0, 1, 0, 0, 0, 0, 4, 42, : 5, 4, 2, 1, 2, 3, 1, 4, 42, 
72: 5, 1, 0, 3, 5, 5, 0, 1, 0, 0, 0, 3, 1, 5, 0, 0, 0, 0, 0, 0, : 5, 1, 3, 5, 5, 1, 3, 1, 5, 
78: 0, 4, 0, 5, 4, 4, 0, 4, 44, 0, 1, 3, 4, 0, 4, 0, 1, 5, 2, 0, : 4, 5, 4, 4, 4, 44, 1, 3, 4, 4, 1, 5, 2, 
2: 2, 5, 0, 2, 3, 3, 0, 5, 0, 5, 5, 8, 0, 0, 1, 1, 0, 0, 5, 4, : 2, 5, 2, 3, 3, 5, 5, 5, 8, 1, 1, 5, 4, 
36: 0, 5, 0, 5, 1, 5, 0, 3, 1, 0, 0, 6, 5, 2, 1, 44, 0, 43, 0, 0, : 5, 5, 1, 5, 3, 1, 6, 5, 2, 1, 44, 43, 
100: 0, 3, 0, 5, 5, 5, 1, 2, 0, 0, 0, 2, 3, 0, 0, 1, 0, 1, 0, 0, : 3, 5, 5, 5, 1, 2, 2, 3, 1, 1, 
82: 0, 1, 0, 0, 3, 1, 42, 4, 3, 0, 1, 5, 4, 4, 0, 0, 0, 3, 2, 5, : 1, 3, 1, 42, 4, 3, 1, 5, 4, 4, 3, 2, 5, 
9: 44, 1, 3, 5, 4, 0, 1, 2, 1, 0, 0, 4, 2, 0, 0, 0, 0, 0, 0, 0, : 44, 1, 3, 5, 4, 1, 2, 1, 4, 2, 
23: 0, 1, 0, 1, 2, 0, 0, 2, 1, 0, 5, 1, 5, 0, 0, 0, 0, 3, 1, 1, : 1, 1, 2, 2, 1, 5, 1, 5, 3, 1, 1, 
67: 3, 2, 0, 5, 3, 1, 0, 3, 0, 0, 41, 1, 5, 2, 0, 4, 3, 0, 0, 0, : 3, 2, 5, 3, 1, 3, 41, 1, 5, 2, 4, 3, 
91: 0, 4, 0, 3, 5, 5, 4, 1, 0, 0, 1, 1, 4, 1, 0, 1, 1, 0, 0, 1, : 4, 3, 5, 5, 4, 1, 1, 1, 4, 1, 1, 1, 1, 
40: 0, 5, 1, 1, 1, 5, 0, 2, 4, 0, 0, 1, 1, 0, 0, 0, 4, 0, 0, 5, : 5, 1, 1, 1, 5, 2, 4, 1, 1, 4, 5, 
83: 0, 4, 1, 4, 2, 3, 0, 2, 0, 4, 4, 4, 5, 2, 0, 0, 2, 0, 0, 0, : 4, 1, 4, 2, 3, 2, 4, 4, 4, 5, 2, 2, 
27: 0, 3, 4, 0, 1, 5, 3, 3, 4, 3, 2, 1, 3, 0, 0, 4, 1, 3, 0, 1, : 3, 4, 1, 5, 3, 3, 4, 3, 2, 1, 3, 4, 1, 3, 1, 
19: 0, 3, 2, 5, 5, 5, 0, 2, 2, 0, 0, 4, 5, 0, 5, 0, 0, 0, 0, 0, : 3, 2, 5, 5, 5, 2, 2, 4, 5, 5, 
98: 0, 2, 1, 4, 5, 2, 0, 4, 0, 41, 0, 2, 2, 0, 43, 5, 43, 0, 41, 0, : 2, 1, 4, 5, 2, 4, 41, 2, 2, 43, 5, 43, 41, 


44: 2, 2, 5, 0, 0, 1, 0, 0, 41, 2, 0, 3, 3, 5, 0, 0, 3, 0, 4, 5, : 2, 2, 5, 1, 41, 2, 3, 3, 5, 3, 4, 5, 
31: 0, 0, 3, 0, 0, 5, 0, 0, 0, 1, 0, 5, 0, 4, 0, 0, 3, 42, 0, 4, : 3, 5, 1, 5, 4, 3, 42, 4, 
50: 0, 0, 3, 2, 0, 4, 0, 42, 2, 0, 1, 5, 2, 0, 2, 5, 5, 0, 0, 3, : 3, 2, 4, 42, 2, 1, 5, 2, 2, 5, 5, 3, 
46: 0, 0, 3, 3, 0, 5, 0, 0, 0, 0, 5, 3, 0, 41, 0, 5, 3, 0, 0, 1, : 3, 3, 5, 5, 3, 41, 5, 3, 1, 
96: 5, 0, 3, 0, 0, 4, 0, 1, 0, 0, 4, 1, 4, 0, 0, 1, 4, 4, 0, 4, : 5, 3, 4, 1, 4, 1, 4, 1, 4, 4, 4, 
68: 0, 0, 1, 0, 1, 4, 3, 5, 0, 3, 4, 3, 0, 1, 0, 3, 4, 0, 0, 5, : 1, 1, 4, 3, 5, 3, 4, 3, 1, 3, 4, 5, 
52: 1, 0, 4, 0, 4, 4, 2, 0, 0, 4, 5, 1, 0, 0, 0, 0, 3, 3, 0, 3, : 1, 4, 4, 4, 2, 4, 5, 1, 3, 3, 3, 
7: 0, 2, 4, 3, 0, 4, 0, 1, 0, 0, 3, 4, 4, 0, 1, 44, 5, 0, 0, 1, : 2, 4, 3, 4, 1, 3, 4, 4, 1, 44, 5, 1, 
80: 0, 4, 3, 0, 0, 3, 4, 0, 3, 0, 4, 5, 0, 0, 2, 0, 1, 0, 0, 4, : 4, 3, 3, 4, 3, 4, 5, 2, 1, 4, 
76: 1, 44, 3, 0, 44, 5, 3, 0, 3, 0, 0, 3, 2, 1, 2, 0, 2, 3, 1, 4, : 1, 44, 3, 44, 5, 3, 3, 3, 2, 1, 2, 2, 3, 1, 4, 
14: 3, 0, 3, 0, 1, 1, 44, 2, 0, 0, 4, 4, 0, 4, 0, 0, 1, 0, 5, 4, : 3, 3, 1, 1, 44, 2, 4, 4, 4, 1, 5, 4, 
56: 2, 1, 1, 43, 2, 2, 0, 0, 1, 5, 3, 5, 0, 0, 1, 1, 3, 0, 0, 2, : 2, 1, 1, 43, 2, 2, 1, 5, 3, 5, 1, 1, 3, 2, 
48: 0, 0, 2, 0, 0, 1, 4, 0, 1, 5, 5, 3, 0, 0, 0, 0, 4, 3, 3, 4, : 2, 1, 4, 1, 5, 5, 3, 4, 3, 3, 4, 
29: 3, 1, 3, 0, 0, 4, 0, 0, 0, 0, 2, 0, 1, 0, 1, 0, 2, 3, 41, 3, : 3, 1, 3, 4, 2, 1, 1, 2, 3, 41, 3, 
49: 0, 0, 5, 0, 0, 2, 0, 4, 2, 0, 1, 5, 43, 0, 2, 0, 2, 0, 0, 4, : 5, 2, 4, 2, 1, 5, 43, 2, 2, 4, 
58: 2, 0, 1, 0, 0, 2, 0, 0, 0, 40, 4, 1, 0, 4, 4, 0, 4, 1, 4, 2, : 2, 1, 2, 40, 4, 1, 4, 4, 4, 1, 4, 2, 
85: 0, 0, 2, 4, 1, 1, 0, 0, 0, 0, 4, 0, 1, 0, 1, 0, 5, 1, 0, 2, : 2, 4, 1, 1, 4, 1, 1, 5, 1, 2, 
37: 0, 0, 5, 0, 5, 5, 0, 0, 2, 0, 1, 5, 0, 0, 1, 0, 4, 0, 0, 3, : 5, 5, 5, 2, 1, 5, 1, 4, 3, 
61: 0, 4, 2, 0, 0, 1, 0, 2, 3, 0, 5, 2, 0, 0, 0, 1, 1, 0, 2, 1, : 4, 2, 1, 2, 3, 5, 2, 1, 1, 2, 1, 
74: 41, 2, 4, 5, 2, 2, 0, 3, 2, 0, 5, 2, 0, 0, 43, 0, 1, 0, 0, 1, : 41, 2, 4, 5, 2, 2, 3, 2, 5, 2, 43, 1, 1, 


38: 0, 0, 2, 0, 3, 0, 0, 3, 1, 0, 3, 1, 2, 0, 2, 2, 1, 4, 3, 0, : 2, 3, 3, 1, 3, 1, 2, 2, 2, 1, 4, 3, 
87: 4, 3, 0, 0, 0, 40, 5, 4, 0, 0, 2, 0, 2, 5, 0, 1, 5, 1, 4, 1, : 4, 3, 40, 5, 4, 2, 2, 5, 1, 5, 1, 4, 1, 
79: 0, 0, 0, 5, 1, 0, 2, 3, 41, 5, 4, 0, 5, 0, 0, 4, 1, 3, 2, 4, : 5, 1, 2, 3, 41, 5, 4, 5, 4, 1, 3, 2, 4, 
97: 0, 0, 1, 0, 0, 0, 43, 1, 0, 0, 5, 1, 40, 0, 0, 0, 4, 1, 1, 0, : 1, 43, 1, 5, 1, 40, 4, 1, 1, 
16: 4, 2, 4, 3, 0, 3, 0, 0, 0, 5, 5, 0, 0, 0, 1, 3, 4, 4, 3, 2, : 4, 2, 4, 3, 3, 5, 5, 1, 3, 4, 4, 3, 2, 
69: 0, 3, 0, 0, 0, 0, 3, 2, 0, 3, 0, 0, 0, 1, 42, 0, 5, 5, 5, 0, : 3, 3, 2, 3, 1, 42, 5, 5, 5, 
63: 0, 0, 0, 0, 1, 0, 1, 5, 2, 2, 2, 0, 3, 0, 0, 0, 5, 3, 5, 3, : 1, 1, 5, 2, 2, 2, 3, 5, 3, 5, 3, 
71: 0, 4, 0, 0, 0, 0, 0, 5, 4, 0, 3, 0, 0, 0, 5, 0, 3, 1, 3, 0, : 4, 5, 4, 3, 5, 3, 1, 3, 
54: 0, 0, 5, 40, 42, 0, 0, 5, 3, 0, 0, 0, 4, 3, 0, 1, 2, 5, 5, 0, : 5, 40, 42, 5, 3, 4, 3, 1, 2, 5, 5, 
55: 0, 1, 0, 0, 0, 0, 0, 4, 4, 0, 4, 40, 0, 40, 0, 0, 1, 3, 1, 4, : 1, 4, 4, 4, 40, 40, 1, 3, 1, 4, 
33: 2, 3, 0, 5, 0, 0, 5, 4, 0, 0, 5, 0, 1, 0, 0, 0, 2, 4, 1, 0, : 2, 3, 5, 5, 4, 5, 1, 2, 4, 1, 
10: 0, 0, 0, 0, 1, 5, 0, 2, 0, 0, 1, 0, 0, 0, 0, 0, 4, 3, 3, 0, : 1, 5, 2, 1, 4, 3, 3, 
30: 5, 1, 0, 1, 1, 0, 0, 1, 0, 0, 2, 1, 0, 0, 5, 0, 2, 3, 3, 42, : 5, 1, 1, 1, 1, 2, 1, 5, 2, 3, 3, 42, 
57: 40, 43, 0, 3, 3, 0, 1, 4, 1, 1, 4, 5, 0, 0, 0, 0, 2, 1, 1, 1, : 40, 43, 3, 3, 1, 4, 1, 1, 4, 5, 2, 1, 1, 1, 
73: 3, 0, 0, 0, 1, 2, 0, 5, 0, 43, 1, 2, 0, 0, 2, 40, 5, 1, 4, 1, : 3, 1, 2, 5, 43, 1, 2, 2, 40, 5, 1, 4, 1, 
12: 0, 0, 4, 0, 0, 1, 0, 1, 0, 0, 3, 0, 0, 1, 0, 2, 3, 3, 4, 0, : 4, 1, 1, 3, 1, 2, 3, 3, 4, 
39: 0, 0, 0, 0, 2, 0, 0, 0, 0, 1, 4, 3, 1, 0, 0, 0, 4, 5, 1, 0, : 2, 1, 4, 3, 1, 4, 5, 1, 
47: 0, 0, 0, 0, 4, 0, 0, 2, 3, 0, 5, 5, 1, 4, 0, 0, 5, 4, 2, 2, : 4, 2, 3, 5, 5, 1, 4, 5, 4, 2, 2, 
60: 0, 0, 0, 0, 1, 5, 0, 4, 1, 0, 5, 2, 1, 2, 3, 4, 1, 3, 4, 0, : 1, 5, 4, 1, 5, 2, 1, 2, 3, 4, 1, 3, 4, 
21: 2, 0, 44, 3, 0, 4, 0, 5, 0, 0, 2, 0, 0, 4, 0, 3, 1, 3, 5, 0, : 2, 44, 3, 4, 5, 2, 4, 3, 1, 3, 5, 


