
20
20
60
1

13: 0, 0, 2, 0, 0, 2, 2, 1, 3, 0, 0, 43, 3, 40, 1, 0, 41, 5, 4, 0, : 2, 2, 2, 1, 3, 43, 3, 40, 1, 41, 5, 4, 
19: 0, 0, 2, 3, 3, 3, 0, 2, 1, 42, 0, 5, 0, 2, 0, 3, 0, 0, 4, 0, : 2, 3, 3, 3, 2, 1, 42, 5, 2, 3, 4, 
5: 0, 0, 0, 1, 0, 2, 0, 3, 1, 0, 1, 0, 1, 4, 0, 0, 1, 0, 3, 5, : 1, 2, 3, 1, 1, 1, 4, 1, 3, 5, 
17: 0, 0, 4, 0, 3, 0, 0, 4, 3, 0, 0, 3, 5, 2, 0, 1, 0, 1, 5, 2, : 4, 3, 4, 3, 3, 5, 2, 1, 1, 5, 2, 
10: 0, 0, 2, 0, 42, 3, 0, 4, 3, 0, 0, 0, 2, 0, 0, 0, 1, 3, 1, 0, : 2, 42, 3, 4, 3, 2, 1, 3, 1, 
9: 0, 5, 1, 0, 0, 0, 0, 1, 2, 4, 0, 0, 2, 0, 40, 0, 3, 3, 1, 0, : 5, 1, 1, 2, 4, 2, 40, 3, 3, 1, 
18: 0, 0, 0, 0, 0, 0, 3, 4, 4, 0, 42, 1, 0, 1, 0, 0, 1, 5, 3, 0, : 3, 4, 4, 42, 1, 1, 1, 5, 3, 
7: 5, 0, 41, 0, 1, 0, 4, 4, 2, 4, 0, 1, 0, 5, 0, 4, 5, 2, 3, 1, : 5, 41, 1, 4, 4, 2, 4, 1, 5, 4, 5, 2, 3, 1, 
8: 5, 0, 1, 5, 0, 2, 0, 5, 6, 0, 0, 0, 0, 1, 0, 0, 0, 4, 4, 0, : 5, 1, 5, 2, 5, 6, 1, 4, 4, 
14: 0, 0, 1, 0, 0, 0, 0, 2, 2, 1, 0, 0, 0, 0, 2, 0, 3, 5, 3, 5, : 1, 2, 2, 1, 2, 3, 5, 3, 5, 
3: 0, 5, 0, 0, 0, 0, 1, 1, 4, 0, 0, 0, 0, 3, 5, 1, 0, 1, 4, 0, : 5, 1, 1, 4, 3, 5, 1, 1, 4, 
11: 3, 0, 0, 0, 5, 0, 0, 2, 2, 0, 3, 1, 0, 1, 0, 0, 1, 4, 2, 0, : 3, 5, 2, 2, 3, 1, 1, 1, 4, 2, 
2: 0, 0, 0, 1, 0, 2, 0, 5, 4, 0, 5, 0, 0, 0, 0, 0, 0, 3, 3, 0, : 1, 2, 5, 4, 5, 3, 3, 
15: 1, 0, 0, 5, 0, 40, 0, 5, 3, 5, 1, 0, 0, 1, 0, 44, 0, 2, 5, 0, : 1, 5, 40, 5, 3, 5, 1, 1, 44, 2, 5, 
6: 43, 0, 2, 0, 0, 0, 1, 4, 3, 3, 0, 1, 0, 0, 0, 3, 3, 4, 3, 41, : 43, 2, 1, 4, 3, 3, 1, 3, 3, 4, 3, 41, 
4: 0, 0, 2, 40, 5, 3, 3, 1, 5, 0, 0, 0, 44, 0, 0, 0, 0, 4, 1, 0, : 2, 40, 5, 3, 3, 1, 5, 44, 4, 1, 
20: 0, 0, 1, 5, 0, 0, 2, 3, 4, 0, 0, 0, 0, 0, 3, 0, 0, 4, 3, 1, : 1, 5, 2, 3, 4, 3, 4, 3, 1, 
16: 3, 43, 0, 0, 1, 0, 0, 3, 4, 0, 0, 5, 0, 0, 0, 0, 0, 1, 2, 5, : 3, 43, 1, 3, 4, 5, 1, 2, 5, 
12: 0, 5, 0, 0, 0, 3, 0, 5, 3, 0, 3, 0, 0, 0, 4, 0, 1, 5, 3, 0, : 5, 3, 5, 3, 3, 4, 1, 5, 3, 
1: 0, 2, 1, 0, 0, 0, 44, 1, 1, 1, 5, 0, 3, 0, 5, 4, 0, 4, 3, 0, : 2, 1, 44, 1, 1, 1, 5, 3, 5, 4, 4, 3, 


