
40
20
60
1

16: 0, 0, 0, 3, 4, 0, 0, 4, 1, 0, 4, 4, 4, 5, 3, 0, 2, 0, 4, 3, 3, 3, 1, 2, 0, 0, 0, 2, 2, 40, 5, 0, 3, 4, 5, 0, 1, 1, 0, 0, : 3, 4, 4, 1, 4, 4, 4, 5, 3, 2, 4, 3, 3, 3, 1, 2, 2, 2, 40, 5, 3, 4, 5, 1, 1, 
13: 0, 5, 3, 40, 0, 1, 0, 0, 4, 0, 0, 1, 3, 1, 4, 43, 0, 5, 0, 3, 1, 0, 0, 0, 2, 0, 0, 0, 2, 0, 4, 0, 5, 1, 0, 0, 0, 5, 0, 0, : 5, 3, 40, 1, 4, 1, 3, 1, 4, 43, 5, 3, 1, 2, 2, 4, 5, 1, 5, 
20: 0, 4, 42, 3, 4, 0, 5, 0, 5, 4, 0, 0, 1, 1, 2, 0, 2, 0, 0, 1, 0, 0, 3, 0, 4, 2, 5, 0, 1, 0, 4, 0, 2, 0, 2, 0, 3, 4, 1, 41, : 4, 42, 3, 4, 5, 5, 4, 1, 1, 2, 2, 1, 3, 4, 2, 5, 1, 4, 2, 2, 3, 4, 1, 41, 
6: 0, 0, 0, 5, 5, 0, 0, 0, 2, 1, 40, 0, 1, 3, 2, 3, 5, 4, 1, 3, 5, 1, 0, 0, 0, 2, 0, 2, 4, 4, 4, 1, 3, 0, 5, 3, 1, 3, 0, 0, : 5, 5, 2, 1, 40, 1, 3, 2, 3, 5, 4, 1, 3, 5, 1, 2, 2, 4, 4, 4, 1, 3, 5, 3, 1, 3, 
5: 0, 0, 0, 0, 2, 0, 0, 1, 2, 0, 0, 3, 4, 1, 5, 0, 2, 0, 0, 5, 0, 43, 4, 5, 41, 0, 0, 1, 2, 0, 5, 44, 3, 0, 3, 0, 44, 5, 0, 3, : 2, 1, 2, 3, 4, 1, 5, 2, 5, 43, 4, 5, 41, 1, 2, 5, 44, 3, 3, 44, 5, 3, 
17: 0, 0, 1, 0, 0, 0, 4, 0, 2, 2, 0, 0, 2, 5, 3, 0, 0, 0, 0, 7, 1, 0, 0, 1, 0, 1, 0, 0, 2, 3, 4, 0, 1, 0, 1, 44, 0, 1, 0, 0, : 1, 4, 2, 2, 2, 5, 3, 7, 1, 1, 1, 2, 3, 4, 1, 1, 44, 1, 
14: 1, 0, 3, 0, 0, 0, 3, 5, 5, 0, 0, 1, 2, 4, 1, 0, 0, 4, 1, 1, 1, 2, 0, 1, 0, 41, 0, 0, 2, 0, 2, 0, 4, 0, 3, 0, 0, 0, 5, 0, : 1, 3, 3, 5, 5, 1, 2, 4, 1, 4, 1, 1, 1, 2, 1, 41, 2, 2, 4, 3, 5, 
19: 1, 5, 0, 0, 0, 3, 1, 3, 4, 0, 0, 41, 1, 5, 4, 1, 3, 0, 0, 3, 5, 2, 40, 0, 0, 0, 0, 0, 5, 4, 4, 0, 1, 1, 1, 2, 4, 5, 44, 3, : 1, 5, 3, 1, 3, 4, 41, 1, 5, 4, 1, 3, 3, 5, 2, 40, 5, 4, 4, 1, 1, 1, 2, 4, 5, 44, 3, 
9: 0, 5, 2, 2, 0, 0, 0, 0, 3, 42, 2, 5, 1, 3, 5, 0, 1, 2, 1, 5, 0, 0, 0, 0, 0, 0, 5, 0, 2, 0, 3, 2, 3, 1, 2, 0, 0, 3, 4, 0, : 5, 2, 2, 3, 42, 2, 5, 1, 3, 5, 1, 2, 1, 5, 5, 2, 3, 2, 3, 1, 2, 3, 4, 
8: 0, 0, 0, 0, 0, 0, 1, 0, 3, 0, 1, 0, 3, 3, 2, 0, 0, 0, 2, 5, 4, 0, 0, 4, 0, 0, 42, 0, 4, 5, 1, 0, 1, 2, 4, 0, 0, 2, 1, 5, : 1, 3, 1, 3, 3, 2, 2, 5, 4, 4, 42, 4, 5, 1, 1, 2, 4, 2, 1, 5, 
4: 0, 0, 4, 1, 0, 0, 0, 0, 1, 2, 0, 0, 3, 3, 4, 0, 0, 0, 3, 4, 40, 4, 0, 0, 0, 0, 0, 0, 5, 0, 4, 0, 1, 4, 4, 0, 1, 4, 0, 0, : 4, 1, 1, 2, 3, 3, 4, 3, 4, 40, 4, 5, 4, 1, 4, 4, 1, 4, 
12: 0, 0, 0, 4, 0, 5, 2, 4, 9, 3, 0, 2, 2, 9, 1, 1, 0, 3, 1, 2, 0, 0, 1, 0, 0, 0, 0, 0, 1, 3, 3, 4, 5, 0, 3, 0, 2, 2, 0, 0, : 4, 5, 2, 4, 9, 3, 2, 2, 9, 1, 1, 3, 1, 2, 1, 1, 3, 3, 4, 5, 3, 2, 2, 
15: 0, 0, 1, 0, 40, 0, 0, 2, 3, 0, 0, 0, 3, 5, 1, 2, 2, 0, 0, 2, 0, 0, 0, 2, 1, 4, 0, 0, 5, 0, 5, 0, 4, 0, 5, 3, 2, 4, 0, 0, : 1, 40, 2, 3, 3, 5, 1, 2, 2, 2, 2, 1, 4, 5, 5, 4, 5, 3, 2, 4, 
2: 4, 0, 0, 0, 2, 0, 0, 41, 4, 0, 4, 0, 1, 2, 4, 0, 0, 0, 0, 4, 0, 0, 4, 0, 0, 0, 0, 4, 4, 0, 2, 4, 1, 0, 2, 0, 0, 2, 0, 0, : 4, 2, 41, 4, 4, 1, 2, 4, 4, 4, 4, 4, 2, 4, 1, 2, 2, 
1: 4, 41, 0, 0, 0, 2, 0, 0, 4, 0, 4, 0, 3, 3, 2, 4, 0, 0, 1, 3, 0, 0, 0, 0, 4, 2, 0, 41, 4, 0, 3, 0, 7, 0, 0, 3, 0, 4, 0, 0, : 4, 41, 2, 4, 4, 3, 3, 2, 4, 1, 3, 4, 2, 41, 4, 3, 7, 3, 4, 
7: 0, 0, 0, 0, 1, 0, 42, 0, 3, 0, 1, 0, 4, 1, 2, 4, 0, 0, 0, 3, 0, 4, 0, 0, 0, 0, 0, 5, 1, 0, 0, 3, 1, 0, 4, 0, 0, 2, 0, 3, : 1, 42, 3, 1, 4, 1, 2, 4, 3, 4, 5, 1, 3, 1, 4, 2, 3, 
11: 4, 0, 2, 1, 0, 0, 0, 0, 1, 0, 0, 0, 9, 1, 5, 0, 3, 0, 40, 1, 0, 0, 1, 1, 5, 2, 4, 0, 2, 0, 1, 0, 9, 0, 4, 0, 0, 2, 0, 5, : 4, 2, 1, 1, 9, 1, 5, 3, 40, 1, 1, 1, 5, 2, 4, 2, 1, 9, 4, 2, 5, 
10: 0, 0, 0, 0, 2, 2, 0, 0, 1, 0, 4, 0, 4, 1, 5, 0, 40, 0, 2, 1, 0, 0, 0, 44, 0, 1, 0, 0, 4, 0, 3, 2, 3, 2, 3, 0, 1, 4, 0, 0, : 2, 2, 1, 4, 4, 1, 5, 40, 2, 1, 44, 1, 4, 3, 2, 3, 2, 3, 1, 4, 
18: 4, 0, 2, 1, 0, 44, 2, 0, 2, 5, 0, 0, 4, 1, 2, 0, 0, 42, 0, 3, 0, 0, 4, 0, 3, 2, 0, 4, 5, 1, 1, 0, 2, 44, 4, 5, 1, 2, 0, 0, : 4, 2, 1, 44, 2, 2, 5, 4, 1, 2, 42, 3, 4, 3, 2, 4, 5, 1, 1, 2, 44, 4, 5, 1, 2, 
3: 42, 0, 0, 0, 0, 3, 0, 0, 1, 1, 0, 3, 5, 3, 3, 2, 0, 0, 4, 1, 0, 1, 2, 0, 0, 3, 4, 1, 3, 0, 2, 0, 1, 1, 5, 0, 0, 5, 5, 0, : 42, 3, 1, 1, 3, 5, 3, 3, 2, 4, 1, 1, 2, 3, 4, 1, 3, 2, 1, 1, 5, 5, 5, 


