
40
40
120
1

31: 0, 0, 0, 0, 1, 0, 2, 4, 4, 5, 1, 0, 0, 0, 0, 0, 0, 3, 1, 3, 0, 2, 0, 4, 0, 0, 1, 0, 3, 5, 4, 0, 0, 0, 5, 0, 2, 2, 1, 0, : 1, 2, 4, 4, 5, 1, 3, 1, 3, 2, 4, 1, 3, 5, 4, 5, 2, 2, 1, 
23: 0, 0, 0, 0, 0, 4, 2, 5, 0, 1, 0, 0, 4, 1, 2, 5, 0, 3, 1, 41, 0, 0, 44, 0, 0, 0, 4, 4, 0, 3, 2, 44, 0, 0, 0, 2, 2, 42, 0, 0, : 4, 2, 5, 1, 4, 1, 2, 5, 3, 1, 41, 44, 4, 4, 3, 2, 44, 2, 2, 42, 
11: 0, 0, 0, 0, 0, 0, 2, 1, 0, 0, 0, 0, 44, 2, 4, 0, 0, 0, 2, 0, 0, 5, 0, 0, 2, 0, 2, 3, 1, 3, 0, 0, 0, 0, 0, 1, 0, 1, 3, 0, : 2, 1, 44, 2, 4, 2, 5, 2, 2, 3, 1, 3, 1, 1, 3, 
4: 0, 40, 4, 4, 4, 4, 2, 0, 0, 0, 0, 1, 2, 0, 42, 0, 0, 0, 2, 4, 0, 0, 0, 5, 2, 0, 0, 1, 0, 4, 0, 5, 44, 0, 0, 5, 1, 3, 2, 2, : 40, 4, 4, 4, 4, 2, 1, 2, 42, 2, 4, 5, 2, 1, 4, 5, 44, 5, 1, 3, 2, 2, 
22: 0, 3, 0, 0, 5, 0, 0, 0, 0, 1, 1, 0, 5, 0, 3, 0, 0, 0, 0, 5, 3, 0, 0, 5, 0, 1, 0, 5, 0, 0, 5, 0, 0, 1, 0, 2, 0, 2, 0, 4, : 3, 5, 1, 1, 5, 3, 5, 3, 5, 1, 5, 5, 1, 2, 2, 4, 
26: 5, 0, 4, 1, 1, 5, 4, 0, 2, 0, 3, 1, 0, 0, 2, 0, 0, 0, 2, 0, 0, 0, 0, 0, 2, 0, 3, 0, 0, 0, 2, 0, 0, 0, 3, 2, 4, 3, 5, 2, : 5, 4, 1, 1, 5, 4, 2, 3, 1, 2, 2, 2, 3, 2, 3, 2, 4, 3, 5, 2, 
36: 0, 1, 0, 5, 0, 0, 1, 0, 2, 3, 1, 5, 4, 43, 0, 0, 0, 0, 0, 0, 5, 0, 0, 0, 0, 0, 3, 4, 0, 0, 5, 0, 4, 0, 0, 3, 0, 2, 3, 0, : 1, 5, 1, 2, 3, 1, 5, 4, 43, 5, 3, 4, 5, 4, 3, 2, 3, 
1: 0, 3, 43, 0, 3, 40, 1, 4, 2, 0, 2, 5, 0, 0, 0, 0, 0, 2, 40, 1, 0, 2, 0, 4, 0, 0, 4, 4, 0, 0, 0, 4, 0, 1, 0, 1, 3, 3, 0, 4, : 3, 43, 3, 40, 1, 4, 2, 2, 5, 2, 40, 1, 2, 4, 4, 4, 4, 1, 1, 3, 3, 4, 
21: 0, 0, 0, 1, 0, 0, 5, 0, 0, 0, 4, 0, 5, 3, 3, 4, 0, 5, 0, 5, 0, 2, 0, 3, 0, 3, 5, 1, 3, 2, 4, 4, 0, 2, 3, 5, 2, 1, 2, 1, : 1, 5, 4, 5, 3, 3, 4, 5, 5, 2, 3, 3, 5, 1, 3, 2, 4, 4, 2, 3, 5, 2, 1, 2, 1, 
35: 0, 4, 0, 0, 0, 0, 3, 5, 0, 2, 0, 1, 4, 0, 2, 0, 4, 0, 1, 2, 0, 0, 0, 40, 0, 5, 0, 2, 0, 0, 1, 0, 2, 0, 43, 3, 1, 1, 2, 0, : 4, 3, 5, 2, 1, 4, 2, 4, 1, 2, 40, 5, 2, 1, 2, 43, 3, 1, 1, 2, 
16: 0, 0, 0, 0, 1, 0, 1, 1, 3, 4, 5, 0, 0, 0, 0, 0, 0, 2, 0, 0, 0, 0, 2, 1, 0, 0, 3, 5, 4, 4, 2, 0, 0, 5, 0, 5, 1, 4, 5, 0, : 1, 1, 1, 3, 4, 5, 2, 2, 1, 3, 5, 4, 4, 2, 5, 5, 1, 4, 5, 
18: 2, 2, 4, 0, 4, 0, 5, 5, 5, 0, 0, 4, 5, 2, 2, 0, 0, 0, 0, 1, 43, 0, 5, 0, 0, 0, 2, 41, 2, 2, 1, 0, 0, 5, 0, 1, 1, 4, 0, 0, : 2, 2, 4, 4, 5, 5, 5, 4, 5, 2, 2, 1, 43, 5, 2, 41, 2, 2, 1, 5, 1, 1, 4, 
39: 0, 3, 0, 0, 4, 0, 2, 0, 1, 0, 4, 3, 0, 0, 3, 5, 4, 4, 3, 2, 2, 0, 42, 3, 5, 0, 3, 0, 0, 5, 0, 0, 2, 2, 0, 5, 2, 0, 4, 40, : 3, 4, 2, 1, 4, 3, 3, 5, 4, 4, 3, 2, 2, 42, 3, 5, 3, 5, 2, 2, 5, 2, 4, 40, 
9: 0, 3, 2, 0, 5, 40, 1, 4, 0, 0, 0, 42, 4, 1, 0, 0, 44, 0, 4, 0, 1, 0, 3, 4, 0, 4, 0, 4, 4, 4, 5, 40, 3, 0, 0, 0, 3, 1, 0, 0, : 3, 2, 5, 40, 1, 4, 42, 4, 1, 44, 4, 1, 3, 4, 4, 4, 4, 4, 5, 40, 3, 3, 1, 
33: 5, 0, 0, 0, 1, 0, 0, 0, 0, 43, 0, 1, 3, 0, 1, 0, 44, 0, 0, 0, 5, 0, 0, 0, 3, 4, 5, 1, 0, 4, 4, 1, 0, 0, 2, 3, 3, 2, 2, 0, : 5, 1, 43, 1, 3, 1, 44, 5, 3, 4, 5, 1, 4, 4, 1, 2, 3, 3, 2, 2, 
28: 4, 42, 1, 0, 2, 0, 5, 0, 0, 0, 0, 5, 2, 0, 0, 0, 4, 2, 4, 4, 2, 4, 0, 0, 0, 0, 5, 1, 0, 0, 2, 0, 0, 5, 0, 0, 0, 0, 1, 0, : 4, 42, 1, 2, 5, 5, 2, 4, 2, 4, 4, 2, 4, 5, 1, 2, 5, 1, 
6: 2, 0, 1, 0, 3, 4, 0, 0, 42, 0, 1, 3, 0, 0, 2, 44, 0, 0, 0, 0, 0, 3, 0, 3, 0, 0, 4, 0, 0, 0, 3, 0, 0, 0, 0, 0, 3, 1, 4, 0, : 2, 1, 3, 4, 42, 1, 3, 2, 44, 3, 3, 4, 3, 3, 1, 4, 
19: 0, 0, 1, 0, 0, 0, 5, 0, 0, 0, 5, 0, 0, 3, 3, 0, 0, 1, 0, 0, 0, 0, 0, 0, 42, 1, 0, 0, 0, 0, 0, 0, 3, 0, 0, 5, 5, 1, 43, 0, : 1, 5, 5, 3, 3, 1, 42, 1, 3, 5, 5, 1, 43, 
30: 0, 0, 5, 0, 0, 0, 3, 5, 2, 0, 0, 1, 5, 3, 4, 3, 3, 0, 44, 0, 0, 0, 1, 0, 0, 0, 1, 2, 0, 2, 0, 0, 41, 0, 1, 0, 3, 4, 0, 0, : 5, 3, 5, 2, 1, 5, 3, 4, 3, 3, 44, 1, 1, 2, 2, 41, 1, 3, 4, 
14: 0, 4, 0, 5, 0, 5, 1, 5, 0, 0, 3, 0, 0, 4, 0, 0, 0, 0, 1, 1, 3, 3, 0, 5, 0, 5, 0, 5, 0, 0, 3, 0, 1, 0, 1, 2, 2, 3, 1, 4, : 4, 5, 5, 1, 5, 3, 4, 1, 1, 3, 3, 5, 5, 5, 3, 1, 1, 2, 2, 3, 1, 4, 
12: 0, 0, 0, 1, 0, 0, 5, 0, 2, 4, 1, 4, 0, 0, 5, 0, 3, 3, 4, 4, 5, 0, 3, 0, 4, 0, 1, 0, 0, 2, 5, 5, 0, 42, 5, 3, 4, 0, 1, 1, : 1, 5, 2, 4, 1, 4, 5, 3, 3, 4, 4, 5, 3, 4, 1, 2, 5, 5, 42, 5, 3, 4, 1, 1, 
13: 5, 2, 0, 0, 5, 0, 5, 0, 0, 2, 0, 2, 0, 41, 1, 43, 5, 0, 0, 2, 4, 5, 1, 0, 4, 0, 2, 0, 0, 0, 0, 3, 0, 0, 0, 2, 2, 2, 3, 0, : 5, 2, 5, 5, 2, 2, 41, 1, 43, 5, 2, 4, 5, 1, 4, 2, 3, 2, 2, 2, 3, 
37: 0, 4, 0, 0, 1, 0, 3, 43, 5, 0, 0, 4, 0, 0, 5, 2, 0, 0, 0, 5, 0, 0, 1, 0, 0, 0, 4, 1, 4, 2, 1, 3, 5, 3, 0, 1, 3, 2, 0, 0, : 4, 1, 3, 43, 5, 4, 5, 2, 5, 1, 4, 1, 4, 2, 1, 3, 5, 3, 1, 3, 2, 
8: 43, 0, 0, 0, 1, 5, 0, 0, 0, 0, 0, 5, 2, 3, 5, 0, 1, 0, 0, 2, 0, 0, 1, 40, 0, 0, 2, 0, 4, 5, 0, 0, 1, 0, 0, 2, 4, 2, 5, 2, : 43, 1, 5, 5, 2, 3, 5, 1, 2, 1, 40, 2, 4, 5, 1, 2, 4, 2, 5, 2, 
5: 5, 3, 0, 44, 4, 0, 0, 0, 2, 1, 40, 3, 2, 4, 1, 0, 0, 3, 1, 0, 0, 0, 0, 0, 0, 1, 3, 0, 0, 0, 5, 0, 1, 44, 0, 0, 0, 1, 0, 0, : 5, 3, 44, 4, 2, 1, 40, 3, 2, 4, 1, 3, 1, 1, 3, 5, 1, 44, 1, 
15: 4, 0, 0, 0, 3, 1, 3, 5, 2, 0, 0, 0, 5, 0, 2, 0, 0, 1, 0, 0, 0, 2, 3, 0, 40, 0, 0, 4, 0, 5, 2, 0, 4, 0, 0, 0, 41, 3, 0, 0, : 4, 3, 1, 3, 5, 2, 5, 2, 1, 2, 3, 40, 4, 5, 2, 4, 41, 3, 
24: 0, 0, 0, 0, 3, 0, 0, 2, 0, 0, 1, 2, 4, 0, 0, 0, 0, 0, 2, 3, 0, 0, 0, 0, 0, 44, 2, 4, 0, 0, 2, 0, 0, 0, 0, 0, 4, 0, 1, 3, : 3, 2, 1, 2, 4, 2, 3, 44, 2, 4, 2, 4, 1, 3, 
17: 0, 1, 2, 0, 0, 3, 1, 0, 0, 1, 0, 0, 0, 0, 4, 0, 0, 3, 0, 1, 0, 2, 4, 0, 0, 0, 0, 0, 40, 5, 42, 0, 2, 0, 5, 2, 2, 3, 5, 0, : 1, 2, 3, 1, 1, 4, 3, 1, 2, 4, 40, 5, 42, 2, 5, 2, 2, 3, 5, 
40: 0, 0, 0, 0, 0, 0, 0, 5, 0, 0, 1, 0, 2, 0, 3, 3, 0, 0, 0, 3, 0, 41, 0, 0, 0, 0, 4, 0, 41, 1, 1, 2, 4, 0, 0, 2, 2, 1, 2, 0, : 5, 1, 2, 3, 3, 3, 41, 4, 41, 1, 1, 2, 4, 2, 2, 1, 2, 
32: 1, 2, 0, 0, 5, 2, 0, 3, 0, 3, 0, 5, 0, 0, 4, 5, 0, 1, 4, 3, 0, 2, 4, 0, 0, 0, 1, 0, 0, 5, 2, 0, 0, 0, 0, 2, 0, 0, 2, 0, : 1, 2, 5, 2, 3, 3, 5, 4, 5, 1, 4, 3, 2, 4, 1, 5, 2, 2, 2, 
10: 0, 2, 3, 5, 4, 0, 0, 0, 0, 2, 0, 5, 0, 0, 1, 0, 0, 0, 0, 4, 0, 44, 0, 3, 0, 1, 41, 1, 4, 41, 0, 4, 0, 0, 3, 1, 3, 1, 2, 0, : 2, 3, 5, 4, 2, 5, 1, 4, 44, 3, 1, 41, 1, 4, 41, 4, 3, 1, 3, 1, 2, 
3: 0, 0, 0, 0, 5, 0, 5, 4, 1, 40, 0, 1, 0, 0, 0, 0, 0, 0, 0, 2, 0, 0, 0, 0, 3, 0, 4, 3, 1, 4, 5, 0, 0, 0, 0, 5, 2, 4, 3, 42, : 5, 5, 4, 1, 40, 1, 2, 3, 4, 3, 1, 4, 5, 5, 2, 4, 3, 42, 
29: 0, 1, 1, 0, 4, 0, 0, 1, 1, 0, 0, 3, 0, 0, 1, 3, 1, 0, 0, 0, 0, 0, 0, 0, 3, 0, 0, 5, 0, 2, 3, 0, 0, 1, 0, 4, 3, 0, 0, 0, : 1, 1, 4, 1, 1, 3, 1, 3, 1, 3, 5, 2, 3, 1, 4, 3, 
27: 0, 0, 0, 0, 2, 0, 43, 3, 1, 0, 0, 0, 4, 0, 2, 0, 3, 42, 0, 5, 0, 0, 0, 0, 1, 1, 3, 1, 5, 0, 0, 0, 0, 4, 1, 4, 0, 2, 4, 5, : 2, 43, 3, 1, 4, 2, 3, 42, 5, 1, 1, 3, 1, 5, 4, 1, 4, 2, 4, 5, 
7: 0, 0, 5, 1, 3, 0, 4, 1, 2, 0, 0, 4, 0, 1, 5, 1, 0, 4, 0, 3, 44, 0, 4, 0, 0, 2, 0, 1, 0, 1, 0, 3, 0, 0, 0, 42, 0, 1, 1, 4, : 5, 1, 3, 4, 1, 2, 4, 1, 5, 1, 4, 3, 44, 4, 2, 1, 1, 3, 42, 1, 1, 4, 
34: 42, 0, 0, 43, 0, 1, 0, 5, 41, 2, 3, 0, 4, 1, 3, 0, 4, 40, 0, 0, 0, 3, 0, 0, 0, 1, 1, 5, 0, 3, 2, 0, 0, 1, 0, 0, 4, 4, 0, 4, : 42, 43, 1, 5, 41, 2, 3, 4, 1, 3, 4, 40, 3, 1, 1, 5, 3, 2, 1, 4, 4, 4, 
20: 2, 0, 44, 0, 0, 1, 0, 4, 0, 1, 44, 1, 0, 4, 5, 2, 0, 0, 0, 5, 0, 0, 0, 0, 0, 0, 5, 5, 0, 2, 2, 2, 0, 4, 5, 0, 1, 2, 3, 2, : 2, 44, 1, 4, 1, 44, 1, 4, 5, 2, 5, 5, 5, 2, 2, 2, 4, 5, 1, 2, 3, 2, 
38: 0, 0, 0, 5, 2, 0, 3, 2, 0, 4, 0, 0, 0, 1, 0, 0, 0, 0, 4, 0, 3, 0, 1, 0, 0, 44, 0, 2, 3, 0, 0, 0, 3, 0, 1, 0, 2, 2, 4, 0, : 5, 2, 3, 2, 4, 1, 4, 3, 1, 44, 2, 3, 3, 1, 2, 2, 4, 
25: 0, 0, 0, 5, 44, 0, 3, 3, 0, 0, 0, 4, 5, 3, 0, 0, 0, 1, 0, 5, 0, 0, 0, 0, 4, 0, 1, 2, 0, 4, 2, 0, 0, 0, 40, 0, 3, 5, 4, 0, : 5, 44, 3, 3, 4, 5, 3, 1, 5, 4, 1, 2, 4, 2, 40, 3, 5, 4, 
2: 0, 0, 0, 0, 0, 5, 0, 0, 0, 1, 0, 5, 5, 0, 0, 0, 0, 0, 0, 4, 0, 0, 1, 0, 5, 3, 1, 3, 1, 0, 3, 0, 0, 0, 2, 5, 2, 5, 2, 0, : 5, 1, 5, 5, 4, 1, 5, 3, 1, 3, 1, 3, 2, 5, 2, 5, 2, 


