
120
160
300
2

65: 0, 3, 41, 2, 5, 4, 0, 0, 0, 5, 0, 0, 1, 0, 0, 44, 4, 5, 2, 5, 0, 2, 0, 5, 5, 44, 0, 0, 44, 43, 5, 0, 1, 1, 0, 0, 0, 1, 1, 0, 3, 41, 4, 5, 0, 44, 0, 4, 2, 2, 0, 1, 0, 0, 1, 0, 0, 2, 1, 0, 0, 2, 0, 0, 4, 4, 0, 2, 0, 2, 0, 1, 0, 1, 0, 1, 5, 0, 2, 1, 1, 1, 0, 0, 5, 5, 0, 44, 1, 2, 5, 2, 0, 0, 5, 1, 3, 1, 0, 5, 5, 0, 5, 0, 4, 44, 0, 0, 0, 3, 0, 1, 1, 1, 0, 4, 4, 2, 2, 0, : 3, 41, 2, 5, 4, 5, 1, 44, 4, 5, 2, 5, 2, 5, 5, 44, 44, 43, 5, 1, 1, 1, 1, 3, 41, 4, 5, 44, 4, 2, 2, 1, 1, 2, 1, 2, 4, 4, 2, 2, 1, 1, 1, 5, 2, 1, 1, 1, 5, 5, 44, 1, 2, 5, 2, 5, 1, 3, 1, 5, 5, 5, 4, 44, 3, 1, 1, 1, 4, 4, 2, 2, 
151: 43, 0, 0, 4, 0, 0, 5, 4, 0, 0, 0, 5, 0, 4, 0, 4, 2, 2, 42, 0, 0, 0, 2, 0, 42, 0, 0, 2, 5, 0, 0, 2, 0, 3, 0, 3, 0, 2, 0, 0, 1, 0, 0, 4, 2, 5, 0, 3, 0, 0, 4, 4, 3, 0, 4, 0, 0, 0, 1, 5, 0, 0, 5, 0, 0, 0, 0, 0, 2, 0, 0, 1, 0, 0, 0, 41, 0, 0, 0, 5, 5, 3, 0, 44, 5, 0, 0, 42, 2, 40, 3, 3, 0, 0, 0, 0, 4, 0, 0, 0, 0, 0, 0, 0, 0, 2, 0, 0, 40, 40, 0, 3, 3, 1, 44, 0, 1, 0, 2, 3, : 43, 4, 5, 4, 5, 4, 4, 2, 2, 42, 2, 42, 2, 5, 2, 3, 3, 2, 1, 4, 2, 5, 3, 4, 4, 3, 4, 1, 5, 5, 2, 1, 41, 5, 5, 3, 44, 5, 42, 2, 40, 3, 3, 4, 2, 40, 40, 3, 3, 1, 44, 1, 2, 3, 
134: 0, 0, 5, 0, 3, 0, 4, 0, 2, 2, 0, 0, 0, 4, 0, 5, 0, 5, 5, 5, 4, 1, 5, 0, 3, 0, 0, 1, 0, 2, 0, 0, 5, 3, 2, 0, 0, 0, 3, 2, 1, 3, 2, 5, 0, 1, 2, 4, 2, 0, 0, 4, 3, 0, 0, 0, 5, 3, 0, 0, 0, 0, 41, 2, 4, 0, 4, 0, 0, 0, 0, 5, 0, 4, 5, 1, 2, 3, 3, 1, 2, 1, 2, 0, 0, 1, 0, 0, 40, 0, 5, 4, 0, 0, 2, 2, 0, 0, 0, 2, 2, 5, 4, 0, 0, 0, 3, 0, 5, 43, 0, 0, 2, 2, 0, 2, 0, 0, 43, 0, : 5, 3, 4, 2, 2, 4, 5, 5, 5, 5, 4, 1, 5, 3, 1, 2, 5, 3, 2, 3, 2, 1, 3, 2, 5, 1, 2, 4, 2, 4, 3, 5, 3, 41, 2, 4, 4, 5, 4, 5, 1, 2, 3, 3, 1, 2, 1, 2, 1, 40, 5, 4, 2, 2, 2, 2, 5, 4, 3, 5, 43, 2, 2, 2, 43, 
25: 2, 0, 0, 0, 2, 0, 0, 0, 4, 3, 0, 5, 0, 0, 0, 2, 0, 5, 0, 42, 4, 0, 0, 2, 0, 0, 5, 0, 0, 0, 4, 0, 0, 0, 0, 4, 0, 5, 5, 42, 4, 3, 0, 4, 0, 0, 3, 0, 4, 0, 0, 2, 1, 0, 1, 4, 1, 0, 5, 4, 0, 0, 0, 0, 3, 3, 0, 3, 2, 1, 0, 3, 0, 1, 2, 0, 0, 3, 0, 5, 0, 2, 0, 1, 5, 0, 1, 44, 0, 0, 5, 1, 0, 3, 0, 0, 0, 0, 3, 0, 4, 1, 0, 3, 0, 2, 2, 0, 0, 0, 0, 0, 0, 2, 0, 4, 0, 3, 2, 0, : 2, 2, 4, 3, 5, 2, 5, 42, 4, 2, 5, 4, 4, 5, 5, 42, 4, 3, 4, 3, 4, 2, 1, 1, 4, 1, 5, 4, 3, 3, 3, 2, 1, 3, 1, 2, 3, 5, 2, 1, 5, 1, 44, 5, 1, 3, 3, 4, 1, 3, 2, 2, 2, 4, 3, 2, 
11: 4, 4, 3, 0, 41, 0, 5, 3, 5, 0, 0, 2, 43, 0, 1, 44, 5, 0, 0, 0, 0, 4, 3, 0, 5, 4, 0, 0, 0, 1, 4, 2, 2, 4, 1, 1, 1, 1, 0, 0, 1, 0, 44, 1, 2, 0, 4, 3, 5, 5, 0, 0, 3, 43, 3, 1, 0, 3, 2, 3, 0, 4, 0, 0, 4, 44, 0, 0, 5, 0, 0, 0, 2, 0, 0, 5, 5, 0, 0, 0, 0, 2, 0, 2, 2, 0, 2, 0, 1, 40, 0, 0, 3, 3, 4, 0, 0, 0, 43, 0, 4, 0, 3, 1, 2, 3, 0, 4, 3, 2, 1, 42, 0, 2, 0, 0, 0, 3, 5, 3, : 4, 4, 3, 41, 5, 3, 5, 2, 43, 1, 44, 5, 4, 3, 5, 4, 1, 4, 2, 2, 4, 1, 1, 1, 1, 1, 44, 1, 2, 4, 3, 5, 5, 3, 43, 3, 1, 3, 2, 3, 4, 4, 44, 5, 2, 5, 5, 2, 2, 2, 2, 1, 40, 3, 3, 4, 43, 4, 3, 1, 2, 3, 4, 3, 2, 1, 42, 2, 3, 5, 3, 
41: 4, 0, 3, 0, 0, 4, 2, 0, 4, 2, 0, 0, 0, 3, 0, 3, 0, 1, 5, 5, 4, 0, 3, 5, 0, 2, 1, 0, 5, 0, 2, 0, 5, 1, 0, 4, 0, 0, 0, 0, 5, 3, 0, 3, 3, 0, 0, 0, 0, 0, 1, 1, 0, 0, 4, 0, 2, 0, 5, 0, 2, 42, 5, 1, 0, 42, 0, 0, 0, 5, 0, 5, 42, 2, 42, 5, 1, 2, 1, 0, 2, 0, 2, 0, 0, 0, 5, 0, 40, 2, 0, 4, 0, 0, 2, 0, 0, 0, 5, 0, 40, 2, 0, 4, 4, 0, 0, 3, 0, 0, 0, 5, 0, 0, 0, 0, 0, 0, 3, 0, : 4, 3, 4, 2, 4, 2, 3, 3, 1, 5, 5, 4, 3, 5, 2, 1, 5, 2, 5, 1, 4, 5, 3, 3, 3, 1, 1, 4, 2, 5, 2, 42, 5, 1, 42, 5, 5, 42, 2, 42, 5, 1, 2, 1, 2, 2, 5, 40, 2, 4, 2, 5, 40, 2, 4, 4, 3, 5, 3, 
113: 0, 2, 0, 0, 1, 0, 5, 0, 0, 3, 0, 0, 1, 0, 0, 0, 3, 4, 2, 4, 0, 0, 41, 0, 1, 0, 0, 1, 0, 2, 42, 0, 5, 5, 5, 4, 2, 0, 4, 0, 0, 4, 0, 2, 4, 0, 0, 0, 0, 0, 0, 42, 2, 0, 0, 0, 1, 0, 1, 1, 3, 0, 0, 0, 2, 0, 4, 0, 0, 2, 1, 5, 0, 2, 0, 0, 0, 0, 0, 3, 0, 1, 40, 1, 2, 3, 2, 5, 0, 3, 0, 1, 0, 0, 0, 0, 2, 0, 0, 0, 5, 2, 3, 3, 0, 4, 4, 1, 0, 0, 0, 0, 0, 3, 3, 0, 0, 1, 4, 5, : 2, 1, 5, 3, 1, 3, 4, 2, 4, 41, 1, 1, 2, 42, 5, 5, 5, 4, 2, 4, 4, 2, 4, 42, 2, 1, 1, 1, 3, 2, 4, 2, 1, 5, 2, 3, 1, 40, 1, 2, 3, 2, 5, 3, 1, 2, 5, 2, 3, 3, 4, 4, 1, 3, 3, 1, 4, 5, 
52: 1, 1, 3, 0, 0, 0, 3, 5, 1, 0, 0, 0, 4, 0, 0, 5, 0, 4, 5, 0, 0, 42, 41, 0, 0, 0, 3, 0, 5, 43, 0, 0, 0, 0, 41, 0, 0, 0, 0, 5, 1, 0, 43, 0, 0, 0, 2, 0, 0, 5, 0, 1, 1, 5, 5, 2, 0, 0, 3, 41, 0, 4, 41, 0, 0, 0, 5, 0, 0, 0, 1, 0, 0, 5, 0, 4, 0, 4, 0, 0, 0, 4, 2, 0, 3, 0, 4, 0, 0, 0, 0, 1, 0, 1, 0, 1, 0, 40, 3, 0, 0, 1, 5, 2, 5, 0, 0, 4, 0, 3, 4, 1, 0, 0, 4, 4, 0, 3, 1, 3, : 1, 1, 3, 3, 5, 1, 4, 5, 4, 5, 42, 41, 3, 5, 43, 41, 5, 1, 43, 2, 5, 1, 1, 5, 5, 2, 3, 41, 4, 41, 5, 1, 5, 4, 4, 4, 2, 3, 4, 1, 1, 1, 40, 3, 1, 5, 2, 5, 4, 3, 4, 1, 4, 4, 3, 1, 3, 
66: 5, 0, 1, 0, 0, 3, 3, 0, 4, 2, 3, 1, 0, 1, 2, 1, 0, 4, 1, 5, 5, 2, 2, 42, 0, 0, 2, 5, 0, 0, 40, 0, 0, 0, 2, 4, 0, 0, 0, 0, 0, 0, 0, 2, 5, 0, 41, 0, 0, 2, 0, 41, 0, 0, 42, 2, 5, 0, 3, 42, 4, 5, 0, 2, 5, 42, 3, 0, 0, 5, 0, 0, 1, 1, 2, 0, 0, 0, 0, 0, 0, 3, 5, 0, 0, 44, 3, 0, 0, 0, 0, 4, 0, 0, 2, 0, 4, 0, 0, 0, 1, 0, 0, 4, 5, 0, 0, 0, 0, 0, 5, 0, 0, 0, 43, 1, 42, 1, 1, 0, : 5, 1, 3, 3, 4, 2, 3, 1, 1, 2, 1, 4, 1, 5, 5, 2, 2, 42, 2, 5, 40, 2, 4, 2, 5, 41, 2, 41, 42, 2, 5, 3, 42, 4, 5, 2, 5, 42, 3, 5, 1, 1, 2, 3, 5, 44, 3, 4, 2, 4, 1, 4, 5, 5, 43, 1, 42, 1, 1, 
103: 0, 0, 0, 0, 0, 5, 4, 41, 0, 0, 0, 3, 3, 0, 0, 1, 0, 0, 0, 0, 0, 0, 3, 1, 0, 0, 5, 0, 0, 0, 5, 5, 3, 1, 1, 0, 0, 0, 0, 0, 2, 3, 1, 4, 2, 0, 0, 0, 5, 0, 2, 0, 2, 0, 0, 1, 0, 5, 0, 1, 0, 0, 0, 5, 1, 2, 3, 0, 0, 4, 3, 40, 5, 1, 1, 5, 3, 0, 5, 0, 0, 0, 5, 0, 4, 5, 0, 2, 0, 0, 1, 0, 0, 0, 3, 3, 0, 0, 0, 0, 0, 0, 3, 4, 2, 0, 0, 5, 0, 0, 1, 4, 0, 5, 0, 0, 0, 0, 3, 2, : 5, 4, 41, 3, 3, 1, 3, 1, 5, 5, 5, 3, 1, 1, 2, 3, 1, 4, 2, 5, 2, 2, 1, 5, 1, 5, 1, 2, 3, 4, 3, 40, 5, 1, 1, 5, 3, 5, 5, 4, 5, 2, 1, 3, 3, 3, 4, 2, 5, 1, 4, 5, 3, 2, 
118: 0, 0, 1, 0, 2, 3, 0, 0, 2, 2, 4, 1, 1, 4, 1, 4, 0, 4, 4, 1, 0, 0, 2, 0, 3, 0, 1, 5, 0, 0, 1, 40, 2, 0, 3, 5, 4, 0, 42, 40, 0, 0, 2, 3, 0, 0, 0, 5, 1, 3, 3, 0, 0, 0, 3, 2, 0, 0, 3, 2, 0, 0, 5, 40, 3, 0, 1, 0, 1, 5, 2, 0, 2, 4, 0, 2, 1, 4, 0, 0, 0, 1, 0, 0, 0, 0, 40, 5, 41, 0, 2, 0, 5, 4, 3, 5, 0, 1, 0, 0, 0, 5, 2, 5, 41, 0, 2, 2, 0, 5, 2, 0, 5, 4, 5, 1, 0, 5, 3, 0, : 1, 2, 3, 2, 2, 4, 1, 1, 4, 1, 4, 4, 4, 1, 2, 3, 1, 5, 1, 40, 2, 3, 5, 4, 42, 40, 2, 3, 5, 1, 3, 3, 3, 2, 3, 2, 5, 40, 3, 1, 1, 5, 2, 2, 4, 2, 1, 4, 1, 40, 5, 41, 2, 5, 4, 3, 5, 1, 5, 2, 5, 41, 2, 2, 5, 2, 5, 4, 5, 1, 5, 3, 
144: 0, 0, 2, 40, 0, 5, 2, 0, 1, 0, 0, 2, 3, 4, 0, 0, 0, 4, 0, 0, 0, 0, 1, 5, 0, 2, 0, 41, 0, 0, 0, 2, 0, 4, 44, 0, 0, 0, 2, 0, 0, 0, 4, 2, 0, 0, 0, 0, 0, 0, 5, 0, 0, 0, 0, 0, 4, 4, 1, 1, 40, 0, 0, 4, 4, 0, 0, 0, 3, 0, 0, 0, 4, 4, 0, 5, 1, 0, 0, 1, 0, 3, 0, 0, 0, 3, 5, 0, 1, 0, 2, 2, 44, 5, 43, 0, 0, 4, 5, 0, 4, 1, 0, 0, 5, 44, 2, 5, 4, 0, 4, 4, 0, 0, 0, 0, 0, 5, 44, 4, : 2, 40, 5, 2, 1, 2, 3, 4, 4, 1, 5, 2, 41, 2, 4, 44, 2, 4, 2, 5, 4, 4, 1, 1, 40, 4, 4, 3, 4, 4, 5, 1, 1, 3, 3, 5, 1, 2, 2, 44, 5, 43, 4, 5, 4, 1, 5, 44, 2, 5, 4, 4, 4, 5, 44, 4, 
112: 4, 0, 0, 0, 2, 0, 3, 0, 1, 0, 0, 1, 0, 41, 5, 1, 1, 1, 0, 4, 0, 0, 4, 1, 5, 0, 2, 0, 0, 0, 0, 0, 0, 0, 1, 41, 0, 0, 2, 0, 0, 0, 0, 4, 43, 1, 0, 0, 0, 40, 0, 1, 3, 3, 3, 0, 0, 44, 0, 5, 0, 4, 5, 41, 1, 4, 5, 0, 3, 3, 3, 0, 0, 3, 0, 44, 0, 0, 0, 0, 0, 0, 1, 44, 1, 0, 0, 4, 1, 4, 5, 0, 4, 2, 0, 0, 0, 2, 0, 0, 1, 5, 5, 0, 0, 0, 0, 1, 5, 0, 0, 1, 4, 2, 0, 0, 0, 2, 4, 0, : 4, 2, 3, 1, 1, 41, 5, 1, 1, 1, 4, 4, 1, 5, 2, 1, 41, 2, 4, 43, 1, 40, 1, 3, 3, 3, 44, 5, 4, 5, 41, 1, 4, 5, 3, 3, 3, 3, 44, 1, 44, 1, 4, 1, 4, 5, 4, 2, 2, 1, 5, 5, 1, 5, 1, 4, 2, 2, 4, 
139: 0, 2, 0, 4, 1, 4, 0, 0, 5, 4, 41, 3, 3, 2, 0, 1, 0, 0, 4, 0, 4, 0, 0, 4, 0, 3, 2, 0, 0, 0, 44, 2, 0, 0, 4, 4, 0, 2, 1, 41, 5, 3, 0, 2, 2, 4, 0, 0, 5, 3, 1, 4, 4, 0, 0, 0, 40, 2, 4, 3, 4, 0, 0, 1, 0, 0, 0, 0, 0, 0, 0, 1, 5, 3, 1, 0, 1, 1, 0, 0, 0, 0, 0, 1, 0, 41, 4, 0, 2, 0, 44, 1, 0, 0, 5, 3, 0, 0, 2, 0, 5, 0, 0, 5, 2, 0, 0, 42, 0, 4, 3, 1, 0, 1, 0, 1, 3, 0, 4, 4, : 2, 4, 1, 4, 5, 4, 41, 3, 3, 2, 1, 4, 4, 4, 3, 2, 44, 2, 4, 4, 2, 1, 41, 5, 3, 2, 2, 4, 5, 3, 1, 4, 4, 40, 2, 4, 3, 4, 1, 1, 5, 3, 1, 1, 1, 1, 41, 4, 2, 44, 1, 5, 3, 2, 5, 5, 2, 42, 4, 3, 1, 1, 1, 3, 4, 4, 
132: 0, 0, 0, 0, 3, 4, 44, 0, 4, 43, 4, 3, 0, 0, 4, 3, 0, 5, 1, 0, 0, 0, 5, 0, 40, 4, 3, 1, 0, 41, 0, 4, 5, 0, 0, 0, 4, 1, 0, 0, 5, 2, 2, 2, 1, 3, 0, 0, 5, 1, 0, 1, 3, 0, 0, 0, 3, 2, 4, 3, 1, 4, 0, 2, 0, 0, 4, 0, 1, 0, 2, 0, 0, 43, 0, 2, 0, 3, 0, 2, 0, 3, 4, 3, 2, 0, 3, 3, 0, 1, 5, 0, 3, 4, 1, 0, 4, 0, 1, 43, 3, 0, 1, 3, 0, 0, 0, 1, 44, 0, 4, 4, 0, 3, 4, 0, 0, 3, 5, 0, : 3, 4, 44, 4, 43, 4, 3, 4, 3, 5, 1, 5, 40, 4, 3, 1, 41, 4, 5, 4, 1, 5, 2, 2, 2, 1, 3, 5, 1, 1, 3, 3, 2, 4, 3, 1, 4, 2, 4, 1, 2, 43, 2, 3, 2, 3, 4, 3, 2, 3, 3, 1, 5, 3, 4, 1, 4, 1, 43, 3, 1, 3, 1, 44, 4, 4, 3, 4, 3, 5, 
94: 0, 0, 0, 0, 5, 3, 3, 0, 1, 4, 41, 1, 3, 0, 0, 0, 0, 3, 41, 1, 0, 4, 0, 2, 0, 5, 0, 0, 0, 43, 1, 1, 4, 3, 2, 4, 0, 0, 0, 5, 4, 41, 0, 2, 1, 3, 0, 2, 0, 41, 4, 0, 44, 0, 0, 0, 44, 5, 4, 1, 0, 4, 0, 0, 1, 0, 4, 0, 1, 0, 0, 1, 4, 42, 2, 2, 4, 41, 1, 41, 3, 1, 2, 0, 5, 0, 4, 5, 4, 4, 2, 40, 0, 0, 0, 0, 0, 0, 0, 0, 42, 0, 0, 3, 0, 4, 0, 1, 1, 4, 3, 0, 0, 5, 0, 0, 1, 1, 3, 4, : 5, 3, 3, 1, 4, 41, 1, 3, 3, 41, 1, 4, 2, 5, 43, 1, 1, 4, 3, 2, 4, 5, 4, 41, 2, 1, 3, 2, 41, 4, 44, 44, 5, 4, 1, 4, 1, 4, 1, 1, 4, 42, 2, 2, 4, 41, 1, 41, 3, 1, 2, 5, 4, 5, 4, 4, 2, 40, 42, 3, 4, 1, 1, 4, 3, 5, 1, 1, 3, 4, 
59: 0, 5, 0, 0, 2, 3, 0, 0, 2, 1, 0, 0, 0, 0, 5, 4, 2, 3, 1, 0, 0, 4, 2, 4, 2, 1, 0, 1, 0, 5, 5, 4, 5, 3, 0, 5, 0, 1, 4, 2, 5, 5, 1, 1, 0, 0, 40, 1, 0, 2, 43, 3, 0, 0, 1, 1, 0, 1, 5, 2, 0, 4, 4, 1, 3, 4, 0, 0, 0, 3, 0, 2, 0, 0, 0, 0, 0, 43, 3, 2, 0, 5, 3, 3, 41, 0, 1, 2, 5, 5, 0, 5, 4, 44, 0, 0, 3, 2, 0, 0, 3, 1, 0, 0, 3, 0, 5, 4, 0, 0, 3, 2, 0, 44, 0, 0, 1, 0, 3, 0, : 5, 2, 3, 2, 1, 5, 4, 2, 3, 1, 4, 2, 4, 2, 1, 1, 5, 5, 4, 5, 3, 5, 1, 4, 2, 5, 5, 1, 1, 40, 1, 2, 43, 3, 1, 1, 1, 5, 2, 4, 4, 1, 3, 4, 3, 2, 43, 3, 2, 5, 3, 3, 41, 1, 2, 5, 5, 5, 4, 44, 3, 2, 3, 1, 3, 5, 4, 3, 2, 44, 1, 3, 
96: 0, 0, 2, 0, 1, 0, 5, 0, 40, 0, 0, 0, 1, 0, 0, 2, 4, 1, 0, 5, 0, 0, 2, 5, 0, 0, 0, 0, 4, 2, 4, 4, 3, 0, 1, 0, 0, 0, 0, 0, 1, 3, 1, 4, 4, 0, 0, 44, 0, 5, 0, 3, 3, 0, 0, 1, 0, 1, 0, 0, 0, 0, 5, 44, 0, 2, 4, 0, 0, 0, 43, 4, 2, 0, 2, 0, 0, 2, 0, 0, 0, 4, 2, 1, 3, 0, 5, 0, 44, 3, 5, 42, 5, 0, 0, 0, 0, 3, 0, 0, 4, 44, 2, 3, 0, 5, 3, 3, 3, 3, 0, 0, 3, 0, 4, 2, 0, 1, 4, 0, : 2, 1, 5, 40, 1, 2, 4, 1, 5, 2, 5, 4, 2, 4, 4, 3, 1, 1, 3, 1, 4, 4, 44, 5, 3, 3, 1, 1, 5, 44, 2, 4, 43, 4, 2, 2, 2, 4, 2, 1, 3, 5, 44, 3, 5, 42, 5, 3, 4, 44, 2, 3, 5, 3, 3, 3, 3, 3, 4, 2, 1, 4, 
88: 0, 0, 1, 43, 0, 0, 2, 3, 1, 0, 0, 41, 0, 3, 4, 2, 4, 3, 43, 0, 0, 0, 0, 0, 4, 0, 0, 43, 3, 5, 4, 2, 4, 3, 0, 42, 0, 0, 5, 0, 40, 1, 3, 0, 5, 3, 0, 5, 0, 0, 4, 0, 3, 1, 0, 0, 5, 3, 2, 4, 1, 2, 3, 5, 3, 0, 3, 0, 0, 0, 0, 0, 0, 3, 5, 4, 44, 0, 41, 2, 0, 0, 5, 3, 3, 0, 1, 0, 2, 0, 3, 5, 0, 0, 0, 3, 2, 4, 0, 0, 0, 4, 0, 5, 4, 0, 0, 40, 0, 0, 0, 4, 1, 1, 5, 0, 0, 0, 5, 3, : 1, 43, 2, 3, 1, 41, 3, 4, 2, 4, 3, 43, 4, 43, 3, 5, 4, 2, 4, 3, 42, 5, 40, 1, 3, 5, 3, 5, 4, 3, 1, 5, 3, 2, 4, 1, 2, 3, 5, 3, 3, 3, 5, 4, 44, 41, 2, 5, 3, 3, 1, 2, 3, 5, 3, 2, 4, 4, 5, 4, 40, 4, 1, 1, 5, 5, 3, 
13: 0, 3, 0, 0, 0, 1, 0, 0, 4, 5, 0, 0, 0, 5, 0, 0, 1, 0, 0, 3, 0, 0, 2, 40, 3, 0, 2, 0, 4, 4, 0, 0, 0, 1, 0, 0, 0, 3, 4, 0, 4, 4, 0, 5, 0, 0, 0, 0, 0, 43, 0, 1, 3, 0, 4, 2, 4, 0, 5, 0, 0, 5, 0, 0, 0, 0, 2, 0, 0, 0, 0, 5, 5, 0, 2, 3, 5, 0, 1, 0, 0, 1, 1, 0, 2, 0, 44, 0, 0, 0, 0, 0, 1, 0, 0, 0, 0, 0, 5, 0, 3, 0, 0, 3, 1, 0, 5, 0, 0, 0, 0, 43, 0, 0, 0, 3, 0, 0, 1, 1, : 3, 1, 4, 5, 5, 1, 3, 2, 40, 3, 2, 4, 4, 1, 3, 4, 4, 4, 5, 43, 1, 3, 4, 2, 4, 5, 5, 2, 5, 5, 2, 3, 5, 1, 1, 1, 2, 44, 1, 5, 3, 3, 1, 5, 43, 3, 1, 1, 
140: 4, 0, 0, 0, 3, 5, 1, 0, 0, 1, 0, 5, 1, 0, 0, 0, 0, 0, 3, 0, 0, 2, 1, 0, 0, 0, 0, 44, 3, 0, 0, 4, 5, 44, 3, 1, 0, 0, 5, 0, 2, 0, 1, 1, 1, 2, 0, 0, 43, 0, 42, 3, 2, 3, 1, 0, 0, 0, 1, 44, 3, 0, 0, 0, 3, 0, 0, 0, 4, 43, 1, 0, 1, 1, 0, 1, 0, 42, 5, 5, 0, 2, 0, 0, 5, 0, 5, 0, 3, 3, 0, 5, 4, 44, 4, 4, 5, 0, 0, 0, 0, 0, 0, 2, 1, 4, 0, 0, 0, 0, 5, 0, 3, 1, 0, 5, 0, 43, 1, 4, : 4, 3, 5, 1, 1, 5, 1, 3, 2, 1, 44, 3, 4, 5, 44, 3, 1, 5, 2, 1, 1, 1, 2, 43, 42, 3, 2, 3, 1, 1, 44, 3, 3, 4, 43, 1, 1, 1, 1, 42, 5, 5, 2, 5, 5, 3, 3, 5, 4, 44, 4, 4, 5, 2, 1, 4, 5, 3, 1, 5, 43, 1, 4, 
58: 0, 0, 0, 0, 1, 3, 0, 0, 3, 0, 0, 2, 3, 4, 0, 0, 4, 1, 2, 0, 0, 0, 0, 0, 0, 0, 0, 1, 5, 3, 0, 0, 3, 0, 1, 2, 1, 1, 4, 0, 0, 0, 5, 1, 4, 0, 3, 3, 4, 4, 3, 0, 3, 0, 3, 5, 0, 1, 3, 0, 0, 0, 4, 0, 4, 4, 4, 0, 1, 5, 3, 0, 0, 0, 0, 0, 2, 0, 1, 0, 0, 4, 0, 2, 5, 0, 0, 3, 0, 0, 3, 0, 2, 1, 0, 3, 3, 0, 4, 0, 43, 0, 0, 4, 0, 2, 2, 2, 0, 1, 0, 2, 2, 0, 0, 0, 0, 0, 3, 1, : 1, 3, 3, 2, 3, 4, 4, 1, 2, 1, 5, 3, 3, 1, 2, 1, 1, 4, 5, 1, 4, 3, 3, 4, 4, 3, 3, 3, 5, 1, 3, 4, 4, 4, 4, 1, 5, 3, 2, 1, 4, 2, 5, 3, 3, 2, 1, 3, 3, 4, 43, 4, 2, 2, 2, 1, 2, 2, 3, 1, 
123: 0, 0, 4, 5, 0, 5, 0, 41, 5, 0, 4, 5, 1, 0, 3, 4, 0, 0, 0, 40, 1, 5, 0, 1, 0, 0, 0, 5, 0, 1, 0, 0, 3, 1, 2, 0, 1, 5, 2, 0, 0, 0, 5, 42, 4, 1, 0, 1, 4, 3, 0, 0, 4, 2, 4, 0, 5, 0, 0, 5, 3, 0, 0, 0, 0, 0, 40, 0, 41, 4, 0, 0, 43, 2, 0, 4, 0, 0, 0, 3, 2, 4, 5, 5, 2, 0, 5, 3, 0, 3, 0, 3, 0, 5, 41, 0, 0, 3, 4, 0, 5, 3, 41, 3, 0, 0, 0, 0, 4, 3, 1, 1, 2, 42, 0, 0, 3, 4, 0, 2, : 4, 5, 5, 41, 5, 4, 5, 1, 3, 4, 40, 1, 5, 1, 5, 1, 3, 1, 2, 1, 5, 2, 5, 42, 4, 1, 1, 4, 3, 4, 2, 4, 5, 5, 3, 40, 41, 4, 43, 2, 4, 3, 2, 4, 5, 5, 2, 5, 3, 3, 3, 5, 41, 3, 4, 5, 3, 41, 3, 4, 3, 1, 1, 2, 42, 3, 4, 2, 
138: 4, 1, 0, 0, 3, 3, 5, 0, 2, 0, 5, 0, 0, 1, 5, 3, 0, 4, 1, 0, 0, 0, 4, 5, 4, 0, 4, 0, 0, 0, 3, 5, 0, 0, 0, 2, 1, 0, 0, 4, 1, 1, 3, 3, 4, 0, 41, 4, 2, 3, 0, 4, 0, 0, 0, 0, 0, 4, 0, 0, 0, 0, 0, 2, 3, 5, 0, 0, 0, 5, 2, 42, 0, 4, 41, 0, 1, 0, 5, 0, 5, 2, 0, 0, 1, 0, 0, 4, 5, 43, 3, 3, 3, 0, 0, 0, 2, 0, 4, 0, 1, 42, 5, 2, 5, 5, 2, 3, 3, 0, 0, 3, 0, 1, 3, 0, 3, 2, 3, 5, : 4, 1, 3, 3, 5, 2, 5, 1, 5, 3, 4, 1, 4, 5, 4, 4, 3, 5, 2, 1, 4, 1, 1, 3, 3, 4, 41, 4, 2, 3, 4, 4, 2, 3, 5, 5, 2, 42, 4, 41, 1, 5, 5, 2, 1, 4, 5, 43, 3, 3, 3, 2, 4, 1, 42, 5, 2, 5, 5, 2, 3, 3, 3, 1, 3, 3, 2, 3, 5, 
68: 44, 2, 0, 40, 3, 0, 0, 0, 0, 1, 3, 40, 0, 5, 0, 0, 0, 4, 1, 4, 40, 5, 4, 0, 4, 0, 0, 0, 0, 42, 0, 2, 3, 1, 0, 0, 0, 0, 5, 0, 5, 0, 0, 5, 4, 3, 4, 0, 3, 0, 0, 4, 0, 0, 0, 0, 4, 0, 3, 4, 3, 0, 0, 5, 44, 4, 0, 4, 0, 40, 0, 4, 5, 2, 0, 3, 3, 0, 3, 0, 2, 0, 0, 0, 5, 0, 0, 2, 0, 0, 41, 0, 0, 0, 0, 5, 1, 1, 1, 0, 0, 5, 0, 4, 0, 0, 0, 2, 5, 0, 0, 0, 0, 2, 0, 0, 5, 0, 4, 0, : 44, 2, 40, 3, 1, 3, 40, 5, 4, 1, 4, 40, 5, 4, 4, 42, 2, 3, 1, 5, 5, 5, 4, 3, 4, 3, 4, 4, 3, 4, 3, 5, 44, 4, 4, 40, 4, 5, 2, 3, 3, 3, 2, 5, 2, 41, 5, 1, 1, 1, 5, 4, 2, 5, 2, 5, 4, 
51: 2, 0, 0, 2, 4, 0, 0, 0, 0, 2, 0, 0, 4, 0, 0, 0, 0, 5, 0, 4, 1, 0, 2, 0, 0, 43, 0, 3, 5, 4, 0, 5, 0, 0, 4, 2, 0, 0, 4, 0, 2, 5, 4, 5, 4, 0, 5, 2, 4, 2, 0, 1, 0, 0, 0, 2, 1, 2, 0, 0, 2, 0, 5, 0, 0, 3, 2, 41, 0, 3, 0, 4, 3, 3, 3, 5, 2, 44, 0, 2, 0, 1, 1, 5, 0, 0, 1, 0, 0, 1, 0, 4, 2, 0, 0, 3, 0, 0, 0, 0, 4, 0, 2, 0, 0, 2, 0, 3, 2, 5, 4, 4, 41, 4, 0, 0, 2, 0, 0, 1, : 2, 2, 4, 2, 4, 5, 4, 1, 2, 43, 3, 5, 4, 5, 4, 2, 4, 2, 5, 4, 5, 4, 5, 2, 4, 2, 1, 2, 1, 2, 2, 5, 3, 2, 41, 3, 4, 3, 3, 3, 5, 2, 44, 2, 1, 1, 5, 1, 1, 4, 2, 3, 4, 2, 2, 3, 2, 5, 4, 4, 41, 4, 2, 1, 
23: 3, 2, 0, 0, 4, 0, 3, 1, 0, 0, 1, 1, 0, 0, 0, 0, 40, 4, 5, 4, 5, 2, 2, 2, 0, 0, 0, 0, 3, 0, 2, 4, 43, 4, 1, 3, 0, 4, 0, 0, 40, 4, 3, 5, 0, 0, 0, 0, 0, 44, 0, 3, 1, 0, 0, 0, 0, 1, 2, 0, 0, 3, 4, 3, 5, 0, 5, 0, 0, 0, 0, 0, 1, 4, 2, 0, 43, 0, 41, 0, 0, 0, 0, 5, 5, 0, 0, 0, 0, 1, 0, 0, 0, 0, 3, 1, 3, 0, 1, 0, 0, 0, 0, 1, 0, 2, 2, 0, 0, 3, 2, 1, 2, 0, 0, 0, 0, 2, 2, 3, : 3, 2, 4, 3, 1, 1, 1, 40, 4, 5, 4, 5, 2, 2, 2, 3, 2, 4, 43, 4, 1, 3, 4, 40, 4, 3, 5, 44, 3, 1, 1, 2, 3, 4, 3, 5, 5, 1, 4, 2, 43, 41, 5, 5, 1, 3, 1, 3, 1, 1, 2, 2, 3, 2, 1, 2, 2, 2, 3, 
126: 0, 4, 44, 2, 0, 4, 4, 0, 2, 5, 1, 2, 0, 5, 43, 2, 43, 5, 3, 1, 0, 5, 4, 4, 0, 5, 0, 1, 0, 4, 4, 1, 1, 0, 0, 5, 0, 3, 1, 0, 4, 4, 2, 5, 4, 0, 1, 0, 5, 3, 0, 0, 2, 0, 42, 3, 4, 1, 5, 1, 0, 0, 0, 1, 40, 43, 0, 5, 4, 1, 2, 42, 0, 1, 2, 3, 5, 2, 0, 4, 3, 2, 2, 0, 1, 0, 2, 2, 0, 0, 4, 2, 2, 1, 0, 0, 3, 0, 0, 1, 3, 4, 5, 0, 3, 0, 44, 4, 0, 0, 40, 2, 0, 43, 1, 5, 0, 3, 3, 4, : 4, 44, 2, 4, 4, 2, 5, 1, 2, 5, 43, 2, 43, 5, 3, 1, 5, 4, 4, 5, 1, 4, 4, 1, 1, 5, 3, 1, 4, 4, 2, 5, 4, 1, 5, 3, 2, 42, 3, 4, 1, 5, 1, 1, 40, 43, 5, 4, 1, 2, 42, 1, 2, 3, 5, 2, 4, 3, 2, 2, 1, 2, 2, 4, 2, 2, 1, 3, 1, 3, 4, 5, 3, 44, 4, 40, 2, 43, 1, 5, 3, 3, 4, 
114: 2, 0, 0, 43, 4, 43, 0, 0, 3, 0, 4, 0, 4, 0, 2, 4, 4, 2, 0, 0, 2, 2, 0, 2, 0, 3, 0, 4, 0, 0, 0, 0, 4, 0, 0, 2, 5, 0, 0, 42, 0, 4, 44, 3, 0, 40, 0, 0, 5, 0, 4, 1, 4, 42, 1, 0, 3, 3, 1, 0, 0, 0, 3, 5, 2, 1, 1, 40, 0, 1, 0, 0, 2, 2, 3, 44, 3, 0, 0, 1, 3, 4, 0, 0, 5, 0, 1, 5, 0, 2, 0, 2, 3, 0, 0, 0, 0, 1, 0, 0, 1, 0, 0, 3, 0, 5, 0, 0, 0, 1, 1, 3, 4, 0, 1, 0, 0, 4, 5, 5, : 2, 43, 4, 43, 3, 4, 4, 2, 4, 4, 2, 2, 2, 2, 3, 4, 4, 2, 5, 42, 4, 44, 3, 40, 5, 4, 1, 4, 42, 1, 3, 3, 1, 3, 5, 2, 1, 1, 40, 1, 2, 2, 3, 44, 3, 1, 3, 4, 5, 1, 5, 2, 2, 3, 1, 1, 3, 5, 1, 1, 3, 4, 1, 4, 5, 5, 
92: 42, 0, 0, 0, 4, 0, 1, 0, 2, 0, 0, 4, 3, 0, 0, 0, 5, 4, 1, 5, 3, 4, 1, 0, 5, 0, 5, 1, 0, 0, 43, 0, 5, 0, 5, 1, 0, 1, 0, 0, 2, 5, 5, 2, 0, 3, 0, 0, 4, 3, 5, 3, 0, 5, 3, 0, 0, 0, 2, 3, 0, 2, 0, 0, 1, 0, 0, 0, 3, 3, 0, 0, 0, 2, 4, 0, 4, 4, 5, 0, 0, 0, 0, 3, 0, 0, 0, 0, 0, 5, 0, 0, 1, 2, 3, 1, 1, 5, 3, 0, 3, 44, 0, 3, 44, 0, 0, 3, 0, 3, 0, 3, 0, 1, 41, 5, 0, 4, 4, 4, : 42, 4, 1, 2, 4, 3, 5, 4, 1, 5, 3, 4, 1, 5, 5, 1, 43, 5, 5, 1, 1, 2, 5, 5, 2, 3, 4, 3, 5, 3, 5, 3, 2, 3, 2, 1, 3, 3, 2, 4, 4, 4, 5, 3, 5, 1, 2, 3, 1, 1, 5, 3, 3, 44, 3, 44, 3, 3, 3, 1, 41, 5, 4, 4, 4, 
128: 0, 0, 4, 0, 2, 0, 2, 0, 40, 1, 4, 3, 5, 5, 0, 4, 3, 5, 0, 0, 5, 0, 0, 0, 0, 0, 0, 0, 0, 4, 0, 2, 0, 5, 5, 0, 3, 0, 0, 0, 2, 0, 0, 5, 5, 3, 0, 0, 0, 1, 1, 3, 0, 0, 0, 0, 0, 4, 0, 0, 2, 4, 0, 4, 0, 5, 0, 0, 0, 5, 0, 5, 0, 5, 0, 0, 3, 1, 0, 1, 0, 41, 2, 2, 0, 1, 5, 0, 1, 3, 0, 4, 0, 2, 0, 0, 2, 0, 0, 0, 1, 0, 0, 0, 4, 2, 43, 4, 3, 5, 0, 0, 3, 5, 5, 0, 2, 0, 3, 2, : 4, 2, 2, 40, 1, 4, 3, 5, 5, 4, 3, 5, 5, 4, 2, 5, 5, 3, 2, 5, 5, 3, 1, 1, 3, 4, 2, 4, 4, 5, 5, 5, 5, 3, 1, 1, 41, 2, 2, 1, 5, 1, 3, 4, 2, 2, 1, 4, 2, 43, 4, 3, 5, 3, 5, 5, 2, 3, 2, 
3: 0, 0, 2, 0, 4, 5, 1, 0, 4, 5, 4, 0, 2, 0, 1, 2, 1, 3, 0, 0, 0, 0, 0, 1, 0, 3, 41, 5, 0, 0, 3, 41, 41, 0, 5, 0, 3, 2, 0, 0, 5, 0, 4, 0, 40, 0, 4, 0, 43, 0, 0, 2, 0, 0, 0, 2, 3, 0, 2, 0, 2, 3, 0, 0, 5, 0, 1, 0, 0, 0, 2, 0, 0, 2, 3, 1, 1, 0, 0, 0, 0, 5, 44, 0, 0, 41, 4, 0, 0, 2, 0, 4, 2, 0, 0, 40, 0, 3, 2, 0, 3, 0, 1, 1, 0, 0, 4, 2, 0, 1, 4, 3, 0, 4, 0, 1, 4, 0, 3, 5, : 2, 4, 5, 1, 4, 5, 4, 2, 1, 2, 1, 3, 1, 3, 41, 5, 3, 41, 41, 5, 3, 2, 5, 4, 40, 4, 43, 2, 2, 3, 2, 2, 3, 5, 1, 2, 2, 3, 1, 1, 5, 44, 41, 4, 2, 4, 2, 40, 3, 2, 3, 1, 1, 4, 2, 1, 4, 3, 4, 1, 4, 3, 5, 
56: 3, 4, 4, 0, 0, 43, 0, 40, 5, 0, 0, 1, 0, 2, 0, 0, 0, 1, 42, 40, 0, 0, 2, 4, 0, 0, 5, 0, 4, 5, 0, 4, 0, 0, 1, 2, 0, 3, 2, 0, 0, 0, 5, 0, 2, 0, 5, 1, 0, 0, 1, 0, 2, 0, 0, 4, 2, 1, 5, 0, 0, 0, 2, 0, 0, 0, 0, 0, 0, 4, 0, 2, 5, 2, 1, 0, 2, 2, 0, 4, 0, 4, 5, 2, 0, 0, 2, 43, 1, 0, 0, 0, 0, 5, 2, 0, 1, 0, 1, 43, 4, 40, 3, 2, 2, 1, 0, 1, 4, 0, 5, 0, 0, 0, 0, 0, 5, 0, 2, 1, : 3, 4, 4, 43, 40, 5, 1, 2, 1, 42, 40, 2, 4, 5, 4, 5, 4, 1, 2, 3, 2, 5, 2, 5, 1, 1, 2, 4, 2, 1, 5, 2, 4, 2, 5, 2, 1, 2, 2, 4, 4, 5, 2, 2, 43, 1, 5, 2, 1, 1, 43, 4, 40, 3, 2, 2, 1, 1, 4, 5, 5, 2, 1, 
89: 1, 3, 4, 0, 3, 0, 0, 0, 3, 43, 0, 0, 0, 0, 0, 0, 0, 5, 5, 4, 3, 0, 4, 0, 4, 0, 0, 0, 0, 0, 0, 0, 5, 42, 3, 1, 3, 0, 3, 3, 4, 2, 2, 3, 5, 2, 5, 40, 0, 1, 4, 2, 5, 0, 4, 0, 4, 3, 0, 5, 0, 0, 4, 2, 1, 0, 0, 4, 0, 0, 0, 0, 0, 4, 1, 0, 3, 2, 0, 0, 0, 4, 4, 0, 43, 40, 5, 0, 0, 0, 3, 0, 0, 4, 5, 0, 2, 0, 0, 3, 5, 0, 42, 1, 2, 0, 44, 4, 0, 0, 0, 0, 40, 0, 0, 41, 1, 1, 1, 0, : 1, 3, 4, 3, 3, 43, 5, 5, 4, 3, 4, 4, 5, 42, 3, 1, 3, 3, 3, 4, 2, 2, 3, 5, 2, 5, 40, 1, 4, 2, 5, 4, 4, 3, 5, 4, 2, 1, 4, 4, 1, 3, 2, 4, 4, 43, 40, 5, 3, 4, 5, 2, 3, 5, 42, 1, 2, 44, 4, 40, 41, 1, 1, 1, 
70: 1, 3, 0, 40, 3, 1, 1, 0, 3, 2, 0, 2, 2, 41, 42, 0, 0, 0, 2, 0, 2, 0, 0, 2, 0, 0, 0, 0, 4, 3, 4, 41, 1, 1, 0, 0, 0, 2, 2, 0, 2, 4, 0, 0, 43, 2, 43, 0, 3, 4, 3, 2, 2, 42, 0, 2, 5, 2, 4, 4, 1, 0, 0, 4, 4, 0, 0, 0, 1, 5, 3, 0, 0, 5, 4, 0, 41, 0, 0, 0, 5, 5, 0, 0, 0, 0, 3, 0, 5, 4, 5, 0, 3, 0, 0, 4, 44, 4, 0, 0, 1, 4, 0, 2, 5, 42, 3, 0, 0, 2, 0, 0, 1, 2, 0, 0, 5, 2, 1, 40, : 1, 3, 40, 3, 1, 1, 3, 2, 2, 2, 41, 42, 2, 2, 2, 4, 3, 4, 41, 1, 1, 2, 2, 2, 4, 43, 2, 43, 3, 4, 3, 2, 2, 42, 2, 5, 2, 4, 4, 1, 4, 4, 1, 5, 3, 5, 4, 41, 5, 5, 3, 5, 4, 5, 3, 4, 44, 4, 1, 4, 2, 5, 42, 3, 2, 1, 2, 5, 2, 1, 40, 
64: 5, 2, 3, 1, 2, 2, 2, 0, 0, 0, 4, 41, 0, 0, 4, 0, 0, 0, 4, 0, 0, 0, 1, 3, 0, 5, 0, 1, 3, 0, 3, 0, 0, 0, 4, 2, 0, 0, 44, 0, 0, 0, 0, 1, 0, 3, 5, 0, 0, 0, 5, 0, 4, 0, 0, 4, 2, 0, 3, 0, 4, 0, 0, 0, 5, 5, 0, 4, 1, 0, 0, 2, 3, 2, 0, 3, 2, 4, 0, 0, 3, 43, 3, 0, 4, 0, 5, 0, 0, 0, 0, 0, 0, 0, 3, 0, 4, 1, 0, 0, 3, 5, 0, 0, 0, 0, 3, 2, 0, 0, 5, 1, 0, 2, 0, 0, 0, 2, 4, 3, : 5, 2, 3, 1, 2, 2, 2, 4, 41, 4, 4, 1, 3, 5, 1, 3, 3, 4, 2, 44, 1, 3, 5, 5, 4, 4, 2, 3, 4, 5, 5, 4, 1, 2, 3, 2, 3, 2, 4, 3, 43, 3, 4, 5, 3, 4, 1, 3, 5, 3, 2, 5, 1, 2, 2, 4, 3, 
37: 0, 4, 0, 0, 43, 0, 0, 0, 0, 44, 4, 0, 0, 0, 2, 1, 40, 0, 5, 4, 0, 4, 2, 0, 2, 0, 4, 0, 0, 0, 1, 0, 4, 0, 0, 3, 3, 2, 0, 0, 1, 0, 1, 2, 0, 0, 0, 0, 5, 0, 0, 1, 5, 2, 1, 2, 0, 0, 1, 2, 0, 4, 40, 0, 2, 0, 0, 0, 44, 5, 0, 0, 0, 0, 1, 0, 0, 0, 1, 1, 3, 3, 0, 3, 0, 2, 0, 0, 0, 0, 0, 0, 5, 0, 3, 0, 2, 0, 2, 0, 5, 0, 0, 0, 4, 0, 0, 1, 0, 0, 0, 1, 5, 0, 0, 0, 0, 4, 5, 2, : 4, 43, 44, 4, 2, 1, 40, 5, 4, 4, 2, 2, 4, 1, 4, 3, 3, 2, 1, 1, 2, 5, 1, 5, 2, 1, 2, 1, 2, 4, 40, 2, 44, 5, 1, 1, 1, 3, 3, 3, 2, 5, 3, 2, 2, 5, 4, 1, 1, 5, 4, 5, 2, 
95: 1, 0, 0, 0, 0, 2, 1, 41, 0, 3, 1, 0, 5, 5, 5, 4, 2, 2, 0, 2, 0, 0, 3, 0, 40, 0, 5, 0, 0, 2, 0, 4, 2, 4, 2, 40, 0, 2, 0, 0, 1, 5, 1, 0, 0, 1, 1, 4, 0, 3, 43, 0, 2, 3, 43, 0, 0, 5, 4, 0, 4, 0, 0, 3, 3, 4, 0, 2, 0, 0, 0, 0, 0, 0, 42, 2, 3, 40, 0, 4, 0, 4, 0, 0, 0, 1, 1, 0, 1, 3, 3, 3, 0, 1, 0, 0, 5, 2, 0, 0, 0, 0, 5, 3, 5, 4, 0, 4, 0, 2, 2, 2, 5, 42, 0, 1, 5, 0, 3, 3, : 1, 2, 1, 41, 3, 1, 5, 5, 5, 4, 2, 2, 2, 3, 40, 5, 2, 4, 2, 4, 2, 40, 2, 1, 5, 1, 1, 1, 4, 3, 43, 2, 3, 43, 5, 4, 4, 3, 3, 4, 2, 42, 2, 3, 40, 4, 4, 1, 1, 1, 3, 3, 3, 1, 5, 2, 5, 3, 5, 4, 4, 2, 2, 2, 5, 42, 1, 5, 3, 3, 
63: 41, 0, 0, 0, 1, 2, 4, 0, 4, 2, 0, 0, 1, 0, 44, 3, 0, 4, 3, 0, 0, 0, 2, 0, 3, 1, 0, 0, 0, 2, 4, 5, 5, 41, 5, 0, 0, 0, 0, 0, 0, 0, 0, 2, 5, 0, 4, 5, 0, 0, 0, 4, 1, 0, 43, 0, 44, 2, 0, 0, 2, 2, 1, 0, 3, 0, 1, 0, 2, 0, 1, 0, 0, 2, 2, 5, 0, 1, 0, 4, 0, 4, 2, 0, 1, 0, 0, 0, 4, 3, 2, 1, 0, 0, 4, 1, 1, 0, 4, 4, 0, 0, 4, 4, 41, 42, 0, 2, 5, 0, 2, 0, 0, 5, 3, 0, 2, 0, 2, 2, : 41, 1, 2, 4, 4, 2, 1, 44, 3, 4, 3, 2, 3, 1, 2, 4, 5, 5, 41, 5, 2, 5, 4, 5, 4, 1, 43, 44, 2, 2, 2, 1, 3, 1, 2, 1, 2, 2, 5, 1, 4, 4, 2, 1, 4, 3, 2, 1, 4, 1, 1, 4, 4, 4, 4, 41, 42, 2, 5, 2, 5, 3, 2, 2, 2, 
60: 2, 0, 2, 0, 0, 5, 0, 4, 3, 5, 0, 0, 44, 5, 0, 0, 0, 0, 1, 0, 44, 0, 3, 4, 5, 0, 1, 0, 0, 0, 0, 0, 5, 1, 1, 2, 5, 0, 0, 1, 4, 2, 1, 0, 0, 4, 2, 0, 0, 0, 4, 5, 0, 0, 4, 0, 3, 0, 2, 4, 0, 2, 0, 3, 2, 0, 4, 0, 5, 0, 2, 0, 44, 44, 3, 0, 0, 0, 0, 0, 42, 4, 0, 0, 2, 0, 2, 4, 0, 42, 1, 1, 0, 3, 4, 0, 41, 43, 40, 0, 2, 0, 0, 44, 2, 0, 0, 5, 0, 0, 0, 0, 0, 1, 2, 0, 0, 0, 1, 1, : 2, 2, 5, 4, 3, 5, 44, 5, 1, 44, 3, 4, 5, 1, 5, 1, 1, 2, 5, 1, 4, 2, 1, 4, 2, 4, 5, 4, 3, 2, 4, 2, 3, 2, 4, 5, 2, 44, 44, 3, 42, 4, 2, 2, 4, 42, 1, 1, 3, 4, 41, 43, 40, 2, 44, 2, 5, 1, 2, 1, 1, 
71: 0, 42, 0, 0, 2, 5, 0, 5, 2, 0, 0, 0, 3, 3, 5, 0, 3, 5, 0, 5, 0, 41, 1, 0, 0, 44, 41, 0, 0, 0, 3, 0, 5, 0, 0, 0, 43, 5, 2, 0, 3, 1, 0, 0, 0, 4, 0, 0, 4, 1, 4, 0, 0, 0, 4, 43, 0, 5, 0, 3, 0, 44, 0, 0, 5, 2, 0, 0, 0, 0, 0, 0, 0, 0, 2, 4, 4, 3, 2, 5, 1, 4, 0, 0, 0, 0, 0, 2, 3, 1, 0, 5, 0, 0, 4, 0, 4, 0, 40, 0, 4, 0, 4, 0, 4, 0, 2, 0, 0, 0, 40, 0, 0, 4, 4, 44, 2, 5, 5, 41, : 42, 2, 5, 5, 2, 3, 3, 5, 3, 5, 5, 41, 1, 44, 41, 3, 5, 43, 5, 2, 3, 1, 4, 4, 1, 4, 4, 43, 5, 3, 44, 5, 2, 2, 4, 4, 3, 2, 5, 1, 4, 2, 3, 1, 5, 4, 4, 40, 4, 4, 4, 2, 40, 4, 4, 44, 2, 5, 5, 41, 
50: 0, 1, 3, 0, 4, 0, 5, 5, 1, 1, 0, 0, 2, 42, 0, 1, 0, 4, 0, 3, 2, 0, 0, 0, 0, 0, 3, 2, 4, 0, 4, 4, 0, 0, 4, 5, 42, 0, 0, 0, 4, 1, 0, 0, 2, 5, 3, 0, 0, 0, 0, 5, 5, 1, 0, 0, 2, 0, 2, 3, 2, 0, 0, 0, 2, 4, 0, 4, 0, 0, 0, 42, 3, 1, 0, 3, 0, 0, 1, 0, 0, 2, 4, 1, 2, 0, 4, 0, 0, 1, 4, 3, 0, 0, 0, 0, 0, 1, 0, 4, 1, 0, 5, 0, 2, 5, 0, 0, 3, 0, 0, 0, 0, 0, 0, 44, 0, 44, 5, 2, : 1, 3, 4, 5, 5, 1, 1, 2, 42, 1, 4, 3, 2, 3, 2, 4, 4, 4, 4, 5, 42, 4, 1, 2, 5, 3, 5, 5, 1, 2, 2, 3, 2, 2, 4, 4, 42, 3, 1, 3, 1, 2, 4, 1, 2, 4, 1, 4, 3, 1, 4, 1, 5, 2, 5, 3, 44, 44, 5, 2, 
75: 0, 0, 1, 0, 0, 2, 0, 0, 0, 5, 2, 0, 0, 0, 0, 0, 0, 4, 3, 5, 1, 4, 3, 43, 3, 1, 0, 0, 4, 0, 0, 0, 4, 4, 2, 0, 0, 5, 0, 0, 1, 3, 2, 2, 1, 0, 1, 0, 43, 0, 4, 3, 0, 0, 5, 5, 1, 5, 3, 3, 4, 0, 0, 0, 0, 2, 5, 0, 2, 3, 0, 0, 44, 1, 5, 1, 0, 1, 5, 5, 3, 0, 0, 4, 1, 43, 0, 0, 5, 0, 2, 1, 0, 4, 1, 0, 0, 43, 43, 0, 5, 0, 44, 0, 4, 0, 0, 3, 5, 3, 1, 4, 4, 0, 5, 0, 3, 0, 2, 0, : 1, 2, 5, 2, 4, 3, 5, 1, 4, 3, 43, 3, 1, 4, 4, 4, 2, 5, 1, 3, 2, 2, 1, 1, 43, 4, 3, 5, 5, 1, 5, 3, 3, 4, 2, 5, 2, 3, 44, 1, 5, 1, 1, 5, 5, 3, 4, 1, 43, 5, 2, 1, 4, 1, 43, 43, 5, 44, 4, 3, 5, 3, 1, 4, 4, 5, 3, 2, 
48: 44, 0, 0, 0, 3, 3, 0, 2, 1, 0, 1, 0, 2, 0, 0, 4, 0, 3, 3, 0, 0, 1, 1, 1, 1, 3, 0, 1, 0, 4, 0, 0, 0, 0, 4, 5, 0, 2, 3, 0, 5, 0, 1, 4, 4, 0, 0, 0, 0, 3, 0, 5, 0, 5, 5, 0, 5, 1, 5, 2, 0, 0, 0, 0, 2, 0, 41, 41, 0, 0, 0, 0, 0, 2, 5, 0, 1, 0, 0, 0, 0, 5, 3, 2, 0, 44, 1, 1, 4, 0, 0, 3, 0, 5, 5, 0, 2, 4, 3, 40, 5, 4, 0, 4, 5, 0, 0, 0, 43, 0, 0, 0, 2, 0, 1, 1, 0, 3, 5, 0, : 44, 3, 3, 2, 1, 1, 2, 4, 3, 3, 1, 1, 1, 1, 3, 1, 4, 4, 5, 2, 3, 5, 1, 4, 4, 3, 5, 5, 5, 5, 1, 5, 2, 2, 41, 41, 2, 5, 1, 5, 3, 2, 44, 1, 1, 4, 3, 5, 5, 2, 4, 3, 40, 5, 4, 4, 5, 43, 2, 1, 1, 3, 5, 
80: 5, 3, 0, 1, 0, 1, 5, 0, 5, 0, 1, 3, 0, 3, 42, 3, 0, 1, 0, 0, 2, 0, 0, 1, 0, 0, 0, 0, 0, 0, 0, 40, 3, 1, 4, 0, 0, 4, 5, 0, 5, 5, 0, 0, 43, 0, 2, 3, 0, 0, 2, 3, 3, 2, 5, 2, 2, 0, 1, 1, 4, 0, 4, 2, 0, 4, 0, 0, 4, 0, 40, 2, 0, 4, 2, 2, 2, 2, 0, 1, 41, 5, 1, 0, 1, 3, 3, 0, 0, 5, 40, 40, 0, 0, 4, 0, 3, 3, 3, 1, 3, 0, 42, 0, 0, 0, 1, 4, 0, 4, 0, 0, 0, 0, 0, 3, 3, 2, 5, 5, : 5, 3, 1, 1, 5, 5, 1, 3, 3, 42, 3, 1, 2, 1, 40, 3, 1, 4, 4, 5, 5, 5, 43, 2, 3, 2, 3, 3, 2, 5, 2, 2, 1, 1, 4, 4, 2, 4, 4, 40, 2, 4, 2, 2, 2, 2, 1, 41, 5, 1, 1, 3, 3, 5, 40, 40, 4, 3, 3, 3, 1, 3, 42, 1, 4, 4, 3, 3, 2, 5, 5, 
109: 0, 2, 0, 2, 3, 2, 2, 3, 3, 1, 4, 2, 0, 0, 0, 0, 0, 42, 0, 2, 40, 1, 0, 5, 5, 1, 0, 4, 3, 2, 0, 3, 4, 0, 2, 3, 0, 5, 5, 0, 0, 2, 1, 1, 0, 42, 0, 2, 0, 0, 0, 1, 0, 0, 2, 0, 3, 3, 0, 5, 0, 0, 43, 0, 5, 0, 0, 0, 1, 3, 0, 0, 0, 3, 40, 0, 0, 5, 5, 43, 0, 5, 0, 0, 0, 0, 0, 0, 0, 5, 5, 44, 44, 5, 3, 0, 0, 0, 5, 0, 0, 0, 0, 0, 2, 0, 0, 2, 0, 0, 1, 2, 0, 0, 0, 2, 3, 0, 3, 0, : 2, 2, 3, 2, 2, 3, 3, 1, 4, 2, 42, 2, 40, 1, 5, 5, 1, 4, 3, 2, 3, 4, 2, 3, 5, 5, 2, 1, 1, 42, 2, 1, 2, 3, 3, 5, 43, 5, 1, 3, 3, 40, 5, 5, 43, 5, 5, 5, 44, 44, 5, 3, 5, 2, 2, 1, 2, 2, 3, 3, 
98: 1, 4, 0, 3, 4, 5, 2, 5, 2, 4, 0, 0, 2, 3, 0, 0, 2, 4, 0, 5, 0, 1, 2, 5, 0, 0, 0, 0, 43, 1, 0, 5, 0, 0, 0, 5, 44, 41, 2, 0, 3, 4, 0, 5, 1, 0, 3, 0, 0, 2, 0, 4, 4, 0, 0, 0, 2, 5, 1, 2, 0, 0, 1, 0, 44, 0, 41, 0, 0, 2, 0, 3, 0, 2, 0, 1, 0, 0, 0, 0, 41, 0, 5, 2, 0, 0, 2, 3, 0, 3, 2, 3, 2, 0, 0, 44, 43, 0, 0, 0, 4, 5, 0, 0, 0, 0, 0, 3, 4, 3, 5, 0, 0, 0, 4, 1, 0, 3, 4, 5, : 1, 4, 3, 4, 5, 2, 5, 2, 4, 2, 3, 2, 4, 5, 1, 2, 5, 43, 1, 5, 5, 44, 41, 2, 3, 4, 5, 1, 3, 2, 4, 4, 2, 5, 1, 2, 1, 44, 41, 2, 3, 2, 1, 41, 5, 2, 2, 3, 3, 2, 3, 2, 44, 43, 4, 5, 3, 4, 3, 5, 4, 1, 3, 4, 5, 
141: 0, 0, 0, 0, 0, 3, 4, 3, 1, 0, 0, 0, 1, 0, 3, 0, 3, 0, 2, 1, 43, 0, 0, 0, 0, 0, 1, 0, 0, 0, 0, 0, 2, 0, 5, 0, 3, 0, 3, 0, 1, 0, 0, 0, 0, 5, 0, 43, 0, 0, 0, 0, 0, 0, 3, 0, 2, 0, 0, 5, 2, 2, 1, 5, 5, 0, 2, 5, 0, 0, 0, 0, 0, 3, 4, 1, 2, 2, 4, 0, 5, 0, 5, 1, 0, 0, 2, 2, 5, 1, 3, 0, 44, 0, 5, 0, 2, 44, 0, 0, 2, 0, 2, 5, 4, 0, 0, 4, 0, 0, 0, 3, 0, 2, 1, 1, 40, 2, 1, 4, : 3, 4, 3, 1, 1, 3, 3, 2, 1, 43, 1, 2, 5, 3, 3, 1, 5, 43, 3, 2, 5, 2, 2, 1, 5, 5, 2, 5, 3, 4, 1, 2, 2, 4, 5, 5, 1, 2, 2, 5, 1, 3, 44, 5, 2, 44, 2, 2, 5, 4, 4, 3, 2, 1, 1, 40, 2, 1, 4, 
2: 1, 0, 0, 2, 1, 2, 1, 0, 4, 3, 0, 0, 4, 0, 0, 0, 0, 4, 5, 3, 0, 0, 5, 0, 0, 0, 5, 1, 0, 0, 0, 0, 1, 40, 4, 5, 0, 4, 0, 0, 1, 0, 4, 0, 0, 0, 5, 4, 0, 5, 43, 3, 4, 0, 0, 3, 3, 0, 1, 2, 0, 4, 4, 0, 1, 0, 3, 0, 1, 0, 2, 0, 0, 2, 0, 0, 4, 1, 0, 3, 0, 0, 2, 40, 3, 0, 2, 0, 0, 4, 0, 0, 0, 0, 0, 1, 1, 0, 0, 4, 3, 2, 0, 0, 3, 0, 0, 1, 0, 0, 0, 4, 0, 5, 1, 5, 5, 0, 3, 0, : 1, 2, 1, 2, 1, 4, 3, 4, 4, 5, 3, 5, 5, 1, 1, 40, 4, 5, 4, 1, 4, 5, 4, 5, 43, 3, 4, 3, 3, 1, 2, 4, 4, 1, 3, 1, 2, 2, 4, 1, 3, 2, 40, 3, 2, 4, 1, 1, 4, 3, 2, 3, 1, 4, 5, 1, 5, 5, 3, 
8: 0, 0, 2, 0, 0, 3, 0, 0, 3, 0, 0, 42, 0, 0, 0, 3, 0, 3, 4, 2, 0, 1, 3, 0, 0, 4, 41, 2, 3, 0, 0, 2, 0, 0, 0, 5, 0, 0, 2, 0, 4, 3, 0, 0, 3, 1, 0, 0, 5, 4, 0, 0, 2, 0, 3, 2, 2, 2, 42, 0, 44, 41, 0, 0, 2, 0, 0, 0, 0, 40, 0, 0, 0, 5, 3, 2, 3, 5, 5, 1, 4, 3, 0, 40, 0, 0, 1, 4, 0, 2, 0, 4, 2, 0, 5, 5, 2, 0, 0, 0, 0, 0, 0, 0, 4, 5, 5, 0, 40, 0, 0, 2, 0, 2, 40, 0, 0, 41, 1, 1, : 2, 3, 3, 42, 3, 3, 4, 2, 1, 3, 4, 41, 2, 3, 2, 5, 2, 4, 3, 3, 1, 5, 4, 2, 3, 2, 2, 2, 42, 44, 41, 2, 40, 5, 3, 2, 3, 5, 5, 1, 4, 3, 40, 1, 4, 2, 4, 2, 5, 5, 2, 4, 5, 5, 40, 2, 2, 40, 41, 1, 1, 
110: 0, 1, 1, 0, 5, 3, 1, 5, 0, 0, 42, 3, 0, 3, 4, 4, 0, 2, 0, 0, 0, 3, 0, 0, 0, 0, 4, 0, 0, 4, 0, 40, 5, 0, 41, 5, 0, 5, 4, 2, 4, 1, 5, 1, 1, 0, 0, 0, 2, 2, 0, 0, 1, 0, 0, 1, 0, 4, 0, 0, 0, 0, 0, 0, 2, 3, 3, 0, 0, 4, 5, 3, 0, 2, 0, 0, 2, 0, 40, 0, 3, 44, 0, 0, 0, 4, 1, 0, 5, 1, 0, 0, 1, 44, 3, 2, 1, 0, 0, 5, 0, 3, 0, 44, 1, 0, 0, 1, 0, 2, 0, 1, 0, 2, 0, 0, 2, 2, 1, 0, : 1, 1, 5, 3, 1, 5, 42, 3, 3, 4, 4, 2, 3, 4, 4, 40, 5, 41, 5, 5, 4, 2, 4, 1, 5, 1, 1, 2, 2, 1, 1, 4, 2, 3, 3, 4, 5, 3, 2, 2, 40, 3, 44, 4, 1, 5, 1, 1, 44, 3, 2, 1, 5, 3, 44, 1, 1, 2, 1, 2, 2, 2, 1, 
105: 5, 4, 41, 0, 4, 2, 1, 4, 2, 4, 5, 0, 40, 0, 0, 4, 2, 0, 0, 5, 0, 0, 0, 0, 40, 4, 1, 1, 0, 5, 0, 1, 0, 3, 0, 2, 3, 5, 0, 0, 3, 2, 3, 3, 0, 0, 1, 0, 5, 4, 0, 2, 0, 3, 0, 4, 1, 0, 4, 0, 5, 0, 0, 1, 1, 0, 0, 5, 5, 4, 0, 0, 0, 2, 2, 4, 2, 0, 0, 2, 0, 0, 5, 0, 4, 4, 0, 2, 0, 5, 2, 1, 1, 1, 2, 5, 0, 0, 0, 1, 2, 5, 0, 0, 3, 40, 44, 0, 5, 4, 1, 5, 5, 5, 0, 1, 1, 4, 3, 0, : 5, 4, 41, 4, 2, 1, 4, 2, 4, 5, 40, 4, 2, 5, 40, 4, 1, 1, 5, 1, 3, 2, 3, 5, 3, 2, 3, 3, 1, 5, 4, 2, 3, 4, 1, 4, 5, 1, 1, 5, 5, 4, 2, 2, 4, 2, 2, 5, 4, 4, 2, 5, 2, 1, 1, 1, 2, 5, 1, 2, 5, 3, 40, 44, 5, 4, 1, 5, 5, 5, 1, 1, 4, 3, 
121: 5, 4, 0, 0, 0, 3, 4, 0, 0, 2, 4, 1, 41, 0, 3, 3, 4, 40, 2, 0, 3, 0, 0, 4, 1, 0, 0, 0, 0, 0, 0, 0, 4, 5, 3, 2, 0, 2, 0, 42, 3, 1, 0, 0, 0, 0, 0, 3, 0, 4, 3, 0, 1, 0, 5, 3, 2, 1, 0, 4, 0, 0, 3, 0, 0, 0, 0, 0, 2, 44, 0, 0, 5, 1, 5, 1, 0, 5, 0, 0, 5, 2, 4, 2, 0, 2, 0, 0, 0, 5, 0, 1, 0, 0, 3, 44, 4, 4, 5, 2, 5, 4, 4, 4, 0, 0, 0, 2, 0, 1, 44, 1, 2, 1, 0, 5, 0, 0, 0, 0, : 5, 4, 3, 4, 2, 4, 1, 41, 3, 3, 4, 40, 2, 3, 4, 1, 4, 5, 3, 2, 2, 42, 3, 1, 3, 4, 3, 1, 5, 3, 2, 1, 4, 3, 2, 44, 5, 1, 5, 1, 5, 5, 2, 4, 2, 2, 5, 1, 3, 44, 4, 4, 5, 2, 5, 4, 4, 4, 2, 1, 44, 1, 2, 1, 5, 
152: 0, 42, 0, 0, 5, 1, 0, 4, 2, 4, 0, 0, 5, 0, 0, 2, 1, 1, 0, 1, 0, 2, 2, 0, 44, 3, 0, 40, 0, 0, 4, 0, 0, 0, 0, 40, 5, 5, 0, 0, 0, 0, 0, 5, 0, 0, 0, 3, 3, 2, 0, 0, 0, 0, 0, 0, 5, 43, 4, 0, 4, 0, 0, 4, 3, 4, 1, 42, 1, 1, 0, 4, 0, 2, 5, 0, 3, 5, 3, 0, 1, 5, 0, 0, 0, 0, 40, 0, 0, 1, 1, 4, 0, 5, 0, 2, 5, 0, 0, 0, 0, 0, 0, 0, 1, 0, 0, 0, 2, 2, 0, 1, 0, 0, 3, 0, 4, 0, 5, 5, : 42, 5, 1, 4, 2, 4, 5, 2, 1, 1, 1, 2, 2, 44, 3, 40, 4, 40, 5, 5, 5, 3, 3, 2, 5, 43, 4, 4, 4, 3, 4, 1, 42, 1, 1, 4, 2, 5, 3, 5, 3, 1, 5, 40, 1, 1, 4, 5, 2, 5, 1, 2, 2, 1, 3, 4, 5, 5, 
27: 0, 2, 0, 0, 3, 5, 3, 1, 0, 2, 0, 1, 0, 0, 0, 2, 0, 42, 0, 0, 0, 0, 5, 0, 0, 0, 2, 0, 0, 0, 0, 0, 2, 0, 2, 1, 3, 43, 0, 5, 1, 1, 44, 5, 3, 0, 4, 0, 0, 3, 42, 4, 44, 0, 0, 0, 3, 2, 5, 1, 0, 0, 3, 0, 1, 0, 3, 0, 2, 0, 0, 0, 2, 0, 5, 5, 4, 2, 0, 40, 0, 0, 0, 0, 0, 0, 5, 0, 0, 0, 5, 0, 0, 40, 1, 0, 5, 1, 0, 1, 5, 0, 0, 4, 0, 0, 42, 3, 0, 2, 0, 5, 1, 0, 0, 4, 0, 0, 2, 0, : 2, 3, 5, 3, 1, 2, 1, 2, 42, 5, 2, 2, 2, 1, 3, 43, 5, 1, 1, 44, 5, 3, 4, 3, 42, 4, 44, 3, 2, 5, 1, 3, 1, 3, 2, 2, 5, 5, 4, 2, 40, 5, 5, 40, 1, 5, 1, 1, 5, 4, 42, 3, 2, 5, 1, 4, 2, 
127: 0, 0, 4, 43, 0, 1, 0, 5, 0, 4, 0, 1, 44, 0, 0, 0, 5, 2, 5, 0, 5, 0, 2, 5, 0, 0, 4, 0, 0, 0, 0, 0, 3, 0, 0, 0, 4, 5, 43, 0, 2, 5, 0, 2, 3, 0, 0, 0, 2, 3, 0, 2, 0, 0, 0, 0, 0, 5, 0, 4, 0, 2, 0, 5, 2, 0, 0, 2, 5, 4, 0, 3, 0, 4, 0, 0, 4, 2, 0, 0, 1, 0, 3, 4, 0, 0, 5, 0, 41, 5, 3, 1, 0, 5, 5, 0, 2, 3, 5, 0, 3, 3, 0, 0, 0, 0, 2, 0, 0, 41, 41, 4, 0, 3, 5, 0, 5, 0, 1, 2, : 4, 43, 1, 5, 4, 1, 44, 5, 2, 5, 5, 2, 5, 4, 3, 4, 5, 43, 2, 5, 2, 3, 2, 3, 2, 5, 4, 2, 5, 2, 2, 5, 4, 3, 4, 4, 2, 1, 3, 4, 5, 41, 5, 3, 1, 5, 5, 2, 3, 5, 3, 3, 2, 41, 41, 4, 3, 5, 5, 1, 2, 
73: 0, 0, 3, 0, 1, 3, 1, 0, 0, 4, 0, 5, 1, 0, 0, 0, 0, 0, 3, 1, 5, 0, 1, 0, 0, 0, 0, 4, 0, 0, 0, 0, 3, 0, 0, 2, 0, 4, 5, 3, 3, 0, 5, 42, 3, 0, 0, 4, 2, 2, 0, 2, 0, 0, 0, 0, 4, 5, 0, 3, 5, 2, 0, 0, 2, 0, 0, 0, 0, 0, 0, 0, 0, 4, 2, 3, 0, 1, 4, 0, 0, 5, 4, 2, 0, 0, 0, 0, 1, 1, 2, 4, 0, 0, 5, 5, 0, 1, 0, 0, 0, 5, 0, 2, 0, 4, 4, 2, 3, 0, 0, 4, 5, 0, 5, 3, 1, 5, 2, 2, : 3, 1, 3, 1, 4, 5, 1, 3, 1, 5, 1, 4, 3, 2, 4, 5, 3, 3, 5, 42, 3, 4, 2, 2, 2, 4, 5, 3, 5, 2, 2, 4, 2, 3, 1, 4, 5, 4, 2, 1, 1, 2, 4, 5, 5, 1, 5, 2, 4, 4, 2, 3, 4, 5, 5, 3, 1, 5, 2, 2, 
160: 4, 0, 42, 1, 4, 3, 41, 0, 3, 1, 5, 1, 4, 0, 0, 1, 40, 0, 0, 0, 0, 2, 3, 1, 5, 0, 0, 0, 40, 3, 0, 0, 5, 4, 0, 2, 5, 3, 5, 0, 1, 0, 1, 4, 1, 2, 0, 5, 43, 0, 0, 2, 0, 0, 5, 0, 0, 3, 2, 2, 0, 1, 0, 0, 3, 0, 0, 2, 0, 3, 0, 0, 1, 3, 4, 2, 2, 1, 0, 0, 0, 0, 0, 0, 1, 0, 3, 0, 4, 5, 2, 2, 0, 0, 0, 0, 2, 0, 3, 0, 2, 0, 0, 1, 4, 0, 0, 2, 2, 0, 1, 0, 0, 0, 5, 0, 0, 5, 1, 3, : 4, 42, 1, 4, 3, 41, 3, 1, 5, 1, 4, 1, 40, 2, 3, 1, 5, 40, 3, 5, 4, 2, 5, 3, 5, 1, 1, 4, 1, 2, 5, 43, 2, 5, 3, 2, 2, 1, 3, 2, 3, 1, 3, 4, 2, 2, 1, 1, 3, 4, 5, 2, 2, 2, 3, 2, 1, 4, 2, 2, 1, 5, 5, 1, 3, 
4: 0, 0, 0, 0, 5, 1, 2, 0, 3, 0, 43, 0, 0, 0, 0, 4, 0, 4, 5, 42, 0, 42, 5, 4, 0, 0, 2, 0, 1, 0, 0, 2, 3, 0, 0, 0, 0, 2, 0, 2, 1, 0, 2, 0, 2, 0, 2, 0, 0, 4, 0, 4, 43, 0, 3, 0, 0, 2, 40, 2, 42, 4, 0, 0, 2, 0, 3, 0, 3, 0, 1, 1, 0, 4, 5, 4, 0, 1, 42, 0, 41, 5, 0, 2, 5, 0, 5, 0, 3, 0, 43, 1, 5, 0, 2, 5, 5, 0, 0, 5, 2, 0, 0, 1, 2, 5, 0, 0, 2, 0, 40, 0, 0, 3, 0, 5, 0, 3, 5, 3, : 5, 1, 2, 3, 43, 4, 4, 5, 42, 42, 5, 4, 2, 1, 2, 3, 2, 2, 1, 2, 2, 2, 4, 4, 43, 3, 2, 40, 2, 42, 4, 2, 3, 3, 1, 1, 4, 5, 4, 1, 42, 41, 5, 2, 5, 5, 3, 43, 1, 5, 2, 5, 5, 5, 2, 1, 2, 5, 2, 40, 3, 5, 3, 5, 3, 
21: 0, 5, 0, 0, 0, 1, 0, 40, 0, 0, 2, 3, 0, 0, 42, 3, 2, 5, 0, 3, 0, 2, 5, 0, 5, 0, 0, 0, 0, 0, 0, 0, 4, 3, 4, 2, 0, 2, 5, 0, 1, 3, 1, 3, 4, 0, 3, 43, 0, 1, 0, 0, 1, 41, 0, 0, 0, 0, 0, 5, 5, 0, 1, 2, 3, 2, 0, 0, 40, 0, 0, 0, 1, 4, 4, 0, 2, 0, 3, 4, 0, 3, 1, 2, 0, 0, 0, 0, 0, 0, 0, 5, 0, 0, 0, 42, 3, 0, 5, 0, 3, 1, 0, 0, 2, 0, 0, 3, 0, 2, 0, 3, 0, 0, 3, 0, 0, 0, 5, 2, : 5, 1, 40, 2, 3, 42, 3, 2, 5, 3, 2, 5, 5, 4, 3, 4, 2, 2, 5, 1, 3, 1, 3, 4, 3, 43, 1, 1, 41, 5, 5, 1, 2, 3, 2, 40, 1, 4, 4, 2, 3, 4, 3, 1, 2, 5, 42, 3, 5, 3, 1, 2, 3, 2, 3, 3, 5, 2, 
26: 1, 5, 0, 0, 0, 2, 0, 5, 0, 3, 0, 1, 0, 0, 0, 0, 4, 1, 5, 2, 5, 0, 0, 4, 5, 3, 0, 3, 4, 0, 4, 0, 0, 5, 4, 2, 3, 0, 5, 0, 2, 42, 4, 0, 5, 0, 0, 42, 3, 0, 3, 0, 0, 0, 2, 0, 0, 40, 0, 0, 0, 5, 0, 0, 4, 0, 0, 0, 0, 0, 2, 0, 0, 2, 0, 2, 42, 0, 3, 2, 0, 0, 1, 4, 2, 0, 3, 0, 3, 5, 0, 3, 3, 0, 3, 0, 2, 0, 44, 0, 2, 1, 0, 4, 3, 0, 1, 0, 3, 44, 5, 0, 3, 4, 0, 0, 2, 3, 4, 0, : 1, 5, 2, 5, 3, 1, 4, 1, 5, 2, 5, 4, 5, 3, 3, 4, 4, 5, 4, 2, 3, 5, 2, 42, 4, 5, 42, 3, 3, 2, 40, 5, 4, 2, 2, 2, 42, 3, 2, 1, 4, 2, 3, 3, 5, 3, 3, 3, 2, 44, 2, 1, 4, 3, 1, 3, 44, 5, 3, 4, 2, 3, 4, 
78: 0, 0, 3, 0, 2, 1, 43, 0, 2, 0, 0, 2, 0, 3, 3, 42, 41, 0, 3, 5, 0, 1, 5, 4, 1, 0, 1, 3, 0, 0, 0, 0, 41, 0, 1, 2, 0, 0, 0, 0, 3, 0, 0, 5, 5, 2, 3, 0, 0, 0, 0, 2, 0, 0, 5, 0, 4, 40, 0, 0, 42, 0, 5, 0, 0, 0, 0, 0, 3, 4, 0, 0, 0, 5, 0, 5, 5, 0, 4, 43, 3, 1, 4, 4, 4, 0, 2, 0, 1, 2, 4, 1, 0, 43, 3, 0, 3, 0, 0, 2, 2, 0, 0, 0, 2, 2, 0, 0, 2, 5, 0, 5, 40, 0, 0, 0, 40, 5, 5, 0, : 3, 2, 1, 43, 2, 2, 3, 3, 42, 41, 3, 5, 1, 5, 4, 1, 1, 3, 41, 1, 2, 3, 5, 5, 2, 3, 2, 5, 4, 40, 42, 5, 3, 4, 5, 5, 5, 4, 43, 3, 1, 4, 4, 4, 2, 1, 2, 4, 1, 43, 3, 3, 2, 2, 2, 2, 2, 5, 5, 40, 40, 5, 5, 
39: 0, 1, 2, 0, 2, 0, 0, 1, 0, 0, 0, 0, 0, 0, 5, 0, 5, 0, 1, 3, 0, 0, 40, 0, 0, 3, 0, 0, 0, 2, 5, 0, 0, 0, 1, 2, 2, 0, 43, 3, 5, 1, 4, 0, 2, 2, 0, 1, 5, 1, 0, 2, 3, 3, 1, 4, 0, 0, 0, 3, 0, 0, 1, 1, 4, 0, 4, 0, 0, 4, 0, 0, 0, 1, 4, 5, 2, 3, 1, 0, 0, 2, 0, 0, 0, 5, 0, 4, 0, 1, 1, 2, 41, 0, 0, 44, 1, 0, 0, 0, 2, 0, 0, 1, 1, 1, 5, 3, 0, 5, 0, 0, 1, 5, 0, 1, 44, 3, 3, 41, : 1, 2, 2, 1, 5, 5, 1, 3, 40, 3, 2, 5, 1, 2, 2, 43, 3, 5, 1, 4, 2, 2, 1, 5, 1, 2, 3, 3, 1, 4, 3, 1, 1, 4, 4, 4, 1, 4, 5, 2, 3, 1, 2, 5, 4, 1, 1, 2, 41, 44, 1, 2, 1, 1, 1, 5, 3, 5, 1, 5, 1, 44, 3, 3, 41, 
61: 0, 40, 2, 4, 40, 5, 0, 5, 4, 0, 4, 2, 0, 0, 4, 1, 0, 0, 1, 2, 5, 5, 42, 0, 0, 1, 0, 2, 0, 0, 42, 1, 0, 0, 0, 4, 0, 1, 4, 0, 3, 5, 0, 2, 2, 3, 0, 0, 0, 3, 0, 2, 1, 42, 4, 0, 0, 2, 1, 0, 0, 44, 0, 0, 5, 2, 0, 0, 1, 3, 0, 0, 0, 2, 1, 0, 4, 0, 0, 1, 5, 3, 0, 5, 2, 2, 5, 0, 0, 0, 4, 1, 0, 0, 0, 0, 4, 0, 1, 0, 0, 0, 3, 2, 0, 1, 4, 4, 4, 1, 1, 5, 1, 0, 0, 4, 3, 44, 5, 0, : 40, 2, 4, 40, 5, 5, 4, 4, 2, 4, 1, 1, 2, 5, 5, 42, 1, 2, 42, 1, 4, 1, 4, 3, 5, 2, 2, 3, 3, 2, 1, 42, 4, 2, 1, 44, 5, 2, 1, 3, 2, 1, 4, 1, 5, 3, 5, 2, 2, 5, 4, 1, 4, 1, 3, 2, 1, 4, 4, 4, 1, 1, 5, 1, 4, 3, 44, 5, 
158: 1, 0, 3, 1, 0, 41, 2, 0, 5, 5, 0, 0, 0, 0, 0, 3, 0, 5, 2, 0, 1, 5, 3, 0, 0, 1, 0, 0, 0, 0, 0, 0, 4, 2, 1, 0, 43, 3, 0, 0, 2, 2, 0, 3, 5, 1, 0, 1, 1, 0, 0, 5, 0, 0, 0, 1, 1, 5, 1, 0, 4, 0, 2, 44, 2, 2, 0, 0, 42, 2, 0, 0, 5, 2, 3, 4, 0, 0, 42, 3, 0, 4, 0, 0, 5, 0, 5, 41, 3, 0, 1, 0, 4, 3, 0, 2, 0, 5, 2, 0, 1, 3, 0, 0, 4, 0, 0, 0, 5, 0, 0, 2, 4, 2, 0, 0, 3, 0, 1, 2, : 1, 3, 1, 41, 2, 5, 5, 3, 5, 2, 1, 5, 3, 1, 4, 2, 1, 43, 3, 2, 2, 3, 5, 1, 1, 1, 5, 1, 1, 5, 1, 4, 2, 44, 2, 2, 42, 2, 5, 2, 3, 4, 42, 3, 4, 5, 5, 41, 3, 1, 4, 3, 2, 5, 2, 1, 3, 4, 5, 2, 4, 2, 3, 1, 2, 
69: 0, 0, 1, 4, 2, 3, 3, 0, 0, 41, 41, 1, 0, 5, 0, 44, 0, 0, 4, 1, 0, 1, 1, 1, 0, 0, 44, 5, 5, 0, 2, 0, 0, 0, 0, 0, 1, 42, 4, 3, 3, 1, 4, 43, 0, 3, 0, 4, 2, 3, 0, 40, 2, 0, 2, 0, 0, 5, 3, 43, 0, 5, 0, 3, 0, 0, 0, 0, 0, 1, 0, 4, 40, 2, 4, 4, 0, 2, 0, 40, 0, 2, 0, 0, 0, 0, 4, 4, 3, 3, 0, 0, 0, 0, 44, 0, 3, 0, 0, 41, 3, 0, 0, 0, 4, 5, 0, 4, 1, 0, 5, 5, 0, 5, 0, 0, 3, 4, 1, 0, : 1, 4, 2, 3, 3, 41, 41, 1, 5, 44, 4, 1, 1, 1, 1, 44, 5, 5, 2, 1, 42, 4, 3, 3, 1, 4, 43, 3, 4, 2, 3, 40, 2, 2, 5, 3, 43, 5, 3, 1, 4, 40, 2, 4, 4, 2, 40, 2, 4, 4, 3, 3, 44, 3, 41, 3, 4, 5, 4, 1, 5, 5, 5, 3, 4, 1, 
77: 0, 4, 4, 0, 3, 5, 0, 2, 1, 0, 0, 0, 2, 0, 4, 5, 0, 2, 0, 2, 3, 0, 0, 1, 0, 4, 44, 40, 0, 3, 5, 0, 0, 0, 0, 0, 5, 44, 1, 1, 4, 4, 1, 3, 0, 5, 0, 0, 5, 4, 4, 3, 0, 0, 2, 5, 0, 5, 3, 1, 0, 1, 0, 0, 0, 3, 1, 2, 0, 0, 3, 0, 4, 5, 0, 0, 5, 2, 3, 0, 2, 1, 3, 42, 2, 2, 3, 5, 0, 1, 0, 2, 0, 0, 0, 0, 2, 5, 0, 0, 3, 0, 4, 43, 0, 0, 0, 1, 0, 0, 0, 3, 2, 2, 1, 0, 0, 0, 1, 1, : 4, 4, 3, 5, 2, 1, 2, 4, 5, 2, 2, 3, 1, 4, 44, 40, 3, 5, 5, 44, 1, 1, 4, 4, 1, 3, 5, 5, 4, 4, 3, 2, 5, 5, 3, 1, 1, 3, 1, 2, 3, 4, 5, 5, 2, 3, 2, 1, 3, 42, 2, 2, 3, 5, 1, 2, 2, 5, 3, 4, 43, 1, 3, 2, 2, 1, 1, 1, 
31: 4, 0, 43, 1, 44, 2, 2, 0, 0, 1, 5, 1, 3, 1, 3, 1, 0, 0, 5, 0, 0, 0, 0, 0, 4, 2, 4, 3, 0, 0, 0, 3, 5, 5, 0, 4, 0, 5, 0, 1, 42, 1, 5, 3, 0, 0, 5, 0, 2, 0, 0, 1, 5, 0, 2, 0, 0, 0, 41, 3, 0, 0, 0, 0, 1, 0, 0, 0, 4, 3, 0, 4, 0, 0, 0, 3, 3, 0, 0, 0, 3, 5, 0, 0, 43, 4, 1, 0, 0, 3, 5, 5, 0, 2, 0, 3, 0, 0, 0, 1, 5, 41, 0, 0, 3, 3, 0, 0, 1, 43, 0, 43, 40, 1, 0, 40, 0, 1, 3, 5, : 4, 43, 1, 44, 2, 2, 1, 5, 1, 3, 1, 3, 1, 5, 4, 2, 4, 3, 3, 5, 5, 4, 5, 1, 42, 1, 5, 3, 5, 2, 1, 5, 2, 41, 3, 1, 4, 3, 4, 3, 3, 3, 5, 43, 4, 1, 3, 5, 5, 2, 3, 1, 5, 41, 3, 3, 1, 43, 43, 40, 1, 40, 1, 3, 5, 
150: 1, 2, 0, 1, 1, 4, 42, 0, 0, 0, 0, 5, 0, 0, 0, 2, 0, 2, 0, 3, 0, 0, 1, 5, 0, 5, 1, 0, 0, 4, 0, 3, 4, 3, 2, 2, 5, 3, 0, 0, 0, 2, 0, 2, 3, 1, 5, 2, 3, 5, 1, 1, 5, 43, 2, 4, 3, 0, 3, 3, 0, 0, 0, 2, 2, 0, 1, 5, 0, 0, 43, 4, 5, 2, 3, 0, 3, 2, 5, 0, 1, 4, 4, 2, 4, 0, 4, 0, 1, 2, 5, 3, 0, 0, 0, 0, 5, 4, 2, 4, 1, 4, 0, 0, 0, 0, 3, 0, 3, 1, 0, 0, 4, 0, 2, 0, 0, 2, 0, 0, : 1, 2, 1, 1, 4, 42, 5, 2, 2, 3, 1, 5, 5, 1, 4, 3, 4, 3, 2, 2, 5, 3, 2, 2, 3, 1, 5, 2, 3, 5, 1, 1, 5, 43, 2, 4, 3, 3, 3, 2, 2, 1, 5, 43, 4, 5, 2, 3, 3, 2, 5, 1, 4, 4, 2, 4, 4, 1, 2, 5, 3, 5, 4, 2, 4, 1, 4, 3, 3, 1, 4, 2, 2, 
46: 0, 2, 0, 0, 1, 5, 5, 0, 42, 0, 4, 4, 0, 0, 0, 5, 5, 3, 5, 2, 1, 0, 2, 0, 0, 0, 0, 2, 5, 2, 0, 0, 2, 0, 5, 1, 0, 0, 3, 0, 5, 1, 4, 5, 0, 42, 2, 1, 2, 1, 0, 0, 4, 0, 4, 5, 4, 0, 0, 1, 4, 0, 0, 0, 3, 42, 3, 0, 1, 3, 0, 1, 4, 0, 3, 1, 0, 1, 0, 0, 0, 2, 40, 5, 3, 0, 5, 0, 4, 4, 5, 0, 42, 0, 5, 0, 1, 4, 0, 1, 5, 0, 0, 0, 0, 0, 2, 3, 3, 0, 5, 0, 0, 1, 1, 0, 0, 5, 3, 5, : 2, 1, 5, 5, 42, 4, 4, 5, 5, 3, 5, 2, 1, 2, 2, 5, 2, 2, 5, 1, 3, 5, 1, 4, 5, 42, 2, 1, 2, 1, 4, 4, 5, 4, 1, 4, 3, 42, 3, 1, 3, 1, 4, 3, 1, 1, 2, 40, 5, 3, 5, 4, 4, 5, 42, 5, 1, 4, 1, 5, 2, 3, 3, 5, 1, 1, 5, 3, 5, 
1: 0, 0, 0, 0, 3, 1, 0, 0, 0, 0, 0, 0, 3, 0, 0, 5, 5, 3, 0, 1, 0, 5, 1, 4, 0, 0, 0, 1, 3, 0, 2, 0, 2, 0, 42, 1, 0, 0, 4, 40, 1, 0, 1, 1, 0, 4, 5, 2, 2, 1, 0, 3, 0, 0, 3, 5, 5, 0, 0, 0, 2, 0, 0, 0, 3, 0, 0, 0, 5, 3, 40, 0, 0, 3, 2, 0, 1, 0, 0, 0, 0, 0, 2, 2, 4, 0, 0, 0, 0, 1, 0, 0, 0, 0, 0, 5, 0, 0, 0, 4, 0, 0, 0, 0, 0, 0, 3, 4, 5, 0, 0, 3, 4, 2, 0, 0, 4, 3, 4, 0, : 3, 1, 3, 5, 5, 3, 1, 5, 1, 4, 1, 3, 2, 2, 42, 1, 4, 40, 1, 1, 1, 4, 5, 2, 2, 1, 3, 3, 5, 5, 2, 3, 5, 3, 40, 3, 2, 1, 2, 2, 4, 1, 5, 4, 3, 4, 5, 3, 4, 2, 4, 3, 4, 
18: 0, 0, 2, 4, 0, 3, 2, 1, 1, 2, 0, 0, 0, 0, 0, 1, 0, 3, 2, 0, 5, 0, 1, 42, 1, 2, 0, 3, 0, 0, 0, 0, 0, 0, 4, 0, 3, 5, 0, 0, 2, 2, 5, 3, 0, 43, 0, 0, 0, 0, 5, 4, 1, 0, 0, 0, 0, 0, 0, 0, 0, 0, 0, 0, 3, 0, 0, 41, 0, 3, 0, 0, 0, 0, 5, 2, 1, 4, 0, 0, 0, 1, 2, 0, 0, 0, 5, 0, 0, 0, 0, 4, 0, 0, 0, 2, 0, 42, 0, 42, 0, 0, 0, 0, 0, 0, 0, 0, 4, 0, 0, 5, 2, 2, 40, 3, 0, 3, 5, 0, : 2, 4, 3, 2, 1, 1, 2, 1, 3, 2, 5, 1, 42, 1, 2, 3, 4, 3, 5, 2, 2, 5, 3, 43, 5, 4, 1, 3, 41, 3, 5, 2, 1, 4, 1, 2, 5, 4, 2, 42, 42, 4, 5, 2, 2, 40, 3, 3, 5, 
34: 0, 0, 0, 0, 0, 4, 0, 5, 43, 0, 1, 0, 2, 0, 0, 0, 1, 0, 0, 3, 2, 0, 1, 4, 0, 0, 0, 3, 0, 2, 0, 3, 2, 41, 2, 0, 4, 2, 0, 4, 5, 5, 0, 2, 3, 1, 0, 1, 5, 0, 0, 3, 0, 0, 1, 0, 0, 1, 0, 0, 0, 0, 5, 0, 4, 0, 41, 3, 4, 2, 43, 2, 5, 2, 0, 42, 0, 0, 0, 5, 0, 3, 4, 0, 0, 0, 0, 0, 0, 4, 0, 0, 3, 0, 0, 2, 5, 0, 0, 0, 3, 0, 3, 0, 3, 0, 0, 41, 1, 0, 0, 0, 1, 3, 3, 0, 0, 0, 2, 41, : 4, 5, 43, 1, 2, 1, 3, 2, 1, 4, 3, 2, 3, 2, 41, 2, 4, 2, 4, 5, 5, 2, 3, 1, 1, 5, 3, 1, 1, 5, 4, 41, 3, 4, 2, 43, 2, 5, 2, 42, 5, 3, 4, 4, 3, 2, 5, 3, 3, 3, 41, 1, 1, 3, 3, 2, 41, 
49: 0, 4, 0, 5, 0, 2, 5, 0, 2, 4, 0, 4, 0, 42, 0, 0, 0, 3, 0, 5, 2, 0, 1, 0, 0, 0, 5, 4, 0, 0, 0, 5, 1, 0, 4, 5, 3, 3, 0, 0, 5, 4, 1, 4, 0, 0, 0, 0, 0, 0, 1, 0, 0, 1, 4, 44, 1, 5, 0, 0, 40, 0, 0, 0, 5, 0, 43, 43, 0, 0, 4, 1, 0, 0, 0, 0, 4, 0, 0, 0, 3, 2, 2, 0, 4, 0, 3, 5, 3, 0, 1, 4, 2, 5, 5, 5, 0, 4, 4, 0, 1, 0, 42, 4, 2, 0, 3, 5, 5, 2, 0, 4, 0, 0, 3, 3, 0, 0, 4, 4, : 4, 5, 2, 5, 2, 4, 4, 42, 3, 5, 2, 1, 5, 4, 5, 1, 4, 5, 3, 3, 5, 4, 1, 4, 1, 1, 4, 44, 1, 5, 40, 5, 43, 43, 4, 1, 4, 3, 2, 2, 4, 3, 5, 3, 1, 4, 2, 5, 5, 5, 4, 4, 1, 42, 4, 2, 3, 5, 5, 2, 4, 3, 3, 4, 4, 
86: 0, 3, 4, 2, 0, 2, 0, 0, 5, 5, 0, 0, 3, 42, 0, 3, 0, 0, 0, 0, 0, 0, 5, 3, 0, 42, 4, 2, 2, 4, 0, 0, 0, 2, 0, 1, 0, 0, 0, 0, 4, 3, 1, 0, 0, 0, 0, 0, 2, 3, 2, 0, 4, 0, 1, 42, 3, 0, 0, 2, 4, 0, 44, 0, 1, 0, 0, 0, 0, 0, 42, 0, 0, 1, 2, 0, 0, 0, 0, 2, 0, 1, 4, 0, 44, 0, 4, 0, 0, 5, 5, 4, 0, 0, 1, 0, 0, 0, 0, 0, 1, 0, 1, 0, 0, 1, 0, 2, 5, 0, 4, 0, 42, 4, 0, 43, 0, 0, 3, 0, : 3, 4, 2, 2, 5, 5, 3, 42, 3, 5, 3, 42, 4, 2, 2, 4, 2, 1, 4, 3, 1, 2, 3, 2, 4, 1, 42, 3, 2, 4, 44, 1, 42, 1, 2, 2, 1, 4, 44, 4, 5, 5, 4, 1, 1, 1, 1, 2, 5, 4, 42, 4, 43, 3, 
153: 2, 0, 4, 0, 5, 5, 1, 4, 0, 1, 3, 0, 0, 3, 0, 0, 0, 2, 4, 0, 1, 41, 3, 5, 3, 0, 0, 1, 0, 3, 0, 0, 5, 0, 0, 0, 0, 1, 4, 0, 4, 0, 0, 0, 0, 0, 0, 1, 4, 5, 0, 43, 4, 3, 0, 43, 3, 0, 0, 0, 0, 43, 0, 5, 4, 0, 4, 0, 4, 4, 0, 3, 0, 2, 0, 0, 3, 0, 3, 0, 5, 5, 5, 0, 0, 0, 3, 0, 0, 4, 0, 0, 4, 0, 44, 0, 3, 2, 0, 1, 3, 1, 4, 4, 0, 0, 0, 0, 5, 0, 0, 0, 0, 1, 0, 0, 0, 5, 1, 0, : 2, 4, 5, 5, 1, 4, 1, 3, 3, 2, 4, 1, 41, 3, 5, 3, 1, 3, 5, 1, 4, 4, 1, 4, 5, 43, 4, 3, 43, 3, 43, 5, 4, 4, 4, 4, 3, 2, 3, 3, 5, 5, 5, 3, 4, 4, 44, 3, 2, 1, 3, 1, 4, 4, 5, 1, 5, 1, 
157: 1, 41, 3, 0, 0, 1, 0, 0, 2, 3, 0, 0, 0, 2, 2, 1, 2, 0, 2, 0, 0, 44, 0, 5, 0, 4, 0, 0, 40, 0, 0, 0, 3, 0, 5, 0, 43, 0, 0, 0, 1, 0, 0, 4, 1, 4, 0, 2, 0, 2, 1, 4, 0, 0, 4, 40, 0, 0, 5, 5, 0, 0, 0, 41, 5, 0, 0, 0, 5, 0, 0, 4, 0, 2, 2, 0, 0, 1, 0, 4, 0, 5, 1, 0, 0, 0, 3, 0, 5, 0, 3, 0, 5, 0, 5, 0, 1, 2, 0, 40, 2, 0, 0, 0, 0, 0, 4, 41, 1, 0, 0, 5, 0, 3, 0, 3, 0, 0, 1, 0, : 1, 41, 3, 1, 2, 3, 2, 2, 1, 2, 2, 44, 5, 4, 40, 3, 5, 43, 1, 4, 1, 4, 2, 2, 1, 4, 4, 40, 5, 5, 41, 5, 5, 4, 2, 2, 1, 4, 5, 1, 3, 5, 3, 5, 5, 1, 2, 40, 2, 4, 41, 1, 5, 3, 3, 1, 
54: 4, 2, 3, 0, 1, 1, 2, 3, 0, 2, 0, 40, 0, 0, 5, 0, 0, 0, 0, 0, 5, 0, 2, 4, 0, 4, 0, 4, 2, 0, 0, 2, 5, 2, 3, 3, 0, 3, 3, 4, 3, 3, 5, 1, 0, 0, 40, 2, 0, 5, 3, 0, 4, 5, 2, 0, 3, 2, 2, 0, 1, 0, 0, 2, 0, 4, 0, 0, 41, 1, 0, 44, 0, 5, 1, 4, 1, 0, 1, 1, 5, 0, 41, 0, 2, 0, 2, 2, 2, 0, 0, 2, 1, 4, 0, 0, 0, 4, 2, 0, 2, 0, 0, 3, 0, 3, 1, 3, 5, 0, 0, 0, 5, 4, 0, 0, 2, 0, 0, 5, : 4, 2, 3, 1, 1, 2, 3, 2, 40, 5, 5, 2, 4, 4, 4, 2, 2, 5, 2, 3, 3, 3, 3, 4, 3, 3, 5, 1, 40, 2, 5, 3, 4, 5, 2, 3, 2, 2, 1, 2, 4, 41, 1, 44, 5, 1, 4, 1, 1, 1, 5, 41, 2, 2, 2, 2, 2, 1, 4, 4, 2, 2, 3, 3, 1, 3, 5, 5, 4, 2, 5, 
102: 3, 0, 0, 0, 0, 1, 4, 4, 1, 5, 5, 4, 0, 0, 0, 0, 4, 4, 0, 0, 0, 5, 0, 0, 2, 43, 2, 4, 2, 0, 0, 0, 2, 1, 0, 0, 0, 5, 0, 0, 3, 0, 3, 1, 4, 0, 0, 0, 1, 0, 0, 0, 0, 0, 1, 0, 41, 5, 4, 2, 0, 0, 4, 0, 4, 4, 1, 0, 0, 0, 1, 1, 0, 4, 0, 0, 1, 0, 5, 0, 43, 0, 4, 4, 1, 0, 5, 2, 0, 1, 0, 0, 0, 0, 0, 2, 42, 3, 0, 0, 5, 0, 0, 43, 41, 5, 0, 1, 4, 0, 0, 0, 5, 3, 1, 0, 0, 2, 1, 0, : 3, 1, 4, 4, 1, 5, 5, 4, 4, 4, 5, 2, 43, 2, 4, 2, 2, 1, 5, 3, 3, 1, 4, 1, 1, 41, 5, 4, 2, 4, 4, 4, 1, 1, 1, 4, 1, 5, 43, 4, 4, 1, 5, 2, 1, 2, 42, 3, 5, 43, 41, 5, 1, 4, 5, 3, 1, 2, 1, 
145: 0, 41, 0, 0, 0, 1, 2, 5, 0, 3, 0, 0, 0, 4, 2, 0, 3, 3, 0, 5, 42, 5, 1, 5, 0, 1, 0, 0, 42, 0, 1, 0, 2, 3, 2, 0, 0, 0, 0, 3, 0, 40, 0, 1, 0, 2, 1, 0, 0, 4, 0, 0, 44, 0, 0, 4, 1, 0, 40, 0, 5, 2, 2, 3, 0, 1, 0, 0, 0, 5, 3, 0, 2, 5, 1, 0, 0, 1, 1, 3, 3, 0, 4, 0, 1, 0, 4, 1, 0, 0, 0, 0, 0, 0, 0, 0, 2, 1, 0, 0, 0, 0, 1, 4, 0, 1, 1, 0, 3, 2, 5, 40, 0, 0, 4, 4, 41, 0, 2, 1, : 41, 1, 2, 5, 3, 4, 2, 3, 3, 5, 42, 5, 1, 5, 1, 42, 1, 2, 3, 2, 3, 40, 1, 2, 1, 4, 44, 4, 1, 40, 5, 2, 2, 3, 1, 5, 3, 2, 5, 1, 1, 1, 3, 3, 4, 1, 4, 1, 2, 1, 1, 4, 1, 1, 3, 2, 5, 40, 4, 4, 41, 2, 1, 


120: 2, 4, 0, 0, 5, 0, 1, 3, 4, 0, 3, 4, 0, 1, 0, 0, 0, 5, 0, 0, 3, 5, 5, 0, 1, 2, 1, 40, 2, 0, 5, 42, 2, 3, 4, 0, 4, 4, 5, 1, 0, 0, 3, 5, 2, 3, 2, 0, 0, 2, 0, 5, 0, 0, 0, 0, 4, 2, 1, 0, 0, 0, 0, 3, 0, 2, 0, 3, 0, 2, 0, 42, 0, 4, 0, 2, 5, 2, 4, 0, 0, 0, 5, 4, 0, 0, 1, 2, 0, 0, 5, 3, 4, 3, 0, 1, 3, 0, 0, 0, 0, 2, 0, 0, 1, 1, 0, 0, 2, 44, 3, 0, 0, 5, 1, 3, 0, 1, 0, 4, : 2, 4, 5, 1, 3, 4, 3, 4, 1, 5, 3, 5, 5, 1, 2, 1, 40, 2, 5, 42, 2, 3, 4, 4, 4, 5, 1, 3, 5, 2, 3, 2, 2, 5, 4, 2, 1, 3, 2, 3, 2, 42, 4, 2, 5, 2, 4, 5, 4, 1, 2, 5, 3, 4, 3, 1, 3, 2, 1, 1, 2, 44, 3, 5, 1, 3, 1, 4, 
82: 1, 1, 0, 0, 4, 0, 0, 5, 0, 2, 3, 1, 0, 0, 1, 0, 4, 0, 0, 0, 0, 4, 0, 3, 0, 5, 4, 1, 0, 0, 5, 5, 0, 4, 0, 0, 5, 5, 0, 1, 0, 0, 0, 0, 0, 1, 0, 0, 1, 3, 0, 5, 41, 2, 3, 0, 0, 1, 0, 0, 0, 0, 1, 43, 0, 2, 5, 0, 5, 0, 0, 0, 4, 0, 0, 4, 0, 0, 5, 0, 0, 0, 5, 0, 1, 3, 40, 4, 4, 0, 4, 3, 1, 5, 2, 0, 4, 41, 0, 0, 0, 1, 0, 0, 1, 0, 3, 5, 0, 4, 0, 0, 4, 0, 1, 0, 0, 0, 1, 0, : 1, 1, 4, 5, 2, 3, 1, 1, 4, 4, 3, 5, 4, 1, 5, 5, 4, 5, 5, 1, 1, 1, 3, 5, 41, 2, 3, 1, 1, 43, 2, 5, 5, 4, 4, 5, 5, 1, 3, 40, 4, 4, 4, 3, 1, 5, 2, 4, 41, 1, 1, 3, 5, 4, 4, 1, 1, 
42: 3, 0, 4, 3, 0, 3, 1, 0, 41, 5, 0, 3, 0, 0, 1, 3, 0, 40, 0, 0, 4, 5, 0, 4, 0, 2, 0, 2, 0, 1, 4, 2, 0, 0, 3, 4, 0, 5, 0, 0, 0, 0, 3, 0, 0, 0, 5, 0, 0, 1, 0, 5, 0, 0, 3, 1, 5, 5, 0, 43, 0, 0, 0, 2, 1, 3, 4, 0, 4, 5, 0, 0, 0, 0, 3, 0, 0, 0, 0, 42, 4, 2, 0, 0, 1, 0, 5, 2, 0, 3, 2, 0, 1, 0, 0, 0, 3, 5, 2, 3, 0, 4, 0, 42, 0, 0, 3, 3, 1, 3, 0, 41, 5, 0, 0, 0, 0, 0, 3, 40, : 3, 4, 3, 3, 1, 41, 5, 3, 1, 3, 40, 4, 5, 4, 2, 2, 1, 4, 2, 3, 4, 5, 3, 5, 1, 5, 3, 1, 5, 5, 43, 2, 1, 3, 4, 4, 5, 3, 42, 4, 2, 1, 5, 2, 3, 2, 1, 3, 5, 2, 3, 4, 42, 3, 3, 1, 3, 41, 5, 3, 40, 
5: 0, 0, 0, 3, 0, 0, 1, 4, 0, 2, 3, 3, 0, 3, 1, 0, 5, 0, 0, 0, 0, 0, 1, 4, 0, 3, 0, 2, 3, 0, 5, 0, 0, 0, 2, 0, 0, 4, 5, 3, 0, 0, 4, 0, 2, 0, 4, 3, 0, 5, 4, 2, 5, 2, 0, 0, 3, 0, 0, 4, 3, 1, 0, 0, 0, 1, 5, 0, 5, 5, 1, 0, 0, 0, 0, 0, 0, 0, 0, 0, 1, 0, 0, 0, 1, 41, 0, 0, 5, 0, 0, 0, 3, 0, 5, 4, 0, 4, 0, 1, 0, 4, 3, 0, 0, 0, 4, 5, 0, 0, 0, 0, 0, 1, 1, 0, 0, 0, 0, 4, : 3, 1, 4, 2, 3, 3, 3, 1, 5, 1, 4, 3, 2, 3, 5, 2, 4, 5, 3, 4, 2, 4, 3, 5, 4, 2, 5, 2, 3, 4, 3, 1, 1, 5, 5, 5, 1, 1, 1, 41, 5, 3, 5, 4, 4, 1, 4, 3, 4, 5, 1, 1, 4, 
122: 0, 2, 0, 0, 0, 0, 0, 0, 43, 2, 0, 5, 0, 0, 0, 0, 0, 5, 0, 1, 0, 2, 0, 0, 40, 5, 1, 0, 1, 42, 0, 1, 2, 1, 3, 5, 0, 0, 0, 0, 4, 0, 0, 2, 0, 3, 4, 1, 0, 4, 42, 1, 5, 4, 5, 4, 2, 0, 3, 5, 0, 0, 0, 2, 0, 5, 1, 2, 1, 0, 0, 3, 0, 2, 0, 0, 0, 42, 0, 0, 1, 3, 0, 3, 1, 0, 1, 4, 0, 42, 0, 1, 3, 5, 0, 0, 3, 0, 0, 0, 2, 0, 3, 0, 43, 0, 1, 0, 0, 41, 0, 0, 1, 5, 2, 0, 0, 5, 0, 0, : 2, 43, 2, 5, 5, 1, 2, 40, 5, 1, 1, 42, 1, 2, 1, 3, 5, 4, 2, 3, 4, 1, 4, 42, 1, 5, 4, 5, 4, 2, 3, 5, 2, 5, 1, 2, 1, 3, 2, 42, 1, 3, 3, 1, 1, 4, 42, 1, 3, 5, 3, 2, 3, 43, 1, 41, 1, 5, 2, 5, 
10: 4, 0, 4, 43, 2, 0, 4, 4, 0, 0, 3, 0, 4, 0, 0, 0, 3, 0, 2, 3, 1, 3, 1, 0, 0, 3, 0, 0, 2, 0, 1, 0, 0, 3, 1, 0, 0, 0, 0, 0, 5, 0, 5, 3, 1, 0, 4, 2, 0, 0, 0, 5, 5, 0, 0, 5, 0, 2, 44, 2, 42, 4, 1, 0, 5, 1, 4, 3, 0, 4, 4, 0, 0, 0, 3, 0, 0, 1, 0, 0, 5, 3, 0, 1, 0, 0, 0, 3, 0, 0, 5, 1, 3, 0, 0, 2, 1, 0, 0, 3, 0, 2, 4, 1, 2, 40, 0, 2, 3, 5, 0, 0, 0, 2, 4, 0, 0, 4, 0, 0, : 4, 4, 43, 2, 4, 4, 3, 4, 3, 2, 3, 1, 3, 1, 3, 2, 1, 3, 1, 5, 5, 3, 1, 4, 2, 5, 5, 5, 2, 44, 2, 42, 4, 1, 5, 1, 4, 3, 4, 4, 3, 1, 5, 3, 1, 3, 5, 1, 3, 2, 1, 3, 2, 4, 1, 2, 40, 2, 3, 5, 2, 4, 4, 
84: 0, 0, 0, 0, 0, 2, 0, 0, 5, 2, 0, 3, 0, 0, 3, 0, 3, 0, 0, 0, 2, 1, 0, 0, 0, 0, 0, 4, 5, 0, 4, 2, 0, 0, 5, 1, 4, 0, 0, 2, 3, 2, 1, 3, 0, 0, 44, 0, 0, 0, 0, 0, 4, 1, 0, 40, 2, 2, 1, 0, 0, 0, 0, 0, 4, 5, 3, 4, 4, 0, 2, 3, 0, 4, 0, 0, 4, 0, 2, 0, 5, 0, 0, 1, 2, 0, 0, 4, 3, 1, 4, 41, 0, 0, 0, 0, 0, 0, 0, 0, 0, 0, 2, 1, 5, 0, 2, 5, 0, 0, 5, 5, 1, 3, 0, 1, 0, 0, 5, 4, : 2, 5, 2, 3, 3, 3, 2, 1, 4, 5, 4, 2, 5, 1, 4, 2, 3, 2, 1, 3, 44, 4, 1, 40, 2, 2, 1, 4, 5, 3, 4, 4, 2, 3, 4, 4, 2, 5, 1, 2, 4, 3, 1, 4, 41, 2, 1, 5, 2, 5, 5, 5, 1, 3, 1, 5, 4, 
12: 0, 0, 2, 4, 1, 1, 0, 1, 4, 43, 40, 3, 1, 0, 0, 0, 3, 0, 0, 0, 41, 2, 0, 0, 0, 1, 0, 0, 0, 0, 3, 0, 0, 5, 2, 2, 0, 1, 0, 44, 0, 0, 0, 2, 0, 0, 0, 5, 4, 5, 5, 1, 0, 5, 0, 1, 43, 1, 0, 0, 0, 42, 4, 0, 0, 2, 5, 1, 40, 0, 0, 2, 0, 0, 1, 0, 3, 2, 0, 0, 0, 40, 0, 2, 4, 0, 3, 0, 0, 4, 1, 4, 5, 0, 0, 0, 0, 5, 0, 43, 2, 3, 0, 0, 2, 0, 3, 0, 0, 0, 0, 0, 0, 0, 1, 1, 3, 3, 2, 5, : 2, 4, 1, 1, 1, 4, 43, 40, 3, 1, 3, 41, 2, 1, 3, 5, 2, 2, 1, 44, 2, 5, 4, 5, 5, 1, 5, 1, 43, 1, 42, 4, 2, 5, 1, 40, 2, 1, 3, 2, 40, 2, 4, 3, 4, 1, 4, 5, 5, 43, 2, 3, 2, 3, 1, 1, 3, 3, 2, 5, 
93: 0, 43, 0, 1, 0, 3, 1, 4, 0, 3, 0, 1, 5, 4, 3, 0, 0, 4, 0, 1, 0, 1, 41, 3, 4, 2, 0, 0, 0, 4, 5, 43, 0, 3, 1, 2, 1, 3, 0, 0, 4, 1, 0, 44, 0, 0, 0, 4, 40, 3, 0, 0, 2, 0, 0, 0, 4, 1, 0, 4, 5, 0, 4, 3, 1, 4, 1, 5, 2, 2, 0, 3, 0, 0, 0, 0, 0, 0, 5, 0, 0, 2, 0, 0, 0, 43, 2, 2, 1, 0, 4, 0, 4, 0, 1, 0, 2, 3, 0, 5, 3, 5, 0, 0, 0, 3, 0, 5, 0, 3, 0, 0, 0, 4, 2, 0, 0, 5, 1, 2, : 43, 1, 3, 1, 4, 3, 1, 5, 4, 3, 4, 1, 1, 41, 3, 4, 2, 4, 5, 43, 3, 1, 2, 1, 3, 4, 1, 44, 4, 40, 3, 2, 4, 1, 4, 5, 4, 3, 1, 4, 1, 5, 2, 2, 3, 5, 2, 43, 2, 2, 1, 4, 4, 1, 2, 3, 5, 3, 5, 3, 5, 3, 4, 2, 5, 1, 2, 
74: 3, 0, 5, 3, 2, 5, 0, 0, 2, 0, 4, 0, 0, 0, 0, 4, 2, 3, 0, 2, 0, 4, 0, 0, 0, 0, 0, 0, 0, 0, 1, 4, 1, 4, 4, 0, 4, 5, 5, 0, 3, 0, 0, 0, 0, 1, 3, 3, 0, 3, 4, 3, 4, 0, 0, 0, 0, 43, 0, 0, 5, 5, 0, 0, 0, 5, 0, 0, 40, 0, 0, 2, 4, 5, 44, 0, 42, 5, 0, 0, 2, 3, 4, 0, 1, 0, 44, 2, 2, 0, 5, 0, 5, 0, 0, 1, 3, 0, 4, 0, 0, 44, 0, 1, 0, 1, 5, 1, 42, 4, 0, 1, 0, 5, 0, 0, 0, 0, 1, 5, : 3, 5, 3, 2, 5, 2, 4, 4, 2, 3, 2, 4, 1, 4, 1, 4, 4, 4, 5, 5, 3, 1, 3, 3, 3, 4, 3, 4, 43, 5, 5, 5, 40, 2, 4, 5, 44, 42, 5, 2, 3, 4, 1, 44, 2, 2, 5, 5, 1, 3, 4, 44, 1, 1, 5, 1, 42, 4, 1, 5, 1, 5, 
125: 0, 0, 0, 0, 0, 41, 4, 3, 1, 0, 5, 1, 0, 0, 3, 0, 0, 0, 0, 0, 0, 1, 0, 44, 0, 0, 0, 1, 0, 1, 0, 3, 1, 4, 0, 5, 3, 4, 0, 0, 0, 0, 0, 2, 0, 5, 0, 0, 3, 2, 0, 2, 1, 0, 1, 0, 0, 4, 0, 1, 0, 2, 4, 0, 4, 3, 41, 3, 4, 5, 0, 0, 2, 0, 4, 3, 0, 2, 1, 0, 0, 5, 0, 0, 0, 1, 0, 5, 5, 0, 3, 3, 2, 40, 0, 0, 0, 0, 0, 0, 0, 2, 1, 5, 0, 0, 3, 0, 0, 1, 0, 0, 0, 0, 2, 0, 0, 0, 0, 5, : 41, 4, 3, 1, 5, 1, 3, 1, 44, 1, 1, 3, 1, 4, 5, 3, 4, 2, 5, 3, 2, 2, 1, 1, 4, 1, 2, 4, 4, 3, 41, 3, 4, 5, 2, 4, 3, 2, 1, 5, 1, 5, 5, 3, 3, 2, 40, 2, 1, 5, 3, 1, 2, 5, 
28: 0, 4, 0, 0, 0, 0, 0, 0, 3, 4, 0, 4, 0, 1, 0, 0, 0, 2, 42, 4, 5, 4, 2, 0, 5, 0, 43, 0, 2, 0, 1, 1, 0, 5, 0, 0, 4, 0, 0, 0, 0, 3, 1, 1, 0, 1, 42, 0, 0, 1, 0, 44, 3, 5, 0, 0, 0, 4, 0, 0, 0, 0, 0, 0, 3, 3, 5, 5, 0, 4, 0, 5, 0, 42, 5, 0, 0, 3, 4, 0, 0, 0, 0, 1, 41, 5, 2, 3, 1, 0, 2, 4, 0, 0, 2, 5, 1, 3, 3, 0, 4, 0, 1, 5, 0, 4, 1, 0, 0, 1, 0, 0, 43, 0, 2, 4, 0, 0, 0, 1, : 4, 3, 4, 4, 1, 2, 42, 4, 5, 4, 2, 5, 43, 2, 1, 1, 5, 4, 3, 1, 1, 1, 42, 1, 44, 3, 5, 4, 3, 3, 5, 5, 4, 5, 42, 5, 3, 4, 1, 41, 5, 2, 3, 1, 2, 4, 2, 5, 1, 3, 3, 4, 1, 5, 4, 1, 1, 43, 2, 4, 1, 
107: 2, 0, 0, 1, 5, 0, 1, 5, 0, 44, 0, 2, 1, 0, 1, 0, 4, 41, 1, 1, 3, 5, 1, 4, 0, 4, 0, 1, 5, 4, 2, 2, 0, 0, 2, 2, 5, 0, 4, 2, 0, 0, 0, 3, 0, 0, 0, 5, 0, 5, 0, 3, 4, 4, 1, 0, 0, 5, 0, 0, 0, 5, 5, 0, 2, 1, 0, 4, 0, 0, 0, 5, 0, 0, 0, 3, 0, 1, 0, 0, 0, 0, 0, 0, 42, 0, 5, 40, 0, 1, 0, 3, 0, 0, 0, 44, 3, 0, 2, 0, 5, 0, 5, 1, 0, 1, 42, 0, 0, 4, 40, 4, 5, 0, 4, 4, 1, 1, 0, 2, : 2, 1, 5, 1, 5, 44, 2, 1, 1, 4, 41, 1, 1, 3, 5, 1, 4, 4, 1, 5, 4, 2, 2, 2, 2, 5, 4, 2, 3, 5, 5, 3, 4, 4, 1, 5, 5, 5, 2, 1, 4, 5, 3, 1, 42, 5, 40, 1, 3, 44, 3, 2, 5, 5, 1, 1, 42, 4, 40, 4, 5, 4, 4, 1, 1, 2, 
148: 1, 3, 0, 0, 5, 3, 1, 0, 2, 4, 0, 0, 0, 5, 3, 0, 0, 4, 2, 3, 0, 4, 0, 0, 1, 0, 1, 0, 0, 0, 43, 0, 0, 0, 3, 0, 0, 44, 1, 5, 1, 0, 4, 0, 3, 0, 5, 0, 0, 5, 0, 4, 2, 0, 0, 0, 0, 1, 0, 0, 0, 0, 5, 0, 5, 2, 1, 0, 4, 0, 0, 0, 0, 0, 1, 2, 1, 4, 41, 0, 0, 0, 0, 0, 0, 2, 5, 5, 1, 0, 2, 0, 5, 0, 40, 0, 0, 0, 2, 0, 0, 5, 0, 0, 0, 0, 42, 0, 0, 4, 2, 0, 0, 0, 3, 4, 43, 4, 2, 0, : 1, 3, 5, 3, 1, 2, 4, 5, 3, 4, 2, 3, 4, 1, 1, 43, 3, 44, 1, 5, 1, 4, 3, 5, 5, 4, 2, 1, 5, 5, 2, 1, 4, 1, 2, 1, 4, 41, 2, 5, 5, 1, 2, 5, 40, 2, 5, 42, 4, 2, 3, 4, 43, 4, 2, 
155: 0, 0, 4, 4, 2, 1, 0, 0, 1, 0, 0, 3, 1, 2, 1, 44, 4, 0, 0, 0, 5, 4, 0, 3, 0, 0, 2, 0, 3, 4, 3, 0, 1, 5, 0, 1, 4, 0, 0, 2, 0, 0, 41, 0, 2, 4, 0, 40, 0, 4, 0, 4, 0, 0, 3, 2, 0, 0, 0, 3, 0, 42, 5, 1, 0, 3, 0, 0, 0, 0, 0, 1, 41, 3, 0, 2, 0, 5, 2, 0, 5, 5, 0, 0, 0, 0, 0, 0, 0, 1, 2, 0, 0, 0, 0, 3, 42, 2, 2, 5, 0, 4, 0, 0, 4, 4, 0, 0, 0, 2, 2, 0, 3, 3, 4, 43, 3, 3, 5, 3, : 4, 4, 2, 1, 1, 3, 1, 2, 1, 44, 4, 5, 4, 3, 2, 3, 4, 3, 1, 5, 1, 4, 2, 41, 2, 4, 40, 4, 4, 3, 2, 3, 42, 5, 1, 3, 1, 41, 3, 2, 5, 2, 5, 5, 1, 2, 3, 42, 2, 2, 5, 4, 4, 4, 2, 2, 3, 3, 4, 43, 3, 3, 5, 3, 
130: 1, 5, 0, 4, 0, 2, 0, 0, 3, 0, 0, 0, 2, 40, 4, 2, 0, 0, 0, 0, 1, 5, 44, 5, 5, 0, 0, 4, 5, 0, 4, 0, 5, 0, 0, 0, 0, 0, 0, 43, 1, 3, 0, 5, 0, 0, 4, 5, 3, 1, 0, 0, 0, 0, 3, 0, 0, 5, 0, 0, 4, 0, 0, 5, 4, 2, 0, 5, 0, 4, 0, 4, 5, 44, 5, 0, 1, 5, 0, 0, 2, 3, 3, 0, 0, 0, 0, 3, 44, 3, 5, 0, 4, 0, 1, 5, 0, 0, 3, 4, 5, 0, 4, 0, 4, 0, 5, 0, 0, 0, 0, 0, 0, 0, 0, 0, 0, 0, 0, 2, : 1, 5, 4, 2, 3, 2, 40, 4, 2, 1, 5, 44, 5, 5, 4, 5, 4, 5, 43, 1, 3, 5, 4, 5, 3, 1, 3, 5, 4, 5, 4, 2, 5, 4, 4, 5, 44, 5, 1, 5, 2, 3, 3, 3, 44, 3, 5, 4, 1, 5, 3, 4, 5, 4, 4, 5, 2, 
29: 0, 5, 0, 3, 0, 0, 5, 2, 0, 1, 0, 4, 0, 0, 0, 0, 4, 2, 4, 0, 5, 4, 0, 0, 0, 0, 0, 5, 0, 4, 2, 0, 0, 3, 4, 5, 0, 0, 5, 3, 3, 0, 1, 2, 0, 0, 5, 0, 1, 5, 0, 1, 0, 0, 3, 4, 0, 0, 0, 40, 3, 2, 0, 1, 5, 5, 2, 0, 0, 1, 4, 0, 0, 0, 0, 5, 0, 3, 0, 0, 43, 3, 2, 4, 5, 1, 0, 0, 4, 0, 2, 5, 3, 0, 5, 5, 0, 0, 42, 5, 0, 0, 4, 42, 0, 0, 3, 3, 0, 0, 0, 0, 41, 0, 0, 1, 5, 0, 0, 4, : 5, 3, 5, 2, 1, 4, 4, 2, 4, 5, 4, 5, 4, 2, 3, 4, 5, 5, 3, 3, 1, 2, 5, 1, 5, 1, 3, 4, 40, 3, 2, 1, 5, 5, 2, 1, 4, 5, 3, 43, 3, 2, 4, 5, 1, 4, 2, 5, 3, 5, 5, 42, 5, 4, 42, 3, 3, 41, 1, 5, 4, 
30: 0, 0, 4, 0, 0, 3, 0, 0, 3, 0, 0, 0, 3, 1, 0, 0, 4, 0, 1, 42, 0, 1, 5, 0, 0, 0, 0, 0, 0, 0, 3, 0, 40, 1, 5, 0, 0, 0, 2, 0, 0, 0, 2, 5, 0, 0, 0, 4, 43, 1, 0, 0, 0, 0, 0, 5, 0, 0, 3, 0, 0, 0, 0, 0, 3, 1, 4, 0, 0, 3, 0, 1, 0, 3, 1, 5, 43, 0, 2, 0, 0, 0, 0, 0, 0, 3, 0, 4, 0, 0, 4, 0, 0, 0, 0, 0, 0, 0, 0, 0, 0, 0, 2, 2, 4, 0, 0, 0, 0, 5, 0, 44, 1, 5, 4, 0, 2, 0, 0, 0, : 4, 3, 3, 3, 1, 4, 1, 42, 1, 5, 3, 40, 1, 5, 2, 2, 5, 4, 43, 1, 5, 3, 3, 1, 4, 3, 1, 3, 1, 5, 43, 2, 3, 4, 4, 2, 2, 4, 5, 44, 1, 5, 4, 2, 
38: 1, 1, 5, 5, 0, 0, 0, 0, 1, 3, 0, 1, 0, 3, 0, 0, 2, 1, 0, 0, 0, 4, 40, 0, 0, 0, 0, 0, 1, 0, 3, 0, 2, 5, 1, 0, 5, 0, 43, 3, 4, 0, 2, 0, 0, 0, 1, 5, 0, 1, 0, 5, 2, 0, 3, 0, 5, 5, 2, 0, 0, 40, 2, 0, 1, 3, 0, 0, 0, 0, 0, 0, 0, 0, 0, 0, 0, 0, 41, 0, 0, 5, 0, 0, 0, 0, 0, 43, 0, 3, 0, 0, 0, 0, 0, 0, 40, 2, 0, 0, 0, 5, 3, 0, 0, 0, 0, 43, 0, 0, 1, 0, 0, 0, 42, 0, 4, 0, 0, 4, : 1, 1, 5, 5, 1, 3, 1, 3, 2, 1, 4, 40, 1, 3, 2, 5, 1, 5, 43, 3, 4, 2, 1, 5, 1, 5, 2, 3, 5, 5, 2, 40, 2, 1, 3, 41, 5, 43, 3, 40, 2, 5, 3, 43, 1, 42, 4, 4, 
154: 0, 0, 4, 1, 3, 0, 0, 1, 4, 0, 0, 3, 3, 4, 0, 0, 0, 0, 0, 0, 0, 0, 0, 2, 0, 0, 0, 40, 0, 0, 2, 1, 0, 1, 0, 5, 43, 2, 0, 42, 0, 3, 0, 0, 41, 0, 0, 0, 0, 0, 0, 4, 0, 0, 1, 0, 5, 0, 0, 1, 0, 0, 0, 3, 0, 5, 4, 1, 2, 0, 0, 0, 0, 0, 5, 0, 2, 2, 0, 0, 5, 5, 4, 0, 5, 4, 3, 0, 0, 0, 0, 0, 0, 0, 0, 1, 1, 0, 0, 3, 0, 0, 0, 0, 1, 0, 0, 0, 0, 0, 3, 4, 2, 2, 2, 0, 0, 0, 1, 1, : 4, 1, 3, 1, 4, 3, 3, 4, 2, 40, 2, 1, 1, 5, 43, 2, 42, 3, 41, 4, 1, 5, 1, 3, 5, 4, 1, 2, 5, 2, 2, 5, 5, 4, 5, 4, 3, 1, 1, 3, 1, 3, 4, 2, 2, 2, 1, 1, 
83: 3, 0, 41, 41, 0, 0, 42, 0, 1, 0, 0, 4, 3, 0, 3, 3, 5, 42, 0, 2, 2, 3, 0, 2, 0, 0, 5, 0, 3, 0, 4, 0, 0, 5, 0, 40, 3, 3, 0, 42, 0, 0, 1, 1, 3, 4, 0, 3, 0, 2, 44, 2, 0, 3, 1, 43, 0, 5, 2, 4, 4, 0, 3, 0, 0, 3, 0, 0, 5, 0, 0, 0, 0, 0, 0, 3, 5, 0, 0, 4, 40, 0, 4, 0, 0, 3, 5, 43, 0, 2, 0, 2, 5, 0, 3, 0, 2, 3, 0, 0, 2, 0, 3, 1, 2, 3, 0, 0, 0, 1, 0, 0, 40, 0, 0, 2, 1, 5, 0, 3, : 3, 41, 41, 42, 1, 4, 3, 3, 3, 5, 42, 2, 2, 3, 2, 5, 3, 4, 5, 40, 3, 3, 42, 1, 1, 3, 4, 3, 2, 44, 2, 3, 1, 43, 5, 2, 4, 4, 3, 3, 5, 3, 5, 4, 40, 4, 3, 5, 43, 2, 2, 5, 3, 2, 3, 2, 3, 1, 2, 3, 1, 40, 2, 1, 5, 3, 
44: 3, 0, 1, 44, 4, 1, 0, 3, 3, 0, 0, 43, 0, 1, 0, 3, 5, 1, 0, 0, 0, 1, 0, 0, 5, 0, 4, 3, 0, 42, 0, 3, 4, 2, 0, 0, 4, 0, 0, 5, 1, 4, 5, 5, 0, 0, 4, 2, 3, 5, 0, 1, 0, 1, 4, 0, 2, 0, 1, 0, 4, 0, 0, 3, 0, 4, 4, 1, 4, 0, 0, 0, 0, 0, 40, 43, 0, 1, 4, 0, 0, 0, 0, 0, 2, 2, 0, 5, 0, 0, 4, 2, 2, 0, 0, 4, 2, 0, 0, 0, 4, 5, 5, 0, 0, 1, 2, 0, 0, 2, 2, 0, 0, 4, 0, 0, 2, 0, 3, 1, : 3, 1, 44, 4, 1, 3, 3, 43, 1, 3, 5, 1, 1, 5, 4, 3, 42, 3, 4, 2, 4, 5, 1, 4, 5, 5, 4, 2, 3, 5, 1, 1, 4, 2, 1, 4, 3, 4, 4, 1, 4, 40, 43, 1, 4, 2, 2, 5, 4, 2, 2, 4, 2, 4, 5, 5, 1, 2, 2, 2, 4, 2, 3, 1, 
146: 44, 5, 1, 0, 41, 0, 0, 4, 0, 5, 0, 0, 44, 2, 3, 1, 41, 44, 1, 5, 5, 1, 43, 41, 3, 0, 0, 3, 0, 0, 4, 0, 0, 5, 1, 0, 2, 1, 0, 3, 3, 5, 1, 4, 0, 4, 5, 1, 5, 3, 1, 1, 3, 0, 1, 3, 4, 5, 3, 4, 0, 1, 0, 2, 0, 2, 1, 0, 2, 0, 42, 4, 0, 4, 0, 4, 4, 2, 0, 0, 0, 2, 4, 2, 0, 2, 4, 3, 41, 2, 1, 0, 0, 5, 5, 5, 0, 5, 0, 0, 40, 0, 0, 0, 0, 4, 2, 2, 0, 0, 0, 0, 4, 0, 0, 40, 5, 0, 0, 0, : 44, 5, 1, 41, 4, 5, 44, 2, 3, 1, 41, 44, 1, 5, 5, 1, 43, 41, 3, 3, 4, 5, 1, 2, 1, 3, 3, 5, 1, 4, 4, 5, 1, 5, 3, 1, 1, 3, 1, 3, 4, 5, 3, 4, 1, 2, 2, 1, 2, 42, 4, 4, 4, 4, 2, 2, 4, 2, 2, 4, 3, 41, 2, 1, 5, 5, 5, 5, 40, 4, 2, 2, 4, 40, 5, 
32: 0, 5, 0, 5, 0, 0, 3, 1, 1, 0, 5, 3, 3, 0, 0, 0, 0, 2, 40, 3, 0, 1, 0, 2, 2, 0, 0, 0, 3, 0, 5, 0, 2, 5, 40, 0, 2, 5, 43, 4, 0, 0, 1, 4, 0, 4, 2, 0, 4, 3, 0, 3, 0, 1, 0, 2, 3, 3, 0, 5, 0, 0, 0, 0, 1, 5, 0, 1, 2, 0, 40, 0, 0, 0, 0, 0, 0, 0, 0, 0, 2, 0, 0, 1, 4, 2, 0, 5, 4, 0, 4, 0, 0, 0, 1, 0, 5, 4, 5, 0, 4, 42, 2, 0, 0, 5, 3, 0, 0, 4, 0, 0, 0, 1, 0, 0, 0, 4, 40, 5, : 5, 5, 3, 1, 1, 5, 3, 3, 2, 40, 3, 1, 2, 2, 3, 5, 2, 5, 40, 2, 5, 43, 4, 1, 4, 4, 2, 4, 3, 3, 1, 2, 3, 3, 5, 1, 5, 1, 2, 40, 2, 1, 4, 2, 5, 4, 4, 1, 5, 4, 5, 4, 42, 2, 5, 3, 4, 1, 4, 40, 5, 
85: 0, 0, 4, 2, 2, 1, 2, 3, 1, 5, 0, 0, 0, 2, 4, 3, 5, 2, 0, 5, 0, 3, 2, 41, 0, 41, 1, 40, 0, 4, 2, 0, 0, 3, 1, 0, 0, 0, 2, 3, 42, 2, 0, 0, 0, 4, 0, 3, 0, 4, 3, 5, 0, 0, 0, 0, 0, 4, 0, 4, 0, 3, 0, 0, 4, 4, 0, 3, 0, 3, 0, 41, 3, 0, 2, 0, 1, 5, 4, 0, 0, 3, 0, 5, 4, 0, 4, 0, 5, 2, 1, 2, 0, 0, 3, 1, 4, 0, 4, 5, 4, 2, 5, 2, 4, 5, 1, 5, 0, 0, 1, 0, 0, 0, 3, 3, 0, 5, 0, 3, : 4, 2, 2, 1, 2, 3, 1, 5, 2, 4, 3, 5, 2, 5, 3, 2, 41, 41, 1, 40, 4, 2, 3, 1, 2, 3, 42, 2, 4, 3, 4, 3, 5, 4, 4, 3, 4, 4, 3, 3, 41, 3, 2, 1, 5, 4, 3, 5, 4, 4, 5, 2, 1, 2, 3, 1, 4, 4, 5, 4, 2, 5, 2, 4, 5, 1, 5, 1, 3, 3, 5, 3, 
143: 3, 0, 0, 0, 1, 0, 2, 5, 5, 1, 0, 5, 0, 1, 0, 4, 0, 1, 4, 0, 5, 40, 2, 2, 0, 3, 0, 0, 5, 5, 3, 3, 0, 3, 0, 2, 3, 3, 0, 4, 0, 5, 4, 2, 3, 40, 2, 2, 3, 2, 2, 0, 42, 0, 2, 0, 0, 1, 5, 0, 0, 0, 0, 4, 2, 43, 4, 42, 0, 3, 0, 0, 0, 0, 0, 0, 5, 3, 0, 0, 1, 1, 0, 0, 5, 0, 0, 0, 0, 4, 5, 1, 1, 3, 4, 43, 0, 0, 0, 0, 0, 3, 0, 0, 5, 0, 3, 5, 0, 0, 1, 0, 1, 2, 0, 0, 2, 0, 3, 1, : 3, 1, 2, 5, 5, 1, 5, 1, 4, 1, 4, 5, 40, 2, 2, 3, 5, 5, 3, 3, 3, 2, 3, 3, 4, 5, 4, 2, 3, 40, 2, 2, 3, 2, 2, 42, 2, 1, 5, 4, 2, 43, 4, 42, 3, 5, 3, 1, 1, 5, 4, 5, 1, 1, 3, 4, 43, 3, 5, 3, 5, 1, 1, 2, 2, 3, 1, 
36: 41, 0, 5, 0, 0, 43, 0, 0, 42, 0, 1, 3, 0, 3, 0, 44, 4, 1, 0, 0, 0, 3, 5, 2, 0, 0, 0, 0, 0, 0, 1, 0, 4, 3, 2, 0, 3, 2, 0, 4, 44, 43, 0, 0, 0, 4, 1, 4, 0, 0, 42, 0, 1, 0, 1, 4, 0, 0, 0, 0, 1, 2, 1, 3, 0, 4, 3, 4, 0, 5, 2, 2, 4, 4, 5, 40, 0, 0, 5, 0, 0, 0, 0, 1, 5, 2, 0, 2, 0, 0, 2, 0, 5, 0, 1, 4, 4, 5, 4, 0, 44, 0, 3, 0, 0, 0, 0, 0, 1, 0, 2, 44, 0, 1, 41, 3, 0, 0, 4, 1, : 41, 5, 43, 42, 1, 3, 3, 44, 4, 1, 3, 5, 2, 1, 4, 3, 2, 3, 2, 4, 44, 43, 4, 1, 4, 42, 1, 1, 4, 1, 2, 1, 3, 4, 3, 4, 5, 2, 2, 4, 4, 5, 40, 5, 1, 5, 2, 2, 2, 5, 1, 4, 4, 5, 4, 44, 3, 1, 2, 44, 1, 41, 3, 4, 1, 
19: 0, 0, 3, 0, 0, 2, 5, 2, 0, 42, 0, 4, 3, 0, 0, 0, 3, 0, 40, 4, 0, 2, 5, 0, 41, 0, 0, 0, 0, 0, 3, 0, 2, 2, 0, 0, 5, 2, 2, 5, 0, 0, 0, 4, 40, 5, 0, 4, 1, 0, 1, 2, 5, 0, 2, 0, 0, 4, 43, 44, 0, 0, 0, 0, 0, 40, 3, 0, 0, 0, 5, 1, 0, 0, 0, 0, 0, 4, 0, 44, 0, 0, 0, 0, 0, 3, 3, 2, 4, 0, 0, 0, 0, 0, 4, 1, 44, 2, 0, 1, 3, 5, 1, 5, 0, 3, 0, 0, 0, 0, 0, 2, 42, 2, 0, 2, 0, 0, 1, 0, : 3, 2, 5, 2, 42, 4, 3, 3, 40, 4, 2, 5, 41, 3, 2, 2, 5, 2, 2, 5, 4, 40, 5, 4, 1, 1, 2, 5, 2, 4, 43, 44, 40, 3, 5, 1, 4, 44, 3, 3, 2, 4, 4, 1, 44, 2, 1, 3, 5, 1, 5, 3, 2, 42, 2, 2, 1, 
133: 5, 5, 0, 5, 40, 2, 0, 5, 0, 5, 44, 43, 43, 0, 0, 1, 0, 2, 1, 5, 0, 0, 4, 1, 0, 2, 5, 0, 2, 0, 1, 0, 0, 0, 1, 0, 0, 0, 4, 4, 2, 4, 3, 5, 0, 5, 0, 3, 42, 1, 0, 1, 0, 0, 0, 0, 0, 3, 0, 0, 41, 0, 0, 2, 2, 3, 3, 0, 4, 0, 0, 0, 1, 0, 0, 3, 0, 3, 0, 0, 0, 3, 0, 2, 5, 0, 4, 1, 0, 0, 0, 5, 5, 0, 3, 4, 3, 0, 1, 2, 44, 4, 0, 2, 0, 5, 5, 0, 0, 4, 0, 0, 5, 3, 0, 0, 0, 0, 0, 1, : 5, 5, 5, 40, 2, 5, 5, 44, 43, 43, 1, 2, 1, 5, 4, 1, 2, 5, 2, 1, 1, 4, 4, 2, 4, 3, 5, 5, 3, 42, 1, 1, 3, 41, 2, 2, 3, 3, 4, 1, 3, 3, 3, 2, 5, 4, 1, 5, 5, 3, 4, 3, 1, 2, 44, 4, 2, 5, 5, 4, 5, 3, 1, 
72: 44, 0, 0, 1, 0, 0, 3, 2, 1, 1, 1, 0, 3, 0, 0, 0, 4, 0, 0, 0, 0, 3, 1, 2, 0, 0, 3, 44, 0, 0, 2, 1, 2, 5, 1, 0, 0, 0, 1, 5, 1, 0, 41, 0, 0, 0, 3, 4, 0, 0, 44, 0, 5, 0, 0, 5, 0, 0, 0, 0, 0, 0, 0, 0, 0, 2, 0, 2, 1, 0, 42, 5, 1, 0, 0, 0, 1, 0, 0, 1, 40, 0, 4, 4, 0, 0, 41, 0, 0, 0, 4, 0, 0, 0, 2, 0, 5, 2, 0, 0, 0, 2, 41, 0, 0, 0, 0, 0, 0, 0, 0, 4, 1, 1, 3, 2, 0, 3, 41, 4, : 44, 1, 3, 2, 1, 1, 1, 3, 4, 3, 1, 2, 3, 44, 2, 1, 2, 5, 1, 1, 5, 1, 41, 3, 4, 44, 5, 5, 2, 2, 1, 42, 5, 1, 1, 1, 40, 4, 4, 41, 4, 2, 5, 2, 2, 41, 4, 1, 1, 3, 2, 3, 41, 4, 
90: 2, 0, 0, 2, 0, 0, 2, 4, 0, 0, 2, 0, 2, 1, 3, 2, 44, 0, 0, 0, 0, 5, 0, 2, 0, 0, 0, 1, 0, 0, 0, 0, 0, 0, 0, 2, 4, 4, 3, 1, 2, 0, 0, 3, 2, 3, 0, 0, 5, 5, 0, 0, 0, 2, 3, 0, 0, 0, 0, 3, 4, 0, 3, 2, 0, 5, 2, 4, 2, 0, 0, 0, 1, 0, 0, 4, 0, 4, 5, 0, 0, 5, 0, 0, 0, 5, 0, 2, 0, 0, 0, 2, 0, 5, 0, 4, 3, 0, 5, 40, 0, 1, 2, 0, 0, 0, 0, 0, 0, 3, 4, 0, 1, 0, 5, 5, 0, 0, 0, 5, : 2, 2, 2, 4, 2, 2, 1, 3, 2, 44, 5, 2, 1, 2, 4, 4, 3, 1, 2, 3, 2, 3, 5, 5, 2, 3, 3, 4, 3, 2, 5, 2, 4, 2, 1, 4, 4, 5, 5, 5, 2, 2, 5, 4, 3, 5, 40, 1, 2, 3, 4, 1, 5, 5, 5, 
57: 0, 0, 1, 0, 0, 42, 0, 5, 0, 4, 2, 0, 0, 4, 0, 4, 0, 0, 5, 44, 4, 1, 1, 0, 0, 0, 2, 0, 5, 5, 3, 0, 1, 5, 44, 0, 1, 0, 0, 0, 0, 0, 0, 5, 0, 4, 5, 0, 3, 1, 44, 0, 5, 41, 1, 0, 0, 0, 4, 4, 0, 0, 1, 0, 4, 2, 5, 5, 0, 0, 0, 2, 0, 0, 0, 0, 0, 5, 1, 0, 0, 0, 3, 1, 3, 3, 0, 4, 0, 0, 5, 42, 3, 0, 3, 0, 0, 4, 0, 0, 0, 0, 5, 5, 0, 0, 4, 1, 44, 1, 4, 2, 2, 0, 0, 0, 0, 0, 1, 2, : 1, 42, 5, 4, 2, 4, 4, 5, 44, 4, 1, 1, 2, 5, 5, 3, 1, 5, 44, 1, 5, 4, 5, 3, 1, 44, 5, 41, 1, 4, 4, 1, 4, 2, 5, 5, 2, 5, 1, 3, 1, 3, 3, 4, 5, 42, 3, 3, 4, 5, 5, 4, 1, 44, 1, 4, 2, 2, 1, 2, 
137: 3, 0, 0, 0, 0, 0, 1, 4, 1, 1, 0, 0, 4, 0, 2, 2, 0, 0, 2, 0, 3, 2, 0, 0, 4, 0, 0, 1, 0, 1, 1, 3, 0, 5, 4, 0, 0, 4, 0, 3, 3, 41, 42, 0, 40, 1, 0, 5, 0, 2, 0, 1, 4, 5, 0, 0, 0, 3, 0, 4, 2, 0, 0, 0, 4, 3, 1, 0, 1, 3, 3, 2, 2, 0, 3, 0, 0, 0, 4, 0, 4, 1, 4, 5, 0, 1, 1, 0, 5, 0, 0, 0, 0, 0, 0, 0, 42, 0, 0, 0, 0, 0, 5, 2, 2, 0, 0, 0, 0, 0, 0, 0, 0, 0, 1, 0, 0, 5, 4, 0, : 3, 1, 4, 1, 1, 4, 2, 2, 2, 3, 2, 4, 1, 1, 1, 3, 5, 4, 4, 3, 3, 41, 42, 40, 1, 5, 2, 1, 4, 5, 3, 4, 2, 4, 3, 1, 1, 3, 3, 2, 2, 3, 4, 4, 1, 4, 5, 1, 1, 5, 42, 5, 2, 2, 1, 5, 4, 
33: 3, 1, 43, 5, 5, 4, 4, 41, 3, 0, 3, 0, 2, 2, 4, 43, 0, 0, 0, 5, 0, 1, 0, 0, 0, 0, 3, 1, 5, 0, 2, 0, 2, 0, 0, 1, 0, 0, 3, 2, 1, 0, 3, 2, 0, 0, 3, 5, 1, 40, 0, 0, 4, 0, 1, 44, 5, 3, 0, 0, 0, 0, 0, 1, 41, 1, 3, 4, 3, 0, 0, 2, 5, 4, 0, 0, 0, 3, 2, 4, 3, 0, 0, 4, 5, 0, 0, 2, 0, 1, 4, 0, 44, 0, 3, 5, 4, 0, 0, 4, 0, 0, 1, 2, 2, 0, 0, 43, 0, 1, 0, 4, 0, 3, 0, 43, 3, 4, 1, 1, : 3, 1, 43, 5, 5, 4, 4, 41, 3, 3, 2, 2, 4, 43, 5, 1, 3, 1, 5, 2, 2, 1, 3, 2, 1, 3, 2, 3, 5, 1, 40, 4, 1, 44, 5, 3, 1, 41, 1, 3, 4, 3, 2, 5, 4, 3, 2, 4, 3, 4, 5, 2, 1, 4, 44, 3, 5, 4, 4, 1, 2, 2, 43, 1, 4, 3, 43, 3, 4, 1, 1, 
142: 4, 4, 2, 0, 0, 0, 1, 0, 1, 0, 41, 0, 0, 2, 1, 1, 44, 2, 3, 0, 4, 2, 0, 1, 44, 5, 5, 0, 0, 1, 2, 4, 5, 5, 1, 5, 1, 0, 0, 0, 3, 0, 0, 5, 0, 5, 0, 0, 4, 1, 1, 0, 0, 0, 4, 0, 0, 0, 43, 0, 3, 1, 0, 0, 2, 4, 0, 4, 4, 0, 3, 0, 42, 0, 0, 2, 0, 4, 0, 0, 4, 3, 0, 1, 0, 4, 0, 2, 0, 5, 0, 3, 5, 4, 3, 0, 0, 0, 5, 1, 0, 0, 2, 4, 4, 2, 3, 0, 4, 0, 44, 5, 0, 4, 0, 40, 0, 3, 0, 0, : 4, 4, 2, 1, 1, 41, 2, 1, 1, 44, 2, 3, 4, 2, 1, 44, 5, 5, 1, 2, 4, 5, 5, 1, 5, 1, 3, 5, 5, 4, 1, 1, 4, 43, 3, 1, 2, 4, 4, 4, 3, 42, 2, 4, 4, 3, 1, 4, 2, 5, 3, 5, 4, 3, 5, 1, 2, 4, 4, 2, 3, 4, 44, 5, 4, 40, 3, 
67: 0, 0, 0, 3, 0, 0, 43, 1, 0, 5, 3, 4, 40, 0, 3, 0, 0, 0, 4, 4, 0, 3, 3, 0, 0, 0, 2, 4, 2, 2, 44, 2, 0, 4, 5, 0, 0, 0, 0, 5, 4, 4, 0, 4, 5, 1, 4, 2, 0, 3, 5, 1, 2, 0, 3, 43, 0, 0, 0, 0, 40, 4, 0, 0, 4, 1, 0, 0, 0, 43, 0, 0, 0, 0, 0, 0, 0, 2, 2, 0, 2, 44, 0, 44, 2, 0, 5, 3, 5, 4, 5, 42, 0, 0, 3, 4, 1, 1, 0, 0, 0, 5, 0, 0, 0, 5, 4, 5, 0, 0, 5, 0, 0, 0, 40, 5, 0, 0, 0, 3, : 3, 43, 1, 5, 3, 4, 40, 3, 4, 4, 3, 3, 2, 4, 2, 2, 44, 2, 4, 5, 5, 4, 4, 4, 5, 1, 4, 2, 3, 5, 1, 2, 3, 43, 40, 4, 4, 1, 43, 2, 2, 2, 44, 44, 2, 5, 3, 5, 4, 5, 42, 3, 4, 1, 1, 5, 5, 4, 5, 5, 40, 5, 3, 
111: 41, 0, 0, 4, 0, 0, 0, 0, 4, 0, 0, 0, 2, 1, 3, 41, 0, 0, 0, 0, 0, 3, 3, 0, 2, 0, 44, 0, 0, 0, 4, 0, 0, 1, 2, 0, 0, 0, 0, 0, 0, 0, 0, 40, 0, 3, 4, 3, 4, 0, 5, 1, 5, 0, 5, 5, 0, 0, 0, 0, 1, 4, 0, 0, 5, 5, 0, 1, 0, 0, 0, 5, 4, 0, 0, 0, 0, 5, 5, 5, 5, 4, 0, 0, 0, 0, 0, 0, 5, 2, 1, 0, 2, 41, 1, 5, 0, 0, 0, 0, 5, 0, 3, 0, 0, 1, 3, 5, 4, 4, 0, 0, 0, 0, 2, 0, 0, 3, 5, 0, : 41, 4, 4, 2, 1, 3, 41, 3, 3, 2, 44, 4, 1, 2, 40, 3, 4, 3, 4, 5, 1, 5, 5, 5, 1, 4, 5, 5, 1, 5, 4, 5, 5, 5, 5, 4, 5, 2, 1, 2, 41, 1, 5, 5, 3, 1, 3, 5, 4, 4, 2, 3, 5, 
9: 0, 0, 0, 5, 5, 2, 0, 0, 5, 2, 0, 5, 3, 4, 5, 5, 2, 1, 0, 0, 41, 3, 0, 0, 0, 0, 4, 2, 0, 3, 0, 3, 2, 0, 0, 3, 3, 3, 0, 2, 0, 1, 3, 0, 4, 1, 0, 0, 1, 4, 1, 0, 4, 0, 3, 1, 0, 0, 0, 0, 3, 3, 0, 0, 41, 0, 5, 5, 0, 3, 4, 0, 44, 0, 0, 40, 0, 0, 5, 0, 0, 2, 0, 5, 0, 0, 0, 1, 3, 1, 0, 0, 43, 0, 0, 3, 0, 0, 43, 41, 5, 1, 3, 0, 1, 0, 2, 1, 0, 2, 0, 4, 5, 1, 0, 4, 2, 0, 0, 0, : 5, 5, 2, 5, 2, 5, 3, 4, 5, 5, 2, 1, 41, 3, 4, 2, 3, 3, 2, 3, 3, 3, 2, 1, 3, 4, 1, 1, 4, 1, 4, 3, 1, 3, 3, 41, 5, 5, 3, 4, 44, 40, 5, 2, 5, 1, 3, 1, 43, 3, 43, 41, 5, 1, 3, 1, 2, 1, 2, 4, 5, 1, 4, 2, 
55: 0, 0, 4, 0, 0, 0, 0, 0, 0, 3, 0, 1, 0, 41, 3, 0, 0, 0, 3, 0, 0, 4, 0, 2, 0, 0, 0, 44, 0, 0, 4, 4, 0, 5, 0, 0, 0, 4, 0, 2, 1, 0, 0, 0, 0, 3, 5, 0, 0, 0, 0, 3, 0, 1, 5, 0, 1, 3, 5, 0, 5, 0, 0, 0, 2, 5, 0, 0, 4, 0, 0, 0, 1, 3, 0, 0, 0, 5, 0, 0, 0, 2, 5, 41, 4, 4, 1, 2, 41, 40, 5, 2, 0, 5, 5, 5, 3, 1, 0, 0, 0, 1, 1, 0, 0, 0, 3, 4, 43, 0, 0, 0, 40, 2, 1, 0, 5, 0, 0, 0, : 4, 3, 1, 41, 3, 3, 4, 2, 44, 4, 4, 5, 4, 2, 1, 3, 5, 3, 1, 5, 1, 3, 5, 5, 2, 5, 4, 1, 3, 5, 2, 5, 41, 4, 4, 1, 2, 41, 40, 5, 2, 5, 5, 5, 3, 1, 1, 1, 3, 4, 43, 40, 2, 1, 5, 
99: 1, 0, 0, 0, 0, 2, 1, 0, 4, 5, 4, 3, 0, 0, 2, 0, 1, 0, 0, 0, 0, 41, 0, 0, 0, 0, 3, 5, 40, 0, 0, 1, 0, 2, 3, 41, 3, 0, 2, 0, 3, 4, 0, 0, 0, 2, 0, 2, 0, 5, 1, 3, 0, 0, 42, 0, 1, 1, 4, 0, 5, 0, 0, 0, 4, 4, 2, 1, 41, 0, 1, 0, 0, 0, 43, 0, 5, 0, 1, 0, 0, 3, 2, 1, 1, 0, 0, 5, 4, 1, 0, 0, 0, 0, 0, 40, 0, 40, 1, 0, 0, 2, 43, 41, 4, 2, 0, 2, 3, 4, 4, 1, 0, 4, 0, 0, 5, 4, 4, 0, : 1, 2, 1, 4, 5, 4, 3, 2, 1, 41, 3, 5, 40, 1, 2, 3, 41, 3, 2, 3, 4, 2, 2, 5, 1, 3, 42, 1, 1, 4, 5, 4, 4, 2, 1, 41, 1, 43, 5, 1, 3, 2, 1, 1, 5, 4, 1, 40, 40, 1, 2, 43, 41, 4, 2, 2, 3, 4, 4, 1, 4, 5, 4, 4, 
124: 0, 43, 0, 2, 0, 5, 40, 2, 5, 0, 3, 4, 1, 5, 2, 1, 0, 3, 0, 2, 0, 2, 1, 0, 5, 0, 0, 0, 3, 0, 5, 0, 1, 4, 0, 1, 0, 2, 0, 0, 0, 0, 2, 2, 0, 4, 4, 0, 0, 0, 3, 5, 0, 0, 0, 0, 3, 0, 0, 0, 0, 0, 0, 1, 5, 0, 0, 0, 2, 0, 0, 0, 3, 0, 1, 5, 0, 2, 4, 0, 40, 3, 43, 3, 4, 0, 5, 0, 0, 3, 2, 1, 4, 0, 0, 0, 3, 0, 3, 0, 44, 5, 5, 0, 0, 1, 1, 0, 1, 4, 3, 3, 3, 42, 0, 3, 3, 0, 0, 4, : 43, 2, 5, 40, 2, 5, 3, 4, 1, 5, 2, 1, 3, 2, 2, 1, 5, 3, 5, 1, 4, 1, 2, 2, 2, 4, 4, 3, 5, 3, 1, 5, 2, 3, 1, 5, 2, 4, 40, 3, 43, 3, 4, 5, 3, 2, 1, 4, 3, 3, 44, 5, 5, 1, 1, 1, 4, 3, 3, 3, 42, 3, 3, 4, 
156: 0, 5, 2, 4, 0, 0, 2, 1, 5, 44, 0, 3, 1, 0, 0, 3, 0, 0, 0, 3, 2, 3, 2, 1, 43, 41, 2, 0, 2, 0, 0, 0, 0, 0, 1, 0, 1, 0, 2, 2, 1, 0, 0, 2, 0, 0, 5, 0, 3, 3, 0, 0, 0, 0, 2, 5, 2, 42, 0, 0, 0, 0, 0, 3, 5, 5, 2, 2, 3, 0, 0, 4, 3, 0, 2, 0, 0, 3, 5, 0, 0, 3, 0, 0, 3, 3, 0, 4, 2, 2, 1, 4, 5, 1, 3, 44, 5, 0, 5, 0, 1, 0, 1, 0, 0, 5, 4, 0, 0, 4, 0, 0, 0, 4, 2, 0, 0, 0, 0, 4, : 5, 2, 4, 2, 1, 5, 44, 3, 1, 3, 3, 2, 3, 2, 1, 43, 41, 2, 2, 1, 1, 2, 2, 1, 2, 5, 3, 3, 2, 5, 2, 42, 3, 5, 5, 2, 2, 3, 4, 3, 2, 3, 5, 3, 3, 3, 4, 2, 2, 1, 4, 5, 1, 3, 44, 5, 5, 1, 1, 5, 4, 4, 4, 2, 4, 
40: 0, 0, 0, 0, 0, 0, 0, 42, 2, 0, 2, 0, 0, 4, 0, 0, 5, 0, 0, 4, 2, 1, 0, 0, 0, 1, 5, 0, 2, 0, 4, 40, 5, 3, 0, 0, 1, 1, 0, 0, 0, 0, 2, 0, 0, 5, 0, 0, 1, 3, 2, 1, 0, 3, 1, 0, 0, 0, 0, 2, 0, 0, 1, 5, 0, 5, 3, 41, 0, 1, 1, 0, 2, 5, 0, 2, 0, 5, 3, 0, 1, 0, 1, 0, 1, 0, 0, 2, 1, 0, 41, 0, 0, 0, 0, 0, 5, 0, 0, 3, 0, 1, 2, 2, 0, 0, 0, 1, 0, 0, 0, 3, 0, 1, 2, 3, 2, 0, 1, 42, : 42, 2, 2, 4, 5, 4, 2, 1, 1, 5, 2, 4, 40, 5, 3, 1, 1, 2, 5, 1, 3, 2, 1, 3, 1, 2, 1, 5, 5, 3, 41, 1, 1, 2, 5, 2, 5, 3, 1, 1, 1, 2, 1, 41, 5, 3, 1, 2, 2, 1, 3, 1, 2, 3, 2, 1, 42, 
97: 3, 0, 0, 4, 5, 0, 42, 2, 0, 5, 5, 0, 0, 1, 0, 0, 1, 0, 0, 0, 0, 1, 0, 1, 0, 0, 1, 0, 0, 0, 2, 0, 0, 0, 0, 0, 2, 41, 0, 0, 0, 44, 2, 3, 0, 2, 4, 1, 2, 4, 2, 5, 1, 0, 0, 0, 0, 0, 5, 0, 0, 5, 5, 0, 0, 2, 4, 3, 5, 0, 0, 1, 0, 43, 0, 4, 0, 1, 5, 3, 0, 0, 0, 0, 0, 0, 0, 3, 0, 3, 0, 0, 4, 1, 0, 3, 0, 0, 0, 3, 0, 3, 5, 4, 0, 0, 4, 0, 0, 0, 0, 0, 0, 3, 2, 0, 0, 1, 4, 3, : 3, 4, 5, 42, 2, 5, 5, 1, 1, 1, 1, 1, 2, 2, 41, 44, 2, 3, 2, 4, 1, 2, 4, 2, 5, 1, 5, 5, 5, 2, 4, 3, 5, 1, 43, 4, 1, 5, 3, 3, 3, 4, 1, 3, 3, 3, 5, 4, 4, 3, 2, 1, 4, 3, 
116: 1, 41, 0, 3, 0, 40, 1, 0, 0, 0, 3, 0, 1, 5, 0, 0, 5, 44, 1, 4, 5, 2, 3, 0, 0, 0, 0, 0, 0, 0, 4, 1, 0, 5, 0, 0, 4, 0, 1, 1, 0, 3, 0, 4, 0, 1, 0, 2, 3, 3, 2, 1, 0, 3, 43, 3, 2, 2, 0, 5, 0, 0, 0, 2, 5, 1, 4, 2, 3, 0, 0, 1, 4, 1, 0, 2, 2, 4, 5, 0, 2, 0, 0, 40, 0, 5, 0, 2, 0, 0, 1, 0, 0, 0, 3, 2, 2, 3, 0, 0, 0, 2, 4, 0, 4, 0, 0, 0, 0, 3, 0, 0, 0, 5, 1, 5, 5, 0, 0, 0, : 1, 41, 3, 40, 1, 3, 1, 5, 5, 44, 1, 4, 5, 2, 3, 4, 1, 5, 4, 1, 1, 3, 4, 1, 2, 3, 3, 2, 1, 3, 43, 3, 2, 2, 5, 2, 5, 1, 4, 2, 3, 1, 4, 1, 2, 2, 4, 5, 2, 40, 5, 2, 1, 3, 2, 2, 3, 2, 4, 4, 3, 5, 1, 5, 5, 
131: 0, 5, 2, 0, 2, 0, 1, 3, 1, 4, 0, 1, 2, 1, 1, 4, 3, 4, 2, 0, 0, 3, 0, 0, 0, 1, 0, 4, 0, 0, 0, 3, 3, 1, 5, 44, 5, 1, 4, 2, 3, 5, 0, 4, 0, 0, 4, 2, 0, 4, 5, 0, 0, 0, 3, 2, 0, 2, 3, 0, 0, 0, 0, 4, 0, 4, 41, 4, 0, 0, 0, 0, 41, 5, 5, 3, 0, 2, 4, 3, 3, 1, 0, 4, 0, 2, 5, 1, 0, 5, 4, 0, 1, 0, 44, 0, 0, 4, 0, 0, 2, 5, 0, 2, 0, 0, 1, 40, 0, 0, 5, 4, 0, 0, 5, 0, 0, 0, 0, 5, : 5, 2, 2, 1, 3, 1, 4, 1, 2, 1, 1, 4, 3, 4, 2, 3, 1, 4, 3, 3, 1, 5, 44, 5, 1, 4, 2, 3, 5, 4, 4, 2, 4, 5, 3, 2, 2, 3, 4, 4, 41, 4, 41, 5, 5, 3, 2, 4, 3, 3, 1, 4, 2, 5, 1, 5, 4, 1, 44, 4, 2, 5, 2, 1, 40, 5, 4, 5, 5, 
79: 5, 0, 4, 0, 0, 0, 0, 5, 2, 0, 0, 0, 0, 1, 0, 5, 0, 0, 0, 0, 0, 1, 4, 0, 0, 2, 0, 0, 0, 0, 0, 0, 0, 0, 0, 4, 0, 5, 42, 0, 1, 0, 3, 0, 1, 2, 0, 0, 4, 40, 1, 0, 0, 0, 2, 0, 0, 2, 1, 0, 0, 0, 4, 2, 0, 4, 0, 0, 0, 5, 0, 0, 0, 0, 0, 42, 0, 0, 0, 0, 3, 0, 0, 3, 0, 0, 0, 0, 2, 0, 2, 3, 4, 5, 0, 5, 3, 0, 0, 1, 0, 5, 44, 5, 0, 5, 0, 0, 0, 1, 0, 1, 0, 0, 0, 1, 3, 0, 0, 4, : 5, 4, 5, 2, 1, 5, 1, 4, 2, 4, 5, 42, 1, 3, 1, 2, 4, 40, 1, 2, 2, 1, 4, 2, 4, 5, 42, 3, 3, 2, 2, 3, 4, 5, 5, 3, 1, 5, 44, 5, 5, 1, 1, 1, 3, 4, 
14: 0, 5, 1, 1, 0, 3, 0, 2, 0, 4, 44, 2, 43, 4, 3, 0, 0, 2, 0, 2, 0, 2, 4, 0, 0, 2, 3, 1, 4, 0, 4, 0, 43, 2, 3, 0, 5, 3, 0, 3, 1, 2, 2, 3, 0, 0, 0, 2, 0, 3, 0, 0, 1, 0, 1, 0, 0, 0, 4, 1, 4, 2, 2, 2, 3, 1, 0, 1, 2, 5, 0, 42, 0, 5, 4, 2, 4, 2, 0, 0, 0, 4, 5, 2, 41, 2, 0, 1, 0, 1, 2, 3, 1, 4, 3, 0, 4, 0, 5, 0, 0, 2, 3, 2, 5, 0, 5, 0, 0, 0, 4, 0, 3, 5, 3, 0, 5, 4, 0, 3, : 5, 1, 1, 3, 2, 4, 44, 2, 43, 4, 3, 2, 2, 2, 4, 2, 3, 1, 4, 4, 43, 2, 3, 5, 3, 3, 1, 2, 2, 3, 2, 3, 1, 1, 4, 1, 4, 2, 2, 2, 3, 1, 1, 2, 5, 42, 5, 4, 2, 4, 2, 4, 5, 2, 41, 2, 1, 1, 2, 3, 1, 4, 3, 4, 5, 2, 3, 2, 5, 5, 4, 3, 5, 3, 5, 4, 3, 
45: 0, 0, 0, 0, 44, 4, 2, 5, 0, 3, 0, 5, 3, 0, 1, 0, 3, 0, 0, 0, 1, 1, 2, 0, 0, 42, 3, 0, 0, 5, 0, 5, 0, 0, 0, 0, 2, 3, 0, 0, 0, 43, 4, 1, 0, 4, 0, 3, 0, 0, 2, 3, 4, 3, 5, 0, 0, 3, 0, 1, 2, 0, 3, 0, 4, 5, 0, 5, 0, 0, 3, 1, 0, 3, 5, 1, 4, 0, 3, 0, 5, 2, 4, 0, 0, 3, 42, 5, 0, 0, 41, 0, 3, 1, 0, 3, 0, 0, 42, 0, 4, 0, 2, 0, 0, 41, 4, 5, 0, 0, 44, 0, 4, 0, 5, 0, 44, 0, 2, 1, : 44, 4, 2, 5, 3, 5, 3, 1, 3, 1, 1, 2, 42, 3, 5, 5, 2, 3, 43, 4, 1, 4, 3, 2, 3, 4, 3, 5, 3, 1, 2, 3, 4, 5, 5, 3, 1, 3, 5, 1, 4, 3, 5, 2, 4, 3, 42, 5, 41, 3, 1, 3, 42, 4, 2, 41, 4, 5, 44, 4, 5, 44, 2, 1, 
62: 4, 0, 0, 0, 2, 0, 1, 0, 1, 5, 0, 1, 1, 4, 0, 4, 1, 0, 2, 0, 0, 1, 0, 3, 5, 0, 40, 4, 1, 0, 5, 0, 5, 43, 0, 0, 3, 0, 0, 0, 5, 0, 0, 0, 2, 1, 2, 5, 0, 4, 0, 0, 1, 1, 3, 0, 0, 2, 1, 0, 0, 2, 0, 0, 1, 1, 3, 5, 0, 0, 0, 0, 4, 3, 0, 1, 0, 0, 0, 0, 1, 3, 0, 0, 4, 0, 0, 2, 4, 0, 0, 2, 0, 44, 2, 0, 4, 1, 3, 3, 0, 0, 0, 2, 2, 0, 0, 3, 0, 0, 1, 0, 3, 5, 1, 0, 0, 5, 3, 3, : 4, 2, 1, 1, 5, 1, 1, 4, 4, 1, 2, 1, 3, 5, 40, 4, 1, 5, 5, 43, 3, 5, 2, 1, 2, 5, 4, 1, 1, 3, 2, 1, 2, 1, 1, 3, 5, 4, 3, 1, 1, 3, 4, 2, 4, 2, 44, 2, 4, 1, 3, 3, 2, 2, 3, 1, 3, 5, 1, 5, 3, 3, 
147: 0, 2, 3, 0, 3, 0, 5, 3, 0, 0, 0, 2, 0, 0, 4, 0, 0, 0, 5, 5, 0, 5, 0, 41, 0, 2, 5, 0, 0, 41, 0, 43, 2, 4, 4, 0, 3, 0, 5, 4, 0, 4, 3, 0, 0, 5, 0, 4, 0, 3, 4, 0, 3, 0, 1, 0, 0, 0, 0, 0, 44, 0, 43, 0, 5, 2, 0, 4, 2, 0, 1, 0, 0, 0, 0, 0, 0, 0, 0, 0, 0, 0, 42, 0, 1, 0, 4, 4, 0, 3, 4, 0, 3, 5, 5, 1, 0, 3, 40, 4, 5, 0, 0, 0, 3, 0, 4, 0, 0, 43, 0, 0, 0, 1, 5, 5, 0, 3, 2, 0, : 2, 3, 3, 5, 3, 2, 4, 5, 5, 5, 41, 2, 5, 41, 43, 2, 4, 4, 3, 5, 4, 4, 3, 5, 4, 3, 4, 3, 1, 44, 43, 5, 2, 4, 2, 1, 42, 1, 4, 4, 3, 4, 3, 5, 5, 1, 3, 40, 4, 5, 3, 4, 43, 1, 5, 5, 3, 2, 
76: 0, 41, 0, 1, 4, 0, 4, 41, 4, 0, 0, 0, 0, 0, 0, 3, 5, 2, 1, 0, 0, 1, 2, 3, 0, 0, 5, 0, 43, 3, 3, 5, 1, 3, 2, 1, 5, 3, 40, 0, 3, 2, 1, 1, 4, 3, 5, 2, 5, 4, 0, 2, 1, 40, 1, 0, 0, 2, 0, 0, 0, 1, 0, 5, 5, 4, 0, 0, 4, 4, 5, 0, 0, 0, 1, 0, 0, 0, 4, 43, 0, 0, 40, 0, 0, 0, 0, 5, 1, 5, 4, 0, 0, 0, 1, 0, 5, 0, 3, 0, 0, 0, 0, 0, 0, 0, 2, 40, 1, 5, 0, 0, 0, 0, 2, 0, 0, 0, 3, 0, : 41, 1, 4, 4, 41, 4, 3, 5, 2, 1, 1, 2, 3, 5, 43, 3, 3, 5, 1, 3, 2, 1, 5, 3, 40, 3, 2, 1, 1, 4, 3, 5, 2, 5, 4, 2, 1, 40, 1, 2, 1, 5, 5, 4, 4, 4, 5, 1, 4, 43, 40, 5, 1, 5, 4, 1, 5, 3, 2, 40, 1, 5, 2, 3, 
43: 0, 0, 5, 2, 0, 0, 2, 3, 3, 0, 0, 2, 0, 1, 1, 0, 5, 0, 5, 0, 1, 0, 4, 2, 4, 0, 0, 0, 44, 0, 1, 0, 5, 3, 0, 2, 5, 5, 2, 0, 1, 1, 0, 0, 0, 2, 2, 0, 3, 3, 0, 42, 0, 4, 2, 5, 1, 2, 0, 0, 1, 42, 44, 0, 0, 5, 0, 4, 5, 0, 0, 4, 3, 0, 0, 3, 1, 43, 2, 2, 0, 0, 0, 0, 44, 0, 0, 0, 3, 0, 4, 2, 2, 0, 1, 2, 0, 0, 2, 0, 0, 2, 1, 4, 43, 0, 0, 1, 0, 4, 0, 5, 1, 3, 4, 1, 0, 5, 4, 0, : 5, 2, 2, 3, 3, 2, 1, 1, 5, 5, 1, 4, 2, 4, 44, 1, 5, 3, 2, 5, 5, 2, 1, 1, 2, 2, 3, 3, 42, 4, 2, 5, 1, 2, 1, 42, 44, 5, 4, 5, 4, 3, 3, 1, 43, 2, 2, 44, 3, 4, 2, 2, 1, 2, 2, 2, 1, 4, 43, 1, 4, 5, 1, 3, 4, 1, 5, 4, 
135: 0, 0, 0, 3, 3, 3, 1, 5, 3, 4, 4, 3, 0, 44, 0, 0, 0, 1, 0, 0, 0, 0, 0, 1, 0, 0, 42, 3, 42, 2, 5, 0, 3, 0, 2, 0, 4, 0, 0, 3, 0, 5, 3, 0, 5, 0, 0, 0, 0, 0, 1, 0, 5, 2, 2, 4, 0, 0, 3, 0, 4, 0, 5, 0, 3, 1, 5, 1, 44, 0, 0, 1, 4, 5, 1, 5, 0, 40, 0, 0, 5, 5, 3, 1, 3, 0, 0, 1, 0, 5, 41, 4, 0, 4, 5, 5, 0, 0, 5, 41, 43, 3, 1, 0, 3, 0, 4, 2, 0, 0, 4, 0, 5, 2, 0, 42, 4, 0, 1, 0, : 3, 3, 3, 1, 5, 3, 4, 4, 3, 44, 1, 1, 42, 3, 42, 2, 5, 3, 2, 4, 3, 5, 3, 5, 1, 5, 2, 2, 4, 3, 4, 5, 3, 1, 5, 1, 44, 1, 4, 5, 1, 5, 40, 5, 5, 3, 1, 3, 1, 5, 41, 4, 4, 5, 5, 5, 41, 43, 3, 1, 3, 4, 2, 4, 5, 2, 42, 4, 1, 
35: 0, 0, 2, 5, 1, 4, 44, 2, 4, 3, 0, 4, 2, 0, 5, 0, 1, 0, 41, 0, 0, 1, 1, 5, 5, 0, 2, 3, 1, 0, 40, 0, 0, 4, 5, 0, 2, 0, 0, 0, 0, 41, 1, 0, 42, 0, 4, 2, 0, 2, 0, 2, 0, 5, 4, 4, 0, 2, 5, 0, 0, 0, 0, 3, 0, 4, 2, 0, 4, 0, 0, 3, 0, 0, 0, 0, 43, 5, 2, 0, 2, 5, 0, 4, 3, 0, 0, 0, 0, 0, 3, 0, 2, 0, 0, 0, 0, 40, 4, 2, 0, 0, 0, 0, 0, 5, 0, 1, 3, 0, 2, 42, 3, 0, 1, 0, 3, 0, 0, 3, : 2, 5, 1, 4, 44, 2, 4, 3, 4, 2, 5, 1, 41, 1, 1, 5, 5, 2, 3, 1, 40, 4, 5, 2, 41, 1, 42, 4, 2, 2, 2, 5, 4, 4, 2, 5, 3, 4, 2, 4, 3, 43, 5, 2, 2, 5, 4, 3, 3, 2, 40, 4, 2, 5, 1, 3, 2, 42, 3, 1, 3, 3, 
22: 0, 1, 0, 2, 4, 2, 3, 0, 2, 0, 0, 41, 44, 3, 0, 0, 0, 4, 1, 2, 1, 2, 0, 1, 0, 40, 0, 0, 0, 0, 3, 0, 0, 5, 41, 3, 4, 5, 1, 4, 1, 0, 3, 0, 0, 1, 0, 0, 0, 5, 0, 2, 3, 0, 0, 0, 0, 0, 3, 4, 2, 4, 0, 41, 5, 4, 41, 0, 5, 0, 1, 0, 0, 5, 0, 5, 0, 0, 44, 43, 1, 4, 0, 1, 3, 1, 40, 1, 1, 0, 3, 3, 1, 0, 2, 1, 4, 0, 0, 0, 0, 1, 0, 2, 0, 1, 0, 0, 4, 4, 0, 0, 5, 5, 0, 0, 0, 40, 0, 0, : 1, 2, 4, 2, 3, 2, 41, 44, 3, 4, 1, 2, 1, 2, 1, 40, 3, 5, 41, 3, 4, 5, 1, 4, 1, 3, 1, 5, 2, 3, 3, 4, 2, 4, 41, 5, 4, 41, 5, 1, 5, 5, 44, 43, 1, 4, 1, 3, 1, 40, 1, 1, 3, 3, 1, 2, 1, 4, 1, 2, 1, 4, 4, 5, 5, 40, 
119: 0, 0, 0, 4, 0, 0, 0, 5, 0, 1, 1, 0, 3, 0, 3, 0, 3, 0, 5, 4, 1, 3, 0, 3, 4, 0, 0, 0, 0, 0, 0, 3, 0, 0, 2, 4, 1, 0, 1, 0, 2, 0, 2, 0, 42, 2, 5, 1, 1, 4, 0, 4, 0, 1, 0, 0, 0, 0, 0, 3, 5, 4, 0, 2, 1, 3, 0, 4, 0, 0, 41, 0, 0, 0, 2, 44, 4, 0, 0, 0, 0, 5, 2, 4, 0, 40, 2, 2, 0, 0, 3, 0, 0, 0, 3, 3, 0, 0, 2, 5, 2, 3, 4, 2, 0, 0, 1, 0, 0, 0, 0, 3, 4, 2, 0, 5, 41, 2, 0, 1, : 4, 5, 1, 1, 3, 3, 3, 5, 4, 1, 3, 3, 4, 3, 2, 4, 1, 1, 2, 2, 42, 2, 5, 1, 1, 4, 4, 1, 3, 5, 4, 2, 1, 3, 4, 41, 2, 44, 4, 5, 2, 4, 40, 2, 2, 3, 3, 3, 2, 5, 2, 3, 4, 2, 1, 3, 4, 2, 5, 41, 2, 1, 
108: 0, 0, 0, 0, 2, 42, 2, 0, 0, 0, 0, 4, 0, 2, 42, 0, 0, 0, 0, 4, 41, 5, 0, 0, 5, 3, 4, 4, 0, 5, 0, 4, 2, 0, 4, 40, 1, 0, 0, 1, 0, 0, 0, 2, 0, 0, 1, 0, 4, 0, 3, 1, 0, 0, 4, 0, 0, 0, 40, 0, 0, 3, 5, 40, 0, 2, 0, 0, 5, 5, 0, 0, 2, 5, 0, 0, 2, 0, 1, 0, 0, 5, 3, 4, 5, 0, 0, 5, 5, 3, 2, 0, 41, 3, 0, 0, 0, 1, 5, 0, 0, 0, 0, 2, 0, 0, 44, 0, 5, 0, 4, 0, 0, 3, 4, 4, 41, 0, 42, 4, : 2, 42, 2, 4, 2, 42, 4, 41, 5, 5, 3, 4, 4, 5, 4, 2, 4, 40, 1, 1, 2, 1, 4, 3, 1, 4, 40, 3, 5, 40, 2, 5, 5, 2, 5, 2, 1, 5, 3, 4, 5, 5, 5, 3, 2, 41, 3, 1, 5, 2, 44, 5, 4, 3, 4, 4, 41, 42, 4, 
136: 3, 41, 2, 0, 0, 0, 0, 1, 4, 0, 0, 5, 0, 0, 43, 3, 0, 0, 2, 1, 0, 1, 1, 1, 5, 0, 0, 1, 0, 0, 0, 5, 1, 0, 0, 0, 41, 0, 0, 0, 2, 2, 0, 4, 2, 0, 0, 0, 0, 0, 0, 0, 5, 41, 4, 0, 3, 0, 0, 0, 0, 4, 1, 2, 0, 3, 2, 0, 0, 0, 0, 3, 0, 44, 0, 0, 5, 0, 5, 0, 0, 0, 2, 3, 0, 0, 1, 4, 0, 0, 2, 0, 0, 0, 5, 2, 5, 42, 0, 40, 0, 0, 0, 0, 0, 2, 0, 0, 0, 4, 2, 0, 0, 5, 3, 0, 0, 0, 0, 0, : 3, 41, 2, 1, 4, 5, 43, 3, 2, 1, 1, 1, 1, 5, 1, 5, 1, 41, 2, 2, 4, 2, 5, 41, 4, 3, 4, 1, 2, 3, 2, 3, 44, 5, 5, 2, 3, 1, 4, 2, 5, 2, 5, 42, 40, 2, 4, 2, 5, 3, 
101: 0, 0, 0, 3, 0, 5, 0, 0, 0, 2, 1, 3, 4, 0, 0, 0, 3, 3, 2, 0, 5, 1, 0, 0, 0, 0, 0, 0, 1, 3, 5, 2, 1, 5, 2, 0, 4, 2, 0, 1, 0, 0, 0, 0, 0, 3, 0, 4, 0, 2, 3, 5, 3, 0, 0, 0, 42, 5, 5, 0, 1, 0, 0, 0, 5, 3, 0, 4, 4, 4, 2, 0, 0, 5, 5, 0, 3, 0, 4, 1, 0, 0, 0, 0, 0, 3, 0, 1, 0, 0, 4, 5, 0, 0, 0, 3, 1, 0, 0, 3, 0, 5, 0, 4, 0, 2, 5, 2, 3, 4, 44, 0, 2, 0, 3, 3, 2, 0, 4, 0, : 3, 5, 2, 1, 3, 4, 3, 3, 2, 5, 1, 1, 3, 5, 2, 1, 5, 2, 4, 2, 1, 3, 4, 2, 3, 5, 3, 42, 5, 5, 1, 5, 3, 4, 4, 4, 2, 5, 5, 3, 4, 1, 3, 1, 4, 5, 3, 1, 3, 5, 4, 2, 5, 2, 3, 4, 44, 2, 3, 3, 2, 4, 
91: 5, 2, 1, 4, 0, 3, 2, 3, 3, 2, 0, 0, 0, 2, 0, 0, 3, 0, 5, 0, 2, 5, 0, 0, 0, 0, 0, 4, 3, 5, 0, 0, 0, 2, 4, 0, 1, 0, 4, 2, 2, 1, 1, 1, 0, 5, 0, 41, 0, 2, 0, 4, 3, 3, 3, 0, 3, 0, 1, 0, 2, 5, 0, 3, 4, 1, 4, 0, 0, 3, 0, 0, 5, 0, 0, 0, 0, 2, 2, 43, 4, 1, 0, 0, 1, 4, 0, 2, 2, 0, 0, 2, 0, 3, 4, 1, 4, 0, 0, 0, 2, 3, 1, 5, 0, 0, 1, 0, 0, 2, 0, 3, 0, 4, 5, 0, 0, 0, 1, 0, : 5, 2, 1, 4, 3, 2, 3, 3, 2, 2, 3, 5, 2, 5, 4, 3, 5, 2, 4, 1, 4, 2, 2, 1, 1, 1, 5, 41, 2, 4, 3, 3, 3, 3, 1, 2, 5, 3, 4, 1, 4, 3, 5, 2, 2, 43, 4, 1, 1, 4, 2, 2, 2, 3, 4, 1, 4, 2, 3, 1, 5, 1, 2, 3, 4, 5, 1, 
24: 1, 5, 1, 0, 41, 1, 5, 0, 1, 2, 0, 0, 3, 3, 0, 1, 0, 0, 0, 2, 2, 1, 0, 4, 0, 0, 0, 1, 0, 3, 3, 0, 2, 0, 3, 4, 41, 0, 2, 0, 0, 0, 1, 41, 0, 1, 0, 0, 0, 3, 0, 0, 0, 4, 5, 3, 2, 5, 0, 0, 5, 4, 0, 0, 1, 3, 5, 0, 1, 3, 0, 3, 0, 0, 3, 0, 5, 3, 1, 42, 0, 0, 0, 0, 5, 0, 0, 0, 4, 42, 0, 0, 4, 0, 0, 0, 5, 4, 0, 0, 5, 2, 0, 0, 0, 0, 2, 0, 4, 0, 0, 4, 0, 40, 2, 0, 1, 3, 0, 42, : 1, 5, 1, 41, 1, 5, 1, 2, 3, 3, 1, 2, 2, 1, 4, 1, 3, 3, 2, 3, 4, 41, 2, 1, 41, 1, 3, 4, 5, 3, 2, 5, 5, 4, 1, 3, 5, 1, 3, 3, 3, 5, 3, 1, 42, 5, 4, 42, 4, 5, 4, 5, 2, 2, 4, 4, 40, 2, 1, 3, 42, 
17: 0, 0, 0, 1, 44, 0, 3, 5, 0, 4, 42, 0, 1, 5, 2, 2, 1, 0, 4, 0, 0, 5, 0, 0, 0, 0, 0, 0, 3, 0, 0, 2, 1, 0, 42, 5, 4, 5, 0, 4, 0, 0, 41, 2, 0, 0, 4, 40, 0, 3, 0, 0, 4, 0, 0, 4, 5, 0, 5, 3, 0, 1, 5, 0, 0, 5, 1, 2, 0, 0, 4, 1, 4, 1, 0, 0, 0, 1, 0, 1, 42, 0, 0, 0, 0, 40, 4, 2, 42, 0, 3, 0, 1, 5, 0, 5, 5, 3, 0, 3, 0, 0, 0, 4, 4, 2, 0, 5, 0, 42, 1, 0, 2, 41, 5, 0, 0, 0, 5, 43, : 1, 44, 3, 5, 4, 42, 1, 5, 2, 2, 1, 4, 5, 3, 2, 1, 42, 5, 4, 5, 4, 41, 2, 4, 40, 3, 4, 4, 5, 5, 3, 1, 5, 5, 1, 2, 4, 1, 4, 1, 1, 1, 42, 40, 4, 2, 42, 3, 1, 5, 5, 5, 3, 3, 4, 4, 2, 5, 42, 1, 2, 41, 5, 5, 43, 
100: 0, 3, 43, 3, 0, 0, 5, 2, 2, 0, 2, 0, 0, 3, 1, 2, 0, 3, 2, 0, 3, 2, 0, 3, 0, 43, 40, 2, 0, 3, 1, 2, 41, 3, 3, 41, 3, 4, 0, 5, 44, 1, 2, 0, 0, 2, 1, 0, 0, 42, 3, 2, 0, 4, 2, 1, 0, 4, 0, 0, 0, 0, 0, 0, 5, 3, 2, 3, 0, 0, 42, 0, 2, 0, 0, 0, 5, 1, 0, 0, 0, 5, 0, 0, 0, 0, 4, 5, 0, 5, 4, 0, 1, 0, 0, 2, 0, 0, 0, 5, 0, 1, 1, 0, 4, 0, 0, 0, 0, 3, 0, 0, 0, 0, 0, 0, 0, 0, 0, 0, : 3, 43, 3, 5, 2, 2, 2, 3, 1, 2, 3, 2, 3, 2, 3, 43, 40, 2, 3, 1, 2, 41, 3, 3, 41, 3, 4, 5, 44, 1, 2, 2, 1, 42, 3, 2, 4, 2, 1, 4, 5, 3, 2, 3, 42, 2, 5, 1, 5, 4, 5, 5, 4, 1, 2, 5, 1, 1, 4, 3, 
159: 44, 0, 0, 4, 4, 2, 4, 1, 0, 3, 3, 0, 0, 4, 0, 0, 1, 0, 1, 0, 5, 3, 0, 5, 0, 0, 0, 5, 0, 0, 5, 4, 0, 1, 0, 1, 0, 1, 0, 0, 0, 0, 0, 3, 0, 40, 0, 1, 0, 4, 0, 3, 0, 0, 3, 43, 0, 0, 0, 4, 4, 2, 4, 1, 3, 1, 0, 5, 0, 40, 4, 0, 0, 0, 4, 0, 0, 0, 4, 0, 2, 0, 0, 0, 0, 5, 0, 4, 41, 0, 0, 3, 2, 3, 0, 1, 1, 0, 2, 0, 3, 0, 0, 2, 0, 1, 2, 0, 0, 0, 2, 0, 0, 4, 0, 2, 1, 44, 42, 1, : 44, 4, 4, 2, 4, 1, 3, 3, 4, 1, 1, 5, 3, 5, 5, 5, 4, 1, 1, 1, 3, 40, 1, 4, 3, 3, 43, 4, 4, 2, 4, 1, 3, 1, 5, 40, 4, 4, 4, 2, 5, 4, 41, 3, 2, 3, 1, 1, 2, 3, 2, 1, 2, 2, 4, 2, 1, 44, 42, 1, 
53: 3, 3, 0, 0, 5, 0, 0, 0, 1, 1, 4, 3, 1, 2, 42, 42, 2, 5, 1, 0, 0, 2, 1, 1, 0, 2, 0, 0, 0, 4, 2, 0, 2, 5, 0, 0, 3, 43, 41, 0, 43, 1, 0, 0, 0, 2, 42, 1, 0, 2, 1, 0, 0, 5, 0, 0, 5, 0, 5, 0, 0, 0, 0, 5, 1, 1, 41, 41, 1, 1, 0, 41, 3, 0, 3, 3, 0, 3, 3, 0, 0, 0, 0, 0, 4, 1, 0, 0, 1, 40, 1, 0, 1, 0, 4, 3, 4, 5, 5, 4, 0, 0, 5, 0, 0, 1, 0, 0, 0, 0, 0, 0, 0, 0, 1, 4, 0, 0, 0, 4, : 3, 3, 5, 1, 1, 4, 3, 1, 2, 42, 42, 2, 5, 1, 2, 1, 1, 2, 4, 2, 2, 5, 3, 43, 41, 43, 1, 2, 42, 1, 2, 1, 5, 5, 5, 5, 1, 1, 41, 41, 1, 1, 41, 3, 3, 3, 3, 3, 4, 1, 1, 40, 1, 1, 4, 3, 4, 5, 5, 4, 5, 1, 1, 4, 4, 
149: 0, 0, 0, 2, 0, 0, 0, 3, 4, 4, 0, 2, 3, 4, 0, 0, 0, 0, 0, 0, 1, 41, 1, 0, 0, 0, 0, 4, 2, 5, 3, 3, 5, 1, 5, 0, 2, 0, 2, 0, 2, 0, 1, 0, 0, 0, 1, 0, 5, 3, 0, 0, 4, 0, 2, 0, 5, 2, 0, 0, 0, 4, 44, 40, 0, 3, 2, 0, 0, 0, 40, 0, 3, 0, 5, 1, 5, 0, 0, 0, 0, 42, 40, 0, 1, 0, 0, 4, 2, 1, 1, 5, 4, 5, 2, 0, 0, 0, 0, 0, 0, 1, 0, 0, 0, 0, 3, 0, 0, 3, 0, 0, 3, 0, 3, 0, 3, 40, 3, 0, : 2, 3, 4, 4, 2, 3, 4, 1, 41, 1, 4, 2, 5, 3, 3, 5, 1, 5, 2, 2, 2, 1, 1, 5, 3, 4, 2, 5, 2, 4, 44, 40, 3, 2, 40, 3, 5, 1, 5, 42, 40, 1, 4, 2, 1, 1, 5, 4, 5, 2, 1, 3, 3, 3, 3, 3, 40, 3, 
129: 0, 0, 0, 0, 0, 0, 0, 2, 0, 3, 2, 0, 0, 2, 40, 0, 0, 0, 3, 0, 2, 0, 5, 43, 3, 41, 0, 0, 3, 42, 2, 4, 43, 43, 4, 2, 4, 4, 3, 1, 0, 4, 1, 2, 0, 3, 0, 0, 0, 2, 0, 1, 2, 44, 3, 0, 0, 0, 4, 44, 0, 5, 3, 3, 5, 2, 3, 3, 0, 3, 3, 5, 40, 2, 0, 0, 4, 40, 1, 0, 0, 3, 0, 42, 5, 0, 0, 1, 0, 0, 5, 3, 3, 4, 4, 0, 0, 0, 0, 0, 4, 0, 1, 0, 3, 44, 0, 4, 0, 0, 5, 0, 3, 3, 5, 0, 44, 0, 0, 0, : 2, 3, 2, 2, 40, 3, 2, 5, 43, 3, 41, 3, 42, 2, 4, 43, 43, 4, 2, 4, 4, 3, 1, 4, 1, 2, 3, 2, 1, 2, 44, 3, 4, 44, 5, 3, 3, 5, 2, 3, 3, 3, 3, 5, 40, 2, 4, 40, 1, 3, 42, 5, 1, 5, 3, 3, 4, 4, 4, 1, 3, 44, 4, 5, 3, 3, 5, 44, 
16: 0, 0, 1, 0, 0, 4, 0, 0, 2, 5, 0, 5, 0, 4, 0, 1, 0, 0, 2, 1, 1, 4, 0, 0, 0, 0, 0, 0, 0, 0, 0, 0, 0, 0, 2, 0, 2, 0, 0, 2, 1, 3, 0, 0, 0, 41, 0, 2, 3, 0, 0, 3, 3, 4, 42, 0, 0, 0, 3, 1, 44, 1, 0, 0, 2, 4, 5, 0, 0, 0, 0, 0, 0, 0, 5, 0, 40, 3, 1, 1, 0, 2, 0, 5, 1, 5, 0, 4, 0, 1, 5, 0, 2, 1, 0, 4, 1, 2, 1, 3, 0, 1, 5, 5, 44, 43, 41, 0, 3, 4, 44, 4, 0, 0, 0, 1, 0, 0, 0, 0, : 1, 4, 2, 5, 5, 4, 1, 2, 1, 1, 4, 2, 2, 2, 1, 3, 41, 2, 3, 3, 3, 4, 42, 3, 1, 44, 1, 2, 4, 5, 5, 40, 3, 1, 1, 2, 5, 1, 5, 4, 1, 5, 2, 1, 4, 1, 2, 1, 3, 1, 5, 5, 44, 43, 41, 3, 4, 44, 4, 1, 
6: 0, 0, 4, 0, 2, 2, 0, 4, 0, 1, 4, 0, 0, 5, 4, 3, 1, 0, 3, 2, 0, 5, 0, 0, 0, 1, 0, 5, 0, 4, 2, 1, 2, 0, 3, 0, 0, 1, 0, 1, 4, 3, 2, 4, 0, 1, 0, 4, 1, 0, 2, 0, 5, 1, 3, 3, 0, 0, 5, 0, 0, 0, 0, 4, 42, 2, 1, 0, 5, 0, 0, 4, 0, 0, 0, 0, 40, 1, 0, 3, 4, 0, 4, 0, 3, 0, 0, 3, 0, 0, 4, 40, 2, 0, 0, 0, 3, 0, 0, 1, 0, 0, 5, 1, 2, 0, 0, 0, 44, 5, 0, 0, 0, 0, 40, 0, 1, 1, 0, 4, : 4, 2, 2, 4, 1, 4, 5, 4, 3, 1, 3, 2, 5, 1, 5, 4, 2, 1, 2, 3, 1, 1, 4, 3, 2, 4, 1, 4, 1, 2, 5, 1, 3, 3, 5, 4, 42, 2, 1, 5, 4, 40, 1, 3, 4, 4, 3, 3, 4, 40, 2, 3, 1, 5, 1, 2, 44, 5, 40, 1, 1, 4, 
81: 0, 0, 40, 2, 0, 0, 1, 0, 1, 0, 0, 1, 0, 2, 0, 1, 0, 1, 0, 41, 2, 1, 4, 0, 0, 0, 0, 1, 0, 42, 0, 0, 0, 5, 3, 0, 4, 0, 0, 1, 0, 1, 40, 3, 2, 2, 0, 0, 0, 3, 5, 0, 0, 0, 1, 0, 1, 43, 0, 43, 0, 0, 0, 0, 2, 0, 0, 3, 0, 0, 0, 41, 2, 1, 0, 5, 0, 5, 0, 4, 0, 1, 4, 3, 4, 0, 0, 2, 2, 2, 0, 5, 5, 1, 5, 0, 1, 2, 0, 0, 3, 44, 0, 0, 0, 0, 5, 3, 42, 1, 0, 44, 4, 5, 2, 0, 0, 0, 0, 3, : 40, 2, 1, 1, 1, 2, 1, 1, 41, 2, 1, 4, 1, 42, 5, 3, 4, 1, 1, 40, 3, 2, 2, 3, 5, 1, 1, 43, 43, 2, 3, 41, 2, 1, 5, 5, 4, 1, 4, 3, 4, 2, 2, 2, 5, 5, 1, 5, 1, 2, 3, 44, 5, 3, 42, 1, 44, 4, 5, 2, 3, 
115: 0, 2, 0, 1, 0, 0, 0, 0, 2, 0, 0, 40, 0, 4, 40, 4, 5, 0, 5, 2, 0, 5, 2, 2, 0, 0, 4, 2, 0, 5, 5, 0, 3, 0, 0, 5, 2, 5, 1, 0, 0, 2, 0, 5, 4, 40, 41, 3, 0, 2, 0, 41, 43, 0, 3, 1, 0, 42, 40, 3, 0, 40, 1, 0, 5, 0, 0, 5, 2, 1, 0, 0, 5, 0, 0, 2, 0, 0, 4, 1, 4, 1, 5, 0, 3, 1, 0, 0, 0, 0, 5, 0, 0, 5, 43, 0, 0, 0, 40, 4, 4, 0, 2, 0, 1, 4, 3, 2, 0, 0, 2, 0, 1, 0, 1, 4, 0, 1, 4, 0, : 2, 1, 2, 40, 4, 40, 4, 5, 5, 2, 5, 2, 2, 4, 2, 5, 5, 3, 5, 2, 5, 1, 2, 5, 4, 40, 41, 3, 2, 41, 43, 3, 1, 42, 40, 3, 40, 1, 5, 5, 2, 1, 5, 2, 4, 1, 4, 1, 5, 3, 1, 5, 5, 43, 40, 4, 4, 2, 1, 4, 3, 2, 2, 1, 1, 4, 1, 4, 
117: 0, 1, 0, 4, 3, 5, 0, 0, 5, 0, 0, 0, 4, 0, 0, 0, 0, 0, 5, 0, 0, 0, 1, 5, 5, 0, 0, 5, 0, 0, 0, 0, 2, 0, 0, 2, 3, 5, 5, 4, 0, 2, 0, 0, 0, 0, 0, 41, 2, 0, 0, 40, 0, 5, 0, 2, 0, 3, 1, 0, 2, 2, 0, 0, 4, 2, 0, 0, 2, 0, 0, 0, 2, 0, 0, 1, 2, 4, 0, 0, 4, 0, 43, 1, 1, 0, 0, 0, 0, 0, 1, 0, 0, 0, 0, 0, 0, 42, 2, 0, 0, 4, 3, 0, 0, 0, 4, 2, 0, 0, 3, 5, 0, 5, 5, 0, 5, 0, 2, 5, : 1, 4, 3, 5, 5, 4, 5, 1, 5, 5, 5, 2, 2, 3, 5, 5, 4, 2, 41, 2, 40, 5, 2, 3, 1, 2, 2, 4, 2, 2, 2, 1, 2, 4, 4, 43, 1, 1, 1, 42, 2, 4, 3, 4, 2, 3, 5, 5, 5, 5, 2, 5, 
20: 0, 2, 3, 3, 0, 0, 0, 1, 5, 0, 0, 0, 4, 0, 2, 4, 3, 5, 2, 40, 0, 1, 0, 0, 5, 0, 2, 0, 0, 4, 2, 0, 0, 4, 0, 4, 1, 2, 4, 0, 0, 0, 0, 0, 0, 4, 0, 5, 3, 1, 3, 0, 3, 3, 5, 0, 0, 5, 0, 4, 0, 3, 0, 42, 1, 3, 2, 0, 0, 41, 0, 0, 0, 0, 0, 0, 5, 0, 0, 0, 0, 0, 0, 0, 5, 0, 0, 3, 0, 3, 2, 0, 0, 0, 1, 4, 1, 1, 0, 3, 0, 3, 0, 0, 0, 2, 0, 0, 0, 5, 0, 0, 2, 1, 2, 0, 0, 0, 3, 0, : 2, 3, 3, 1, 5, 4, 2, 4, 3, 5, 2, 40, 1, 5, 2, 4, 2, 4, 4, 1, 2, 4, 4, 5, 3, 1, 3, 3, 3, 5, 5, 4, 3, 42, 1, 3, 2, 41, 5, 5, 3, 3, 2, 1, 4, 1, 1, 3, 3, 2, 5, 2, 1, 2, 3, 
47: 5, 0, 0, 1, 0, 0, 0, 0, 0, 0, 3, 3, 2, 3, 0, 0, 1, 0, 0, 2, 1, 2, 5, 1, 3, 0, 0, 3, 2, 0, 0, 0, 44, 0, 1, 4, 3, 2, 0, 3, 0, 1, 4, 0, 0, 4, 2, 0, 41, 4, 4, 5, 1, 0, 2, 0, 5, 0, 0, 4, 0, 0, 0, 5, 5, 3, 0, 42, 4, 40, 0, 4, 0, 3, 1, 4, 0, 0, 2, 0, 0, 4, 4, 4, 4, 0, 0, 4, 0, 44, 0, 0, 1, 0, 0, 3, 0, 5, 0, 0, 0, 2, 0, 43, 0, 1, 0, 0, 0, 4, 0, 0, 0, 0, 0, 3, 3, 41, 42, 0, : 5, 1, 3, 3, 2, 3, 1, 2, 1, 2, 5, 1, 3, 3, 2, 44, 1, 4, 3, 2, 3, 1, 4, 4, 2, 41, 4, 4, 5, 1, 2, 5, 4, 5, 5, 3, 42, 4, 40, 4, 3, 1, 4, 2, 4, 4, 4, 4, 4, 44, 1, 3, 5, 2, 43, 1, 4, 3, 3, 41, 42, 
15: 0, 5, 43, 3, 0, 2, 0, 41, 2, 4, 4, 5, 2, 1, 0, 4, 5, 5, 0, 0, 3, 0, 43, 4, 2, 0, 1, 0, 41, 0, 3, 41, 4, 4, 5, 2, 0, 0, 5, 0, 0, 4, 0, 0, 4, 0, 0, 5, 0, 5, 2, 5, 0, 0, 41, 1, 0, 5, 0, 2, 0, 0, 4, 4, 4, 3, 5, 0, 5, 0, 0, 2, 0, 0, 41, 0, 0, 0, 0, 0, 1, 0, 0, 41, 0, 0, 5, 4, 0, 0, 5, 42, 43, 41, 4, 0, 0, 5, 3, 2, 0, 0, 0, 0, 0, 2, 5, 0, 0, 4, 0, 2, 0, 1, 4, 0, 0, 44, 4, 0, : 5, 43, 3, 2, 41, 2, 4, 4, 5, 2, 1, 4, 5, 5, 3, 43, 4, 2, 1, 41, 3, 41, 4, 4, 5, 2, 5, 4, 4, 5, 5, 2, 5, 41, 1, 5, 2, 4, 4, 4, 3, 5, 5, 2, 41, 1, 41, 5, 4, 5, 42, 43, 41, 4, 5, 3, 2, 2, 5, 4, 2, 1, 4, 44, 4, 
106: 0, 0, 1, 0, 4, 1, 1, 2, 5, 0, 1, 2, 0, 2, 0, 0, 43, 4, 0, 0, 44, 1, 0, 0, 44, 1, 4, 0, 4, 1, 5, 0, 1, 41, 0, 5, 5, 42, 1, 3, 4, 0, 5, 0, 0, 5, 3, 3, 0, 0, 0, 0, 0, 42, 0, 2, 44, 0, 0, 0, 3, 0, 43, 0, 3, 3, 0, 2, 0, 41, 0, 0, 0, 0, 40, 0, 4, 2, 40, 0, 2, 1, 4, 0, 4, 43, 5, 5, 0, 4, 2, 0, 2, 0, 4, 4, 1, 0, 0, 4, 2, 2, 0, 40, 3, 4, 0, 0, 0, 0, 0, 5, 0, 0, 5, 4, 0, 2, 0, 0, : 1, 4, 1, 1, 2, 5, 1, 2, 2, 43, 4, 44, 1, 44, 1, 4, 4, 1, 5, 1, 41, 5, 5, 42, 1, 3, 4, 5, 5, 3, 3, 42, 2, 44, 3, 43, 3, 3, 2, 41, 40, 4, 2, 40, 2, 1, 4, 4, 43, 5, 5, 4, 2, 2, 4, 4, 1, 4, 2, 2, 40, 3, 4, 5, 5, 4, 2, 
104: 2, 0, 5, 4, 0, 4, 0, 2, 41, 1, 5, 0, 3, 5, 4, 0, 0, 4, 3, 1, 0, 1, 0, 0, 0, 0, 4, 0, 0, 0, 3, 0, 0, 1, 4, 0, 5, 0, 2, 4, 0, 0, 0, 3, 0, 0, 0, 5, 4, 2, 1, 1, 1, 0, 0, 0, 41, 5, 0, 1, 0, 5, 44, 1, 5, 0, 0, 0, 2, 1, 0, 0, 3, 41, 5, 0, 0, 2, 1, 0, 0, 44, 2, 2, 0, 5, 0, 1, 0, 3, 0, 2, 0, 43, 44, 0, 0, 5, 0, 0, 0, 4, 3, 0, 40, 0, 0, 44, 0, 0, 3, 0, 3, 42, 2, 0, 3, 2, 0, 0, : 2, 5, 4, 4, 2, 41, 1, 5, 3, 5, 4, 4, 3, 1, 1, 4, 3, 1, 4, 5, 2, 4, 3, 5, 4, 2, 1, 1, 1, 41, 5, 1, 5, 44, 1, 5, 2, 1, 3, 41, 5, 2, 1, 44, 2, 2, 5, 1, 3, 2, 43, 44, 5, 4, 3, 40, 44, 3, 3, 42, 2, 3, 2, 
7: 4, 0, 0, 0, 0, 4, 0, 0, 0, 1, 0, 0, 0, 2, 0, 0, 0, 5, 1, 0, 41, 4, 0, 0, 5, 0, 0, 0, 0, 0, 1, 2, 0, 1, 3, 0, 4, 4, 1, 0, 2, 0, 1, 44, 0, 0, 4, 1, 40, 1, 2, 0, 42, 5, 1, 5, 4, 5, 1, 0, 2, 0, 0, 0, 3, 1, 0, 1, 4, 4, 0, 4, 0, 1, 0, 0, 0, 3, 5, 5, 0, 0, 0, 0, 3, 0, 4, 0, 0, 0, 4, 0, 0, 4, 4, 0, 0, 0, 0, 0, 0, 2, 4, 0, 44, 0, 2, 0, 43, 4, 1, 4, 0, 0, 4, 0, 0, 0, 0, 2, : 4, 4, 1, 2, 5, 1, 41, 4, 5, 1, 2, 1, 3, 4, 4, 1, 2, 1, 44, 4, 1, 40, 1, 2, 42, 5, 1, 5, 4, 5, 1, 2, 3, 1, 1, 4, 4, 4, 1, 3, 5, 5, 3, 4, 4, 4, 4, 2, 4, 44, 2, 43, 4, 1, 4, 4, 2, 
87: 5, 5, 0, 42, 0, 1, 1, 0, 1, 0, 0, 0, 0, 44, 3, 3, 4, 0, 41, 44, 0, 0, 5, 0, 0, 0, 0, 0, 5, 0, 1, 0, 0, 0, 2, 0, 4, 3, 1, 4, 40, 0, 2, 5, 44, 4, 5, 0, 4, 2, 0, 4, 4, 0, 2, 0, 43, 1, 1, 0, 0, 0, 0, 0, 4, 3, 1, 0, 2, 3, 0, 0, 1, 0, 2, 0, 0, 0, 0, 5, 0, 4, 0, 0, 0, 3, 0, 5, 0, 3, 3, 0, 0, 1, 4, 0, 5, 0, 0, 0, 0, 40, 41, 5, 4, 44, 1, 0, 0, 0, 3, 3, 2, 5, 0, 0, 0, 0, 0, 3, : 5, 5, 42, 1, 1, 1, 44, 3, 3, 4, 41, 44, 5, 5, 1, 2, 4, 3, 1, 4, 40, 2, 5, 44, 4, 5, 4, 2, 4, 4, 2, 43, 1, 1, 4, 3, 1, 2, 3, 1, 2, 5, 4, 3, 5, 3, 3, 1, 4, 5, 40, 41, 5, 4, 44, 1, 3, 3, 2, 5, 3, 


