
80
160
300
2

10: 40, 0, 0, 5, 2, 0, 0, 2, 44, 5, 4, 2, 0, 0, 0, 0, 5, 3, 2, 1, 5, 1, 1, 42, 0, 0, 4, 4, 4, 2, 0, 0, 1, 2, 0, 4, 0, 5, 0, 5, 2, 0, 0, 2, 0, 4, 0, 0, 0, 1, 40, 5, 0, 2, 43, 2, 0, 41, 3, 1, 4, 5, 0, 0, 0, 0, 1, 2, 0, 3, 0, 5, 4, 1, 0, 0, 5, 0, 0, 4, : 40, 5, 2, 2, 44, 5, 4, 2, 5, 3, 2, 1, 5, 1, 1, 42, 4, 4, 4, 2, 1, 2, 4, 5, 5, 2, 2, 4, 1, 40, 5, 2, 43, 2, 41, 3, 1, 4, 5, 1, 2, 3, 5, 4, 1, 5, 4, 
112: 1, 2, 0, 0, 3, 3, 4, 0, 0, 3, 0, 44, 5, 5, 0, 5, 2, 5, 0, 3, 0, 4, 0, 1, 4, 0, 0, 0, 0, 2, 0, 0, 2, 5, 3, 0, 4, 0, 0, 5, 1, 0, 0, 0, 0, 42, 0, 0, 0, 0, 4, 2, 0, 2, 0, 3, 0, 0, 3, 4, 4, 3, 3, 0, 0, 0, 0, 3, 3, 0, 3, 0, 0, 2, 5, 0, 0, 3, 3, 3, : 1, 2, 3, 3, 4, 3, 44, 5, 5, 5, 2, 5, 3, 4, 1, 4, 2, 2, 5, 3, 4, 5, 1, 42, 4, 2, 2, 3, 3, 4, 4, 3, 3, 3, 3, 3, 2, 5, 3, 3, 3, 
26: 3, 2, 40, 0, 0, 1, 2, 2, 0, 0, 0, 4, 3, 5, 0, 41, 0, 3, 0, 0, 4, 1, 3, 5, 5, 4, 1, 0, 40, 3, 0, 0, 5, 4, 2, 0, 0, 0, 5, 1, 5, 0, 0, 43, 1, 3, 0, 0, 0, 4, 2, 40, 1, 4, 5, 0, 4, 0, 2, 4, 2, 1, 0, 0, 4, 0, 44, 0, 2, 5, 0, 0, 2, 0, 0, 0, 3, 0, 0, 0, : 3, 2, 40, 1, 2, 2, 4, 3, 5, 41, 3, 4, 1, 3, 5, 5, 4, 1, 40, 3, 5, 4, 2, 5, 1, 5, 43, 1, 3, 4, 2, 40, 1, 4, 5, 4, 2, 4, 2, 1, 4, 44, 2, 5, 2, 3, 
114: 4, 0, 3, 0, 5, 0, 4, 5, 5, 5, 4, 0, 0, 1, 0, 0, 0, 1, 0, 0, 0, 3, 0, 3, 0, 4, 2, 3, 3, 0, 0, 0, 1, 1, 0, 43, 0, 5, 1, 4, 3, 0, 0, 0, 3, 44, 4, 0, 5, 5, 0, 1, 0, 5, 0, 0, 0, 4, 3, 0, 2, 40, 0, 0, 0, 40, 5, 2, 0, 0, 1, 5, 0, 43, 3, 43, 0, 41, 4, 0, : 4, 3, 5, 4, 5, 5, 5, 4, 1, 1, 3, 3, 4, 2, 3, 3, 1, 1, 43, 5, 1, 4, 3, 3, 44, 4, 5, 5, 1, 5, 4, 3, 2, 40, 40, 5, 2, 1, 5, 43, 3, 43, 41, 4, 
68: 1, 2, 0, 2, 0, 0, 0, 0, 0, 1, 0, 2, 40, 0, 0, 1, 0, 0, 1, 2, 3, 0, 40, 0, 0, 0, 4, 0, 0, 0, 0, 3, 0, 41, 5, 0, 4, 0, 3, 3, 2, 0, 5, 5, 4, 1, 5, 0, 0, 0, 3, 4, 0, 0, 3, 0, 0, 1, 2, 4, 1, 2, 0, 0, 2, 1, 3, 0, 41, 42, 2, 0, 0, 4, 0, 0, 0, 5, 0, 0, : 1, 2, 2, 1, 2, 40, 1, 1, 2, 3, 40, 4, 3, 41, 5, 4, 3, 3, 2, 5, 5, 4, 1, 5, 3, 4, 3, 1, 2, 4, 1, 2, 2, 1, 3, 41, 42, 2, 4, 5, 
90: 0, 0, 0, 5, 2, 43, 3, 5, 4, 5, 0, 0, 3, 0, 0, 0, 0, 0, 0, 5, 0, 1, 43, 3, 0, 4, 0, 2, 0, 0, 0, 0, 0, 0, 4, 42, 0, 43, 3, 5, 2, 0, 5, 3, 5, 0, 0, 0, 0, 0, 1, 2, 0, 0, 1, 0, 1, 1, 2, 2, 1, 0, 2, 2, 0, 0, 0, 1, 0, 44, 0, 0, 1, 0, 0, 0, 2, 1, 4, 3, : 5, 2, 43, 3, 5, 4, 5, 3, 5, 1, 43, 3, 4, 2, 4, 42, 43, 3, 5, 2, 5, 3, 5, 1, 2, 1, 1, 1, 2, 2, 1, 2, 2, 1, 44, 1, 2, 1, 4, 3, 
18: 1, 3, 0, 0, 0, 3, 0, 0, 0, 0, 0, 2, 0, 3, 0, 2, 1, 2, 1, 0, 0, 40, 0, 5, 1, 0, 3, 3, 0, 1, 1, 0, 0, 5, 44, 0, 1, 2, 3, 3, 3, 0, 0, 0, 2, 0, 0, 3, 44, 1, 1, 5, 5, 3, 2, 2, 0, 41, 4, 0, 1, 0, 1, 5, 0, 0, 3, 4, 4, 3, 5, 0, 0, 5, 3, 0, 0, 0, 2, 0, : 1, 3, 3, 2, 3, 2, 1, 2, 1, 40, 5, 1, 3, 3, 1, 1, 5, 44, 1, 2, 3, 3, 3, 2, 3, 44, 1, 1, 5, 5, 3, 2, 2, 41, 4, 1, 1, 5, 3, 4, 4, 3, 5, 5, 3, 2, 
125: 1, 5, 0, 2, 3, 2, 2, 0, 3, 4, 0, 5, 0, 4, 5, 0, 0, 0, 4, 3, 3, 0, 0, 3, 0, 0, 4, 1, 0, 0, 0, 0, 1, 0, 0, 2, 0, 2, 1, 2, 5, 5, 0, 0, 0, 0, 0, 5, 3, 0, 1, 2, 0, 3, 1, 0, 0, 4, 3, 0, 5, 4, 0, 2, 1, 3, 0, 43, 0, 0, 2, 3, 4, 0, 0, 0, 3, 5, 5, 0, : 1, 5, 2, 3, 2, 2, 3, 4, 5, 4, 5, 4, 3, 3, 3, 4, 1, 1, 2, 2, 1, 2, 5, 5, 5, 3, 1, 2, 3, 1, 4, 3, 5, 4, 2, 1, 3, 43, 2, 3, 4, 3, 5, 5, 
156: 41, 2, 0, 0, 0, 0, 0, 1, 5, 4, 0, 5, 2, 0, 0, 3, 0, 0, 0, 4, 40, 1, 0, 0, 0, 3, 0, 0, 0, 40, 4, 0, 4, 1, 0, 0, 42, 0, 0, 3, 3, 0, 0, 5, 42, 5, 5, 0, 0, 0, 0, 0, 0, 2, 4, 2, 0, 5, 1, 4, 2, 3, 5, 0, 0, 0, 0, 4, 3, 0, 2, 5, 0, 0, 2, 0, 0, 0, 5, 0, : 41, 2, 1, 5, 4, 5, 2, 3, 4, 40, 1, 3, 40, 4, 4, 1, 42, 3, 3, 5, 42, 5, 5, 2, 4, 2, 5, 1, 4, 2, 3, 5, 4, 3, 2, 5, 2, 5, 
143: 0, 1, 0, 0, 5, 0, 0, 0, 2, 4, 5, 0, 0, 0, 3, 1, 0, 3, 2, 41, 2, 0, 0, 0, 0, 1, 0, 3, 3, 5, 0, 0, 2, 0, 1, 1, 0, 0, 4, 3, 4, 0, 3, 4, 0, 43, 0, 3, 40, 2, 0, 3, 1, 0, 0, 0, 0, 0, 0, 2, 0, 0, 0, 0, 0, 5, 0, 0, 1, 0, 0, 5, 0, 0, 0, 0, 0, 1, 1, 3, : 1, 5, 2, 4, 5, 3, 1, 3, 2, 41, 2, 1, 3, 3, 5, 2, 1, 1, 4, 3, 4, 3, 4, 43, 3, 40, 2, 3, 1, 2, 5, 1, 5, 1, 1, 3, 
142: 2, 1, 0, 0, 3, 40, 0, 0, 4, 5, 0, 4, 0, 0, 41, 5, 4, 0, 1, 0, 0, 41, 0, 0, 42, 5, 1, 4, 0, 2, 5, 0, 2, 0, 5, 0, 0, 0, 0, 2, 3, 5, 0, 0, 2, 3, 0, 0, 0, 0, 1, 0, 5, 0, 40, 0, 1, 0, 1, 0, 0, 4, 3, 0, 0, 0, 2, 5, 0, 5, 0, 0, 0, 0, 0, 1, 4, 43, 2, 0, : 2, 1, 3, 40, 4, 5, 4, 41, 5, 4, 1, 41, 42, 5, 1, 4, 2, 5, 2, 5, 2, 3, 5, 2, 3, 1, 5, 40, 1, 1, 4, 3, 2, 5, 5, 1, 4, 43, 2, 
19: 4, 43, 44, 0, 3, 3, 0, 0, 4, 0, 0, 2, 0, 0, 3, 2, 0, 0, 0, 0, 5, 2, 42, 0, 3, 0, 4, 0, 0, 0, 0, 0, 4, 0, 0, 0, 0, 0, 43, 2, 1, 0, 0, 0, 0, 1, 0, 1, 0, 4, 2, 41, 0, 0, 5, 0, 0, 2, 2, 4, 1, 4, 0, 0, 2, 4, 4, 5, 2, 0, 4, 4, 0, 3, 0, 2, 5, 1, 5, 4, : 4, 43, 44, 3, 3, 4, 2, 3, 2, 5, 2, 42, 3, 4, 4, 43, 2, 1, 1, 1, 4, 2, 41, 5, 2, 2, 4, 1, 4, 2, 4, 4, 5, 2, 4, 4, 3, 2, 5, 1, 5, 4, 
88: 3, 3, 0, 0, 2, 5, 41, 0, 2, 4, 0, 0, 3, 0, 0, 1, 0, 0, 0, 5, 41, 1, 3, 4, 0, 0, 2, 4, 0, 0, 0, 5, 4, 0, 2, 5, 1, 0, 0, 4, 1, 0, 0, 0, 0, 2, 0, 0, 0, 5, 0, 5, 0, 4, 1, 0, 3, 0, 1, 3, 5, 2, 0, 5, 0, 3, 0, 3, 5, 2, 0, 44, 2, 2, 1, 0, 3, 0, 2, 3, : 3, 3, 2, 5, 41, 2, 4, 3, 1, 5, 41, 1, 3, 4, 2, 4, 5, 4, 2, 5, 1, 4, 1, 2, 5, 5, 4, 1, 3, 1, 3, 5, 2, 5, 3, 3, 5, 2, 44, 2, 2, 1, 3, 2, 3, 
56: 5, 0, 0, 1, 0, 0, 3, 3, 4, 0, 0, 0, 0, 43, 4, 3, 0, 0, 0, 2, 0, 5, 0, 0, 1, 0, 41, 0, 0, 3, 40, 0, 5, 4, 0, 2, 0, 5, 5, 5, 3, 0, 0, 0, 0, 0, 0, 2, 0, 0, 0, 0, 4, 0, 2, 0, 0, 1, 1, 5, 1, 0, 0, 0, 0, 0, 0, 0, 0, 0, 0, 2, 0, 1, 5, 3, 4, 0, 5, 0, : 5, 1, 3, 3, 4, 43, 4, 3, 2, 5, 1, 41, 3, 40, 5, 4, 2, 5, 5, 5, 3, 2, 4, 2, 1, 1, 5, 1, 2, 1, 5, 3, 4, 5, 
29: 1, 2, 0, 1, 5, 4, 2, 5, 1, 3, 0, 2, 0, 4, 2, 0, 0, 0, 1, 0, 0, 0, 0, 0, 0, 0, 0, 1, 0, 43, 4, 0, 2, 0, 2, 0, 0, 5, 4, 5, 5, 0, 40, 43, 1, 3, 0, 0, 4, 0, 0, 2, 44, 1, 0, 3, 0, 0, 5, 5, 43, 0, 0, 0, 0, 0, 0, 0, 0, 2, 0, 3, 3, 4, 0, 42, 4, 4, 3, 0, : 1, 2, 1, 5, 4, 2, 5, 1, 3, 2, 4, 2, 1, 1, 43, 4, 2, 2, 5, 4, 5, 5, 40, 43, 1, 3, 4, 2, 44, 1, 3, 5, 5, 43, 2, 3, 3, 4, 42, 4, 4, 3, 
83: 0, 0, 4, 1, 0, 0, 2, 0, 0, 2, 5, 2, 0, 0, 2, 2, 4, 3, 3, 0, 42, 43, 0, 0, 3, 0, 2, 2, 2, 0, 4, 0, 2, 0, 0, 0, 40, 0, 0, 5, 0, 2, 3, 0, 4, 0, 5, 0, 1, 2, 0, 1, 0, 2, 0, 0, 0, 5, 4, 2, 0, 0, 2, 3, 3, 4, 0, 4, 0, 0, 5, 2, 44, 0, 3, 40, 0, 1, 1, 2, : 4, 1, 2, 2, 5, 2, 2, 2, 4, 3, 3, 42, 43, 3, 2, 2, 2, 4, 2, 40, 5, 2, 3, 4, 5, 1, 2, 1, 2, 5, 4, 2, 2, 3, 3, 4, 4, 5, 2, 44, 3, 40, 1, 1, 2, 
31: 3, 3, 0, 0, 5, 0, 4, 0, 4, 3, 5, 1, 43, 43, 0, 0, 0, 1, 0, 0, 0, 0, 40, 41, 5, 43, 3, 4, 4, 4, 0, 2, 2, 0, 3, 0, 0, 0, 3, 1, 1, 0, 43, 0, 1, 0, 5, 0, 0, 3, 4, 5, 0, 1, 4, 43, 2, 1, 5, 4, 5, 4, 0, 0, 3, 3, 40, 0, 3, 0, 3, 2, 44, 0, 2, 0, 3, 0, 40, 0, : 3, 3, 5, 4, 4, 3, 5, 1, 43, 43, 1, 40, 41, 5, 43, 3, 4, 4, 4, 2, 2, 3, 3, 1, 1, 43, 1, 5, 3, 4, 5, 1, 4, 43, 2, 1, 5, 4, 5, 4, 3, 3, 40, 3, 3, 2, 44, 2, 3, 40, 
91: 4, 4, 0, 0, 4, 0, 0, 1, 1, 2, 4, 1, 0, 0, 4, 0, 3, 5, 40, 4, 0, 40, 0, 0, 2, 1, 0, 4, 0, 0, 0, 0, 3, 2, 1, 0, 4, 0, 0, 1, 1, 0, 0, 0, 0, 0, 4, 0, 0, 3, 1, 1, 2, 43, 0, 3, 5, 0, 1, 0, 2, 1, 0, 2, 1, 0, 0, 5, 0, 0, 0, 0, 4, 0, 1, 0, 44, 0, 42, 0, : 4, 4, 4, 1, 1, 2, 4, 1, 4, 3, 5, 40, 4, 40, 2, 1, 4, 3, 2, 1, 4, 1, 1, 4, 3, 1, 1, 2, 43, 3, 5, 1, 2, 1, 2, 1, 5, 4, 1, 44, 42, 
139: 0, 40, 0, 0, 1, 0, 2, 0, 0, 0, 0, 3, 0, 0, 3, 0, 0, 0, 41, 0, 3, 0, 0, 0, 0, 2, 1, 3, 0, 2, 5, 5, 1, 40, 0, 0, 2, 5, 1, 3, 4, 3, 5, 0, 0, 4, 0, 0, 3, 0, 0, 1, 3, 5, 5, 0, 0, 2, 4, 3, 3, 5, 0, 3, 0, 3, 0, 3, 0, 0, 3, 0, 0, 0, 1, 0, 2, 0, 4, 1, : 40, 1, 2, 3, 3, 41, 3, 2, 1, 3, 2, 5, 5, 1, 40, 2, 5, 1, 3, 4, 3, 5, 4, 3, 1, 3, 5, 5, 2, 4, 3, 3, 5, 3, 3, 3, 3, 1, 2, 4, 1, 
93: 3, 4, 0, 0, 2, 0, 0, 2, 4, 0, 0, 0, 4, 2, 5, 0, 4, 0, 0, 5, 0, 1, 0, 0, 1, 0, 2, 5, 4, 1, 3, 1, 5, 0, 43, 4, 0, 2, 4, 5, 41, 0, 0, 1, 44, 0, 44, 0, 0, 2, 0, 1, 3, 0, 4, 2, 0, 0, 1, 0, 0, 0, 0, 0, 3, 0, 0, 0, 42, 0, 0, 2, 5, 2, 41, 0, 4, 5, 0, 0, : 3, 4, 2, 2, 4, 4, 2, 5, 4, 5, 1, 1, 2, 5, 4, 1, 3, 1, 5, 43, 4, 2, 4, 5, 41, 1, 44, 44, 2, 1, 3, 4, 2, 1, 3, 42, 2, 5, 2, 41, 4, 5, 
49: 0, 0, 40, 0, 3, 4, 3, 0, 0, 0, 4, 0, 1, 0, 0, 0, 44, 0, 2, 0, 0, 0, 0, 0, 0, 5, 1, 0, 0, 0, 0, 0, 0, 2, 4, 2, 0, 0, 5, 4, 4, 0, 0, 3, 5, 0, 4, 0, 0, 4, 0, 2, 0, 2, 0, 1, 5, 0, 0, 0, 0, 1, 0, 0, 3, 1, 0, 1, 1, 0, 2, 5, 5, 40, 0, 3, 0, 1, 0, 0, : 40, 3, 4, 3, 4, 1, 44, 2, 5, 1, 2, 4, 2, 5, 4, 4, 3, 5, 4, 4, 2, 2, 1, 5, 1, 3, 1, 1, 1, 2, 5, 5, 40, 3, 1, 
32: 0, 1, 0, 5, 0, 2, 44, 0, 4, 0, 3, 4, 2, 3, 0, 4, 44, 0, 4, 0, 0, 3, 5, 0, 0, 0, 5, 4, 1, 0, 0, 0, 43, 0, 0, 0, 0, 43, 2, 4, 4, 0, 0, 0, 3, 0, 4, 4, 0, 4, 5, 3, 0, 3, 1, 0, 0, 0, 0, 0, 0, 4, 0, 0, 2, 1, 0, 0, 0, 0, 0, 0, 0, 0, 2, 43, 1, 0, 4, 41, : 1, 5, 2, 44, 4, 3, 4, 2, 3, 4, 44, 4, 3, 5, 5, 4, 1, 43, 43, 2, 4, 4, 3, 4, 4, 4, 5, 3, 3, 1, 4, 2, 1, 2, 43, 1, 4, 41, 
77: 0, 4, 0, 0, 3, 0, 2, 0, 0, 0, 0, 5, 3, 0, 0, 42, 4, 0, 0, 0, 1, 2, 0, 0, 1, 0, 0, 0, 0, 5, 1, 0, 3, 0, 0, 0, 0, 0, 0, 2, 0, 0, 0, 0, 0, 3, 2, 0, 0, 0, 3, 0, 0, 4, 2, 2, 0, 1, 0, 0, 5, 0, 0, 0, 0, 3, 0, 43, 0, 3, 1, 2, 0, 0, 0, 0, 0, 0, 0, 4, : 4, 3, 2, 5, 3, 42, 4, 1, 2, 1, 5, 1, 3, 2, 3, 2, 3, 4, 2, 2, 1, 5, 3, 43, 3, 1, 2, 4, 
124: 2, 0, 0, 4, 3, 0, 1, 3, 0, 1, 1, 0, 0, 0, 3, 4, 0, 0, 0, 0, 0, 0, 0, 4, 0, 0, 2, 4, 0, 0, 2, 0, 3, 3, 1, 5, 3, 0, 0, 4, 5, 4, 0, 0, 0, 1, 0, 5, 2, 0, 0, 5, 0, 5, 1, 0, 0, 0, 4, 5, 0, 0, 43, 2, 2, 0, 2, 5, 44, 5, 1, 2, 0, 1, 2, 0, 1, 2, 2, 1, : 2, 4, 3, 1, 3, 1, 1, 3, 4, 4, 2, 4, 2, 3, 3, 1, 5, 3, 4, 5, 4, 1, 5, 2, 5, 5, 1, 4, 5, 43, 2, 2, 2, 5, 44, 5, 1, 2, 1, 2, 1, 2, 2, 1, 
15: 4, 0, 0, 1, 0, 0, 0, 0, 3, 0, 1, 0, 0, 0, 0, 1, 3, 0, 4, 0, 3, 0, 0, 0, 3, 0, 0, 0, 4, 0, 3, 41, 3, 5, 41, 0, 4, 0, 0, 3, 0, 0, 0, 0, 4, 0, 0, 0, 0, 41, 0, 2, 5, 4, 0, 3, 5, 1, 3, 1, 0, 3, 3, 0, 0, 1, 0, 4, 0, 3, 42, 2, 0, 0, 43, 43, 4, 4, 2, 0, : 4, 1, 3, 1, 1, 3, 4, 3, 3, 4, 3, 41, 3, 5, 41, 4, 3, 4, 41, 2, 5, 4, 3, 5, 1, 3, 1, 3, 3, 1, 4, 3, 42, 2, 43, 43, 4, 4, 2, 
104: 0, 0, 0, 43, 3, 3, 0, 0, 0, 2, 0, 2, 0, 1, 0, 0, 5, 0, 5, 44, 3, 0, 0, 0, 0, 1, 3, 2, 0, 1, 0, 0, 1, 3, 0, 0, 44, 0, 0, 1, 3, 0, 0, 0, 1, 2, 0, 0, 0, 5, 1, 5, 0, 5, 42, 2, 3, 2, 3, 3, 5, 0, 5, 0, 0, 5, 0, 0, 1, 0, 4, 4, 2, 2, 1, 0, 0, 2, 5, 2, : 43, 3, 3, 2, 2, 1, 5, 5, 44, 3, 1, 3, 2, 1, 1, 3, 44, 1, 3, 1, 2, 5, 1, 5, 5, 42, 2, 3, 2, 3, 3, 5, 5, 5, 1, 4, 4, 2, 2, 1, 2, 5, 2, 
116: 1, 0, 1, 1, 4, 3, 4, 1, 4, 0, 0, 0, 0, 0, 44, 0, 0, 0, 0, 3, 0, 4, 0, 3, 3, 3, 3, 0, 0, 0, 0, 0, 1, 5, 0, 0, 2, 0, 1, 1, 3, 0, 0, 41, 5, 5, 0, 0, 0, 0, 0, 1, 5, 0, 0, 0, 2, 1, 3, 3, 0, 40, 0, 0, 0, 3, 1, 0, 0, 4, 0, 4, 3, 2, 2, 0, 0, 3, 0, 0, : 1, 1, 1, 4, 3, 4, 1, 4, 44, 3, 4, 3, 3, 3, 3, 1, 5, 2, 1, 1, 3, 41, 5, 5, 1, 5, 2, 1, 3, 3, 40, 3, 1, 4, 4, 3, 2, 2, 3, 
120: 0, 0, 0, 4, 1, 2, 0, 0, 0, 2, 0, 0, 0, 0, 0, 0, 5, 2, 0, 0, 0, 4, 4, 0, 0, 5, 5, 0, 1, 0, 0, 41, 0, 2, 5, 0, 0, 0, 0, 5, 1, 42, 2, 0, 0, 1, 0, 0, 0, 3, 3, 0, 2, 3, 0, 0, 2, 2, 3, 0, 1, 2, 4, 4, 2, 5, 0, 0, 2, 0, 0, 5, 1, 0, 0, 0, 0, 2, 2, 5, : 4, 1, 2, 2, 5, 2, 4, 4, 5, 5, 1, 41, 2, 5, 5, 1, 42, 2, 1, 3, 3, 2, 3, 2, 2, 3, 1, 2, 4, 4, 2, 5, 2, 5, 1, 2, 2, 5, 
48: 0, 4, 0, 3, 4, 0, 1, 2, 41, 41, 5, 2, 0, 0, 5, 4, 0, 0, 0, 5, 0, 5, 0, 2, 42, 0, 43, 0, 3, 0, 3, 2, 1, 0, 42, 0, 40, 4, 2, 4, 0, 0, 0, 0, 2, 1, 0, 1, 0, 5, 0, 0, 0, 3, 4, 4, 0, 0, 5, 2, 4, 5, 0, 3, 0, 2, 2, 0, 1, 4, 0, 4, 0, 4, 0, 0, 3, 0, 5, 0, : 4, 3, 4, 1, 2, 41, 41, 5, 2, 5, 4, 5, 5, 2, 42, 43, 3, 3, 2, 1, 42, 40, 4, 2, 4, 2, 1, 1, 5, 3, 4, 4, 5, 2, 4, 5, 3, 2, 2, 1, 4, 4, 4, 3, 5, 
130: 3, 0, 0, 2, 1, 2, 3, 0, 5, 5, 0, 4, 3, 0, 0, 0, 4, 2, 1, 0, 2, 0, 0, 42, 1, 0, 0, 0, 0, 0, 0, 0, 1, 0, 0, 2, 0, 3, 0, 1, 1, 0, 1, 3, 5, 4, 0, 0, 0, 0, 0, 1, 0, 0, 0, 5, 0, 4, 0, 2, 0, 2, 0, 0, 3, 0, 0, 1, 4, 0, 4, 3, 2, 0, 0, 2, 3, 4, 3, 0, : 3, 2, 1, 2, 3, 5, 5, 4, 3, 4, 2, 1, 2, 42, 1, 1, 2, 3, 1, 1, 1, 3, 5, 4, 1, 5, 4, 2, 2, 3, 1, 4, 4, 3, 2, 2, 3, 4, 3, 
40: 0, 5, 0, 0, 3, 1, 0, 0, 0, 0, 0, 0, 0, 0, 1, 4, 0, 4, 0, 0, 5, 0, 43, 0, 5, 5, 1, 2, 0, 0, 0, 2, 1, 4, 0, 0, 1, 0, 1, 2, 1, 0, 40, 0, 2, 5, 0, 0, 0, 3, 0, 3, 3, 3, 4, 0, 0, 1, 0, 2, 3, 4, 3, 0, 0, 3, 1, 0, 4, 0, 5, 0, 40, 0, 0, 0, 0, 0, 5, 2, : 5, 3, 1, 1, 4, 4, 5, 43, 5, 5, 1, 2, 2, 1, 4, 1, 1, 2, 1, 40, 2, 5, 3, 3, 3, 3, 4, 1, 2, 3, 4, 3, 3, 1, 4, 5, 40, 5, 2, 
134: 2, 3, 0, 0, 2, 3, 0, 0, 0, 41, 0, 0, 2, 0, 1, 1, 5, 3, 3, 4, 5, 0, 1, 0, 5, 3, 0, 0, 0, 3, 0, 0, 5, 1, 5, 0, 0, 0, 0, 2, 4, 0, 0, 0, 0, 0, 0, 4, 1, 44, 4, 0, 0, 0, 0, 0, 3, 0, 5, 1, 3, 3, 5, 0, 1, 2, 3, 0, 0, 5, 2, 0, 0, 4, 0, 0, 0, 4, 3, 0, : 2, 3, 2, 3, 41, 2, 1, 1, 5, 3, 3, 4, 5, 1, 5, 3, 3, 5, 1, 5, 2, 4, 4, 1, 44, 4, 3, 5, 1, 3, 3, 5, 1, 2, 3, 5, 2, 4, 4, 3, 
65: 5, 3, 0, 5, 0, 0, 0, 41, 2, 1, 44, 2, 2, 0, 2, 0, 5, 0, 0, 0, 0, 0, 0, 0, 1, 0, 4, 4, 0, 3, 2, 2, 3, 3, 0, 0, 2, 0, 0, 2, 2, 3, 0, 0, 5, 1, 0, 5, 0, 4, 0, 4, 0, 0, 0, 0, 5, 5, 43, 0, 3, 0, 43, 0, 0, 3, 0, 3, 1, 41, 0, 2, 0, 5, 2, 0, 5, 4, 0, 1, : 5, 3, 5, 41, 2, 1, 44, 2, 2, 2, 5, 1, 4, 4, 3, 2, 2, 3, 3, 2, 2, 2, 3, 5, 1, 5, 4, 4, 5, 5, 43, 3, 43, 3, 3, 1, 41, 2, 5, 2, 5, 4, 1, 
78: 2, 3, 0, 1, 2, 0, 0, 0, 0, 0, 0, 5, 3, 0, 40, 1, 0, 0, 42, 5, 0, 2, 4, 5, 5, 0, 0, 5, 0, 3, 41, 0, 4, 4, 3, 5, 2, 1, 1, 3, 1, 44, 0, 0, 0, 0, 5, 0, 0, 0, 5, 4, 0, 40, 0, 2, 43, 4, 1, 0, 0, 0, 0, 2, 2, 0, 3, 1, 0, 0, 44, 0, 0, 0, 0, 0, 0, 0, 0, 1, : 2, 3, 1, 2, 5, 3, 40, 1, 42, 5, 2, 4, 5, 5, 5, 3, 41, 4, 4, 3, 5, 2, 1, 1, 3, 1, 44, 5, 5, 4, 40, 2, 43, 4, 1, 2, 2, 3, 1, 44, 1, 
101: 1, 0, 4, 0, 1, 0, 0, 4, 5, 0, 2, 1, 5, 0, 5, 0, 0, 43, 41, 5, 0, 0, 0, 0, 0, 0, 4, 5, 40, 0, 1, 0, 3, 1, 0, 0, 4, 0, 2, 3, 1, 4, 0, 0, 0, 1, 0, 0, 41, 0, 0, 3, 5, 2, 0, 1, 0, 0, 0, 3, 0, 4, 3, 3, 3, 5, 0, 0, 4, 3, 0, 0, 0, 0, 0, 0, 3, 0, 2, 0, : 1, 4, 1, 4, 5, 2, 1, 5, 5, 43, 41, 5, 4, 5, 40, 1, 3, 1, 4, 2, 3, 1, 4, 1, 41, 3, 5, 2, 1, 3, 4, 3, 3, 3, 5, 4, 3, 3, 2, 
109: 0, 2, 0, 4, 0, 0, 0, 0, 0, 5, 0, 0, 44, 0, 4, 0, 5, 0, 0, 1, 4, 1, 0, 2, 0, 0, 0, 0, 1, 1, 2, 0, 4, 0, 3, 0, 4, 44, 1, 4, 5, 44, 0, 3, 4, 4, 0, 40, 1, 1, 0, 2, 0, 4, 4, 2, 2, 2, 0, 2, 0, 0, 44, 0, 0, 1, 0, 5, 0, 0, 5, 5, 0, 0, 4, 0, 2, 0, 0, 0, : 2, 4, 5, 44, 4, 5, 1, 4, 1, 2, 1, 1, 2, 4, 3, 4, 44, 1, 4, 5, 44, 3, 4, 4, 40, 1, 1, 2, 4, 4, 2, 2, 2, 2, 44, 1, 5, 5, 5, 4, 2, 
159: 0, 42, 0, 5, 2, 44, 0, 4, 0, 0, 4, 0, 0, 0, 0, 5, 0, 3, 1, 5, 1, 1, 0, 0, 0, 41, 0, 0, 0, 0, 0, 0, 0, 0, 5, 0, 2, 2, 4, 0, 0, 5, 0, 3, 0, 5, 0, 44, 0, 0, 0, 2, 0, 0, 44, 1, 0, 0, 3, 0, 2, 2, 0, 5, 0, 0, 44, 0, 0, 0, 1, 0, 0, 2, 40, 2, 0, 1, 3, 2, : 42, 5, 2, 44, 4, 4, 5, 3, 1, 5, 1, 1, 41, 5, 2, 2, 4, 5, 3, 5, 44, 2, 44, 1, 3, 2, 2, 5, 44, 1, 2, 40, 2, 1, 3, 2, 
63: 42, 0, 0, 0, 5, 3, 2, 0, 5, 3, 0, 3, 0, 1, 0, 0, 0, 1, 0, 2, 0, 0, 0, 5, 0, 5, 4, 2, 0, 1, 40, 0, 1, 3, 1, 0, 0, 0, 3, 5, 2, 5, 0, 0, 0, 0, 0, 3, 0, 4, 0, 0, 1, 0, 2, 0, 4, 5, 0, 0, 0, 3, 4, 0, 0, 0, 4, 3, 0, 0, 0, 44, 0, 44, 0, 0, 0, 5, 0, 3, : 42, 5, 3, 2, 5, 3, 3, 1, 1, 2, 5, 5, 4, 2, 1, 40, 1, 3, 1, 3, 5, 2, 5, 3, 4, 1, 2, 4, 5, 3, 4, 4, 3, 44, 44, 5, 3, 
123: 4, 1, 0, 2, 4, 0, 0, 5, 0, 0, 3, 0, 0, 0, 0, 0, 3, 1, 0, 3, 2, 2, 0, 5, 5, 5, 0, 4, 2, 0, 1, 0, 4, 0, 0, 0, 4, 0, 5, 2, 5, 0, 1, 4, 0, 4, 1, 2, 5, 40, 2, 0, 1, 3, 1, 5, 0, 0, 0, 0, 3, 4, 0, 0, 1, 0, 2, 0, 40, 4, 5, 0, 0, 3, 0, 0, 0, 5, 0, 4, : 4, 1, 2, 4, 5, 3, 3, 1, 3, 2, 2, 5, 5, 5, 4, 2, 1, 4, 4, 5, 2, 5, 1, 4, 4, 1, 2, 5, 40, 2, 1, 3, 1, 5, 3, 4, 1, 2, 40, 4, 5, 3, 5, 4, 
145: 2, 0, 0, 2, 1, 0, 0, 0, 0, 2, 4, 0, 0, 0, 2, 43, 4, 0, 1, 0, 0, 5, 0, 0, 40, 0, 43, 5, 2, 0, 40, 0, 4, 0, 5, 2, 0, 0, 5, 2, 2, 5, 0, 1, 5, 4, 0, 0, 0, 0, 2, 0, 0, 4, 4, 4, 0, 42, 0, 5, 0, 0, 2, 0, 0, 5, 1, 3, 4, 43, 4, 0, 0, 0, 0, 2, 1, 0, 0, 0, : 2, 2, 1, 2, 4, 2, 43, 4, 1, 5, 40, 43, 5, 2, 40, 4, 5, 2, 5, 2, 2, 5, 1, 5, 4, 2, 4, 4, 4, 42, 5, 2, 5, 1, 3, 4, 43, 4, 2, 1, 
80: 5, 0, 0, 0, 0, 0, 1, 0, 1, 2, 0, 1, 1, 1, 2, 3, 2, 0, 0, 4, 1, 4, 0, 0, 2, 0, 0, 5, 41, 2, 0, 0, 3, 0, 4, 0, 0, 0, 2, 1, 2, 2, 3, 4, 0, 3, 40, 2, 0, 0, 1, 0, 0, 3, 4, 0, 0, 3, 0, 0, 5, 0, 4, 2, 1, 2, 0, 0, 1, 5, 3, 0, 0, 0, 4, 3, 5, 44, 2, 0, : 5, 1, 1, 2, 1, 1, 1, 2, 3, 2, 4, 1, 4, 2, 5, 41, 2, 3, 4, 2, 1, 2, 2, 3, 4, 3, 40, 2, 1, 3, 4, 3, 5, 4, 2, 1, 2, 1, 5, 3, 4, 3, 5, 44, 2, 
34: 0, 2, 0, 0, 3, 0, 3, 0, 4, 0, 42, 3, 5, 0, 0, 4, 0, 0, 5, 0, 42, 0, 0, 0, 43, 0, 0, 1, 0, 0, 0, 4, 1, 4, 0, 0, 1, 0, 4, 3, 3, 0, 0, 0, 0, 0, 0, 5, 1, 1, 0, 2, 0, 2, 0, 3, 4, 2, 4, 0, 42, 3, 0, 0, 3, 5, 0, 0, 5, 0, 5, 0, 2, 0, 40, 1, 2, 1, 0, 43, : 2, 3, 3, 4, 42, 3, 5, 4, 5, 42, 43, 1, 4, 1, 4, 1, 4, 3, 3, 5, 1, 1, 2, 2, 3, 4, 2, 4, 42, 3, 3, 5, 5, 5, 2, 40, 1, 2, 1, 43, 
99: 4, 2, 0, 5, 5, 0, 3, 41, 2, 0, 0, 1, 0, 0, 0, 41, 44, 5, 3, 3, 4, 0, 0, 0, 0, 0, 1, 0, 0, 2, 4, 0, 1, 0, 0, 0, 0, 0, 5, 3, 2, 0, 0, 5, 40, 5, 0, 0, 0, 41, 0, 5, 2, 1, 0, 1, 44, 1, 2, 1, 2, 0, 4, 3, 1, 2, 0, 0, 0, 0, 2, 0, 2, 0, 0, 5, 1, 0, 42, 43, : 4, 2, 5, 5, 3, 41, 2, 1, 41, 44, 5, 3, 3, 4, 1, 2, 4, 1, 5, 3, 2, 5, 40, 5, 41, 5, 2, 1, 1, 44, 1, 2, 1, 2, 4, 3, 1, 2, 2, 2, 5, 1, 42, 43, 
38: 2, 5, 0, 42, 0, 2, 2, 0, 5, 0, 0, 3, 4, 4, 0, 0, 44, 44, 0, 3, 3, 4, 0, 0, 0, 0, 1, 0, 0, 0, 4, 0, 4, 5, 0, 3, 0, 42, 43, 1, 1, 0, 0, 0, 0, 2, 0, 5, 0, 0, 0, 3, 4, 0, 3, 3, 0, 5, 0, 0, 0, 1, 4, 43, 42, 0, 0, 0, 0, 4, 0, 0, 1, 0, 3, 1, 0, 3, 0, 0, : 2, 5, 42, 2, 2, 5, 3, 4, 4, 44, 44, 3, 3, 4, 1, 4, 4, 5, 3, 42, 43, 1, 1, 2, 5, 3, 4, 3, 3, 5, 1, 4, 43, 42, 4, 1, 3, 1, 3, 
85: 0, 0, 5, 0, 0, 1, 2, 4, 2, 0, 4, 4, 0, 0, 0, 0, 4, 3, 2, 2, 0, 0, 0, 0, 0, 0, 3, 0, 0, 0, 0, 0, 3, 2, 2, 1, 0, 1, 1, 3, 42, 4, 0, 1, 3, 0, 4, 3, 0, 0, 0, 2, 0, 5, 2, 5, 43, 4, 3, 5, 42, 0, 3, 0, 0, 0, 5, 0, 0, 5, 0, 3, 42, 1, 5, 3, 0, 5, 5, 0, : 5, 1, 2, 4, 2, 4, 4, 4, 3, 2, 2, 3, 3, 2, 2, 1, 1, 1, 3, 42, 4, 1, 3, 4, 3, 2, 5, 2, 5, 43, 4, 3, 5, 42, 3, 5, 5, 3, 42, 1, 5, 3, 5, 5, 
148: 1, 1, 44, 0, 40, 4, 0, 44, 5, 5, 0, 3, 44, 0, 0, 0, 0, 3, 2, 43, 0, 3, 0, 0, 0, 3, 0, 1, 0, 5, 4, 0, 1, 3, 5, 4, 3, 3, 4, 4, 3, 4, 5, 3, 3, 42, 43, 0, 0, 0, 3, 2, 0, 0, 1, 0, 43, 1, 3, 1, 5, 2, 4, 5, 2, 3, 0, 0, 0, 0, 0, 1, 0, 0, 4, 1, 0, 0, 2, 0, : 1, 1, 44, 40, 4, 44, 5, 5, 3, 44, 3, 2, 43, 3, 3, 1, 5, 4, 1, 3, 5, 4, 3, 3, 4, 4, 3, 4, 5, 3, 3, 42, 43, 3, 2, 1, 43, 1, 3, 1, 5, 2, 4, 5, 2, 3, 1, 4, 1, 2, 
84: 4, 0, 3, 2, 0, 4, 0, 3, 0, 0, 4, 2, 1, 43, 0, 2, 0, 42, 0, 1, 5, 0, 0, 0, 0, 0, 3, 3, 2, 3, 0, 3, 2, 0, 0, 0, 2, 2, 4, 43, 4, 3, 0, 3, 2, 3, 3, 2, 3, 0, 43, 1, 0, 5, 3, 1, 0, 0, 0, 0, 5, 0, 5, 0, 44, 1, 44, 0, 0, 0, 0, 0, 0, 4, 0, 0, 4, 5, 1, 0, : 4, 3, 2, 4, 3, 4, 2, 1, 43, 2, 42, 1, 5, 3, 3, 2, 3, 3, 2, 2, 2, 4, 43, 4, 3, 3, 2, 3, 3, 2, 3, 43, 1, 5, 3, 1, 5, 5, 44, 1, 44, 4, 4, 5, 1, 
66: 0, 0, 2, 0, 43, 5, 2, 4, 2, 4, 1, 0, 3, 0, 0, 5, 3, 0, 0, 0, 0, 0, 4, 1, 0, 0, 1, 40, 3, 40, 5, 0, 0, 0, 4, 0, 0, 5, 0, 3, 0, 2, 0, 0, 5, 0, 2, 0, 3, 0, 4, 1, 0, 5, 2, 0, 0, 2, 0, 40, 3, 2, 0, 0, 0, 2, 5, 4, 5, 0, 4, 41, 0, 0, 4, 0, 2, 0, 42, 0, : 2, 43, 5, 2, 4, 2, 4, 1, 3, 5, 3, 4, 1, 1, 40, 3, 40, 5, 4, 5, 3, 2, 5, 2, 3, 4, 1, 5, 2, 2, 40, 3, 2, 2, 5, 4, 5, 4, 41, 4, 2, 42, 
86: 0, 1, 0, 0, 0, 3, 42, 0, 0, 1, 5, 4, 0, 0, 0, 2, 3, 0, 5, 4, 0, 0, 0, 0, 0, 0, 4, 3, 0, 0, 0, 4, 5, 0, 4, 4, 4, 0, 5, 5, 1, 40, 0, 0, 3, 1, 0, 4, 0, 0, 5, 5, 41, 3, 0, 4, 5, 2, 0, 0, 42, 0, 1, 43, 0, 0, 0, 0, 41, 0, 0, 0, 1, 0, 3, 0, 3, 4, 5, 0, : 1, 3, 42, 1, 5, 4, 2, 3, 5, 4, 4, 3, 4, 5, 4, 4, 4, 5, 5, 1, 40, 3, 1, 4, 5, 5, 41, 3, 4, 5, 2, 42, 1, 43, 41, 1, 3, 3, 4, 5, 
94: 2, 5, 0, 0, 0, 3, 1, 0, 0, 0, 0, 0, 2, 0, 0, 5, 1, 41, 0, 0, 0, 1, 0, 4, 0, 0, 4, 0, 0, 3, 4, 0, 3, 0, 0, 4, 3, 0, 0, 2, 2, 4, 3, 5, 2, 1, 0, 0, 0, 41, 0, 0, 0, 42, 4, 0, 1, 4, 0, 0, 0, 1, 0, 0, 0, 3, 5, 1, 0, 0, 2, 1, 0, 0, 0, 3, 1, 4, 0, 3, : 2, 5, 3, 1, 2, 5, 1, 41, 1, 4, 4, 3, 4, 3, 4, 3, 2, 2, 4, 3, 5, 2, 1, 41, 42, 4, 1, 4, 1, 3, 5, 1, 2, 1, 3, 1, 4, 3, 
69: 2, 0, 0, 4, 1, 5, 0, 0, 0, 0, 0, 5, 0, 0, 0, 0, 3, 0, 3, 0, 0, 0, 0, 3, 0, 0, 1, 4, 0, 0, 0, 0, 4, 5, 2, 0, 0, 0, 1, 3, 5, 0, 1, 4, 0, 1, 4, 0, 41, 1, 4, 0, 4, 1, 3, 0, 0, 3, 1, 3, 1, 0, 0, 44, 3, 0, 4, 0, 5, 0, 5, 0, 0, 0, 1, 41, 4, 2, 0, 4, : 2, 4, 1, 5, 5, 3, 3, 3, 1, 4, 4, 5, 2, 1, 3, 5, 1, 4, 1, 4, 41, 1, 4, 4, 1, 3, 3, 1, 3, 1, 44, 3, 4, 5, 5, 1, 41, 4, 2, 4, 
57: 2, 4, 0, 1, 3, 0, 1, 4, 0, 0, 0, 0, 0, 3, 0, 2, 5, 4, 4, 2, 0, 0, 0, 0, 0, 0, 0, 0, 1, 4, 0, 0, 1, 1, 0, 0, 0, 0, 4, 2, 3, 4, 3, 0, 5, 3, 0, 41, 40, 5, 2, 3, 40, 5, 2, 41, 1, 3, 0, 2, 0, 5, 1, 0, 5, 2, 1, 0, 3, 3, 5, 2, 4, 1, 0, 4, 1, 0, 1, 43, : 2, 4, 1, 3, 1, 4, 3, 2, 5, 4, 4, 2, 1, 4, 1, 1, 4, 2, 3, 4, 3, 5, 3, 41, 40, 5, 2, 3, 40, 5, 2, 41, 1, 3, 2, 5, 1, 5, 2, 1, 3, 3, 5, 2, 4, 1, 4, 1, 1, 43, 
42: 0, 2, 0, 41, 1, 0, 0, 1, 0, 2, 0, 4, 0, 0, 0, 4, 0, 0, 0, 0, 0, 4, 5, 1, 44, 0, 2, 1, 3, 0, 43, 3, 2, 4, 3, 0, 4, 4, 1, 2, 0, 0, 0, 2, 0, 4, 5, 0, 0, 0, 42, 4, 2, 5, 0, 1, 1, 4, 0, 44, 3, 40, 0, 5, 5, 0, 0, 5, 0, 2, 0, 1, 4, 5, 1, 0, 4, 4, 3, 0, : 2, 41, 1, 1, 2, 4, 4, 4, 5, 1, 44, 2, 1, 3, 43, 3, 2, 4, 3, 4, 4, 1, 2, 2, 4, 5, 42, 4, 2, 5, 1, 1, 4, 44, 3, 40, 5, 5, 5, 2, 1, 4, 5, 1, 4, 4, 3, 
107: 0, 0, 0, 0, 0, 0, 0, 0, 0, 0, 0, 0, 0, 0, 1, 5, 1, 1, 0, 0, 3, 0, 0, 2, 0, 4, 1, 40, 0, 42, 0, 0, 5, 1, 2, 4, 0, 0, 4, 5, 0, 0, 0, 0, 42, 2, 43, 1, 2, 3, 4, 2, 0, 5, 0, 0, 0, 0, 0, 4, 0, 4, 0, 5, 0, 0, 4, 0, 4, 0, 0, 4, 3, 0, 1, 0, 0, 2, 2, 0, : 1, 5, 1, 1, 3, 2, 4, 1, 40, 42, 5, 1, 2, 4, 4, 5, 42, 2, 43, 1, 2, 3, 4, 2, 5, 4, 4, 5, 4, 4, 4, 3, 1, 2, 2, 
117: 0, 2, 0, 0, 5, 0, 0, 0, 1, 3, 0, 40, 5, 41, 5, 4, 0, 1, 2, 5, 5, 0, 0, 0, 1, 0, 4, 0, 1, 0, 0, 0, 2, 0, 3, 2, 5, 0, 0, 1, 3, 0, 0, 0, 4, 0, 0, 2, 43, 2, 43, 41, 3, 3, 1, 1, 0, 0, 1, 4, 5, 1, 3, 0, 0, 2, 0, 0, 2, 0, 3, 0, 3, 0, 0, 0, 4, 2, 0, 4, : 2, 5, 1, 3, 40, 5, 41, 5, 4, 1, 2, 5, 5, 1, 4, 1, 2, 3, 2, 5, 1, 3, 4, 2, 43, 2, 43, 41, 3, 3, 1, 1, 1, 4, 5, 1, 3, 2, 2, 3, 3, 4, 2, 4, 
52: 3, 0, 0, 0, 2, 0, 0, 5, 0, 1, 0, 0, 0, 0, 0, 3, 0, 0, 4, 0, 0, 0, 5, 0, 0, 42, 3, 0, 0, 4, 2, 0, 0, 5, 0, 0, 0, 44, 1, 4, 2, 0, 2, 0, 4, 2, 0, 2, 0, 0, 0, 1, 0, 4, 5, 1, 0, 4, 0, 4, 3, 0, 1, 0, 0, 0, 0, 4, 0, 0, 2, 0, 0, 0, 1, 0, 42, 0, 0, 0, : 3, 2, 5, 1, 3, 4, 5, 42, 3, 4, 2, 5, 44, 1, 4, 2, 2, 4, 2, 2, 1, 4, 5, 1, 4, 4, 3, 1, 4, 2, 1, 42, 
140: 0, 4, 0, 0, 0, 0, 0, 0, 2, 0, 0, 43, 0, 0, 0, 1, 3, 0, 3, 3, 0, 4, 0, 0, 2, 2, 0, 5, 0, 1, 0, 1, 2, 0, 0, 2, 3, 0, 0, 4, 0, 4, 43, 0, 5, 0, 0, 0, 2, 1, 1, 3, 4, 3, 4, 4, 2, 3, 0, 3, 0, 0, 0, 3, 44, 1, 0, 0, 1, 5, 1, 0, 0, 0, 4, 1, 2, 2, 0, 0, : 4, 2, 43, 1, 3, 3, 3, 4, 2, 2, 5, 1, 1, 2, 2, 3, 4, 4, 43, 5, 2, 1, 1, 3, 4, 3, 4, 4, 2, 3, 3, 3, 44, 1, 1, 5, 1, 4, 1, 2, 2, 
128: 4, 4, 4, 0, 0, 0, 4, 4, 5, 0, 5, 0, 0, 0, 3, 1, 0, 0, 2, 3, 0, 0, 0, 1, 0, 1, 0, 42, 0, 0, 2, 1, 3, 0, 1, 3, 0, 4, 2, 1, 0, 40, 0, 4, 0, 5, 1, 4, 0, 0, 40, 4, 0, 1, 1, 0, 5, 0, 0, 43, 3, 2, 4, 40, 0, 5, 3, 5, 1, 2, 1, 0, 0, 0, 0, 0, 2, 0, 2, 1, : 4, 4, 4, 4, 4, 5, 5, 3, 1, 2, 3, 1, 1, 42, 2, 1, 3, 1, 3, 4, 2, 1, 40, 4, 5, 1, 4, 40, 4, 1, 1, 5, 43, 3, 2, 4, 40, 5, 3, 5, 1, 2, 1, 2, 2, 1, 
73: 0, 0, 44, 2, 5, 2, 0, 42, 0, 5, 41, 0, 1, 0, 5, 3, 0, 5, 3, 0, 0, 2, 0, 3, 0, 2, 3, 1, 0, 1, 0, 0, 4, 0, 1, 40, 0, 5, 42, 5, 2, 0, 0, 2, 4, 1, 2, 5, 5, 0, 1, 1, 0, 3, 5, 0, 1, 1, 3, 0, 0, 0, 4, 0, 5, 3, 0, 1, 0, 0, 1, 0, 4, 1, 1, 1, 0, 0, 0, 0, : 44, 2, 5, 2, 42, 5, 41, 1, 5, 3, 5, 3, 2, 3, 2, 3, 1, 1, 4, 1, 40, 5, 42, 5, 2, 2, 4, 1, 2, 5, 5, 1, 1, 3, 5, 1, 1, 3, 4, 5, 3, 1, 1, 4, 1, 1, 1, 
74: 0, 1, 0, 5, 0, 41, 0, 0, 0, 0, 0, 0, 0, 0, 0, 4, 0, 0, 0, 0, 2, 0, 5, 2, 5, 0, 0, 4, 43, 0, 0, 0, 43, 5, 0, 2, 0, 3, 0, 42, 1, 1, 0, 0, 0, 0, 4, 0, 0, 1, 5, 3, 4, 0, 0, 0, 1, 0, 0, 0, 5, 4, 3, 2, 1, 5, 0, 4, 3, 1, 0, 3, 1, 42, 4, 0, 0, 5, 0, 1, : 1, 5, 41, 4, 2, 5, 2, 5, 4, 43, 43, 5, 2, 3, 42, 1, 1, 4, 1, 5, 3, 4, 1, 5, 4, 3, 2, 1, 5, 4, 3, 1, 3, 1, 42, 4, 5, 1, 
119: 0, 5, 3, 0, 2, 1, 0, 0, 0, 2, 1, 5, 3, 0, 0, 2, 0, 3, 1, 0, 3, 3, 0, 0, 0, 2, 0, 5, 1, 3, 0, 4, 0, 4, 0, 0, 0, 0, 0, 4, 4, 0, 44, 0, 0, 5, 1, 40, 0, 2, 0, 0, 0, 1, 3, 43, 1, 0, 4, 0, 4, 3, 3, 0, 0, 2, 0, 5, 3, 0, 2, 44, 0, 0, 1, 0, 0, 0, 4, 0, : 5, 3, 2, 1, 2, 1, 5, 3, 2, 3, 1, 3, 3, 2, 5, 1, 3, 4, 4, 4, 4, 44, 5, 1, 40, 2, 1, 3, 43, 1, 4, 4, 3, 3, 2, 5, 3, 2, 44, 1, 4, 
105: 0, 0, 0, 5, 0, 0, 42, 0, 0, 0, 0, 0, 0, 42, 0, 0, 0, 0, 0, 5, 1, 5, 0, 0, 0, 40, 5, 0, 0, 2, 0, 0, 42, 4, 0, 5, 3, 1, 0, 1, 0, 3, 0, 40, 0, 1, 0, 1, 0, 1, 0, 4, 0, 3, 0, 42, 2, 5, 0, 0, 1, 3, 2, 0, 0, 0, 2, 4, 3, 1, 1, 1, 3, 0, 3, 0, 1, 1, 1, 0, : 5, 42, 42, 5, 1, 5, 40, 5, 2, 42, 4, 5, 3, 1, 1, 3, 40, 1, 1, 1, 4, 3, 42, 2, 5, 1, 3, 2, 2, 4, 3, 1, 1, 1, 3, 3, 1, 1, 1, 
137: 0, 4, 3, 43, 5, 43, 0, 2, 0, 42, 0, 1, 3, 0, 4, 1, 2, 0, 0, 1, 0, 0, 0, 44, 0, 0, 0, 0, 0, 5, 0, 0, 1, 3, 0, 0, 0, 0, 2, 5, 0, 0, 0, 0, 0, 0, 0, 4, 0, 0, 0, 0, 42, 3, 1, 0, 0, 4, 0, 0, 0, 0, 0, 0, 0, 5, 0, 0, 0, 0, 5, 0, 2, 5, 0, 0, 0, 0, 1, 1, : 4, 3, 43, 5, 43, 2, 42, 1, 3, 4, 1, 2, 1, 44, 5, 1, 3, 2, 5, 4, 42, 3, 1, 4, 5, 5, 2, 5, 1, 1, 
71: 5, 1, 0, 1, 0, 2, 0, 0, 2, 0, 0, 5, 0, 0, 5, 1, 0, 0, 2, 0, 0, 0, 0, 4, 0, 3, 0, 1, 0, 3, 0, 0, 0, 4, 2, 4, 0, 0, 5, 1, 3, 0, 0, 1, 0, 0, 0, 0, 0, 2, 0, 5, 0, 0, 0, 41, 3, 43, 4, 0, 0, 0, 42, 4, 2, 3, 5, 0, 1, 0, 0, 2, 0, 1, 0, 0, 0, 5, 0, 2, : 5, 1, 1, 2, 2, 5, 5, 1, 2, 4, 3, 1, 3, 4, 2, 4, 5, 1, 3, 1, 2, 5, 41, 3, 43, 4, 42, 4, 2, 3, 5, 1, 2, 1, 5, 2, 
136: 3, 1, 0, 2, 0, 0, 3, 0, 0, 2, 2, 3, 2, 0, 0, 0, 4, 4, 0, 1, 0, 0, 0, 1, 0, 1, 1, 2, 0, 0, 4, 0, 1, 0, 3, 0, 0, 0, 1, 1, 4, 0, 0, 0, 0, 5, 0, 0, 0, 0, 0, 3, 0, 0, 0, 2, 1, 0, 2, 3, 0, 0, 4, 0, 1, 42, 4, 0, 1, 0, 1, 5, 0, 0, 2, 0, 2, 0, 1, 3, : 3, 1, 2, 3, 2, 2, 3, 2, 4, 4, 1, 1, 1, 1, 2, 4, 1, 3, 1, 1, 4, 5, 3, 2, 1, 2, 3, 4, 1, 42, 4, 1, 1, 5, 2, 2, 1, 3, 
102: 4, 3, 44, 0, 5, 0, 0, 2, 3, 3, 0, 0, 2, 0, 2, 5, 4, 2, 44, 3, 0, 4, 4, 1, 0, 0, 3, 0, 0, 0, 5, 1, 5, 0, 4, 4, 3, 0, 44, 2, 0, 0, 42, 5, 5, 4, 0, 0, 1, 0, 0, 4, 4, 1, 4, 0, 0, 0, 5, 1, 0, 0, 5, 0, 0, 0, 0, 44, 1, 0, 41, 2, 5, 4, 5, 0, 44, 3, 0, 0, : 4, 3, 44, 5, 2, 3, 3, 2, 2, 5, 4, 2, 44, 3, 4, 4, 1, 3, 5, 1, 5, 4, 4, 3, 44, 2, 42, 5, 5, 4, 1, 4, 4, 1, 4, 5, 1, 5, 44, 1, 41, 2, 5, 4, 5, 44, 3, 
81: 0, 5, 0, 0, 1, 0, 0, 0, 4, 0, 5, 5, 1, 40, 0, 0, 2, 0, 0, 5, 0, 5, 3, 0, 0, 5, 0, 0, 0, 3, 0, 0, 5, 4, 5, 0, 0, 3, 3, 4, 2, 4, 0, 3, 0, 1, 0, 0, 0, 0, 0, 4, 2, 3, 5, 0, 0, 3, 42, 42, 0, 2, 3, 0, 2, 3, 0, 3, 1, 0, 1, 0, 0, 4, 0, 0, 0, 2, 2, 41, : 5, 1, 4, 5, 5, 1, 40, 2, 5, 5, 3, 5, 3, 5, 4, 5, 3, 3, 4, 2, 4, 3, 1, 4, 2, 3, 5, 3, 42, 42, 2, 3, 2, 3, 3, 1, 1, 4, 2, 2, 41, 
33: 4, 1, 0, 0, 0, 0, 0, 3, 0, 0, 42, 3, 0, 0, 41, 4, 5, 2, 0, 2, 3, 0, 40, 44, 5, 0, 0, 1, 42, 0, 0, 2, 0, 0, 5, 3, 0, 5, 0, 2, 0, 0, 0, 0, 1, 2, 3, 41, 2, 0, 0, 5, 0, 2, 1, 4, 1, 3, 5, 0, 0, 4, 0, 1, 42, 0, 0, 5, 2, 0, 4, 3, 0, 0, 0, 4, 5, 0, 3, 4, : 4, 1, 3, 42, 3, 41, 4, 5, 2, 2, 3, 40, 44, 5, 1, 42, 2, 5, 3, 5, 2, 1, 2, 3, 41, 2, 5, 2, 1, 4, 1, 3, 5, 4, 1, 42, 5, 2, 4, 3, 4, 5, 3, 4, 
106: 2, 3, 3, 3, 42, 0, 5, 1, 0, 5, 3, 5, 0, 0, 0, 4, 2, 42, 1, 1, 5, 4, 0, 0, 4, 0, 3, 2, 0, 0, 1, 4, 0, 2, 4, 2, 0, 3, 0, 2, 3, 0, 0, 0, 1, 0, 0, 5, 0, 0, 0, 4, 0, 5, 0, 0, 1, 4, 4, 0, 0, 1, 3, 5, 0, 4, 0, 0, 0, 0, 1, 2, 3, 0, 0, 0, 2, 5, 0, 2, : 2, 3, 3, 3, 42, 5, 1, 5, 3, 5, 4, 2, 42, 1, 1, 5, 4, 4, 3, 2, 1, 4, 2, 4, 2, 3, 2, 3, 1, 5, 4, 5, 1, 4, 4, 1, 3, 5, 4, 1, 2, 3, 2, 5, 2, 
141: 0, 2, 0, 0, 0, 0, 0, 0, 3, 3, 0, 4, 0, 0, 2, 1, 3, 0, 0, 0, 40, 40, 0, 0, 0, 0, 1, 2, 0, 0, 0, 41, 0, 5, 3, 0, 1, 0, 5, 4, 4, 0, 0, 0, 2, 0, 2, 0, 0, 0, 4, 4, 5, 3, 0, 1, 0, 3, 1, 3, 2, 2, 2, 5, 41, 4, 0, 0, 0, 0, 0, 1, 0, 0, 0, 0, 0, 0, 0, 1, : 2, 3, 3, 4, 2, 1, 3, 40, 40, 1, 2, 41, 5, 3, 1, 5, 4, 4, 2, 2, 4, 4, 5, 3, 1, 3, 1, 3, 2, 2, 2, 5, 41, 4, 1, 1, 
100: 5, 2, 0, 0, 0, 1, 4, 1, 0, 5, 0, 0, 2, 5, 0, 2, 1, 0, 4, 0, 1, 0, 0, 1, 0, 0, 4, 0, 0, 0, 1, 0, 3, 3, 0, 40, 43, 0, 0, 0, 3, 0, 0, 0, 2, 5, 0, 0, 0, 0, 1, 1, 1, 0, 2, 4, 0, 0, 0, 2, 3, 0, 5, 1, 0, 43, 4, 4, 0, 44, 1, 4, 2, 0, 4, 0, 5, 0, 2, 4, : 5, 2, 1, 4, 1, 5, 2, 5, 2, 1, 4, 1, 1, 4, 1, 3, 3, 40, 43, 3, 2, 5, 1, 1, 1, 2, 4, 2, 3, 5, 1, 43, 4, 4, 44, 1, 4, 2, 4, 5, 2, 4, 
115: 1, 41, 3, 0, 1, 0, 4, 3, 4, 0, 1, 1, 40, 0, 0, 0, 0, 0, 5, 0, 4, 0, 0, 0, 0, 0, 1, 0, 0, 3, 0, 42, 5, 42, 5, 2, 0, 0, 0, 1, 4, 0, 1, 1, 1, 3, 2, 4, 3, 2, 5, 2, 5, 0, 0, 0, 0, 3, 2, 4, 0, 2, 5, 5, 0, 5, 0, 5, 0, 0, 0, 0, 0, 41, 0, 0, 3, 40, 5, 1, : 1, 41, 3, 1, 4, 3, 4, 1, 1, 40, 5, 4, 1, 3, 42, 5, 42, 5, 2, 1, 4, 1, 1, 1, 3, 2, 4, 3, 2, 5, 2, 5, 3, 2, 4, 2, 5, 5, 5, 5, 41, 3, 40, 5, 1, 
9: 3, 4, 0, 3, 0, 4, 44, 2, 0, 5, 0, 40, 1, 0, 1, 3, 0, 4, 1, 3, 0, 0, 0, 4, 4, 5, 4, 1, 0, 0, 4, 0, 5, 40, 0, 42, 1, 1, 4, 4, 40, 0, 0, 0, 3, 0, 0, 0, 0, 1, 4, 5, 0, 5, 2, 0, 0, 1, 5, 0, 5, 4, 0, 0, 5, 0, 1, 2, 0, 5, 5, 1, 0, 3, 0, 2, 3, 4, 3, 0, : 3, 4, 3, 4, 44, 2, 5, 40, 1, 1, 3, 4, 1, 3, 4, 4, 5, 4, 1, 4, 5, 40, 42, 1, 1, 4, 4, 40, 3, 1, 4, 5, 5, 2, 1, 5, 5, 4, 5, 1, 2, 5, 5, 1, 3, 2, 3, 4, 3, 
16: 3, 0, 5, 0, 2, 0, 3, 1, 44, 3, 0, 3, 3, 5, 41, 5, 0, 0, 0, 4, 0, 0, 5, 5, 0, 0, 4, 0, 4, 0, 0, 40, 0, 1, 1, 0, 1, 0, 0, 1, 4, 0, 0, 5, 3, 0, 2, 3, 4, 3, 0, 3, 0, 3, 4, 1, 0, 3, 0, 0, 0, 5, 0, 0, 5, 0, 3, 2, 2, 0, 0, 5, 42, 2, 0, 0, 0, 0, 0, 4, : 3, 5, 2, 3, 1, 44, 3, 3, 3, 5, 41, 5, 4, 5, 5, 4, 4, 40, 1, 1, 1, 1, 4, 5, 3, 2, 3, 4, 3, 3, 3, 4, 1, 3, 5, 5, 3, 2, 2, 5, 42, 2, 4, 
23: 0, 0, 0, 0, 0, 0, 0, 0, 4, 0, 0, 0, 5, 0, 0, 1, 2, 0, 0, 4, 0, 0, 0, 0, 4, 0, 0, 2, 0, 3, 0, 0, 3, 0, 0, 0, 0, 0, 0, 1, 4, 2, 0, 43, 2, 0, 4, 4, 0, 0, 1, 4, 3, 1, 1, 1, 2, 2, 0, 0, 0, 4, 0, 40, 0, 1, 3, 0, 0, 0, 0, 0, 1, 0, 0, 0, 5, 0, 0, 0, : 4, 5, 1, 2, 4, 4, 2, 3, 3, 1, 4, 2, 43, 2, 4, 4, 1, 4, 3, 1, 1, 1, 2, 2, 4, 40, 1, 3, 1, 5, 
61: 44, 2, 0, 0, 1, 4, 2, 42, 0, 0, 5, 2, 2, 0, 3, 3, 2, 0, 2, 5, 0, 0, 0, 0, 3, 3, 3, 44, 4, 43, 0, 0, 5, 3, 0, 5, 2, 0, 0, 4, 5, 0, 5, 0, 4, 1, 42, 0, 0, 0, 0, 3, 40, 2, 1, 0, 0, 0, 1, 0, 4, 2, 0, 3, 3, 4, 0, 0, 0, 0, 4, 4, 3, 5, 1, 0, 0, 3, 3, 0, : 44, 2, 1, 4, 2, 42, 5, 2, 2, 3, 3, 2, 2, 5, 3, 3, 3, 44, 4, 43, 5, 3, 5, 2, 4, 5, 5, 4, 1, 42, 3, 40, 2, 1, 1, 4, 2, 3, 3, 4, 4, 4, 3, 5, 1, 3, 3, 
160: 5, 0, 0, 41, 0, 0, 3, 4, 40, 1, 0, 0, 0, 1, 2, 2, 4, 0, 1, 0, 1, 2, 0, 0, 0, 5, 41, 0, 0, 0, 5, 1, 4, 5, 5, 0, 4, 0, 0, 2, 2, 4, 0, 3, 0, 2, 0, 0, 0, 2, 0, 2, 1, 5, 5, 0, 4, 0, 2, 4, 4, 4, 4, 0, 0, 42, 1, 0, 0, 2, 1, 0, 4, 0, 3, 0, 44, 0, 4, 0, : 5, 41, 3, 4, 40, 1, 1, 2, 2, 4, 1, 1, 2, 5, 41, 5, 1, 4, 5, 5, 4, 2, 2, 4, 3, 2, 2, 2, 1, 5, 5, 4, 2, 4, 4, 4, 4, 42, 1, 2, 1, 4, 3, 44, 4, 
118: 5, 3, 0, 1, 43, 4, 0, 0, 5, 43, 0, 2, 0, 0, 0, 0, 0, 1, 0, 41, 0, 0, 0, 0, 0, 42, 5, 5, 0, 2, 5, 42, 0, 3, 2, 0, 4, 0, 1, 2, 3, 5, 0, 0, 0, 0, 5, 0, 0, 1, 0, 1, 0, 2, 1, 3, 1, 0, 42, 3, 0, 0, 0, 0, 0, 0, 0, 0, 3, 0, 5, 1, 0, 3, 40, 0, 0, 2, 0, 1, : 5, 3, 1, 43, 4, 5, 43, 2, 1, 41, 42, 5, 5, 2, 5, 42, 3, 2, 4, 1, 2, 3, 5, 5, 1, 1, 2, 1, 3, 1, 42, 3, 3, 5, 1, 3, 40, 2, 1, 
43: 0, 0, 0, 0, 3, 0, 0, 0, 2, 5, 41, 1, 1, 0, 4, 0, 0, 5, 1, 0, 0, 0, 0, 0, 5, 0, 2, 3, 41, 1, 5, 3, 1, 1, 0, 5, 0, 0, 0, 0, 0, 3, 0, 2, 0, 0, 0, 0, 0, 0, 0, 3, 3, 0, 0, 0, 1, 5, 2, 3, 0, 0, 3, 0, 0, 0, 41, 44, 0, 0, 43, 0, 1, 4, 0, 0, 0, 5, 0, 5, : 3, 2, 5, 41, 1, 1, 4, 5, 1, 5, 2, 3, 41, 1, 5, 3, 1, 1, 5, 3, 2, 3, 3, 1, 5, 2, 3, 3, 41, 44, 43, 1, 4, 5, 5, 
82: 2, 5, 1, 0, 0, 0, 0, 1, 4, 5, 0, 0, 1, 0, 0, 2, 2, 3, 0, 0, 3, 2, 0, 4, 0, 0, 0, 2, 0, 0, 0, 0, 0, 0, 0, 0, 3, 3, 0, 1, 5, 0, 0, 0, 4, 0, 0, 0, 0, 0, 2, 2, 0, 3, 1, 1, 42, 1, 41, 5, 0, 44, 3, 0, 5, 0, 0, 5, 0, 0, 1, 5, 1, 0, 2, 4, 0, 0, 0, 0, : 2, 5, 1, 1, 4, 5, 1, 2, 2, 3, 3, 2, 4, 2, 3, 3, 1, 5, 4, 2, 2, 3, 1, 1, 42, 1, 41, 5, 44, 3, 5, 5, 1, 5, 1, 2, 4, 


149: 43, 0, 43, 3, 3, 0, 0, 0, 4, 4, 3, 40, 0, 5, 4, 0, 0, 1, 2, 1, 0, 0, 1, 2, 4, 42, 4, 0, 0, 3, 0, 5, 1, 5, 1, 1, 5, 43, 0, 3, 0, 0, 5, 0, 2, 0, 0, 0, 0, 2, 0, 0, 5, 0, 0, 40, 4, 0, 1, 0, 4, 0, 0, 0, 0, 0, 1, 0, 4, 0, 2, 5, 2, 4, 0, 0, 4, 3, 0, 0, : 43, 43, 3, 3, 4, 4, 3, 40, 5, 4, 1, 2, 1, 1, 2, 4, 42, 4, 3, 5, 1, 5, 1, 1, 5, 43, 3, 5, 2, 2, 5, 40, 4, 1, 4, 1, 4, 2, 5, 2, 4, 4, 3, 
76: 4, 0, 2, 0, 1, 4, 1, 1, 0, 2, 4, 0, 5, 0, 5, 5, 40, 4, 0, 2, 0, 3, 0, 3, 0, 3, 0, 4, 0, 2, 5, 3, 1, 4, 4, 1, 3, 0, 0, 1, 0, 0, 0, 0, 4, 5, 5, 0, 5, 0, 0, 5, 1, 0, 0, 0, 0, 3, 1, 0, 4, 0, 0, 0, 2, 2, 0, 0, 44, 0, 0, 0, 3, 0, 0, 0, 4, 0, 0, 4, : 4, 2, 1, 4, 1, 1, 2, 4, 5, 5, 5, 40, 4, 2, 3, 3, 3, 4, 2, 5, 3, 1, 4, 4, 1, 3, 1, 4, 5, 5, 5, 5, 1, 3, 1, 4, 2, 2, 44, 3, 4, 4, 
41: 0, 3, 0, 0, 1, 2, 0, 3, 0, 3, 42, 0, 4, 4, 5, 1, 5, 0, 40, 1, 0, 2, 4, 42, 0, 0, 0, 41, 1, 0, 3, 4, 0, 5, 4, 0, 4, 5, 0, 2, 3, 4, 0, 0, 3, 0, 0, 0, 0, 0, 40, 0, 0, 0, 0, 41, 0, 2, 5, 3, 0, 3, 5, 0, 0, 5, 5, 0, 1, 0, 0, 5, 3, 3, 40, 2, 0, 0, 0, 5, : 3, 1, 2, 3, 3, 42, 4, 4, 5, 1, 5, 40, 1, 2, 4, 42, 41, 1, 3, 4, 5, 4, 4, 5, 2, 3, 4, 3, 40, 41, 2, 5, 3, 3, 5, 5, 5, 1, 5, 3, 3, 40, 2, 5, 
96: 3, 5, 3, 3, 4, 0, 3, 0, 0, 5, 0, 1, 1, 0, 2, 2, 4, 0, 0, 0, 0, 0, 2, 5, 0, 3, 0, 0, 0, 0, 1, 0, 3, 4, 0, 1, 1, 0, 0, 1, 0, 2, 0, 0, 4, 2, 0, 0, 0, 1, 44, 4, 1, 0, 1, 3, 3, 0, 0, 2, 0, 0, 3, 0, 2, 5, 3, 1, 0, 0, 4, 0, 0, 0, 0, 43, 44, 0, 0, 5, : 3, 5, 3, 3, 4, 3, 5, 1, 1, 2, 2, 4, 2, 5, 3, 1, 3, 4, 1, 1, 1, 2, 4, 2, 1, 44, 4, 1, 1, 3, 3, 2, 3, 2, 5, 3, 1, 4, 43, 44, 5, 
75: 0, 1, 4, 0, 43, 0, 41, 1, 4, 3, 0, 0, 0, 0, 2, 0, 4, 3, 5, 2, 0, 2, 0, 0, 0, 4, 0, 1, 0, 5, 0, 3, 0, 0, 2, 0, 0, 1, 3, 0, 5, 0, 0, 2, 1, 3, 0, 0, 42, 1, 0, 4, 0, 4, 1, 3, 1, 5, 4, 1, 2, 3, 0, 4, 0, 0, 0, 2, 3, 4, 3, 0, 0, 1, 2, 4, 0, 0, 0, 2, : 1, 4, 43, 41, 1, 4, 3, 2, 4, 3, 5, 2, 2, 4, 1, 5, 3, 2, 1, 3, 5, 2, 1, 3, 42, 1, 4, 4, 1, 3, 1, 5, 4, 1, 2, 3, 4, 2, 3, 4, 3, 1, 2, 4, 2, 
60: 0, 0, 3, 1, 5, 4, 0, 5, 3, 0, 1, 2, 5, 2, 5, 0, 2, 1, 0, 0, 0, 2, 0, 2, 0, 3, 4, 0, 3, 0, 3, 5, 43, 0, 1, 5, 1, 0, 0, 2, 4, 0, 2, 0, 4, 0, 0, 0, 3, 4, 5, 1, 2, 0, 42, 2, 0, 4, 2, 40, 5, 0, 0, 0, 1, 0, 2, 2, 0, 0, 5, 1, 4, 0, 4, 1, 5, 0, 2, 3, : 3, 1, 5, 4, 5, 3, 1, 2, 5, 2, 5, 2, 1, 2, 2, 3, 4, 3, 3, 5, 43, 1, 5, 1, 2, 4, 2, 4, 3, 4, 5, 1, 2, 42, 2, 4, 2, 40, 5, 1, 2, 2, 5, 1, 4, 4, 1, 5, 2, 3, 
64: 40, 0, 0, 0, 0, 2, 2, 44, 2, 1, 4, 1, 4, 0, 0, 0, 0, 4, 0, 1, 3, 0, 40, 5, 0, 0, 43, 3, 0, 0, 1, 1, 41, 3, 4, 3, 0, 1, 0, 4, 0, 5, 2, 0, 1, 2, 2, 0, 1, 1, 3, 1, 0, 5, 5, 0, 0, 0, 4, 1, 0, 2, 1, 0, 5, 44, 0, 44, 0, 41, 1, 4, 0, 0, 5, 4, 2, 0, 0, 2, : 40, 2, 2, 44, 2, 1, 4, 1, 4, 4, 1, 3, 40, 5, 43, 3, 1, 1, 41, 3, 4, 3, 1, 4, 5, 2, 1, 2, 2, 1, 1, 3, 1, 5, 5, 4, 1, 2, 1, 5, 44, 44, 41, 1, 4, 5, 4, 2, 2, 
14: 5, 42, 0, 0, 3, 4, 3, 5, 4, 2, 0, 2, 5, 0, 0, 0, 1, 1, 1, 0, 2, 4, 3, 0, 0, 44, 3, 1, 0, 1, 3, 0, 42, 1, 0, 0, 1, 1, 0, 2, 2, 2, 5, 0, 3, 2, 40, 0, 0, 1, 0, 4, 2, 0, 1, 3, 44, 0, 0, 4, 0, 0, 0, 3, 2, 0, 0, 4, 3, 0, 5, 0, 5, 3, 40, 4, 0, 0, 0, 0, : 5, 42, 3, 4, 3, 5, 4, 2, 2, 5, 1, 1, 1, 2, 4, 3, 44, 3, 1, 1, 3, 42, 1, 1, 1, 2, 2, 2, 5, 3, 2, 40, 1, 4, 2, 1, 3, 44, 4, 3, 2, 4, 3, 5, 5, 3, 40, 4, 
58: 0, 0, 1, 44, 4, 4, 1, 4, 0, 1, 5, 5, 0, 2, 5, 3, 0, 3, 0, 0, 0, 5, 43, 0, 0, 1, 2, 0, 1, 0, 4, 2, 4, 5, 0, 0, 0, 3, 0, 3, 4, 0, 0, 0, 42, 3, 0, 4, 0, 1, 0, 2, 2, 0, 5, 5, 1, 0, 0, 5, 0, 42, 0, 0, 4, 1, 0, 4, 2, 0, 3, 44, 2, 4, 3, 1, 0, 44, 0, 1, : 1, 44, 4, 4, 1, 4, 1, 5, 5, 2, 5, 3, 3, 5, 43, 1, 2, 1, 4, 2, 4, 5, 3, 3, 4, 42, 3, 4, 1, 2, 2, 5, 5, 1, 5, 42, 4, 1, 4, 2, 3, 44, 2, 4, 3, 1, 44, 1, 
146: 2, 5, 2, 4, 2, 2, 4, 0, 4, 3, 0, 5, 4, 0, 0, 4, 4, 2, 0, 0, 0, 0, 0, 2, 1, 0, 0, 3, 0, 43, 5, 0, 0, 2, 2, 4, 4, 0, 0, 1, 1, 0, 1, 4, 5, 40, 0, 0, 2, 2, 0, 4, 1, 3, 0, 0, 4, 0, 1, 3, 4, 43, 0, 5, 0, 1, 0, 4, 3, 4, 3, 0, 0, 5, 0, 3, 2, 0, 0, 3, : 2, 5, 2, 4, 2, 2, 4, 4, 3, 5, 4, 4, 4, 2, 2, 1, 3, 43, 5, 2, 2, 4, 4, 1, 1, 1, 4, 5, 40, 2, 2, 4, 1, 3, 4, 1, 3, 4, 43, 5, 1, 4, 3, 4, 3, 5, 3, 2, 3, 
158: 4, 0, 40, 2, 4, 4, 3, 0, 3, 4, 5, 4, 5, 4, 0, 44, 5, 0, 4, 1, 0, 0, 43, 0, 0, 5, 2, 1, 2, 1, 44, 0, 3, 0, 4, 0, 0, 3, 42, 2, 5, 4, 0, 0, 1, 2, 0, 0, 1, 0, 4, 0, 2, 0, 3, 0, 4, 0, 0, 1, 0, 1, 4, 5, 0, 0, 0, 2, 4, 0, 1, 0, 1, 44, 0, 2, 4, 3, 0, 3, : 4, 40, 2, 4, 4, 3, 3, 4, 5, 4, 5, 4, 44, 5, 4, 1, 43, 5, 2, 1, 2, 1, 44, 3, 4, 3, 42, 2, 5, 4, 1, 2, 1, 4, 2, 3, 4, 1, 1, 4, 5, 2, 4, 1, 1, 44, 2, 4, 3, 3, 
144: 5, 0, 0, 4, 1, 2, 0, 4, 3, 5, 5, 4, 0, 0, 5, 0, 0, 0, 1, 1, 0, 1, 42, 0, 44, 0, 0, 2, 1, 1, 0, 3, 0, 4, 0, 44, 5, 1, 0, 4, 5, 1, 44, 2, 2, 43, 0, 42, 5, 5, 0, 4, 2, 4, 3, 0, 4, 1, 2, 4, 0, 1, 5, 2, 3, 41, 0, 44, 4, 4, 0, 0, 0, 0, 0, 1, 1, 1, 0, 0, : 5, 4, 1, 2, 4, 3, 5, 5, 4, 5, 1, 1, 1, 42, 44, 2, 1, 1, 3, 4, 44, 5, 1, 4, 5, 1, 44, 2, 2, 43, 42, 5, 5, 4, 2, 4, 3, 4, 1, 2, 4, 1, 5, 2, 3, 41, 44, 4, 4, 1, 1, 1, 
6: 0, 0, 3, 0, 3, 2, 0, 0, 40, 3, 5, 0, 4, 40, 0, 0, 3, 0, 3, 1, 4, 3, 1, 2, 0, 0, 0, 0, 1, 4, 2, 4, 0, 1, 4, 4, 4, 0, 0, 0, 2, 5, 0, 1, 1, 4, 0, 2, 4, 4, 3, 1, 3, 0, 3, 2, 3, 0, 0, 4, 0, 5, 0, 0, 40, 0, 2, 5, 1, 0, 5, 0, 43, 43, 5, 0, 4, 43, 0, 2, : 3, 3, 2, 40, 3, 5, 4, 40, 3, 3, 1, 4, 3, 1, 2, 1, 4, 2, 4, 1, 4, 4, 4, 2, 5, 1, 1, 4, 2, 4, 4, 3, 1, 3, 3, 2, 3, 4, 5, 40, 2, 5, 1, 5, 43, 43, 5, 4, 43, 2, 
127: 1, 42, 1, 0, 1, 2, 4, 4, 4, 5, 5, 1, 4, 0, 0, 0, 3, 0, 1, 0, 5, 0, 1, 0, 0, 4, 40, 4, 40, 2, 0, 3, 2, 0, 2, 0, 5, 2, 0, 1, 0, 0, 0, 2, 0, 1, 5, 0, 3, 0, 1, 0, 0, 42, 3, 2, 4, 0, 3, 0, 0, 2, 4, 1, 3, 1, 0, 0, 2, 0, 5, 3, 4, 0, 4, 0, 4, 1, 2, 2, : 1, 42, 1, 1, 2, 4, 4, 4, 5, 5, 1, 4, 3, 1, 5, 1, 4, 40, 4, 40, 2, 3, 2, 2, 5, 2, 1, 2, 1, 5, 3, 1, 42, 3, 2, 4, 3, 2, 4, 1, 3, 1, 2, 5, 3, 4, 4, 4, 1, 2, 2, 
36: 0, 0, 42, 0, 2, 40, 0, 0, 0, 5, 2, 3, 0, 3, 0, 0, 0, 5, 1, 2, 40, 0, 1, 5, 0, 1, 0, 4, 1, 0, 3, 5, 0, 2, 0, 1, 4, 0, 1, 2, 3, 0, 0, 3, 1, 3, 4, 44, 0, 3, 0, 0, 2, 0, 4, 1, 2, 2, 0, 0, 0, 1, 0, 5, 0, 4, 3, 0, 0, 0, 4, 2, 42, 0, 0, 3, 2, 0, 0, 2, : 42, 2, 40, 5, 2, 3, 3, 5, 1, 2, 40, 1, 5, 1, 4, 1, 3, 5, 2, 1, 4, 1, 2, 3, 3, 1, 3, 4, 44, 3, 2, 4, 1, 2, 2, 1, 5, 4, 3, 4, 2, 42, 3, 2, 2, 
37: 0, 0, 0, 0, 0, 0, 0, 2, 5, 5, 1, 1, 5, 1, 5, 0, 40, 3, 0, 4, 0, 1, 0, 1, 0, 4, 3, 0, 2, 0, 42, 0, 4, 0, 0, 0, 5, 0, 2, 4, 5, 4, 0, 41, 0, 3, 0, 4, 2, 0, 0, 0, 2, 0, 1, 0, 0, 0, 5, 0, 2, 0, 0, 0, 2, 2, 0, 0, 5, 40, 5, 0, 3, 4, 1, 1, 2, 0, 1, 4, : 2, 5, 5, 1, 1, 5, 1, 5, 40, 3, 4, 1, 1, 4, 3, 2, 42, 4, 5, 2, 4, 5, 4, 41, 3, 4, 2, 2, 1, 5, 2, 2, 2, 5, 40, 5, 3, 4, 1, 1, 2, 1, 4, 
87: 0, 1, 0, 0, 0, 1, 0, 44, 0, 0, 0, 1, 4, 5, 0, 2, 3, 2, 0, 0, 5, 0, 0, 0, 0, 1, 4, 0, 4, 0, 0, 3, 0, 0, 3, 0, 3, 5, 1, 2, 0, 2, 0, 0, 3, 5, 0, 0, 5, 5, 1, 2, 2, 0, 0, 1, 0, 43, 2, 0, 0, 0, 0, 0, 1, 0, 0, 1, 0, 2, 1, 0, 0, 3, 0, 5, 0, 0, 1, 0, : 1, 1, 44, 1, 4, 5, 2, 3, 2, 5, 1, 4, 4, 3, 3, 3, 5, 1, 2, 2, 3, 5, 5, 5, 1, 2, 2, 1, 43, 2, 1, 1, 2, 1, 3, 5, 1, 
51: 0, 0, 3, 2, 0, 1, 0, 1, 0, 5, 0, 1, 0, 0, 0, 0, 1, 0, 0, 1, 0, 40, 4, 0, 0, 40, 0, 1, 0, 0, 0, 0, 0, 0, 4, 3, 42, 0, 1, 4, 3, 1, 2, 0, 0, 40, 0, 0, 0, 0, 0, 3, 0, 0, 0, 3, 0, 0, 0, 0, 0, 0, 5, 0, 0, 5, 0, 0, 5, 4, 3, 0, 0, 0, 1, 0, 2, 5, 4, 3, : 3, 2, 1, 1, 5, 1, 1, 1, 40, 4, 40, 1, 4, 3, 42, 1, 4, 3, 1, 2, 40, 3, 3, 5, 5, 5, 4, 3, 1, 2, 5, 4, 3, 
44: 3, 3, 4, 0, 1, 0, 3, 1, 0, 4, 0, 42, 0, 1, 0, 2, 0, 3, 5, 5, 3, 4, 1, 5, 5, 0, 0, 5, 3, 1, 44, 0, 0, 2, 0, 5, 0, 5, 0, 4, 0, 3, 0, 0, 0, 1, 0, 0, 43, 0, 0, 3, 3, 43, 2, 3, 0, 41, 5, 0, 5, 3, 0, 0, 0, 0, 4, 0, 4, 1, 3, 40, 0, 43, 0, 5, 1, 0, 5, 0, : 3, 3, 4, 1, 3, 1, 4, 42, 1, 2, 3, 5, 5, 3, 4, 1, 5, 5, 5, 3, 1, 44, 2, 5, 5, 4, 3, 1, 43, 3, 3, 43, 2, 3, 41, 5, 5, 3, 4, 4, 1, 3, 40, 43, 5, 1, 5, 
13: 0, 0, 5, 0, 2, 0, 0, 2, 3, 2, 5, 1, 3, 4, 42, 2, 3, 0, 5, 0, 0, 0, 2, 1, 0, 42, 0, 0, 3, 3, 0, 5, 0, 1, 0, 5, 0, 1, 0, 4, 5, 1, 0, 3, 4, 1, 0, 0, 4, 43, 1, 40, 5, 0, 0, 4, 0, 5, 3, 5, 5, 0, 0, 42, 2, 3, 0, 0, 0, 0, 2, 0, 0, 0, 41, 2, 2, 0, 3, 0, : 5, 2, 2, 3, 2, 5, 1, 3, 4, 42, 2, 3, 5, 2, 1, 42, 3, 3, 5, 1, 5, 1, 4, 5, 1, 3, 4, 1, 4, 43, 1, 40, 5, 4, 5, 3, 5, 5, 42, 2, 3, 2, 41, 2, 2, 3, 
22: 0, 0, 0, 0, 3, 5, 3, 0, 2, 2, 4, 5, 3, 2, 0, 0, 5, 5, 1, 0, 0, 0, 0, 2, 0, 3, 3, 0, 0, 2, 1, 0, 4, 3, 3, 0, 4, 0, 1, 2, 1, 0, 5, 4, 0, 5, 0, 3, 0, 0, 0, 0, 0, 1, 0, 0, 0, 0, 40, 0, 0, 0, 40, 5, 43, 1, 0, 2, 0, 3, 41, 42, 2, 5, 0, 0, 0, 0, 0, 2, : 3, 5, 3, 2, 2, 4, 5, 3, 2, 5, 5, 1, 2, 3, 3, 2, 1, 4, 3, 3, 4, 1, 2, 1, 5, 4, 5, 3, 1, 40, 40, 5, 43, 1, 2, 3, 41, 42, 2, 5, 2, 
47: 0, 1, 4, 3, 2, 3, 3, 1, 0, 5, 0, 1, 5, 1, 0, 0, 0, 0, 0, 4, 0, 4, 0, 0, 4, 0, 0, 5, 41, 1, 3, 0, 0, 4, 1, 2, 0, 0, 3, 0, 0, 4, 1, 4, 0, 5, 0, 0, 0, 5, 0, 1, 3, 0, 3, 2, 44, 0, 0, 0, 2, 0, 3, 0, 5, 1, 0, 3, 43, 2, 0, 0, 0, 0, 5, 5, 0, 0, 4, 1, : 1, 4, 3, 2, 3, 3, 1, 5, 1, 5, 1, 4, 4, 4, 5, 41, 1, 3, 4, 1, 2, 3, 4, 1, 4, 5, 5, 1, 3, 3, 2, 44, 2, 3, 5, 1, 3, 43, 2, 5, 5, 4, 1, 
151: 0, 0, 3, 0, 4, 2, 40, 1, 0, 0, 5, 0, 0, 5, 3, 43, 3, 1, 1, 2, 1, 0, 0, 0, 2, 0, 4, 1, 0, 0, 2, 0, 0, 1, 2, 40, 0, 0, 0, 1, 0, 4, 2, 3, 0, 0, 0, 44, 3, 0, 0, 0, 2, 1, 4, 3, 1, 0, 1, 0, 3, 0, 41, 0, 0, 4, 0, 0, 5, 0, 1, 4, 0, 1, 0, 4, 1, 0, 0, 4, : 3, 4, 2, 40, 1, 5, 5, 3, 43, 3, 1, 1, 2, 1, 2, 4, 1, 2, 1, 2, 40, 1, 4, 2, 3, 44, 3, 2, 1, 4, 3, 1, 1, 3, 41, 4, 5, 1, 4, 1, 4, 1, 4, 
157: 3, 0, 4, 0, 0, 1, 0, 3, 5, 0, 5, 4, 0, 5, 3, 5, 3, 0, 1, 5, 5, 1, 3, 4, 0, 0, 0, 0, 0, 0, 4, 2, 2, 0, 0, 3, 3, 0, 0, 4, 2, 3, 0, 0, 0, 0, 0, 0, 0, 1, 0, 4, 2, 0, 0, 44, 5, 0, 2, 0, 5, 5, 2, 0, 5, 0, 0, 0, 2, 2, 2, 1, 3, 1, 0, 2, 0, 0, 1, 3, : 3, 4, 1, 3, 5, 5, 4, 5, 3, 5, 3, 1, 5, 5, 1, 3, 4, 4, 2, 2, 3, 3, 4, 2, 3, 1, 4, 2, 44, 5, 2, 5, 5, 2, 5, 2, 2, 2, 1, 3, 1, 2, 1, 3, 
25: 3, 2, 4, 0, 2, 2, 2, 4, 2, 2, 0, 2, 0, 1, 3, 2, 0, 0, 1, 0, 0, 5, 0, 1, 0, 0, 0, 0, 0, 43, 5, 0, 0, 0, 2, 0, 0, 5, 1, 4, 1, 42, 2, 0, 0, 2, 0, 0, 3, 0, 0, 1, 5, 0, 0, 1, 0, 4, 0, 0, 2, 0, 0, 2, 1, 4, 0, 0, 1, 3, 2, 5, 1, 3, 0, 1, 5, 0, 0, 3, : 3, 2, 4, 2, 2, 2, 4, 2, 2, 2, 1, 3, 2, 1, 5, 1, 43, 5, 2, 5, 1, 4, 1, 42, 2, 2, 3, 1, 5, 1, 4, 2, 2, 1, 4, 1, 3, 2, 5, 1, 3, 1, 5, 3, 
122: 3, 0, 0, 2, 0, 0, 0, 5, 5, 43, 0, 0, 0, 0, 3, 0, 5, 5, 0, 40, 5, 2, 1, 2, 0, 0, 3, 0, 2, 4, 0, 2, 0, 5, 3, 2, 4, 0, 4, 3, 0, 0, 2, 1, 0, 5, 5, 0, 5, 0, 0, 1, 3, 0, 1, 0, 3, 4, 0, 3, 0, 0, 0, 0, 3, 5, 0, 0, 0, 5, 4, 0, 3, 0, 0, 0, 3, 0, 1, 3, : 3, 2, 5, 5, 43, 3, 5, 5, 40, 5, 2, 1, 2, 3, 2, 4, 2, 5, 3, 2, 4, 4, 3, 2, 1, 5, 5, 5, 1, 3, 1, 3, 4, 3, 3, 5, 5, 4, 3, 3, 1, 3, 
155: 5, 0, 4, 4, 1, 0, 0, 3, 40, 2, 4, 4, 5, 5, 0, 4, 2, 0, 2, 0, 5, 0, 3, 0, 0, 0, 41, 2, 0, 4, 0, 1, 3, 3, 0, 2, 42, 0, 0, 41, 2, 2, 4, 2, 3, 3, 5, 5, 2, 0, 0, 0, 3, 3, 2, 0, 0, 40, 4, 0, 0, 1, 4, 0, 0, 3, 0, 5, 4, 0, 3, 5, 4, 0, 0, 1, 0, 0, 0, 2, : 5, 4, 4, 1, 3, 40, 2, 4, 4, 5, 5, 4, 2, 2, 5, 3, 41, 2, 4, 1, 3, 3, 2, 42, 41, 2, 2, 4, 2, 3, 3, 5, 5, 2, 3, 3, 2, 40, 4, 1, 4, 3, 5, 4, 3, 5, 4, 1, 2, 
79: 1, 1, 0, 0, 0, 5, 4, 0, 4, 0, 0, 5, 0, 2, 2, 0, 0, 0, 5, 0, 3, 0, 0, 2, 0, 0, 0, 0, 0, 1, 4, 0, 1, 0, 4, 0, 0, 40, 0, 3, 0, 5, 3, 0, 0, 0, 0, 40, 4, 0, 0, 1, 1, 0, 40, 3, 0, 0, 4, 2, 3, 0, 5, 3, 1, 43, 0, 41, 0, 2, 0, 0, 0, 5, 4, 1, 2, 0, 0, 2, : 1, 1, 5, 4, 4, 5, 2, 2, 5, 3, 2, 1, 4, 1, 4, 40, 3, 5, 3, 40, 4, 1, 1, 40, 3, 4, 2, 3, 5, 3, 1, 43, 41, 2, 5, 4, 1, 2, 2, 
131: 3, 5, 2, 5, 5, 2, 1, 0, 0, 2, 0, 0, 5, 2, 0, 0, 40, 3, 0, 2, 40, 0, 0, 0, 0, 0, 0, 0, 0, 0, 0, 0, 4, 0, 5, 3, 2, 0, 0, 3, 2, 1, 0, 3, 0, 1, 43, 0, 0, 0, 4, 5, 2, 4, 0, 3, 2, 0, 2, 41, 5, 1, 0, 0, 0, 0, 0, 0, 0, 0, 4, 2, 4, 0, 3, 2, 0, 0, 0, 2, : 3, 5, 2, 5, 5, 2, 1, 2, 5, 2, 40, 3, 2, 40, 4, 5, 3, 2, 3, 2, 1, 3, 1, 43, 4, 5, 2, 4, 3, 2, 2, 41, 5, 1, 4, 2, 4, 3, 2, 2, 
111: 2, 0, 0, 0, 0, 44, 0, 44, 5, 0, 41, 4, 4, 0, 0, 0, 4, 4, 5, 2, 5, 3, 0, 1, 1, 0, 0, 0, 4, 1, 0, 2, 1, 2, 0, 0, 3, 4, 0, 0, 4, 0, 4, 3, 0, 1, 41, 5, 0, 0, 0, 0, 1, 2, 4, 2, 0, 0, 5, 1, 3, 4, 0, 0, 0, 0, 5, 1, 5, 2, 0, 44, 0, 0, 0, 1, 1, 0, 5, 2, : 2, 44, 44, 5, 41, 4, 4, 4, 4, 5, 2, 5, 3, 1, 1, 4, 1, 2, 1, 2, 3, 4, 4, 4, 3, 1, 41, 5, 1, 2, 4, 2, 5, 1, 3, 4, 5, 1, 5, 2, 44, 1, 1, 5, 2, 
55: 0, 3, 0, 0, 1, 5, 3, 3, 0, 4, 0, 5, 40, 44, 2, 0, 0, 4, 3, 4, 0, 0, 0, 3, 2, 41, 0, 4, 1, 0, 1, 0, 0, 0, 0, 2, 2, 5, 0, 2, 5, 0, 0, 3, 2, 2, 0, 0, 0, 40, 1, 0, 40, 1, 5, 4, 3, 43, 2, 1, 4, 0, 0, 5, 0, 5, 41, 5, 2, 4, 4, 3, 3, 0, 0, 0, 0, 0, 0, 3, : 3, 1, 5, 3, 3, 4, 5, 40, 44, 2, 4, 3, 4, 3, 2, 41, 4, 1, 1, 2, 2, 5, 2, 5, 3, 2, 2, 40, 1, 40, 1, 5, 4, 3, 43, 2, 1, 4, 5, 5, 41, 5, 2, 4, 4, 3, 3, 3, 
95: 0, 0, 3, 1, 2, 2, 5, 0, 4, 3, 0, 5, 0, 0, 0, 43, 1, 5, 0, 42, 0, 3, 0, 4, 0, 1, 4, 1, 0, 4, 5, 0, 3, 0, 40, 0, 0, 4, 4, 0, 3, 2, 3, 5, 2, 0, 4, 0, 3, 0, 0, 0, 4, 5, 0, 0, 0, 4, 0, 0, 44, 0, 1, 40, 0, 0, 2, 0, 4, 4, 0, 3, 0, 4, 2, 0, 4, 0, 0, 2, : 3, 1, 2, 2, 5, 4, 3, 5, 43, 1, 5, 42, 3, 4, 1, 4, 1, 4, 5, 3, 40, 4, 4, 3, 2, 3, 5, 2, 4, 3, 4, 5, 4, 44, 1, 40, 2, 4, 4, 3, 4, 2, 4, 2, 
5: 2, 1, 0, 0, 5, 3, 5, 2, 0, 2, 0, 0, 0, 4, 5, 0, 2, 0, 0, 4, 0, 3, 0, 0, 0, 4, 0, 1, 1, 4, 5, 2, 0, 5, 0, 5, 0, 0, 0, 0, 4, 0, 3, 3, 2, 0, 5, 0, 3, 3, 40, 1, 3, 0, 4, 2, 5, 0, 0, 4, 1, 0, 0, 5, 4, 5, 0, 3, 5, 0, 0, 0, 0, 0, 0, 0, 0, 0, 0, 5, : 2, 1, 5, 3, 5, 2, 2, 4, 5, 2, 4, 3, 4, 1, 1, 4, 5, 2, 5, 5, 4, 3, 3, 2, 5, 3, 3, 40, 1, 3, 4, 2, 5, 4, 1, 5, 4, 5, 3, 5, 5, 
133: 43, 0, 2, 2, 0, 0, 1, 0, 0, 5, 0, 1, 3, 5, 3, 3, 0, 0, 2, 0, 1, 2, 0, 2, 0, 1, 1, 0, 0, 0, 0, 0, 0, 0, 0, 5, 5, 0, 5, 0, 1, 0, 4, 0, 4, 1, 5, 0, 0, 2, 0, 4, 3, 44, 43, 5, 5, 3, 0, 3, 2, 4, 2, 0, 2, 0, 0, 0, 4, 0, 3, 0, 0, 0, 4, 0, 0, 0, 3, 1, : 43, 2, 2, 1, 5, 1, 3, 5, 3, 3, 2, 1, 2, 2, 1, 1, 5, 5, 5, 1, 4, 4, 1, 5, 2, 4, 3, 44, 43, 5, 5, 3, 3, 2, 4, 2, 2, 4, 3, 4, 3, 1, 
98: 1, 0, 4, 0, 4, 2, 0, 0, 1, 0, 2, 4, 5, 1, 3, 4, 0, 4, 4, 5, 0, 3, 1, 0, 5, 0, 3, 4, 4, 43, 0, 0, 0, 5, 3, 0, 5, 0, 0, 1, 5, 1, 0, 0, 3, 40, 5, 0, 0, 43, 0, 2, 4, 5, 3, 4, 3, 0, 4, 0, 3, 1, 0, 0, 0, 0, 0, 1, 4, 0, 0, 0, 0, 0, 0, 0, 2, 1, 5, 2, : 1, 4, 4, 2, 1, 2, 4, 5, 1, 3, 4, 4, 4, 5, 3, 1, 5, 3, 4, 4, 43, 5, 3, 5, 1, 5, 1, 3, 40, 5, 43, 2, 4, 5, 3, 4, 3, 4, 3, 1, 1, 4, 2, 1, 5, 2, 
108: 5, 2, 3, 0, 5, 3, 0, 1, 4, 5, 0, 5, 2, 3, 0, 2, 0, 1, 1, 0, 0, 3, 0, 4, 43, 0, 0, 4, 5, 0, 3, 4, 0, 5, 43, 5, 5, 0, 0, 4, 2, 3, 0, 42, 5, 0, 0, 0, 2, 0, 0, 4, 5, 5, 0, 3, 0, 0, 2, 3, 4, 0, 0, 4, 0, 0, 2, 3, 0, 0, 4, 0, 0, 0, 0, 1, 0, 0, 5, 1, : 5, 2, 3, 5, 3, 1, 4, 5, 5, 2, 3, 2, 1, 1, 3, 4, 43, 4, 5, 3, 4, 5, 43, 5, 5, 4, 2, 3, 42, 5, 2, 4, 5, 5, 3, 2, 3, 4, 4, 2, 3, 4, 1, 5, 1, 
129: 3, 0, 0, 0, 5, 2, 0, 0, 3, 2, 5, 5, 1, 0, 5, 0, 4, 5, 4, 0, 41, 0, 4, 41, 0, 1, 0, 0, 0, 5, 0, 2, 3, 4, 0, 0, 3, 0, 4, 1, 2, 0, 5, 0, 0, 0, 0, 0, 0, 4, 0, 5, 1, 3, 1, 0, 1, 0, 5, 0, 2, 1, 1, 0, 0, 0, 0, 0, 0, 2, 1, 0, 0, 1, 0, 4, 2, 0, 0, 4, : 3, 5, 2, 3, 2, 5, 5, 1, 5, 4, 5, 4, 41, 4, 41, 1, 5, 2, 3, 4, 3, 4, 1, 2, 5, 4, 5, 1, 3, 1, 1, 5, 2, 1, 1, 2, 1, 1, 4, 2, 4, 
12: 2, 5, 2, 2, 0, 0, 1, 0, 1, 3, 5, 2, 0, 0, 1, 0, 0, 2, 3, 4, 0, 0, 3, 3, 1, 0, 0, 1, 4, 0, 2, 0, 0, 3, 1, 3, 0, 1, 0, 3, 4, 2, 41, 0, 5, 3, 1, 0, 0, 0, 0, 5, 5, 0, 1, 0, 1, 3, 5, 0, 0, 0, 0, 2, 1, 2, 0, 0, 1, 4, 3, 4, 0, 3, 0, 0, 0, 4, 1, 3, : 2, 5, 2, 2, 1, 1, 3, 5, 2, 1, 2, 3, 4, 3, 3, 1, 1, 4, 2, 3, 1, 3, 1, 3, 4, 2, 41, 5, 3, 1, 5, 5, 1, 1, 3, 5, 2, 1, 2, 1, 4, 3, 4, 3, 4, 1, 3, 
97: 2, 41, 0, 2, 0, 3, 0, 3, 2, 0, 0, 0, 0, 0, 3, 0, 4, 0, 0, 1, 0, 3, 4, 0, 1, 0, 42, 0, 0, 3, 5, 2, 2, 0, 2, 5, 1, 0, 0, 3, 3, 4, 0, 4, 5, 3, 3, 0, 2, 3, 1, 0, 4, 1, 4, 1, 2, 0, 0, 4, 0, 0, 3, 0, 0, 0, 0, 0, 0, 43, 2, 0, 5, 44, 0, 1, 0, 0, 0, 1, : 2, 41, 2, 3, 3, 2, 3, 4, 1, 3, 4, 1, 42, 3, 5, 2, 2, 2, 5, 1, 3, 3, 4, 4, 5, 3, 3, 2, 3, 1, 4, 1, 4, 1, 2, 4, 3, 43, 2, 5, 44, 1, 1, 
89: 0, 5, 0, 2, 1, 5, 40, 5, 5, 5, 3, 2, 0, 3, 43, 0, 4, 1, 3, 0, 5, 3, 0, 1, 0, 4, 1, 5, 0, 0, 0, 0, 4, 40, 0, 0, 0, 2, 40, 5, 5, 0, 5, 1, 0, 3, 2, 0, 4, 0, 0, 5, 1, 0, 0, 0, 0, 0, 42, 2, 0, 0, 2, 44, 3, 5, 0, 5, 1, 4, 1, 0, 0, 0, 0, 0, 5, 0, 0, 2, : 5, 2, 1, 5, 40, 5, 5, 5, 3, 2, 3, 43, 4, 1, 3, 5, 3, 1, 4, 1, 5, 4, 40, 2, 40, 5, 5, 5, 1, 3, 2, 4, 5, 1, 42, 2, 2, 44, 3, 5, 5, 1, 4, 1, 5, 2, 
21: 0, 2, 0, 0, 0, 3, 0, 0, 2, 3, 5, 2, 1, 0, 0, 0, 1, 40, 0, 0, 0, 5, 0, 3, 42, 0, 2, 0, 1, 0, 0, 0, 0, 0, 4, 1, 0, 5, 0, 41, 0, 0, 2, 5, 42, 0, 2, 4, 3, 3, 0, 0, 0, 40, 1, 0, 5, 0, 0, 4, 0, 0, 42, 5, 0, 4, 0, 0, 5, 3, 0, 0, 1, 0, 4, 41, 0, 0, 0, 1, : 2, 3, 2, 3, 5, 2, 1, 1, 40, 5, 3, 42, 2, 1, 4, 1, 5, 41, 2, 5, 42, 2, 4, 3, 3, 40, 1, 5, 4, 42, 5, 4, 5, 3, 1, 4, 41, 1, 
54: 0, 0, 0, 5, 42, 0, 1, 2, 0, 0, 0, 1, 1, 44, 0, 4, 0, 4, 0, 0, 1, 3, 1, 0, 1, 0, 0, 0, 0, 0, 4, 0, 1, 5, 3, 5, 2, 0, 0, 3, 44, 0, 3, 2, 0, 2, 1, 0, 1, 0, 0, 41, 0, 0, 0, 5, 0, 4, 0, 0, 1, 5, 5, 0, 1, 0, 42, 2, 1, 0, 1, 0, 0, 4, 3, 0, 44, 0, 44, 44, : 5, 42, 1, 2, 1, 1, 44, 4, 4, 1, 3, 1, 1, 4, 1, 5, 3, 5, 2, 3, 44, 3, 2, 2, 1, 1, 41, 5, 4, 1, 5, 5, 1, 42, 2, 1, 1, 4, 3, 44, 44, 44, 
20: 1, 0, 1, 3, 0, 5, 1, 0, 0, 4, 1, 5, 42, 5, 0, 0, 3, 3, 4, 0, 0, 0, 0, 0, 0, 0, 5, 41, 42, 42, 1, 3, 3, 0, 4, 1, 5, 3, 4, 1, 3, 5, 0, 5, 0, 3, 2, 4, 0, 0, 5, 3, 2, 5, 0, 44, 5, 0, 5, 1, 0, 0, 43, 0, 0, 2, 4, 4, 0, 5, 2, 0, 0, 1, 0, 0, 0, 0, 0, 1, : 1, 1, 3, 5, 1, 4, 1, 5, 42, 5, 3, 3, 4, 5, 41, 42, 42, 1, 3, 3, 4, 1, 5, 3, 4, 1, 3, 5, 5, 3, 2, 4, 5, 3, 2, 5, 44, 5, 5, 1, 43, 2, 4, 4, 5, 2, 1, 1, 
46: 0, 0, 0, 0, 0, 0, 5, 3, 3, 0, 0, 0, 0, 0, 0, 3, 1, 1, 0, 2, 0, 2, 0, 0, 0, 0, 0, 3, 2, 0, 5, 1, 0, 0, 1, 0, 1, 0, 2, 43, 4, 1, 3, 5, 4, 3, 0, 0, 0, 1, 0, 2, 0, 43, 1, 3, 0, 43, 4, 0, 4, 2, 5, 3, 1, 4, 0, 0, 0, 0, 2, 0, 0, 0, 0, 3, 3, 0, 0, 5, : 5, 3, 3, 3, 1, 1, 2, 2, 3, 2, 5, 1, 1, 1, 2, 43, 4, 1, 3, 5, 4, 3, 1, 2, 43, 1, 3, 43, 4, 4, 2, 5, 3, 1, 4, 2, 3, 3, 5, 
138: 0, 5, 3, 0, 0, 5, 0, 1, 4, 44, 2, 5, 0, 0, 0, 0, 1, 1, 3, 0, 0, 3, 2, 4, 0, 0, 2, 0, 5, 5, 0, 2, 0, 4, 0, 3, 0, 0, 3, 3, 0, 0, 0, 3, 0, 0, 0, 4, 0, 0, 0, 0, 5, 0, 0, 0, 5, 4, 0, 0, 0, 3, 1, 0, 5, 40, 40, 0, 4, 2, 5, 0, 0, 0, 1, 0, 0, 4, 0, 40, : 5, 3, 5, 1, 4, 44, 2, 5, 1, 1, 3, 3, 2, 4, 2, 5, 5, 2, 4, 3, 3, 3, 3, 4, 5, 5, 4, 3, 1, 5, 40, 40, 4, 2, 5, 1, 4, 40, 
135: 43, 0, 1, 41, 0, 5, 3, 5, 5, 2, 0, 2, 5, 2, 0, 41, 4, 0, 0, 0, 4, 4, 0, 4, 1, 0, 0, 0, 3, 0, 1, 4, 2, 1, 5, 3, 0, 0, 0, 1, 2, 2, 0, 0, 5, 3, 0, 4, 0, 0, 0, 3, 0, 0, 1, 0, 0, 5, 0, 0, 5, 0, 1, 0, 1, 0, 0, 2, 0, 2, 2, 1, 1, 0, 5, 0, 0, 0, 5, 4, : 43, 1, 41, 5, 3, 5, 5, 2, 2, 5, 2, 41, 4, 4, 4, 4, 1, 3, 1, 4, 2, 1, 5, 3, 1, 2, 2, 5, 3, 4, 3, 1, 5, 5, 1, 1, 2, 2, 2, 1, 1, 5, 5, 4, 
59: 0, 0, 5, 2, 3, 2, 1, 1, 4, 0, 2, 3, 0, 0, 5, 2, 3, 2, 0, 0, 1, 2, 0, 2, 0, 0, 0, 0, 3, 0, 0, 1, 0, 0, 0, 5, 2, 1, 0, 4, 3, 4, 4, 0, 1, 1, 0, 3, 1, 2, 0, 5, 0, 0, 3, 0, 0, 3, 0, 0, 0, 0, 5, 0, 0, 0, 0, 3, 0, 2, 3, 1, 4, 5, 2, 0, 3, 0, 0, 0, : 5, 2, 3, 2, 1, 1, 4, 2, 3, 5, 2, 3, 2, 1, 2, 2, 3, 1, 5, 2, 1, 4, 3, 4, 4, 1, 1, 3, 1, 2, 5, 3, 3, 5, 3, 2, 3, 1, 4, 5, 2, 3, 
121: 0, 0, 2, 4, 2, 3, 0, 0, 1, 0, 0, 1, 42, 0, 0, 0, 0, 0, 0, 1, 0, 0, 5, 0, 3, 0, 3, 41, 1, 4, 0, 4, 0, 0, 44, 0, 2, 0, 0, 0, 1, 0, 3, 0, 4, 1, 0, 0, 2, 0, 3, 0, 2, 0, 4, 3, 3, 0, 1, 0, 2, 0, 0, 0, 5, 1, 0, 5, 2, 0, 0, 0, 0, 0, 0, 0, 3, 0, 5, 3, : 2, 4, 2, 3, 1, 1, 42, 1, 5, 3, 3, 41, 1, 4, 4, 44, 2, 1, 3, 4, 1, 2, 3, 2, 4, 3, 3, 1, 2, 5, 1, 5, 2, 3, 5, 3, 
1: 0, 2, 5, 0, 0, 3, 1, 0, 0, 43, 41, 3, 3, 1, 0, 5, 0, 0, 4, 1, 5, 4, 3, 4, 0, 0, 0, 3, 5, 1, 0, 0, 5, 0, 0, 4, 3, 3, 0, 4, 4, 0, 0, 5, 3, 1, 0, 0, 0, 2, 0, 0, 3, 3, 3, 0, 1, 5, 4, 0, 0, 0, 0, 1, 3, 0, 0, 2, 4, 2, 4, 0, 3, 2, 4, 0, 5, 0, 2, 3, : 2, 5, 3, 1, 43, 41, 3, 3, 1, 5, 4, 1, 5, 4, 3, 4, 3, 5, 1, 5, 4, 3, 3, 4, 4, 5, 3, 1, 2, 3, 3, 3, 1, 5, 4, 1, 3, 2, 4, 2, 4, 3, 2, 4, 5, 2, 3, 
113: 0, 0, 0, 0, 0, 2, 40, 2, 3, 5, 0, 4, 0, 0, 4, 0, 1, 3, 2, 0, 5, 5, 3, 3, 1, 0, 0, 3, 0, 0, 0, 0, 0, 1, 1, 0, 3, 1, 5, 4, 0, 5, 0, 4, 44, 0, 4, 0, 0, 1, 5, 5, 3, 1, 4, 3, 0, 0, 1, 0, 0, 0, 0, 0, 4, 3, 0, 5, 0, 0, 3, 0, 0, 0, 0, 0, 2, 0, 0, 3, : 2, 40, 2, 3, 5, 4, 4, 1, 3, 2, 5, 5, 3, 3, 1, 3, 1, 1, 3, 1, 5, 4, 5, 4, 44, 4, 1, 5, 5, 3, 1, 4, 3, 1, 4, 3, 5, 3, 2, 3, 
103: 4, 3, 3, 0, 3, 0, 0, 0, 0, 1, 41, 2, 0, 0, 0, 5, 5, 1, 0, 1, 0, 3, 0, 0, 0, 0, 0, 1, 0, 0, 1, 4, 4, 0, 0, 2, 44, 0, 2, 3, 5, 5, 3, 0, 1, 2, 2, 41, 5, 1, 42, 2, 0, 0, 0, 0, 0, 0, 0, 5, 3, 5, 1, 0, 1, 0, 42, 3, 2, 1, 4, 0, 0, 0, 0, 44, 1, 0, 5, 3, : 4, 3, 3, 3, 1, 41, 2, 5, 5, 1, 1, 3, 1, 1, 4, 4, 2, 44, 2, 3, 5, 5, 3, 1, 2, 2, 41, 5, 1, 42, 2, 5, 3, 5, 1, 1, 42, 3, 2, 1, 4, 44, 1, 5, 3, 
67: 4, 0, 0, 41, 1, 1, 0, 0, 44, 0, 0, 2, 4, 2, 0, 0, 2, 5, 0, 2, 0, 1, 1, 0, 40, 1, 5, 0, 0, 1, 3, 4, 0, 0, 5, 41, 0, 0, 1, 1, 0, 2, 1, 0, 0, 1, 2, 5, 0, 0, 0, 0, 0, 5, 5, 0, 4, 0, 0, 0, 0, 3, 3, 0, 0, 5, 0, 0, 2, 2, 0, 0, 0, 0, 1, 0, 1, 0, 3, 2, : 4, 41, 1, 1, 44, 2, 4, 2, 2, 5, 2, 1, 1, 40, 1, 5, 1, 3, 4, 5, 41, 1, 1, 2, 1, 1, 2, 5, 5, 5, 4, 3, 3, 5, 2, 2, 1, 1, 3, 2, 
50: 0, 4, 5, 4, 1, 43, 2, 0, 2, 1, 1, 0, 0, 0, 0, 4, 0, 2, 0, 0, 0, 2, 0, 1, 0, 0, 0, 3, 0, 5, 1, 0, 5, 5, 5, 0, 3, 0, 0, 2, 1, 1, 2, 0, 1, 3, 0, 0, 2, 1, 3, 5, 5, 0, 2, 0, 4, 2, 5, 43, 5, 5, 3, 2, 0, 0, 0, 1, 1, 2, 41, 5, 0, 1, 0, 0, 44, 41, 0, 0, : 4, 5, 4, 1, 43, 2, 2, 1, 1, 4, 2, 2, 1, 3, 5, 1, 5, 5, 5, 3, 2, 1, 1, 2, 1, 3, 2, 1, 3, 5, 5, 2, 4, 2, 5, 43, 5, 5, 3, 2, 1, 1, 2, 41, 5, 1, 44, 41, 
27: 1, 3, 3, 0, 1, 3, 2, 1, 4, 3, 0, 0, 0, 0, 0, 0, 3, 0, 3, 0, 0, 1, 0, 5, 0, 2, 1, 4, 4, 0, 5, 42, 5, 0, 4, 0, 5, 1, 0, 1, 5, 3, 0, 3, 4, 1, 42, 0, 0, 44, 0, 1, 5, 5, 5, 1, 0, 4, 0, 0, 0, 0, 4, 0, 0, 0, 0, 3, 2, 2, 0, 0, 4, 0, 1, 0, 4, 0, 0, 5, : 1, 3, 3, 1, 3, 2, 1, 4, 3, 3, 3, 1, 5, 2, 1, 4, 4, 5, 42, 5, 4, 5, 1, 1, 5, 3, 3, 4, 1, 42, 44, 1, 5, 5, 5, 1, 4, 4, 3, 2, 2, 4, 1, 4, 5, 
110: 2, 0, 0, 0, 0, 0, 0, 3, 0, 0, 2, 0, 4, 1, 4, 0, 1, 0, 43, 0, 0, 3, 0, 0, 0, 4, 0, 2, 0, 2, 1, 0, 3, 4, 5, 0, 0, 5, 0, 3, 0, 0, 5, 4, 0, 3, 0, 0, 0, 0, 0, 40, 0, 0, 1, 0, 1, 0, 0, 1, 42, 0, 0, 43, 0, 0, 0, 0, 2, 1, 4, 44, 42, 0, 0, 0, 2, 5, 42, 5, : 2, 3, 2, 4, 1, 4, 1, 43, 3, 4, 2, 2, 1, 3, 4, 5, 5, 3, 5, 4, 3, 40, 1, 1, 1, 42, 43, 2, 1, 4, 44, 42, 2, 5, 42, 5, 
150: 0, 2, 0, 0, 41, 0, 0, 0, 5, 5, 4, 0, 0, 5, 3, 0, 4, 0, 1, 44, 0, 5, 40, 1, 0, 0, 4, 5, 0, 0, 2, 4, 0, 0, 0, 5, 5, 0, 1, 2, 2, 0, 0, 2, 5, 0, 0, 5, 4, 3, 0, 0, 42, 2, 0, 5, 2, 0, 0, 2, 5, 3, 3, 1, 4, 0, 3, 0, 0, 2, 3, 0, 2, 0, 0, 0, 4, 0, 0, 1, : 2, 41, 5, 5, 4, 5, 3, 4, 1, 44, 5, 40, 1, 4, 5, 2, 4, 5, 5, 1, 2, 2, 2, 5, 5, 4, 3, 42, 2, 5, 2, 2, 5, 3, 3, 1, 4, 3, 2, 3, 2, 4, 1, 
2: 0, 0, 0, 0, 5, 4, 0, 0, 0, 4, 0, 2, 3, 4, 5, 0, 0, 0, 5, 0, 5, 0, 0, 0, 0, 5, 4, 1, 4, 0, 0, 3, 0, 0, 0, 3, 3, 0, 40, 3, 1, 4, 3, 0, 0, 5, 0, 0, 4, 41, 0, 0, 2, 0, 0, 5, 5, 0, 3, 1, 3, 2, 1, 0, 0, 0, 0, 1, 0, 2, 0, 0, 0, 0, 2, 4, 41, 0, 0, 3, : 5, 4, 4, 2, 3, 4, 5, 5, 5, 5, 4, 1, 4, 3, 3, 3, 40, 3, 1, 4, 3, 5, 4, 41, 2, 5, 5, 3, 1, 3, 2, 1, 1, 2, 2, 4, 41, 3, 
39: 0, 0, 2, 5, 5, 5, 4, 1, 0, 0, 0, 0, 43, 2, 0, 0, 0, 0, 4, 0, 0, 0, 3, 1, 0, 5, 1, 5, 0, 4, 0, 0, 0, 0, 0, 0, 3, 0, 0, 3, 0, 5, 4, 3, 0, 0, 0, 0, 5, 1, 0, 3, 4, 0, 5, 1, 0, 0, 2, 0, 1, 42, 3, 5, 0, 4, 44, 1, 3, 1, 0, 3, 1, 0, 0, 0, 0, 0, 0, 40, : 2, 5, 5, 5, 4, 1, 43, 2, 4, 3, 1, 5, 1, 5, 4, 3, 3, 5, 4, 3, 5, 1, 3, 4, 5, 1, 2, 1, 42, 3, 5, 4, 44, 1, 3, 1, 3, 1, 40, 
8: 0, 0, 0, 0, 4, 0, 0, 0, 2, 2, 0, 5, 0, 0, 0, 0, 3, 42, 4, 44, 0, 44, 1, 0, 40, 1, 0, 2, 1, 0, 40, 0, 1, 40, 3, 0, 4, 0, 0, 2, 0, 5, 1, 3, 4, 3, 41, 0, 0, 5, 0, 5, 0, 0, 5, 4, 0, 5, 0, 0, 0, 0, 0, 2, 0, 0, 3, 0, 4, 1, 1, 0, 0, 1, 4, 0, 2, 0, 0, 2, : 4, 2, 2, 5, 3, 42, 4, 44, 44, 1, 40, 1, 2, 1, 40, 1, 40, 3, 4, 2, 5, 1, 3, 4, 3, 41, 5, 5, 5, 4, 5, 2, 3, 4, 1, 1, 1, 4, 2, 2, 
35: 2, 0, 2, 4, 1, 0, 0, 4, 0, 0, 0, 4, 4, 5, 2, 0, 0, 5, 5, 0, 0, 0, 3, 3, 44, 0, 0, 5, 0, 0, 1, 2, 0, 2, 5, 2, 2, 0, 0, 2, 5, 3, 3, 5, 0, 0, 2, 0, 0, 0, 2, 0, 0, 0, 0, 0, 0, 0, 0, 0, 1, 2, 0, 2, 1, 0, 0, 0, 4, 4, 5, 1, 0, 0, 0, 1, 2, 0, 0, 0, : 2, 2, 4, 1, 4, 4, 4, 5, 2, 5, 5, 3, 3, 44, 5, 1, 2, 2, 5, 2, 2, 2, 5, 3, 3, 5, 2, 2, 1, 2, 2, 1, 4, 4, 5, 1, 1, 2, 
147: 0, 0, 1, 0, 0, 1, 0, 1, 0, 0, 1, 1, 0, 0, 43, 5, 3, 0, 1, 0, 0, 2, 5, 2, 0, 0, 0, 5, 0, 0, 4, 3, 0, 0, 0, 0, 2, 4, 0, 2, 3, 0, 0, 0, 0, 0, 0, 0, 3, 0, 0, 3, 4, 2, 0, 2, 0, 3, 0, 0, 4, 0, 3, 0, 0, 1, 0, 2, 5, 4, 4, 5, 4, 2, 0, 42, 5, 0, 0, 0, : 1, 1, 1, 1, 1, 43, 5, 3, 1, 2, 5, 2, 5, 4, 3, 2, 4, 2, 3, 3, 3, 4, 2, 2, 3, 4, 3, 1, 2, 5, 4, 4, 5, 4, 2, 42, 5, 
7: 0, 3, 3, 0, 3, 2, 5, 2, 0, 4, 2, 5, 0, 0, 40, 0, 3, 5, 44, 0, 3, 0, 0, 0, 5, 0, 4, 0, 5, 0, 0, 4, 0, 0, 0, 0, 2, 5, 0, 0, 3, 0, 0, 0, 42, 0, 5, 0, 42, 1, 1, 0, 4, 0, 0, 2, 0, 0, 0, 3, 0, 0, 3, 0, 0, 0, 0, 3, 5, 0, 5, 3, 40, 0, 0, 1, 0, 5, 3, 0, : 3, 3, 3, 2, 5, 2, 4, 2, 5, 40, 3, 5, 44, 3, 5, 4, 5, 4, 2, 5, 3, 42, 5, 42, 1, 1, 4, 2, 3, 3, 3, 5, 5, 3, 40, 1, 5, 3, 
62: 0, 4, 0, 43, 0, 1, 0, 0, 0, 3, 0, 0, 0, 0, 5, 0, 0, 5, 2, 2, 0, 0, 0, 43, 0, 0, 0, 3, 3, 0, 0, 40, 0, 44, 4, 1, 4, 40, 5, 3, 2, 4, 4, 0, 0, 5, 0, 5, 1, 2, 0, 4, 3, 1, 4, 1, 0, 0, 0, 42, 0, 4, 1, 42, 0, 5, 0, 0, 1, 5, 4, 4, 0, 0, 2, 1, 3, 0, 44, 1, : 4, 43, 1, 3, 5, 5, 2, 2, 43, 3, 3, 40, 44, 4, 1, 4, 40, 5, 3, 2, 4, 4, 5, 5, 1, 2, 4, 3, 1, 4, 1, 42, 4, 1, 42, 5, 1, 5, 4, 4, 2, 1, 3, 44, 1, 
24: 2, 4, 0, 2, 3, 4, 4, 0, 0, 0, 0, 0, 0, 5, 0, 1, 0, 5, 3, 1, 0, 43, 0, 5, 0, 0, 0, 5, 0, 0, 1, 40, 0, 3, 3, 42, 3, 0, 0, 2, 2, 1, 43, 3, 0, 1, 0, 0, 0, 0, 0, 3, 3, 1, 0, 1, 43, 0, 2, 4, 43, 0, 3, 0, 4, 2, 0, 4, 4, 0, 3, 0, 0, 0, 5, 0, 1, 0, 0, 3, : 2, 4, 2, 3, 4, 4, 5, 1, 5, 3, 1, 43, 5, 5, 1, 40, 3, 3, 42, 3, 2, 2, 1, 43, 3, 1, 3, 3, 1, 1, 43, 2, 4, 43, 3, 4, 2, 4, 4, 3, 5, 1, 3, 
28: 4, 4, 4, 0, 0, 4, 0, 3, 0, 5, 5, 3, 0, 0, 0, 0, 0, 0, 0, 3, 0, 4, 1, 2, 0, 0, 4, 5, 44, 0, 5, 0, 3, 1, 0, 3, 0, 3, 0, 4, 0, 0, 0, 0, 0, 4, 0, 5, 1, 4, 0, 0, 5, 4, 5, 3, 0, 0, 0, 0, 0, 2, 2, 0, 4, 4, 0, 5, 2, 4, 4, 5, 5, 0, 0, 1, 5, 0, 4, 4, : 4, 4, 4, 4, 3, 5, 5, 3, 3, 4, 1, 2, 4, 5, 44, 5, 3, 1, 3, 3, 4, 4, 5, 1, 4, 5, 4, 5, 3, 2, 2, 4, 4, 5, 2, 4, 4, 5, 5, 1, 5, 4, 4, 
4: 0, 3, 3, 1, 0, 0, 43, 44, 1, 4, 1, 5, 0, 5, 2, 0, 0, 2, 4, 1, 43, 1, 2, 1, 1, 2, 0, 4, 3, 3, 2, 0, 5, 1, 5, 0, 0, 0, 0, 5, 1, 43, 3, 0, 4, 2, 0, 5, 0, 0, 0, 43, 5, 4, 0, 0, 0, 0, 4, 0, 2, 0, 2, 0, 43, 5, 0, 0, 4, 1, 3, 0, 0, 0, 0, 0, 0, 5, 4, 2, : 3, 3, 1, 43, 44, 1, 4, 1, 5, 5, 2, 2, 4, 1, 43, 1, 2, 1, 1, 2, 4, 3, 3, 2, 5, 1, 5, 5, 1, 43, 3, 4, 2, 5, 43, 5, 4, 4, 2, 2, 43, 5, 4, 1, 3, 5, 4, 2, 
53: 0, 0, 1, 0, 0, 3, 0, 4, 1, 0, 5, 5, 0, 42, 0, 4, 4, 0, 3, 0, 4, 3, 0, 3, 5, 0, 4, 3, 0, 0, 3, 0, 2, 0, 0, 0, 1, 0, 1, 5, 4, 4, 3, 0, 0, 0, 0, 4, 4, 0, 0, 0, 4, 0, 0, 0, 42, 0, 0, 44, 1, 1, 5, 0, 0, 2, 0, 0, 4, 0, 1, 0, 0, 1, 4, 4, 0, 0, 4, 1, : 1, 3, 4, 1, 5, 5, 42, 4, 4, 3, 4, 3, 3, 5, 4, 3, 3, 2, 1, 1, 5, 4, 4, 3, 4, 4, 4, 42, 44, 1, 1, 5, 2, 4, 1, 1, 4, 4, 4, 1, 
132: 1, 2, 2, 0, 42, 2, 0, 5, 0, 3, 0, 2, 2, 2, 5, 0, 0, 2, 44, 4, 4, 2, 0, 4, 3, 0, 0, 1, 0, 0, 2, 1, 0, 1, 40, 2, 1, 0, 0, 5, 2, 1, 3, 0, 5, 1, 2, 4, 5, 4, 41, 2, 0, 0, 0, 3, 3, 0, 0, 4, 0, 5, 0, 0, 0, 0, 0, 2, 2, 0, 4, 1, 3, 0, 0, 41, 1, 0, 2, 3, : 1, 2, 2, 42, 2, 5, 3, 2, 2, 2, 5, 2, 44, 4, 4, 2, 4, 3, 1, 2, 1, 1, 40, 2, 1, 5, 2, 1, 3, 5, 1, 2, 4, 5, 4, 41, 2, 3, 3, 4, 5, 2, 2, 4, 1, 3, 41, 1, 2, 3, 
126: 3, 5, 5, 2, 0, 5, 0, 0, 1, 0, 3, 1, 0, 3, 0, 41, 0, 40, 4, 1, 0, 5, 1, 0, 0, 0, 2, 2, 40, 0, 1, 4, 1, 5, 5, 5, 5, 43, 0, 0, 0, 3, 4, 43, 0, 4, 5, 0, 0, 0, 2, 0, 0, 0, 3, 0, 1, 0, 0, 0, 0, 3, 0, 3, 0, 0, 0, 3, 44, 2, 2, 0, 0, 40, 43, 0, 1, 4, 0, 1, : 3, 5, 5, 2, 5, 1, 3, 1, 3, 41, 40, 4, 1, 5, 1, 2, 2, 40, 1, 4, 1, 5, 5, 5, 5, 43, 3, 4, 43, 4, 5, 2, 3, 1, 3, 3, 3, 44, 2, 2, 40, 43, 1, 4, 1, 
70: 0, 1, 1, 0, 3, 5, 0, 0, 2, 0, 0, 4, 3, 4, 0, 0, 0, 0, 0, 44, 0, 0, 0, 0, 0, 3, 4, 1, 0, 43, 0, 5, 0, 0, 0, 2, 2, 5, 0, 0, 41, 2, 4, 4, 0, 3, 0, 2, 1, 0, 0, 0, 0, 2, 44, 0, 0, 0, 5, 0, 0, 0, 5, 0, 0, 5, 43, 4, 0, 5, 5, 0, 40, 5, 42, 0, 2, 4, 3, 4, : 1, 1, 3, 5, 2, 4, 3, 4, 44, 3, 4, 1, 43, 5, 2, 2, 5, 41, 2, 4, 4, 3, 2, 1, 2, 44, 5, 5, 5, 43, 4, 5, 5, 40, 5, 42, 2, 4, 3, 4, 
30: 0, 2, 3, 42, 5, 3, 0, 4, 3, 2, 0, 5, 1, 0, 4, 1, 0, 1, 1, 0, 2, 2, 5, 41, 0, 0, 1, 0, 0, 0, 5, 4, 44, 0, 0, 1, 1, 0, 0, 5, 4, 0, 0, 0, 0, 0, 3, 0, 4, 0, 0, 5, 1, 4, 0, 1, 0, 3, 3, 0, 0, 0, 3, 0, 0, 5, 2, 4, 4, 3, 0, 0, 2, 0, 1, 0, 0, 0, 0, 1, : 2, 3, 42, 5, 3, 4, 3, 2, 5, 1, 4, 1, 1, 1, 2, 2, 5, 41, 1, 5, 4, 44, 1, 1, 5, 4, 3, 4, 5, 1, 4, 1, 3, 3, 3, 5, 2, 4, 4, 3, 2, 1, 1, 
45: 0, 40, 2, 5, 4, 0, 0, 3, 0, 2, 4, 0, 2, 5, 0, 1, 2, 5, 2, 2, 0, 4, 1, 0, 0, 3, 0, 42, 0, 4, 4, 0, 0, 0, 0, 2, 3, 3, 0, 2, 41, 0, 5, 1, 0, 3, 0, 1, 0, 2, 44, 0, 3, 1, 0, 4, 0, 0, 3, 0, 4, 2, 0, 0, 44, 3, 0, 2, 3, 4, 4, 0, 0, 5, 0, 1, 2, 43, 0, 2, : 40, 2, 5, 4, 3, 2, 4, 2, 5, 1, 2, 5, 2, 2, 4, 1, 3, 42, 4, 4, 2, 3, 3, 2, 41, 5, 1, 3, 1, 2, 44, 3, 1, 4, 3, 4, 2, 44, 3, 2, 3, 4, 4, 5, 1, 2, 43, 2, 
72: 41, 0, 0, 0, 0, 4, 3, 0, 0, 4, 3, 3, 2, 3, 3, 0, 0, 0, 1, 2, 0, 0, 5, 5, 0, 0, 0, 5, 0, 0, 0, 4, 0, 3, 2, 5, 4, 0, 0, 2, 5, 0, 0, 3, 4, 0, 3, 0, 4, 0, 2, 0, 3, 0, 1, 0, 0, 0, 3, 0, 3, 0, 4, 0, 40, 1, 0, 42, 2, 0, 0, 0, 0, 4, 4, 0, 4, 0, 0, 1, : 41, 4, 3, 4, 3, 3, 2, 3, 3, 1, 2, 5, 5, 5, 4, 3, 2, 5, 4, 2, 5, 3, 4, 3, 4, 2, 3, 1, 3, 3, 4, 40, 1, 42, 2, 4, 4, 4, 1, 
3: 2, 0, 1, 0, 2, 5, 2, 0, 3, 1, 3, 0, 0, 3, 3, 5, 43, 3, 4, 5, 0, 1, 0, 1, 0, 2, 3, 0, 4, 4, 0, 44, 0, 4, 2, 5, 2, 0, 40, 2, 0, 0, 4, 5, 5, 2, 0, 0, 5, 3, 2, 0, 41, 1, 0, 0, 5, 5, 5, 4, 0, 40, 4, 5, 3, 0, 2, 0, 0, 3, 3, 0, 4, 0, 4, 5, 5, 0, 2, 3, : 2, 1, 2, 5, 2, 3, 1, 3, 3, 3, 5, 43, 3, 4, 5, 1, 1, 2, 3, 4, 4, 44, 4, 2, 5, 2, 40, 2, 4, 5, 5, 2, 5, 3, 2, 41, 1, 5, 5, 5, 4, 40, 4, 5, 3, 2, 3, 3, 4, 4, 5, 5, 2, 3, 
11: 0, 0, 0, 4, 0, 0, 0, 3, 0, 0, 0, 1, 0, 0, 2, 1, 4, 5, 0, 0, 4, 3, 0, 1, 0, 5, 0, 2, 0, 0, 0, 0, 42, 0, 3, 0, 1, 1, 41, 0, 4, 0, 0, 5, 3, 1, 0, 3, 4, 0, 0, 0, 5, 0, 5, 3, 0, 0, 44, 0, 43, 1, 1, 0, 0, 0, 5, 0, 4, 44, 0, 1, 1, 0, 2, 2, 0, 0, 43, 3, : 4, 3, 1, 2, 1, 4, 5, 4, 3, 1, 5, 2, 42, 3, 1, 1, 41, 4, 5, 3, 1, 3, 4, 5, 5, 3, 44, 43, 1, 1, 5, 4, 44, 1, 1, 2, 2, 43, 3, 
152: 0, 0, 3, 2, 1, 3, 0, 4, 0, 0, 3, 5, 0, 0, 3, 5, 2, 0, 0, 0, 44, 0, 0, 4, 0, 5, 2, 1, 4, 1, 0, 0, 3, 44, 0, 0, 2, 0, 0, 1, 5, 44, 2, 1, 0, 4, 5, 0, 1, 0, 0, 4, 5, 0, 3, 0, 4, 1, 43, 5, 5, 4, 2, 5, 0, 3, 0, 5, 5, 0, 0, 0, 1, 1, 0, 4, 0, 43, 0, 3, : 3, 2, 1, 3, 4, 3, 5, 3, 5, 2, 44, 4, 5, 2, 1, 4, 1, 3, 44, 2, 1, 5, 44, 2, 1, 4, 5, 1, 4, 5, 3, 4, 1, 43, 5, 5, 4, 2, 5, 3, 5, 5, 1, 1, 4, 43, 3, 
154: 0, 0, 40, 0, 0, 2, 3, 2, 5, 0, 0, 3, 4, 0, 0, 0, 4, 2, 4, 0, 2, 1, 4, 1, 0, 0, 0, 4, 0, 0, 0, 5, 0, 3, 0, 1, 5, 0, 43, 5, 4, 42, 43, 3, 0, 4, 2, 0, 2, 0, 0, 0, 5, 0, 5, 2, 5, 2, 0, 0, 0, 2, 5, 0, 0, 4, 0, 2, 4, 0, 3, 4, 0, 0, 0, 0, 0, 0, 42, 3, : 40, 2, 3, 2, 5, 3, 4, 4, 2, 4, 2, 1, 4, 1, 4, 5, 3, 1, 5, 43, 5, 4, 42, 43, 3, 4, 2, 2, 5, 5, 2, 5, 2, 2, 5, 4, 2, 4, 3, 4, 42, 3, 
17: 1, 0, 1, 0, 3, 3, 0, 3, 41, 3, 4, 42, 3, 0, 0, 1, 2, 43, 1, 2, 0, 40, 3, 3, 0, 5, 0, 0, 0, 0, 0, 3, 0, 5, 3, 2, 3, 44, 0, 4, 2, 4, 0, 2, 2, 0, 2, 0, 42, 5, 0, 0, 4, 0, 0, 4, 3, 0, 1, 0, 5, 0, 1, 4, 1, 0, 0, 0, 5, 4, 0, 5, 0, 1, 1, 1, 2, 0, 0, 5, : 1, 1, 3, 3, 3, 41, 3, 4, 42, 3, 1, 2, 43, 1, 2, 40, 3, 3, 5, 3, 5, 3, 2, 3, 44, 4, 2, 4, 2, 2, 2, 42, 5, 4, 4, 3, 1, 5, 1, 4, 1, 5, 4, 5, 1, 1, 1, 2, 5, 
153: 1, 0, 2, 0, 4, 4, 5, 1, 2, 5, 4, 4, 0, 0, 3, 0, 1, 0, 0, 0, 0, 0, 0, 4, 1, 5, 0, 0, 1, 0, 4, 3, 0, 3, 0, 0, 1, 0, 0, 1, 0, 0, 0, 43, 0, 0, 0, 5, 1, 0, 0, 0, 1, 0, 1, 5, 5, 0, 2, 0, 0, 0, 4, 0, 0, 5, 0, 4, 0, 5, 2, 0, 0, 0, 0, 0, 0, 41, 0, 3, : 1, 2, 4, 4, 5, 1, 2, 5, 4, 4, 3, 1, 4, 1, 5, 1, 4, 3, 3, 1, 1, 43, 5, 1, 1, 1, 5, 5, 2, 4, 5, 4, 5, 2, 41, 3, 
92: 0, 43, 5, 4, 1, 2, 2, 2, 0, 0, 2, 2, 5, 3, 5, 0, 5, 1, 0, 1, 0, 0, 4, 4, 0, 0, 42, 0, 1, 0, 4, 3, 0, 2, 0, 0, 5, 1, 0, 0, 4, 0, 0, 2, 5, 0, 0, 3, 2, 0, 0, 4, 4, 0, 0, 5, 5, 4, 4, 0, 4, 41, 1, 0, 0, 0, 0, 4, 0, 2, 43, 0, 5, 3, 1, 0, 0, 0, 0, 3, : 43, 5, 4, 1, 2, 2, 2, 2, 2, 5, 3, 5, 5, 1, 1, 4, 4, 42, 1, 4, 3, 2, 5, 1, 4, 2, 5, 3, 2, 4, 4, 5, 5, 4, 4, 4, 41, 1, 4, 2, 43, 5, 3, 1, 3, 


