
40
100
60
5

22: 2, 0, 0, 3, 5, 5, 4, 3, 0, 1, 0, 3, 0, 0, 1, 0, 1, 2, 0, 5, 3, 1, 3, 0, 0, 40, 4, 0, 1, 0, 5, 0, 0, 0, 0, 0, 0, 0, 4, 3, : 2, 3, 5, 5, 4, 3, 1, 3, 1, 1, 2, 5, 3, 1, 3, 40, 4, 1, 5, 4, 3, 
30: 3, 5, 0, 4, 3, 2, 0, 0, 0, 2, 3, 2, 5, 0, 2, 0, 4, 0, 0, 3, 3, 0, 4, 0, 4, 0, 3, 0, 0, 4, 0, 0, 0, 0, 0, 0, 1, 0, 2, 5, : 3, 5, 4, 3, 2, 2, 3, 2, 5, 2, 4, 3, 3, 4, 4, 3, 4, 1, 2, 5, 
85: 1, 0, 3, 4, 0, 5, 0, 0, 3, 0, 0, 3, 0, 5, 0, 0, 1, 0, 0, 0, 0, 1, 4, 2, 44, 0, 5, 4, 1, 1, 0, 0, 0, 0, 0, 4, 0, 5, 4, 3, : 1, 3, 4, 5, 3, 3, 5, 1, 1, 4, 2, 44, 5, 4, 1, 1, 4, 5, 4, 3, 
56: 0, 0, 0, 4, 0, 2, 0, 0, 0, 0, 0, 3, 0, 5, 3, 3, 3, 0, 4, 0, 0, 42, 2, 2, 0, 4, 2, 4, 2, 0, 0, 0, 3, 1, 0, 0, 5, 3, 2, 0, : 4, 2, 3, 5, 3, 3, 3, 4, 42, 2, 2, 4, 2, 4, 2, 3, 1, 5, 3, 2, 
67: 0, 0, 4, 3, 0, 5, 2, 0, 0, 0, 0, 0, 0, 0, 0, 5, 2, 0, 1, 0, 3, 0, 2, 0, 0, 0, 2, 0, 0, 0, 44, 41, 0, 0, 4, 1, 0, 0, 2, 0, : 4, 3, 5, 2, 5, 2, 1, 3, 2, 2, 44, 41, 4, 1, 2, 
70: 0, 0, 0, 3, 0, 2, 2, 0, 0, 0, 0, 5, 0, 0, 0, 0, 4, 3, 0, 5, 1, 0, 1, 0, 0, 0, 2, 0, 1, 0, 2, 4, 0, 1, 0, 0, 0, 0, 1, 0, : 3, 2, 2, 5, 4, 3, 5, 1, 1, 2, 1, 2, 4, 1, 1, 
4: 0, 0, 0, 4, 0, 3, 5, 3, 0, 0, 0, 5, 0, 44, 2, 0, 5, 0, 0, 0, 0, 0, 1, 0, 0, 0, 4, 0, 5, 2, 0, 0, 0, 3, 0, 3, 2, 3, 2, 0, : 4, 3, 5, 3, 5, 44, 2, 5, 1, 4, 5, 2, 3, 3, 2, 3, 2, 
36: 0, 4, 1, 1, 40, 3, 0, 0, 0, 5, 0, 2, 4, 0, 1, 43, 5, 4, 0, 0, 41, 4, 5, 3, 2, 0, 2, 40, 0, 0, 0, 0, 0, 0, 0, 0, 42, 0, 1, 0, : 4, 1, 1, 40, 3, 5, 2, 4, 1, 43, 5, 4, 41, 4, 5, 3, 2, 2, 40, 42, 1, 
59: 0, 0, 1, 1, 0, 2, 0, 1, 0, 4, 0, 5, 1, 4, 0, 0, 1, 2, 1, 0, 0, 2, 3, 1, 0, 4, 3, 2, 0, 1, 2, 0, 0, 0, 5, 0, 0, 0, 5, 0, : 1, 1, 2, 1, 4, 5, 1, 4, 1, 2, 1, 2, 3, 1, 4, 3, 2, 1, 2, 5, 5, 
39: 0, 5, 44, 4, 0, 2, 0, 4, 4, 0, 0, 4, 0, 0, 4, 0, 5, 0, 1, 0, 0, 5, 1, 1, 5, 0, 3, 0, 0, 0, 5, 1, 1, 0, 3, 0, 0, 0, 3, 0, : 5, 44, 4, 2, 4, 4, 4, 4, 5, 1, 5, 1, 1, 5, 3, 5, 1, 1, 3, 3, 
44: 2, 0, 0, 2, 4, 4, 0, 0, 0, 2, 3, 3, 4, 0, 2, 2, 1, 0, 0, 41, 0, 0, 4, 0, 0, 0, 5, 1, 0, 0, 2, 5, 0, 40, 0, 0, 0, 0, 4, 0, : 2, 2, 4, 4, 2, 3, 3, 4, 2, 2, 1, 41, 4, 5, 1, 2, 5, 40, 4, 
80: 0, 3, 0, 2, 0, 2, 0, 0, 1, 0, 1, 2, 0, 0, 0, 1, 1, 5, 1, 0, 0, 0, 5, 0, 0, 2, 5, 0, 1, 0, 0, 0, 0, 0, 0, 43, 1, 3, 3, 0, : 3, 2, 2, 1, 1, 2, 1, 1, 5, 1, 5, 2, 5, 1, 43, 1, 3, 3, 
14: 0, 0, 4, 4, 0, 5, 1, 1, 0, 0, 0, 0, 0, 0, 1, 0, 5, 0, 3, 0, 4, 0, 3, 5, 0, 0, 5, 0, 0, 0, 0, 0, 4, 2, 0, 0, 0, 5, 3, 44, : 4, 4, 5, 1, 1, 1, 5, 3, 4, 3, 5, 5, 4, 2, 5, 3, 44, 
77: 3, 0, 0, 3, 1, 2, 0, 43, 0, 42, 43, 1, 1, 0, 40, 0, 2, 0, 1, 0, 0, 2, 5, 0, 0, 2, 2, 0, 1, 2, 0, 3, 5, 0, 0, 0, 0, 0, 5, 0, : 3, 3, 1, 2, 43, 42, 43, 1, 1, 40, 2, 1, 2, 5, 2, 2, 1, 2, 3, 5, 5, 
6: 2, 0, 2, 4, 2, 5, 41, 0, 0, 0, 0, 5, 0, 0, 2, 0, 2, 0, 5, 3, 0, 0, 1, 1, 0, 2, 1, 2, 43, 4, 0, 1, 0, 3, 44, 1, 4, 0, 3, 0, : 2, 2, 4, 2, 5, 41, 5, 2, 2, 5, 3, 1, 1, 2, 1, 2, 43, 4, 1, 3, 44, 1, 4, 3, 
62: 0, 0, 0, 1, 0, 1, 0, 0, 0, 0, 5, 5, 4, 0, 0, 3, 5, 41, 1, 1, 0, 0, 2, 0, 0, 2, 1, 0, 0, 1, 0, 0, 43, 4, 0, 5, 2, 0, 1, 0, : 1, 1, 5, 5, 4, 3, 5, 41, 1, 1, 2, 2, 1, 1, 43, 4, 5, 2, 1, 
17: 42, 0, 0, 1, 0, 1, 0, 4, 5, 0, 0, 0, 0, 2, 0, 3, 2, 0, 41, 0, 0, 2, 3, 0, 5, 0, 5, 2, 0, 1, 0, 2, 3, 0, 0, 3, 3, 0, 2, 0, : 42, 1, 1, 4, 5, 2, 3, 2, 41, 2, 3, 5, 5, 2, 1, 2, 3, 3, 3, 2, 
96: 5, 41, 0, 5, 2, 4, 5, 0, 43, 0, 0, 3, 0, 0, 0, 0, 1, 3, 0, 2, 4, 1, 3, 44, 0, 0, 1, 0, 0, 44, 0, 0, 0, 2, 0, 0, 0, 41, 5, 0, : 5, 41, 5, 2, 4, 5, 43, 3, 1, 3, 2, 4, 1, 3, 44, 1, 44, 2, 41, 5, 
90: 0, 0, 1, 6, 2, 3, 0, 0, 4, 1, 0, 5, 41, 0, 1, 0, 5, 0, 0, 0, 0, 0, 5, 0, 0, 0, 3, 0, 5, 0, 0, 0, 0, 0, 0, 0, 0, 0, 5, 5, : 1, 6, 2, 3, 4, 1, 5, 41, 1, 5, 5, 3, 5, 5, 5, 
48: 0, 2, 0, 1, 1, 2, 0, 1, 0, 3, 5, 4, 0, 0, 1, 0, 5, 0, 1, 0, 1, 0, 3, 1, 0, 4, 2, 5, 0, 0, 0, 3, 1, 4, 4, 0, 0, 0, 3, 0, : 2, 1, 1, 2, 1, 3, 5, 4, 1, 5, 1, 1, 3, 1, 4, 2, 5, 3, 1, 4, 4, 3, 


31: 1, 3, 0, 5, 5, 0, 0, 2, 0, 0, 1, 3, 4, 0, 0, 0, 4, 2, 1, 0, 3, 0, 4, 0, 5, 3, 3, 3, 0, 41, 0, 2, 0, 0, 1, 0, 0, 0, 1, 1, : 1, 3, 5, 5, 2, 1, 3, 4, 4, 2, 1, 3, 4, 5, 3, 3, 3, 41, 2, 1, 1, 1, 
24: 2, 1, 5, 1, 0, 0, 0, 0, 2, 1, 0, 40, 0, 4, 0, 1, 0, 0, 0, 5, 0, 0, 4, 2, 4, 4, 0, 2, 2, 0, 5, 4, 1, 0, 0, 40, 0, 2, 0, 0, : 2, 1, 5, 1, 2, 1, 40, 4, 1, 5, 4, 2, 4, 4, 2, 2, 5, 4, 1, 40, 2, 
81: 4, 0, 0, 0, 0, 0, 2, 4, 0, 0, 0, 0, 1, 0, 0, 2, 0, 2, 0, 2, 1, 0, 2, 0, 1, 1, 3, 3, 0, 0, 2, 1, 0, 0, 0, 0, 42, 3, 40, 3, : 4, 2, 4, 1, 2, 2, 2, 1, 2, 1, 1, 3, 3, 2, 1, 42, 3, 40, 3, 
34: 2, 3, 0, 1, 1, 0, 0, 0, 0, 3, 0, 0, 0, 0, 0, 0, 0, 5, 0, 0, 1, 0, 2, 4, 3, 6, 3, 1, 4, 0, 1, 1, 1, 0, 3, 3, 1, 0, 0, 0, : 2, 3, 1, 1, 3, 5, 1, 2, 4, 3, 6, 3, 1, 4, 1, 1, 1, 3, 3, 1, 
5: 3, 5, 0, 1, 1, 0, 4, 0, 0, 1, 0, 0, 41, 5, 0, 0, 4, 5, 0, 0, 0, 5, 3, 0, 1, 2, 0, 5, 0, 0, 0, 5, 0, 0, 0, 0, 3, 5, 0, 0, : 3, 5, 1, 1, 4, 1, 41, 5, 4, 5, 5, 3, 1, 2, 5, 5, 3, 5, 
69: 3, 0, 4, 0, 0, 0, 0, 0, 4, 2, 0, 3, 5, 0, 2, 0, 2, 4, 2, 2, 0, 0, 1, 0, 5, 2, 0, 5, 3, 0, 42, 4, 0, 0, 0, 0, 1, 0, 0, 0, : 3, 4, 4, 2, 3, 5, 2, 2, 4, 2, 2, 1, 5, 2, 5, 3, 42, 4, 1, 
42: 4, 0, 1, 1, 2, 0, 0, 1, 0, 40, 0, 0, 0, 2, 0, 0, 44, 1, 3, 0, 0, 1, 3, 0, 5, 5, 0, 5, 0, 0, 2, 3, 0, 3, 0, 0, 3, 0, 4, 0, : 4, 1, 1, 2, 1, 40, 2, 44, 1, 3, 1, 3, 5, 5, 5, 2, 3, 3, 3, 4, 
78: 5, 1, 3, 0, 0, 2, 0, 0, 44, 3, 0, 0, 0, 1, 0, 0, 1, 4, 1, 5, 41, 40, 3, 0, 4, 2, 42, 2, 3, 4, 2, 2, 41, 0, 1, 0, 5, 4, 0, 0, : 5, 1, 3, 2, 44, 3, 1, 1, 4, 1, 5, 41, 40, 3, 4, 2, 42, 2, 3, 4, 2, 2, 41, 1, 5, 4, 
91: 2, 0, 5, 2, 0, 5, 1, 1, 0, 0, 0, 0, 0, 0, 5, 1, 0, 1, 2, 0, 0, 0, 1, 4, 2, 1, 0, 5, 0, 0, 0, 3, 4, 1, 0, 5, 0, 0, 3, 0, : 2, 5, 2, 5, 1, 1, 5, 1, 1, 2, 1, 4, 2, 1, 5, 3, 4, 1, 5, 3, 
58: 3, 0, 1, 0, 5, 0, 0, 0, 1, 0, 5, 2, 0, 0, 0, 1, 0, 5, 3, 3, 0, 0, 4, 0, 0, 4, 0, 2, 0, 0, 0, 1, 0, 0, 5, 0, 0, 2, 0, 0, : 3, 1, 5, 1, 5, 2, 1, 5, 3, 3, 4, 4, 2, 1, 5, 2, 
68: 1, 0, 0, 0, 0, 0, 5, 5, 0, 2, 0, 5, 1, 0, 0, 0, 0, 3, 0, 0, 0, 5, 4, 0, 1, 4, 0, 5, 0, 0, 4, 5, 4, 0, 0, 4, 0, 0, 0, 2, : 1, 5, 5, 2, 5, 1, 3, 5, 4, 1, 4, 5, 4, 5, 4, 4, 2, 
41: 4, 3, 0, 42, 0, 1, 2, 0, 0, 3, 0, 0, 2, 0, 0, 4, 0, 3, 1, 1, 2, 0, 3, 0, 5, 5, 3, 3, 0, 0, 1, 3, 0, 3, 0, 2, 0, 0, 2, 40, : 4, 3, 42, 1, 2, 3, 2, 4, 3, 1, 1, 2, 3, 5, 5, 3, 3, 1, 3, 3, 2, 2, 40, 
29: 4, 0, 0, 0, 0, 0, 44, 3, 0, 0, 44, 0, 0, 0, 3, 0, 0, 1, 3, 0, 0, 2, 1, 0, 2, 5, 0, 2, 1, 0, 1, 3, 4, 5, 0, 0, 0, 0, 0, 5, : 4, 44, 3, 44, 3, 1, 3, 2, 1, 2, 5, 2, 1, 1, 3, 4, 5, 5, 
93: 1, 0, 0, 0, 0, 44, 0, 1, 3, 0, 5, 0, 3, 0, 0, 0, 4, 4, 3, 0, 0, 1, 5, 0, 5, 2, 0, 4, 0, 0, 0, 5, 0, 0, 2, 5, 0, 0, 0, 0, : 1, 44, 1, 3, 5, 3, 4, 4, 3, 1, 5, 5, 2, 4, 5, 2, 5, 
12: 4, 2, 41, 0, 1, 0, 0, 0, 0, 4, 1, 0, 2, 0, 3, 0, 0, 3, 40, 0, 0, 2, 4, 5, 3, 1, 1, 2, 0, 0, 0, 2, 0, 43, 4, 0, 0, 0, 1, 0, : 4, 2, 41, 1, 4, 1, 2, 3, 3, 40, 2, 4, 5, 3, 1, 1, 2, 2, 43, 4, 1, 
76: 2, 1, 0, 0, 1, 5, 0, 3, 3, 0, 0, 0, 1, 41, 0, 5, 0, 4, 0, 0, 0, 3, 1, 1, 4, 3, 5, 5, 0, 5, 0, 3, 2, 0, 0, 0, 0, 0, 0, 1, : 2, 1, 1, 5, 3, 3, 1, 41, 5, 4, 3, 1, 1, 4, 3, 5, 5, 5, 3, 2, 1, 
21: 4, 0, 0, 0, 0, 0, 1, 0, 0, 0, 0, 0, 0, 3, 0, 2, 0, 4, 0, 40, 5, 1, 5, 0, 1, 3, 0, 1, 1, 0, 0, 5, 0, 0, 40, 0, 5, 1, 4, 0, : 4, 1, 3, 2, 4, 40, 5, 1, 5, 1, 3, 1, 1, 5, 40, 5, 1, 4, 
64: 5, 0, 0, 4, 41, 0, 0, 40, 0, 0, 1, 2, 0, 0, 0, 44, 0, 1, 0, 1, 0, 0, 3, 44, 2, 2, 0, 1, 0, 3, 0, 1, 0, 1, 0, 1, 0, 0, 0, 1, : 5, 4, 41, 40, 1, 2, 44, 1, 1, 3, 44, 2, 2, 1, 3, 1, 1, 1, 1, 
94: 1, 41, 0, 2, 0, 3, 0, 0, 0, 0, 0, 4, 0, 4, 3, 0, 1, 4, 0, 1, 4, 0, 2, 0, 3, 1, 0, 1, 5, 3, 0, 5, 2, 0, 3, 0, 0, 43, 0, 2, : 1, 41, 2, 3, 4, 4, 3, 1, 4, 1, 4, 2, 3, 1, 1, 5, 3, 5, 2, 3, 43, 2, 
45: 5, 0, 0, 1, 3, 0, 1, 0, 3, 1, 3, 1, 0, 0, 44, 0, 0, 4, 1, 0, 3, 0, 5, 0, 4, 4, 0, 3, 41, 4, 0, 2, 1, 4, 1, 0, 0, 0, 5, 5, : 5, 1, 3, 1, 3, 1, 3, 1, 44, 4, 1, 3, 5, 4, 4, 3, 41, 4, 2, 1, 4, 1, 5, 5, 


20: 0, 0, 0, 2, 5, 0, 3, 0, 5, 0, 4, 0, 1, 2, 5, 4, 0, 0, 0, 0, 0, 2, 0, 40, 1, 2, 1, 2, 0, 0, 5, 1, 0, 1, 0, 1, 0, 5, 5, 0, : 2, 5, 3, 5, 4, 1, 2, 5, 4, 2, 40, 1, 2, 1, 2, 5, 1, 1, 1, 5, 5, 
40: 0, 1, 5, 5, 5, 0, 2, 1, 0, 0, 42, 2, 0, 0, 0, 4, 0, 2, 0, 0, 1, 1, 0, 2, 0, 43, 1, 5, 2, 1, 5, 4, 0, 4, 2, 3, 1, 0, 5, 1, : 1, 5, 5, 5, 2, 1, 42, 2, 4, 2, 1, 1, 2, 43, 1, 5, 2, 1, 5, 4, 4, 2, 3, 1, 5, 1, 
15: 0, 2, 41, 2, 5, 0, 0, 0, 1, 0, 0, 4, 0, 0, 0, 3, 0, 3, 2, 0, 0, 8, 41, 1, 42, 0, 1, 4, 2, 0, 5, 3, 5, 0, 1, 1, 1, 0, 4, 1, : 2, 41, 2, 5, 1, 4, 3, 3, 2, 8, 41, 1, 42, 1, 4, 2, 5, 3, 5, 1, 1, 1, 4, 1, 
71: 0, 3, 1, 1, 2, 2, 0, 3, 1, 0, 0, 0, 0, 0, 4, 1, 0, 0, 0, 0, 4, 5, 0, 1, 0, 0, 5, 3, 0, 0, 1, 2, 0, 5, 0, 3, 0, 0, 1, 2, : 3, 1, 1, 2, 2, 3, 1, 4, 1, 4, 5, 1, 5, 3, 1, 2, 5, 3, 1, 2, 
35: 4, 0, 0, 0, 1, 4, 0, 0, 1, 2, 0, 3, 42, 0, 0, 0, 0, 0, 4, 2, 1, 3, 2, 3, 3, 0, 1, 2, 0, 2, 2, 5, 0, 1, 0, 3, 5, 0, 1, 1, : 4, 1, 4, 1, 2, 3, 42, 4, 2, 1, 3, 2, 3, 3, 1, 2, 2, 2, 5, 1, 3, 5, 1, 1, 
88: 2, 0, 0, 42, 2, 0, 0, 43, 4, 0, 0, 3, 0, 0, 0, 3, 5, 1, 2, 0, 0, 3, 0, 0, 5, 0, 5, 4, 43, 5, 1, 1, 1, 5, 0, 5, 3, 3, 5, 0, : 2, 42, 2, 43, 4, 3, 3, 5, 1, 2, 3, 5, 5, 4, 43, 5, 1, 1, 1, 5, 5, 3, 3, 5, 
83: 0, 0, 0, 0, 2, 3, 0, 3, 3, 2, 0, 0, 0, 0, 42, 4, 2, 0, 1, 4, 3, 4, 0, 0, 1, 0, 1, 2, 0, 0, 5, 3, 0, 2, 0, 2, 41, 0, 4, 0, : 2, 3, 3, 3, 2, 42, 4, 2, 1, 4, 3, 4, 1, 1, 2, 5, 3, 2, 2, 41, 4, 
82: 0, 2, 0, 0, 5, 1, 1, 0, 4, 3, 0, 43, 0, 0, 0, 5, 0, 3, 0, 2, 0, 4, 3, 0, 0, 2, 4, 1, 0, 41, 4, 4, 0, 2, 5, 4, 0, 3, 0, 0, : 2, 5, 1, 1, 4, 3, 43, 5, 3, 2, 4, 3, 2, 4, 1, 41, 4, 4, 2, 5, 4, 3, 
38: 1, 0, 0, 0, 1, 3, 0, 0, 5, 1, 3, 0, 0, 0, 0, 2, 0, 0, 0, 0, 0, 3, 0, 0, 0, 3, 5, 4, 0, 0, 1, 1, 0, 3, 43, 5, 2, 0, 0, 0, : 1, 1, 3, 5, 1, 3, 2, 3, 3, 5, 4, 1, 1, 3, 43, 5, 2, 
100: 2, 0, 0, 0, 4, 3, 0, 0, 4, 2, 1, 0, 0, 0, 5, 1, 0, 42, 0, 0, 0, 4, 0, 2, 2, 4, 4, 3, 0, 1, 2, 5, 0, 0, 0, 2, 0, 1, 5, 0, : 2, 4, 3, 4, 2, 1, 5, 1, 42, 4, 2, 2, 4, 4, 3, 1, 2, 5, 2, 1, 5, 
74: 0, 0, 5, 0, 3, 0, 0, 0, 5, 0, 2, 0, 0, 0, 0, 4, 0, 0, 0, 0, 5, 2, 3, 3, 0, 0, 3, 4, 0, 0, 5, 4, 44, 1, 0, 1, 0, 0, 3, 0, : 5, 3, 5, 2, 4, 5, 2, 3, 3, 3, 4, 5, 4, 44, 1, 1, 3, 
37: 4, 0, 1, 2, 2, 0, 0, 2, 3, 0, 0, 2, 0, 1, 0, 5, 3, 0, 1, 41, 0, 1, 1, 4, 0, 3, 2, 5, 0, 1, 2, 1, 1, 4, 0, 4, 2, 5, 5, 0, : 4, 1, 2, 2, 2, 3, 2, 1, 5, 3, 1, 41, 1, 1, 4, 3, 2, 5, 1, 2, 1, 1, 4, 4, 2, 5, 5, 
3: 2, 0, 0, 1, 2, 0, 0, 0, 3, 0, 1, 2, 5, 44, 1, 0, 0, 0, 4, 0, 0, 3, 0, 0, 0, 0, 1, 4, 0, 2, 0, 1, 0, 3, 2, 4, 2, 0, 1, 0, : 2, 1, 2, 3, 1, 2, 5, 44, 1, 4, 3, 1, 4, 2, 1, 3, 2, 4, 2, 1, 
32: 0, 1, 0, 0, 4, 1, 0, 0, 2, 43, 0, 0, 3, 5, 0, 4, 5, 0, 0, 1, 0, 2, 0, 0, 0, 2, 2, 3, 0, 0, 1, 5, 0, 4, 0, 2, 1, 0, 4, 5, : 1, 4, 1, 2, 43, 3, 5, 4, 5, 1, 2, 2, 2, 3, 1, 5, 4, 2, 1, 4, 5, 
89: 0, 43, 1, 0, 1, 1, 2, 0, 5, 2, 1, 0, 0, 0, 0, 2, 1, 4, 0, 1, 4, 3, 1, 3, 2, 0, 5, 2, 4, 1, 5, 2, 0, 4, 3, 4, 0, 0, 5, 4, : 43, 1, 1, 1, 2, 5, 2, 1, 2, 1, 4, 1, 4, 3, 1, 3, 2, 5, 2, 4, 1, 5, 2, 4, 3, 4, 5, 4, 
57: 44, 1, 0, 1, 5, 0, 0, 0, 1, 1, 1, 0, 3, 0, 0, 4, 4, 0, 2, 0, 0, 1, 0, 0, 0, 0, 5, 2, 0, 5, 1, 3, 1, 5, 4, 4, 0, 41, 5, 43, : 44, 1, 1, 5, 1, 1, 1, 3, 4, 4, 2, 1, 5, 2, 5, 1, 3, 1, 5, 4, 4, 41, 5, 43, 
87: 0, 0, 0, 0, 0, 0, 5, 4, 2, 0, 5, 0, 2, 5, 0, 5, 0, 0, 0, 4, 0, 5, 5, 0, 1, 0, 1, 2, 3, 0, 5, 5, 0, 5, 0, 1, 0, 0, 3, 0, : 5, 4, 2, 5, 2, 5, 5, 4, 5, 5, 1, 1, 2, 3, 5, 5, 5, 1, 3, 
73: 0, 5, 1, 0, 4, 0, 5, 0, 5, 1, 0, 1, 0, 3, 3, 5, 40, 3, 43, 3, 0, 2, 1, 0, 0, 0, 4, 5, 2, 0, 4, 4, 0, 3, 0, 2, 1, 0, 1, 0, : 5, 1, 4, 5, 5, 1, 1, 3, 3, 5, 40, 3, 43, 3, 2, 1, 4, 5, 2, 4, 4, 3, 2, 1, 1, 
84: 0, 2, 0, 0, 4, 42, 42, 2, 3, 0, 0, 0, 4, 0, 0, 2, 0, 2, 1, 0, 0, 2, 3, 0, 0, 1, 4, 3, 0, 1, 1, 3, 3, 3, 0, 4, 0, 2, 3, 0, : 2, 4, 42, 42, 2, 3, 4, 2, 2, 1, 2, 3, 1, 4, 3, 1, 1, 3, 3, 3, 4, 2, 3, 
27: 1, 0, 5, 4, 3, 0, 0, 2, 3, 3, 0, 0, 0, 0, 0, 2, 0, 0, 0, 2, 42, 2, 0, 1, 3, 0, 5, 0, 4, 0, 5, 3, 5, 5, 0, 5, 1, 0, 0, 3, : 1, 5, 4, 3, 2, 3, 3, 2, 2, 42, 2, 1, 3, 5, 4, 5, 3, 5, 5, 5, 1, 3, 


63: 3, 0, 5, 0, 4, 3, 5, 0, 0, 4, 0, 2, 43, 0, 0, 0, 0, 0, 0, 3, 1, 44, 4, 0, 5, 0, 2, 1, 2, 0, 2, 0, 2, 0, 2, 3, 0, 5, 1, 0, : 3, 5, 4, 3, 5, 4, 2, 43, 3, 1, 44, 4, 5, 2, 1, 2, 2, 2, 2, 3, 5, 1, 
54: 0, 0, 41, 2, 0, 0, 3, 1, 2, 2, 0, 5, 3, 0, 0, 4, 0, 42, 0, 3, 4, 0, 3, 0, 0, 40, 2, 2, 1, 1, 4, 0, 0, 0, 0, 3, 0, 0, 3, 0, : 41, 2, 3, 1, 2, 2, 5, 3, 4, 42, 3, 4, 3, 40, 2, 2, 1, 1, 4, 3, 3, 
19: 0, 0, 0, 1, 0, 0, 2, 0, 0, 4, 0, 2, 0, 3, 0, 0, 0, 3, 0, 3, 0, 0, 3, 5, 3, 2, 4, 2, 3, 0, 1, 0, 0, 4, 0, 5, 3, 0, 1, 0, : 1, 2, 4, 2, 3, 3, 3, 3, 5, 3, 2, 4, 2, 3, 1, 4, 5, 3, 1, 
47: 2, 0, 0, 0, 0, 3, 4, 0, 3, 3, 2, 3, 0, 5, 0, 0, 5, 3, 2, 2, 0, 0, 2, 0, 0, 0, 1, 0, 40, 3, 0, 0, 0, 4, 0, 1, 0, 0, 2, 43, : 2, 3, 4, 3, 3, 2, 3, 5, 5, 3, 2, 2, 2, 1, 40, 3, 4, 1, 2, 43, 
99: 0, 0, 0, 0, 0, 0, 3, 0, 0, 3, 2, 5, 3, 3, 0, 0, 0, 0, 0, 0, 0, 0, 4, 0, 0, 0, 4, 1, 2, 0, 3, 0, 0, 1, 42, 0, 0, 44, 1, 1, : 3, 3, 2, 5, 3, 3, 4, 4, 1, 2, 3, 1, 42, 44, 1, 1, 
65: 0, 0, 3, 2, 44, 0, 2, 42, 0, 5, 0, 4, 4, 0, 0, 44, 43, 4, 44, 1, 0, 0, 5, 4, 0, 0, 4, 2, 0, 3, 3, 0, 0, 1, 2, 1, 0, 0, 0, 0, : 3, 2, 44, 2, 42, 5, 4, 4, 44, 43, 4, 44, 1, 5, 4, 4, 2, 3, 3, 1, 2, 1, 
92: 0, 41, 0, 0, 0, 2, 3, 0, 2, 4, 0, 4, 1, 0, 42, 0, 0, 0, 0, 0, 0, 0, 2, 0, 0, 0, 4, 0, 0, 3, 0, 5, 0, 0, 4, 4, 0, 5, 0, 0, : 41, 2, 3, 2, 4, 4, 1, 42, 2, 4, 3, 5, 4, 4, 5, 
60: 0, 0, 2, 0, 1, 3, 3, 0, 0, 3, 0, 1, 0, 0, 0, 4, 0, 5, 3, 0, 0, 0, 3, 0, 0, 5, 3, 2, 0, 0, 3, 0, 0, 0, 5, 4, 0, 0, 2, 1, : 2, 1, 3, 3, 3, 1, 4, 5, 3, 3, 5, 3, 2, 3, 5, 4, 2, 1, 
26: 1, 4, 0, 5, 5, 0, 2, 0, 0, 1, 3, 3, 0, 2, 3, 0, 0, 0, 0, 41, 0, 0, 1, 1, 0, 0, 2, 5, 3, 42, 4, 4, 0, 0, 0, 5, 0, 0, 0, 2, : 1, 4, 5, 5, 2, 1, 3, 3, 2, 3, 41, 1, 1, 2, 5, 3, 42, 4, 4, 5, 2, 
98: 4, 0, 0, 0, 0, 0, 5, 4, 5, 2, 1, 8, 0, 0, 0, 4, 0, 0, 0, 0, 0, 4, 1, 0, 41, 0, 5, 0, 0, 2, 5, 0, 0, 0, 0, 1, 0, 0, 0, 2, : 4, 5, 4, 5, 2, 1, 8, 4, 4, 1, 41, 5, 2, 5, 1, 2, 
7: 0, 5, 1, 1, 2, 3, 5, 5, 0, 2, 0, 1, 0, 0, 3, 0, 4, 0, 0, 4, 43, 0, 4, 0, 0, 1, 5, 0, 0, 0, 2, 2, 0, 1, 3, 2, 0, 0, 2, 0, : 5, 1, 1, 2, 3, 5, 5, 2, 1, 3, 4, 4, 43, 4, 1, 5, 2, 2, 1, 3, 2, 2, 
75: 0, 0, 0, 0, 0, 0, 5, 0, 3, 4, 41, 1, 0, 1, 0, 1, 0, 0, 0, 0, 5, 2, 2, 0, 2, 0, 1, 0, 3, 0, 4, 0, 0, 4, 2, 4, 44, 3, 0, 2, : 5, 3, 4, 41, 1, 1, 1, 5, 2, 2, 2, 1, 3, 4, 4, 2, 4, 44, 3, 2, 
61: 1, 2, 0, 1, 0, 0, 2, 0, 1, 4, 0, 2, 0, 0, 0, 0, 0, 2, 3, 2, 0, 1, 3, 40, 5, 4, 2, 1, 0, 0, 3, 0, 4, 0, 0, 4, 0, 0, 0, 0, : 1, 2, 1, 2, 1, 4, 2, 2, 3, 2, 1, 3, 40, 5, 4, 2, 1, 3, 4, 4, 
8: 42, 2, 0, 4, 0, 3, 0, 0, 0, 2, 1, 3, 0, 0, 0, 0, 0, 0, 0, 0, 1, 5, 3, 3, 0, 4, 2, 0, 3, 2, 5, 0, 0, 0, 0, 4, 0, 0, 0, 5, : 42, 2, 4, 3, 2, 1, 3, 1, 5, 3, 3, 4, 2, 3, 2, 5, 4, 5, 
16: 0, 0, 0, 0, 0, 0, 0, 1, 0, 2, 0, 3, 1, 1, 5, 3, 2, 1, 3, 0, 0, 0, 5, 0, 0, 3, 2, 0, 0, 0, 5, 5, 5, 2, 0, 2, 0, 0, 41, 2, : 1, 2, 3, 1, 1, 5, 3, 2, 1, 3, 5, 3, 2, 5, 5, 5, 2, 2, 41, 2, 
13: 0, 2, 0, 0, 0, 42, 5, 0, 4, 1, 0, 1, 4, 0, 2, 0, 0, 0, 0, 0, 2, 2, 5, 0, 0, 0, 4, 0, 0, 0, 5, 1, 1, 2, 0, 5, 0, 0, 0, 0, : 2, 42, 5, 4, 1, 1, 4, 2, 2, 2, 5, 4, 5, 1, 1, 2, 5, 
1: 0, 0, 1, 2, 0, 0, 2, 0, 0, 2, 0, 2, 0, 0, 0, 0, 2, 0, 0, 1, 1, 2, 2, 2, 0, 0, 3, 0, 0, 0, 5, 3, 3, 0, 0, 1, 2, 0, 4, 0, : 1, 2, 2, 2, 2, 2, 1, 1, 2, 2, 2, 3, 5, 3, 3, 1, 2, 4, 
52: 2, 3, 3, 42, 2, 0, 3, 3, 40, 3, 0, 5, 0, 2, 1, 0, 3, 0, 1, 0, 3, 0, 4, 5, 3, 0, 4, 2, 0, 0, 1, 0, 41, 40, 0, 4, 4, 3, 1, 0, : 2, 3, 3, 42, 2, 3, 3, 40, 3, 5, 2, 1, 3, 1, 3, 4, 5, 3, 4, 2, 1, 41, 40, 4, 4, 3, 1, 
55: 0, 0, 3, 0, 0, 1, 1, 1, 0, 4, 5, 4, 0, 2, 2, 0, 1, 0, 1, 0, 0, 0, 1, 0, 0, 0, 4, 40, 3, 4, 0, 40, 0, 1, 0, 2, 5, 0, 2, 2, : 3, 1, 1, 1, 4, 5, 4, 2, 2, 1, 1, 1, 4, 40, 3, 4, 40, 1, 2, 5, 2, 2, 
79: 5, 1, 1, 0, 2, 0, 5, 3, 0, 5, 5, 1, 1, 41, 2, 0, 0, 0, 3, 0, 0, 0, 3, 0, 1, 1, 2, 2, 0, 0, 5, 0, 4, 0, 0, 5, 2, 0, 0, 0, : 5, 1, 1, 2, 5, 3, 5, 5, 1, 1, 41, 2, 3, 3, 1, 1, 2, 2, 5, 4, 5, 2, 


66: 0, 0, 1, 0, 0, 43, 0, 4, 4, 3, 5, 2, 3, 0, 0, 1, 0, 3, 0, 4, 0, 5, 2, 0, 0, 0, 0, 4, 40, 0, 5, 5, 5, 0, 0, 0, 3, 3, 0, 1, : 1, 43, 4, 4, 3, 5, 2, 3, 1, 3, 4, 5, 2, 4, 40, 5, 5, 5, 3, 3, 1, 
50: 0, 0, 2, 0, 0, 0, 0, 0, 0, 1, 1, 4, 1, 0, 0, 1, 0, 0, 5, 0, 0, 4, 0, 0, 5, 0, 4, 4, 2, 0, 0, 1, 0, 0, 0, 2, 44, 0, 0, 0, : 2, 1, 1, 4, 1, 1, 5, 4, 5, 4, 4, 2, 1, 2, 44, 
10: 0, 0, 3, 0, 0, 0, 4, 0, 0, 0, 4, 0, 5, 0, 3, 5, 2, 0, 0, 0, 2, 5, 0, 5, 2, 42, 1, 3, 1, 43, 0, 0, 0, 0, 2, 0, 4, 0, 0, 0, : 3, 4, 4, 5, 3, 5, 2, 2, 5, 5, 2, 42, 1, 3, 1, 43, 2, 4, 
86: 44, 0, 0, 2, 2, 3, 0, 1, 0, 0, 1, 0, 2, 0, 0, 0, 0, 0, 0, 5, 0, 0, 4, 0, 0, 0, 0, 1, 4, 1, 0, 0, 5, 0, 4, 0, 3, 0, 0, 41, : 44, 2, 2, 3, 1, 1, 2, 5, 4, 1, 4, 1, 5, 4, 3, 41, 
23: 0, 0, 0, 0, 2, 0, 0, 0, 5, 0, 1, 0, 1, 1, 5, 0, 1, 2, 0, 5, 0, 0, 4, 0, 1, 2, 2, 3, 4, 1, 41, 0, 1, 5, 4, 0, 0, 0, 2, 1, : 2, 5, 1, 1, 1, 5, 1, 2, 5, 4, 1, 2, 2, 3, 4, 1, 41, 1, 5, 4, 2, 1, 
25: 0, 1, 0, 0, 2, 0, 0, 0, 0, 5, 1, 5, 5, 5, 0, 1, 0, 0, 2, 41, 0, 0, 0, 0, 0, 0, 42, 1, 0, 0, 1, 0, 0, 42, 3, 0, 0, 0, 0, 1, : 1, 2, 5, 1, 5, 5, 5, 1, 2, 41, 42, 1, 1, 42, 3, 1, 
51: 0, 3, 40, 40, 3, 0, 2, 1, 0, 0, 3, 3, 4, 0, 0, 0, 0, 1, 0, 0, 0, 0, 0, 0, 0, 3, 4, 3, 0, 3, 0, 5, 0, 0, 0, 42, 4, 0, 0, 0, : 3, 40, 40, 3, 2, 1, 3, 3, 4, 1, 3, 4, 3, 3, 5, 42, 4, 
18: 0, 0, 1, 4, 0, 0, 0, 0, 2, 0, 2, 0, 4, 0, 2, 0, 0, 0, 0, 0, 0, 0, 0, 0, 2, 1, 0, 2, 1, 0, 0, 40, 3, 3, 0, 1, 0, 1, 1, 0, : 1, 4, 2, 2, 4, 2, 2, 1, 2, 1, 40, 3, 3, 1, 1, 1, 
97: 0, 4, 0, 0, 0, 0, 0, 5, 0, 2, 3, 0, 5, 5, 42, 0, 0, 0, 0, 0, 0, 0, 0, 0, 2, 0, 0, 3, 5, 3, 0, 1, 0, 0, 0, 0, 0, 0, 2, 0, : 4, 5, 2, 3, 5, 5, 42, 2, 3, 5, 3, 1, 2, 
2: 0, 0, 4, 1, 0, 0, 2, 40, 0, 0, 4, 1, 3, 0, 0, 1, 1, 0, 0, 0, 0, 5, 44, 42, 0, 5, 0, 3, 0, 0, 0, 0, 0, 4, 1, 0, 1, 0, 0, 0, : 4, 1, 2, 40, 4, 1, 3, 1, 1, 5, 44, 42, 5, 3, 4, 1, 1, 
9: 0, 42, 0, 0, 1, 0, 0, 0, 0, 1, 5, 0, 5, 0, 0, 40, 5, 2, 0, 0, 4, 0, 2, 4, 1, 2, 0, 3, 0, 0, 0, 0, 0, 0, 0, 4, 1, 3, 0, 0, : 42, 1, 1, 5, 5, 40, 5, 2, 4, 2, 4, 1, 2, 3, 4, 1, 3, 
28: 5, 3, 0, 0, 2, 4, 0, 1, 0, 0, 1, 0, 1, 0, 4, 5, 43, 4, 2, 0, 3, 0, 0, 3, 0, 0, 5, 4, 0, 0, 0, 0, 0, 0, 0, 0, 0, 2, 0, 5, : 5, 3, 2, 4, 1, 1, 1, 4, 5, 43, 4, 2, 3, 3, 5, 4, 2, 5, 
11: 1, 0, 2, 5, 5, 0, 0, 1, 0, 0, 3, 0, 4, 0, 0, 0, 0, 0, 4, 0, 4, 0, 0, 0, 0, 0, 1, 3, 3, 1, 0, 3, 2, 0, 5, 1, 0, 2, 5, 2, : 1, 2, 5, 5, 1, 3, 4, 4, 4, 1, 3, 3, 1, 3, 2, 5, 1, 2, 5, 2, 
46: 5, 0, 0, 1, 40, 3, 2, 2, 2, 0, 5, 0, 0, 0, 0, 0, 2, 0, 1, 1, 0, 0, 0, 0, 0, 0, 0, 5, 0, 0, 0, 0, 0, 0, 41, 1, 0, 0, 0, 3, : 5, 1, 40, 3, 2, 2, 2, 5, 2, 1, 1, 5, 41, 1, 3, 
43: 4, 0, 1, 1, 0, 2, 5, 0, 0, 0, 4, 0, 2, 3, 0, 3, 2, 4, 0, 0, 0, 0, 0, 0, 43, 0, 0, 1, 0, 0, 0, 0, 1, 0, 0, 2, 0, 0, 1, 3, : 4, 1, 1, 2, 5, 4, 2, 3, 3, 2, 4, 43, 1, 1, 2, 1, 3, 
33: 0, 5, 1, 0, 3, 3, 0, 3, 3, 4, 3, 0, 2, 0, 0, 2, 3, 0, 5, 0, 0, 0, 0, 2, 0, 0, 1, 2, 0, 1, 5, 0, 43, 0, 0, 0, 0, 40, 5, 0, : 5, 1, 3, 3, 3, 3, 4, 3, 2, 2, 3, 5, 2, 1, 2, 1, 5, 43, 40, 5, 
95: 1, 0, 2, 0, 0, 2, 2, 0, 1, 0, 1, 0, 4, 4, 0, 0, 0, 0, 0, 0, 0, 1, 4, 0, 0, 5, 0, 3, 0, 4, 5, 4, 0, 0, 0, 2, 0, 0, 0, 0, : 1, 2, 2, 2, 1, 1, 4, 4, 1, 4, 5, 3, 4, 5, 4, 2, 
53: 0, 0, 0, 1, 0, 0, 0, 0, 0, 0, 4, 0, 5, 41, 0, 0, 0, 44, 0, 0, 44, 40, 0, 4, 3, 0, 0, 3, 0, 0, 0, 0, 0, 0, 0, 1, 0, 1, 41, 1, : 1, 4, 5, 41, 44, 44, 40, 4, 3, 3, 1, 1, 41, 1, 
49: 0, 1, 1, 0, 0, 0, 40, 2, 43, 44, 4, 1, 3, 1, 4, 0, 0, 0, 41, 4, 2, 0, 0, 0, 0, 0, 0, 6, 0, 3, 3, 0, 0, 3, 0, 0, 0, 3, 3, 0, : 1, 1, 40, 2, 43, 44, 4, 1, 3, 1, 4, 41, 4, 2, 6, 3, 3, 3, 3, 3, 
72: 0, 1, 2, 5, 0, 0, 3, 0, 0, 0, 5, 44, 1, 0, 0, 1, 1, 0, 0, 0, 1, 0, 0, 0, 1, 0, 0, 3, 0, 0, 0, 1, 0, 3, 0, 4, 0, 5, 0, 2, : 1, 2, 5, 3, 5, 44, 1, 1, 1, 1, 1, 3, 1, 3, 4, 5, 2, 


