
120
160
300
2

103: 2, 0, 0, 42, 0, 0, 0, 1, 1, 0, 0, 5, 0, 0, 3, 3, 0, 3, 2, 0, 2, 0, 40, 2, 0, 4, 0, 4, 0, 0, 0, 2, 5, 0, 5, 1, 1, 0, 1, 0, 3, 5, 0, 41, 1, 1, 2, 4, 0, 2, 0, 2, 0, 4, 0, 5, 0, 3, 0, 5, 0, 2, 0, 4, 0, 4, 2, 0, 1, 0, 4, 1, 5, 5, 5, 0, 0, 0, 1, 0, 2, 1, 2, 0, 4, 5, 0, 5, 2, 0, 0, 0, 2, 2, 0, 0, 1, 40, 1, 5, 0, 0, 0, 1, 4, 1, 42, 2, 0, 4, 0, 0, 0, 5, 3, 0, 0, 2, 0, 1, : 2, 42, 1, 1, 5, 3, 3, 3, 2, 2, 40, 2, 4, 4, 2, 5, 5, 1, 1, 1, 3, 5, 41, 1, 1, 2, 4, 2, 2, 4, 5, 3, 5, 2, 4, 4, 2, 1, 4, 1, 5, 5, 5, 1, 2, 1, 2, 4, 5, 5, 2, 2, 2, 1, 40, 1, 5, 1, 4, 1, 42, 2, 4, 5, 3, 2, 1, 
110: 2, 2, 0, 1, 0, 0, 0, 0, 2, 3, 0, 0, 5, 3, 2, 4, 0, 0, 1, 2, 5, 0, 5, 0, 4, 0, 5, 0, 0, 0, 5, 0, 0, 1, 0, 5, 2, 0, 0, 0, 0, 0, 0, 1, 3, 4, 1, 4, 3, 0, 1, 0, 2, 0, 0, 1, 2, 0, 0, 1, 0, 0, 3, 0, 1, 1, 0, 3, 4, 0, 0, 3, 3, 0, 0, 2, 0, 2, 1, 1, 0, 4, 2, 0, 3, 3, 0, 0, 4, 0, 0, 0, 0, 0, 0, 1, 0, 2, 0, 3, 0, 0, 4, 1, 0, 0, 0, 4, 0, 0, 0, 43, 0, 3, 1, 0, 0, 0, 0, 1, : 2, 2, 1, 2, 3, 5, 3, 2, 4, 1, 2, 5, 5, 4, 5, 5, 1, 5, 2, 1, 3, 4, 1, 4, 3, 1, 2, 1, 2, 1, 3, 1, 1, 3, 4, 3, 3, 2, 2, 1, 1, 4, 2, 3, 3, 4, 1, 2, 3, 4, 1, 4, 43, 3, 1, 1, 
6: 4, 41, 5, 0, 0, 5, 0, 42, 0, 2, 0, 4, 0, 4, 0, 0, 4, 43, 0, 0, 4, 3, 0, 0, 0, 4, 2, 0, 3, 3, 0, 0, 5, 5, 0, 3, 0, 0, 0, 0, 3, 0, 0, 0, 2, 1, 0, 3, 0, 0, 0, 0, 0, 2, 0, 5, 1, 0, 43, 0, 40, 0, 0, 0, 4, 3, 4, 0, 0, 3, 4, 41, 0, 0, 0, 42, 43, 0, 2, 0, 0, 1, 4, 4, 5, 3, 5, 0, 0, 0, 0, 2, 43, 0, 3, 0, 4, 5, 0, 0, 0, 4, 40, 3, 4, 40, 0, 2, 0, 4, 3, 0, 3, 5, 0, 5, 0, 5, 4, 0, : 4, 41, 5, 5, 42, 2, 4, 4, 4, 43, 4, 3, 4, 2, 3, 3, 5, 5, 3, 3, 2, 1, 3, 2, 5, 1, 43, 40, 4, 3, 4, 3, 4, 41, 42, 43, 2, 1, 4, 4, 5, 3, 5, 2, 43, 3, 4, 5, 4, 40, 3, 4, 40, 2, 4, 3, 3, 5, 5, 5, 4, 
154: 4, 5, 1, 0, 4, 2, 43, 0, 2, 1, 0, 0, 1, 1, 2, 2, 43, 0, 0, 0, 5, 3, 5, 2, 4, 43, 0, 0, 41, 0, 0, 0, 0, 2, 0, 4, 0, 3, 5, 0, 3, 0, 1, 0, 4, 4, 0, 0, 4, 1, 43, 4, 1, 4, 0, 0, 44, 2, 0, 44, 0, 0, 0, 0, 1, 2, 44, 0, 0, 3, 0, 0, 0, 1, 5, 1, 0, 0, 3, 0, 2, 40, 40, 3, 4, 2, 1, 3, 3, 5, 0, 0, 0, 0, 1, 44, 2, 4, 0, 2, 0, 0, 3, 3, 0, 43, 5, 5, 2, 1, 0, 0, 0, 0, 0, 0, 0, 0, 4, 0, : 4, 5, 1, 4, 2, 43, 2, 1, 1, 1, 2, 2, 43, 5, 3, 5, 2, 4, 43, 41, 2, 4, 3, 5, 3, 1, 4, 4, 4, 1, 43, 4, 1, 4, 44, 2, 44, 1, 2, 44, 3, 1, 5, 1, 3, 2, 40, 40, 3, 4, 2, 1, 3, 3, 5, 1, 44, 2, 4, 2, 3, 3, 43, 5, 5, 2, 1, 4, 
42: 1, 0, 1, 4, 4, 4, 4, 2, 0, 0, 0, 0, 0, 3, 4, 1, 1, 5, 0, 4, 5, 5, 4, 0, 0, 2, 40, 0, 5, 0, 1, 4, 5, 0, 3, 0, 4, 44, 0, 0, 2, 0, 0, 42, 0, 1, 0, 3, 4, 5, 3, 1, 0, 0, 1, 42, 4, 3, 0, 0, 5, 0, 43, 0, 3, 0, 42, 0, 0, 4, 0, 0, 0, 1, 1, 4, 0, 3, 0, 3, 1, 3, 0, 0, 0, 0, 3, 1, 43, 1, 0, 0, 0, 0, 2, 0, 1, 0, 42, 1, 3, 44, 1, 0, 4, 0, 0, 2, 0, 0, 3, 0, 4, 0, 0, 0, 0, 4, 4, 3, : 1, 1, 4, 4, 4, 4, 2, 3, 4, 1, 1, 5, 4, 5, 5, 4, 2, 40, 5, 1, 4, 5, 3, 4, 44, 2, 42, 1, 3, 4, 5, 3, 1, 1, 42, 4, 3, 5, 43, 3, 42, 4, 1, 1, 4, 3, 3, 1, 3, 3, 1, 43, 1, 2, 1, 42, 1, 3, 44, 1, 4, 2, 3, 4, 4, 4, 3, 
56: 0, 5, 4, 1, 5, 3, 0, 0, 0, 0, 1, 0, 4, 0, 0, 0, 1, 4, 0, 0, 0, 0, 0, 5, 0, 40, 0, 0, 0, 0, 5, 5, 1, 4, 0, 3, 0, 41, 0, 0, 0, 44, 0, 0, 0, 1, 0, 1, 1, 0, 0, 5, 2, 0, 0, 4, 0, 0, 0, 1, 0, 0, 4, 0, 1, 0, 1, 4, 0, 3, 5, 0, 0, 0, 0, 1, 0, 0, 2, 0, 0, 5, 0, 0, 0, 3, 1, 0, 0, 0, 4, 2, 2, 0, 0, 0, 1, 1, 0, 0, 0, 0, 0, 42, 4, 0, 1, 5, 0, 0, 0, 0, 0, 0, 3, 0, 2, 0, 3, 1, : 5, 4, 1, 5, 3, 1, 4, 1, 4, 5, 40, 5, 5, 1, 4, 3, 41, 44, 1, 1, 1, 5, 2, 4, 1, 4, 1, 1, 4, 3, 5, 1, 2, 5, 3, 1, 4, 2, 2, 1, 1, 42, 4, 1, 5, 3, 2, 3, 1, 
40: 0, 0, 0, 3, 0, 1, 0, 5, 1, 0, 1, 4, 3, 2, 0, 5, 4, 1, 0, 5, 1, 0, 0, 0, 41, 2, 0, 0, 4, 42, 0, 3, 1, 42, 0, 5, 4, 0, 0, 0, 5, 0, 3, 0, 4, 1, 0, 2, 2, 0, 0, 0, 5, 0, 0, 1, 0, 2, 0, 4, 0, 40, 1, 0, 0, 40, 3, 0, 0, 1, 0, 0, 0, 0, 0, 0, 0, 3, 0, 5, 0, 4, 1, 4, 3, 1, 4, 0, 1, 5, 3, 3, 4, 0, 4, 42, 2, 5, 3, 4, 0, 0, 2, 2, 0, 0, 3, 3, 1, 2, 5, 0, 0, 0, 0, 0, 5, 3, 4, 0, : 3, 1, 5, 1, 1, 4, 3, 2, 5, 4, 1, 5, 1, 41, 2, 4, 42, 3, 1, 42, 5, 4, 5, 3, 4, 1, 2, 2, 5, 1, 2, 4, 40, 1, 40, 3, 1, 3, 5, 4, 1, 4, 3, 1, 4, 1, 5, 3, 3, 4, 4, 42, 2, 5, 3, 4, 2, 2, 3, 3, 1, 2, 5, 5, 3, 4, 
26: 5, 2, 1, 5, 0, 2, 0, 4, 0, 0, 0, 0, 2, 0, 0, 1, 1, 3, 0, 0, 0, 1, 0, 0, 4, 0, 0, 0, 0, 3, 0, 1, 44, 1, 2, 1, 4, 0, 2, 2, 40, 0, 0, 0, 3, 4, 2, 0, 0, 40, 5, 0, 5, 0, 3, 0, 0, 0, 2, 3, 0, 1, 0, 0, 4, 5, 5, 5, 43, 0, 0, 0, 3, 5, 4, 0, 3, 1, 4, 0, 0, 0, 0, 0, 0, 3, 0, 4, 0, 3, 1, 4, 0, 3, 40, 0, 3, 0, 0, 4, 0, 2, 3, 40, 0, 1, 0, 4, 4, 0, 0, 44, 0, 1, 1, 4, 0, 1, 0, 3, : 5, 2, 1, 5, 2, 4, 2, 1, 1, 3, 1, 4, 3, 1, 44, 1, 2, 1, 4, 2, 2, 40, 3, 4, 2, 40, 5, 5, 3, 2, 3, 1, 4, 5, 5, 5, 43, 3, 5, 4, 3, 1, 4, 3, 4, 3, 1, 4, 3, 40, 3, 4, 2, 3, 40, 1, 4, 4, 44, 1, 1, 4, 1, 3, 
152: 4, 0, 0, 0, 2, 1, 3, 5, 4, 40, 40, 40, 4, 40, 5, 0, 0, 3, 0, 0, 1, 5, 0, 0, 2, 1, 4, 0, 4, 0, 0, 0, 4, 0, 0, 4, 1, 0, 0, 3, 0, 0, 0, 2, 4, 5, 0, 0, 3, 3, 5, 40, 3, 0, 0, 2, 0, 2, 4, 2, 2, 0, 1, 3, 3, 1, 0, 3, 1, 0, 0, 1, 0, 0, 0, 0, 5, 2, 4, 0, 4, 0, 1, 0, 0, 4, 0, 3, 1, 5, 0, 3, 0, 0, 5, 0, 1, 0, 0, 43, 0, 40, 4, 1, 1, 0, 0, 40, 0, 5, 0, 0, 3, 3, 1, 1, 0, 0, 1, 2, : 4, 2, 1, 3, 5, 4, 40, 40, 40, 4, 40, 5, 3, 1, 5, 2, 1, 4, 4, 4, 4, 1, 3, 2, 4, 5, 3, 3, 5, 40, 3, 2, 2, 4, 2, 2, 1, 3, 3, 1, 3, 1, 1, 5, 2, 4, 4, 1, 4, 3, 1, 5, 3, 5, 1, 43, 40, 4, 1, 1, 40, 5, 3, 3, 1, 1, 1, 2, 
15: 0, 0, 0, 43, 43, 1, 0, 1, 1, 0, 0, 3, 0, 0, 1, 1, 3, 0, 0, 5, 0, 4, 1, 0, 0, 0, 0, 41, 0, 40, 2, 0, 0, 0, 0, 4, 0, 0, 0, 44, 41, 2, 4, 0, 3, 5, 0, 2, 4, 2, 5, 0, 0, 40, 0, 3, 0, 1, 0, 1, 0, 2, 43, 44, 1, 3, 3, 43, 3, 2, 1, 44, 0, 3, 0, 4, 5, 0, 3, 0, 0, 4, 0, 2, 5, 3, 2, 5, 0, 0, 0, 4, 0, 0, 0, 0, 2, 2, 0, 4, 3, 5, 1, 3, 3, 0, 3, 0, 0, 1, 0, 2, 4, 3, 5, 5, 0, 0, 4, 44, : 43, 43, 1, 1, 1, 3, 1, 1, 3, 5, 4, 1, 41, 40, 2, 4, 44, 41, 2, 4, 3, 5, 2, 4, 2, 5, 40, 3, 1, 1, 2, 43, 44, 1, 3, 3, 43, 3, 2, 1, 44, 3, 4, 5, 3, 4, 2, 5, 3, 2, 5, 4, 2, 2, 4, 3, 5, 1, 3, 3, 3, 1, 2, 4, 3, 5, 5, 4, 44, 
145: 0, 0, 0, 3, 3, 4, 0, 5, 0, 2, 5, 0, 44, 0, 0, 4, 2, 40, 0, 5, 0, 4, 0, 0, 2, 1, 3, 0, 5, 5, 3, 4, 0, 1, 0, 2, 0, 1, 0, 0, 4, 0, 4, 0, 2, 2, 0, 0, 0, 3, 3, 0, 4, 1, 0, 1, 0, 2, 0, 2, 0, 0, 0, 0, 2, 2, 4, 0, 4, 3, 5, 0, 0, 4, 0, 0, 2, 0, 40, 0, 5, 5, 0, 0, 44, 4, 2, 0, 0, 0, 0, 4, 1, 0, 0, 1, 4, 0, 1, 1, 2, 1, 0, 3, 1, 4, 4, 1, 4, 3, 4, 0, 41, 1, 1, 0, 0, 3, 0, 1, : 3, 3, 4, 5, 2, 5, 44, 4, 2, 40, 5, 4, 2, 1, 3, 5, 5, 3, 4, 1, 2, 1, 4, 4, 2, 2, 3, 3, 4, 1, 1, 2, 2, 2, 2, 4, 4, 3, 5, 4, 2, 40, 5, 5, 44, 4, 2, 4, 1, 1, 4, 1, 1, 2, 1, 3, 1, 4, 4, 1, 4, 3, 4, 41, 1, 1, 3, 1, 
69: 0, 0, 0, 2, 0, 5, 4, 3, 0, 2, 0, 0, 5, 5, 0, 4, 0, 5, 0, 2, 2, 0, 4, 0, 1, 0, 42, 0, 0, 0, 0, 0, 0, 2, 0, 5, 2, 0, 0, 0, 4, 0, 0, 0, 3, 3, 0, 0, 4, 2, 5, 2, 0, 0, 43, 0, 2, 0, 0, 0, 2, 42, 0, 0, 5, 44, 1, 0, 5, 42, 0, 0, 0, 0, 0, 0, 5, 5, 1, 0, 42, 1, 2, 0, 0, 3, 2, 1, 40, 0, 0, 0, 0, 0, 0, 0, 0, 1, 0, 4, 2, 0, 0, 43, 0, 0, 3, 3, 2, 4, 1, 0, 3, 0, 3, 0, 0, 0, 2, 0, : 2, 5, 4, 3, 2, 5, 5, 4, 5, 2, 2, 4, 1, 42, 2, 5, 2, 4, 3, 3, 4, 2, 5, 2, 43, 2, 2, 42, 5, 44, 1, 5, 42, 5, 5, 1, 42, 1, 2, 3, 2, 1, 40, 1, 4, 2, 43, 3, 3, 2, 4, 1, 3, 3, 2, 
1: 5, 0, 41, 0, 2, 4, 4, 0, 42, 0, 5, 0, 3, 2, 0, 4, 0, 2, 0, 0, 5, 1, 0, 0, 0, 0, 0, 0, 0, 0, 2, 3, 5, 40, 0, 1, 3, 0, 43, 0, 5, 1, 1, 5, 5, 0, 43, 0, 3, 0, 2, 0, 0, 0, 0, 3, 44, 0, 1, 3, 0, 0, 0, 0, 4, 5, 2, 5, 5, 0, 5, 2, 0, 0, 0, 1, 1, 0, 0, 0, 4, 0, 0, 42, 3, 2, 0, 42, 0, 1, 0, 4, 1, 0, 3, 0, 3, 2, 3, 1, 0, 0, 4, 5, 0, 2, 3, 40, 4, 5, 0, 0, 0, 0, 1, 2, 1, 0, 42, 5, : 5, 41, 2, 4, 4, 42, 5, 3, 2, 4, 2, 5, 1, 2, 3, 5, 40, 1, 3, 43, 5, 1, 1, 5, 5, 43, 3, 2, 3, 44, 1, 3, 4, 5, 2, 5, 5, 5, 2, 1, 1, 4, 42, 3, 2, 42, 1, 4, 1, 3, 3, 2, 3, 1, 4, 5, 2, 3, 40, 4, 5, 1, 2, 1, 42, 5, 
151: 0, 4, 0, 2, 44, 0, 3, 0, 0, 1, 2, 2, 0, 0, 5, 3, 0, 1, 2, 0, 0, 4, 0, 1, 0, 0, 0, 0, 4, 0, 3, 0, 3, 2, 0, 1, 1, 0, 1, 41, 1, 0, 0, 0, 1, 0, 0, 1, 0, 2, 1, 0, 2, 0, 0, 0, 40, 0, 3, 0, 5, 41, 43, 0, 0, 1, 5, 0, 0, 5, 4, 2, 0, 2, 0, 43, 0, 2, 2, 0, 3, 0, 4, 5, 0, 5, 4, 0, 4, 43, 0, 1, 0, 0, 2, 0, 5, 3, 2, 0, 2, 0, 0, 3, 0, 0, 44, 1, 5, 0, 2, 0, 0, 0, 0, 2, 0, 0, 0, 0, : 4, 2, 44, 3, 1, 2, 2, 5, 3, 1, 2, 4, 1, 4, 3, 3, 2, 1, 1, 1, 41, 1, 1, 1, 2, 1, 2, 40, 3, 5, 41, 43, 1, 5, 5, 4, 2, 2, 43, 2, 2, 3, 4, 5, 5, 4, 4, 43, 1, 2, 5, 3, 2, 2, 3, 44, 1, 5, 2, 2, 
136: 0, 0, 0, 0, 5, 3, 42, 0, 40, 0, 0, 1, 2, 4, 5, 4, 4, 5, 3, 3, 1, 4, 1, 0, 0, 0, 2, 2, 0, 2, 0, 4, 0, 3, 0, 1, 1, 3, 0, 0, 0, 42, 2, 5, 4, 40, 0, 0, 4, 1, 4, 3, 2, 0, 0, 1, 0, 5, 0, 0, 0, 5, 0, 0, 2, 2, 4, 0, 4, 2, 0, 5, 3, 0, 0, 4, 2, 0, 4, 0, 44, 0, 4, 0, 3, 3, 0, 0, 1, 5, 0, 5, 3, 0, 0, 0, 0, 3, 0, 5, 0, 4, 5, 3, 4, 4, 1, 1, 0, 0, 0, 1, 41, 0, 0, 0, 0, 0, 42, 4, : 5, 3, 42, 40, 1, 2, 4, 5, 4, 4, 5, 3, 3, 1, 4, 1, 2, 2, 2, 4, 3, 1, 1, 3, 42, 2, 5, 4, 40, 4, 1, 4, 3, 2, 1, 5, 5, 2, 2, 4, 4, 2, 5, 3, 4, 2, 4, 44, 4, 3, 3, 1, 5, 5, 3, 3, 5, 4, 5, 3, 4, 4, 1, 1, 1, 41, 42, 4, 
101: 0, 2, 5, 0, 0, 0, 0, 1, 5, 40, 44, 0, 0, 0, 0, 5, 3, 0, 2, 1, 43, 1, 1, 42, 3, 0, 1, 0, 4, 42, 0, 2, 0, 5, 1, 5, 3, 0, 0, 0, 0, 1, 40, 3, 3, 0, 1, 0, 0, 3, 3, 2, 2, 0, 0, 2, 5, 4, 0, 3, 0, 0, 0, 0, 5, 0, 3, 44, 0, 0, 1, 0, 1, 3, 0, 3, 0, 0, 5, 0, 1, 0, 1, 0, 1, 4, 4, 3, 0, 3, 1, 3, 3, 0, 0, 3, 0, 3, 0, 1, 5, 3, 2, 4, 0, 0, 0, 5, 0, 2, 2, 1, 0, 2, 1, 4, 0, 0, 0, 0, : 2, 5, 1, 5, 40, 44, 5, 3, 2, 1, 43, 1, 1, 42, 3, 1, 4, 42, 2, 5, 1, 5, 3, 1, 40, 3, 3, 1, 3, 3, 2, 2, 2, 5, 4, 3, 5, 3, 44, 1, 1, 3, 3, 5, 1, 1, 1, 4, 4, 3, 3, 1, 3, 3, 3, 3, 1, 5, 3, 2, 4, 5, 2, 2, 1, 2, 1, 4, 
20: 0, 0, 0, 0, 0, 0, 4, 3, 4, 1, 2, 0, 0, 5, 2, 0, 2, 0, 0, 0, 2, 41, 4, 1, 3, 0, 0, 5, 2, 2, 0, 3, 4, 5, 2, 1, 0, 0, 2, 0, 0, 0, 0, 5, 2, 4, 0, 0, 3, 0, 1, 0, 0, 0, 0, 40, 3, 42, 2, 0, 4, 0, 0, 0, 2, 1, 2, 0, 44, 0, 1, 0, 0, 4, 0, 4, 41, 0, 5, 0, 0, 0, 5, 4, 0, 2, 3, 43, 4, 0, 0, 4, 0, 0, 2, 1, 4, 2, 40, 4, 0, 0, 2, 0, 0, 0, 0, 3, 0, 0, 4, 3, 3, 1, 2, 5, 2, 0, 0, 2, : 4, 3, 4, 1, 2, 5, 2, 2, 2, 41, 4, 1, 3, 5, 2, 2, 3, 4, 5, 2, 1, 2, 5, 2, 4, 3, 1, 40, 3, 42, 2, 4, 2, 1, 2, 44, 1, 4, 4, 41, 5, 5, 4, 2, 3, 43, 4, 4, 2, 1, 4, 2, 40, 4, 2, 3, 4, 3, 3, 1, 2, 5, 2, 2, 
43: 0, 1, 2, 0, 4, 1, 42, 0, 2, 3, 3, 42, 2, 1, 42, 5, 2, 4, 4, 4, 0, 0, 0, 4, 2, 0, 2, 0, 0, 0, 3, 0, 4, 5, 0, 5, 0, 2, 1, 0, 43, 0, 0, 0, 5, 1, 0, 0, 2, 1, 5, 5, 42, 40, 40, 3, 0, 0, 0, 1, 1, 2, 0, 1, 2, 3, 2, 2, 4, 2, 0, 4, 0, 40, 0, 1, 0, 0, 2, 0, 0, 2, 3, 0, 0, 5, 0, 4, 3, 0, 0, 5, 0, 0, 0, 0, 4, 4, 1, 2, 3, 0, 4, 4, 1, 0, 0, 2, 0, 4, 3, 1, 0, 0, 0, 0, 0, 0, 0, 0, : 1, 2, 4, 1, 42, 2, 3, 3, 42, 2, 1, 42, 5, 2, 4, 4, 4, 4, 2, 2, 3, 4, 5, 5, 2, 1, 43, 5, 1, 2, 1, 5, 5, 42, 40, 40, 3, 1, 1, 2, 1, 2, 3, 2, 2, 4, 2, 4, 40, 1, 2, 2, 3, 5, 4, 3, 5, 4, 4, 1, 2, 3, 4, 4, 1, 2, 4, 3, 1, 
75: 41, 1, 0, 5, 0, 1, 3, 1, 0, 0, 0, 0, 0, 3, 44, 42, 0, 1, 0, 5, 0, 0, 4, 1, 3, 5, 0, 2, 0, 42, 0, 3, 0, 1, 0, 1, 2, 0, 3, 4, 0, 2, 4, 5, 0, 4, 0, 5, 0, 5, 0, 2, 0, 2, 0, 1, 0, 0, 0, 3, 43, 0, 0, 0, 0, 2, 4, 4, 4, 4, 4, 0, 0, 5, 0, 4, 0, 0, 1, 0, 1, 0, 3, 2, 0, 2, 4, 0, 5, 0, 0, 0, 0, 5, 0, 4, 0, 1, 0, 3, 0, 2, 0, 4, 0, 5, 4, 0, 0, 0, 5, 0, 5, 0, 1, 4, 4, 0, 1, 3, : 41, 1, 5, 1, 3, 1, 3, 44, 42, 1, 5, 4, 1, 3, 5, 2, 42, 3, 1, 1, 2, 3, 4, 2, 4, 5, 4, 5, 5, 2, 2, 1, 3, 43, 2, 4, 4, 4, 4, 4, 5, 4, 1, 1, 3, 2, 2, 4, 5, 5, 4, 1, 3, 2, 4, 5, 4, 5, 5, 1, 4, 4, 1, 3, 
3: 0, 0, 0, 5, 42, 2, 0, 0, 5, 1, 0, 0, 3, 4, 2, 3, 0, 2, 2, 0, 3, 0, 0, 0, 0, 44, 0, 0, 3, 0, 0, 43, 5, 1, 0, 1, 0, 0, 1, 0, 3, 2, 0, 0, 1, 1, 0, 0, 0, 3, 1, 0, 2, 0, 0, 2, 0, 4, 0, 0, 0, 0, 0, 0, 2, 5, 1, 4, 3, 5, 0, 0, 0, 3, 5, 0, 1, 43, 2, 5, 4, 4, 5, 4, 0, 1, 4, 4, 3, 3, 44, 0, 0, 0, 0, 5, 3, 5, 2, 1, 0, 4, 40, 1, 0, 0, 3, 5, 4, 40, 4, 4, 1, 0, 3, 0, 0, 2, 0, 41, : 5, 42, 2, 5, 1, 3, 4, 2, 3, 2, 2, 3, 44, 3, 43, 5, 1, 1, 1, 3, 2, 1, 1, 3, 1, 2, 2, 4, 2, 5, 1, 4, 3, 5, 3, 5, 1, 43, 2, 5, 4, 4, 5, 4, 1, 4, 4, 3, 3, 44, 5, 3, 5, 2, 1, 4, 40, 1, 3, 5, 4, 40, 4, 4, 1, 3, 2, 41, 
109: 1, 0, 0, 0, 5, 41, 2, 3, 2, 5, 4, 1, 5, 4, 5, 5, 0, 3, 4, 0, 0, 3, 0, 0, 2, 0, 0, 3, 4, 0, 4, 3, 5, 4, 1, 3, 40, 0, 3, 0, 4, 0, 1, 0, 4, 1, 44, 4, 2, 1, 3, 4, 2, 1, 0, 0, 4, 1, 0, 2, 5, 0, 0, 0, 4, 2, 0, 0, 2, 2, 0, 0, 0, 0, 3, 0, 2, 0, 3, 0, 0, 0, 0, 2, 0, 4, 4, 0, 4, 2, 1, 4, 1, 0, 0, 4, 0, 0, 0, 1, 2, 3, 0, 1, 1, 0, 0, 2, 0, 0, 0, 0, 4, 4, 4, 5, 0, 0, 0, 5, : 1, 5, 41, 2, 3, 2, 5, 4, 1, 5, 4, 5, 5, 3, 4, 3, 2, 3, 4, 4, 3, 5, 4, 1, 3, 40, 3, 4, 1, 4, 1, 44, 4, 2, 1, 3, 4, 2, 1, 4, 1, 2, 5, 4, 2, 2, 2, 3, 2, 3, 2, 4, 4, 4, 2, 1, 4, 1, 4, 1, 2, 3, 1, 1, 2, 4, 4, 4, 5, 5, 
32: 2, 0, 40, 4, 3, 0, 0, 0, 0, 0, 1, 2, 0, 0, 3, 0, 0, 0, 4, 0, 0, 1, 0, 5, 4, 0, 5, 2, 0, 5, 0, 4, 40, 1, 4, 5, 0, 0, 0, 0, 4, 3, 0, 1, 3, 5, 0, 1, 1, 3, 1, 1, 4, 0, 0, 5, 4, 2, 2, 2, 0, 4, 0, 0, 5, 3, 1, 43, 0, 0, 5, 0, 0, 0, 44, 2, 0, 3, 5, 5, 2, 5, 5, 0, 2, 5, 4, 5, 4, 1, 4, 0, 2, 0, 0, 40, 1, 0, 0, 1, 0, 0, 2, 4, 0, 0, 0, 1, 3, 1, 41, 0, 0, 1, 3, 41, 0, 41, 0, 5, : 2, 40, 4, 3, 1, 2, 3, 4, 1, 5, 4, 5, 2, 5, 4, 40, 1, 4, 5, 4, 3, 1, 3, 5, 1, 1, 3, 1, 1, 4, 5, 4, 2, 2, 2, 4, 5, 3, 1, 43, 5, 44, 2, 3, 5, 5, 2, 5, 5, 2, 5, 4, 5, 4, 1, 4, 2, 40, 1, 1, 2, 4, 1, 3, 1, 41, 1, 3, 41, 41, 5, 
138: 1, 0, 41, 0, 0, 0, 0, 5, 0, 4, 5, 0, 4, 2, 1, 1, 2, 4, 0, 0, 2, 0, 0, 0, 0, 3, 2, 2, 5, 1, 1, 2, 0, 4, 0, 2, 0, 0, 0, 2, 0, 0, 0, 5, 1, 1, 5, 0, 1, 5, 0, 1, 0, 0, 4, 0, 0, 0, 0, 2, 0, 5, 0, 0, 0, 1, 2, 0, 3, 0, 0, 0, 3, 4, 0, 4, 0, 3, 1, 0, 3, 0, 2, 40, 0, 1, 40, 0, 0, 4, 0, 1, 5, 0, 0, 0, 3, 4, 2, 5, 4, 0, 0, 4, 0, 3, 0, 0, 1, 3, 5, 0, 41, 2, 1, 0, 0, 5, 42, 3, : 1, 41, 5, 4, 5, 4, 2, 1, 1, 2, 4, 2, 3, 2, 2, 5, 1, 1, 2, 4, 2, 2, 5, 1, 1, 5, 1, 5, 1, 4, 2, 5, 1, 2, 3, 3, 4, 4, 3, 1, 3, 2, 40, 1, 40, 4, 1, 5, 3, 4, 2, 5, 4, 4, 3, 1, 3, 5, 41, 2, 1, 5, 42, 3, 
46: 0, 0, 0, 2, 0, 0, 0, 2, 2, 41, 1, 3, 4, 2, 3, 2, 1, 4, 4, 40, 1, 0, 0, 4, 2, 3, 2, 1, 3, 0, 0, 2, 4, 0, 0, 3, 0, 0, 2, 0, 3, 0, 2, 0, 0, 1, 1, 4, 5, 3, 0, 4, 0, 0, 5, 0, 41, 2, 5, 2, 1, 0, 3, 2, 43, 2, 2, 0, 4, 0, 0, 4, 0, 0, 0, 0, 0, 0, 0, 0, 1, 3, 2, 4, 1, 44, 0, 0, 1, 0, 2, 1, 0, 0, 0, 0, 0, 2, 42, 5, 3, 0, 0, 5, 0, 0, 0, 3, 41, 5, 5, 43, 2, 1, 0, 0, 0, 0, 0, 0, : 2, 2, 2, 41, 1, 3, 4, 2, 3, 2, 1, 4, 4, 40, 1, 4, 2, 3, 2, 1, 3, 2, 4, 3, 2, 3, 2, 1, 1, 4, 5, 3, 4, 5, 41, 2, 5, 2, 1, 3, 2, 43, 2, 2, 4, 4, 1, 3, 2, 4, 1, 44, 1, 2, 1, 2, 42, 5, 3, 5, 3, 41, 5, 5, 43, 2, 1, 
135: 4, 41, 0, 1, 0, 5, 41, 0, 0, 1, 0, 42, 0, 42, 2, 0, 0, 4, 0, 0, 0, 0, 0, 2, 0, 1, 41, 0, 0, 0, 2, 0, 0, 1, 0, 2, 0, 0, 0, 43, 5, 0, 0, 0, 3, 0, 0, 3, 2, 0, 44, 1, 0, 0, 0, 0, 0, 2, 0, 3, 0, 0, 0, 0, 5, 2, 4, 40, 0, 4, 0, 0, 5, 2, 0, 1, 5, 0, 0, 0, 0, 4, 4, 41, 3, 5, 1, 0, 0, 0, 0, 0, 1, 44, 0, 0, 4, 0, 0, 0, 1, 0, 3, 0, 0, 0, 1, 0, 0, 40, 3, 3, 2, 4, 5, 1, 1, 0, 0, 5, : 4, 41, 1, 5, 41, 1, 42, 42, 2, 4, 2, 1, 41, 2, 1, 2, 43, 5, 3, 3, 2, 44, 1, 2, 3, 5, 2, 4, 40, 4, 5, 2, 1, 5, 4, 4, 41, 3, 5, 1, 1, 44, 4, 1, 3, 1, 40, 3, 3, 2, 4, 5, 1, 1, 5, 
97: 0, 4, 0, 0, 2, 0, 5, 2, 0, 0, 42, 0, 4, 0, 0, 5, 0, 0, 3, 0, 1, 5, 0, 0, 2, 0, 0, 0, 3, 0, 40, 0, 4, 0, 5, 3, 2, 0, 1, 41, 0, 0, 2, 0, 1, 0, 3, 4, 5, 5, 1, 41, 1, 0, 0, 41, 1, 0, 0, 5, 4, 0, 1, 0, 1, 5, 1, 0, 0, 0, 0, 0, 0, 0, 0, 0, 0, 0, 0, 0, 4, 2, 40, 0, 0, 2, 5, 0, 0, 0, 42, 3, 1, 0, 0, 0, 5, 1, 2, 40, 1, 3, 3, 1, 2, 0, 0, 1, 0, 3, 0, 1, 1, 0, 2, 0, 0, 5, 5, 0, : 4, 2, 5, 2, 42, 4, 5, 3, 1, 5, 2, 3, 40, 4, 5, 3, 2, 1, 41, 2, 1, 3, 4, 5, 5, 1, 41, 1, 41, 1, 5, 4, 1, 1, 5, 1, 4, 2, 40, 2, 5, 42, 3, 1, 5, 1, 2, 40, 1, 3, 3, 1, 2, 1, 3, 1, 1, 2, 5, 5, 
44: 0, 0, 3, 5, 1, 0, 0, 0, 0, 5, 0, 0, 0, 0, 1, 3, 3, 4, 0, 0, 2, 0, 1, 0, 4, 0, 0, 1, 1, 2, 2, 1, 3, 5, 3, 2, 0, 0, 0, 0, 0, 0, 0, 0, 3, 5, 0, 5, 3, 0, 4, 0, 0, 0, 44, 0, 0, 44, 0, 2, 0, 2, 4, 0, 3, 1, 2, 4, 0, 5, 5, 0, 43, 0, 2, 2, 3, 2, 2, 0, 3, 0, 40, 4, 0, 0, 4, 1, 3, 3, 0, 1, 1, 0, 3, 0, 1, 0, 0, 3, 1, 3, 3, 3, 2, 0, 2, 4, 0, 0, 0, 0, 0, 4, 0, 0, 0, 0, 0, 0, : 3, 5, 1, 5, 1, 3, 3, 4, 2, 1, 4, 1, 1, 2, 2, 1, 3, 5, 3, 2, 3, 5, 5, 3, 4, 44, 44, 2, 2, 4, 3, 1, 2, 4, 5, 5, 43, 2, 2, 3, 2, 2, 3, 40, 4, 4, 1, 3, 3, 1, 1, 3, 1, 3, 1, 3, 3, 3, 2, 2, 4, 4, 
140: 1, 0, 0, 2, 0, 5, 0, 3, 1, 0, 1, 0, 1, 41, 1, 4, 0, 0, 0, 41, 3, 3, 0, 5, 1, 0, 3, 44, 0, 0, 0, 0, 1, 1, 0, 2, 0, 1, 5, 0, 42, 5, 4, 0, 3, 4, 0, 3, 0, 3, 4, 3, 4, 43, 0, 43, 0, 0, 0, 0, 0, 2, 5, 0, 2, 0, 5, 0, 4, 0, 0, 1, 0, 4, 0, 0, 0, 0, 5, 0, 42, 2, 0, 3, 0, 1, 0, 0, 2, 42, 0, 2, 0, 0, 40, 4, 1, 1, 0, 3, 0, 0, 5, 2, 5, 2, 40, 4, 0, 3, 2, 0, 0, 3, 5, 3, 4, 0, 2, 5, : 1, 2, 5, 3, 1, 1, 1, 41, 1, 4, 41, 3, 3, 5, 1, 3, 44, 1, 1, 2, 1, 5, 42, 5, 4, 3, 4, 3, 3, 4, 3, 4, 43, 43, 2, 5, 2, 5, 4, 1, 4, 5, 42, 2, 3, 1, 2, 42, 2, 40, 4, 1, 1, 3, 5, 2, 5, 2, 40, 4, 3, 2, 3, 5, 3, 4, 2, 5, 
36: 0, 5, 0, 0, 0, 0, 0, 0, 0, 0, 0, 1, 4, 5, 0, 4, 0, 4, 1, 2, 3, 0, 0, 0, 0, 2, 4, 5, 0, 0, 0, 2, 0, 4, 0, 3, 0, 0, 0, 0, 0, 0, 0, 0, 1, 5, 0, 0, 1, 2, 40, 0, 0, 0, 40, 0, 0, 1, 0, 1, 0, 3, 3, 0, 0, 1, 0, 1, 1, 0, 0, 0, 0, 0, 5, 4, 0, 1, 5, 0, 0, 0, 0, 0, 3, 2, 0, 2, 3, 0, 1, 1, 4, 0, 0, 3, 0, 0, 0, 1, 1, 0, 0, 0, 0, 3, 0, 0, 0, 5, 4, 0, 0, 2, 1, 0, 0, 1, 0, 0, : 5, 1, 4, 5, 4, 4, 1, 2, 3, 2, 4, 5, 2, 4, 3, 1, 5, 1, 2, 40, 40, 1, 1, 3, 3, 1, 1, 1, 5, 4, 1, 5, 3, 2, 2, 3, 1, 1, 4, 3, 1, 1, 3, 5, 4, 2, 1, 1, 
14: 3, 0, 40, 0, 1, 3, 1, 0, 5, 3, 2, 0, 2, 0, 5, 5, 1, 2, 0, 3, 2, 1, 0, 0, 3, 0, 1, 0, 5, 0, 5, 0, 1, 0, 3, 2, 0, 0, 2, 0, 3, 0, 0, 0, 0, 2, 2, 0, 1, 0, 0, 2, 0, 0, 1, 2, 0, 3, 0, 4, 4, 3, 3, 0, 2, 0, 0, 4, 0, 0, 40, 0, 0, 0, 1, 1, 5, 5, 2, 0, 0, 0, 0, 2, 5, 1, 2, 2, 0, 0, 0, 2, 0, 1, 0, 4, 0, 0, 4, 3, 0, 5, 4, 0, 0, 4, 0, 3, 0, 42, 0, 0, 0, 0, 1, 4, 44, 0, 0, 43, : 3, 40, 1, 3, 1, 5, 3, 2, 2, 5, 5, 1, 2, 3, 2, 1, 3, 1, 5, 5, 1, 3, 2, 2, 3, 2, 2, 1, 2, 1, 2, 3, 4, 4, 3, 3, 2, 4, 40, 1, 1, 5, 5, 2, 2, 5, 1, 2, 2, 2, 1, 4, 4, 3, 5, 4, 4, 3, 42, 1, 4, 44, 43, 
130: 2, 0, 41, 1, 0, 3, 3, 44, 3, 1, 3, 0, 5, 41, 5, 3, 0, 0, 0, 0, 2, 0, 0, 0, 5, 0, 0, 0, 3, 0, 0, 0, 3, 0, 0, 5, 0, 42, 2, 41, 0, 0, 0, 0, 0, 1, 0, 41, 0, 2, 41, 3, 0, 0, 0, 4, 0, 0, 0, 2, 3, 5, 0, 0, 4, 3, 3, 0, 0, 3, 0, 0, 2, 1, 0, 0, 0, 0, 4, 42, 4, 0, 0, 0, 1, 3, 0, 1, 4, 4, 5, 42, 0, 3, 43, 3, 4, 2, 2, 5, 42, 0, 1, 3, 1, 4, 5, 2, 0, 0, 5, 4, 43, 0, 2, 0, 0, 42, 0, 0, : 2, 41, 1, 3, 3, 44, 3, 1, 3, 5, 41, 5, 3, 2, 5, 3, 3, 5, 42, 2, 41, 1, 41, 2, 41, 3, 4, 2, 3, 5, 4, 3, 3, 3, 2, 1, 4, 42, 4, 1, 3, 1, 4, 4, 5, 42, 3, 43, 3, 4, 2, 2, 5, 42, 1, 3, 1, 4, 5, 2, 5, 4, 43, 2, 42, 
67: 0, 3, 2, 0, 0, 4, 0, 0, 3, 2, 0, 44, 0, 4, 0, 5, 0, 5, 2, 0, 1, 5, 5, 0, 0, 0, 0, 0, 0, 0, 0, 3, 0, 3, 1, 3, 3, 0, 0, 0, 4, 1, 41, 1, 3, 1, 0, 1, 0, 4, 4, 0, 5, 0, 0, 5, 2, 0, 1, 3, 0, 0, 42, 42, 4, 4, 5, 0, 3, 5, 4, 41, 0, 0, 5, 1, 3, 0, 2, 0, 3, 2, 0, 0, 0, 2, 4, 0, 0, 0, 4, 0, 4, 0, 0, 0, 5, 2, 2, 1, 4, 0, 4, 0, 3, 0, 40, 3, 0, 2, 2, 0, 0, 4, 5, 0, 2, 4, 4, 5, : 3, 2, 4, 3, 2, 44, 4, 5, 5, 2, 1, 5, 5, 3, 3, 1, 3, 3, 4, 1, 41, 1, 3, 1, 1, 4, 4, 5, 5, 2, 1, 3, 42, 42, 4, 4, 5, 3, 5, 4, 41, 5, 1, 3, 2, 3, 2, 2, 4, 4, 4, 5, 2, 2, 1, 4, 4, 3, 40, 3, 2, 2, 4, 5, 2, 4, 4, 5, 
123: 0, 1, 0, 0, 5, 1, 0, 3, 0, 2, 3, 2, 1, 3, 3, 0, 5, 4, 4, 0, 4, 0, 1, 2, 0, 0, 0, 0, 2, 1, 1, 0, 0, 3, 0, 2, 43, 0, 3, 0, 0, 0, 41, 0, 0, 1, 0, 0, 5, 0, 5, 0, 5, 5, 0, 0, 1, 4, 1, 0, 0, 0, 0, 0, 4, 5, 5, 0, 4, 4, 4, 0, 41, 0, 5, 0, 5, 0, 2, 0, 0, 3, 5, 0, 0, 2, 4, 2, 0, 0, 3, 3, 5, 0, 0, 40, 4, 4, 0, 4, 0, 41, 2, 3, 0, 4, 0, 0, 0, 2, 5, 0, 5, 40, 2, 0, 3, 4, 0, 4, : 1, 5, 1, 3, 2, 3, 2, 1, 3, 3, 5, 4, 4, 4, 1, 2, 2, 1, 1, 3, 2, 43, 3, 41, 1, 5, 5, 5, 5, 1, 4, 1, 4, 5, 5, 4, 4, 4, 41, 5, 5, 2, 3, 5, 2, 4, 2, 3, 3, 5, 40, 4, 4, 4, 41, 2, 3, 4, 2, 5, 5, 40, 2, 3, 4, 4, 
48: 0, 0, 0, 4, 3, 3, 0, 3, 0, 1, 0, 0, 1, 3, 2, 3, 0, 4, 3, 0, 3, 0, 4, 0, 0, 0, 42, 0, 0, 2, 0, 3, 4, 4, 0, 3, 0, 0, 0, 0, 0, 5, 1, 0, 4, 2, 0, 0, 3, 0, 2, 4, 44, 0, 0, 0, 0, 5, 0, 0, 5, 0, 2, 0, 1, 0, 2, 4, 0, 2, 0, 5, 0, 0, 0, 1, 0, 5, 0, 43, 3, 0, 0, 0, 3, 4, 4, 1, 2, 0, 41, 0, 4, 0, 0, 0, 0, 3, 4, 5, 3, 0, 4, 4, 0, 1, 0, 2, 42, 0, 3, 0, 0, 4, 3, 0, 0, 0, 2, 0, : 4, 3, 3, 3, 1, 1, 3, 2, 3, 4, 3, 3, 4, 42, 2, 3, 4, 4, 3, 5, 1, 4, 2, 3, 2, 4, 44, 5, 5, 2, 1, 2, 4, 2, 5, 1, 5, 43, 3, 3, 4, 4, 1, 2, 41, 4, 3, 4, 5, 3, 4, 4, 1, 2, 42, 3, 4, 3, 2, 
58: 0, 0, 4, 0, 0, 5, 0, 3, 0, 5, 0, 0, 0, 2, 0, 3, 0, 4, 0, 42, 0, 1, 2, 0, 5, 2, 2, 41, 0, 1, 41, 0, 5, 2, 2, 2, 4, 5, 2, 0, 4, 42, 4, 0, 0, 5, 2, 0, 2, 0, 2, 0, 0, 0, 5, 0, 3, 2, 0, 43, 0, 2, 0, 0, 2, 0, 1, 1, 0, 4, 1, 0, 2, 0, 0, 1, 1, 0, 0, 0, 1, 4, 3, 5, 42, 3, 3, 1, 0, 3, 0, 1, 2, 0, 0, 3, 2, 0, 0, 1, 2, 3, 5, 0, 4, 0, 0, 4, 0, 2, 0, 0, 5, 4, 0, 41, 1, 0, 0, 1, : 4, 5, 3, 5, 2, 3, 4, 42, 1, 2, 5, 2, 2, 41, 1, 41, 5, 2, 2, 2, 4, 5, 2, 4, 42, 4, 5, 2, 2, 2, 5, 3, 2, 43, 2, 2, 1, 1, 4, 1, 2, 1, 1, 1, 4, 3, 5, 42, 3, 3, 1, 3, 1, 2, 3, 2, 1, 2, 3, 5, 4, 4, 2, 5, 4, 41, 1, 1, 
33: 0, 0, 4, 1, 0, 0, 0, 2, 3, 0, 4, 1, 1, 5, 1, 0, 0, 4, 0, 0, 40, 3, 0, 2, 0, 5, 0, 2, 2, 5, 5, 5, 4, 5, 2, 3, 3, 0, 1, 0, 0, 1, 1, 43, 0, 3, 2, 0, 4, 3, 0, 0, 41, 0, 0, 0, 0, 0, 0, 5, 4, 0, 0, 4, 0, 0, 3, 0, 0, 5, 4, 0, 0, 4, 0, 4, 3, 5, 2, 3, 2, 2, 0, 1, 0, 5, 0, 1, 0, 2, 1, 0, 41, 0, 0, 0, 2, 0, 0, 3, 0, 0, 0, 1, 0, 0, 1, 1, 0, 0, 0, 42, 0, 0, 2, 0, 4, 0, 2, 2, : 4, 1, 2, 3, 4, 1, 1, 5, 1, 4, 40, 3, 2, 5, 2, 2, 5, 5, 5, 4, 5, 2, 3, 3, 1, 1, 1, 43, 3, 2, 4, 3, 41, 5, 4, 4, 3, 5, 4, 4, 4, 3, 5, 2, 3, 2, 2, 1, 5, 1, 2, 1, 41, 2, 3, 1, 1, 1, 42, 2, 4, 2, 2, 
54: 4, 1, 4, 2, 5, 5, 0, 3, 5, 0, 0, 3, 42, 0, 4, 2, 0, 2, 42, 4, 5, 1, 1, 3, 40, 2, 5, 4, 0, 0, 0, 3, 0, 5, 5, 4, 0, 0, 0, 0, 0, 0, 0, 3, 41, 1, 2, 0, 0, 4, 0, 0, 0, 0, 5, 3, 1, 2, 0, 0, 0, 2, 0, 0, 1, 4, 2, 0, 2, 1, 3, 3, 2, 4, 0, 4, 2, 2, 2, 0, 0, 1, 0, 0, 3, 2, 0, 0, 4, 0, 0, 5, 0, 41, 2, 0, 1, 0, 1, 0, 0, 1, 3, 4, 3, 0, 0, 5, 0, 4, 3, 0, 4, 0, 1, 41, 3, 0, 0, 43, : 4, 1, 4, 2, 5, 5, 3, 5, 3, 42, 4, 2, 2, 42, 4, 5, 1, 1, 3, 40, 2, 5, 4, 3, 5, 5, 4, 3, 41, 1, 2, 4, 5, 3, 1, 2, 2, 1, 4, 2, 2, 1, 3, 3, 2, 4, 4, 2, 2, 2, 1, 3, 2, 4, 5, 41, 2, 1, 1, 1, 3, 4, 3, 5, 4, 3, 4, 1, 41, 3, 43, 
70: 0, 0, 0, 0, 0, 0, 0, 4, 0, 0, 0, 0, 2, 4, 4, 2, 2, 3, 0, 2, 3, 5, 0, 0, 5, 0, 5, 1, 3, 1, 0, 1, 0, 4, 0, 5, 0, 0, 0, 0, 0, 5, 4, 0, 5, 5, 0, 40, 1, 0, 5, 3, 3, 0, 0, 0, 5, 2, 0, 0, 3, 0, 0, 0, 5, 1, 2, 0, 41, 4, 4, 0, 0, 0, 0, 0, 2, 5, 0, 0, 5, 4, 0, 0, 40, 2, 2, 0, 40, 0, 0, 3, 4, 0, 2, 0, 0, 0, 4, 2, 0, 0, 0, 3, 1, 2, 0, 3, 3, 0, 43, 4, 1, 0, 5, 2, 4, 43, 0, 3, : 4, 2, 4, 4, 2, 2, 3, 2, 3, 5, 5, 5, 1, 3, 1, 1, 4, 5, 5, 4, 5, 5, 40, 1, 5, 3, 3, 5, 2, 3, 5, 1, 2, 41, 4, 4, 2, 5, 5, 4, 40, 2, 2, 40, 3, 4, 2, 4, 2, 3, 1, 2, 3, 3, 43, 4, 1, 5, 2, 4, 43, 3, 
108: 4, 44, 5, 0, 0, 0, 0, 1, 4, 3, 0, 5, 5, 4, 5, 4, 0, 4, 0, 0, 43, 43, 0, 5, 0, 3, 0, 0, 41, 3, 5, 1, 2, 3, 3, 1, 0, 2, 5, 0, 1, 0, 3, 0, 5, 1, 0, 0, 0, 1, 0, 3, 5, 0, 0, 0, 0, 0, 40, 2, 0, 3, 0, 0, 1, 4, 0, 0, 3, 0, 40, 0, 1, 0, 0, 1, 4, 3, 3, 0, 3, 1, 3, 0, 3, 3, 2, 0, 0, 40, 0, 0, 0, 0, 0, 2, 1, 4, 0, 3, 0, 0, 0, 0, 5, 44, 0, 3, 3, 0, 2, 0, 0, 0, 3, 1, 0, 0, 0, 0, : 4, 44, 5, 1, 4, 3, 5, 5, 4, 5, 4, 4, 43, 43, 5, 3, 41, 3, 5, 1, 2, 3, 3, 1, 2, 5, 1, 3, 5, 1, 1, 3, 5, 40, 2, 3, 1, 4, 3, 40, 1, 1, 4, 3, 3, 3, 1, 3, 3, 3, 2, 40, 2, 1, 4, 3, 5, 44, 3, 3, 2, 3, 1, 
72: 0, 40, 0, 0, 2, 43, 0, 0, 0, 0, 0, 2, 5, 4, 5, 2, 0, 1, 1, 3, 2, 1, 0, 0, 5, 0, 0, 2, 0, 0, 0, 0, 0, 0, 3, 5, 0, 5, 0, 0, 0, 4, 43, 0, 3, 5, 4, 4, 4, 1, 0, 0, 0, 0, 0, 2, 0, 42, 0, 0, 4, 0, 2, 0, 2, 0, 5, 0, 2, 5, 3, 0, 0, 5, 0, 2, 1, 4, 2, 1, 3, 3, 4, 0, 0, 0, 4, 2, 1, 5, 0, 5, 1, 0, 4, 0, 1, 5, 2, 2, 0, 3, 0, 0, 0, 0, 0, 4, 2, 3, 2, 0, 1, 2, 2, 0, 2, 0, 0, 2, : 40, 2, 43, 2, 5, 4, 5, 2, 1, 1, 3, 2, 1, 5, 2, 3, 5, 5, 4, 43, 3, 5, 4, 4, 4, 1, 2, 42, 4, 2, 2, 5, 2, 5, 3, 5, 2, 1, 4, 2, 1, 3, 3, 4, 4, 2, 1, 5, 5, 1, 4, 1, 5, 2, 2, 3, 4, 2, 3, 2, 1, 2, 2, 2, 2, 
139: 0, 4, 0, 0, 1, 2, 4, 0, 0, 0, 5, 1, 0, 3, 0, 4, 0, 0, 3, 0, 2, 5, 42, 1, 5, 4, 0, 0, 0, 1, 0, 5, 0, 3, 3, 2, 0, 0, 0, 0, 42, 0, 0, 0, 5, 2, 0, 1, 0, 0, 4, 5, 0, 2, 0, 4, 1, 0, 0, 2, 0, 0, 0, 0, 3, 4, 5, 2, 0, 4, 0, 5, 3, 2, 0, 43, 5, 0, 43, 1, 4, 1, 0, 1, 43, 5, 0, 0, 0, 2, 5, 0, 2, 0, 0, 4, 0, 0, 0, 0, 5, 0, 2, 0, 5, 1, 0, 3, 0, 4, 42, 0, 4, 0, 1, 0, 40, 4, 1, 0, : 4, 1, 2, 4, 5, 1, 3, 4, 3, 2, 5, 42, 1, 5, 4, 1, 5, 3, 3, 2, 42, 5, 2, 1, 4, 5, 2, 4, 1, 2, 3, 4, 5, 2, 4, 5, 3, 2, 43, 5, 43, 1, 4, 1, 1, 43, 5, 2, 5, 2, 4, 5, 2, 5, 1, 3, 4, 42, 4, 1, 40, 4, 1, 
126: 0, 0, 0, 0, 1, 0, 3, 4, 4, 0, 0, 0, 2, 0, 0, 0, 3, 4, 5, 3, 0, 3, 0, 0, 1, 0, 5, 1, 0, 0, 0, 3, 4, 3, 0, 4, 1, 0, 0, 0, 0, 0, 0, 4, 2, 42, 43, 2, 1, 41, 5, 40, 0, 1, 3, 2, 1, 3, 0, 1, 0, 2, 2, 0, 0, 3, 1, 1, 2, 0, 5, 2, 1, 0, 3, 4, 3, 5, 3, 0, 0, 0, 5, 0, 0, 3, 4, 0, 2, 0, 4, 0, 2, 5, 0, 0, 4, 0, 4, 1, 40, 0, 0, 0, 41, 1, 1, 3, 4, 0, 0, 0, 0, 2, 1, 1, 0, 0, 3, 0, : 1, 3, 4, 4, 2, 3, 4, 5, 3, 3, 1, 5, 1, 3, 4, 3, 4, 1, 4, 2, 42, 43, 2, 1, 41, 5, 40, 1, 3, 2, 1, 3, 1, 2, 2, 3, 1, 1, 2, 5, 2, 1, 3, 4, 3, 5, 3, 5, 3, 4, 2, 4, 2, 5, 4, 4, 1, 40, 41, 1, 1, 3, 4, 2, 1, 1, 3, 
24: 0, 0, 0, 0, 2, 0, 2, 1, 0, 0, 0, 0, 3, 0, 3, 4, 2, 3, 0, 2, 0, 2, 1, 4, 2, 1, 0, 0, 4, 0, 5, 1, 0, 2, 0, 2, 0, 0, 0, 4, 0, 5, 2, 0, 2, 0, 0, 1, 0, 2, 0, 0, 40, 0, 0, 5, 3, 2, 2, 1, 0, 0, 4, 2, 2, 0, 2, 2, 3, 2, 5, 1, 0, 2, 0, 4, 0, 41, 0, 0, 0, 3, 3, 0, 0, 3, 0, 2, 5, 0, 2, 0, 0, 4, 3, 4, 43, 0, 44, 5, 5, 0, 5, 2, 0, 5, 0, 2, 0, 42, 5, 2, 0, 4, 4, 4, 0, 0, 0, 0, : 2, 2, 1, 3, 3, 4, 2, 3, 2, 2, 1, 4, 2, 1, 4, 5, 1, 2, 2, 4, 5, 2, 2, 1, 2, 40, 5, 3, 2, 2, 1, 4, 2, 2, 2, 2, 3, 2, 5, 1, 2, 4, 41, 3, 3, 3, 2, 5, 2, 4, 3, 4, 43, 44, 5, 5, 5, 2, 5, 2, 42, 5, 2, 4, 4, 4, 
28: 0, 0, 0, 2, 2, 3, 5, 2, 44, 2, 5, 4, 0, 3, 0, 40, 0, 4, 2, 1, 4, 3, 40, 1, 41, 0, 0, 4, 0, 5, 0, 40, 0, 5, 1, 0, 0, 0, 42, 0, 0, 0, 2, 0, 0, 1, 4, 1, 4, 4, 0, 0, 2, 0, 3, 2, 2, 0, 0, 43, 0, 3, 3, 2, 1, 4, 3, 0, 0, 0, 5, 5, 1, 3, 42, 0, 0, 0, 3, 44, 3, 0, 1, 3, 0, 3, 0, 4, 43, 2, 4, 42, 1, 0, 0, 0, 43, 3, 0, 1, 0, 0, 0, 1, 5, 0, 2, 0, 5, 3, 2, 0, 3, 4, 1, 0, 4, 0, 1, 0, : 2, 2, 3, 5, 2, 44, 2, 5, 4, 3, 40, 4, 2, 1, 4, 3, 40, 1, 41, 4, 5, 40, 5, 1, 42, 2, 1, 4, 1, 4, 4, 2, 3, 2, 2, 43, 3, 3, 2, 1, 4, 3, 5, 5, 1, 3, 42, 3, 44, 3, 1, 3, 3, 4, 43, 2, 4, 42, 1, 43, 3, 1, 1, 5, 2, 5, 3, 2, 3, 4, 1, 4, 1, 
89: 0, 3, 1, 0, 1, 2, 0, 1, 0, 0, 0, 5, 0, 1, 1, 2, 0, 3, 3, 5, 0, 2, 1, 2, 3, 0, 0, 2, 2, 2, 0, 0, 1, 44, 5, 5, 0, 0, 0, 0, 1, 44, 3, 0, 0, 1, 0, 3, 3, 3, 2, 1, 0, 40, 3, 0, 0, 2, 0, 0, 3, 3, 5, 2, 2, 4, 5, 0, 0, 1, 3, 1, 4, 0, 0, 0, 0, 0, 4, 1, 2, 0, 1, 1, 3, 1, 0, 5, 1, 2, 0, 42, 5, 0, 2, 5, 3, 3, 0, 4, 2, 0, 0, 5, 3, 0, 3, 1, 42, 0, 4, 0, 0, 5, 0, 0, 0, 0, 0, 4, : 3, 1, 1, 2, 1, 5, 1, 1, 2, 3, 3, 5, 2, 1, 2, 3, 2, 2, 2, 1, 44, 5, 5, 1, 44, 3, 1, 3, 3, 3, 2, 1, 40, 3, 2, 3, 3, 5, 2, 2, 4, 5, 1, 3, 1, 4, 4, 1, 2, 1, 1, 3, 1, 5, 1, 2, 42, 5, 2, 5, 3, 3, 4, 2, 5, 3, 3, 1, 42, 4, 5, 4, 
79: 5, 5, 0, 2, 0, 0, 0, 5, 1, 2, 1, 0, 0, 0, 4, 0, 0, 0, 2, 0, 0, 0, 0, 1, 0, 0, 0, 5, 5, 43, 1, 2, 1, 44, 2, 1, 0, 0, 0, 0, 0, 0, 0, 0, 43, 2, 0, 0, 0, 2, 0, 2, 1, 0, 0, 5, 5, 0, 0, 1, 0, 0, 0, 0, 2, 2, 5, 0, 1, 0, 1, 0, 0, 41, 4, 0, 0, 0, 2, 41, 0, 0, 0, 0, 0, 0, 0, 0, 0, 0, 3, 2, 43, 0, 2, 0, 0, 0, 5, 2, 0, 0, 0, 0, 0, 3, 0, 5, 3, 0, 5, 0, 0, 1, 5, 0, 42, 0, 0, 0, : 5, 5, 2, 5, 1, 2, 1, 4, 2, 1, 5, 5, 43, 1, 2, 1, 44, 2, 1, 43, 2, 2, 2, 1, 5, 5, 1, 2, 2, 5, 1, 1, 41, 4, 2, 41, 3, 2, 43, 2, 5, 2, 3, 5, 3, 5, 1, 5, 42, 
104: 0, 4, 0, 41, 4, 1, 0, 0, 3, 0, 0, 0, 0, 2, 2, 1, 0, 4, 0, 0, 0, 5, 1, 40, 1, 0, 0, 42, 5, 2, 4, 5, 0, 2, 4, 3, 0, 4, 0, 0, 0, 4, 2, 0, 2, 1, 0, 0, 0, 1, 0, 1, 2, 0, 0, 5, 0, 2, 43, 0, 0, 0, 0, 0, 4, 1, 0, 0, 5, 0, 2, 0, 42, 3, 0, 3, 0, 3, 5, 0, 1, 3, 3, 3, 0, 2, 3, 0, 5, 0, 0, 0, 0, 41, 0, 0, 3, 3, 1, 0, 2, 3, 0, 0, 0, 0, 0, 3, 0, 0, 5, 2, 0, 4, 3, 0, 5, 0, 0, 0, : 4, 41, 4, 1, 3, 2, 2, 1, 4, 5, 1, 40, 1, 42, 5, 2, 4, 5, 2, 4, 3, 4, 4, 2, 2, 1, 1, 1, 2, 5, 2, 43, 4, 1, 5, 2, 42, 3, 3, 3, 5, 1, 3, 3, 3, 2, 3, 5, 41, 3, 3, 1, 2, 3, 3, 5, 2, 4, 3, 5, 
93: 2, 0, 0, 5, 0, 0, 5, 40, 5, 4, 1, 1, 0, 5, 3, 0, 5, 1, 4, 0, 1, 0, 0, 0, 2, 2, 0, 0, 5, 4, 4, 0, 2, 5, 0, 4, 4, 2, 0, 0, 0, 0, 44, 0, 1, 5, 0, 4, 0, 1, 4, 5, 3, 0, 0, 0, 1, 0, 0, 0, 2, 44, 4, 0, 0, 1, 0, 41, 2, 2, 5, 5, 5, 0, 0, 0, 0, 3, 1, 5, 3, 42, 2, 0, 3, 3, 0, 42, 0, 0, 3, 0, 1, 0, 0, 2, 0, 41, 0, 0, 0, 2, 0, 4, 0, 1, 0, 5, 4, 1, 0, 0, 5, 2, 3, 4, 1, 0, 4, 1, : 2, 5, 5, 40, 5, 4, 1, 1, 5, 3, 5, 1, 4, 1, 2, 2, 5, 4, 4, 2, 5, 4, 4, 2, 44, 1, 5, 4, 1, 4, 5, 3, 1, 2, 44, 4, 1, 41, 2, 2, 5, 5, 5, 3, 1, 5, 3, 42, 2, 3, 3, 42, 3, 1, 2, 41, 2, 4, 1, 5, 4, 1, 5, 2, 3, 4, 1, 4, 1, 
38: 1, 5, 0, 1, 1, 0, 0, 0, 1, 0, 0, 0, 3, 0, 1, 2, 42, 42, 42, 0, 0, 0, 0, 0, 0, 4, 3, 0, 0, 0, 0, 1, 0, 2, 5, 2, 0, 1, 5, 0, 0, 2, 0, 2, 1, 2, 3, 4, 3, 0, 2, 5, 0, 1, 40, 0, 0, 0, 0, 0, 2, 2, 5, 0, 0, 2, 5, 0, 3, 3, 0, 0, 5, 5, 2, 2, 0, 0, 2, 44, 3, 2, 1, 1, 4, 1, 5, 0, 4, 2, 0, 2, 0, 0, 0, 4, 0, 0, 0, 0, 2, 0, 5, 5, 2, 1, 1, 4, 3, 3, 2, 0, 1, 0, 0, 2, 0, 3, 3, 0, : 1, 5, 1, 1, 1, 3, 1, 2, 42, 42, 42, 4, 3, 1, 2, 5, 2, 1, 5, 2, 2, 1, 2, 3, 4, 3, 2, 5, 1, 40, 2, 2, 5, 2, 5, 3, 3, 5, 5, 2, 2, 2, 44, 3, 2, 1, 1, 4, 1, 5, 4, 2, 2, 4, 2, 5, 5, 2, 1, 1, 4, 3, 3, 2, 1, 2, 3, 3, 
96: 0, 0, 0, 0, 1, 5, 0, 0, 3, 0, 0, 0, 2, 3, 1, 1, 0, 2, 0, 0, 2, 1, 0, 1, 0, 0, 0, 40, 5, 0, 44, 3, 3, 0, 0, 1, 3, 0, 1, 42, 0, 2, 2, 3, 0, 4, 0, 0, 0, 0, 3, 1, 0, 0, 0, 5, 4, 0, 0, 2, 0, 0, 5, 5, 0, 1, 0, 0, 0, 4, 4, 0, 43, 0, 0, 5, 4, 1, 1, 0, 3, 0, 3, 3, 1, 2, 0, 0, 1, 2, 2, 2, 0, 0, 3, 0, 0, 0, 2, 5, 3, 0, 0, 1, 0, 0, 5, 1, 4, 0, 4, 0, 0, 4, 4, 0, 5, 4, 2, 4, : 1, 5, 3, 2, 3, 1, 1, 2, 2, 1, 1, 40, 5, 44, 3, 3, 1, 3, 1, 42, 2, 2, 3, 4, 3, 1, 5, 4, 2, 5, 5, 1, 4, 4, 43, 5, 4, 1, 1, 3, 3, 3, 1, 2, 1, 2, 2, 2, 3, 2, 5, 3, 1, 5, 1, 4, 4, 4, 4, 5, 4, 2, 4, 
134: 0, 1, 0, 3, 2, 1, 0, 0, 3, 5, 0, 0, 4, 5, 2, 3, 0, 0, 0, 41, 5, 4, 41, 0, 5, 1, 0, 1, 4, 5, 1, 43, 1, 0, 1, 5, 44, 0, 0, 0, 0, 1, 4, 0, 4, 2, 0, 4, 1, 0, 2, 44, 0, 1, 0, 0, 0, 4, 0, 0, 2, 0, 3, 0, 40, 0, 0, 0, 0, 3, 0, 0, 0, 0, 0, 42, 0, 0, 3, 0, 0, 4, 5, 0, 0, 4, 1, 3, 1, 0, 0, 0, 0, 0, 0, 3, 42, 3, 0, 2, 0, 4, 1, 0, 4, 5, 1, 0, 0, 0, 0, 0, 0, 0, 3, 3, 2, 1, 0, 4, : 1, 3, 2, 1, 3, 5, 4, 5, 2, 3, 41, 5, 4, 41, 5, 1, 1, 4, 5, 1, 43, 1, 1, 5, 44, 1, 4, 4, 2, 4, 1, 2, 44, 1, 4, 2, 3, 40, 3, 42, 3, 4, 5, 4, 1, 3, 1, 3, 42, 3, 2, 4, 1, 4, 5, 1, 3, 3, 2, 1, 4, 
2: 1, 0, 3, 4, 3, 0, 0, 0, 0, 2, 3, 0, 1, 2, 2, 4, 2, 5, 0, 0, 1, 0, 0, 3, 0, 0, 0, 3, 5, 4, 0, 4, 1, 0, 0, 0, 1, 42, 3, 0, 0, 0, 0, 0, 4, 1, 3, 0, 0, 1, 0, 2, 0, 5, 0, 2, 2, 0, 0, 5, 0, 2, 0, 0, 1, 1, 1, 4, 0, 0, 3, 4, 3, 0, 0, 4, 3, 0, 0, 0, 0, 0, 1, 2, 5, 4, 41, 0, 0, 5, 4, 2, 1, 4, 3, 0, 0, 5, 40, 4, 2, 5, 43, 3, 1, 4, 41, 1, 0, 0, 5, 43, 4, 1, 1, 0, 0, 2, 0, 0, : 1, 3, 4, 3, 2, 3, 1, 2, 2, 4, 2, 5, 1, 3, 3, 5, 4, 4, 1, 1, 42, 3, 4, 1, 3, 1, 2, 5, 2, 2, 5, 2, 1, 1, 1, 4, 3, 4, 3, 4, 3, 1, 2, 5, 4, 41, 5, 4, 2, 1, 4, 3, 5, 40, 4, 2, 5, 43, 3, 1, 4, 41, 1, 5, 43, 4, 1, 1, 2, 
16: 43, 0, 0, 3, 0, 2, 3, 4, 42, 3, 0, 4, 0, 1, 42, 0, 4, 2, 0, 2, 44, 3, 0, 0, 0, 0, 0, 4, 1, 5, 4, 0, 0, 5, 0, 43, 0, 1, 3, 4, 0, 3, 0, 0, 5, 2, 41, 1, 5, 5, 0, 0, 2, 0, 2, 2, 0, 1, 43, 0, 0, 3, 0, 0, 4, 5, 1, 1, 1, 0, 2, 1, 0, 3, 0, 3, 0, 0, 4, 0, 0, 5, 2, 2, 0, 1, 0, 0, 0, 0, 4, 0, 0, 44, 1, 2, 1, 1, 4, 0, 3, 4, 4, 5, 0, 0, 0, 0, 3, 4, 0, 0, 2, 0, 1, 0, 1, 0, 44, 1, : 43, 3, 2, 3, 4, 42, 3, 4, 1, 42, 4, 2, 2, 44, 3, 4, 1, 5, 4, 5, 43, 1, 3, 4, 3, 5, 2, 41, 1, 5, 5, 2, 2, 2, 1, 43, 3, 4, 5, 1, 1, 1, 2, 1, 3, 3, 4, 5, 2, 2, 1, 4, 44, 1, 2, 1, 1, 4, 3, 4, 4, 5, 3, 4, 2, 1, 1, 44, 1, 
105: 41, 2, 0, 3, 1, 0, 0, 4, 2, 4, 0, 0, 0, 1, 2, 5, 0, 0, 0, 0, 0, 3, 4, 2, 3, 1, 3, 5, 0, 0, 40, 4, 1, 0, 0, 1, 0, 40, 0, 0, 2, 0, 0, 0, 4, 1, 4, 0, 2, 1, 1, 0, 4, 2, 0, 0, 0, 4, 0, 0, 0, 0, 3, 0, 1, 0, 2, 2, 0, 41, 4, 0, 43, 4, 4, 2, 2, 0, 4, 0, 0, 0, 0, 41, 3, 1, 43, 3, 5, 0, 0, 5, 0, 0, 4, 5, 3, 4, 4, 5, 4, 0, 0, 1, 1, 0, 3, 2, 5, 0, 0, 0, 4, 0, 5, 2, 0, 0, 0, 4, : 41, 2, 3, 1, 4, 2, 4, 1, 2, 5, 3, 4, 2, 3, 1, 3, 5, 40, 4, 1, 1, 40, 2, 4, 1, 4, 2, 1, 1, 4, 2, 4, 3, 1, 2, 2, 41, 4, 43, 4, 4, 2, 2, 4, 41, 3, 1, 43, 3, 5, 5, 4, 5, 3, 4, 4, 5, 4, 1, 1, 3, 2, 5, 4, 5, 2, 4, 
122: 3, 0, 0, 4, 2, 4, 0, 0, 2, 4, 2, 0, 0, 0, 0, 1, 2, 0, 0, 0, 4, 0, 0, 0, 2, 0, 0, 0, 1, 0, 2, 0, 0, 3, 0, 1, 3, 0, 3, 0, 0, 5, 0, 5, 43, 5, 0, 0, 42, 2, 1, 0, 0, 0, 0, 0, 0, 1, 0, 0, 4, 1, 4, 0, 5, 3, 5, 5, 1, 2, 43, 0, 2, 0, 0, 1, 4, 0, 1, 0, 2, 0, 0, 0, 2, 3, 4, 0, 0, 0, 0, 0, 2, 0, 0, 2, 0, 3, 0, 1, 0, 4, 3, 5, 0, 0, 0, 0, 0, 3, 5, 0, 2, 1, 2, 0, 0, 40, 0, 0, : 3, 4, 2, 4, 2, 4, 2, 1, 2, 4, 2, 1, 2, 3, 1, 3, 3, 5, 5, 43, 5, 42, 2, 1, 1, 4, 1, 4, 5, 3, 5, 5, 1, 2, 43, 2, 1, 4, 1, 2, 2, 3, 4, 2, 2, 3, 1, 4, 3, 5, 3, 5, 2, 1, 2, 40, 
83: 0, 0, 0, 5, 3, 0, 0, 0, 0, 0, 0, 0, 0, 0, 2, 5, 0, 1, 0, 5, 0, 4, 5, 0, 0, 5, 1, 0, 2, 0, 4, 3, 5, 5, 0, 3, 1, 0, 0, 0, 0, 0, 3, 0, 2, 4, 2, 4, 4, 4, 3, 5, 0, 0, 0, 4, 4, 1, 0, 5, 0, 2, 1, 2, 0, 0, 0, 0, 0, 0, 5, 3, 4, 5, 0, 3, 0, 44, 5, 42, 0, 0, 3, 0, 0, 42, 5, 0, 5, 0, 0, 0, 0, 2, 0, 3, 5, 0, 0, 3, 43, 2, 4, 2, 0, 2, 0, 2, 0, 2, 5, 4, 2, 4, 1, 41, 0, 0, 1, 0, : 5, 3, 2, 5, 1, 5, 4, 5, 5, 1, 2, 4, 3, 5, 5, 3, 1, 3, 2, 4, 2, 4, 4, 4, 3, 5, 4, 4, 1, 5, 2, 1, 2, 5, 3, 4, 5, 3, 44, 5, 42, 3, 42, 5, 5, 2, 3, 5, 3, 43, 2, 4, 2, 2, 2, 2, 5, 4, 2, 4, 1, 41, 1, 
7: 1, 42, 0, 0, 3, 1, 0, 0, 3, 40, 4, 0, 3, 4, 2, 2, 1, 5, 3, 1, 1, 2, 5, 0, 3, 0, 0, 2, 3, 0, 4, 2, 0, 2, 5, 3, 0, 0, 2, 0, 2, 0, 3, 0, 0, 0, 0, 2, 44, 40, 3, 5, 5, 0, 1, 2, 5, 0, 0, 3, 0, 0, 1, 0, 3, 0, 3, 0, 2, 2, 3, 0, 0, 0, 2, 4, 0, 2, 5, 0, 4, 4, 1, 5, 0, 1, 3, 0, 2, 3, 4, 0, 0, 0, 0, 0, 1, 1, 0, 1, 40, 5, 5, 2, 1, 0, 1, 44, 0, 2, 4, 0, 2, 2, 4, 0, 41, 3, 5, 0, : 1, 42, 3, 1, 3, 40, 4, 3, 4, 2, 2, 1, 5, 3, 1, 1, 2, 5, 3, 2, 3, 4, 2, 2, 5, 3, 2, 2, 3, 2, 44, 40, 3, 5, 5, 1, 2, 5, 3, 1, 3, 3, 2, 2, 3, 2, 4, 2, 5, 4, 4, 1, 5, 1, 3, 2, 3, 4, 1, 1, 1, 40, 5, 5, 2, 1, 1, 44, 2, 4, 2, 2, 4, 41, 3, 5, 
124: 0, 4, 4, 5, 43, 0, 0, 0, 0, 0, 5, 5, 0, 0, 5, 2, 5, 1, 2, 0, 0, 1, 0, 2, 3, 0, 4, 1, 0, 0, 1, 0, 0, 0, 43, 3, 2, 4, 0, 0, 0, 0, 3, 40, 1, 3, 44, 0, 4, 0, 0, 0, 0, 0, 3, 2, 1, 0, 0, 0, 4, 2, 1, 0, 1, 3, 5, 0, 5, 0, 1, 0, 0, 40, 41, 0, 2, 0, 1, 0, 3, 2, 40, 0, 0, 3, 5, 1, 5, 5, 0, 0, 0, 43, 4, 0, 2, 3, 5, 2, 5, 2, 0, 4, 0, 0, 0, 0, 1, 0, 0, 0, 0, 2, 0, 4, 0, 0, 5, 1, : 4, 4, 5, 43, 5, 5, 5, 2, 5, 1, 2, 1, 2, 3, 4, 1, 1, 43, 3, 2, 4, 3, 40, 1, 3, 44, 4, 3, 2, 1, 4, 2, 1, 1, 3, 5, 5, 1, 40, 41, 2, 1, 3, 2, 40, 3, 5, 1, 5, 5, 43, 4, 2, 3, 5, 2, 5, 2, 4, 1, 2, 4, 5, 1, 
100: 0, 3, 0, 2, 4, 4, 3, 1, 4, 0, 0, 4, 1, 0, 5, 0, 41, 4, 0, 4, 0, 1, 1, 0, 4, 3, 0, 2, 2, 0, 3, 0, 0, 2, 5, 5, 4, 1, 40, 5, 0, 0, 3, 0, 2, 2, 0, 0, 4, 4, 3, 5, 0, 1, 0, 1, 0, 0, 1, 40, 4, 0, 3, 0, 5, 0, 0, 0, 0, 4, 5, 5, 5, 0, 1, 0, 0, 0, 4, 5, 0, 0, 5, 5, 0, 1, 0, 41, 5, 0, 0, 5, 42, 3, 40, 0, 0, 43, 2, 2, 0, 1, 0, 0, 0, 0, 5, 3, 0, 0, 0, 0, 4, 0, 0, 0, 0, 5, 0, 0, : 3, 2, 4, 4, 3, 1, 4, 4, 1, 5, 41, 4, 4, 1, 1, 4, 3, 2, 2, 3, 2, 5, 5, 4, 1, 40, 5, 3, 2, 2, 4, 4, 3, 5, 1, 1, 1, 40, 4, 3, 5, 4, 5, 5, 5, 1, 4, 5, 5, 5, 1, 41, 5, 5, 42, 3, 40, 43, 2, 2, 1, 5, 3, 4, 5, 
107: 0, 0, 0, 0, 4, 0, 1, 4, 4, 2, 0, 0, 40, 1, 5, 4, 0, 1, 0, 0, 1, 4, 3, 0, 3, 3, 4, 4, 0, 0, 0, 0, 2, 2, 0, 5, 1, 0, 4, 0, 0, 0, 1, 0, 1, 0, 0, 1, 4, 0, 0, 0, 0, 1, 0, 0, 1, 4, 0, 0, 4, 0, 0, 0, 0, 3, 0, 4, 0, 0, 1, 0, 0, 0, 44, 4, 5, 4, 40, 4, 5, 0, 0, 0, 0, 3, 0, 0, 4, 0, 0, 0, 0, 0, 0, 3, 2, 1, 1, 0, 0, 0, 2, 3, 0, 0, 1, 5, 2, 0, 3, 43, 5, 1, 0, 0, 4, 5, 5, 1, : 4, 1, 4, 4, 2, 40, 1, 5, 4, 1, 1, 4, 3, 3, 3, 4, 4, 2, 2, 5, 1, 4, 1, 1, 1, 4, 1, 1, 4, 4, 3, 4, 1, 44, 4, 5, 4, 40, 4, 5, 3, 4, 3, 2, 1, 1, 2, 3, 1, 5, 2, 3, 43, 5, 1, 4, 5, 5, 1, 
35: 5, 5, 4, 1, 0, 3, 0, 3, 4, 0, 0, 1, 0, 1, 4, 0, 0, 2, 0, 1, 1, 2, 0, 1, 1, 1, 0, 0, 0, 1, 0, 2, 41, 0, 1, 2, 4, 0, 3, 0, 3, 4, 5, 0, 3, 0, 0, 1, 0, 43, 4, 0, 0, 0, 0, 0, 5, 3, 0, 0, 0, 1, 0, 43, 2, 4, 5, 0, 4, 0, 0, 42, 1, 1, 0, 2, 41, 0, 1, 0, 2, 1, 0, 0, 0, 5, 4, 0, 0, 0, 3, 3, 0, 0, 4, 0, 0, 41, 0, 1, 2, 0, 0, 0, 0, 3, 0, 0, 1, 1, 4, 1, 0, 5, 0, 1, 0, 44, 0, 4, : 5, 5, 4, 1, 3, 3, 4, 1, 1, 4, 2, 1, 1, 2, 1, 1, 1, 1, 2, 41, 1, 2, 4, 3, 3, 4, 5, 3, 1, 43, 4, 5, 3, 1, 43, 2, 4, 5, 4, 42, 1, 1, 2, 41, 1, 2, 1, 5, 4, 3, 3, 4, 41, 1, 2, 3, 1, 1, 4, 1, 5, 1, 44, 4, 
149: 0, 0, 0, 4, 3, 2, 3, 1, 4, 3, 0, 0, 1, 0, 3, 1, 0, 1, 0, 0, 0, 1, 1, 0, 5, 0, 5, 0, 3, 0, 0, 0, 0, 0, 40, 3, 1, 0, 2, 3, 0, 2, 0, 0, 5, 42, 1, 0, 3, 3, 0, 0, 0, 0, 0, 0, 1, 0, 0, 0, 0, 4, 0, 5, 0, 1, 5, 0, 0, 0, 0, 5, 0, 0, 3, 0, 43, 1, 3, 0, 3, 1, 0, 0, 0, 4, 0, 0, 2, 0, 5, 4, 0, 2, 5, 3, 4, 1, 1, 0, 0, 0, 4, 5, 0, 0, 4, 5, 0, 0, 0, 0, 3, 0, 41, 0, 2, 0, 3, 4, : 4, 3, 2, 3, 1, 4, 3, 1, 3, 1, 1, 1, 1, 5, 5, 3, 40, 3, 1, 2, 3, 2, 5, 42, 1, 3, 3, 1, 4, 5, 1, 5, 5, 3, 43, 1, 3, 3, 1, 4, 2, 5, 4, 2, 5, 3, 4, 1, 1, 4, 5, 4, 5, 3, 41, 2, 3, 4, 
22: 1, 4, 0, 2, 3, 3, 0, 3, 2, 0, 0, 5, 0, 5, 2, 5, 0, 5, 1, 0, 4, 2, 4, 5, 0, 1, 3, 0, 41, 1, 2, 0, 5, 1, 0, 40, 0, 0, 4, 0, 0, 0, 0, 0, 4, 0, 0, 0, 3, 3, 0, 5, 0, 0, 0, 2, 4, 0, 5, 0, 0, 5, 3, 43, 5, 5, 1, 0, 5, 5, 2, 0, 5, 0, 5, 1, 1, 0, 3, 0, 3, 2, 0, 2, 0, 4, 0, 0, 0, 0, 0, 5, 0, 0, 0, 0, 4, 5, 0, 1, 3, 3, 2, 4, 1, 0, 0, 3, 41, 0, 0, 3, 0, 44, 0, 0, 42, 0, 0, 0, : 1, 4, 2, 3, 3, 3, 2, 5, 5, 2, 5, 5, 1, 4, 2, 4, 5, 1, 3, 41, 1, 2, 5, 1, 40, 4, 4, 3, 3, 5, 2, 4, 5, 5, 3, 43, 5, 5, 1, 5, 5, 2, 5, 5, 1, 1, 3, 3, 2, 2, 4, 5, 4, 5, 1, 3, 3, 2, 4, 1, 3, 41, 3, 44, 42, 
112: 0, 3, 1, 2, 5, 0, 2, 5, 5, 1, 41, 1, 2, 4, 4, 0, 0, 3, 1, 2, 2, 5, 44, 41, 40, 42, 0, 0, 0, 0, 4, 4, 41, 0, 4, 3, 1, 0, 0, 4, 1, 5, 0, 0, 2, 5, 0, 40, 40, 1, 0, 5, 0, 40, 0, 0, 0, 0, 0, 5, 0, 2, 0, 0, 1, 3, 2, 0, 0, 0, 0, 43, 3, 1, 40, 5, 5, 4, 0, 0, 1, 5, 1, 0, 0, 4, 40, 0, 2, 40, 0, 0, 0, 0, 41, 0, 41, 3, 0, 2, 0, 0, 0, 0, 43, 2, 3, 0, 0, 3, 3, 0, 0, 3, 5, 3, 5, 4, 0, 5, : 3, 1, 2, 5, 2, 5, 5, 1, 41, 1, 2, 4, 4, 3, 1, 2, 2, 5, 44, 41, 40, 42, 4, 4, 41, 4, 3, 1, 4, 1, 5, 2, 5, 40, 40, 1, 5, 40, 5, 2, 1, 3, 2, 43, 3, 1, 40, 5, 5, 4, 1, 5, 1, 4, 40, 2, 40, 41, 41, 3, 2, 43, 2, 3, 3, 3, 3, 5, 3, 5, 4, 5, 
90: 3, 0, 0, 4, 1, 5, 0, 0, 0, 0, 0, 0, 0, 0, 2, 0, 0, 4, 0, 3, 5, 0, 0, 1, 0, 4, 0, 1, 0, 0, 0, 0, 4, 0, 0, 2, 3, 0, 0, 0, 3, 0, 3, 0, 0, 4, 0, 0, 40, 4, 3, 0, 4, 0, 0, 2, 2, 0, 0, 2, 0, 3, 0, 0, 3, 44, 1, 0, 0, 0, 3, 0, 0, 0, 0, 0, 5, 0, 0, 0, 1, 0, 2, 43, 0, 5, 0, 41, 1, 0, 3, 3, 3, 0, 1, 2, 0, 4, 5, 4, 0, 4, 0, 4, 0, 0, 0, 3, 0, 0, 4, 0, 4, 1, 4, 0, 0, 3, 0, 0, : 3, 4, 1, 5, 2, 4, 3, 5, 1, 4, 1, 4, 2, 3, 3, 3, 4, 40, 4, 3, 4, 2, 2, 2, 3, 3, 44, 1, 3, 5, 1, 2, 43, 5, 41, 1, 3, 3, 3, 1, 2, 4, 5, 4, 4, 4, 3, 4, 4, 1, 4, 3, 
157: 2, 0, 0, 0, 5, 41, 4, 0, 5, 0, 0, 0, 0, 2, 0, 2, 2, 0, 5, 0, 0, 4, 2, 5, 4, 0, 0, 3, 0, 0, 1, 0, 0, 0, 0, 1, 40, 0, 0, 0, 0, 0, 2, 0, 5, 5, 0, 0, 3, 4, 1, 0, 0, 2, 42, 0, 40, 0, 0, 1, 2, 0, 1, 0, 2, 5, 5, 0, 4, 3, 2, 0, 0, 2, 0, 2, 0, 43, 4, 0, 0, 0, 0, 0, 0, 3, 0, 5, 5, 0, 0, 3, 1, 0, 0, 0, 2, 1, 2, 4, 0, 3, 2, 3, 0, 3, 4, 0, 1, 3, 0, 0, 1, 0, 0, 0, 2, 0, 0, 4, : 2, 5, 41, 4, 5, 2, 2, 2, 5, 4, 2, 5, 4, 3, 1, 1, 40, 2, 5, 5, 3, 4, 1, 2, 42, 40, 1, 2, 1, 2, 5, 5, 4, 3, 2, 2, 2, 43, 4, 3, 5, 5, 3, 1, 2, 1, 2, 4, 3, 2, 3, 3, 4, 1, 3, 1, 2, 4, 
57: 0, 0, 0, 1, 4, 4, 2, 3, 0, 0, 0, 3, 40, 2, 2, 0, 42, 0, 1, 5, 0, 0, 0, 0, 3, 0, 5, 2, 0, 2, 2, 5, 0, 0, 1, 3, 43, 1, 5, 0, 0, 3, 0, 0, 0, 3, 0, 5, 0, 0, 0, 5, 0, 0, 0, 2, 3, 3, 0, 3, 3, 1, 5, 0, 5, 4, 3, 0, 3, 3, 0, 5, 0, 3, 4, 3, 0, 0, 2, 0, 0, 5, 3, 0, 3, 0, 0, 0, 4, 0, 1, 4, 0, 0, 0, 0, 3, 0, 0, 2, 0, 0, 5, 1, 44, 42, 5, 2, 5, 5, 4, 4, 0, 2, 2, 1, 0, 0, 5, 2, : 1, 4, 4, 2, 3, 3, 40, 2, 2, 42, 1, 5, 3, 5, 2, 2, 2, 5, 1, 3, 43, 1, 5, 3, 3, 5, 5, 2, 3, 3, 3, 3, 1, 5, 5, 4, 3, 3, 3, 5, 3, 4, 3, 2, 5, 3, 3, 4, 1, 4, 3, 2, 5, 1, 44, 42, 5, 2, 5, 5, 4, 4, 2, 2, 1, 5, 2, 
132: 5, 2, 0, 5, 2, 4, 4, 0, 2, 0, 0, 5, 4, 2, 0, 2, 0, 4, 0, 0, 0, 0, 1, 0, 5, 4, 0, 4, 0, 2, 41, 4, 0, 0, 42, 1, 4, 5, 5, 0, 4, 5, 0, 0, 4, 0, 41, 0, 1, 2, 3, 4, 0, 41, 3, 0, 0, 4, 4, 5, 41, 0, 3, 4, 1, 4, 0, 5, 5, 41, 0, 0, 1, 0, 3, 3, 4, 0, 3, 5, 0, 0, 4, 3, 0, 1, 4, 3, 0, 1, 1, 5, 5, 0, 2, 0, 0, 1, 4, 2, 43, 0, 41, 4, 0, 5, 0, 0, 2, 2, 3, 0, 0, 5, 2, 2, 5, 0, 1, 2, : 5, 2, 5, 2, 4, 4, 2, 5, 4, 2, 2, 4, 1, 5, 4, 4, 2, 41, 4, 42, 1, 4, 5, 5, 4, 5, 4, 41, 1, 2, 3, 4, 41, 3, 4, 4, 5, 41, 3, 4, 1, 4, 5, 5, 41, 1, 3, 3, 4, 3, 5, 4, 3, 1, 4, 3, 1, 1, 5, 5, 2, 1, 4, 2, 43, 41, 4, 5, 2, 2, 3, 5, 2, 2, 5, 1, 2, 
118: 0, 1, 0, 4, 1, 44, 0, 2, 0, 1, 40, 0, 3, 0, 3, 2, 3, 5, 5, 2, 0, 40, 2, 0, 0, 0, 0, 0, 5, 1, 0, 0, 3, 0, 1, 1, 1, 0, 0, 0, 4, 0, 0, 0, 5, 4, 0, 0, 0, 0, 0, 0, 2, 5, 1, 5, 0, 0, 0, 0, 0, 41, 0, 2, 0, 0, 0, 0, 2, 2, 0, 3, 3, 0, 0, 0, 5, 4, 1, 0, 5, 2, 3, 0, 0, 2, 0, 0, 0, 4, 0, 0, 44, 2, 3, 2, 5, 3, 0, 4, 0, 41, 0, 5, 1, 0, 4, 3, 0, 3, 3, 0, 0, 1, 5, 5, 4, 4, 0, 5, : 1, 4, 1, 44, 2, 1, 40, 3, 3, 2, 3, 5, 5, 2, 40, 2, 5, 1, 3, 1, 1, 1, 4, 5, 4, 2, 5, 1, 5, 41, 2, 2, 2, 3, 3, 5, 4, 1, 5, 2, 3, 2, 4, 44, 2, 3, 2, 5, 3, 4, 41, 5, 1, 4, 3, 3, 3, 1, 5, 5, 4, 4, 5, 
128: 0, 0, 0, 4, 2, 2, 40, 5, 3, 5, 5, 2, 2, 1, 5, 3, 0, 2, 40, 0, 0, 0, 0, 3, 1, 3, 4, 0, 0, 0, 0, 3, 0, 0, 0, 4, 0, 0, 3, 0, 0, 0, 3, 0, 1, 5, 0, 0, 0, 5, 3, 0, 0, 2, 0, 5, 0, 1, 42, 5, 2, 0, 41, 0, 0, 1, 0, 2, 0, 0, 0, 0, 0, 0, 2, 0, 2, 0, 4, 0, 2, 0, 4, 2, 3, 3, 0, 0, 4, 0, 0, 2, 0, 1, 0, 0, 0, 0, 0, 5, 0, 41, 0, 5, 0, 0, 1, 1, 0, 5, 2, 0, 5, 5, 44, 0, 0, 5, 0, 0, : 4, 2, 2, 40, 5, 3, 5, 5, 2, 2, 1, 5, 3, 2, 40, 3, 1, 3, 4, 3, 4, 3, 3, 1, 5, 5, 3, 2, 5, 1, 42, 5, 2, 41, 1, 2, 2, 2, 4, 2, 4, 2, 3, 3, 4, 2, 1, 5, 41, 5, 1, 1, 5, 2, 5, 5, 44, 5, 
125: 43, 3, 0, 1, 3, 0, 0, 1, 0, 0, 0, 2, 3, 0, 3, 0, 4, 0, 5, 2, 1, 0, 5, 3, 0, 1, 0, 5, 1, 1, 1, 1, 0, 0, 1, 5, 0, 2, 43, 0, 0, 0, 0, 0, 2, 3, 0, 0, 0, 2, 1, 4, 0, 0, 0, 4, 2, 0, 0, 0, 0, 1, 0, 0, 2, 2, 40, 0, 3, 0, 1, 1, 2, 0, 2, 0, 5, 0, 3, 0, 5, 43, 0, 2, 0, 4, 0, 4, 5, 3, 0, 0, 2, 3, 4, 0, 3, 3, 1, 4, 0, 2, 0, 0, 0, 0, 0, 4, 5, 4, 0, 0, 5, 1, 40, 0, 2, 0, 4, 0, : 43, 3, 1, 3, 1, 2, 3, 3, 4, 5, 2, 1, 5, 3, 1, 5, 1, 1, 1, 1, 1, 5, 2, 43, 2, 3, 2, 1, 4, 4, 2, 1, 2, 2, 40, 3, 1, 1, 2, 2, 5, 3, 5, 43, 2, 4, 4, 5, 3, 2, 3, 4, 3, 3, 1, 4, 2, 4, 5, 4, 5, 1, 40, 2, 4, 
137: 2, 0, 0, 2, 5, 2, 2, 3, 4, 43, 3, 0, 4, 5, 2, 0, 4, 1, 2, 0, 5, 4, 1, 3, 4, 2, 0, 5, 1, 4, 0, 1, 4, 0, 3, 5, 4, 0, 3, 2, 2, 40, 0, 42, 5, 4, 0, 1, 0, 0, 1, 0, 0, 3, 4, 2, 1, 0, 0, 0, 43, 1, 0, 0, 4, 1, 3, 0, 4, 2, 42, 0, 0, 0, 4, 0, 2, 2, 3, 0, 4, 0, 0, 1, 5, 0, 0, 5, 2, 2, 40, 3, 3, 42, 5, 0, 0, 1, 3, 2, 3, 3, 2, 3, 5, 0, 0, 1, 0, 0, 0, 0, 5, 41, 0, 0, 3, 0, 0, 2, : 2, 2, 5, 2, 2, 3, 4, 43, 3, 4, 5, 2, 4, 1, 2, 5, 4, 1, 3, 4, 2, 5, 1, 4, 1, 4, 3, 5, 4, 3, 2, 2, 40, 42, 5, 4, 1, 1, 3, 4, 2, 1, 43, 1, 4, 1, 3, 4, 2, 42, 4, 2, 2, 3, 4, 1, 5, 5, 2, 2, 40, 3, 3, 42, 5, 1, 3, 2, 3, 3, 2, 3, 5, 1, 5, 41, 3, 2, 
23: 5, 3, 0, 42, 0, 0, 4, 1, 2, 0, 3, 43, 2, 3, 4, 42, 44, 5, 44, 2, 0, 0, 0, 3, 0, 0, 4, 0, 0, 5, 1, 0, 5, 0, 0, 3, 5, 40, 4, 5, 0, 1, 0, 40, 2, 0, 0, 0, 1, 1, 0, 4, 0, 0, 0, 4, 2, 0, 5, 5, 0, 2, 0, 0, 5, 5, 0, 0, 44, 2, 0, 1, 0, 0, 3, 4, 5, 40, 4, 0, 0, 4, 5, 1, 0, 4, 0, 2, 0, 0, 5, 41, 0, 0, 0, 0, 0, 5, 0, 3, 1, 0, 0, 5, 41, 3, 0, 5, 0, 0, 3, 0, 5, 1, 0, 44, 0, 0, 3, 0, : 5, 3, 42, 4, 1, 2, 3, 43, 2, 3, 4, 42, 44, 5, 44, 2, 3, 4, 5, 1, 5, 3, 5, 40, 4, 5, 1, 40, 2, 1, 1, 4, 4, 2, 5, 5, 2, 5, 5, 44, 2, 1, 3, 4, 5, 40, 4, 4, 5, 1, 4, 2, 5, 41, 5, 3, 1, 5, 41, 3, 5, 3, 5, 1, 44, 3, 
30: 0, 2, 0, 0, 3, 3, 0, 1, 5, 0, 2, 0, 4, 0, 3, 4, 0, 3, 40, 0, 0, 0, 0, 5, 0, 4, 0, 0, 0, 4, 0, 5, 1, 0, 0, 5, 2, 0, 0, 5, 0, 0, 0, 0, 0, 0, 0, 0, 5, 0, 0, 3, 0, 0, 0, 5, 0, 0, 0, 0, 0, 1, 0, 0, 5, 2, 0, 4, 0, 0, 0, 0, 4, 40, 0, 4, 0, 2, 2, 0, 0, 5, 1, 0, 0, 5, 0, 0, 0, 0, 0, 2, 4, 0, 4, 0, 2, 1, 0, 0, 2, 0, 0, 5, 41, 0, 0, 5, 42, 4, 0, 0, 4, 0, 0, 5, 0, 2, 0, 3, : 2, 3, 3, 1, 5, 2, 4, 3, 4, 3, 40, 5, 4, 4, 5, 1, 5, 2, 5, 5, 3, 5, 1, 5, 2, 4, 4, 40, 4, 2, 2, 5, 1, 5, 2, 4, 4, 2, 1, 2, 5, 41, 5, 42, 4, 4, 5, 2, 3, 
117: 0, 0, 0, 4, 0, 3, 5, 41, 0, 2, 4, 1, 0, 0, 0, 3, 5, 0, 0, 42, 3, 41, 3, 0, 1, 0, 1, 0, 41, 0, 0, 3, 0, 0, 0, 0, 0, 0, 0, 0, 0, 0, 0, 2, 0, 0, 0, 42, 0, 5, 3, 1, 3, 5, 0, 1, 1, 3, 3, 2, 40, 0, 0, 0, 3, 2, 5, 0, 0, 1, 3, 4, 0, 1, 1, 0, 1, 2, 3, 0, 41, 0, 5, 1, 44, 5, 4, 0, 0, 0, 2, 2, 0, 0, 0, 0, 5, 0, 4, 2, 0, 0, 5, 1, 0, 44, 0, 2, 0, 3, 5, 0, 0, 3, 2, 5, 1, 1, 0, 4, : 4, 3, 5, 41, 2, 4, 1, 3, 5, 42, 3, 41, 3, 1, 1, 41, 3, 2, 42, 5, 3, 1, 3, 5, 1, 1, 3, 3, 2, 40, 3, 2, 5, 1, 3, 4, 1, 1, 1, 2, 3, 41, 5, 1, 44, 5, 4, 2, 2, 5, 4, 2, 5, 1, 44, 2, 3, 5, 3, 2, 5, 1, 1, 4, 
68: 2, 0, 0, 0, 0, 0, 0, 0, 4, 0, 0, 2, 0, 1, 4, 4, 3, 0, 0, 0, 1, 5, 0, 41, 3, 1, 5, 0, 2, 0, 0, 2, 4, 1, 44, 5, 0, 0, 40, 0, 2, 0, 3, 0, 3, 4, 0, 41, 0, 0, 0, 1, 3, 5, 0, 2, 0, 0, 43, 5, 3, 0, 0, 0, 42, 1, 0, 4, 0, 0, 1, 4, 5, 41, 0, 1, 0, 0, 1, 0, 5, 5, 2, 0, 0, 1, 0, 0, 3, 0, 0, 0, 0, 5, 0, 4, 0, 0, 2, 1, 1, 0, 5, 0, 2, 0, 0, 2, 5, 0, 5, 0, 2, 2, 2, 2, 3, 0, 41, 0, : 2, 4, 2, 1, 4, 4, 3, 1, 5, 41, 3, 1, 5, 2, 2, 4, 1, 44, 5, 40, 2, 3, 3, 4, 41, 1, 3, 5, 2, 43, 5, 3, 42, 1, 4, 1, 4, 5, 41, 1, 1, 5, 5, 2, 1, 3, 5, 4, 2, 1, 1, 5, 2, 2, 5, 5, 2, 2, 2, 2, 3, 41, 
73: 0, 0, 0, 0, 0, 0, 4, 4, 0, 5, 0, 0, 4, 0, 1, 1, 2, 3, 5, 2, 5, 0, 3, 1, 0, 41, 0, 0, 4, 1, 0, 43, 0, 0, 42, 3, 0, 1, 0, 1, 5, 5, 0, 0, 3, 3, 0, 0, 0, 0, 3, 0, 0, 0, 4, 2, 0, 40, 0, 4, 1, 0, 0, 44, 4, 4, 2, 0, 0, 41, 0, 0, 0, 0, 5, 0, 2, 0, 3, 0, 3, 44, 4, 0, 0, 5, 3, 1, 2, 5, 0, 2, 0, 0, 5, 0, 4, 0, 0, 40, 0, 0, 2, 1, 2, 5, 2, 4, 0, 0, 3, 0, 0, 1, 0, 0, 0, 2, 0, 0, : 4, 4, 5, 4, 1, 1, 2, 3, 5, 2, 5, 3, 1, 41, 4, 1, 43, 42, 3, 1, 1, 5, 5, 3, 3, 3, 4, 2, 40, 4, 1, 44, 4, 4, 2, 41, 5, 2, 3, 3, 44, 4, 5, 3, 1, 2, 5, 2, 5, 4, 40, 2, 1, 2, 5, 2, 4, 3, 1, 2, 
39: 5, 2, 0, 3, 0, 2, 0, 3, 0, 2, 0, 0, 1, 0, 2, 2, 0, 2, 1, 0, 4, 2, 4, 0, 1, 1, 0, 0, 4, 0, 0, 3, 1, 0, 1, 5, 0, 4, 0, 0, 0, 0, 4, 0, 2, 4, 0, 3, 4, 0, 0, 5, 0, 0, 0, 0, 2, 40, 0, 5, 0, 2, 0, 0, 3, 3, 0, 0, 4, 1, 2, 0, 0, 3, 0, 4, 3, 0, 3, 0, 0, 0, 0, 5, 0, 1, 2, 0, 0, 41, 4, 0, 0, 0, 4, 5, 0, 0, 1, 1, 0, 0, 4, 0, 0, 0, 2, 1, 0, 3, 3, 0, 5, 42, 41, 0, 0, 0, 1, 5, : 5, 2, 3, 2, 3, 2, 1, 2, 2, 2, 1, 4, 2, 4, 1, 1, 4, 3, 1, 1, 5, 4, 4, 2, 4, 3, 4, 5, 2, 40, 5, 2, 3, 3, 4, 1, 2, 3, 4, 3, 3, 5, 1, 2, 41, 4, 4, 5, 1, 1, 4, 2, 1, 3, 3, 5, 42, 41, 1, 5, 
50: 0, 0, 0, 3, 0, 0, 0, 3, 2, 0, 2, 0, 5, 0, 2, 5, 0, 0, 0, 2, 3, 3, 3, 43, 5, 4, 0, 2, 4, 5, 0, 0, 4, 0, 1, 0, 1, 3, 0, 4, 2, 0, 2, 0, 1, 3, 0, 4, 2, 2, 2, 4, 43, 0, 0, 0, 0, 0, 5, 0, 5, 2, 0, 5, 5, 5, 5, 4, 0, 4, 0, 0, 0, 0, 0, 5, 3, 0, 1, 0, 0, 3, 5, 0, 0, 5, 2, 0, 0, 1, 44, 1, 0, 0, 2, 1, 0, 3, 0, 3, 5, 0, 0, 2, 0, 3, 4, 1, 0, 5, 2, 0, 4, 3, 0, 0, 4, 2, 0, 2, : 3, 3, 2, 2, 5, 2, 5, 2, 3, 3, 3, 43, 5, 4, 2, 4, 5, 4, 1, 1, 3, 4, 2, 2, 1, 3, 4, 2, 2, 2, 4, 43, 5, 5, 2, 5, 5, 5, 5, 4, 4, 5, 3, 1, 3, 5, 5, 2, 1, 44, 1, 2, 1, 3, 3, 5, 2, 3, 4, 1, 5, 2, 4, 3, 4, 2, 2, 
99: 40, 0, 43, 0, 0, 0, 0, 4, 0, 1, 5, 4, 2, 0, 5, 0, 0, 0, 0, 0, 5, 0, 0, 2, 2, 0, 40, 0, 3, 0, 1, 1, 4, 0, 0, 3, 4, 0, 0, 0, 0, 4, 0, 0, 1, 0, 0, 0, 0, 4, 0, 2, 0, 1, 0, 2, 0, 0, 0, 4, 0, 4, 0, 41, 3, 5, 3, 5, 3, 4, 0, 3, 1, 0, 0, 0, 1, 0, 3, 0, 0, 4, 0, 1, 0, 4, 5, 2, 0, 0, 0, 0, 4, 0, 2, 42, 0, 3, 5, 5, 0, 0, 0, 5, 4, 0, 2, 1, 1, 5, 4, 2, 2, 4, 0, 0, 0, 1, 0, 1, : 40, 43, 4, 1, 5, 4, 2, 5, 5, 2, 2, 40, 3, 1, 1, 4, 3, 4, 4, 1, 4, 2, 1, 2, 4, 4, 41, 3, 5, 3, 5, 3, 4, 3, 1, 1, 3, 4, 1, 4, 5, 2, 4, 2, 42, 3, 5, 5, 5, 4, 2, 1, 1, 5, 4, 2, 2, 4, 1, 1, 


10: 4, 2, 0, 0, 0, 0, 0, 0, 0, 3, 0, 0, 1, 3, 0, 0, 0, 0, 0, 0, 0, 44, 0, 0, 0, 0, 0, 0, 0, 3, 0, 5, 1, 0, 0, 0, 41, 0, 2, 5, 0, 5, 2, 0, 0, 5, 4, 0, 1, 0, 0, 2, 4, 5, 0, 0, 1, 0, 42, 5, 5, 0, 0, 0, 0, 0, 0, 5, 40, 5, 5, 0, 0, 0, 3, 3, 0, 0, 4, 0, 0, 0, 5, 0, 1, 0, 0, 2, 1, 42, 2, 2, 4, 1, 5, 1, 1, 2, 2, 2, 3, 1, 0, 1, 0, 2, 0, 3, 5, 4, 0, 3, 1, 0, 0, 3, 0, 44, 4, 0, : 4, 2, 3, 1, 3, 44, 3, 5, 1, 41, 2, 5, 5, 2, 5, 4, 1, 2, 4, 5, 1, 42, 5, 5, 5, 40, 5, 5, 3, 3, 4, 5, 1, 2, 1, 42, 2, 2, 4, 1, 5, 1, 1, 2, 2, 2, 3, 1, 1, 2, 3, 5, 4, 3, 1, 3, 44, 4, 
34: 0, 44, 0, 2, 0, 0, 0, 2, 0, 5, 0, 40, 5, 0, 4, 4, 2, 0, 2, 0, 0, 0, 0, 1, 5, 0, 0, 0, 0, 3, 0, 2, 2, 2, 0, 2, 0, 1, 2, 0, 0, 0, 0, 3, 5, 0, 0, 0, 2, 0, 0, 4, 4, 0, 0, 0, 1, 0, 0, 41, 3, 5, 0, 0, 5, 0, 0, 5, 5, 0, 0, 4, 1, 0, 2, 1, 0, 40, 0, 2, 2, 0, 4, 40, 1, 0, 0, 0, 3, 0, 2, 4, 3, 0, 1, 4, 0, 0, 0, 0, 0, 0, 1, 0, 0, 0, 3, 5, 0, 0, 0, 1, 1, 0, 2, 2, 0, 43, 1, 2, : 44, 2, 2, 5, 40, 5, 4, 4, 2, 2, 1, 5, 3, 2, 2, 2, 2, 1, 2, 3, 5, 2, 4, 4, 1, 41, 3, 5, 5, 5, 5, 4, 1, 2, 1, 40, 2, 2, 4, 40, 1, 3, 2, 4, 3, 1, 4, 1, 3, 5, 1, 1, 2, 2, 43, 1, 2, 
71: 3, 0, 2, 5, 0, 41, 0, 3, 0, 1, 4, 1, 4, 3, 0, 0, 0, 0, 0, 4, 2, 1, 5, 0, 2, 0, 0, 0, 3, 0, 5, 0, 5, 5, 3, 1, 3, 0, 0, 3, 0, 0, 0, 2, 0, 3, 0, 0, 2, 1, 2, 1, 0, 0, 1, 0, 4, 5, 44, 3, 0, 4, 0, 0, 5, 1, 0, 3, 0, 1, 0, 2, 0, 0, 3, 0, 44, 3, 0, 5, 1, 0, 2, 0, 5, 2, 3, 3, 0, 5, 3, 0, 0, 1, 0, 0, 3, 3, 5, 3, 4, 0, 5, 4, 0, 0, 4, 3, 0, 0, 1, 5, 0, 5, 0, 0, 0, 0, 44, 0, : 3, 2, 5, 41, 3, 1, 4, 1, 4, 3, 4, 2, 1, 5, 2, 3, 5, 5, 5, 3, 1, 3, 3, 2, 3, 2, 1, 2, 1, 1, 4, 5, 44, 3, 4, 5, 1, 3, 1, 2, 3, 44, 3, 5, 1, 2, 5, 2, 3, 3, 5, 3, 1, 3, 3, 5, 3, 4, 5, 4, 4, 3, 1, 5, 5, 44, 
25: 0, 0, 2, 2, 2, 0, 1, 4, 4, 0, 0, 0, 0, 1, 41, 0, 44, 0, 5, 5, 40, 4, 0, 0, 2, 0, 40, 40, 0, 4, 0, 0, 3, 0, 1, 0, 0, 42, 0, 3, 5, 0, 5, 2, 4, 2, 0, 0, 0, 4, 44, 1, 4, 0, 2, 1, 0, 5, 2, 3, 4, 5, 4, 0, 0, 1, 5, 1, 4, 1, 4, 0, 4, 4, 2, 1, 0, 3, 5, 0, 5, 0, 0, 4, 5, 5, 44, 4, 4, 42, 43, 44, 0, 5, 3, 5, 0, 0, 0, 0, 0, 1, 3, 5, 4, 0, 0, 2, 2, 0, 0, 5, 5, 0, 0, 0, 0, 5, 5, 5, : 2, 2, 2, 1, 4, 4, 1, 41, 44, 5, 5, 40, 4, 2, 40, 40, 4, 3, 1, 42, 3, 5, 5, 2, 4, 2, 4, 44, 1, 4, 2, 1, 5, 2, 3, 4, 5, 4, 1, 5, 1, 4, 1, 4, 4, 4, 2, 1, 3, 5, 5, 4, 5, 5, 44, 4, 4, 42, 43, 44, 5, 3, 5, 1, 3, 5, 4, 2, 2, 5, 5, 5, 5, 5, 
31: 1, 3, 2, 4, 0, 0, 40, 1, 0, 0, 0, 5, 1, 0, 0, 2, 5, 44, 0, 0, 1, 2, 1, 0, 1, 0, 0, 0, 2, 3, 1, 43, 3, 0, 1, 0, 1, 0, 0, 0, 0, 4, 3, 0, 0, 0, 0, 0, 3, 2, 0, 0, 0, 4, 0, 5, 43, 3, 4, 0, 1, 3, 0, 0, 0, 0, 0, 0, 5, 0, 0, 1, 0, 0, 5, 0, 2, 1, 2, 0, 4, 1, 0, 0, 0, 1, 4, 2, 4, 4, 4, 2, 0, 1, 4, 3, 4, 4, 1, 0, 0, 1, 4, 4, 3, 1, 5, 4, 0, 0, 0, 0, 5, 0, 44, 4, 0, 0, 5, 1, : 1, 3, 2, 4, 40, 1, 5, 1, 2, 5, 44, 1, 2, 1, 1, 2, 3, 1, 43, 3, 1, 1, 4, 3, 3, 2, 4, 5, 43, 3, 4, 1, 3, 5, 1, 5, 2, 1, 2, 4, 1, 1, 4, 2, 4, 4, 4, 2, 1, 4, 3, 4, 4, 1, 1, 4, 4, 3, 1, 5, 4, 5, 44, 4, 5, 1, 
111: 0, 0, 2, 3, 0, 0, 1, 0, 0, 44, 4, 0, 4, 0, 44, 0, 0, 0, 2, 4, 0, 0, 1, 3, 3, 5, 1, 0, 3, 0, 0, 1, 1, 4, 1, 4, 41, 0, 0, 1, 3, 5, 4, 0, 2, 0, 5, 0, 0, 3, 0, 4, 3, 1, 4, 0, 0, 0, 5, 4, 5, 5, 1, 0, 3, 0, 3, 3, 2, 3, 2, 0, 1, 1, 0, 4, 2, 0, 0, 1, 4, 3, 0, 0, 1, 2, 4, 5, 5, 0, 0, 3, 3, 2, 4, 0, 0, 0, 0, 0, 2, 2, 4, 3, 42, 0, 0, 0, 0, 40, 0, 1, 42, 4, 2, 5, 0, 0, 2, 3, : 2, 3, 1, 44, 4, 4, 44, 2, 4, 1, 3, 3, 5, 1, 3, 1, 1, 4, 1, 4, 41, 1, 3, 5, 4, 2, 5, 3, 4, 3, 1, 4, 5, 4, 5, 5, 1, 3, 3, 3, 2, 3, 2, 1, 1, 4, 2, 1, 4, 3, 1, 2, 4, 5, 5, 3, 3, 2, 4, 2, 2, 4, 3, 42, 40, 1, 42, 4, 2, 5, 2, 3, 
156: 0, 2, 0, 2, 5, 0, 1, 0, 0, 0, 0, 0, 0, 3, 0, 4, 0, 0, 4, 0, 0, 2, 2, 0, 3, 2, 0, 0, 0, 0, 0, 0, 3, 4, 2, 5, 44, 0, 5, 0, 0, 4, 0, 1, 2, 0, 0, 0, 1, 5, 2, 5, 0, 3, 4, 4, 0, 0, 3, 2, 1, 3, 0, 0, 0, 43, 1, 1, 0, 0, 0, 40, 0, 4, 4, 2, 4, 0, 4, 1, 2, 5, 4, 0, 2, 4, 2, 4, 4, 4, 5, 0, 0, 4, 41, 0, 0, 2, 3, 4, 3, 2, 0, 1, 0, 5, 0, 2, 0, 0, 0, 1, 0, 0, 2, 5, 0, 0, 3, 2, : 2, 2, 5, 1, 3, 4, 4, 2, 2, 3, 2, 3, 4, 2, 5, 44, 5, 4, 1, 2, 1, 5, 2, 5, 3, 4, 4, 3, 2, 1, 3, 43, 1, 1, 40, 4, 4, 2, 4, 4, 1, 2, 5, 4, 2, 4, 2, 4, 4, 4, 5, 4, 41, 2, 3, 4, 3, 2, 1, 5, 2, 1, 2, 5, 3, 2, 
113: 0, 0, 0, 3, 3, 0, 0, 0, 4, 0, 1, 0, 0, 5, 0, 0, 4, 1, 0, 0, 0, 2, 4, 2, 2, 0, 0, 5, 4, 0, 3, 4, 1, 1, 0, 0, 0, 0, 40, 2, 2, 0, 0, 5, 0, 0, 0, 2, 0, 2, 0, 0, 0, 0, 0, 0, 3, 2, 5, 3, 44, 0, 42, 0, 3, 0, 2, 2, 43, 5, 5, 3, 4, 2, 0, 3, 0, 3, 1, 3, 0, 0, 0, 0, 0, 3, 4, 0, 1, 2, 4, 0, 42, 4, 0, 1, 0, 0, 0, 0, 3, 4, 2, 4, 0, 0, 4, 0, 5, 0, 0, 42, 5, 0, 3, 1, 3, 0, 0, 1, : 3, 3, 4, 1, 5, 4, 1, 2, 4, 2, 2, 5, 4, 3, 4, 1, 1, 40, 2, 2, 5, 2, 2, 3, 2, 5, 3, 44, 42, 3, 2, 2, 43, 5, 5, 3, 4, 2, 3, 3, 1, 3, 3, 4, 1, 2, 4, 42, 4, 1, 3, 4, 2, 4, 4, 5, 42, 5, 3, 1, 3, 1, 
47: 0, 2, 0, 4, 42, 0, 3, 0, 0, 40, 2, 42, 1, 0, 2, 0, 0, 0, 0, 0, 0, 1, 0, 4, 0, 0, 0, 0, 5, 1, 1, 2, 1, 0, 5, 2, 3, 4, 0, 0, 0, 0, 0, 1, 1, 0, 0, 0, 1, 2, 0, 4, 5, 3, 41, 0, 0, 3, 3, 0, 4, 3, 0, 0, 3, 0, 0, 1, 0, 3, 3, 3, 0, 0, 0, 0, 4, 4, 1, 5, 44, 2, 4, 4, 0, 1, 0, 1, 5, 0, 5, 5, 1, 1, 0, 0, 4, 0, 0, 4, 3, 0, 41, 5, 0, 1, 41, 0, 0, 0, 2, 5, 4, 0, 0, 4, 0, 5, 3, 2, : 2, 4, 42, 3, 40, 2, 42, 1, 2, 1, 4, 5, 1, 1, 2, 1, 5, 2, 3, 4, 1, 1, 1, 2, 4, 5, 3, 41, 3, 3, 4, 3, 3, 1, 3, 3, 3, 4, 4, 1, 5, 44, 2, 4, 4, 1, 1, 5, 5, 5, 1, 1, 4, 4, 3, 41, 5, 1, 41, 2, 5, 4, 4, 5, 3, 2, 
150: 1, 5, 4, 0, 2, 0, 4, 5, 0, 0, 2, 0, 0, 0, 0, 41, 0, 41, 0, 0, 0, 1, 42, 1, 0, 2, 0, 0, 5, 0, 0, 5, 42, 0, 2, 2, 3, 2, 0, 0, 0, 1, 0, 2, 3, 0, 4, 5, 0, 40, 3, 2, 0, 1, 4, 0, 2, 0, 0, 5, 0, 3, 2, 0, 4, 5, 5, 0, 0, 4, 4, 5, 0, 3, 0, 3, 0, 0, 3, 0, 0, 4, 0, 0, 0, 5, 0, 3, 3, 4, 2, 0, 0, 3, 0, 3, 0, 2, 1, 1, 4, 42, 0, 0, 5, 4, 0, 0, 40, 2, 0, 0, 0, 2, 0, 1, 0, 4, 2, 2, : 1, 5, 4, 2, 4, 5, 2, 41, 41, 1, 42, 1, 2, 5, 5, 42, 2, 2, 3, 2, 1, 2, 3, 4, 5, 40, 3, 2, 1, 4, 2, 5, 3, 2, 4, 5, 5, 4, 4, 5, 3, 3, 3, 4, 5, 3, 3, 4, 2, 3, 3, 2, 1, 1, 4, 42, 5, 4, 40, 2, 2, 1, 4, 2, 2, 
65: 5, 0, 0, 1, 0, 0, 0, 3, 0, 3, 2, 0, 5, 3, 0, 0, 2, 0, 2, 2, 2, 5, 2, 5, 3, 0, 1, 0, 5, 0, 0, 0, 4, 1, 0, 5, 2, 0, 40, 0, 0, 3, 0, 0, 3, 3, 0, 0, 0, 5, 3, 0, 1, 2, 41, 1, 0, 2, 42, 0, 0, 0, 0, 0, 1, 44, 0, 5, 0, 2, 2, 0, 40, 3, 0, 0, 0, 3, 5, 5, 0, 5, 0, 3, 3, 0, 0, 3, 3, 4, 3, 0, 5, 0, 4, 1, 0, 0, 4, 0, 1, 5, 3, 5, 0, 5, 4, 0, 2, 0, 0, 0, 5, 2, 0, 1, 0, 0, 2, 40, : 5, 1, 3, 3, 2, 5, 3, 2, 2, 2, 2, 5, 2, 5, 3, 1, 5, 4, 1, 5, 2, 40, 3, 3, 3, 5, 3, 1, 2, 41, 1, 2, 42, 1, 44, 5, 2, 2, 40, 3, 3, 5, 5, 5, 3, 3, 3, 3, 4, 3, 5, 4, 1, 4, 1, 5, 3, 5, 5, 4, 2, 5, 2, 1, 2, 40, 
13: 0, 3, 3, 0, 0, 0, 2, 0, 0, 0, 3, 1, 2, 0, 0, 0, 5, 42, 2, 0, 0, 5, 0, 0, 0, 0, 0, 1, 4, 0, 2, 0, 2, 3, 40, 2, 0, 2, 5, 0, 3, 0, 40, 0, 0, 0, 2, 4, 42, 3, 2, 0, 1, 5, 0, 4, 3, 0, 2, 3, 43, 2, 0, 1, 2, 0, 0, 5, 0, 0, 0, 4, 0, 0, 0, 3, 0, 1, 0, 5, 3, 4, 0, 0, 0, 5, 0, 3, 0, 5, 0, 4, 0, 1, 5, 1, 43, 2, 0, 1, 0, 5, 5, 1, 43, 5, 0, 0, 0, 1, 3, 5, 2, 0, 5, 1, 0, 2, 4, 0, : 3, 3, 2, 3, 1, 2, 5, 42, 2, 5, 1, 4, 2, 2, 3, 40, 2, 2, 5, 3, 40, 2, 4, 42, 3, 2, 1, 5, 4, 3, 2, 3, 43, 2, 1, 2, 5, 4, 3, 1, 5, 3, 4, 5, 3, 5, 4, 1, 5, 1, 43, 2, 1, 5, 5, 1, 43, 5, 1, 3, 5, 2, 5, 1, 2, 4, 
158: 5, 4, 0, 0, 0, 3, 1, 1, 40, 0, 0, 2, 3, 0, 1, 0, 0, 44, 5, 0, 0, 1, 4, 3, 2, 0, 1, 0, 3, 3, 0, 3, 0, 1, 4, 0, 0, 0, 2, 0, 0, 5, 0, 4, 1, 1, 0, 4, 0, 40, 0, 0, 0, 2, 0, 3, 44, 0, 0, 3, 0, 5, 4, 4, 3, 3, 1, 3, 0, 2, 0, 0, 4, 0, 0, 3, 0, 0, 4, 2, 0, 5, 0, 41, 40, 3, 0, 5, 2, 2, 3, 4, 0, 5, 0, 0, 4, 5, 1, 2, 2, 3, 0, 1, 4, 0, 0, 0, 3, 1, 3, 4, 4, 0, 0, 0, 0, 0, 3, 1, : 5, 4, 3, 1, 1, 40, 2, 3, 1, 44, 5, 1, 4, 3, 2, 1, 3, 3, 3, 1, 4, 2, 5, 4, 1, 1, 4, 40, 2, 3, 44, 3, 5, 4, 4, 3, 3, 1, 3, 2, 4, 3, 4, 2, 5, 41, 40, 3, 5, 2, 2, 3, 4, 5, 4, 5, 1, 2, 2, 3, 1, 4, 3, 1, 3, 4, 4, 3, 1, 
55: 0, 0, 2, 42, 4, 5, 3, 4, 5, 3, 3, 1, 1, 0, 0, 1, 4, 0, 0, 5, 4, 1, 5, 5, 0, 0, 5, 0, 1, 41, 0, 2, 5, 0, 0, 4, 0, 0, 1, 0, 0, 1, 5, 0, 0, 2, 0, 0, 1, 5, 1, 2, 4, 0, 0, 0, 0, 5, 3, 2, 3, 0, 3, 0, 0, 0, 0, 1, 0, 0, 4, 42, 2, 2, 5, 2, 5, 3, 4, 0, 3, 0, 1, 0, 3, 5, 1, 41, 3, 4, 3, 5, 0, 1, 3, 1, 1, 4, 2, 0, 4, 2, 0, 0, 0, 5, 0, 1, 5, 0, 3, 4, 0, 5, 0, 0, 4, 4, 41, 0, : 2, 42, 4, 5, 3, 4, 5, 3, 3, 1, 1, 1, 4, 5, 4, 1, 5, 5, 5, 1, 41, 2, 5, 4, 1, 1, 5, 2, 1, 5, 1, 2, 4, 5, 3, 2, 3, 3, 1, 4, 42, 2, 2, 5, 2, 5, 3, 4, 3, 1, 3, 5, 1, 41, 3, 4, 3, 5, 1, 3, 1, 1, 4, 2, 4, 2, 5, 1, 5, 3, 4, 5, 4, 4, 41, 
5: 2, 4, 0, 3, 0, 4, 5, 5, 40, 5, 0, 0, 3, 3, 0, 0, 0, 0, 0, 0, 0, 1, 1, 1, 3, 0, 0, 0, 0, 5, 0, 0, 5, 0, 0, 5, 0, 0, 2, 0, 1, 1, 4, 0, 5, 2, 0, 0, 2, 0, 0, 5, 4, 2, 0, 0, 0, 0, 0, 0, 1, 1, 0, 4, 0, 0, 0, 2, 0, 2, 2, 0, 3, 0, 0, 0, 5, 1, 2, 0, 40, 5, 0, 0, 0, 0, 4, 5, 0, 0, 1, 2, 0, 1, 0, 4, 0, 5, 3, 0, 0, 5, 44, 1, 3, 44, 0, 5, 0, 0, 43, 1, 5, 3, 0, 3, 43, 1, 0, 0, : 2, 4, 3, 4, 5, 5, 40, 5, 3, 3, 1, 1, 1, 3, 5, 5, 5, 2, 1, 1, 4, 5, 2, 2, 5, 4, 2, 1, 1, 4, 2, 2, 2, 3, 5, 1, 2, 40, 5, 4, 5, 1, 2, 1, 4, 5, 3, 5, 44, 1, 3, 44, 5, 43, 1, 5, 3, 3, 43, 1, 
115: 5, 0, 0, 4, 0, 0, 0, 0, 0, 5, 0, 0, 0, 0, 2, 43, 0, 0, 1, 0, 3, 0, 3, 0, 1, 1, 1, 0, 0, 4, 0, 0, 0, 1, 0, 2, 5, 0, 1, 2, 0, 2, 2, 0, 0, 0, 40, 42, 0, 2, 42, 3, 0, 3, 1, 0, 2, 0, 4, 3, 5, 2, 2, 0, 1, 0, 4, 1, 0, 0, 0, 1, 0, 0, 0, 3, 0, 3, 4, 0, 2, 4, 5, 40, 4, 1, 0, 1, 1, 2, 3, 0, 2, 0, 42, 4, 1, 2, 0, 0, 5, 4, 0, 0, 0, 2, 2, 0, 5, 0, 1, 2, 0, 41, 0, 0, 0, 2, 2, 5, : 5, 4, 5, 2, 43, 1, 3, 3, 1, 1, 1, 4, 1, 2, 5, 1, 2, 2, 2, 40, 42, 2, 42, 3, 3, 1, 2, 4, 3, 5, 2, 2, 1, 4, 1, 1, 3, 3, 4, 2, 4, 5, 40, 4, 1, 1, 1, 2, 3, 2, 42, 4, 1, 2, 5, 4, 2, 2, 5, 1, 2, 41, 2, 2, 5, 
159: 0, 0, 42, 4, 1, 2, 0, 1, 0, 0, 0, 4, 0, 0, 0, 3, 0, 40, 2, 42, 1, 2, 3, 5, 1, 0, 0, 0, 0, 0, 44, 0, 0, 2, 1, 0, 0, 3, 0, 0, 41, 0, 0, 5, 1, 0, 3, 0, 3, 4, 0, 2, 5, 41, 0, 0, 0, 0, 0, 0, 0, 4, 0, 0, 1, 0, 1, 3, 0, 4, 0, 5, 0, 0, 0, 0, 0, 0, 5, 3, 4, 0, 1, 4, 2, 5, 2, 2, 2, 0, 2, 0, 0, 3, 2, 2, 2, 2, 42, 0, 2, 2, 0, 2, 2, 2, 44, 1, 0, 0, 0, 1, 3, 43, 0, 4, 41, 3, 2, 3, : 42, 4, 1, 2, 1, 4, 3, 40, 2, 42, 1, 2, 3, 5, 1, 44, 2, 1, 3, 41, 5, 1, 3, 3, 4, 2, 5, 41, 4, 1, 1, 3, 4, 5, 5, 3, 4, 1, 4, 2, 5, 2, 2, 2, 2, 3, 2, 2, 2, 2, 42, 2, 2, 2, 2, 2, 44, 1, 1, 3, 43, 4, 41, 3, 2, 3, 
88: 0, 0, 0, 0, 3, 0, 5, 0, 0, 0, 1, 0, 5, 0, 0, 0, 5, 0, 0, 40, 0, 0, 0, 0, 0, 0, 0, 40, 0, 5, 0, 0, 0, 1, 3, 0, 0, 0, 0, 0, 3, 0, 0, 0, 0, 5, 0, 4, 4, 0, 0, 0, 0, 1, 3, 0, 5, 2, 0, 4, 4, 41, 0, 0, 5, 0, 2, 4, 5, 5, 2, 0, 0, 0, 0, 40, 0, 0, 2, 0, 2, 2, 0, 1, 3, 2, 1, 1, 3, 44, 4, 1, 2, 0, 4, 2, 4, 0, 3, 4, 0, 4, 0, 2, 2, 4, 4, 0, 1, 0, 1, 1, 0, 1, 0, 42, 0, 2, 2, 4, : 3, 5, 1, 5, 5, 40, 40, 5, 1, 3, 3, 5, 4, 4, 1, 3, 5, 2, 4, 4, 41, 5, 2, 4, 5, 5, 2, 40, 2, 2, 2, 1, 3, 2, 1, 1, 3, 44, 4, 1, 2, 4, 2, 4, 3, 4, 4, 2, 2, 4, 4, 1, 1, 1, 1, 42, 2, 2, 4, 
12: 2, 3, 42, 0, 3, 2, 2, 5, 0, 0, 3, 0, 5, 5, 3, 5, 1, 0, 3, 0, 44, 3, 5, 2, 2, 41, 3, 0, 0, 4, 0, 3, 1, 4, 1, 44, 2, 1, 0, 4, 4, 0, 0, 0, 0, 0, 40, 5, 1, 43, 5, 0, 0, 3, 0, 0, 0, 0, 0, 5, 1, 44, 2, 0, 2, 0, 0, 3, 0, 0, 1, 4, 0, 0, 5, 0, 0, 5, 0, 1, 0, 0, 0, 5, 0, 1, 5, 4, 0, 0, 5, 0, 0, 5, 41, 3, 4, 0, 0, 0, 2, 1, 1, 0, 5, 43, 5, 0, 1, 0, 0, 0, 44, 5, 0, 0, 0, 4, 4, 3, : 2, 3, 42, 3, 2, 2, 5, 3, 5, 5, 3, 5, 1, 3, 44, 3, 5, 2, 2, 41, 3, 4, 3, 1, 4, 1, 44, 2, 1, 4, 4, 40, 5, 1, 43, 5, 3, 5, 1, 44, 2, 2, 3, 1, 4, 5, 5, 1, 5, 1, 5, 4, 5, 5, 41, 3, 4, 2, 1, 1, 5, 43, 5, 1, 44, 5, 4, 4, 3, 
49: 0, 5, 42, 1, 3, 1, 1, 3, 0, 3, 0, 0, 0, 3, 2, 0, 4, 2, 2, 2, 0, 4, 0, 42, 5, 0, 0, 0, 4, 2, 3, 0, 2, 4, 0, 0, 0, 0, 3, 0, 5, 3, 0, 4, 2, 0, 0, 0, 4, 0, 42, 3, 1, 0, 0, 0, 0, 0, 1, 2, 0, 4, 0, 42, 0, 43, 3, 4, 0, 5, 3, 3, 1, 2, 2, 0, 0, 0, 5, 3, 4, 0, 0, 40, 0, 3, 0, 5, 3, 2, 5, 1, 0, 0, 3, 3, 5, 3, 0, 0, 3, 1, 3, 42, 0, 1, 0, 4, 2, 0, 4, 0, 2, 43, 0, 0, 5, 0, 4, 3, : 5, 42, 1, 3, 1, 1, 3, 3, 3, 2, 4, 2, 2, 2, 4, 42, 5, 4, 2, 3, 2, 4, 3, 5, 3, 4, 2, 4, 42, 3, 1, 1, 2, 4, 42, 43, 3, 4, 5, 3, 3, 1, 2, 2, 5, 3, 4, 40, 3, 5, 3, 2, 5, 1, 3, 3, 5, 3, 3, 1, 3, 42, 1, 4, 2, 4, 2, 43, 5, 4, 3, 
61: 42, 0, 0, 0, 0, 0, 5, 0, 0, 4, 5, 3, 0, 4, 0, 2, 0, 43, 0, 0, 0, 0, 1, 1, 1, 0, 1, 2, 1, 43, 0, 0, 4, 0, 4, 1, 5, 5, 3, 0, 0, 0, 5, 1, 0, 4, 5, 0, 40, 5, 3, 3, 44, 4, 0, 5, 0, 1, 2, 0, 2, 0, 4, 0, 0, 1, 0, 4, 2, 0, 0, 1, 1, 3, 0, 3, 4, 4, 4, 1, 3, 0, 5, 2, 0, 5, 4, 3, 2, 5, 4, 3, 0, 4, 1, 0, 3, 0, 0, 0, 0, 1, 0, 4, 1, 0, 4, 0, 0, 0, 0, 0, 1, 0, 5, 1, 0, 0, 0, 5, : 42, 5, 4, 5, 3, 4, 2, 43, 1, 1, 1, 1, 2, 1, 43, 4, 4, 1, 5, 5, 3, 5, 1, 4, 5, 40, 5, 3, 3, 44, 4, 5, 1, 2, 2, 4, 1, 4, 2, 1, 1, 3, 3, 4, 4, 4, 1, 3, 5, 2, 5, 4, 3, 2, 5, 4, 3, 4, 1, 3, 1, 4, 1, 4, 1, 5, 1, 5, 
9: 4, 3, 0, 0, 3, 0, 2, 40, 0, 0, 0, 1, 4, 0, 0, 0, 0, 0, 5, 5, 0, 2, 2, 0, 0, 0, 0, 0, 0, 0, 2, 0, 3, 1, 3, 4, 0, 0, 2, 0, 1, 0, 0, 5, 2, 2, 5, 0, 0, 3, 3, 0, 0, 0, 0, 2, 2, 0, 0, 0, 0, 5, 4, 4, 0, 0, 0, 1, 0, 1, 43, 2, 0, 0, 0, 2, 0, 0, 1, 1, 4, 4, 0, 1, 1, 4, 1, 5, 2, 5, 4, 2, 2, 0, 0, 3, 0, 4, 3, 0, 0, 0, 4, 1, 5, 0, 0, 3, 0, 5, 0, 5, 0, 0, 0, 2, 4, 1, 3, 0, : 4, 3, 3, 2, 40, 1, 4, 5, 5, 2, 2, 2, 3, 1, 3, 4, 2, 1, 5, 2, 2, 5, 3, 3, 2, 2, 5, 4, 4, 1, 1, 43, 2, 2, 1, 1, 4, 4, 1, 1, 4, 1, 5, 2, 5, 4, 2, 2, 3, 4, 3, 4, 1, 5, 3, 5, 5, 2, 4, 1, 3, 
27: 0, 1, 0, 4, 5, 0, 0, 0, 4, 1, 3, 3, 5, 4, 0, 1, 2, 0, 2, 1, 2, 2, 2, 4, 0, 0, 0, 0, 41, 4, 0, 0, 2, 44, 0, 5, 1, 0, 0, 5, 0, 4, 0, 0, 5, 5, 0, 0, 5, 0, 0, 0, 0, 1, 0, 5, 3, 0, 0, 3, 4, 0, 1, 0, 5, 41, 0, 1, 2, 1, 2, 3, 0, 0, 2, 0, 0, 3, 4, 5, 5, 0, 0, 1, 0, 0, 0, 3, 1, 2, 3, 0, 42, 0, 5, 0, 5, 0, 4, 5, 5, 3, 0, 1, 0, 0, 0, 0, 0, 1, 42, 0, 3, 0, 0, 5, 0, 3, 3, 41, : 1, 4, 5, 4, 1, 3, 3, 5, 4, 1, 2, 2, 1, 2, 2, 2, 4, 41, 4, 2, 44, 5, 1, 5, 4, 5, 5, 5, 1, 5, 3, 3, 4, 1, 5, 41, 1, 2, 1, 2, 3, 2, 3, 4, 5, 5, 1, 3, 1, 2, 3, 42, 5, 5, 4, 5, 5, 3, 1, 1, 42, 3, 5, 3, 3, 41, 
91: 4, 1, 0, 44, 2, 2, 1, 2, 0, 1, 2, 0, 3, 4, 0, 0, 40, 0, 1, 2, 41, 0, 4, 2, 2, 0, 4, 2, 0, 3, 1, 0, 1, 43, 0, 4, 40, 0, 5, 1, 1, 0, 4, 41, 40, 40, 3, 0, 3, 0, 0, 1, 5, 42, 1, 0, 0, 3, 2, 0, 0, 0, 2, 5, 3, 0, 3, 1, 0, 5, 1, 3, 0, 42, 3, 0, 42, 0, 4, 1, 0, 1, 40, 0, 3, 2, 5, 3, 44, 0, 4, 1, 5, 4, 0, 0, 0, 2, 0, 0, 0, 0, 4, 4, 0, 4, 0, 0, 0, 0, 0, 2, 1, 4, 4, 0, 1, 5, 1, 1, : 4, 1, 44, 2, 2, 1, 2, 1, 2, 3, 4, 40, 1, 2, 41, 4, 2, 2, 4, 2, 3, 1, 1, 43, 4, 40, 5, 1, 1, 4, 41, 40, 40, 3, 3, 1, 5, 42, 1, 3, 2, 2, 5, 3, 3, 1, 5, 1, 3, 42, 3, 42, 4, 1, 1, 40, 3, 2, 5, 3, 44, 4, 1, 5, 4, 2, 4, 4, 4, 2, 1, 4, 4, 1, 5, 1, 1, 
85: 0, 0, 0, 0, 41, 0, 0, 0, 3, 0, 0, 3, 3, 2, 1, 43, 0, 0, 4, 0, 0, 0, 5, 0, 0, 40, 0, 2, 42, 3, 4, 0, 0, 0, 44, 3, 0, 0, 43, 2, 2, 43, 0, 5, 1, 0, 0, 41, 1, 0, 0, 40, 3, 0, 4, 3, 0, 0, 2, 2, 1, 1, 0, 0, 0, 0, 0, 5, 5, 5, 2, 0, 2, 0, 4, 2, 2, 0, 1, 5, 0, 0, 0, 5, 1, 2, 2, 3, 0, 0, 5, 5, 0, 3, 4, 5, 0, 0, 0, 44, 1, 40, 40, 1, 1, 3, 0, 0, 44, 0, 0, 0, 2, 0, 0, 43, 0, 1, 0, 5, : 41, 3, 3, 3, 2, 1, 43, 4, 5, 40, 2, 42, 3, 4, 44, 3, 43, 2, 2, 43, 5, 1, 41, 1, 40, 3, 4, 3, 2, 2, 1, 1, 5, 5, 5, 2, 2, 4, 2, 2, 1, 5, 5, 1, 2, 2, 3, 5, 5, 3, 4, 5, 44, 1, 40, 40, 1, 1, 3, 44, 2, 43, 1, 5, 
86: 0, 3, 4, 1, 0, 3, 3, 0, 0, 2, 0, 0, 4, 1, 0, 0, 0, 0, 1, 0, 0, 0, 4, 1, 0, 0, 0, 0, 43, 0, 2, 0, 5, 0, 1, 1, 5, 42, 2, 0, 0, 2, 1, 1, 0, 0, 2, 0, 1, 0, 4, 5, 4, 0, 0, 42, 3, 0, 2, 3, 3, 4, 4, 4, 4, 0, 0, 0, 0, 0, 2, 3, 1, 40, 0, 0, 3, 0, 2, 1, 0, 0, 0, 1, 4, 4, 0, 3, 0, 0, 0, 1, 41, 0, 2, 1, 4, 2, 0, 2, 1, 1, 4, 2, 4, 4, 1, 0, 0, 2, 0, 4, 3, 4, 0, 0, 0, 4, 0, 5, : 3, 4, 1, 3, 3, 2, 4, 1, 1, 4, 1, 43, 2, 5, 1, 1, 5, 42, 2, 2, 1, 1, 2, 1, 4, 5, 4, 42, 3, 2, 3, 3, 4, 4, 4, 4, 2, 3, 1, 40, 3, 2, 1, 1, 4, 4, 3, 1, 41, 2, 1, 4, 2, 2, 1, 1, 4, 2, 4, 4, 1, 2, 4, 3, 4, 4, 5, 
94: 2, 0, 0, 0, 0, 0, 2, 0, 1, 3, 5, 5, 0, 2, 0, 0, 0, 0, 0, 3, 0, 4, 3, 0, 42, 44, 0, 1, 0, 3, 0, 4, 0, 1, 0, 5, 5, 0, 0, 4, 0, 0, 2, 0, 0, 3, 40, 2, 0, 0, 1, 5, 2, 4, 0, 0, 0, 2, 2, 4, 2, 3, 0, 0, 2, 4, 0, 3, 5, 5, 3, 1, 0, 0, 2, 0, 1, 0, 1, 4, 0, 0, 0, 0, 2, 40, 0, 5, 4, 0, 2, 4, 0, 2, 0, 0, 2, 0, 0, 0, 1, 43, 2, 3, 2, 5, 2, 2, 0, 0, 0, 3, 1, 0, 3, 1, 0, 4, 1, 2, : 2, 2, 1, 3, 5, 5, 2, 3, 4, 3, 42, 44, 1, 3, 4, 1, 5, 5, 4, 2, 3, 40, 2, 1, 5, 2, 4, 2, 2, 4, 2, 3, 2, 4, 3, 5, 5, 3, 1, 2, 1, 1, 4, 2, 40, 5, 4, 2, 4, 2, 2, 1, 43, 2, 3, 2, 5, 2, 2, 3, 1, 3, 1, 4, 1, 2, 
77: 0, 5, 0, 0, 0, 0, 5, 0, 0, 3, 0, 3, 2, 1, 0, 0, 4, 0, 0, 0, 0, 0, 2, 3, 5, 0, 40, 3, 0, 5, 3, 5, 0, 0, 5, 0, 1, 0, 1, 0, 5, 4, 3, 0, 3, 2, 0, 2, 5, 2, 0, 5, 0, 0, 0, 0, 0, 0, 5, 1, 0, 3, 0, 0, 3, 2, 0, 2, 0, 4, 2, 0, 0, 4, 3, 3, 0, 4, 1, 3, 4, 0, 5, 5, 2, 3, 4, 44, 3, 3, 4, 5, 0, 0, 0, 4, 0, 0, 0, 0, 3, 0, 0, 4, 3, 0, 0, 0, 2, 43, 1, 1, 4, 3, 2, 0, 0, 5, 4, 5, : 5, 5, 3, 3, 2, 1, 4, 2, 3, 5, 40, 3, 5, 3, 5, 5, 1, 1, 5, 4, 3, 3, 2, 2, 5, 2, 5, 5, 1, 3, 3, 2, 2, 4, 2, 4, 3, 3, 4, 1, 3, 4, 5, 5, 2, 3, 4, 44, 3, 3, 4, 5, 4, 3, 4, 3, 2, 43, 1, 1, 4, 3, 2, 5, 4, 5, 
76: 41, 0, 0, 1, 0, 0, 2, 0, 2, 3, 4, 0, 2, 5, 0, 1, 0, 3, 3, 0, 0, 1, 0, 5, 0, 0, 41, 3, 2, 3, 0, 0, 2, 5, 1, 1, 0, 0, 5, 0, 4, 0, 0, 0, 3, 0, 0, 43, 5, 3, 0, 3, 0, 0, 2, 0, 2, 0, 2, 0, 0, 3, 0, 3, 1, 0, 1, 1, 0, 0, 4, 4, 0, 0, 1, 0, 0, 1, 1, 0, 4, 0, 0, 0, 5, 2, 4, 1, 0, 0, 2, 0, 43, 0, 0, 0, 0, 2, 0, 0, 0, 0, 4, 0, 4, 0, 0, 0, 4, 3, 1, 0, 0, 1, 0, 43, 0, 0, 0, 0, : 41, 1, 2, 2, 3, 4, 2, 5, 1, 3, 3, 1, 5, 41, 3, 2, 3, 2, 5, 1, 1, 5, 4, 3, 43, 5, 3, 3, 2, 2, 2, 3, 3, 1, 1, 1, 4, 4, 1, 1, 1, 4, 5, 2, 4, 1, 2, 43, 2, 4, 4, 4, 3, 1, 1, 43, 
59: 0, 0, 0, 0, 0, 0, 5, 3, 0, 1, 0, 0, 1, 5, 1, 0, 0, 0, 0, 0, 2, 5, 3, 0, 4, 5, 0, 0, 0, 3, 1, 0, 2, 0, 3, 0, 4, 0, 3, 4, 0, 0, 0, 3, 0, 0, 0, 3, 0, 4, 0, 0, 0, 1, 3, 0, 2, 43, 4, 3, 5, 4, 2, 0, 0, 2, 0, 2, 0, 1, 3, 2, 0, 5, 0, 0, 0, 5, 3, 3, 2, 4, 0, 0, 2, 1, 1, 2, 3, 1, 2, 0, 0, 0, 4, 3, 0, 4, 40, 0, 44, 5, 4, 5, 40, 0, 5, 0, 1, 0, 0, 0, 2, 0, 0, 3, 44, 0, 1, 0, : 5, 3, 1, 1, 5, 1, 2, 5, 3, 4, 5, 3, 1, 2, 3, 4, 3, 4, 3, 3, 4, 1, 3, 2, 43, 4, 3, 5, 4, 2, 2, 2, 1, 3, 2, 5, 5, 3, 3, 2, 4, 2, 1, 1, 2, 3, 1, 2, 4, 3, 4, 40, 44, 5, 4, 5, 40, 5, 1, 2, 3, 44, 1, 
106: 2, 5, 0, 5, 0, 0, 3, 0, 0, 0, 4, 3, 4, 0, 0, 5, 5, 0, 3, 0, 2, 2, 2, 0, 4, 0, 0, 0, 0, 4, 4, 0, 0, 1, 0, 4, 0, 0, 4, 4, 0, 4, 5, 3, 0, 4, 3, 0, 0, 1, 4, 0, 0, 4, 0, 5, 0, 0, 0, 0, 2, 5, 0, 0, 3, 3, 2, 3, 0, 2, 4, 44, 3, 2, 0, 0, 4, 0, 5, 42, 0, 0, 0, 0, 0, 1, 1, 1, 0, 4, 0, 3, 0, 0, 4, 4, 3, 2, 0, 1, 0, 2, 5, 3, 0, 0, 0, 2, 0, 0, 41, 2, 3, 2, 2, 0, 1, 5, 1, 43, : 2, 5, 5, 3, 4, 3, 4, 5, 5, 3, 2, 2, 2, 4, 4, 4, 1, 4, 4, 4, 4, 5, 3, 4, 3, 1, 4, 4, 5, 2, 5, 3, 3, 2, 3, 2, 4, 44, 3, 2, 4, 5, 42, 1, 1, 1, 4, 3, 4, 4, 3, 2, 1, 2, 5, 3, 2, 41, 2, 3, 2, 2, 1, 5, 1, 43, 
155: 0, 0, 0, 41, 0, 0, 5, 3, 5, 0, 41, 0, 2, 0, 0, 0, 0, 0, 40, 4, 0, 1, 0, 5, 2, 0, 0, 0, 4, 2, 2, 0, 0, 0, 5, 2, 1, 0, 1, 1, 2, 3, 44, 0, 0, 42, 40, 3, 2, 0, 4, 0, 1, 0, 0, 0, 4, 3, 0, 0, 0, 0, 5, 0, 5, 0, 4, 1, 5, 4, 0, 3, 0, 5, 0, 2, 0, 0, 0, 0, 0, 0, 0, 4, 43, 5, 0, 4, 0, 43, 2, 0, 1, 4, 0, 0, 4, 43, 0, 2, 4, 0, 44, 5, 0, 1, 0, 0, 0, 3, 0, 1, 2, 5, 0, 1, 0, 2, 0, 3, : 41, 5, 3, 5, 41, 2, 40, 4, 1, 5, 2, 4, 2, 2, 5, 2, 1, 1, 1, 2, 3, 44, 42, 40, 3, 2, 4, 1, 4, 3, 5, 5, 4, 1, 5, 4, 3, 5, 2, 4, 43, 5, 4, 43, 2, 1, 4, 4, 43, 2, 4, 44, 5, 1, 3, 1, 2, 5, 1, 2, 3, 
95: 42, 0, 0, 0, 3, 0, 1, 0, 0, 0, 5, 0, 0, 0, 0, 0, 1, 4, 0, 2, 2, 0, 1, 0, 2, 0, 0, 0, 0, 0, 41, 5, 0, 3, 41, 0, 3, 42, 0, 0, 4, 0, 2, 4, 0, 1, 0, 0, 0, 1, 0, 1, 5, 4, 3, 4, 4, 0, 1, 5, 0, 3, 0, 0, 2, 41, 0, 5, 5, 0, 0, 1, 0, 2, 0, 0, 44, 1, 2, 5, 1, 2, 0, 5, 0, 2, 43, 0, 0, 2, 2, 2, 0, 5, 1, 3, 0, 0, 4, 5, 0, 4, 2, 4, 0, 3, 0, 0, 0, 0, 0, 41, 5, 4, 0, 0, 5, 1, 3, 0, : 42, 3, 1, 5, 1, 4, 2, 2, 1, 2, 41, 5, 3, 41, 3, 42, 4, 2, 4, 1, 1, 1, 5, 4, 3, 4, 4, 1, 5, 3, 2, 41, 5, 5, 1, 2, 44, 1, 2, 5, 1, 2, 5, 2, 43, 2, 2, 2, 5, 1, 3, 4, 5, 4, 2, 4, 3, 41, 5, 4, 5, 1, 3, 
114: 3, 0, 40, 2, 0, 0, 0, 0, 0, 0, 0, 41, 2, 2, 0, 3, 0, 0, 5, 0, 2, 2, 0, 0, 3, 5, 0, 0, 0, 1, 0, 5, 0, 43, 0, 3, 5, 3, 4, 4, 2, 2, 1, 2, 3, 1, 2, 43, 2, 1, 0, 1, 4, 0, 0, 1, 0, 3, 5, 0, 3, 3, 0, 0, 0, 5, 1, 2, 0, 5, 1, 4, 0, 0, 5, 4, 0, 0, 5, 41, 5, 0, 0, 3, 0, 2, 43, 2, 0, 0, 5, 0, 3, 2, 0, 1, 2, 4, 4, 3, 1, 0, 5, 2, 0, 3, 5, 0, 0, 0, 0, 0, 3, 4, 0, 3, 1, 0, 4, 5, : 3, 40, 2, 41, 2, 2, 3, 5, 2, 2, 3, 5, 1, 5, 43, 3, 5, 3, 4, 4, 2, 2, 1, 2, 3, 1, 2, 43, 2, 1, 1, 4, 1, 3, 5, 3, 3, 5, 1, 2, 5, 1, 4, 5, 4, 5, 41, 5, 3, 2, 43, 2, 5, 3, 2, 1, 2, 4, 4, 3, 1, 5, 2, 3, 5, 3, 4, 3, 1, 4, 5, 
98: 0, 4, 1, 1, 1, 0, 0, 0, 0, 3, 0, 3, 1, 0, 0, 2, 0, 0, 3, 0, 41, 2, 1, 3, 5, 0, 0, 1, 1, 0, 0, 3, 1, 5, 3, 1, 2, 0, 3, 0, 0, 0, 0, 0, 0, 0, 0, 0, 0, 0, 0, 1, 1, 1, 40, 0, 4, 0, 0, 0, 0, 0, 0, 42, 2, 4, 4, 3, 0, 0, 1, 2, 0, 3, 2, 1, 2, 5, 1, 2, 0, 2, 4, 4, 4, 0, 2, 0, 1, 1, 4, 4, 2, 0, 0, 40, 1, 0, 1, 4, 0, 2, 5, 3, 3, 0, 0, 5, 0, 2, 0, 0, 4, 5, 0, 1, 0, 2, 0, 3, : 4, 1, 1, 1, 3, 3, 1, 2, 3, 41, 2, 1, 3, 5, 1, 1, 3, 1, 5, 3, 1, 2, 3, 1, 1, 1, 40, 4, 42, 2, 4, 4, 3, 1, 2, 3, 2, 1, 2, 5, 1, 2, 2, 4, 4, 4, 2, 1, 1, 4, 4, 2, 40, 1, 1, 4, 2, 5, 3, 3, 5, 2, 4, 5, 1, 2, 3, 
141: 3, 1, 0, 0, 5, 2, 0, 43, 1, 5, 1, 0, 2, 0, 3, 0, 44, 2, 0, 0, 0, 5, 3, 5, 0, 0, 42, 0, 3, 40, 0, 0, 0, 0, 4, 0, 1, 4, 1, 1, 0, 0, 1, 0, 0, 0, 5, 2, 2, 0, 0, 2, 44, 3, 5, 5, 0, 0, 0, 1, 0, 5, 0, 0, 0, 0, 1, 43, 0, 4, 0, 0, 0, 0, 0, 2, 0, 0, 5, 0, 1, 0, 4, 4, 0, 4, 4, 2, 0, 0, 1, 2, 5, 2, 1, 0, 5, 1, 0, 1, 3, 0, 0, 0, 2, 44, 2, 5, 0, 43, 0, 5, 3, 0, 4, 0, 2, 40, 2, 5, : 3, 1, 5, 2, 43, 1, 5, 1, 2, 3, 44, 2, 5, 3, 5, 42, 3, 40, 4, 1, 4, 1, 1, 1, 5, 2, 2, 2, 44, 3, 5, 5, 1, 5, 1, 43, 4, 2, 5, 1, 4, 4, 4, 4, 2, 1, 2, 5, 2, 1, 5, 1, 1, 3, 2, 44, 2, 5, 43, 5, 3, 4, 2, 40, 2, 5, 
120: 2, 3, 3, 0, 0, 0, 4, 0, 0, 0, 0, 0, 1, 4, 1, 0, 0, 0, 2, 0, 0, 2, 0, 2, 1, 4, 3, 1, 0, 3, 0, 0, 4, 0, 4, 0, 0, 0, 1, 0, 0, 43, 0, 1, 4, 0, 4, 0, 2, 0, 0, 1, 3, 4, 5, 5, 0, 1, 2, 0, 1, 0, 0, 0, 3, 5, 4, 2, 0, 2, 1, 5, 0, 1, 0, 0, 1, 0, 1, 0, 0, 2, 4, 1, 5, 3, 4, 0, 1, 5, 3, 3, 1, 0, 3, 3, 0, 3, 43, 0, 0, 0, 0, 1, 3, 0, 0, 0, 0, 0, 0, 3, 4, 0, 41, 5, 0, 1, 4, 4, : 2, 3, 3, 4, 1, 4, 1, 2, 2, 2, 1, 4, 3, 1, 3, 4, 4, 1, 43, 1, 4, 4, 2, 1, 3, 4, 5, 5, 1, 2, 1, 3, 5, 4, 2, 2, 1, 5, 1, 1, 1, 2, 4, 1, 5, 3, 4, 1, 5, 3, 3, 1, 3, 3, 3, 43, 1, 3, 3, 4, 41, 5, 1, 4, 4, 
21: 0, 3, 0, 3, 0, 43, 2, 0, 0, 3, 0, 0, 5, 1, 0, 0, 4, 0, 0, 0, 1, 0, 3, 3, 1, 0, 5, 2, 2, 3, 0, 3, 2, 2, 0, 4, 2, 0, 4, 0, 5, 0, 3, 2, 43, 0, 0, 0, 2, 2, 3, 3, 1, 3, 40, 1, 0, 0, 0, 3, 3, 3, 2, 0, 0, 3, 4, 0, 3, 2, 5, 3, 4, 0, 5, 1, 0, 0, 2, 0, 0, 1, 0, 5, 3, 2, 4, 0, 0, 0, 1, 1, 0, 3, 0, 5, 5, 0, 5, 5, 0, 5, 5, 5, 0, 0, 0, 2, 0, 0, 0, 5, 1, 5, 0, 3, 5, 0, 1, 4, : 3, 3, 43, 2, 3, 5, 1, 4, 1, 3, 3, 1, 5, 2, 2, 3, 3, 2, 2, 4, 2, 4, 5, 3, 2, 43, 2, 2, 3, 3, 1, 3, 40, 1, 3, 3, 3, 2, 3, 4, 3, 2, 5, 3, 4, 5, 1, 2, 1, 5, 3, 2, 4, 1, 1, 3, 5, 5, 5, 5, 5, 5, 5, 2, 5, 1, 5, 3, 5, 1, 4, 
148: 0, 3, 5, 1, 2, 2, 0, 1, 0, 1, 0, 0, 5, 0, 0, 5, 4, 0, 0, 1, 2, 1, 2, 1, 3, 0, 1, 5, 3, 3, 3, 1, 4, 41, 4, 4, 4, 0, 5, 2, 43, 1, 0, 3, 0, 40, 1, 0, 4, 2, 4, 0, 0, 2, 4, 0, 0, 43, 0, 0, 0, 0, 0, 3, 2, 0, 0, 4, 5, 2, 2, 0, 3, 1, 0, 0, 0, 0, 3, 0, 3, 2, 0, 0, 3, 0, 0, 4, 0, 0, 2, 3, 0, 41, 0, 43, 1, 5, 0, 2, 0, 0, 1, 1, 0, 0, 0, 0, 0, 0, 0, 0, 1, 3, 0, 1, 0, 1, 3, 0, : 3, 5, 1, 2, 2, 1, 1, 5, 5, 4, 1, 2, 1, 2, 1, 3, 1, 5, 3, 3, 3, 1, 4, 41, 4, 4, 4, 5, 2, 43, 1, 3, 40, 1, 4, 2, 4, 2, 4, 43, 3, 2, 4, 5, 2, 2, 3, 1, 3, 3, 2, 3, 4, 2, 3, 41, 43, 1, 5, 2, 1, 1, 1, 3, 1, 1, 3, 
18: 3, 5, 5, 4, 0, 0, 2, 0, 0, 1, 44, 2, 0, 5, 40, 1, 0, 0, 0, 4, 0, 0, 4, 0, 0, 0, 0, 0, 1, 0, 0, 43, 2, 1, 0, 1, 0, 0, 0, 2, 0, 4, 0, 0, 4, 0, 4, 4, 0, 1, 0, 0, 0, 41, 0, 0, 1, 0, 0, 0, 0, 2, 0, 0, 4, 0, 41, 5, 0, 0, 5, 0, 0, 0, 0, 0, 0, 0, 4, 0, 0, 42, 41, 3, 0, 0, 0, 5, 5, 1, 5, 43, 1, 0, 3, 0, 0, 4, 0, 2, 2, 0, 0, 0, 3, 0, 2, 5, 42, 0, 0, 2, 3, 4, 0, 0, 3, 3, 5, 1, : 3, 5, 5, 4, 2, 1, 44, 2, 5, 40, 1, 4, 4, 1, 43, 2, 1, 1, 2, 4, 4, 4, 4, 1, 41, 1, 2, 4, 41, 5, 5, 4, 42, 41, 3, 5, 5, 1, 5, 43, 1, 3, 4, 2, 2, 3, 2, 5, 42, 2, 3, 4, 3, 3, 5, 1, 
147: 40, 2, 1, 2, 3, 0, 2, 0, 0, 2, 41, 3, 5, 4, 1, 0, 0, 0, 5, 0, 44, 0, 3, 2, 1, 0, 0, 4, 2, 5, 3, 0, 4, 1, 3, 2, 0, 0, 4, 0, 0, 0, 41, 0, 2, 3, 0, 0, 0, 0, 0, 44, 0, 1, 4, 0, 2, 3, 0, 44, 0, 4, 0, 0, 2, 0, 0, 1, 5, 0, 2, 0, 4, 0, 0, 1, 4, 5, 40, 0, 0, 4, 0, 0, 43, 3, 4, 0, 3, 0, 2, 5, 3, 4, 5, 0, 0, 4, 1, 0, 1, 3, 1, 0, 5, 5, 0, 43, 0, 43, 0, 1, 4, 0, 3, 1, 0, 1, 2, 0, : 40, 2, 1, 2, 3, 2, 2, 41, 3, 5, 4, 1, 5, 44, 3, 2, 1, 4, 2, 5, 3, 4, 1, 3, 2, 4, 41, 2, 3, 44, 1, 4, 2, 3, 44, 4, 2, 1, 5, 2, 4, 1, 4, 5, 40, 4, 43, 3, 4, 3, 2, 5, 3, 4, 5, 4, 1, 1, 3, 1, 5, 5, 43, 43, 1, 4, 3, 1, 1, 2, 
74: 40, 2, 0, 41, 0, 0, 1, 0, 0, 0, 0, 0, 0, 4, 0, 1, 0, 0, 5, 44, 0, 2, 5, 1, 2, 0, 0, 0, 2, 0, 2, 3, 0, 0, 0, 0, 4, 0, 2, 0, 0, 0, 0, 2, 0, 0, 2, 4, 5, 4, 1, 0, 5, 1, 0, 4, 0, 2, 0, 4, 0, 2, 2, 1, 0, 5, 0, 5, 0, 4, 5, 0, 3, 2, 42, 0, 0, 0, 1, 2, 1, 0, 4, 0, 0, 1, 5, 3, 1, 0, 1, 1, 0, 2, 0, 0, 41, 0, 5, 0, 0, 0, 0, 5, 2, 5, 1, 0, 0, 3, 0, 1, 2, 0, 2, 0, 0, 0, 2, 0, : 40, 2, 41, 1, 4, 1, 5, 44, 2, 5, 1, 2, 2, 2, 3, 4, 2, 2, 2, 4, 5, 4, 1, 5, 1, 4, 2, 4, 2, 2, 1, 5, 5, 4, 5, 3, 2, 42, 1, 2, 1, 4, 1, 5, 3, 1, 1, 1, 2, 41, 5, 5, 2, 5, 1, 3, 1, 2, 2, 2, 
64: 0, 0, 0, 0, 0, 0, 2, 0, 5, 5, 0, 0, 4, 0, 44, 2, 2, 0, 2, 4, 0, 4, 5, 2, 2, 3, 40, 0, 4, 0, 1, 2, 0, 4, 0, 5, 0, 0, 2, 2, 0, 5, 2, 5, 5, 0, 1, 5, 5, 2, 2, 42, 1, 3, 1, 0, 0, 0, 2, 2, 1, 5, 40, 0, 2, 0, 0, 1, 0, 0, 3, 1, 42, 0, 0, 0, 4, 0, 1, 0, 1, 0, 0, 0, 3, 0, 2, 0, 5, 0, 2, 0, 0, 4, 2, 1, 4, 0, 1, 5, 5, 0, 2, 1, 1, 3, 3, 43, 0, 0, 0, 0, 1, 3, 3, 2, 5, 0, 0, 0, : 2, 5, 5, 4, 44, 2, 2, 2, 4, 4, 5, 2, 2, 3, 40, 4, 1, 2, 4, 5, 2, 2, 5, 2, 5, 5, 1, 5, 5, 2, 2, 42, 1, 3, 1, 2, 2, 1, 5, 40, 2, 1, 3, 1, 42, 4, 1, 1, 3, 2, 5, 2, 4, 2, 1, 4, 1, 5, 5, 2, 1, 1, 3, 3, 43, 1, 3, 3, 2, 5, 
121: 0, 0, 0, 1, 0, 0, 0, 0, 0, 1, 0, 0, 4, 5, 0, 5, 0, 0, 0, 0, 4, 41, 5, 1, 0, 0, 0, 0, 5, 5, 0, 2, 4, 0, 4, 0, 2, 0, 4, 0, 1, 0, 0, 0, 2, 0, 0, 0, 0, 3, 0, 4, 0, 0, 5, 44, 0, 0, 5, 0, 1, 1, 1, 1, 1, 0, 5, 2, 0, 0, 1, 5, 0, 0, 0, 3, 0, 1, 3, 5, 1, 2, 2, 1, 0, 4, 2, 2, 4, 0, 5, 0, 0, 0, 4, 3, 3, 5, 0, 5, 5, 0, 4, 4, 5, 2, 0, 0, 0, 0, 2, 0, 3, 0, 44, 5, 0, 1, 4, 5, : 1, 1, 4, 5, 5, 4, 41, 5, 1, 5, 5, 2, 4, 4, 2, 4, 1, 2, 3, 4, 5, 44, 5, 1, 1, 1, 1, 1, 5, 2, 1, 5, 3, 1, 3, 5, 1, 2, 2, 1, 4, 2, 2, 4, 5, 4, 3, 3, 5, 5, 5, 4, 4, 5, 2, 2, 3, 44, 5, 1, 4, 5, 
153: 0, 0, 0, 5, 0, 0, 0, 3, 0, 0, 0, 4, 1, 2, 0, 0, 4, 0, 0, 40, 4, 5, 0, 2, 0, 4, 0, 44, 4, 1, 0, 0, 3, 0, 0, 4, 2, 0, 3, 0, 1, 0, 0, 0, 5, 0, 0, 2, 44, 4, 0, 4, 0, 4, 4, 0, 0, 43, 0, 5, 5, 0, 0, 0, 1, 0, 5, 3, 4, 0, 3, 4, 0, 1, 4, 0, 5, 0, 4, 3, 2, 0, 0, 2, 0, 0, 0, 1, 5, 0, 3, 0, 0, 1, 0, 3, 2, 0, 40, 3, 2, 4, 0, 3, 0, 0, 3, 0, 0, 0, 2, 1, 0, 5, 0, 3, 0, 4, 40, 0, : 5, 3, 4, 1, 2, 4, 40, 4, 5, 2, 4, 44, 4, 1, 3, 4, 2, 3, 1, 5, 2, 44, 4, 4, 4, 4, 43, 5, 5, 1, 5, 3, 4, 3, 4, 1, 4, 5, 4, 3, 2, 2, 1, 5, 3, 1, 3, 2, 40, 3, 2, 4, 3, 3, 2, 1, 5, 3, 4, 40, 
4: 4, 3, 3, 0, 44, 0, 2, 0, 0, 5, 1, 44, 5, 0, 1, 0, 43, 0, 41, 40, 5, 41, 4, 4, 5, 3, 5, 5, 4, 0, 0, 0, 0, 0, 2, 5, 5, 0, 0, 5, 0, 0, 0, 0, 3, 2, 4, 0, 3, 1, 0, 3, 5, 0, 0, 2, 0, 0, 3, 0, 0, 3, 3, 0, 44, 0, 0, 3, 0, 5, 2, 4, 0, 0, 0, 5, 0, 0, 1, 4, 0, 0, 0, 1, 0, 0, 0, 0, 3, 0, 4, 0, 0, 4, 0, 2, 5, 0, 40, 0, 0, 0, 0, 1, 4, 40, 0, 3, 1, 0, 0, 4, 4, 4, 0, 5, 1, 0, 0, 3, : 4, 3, 3, 44, 2, 5, 1, 44, 5, 1, 43, 41, 40, 5, 41, 4, 4, 5, 3, 5, 5, 4, 2, 5, 5, 5, 3, 2, 4, 3, 1, 3, 5, 2, 3, 3, 3, 44, 3, 5, 2, 4, 5, 1, 4, 1, 3, 4, 4, 2, 5, 40, 1, 4, 40, 3, 1, 4, 4, 4, 5, 1, 3, 
119: 0, 42, 0, 3, 0, 5, 2, 0, 0, 5, 1, 0, 0, 1, 0, 0, 3, 2, 0, 1, 4, 0, 1, 5, 4, 1, 5, 0, 0, 0, 0, 0, 0, 0, 3, 1, 0, 0, 1, 4, 0, 4, 0, 41, 2, 4, 0, 0, 1, 0, 1, 3, 0, 5, 4, 3, 4, 43, 4, 0, 0, 0, 5, 40, 2, 0, 0, 1, 1, 5, 40, 0, 0, 41, 0, 0, 0, 0, 5, 44, 0, 0, 0, 0, 2, 4, 3, 1, 0, 2, 3, 4, 0, 2, 5, 2, 3, 0, 1, 4, 0, 1, 2, 5, 0, 1, 5, 0, 0, 0, 43, 3, 0, 4, 3, 2, 0, 4, 1, 4, : 42, 3, 5, 2, 5, 1, 1, 3, 2, 1, 4, 1, 5, 4, 1, 5, 3, 1, 1, 4, 4, 41, 2, 4, 1, 1, 3, 5, 4, 3, 4, 43, 4, 5, 40, 2, 1, 1, 5, 40, 41, 5, 44, 2, 4, 3, 1, 2, 3, 4, 2, 5, 2, 3, 1, 4, 1, 2, 5, 1, 5, 43, 3, 4, 3, 2, 4, 1, 4, 
41: 1, 41, 4, 3, 3, 0, 5, 0, 44, 2, 0, 0, 3, 0, 0, 0, 0, 0, 3, 0, 0, 0, 1, 0, 0, 3, 0, 0, 2, 0, 0, 43, 2, 0, 0, 40, 0, 0, 1, 43, 5, 3, 4, 5, 1, 41, 5, 41, 0, 3, 42, 0, 0, 0, 0, 3, 0, 0, 5, 0, 0, 2, 2, 2, 4, 3, 0, 0, 0, 0, 0, 5, 43, 0, 1, 0, 5, 1, 2, 42, 4, 2, 0, 2, 2, 3, 0, 5, 1, 1, 1, 3, 3, 0, 4, 2, 5, 1, 3, 1, 0, 2, 1, 4, 5, 1, 3, 0, 1, 0, 40, 0, 3, 0, 0, 0, 0, 1, 3, 1, : 1, 41, 4, 3, 3, 5, 44, 2, 3, 3, 1, 3, 2, 43, 2, 40, 1, 43, 5, 3, 4, 5, 1, 41, 5, 41, 3, 42, 3, 5, 2, 2, 2, 4, 3, 5, 43, 1, 5, 1, 2, 42, 4, 2, 2, 2, 3, 5, 1, 1, 1, 3, 3, 4, 2, 5, 1, 3, 1, 2, 1, 4, 5, 1, 3, 1, 40, 3, 1, 3, 1, 
143: 0, 0, 4, 0, 2, 0, 3, 4, 0, 2, 5, 42, 44, 1, 0, 2, 0, 3, 43, 0, 1, 1, 5, 1, 2, 0, 0, 5, 3, 0, 4, 0, 0, 4, 0, 1, 0, 0, 0, 0, 5, 1, 0, 4, 2, 0, 0, 5, 1, 3, 0, 1, 1, 0, 1, 1, 0, 4, 3, 0, 4, 1, 2, 3, 4, 0, 0, 0, 0, 4, 0, 0, 0, 1, 0, 1, 0, 0, 2, 2, 4, 0, 0, 0, 0, 3, 5, 4, 2, 5, 3, 3, 0, 5, 0, 2, 0, 43, 4, 2, 0, 4, 0, 4, 0, 5, 0, 0, 41, 0, 5, 1, 0, 0, 0, 3, 0, 1, 0, 4, : 4, 2, 3, 4, 2, 5, 42, 44, 1, 2, 3, 43, 1, 1, 5, 1, 2, 5, 3, 4, 4, 1, 5, 1, 4, 2, 5, 1, 3, 1, 1, 1, 1, 4, 3, 4, 1, 2, 3, 4, 4, 1, 1, 2, 2, 4, 3, 5, 4, 2, 5, 3, 3, 5, 2, 43, 4, 2, 4, 4, 5, 41, 5, 1, 3, 1, 4, 
131: 0, 41, 2, 2, 2, 0, 5, 43, 4, 3, 0, 2, 1, 1, 0, 0, 0, 0, 4, 3, 0, 0, 1, 4, 2, 0, 0, 0, 5, 4, 3, 0, 0, 1, 1, 1, 0, 0, 0, 0, 0, 4, 0, 0, 3, 3, 0, 0, 1, 0, 0, 0, 3, 1, 0, 0, 41, 0, 0, 2, 3, 4, 0, 0, 3, 1, 0, 1, 2, 0, 2, 0, 0, 0, 0, 41, 4, 0, 1, 0, 0, 41, 0, 0, 2, 4, 0, 1, 5, 4, 3, 1, 0, 0, 0, 5, 5, 3, 5, 43, 44, 0, 0, 2, 3, 2, 0, 43, 0, 0, 0, 0, 2, 3, 4, 1, 3, 0, 2, 1, : 41, 2, 2, 2, 5, 43, 4, 3, 2, 1, 1, 4, 3, 1, 4, 2, 5, 4, 3, 1, 1, 1, 4, 3, 3, 1, 3, 1, 41, 2, 3, 4, 3, 1, 1, 2, 2, 41, 4, 1, 41, 2, 4, 1, 5, 4, 3, 1, 5, 5, 3, 5, 43, 44, 2, 3, 2, 43, 2, 3, 4, 1, 3, 2, 1, 
116: 3, 3, 0, 0, 0, 0, 5, 3, 1, 4, 0, 0, 40, 2, 0, 0, 0, 0, 0, 5, 0, 5, 43, 2, 0, 2, 5, 41, 1, 3, 1, 0, 4, 2, 4, 0, 3, 2, 0, 0, 0, 4, 0, 0, 0, 0, 1, 2, 1, 40, 5, 0, 3, 5, 0, 5, 0, 0, 2, 5, 1, 0, 5, 0, 5, 0, 3, 42, 1, 0, 4, 0, 4, 0, 0, 0, 0, 43, 5, 2, 1, 0, 0, 1, 41, 3, 5, 4, 0, 4, 2, 0, 0, 0, 0, 0, 0, 3, 0, 0, 5, 4, 1, 5, 0, 4, 0, 0, 0, 0, 0, 4, 4, 0, 2, 2, 3, 3, 5, 3, : 3, 3, 5, 3, 1, 4, 40, 2, 5, 5, 43, 2, 2, 5, 41, 1, 3, 1, 4, 2, 4, 3, 2, 4, 1, 2, 1, 40, 5, 3, 5, 5, 2, 5, 1, 5, 5, 3, 42, 1, 4, 4, 43, 5, 2, 1, 1, 41, 3, 5, 4, 4, 2, 3, 5, 4, 1, 5, 4, 4, 4, 2, 2, 3, 3, 5, 3, 
160: 2, 0, 5, 2, 0, 5, 4, 5, 41, 43, 0, 0, 2, 0, 0, 0, 4, 0, 1, 3, 3, 4, 5, 0, 4, 3, 3, 0, 0, 3, 2, 0, 4, 0, 2, 5, 1, 1, 0, 0, 0, 3, 0, 0, 1, 3, 3, 0, 5, 3, 0, 0, 0, 2, 0, 0, 44, 0, 3, 0, 5, 4, 0, 44, 0, 0, 2, 4, 0, 0, 0, 2, 4, 0, 43, 1, 2, 0, 3, 0, 3, 4, 0, 0, 4, 0, 2, 0, 1, 2, 4, 0, 5, 41, 0, 0, 4, 0, 2, 0, 0, 0, 0, 0, 1, 0, 0, 40, 2, 2, 0, 0, 2, 0, 3, 5, 2, 5, 1, 0, : 2, 5, 2, 5, 4, 5, 41, 43, 2, 4, 1, 3, 3, 4, 5, 4, 3, 3, 3, 2, 4, 2, 5, 1, 1, 3, 1, 3, 3, 5, 3, 2, 44, 3, 5, 4, 44, 2, 4, 2, 4, 43, 1, 2, 3, 3, 4, 4, 2, 1, 2, 4, 5, 41, 4, 2, 1, 40, 2, 2, 2, 3, 5, 2, 5, 1, 
8: 0, 4, 0, 4, 4, 0, 4, 0, 0, 2, 0, 0, 1, 0, 3, 0, 0, 0, 0, 0, 0, 5, 0, 1, 0, 5, 0, 40, 1, 40, 3, 1, 1, 0, 0, 0, 4, 4, 3, 0, 3, 0, 0, 4, 4, 2, 0, 2, 1, 4, 2, 1, 0, 0, 0, 4, 3, 2, 4, 0, 0, 1, 0, 0, 0, 4, 0, 1, 0, 40, 4, 0, 1, 5, 0, 0, 2, 0, 1, 5, 42, 3, 0, 2, 5, 0, 4, 0, 3, 0, 2, 43, 0, 0, 0, 4, 2, 0, 0, 0, 40, 5, 2, 5, 0, 2, 0, 0, 1, 0, 0, 0, 3, 0, 0, 2, 3, 1, 3, 0, : 4, 4, 4, 4, 2, 1, 3, 5, 1, 5, 40, 1, 40, 3, 1, 1, 4, 4, 3, 3, 4, 4, 2, 2, 1, 4, 2, 1, 4, 3, 2, 4, 1, 4, 1, 40, 4, 1, 5, 2, 1, 5, 42, 3, 2, 5, 4, 3, 2, 43, 4, 2, 40, 5, 2, 5, 2, 1, 3, 2, 3, 1, 3, 
142: 0, 5, 0, 0, 0, 1, 0, 0, 41, 3, 4, 0, 3, 1, 0, 0, 0, 3, 2, 0, 0, 2, 5, 0, 0, 0, 0, 2, 0, 2, 0, 0, 0, 5, 0, 4, 4, 2, 0, 0, 42, 0, 0, 1, 4, 1, 1, 0, 1, 0, 0, 5, 0, 0, 0, 0, 0, 3, 1, 5, 4, 5, 1, 0, 4, 0, 4, 2, 0, 0, 41, 43, 2, 4, 5, 4, 0, 4, 3, 0, 0, 0, 2, 3, 1, 5, 4, 2, 5, 0, 4, 0, 0, 0, 3, 4, 0, 0, 3, 4, 3, 0, 0, 4, 0, 0, 0, 0, 5, 0, 0, 0, 0, 0, 0, 5, 41, 4, 1, 5, : 5, 1, 41, 3, 4, 3, 1, 3, 2, 2, 5, 2, 2, 5, 4, 4, 2, 42, 1, 4, 1, 1, 1, 5, 3, 1, 5, 4, 5, 1, 4, 4, 2, 41, 43, 2, 4, 5, 4, 4, 3, 2, 3, 1, 5, 4, 2, 5, 4, 3, 4, 3, 4, 3, 4, 5, 5, 41, 4, 1, 5, 
80: 5, 5, 0, 0, 0, 0, 3, 1, 0, 4, 0, 0, 3, 2, 43, 5, 0, 0, 1, 3, 0, 0, 1, 0, 0, 5, 0, 0, 40, 0, 4, 4, 0, 0, 5, 1, 0, 1, 0, 44, 4, 1, 0, 0, 1, 0, 0, 2, 2, 3, 3, 0, 5, 1, 0, 0, 2, 0, 3, 0, 0, 0, 5, 0, 3, 5, 40, 1, 0, 42, 44, 1, 0, 3, 1, 41, 0, 0, 2, 0, 4, 0, 0, 1, 1, 2, 0, 4, 0, 3, 0, 0, 4, 3, 3, 0, 4, 41, 0, 3, 0, 0, 4, 3, 0, 0, 0, 0, 1, 43, 0, 5, 1, 1, 3, 0, 0, 1, 5, 5, : 5, 5, 3, 1, 4, 3, 2, 43, 5, 1, 3, 1, 5, 40, 4, 4, 5, 1, 1, 44, 4, 1, 1, 2, 2, 3, 3, 5, 1, 2, 3, 5, 3, 5, 40, 1, 42, 44, 1, 3, 1, 41, 2, 4, 1, 1, 2, 4, 3, 4, 3, 3, 4, 41, 3, 4, 3, 1, 43, 5, 1, 1, 3, 1, 5, 5, 
29: 0, 5, 0, 0, 4, 0, 41, 4, 4, 2, 1, 0, 3, 5, 0, 0, 0, 5, 1, 5, 3, 4, 3, 0, 4, 3, 0, 0, 5, 3, 5, 44, 5, 0, 5, 4, 0, 0, 5, 0, 0, 2, 0, 2, 1, 1, 5, 4, 1, 0, 2, 5, 0, 3, 5, 0, 1, 3, 0, 43, 5, 0, 4, 42, 0, 3, 4, 0, 0, 1, 5, 0, 4, 3, 2, 0, 40, 0, 0, 0, 43, 0, 44, 0, 4, 4, 0, 0, 1, 0, 5, 0, 0, 3, 0, 1, 2, 0, 5, 5, 4, 1, 0, 0, 40, 1, 42, 5, 5, 0, 1, 0, 3, 0, 0, 2, 0, 0, 2, 5, : 5, 4, 41, 4, 4, 2, 1, 3, 5, 5, 1, 5, 3, 4, 3, 4, 3, 5, 3, 5, 44, 5, 5, 4, 5, 2, 2, 1, 1, 5, 4, 1, 2, 5, 3, 5, 1, 3, 43, 5, 4, 42, 3, 4, 1, 5, 4, 3, 2, 40, 43, 44, 4, 4, 1, 5, 3, 1, 2, 5, 5, 4, 1, 40, 1, 42, 5, 5, 1, 3, 2, 2, 5, 
60: 0, 0, 4, 0, 3, 41, 0, 0, 0, 0, 0, 2, 0, 5, 0, 5, 1, 0, 4, 0, 0, 1, 3, 2, 1, 44, 0, 0, 0, 0, 42, 0, 0, 0, 1, 5, 5, 0, 0, 0, 0, 1, 5, 0, 2, 0, 0, 0, 2, 0, 0, 5, 3, 0, 1, 44, 0, 0, 3, 1, 0, 5, 0, 0, 0, 0, 3, 4, 5, 0, 0, 0, 0, 0, 5, 1, 5, 42, 1, 0, 0, 0, 0, 0, 0, 41, 3, 4, 43, 0, 2, 3, 0, 4, 4, 0, 1, 0, 0, 0, 2, 1, 0, 4, 5, 4, 0, 0, 0, 2, 0, 1, 5, 1, 0, 0, 3, 0, 1, 0, : 4, 3, 41, 2, 5, 5, 1, 4, 1, 3, 2, 1, 44, 42, 1, 5, 5, 1, 5, 2, 2, 5, 3, 1, 44, 3, 1, 5, 3, 4, 5, 5, 1, 5, 42, 1, 41, 3, 4, 43, 2, 3, 4, 4, 1, 2, 1, 4, 5, 4, 2, 1, 5, 1, 3, 1, 
51: 0, 3, 0, 4, 1, 0, 3, 0, 41, 0, 0, 0, 1, 4, 0, 0, 4, 0, 3, 0, 1, 0, 2, 4, 4, 0, 0, 42, 0, 1, 4, 1, 4, 0, 0, 1, 1, 0, 3, 0, 0, 44, 4, 0, 1, 2, 0, 0, 4, 2, 0, 4, 3, 0, 3, 0, 0, 0, 4, 0, 0, 44, 0, 0, 0, 4, 44, 2, 0, 4, 0, 1, 1, 1, 43, 0, 0, 42, 2, 3, 0, 0, 0, 0, 3, 0, 1, 5, 5, 0, 0, 0, 0, 2, 0, 0, 2, 4, 0, 5, 0, 0, 4, 4, 0, 3, 0, 0, 0, 0, 0, 0, 0, 0, 0, 0, 0, 3, 0, 5, : 3, 4, 1, 3, 41, 1, 4, 4, 3, 1, 2, 4, 4, 42, 1, 4, 1, 4, 1, 1, 3, 44, 4, 1, 2, 4, 2, 4, 3, 3, 4, 44, 4, 44, 2, 4, 1, 1, 1, 43, 42, 2, 3, 3, 1, 5, 5, 2, 2, 4, 5, 4, 4, 3, 3, 5, 
81: 1, 0, 1, 1, 1, 0, 0, 0, 0, 2, 0, 4, 2, 2, 44, 0, 0, 0, 4, 3, 5, 0, 4, 1, 3, 0, 1, 0, 0, 5, 0, 0, 5, 3, 4, 4, 0, 0, 4, 2, 0, 4, 2, 3, 0, 0, 5, 0, 4, 4, 0, 0, 0, 5, 0, 0, 0, 0, 2, 5, 5, 0, 1, 1, 0, 2, 0, 0, 0, 0, 0, 3, 0, 3, 42, 5, 0, 0, 2, 3, 0, 0, 4, 0, 5, 5, 2, 0, 1, 4, 3, 4, 0, 0, 0, 3, 0, 4, 0, 0, 0, 1, 0, 41, 5, 4, 1, 0, 3, 0, 0, 0, 3, 0, 0, 0, 0, 3, 2, 4, : 1, 1, 1, 1, 2, 4, 2, 2, 44, 4, 3, 5, 4, 1, 3, 1, 5, 5, 3, 4, 4, 4, 2, 4, 2, 3, 5, 4, 4, 5, 2, 5, 5, 1, 1, 2, 3, 3, 42, 5, 2, 3, 4, 5, 5, 2, 1, 4, 3, 4, 3, 4, 1, 41, 5, 4, 1, 3, 3, 3, 2, 4, 
17: 3, 4, 1, 5, 0, 0, 4, 2, 1, 0, 0, 4, 4, 0, 0, 4, 0, 0, 1, 0, 0, 0, 0, 5, 40, 2, 0, 0, 3, 1, 41, 0, 4, 2, 3, 0, 5, 2, 41, 5, 4, 0, 0, 4, 0, 0, 0, 0, 0, 3, 42, 0, 0, 2, 0, 43, 2, 0, 0, 4, 0, 4, 43, 0, 0, 3, 0, 5, 2, 43, 1, 2, 44, 1, 0, 40, 0, 0, 2, 3, 1, 0, 4, 4, 0, 0, 0, 4, 5, 2, 3, 4, 0, 5, 0, 0, 4, 5, 0, 1, 1, 0, 1, 40, 0, 1, 0, 2, 1, 0, 0, 1, 1, 43, 0, 2, 3, 2, 0, 3, : 3, 4, 1, 5, 4, 2, 1, 4, 4, 4, 1, 5, 40, 2, 3, 1, 41, 4, 2, 3, 5, 2, 41, 5, 4, 4, 3, 42, 2, 43, 2, 4, 4, 43, 3, 5, 2, 43, 1, 2, 44, 1, 40, 2, 3, 1, 4, 4, 4, 5, 2, 3, 4, 5, 4, 5, 1, 1, 1, 40, 1, 2, 1, 1, 1, 43, 2, 3, 2, 3, 
37: 0, 3, 4, 4, 43, 0, 41, 0, 0, 2, 0, 2, 2, 0, 0, 0, 1, 0, 4, 0, 0, 0, 1, 4, 3, 0, 0, 0, 1, 5, 0, 4, 0, 5, 4, 5, 5, 1, 0, 0, 3, 4, 42, 3, 43, 2, 0, 0, 2, 0, 5, 0, 2, 2, 4, 2, 0, 44, 0, 5, 4, 0, 0, 42, 0, 0, 0, 1, 0, 2, 0, 5, 5, 0, 0, 0, 0, 1, 5, 3, 0, 0, 43, 0, 3, 5, 0, 0, 0, 0, 2, 1, 5, 4, 2, 0, 0, 5, 2, 41, 3, 0, 0, 1, 2, 0, 0, 0, 3, 0, 4, 0, 0, 5, 0, 3, 0, 0, 2, 2, : 3, 4, 4, 43, 41, 2, 2, 2, 1, 4, 1, 4, 3, 1, 5, 4, 5, 4, 5, 5, 1, 3, 4, 42, 3, 43, 2, 2, 5, 2, 2, 4, 2, 44, 5, 4, 42, 1, 2, 5, 5, 1, 5, 3, 43, 3, 5, 2, 1, 5, 4, 2, 5, 2, 41, 3, 1, 2, 3, 4, 5, 3, 2, 2, 
92: 2, 1, 0, 0, 0, 1, 2, 40, 0, 0, 0, 0, 4, 0, 0, 2, 0, 0, 43, 0, 1, 0, 4, 3, 1, 0, 0, 0, 4, 0, 0, 4, 0, 5, 2, 1, 5, 0, 0, 4, 2, 0, 0, 43, 0, 0, 1, 0, 42, 0, 5, 4, 5, 0, 0, 40, 5, 0, 0, 0, 3, 1, 41, 0, 0, 2, 0, 1, 3, 3, 2, 0, 41, 1, 2, 0, 2, 0, 0, 0, 0, 41, 1, 0, 4, 4, 2, 3, 2, 3, 4, 0, 0, 42, 1, 3, 41, 0, 4, 3, 5, 3, 0, 0, 5, 4, 0, 0, 0, 0, 0, 0, 4, 2, 1, 1, 5, 0, 4, 0, : 2, 1, 1, 2, 40, 4, 2, 43, 1, 4, 3, 1, 4, 4, 5, 2, 1, 5, 4, 2, 43, 1, 42, 5, 4, 5, 40, 5, 3, 1, 41, 2, 1, 3, 3, 2, 41, 1, 2, 2, 41, 1, 4, 4, 2, 3, 2, 3, 4, 42, 1, 3, 41, 4, 3, 5, 3, 5, 4, 4, 2, 1, 1, 5, 4, 
102: 0, 0, 0, 5, 0, 0, 1, 4, 0, 0, 0, 3, 0, 0, 0, 0, 0, 0, 2, 0, 0, 2, 3, 0, 0, 5, 0, 0, 1, 0, 0, 0, 0, 1, 0, 5, 0, 0, 0, 5, 0, 2, 3, 1, 0, 0, 0, 0, 0, 5, 0, 0, 44, 3, 0, 0, 0, 0, 1, 1, 5, 0, 0, 0, 0, 4, 0, 5, 43, 0, 4, 4, 0, 40, 0, 5, 3, 1, 2, 3, 2, 0, 0, 4, 0, 0, 5, 1, 1, 5, 5, 0, 4, 0, 2, 0, 5, 3, 0, 40, 0, 2, 2, 1, 0, 0, 5, 3, 4, 4, 2, 44, 2, 3, 2, 0, 4, 4, 5, 5, : 5, 1, 4, 3, 2, 2, 3, 5, 1, 1, 5, 5, 2, 3, 1, 5, 44, 3, 1, 1, 5, 4, 5, 43, 4, 4, 40, 5, 3, 1, 2, 3, 2, 4, 5, 1, 1, 5, 5, 4, 2, 5, 3, 40, 2, 2, 1, 5, 3, 4, 4, 2, 44, 2, 3, 2, 4, 4, 5, 5, 
63: 1, 0, 0, 1, 0, 41, 1, 0, 0, 0, 4, 4, 2, 3, 0, 0, 43, 0, 2, 0, 0, 1, 2, 4, 0, 0, 0, 1, 1, 2, 0, 2, 0, 4, 2, 4, 4, 41, 1, 3, 1, 44, 0, 4, 5, 2, 2, 0, 1, 0, 0, 0, 4, 1, 1, 4, 41, 4, 0, 0, 0, 5, 3, 1, 0, 0, 0, 0, 0, 41, 2, 0, 4, 0, 0, 4, 0, 2, 3, 2, 3, 42, 5, 0, 1, 3, 1, 0, 5, 4, 1, 4, 5, 2, 3, 1, 0, 0, 2, 0, 3, 3, 1, 3, 0, 0, 40, 5, 4, 0, 0, 3, 0, 0, 0, 2, 4, 2, 1, 3, : 1, 1, 41, 1, 4, 4, 2, 3, 43, 2, 1, 2, 4, 1, 1, 2, 2, 4, 2, 4, 4, 41, 1, 3, 1, 44, 4, 5, 2, 2, 1, 4, 1, 1, 4, 41, 4, 5, 3, 1, 41, 2, 4, 4, 2, 3, 2, 3, 42, 5, 1, 3, 1, 5, 4, 1, 4, 5, 2, 3, 1, 2, 3, 3, 1, 3, 40, 5, 4, 3, 2, 4, 2, 1, 3, 
45: 0, 0, 5, 3, 2, 0, 41, 2, 1, 4, 0, 5, 4, 0, 0, 2, 0, 4, 1, 1, 0, 0, 4, 0, 5, 0, 0, 0, 5, 2, 4, 0, 43, 0, 1, 4, 3, 0, 5, 0, 0, 4, 5, 5, 4, 5, 40, 0, 4, 0, 0, 3, 5, 4, 4, 2, 1, 0, 5, 0, 1, 2, 1, 3, 0, 5, 0, 1, 3, 0, 2, 0, 5, 0, 0, 0, 0, 3, 5, 2, 4, 2, 1, 0, 0, 2, 0, 1, 3, 5, 3, 0, 0, 1, 0, 44, 3, 0, 0, 3, 0, 3, 5, 2, 0, 0, 0, 0, 5, 2, 0, 2, 41, 0, 43, 5, 2, 2, 3, 1, : 5, 3, 2, 41, 2, 1, 4, 5, 4, 2, 4, 1, 1, 4, 5, 5, 2, 4, 43, 1, 4, 3, 5, 4, 5, 5, 4, 5, 40, 4, 3, 5, 4, 4, 2, 1, 5, 1, 2, 1, 3, 5, 1, 3, 2, 5, 3, 5, 2, 4, 2, 1, 2, 1, 3, 5, 3, 1, 44, 3, 3, 3, 5, 2, 5, 2, 2, 41, 43, 5, 2, 2, 3, 1, 
127: 0, 3, 0, 0, 0, 0, 4, 0, 0, 1, 0, 1, 1, 5, 0, 0, 2, 0, 1, 4, 5, 5, 2, 4, 0, 2, 0, 0, 1, 0, 2, 0, 0, 1, 5, 3, 1, 0, 4, 0, 0, 1, 42, 0, 0, 5, 0, 0, 1, 5, 0, 4, 0, 2, 1, 2, 5, 0, 0, 1, 1, 0, 3, 0, 0, 0, 0, 3, 0, 0, 2, 3, 0, 0, 0, 0, 0, 0, 41, 0, 1, 0, 1, 0, 3, 2, 0, 5, 3, 5, 1, 5, 5, 3, 0, 0, 4, 44, 0, 1, 1, 44, 2, 2, 3, 4, 5, 0, 0, 3, 0, 4, 5, 0, 0, 0, 2, 4, 4, 0, : 3, 4, 1, 1, 1, 5, 2, 1, 4, 5, 5, 2, 4, 2, 1, 2, 1, 5, 3, 1, 4, 1, 42, 5, 1, 5, 4, 2, 1, 2, 5, 1, 1, 3, 3, 2, 3, 41, 1, 1, 3, 2, 5, 3, 5, 1, 5, 5, 3, 4, 44, 1, 1, 44, 2, 2, 3, 4, 5, 3, 4, 5, 2, 4, 4, 
11: 2, 2, 4, 0, 0, 5, 0, 0, 0, 1, 3, 4, 4, 40, 1, 0, 0, 0, 3, 0, 0, 1, 0, 3, 4, 0, 0, 0, 0, 0, 0, 0, 4, 5, 43, 1, 0, 2, 5, 2, 0, 5, 4, 3, 5, 0, 5, 5, 5, 0, 0, 0, 0, 2, 0, 0, 0, 0, 2, 1, 3, 4, 0, 0, 4, 5, 0, 0, 0, 0, 5, 3, 2, 2, 0, 5, 0, 43, 1, 5, 2, 1, 0, 0, 4, 0, 4, 2, 4, 0, 0, 1, 0, 1, 2, 0, 1, 2, 0, 5, 3, 0, 1, 2, 4, 0, 5, 2, 5, 2, 5, 0, 1, 5, 5, 0, 4, 0, 5, 3, : 2, 2, 4, 5, 1, 3, 4, 4, 40, 1, 3, 1, 3, 4, 4, 5, 43, 1, 2, 5, 2, 5, 4, 3, 5, 5, 5, 5, 2, 2, 1, 3, 4, 4, 5, 5, 3, 2, 2, 5, 43, 1, 5, 2, 1, 4, 4, 2, 4, 1, 1, 2, 1, 2, 5, 3, 1, 2, 4, 5, 2, 5, 2, 5, 1, 5, 5, 4, 5, 3, 
84: 0, 5, 2, 0, 5, 0, 0, 0, 3, 1, 4, 1, 5, 0, 0, 4, 3, 3, 3, 3, 3, 4, 3, 4, 41, 3, 0, 0, 2, 0, 0, 0, 0, 0, 2, 1, 0, 1, 1, 41, 0, 2, 0, 0, 0, 5, 0, 3, 1, 5, 0, 42, 0, 0, 0, 0, 0, 5, 2, 0, 3, 5, 0, 0, 1, 0, 0, 1, 1, 5, 2, 0, 4, 4, 0, 5, 4, 0, 0, 3, 3, 0, 5, 4, 1, 5, 0, 1, 2, 5, 2, 1, 0, 40, 0, 44, 4, 1, 0, 3, 0, 5, 2, 0, 0, 0, 2, 0, 0, 4, 0, 43, 3, 0, 0, 1, 0, 0, 5, 0, : 5, 2, 5, 3, 1, 4, 1, 5, 4, 3, 3, 3, 3, 3, 4, 3, 4, 41, 3, 2, 2, 1, 1, 1, 41, 2, 5, 3, 1, 5, 42, 5, 2, 3, 5, 1, 1, 1, 5, 2, 4, 4, 5, 4, 3, 3, 5, 4, 1, 5, 1, 2, 5, 2, 1, 40, 44, 4, 1, 3, 5, 2, 2, 4, 43, 3, 1, 5, 
53: 3, 1, 3, 2, 0, 0, 1, 5, 0, 1, 43, 2, 3, 0, 0, 4, 0, 0, 4, 5, 0, 0, 0, 1, 2, 4, 0, 0, 5, 3, 0, 0, 0, 0, 3, 2, 1, 0, 0, 42, 42, 4, 1, 0, 2, 2, 0, 4, 3, 3, 0, 4, 0, 42, 2, 0, 0, 4, 0, 0, 1, 3, 0, 0, 43, 0, 1, 0, 4, 0, 1, 0, 0, 3, 0, 41, 42, 0, 3, 2, 1, 3, 0, 0, 0, 2, 0, 3, 0, 0, 2, 0, 0, 3, 3, 2, 0, 4, 2, 1, 3, 2, 0, 3, 4, 0, 2, 0, 0, 0, 44, 0, 1, 0, 3, 0, 0, 0, 3, 2, : 3, 1, 3, 2, 1, 5, 1, 43, 2, 3, 4, 4, 5, 1, 2, 4, 5, 3, 3, 2, 1, 42, 42, 4, 1, 2, 2, 4, 3, 3, 4, 42, 2, 4, 1, 3, 43, 1, 4, 1, 3, 41, 42, 3, 2, 1, 3, 2, 3, 2, 3, 3, 2, 4, 2, 1, 3, 2, 3, 4, 2, 44, 1, 3, 3, 2, 
19: 2, 0, 3, 4, 5, 0, 0, 3, 0, 1, 0, 2, 5, 43, 0, 42, 0, 0, 5, 0, 5, 4, 4, 2, 4, 0, 0, 0, 0, 4, 40, 0, 42, 3, 1, 0, 2, 2, 0, 2, 41, 1, 0, 0, 1, 0, 0, 5, 5, 0, 4, 0, 0, 0, 1, 0, 0, 0, 2, 41, 42, 4, 2, 3, 5, 0, 40, 0, 0, 0, 0, 3, 5, 0, 0, 0, 0, 2, 2, 1, 5, 1, 44, 43, 0, 4, 0, 2, 44, 1, 4, 3, 4, 2, 4, 3, 0, 0, 0, 0, 41, 5, 4, 0, 0, 4, 0, 0, 0, 42, 0, 0, 4, 0, 2, 3, 0, 42, 2, 5, : 2, 3, 4, 5, 3, 1, 2, 5, 43, 42, 5, 5, 4, 4, 2, 4, 4, 40, 42, 3, 1, 2, 2, 2, 41, 1, 1, 5, 5, 4, 1, 2, 41, 42, 4, 2, 3, 5, 40, 3, 5, 2, 2, 1, 5, 1, 44, 43, 4, 2, 44, 1, 4, 3, 4, 2, 4, 3, 41, 5, 4, 4, 42, 4, 2, 3, 42, 2, 5, 
52: 0, 0, 41, 0, 3, 0, 1, 1, 0, 4, 1, 2, 3, 40, 3, 0, 0, 5, 0, 0, 2, 2, 2, 0, 4, 0, 0, 0, 1, 3, 4, 0, 0, 5, 0, 5, 2, 42, 2, 0, 0, 2, 0, 5, 3, 1, 5, 0, 4, 4, 4, 1, 5, 5, 41, 0, 0, 3, 0, 5, 0, 0, 0, 0, 1, 1, 42, 4, 0, 0, 1, 2, 0, 5, 1, 0, 0, 3, 0, 2, 0, 0, 5, 0, 2, 1, 0, 0, 5, 5, 4, 0, 3, 3, 0, 0, 0, 0, 0, 0, 3, 0, 5, 0, 3, 4, 2, 4, 5, 0, 0, 0, 0, 1, 41, 42, 1, 2, 2, 0, : 41, 3, 1, 1, 4, 1, 2, 3, 40, 3, 5, 2, 2, 2, 4, 1, 3, 4, 5, 5, 2, 42, 2, 2, 5, 3, 1, 5, 4, 4, 4, 1, 5, 5, 41, 3, 5, 1, 1, 42, 4, 1, 2, 5, 1, 3, 2, 5, 2, 1, 5, 5, 4, 3, 3, 3, 5, 3, 4, 2, 4, 5, 1, 41, 42, 1, 2, 2, 
66: 2, 0, 4, 0, 0, 5, 0, 5, 0, 0, 0, 0, 0, 2, 2, 0, 0, 0, 3, 0, 0, 0, 2, 1, 1, 0, 0, 0, 1, 3, 0, 4, 3, 4, 1, 4, 0, 42, 0, 0, 4, 3, 3, 0, 3, 2, 0, 0, 0, 0, 1, 0, 1, 0, 0, 0, 0, 0, 2, 3, 1, 0, 0, 4, 0, 0, 2, 2, 0, 3, 0, 0, 0, 0, 0, 0, 0, 5, 0, 0, 4, 0, 0, 0, 0, 1, 0, 1, 3, 0, 4, 1, 0, 0, 0, 3, 41, 0, 0, 1, 2, 3, 4, 4, 0, 2, 0, 0, 0, 0, 0, 5, 1, 2, 0, 0, 4, 0, 4, 4, : 2, 4, 5, 5, 2, 2, 3, 2, 1, 1, 1, 3, 4, 3, 4, 1, 4, 42, 4, 3, 3, 3, 2, 1, 1, 2, 3, 1, 4, 2, 2, 3, 5, 4, 1, 1, 3, 4, 1, 3, 41, 1, 2, 3, 4, 4, 2, 5, 1, 2, 4, 4, 4, 
146: 0, 0, 0, 5, 40, 0, 0, 0, 1, 1, 2, 1, 2, 2, 0, 43, 0, 0, 0, 0, 5, 0, 5, 0, 2, 3, 3, 4, 2, 0, 2, 0, 1, 4, 0, 3, 3, 0, 0, 0, 0, 0, 1, 3, 3, 0, 2, 0, 1, 0, 0, 0, 44, 5, 0, 0, 0, 5, 1, 0, 43, 3, 42, 0, 0, 0, 0, 44, 0, 5, 0, 0, 0, 0, 5, 4, 0, 0, 1, 0, 3, 0, 0, 0, 4, 2, 0, 5, 4, 0, 0, 2, 0, 0, 5, 0, 0, 1, 0, 4, 0, 5, 0, 0, 1, 3, 0, 4, 4, 0, 0, 5, 0, 2, 0, 0, 0, 0, 0, 1, : 5, 40, 1, 1, 2, 1, 2, 2, 43, 5, 5, 2, 3, 3, 4, 2, 2, 1, 4, 3, 3, 1, 3, 3, 2, 1, 44, 5, 5, 1, 43, 3, 42, 44, 5, 5, 4, 1, 3, 4, 2, 5, 4, 2, 5, 1, 4, 5, 1, 3, 4, 4, 5, 2, 1, 
133: 4, 1, 1, 0, 1, 2, 0, 0, 0, 0, 5, 0, 2, 5, 0, 0, 2, 0, 0, 2, 5, 43, 1, 1, 1, 43, 0, 0, 3, 0, 3, 0, 5, 0, 0, 1, 4, 0, 4, 2, 3, 2, 0, 1, 2, 0, 0, 0, 0, 2, 0, 1, 1, 0, 0, 0, 5, 1, 3, 0, 2, 3, 4, 1, 5, 0, 4, 4, 3, 0, 2, 1, 5, 41, 0, 3, 2, 0, 2, 2, 2, 4, 0, 4, 0, 2, 3, 5, 0, 0, 5, 0, 2, 5, 5, 0, 3, 3, 0, 5, 5, 0, 5, 1, 4, 3, 0, 0, 0, 0, 4, 1, 5, 3, 4, 1, 43, 5, 0, 3, : 4, 1, 1, 1, 2, 5, 2, 5, 2, 2, 5, 43, 1, 1, 1, 43, 3, 3, 5, 1, 4, 4, 2, 3, 2, 1, 2, 2, 1, 1, 5, 1, 3, 2, 3, 4, 1, 5, 4, 4, 3, 2, 1, 5, 41, 3, 2, 2, 2, 2, 4, 4, 2, 3, 5, 5, 2, 5, 5, 3, 3, 5, 5, 5, 1, 4, 3, 4, 1, 5, 3, 4, 1, 43, 5, 3, 
82: 1, 5, 0, 2, 4, 0, 2, 0, 0, 5, 1, 0, 4, 0, 0, 3, 0, 2, 5, 0, 2, 0, 2, 40, 40, 0, 0, 0, 2, 0, 0, 0, 0, 2, 0, 3, 0, 0, 3, 0, 0, 0, 0, 5, 0, 0, 0, 0, 0, 3, 4, 2, 0, 0, 2, 0, 0, 0, 4, 3, 1, 0, 0, 0, 41, 0, 0, 1, 0, 0, 1, 3, 3, 2, 1, 0, 4, 0, 1, 0, 0, 1, 0, 0, 1, 4, 41, 3, 5, 0, 2, 4, 0, 1, 5, 4, 0, 3, 0, 0, 5, 0, 0, 4, 3, 0, 0, 0, 0, 0, 0, 0, 3, 0, 0, 2, 2, 0, 1, 4, : 1, 5, 2, 4, 2, 5, 1, 4, 3, 2, 5, 2, 2, 40, 40, 2, 2, 3, 3, 5, 3, 4, 2, 2, 4, 3, 1, 41, 1, 1, 3, 3, 2, 1, 4, 1, 1, 1, 4, 41, 3, 5, 2, 4, 1, 5, 4, 3, 5, 4, 3, 3, 2, 2, 1, 4, 
62: 2, 3, 0, 0, 0, 0, 0, 43, 0, 43, 1, 0, 41, 1, 5, 4, 0, 4, 0, 0, 0, 1, 1, 41, 4, 5, 0, 0, 0, 0, 0, 0, 5, 4, 4, 5, 1, 1, 4, 3, 0, 0, 0, 4, 44, 0, 2, 4, 0, 4, 0, 5, 1, 4, 5, 0, 4, 5, 1, 0, 0, 0, 2, 0, 44, 1, 0, 2, 0, 5, 0, 0, 0, 4, 0, 1, 0, 0, 3, 0, 1, 2, 0, 0, 2, 40, 3, 40, 4, 0, 4, 0, 2, 3, 1, 4, 0, 4, 5, 4, 0, 4, 1, 4, 5, 2, 40, 0, 0, 0, 0, 4, 2, 0, 0, 5, 0, 0, 5, 0, : 2, 3, 43, 43, 1, 41, 1, 5, 4, 4, 1, 1, 41, 4, 5, 5, 4, 4, 5, 1, 1, 4, 3, 4, 44, 2, 4, 4, 5, 1, 4, 5, 4, 5, 1, 2, 44, 1, 2, 5, 4, 1, 3, 1, 2, 2, 40, 3, 40, 4, 4, 2, 3, 1, 4, 4, 5, 4, 4, 1, 4, 5, 2, 40, 4, 2, 5, 5, 
78: 1, 2, 1, 4, 0, 0, 0, 0, 1, 1, 0, 5, 2, 44, 0, 4, 4, 0, 0, 3, 2, 4, 41, 41, 2, 0, 0, 0, 0, 2, 0, 2, 0, 0, 3, 0, 5, 0, 0, 41, 1, 0, 4, 0, 4, 0, 0, 0, 5, 0, 0, 2, 3, 5, 0, 0, 2, 0, 0, 3, 1, 1, 4, 0, 0, 1, 0, 0, 0, 0, 0, 4, 0, 0, 43, 0, 0, 2, 2, 3, 3, 0, 4, 2, 1, 3, 2, 0, 0, 0, 5, 3, 0, 0, 40, 3, 0, 2, 0, 2, 4, 0, 0, 3, 0, 0, 3, 1, 0, 0, 0, 5, 3, 0, 5, 1, 3, 0, 1, 4, : 1, 2, 1, 4, 1, 1, 5, 2, 44, 4, 4, 3, 2, 4, 41, 41, 2, 2, 2, 3, 5, 41, 1, 4, 4, 5, 2, 3, 5, 2, 3, 1, 1, 4, 1, 4, 43, 2, 2, 3, 3, 4, 2, 1, 3, 2, 5, 3, 40, 3, 2, 2, 4, 3, 3, 1, 5, 3, 5, 1, 3, 1, 4, 
144: 2, 0, 5, 4, 0, 42, 5, 1, 0, 2, 0, 0, 0, 0, 0, 0, 1, 0, 4, 0, 0, 4, 5, 0, 1, 3, 5, 0, 3, 0, 5, 0, 1, 3, 1, 5, 2, 1, 5, 0, 0, 3, 0, 44, 5, 43, 4, 0, 4, 4, 3, 1, 0, 0, 0, 0, 4, 0, 0, 0, 2, 0, 0, 0, 0, 0, 4, 5, 42, 0, 0, 1, 0, 0, 0, 1, 0, 0, 0, 1, 3, 5, 0, 0, 5, 3, 0, 0, 3, 2, 40, 41, 0, 1, 5, 0, 0, 0, 0, 2, 0, 3, 0, 2, 2, 0, 0, 0, 42, 0, 0, 0, 5, 5, 3, 0, 0, 5, 3, 1, : 2, 5, 4, 42, 5, 1, 2, 1, 4, 4, 5, 1, 3, 5, 3, 5, 1, 3, 1, 5, 2, 1, 5, 3, 44, 5, 43, 4, 4, 4, 3, 1, 4, 2, 4, 5, 42, 1, 1, 1, 3, 5, 5, 3, 3, 2, 40, 41, 1, 5, 2, 3, 2, 2, 42, 5, 5, 3, 5, 3, 1, 
87: 3, 0, 0, 2, 0, 42, 2, 2, 3, 5, 0, 0, 2, 2, 3, 0, 0, 0, 1, 0, 0, 4, 1, 1, 0, 0, 40, 0, 5, 1, 0, 5, 43, 4, 0, 2, 2, 4, 0, 0, 0, 1, 1, 5, 0, 4, 0, 3, 0, 0, 0, 0, 3, 2, 3, 1, 0, 0, 43, 0, 3, 1, 0, 0, 2, 0, 5, 3, 5, 3, 1, 0, 0, 1, 2, 0, 2, 5, 3, 2, 4, 0, 2, 0, 1, 3, 1, 4, 1, 0, 2, 2, 42, 1, 2, 3, 0, 2, 0, 2, 1, 1, 1, 2, 0, 0, 0, 44, 0, 0, 2, 3, 1, 5, 0, 2, 0, 0, 2, 0, : 3, 2, 42, 2, 2, 3, 5, 2, 2, 3, 1, 4, 1, 1, 40, 5, 1, 5, 43, 4, 2, 2, 4, 1, 1, 5, 4, 3, 3, 2, 3, 1, 43, 3, 1, 2, 5, 3, 5, 3, 1, 1, 2, 2, 5, 3, 2, 4, 2, 1, 3, 1, 4, 1, 2, 2, 42, 1, 2, 3, 2, 2, 1, 1, 1, 2, 44, 2, 3, 1, 5, 2, 2, 
129: 0, 0, 1, 4, 0, 0, 2, 0, 0, 0, 44, 0, 2, 5, 5, 2, 3, 3, 0, 5, 4, 2, 1, 4, 1, 5, 4, 4, 0, 1, 3, 40, 0, 5, 5, 42, 0, 0, 3, 0, 2, 2, 0, 3, 0, 0, 0, 0, 0, 0, 2, 1, 0, 0, 0, 0, 1, 0, 1, 4, 0, 5, 0, 0, 2, 0, 0, 5, 40, 0, 0, 2, 0, 3, 0, 0, 1, 2, 44, 1, 0, 42, 0, 0, 4, 2, 0, 0, 5, 0, 4, 2, 5, 0, 0, 1, 0, 1, 4, 5, 3, 0, 0, 1, 4, 0, 1, 4, 3, 0, 0, 4, 4, 5, 5, 4, 0, 3, 5, 5, : 1, 4, 2, 44, 2, 5, 5, 2, 3, 3, 5, 4, 2, 1, 4, 1, 5, 4, 4, 1, 3, 40, 5, 5, 42, 3, 2, 2, 3, 2, 1, 1, 1, 4, 5, 2, 5, 40, 2, 3, 1, 2, 44, 1, 42, 4, 2, 5, 4, 2, 5, 1, 1, 4, 5, 3, 1, 4, 1, 4, 3, 4, 4, 5, 5, 4, 3, 5, 5, 


