
20
40
60
2

38: 2, 4, 0, 0, 2, 3, 0, 5, 1, 1, 3, 0, 0, 3, 0, 5, 3, 0, 0, 0, : 2, 4, 2, 3, 5, 1, 1, 3, 3, 5, 3, 
2: 40, 3, 41, 0, 0, 7, 0, 2, 3, 3, 4, 0, 0, 3, 0, 0, 0, 0, 0, 0, : 40, 3, 41, 7, 2, 3, 3, 4, 3, 
17: 0, 1, 0, 0, 44, 1, 0, 2, 5, 5, 2, 0, 0, 0, 0, 5, 0, 0, 1, 0, : 1, 44, 1, 2, 5, 5, 2, 5, 1, 
16: 3, 3, 5, 0, 0, 2, 0, 1, 2, 2, 1, 1, 3, 5, 0, 0, 0, 0, 0, 0, : 3, 3, 5, 2, 1, 2, 2, 1, 1, 3, 5, 
36: 1, 1, 1, 0, 4, 1, 0, 2, 0, 5, 5, 0, 0, 3, 42, 0, 1, 4, 0, 0, : 1, 1, 1, 4, 1, 2, 5, 5, 3, 42, 1, 4, 
15: 0, 4, 0, 0, 0, 4, 1, 4, 0, 1, 3, 5, 3, 4, 0, 0, 0, 0, 0, 0, : 4, 4, 1, 4, 1, 3, 5, 3, 4, 
27: 1, 2, 0, 3, 0, 3, 2, 4, 1, 3, 2, 0, 1, 5, 4, 0, 1, 0, 0, 5, : 1, 2, 3, 3, 2, 4, 1, 3, 2, 1, 5, 4, 1, 5, 
22: 1, 5, 0, 1, 0, 4, 0, 4, 0, 4, 5, 0, 0, 3, 0, 2, 0, 0, 0, 41, : 1, 5, 1, 4, 4, 4, 5, 3, 2, 41, 
14: 0, 2, 0, 2, 3, 4, 5, 1, 0, 3, 2, 0, 0, 4, 0, 0, 3, 2, 0, 0, : 2, 2, 3, 4, 5, 1, 3, 2, 4, 3, 2, 
21: 0, 4, 1, 0, 0, 1, 0, 3, 0, 4, 1, 1, 42, 1, 0, 0, 0, 2, 3, 0, : 4, 1, 1, 3, 4, 1, 1, 42, 1, 2, 3, 
7: 1, 3, 0, 0, 0, 3, 3, 5, 0, 2, 5, 1, 0, 3, 0, 0, 0, 2, 0, 0, : 1, 3, 3, 3, 5, 2, 5, 1, 3, 2, 
34: 0, 4, 3, 0, 3, 3, 0, 3, 0, 3, 2, 42, 0, 1, 0, 0, 4, 0, 41, 0, : 4, 3, 3, 3, 3, 3, 2, 42, 1, 4, 41, 
4: 2, 8, 0, 0, 0, 7, 0, 3, 2, 4, 5, 0, 0, 4, 0, 40, 0, 0, 5, 0, : 2, 8, 7, 3, 2, 4, 5, 4, 40, 5, 
12: 2, 2, 0, 5, 1, 2, 2, 3, 0, 2, 5, 0, 0, 4, 3, 0, 0, 0, 4, 3, : 2, 2, 5, 1, 2, 2, 3, 2, 5, 4, 3, 4, 3, 
18: 5, 2, 0, 4, 0, 2, 0, 3, 0, 0, 2, 5, 0, 4, 1, 2, 4, 0, 0, 1, : 5, 2, 4, 2, 3, 2, 5, 4, 1, 2, 4, 1, 
29: 0, 4, 4, 0, 0, 1, 0, 3, 44, 2, 4, 0, 0, 0, 0, 0, 0, 0, 0, 4, : 4, 4, 1, 3, 44, 2, 4, 4, 
19: 0, 1, 3, 0, 3, 5, 3, 1, 0, 5, 2, 0, 4, 1, 1, 5, 40, 42, 0, 3, : 1, 3, 3, 5, 3, 1, 5, 2, 4, 1, 1, 5, 40, 42, 3, 
30: 2, 2, 0, 42, 0, 4, 0, 5, 2, 3, 2, 3, 0, 5, 4, 0, 0, 4, 0, 0, : 2, 2, 42, 4, 5, 2, 3, 2, 3, 5, 4, 4, 
28: 0, 3, 0, 2, 0, 1, 0, 1, 0, 3, 5, 2, 5, 4, 0, 0, 0, 1, 1, 3, : 3, 2, 1, 1, 3, 5, 2, 5, 4, 1, 1, 3, 
25: 0, 2, 2, 1, 0, 2, 44, 5, 0, 5, 0, 0, 2, 3, 5, 1, 4, 3, 5, 0, : 2, 2, 1, 2, 44, 5, 5, 2, 3, 5, 1, 4, 3, 5, 


39: 2, 1, 0, 0, 0, 3, 5, 3, 0, 3, 2, 3, 0, 1, 1, 3, 1, 1, 0, 3, : 2, 1, 3, 5, 3, 3, 2, 3, 1, 1, 3, 1, 1, 3, 
1: 2, 1, 3, 5, 0, 3, 0, 2, 0, 0, 2, 5, 5, 0, 0, 0, 0, 1, 0, 3, : 2, 1, 3, 5, 3, 2, 2, 5, 5, 1, 3, 
3: 2, 0, 0, 0, 3, 4, 0, 0, 0, 5, 3, 5, 1, 5, 4, 0, 0, 3, 2, 3, : 2, 3, 4, 5, 3, 5, 1, 5, 4, 3, 2, 3, 
20: 0, 0, 0, 0, 0, 1, 40, 0, 1, 1, 0, 1, 0, 0, 0, 0, 1, 4, 0, 5, : 1, 40, 1, 1, 1, 1, 4, 5, 
9: 43, 0, 1, 0, 0, 3, 0, 1, 0, 1, 2, 1, 0, 0, 0, 0, 0, 9, 0, 1, : 43, 1, 3, 1, 1, 2, 1, 9, 1, 
32: 0, 2, 0, 2, 0, 5, 0, 0, 0, 4, 3, 3, 0, 0, 0, 5, 3, 1, 0, 4, : 2, 2, 5, 4, 3, 3, 5, 3, 1, 4, 
35: 0, 2, 4, 2, 0, 4, 0, 0, 4, 5, 4, 3, 0, 2, 2, 5, 5, 1, 2, 2, : 2, 4, 2, 4, 4, 5, 4, 3, 2, 2, 5, 5, 1, 2, 2, 
11: 0, 0, 2, 0, 4, 1, 0, 0, 2, 3, 3, 4, 0, 4, 0, 0, 0, 3, 0, 3, : 2, 4, 1, 2, 3, 3, 4, 4, 3, 3, 
37: 0, 42, 2, 0, 0, 4, 5, 2, 0, 5, 0, 3, 0, 2, 0, 43, 0, 2, 0, 1, : 42, 2, 4, 5, 2, 5, 3, 2, 43, 2, 1, 
24: 0, 3, 0, 0, 43, 4, 1, 0, 2, 3, 1, 3, 5, 0, 3, 0, 0, 4, 2, 4, : 3, 43, 4, 1, 2, 3, 1, 3, 5, 3, 4, 2, 4, 
10: 0, 0, 0, 1, 3, 4, 0, 0, 0, 3, 4, 2, 0, 0, 4, 2, 0, 4, 0, 3, : 1, 3, 4, 3, 4, 2, 4, 2, 4, 3, 
40: 0, 0, 0, 4, 5, 4, 0, 3, 0, 4, 3, 5, 0, 42, 1, 0, 0, 3, 0, 5, : 4, 5, 4, 3, 4, 3, 5, 42, 1, 3, 5, 
33: 0, 0, 0, 5, 1, 5, 0, 4, 0, 1, 5, 4, 1, 1, 0, 0, 1, 4, 0, 2, : 5, 1, 5, 4, 1, 5, 4, 1, 1, 1, 4, 2, 
8: 0, 0, 4, 0, 0, 1, 0, 40, 1, 0, 5, 2, 0, 1, 0, 0, 4, 3, 40, 3, : 4, 1, 40, 1, 5, 2, 1, 4, 3, 40, 3, 
26: 0, 4, 0, 0, 1, 2, 0, 0, 0, 5, 4, 3, 5, 0, 4, 1, 1, 1, 1, 7, : 4, 1, 2, 5, 4, 3, 5, 4, 1, 1, 1, 1, 7, 
13: 4, 0, 0, 0, 0, 1, 4, 0, 0, 5, 5, 2, 0, 0, 0, 0, 2, 2, 5, 1, : 4, 1, 4, 5, 5, 2, 2, 2, 5, 1, 
5: 0, 0, 0, 0, 0, 2, 0, 3, 4, 1, 5, 2, 1, 1, 0, 1, 0, 5, 0, 3, : 2, 3, 4, 1, 5, 2, 1, 1, 1, 5, 3, 
23: 1, 0, 40, 0, 0, 3, 1, 0, 40, 3, 3, 4, 0, 0, 41, 0, 42, 3, 0, 2, : 1, 40, 3, 1, 40, 3, 3, 4, 41, 42, 3, 2, 
6: 2, 5, 4, 41, 0, 2, 0, 0, 2, 4, 5, 5, 42, 1, 0, 0, 0, 4, 3, 2, : 2, 5, 4, 41, 2, 2, 4, 5, 5, 42, 1, 4, 3, 2, 
31: 4, 0, 0, 0, 0, 4, 4, 2, 4, 4, 1, 0, 0, 0, 0, 0, 0, 2, 5, 3, : 4, 4, 4, 2, 4, 4, 1, 2, 5, 3, 


