
40
40
120
1

2: 0, 0, 0, 4, 41, 0, 0, 0, 0, 1, 5, 4, 1, 4, 5, 0, 1, 2, 0, 43, 0, 1, 0, 0, 0, 0, 4, 44, 5, 1, 0, 4, 0, 0, 0, 0, 1, 3, 0, 1, : 4, 41, 1, 5, 4, 1, 4, 5, 1, 2, 43, 1, 4, 44, 5, 1, 4, 1, 3, 1, 
21: 2, 4, 40, 3, 2, 0, 4, 3, 0, 1, 0, 4, 1, 2, 0, 1, 1, 1, 4, 0, 0, 0, 0, 4, 4, 1, 0, 0, 5, 0, 0, 0, 44, 0, 5, 0, 44, 3, 0, 0, : 2, 4, 40, 3, 2, 4, 3, 1, 4, 1, 2, 1, 1, 1, 4, 4, 4, 1, 5, 44, 5, 44, 3, 
39: 0, 1, 5, 3, 0, 0, 0, 3, 3, 4, 0, 0, 0, 2, 0, 0, 3, 0, 0, 5, 0, 0, 0, 0, 0, 0, 4, 0, 0, 5, 0, 3, 0, 4, 1, 4, 5, 3, 0, 0, : 1, 5, 3, 3, 3, 4, 2, 3, 5, 4, 5, 3, 4, 1, 4, 5, 3, 
20: 5, 0, 3, 0, 0, 0, 0, 5, 4, 0, 2, 3, 0, 5, 43, 2, 1, 0, 2, 3, 0, 5, 0, 0, 4, 0, 0, 2, 4, 0, 0, 0, 0, 0, 0, 0, 2, 2, 4, 0, : 5, 3, 5, 4, 2, 3, 5, 43, 2, 1, 2, 3, 5, 4, 2, 4, 2, 2, 4, 
16: 2, 0, 5, 5, 0, 2, 0, 0, 0, 1, 43, 0, 0, 0, 0, 0, 2, 0, 4, 1, 0, 1, 1, 0, 4, 0, 0, 0, 0, 0, 0, 4, 5, 0, 0, 3, 3, 3, 0, 1, : 2, 5, 5, 2, 1, 43, 2, 4, 1, 1, 1, 4, 4, 5, 3, 3, 3, 1, 
40: 0, 0, 0, 5, 0, 4, 0, 0, 0, 2, 3, 4, 43, 0, 2, 4, 4, 5, 0, 5, 5, 0, 0, 3, 0, 1, 0, 44, 4, 2, 2, 0, 0, 4, 2, 4, 0, 1, 1, 44, : 5, 4, 2, 3, 4, 43, 2, 4, 4, 5, 5, 5, 3, 1, 44, 4, 2, 2, 4, 2, 4, 1, 1, 44, 
14: 0, 0, 5, 2, 1, 40, 0, 3, 3, 2, 5, 5, 0, 2, 0, 0, 3, 44, 0, 0, 0, 1, 0, 40, 2, 0, 40, 1, 2, 1, 0, 0, 0, 0, 2, 3, 5, 2, 0, 0, : 5, 2, 1, 40, 3, 3, 2, 5, 5, 2, 3, 44, 1, 40, 2, 40, 1, 2, 1, 2, 3, 5, 2, 
36: 0, 0, 0, 0, 0, 3, 2, 2, 1, 5, 0, 5, 4, 2, 0, 0, 0, 0, 0, 3, 0, 0, 0, 1, 0, 0, 0, 0, 0, 0, 0, 3, 0, 0, 5, 2, 4, 41, 1, 0, : 3, 2, 2, 1, 5, 5, 4, 2, 3, 1, 3, 5, 2, 4, 41, 1, 
30: 4, 0, 0, 4, 0, 0, 3, 4, 0, 3, 3, 0, 0, 2, 3, 3, 0, 0, 5, 0, 2, 0, 1, 0, 0, 0, 5, 0, 1, 1, 41, 0, 0, 0, 0, 0, 1, 4, 1, 1, : 4, 4, 3, 4, 3, 3, 2, 3, 3, 5, 2, 1, 5, 1, 1, 41, 1, 4, 1, 1, 
17: 0, 0, 2, 0, 0, 0, 0, 3, 0, 0, 3, 1, 0, 0, 0, 4, 5, 0, 0, 2, 0, 2, 4, 2, 5, 0, 4, 0, 4, 4, 0, 0, 0, 0, 0, 0, 0, 4, 42, 0, : 2, 3, 3, 1, 4, 5, 2, 2, 4, 2, 5, 4, 4, 4, 4, 42, 
32: 4, 0, 0, 5, 41, 4, 40, 0, 0, 2, 3, 0, 0, 0, 5, 0, 0, 44, 0, 0, 5, 5, 5, 0, 0, 0, 0, 0, 5, 1, 4, 0, 0, 0, 0, 0, 2, 3, 3, 0, : 4, 5, 41, 4, 40, 2, 3, 5, 44, 5, 5, 5, 5, 1, 4, 2, 3, 3, 
15: 2, 0, 4, 5, 3, 0, 5, 2, 0, 1, 2, 0, 0, 3, 0, 0, 5, 1, 43, 4, 1, 4, 0, 1, 4, 43, 0, 4, 3, 4, 0, 0, 0, 0, 5, 0, 5, 2, 3, 0, : 2, 4, 5, 3, 5, 2, 1, 2, 3, 5, 1, 43, 4, 1, 4, 1, 4, 43, 4, 3, 4, 5, 5, 2, 3, 
23: 0, 4, 0, 0, 1, 5, 40, 5, 5, 0, 0, 1, 0, 0, 0, 0, 5, 2, 0, 0, 4, 5, 0, 0, 5, 0, 2, 0, 4, 0, 0, 1, 0, 5, 1, 0, 3, 1, 0, 0, : 4, 1, 5, 40, 5, 5, 1, 5, 2, 4, 5, 5, 2, 4, 1, 5, 1, 3, 1, 
38: 0, 0, 0, 5, 4, 0, 0, 0, 0, 1, 2, 0, 0, 0, 0, 1, 4, 0, 0, 5, 0, 4, 0, 1, 4, 0, 0, 5, 1, 4, 0, 0, 0, 42, 1, 4, 0, 0, 0, 2, : 5, 4, 1, 2, 1, 4, 5, 4, 1, 4, 5, 1, 4, 42, 1, 4, 2, 
4: 5, 1, 0, 2, 0, 41, 1, 44, 0, 0, 1, 5, 0, 1, 4, 0, 0, 1, 4, 3, 0, 1, 0, 3, 0, 0, 0, 0, 0, 3, 0, 0, 0, 0, 0, 2, 0, 1, 0, 3, : 5, 1, 2, 41, 1, 44, 1, 5, 1, 4, 1, 4, 3, 1, 3, 3, 2, 1, 3, 
9: 1, 4, 0, 0, 1, 1, 0, 1, 3, 2, 0, 1, 0, 1, 1, 43, 3, 0, 0, 4, 0, 0, 2, 3, 2, 2, 0, 3, 1, 0, 0, 0, 0, 1, 0, 0, 4, 4, 0, 0, : 1, 4, 1, 1, 1, 3, 2, 1, 1, 1, 43, 3, 4, 2, 3, 2, 2, 3, 1, 1, 4, 4, 
5: 0, 0, 0, 0, 0, 2, 3, 2, 0, 0, 5, 40, 1, 5, 2, 3, 3, 0, 0, 0, 4, 5, 1, 0, 1, 2, 1, 0, 0, 0, 0, 0, 4, 0, 0, 3, 1, 0, 1, 0, : 2, 3, 2, 5, 40, 1, 5, 2, 3, 3, 4, 5, 1, 1, 2, 1, 4, 3, 1, 1, 
13: 1, 2, 1, 5, 0, 0, 1, 2, 3, 5, 4, 4, 0, 1, 0, 5, 3, 2, 3, 3, 0, 4, 0, 0, 0, 0, 2, 0, 1, 3, 0, 1, 0, 0, 0, 0, 2, 4, 0, 3, : 1, 2, 1, 5, 1, 2, 3, 5, 4, 4, 1, 5, 3, 2, 3, 3, 4, 2, 1, 3, 1, 2, 4, 3, 
3: 4, 0, 2, 1, 0, 0, 3, 0, 0, 0, 2, 1, 0, 2, 2, 0, 4, 0, 0, 4, 0, 1, 0, 3, 4, 0, 0, 0, 3, 0, 0, 0, 0, 0, 0, 44, 1, 0, 0, 0, : 4, 2, 1, 3, 2, 1, 2, 2, 4, 4, 1, 3, 4, 3, 44, 1, 
8: 4, 0, 0, 3, 0, 0, 0, 2, 0, 3, 0, 0, 5, 0, 0, 0, 0, 1, 0, 0, 5, 1, 0, 5, 0, 0, 0, 0, 5, 44, 0, 0, 0, 0, 0, 0, 1, 0, 0, 0, : 4, 3, 2, 3, 5, 1, 5, 1, 5, 5, 44, 1, 
26: 5, 0, 2, 2, 0, 1, 0, 3, 5, 5, 3, 5, 0, 0, 0, 3, 43, 0, 3, 1, 0, 1, 0, 4, 0, 5, 40, 3, 0, 0, 0, 0, 4, 4, 0, 5, 5, 2, 0, 0, : 5, 2, 2, 1, 3, 5, 5, 3, 5, 3, 43, 3, 1, 1, 4, 5, 40, 3, 4, 4, 5, 5, 2, 
35: 4, 1, 0, 0, 0, 0, 0, 2, 0, 5, 1, 5, 3, 5, 0, 0, 0, 0, 0, 0, 0, 1, 0, 0, 5, 4, 2, 5, 2, 3, 5, 0, 0, 0, 2, 5, 5, 0, 2, 0, : 4, 1, 2, 5, 1, 5, 3, 5, 1, 5, 4, 2, 5, 2, 3, 5, 2, 5, 5, 2, 
34: 2, 0, 1, 0, 1, 0, 0, 0, 0, 1, 4, 0, 4, 0, 0, 0, 0, 0, 0, 3, 0, 1, 2, 0, 42, 0, 1, 0, 0, 5, 1, 4, 0, 0, 0, 2, 0, 2, 44, 42, : 2, 1, 1, 1, 4, 4, 3, 1, 2, 42, 1, 5, 1, 4, 2, 2, 44, 42, 
27: 0, 5, 1, 5, 2, 0, 3, 3, 2, 0, 1, 0, 2, 0, 0, 0, 4, 5, 43, 1, 0, 4, 1, 0, 1, 42, 5, 0, 1, 3, 5, 2, 5, 0, 0, 5, 1, 3, 0, 0, : 5, 1, 5, 2, 3, 3, 2, 1, 2, 4, 5, 43, 1, 4, 1, 1, 42, 5, 1, 3, 5, 2, 5, 5, 1, 3, 
22: 5, 0, 0, 1, 4, 2, 0, 2, 0, 1, 2, 1, 0, 5, 4, 0, 3, 1, 0, 2, 0, 3, 1, 0, 5, 4, 0, 0, 0, 0, 0, 0, 0, 2, 0, 2, 0, 4, 2, 4, : 5, 1, 4, 2, 2, 1, 2, 1, 5, 4, 3, 1, 2, 3, 1, 5, 4, 2, 2, 4, 2, 4, 
31: 3, 0, 1, 1, 1, 1, 0, 5, 0, 5, 2, 2, 0, 3, 0, 0, 2, 0, 0, 1, 0, 2, 0, 2, 5, 0, 0, 0, 4, 0, 4, 0, 0, 42, 4, 4, 0, 0, 0, 0, : 3, 1, 1, 1, 1, 5, 5, 2, 2, 3, 2, 1, 2, 2, 5, 4, 4, 42, 4, 4, 
11: 0, 0, 0, 42, 0, 4, 0, 0, 0, 1, 2, 3, 5, 0, 2, 0, 1, 0, 2, 0, 0, 3, 4, 0, 0, 0, 5, 0, 5, 3, 0, 0, 0, 1, 41, 4, 0, 2, 0, 0, : 42, 4, 1, 2, 3, 5, 2, 1, 2, 3, 4, 5, 5, 3, 1, 41, 4, 2, 
25: 5, 0, 0, 0, 0, 0, 0, 5, 5, 1, 1, 1, 0, 1, 0, 0, 1, 3, 0, 5, 44, 5, 41, 0, 3, 4, 0, 0, 0, 4, 0, 3, 4, 0, 2, 0, 0, 1, 0, 0, : 5, 5, 5, 1, 1, 1, 1, 1, 3, 5, 44, 5, 41, 3, 4, 4, 3, 4, 2, 1, 
19: 0, 5, 3, 3, 2, 0, 5, 5, 0, 5, 0, 1, 0, 1, 4, 1, 3, 0, 0, 0, 2, 4, 2, 0, 0, 0, 1, 3, 1, 4, 3, 4, 0, 0, 5, 0, 0, 0, 3, 3, : 5, 3, 3, 2, 5, 5, 5, 1, 1, 4, 1, 3, 2, 4, 2, 1, 3, 1, 4, 3, 4, 5, 3, 3, 
12: 2, 41, 0, 0, 1, 0, 5, 0, 5, 1, 0, 0, 0, 4, 0, 0, 0, 0, 0, 0, 0, 1, 0, 0, 2, 1, 0, 0, 3, 2, 0, 0, 0, 1, 0, 4, 2, 4, 0, 2, : 2, 41, 1, 5, 5, 1, 4, 1, 2, 1, 3, 2, 1, 4, 2, 4, 2, 
29: 44, 0, 42, 0, 0, 2, 0, 1, 0, 0, 5, 4, 0, 0, 0, 0, 1, 1, 0, 5, 1, 1, 40, 1, 1, 3, 0, 1, 0, 4, 0, 43, 1, 0, 2, 0, 1, 0, 0, 5, : 44, 42, 2, 1, 5, 4, 1, 1, 5, 1, 1, 40, 1, 1, 3, 1, 4, 43, 1, 2, 1, 5, 
33: 0, 0, 0, 1, 1, 0, 0, 5, 0, 4, 1, 4, 0, 4, 41, 44, 1, 0, 0, 2, 0, 1, 0, 0, 0, 0, 4, 5, 3, 4, 3, 0, 42, 5, 0, 1, 0, 5, 0, 0, : 1, 1, 5, 4, 1, 4, 4, 41, 44, 1, 2, 1, 4, 5, 3, 4, 3, 42, 5, 1, 5, 
28: 2, 0, 0, 4, 0, 1, 0, 0, 0, 4, 1, 0, 0, 4, 0, 4, 0, 1, 2, 1, 0, 2, 3, 43, 2, 4, 0, 0, 3, 5, 0, 0, 1, 0, 0, 4, 0, 2, 0, 0, : 2, 4, 1, 4, 1, 4, 4, 1, 2, 1, 2, 3, 43, 2, 4, 3, 5, 1, 4, 2, 
37: 5, 0, 0, 0, 5, 5, 0, 1, 0, 1, 1, 5, 0, 3, 0, 2, 3, 4, 0, 2, 3, 1, 4, 4, 5, 0, 0, 0, 1, 0, 4, 0, 0, 2, 0, 0, 0, 2, 4, 0, : 5, 5, 5, 1, 1, 1, 5, 3, 2, 3, 4, 2, 3, 1, 4, 4, 5, 1, 4, 2, 2, 4, 
7: 2, 43, 0, 0, 5, 0, 3, 0, 0, 4, 0, 3, 3, 40, 0, 0, 0, 0, 0, 1, 0, 42, 3, 0, 5, 0, 0, 0, 4, 1, 4, 0, 0, 0, 0, 0, 5, 4, 1, 0, : 2, 43, 5, 3, 4, 3, 3, 40, 1, 42, 3, 5, 4, 1, 4, 5, 4, 1, 
10: 2, 0, 0, 3, 3, 1, 0, 3, 0, 3, 2, 0, 2, 4, 0, 0, 3, 1, 0, 0, 0, 2, 0, 0, 0, 0, 0, 0, 41, 0, 2, 0, 5, 4, 41, 4, 0, 1, 1, 0, : 2, 3, 3, 1, 3, 3, 2, 2, 4, 3, 1, 2, 41, 2, 5, 4, 41, 4, 1, 1, 
18: 3, 4, 0, 4, 0, 1, 0, 3, 0, 0, 3, 0, 42, 5, 2, 0, 1, 0, 0, 2, 0, 3, 0, 0, 0, 4, 0, 0, 3, 5, 0, 0, 0, 0, 1, 3, 3, 5, 0, 4, : 3, 4, 4, 1, 3, 3, 42, 5, 2, 1, 2, 3, 4, 3, 5, 1, 3, 3, 5, 4, 
6: 1, 5, 3, 0, 1, 0, 0, 0, 0, 44, 5, 2, 0, 4, 0, 0, 5, 0, 3, 3, 0, 2, 0, 0, 0, 0, 0, 0, 0, 4, 0, 5, 0, 0, 0, 5, 5, 0, 1, 5, : 1, 5, 3, 1, 44, 5, 2, 4, 5, 3, 3, 2, 4, 5, 5, 5, 1, 5, 
24: 1, 0, 0, 2, 0, 0, 2, 1, 40, 0, 3, 1, 0, 0, 0, 0, 0, 0, 2, 3, 44, 1, 0, 0, 5, 0, 0, 0, 1, 0, 0, 0, 5, 0, 0, 2, 5, 1, 2, 0, : 1, 2, 2, 1, 40, 3, 1, 2, 3, 44, 1, 5, 1, 5, 2, 5, 1, 2, 
1: 0, 0, 0, 0, 0, 0, 0, 0, 41, 2, 0, 5, 4, 5, 0, 0, 2, 1, 0, 3, 0, 0, 5, 0, 0, 0, 0, 0, 0, 0, 42, 43, 0, 3, 0, 1, 4, 1, 4, 0, : 41, 2, 5, 4, 5, 2, 1, 3, 5, 42, 43, 3, 1, 4, 1, 4, 


