
40
20
60
1

15: 0, 1, 1, 0, 0, 7, 4, 2, 0, 0, 0, 3, 4, 2, 5, 2, 0, 5, 1, 0, 0, 3, 0, 0, 2, 3, 0, 2, 2, 0, 0, 0, 0, 2, 1, 0, 0, 41, 0, 1, : 1, 1, 7, 4, 2, 3, 4, 2, 5, 2, 5, 1, 3, 2, 3, 2, 2, 2, 1, 41, 1, 
2: 3, 0, 1, 2, 1, 2, 0, 2, 0, 1, 0, 0, 4, 4, 5, 0, 0, 5, 0, 0, 2, 5, 40, 0, 4, 1, 5, 4, 0, 0, 0, 0, 0, 1, 3, 0, 2, 0, 0, 0, : 3, 1, 2, 1, 2, 2, 1, 4, 4, 5, 5, 2, 5, 40, 4, 1, 5, 4, 1, 3, 2, 
1: 3, 0, 4, 1, 42, 1, 0, 4, 1, 3, 1, 0, 3, 2, 3, 5, 2, 2, 2, 43, 5, 3, 0, 1, 42, 1, 5, 4, 0, 4, 0, 0, 0, 4, 0, 3, 0, 0, 0, 1, : 3, 4, 1, 42, 1, 4, 1, 3, 1, 3, 2, 3, 5, 2, 2, 2, 43, 5, 3, 1, 42, 1, 5, 4, 4, 4, 3, 1, 
14: 3, 0, 3, 0, 2, 1, 43, 3, 0, 0, 1, 0, 4, 4, 3, 0, 4, 4, 5, 0, 4, 5, 0, 0, 0, 1, 1, 5, 0, 0, 43, 0, 40, 2, 2, 5, 0, 3, 5, 0, : 3, 3, 2, 1, 43, 3, 1, 4, 4, 3, 4, 4, 5, 4, 5, 1, 1, 5, 43, 40, 2, 2, 5, 3, 5, 
20: 40, 0, 2, 0, 0, 2, 0, 4, 0, 0, 0, 2, 2, 2, 2, 0, 0, 5, 0, 0, 0, 4, 1, 0, 0, 4, 0, 4, 43, 0, 0, 0, 0, 5, 3, 0, 1, 3, 3, 0, : 40, 2, 2, 4, 2, 2, 2, 2, 5, 4, 1, 4, 4, 43, 5, 3, 1, 3, 3, 
11: 1, 1, 5, 0, 3, 2, 0, 3, 44, 4, 41, 1, 4, 1, 3, 0, 41, 4, 0, 3, 0, 3, 0, 5, 5, 3, 0, 5, 0, 0, 2, 0, 0, 4, 2, 0, 3, 5, 4, 0, : 1, 1, 5, 3, 2, 3, 44, 4, 41, 1, 4, 1, 3, 41, 4, 3, 3, 5, 5, 3, 5, 2, 4, 2, 3, 5, 4, 
16: 0, 1, 4, 2, 0, 2, 0, 2, 0, 2, 0, 0, 2, 2, 1, 3, 0, 3, 0, 0, 5, 5, 2, 0, 0, 5, 1, 2, 0, 2, 0, 2, 0, 3, 3, 0, 2, 3, 0, 0, : 1, 4, 2, 2, 2, 2, 2, 2, 1, 3, 3, 5, 5, 2, 5, 1, 2, 2, 2, 3, 3, 2, 3, 
8: 0, 1, 3, 0, 2, 5, 3, 5, 0, 5, 0, 0, 3, 0, 1, 0, 0, 2, 0, 0, 0, 4, 2, 4, 1, 3, 1, 4, 0, 0, 0, 3, 1, 2, 5, 1, 0, 0, 0, 0, : 1, 3, 2, 5, 3, 5, 5, 3, 1, 2, 4, 2, 4, 1, 3, 1, 4, 3, 1, 2, 5, 1, 
6: 5, 5, 4, 1, 0, 2, 0, 4, 0, 1, 0, 1, 5, 5, 3, 0, 2, 4, 0, 0, 0, 2, 3, 0, 0, 0, 0, 2, 0, 0, 0, 3, 5, 3, 5, 0, 2, 3, 0, 41, : 5, 5, 4, 1, 2, 4, 1, 1, 5, 5, 3, 2, 4, 2, 3, 2, 3, 5, 3, 5, 2, 3, 41, 
13: 2, 0, 3, 42, 0, 2, 0, 2, 4, 0, 3, 0, 2, 3, 3, 0, 0, 1, 0, 5, 0, 0, 1, 1, 0, 5, 0, 1, 4, 0, 2, 0, 0, 4, 3, 0, 4, 0, 0, 0, : 2, 3, 42, 2, 2, 4, 3, 2, 3, 3, 1, 5, 1, 1, 5, 1, 4, 2, 4, 3, 4, 
18: 0, 1, 1, 0, 0, 3, 1, 4, 0, 0, 0, 0, 2, 3, 3, 0, 0, 4, 0, 2, 0, 4, 1, 4, 1, 4, 1, 1, 2, 3, 0, 2, 0, 5, 5, 1, 41, 0, 3, 1, : 1, 1, 3, 1, 4, 2, 3, 3, 4, 2, 4, 1, 4, 1, 4, 1, 1, 2, 3, 2, 5, 5, 1, 41, 3, 1, 
4: 0, 0, 2, 0, 0, 4, 0, 4, 0, 1, 1, 4, 5, 4, 2, 0, 0, 3, 5, 0, 0, 1, 2, 0, 0, 3, 0, 5, 0, 5, 0, 0, 3, 2, 2, 0, 0, 0, 1, 5, : 2, 4, 4, 1, 1, 4, 5, 4, 2, 3, 5, 1, 2, 3, 5, 5, 3, 2, 2, 1, 5, 
5: 0, 1, 5, 0, 5, 4, 0, 5, 0, 1, 2, 40, 2, 4, 4, 0, 0, 2, 44, 0, 4, 3, 0, 0, 0, 3, 0, 3, 0, 0, 2, 0, 5, 1, 3, 0, 0, 0, 0, 0, : 1, 5, 5, 4, 5, 1, 2, 40, 2, 4, 4, 2, 44, 4, 3, 3, 3, 2, 5, 1, 3, 
17: 2, 40, 3, 5, 0, 2, 0, 3, 0, 42, 0, 0, 4, 3, 4, 2, 2, 2, 1, 0, 0, 4, 5, 0, 0, 4, 0, 5, 0, 1, 0, 0, 1, 2, 3, 0, 1, 0, 40, 1, : 2, 40, 3, 5, 2, 3, 42, 4, 3, 4, 2, 2, 2, 1, 4, 5, 4, 5, 1, 1, 2, 3, 1, 40, 1, 
12: 0, 3, 2, 0, 2, 5, 0, 1, 3, 0, 4, 0, 1, 5, 3, 0, 0, 1, 0, 0, 0, 2, 1, 43, 0, 5, 0, 2, 2, 0, 3, 44, 0, 4, 2, 0, 0, 1, 0, 0, : 3, 2, 2, 5, 1, 3, 4, 1, 5, 3, 1, 2, 1, 43, 5, 2, 2, 3, 44, 4, 2, 1, 
19: 0, 0, 5, 0, 1, 5, 0, 3, 4, 0, 0, 0, 1, 3, 2, 0, 1, 4, 0, 0, 0, 0, 0, 0, 1, 3, 0, 4, 0, 0, 0, 2, 4, 2, 4, 42, 0, 0, 0, 0, : 5, 1, 5, 3, 4, 1, 3, 2, 1, 4, 1, 3, 4, 2, 4, 2, 4, 42, 
10: 1, 1, 3, 0, 0, 1, 4, 1, 1, 0, 5, 3, 3, 1, 4, 2, 3, 2, 0, 2, 0, 2, 0, 0, 4, 3, 4, 4, 4, 3, 3, 0, 1, 1, 0, 4, 0, 0, 3, 0, : 1, 1, 3, 1, 4, 1, 1, 5, 3, 3, 1, 4, 2, 3, 2, 2, 2, 4, 3, 4, 4, 4, 3, 3, 1, 1, 4, 3, 
3: 0, 0, 2, 5, 0, 2, 0, 4, 2, 0, 2, 4, 1, 3, 0, 42, 4, 2, 0, 0, 0, 5, 0, 0, 0, 4, 2, 0, 1, 2, 5, 0, 0, 5, 5, 4, 0, 1, 0, 5, : 2, 5, 2, 4, 2, 2, 4, 1, 3, 42, 4, 2, 5, 4, 2, 1, 2, 5, 5, 5, 4, 1, 5, 
9: 0, 0, 5, 2, 2, 4, 5, 2, 1, 0, 0, 0, 4, 4, 4, 0, 0, 4, 2, 5, 40, 2, 2, 0, 0, 2, 0, 2, 2, 40, 0, 1, 0, 5, 4, 0, 4, 0, 1, 0, : 5, 2, 2, 4, 5, 2, 1, 4, 4, 4, 4, 2, 5, 40, 2, 2, 2, 2, 2, 40, 1, 5, 4, 4, 1, 
7: 0, 5, 2, 0, 0, 4, 0, 2, 0, 0, 0, 2, 4, 5, 5, 4, 1, 1, 0, 0, 0, 3, 0, 2, 0, 3, 40, 1, 0, 0, 0, 3, 0, 3, 5, 0, 0, 0, 0, 5, : 5, 2, 4, 2, 2, 4, 5, 5, 4, 1, 1, 3, 2, 3, 40, 1, 3, 3, 5, 5, 


