
120
160
300
2

118: 43, 1, 2, 0, 2, 3, 40, 4, 1, 0, 4, 0, 2, 0, 1, 3, 0, 0, 42, 0, 2, 5, 0, 0, 0, 0, 2, 2, 4, 0, 1, 1, 5, 0, 2, 2, 0, 0, 0, 0, 2, 1, 0, 0, 4, 3, 5, 5, 5, 3, 5, 44, 0, 0, 0, 0, 2, 0, 0, 2, 5, 3, 3, 0, 0, 2, 2, 0, 1, 3, 0, 0, 3, 2, 4, 0, 0, 44, 0, 0, 42, 44, 0, 0, 0, 0, 0, 0, 2, 0, 3, 2, 2, 4, 43, 3, 4, 3, 0, 1, 3, 44, 4, 0, 0, 0, 0, 0, 0, 0, 0, 3, 5, 0, 0, 0, 0, 0, 2, 1, : 43, 1, 2, 2, 3, 40, 4, 1, 4, 2, 1, 3, 42, 2, 5, 2, 2, 4, 1, 1, 5, 2, 2, 2, 1, 4, 3, 5, 5, 5, 3, 5, 44, 2, 2, 5, 3, 3, 2, 2, 1, 3, 3, 2, 4, 44, 42, 44, 2, 3, 2, 2, 4, 43, 3, 4, 3, 1, 3, 44, 4, 3, 5, 2, 1, 
60: 5, 0, 4, 0, 0, 2, 3, 43, 1, 3, 3, 5, 0, 0, 0, 0, 0, 2, 4, 2, 0, 0, 0, 3, 0, 1, 0, 0, 0, 3, 5, 3, 1, 0, 0, 3, 3, 0, 1, 0, 0, 0, 0, 0, 0, 0, 0, 2, 2, 4, 0, 0, 1, 0, 1, 0, 1, 0, 0, 0, 40, 4, 2, 0, 0, 2, 1, 1, 2, 3, 0, 4, 4, 2, 4, 1, 40, 5, 0, 0, 4, 0, 43, 0, 0, 3, 3, 0, 0, 1, 5, 3, 0, 1, 1, 1, 2, 0, 0, 1, 3, 0, 1, 2, 0, 0, 0, 0, 0, 4, 2, 3, 4, 0, 0, 42, 1, 0, 5, 3, : 5, 4, 2, 3, 43, 1, 3, 3, 5, 2, 4, 2, 3, 1, 3, 5, 3, 1, 3, 3, 1, 2, 2, 4, 1, 1, 1, 40, 4, 2, 2, 1, 1, 2, 3, 4, 4, 2, 4, 1, 40, 5, 4, 43, 3, 3, 1, 5, 3, 1, 1, 1, 2, 1, 3, 1, 2, 4, 2, 3, 4, 42, 1, 5, 3, 
25: 0, 0, 5, 3, 3, 3, 4, 5, 0, 4, 3, 0, 40, 0, 0, 3, 0, 3, 5, 5, 0, 4, 4, 5, 3, 0, 5, 4, 2, 0, 0, 0, 2, 5, 0, 5, 2, 41, 1, 4, 1, 4, 3, 0, 0, 4, 2, 0, 0, 0, 0, 2, 0, 4, 4, 0, 0, 0, 3, 4, 5, 4, 2, 1, 1, 5, 0, 0, 5, 0, 0, 0, 0, 3, 1, 3, 4, 0, 4, 0, 0, 0, 0, 1, 0, 2, 0, 44, 1, 43, 0, 4, 0, 1, 1, 0, 0, 40, 0, 3, 4, 0, 4, 2, 0, 3, 0, 0, 3, 0, 0, 4, 0, 3, 0, 0, 3, 2, 3, 2, : 5, 3, 3, 3, 4, 5, 4, 3, 40, 3, 3, 5, 5, 4, 4, 5, 3, 5, 4, 2, 2, 5, 5, 2, 41, 1, 4, 1, 4, 3, 4, 2, 2, 4, 4, 3, 4, 5, 4, 2, 1, 1, 5, 5, 3, 1, 3, 4, 4, 1, 2, 44, 1, 43, 4, 1, 1, 40, 3, 4, 4, 2, 3, 3, 4, 3, 3, 2, 3, 2, 
46: 0, 4, 0, 4, 4, 0, 0, 0, 3, 4, 0, 0, 3, 4, 0, 0, 0, 2, 1, 0, 0, 4, 0, 5, 0, 2, 4, 0, 0, 0, 0, 0, 5, 0, 3, 3, 0, 0, 1, 0, 0, 4, 2, 0, 0, 3, 4, 0, 0, 3, 0, 3, 0, 0, 1, 0, 3, 0, 0, 0, 5, 2, 0, 0, 0, 3, 0, 0, 3, 0, 2, 0, 0, 4, 5, 1, 2, 0, 3, 1, 0, 1, 0, 0, 1, 0, 3, 0, 0, 0, 1, 0, 2, 0, 2, 0, 0, 0, 5, 1, 0, 3, 0, 0, 4, 3, 0, 1, 0, 0, 4, 0, 2, 5, 4, 3, 5, 0, 5, 0, : 4, 4, 4, 3, 4, 3, 4, 2, 1, 4, 5, 2, 4, 5, 3, 3, 1, 4, 2, 3, 4, 3, 3, 1, 3, 5, 2, 3, 3, 2, 4, 5, 1, 2, 3, 1, 1, 1, 3, 1, 2, 2, 5, 1, 3, 4, 3, 1, 4, 2, 5, 4, 3, 5, 5, 
137: 0, 44, 41, 3, 2, 3, 3, 43, 5, 0, 2, 1, 0, 0, 0, 0, 2, 0, 3, 0, 3, 2, 2, 0, 0, 0, 0, 1, 1, 0, 4, 0, 4, 0, 0, 0, 0, 0, 0, 0, 0, 1, 0, 0, 4, 1, 1, 0, 0, 3, 5, 2, 0, 3, 3, 2, 0, 2, 0, 0, 4, 0, 0, 0, 0, 0, 0, 0, 2, 2, 2, 1, 1, 2, 3, 0, 5, 0, 0, 44, 3, 0, 3, 0, 41, 0, 1, 0, 5, 0, 5, 0, 0, 0, 0, 0, 0, 0, 0, 2, 0, 0, 40, 3, 3, 0, 0, 0, 5, 0, 0, 40, 3, 43, 0, 0, 3, 0, 1, 0, : 44, 41, 3, 2, 3, 3, 43, 5, 2, 1, 2, 3, 3, 2, 2, 1, 1, 4, 4, 1, 4, 1, 1, 3, 5, 2, 3, 3, 2, 2, 4, 2, 2, 2, 1, 1, 2, 3, 5, 44, 3, 3, 41, 1, 5, 5, 2, 40, 3, 3, 5, 40, 3, 43, 3, 1, 
143: 3, 0, 0, 0, 0, 0, 5, 3, 0, 0, 3, 0, 5, 1, 0, 0, 1, 0, 0, 0, 1, 0, 5, 0, 0, 0, 2, 5, 0, 4, 0, 0, 4, 3, 0, 0, 44, 0, 0, 0, 1, 4, 4, 0, 0, 0, 2, 0, 0, 4, 0, 0, 1, 0, 5, 5, 1, 2, 0, 0, 0, 0, 5, 5, 43, 2, 0, 0, 3, 0, 3, 1, 0, 0, 0, 5, 3, 0, 2, 0, 0, 0, 0, 44, 3, 0, 0, 0, 2, 5, 5, 4, 4, 0, 0, 0, 0, 43, 0, 1, 4, 0, 0, 3, 0, 0, 1, 0, 0, 3, 3, 0, 5, 2, 0, 43, 2, 0, 0, 0, : 3, 5, 3, 3, 5, 1, 1, 1, 5, 2, 5, 4, 4, 3, 44, 1, 4, 4, 2, 4, 1, 5, 5, 1, 2, 5, 5, 43, 2, 3, 3, 1, 5, 3, 2, 44, 3, 2, 5, 5, 4, 4, 43, 1, 4, 3, 1, 3, 3, 5, 2, 43, 2, 
68: 0, 1, 0, 0, 3, 0, 3, 0, 0, 4, 2, 2, 0, 3, 0, 0, 0, 4, 4, 2, 0, 42, 2, 1, 43, 0, 2, 5, 2, 5, 3, 0, 2, 3, 3, 3, 4, 0, 3, 0, 0, 0, 0, 0, 0, 41, 0, 2, 0, 4, 5, 42, 0, 43, 0, 4, 0, 0, 3, 2, 0, 0, 0, 0, 5, 2, 4, 0, 2, 0, 4, 0, 0, 0, 0, 3, 5, 5, 4, 1, 0, 0, 0, 0, 5, 0, 2, 2, 1, 4, 5, 0, 5, 5, 0, 0, 0, 2, 40, 1, 3, 1, 0, 0, 3, 0, 0, 2, 4, 0, 1, 0, 3, 0, 2, 0, 0, 0, 0, 0, : 1, 3, 3, 4, 2, 2, 3, 4, 4, 2, 42, 2, 1, 43, 2, 5, 2, 5, 3, 2, 3, 3, 3, 4, 3, 41, 2, 4, 5, 42, 43, 4, 3, 2, 5, 2, 4, 2, 4, 3, 5, 5, 4, 1, 5, 2, 2, 1, 4, 5, 5, 5, 2, 40, 1, 3, 1, 3, 2, 4, 1, 3, 2, 
71: 1, 0, 2, 5, 1, 5, 3, 0, 5, 1, 0, 3, 0, 5, 5, 4, 5, 3, 0, 0, 0, 3, 0, 0, 0, 0, 5, 0, 43, 0, 0, 0, 0, 0, 1, 0, 5, 0, 5, 3, 0, 0, 1, 0, 1, 2, 4, 0, 0, 0, 0, 0, 4, 0, 0, 0, 42, 0, 1, 0, 0, 0, 0, 0, 2, 4, 4, 0, 4, 0, 0, 0, 3, 0, 4, 0, 0, 40, 0, 1, 0, 0, 0, 3, 2, 0, 1, 1, 4, 0, 1, 0, 0, 0, 0, 0, 0, 0, 4, 0, 0, 1, 5, 0, 2, 3, 0, 1, 3, 0, 0, 0, 5, 0, 0, 2, 5, 0, 4, 0, : 1, 2, 5, 1, 5, 3, 5, 1, 3, 5, 5, 4, 5, 3, 3, 5, 43, 1, 5, 5, 3, 1, 1, 2, 4, 4, 42, 1, 2, 4, 4, 4, 3, 4, 40, 1, 3, 2, 1, 1, 4, 1, 4, 1, 5, 2, 3, 1, 3, 5, 2, 5, 4, 
49: 0, 0, 1, 2, 1, 0, 0, 4, 0, 0, 3, 1, 0, 0, 0, 1, 0, 43, 0, 1, 0, 44, 3, 1, 0, 0, 43, 0, 2, 5, 3, 3, 0, 0, 4, 3, 0, 43, 40, 0, 2, 44, 2, 43, 3, 0, 0, 0, 0, 5, 1, 0, 3, 0, 5, 1, 3, 0, 1, 2, 0, 0, 0, 5, 0, 3, 0, 0, 2, 0, 3, 0, 0, 0, 0, 4, 1, 4, 0, 0, 2, 1, 0, 3, 3, 5, 5, 2, 0, 0, 41, 4, 2, 1, 2, 4, 1, 0, 0, 3, 41, 0, 4, 1, 0, 0, 2, 5, 0, 5, 4, 0, 0, 0, 5, 0, 44, 3, 3, 1, : 1, 2, 1, 4, 3, 1, 1, 43, 1, 44, 3, 1, 43, 2, 5, 3, 3, 4, 3, 43, 40, 2, 44, 2, 43, 3, 5, 1, 3, 5, 1, 3, 1, 2, 5, 3, 2, 3, 4, 1, 4, 2, 1, 3, 3, 5, 5, 2, 41, 4, 2, 1, 2, 4, 1, 3, 41, 4, 1, 2, 5, 5, 4, 5, 44, 3, 3, 1, 
127: 0, 0, 3, 0, 5, 4, 0, 0, 4, 0, 43, 3, 1, 0, 2, 3, 3, 4, 0, 0, 0, 0, 40, 1, 4, 5, 0, 4, 4, 0, 1, 0, 1, 0, 0, 44, 1, 0, 3, 0, 0, 5, 0, 0, 0, 0, 0, 3, 0, 0, 0, 0, 0, 0, 5, 5, 0, 0, 5, 42, 3, 41, 4, 1, 5, 0, 3, 0, 5, 0, 0, 3, 0, 1, 40, 0, 3, 0, 0, 4, 0, 4, 0, 0, 0, 5, 0, 2, 0, 0, 0, 0, 0, 5, 0, 0, 3, 0, 0, 2, 3, 2, 0, 5, 0, 3, 0, 0, 4, 5, 0, 0, 5, 0, 1, 0, 1, 0, 0, 0, : 3, 5, 4, 4, 43, 3, 1, 2, 3, 3, 4, 40, 1, 4, 5, 4, 4, 1, 1, 44, 1, 3, 5, 3, 5, 5, 5, 42, 3, 41, 4, 1, 5, 3, 5, 3, 1, 40, 3, 4, 4, 5, 2, 5, 3, 2, 3, 2, 5, 3, 4, 5, 5, 1, 1, 
31: 0, 0, 1, 2, 1, 0, 0, 0, 0, 5, 0, 0, 0, 0, 4, 43, 3, 0, 0, 0, 0, 4, 3, 4, 0, 1, 1, 44, 0, 5, 0, 0, 0, 0, 0, 0, 0, 0, 0, 3, 0, 4, 4, 0, 5, 2, 0, 0, 0, 0, 0, 0, 3, 0, 0, 4, 1, 5, 3, 0, 1, 0, 0, 5, 0, 42, 4, 0, 5, 40, 2, 0, 1, 0, 0, 0, 0, 0, 1, 0, 0, 0, 2, 4, 1, 0, 0, 0, 2, 0, 4, 0, 0, 1, 0, 0, 2, 0, 0, 4, 3, 0, 0, 3, 0, 41, 0, 0, 5, 0, 0, 1, 4, 0, 0, 0, 0, 1, 2, 0, : 1, 2, 1, 5, 4, 43, 3, 4, 3, 4, 1, 1, 44, 5, 3, 4, 4, 5, 2, 3, 4, 1, 5, 3, 1, 5, 42, 4, 5, 40, 2, 1, 1, 2, 4, 1, 2, 4, 1, 2, 4, 3, 3, 41, 5, 1, 4, 1, 2, 
81: 44, 0, 0, 0, 4, 40, 0, 0, 5, 41, 0, 2, 0, 0, 0, 4, 0, 0, 0, 0, 2, 2, 2, 4, 0, 43, 5, 0, 3, 3, 0, 3, 0, 0, 0, 0, 0, 0, 0, 5, 2, 0, 0, 0, 0, 4, 3, 2, 0, 1, 3, 4, 0, 0, 0, 1, 0, 2, 0, 1, 5, 0, 0, 1, 0, 4, 0, 0, 5, 5, 0, 5, 2, 4, 5, 42, 2, 0, 3, 0, 4, 0, 0, 0, 1, 5, 5, 40, 4, 2, 2, 5, 4, 1, 0, 0, 43, 0, 5, 4, 0, 3, 0, 1, 2, 4, 0, 0, 3, 0, 0, 0, 5, 2, 0, 0, 42, 40, 42, 0, : 44, 4, 40, 5, 41, 2, 4, 2, 2, 2, 4, 43, 5, 3, 3, 3, 5, 2, 4, 3, 2, 1, 3, 4, 1, 2, 1, 5, 1, 4, 5, 5, 5, 2, 4, 5, 42, 2, 3, 4, 1, 5, 5, 40, 4, 2, 2, 5, 4, 1, 43, 5, 4, 3, 1, 2, 4, 3, 5, 2, 42, 40, 42, 
61: 0, 0, 0, 1, 0, 2, 0, 1, 1, 2, 0, 1, 2, 0, 4, 4, 0, 5, 3, 0, 2, 1, 0, 2, 40, 0, 0, 1, 0, 0, 4, 1, 0, 0, 4, 0, 0, 1, 0, 3, 4, 4, 4, 0, 4, 2, 5, 0, 1, 1, 2, 0, 41, 0, 1, 0, 3, 0, 0, 0, 1, 0, 5, 2, 0, 1, 4, 0, 5, 2, 0, 1, 0, 4, 4, 0, 0, 0, 0, 4, 3, 4, 0, 5, 0, 3, 0, 0, 2, 1, 3, 4, 3, 0, 5, 5, 0, 0, 0, 5, 0, 3, 3, 0, 0, 0, 4, 0, 2, 0, 5, 0, 0, 44, 0, 0, 1, 42, 41, 0, : 1, 2, 1, 1, 2, 1, 2, 4, 4, 5, 3, 2, 1, 2, 40, 1, 4, 1, 4, 1, 3, 4, 4, 4, 4, 2, 5, 1, 1, 2, 41, 1, 3, 1, 5, 2, 1, 4, 5, 2, 1, 4, 4, 4, 3, 4, 5, 3, 2, 1, 3, 4, 3, 5, 5, 5, 3, 3, 4, 2, 5, 44, 1, 42, 41, 
63: 5, 3, 5, 2, 0, 5, 1, 0, 0, 5, 1, 0, 40, 0, 0, 0, 0, 4, 44, 4, 5, 0, 3, 1, 4, 3, 4, 4, 0, 3, 1, 2, 0, 0, 5, 0, 3, 0, 2, 0, 40, 3, 5, 4, 0, 41, 5, 0, 5, 0, 1, 5, 0, 0, 4, 4, 4, 5, 1, 0, 4, 1, 0, 3, 0, 1, 2, 0, 1, 0, 0, 5, 0, 0, 2, 2, 0, 0, 0, 0, 2, 0, 4, 44, 0, 40, 4, 3, 2, 0, 0, 5, 43, 3, 1, 4, 0, 0, 41, 0, 2, 4, 0, 1, 0, 0, 0, 0, 2, 5, 2, 3, 3, 0, 0, 0, 0, 0, 2, 2, : 5, 3, 5, 2, 5, 1, 5, 1, 40, 4, 44, 4, 5, 3, 1, 4, 3, 4, 4, 3, 1, 2, 5, 3, 2, 40, 3, 5, 4, 41, 5, 5, 1, 5, 4, 4, 4, 5, 1, 4, 1, 3, 1, 2, 1, 5, 2, 2, 2, 4, 44, 40, 4, 3, 2, 5, 43, 3, 1, 4, 41, 2, 4, 1, 2, 5, 2, 3, 3, 2, 2, 
102: 0, 2, 0, 3, 0, 3, 0, 1, 3, 5, 0, 2, 0, 4, 4, 1, 0, 0, 3, 0, 5, 0, 0, 4, 0, 0, 41, 3, 0, 4, 0, 3, 0, 0, 0, 0, 0, 0, 0, 4, 0, 40, 0, 5, 0, 0, 2, 2, 0, 4, 0, 0, 3, 1, 0, 0, 2, 2, 3, 0, 1, 0, 44, 0, 4, 5, 4, 0, 3, 0, 0, 0, 42, 4, 3, 0, 5, 3, 0, 1, 3, 0, 0, 0, 4, 0, 0, 1, 5, 5, 0, 0, 3, 3, 0, 5, 5, 0, 1, 3, 0, 0, 2, 0, 41, 2, 0, 0, 2, 0, 3, 5, 0, 0, 41, 0, 0, 0, 2, 0, : 2, 3, 3, 1, 3, 5, 2, 4, 4, 1, 3, 5, 4, 41, 3, 4, 3, 4, 40, 5, 2, 2, 4, 3, 1, 2, 2, 3, 1, 44, 4, 5, 4, 3, 42, 4, 3, 5, 3, 1, 3, 4, 1, 5, 5, 3, 3, 5, 5, 1, 3, 2, 41, 2, 2, 3, 5, 41, 2, 
138: 0, 1, 0, 42, 2, 2, 2, 1, 3, 3, 0, 4, 2, 1, 0, 43, 5, 3, 0, 2, 43, 1, 1, 0, 0, 0, 5, 0, 0, 2, 4, 4, 5, 0, 2, 0, 1, 3, 1, 43, 0, 2, 0, 0, 2, 0, 3, 5, 5, 5, 0, 0, 3, 0, 4, 1, 5, 3, 40, 0, 0, 2, 3, 43, 0, 3, 0, 0, 5, 0, 2, 0, 4, 41, 0, 4, 3, 40, 44, 5, 0, 0, 0, 0, 5, 44, 0, 0, 0, 4, 0, 0, 2, 1, 0, 43, 1, 0, 0, 2, 0, 4, 0, 4, 0, 0, 0, 42, 5, 41, 4, 3, 40, 2, 0, 0, 0, 0, 3, 44, : 1, 42, 2, 2, 2, 1, 3, 3, 4, 2, 1, 43, 5, 3, 2, 43, 1, 1, 5, 2, 4, 4, 5, 2, 1, 3, 1, 43, 2, 2, 3, 5, 5, 5, 3, 4, 1, 5, 3, 40, 2, 3, 43, 3, 5, 2, 4, 41, 4, 3, 40, 44, 5, 5, 44, 4, 2, 1, 43, 1, 2, 4, 4, 42, 5, 41, 4, 3, 40, 2, 3, 44, 
6: 43, 0, 5, 0, 3, 4, 42, 0, 0, 0, 41, 4, 0, 0, 0, 0, 0, 4, 3, 1, 1, 0, 4, 0, 2, 3, 0, 0, 0, 0, 2, 3, 1, 0, 4, 0, 0, 0, 0, 3, 0, 0, 43, 0, 0, 0, 0, 5, 3, 1, 0, 0, 1, 0, 0, 3, 0, 2, 0, 4, 4, 43, 0, 4, 4, 4, 0, 0, 3, 2, 0, 5, 0, 0, 0, 0, 4, 2, 3, 3, 0, 0, 5, 40, 0, 3, 43, 0, 1, 5, 1, 0, 5, 5, 0, 41, 1, 0, 4, 5, 2, 0, 0, 1, 0, 0, 0, 40, 2, 0, 0, 0, 0, 0, 0, 1, 4, 1, 0, 0, : 43, 5, 3, 4, 42, 41, 4, 4, 3, 1, 1, 4, 2, 3, 2, 3, 1, 4, 3, 43, 5, 3, 1, 1, 3, 2, 4, 4, 43, 4, 4, 4, 3, 2, 5, 4, 2, 3, 3, 5, 40, 3, 43, 1, 5, 1, 5, 5, 41, 1, 4, 5, 2, 1, 40, 2, 1, 4, 1, 
19: 1, 4, 0, 1, 0, 4, 5, 0, 0, 0, 0, 4, 4, 0, 0, 0, 0, 0, 0, 42, 5, 5, 0, 0, 2, 0, 0, 0, 5, 1, 0, 0, 0, 0, 0, 1, 0, 5, 4, 0, 5, 2, 0, 0, 2, 0, 3, 3, 3, 5, 3, 0, 2, 0, 1, 0, 4, 1, 4, 0, 1, 0, 5, 0, 5, 3, 44, 41, 1, 2, 40, 2, 0, 0, 2, 0, 5, 3, 0, 0, 1, 1, 0, 0, 0, 0, 3, 0, 1, 3, 0, 2, 3, 4, 0, 2, 5, 0, 43, 1, 44, 3, 5, 4, 2, 0, 0, 0, 2, 0, 43, 3, 1, 2, 41, 2, 1, 0, 0, 0, : 1, 4, 1, 4, 5, 4, 4, 42, 5, 5, 2, 5, 1, 1, 5, 4, 5, 2, 2, 3, 3, 3, 5, 3, 2, 1, 4, 1, 4, 1, 5, 5, 3, 44, 41, 1, 2, 40, 2, 2, 5, 3, 1, 1, 3, 1, 3, 2, 3, 4, 2, 5, 43, 1, 44, 3, 5, 4, 2, 2, 43, 3, 1, 2, 41, 2, 1, 
35: 0, 3, 0, 1, 41, 0, 4, 0, 0, 0, 5, 4, 4, 0, 0, 0, 0, 0, 0, 1, 43, 3, 0, 0, 3, 0, 2, 5, 0, 0, 0, 0, 0, 1, 0, 0, 0, 3, 0, 3, 0, 3, 0, 1, 0, 0, 4, 2, 3, 3, 0, 0, 0, 0, 0, 0, 1, 0, 5, 0, 3, 0, 1, 1, 0, 1, 1, 5, 2, 2, 4, 0, 0, 0, 0, 3, 0, 0, 1, 5, 0, 0, 0, 4, 0, 3, 0, 4, 0, 1, 0, 0, 5, 3, 5, 0, 0, 0, 0, 1, 1, 0, 1, 0, 0, 4, 3, 4, 3, 3, 0, 0, 5, 2, 0, 0, 44, 0, 5, 0, : 3, 1, 41, 4, 5, 4, 4, 1, 43, 3, 3, 2, 5, 1, 3, 3, 3, 1, 4, 2, 3, 3, 1, 5, 3, 1, 1, 1, 1, 5, 2, 2, 4, 3, 1, 5, 4, 3, 4, 1, 5, 3, 5, 1, 1, 1, 4, 3, 4, 3, 3, 5, 2, 44, 5, 
119: 0, 2, 5, 0, 4, 4, 0, 0, 0, 1, 4, 42, 0, 3, 2, 0, 0, 0, 0, 2, 2, 1, 0, 2, 1, 0, 0, 3, 0, 44, 0, 4, 3, 0, 0, 0, 0, 0, 4, 0, 0, 0, 0, 1, 5, 3, 4, 5, 5, 42, 0, 0, 44, 0, 4, 4, 3, 0, 0, 0, 4, 2, 5, 4, 0, 4, 0, 0, 1, 5, 1, 3, 2, 0, 0, 2, 0, 0, 1, 4, 4, 2, 0, 0, 0, 3, 2, 0, 4, 0, 0, 0, 0, 0, 0, 0, 5, 3, 2, 0, 2, 4, 0, 0, 4, 3, 42, 5, 5, 0, 4, 40, 3, 3, 43, 0, 0, 41, 0, 0, : 2, 5, 4, 4, 1, 4, 42, 3, 2, 2, 2, 1, 2, 1, 3, 44, 4, 3, 4, 1, 5, 3, 4, 5, 5, 42, 44, 4, 4, 3, 4, 2, 5, 4, 4, 1, 5, 1, 3, 2, 2, 1, 4, 4, 2, 3, 2, 4, 5, 3, 2, 2, 4, 4, 3, 42, 5, 5, 4, 40, 3, 3, 43, 41, 
50: 0, 0, 5, 0, 1, 1, 3, 3, 2, 5, 0, 1, 0, 40, 5, 0, 0, 1, 1, 0, 0, 0, 0, 0, 41, 0, 3, 1, 3, 1, 40, 1, 0, 44, 0, 0, 0, 5, 0, 3, 0, 4, 0, 3, 5, 3, 0, 3, 2, 0, 0, 1, 0, 0, 1, 1, 1, 2, 5, 3, 2, 0, 5, 5, 4, 0, 4, 5, 2, 2, 3, 0, 0, 3, 0, 1, 2, 0, 0, 0, 1, 0, 0, 4, 42, 0, 2, 4, 0, 0, 5, 0, 0, 43, 0, 0, 0, 2, 0, 44, 0, 5, 2, 0, 0, 0, 4, 42, 4, 0, 4, 0, 0, 1, 0, 2, 2, 2, 0, 0, : 5, 1, 1, 3, 3, 2, 5, 1, 40, 5, 1, 1, 41, 3, 1, 3, 1, 40, 1, 44, 5, 3, 4, 3, 5, 3, 3, 2, 1, 1, 1, 1, 2, 5, 3, 2, 5, 5, 4, 4, 5, 2, 2, 3, 3, 1, 2, 1, 4, 42, 2, 4, 5, 43, 2, 44, 5, 2, 4, 42, 4, 4, 1, 2, 2, 2, 
96: 0, 2, 5, 4, 0, 43, 4, 1, 4, 2, 0, 1, 4, 0, 0, 4, 0, 0, 0, 2, 0, 2, 2, 2, 0, 42, 0, 0, 0, 2, 41, 3, 43, 0, 0, 0, 1, 0, 5, 2, 0, 0, 5, 5, 4, 2, 0, 2, 1, 3, 4, 0, 3, 0, 0, 0, 5, 4, 4, 3, 3, 0, 4, 0, 0, 0, 4, 0, 5, 0, 1, 0, 1, 0, 3, 5, 3, 3, 0, 0, 3, 1, 0, 0, 1, 3, 0, 0, 0, 3, 5, 0, 2, 4, 4, 5, 3, 0, 3, 0, 1, 0, 0, 1, 0, 0, 41, 0, 1, 0, 43, 0, 0, 0, 0, 0, 0, 0, 0, 0, : 2, 5, 4, 43, 4, 1, 4, 2, 1, 4, 4, 2, 2, 2, 2, 42, 2, 41, 3, 43, 1, 5, 2, 5, 5, 4, 2, 2, 1, 3, 4, 3, 5, 4, 4, 3, 3, 4, 4, 5, 1, 1, 3, 5, 3, 3, 3, 1, 1, 3, 3, 5, 2, 4, 4, 5, 3, 3, 1, 1, 41, 1, 43, 
97: 0, 0, 2, 0, 3, 1, 0, 3, 1, 0, 3, 0, 5, 5, 0, 1, 0, 3, 0, 0, 0, 0, 0, 0, 0, 0, 0, 0, 0, 1, 43, 0, 5, 42, 3, 43, 4, 2, 0, 42, 0, 0, 0, 4, 0, 0, 2, 3, 0, 3, 0, 1, 0, 0, 5, 0, 0, 0, 5, 0, 3, 4, 2, 0, 1, 3, 3, 40, 3, 4, 5, 0, 0, 0, 1, 0, 0, 1, 1, 3, 4, 0, 2, 0, 0, 0, 0, 1, 3, 0, 0, 0, 0, 0, 0, 2, 0, 0, 0, 2, 0, 1, 5, 1, 42, 0, 0, 44, 0, 0, 44, 0, 0, 0, 0, 1, 0, 0, 0, 0, : 2, 3, 1, 3, 1, 3, 5, 5, 1, 3, 1, 43, 5, 42, 3, 43, 4, 2, 42, 4, 2, 3, 3, 1, 5, 5, 3, 4, 2, 1, 3, 3, 40, 3, 4, 5, 1, 1, 1, 3, 4, 2, 1, 3, 2, 2, 1, 5, 1, 42, 44, 44, 1, 
77: 0, 0, 0, 5, 0, 5, 5, 0, 2, 2, 0, 5, 5, 0, 5, 0, 0, 0, 2, 1, 0, 5, 0, 4, 5, 0, 2, 3, 0, 1, 5, 1, 2, 2, 0, 0, 1, 2, 2, 0, 0, 0, 1, 5, 2, 2, 3, 43, 5, 0, 44, 0, 0, 0, 2, 44, 4, 3, 5, 0, 4, 1, 0, 3, 4, 0, 5, 0, 3, 3, 0, 1, 0, 1, 5, 0, 0, 0, 0, 5, 42, 0, 1, 0, 4, 0, 0, 0, 2, 0, 1, 2, 2, 44, 4, 1, 0, 0, 0, 0, 0, 0, 44, 43, 2, 4, 41, 4, 4, 4, 2, 0, 4, 0, 0, 1, 4, 4, 3, 0, : 5, 5, 5, 2, 2, 5, 5, 5, 2, 1, 5, 4, 5, 2, 3, 1, 5, 1, 2, 2, 1, 2, 2, 1, 5, 2, 2, 3, 43, 5, 44, 2, 44, 4, 3, 5, 4, 1, 3, 4, 5, 3, 3, 1, 1, 5, 5, 42, 1, 4, 2, 1, 2, 2, 44, 4, 1, 44, 43, 2, 4, 41, 4, 4, 4, 2, 4, 1, 4, 4, 3, 
154: 5, 0, 2, 43, 5, 3, 1, 2, 0, 2, 5, 5, 3, 1, 0, 4, 4, 0, 0, 1, 5, 5, 3, 0, 3, 0, 4, 0, 0, 0, 0, 42, 0, 0, 0, 0, 0, 4, 0, 5, 0, 43, 0, 2, 2, 5, 2, 0, 3, 0, 0, 1, 2, 0, 0, 0, 4, 0, 1, 0, 3, 2, 5, 0, 0, 0, 5, 0, 1, 3, 2, 0, 0, 0, 0, 1, 40, 2, 44, 0, 0, 0, 0, 0, 1, 0, 0, 2, 1, 0, 3, 0, 0, 3, 3, 1, 0, 0, 5, 0, 4, 1, 4, 2, 40, 3, 0, 0, 3, 0, 3, 0, 0, 1, 0, 3, 2, 0, 4, 0, : 5, 2, 43, 5, 3, 1, 2, 2, 5, 5, 3, 1, 4, 4, 1, 5, 5, 3, 3, 4, 42, 4, 5, 43, 2, 2, 5, 2, 3, 1, 2, 4, 1, 3, 2, 5, 5, 1, 3, 2, 1, 40, 2, 44, 1, 2, 1, 3, 3, 3, 1, 5, 4, 1, 4, 2, 40, 3, 3, 3, 1, 3, 2, 4, 
75: 5, 4, 5, 0, 3, 4, 1, 0, 1, 0, 4, 0, 3, 0, 2, 0, 2, 1, 4, 0, 4, 0, 4, 42, 0, 0, 0, 5, 0, 5, 3, 40, 0, 42, 4, 0, 0, 3, 0, 3, 43, 4, 4, 0, 4, 1, 1, 1, 1, 2, 0, 0, 2, 0, 0, 5, 1, 0, 2, 0, 4, 1, 5, 0, 5, 2, 1, 2, 4, 2, 3, 1, 5, 0, 2, 0, 0, 44, 2, 5, 0, 2, 0, 0, 1, 44, 0, 0, 3, 1, 1, 0, 0, 0, 0, 0, 0, 0, 0, 1, 0, 0, 5, 0, 0, 0, 0, 4, 2, 0, 2, 0, 3, 1, 0, 0, 3, 0, 0, 0, : 5, 4, 5, 3, 4, 1, 1, 4, 3, 2, 2, 1, 4, 4, 4, 42, 5, 5, 3, 40, 42, 4, 3, 3, 43, 4, 4, 4, 1, 1, 1, 1, 2, 2, 5, 1, 2, 4, 1, 5, 5, 2, 1, 2, 4, 2, 3, 1, 5, 2, 44, 2, 5, 2, 1, 44, 3, 1, 1, 1, 5, 4, 2, 2, 3, 1, 3, 
43: 0, 1, 3, 2, 0, 0, 1, 5, 0, 0, 0, 41, 0, 4, 0, 0, 0, 1, 0, 0, 0, 0, 0, 5, 0, 5, 3, 4, 0, 0, 0, 0, 2, 0, 3, 0, 5, 0, 3, 0, 41, 0, 0, 5, 0, 5, 43, 0, 0, 3, 0, 0, 3, 0, 0, 0, 1, 1, 5, 3, 5, 0, 5, 0, 0, 5, 0, 0, 3, 0, 1, 4, 1, 5, 0, 0, 2, 5, 4, 0, 0, 0, 0, 5, 2, 4, 4, 0, 5, 1, 0, 3, 0, 1, 5, 0, 4, 0, 0, 0, 0, 4, 2, 5, 0, 0, 5, 0, 2, 0, 2, 0, 0, 1, 0, 0, 0, 2, 0, 0, : 1, 3, 2, 1, 5, 41, 4, 1, 5, 5, 3, 4, 2, 3, 5, 3, 41, 5, 5, 43, 3, 3, 1, 1, 5, 3, 5, 5, 5, 3, 1, 4, 1, 5, 2, 5, 4, 5, 2, 4, 4, 5, 1, 3, 1, 5, 4, 4, 2, 5, 5, 2, 2, 1, 2, 
156: 0, 3, 3, 0, 0, 2, 0, 0, 1, 0, 42, 1, 0, 3, 0, 0, 3, 1, 3, 1, 3, 2, 3, 5, 0, 0, 2, 0, 3, 3, 0, 5, 40, 4, 0, 0, 0, 0, 2, 2, 1, 0, 0, 0, 2, 0, 5, 0, 0, 0, 0, 0, 0, 0, 5, 1, 1, 0, 41, 3, 2, 3, 2, 0, 3, 2, 0, 5, 4, 4, 0, 0, 3, 0, 3, 0, 3, 0, 0, 0, 3, 0, 0, 3, 1, 5, 0, 0, 3, 0, 0, 0, 1, 42, 3, 44, 5, 5, 0, 0, 3, 0, 2, 5, 0, 0, 5, 4, 4, 43, 0, 0, 4, 0, 0, 0, 4, 0, 0, 1, : 3, 3, 2, 1, 42, 1, 3, 3, 1, 3, 1, 3, 2, 3, 5, 2, 3, 3, 5, 40, 4, 2, 2, 1, 2, 5, 5, 1, 1, 41, 3, 2, 3, 2, 3, 2, 5, 4, 4, 3, 3, 3, 3, 3, 1, 5, 3, 1, 42, 3, 44, 5, 5, 3, 2, 5, 5, 4, 4, 43, 4, 4, 1, 
39: 0, 42, 4, 0, 40, 3, 0, 0, 4, 4, 44, 2, 5, 3, 0, 1, 0, 4, 0, 1, 1, 1, 1, 0, 43, 0, 0, 0, 3, 0, 5, 5, 2, 1, 0, 0, 2, 1, 2, 0, 3, 0, 0, 4, 0, 0, 0, 2, 0, 0, 1, 0, 0, 0, 0, 0, 43, 0, 1, 1, 3, 3, 0, 43, 0, 1, 5, 2, 3, 0, 2, 1, 5, 2, 0, 0, 1, 0, 40, 1, 3, 5, 0, 0, 0, 2, 0, 2, 0, 1, 0, 0, 2, 2, 0, 0, 2, 0, 4, 0, 2, 3, 2, 41, 0, 0, 0, 0, 3, 4, 2, 0, 5, 3, 0, 3, 0, 0, 0, 41, : 42, 4, 40, 3, 4, 4, 44, 2, 5, 3, 1, 4, 1, 1, 1, 1, 43, 3, 5, 5, 2, 1, 2, 1, 2, 3, 4, 2, 1, 43, 1, 1, 3, 3, 43, 1, 5, 2, 3, 2, 1, 5, 2, 1, 40, 1, 3, 5, 2, 2, 1, 2, 2, 2, 4, 2, 3, 2, 41, 3, 4, 2, 5, 3, 3, 41, 
69: 5, 0, 0, 0, 2, 4, 4, 0, 44, 2, 1, 0, 5, 0, 40, 0, 0, 1, 3, 0, 5, 0, 0, 1, 0, 0, 2, 4, 0, 4, 3, 1, 0, 0, 3, 0, 0, 0, 4, 0, 3, 5, 0, 0, 4, 0, 0, 3, 5, 0, 0, 0, 4, 0, 0, 0, 2, 41, 1, 0, 0, 5, 3, 44, 0, 1, 0, 0, 3, 2, 0, 2, 2, 3, 1, 0, 5, 1, 0, 0, 42, 2, 0, 0, 4, 0, 3, 1, 5, 0, 0, 0, 5, 1, 0, 4, 4, 0, 0, 5, 1, 4, 5, 0, 0, 0, 1, 0, 3, 3, 1, 5, 5, 0, 0, 0, 0, 0, 4, 1, : 5, 2, 4, 4, 44, 2, 1, 5, 40, 1, 3, 5, 1, 2, 4, 4, 3, 1, 3, 4, 3, 5, 4, 3, 5, 4, 2, 41, 1, 5, 3, 44, 1, 3, 2, 2, 2, 3, 1, 5, 1, 42, 2, 4, 3, 1, 5, 5, 1, 4, 4, 5, 1, 4, 5, 1, 3, 3, 1, 5, 5, 4, 1, 
26: 4, 0, 0, 3, 2, 2, 1, 3, 5, 1, 0, 2, 44, 0, 0, 0, 0, 5, 0, 0, 0, 3, 0, 1, 1, 0, 0, 2, 0, 40, 4, 3, 0, 0, 5, 0, 0, 3, 0, 0, 5, 1, 0, 0, 3, 44, 1, 0, 2, 0, 0, 0, 4, 41, 0, 3, 0, 5, 0, 3, 1, 1, 0, 0, 2, 2, 5, 5, 5, 2, 0, 0, 3, 0, 4, 1, 0, 0, 0, 5, 1, 4, 0, 3, 4, 0, 0, 0, 2, 0, 0, 0, 2, 3, 43, 0, 0, 0, 0, 4, 3, 0, 0, 4, 3, 2, 4, 0, 0, 0, 2, 2, 3, 0, 2, 5, 2, 4, 5, 0, : 4, 3, 2, 2, 1, 3, 5, 1, 2, 44, 5, 3, 1, 1, 2, 40, 4, 3, 5, 3, 5, 1, 3, 44, 1, 2, 4, 41, 3, 5, 3, 1, 1, 2, 2, 5, 5, 5, 2, 3, 4, 1, 5, 1, 4, 3, 4, 2, 2, 3, 43, 4, 3, 4, 3, 2, 4, 2, 2, 3, 2, 5, 2, 4, 5, 
82: 1, 0, 0, 1, 0, 4, 0, 1, 0, 5, 5, 1, 2, 3, 0, 2, 3, 0, 0, 44, 1, 5, 1, 4, 0, 0, 5, 5, 0, 0, 1, 5, 0, 0, 0, 0, 0, 0, 3, 3, 2, 1, 4, 1, 0, 0, 3, 4, 0, 5, 2, 0, 0, 43, 0, 2, 0, 44, 3, 5, 1, 3, 0, 0, 2, 2, 3, 0, 4, 0, 5, 0, 0, 43, 0, 0, 0, 4, 0, 0, 3, 2, 0, 4, 0, 0, 0, 3, 44, 3, 2, 1, 2, 0, 0, 5, 0, 3, 0, 2, 2, 1, 0, 4, 0, 1, 0, 0, 0, 5, 0, 0, 4, 3, 0, 5, 3, 0, 0, 0, : 1, 1, 4, 1, 5, 5, 1, 2, 3, 2, 3, 44, 1, 5, 1, 4, 5, 5, 1, 5, 3, 3, 2, 1, 4, 1, 3, 4, 5, 2, 43, 2, 44, 3, 5, 1, 3, 2, 2, 3, 4, 5, 43, 4, 3, 2, 4, 3, 44, 3, 2, 1, 2, 5, 3, 2, 2, 1, 4, 1, 5, 4, 3, 5, 3, 
89: 0, 2, 43, 0, 2, 0, 3, 0, 0, 3, 3, 0, 1, 2, 0, 2, 2, 3, 4, 3, 43, 2, 1, 4, 0, 0, 1, 0, 1, 2, 2, 0, 0, 0, 0, 0, 0, 2, 0, 0, 0, 0, 2, 40, 2, 0, 5, 0, 3, 1, 0, 0, 2, 5, 40, 0, 4, 0, 1, 0, 0, 0, 3, 0, 0, 3, 0, 0, 43, 5, 4, 3, 0, 0, 0, 0, 0, 2, 0, 2, 0, 42, 0, 0, 4, 0, 0, 4, 0, 0, 0, 1, 44, 0, 3, 0, 3, 4, 0, 2, 0, 0, 3, 4, 1, 0, 5, 5, 0, 4, 2, 0, 4, 0, 43, 3, 4, 0, 1, 0, : 2, 43, 2, 3, 3, 3, 1, 2, 2, 2, 3, 4, 3, 43, 2, 1, 4, 1, 1, 2, 2, 2, 2, 40, 2, 5, 3, 1, 2, 5, 40, 4, 1, 3, 3, 43, 5, 4, 3, 2, 2, 42, 4, 4, 1, 44, 3, 3, 4, 2, 3, 4, 1, 5, 5, 4, 2, 4, 43, 3, 4, 1, 
129: 5, 0, 3, 0, 1, 1, 3, 0, 42, 4, 0, 1, 0, 0, 0, 41, 0, 1, 0, 2, 0, 0, 5, 2, 2, 42, 5, 4, 0, 5, 4, 4, 0, 0, 1, 0, 2, 1, 0, 0, 0, 0, 41, 0, 3, 0, 0, 1, 4, 0, 0, 0, 0, 4, 2, 3, 0, 0, 0, 4, 4, 0, 0, 4, 3, 0, 5, 0, 1, 1, 4, 3, 4, 0, 5, 0, 0, 0, 0, 0, 0, 0, 0, 0, 3, 0, 5, 2, 5, 0, 3, 0, 3, 3, 41, 1, 5, 0, 0, 1, 0, 0, 2, 3, 1, 0, 0, 0, 0, 0, 4, 0, 2, 1, 1, 43, 4, 1, 1, 0, : 5, 3, 1, 1, 3, 42, 4, 1, 41, 1, 2, 5, 2, 2, 42, 5, 4, 5, 4, 4, 1, 2, 1, 41, 3, 1, 4, 4, 2, 3, 4, 4, 4, 3, 5, 1, 1, 4, 3, 4, 5, 3, 5, 2, 5, 3, 3, 3, 41, 1, 5, 1, 2, 3, 1, 4, 2, 1, 1, 43, 4, 1, 1, 
42: 0, 0, 0, 0, 5, 5, 5, 3, 4, 0, 3, 0, 1, 1, 1, 0, 5, 0, 0, 0, 0, 4, 0, 0, 0, 3, 5, 4, 43, 5, 3, 0, 0, 3, 3, 0, 1, 40, 1, 0, 0, 0, 0, 0, 40, 0, 4, 2, 0, 43, 1, 4, 0, 0, 0, 0, 2, 3, 2, 0, 1, 0, 2, 0, 3, 0, 0, 3, 1, 3, 43, 0, 2, 2, 2, 0, 4, 0, 3, 0, 0, 0, 42, 0, 0, 0, 0, 0, 0, 0, 0, 43, 0, 4, 2, 0, 2, 0, 0, 5, 0, 0, 0, 0, 0, 0, 0, 2, 2, 2, 5, 1, 3, 0, 0, 1, 0, 0, 0, 0, : 5, 5, 5, 3, 4, 3, 1, 1, 1, 5, 4, 3, 5, 4, 43, 5, 3, 3, 3, 1, 40, 1, 40, 4, 2, 43, 1, 4, 2, 3, 2, 1, 2, 3, 3, 1, 3, 43, 2, 2, 2, 4, 3, 42, 43, 4, 2, 2, 5, 2, 2, 2, 5, 1, 3, 1, 
70: 0, 4, 0, 2, 1, 0, 0, 4, 5, 0, 2, 0, 5, 0, 0, 42, 0, 0, 0, 0, 0, 0, 0, 5, 2, 44, 2, 0, 0, 2, 4, 5, 4, 4, 1, 3, 0, 0, 0, 0, 0, 0, 0, 0, 0, 0, 3, 1, 3, 4, 0, 0, 0, 0, 0, 0, 0, 0, 0, 0, 3, 2, 2, 4, 4, 44, 0, 0, 2, 0, 4, 0, 0, 2, 0, 0, 1, 5, 5, 0, 0, 0, 0, 0, 0, 1, 4, 0, 1, 2, 1, 0, 0, 0, 3, 0, 4, 5, 2, 5, 3, 2, 1, 3, 1, 1, 1, 0, 4, 0, 0, 0, 0, 3, 0, 0, 5, 2, 0, 4, : 4, 2, 1, 4, 5, 2, 5, 42, 5, 2, 44, 2, 2, 4, 5, 4, 4, 1, 3, 3, 1, 3, 4, 3, 2, 2, 4, 4, 44, 2, 4, 2, 1, 5, 5, 1, 4, 1, 2, 1, 3, 4, 5, 2, 5, 3, 2, 1, 3, 1, 1, 1, 4, 3, 5, 2, 4, 
12: 0, 43, 3, 0, 3, 5, 0, 5, 0, 0, 0, 0, 4, 0, 3, 0, 0, 0, 42, 1, 0, 0, 0, 5, 1, 0, 0, 4, 2, 0, 5, 4, 2, 0, 0, 0, 0, 4, 3, 0, 3, 1, 0, 3, 4, 0, 0, 3, 41, 0, 0, 0, 2, 2, 2, 2, 4, 0, 5, 3, 5, 0, 40, 0, 4, 1, 0, 41, 5, 3, 0, 5, 0, 4, 0, 0, 1, 4, 0, 0, 0, 1, 0, 1, 2, 4, 5, 0, 4, 0, 1, 0, 0, 4, 42, 3, 0, 0, 0, 2, 2, 5, 2, 5, 0, 5, 0, 4, 0, 1, 0, 0, 42, 0, 0, 3, 3, 0, 2, 0, : 43, 3, 3, 5, 5, 4, 3, 42, 1, 5, 1, 4, 2, 5, 4, 2, 4, 3, 3, 1, 3, 4, 3, 41, 2, 2, 2, 2, 4, 5, 3, 5, 40, 4, 1, 41, 5, 3, 5, 4, 1, 4, 1, 1, 2, 4, 5, 4, 1, 4, 42, 3, 2, 2, 5, 2, 5, 5, 4, 1, 42, 3, 3, 2, 
41: 4, 5, 0, 0, 2, 3, 0, 0, 2, 2, 4, 5, 5, 3, 0, 4, 4, 0, 4, 2, 1, 5, 0, 0, 1, 1, 0, 2, 5, 2, 0, 2, 2, 3, 0, 43, 0, 5, 2, 0, 0, 5, 0, 5, 0, 1, 0, 0, 0, 2, 0, 0, 1, 0, 2, 0, 0, 5, 2, 4, 5, 0, 1, 0, 4, 5, 0, 0, 5, 0, 0, 3, 0, 3, 3, 2, 2, 0, 0, 0, 0, 0, 0, 0, 0, 1, 4, 1, 0, 2, 0, 1, 0, 0, 1, 0, 0, 43, 0, 5, 5, 0, 4, 4, 5, 3, 0, 5, 0, 0, 3, 0, 0, 0, 0, 0, 4, 0, 1, 0, : 4, 5, 2, 3, 2, 2, 4, 5, 5, 3, 4, 4, 4, 2, 1, 5, 1, 1, 2, 5, 2, 2, 2, 3, 43, 5, 2, 5, 5, 1, 2, 1, 2, 5, 2, 4, 5, 1, 4, 5, 5, 3, 3, 3, 2, 2, 1, 4, 1, 2, 1, 1, 43, 5, 5, 4, 4, 5, 3, 5, 3, 4, 1, 
64: 0, 0, 0, 41, 44, 1, 5, 0, 2, 3, 5, 3, 1, 0, 0, 2, 0, 0, 1, 2, 4, 5, 0, 42, 2, 0, 0, 43, 0, 1, 3, 2, 2, 4, 2, 41, 44, 2, 0, 0, 3, 5, 2, 0, 0, 0, 3, 0, 0, 0, 0, 0, 0, 0, 5, 0, 1, 0, 0, 4, 3, 0, 4, 0, 42, 2, 0, 0, 5, 3, 4, 0, 4, 5, 1, 0, 0, 0, 0, 2, 0, 0, 5, 0, 0, 1, 0, 0, 5, 44, 1, 0, 2, 1, 0, 0, 0, 0, 0, 3, 5, 2, 5, 0, 0, 3, 3, 4, 2, 0, 5, 0, 1, 1, 0, 5, 0, 2, 0, 0, : 41, 44, 1, 5, 2, 3, 5, 3, 1, 2, 1, 2, 4, 5, 42, 2, 43, 1, 3, 2, 2, 4, 2, 41, 44, 2, 3, 5, 2, 3, 5, 1, 4, 3, 4, 42, 2, 5, 3, 4, 4, 5, 1, 2, 5, 1, 5, 44, 1, 2, 1, 3, 5, 2, 5, 3, 3, 4, 2, 5, 1, 1, 5, 2, 
52: 0, 0, 4, 1, 5, 0, 0, 0, 2, 0, 0, 0, 0, 1, 0, 0, 0, 5, 0, 0, 0, 0, 3, 40, 0, 0, 44, 5, 0, 2, 3, 2, 0, 0, 41, 42, 0, 5, 3, 0, 40, 3, 0, 3, 2, 0, 3, 0, 2, 44, 5, 0, 1, 0, 2, 0, 3, 0, 43, 43, 2, 5, 0, 3, 0, 0, 0, 0, 2, 43, 0, 2, 0, 0, 0, 0, 0, 0, 0, 3, 2, 0, 0, 4, 0, 0, 41, 4, 2, 0, 0, 4, 0, 0, 0, 0, 0, 40, 0, 5, 0, 44, 5, 3, 0, 0, 0, 1, 0, 0, 2, 44, 0, 2, 0, 2, 0, 0, 0, 0, : 4, 1, 5, 2, 1, 5, 3, 40, 44, 5, 2, 3, 2, 41, 42, 5, 3, 40, 3, 3, 2, 3, 2, 44, 5, 1, 2, 3, 43, 43, 2, 5, 3, 2, 43, 2, 3, 2, 4, 41, 4, 2, 4, 40, 5, 44, 5, 3, 1, 2, 44, 2, 2, 
67: 0, 0, 0, 1, 4, 2, 1, 0, 2, 40, 0, 1, 4, 0, 4, 0, 0, 3, 0, 0, 3, 0, 2, 2, 0, 2, 0, 0, 0, 0, 0, 3, 5, 0, 0, 0, 0, 2, 0, 0, 0, 0, 42, 0, 0, 0, 2, 3, 0, 0, 2, 0, 0, 0, 5, 4, 1, 0, 1, 0, 2, 0, 3, 2, 4, 2, 4, 0, 4, 5, 5, 3, 0, 0, 4, 1, 0, 0, 0, 2, 0, 0, 0, 0, 3, 0, 5, 5, 4, 1, 0, 5, 3, 2, 3, 0, 2, 3, 0, 5, 1, 5, 0, 0, 0, 4, 5, 0, 5, 3, 2, 0, 0, 0, 0, 4, 4, 4, 1, 5, : 1, 4, 2, 1, 2, 40, 1, 4, 4, 3, 3, 2, 2, 2, 3, 5, 2, 42, 2, 3, 2, 5, 4, 1, 1, 2, 3, 2, 4, 2, 4, 4, 5, 5, 3, 4, 1, 2, 3, 5, 5, 4, 1, 5, 3, 2, 3, 2, 3, 5, 1, 5, 4, 5, 5, 3, 2, 4, 4, 4, 1, 5, 
100: 0, 0, 0, 0, 1, 0, 4, 2, 4, 4, 0, 4, 5, 0, 4, 0, 40, 0, 5, 0, 0, 5, 3, 0, 4, 0, 4, 4, 5, 3, 2, 0, 0, 5, 1, 4, 0, 0, 0, 0, 3, 0, 5, 0, 0, 3, 0, 1, 1, 4, 1, 4, 5, 44, 2, 2, 2, 3, 3, 0, 3, 0, 4, 0, 0, 2, 5, 0, 4, 0, 0, 0, 3, 0, 4, 2, 2, 0, 0, 5, 0, 5, 0, 0, 3, 2, 0, 3, 1, 2, 1, 0, 43, 5, 4, 5, 43, 0, 4, 5, 5, 3, 4, 5, 0, 40, 0, 4, 1, 1, 1, 0, 0, 2, 0, 0, 0, 0, 4, 0, : 1, 4, 2, 4, 4, 4, 5, 4, 40, 5, 5, 3, 4, 4, 4, 5, 3, 2, 5, 1, 4, 3, 5, 3, 1, 1, 4, 1, 4, 5, 44, 2, 2, 2, 3, 3, 3, 4, 2, 5, 4, 3, 4, 2, 2, 5, 5, 3, 2, 3, 1, 2, 1, 43, 5, 4, 5, 43, 4, 5, 5, 3, 4, 5, 40, 4, 1, 1, 1, 2, 4, 
13: 2, 0, 0, 1, 1, 2, 3, 0, 0, 0, 0, 4, 1, 3, 1, 1, 2, 2, 2, 0, 43, 0, 2, 0, 4, 0, 4, 0, 0, 2, 43, 2, 0, 1, 0, 0, 0, 0, 0, 0, 5, 0, 0, 0, 0, 3, 2, 0, 4, 0, 0, 4, 3, 2, 3, 0, 0, 0, 1, 5, 0, 43, 2, 0, 0, 4, 0, 4, 4, 3, 0, 0, 0, 2, 4, 43, 0, 0, 0, 5, 0, 4, 0, 0, 43, 3, 0, 41, 2, 5, 1, 2, 0, 3, 0, 0, 0, 0, 0, 1, 2, 0, 1, 4, 0, 0, 0, 2, 4, 0, 3, 0, 42, 40, 0, 0, 3, 0, 1, 0, : 2, 1, 1, 2, 3, 4, 1, 3, 1, 1, 2, 2, 2, 43, 2, 4, 4, 2, 43, 2, 1, 5, 3, 2, 4, 4, 3, 2, 3, 1, 5, 43, 2, 4, 4, 4, 3, 2, 4, 43, 5, 4, 43, 3, 41, 2, 5, 1, 2, 3, 1, 2, 1, 4, 2, 4, 3, 42, 40, 3, 1, 
128: 5, 4, 2, 0, 0, 1, 2, 4, 0, 0, 1, 4, 0, 0, 0, 0, 44, 2, 5, 0, 0, 42, 1, 0, 0, 0, 0, 3, 43, 0, 3, 1, 0, 0, 0, 0, 5, 0, 1, 1, 0, 2, 0, 0, 0, 0, 0, 0, 0, 0, 4, 3, 0, 0, 0, 1, 0, 0, 5, 43, 5, 3, 0, 0, 0, 1, 0, 42, 2, 0, 1, 0, 0, 0, 0, 0, 0, 0, 5, 0, 0, 0, 3, 1, 41, 0, 0, 1, 42, 1, 0, 0, 0, 0, 0, 0, 3, 0, 3, 41, 3, 4, 1, 0, 0, 41, 0, 41, 0, 0, 0, 0, 0, 0, 0, 3, 0, 0, 2, 2, : 5, 4, 2, 1, 2, 4, 1, 4, 44, 2, 5, 42, 1, 3, 43, 3, 1, 5, 1, 1, 2, 4, 3, 1, 5, 43, 5, 3, 1, 42, 2, 1, 5, 3, 1, 41, 1, 42, 1, 3, 3, 41, 3, 4, 1, 41, 41, 3, 2, 2, 
58: 5, 5, 4, 0, 2, 4, 3, 44, 5, 0, 0, 4, 0, 5, 42, 4, 0, 0, 1, 4, 3, 0, 5, 2, 44, 0, 0, 0, 4, 0, 1, 2, 0, 0, 4, 5, 0, 0, 0, 0, 0, 0, 0, 3, 0, 0, 1, 4, 4, 1, 0, 0, 1, 2, 1, 3, 41, 0, 0, 0, 5, 0, 0, 5, 1, 2, 0, 0, 5, 0, 0, 0, 0, 4, 2, 0, 1, 1, 4, 0, 0, 2, 0, 2, 41, 0, 5, 0, 1, 3, 3, 44, 0, 0, 3, 0, 4, 1, 0, 4, 3, 0, 3, 0, 0, 42, 0, 0, 2, 1, 5, 0, 1, 0, 0, 0, 0, 0, 0, 2, : 5, 5, 4, 2, 4, 3, 44, 5, 4, 5, 42, 4, 1, 4, 3, 5, 2, 44, 4, 1, 2, 4, 5, 3, 1, 4, 4, 1, 1, 2, 1, 3, 41, 5, 5, 1, 2, 5, 4, 2, 1, 1, 4, 2, 2, 41, 5, 1, 3, 3, 44, 3, 4, 1, 4, 3, 3, 42, 2, 1, 5, 1, 2, 
36: 0, 0, 0, 0, 0, 3, 0, 0, 3, 3, 0, 5, 0, 0, 0, 3, 44, 4, 0, 0, 0, 1, 3, 4, 0, 0, 5, 5, 4, 3, 0, 4, 0, 0, 40, 3, 4, 0, 0, 3, 1, 4, 5, 2, 40, 0, 0, 5, 3, 3, 4, 2, 5, 0, 4, 40, 2, 0, 4, 1, 0, 2, 0, 2, 1, 0, 0, 1, 1, 0, 0, 0, 0, 0, 0, 3, 0, 2, 0, 2, 43, 0, 0, 0, 0, 3, 5, 4, 4, 3, 5, 0, 0, 1, 0, 1, 2, 2, 0, 1, 0, 0, 5, 2, 4, 2, 4, 0, 0, 0, 0, 0, 0, 0, 0, 0, 0, 5, 5, 43, : 3, 3, 3, 5, 3, 44, 4, 1, 3, 4, 5, 5, 4, 3, 4, 40, 3, 4, 3, 1, 4, 5, 2, 40, 5, 3, 3, 4, 2, 5, 4, 40, 2, 4, 1, 2, 2, 1, 1, 1, 3, 2, 2, 43, 3, 5, 4, 4, 3, 5, 1, 1, 2, 2, 1, 5, 2, 4, 2, 4, 5, 5, 43, 
88: 0, 0, 5, 3, 2, 0, 0, 0, 5, 4, 0, 5, 0, 0, 0, 0, 0, 3, 0, 0, 3, 4, 2, 0, 1, 41, 1, 5, 0, 1, 0, 3, 0, 0, 0, 0, 2, 0, 5, 0, 43, 0, 0, 0, 2, 0, 1, 0, 0, 42, 1, 0, 0, 2, 4, 0, 5, 0, 0, 0, 1, 0, 0, 0, 1, 2, 4, 0, 3, 3, 41, 5, 3, 2, 0, 3, 0, 0, 0, 0, 4, 1, 1, 43, 0, 5, 0, 42, 5, 0, 0, 44, 1, 0, 0, 3, 1, 0, 0, 3, 0, 0, 5, 0, 0, 0, 1, 2, 42, 44, 41, 0, 5, 4, 3, 4, 3, 0, 0, 0, : 5, 3, 2, 5, 4, 5, 3, 3, 4, 2, 1, 41, 1, 5, 1, 3, 2, 5, 43, 2, 1, 42, 1, 2, 4, 5, 1, 1, 2, 4, 3, 3, 41, 5, 3, 2, 3, 4, 1, 1, 43, 5, 42, 5, 44, 1, 3, 1, 3, 5, 1, 2, 42, 44, 41, 5, 4, 3, 4, 3, 
83: 0, 0, 4, 5, 2, 3, 3, 40, 0, 3, 2, 0, 4, 0, 3, 43, 0, 42, 0, 5, 0, 5, 5, 1, 0, 3, 0, 0, 0, 3, 0, 3, 0, 1, 2, 0, 0, 3, 0, 0, 0, 3, 1, 40, 1, 0, 3, 0, 0, 0, 3, 0, 2, 2, 4, 3, 0, 0, 0, 3, 0, 1, 2, 0, 5, 4, 0, 0, 0, 4, 0, 0, 0, 0, 5, 0, 2, 0, 4, 0, 1, 5, 4, 0, 0, 0, 0, 1, 3, 3, 1, 1, 0, 0, 0, 4, 0, 43, 0, 4, 0, 0, 2, 4, 0, 1, 0, 5, 2, 44, 0, 0, 5, 0, 0, 2, 4, 0, 2, 4, : 4, 5, 2, 3, 3, 40, 3, 2, 4, 3, 43, 42, 5, 5, 5, 1, 3, 3, 3, 1, 2, 3, 3, 1, 40, 1, 3, 3, 2, 2, 4, 3, 3, 1, 2, 5, 4, 4, 5, 2, 4, 1, 5, 4, 1, 3, 3, 1, 1, 4, 43, 4, 2, 4, 1, 5, 2, 44, 5, 2, 4, 2, 4, 
54: 0, 0, 2, 0, 4, 2, 43, 0, 3, 4, 5, 40, 0, 0, 5, 1, 0, 0, 1, 0, 2, 3, 1, 0, 0, 0, 0, 2, 5, 1, 2, 4, 0, 0, 0, 2, 0, 0, 2, 0, 2, 0, 0, 0, 1, 3, 4, 1, 0, 0, 0, 0, 0, 0, 5, 0, 5, 4, 0, 0, 42, 0, 4, 0, 4, 5, 2, 0, 2, 0, 1, 0, 4, 5, 0, 0, 41, 0, 0, 4, 3, 40, 42, 5, 0, 0, 0, 1, 0, 5, 0, 0, 2, 0, 5, 42, 0, 0, 3, 3, 0, 0, 1, 0, 0, 2, 0, 3, 0, 0, 5, 0, 1, 0, 0, 0, 0, 41, 4, 0, : 2, 4, 2, 43, 3, 4, 5, 40, 5, 1, 1, 2, 3, 1, 2, 5, 1, 2, 4, 2, 2, 2, 1, 3, 4, 1, 5, 5, 4, 42, 4, 4, 5, 2, 2, 1, 4, 5, 41, 4, 3, 40, 42, 5, 1, 5, 2, 5, 42, 3, 3, 1, 2, 3, 5, 1, 41, 4, 
115: 0, 0, 2, 2, 3, 4, 4, 0, 0, 4, 0, 4, 3, 0, 0, 2, 42, 0, 0, 3, 5, 0, 0, 2, 5, 0, 0, 0, 2, 1, 1, 0, 0, 0, 0, 3, 4, 3, 3, 0, 0, 2, 41, 0, 42, 0, 41, 0, 0, 2, 0, 0, 0, 2, 40, 44, 0, 0, 1, 0, 5, 0, 0, 0, 41, 5, 1, 0, 2, 2, 3, 0, 0, 1, 44, 3, 4, 1, 1, 1, 0, 4, 43, 0, 0, 0, 0, 3, 0, 2, 0, 0, 3, 4, 0, 0, 5, 0, 4, 0, 1, 0, 3, 2, 0, 0, 5, 4, 3, 1, 5, 3, 0, 2, 0, 0, 0, 43, 0, 1, : 2, 2, 3, 4, 4, 4, 4, 3, 2, 42, 3, 5, 2, 5, 2, 1, 1, 3, 4, 3, 3, 2, 41, 42, 41, 2, 2, 40, 44, 1, 5, 41, 5, 1, 2, 2, 3, 1, 44, 3, 4, 1, 1, 1, 4, 43, 3, 2, 3, 4, 5, 4, 1, 3, 2, 5, 4, 3, 1, 5, 3, 2, 43, 1, 
101: 0, 0, 0, 4, 2, 0, 0, 2, 0, 0, 4, 0, 0, 4, 0, 0, 3, 3, 3, 0, 0, 0, 3, 0, 1, 0, 0, 2, 2, 1, 3, 2, 0, 0, 0, 0, 0, 0, 5, 44, 5, 0, 44, 0, 3, 5, 0, 0, 4, 1, 5, 0, 2, 0, 4, 0, 1, 0, 5, 1, 1, 0, 0, 0, 0, 2, 2, 0, 0, 40, 0, 43, 0, 0, 0, 0, 1, 0, 0, 0, 0, 0, 0, 5, 0, 0, 4, 1, 5, 0, 4, 1, 0, 0, 0, 3, 4, 2, 41, 3, 0, 1, 3, 4, 0, 4, 0, 2, 5, 0, 0, 0, 3, 0, 0, 0, 5, 1, 0, 0, : 4, 2, 2, 4, 4, 3, 3, 3, 3, 1, 2, 2, 1, 3, 2, 5, 44, 5, 44, 3, 5, 4, 1, 5, 2, 4, 1, 5, 1, 1, 2, 2, 40, 43, 1, 5, 4, 1, 5, 4, 1, 3, 4, 2, 41, 3, 1, 3, 4, 4, 2, 5, 3, 5, 1, 
14: 0, 0, 0, 0, 1, 3, 2, 4, 1, 0, 0, 1, 0, 2, 41, 0, 0, 1, 5, 0, 0, 0, 1, 2, 4, 0, 1, 4, 4, 41, 0, 3, 0, 0, 3, 5, 40, 0, 0, 0, 0, 4, 0, 0, 0, 0, 3, 44, 2, 1, 0, 4, 1, 0, 2, 4, 1, 2, 41, 0, 1, 0, 0, 42, 3, 3, 1, 2, 5, 3, 2, 44, 0, 0, 5, 5, 0, 1, 2, 4, 5, 3, 0, 0, 0, 0, 0, 4, 3, 3, 0, 0, 41, 1, 5, 0, 41, 0, 1, 2, 3, 0, 0, 0, 0, 1, 4, 0, 44, 0, 0, 0, 0, 0, 0, 0, 3, 4, 5, 41, : 1, 3, 2, 4, 1, 1, 2, 41, 1, 5, 1, 2, 4, 1, 4, 4, 41, 3, 3, 5, 40, 4, 3, 44, 2, 1, 4, 1, 2, 4, 1, 2, 41, 1, 42, 3, 3, 1, 2, 5, 3, 2, 44, 5, 5, 1, 2, 4, 5, 3, 4, 3, 3, 41, 1, 5, 41, 1, 2, 3, 1, 4, 44, 3, 4, 5, 41, 
91: 0, 0, 0, 0, 5, 3, 0, 0, 0, 2, 0, 5, 0, 3, 1, 4, 0, 3, 3, 3, 0, 0, 4, 0, 4, 0, 5, 0, 0, 0, 0, 1, 2, 0, 0, 0, 3, 0, 5, 0, 0, 0, 0, 2, 0, 3, 1, 2, 4, 0, 0, 44, 0, 0, 0, 0, 0, 0, 3, 0, 2, 3, 5, 0, 0, 0, 5, 1, 0, 0, 0, 0, 40, 41, 0, 0, 0, 0, 0, 5, 3, 0, 44, 4, 4, 43, 0, 0, 4, 3, 3, 0, 0, 5, 0, 43, 0, 1, 0, 0, 4, 0, 3, 0, 0, 3, 5, 0, 2, 0, 0, 1, 0, 3, 0, 0, 0, 0, 0, 0, : 5, 3, 2, 5, 3, 1, 4, 3, 3, 3, 4, 4, 5, 1, 2, 3, 5, 2, 3, 1, 2, 4, 44, 3, 2, 3, 5, 5, 1, 40, 41, 5, 3, 44, 4, 4, 43, 4, 3, 3, 5, 43, 1, 4, 3, 3, 5, 2, 1, 3, 
17: 1, 4, 0, 0, 1, 2, 5, 0, 2, 4, 5, 2, 5, 0, 0, 3, 0, 2, 44, 1, 1, 2, 0, 4, 0, 0, 0, 4, 0, 1, 1, 3, 0, 40, 0, 0, 3, 2, 4, 0, 0, 3, 1, 0, 0, 4, 4, 0, 3, 3, 5, 5, 4, 0, 0, 4, 0, 41, 4, 0, 3, 1, 4, 0, 0, 4, 2, 0, 0, 1, 5, 0, 42, 4, 0, 0, 0, 2, 5, 41, 0, 5, 0, 1, 0, 0, 0, 0, 4, 3, 3, 1, 0, 40, 44, 4, 0, 0, 1, 2, 0, 0, 0, 0, 5, 0, 0, 5, 4, 3, 0, 1, 0, 2, 0, 1, 0, 0, 3, 4, : 1, 4, 1, 2, 5, 2, 4, 5, 2, 5, 3, 2, 44, 1, 1, 2, 4, 4, 1, 1, 3, 40, 3, 2, 4, 3, 1, 4, 4, 3, 3, 5, 5, 4, 4, 41, 4, 3, 1, 4, 4, 2, 1, 5, 42, 4, 2, 5, 41, 5, 1, 4, 3, 3, 1, 40, 44, 4, 1, 2, 5, 5, 4, 3, 1, 2, 1, 3, 4, 
87: 0, 44, 41, 0, 0, 3, 2, 0, 0, 4, 2, 0, 1, 1, 5, 0, 4, 0, 1, 4, 0, 1, 0, 1, 0, 1, 0, 0, 0, 43, 0, 2, 0, 0, 0, 0, 4, 2, 0, 0, 0, 2, 4, 0, 0, 0, 0, 4, 5, 3, 3, 0, 41, 3, 0, 0, 2, 3, 2, 5, 3, 0, 3, 0, 4, 3, 3, 2, 4, 1, 5, 3, 2, 0, 5, 4, 0, 40, 0, 2, 0, 4, 0, 4, 2, 0, 2, 0, 5, 5, 2, 3, 5, 0, 0, 0, 0, 0, 2, 5, 0, 0, 1, 40, 0, 0, 5, 0, 0, 3, 5, 0, 0, 0, 0, 0, 2, 5, 5, 4, : 44, 41, 3, 2, 4, 2, 1, 1, 5, 4, 1, 4, 1, 1, 1, 43, 2, 4, 2, 2, 4, 4, 5, 3, 3, 41, 3, 2, 3, 2, 5, 3, 3, 4, 3, 3, 2, 4, 1, 5, 3, 2, 5, 4, 40, 2, 4, 4, 2, 2, 5, 5, 2, 3, 5, 2, 5, 1, 40, 5, 3, 5, 2, 5, 5, 4, 
146: 0, 2, 0, 0, 3, 0, 1, 5, 2, 2, 0, 5, 0, 1, 2, 2, 5, 2, 1, 44, 3, 2, 4, 3, 0, 0, 3, 5, 0, 1, 0, 3, 0, 0, 0, 2, 0, 1, 1, 4, 4, 0, 0, 0, 0, 1, 1, 0, 5, 5, 0, 0, 1, 3, 1, 0, 0, 0, 2, 4, 3, 0, 0, 0, 42, 4, 0, 0, 0, 0, 4, 0, 3, 0, 0, 0, 3, 0, 1, 5, 4, 3, 0, 0, 0, 0, 0, 0, 0, 2, 3, 0, 3, 4, 0, 0, 5, 0, 5, 3, 0, 5, 2, 0, 0, 3, 0, 0, 5, 0, 3, 0, 0, 0, 2, 0, 0, 0, 2, 0, : 2, 3, 1, 5, 2, 2, 5, 1, 2, 2, 5, 2, 1, 44, 3, 2, 4, 3, 3, 5, 1, 3, 2, 1, 1, 4, 4, 1, 1, 5, 5, 1, 3, 1, 2, 4, 3, 42, 4, 4, 3, 3, 1, 5, 4, 3, 2, 3, 3, 4, 5, 5, 3, 5, 2, 3, 5, 3, 2, 2, 
120: 0, 0, 0, 0, 0, 1, 2, 0, 5, 1, 3, 0, 0, 5, 0, 0, 0, 1, 0, 0, 2, 0, 44, 43, 1, 0, 4, 0, 0, 3, 0, 4, 5, 0, 0, 0, 0, 0, 5, 0, 3, 3, 1, 4, 0, 2, 0, 4, 0, 0, 0, 5, 0, 5, 5, 2, 4, 2, 1, 0, 2, 0, 41, 0, 0, 3, 0, 0, 1, 2, 0, 2, 0, 0, 4, 0, 3, 0, 0, 5, 0, 0, 43, 3, 2, 0, 0, 0, 2, 0, 5, 0, 4, 0, 0, 0, 0, 0, 4, 1, 0, 2, 4, 5, 1, 0, 0, 3, 0, 0, 0, 0, 0, 3, 2, 43, 2, 0, 0, 1, : 1, 2, 5, 1, 3, 5, 1, 2, 44, 43, 1, 4, 3, 4, 5, 5, 3, 3, 1, 4, 2, 4, 5, 5, 5, 2, 4, 2, 1, 2, 41, 3, 1, 2, 2, 4, 3, 5, 43, 3, 2, 2, 5, 4, 4, 1, 2, 4, 5, 1, 3, 3, 2, 43, 2, 1, 
99: 0, 0, 0, 0, 3, 4, 0, 4, 0, 5, 3, 0, 0, 0, 0, 5, 0, 1, 0, 5, 0, 3, 0, 0, 2, 0, 5, 3, 0, 1, 4, 1, 0, 0, 0, 4, 2, 1, 5, 0, 1, 0, 0, 0, 5, 42, 3, 1, 3, 3, 0, 3, 0, 0, 42, 3, 5, 5, 5, 4, 3, 41, 40, 0, 1, 2, 3, 0, 0, 0, 4, 1, 0, 0, 0, 0, 0, 0, 4, 43, 0, 0, 0, 0, 3, 5, 41, 2, 40, 0, 40, 0, 3, 4, 0, 0, 0, 40, 0, 2, 3, 0, 3, 2, 0, 44, 1, 0, 0, 44, 0, 0, 0, 0, 3, 41, 2, 0, 2, 0, : 3, 4, 4, 5, 3, 5, 1, 5, 3, 2, 5, 3, 1, 4, 1, 4, 2, 1, 5, 1, 5, 42, 3, 1, 3, 3, 3, 42, 3, 5, 5, 5, 4, 3, 41, 40, 1, 2, 3, 4, 1, 4, 43, 3, 5, 41, 2, 40, 40, 3, 4, 40, 2, 3, 3, 2, 44, 1, 44, 3, 41, 2, 2, 
55: 5, 0, 41, 3, 5, 0, 1, 0, 4, 0, 0, 2, 5, 1, 1, 0, 0, 0, 0, 44, 0, 0, 44, 3, 5, 0, 0, 0, 2, 3, 4, 0, 0, 0, 0, 3, 0, 2, 2, 2, 3, 4, 0, 0, 0, 0, 2, 5, 5, 5, 0, 1, 2, 0, 0, 1, 0, 0, 4, 0, 0, 1, 5, 0, 0, 3, 0, 0, 0, 1, 5, 2, 0, 0, 4, 44, 0, 5, 0, 0, 42, 0, 1, 5, 0, 0, 40, 0, 2, 42, 5, 4, 0, 4, 0, 2, 1, 3, 0, 0, 0, 0, 4, 2, 0, 0, 41, 0, 3, 4, 0, 43, 2, 0, 5, 3, 0, 0, 4, 0, : 5, 41, 3, 5, 1, 4, 2, 5, 1, 1, 44, 44, 3, 5, 2, 3, 4, 3, 2, 2, 2, 3, 4, 2, 5, 5, 5, 1, 2, 1, 4, 1, 5, 3, 1, 5, 2, 4, 44, 5, 42, 1, 5, 40, 2, 42, 5, 4, 4, 2, 1, 3, 4, 2, 41, 3, 4, 43, 2, 5, 3, 4, 
9: 0, 0, 2, 3, 2, 2, 0, 4, 3, 0, 0, 0, 5, 1, 0, 2, 40, 0, 0, 4, 1, 5, 0, 3, 0, 0, 0, 5, 0, 1, 0, 5, 4, 0, 40, 4, 0, 0, 4, 5, 0, 0, 2, 5, 41, 0, 43, 1, 0, 5, 0, 4, 0, 0, 1, 0, 4, 0, 3, 4, 44, 0, 0, 0, 1, 0, 41, 0, 2, 3, 0, 0, 0, 0, 0, 0, 0, 3, 0, 0, 1, 0, 0, 0, 3, 0, 0, 4, 3, 1, 3, 5, 4, 0, 3, 0, 2, 0, 5, 5, 0, 42, 4, 0, 0, 2, 4, 0, 3, 0, 5, 0, 1, 1, 4, 0, 2, 0, 0, 2, : 2, 3, 2, 2, 4, 3, 5, 1, 2, 40, 4, 1, 5, 3, 5, 1, 5, 4, 40, 4, 4, 5, 2, 5, 41, 43, 1, 5, 4, 1, 4, 3, 4, 44, 1, 41, 2, 3, 3, 1, 3, 4, 3, 1, 3, 5, 4, 3, 2, 5, 5, 42, 4, 2, 4, 3, 5, 1, 1, 4, 2, 2, 
125: 0, 2, 4, 0, 5, 5, 2, 0, 0, 2, 0, 3, 0, 40, 0, 3, 2, 4, 0, 0, 0, 2, 1, 0, 0, 1, 0, 1, 2, 0, 5, 1, 44, 0, 3, 4, 44, 43, 0, 1, 4, 4, 0, 2, 0, 1, 5, 40, 3, 4, 0, 5, 0, 0, 4, 0, 2, 41, 1, 0, 1, 2, 0, 0, 5, 5, 3, 0, 3, 5, 0, 0, 1, 4, 2, 0, 0, 0, 4, 0, 0, 0, 0, 42, 5, 0, 0, 0, 1, 0, 0, 0, 5, 5, 0, 0, 3, 0, 5, 1, 3, 41, 2, 0, 0, 0, 1, 0, 0, 4, 0, 2, 5, 1, 43, 0, 1, 0, 4, 4, : 2, 4, 5, 5, 2, 2, 3, 40, 3, 2, 4, 2, 1, 1, 1, 2, 5, 1, 44, 3, 4, 44, 43, 1, 4, 4, 2, 1, 5, 40, 3, 4, 5, 4, 2, 41, 1, 1, 2, 5, 5, 3, 3, 5, 1, 4, 2, 4, 42, 5, 1, 5, 5, 3, 5, 1, 3, 41, 2, 1, 4, 2, 5, 1, 43, 1, 4, 4, 
135: 5, 0, 3, 0, 0, 0, 0, 0, 4, 1, 3, 0, 0, 0, 4, 0, 0, 1, 5, 1, 2, 0, 0, 1, 3, 3, 0, 3, 0, 0, 0, 0, 5, 1, 1, 0, 1, 0, 3, 0, 0, 5, 4, 3, 0, 40, 0, 0, 2, 0, 44, 0, 43, 0, 40, 0, 4, 4, 0, 0, 3, 2, 0, 3, 4, 0, 0, 0, 5, 2, 40, 0, 4, 0, 3, 2, 0, 0, 2, 0, 2, 41, 0, 2, 3, 0, 41, 1, 0, 5, 5, 0, 0, 5, 0, 0, 1, 5, 0, 1, 2, 0, 0, 0, 0, 1, 0, 0, 3, 0, 4, 0, 3, 0, 0, 0, 1, 0, 5, 0, : 5, 3, 4, 1, 3, 4, 1, 5, 1, 2, 1, 3, 3, 3, 5, 1, 1, 1, 3, 5, 4, 3, 40, 2, 44, 43, 40, 4, 4, 3, 2, 3, 4, 5, 2, 40, 4, 3, 2, 2, 2, 41, 2, 3, 41, 1, 5, 5, 5, 1, 5, 1, 2, 1, 3, 4, 3, 1, 5, 
22: 3, 1, 0, 0, 3, 2, 1, 0, 1, 0, 4, 2, 2, 1, 4, 0, 0, 42, 0, 0, 4, 0, 0, 0, 4, 0, 3, 1, 0, 1, 0, 41, 1, 1, 4, 0, 3, 0, 44, 5, 0, 0, 0, 3, 1, 0, 0, 4, 0, 0, 4, 5, 40, 0, 0, 2, 2, 0, 0, 0, 0, 0, 3, 4, 5, 0, 0, 4, 5, 0, 1, 0, 0, 44, 2, 2, 0, 0, 5, 1, 0, 5, 0, 0, 3, 0, 0, 0, 2, 5, 44, 0, 1, 1, 0, 2, 0, 0, 5, 4, 1, 0, 2, 41, 3, 0, 0, 0, 5, 0, 0, 0, 0, 0, 3, 4, 5, 0, 5, 1, : 3, 1, 3, 2, 1, 1, 4, 2, 2, 1, 4, 42, 4, 4, 3, 1, 1, 41, 1, 1, 4, 3, 44, 5, 3, 1, 4, 4, 5, 40, 2, 2, 3, 4, 5, 4, 5, 1, 44, 2, 2, 5, 1, 5, 3, 2, 5, 44, 1, 1, 2, 5, 4, 1, 2, 41, 3, 5, 3, 4, 5, 5, 1, 
66: 0, 0, 2, 0, 2, 0, 2, 40, 1, 1, 4, 2, 1, 0, 44, 1, 2, 1, 0, 0, 1, 0, 1, 4, 0, 0, 2, 4, 2, 1, 5, 1, 0, 43, 0, 5, 5, 3, 0, 1, 5, 2, 0, 2, 0, 0, 0, 0, 40, 0, 2, 0, 3, 4, 1, 1, 0, 1, 1, 42, 0, 4, 1, 0, 0, 5, 42, 0, 4, 2, 3, 40, 1, 4, 4, 2, 42, 5, 2, 0, 2, 0, 0, 1, 0, 0, 0, 0, 5, 4, 4, 1, 0, 0, 0, 0, 43, 0, 5, 0, 5, 0, 5, 0, 0, 4, 43, 0, 1, 0, 4, 0, 2, 2, 42, 0, 0, 41, 0, 0, : 2, 2, 2, 40, 1, 1, 4, 2, 1, 44, 1, 2, 1, 1, 1, 4, 2, 4, 2, 1, 5, 1, 43, 5, 5, 3, 1, 5, 2, 2, 40, 2, 3, 4, 1, 1, 1, 1, 42, 4, 1, 5, 42, 4, 2, 3, 40, 1, 4, 4, 2, 42, 5, 2, 2, 1, 5, 4, 4, 1, 43, 5, 5, 5, 4, 43, 1, 4, 2, 2, 42, 41, 
4: 0, 44, 2, 5, 0, 4, 0, 5, 4, 0, 5, 0, 44, 5, 0, 2, 0, 5, 0, 0, 3, 2, 5, 5, 3, 0, 1, 4, 0, 0, 4, 0, 0, 0, 1, 0, 2, 3, 3, 0, 0, 3, 0, 4, 0, 1, 0, 0, 4, 5, 4, 0, 0, 0, 4, 0, 0, 0, 5, 0, 2, 4, 0, 0, 4, 5, 0, 0, 1, 0, 5, 0, 0, 0, 2, 5, 4, 3, 0, 5, 0, 40, 0, 0, 0, 0, 0, 2, 2, 4, 1, 3, 0, 3, 0, 5, 3, 0, 1, 4, 2, 0, 3, 5, 0, 2, 0, 0, 2, 0, 5, 3, 0, 2, 2, 5, 0, 0, 3, 1, : 44, 2, 5, 4, 5, 4, 5, 44, 5, 2, 5, 3, 2, 5, 5, 3, 1, 4, 4, 1, 2, 3, 3, 3, 4, 1, 4, 5, 4, 4, 5, 2, 4, 4, 5, 1, 5, 2, 5, 4, 3, 5, 40, 2, 2, 4, 1, 3, 3, 5, 3, 1, 4, 2, 3, 5, 2, 2, 5, 3, 2, 2, 5, 3, 1, 
28: 5, 1, 5, 0, 2, 0, 0, 0, 0, 4, 5, 0, 0, 0, 0, 0, 5, 5, 0, 0, 2, 0, 5, 4, 0, 41, 2, 40, 1, 3, 5, 0, 0, 0, 3, 3, 0, 0, 4, 5, 0, 4, 0, 1, 43, 1, 42, 5, 0, 0, 0, 1, 0, 0, 2, 0, 0, 5, 0, 0, 1, 5, 4, 0, 1, 1, 0, 0, 5, 3, 1, 3, 3, 0, 0, 3, 0, 4, 1, 1, 0, 4, 3, 0, 0, 0, 0, 3, 5, 2, 0, 1, 5, 0, 0, 0, 1, 2, 0, 4, 4, 1, 0, 0, 0, 1, 5, 0, 0, 5, 0, 0, 0, 1, 2, 0, 2, 0, 4, 0, : 5, 1, 5, 2, 4, 5, 5, 5, 2, 5, 4, 41, 2, 40, 1, 3, 5, 3, 3, 4, 5, 4, 1, 43, 1, 42, 5, 1, 2, 5, 1, 5, 4, 1, 1, 5, 3, 1, 3, 3, 3, 4, 1, 1, 4, 3, 3, 5, 2, 1, 5, 1, 2, 4, 4, 1, 1, 5, 5, 1, 2, 2, 4, 
110: 42, 0, 2, 0, 3, 1, 44, 0, 0, 3, 0, 2, 0, 5, 5, 0, 0, 3, 0, 1, 0, 2, 0, 0, 0, 0, 0, 4, 1, 3, 3, 0, 0, 0, 5, 3, 0, 0, 0, 1, 0, 5, 1, 0, 0, 0, 0, 1, 44, 0, 0, 42, 0, 0, 0, 0, 3, 1, 3, 3, 0, 5, 0, 4, 2, 0, 4, 0, 2, 2, 4, 1, 4, 0, 0, 41, 0, 1, 0, 5, 0, 0, 4, 0, 1, 5, 0, 0, 4, 2, 0, 43, 2, 5, 0, 1, 2, 0, 1, 1, 44, 3, 1, 0, 43, 0, 0, 0, 4, 0, 0, 0, 4, 0, 0, 4, 5, 0, 1, 0, : 42, 2, 3, 1, 44, 3, 2, 5, 5, 3, 1, 2, 4, 1, 3, 3, 5, 3, 1, 5, 1, 1, 44, 42, 3, 1, 3, 3, 5, 4, 2, 4, 2, 2, 4, 1, 4, 41, 1, 5, 4, 1, 5, 4, 2, 43, 2, 5, 1, 2, 1, 1, 44, 3, 1, 43, 4, 4, 4, 5, 1, 
130: 3, 0, 5, 0, 0, 1, 0, 2, 1, 2, 2, 2, 0, 4, 5, 0, 4, 0, 40, 5, 1, 2, 0, 2, 0, 0, 0, 5, 3, 4, 0, 5, 5, 0, 40, 0, 0, 5, 1, 0, 0, 2, 0, 0, 4, 1, 0, 44, 4, 0, 4, 0, 1, 0, 0, 1, 41, 0, 0, 0, 4, 0, 1, 0, 0, 2, 0, 0, 1, 2, 0, 0, 3, 0, 1, 0, 1, 1, 0, 2, 5, 3, 0, 0, 1, 3, 2, 0, 3, 2, 1, 42, 0, 0, 0, 0, 0, 0, 0, 0, 0, 0, 4, 0, 3, 0, 1, 0, 1, 0, 1, 0, 0, 0, 0, 1, 0, 0, 0, 0, : 3, 5, 1, 2, 1, 2, 2, 2, 4, 5, 4, 40, 5, 1, 2, 2, 5, 3, 4, 5, 5, 40, 5, 1, 2, 4, 1, 44, 4, 4, 1, 1, 41, 4, 1, 2, 1, 2, 3, 1, 1, 1, 2, 5, 3, 1, 3, 2, 3, 2, 1, 42, 4, 3, 1, 1, 1, 1, 
15: 0, 2, 1, 0, 0, 0, 2, 3, 0, 0, 1, 0, 0, 0, 1, 0, 2, 5, 0, 2, 0, 1, 3, 0, 5, 0, 0, 1, 0, 0, 0, 0, 0, 0, 5, 0, 0, 1, 3, 43, 0, 0, 5, 0, 0, 2, 1, 4, 42, 0, 42, 0, 0, 0, 5, 0, 2, 1, 0, 2, 4, 0, 0, 41, 0, 4, 0, 0, 1, 5, 3, 0, 1, 0, 4, 0, 0, 0, 2, 3, 4, 0, 3, 0, 3, 1, 0, 0, 4, 0, 0, 0, 3, 0, 3, 1, 0, 0, 0, 5, 2, 0, 0, 1, 0, 0, 0, 1, 4, 0, 0, 0, 2, 0, 0, 0, 1, 0, 5, 0, : 2, 1, 2, 3, 1, 1, 2, 5, 2, 1, 3, 5, 1, 5, 1, 3, 43, 5, 2, 1, 4, 42, 42, 5, 2, 1, 2, 4, 41, 4, 1, 5, 3, 1, 4, 2, 3, 4, 3, 3, 1, 4, 3, 3, 1, 5, 2, 1, 1, 4, 2, 1, 5, 
90: 40, 0, 0, 3, 1, 0, 4, 0, 5, 0, 0, 1, 0, 0, 41, 0, 5, 0, 0, 0, 5, 0, 42, 0, 0, 4, 1, 0, 43, 0, 5, 5, 41, 43, 0, 0, 5, 3, 4, 2, 0, 0, 3, 2, 3, 0, 1, 0, 5, 5, 1, 0, 1, 0, 0, 0, 4, 0, 0, 0, 5, 0, 1, 4, 4, 0, 0, 1, 1, 0, 5, 40, 5, 0, 44, 5, 0, 0, 42, 43, 0, 5, 0, 0, 2, 1, 4, 3, 2, 44, 2, 0, 1, 2, 2, 0, 3, 0, 3, 4, 5, 0, 3, 0, 0, 1, 1, 0, 5, 2, 0, 1, 0, 43, 0, 0, 0, 0, 5, 0, : 40, 3, 1, 4, 5, 1, 41, 5, 5, 42, 4, 1, 43, 5, 5, 41, 43, 5, 3, 4, 2, 3, 2, 3, 1, 5, 5, 1, 1, 4, 5, 1, 4, 4, 1, 1, 5, 40, 5, 44, 5, 42, 43, 5, 2, 1, 4, 3, 2, 44, 2, 1, 2, 2, 3, 3, 4, 5, 3, 1, 1, 5, 2, 1, 43, 5, 
40: 0, 0, 0, 1, 0, 4, 0, 1, 44, 0, 0, 5, 5, 44, 0, 1, 0, 0, 1, 0, 5, 43, 0, 2, 2, 0, 0, 0, 0, 1, 0, 2, 0, 3, 1, 5, 0, 0, 0, 0, 0, 4, 0, 2, 0, 5, 2, 5, 0, 0, 1, 0, 4, 0, 0, 0, 3, 1, 2, 0, 2, 0, 0, 0, 0, 3, 0, 4, 5, 4, 0, 4, 3, 41, 44, 1, 0, 2, 2, 1, 1, 0, 0, 1, 0, 0, 0, 0, 1, 4, 4, 0, 4, 4, 3, 0, 4, 0, 0, 40, 4, 0, 3, 2, 0, 0, 3, 3, 44, 1, 0, 0, 2, 2, 0, 4, 0, 0, 43, 0, : 1, 4, 1, 44, 5, 5, 44, 1, 1, 5, 43, 2, 2, 1, 2, 3, 1, 5, 4, 2, 5, 2, 5, 1, 4, 3, 1, 2, 2, 3, 4, 5, 4, 4, 3, 41, 44, 1, 2, 2, 1, 1, 1, 1, 4, 4, 4, 4, 3, 4, 40, 4, 3, 2, 3, 3, 44, 1, 2, 2, 4, 43, 
34: 0, 0, 0, 40, 0, 0, 3, 0, 1, 40, 0, 0, 1, 40, 2, 4, 4, 5, 0, 0, 0, 4, 3, 5, 0, 4, 4, 4, 0, 5, 3, 0, 0, 0, 3, 4, 0, 1, 1, 1, 3, 0, 0, 43, 1, 0, 2, 0, 0, 3, 3, 5, 0, 0, 3, 42, 0, 1, 0, 0, 2, 42, 0, 0, 0, 0, 2, 43, 2, 4, 5, 4, 41, 0, 0, 0, 3, 5, 0, 2, 0, 0, 1, 0, 0, 43, 0, 0, 4, 0, 5, 0, 4, 0, 4, 3, 4, 0, 40, 3, 5, 5, 2, 3, 0, 1, 0, 2, 2, 0, 1, 0, 0, 4, 0, 0, 3, 5, 0, 0, : 40, 3, 1, 40, 1, 40, 2, 4, 4, 5, 4, 3, 5, 4, 4, 4, 5, 3, 3, 4, 1, 1, 1, 3, 43, 1, 2, 3, 3, 5, 3, 42, 1, 2, 42, 2, 43, 2, 4, 5, 4, 41, 3, 5, 2, 1, 43, 4, 5, 4, 4, 3, 4, 40, 3, 5, 5, 2, 3, 1, 2, 2, 1, 4, 3, 5, 
148: 0, 3, 1, 0, 0, 3, 3, 0, 1, 41, 0, 4, 3, 0, 5, 0, 0, 3, 0, 4, 1, 4, 4, 2, 0, 0, 1, 4, 4, 5, 0, 41, 0, 0, 0, 0, 0, 0, 0, 2, 4, 1, 0, 0, 0, 0, 0, 2, 2, 0, 0, 0, 3, 41, 0, 2, 0, 0, 3, 0, 0, 0, 4, 0, 1, 3, 4, 0, 41, 2, 0, 0, 0, 0, 0, 1, 2, 4, 0, 0, 0, 5, 1, 5, 0, 0, 2, 5, 4, 3, 0, 1, 2, 0, 0, 0, 3, 0, 0, 0, 5, 0, 2, 3, 41, 0, 4, 0, 5, 1, 0, 0, 3, 5, 4, 3, 5, 0, 0, 0, : 3, 1, 3, 3, 1, 41, 4, 3, 5, 3, 4, 1, 4, 4, 2, 1, 4, 4, 5, 41, 2, 4, 1, 2, 2, 3, 41, 2, 3, 4, 1, 3, 4, 41, 2, 1, 2, 4, 5, 1, 5, 2, 5, 4, 3, 1, 2, 3, 5, 2, 3, 41, 4, 5, 1, 3, 5, 4, 3, 5, 
16: 4, 4, 0, 5, 3, 3, 0, 4, 42, 0, 5, 0, 0, 0, 0, 2, 5, 0, 5, 0, 2, 1, 5, 3, 0, 3, 5, 1, 0, 4, 0, 1, 0, 0, 3, 0, 2, 5, 1, 44, 4, 0, 4, 0, 2, 0, 0, 0, 1, 2, 41, 5, 1, 0, 3, 0, 3, 4, 0, 0, 3, 2, 0, 2, 4, 44, 0, 3, 5, 0, 4, 0, 0, 0, 0, 0, 4, 0, 0, 2, 2, 0, 0, 0, 0, 0, 4, 0, 0, 1, 4, 3, 3, 0, 3, 4, 0, 0, 0, 2, 0, 1, 42, 1, 0, 2, 2, 0, 5, 3, 1, 0, 0, 5, 2, 2, 0, 0, 0, 41, : 4, 4, 5, 3, 3, 4, 42, 5, 2, 5, 5, 2, 1, 5, 3, 3, 5, 1, 4, 1, 3, 2, 5, 1, 44, 4, 4, 2, 1, 2, 41, 5, 1, 3, 3, 4, 3, 2, 2, 4, 44, 3, 5, 4, 4, 2, 2, 4, 1, 4, 3, 3, 3, 4, 2, 1, 42, 1, 2, 2, 5, 3, 1, 5, 2, 2, 41, 
106: 0, 1, 0, 0, 3, 5, 4, 0, 0, 1, 1, 0, 3, 0, 0, 0, 1, 5, 0, 5, 3, 0, 4, 0, 5, 0, 1, 3, 0, 1, 1, 0, 4, 0, 1, 0, 0, 3, 42, 1, 0, 0, 0, 1, 0, 5, 5, 5, 0, 0, 0, 0, 3, 0, 0, 0, 0, 44, 2, 0, 2, 0, 2, 3, 4, 2, 5, 0, 3, 0, 0, 0, 0, 0, 1, 41, 0, 0, 3, 0, 2, 5, 0, 0, 0, 0, 0, 2, 4, 0, 3, 3, 0, 5, 0, 0, 0, 0, 3, 5, 0, 0, 5, 4, 0, 4, 0, 0, 0, 0, 5, 4, 0, 0, 0, 0, 2, 0, 0, 0, : 1, 3, 5, 4, 1, 1, 3, 1, 5, 5, 3, 4, 5, 1, 3, 1, 1, 4, 1, 3, 42, 1, 1, 5, 5, 5, 3, 44, 2, 2, 2, 3, 4, 2, 5, 3, 1, 41, 3, 2, 5, 2, 4, 3, 3, 5, 3, 5, 5, 4, 4, 5, 4, 2, 
2: 0, 5, 0, 5, 0, 4, 0, 1, 4, 1, 0, 0, 4, 4, 0, 5, 0, 1, 0, 0, 5, 4, 0, 0, 0, 0, 5, 0, 43, 4, 5, 1, 0, 0, 3, 5, 0, 0, 2, 0, 2, 41, 0, 43, 4, 5, 5, 0, 4, 0, 42, 5, 0, 0, 1, 1, 0, 0, 0, 40, 0, 5, 0, 0, 0, 3, 0, 0, 1, 3, 4, 3, 0, 0, 0, 5, 0, 0, 2, 0, 0, 0, 0, 0, 1, 0, 5, 0, 0, 0, 41, 0, 0, 0, 0, 0, 4, 0, 0, 0, 0, 42, 4, 3, 1, 2, 3, 4, 4, 0, 0, 0, 0, 0, 0, 3, 0, 0, 3, 44, : 5, 5, 4, 1, 4, 1, 4, 4, 5, 1, 5, 4, 5, 43, 4, 5, 1, 3, 5, 2, 2, 41, 43, 4, 5, 5, 4, 42, 5, 1, 1, 40, 5, 3, 1, 3, 4, 3, 5, 2, 1, 5, 41, 4, 42, 4, 3, 1, 2, 3, 4, 4, 3, 3, 44, 
1: 4, 3, 5, 41, 40, 5, 0, 0, 0, 0, 0, 3, 3, 0, 0, 0, 3, 2, 0, 0, 5, 2, 4, 2, 0, 0, 0, 5, 0, 4, 0, 0, 40, 0, 0, 0, 0, 42, 43, 0, 0, 5, 5, 0, 0, 0, 0, 2, 0, 0, 0, 1, 0, 0, 2, 2, 3, 0, 0, 0, 0, 2, 4, 1, 2, 1, 5, 0, 4, 5, 0, 4, 0, 0, 0, 0, 0, 3, 41, 5, 0, 0, 0, 0, 0, 5, 0, 5, 4, 3, 3, 0, 5, 1, 3, 0, 4, 1, 0, 5, 3, 1, 4, 4, 43, 0, 0, 0, 0, 0, 2, 0, 41, 5, 0, 0, 43, 0, 0, 0, : 4, 3, 5, 41, 40, 5, 3, 3, 3, 2, 5, 2, 4, 2, 5, 4, 40, 42, 43, 5, 5, 2, 1, 2, 2, 3, 2, 4, 1, 2, 1, 5, 4, 5, 4, 3, 41, 5, 5, 5, 4, 3, 3, 5, 1, 3, 4, 1, 5, 3, 1, 4, 4, 43, 2, 41, 5, 43, 
126: 0, 3, 5, 0, 0, 44, 5, 0, 0, 4, 5, 1, 2, 0, 0, 0, 1, 41, 2, 3, 5, 0, 3, 2, 0, 1, 42, 4, 4, 0, 1, 1, 3, 0, 41, 0, 0, 0, 5, 0, 1, 4, 0, 0, 0, 0, 1, 4, 1, 0, 0, 0, 4, 0, 3, 0, 5, 0, 0, 4, 0, 0, 0, 4, 3, 3, 5, 2, 4, 0, 2, 0, 0, 0, 0, 4, 0, 0, 0, 2, 2, 0, 0, 0, 1, 0, 0, 43, 0, 0, 0, 0, 0, 2, 0, 0, 3, 0, 3, 3, 0, 0, 0, 2, 0, 2, 0, 0, 1, 4, 0, 42, 2, 5, 0, 0, 1, 0, 0, 0, : 3, 5, 44, 5, 4, 5, 1, 2, 1, 41, 2, 3, 5, 3, 2, 1, 42, 4, 4, 1, 1, 3, 41, 5, 1, 4, 1, 4, 1, 4, 3, 5, 4, 4, 3, 3, 5, 2, 4, 2, 4, 2, 2, 1, 43, 2, 3, 3, 3, 2, 2, 1, 4, 42, 2, 5, 1, 
141: 0, 1, 4, 4, 0, 5, 0, 0, 1, 3, 0, 40, 0, 44, 2, 0, 0, 5, 0, 0, 5, 0, 0, 0, 0, 0, 1, 2, 0, 0, 2, 0, 0, 1, 0, 0, 44, 0, 5, 0, 5, 0, 1, 0, 0, 0, 0, 4, 0, 0, 0, 0, 0, 0, 5, 1, 4, 5, 0, 3, 5, 0, 0, 0, 3, 2, 3, 0, 3, 4, 2, 43, 2, 5, 5, 0, 41, 0, 3, 5, 2, 0, 0, 4, 0, 0, 0, 0, 4, 1, 4, 0, 5, 0, 0, 1, 2, 0, 0, 0, 43, 0, 2, 3, 0, 3, 0, 0, 1, 0, 1, 0, 3, 0, 0, 2, 0, 4, 0, 0, : 1, 4, 4, 5, 1, 3, 40, 44, 2, 5, 5, 1, 2, 2, 1, 44, 5, 5, 1, 4, 5, 1, 4, 5, 3, 5, 3, 2, 3, 3, 4, 2, 43, 2, 5, 5, 41, 3, 5, 2, 4, 4, 1, 4, 5, 1, 2, 43, 2, 3, 3, 1, 1, 3, 2, 4, 
114: 2, 0, 2, 3, 2, 4, 3, 0, 0, 4, 5, 3, 3, 0, 0, 0, 0, 0, 0, 40, 4, 0, 4, 3, 0, 1, 1, 5, 0, 0, 0, 3, 4, 0, 2, 0, 4, 0, 2, 4, 1, 0, 4, 4, 0, 4, 0, 1, 1, 5, 2, 43, 0, 44, 0, 42, 0, 0, 3, 0, 1, 0, 5, 2, 0, 2, 41, 41, 1, 43, 1, 0, 43, 3, 0, 0, 0, 0, 0, 0, 0, 0, 0, 0, 0, 0, 0, 1, 0, 5, 1, 5, 0, 1, 1, 2, 3, 4, 2, 2, 1, 0, 5, 0, 0, 0, 0, 0, 4, 0, 0, 43, 0, 43, 0, 1, 5, 0, 41, 0, : 2, 2, 3, 2, 4, 3, 4, 5, 3, 3, 40, 4, 4, 3, 1, 1, 5, 3, 4, 2, 4, 2, 4, 1, 4, 4, 4, 1, 1, 5, 2, 43, 44, 42, 3, 1, 5, 2, 2, 41, 41, 1, 43, 1, 43, 3, 1, 5, 1, 5, 1, 1, 2, 3, 4, 2, 2, 1, 5, 4, 43, 43, 1, 5, 41, 


107: 3, 2, 5, 0, 4, 0, 1, 0, 0, 4, 0, 4, 0, 2, 0, 41, 0, 4, 1, 43, 4, 2, 41, 2, 0, 1, 0, 4, 0, 5, 3, 3, 4, 40, 0, 0, 0, 0, 0, 0, 1, 1, 0, 0, 0, 5, 0, 0, 1, 0, 0, 3, 3, 0, 1, 4, 3, 5, 4, 0, 1, 0, 0, 0, 2, 0, 0, 4, 44, 0, 0, 0, 2, 0, 3, 0, 3, 0, 5, 2, 5, 0, 2, 2, 1, 0, 0, 0, 0, 0, 0, 1, 4, 0, 0, 0, 4, 2, 3, 0, 0, 0, 0, 0, 0, 5, 2, 0, 1, 5, 0, 4, 2, 0, 0, 42, 0, 2, 1, 5, : 3, 2, 5, 4, 1, 4, 4, 2, 41, 4, 1, 43, 4, 2, 41, 2, 1, 4, 5, 3, 3, 4, 40, 1, 1, 5, 1, 3, 3, 1, 4, 3, 5, 4, 1, 2, 4, 44, 2, 3, 3, 5, 2, 5, 2, 2, 1, 1, 4, 4, 2, 3, 5, 2, 1, 5, 4, 2, 42, 2, 1, 5, 
3: 4, 0, 2, 0, 0, 3, 5, 0, 1, 1, 0, 0, 0, 2, 4, 1, 0, 1, 4, 0, 0, 2, 0, 1, 1, 0, 0, 5, 41, 3, 0, 3, 0, 41, 1, 0, 4, 0, 5, 5, 5, 3, 0, 3, 3, 0, 0, 0, 0, 0, 0, 0, 0, 1, 0, 0, 0, 0, 4, 0, 2, 0, 0, 43, 4, 1, 0, 1, 0, 0, 0, 1, 0, 0, 42, 3, 0, 0, 0, 5, 0, 5, 2, 4, 0, 4, 0, 2, 4, 0, 0, 2, 0, 5, 2, 0, 0, 5, 3, 4, 4, 0, 4, 4, 3, 0, 0, 0, 2, 3, 0, 0, 0, 1, 0, 0, 0, 3, 41, 5, : 4, 2, 3, 5, 1, 1, 2, 4, 1, 1, 4, 2, 1, 1, 5, 41, 3, 3, 41, 1, 4, 5, 5, 5, 3, 3, 3, 1, 4, 2, 43, 4, 1, 1, 1, 42, 3, 5, 5, 2, 4, 4, 2, 4, 2, 5, 2, 5, 3, 4, 4, 4, 4, 3, 2, 3, 1, 3, 41, 5, 
27: 0, 0, 0, 4, 1, 3, 3, 0, 0, 1, 0, 5, 3, 0, 2, 0, 0, 1, 5, 0, 0, 3, 0, 4, 1, 0, 4, 0, 0, 42, 3, 0, 2, 0, 4, 0, 0, 4, 44, 5, 5, 0, 0, 2, 3, 4, 3, 40, 5, 1, 2, 0, 0, 0, 2, 5, 2, 1, 5, 5, 4, 1, 3, 0, 4, 4, 4, 1, 2, 2, 0, 2, 0, 0, 0, 0, 2, 0, 4, 0, 4, 2, 5, 0, 0, 0, 0, 1, 0, 1, 4, 0, 5, 1, 0, 1, 1, 0, 0, 1, 3, 3, 0, 4, 0, 0, 1, 5, 0, 0, 0, 0, 2, 3, 0, 5, 0, 4, 5, 0, : 4, 1, 3, 3, 1, 5, 3, 2, 1, 5, 3, 4, 1, 4, 42, 3, 2, 4, 4, 44, 5, 5, 2, 3, 4, 3, 40, 5, 1, 2, 2, 5, 2, 1, 5, 5, 4, 1, 3, 4, 4, 4, 1, 2, 2, 2, 2, 4, 4, 2, 5, 1, 1, 4, 5, 1, 1, 1, 1, 3, 3, 4, 1, 5, 2, 3, 5, 4, 5, 
56: 5, 2, 0, 4, 0, 0, 0, 0, 5, 2, 5, 0, 0, 2, 0, 0, 0, 2, 4, 0, 0, 4, 0, 0, 3, 0, 0, 0, 0, 3, 4, 41, 0, 0, 0, 4, 3, 0, 2, 3, 1, 5, 1, 3, 0, 1, 4, 0, 41, 1, 42, 0, 0, 0, 0, 0, 2, 0, 0, 3, 0, 0, 3, 0, 3, 0, 0, 0, 0, 0, 4, 0, 0, 0, 1, 0, 4, 3, 4, 0, 4, 3, 5, 3, 0, 0, 0, 2, 2, 0, 4, 0, 0, 2, 4, 1, 5, 0, 0, 1, 4, 2, 4, 0, 5, 0, 3, 0, 0, 3, 0, 1, 0, 0, 0, 0, 0, 1, 0, 5, : 5, 2, 4, 5, 2, 5, 2, 2, 4, 4, 3, 3, 4, 41, 4, 3, 2, 3, 1, 5, 1, 3, 1, 4, 41, 1, 42, 2, 3, 3, 3, 4, 1, 4, 3, 4, 4, 3, 5, 3, 2, 2, 4, 2, 4, 1, 5, 1, 4, 2, 4, 5, 3, 3, 1, 1, 5, 
136: 2, 0, 0, 2, 0, 2, 0, 0, 4, 3, 5, 0, 0, 0, 1, 4, 0, 0, 1, 0, 5, 2, 0, 4, 5, 0, 0, 4, 0, 0, 2, 0, 2, 0, 0, 0, 0, 3, 0, 5, 0, 2, 0, 0, 4, 2, 0, 3, 0, 41, 4, 44, 0, 0, 42, 0, 4, 0, 3, 0, 0, 1, 0, 0, 0, 2, 41, 0, 0, 4, 5, 0, 43, 0, 0, 40, 4, 0, 3, 0, 0, 3, 0, 5, 0, 3, 0, 0, 5, 0, 5, 2, 4, 5, 0, 4, 0, 0, 2, 2, 0, 2, 2, 2, 5, 42, 0, 0, 1, 3, 4, 0, 42, 2, 1, 2, 0, 3, 0, 0, : 2, 2, 2, 4, 3, 5, 1, 4, 1, 5, 2, 4, 5, 4, 2, 2, 3, 5, 2, 4, 2, 3, 41, 4, 44, 42, 4, 3, 1, 2, 41, 4, 5, 43, 40, 4, 3, 3, 5, 3, 5, 5, 2, 4, 5, 4, 2, 2, 2, 2, 2, 5, 42, 1, 3, 4, 42, 2, 1, 2, 3, 
123: 0, 5, 0, 1, 5, 4, 0, 0, 5, 4, 1, 0, 0, 44, 5, 4, 0, 0, 1, 3, 4, 2, 0, 0, 0, 0, 0, 3, 0, 0, 44, 0, 0, 2, 44, 4, 0, 2, 0, 2, 4, 1, 1, 0, 0, 0, 0, 43, 3, 3, 1, 1, 0, 0, 1, 0, 0, 4, 5, 0, 2, 5, 5, 0, 5, 2, 0, 5, 0, 3, 3, 0, 4, 0, 5, 0, 0, 2, 0, 0, 0, 3, 3, 2, 3, 5, 44, 4, 3, 4, 2, 2, 0, 3, 2, 0, 5, 0, 3, 0, 4, 4, 0, 5, 0, 0, 2, 0, 0, 0, 3, 0, 0, 1, 2, 2, 0, 3, 0, 0, : 5, 1, 5, 4, 5, 4, 1, 44, 5, 4, 1, 3, 4, 2, 3, 44, 2, 44, 4, 2, 2, 4, 1, 1, 43, 3, 3, 1, 1, 1, 4, 5, 2, 5, 5, 5, 2, 5, 3, 3, 4, 5, 2, 3, 3, 2, 3, 5, 44, 4, 3, 4, 2, 2, 3, 2, 5, 3, 4, 4, 5, 2, 3, 1, 2, 2, 3, 
21: 4, 0, 2, 5, 0, 0, 1, 3, 0, 0, 5, 5, 0, 0, 2, 0, 42, 4, 0, 0, 2, 3, 1, 44, 4, 0, 3, 2, 2, 0, 0, 1, 0, 3, 2, 5, 3, 1, 4, 5, 1, 0, 0, 0, 5, 0, 0, 0, 0, 0, 3, 0, 0, 4, 0, 0, 2, 0, 0, 1, 0, 1, 0, 42, 2, 0, 0, 2, 0, 1, 2, 3, 0, 0, 0, 5, 0, 5, 1, 4, 2, 1, 3, 0, 0, 4, 0, 4, 2, 0, 2, 3, 0, 3, 0, 40, 0, 0, 4, 0, 0, 0, 3, 1, 5, 0, 0, 0, 1, 1, 0, 4, 0, 0, 4, 0, 0, 3, 4, 2, : 4, 2, 5, 1, 3, 5, 5, 2, 42, 4, 2, 3, 1, 44, 4, 3, 2, 2, 1, 3, 2, 5, 3, 1, 4, 5, 1, 5, 3, 4, 2, 1, 1, 42, 2, 2, 1, 2, 3, 5, 5, 1, 4, 2, 1, 3, 4, 4, 2, 2, 3, 3, 40, 4, 3, 1, 5, 1, 1, 4, 4, 3, 4, 2, 
142: 0, 43, 1, 2, 0, 3, 1, 4, 0, 0, 5, 0, 0, 0, 5, 0, 4, 2, 3, 0, 1, 3, 0, 2, 4, 2, 5, 0, 2, 0, 1, 2, 4, 4, 3, 0, 1, 0, 3, 4, 4, 0, 1, 3, 0, 41, 5, 0, 5, 5, 2, 1, 0, 0, 0, 0, 1, 2, 0, 0, 0, 2, 3, 0, 4, 4, 2, 4, 3, 3, 0, 0, 0, 0, 3, 0, 1, 2, 0, 0, 3, 1, 1, 0, 3, 41, 4, 0, 0, 0, 4, 44, 40, 44, 3, 0, 5, 0, 2, 0, 41, 0, 1, 2, 0, 5, 3, 2, 0, 1, 0, 0, 0, 2, 41, 0, 0, 4, 4, 5, : 43, 1, 2, 3, 1, 4, 5, 5, 4, 2, 3, 1, 3, 2, 4, 2, 5, 2, 1, 2, 4, 4, 3, 1, 3, 4, 4, 1, 3, 41, 5, 5, 5, 2, 1, 1, 2, 2, 3, 4, 4, 2, 4, 3, 3, 3, 1, 2, 3, 1, 1, 3, 41, 4, 4, 44, 40, 44, 3, 5, 2, 41, 1, 2, 5, 3, 2, 1, 2, 41, 4, 4, 5, 
147: 0, 0, 2, 1, 4, 4, 2, 0, 2, 0, 2, 0, 0, 0, 0, 5, 0, 0, 0, 4, 4, 2, 5, 0, 0, 40, 0, 44, 41, 5, 0, 5, 0, 0, 0, 0, 2, 0, 0, 5, 0, 0, 0, 4, 3, 2, 0, 0, 2, 0, 41, 43, 0, 1, 3, 0, 0, 5, 3, 4, 0, 0, 5, 2, 4, 1, 0, 0, 0, 0, 3, 0, 4, 0, 0, 2, 4, 3, 0, 0, 2, 4, 1, 2, 0, 0, 40, 1, 0, 0, 0, 0, 0, 1, 0, 0, 2, 0, 3, 0, 0, 5, 2, 2, 0, 0, 0, 0, 0, 0, 3, 0, 5, 0, 0, 0, 0, 1, 3, 4, : 2, 1, 4, 4, 2, 2, 2, 5, 4, 4, 2, 5, 40, 44, 41, 5, 5, 2, 5, 4, 3, 2, 2, 41, 43, 1, 3, 5, 3, 4, 5, 2, 4, 1, 3, 4, 2, 4, 3, 2, 4, 1, 2, 40, 1, 1, 2, 3, 5, 2, 2, 3, 5, 1, 3, 4, 
45: 0, 0, 2, 0, 0, 0, 0, 3, 2, 0, 5, 0, 0, 0, 0, 43, 0, 0, 5, 0, 0, 0, 0, 2, 1, 0, 0, 3, 4, 0, 3, 1, 0, 0, 0, 0, 0, 2, 5, 4, 5, 0, 1, 5, 0, 1, 0, 3, 2, 1, 0, 3, 4, 0, 3, 0, 0, 4, 0, 0, 2, 5, 4, 0, 2, 40, 2, 0, 5, 4, 0, 5, 3, 0, 0, 1, 1, 2, 5, 0, 0, 0, 2, 0, 0, 1, 0, 3, 0, 3, 0, 2, 0, 2, 0, 4, 0, 3, 1, 2, 0, 0, 3, 2, 1, 5, 5, 0, 0, 4, 0, 1, 3, 4, 0, 40, 0, 2, 0, 44, : 2, 3, 2, 5, 43, 5, 2, 1, 3, 4, 3, 1, 2, 5, 4, 5, 1, 5, 1, 3, 2, 1, 3, 4, 3, 4, 2, 5, 4, 2, 40, 2, 5, 4, 5, 3, 1, 1, 2, 5, 2, 1, 3, 3, 2, 2, 4, 3, 1, 2, 3, 2, 1, 5, 5, 4, 1, 3, 4, 40, 2, 44, 
109: 0, 0, 3, 0, 0, 0, 0, 1, 1, 0, 0, 1, 0, 5, 40, 0, 41, 4, 1, 3, 2, 5, 4, 0, 0, 0, 0, 0, 5, 5, 0, 0, 1, 2, 2, 0, 0, 0, 5, 4, 0, 0, 4, 1, 4, 2, 44, 0, 4, 4, 2, 0, 41, 0, 3, 0, 4, 0, 0, 42, 0, 1, 2, 5, 1, 40, 0, 0, 0, 0, 5, 4, 0, 0, 0, 4, 44, 2, 1, 0, 2, 2, 0, 3, 0, 1, 43, 1, 1, 1, 0, 0, 0, 0, 0, 3, 0, 3, 4, 0, 0, 0, 0, 4, 0, 0, 1, 0, 0, 5, 2, 0, 0, 3, 0, 0, 0, 0, 0, 0, : 3, 1, 1, 1, 5, 40, 41, 4, 1, 3, 2, 5, 4, 5, 5, 1, 2, 2, 5, 4, 4, 1, 4, 2, 44, 4, 4, 2, 41, 3, 4, 42, 1, 2, 5, 1, 40, 5, 4, 4, 44, 2, 1, 2, 2, 3, 1, 43, 1, 1, 1, 3, 3, 4, 4, 1, 5, 2, 3, 
76: 41, 0, 2, 5, 1, 0, 2, 0, 0, 0, 0, 0, 0, 5, 0, 0, 0, 0, 4, 0, 1, 0, 4, 5, 4, 0, 0, 2, 0, 0, 5, 0, 0, 0, 0, 0, 2, 0, 2, 0, 0, 0, 0, 0, 5, 1, 0, 0, 4, 0, 1, 0, 3, 43, 3, 2, 0, 0, 3, 0, 0, 0, 1, 0, 0, 0, 0, 5, 44, 0, 0, 0, 0, 5, 2, 0, 2, 5, 0, 0, 2, 0, 1, 5, 5, 0, 0, 0, 0, 5, 3, 42, 3, 0, 5, 0, 0, 2, 3, 0, 0, 0, 0, 5, 2, 0, 1, 0, 1, 5, 0, 0, 41, 43, 0, 4, 4, 3, 0, 0, : 41, 2, 5, 1, 2, 5, 4, 1, 4, 5, 4, 2, 5, 2, 2, 5, 1, 4, 1, 3, 43, 3, 2, 3, 1, 5, 44, 5, 2, 2, 5, 2, 1, 5, 5, 5, 3, 42, 3, 5, 2, 3, 5, 2, 1, 1, 5, 41, 43, 4, 4, 3, 
153: 3, 0, 3, 2, 0, 0, 0, 4, 2, 0, 0, 3, 0, 0, 0, 0, 4, 0, 2, 2, 0, 4, 2, 4, 4, 2, 2, 1, 0, 2, 3, 0, 1, 0, 3, 3, 0, 0, 0, 0, 1, 0, 41, 40, 3, 5, 4, 1, 0, 1, 4, 1, 1, 0, 2, 0, 5, 0, 1, 0, 43, 0, 4, 2, 4, 0, 44, 0, 4, 5, 5, 0, 41, 0, 42, 0, 2, 0, 0, 0, 0, 0, 2, 4, 0, 0, 0, 3, 3, 5, 2, 2, 0, 1, 3, 0, 0, 42, 3, 0, 1, 3, 2, 0, 43, 1, 5, 0, 5, 0, 0, 0, 4, 0, 3, 42, 0, 1, 1, 0, : 3, 3, 2, 4, 2, 3, 4, 2, 2, 4, 2, 4, 4, 2, 2, 1, 2, 3, 1, 3, 3, 1, 41, 40, 3, 5, 4, 1, 1, 4, 1, 1, 2, 5, 1, 43, 4, 2, 4, 44, 4, 5, 5, 41, 42, 2, 2, 4, 3, 3, 5, 2, 2, 1, 3, 42, 3, 1, 3, 2, 43, 1, 5, 5, 4, 3, 42, 1, 1, 
144: 0, 2, 0, 5, 0, 0, 0, 0, 0, 2, 2, 0, 0, 0, 42, 0, 2, 0, 4, 3, 0, 1, 40, 0, 2, 4, 4, 0, 4, 5, 0, 0, 1, 0, 2, 0, 0, 0, 2, 1, 0, 3, 5, 2, 0, 5, 0, 4, 3, 4, 0, 0, 3, 5, 0, 3, 4, 4, 5, 5, 0, 41, 5, 0, 0, 0, 0, 2, 0, 0, 0, 3, 3, 0, 2, 0, 4, 0, 3, 0, 0, 0, 0, 40, 40, 5, 0, 3, 4, 4, 5, 0, 0, 0, 0, 0, 0, 0, 2, 0, 0, 43, 0, 4, 0, 0, 2, 0, 0, 0, 0, 0, 0, 0, 0, 5, 42, 0, 0, 2, : 2, 5, 2, 2, 42, 2, 4, 3, 1, 40, 2, 4, 4, 4, 5, 1, 2, 2, 1, 3, 5, 2, 5, 4, 3, 4, 3, 5, 3, 4, 4, 5, 5, 41, 5, 2, 3, 3, 2, 4, 3, 40, 40, 5, 3, 4, 4, 5, 2, 43, 4, 2, 5, 42, 2, 
79: 2, 0, 42, 3, 0, 4, 1, 4, 0, 0, 2, 1, 0, 0, 5, 0, 43, 2, 0, 4, 5, 5, 2, 3, 3, 5, 0, 0, 1, 4, 5, 0, 0, 1, 3, 0, 0, 0, 2, 1, 0, 3, 5, 1, 2, 2, 0, 0, 41, 41, 0, 2, 0, 0, 3, 4, 3, 4, 2, 1, 1, 4, 0, 0, 0, 3, 0, 0, 4, 3, 0, 0, 2, 0, 0, 43, 43, 3, 3, 0, 0, 0, 5, 42, 2, 0, 2, 4, 1, 1, 0, 0, 5, 5, 1, 0, 0, 1, 0, 2, 4, 3, 1, 1, 0, 1, 3, 0, 5, 0, 3, 4, 0, 40, 0, 5, 41, 1, 0, 3, : 2, 42, 3, 4, 1, 4, 2, 1, 5, 43, 2, 4, 5, 5, 2, 3, 3, 5, 1, 4, 5, 1, 3, 2, 1, 3, 5, 1, 2, 2, 41, 41, 2, 3, 4, 3, 4, 2, 1, 1, 4, 3, 4, 3, 2, 43, 43, 3, 3, 5, 42, 2, 2, 4, 1, 1, 5, 5, 1, 1, 2, 4, 3, 1, 1, 1, 3, 5, 3, 4, 40, 5, 41, 1, 3, 
24: 40, 2, 3, 5, 4, 0, 3, 4, 44, 0, 5, 3, 0, 0, 1, 3, 0, 0, 40, 5, 41, 1, 0, 0, 5, 0, 2, 4, 3, 1, 4, 0, 4, 0, 4, 0, 0, 0, 4, 3, 1, 0, 0, 0, 0, 0, 5, 0, 0, 2, 0, 2, 0, 0, 2, 4, 0, 2, 0, 0, 5, 0, 0, 3, 4, 0, 0, 0, 4, 0, 0, 0, 0, 0, 4, 0, 3, 4, 0, 0, 0, 5, 1, 0, 5, 2, 43, 1, 2, 0, 1, 5, 0, 5, 4, 0, 0, 0, 4, 0, 3, 3, 0, 0, 0, 0, 0, 1, 1, 0, 0, 0, 1, 1, 2, 0, 0, 5, 41, 0, : 40, 2, 3, 5, 4, 3, 4, 44, 5, 3, 1, 3, 40, 5, 41, 1, 5, 2, 4, 3, 1, 4, 4, 4, 4, 3, 1, 5, 2, 2, 2, 4, 2, 5, 3, 4, 4, 4, 3, 4, 5, 1, 5, 2, 43, 1, 2, 1, 5, 5, 4, 4, 3, 3, 1, 1, 1, 1, 2, 5, 41, 
10: 0, 0, 2, 2, 2, 1, 5, 0, 42, 3, 3, 0, 0, 0, 0, 0, 0, 0, 0, 0, 0, 4, 2, 4, 0, 0, 0, 5, 1, 5, 1, 0, 4, 0, 0, 0, 0, 0, 5, 0, 2, 0, 3, 0, 4, 0, 0, 0, 0, 3, 0, 0, 43, 1, 0, 0, 40, 40, 4, 5, 0, 0, 0, 0, 3, 0, 0, 2, 0, 2, 42, 2, 43, 0, 0, 0, 2, 1, 0, 0, 1, 3, 0, 5, 44, 3, 0, 3, 3, 0, 40, 3, 2, 4, 0, 1, 0, 0, 0, 0, 5, 40, 1, 4, 3, 0, 2, 0, 5, 44, 0, 3, 0, 3, 0, 5, 0, 1, 0, 4, : 2, 2, 2, 1, 5, 42, 3, 3, 4, 2, 4, 5, 1, 5, 1, 4, 5, 2, 3, 4, 3, 43, 1, 40, 40, 4, 5, 3, 2, 2, 42, 2, 43, 2, 1, 1, 3, 5, 44, 3, 3, 3, 40, 3, 2, 4, 1, 5, 40, 1, 4, 3, 2, 5, 44, 3, 3, 5, 1, 4, 
32: 2, 3, 1, 1, 3, 0, 0, 0, 0, 4, 0, 0, 5, 2, 0, 0, 0, 0, 5, 0, 0, 5, 2, 2, 5, 0, 0, 2, 5, 0, 5, 2, 0, 3, 0, 43, 0, 42, 3, 42, 41, 0, 0, 5, 5, 4, 1, 40, 3, 1, 0, 4, 5, 0, 3, 0, 0, 0, 0, 0, 1, 2, 41, 0, 3, 0, 42, 0, 0, 0, 1, 0, 0, 44, 2, 0, 0, 5, 4, 0, 0, 42, 4, 0, 1, 3, 3, 1, 0, 0, 3, 3, 2, 0, 0, 2, 0, 0, 1, 0, 3, 0, 5, 1, 0, 3, 5, 0, 41, 4, 0, 0, 0, 0, 0, 5, 0, 1, 0, 1, : 2, 3, 1, 1, 3, 4, 5, 2, 5, 5, 2, 2, 5, 2, 5, 5, 2, 3, 43, 42, 3, 42, 41, 5, 5, 4, 1, 40, 3, 1, 4, 5, 3, 1, 2, 41, 3, 42, 1, 44, 2, 5, 4, 42, 4, 1, 3, 3, 1, 3, 3, 2, 2, 1, 3, 5, 1, 3, 5, 41, 4, 5, 1, 1, 
116: 4, 5, 4, 3, 2, 0, 5, 2, 3, 3, 4, 3, 0, 0, 0, 2, 0, 0, 3, 3, 2, 5, 1, 4, 0, 4, 3, 0, 0, 4, 1, 0, 5, 0, 4, 0, 5, 5, 0, 5, 1, 0, 2, 3, 5, 0, 0, 0, 0, 3, 41, 3, 0, 44, 5, 0, 4, 0, 0, 1, 0, 0, 0, 3, 0, 4, 0, 1, 0, 44, 44, 0, 1, 0, 2, 0, 1, 5, 4, 44, 5, 42, 4, 43, 0, 0, 0, 1, 0, 0, 1, 0, 1, 4, 2, 0, 40, 0, 0, 3, 1, 0, 1, 2, 0, 41, 4, 0, 0, 0, 0, 0, 0, 0, 0, 0, 0, 1, 5, 3, : 4, 5, 4, 3, 2, 5, 2, 3, 3, 4, 3, 2, 3, 3, 2, 5, 1, 4, 4, 3, 4, 1, 5, 4, 5, 5, 5, 1, 2, 3, 5, 3, 41, 3, 44, 5, 4, 1, 3, 4, 1, 44, 44, 1, 2, 1, 5, 4, 44, 5, 42, 4, 43, 1, 1, 1, 4, 2, 40, 3, 1, 1, 2, 41, 4, 1, 5, 3, 
98: 0, 2, 3, 5, 42, 0, 0, 0, 42, 3, 5, 1, 0, 40, 0, 2, 0, 2, 0, 0, 0, 41, 3, 3, 5, 0, 0, 4, 0, 0, 1, 3, 3, 2, 0, 0, 2, 5, 0, 4, 0, 0, 0, 0, 5, 0, 0, 4, 5, 3, 3, 1, 4, 1, 2, 42, 41, 1, 0, 2, 5, 2, 3, 0, 1, 0, 5, 0, 0, 0, 0, 0, 0, 0, 0, 0, 4, 5, 0, 0, 0, 0, 43, 1, 5, 1, 1, 3, 0, 0, 0, 3, 0, 1, 0, 4, 4, 4, 1, 5, 1, 0, 2, 0, 0, 1, 0, 3, 1, 0, 0, 3, 0, 4, 0, 3, 2, 43, 0, 0, : 2, 3, 5, 42, 42, 3, 5, 1, 40, 2, 2, 41, 3, 3, 5, 4, 1, 3, 3, 2, 2, 5, 4, 5, 4, 5, 3, 3, 1, 4, 1, 2, 42, 41, 1, 2, 5, 2, 3, 1, 5, 4, 5, 43, 1, 5, 1, 1, 3, 3, 1, 4, 4, 4, 1, 5, 1, 2, 1, 3, 1, 3, 4, 3, 2, 43, 
149: 42, 4, 0, 5, 2, 0, 5, 0, 2, 1, 5, 4, 0, 0, 3, 0, 0, 43, 0, 0, 5, 2, 3, 1, 0, 43, 0, 1, 3, 0, 3, 43, 0, 1, 0, 0, 5, 0, 5, 3, 5, 0, 0, 4, 4, 3, 0, 5, 5, 5, 1, 0, 0, 0, 0, 2, 0, 1, 4, 3, 3, 0, 0, 2, 4, 0, 5, 0, 2, 0, 1, 0, 0, 0, 2, 0, 3, 4, 1, 0, 0, 2, 4, 4, 0, 3, 0, 2, 0, 3, 2, 0, 0, 2, 5, 0, 0, 4, 0, 5, 3, 2, 3, 3, 0, 1, 1, 0, 0, 3, 4, 3, 4, 4, 0, 3, 5, 0, 0, 2, : 42, 4, 5, 2, 5, 2, 1, 5, 4, 3, 43, 5, 2, 3, 1, 43, 1, 3, 3, 43, 1, 5, 5, 3, 5, 4, 4, 3, 5, 5, 5, 1, 2, 1, 4, 3, 3, 2, 4, 5, 2, 1, 2, 3, 4, 1, 2, 4, 4, 3, 2, 3, 2, 2, 5, 4, 5, 3, 2, 3, 3, 1, 1, 3, 4, 3, 4, 4, 3, 5, 2, 
85: 5, 4, 41, 3, 4, 5, 41, 3, 0, 0, 0, 2, 3, 1, 0, 0, 0, 5, 0, 0, 5, 4, 2, 0, 0, 0, 0, 0, 0, 1, 3, 0, 44, 0, 0, 0, 3, 0, 4, 5, 0, 0, 2, 4, 4, 0, 0, 4, 1, 4, 2, 0, 1, 3, 0, 3, 0, 1, 0, 0, 4, 4, 42, 0, 2, 0, 0, 0, 0, 41, 5, 4, 1, 3, 0, 0, 2, 2, 1, 0, 41, 3, 0, 0, 40, 0, 0, 40, 0, 0, 5, 5, 0, 4, 0, 2, 1, 5, 0, 2, 5, 5, 0, 40, 1, 0, 2, 0, 0, 0, 2, 3, 0, 5, 0, 0, 0, 2, 0, 1, : 5, 4, 41, 3, 4, 5, 41, 3, 2, 3, 1, 5, 5, 4, 2, 1, 3, 44, 3, 4, 5, 2, 4, 4, 4, 1, 4, 2, 1, 3, 3, 1, 4, 4, 42, 2, 41, 5, 4, 1, 3, 2, 2, 1, 41, 3, 40, 40, 5, 5, 4, 2, 1, 5, 2, 5, 5, 40, 1, 2, 2, 3, 5, 2, 1, 
57: 3, 1, 4, 0, 2, 0, 5, 0, 1, 3, 2, 0, 5, 4, 0, 3, 0, 5, 0, 0, 0, 1, 3, 5, 0, 0, 0, 3, 3, 2, 1, 1, 3, 5, 5, 0, 5, 4, 0, 5, 5, 3, 0, 0, 2, 0, 0, 3, 1, 5, 0, 3, 0, 1, 3, 4, 0, 5, 0, 0, 0, 0, 0, 3, 2, 2, 0, 0, 0, 0, 0, 4, 1, 0, 41, 0, 0, 1, 42, 0, 0, 0, 3, 0, 1, 0, 3, 0, 4, 42, 3, 0, 0, 0, 3, 3, 40, 43, 5, 41, 2, 2, 0, 2, 0, 5, 3, 2, 0, 0, 2, 1, 5, 0, 0, 0, 0, 3, 4, 0, : 3, 1, 4, 2, 5, 1, 3, 2, 5, 4, 3, 5, 1, 3, 5, 3, 3, 2, 1, 1, 3, 5, 5, 5, 4, 5, 5, 3, 2, 3, 1, 5, 3, 1, 3, 4, 5, 3, 2, 2, 4, 1, 41, 1, 42, 3, 1, 3, 4, 42, 3, 3, 3, 40, 43, 5, 41, 2, 2, 2, 5, 3, 2, 2, 1, 5, 3, 4, 
11: 5, 0, 0, 3, 5, 4, 0, 5, 2, 40, 4, 3, 41, 0, 1, 2, 0, 0, 3, 0, 5, 0, 3, 0, 44, 0, 3, 2, 0, 2, 0, 0, 5, 0, 0, 0, 4, 0, 0, 2, 2, 0, 3, 2, 0, 0, 0, 0, 1, 0, 1, 3, 42, 0, 0, 2, 1, 0, 5, 0, 2, 1, 0, 2, 2, 0, 4, 1, 3, 0, 0, 3, 4, 0, 3, 44, 1, 3, 5, 0, 0, 1, 0, 0, 4, 0, 2, 3, 0, 3, 0, 5, 0, 2, 0, 2, 2, 4, 4, 0, 5, 0, 4, 4, 0, 0, 0, 40, 0, 0, 5, 0, 3, 0, 0, 4, 3, 1, 0, 0, : 5, 3, 5, 4, 5, 2, 40, 4, 3, 41, 1, 2, 3, 5, 3, 44, 3, 2, 2, 5, 4, 2, 2, 3, 2, 1, 1, 3, 42, 2, 1, 5, 2, 1, 2, 2, 4, 1, 3, 3, 4, 3, 44, 1, 3, 5, 1, 4, 2, 3, 3, 5, 2, 2, 2, 4, 4, 5, 4, 4, 40, 5, 3, 4, 3, 1, 
92: 5, 0, 4, 5, 0, 0, 4, 4, 5, 0, 2, 3, 1, 0, 3, 0, 0, 0, 3, 4, 1, 3, 2, 2, 1, 0, 0, 0, 5, 0, 0, 5, 0, 0, 0, 1, 5, 0, 1, 5, 2, 1, 0, 4, 0, 2, 3, 0, 0, 5, 0, 44, 0, 0, 3, 40, 0, 0, 2, 0, 4, 3, 0, 0, 5, 5, 0, 3, 4, 0, 0, 44, 0, 0, 0, 0, 1, 1, 0, 0, 0, 3, 1, 3, 4, 0, 0, 0, 3, 0, 5, 4, 0, 0, 4, 1, 40, 3, 3, 1, 43, 0, 0, 1, 2, 1, 1, 0, 4, 0, 0, 0, 0, 2, 0, 0, 0, 1, 2, 5, : 5, 4, 5, 4, 4, 5, 2, 3, 1, 3, 3, 4, 1, 3, 2, 2, 1, 5, 5, 1, 5, 1, 5, 2, 1, 4, 2, 3, 5, 44, 3, 40, 2, 4, 3, 5, 5, 3, 4, 44, 1, 1, 3, 1, 3, 4, 3, 5, 4, 4, 1, 40, 3, 3, 1, 43, 1, 2, 1, 1, 4, 2, 1, 2, 5, 
95: 5, 3, 0, 5, 0, 0, 0, 1, 5, 5, 2, 0, 0, 0, 5, 0, 0, 0, 3, 2, 2, 0, 0, 4, 0, 0, 0, 0, 1, 42, 5, 0, 4, 3, 0, 0, 0, 2, 2, 1, 2, 5, 2, 2, 0, 5, 1, 3, 2, 4, 1, 0, 0, 0, 0, 5, 42, 3, 0, 5, 0, 0, 3, 0, 4, 0, 4, 0, 0, 4, 4, 2, 40, 0, 5, 0, 5, 0, 3, 0, 0, 4, 1, 0, 0, 0, 2, 0, 3, 3, 2, 0, 2, 1, 2, 3, 0, 0, 0, 0, 0, 1, 0, 0, 4, 1, 5, 0, 0, 4, 4, 0, 0, 4, 2, 3, 0, 4, 0, 0, : 5, 3, 5, 1, 5, 5, 2, 5, 3, 2, 2, 4, 1, 42, 5, 4, 3, 2, 2, 1, 2, 5, 2, 2, 5, 1, 3, 2, 4, 1, 5, 42, 3, 5, 3, 4, 4, 4, 4, 2, 40, 5, 5, 3, 4, 1, 2, 3, 3, 2, 2, 1, 2, 3, 1, 4, 1, 5, 4, 4, 4, 2, 3, 4, 
7: 2, 0, 5, 44, 1, 0, 5, 40, 0, 4, 44, 44, 44, 4, 0, 1, 4, 43, 0, 5, 0, 0, 1, 40, 2, 4, 5, 0, 4, 0, 4, 3, 5, 0, 0, 0, 1, 4, 1, 5, 2, 0, 3, 2, 2, 0, 0, 4, 2, 2, 0, 4, 0, 0, 0, 0, 0, 0, 4, 0, 0, 0, 0, 1, 3, 0, 0, 0, 0, 3, 0, 41, 1, 0, 5, 1, 0, 0, 0, 0, 3, 1, 4, 0, 0, 1, 2, 44, 0, 5, 1, 2, 3, 4, 1, 0, 1, 0, 4, 3, 0, 0, 5, 5, 2, 4, 5, 0, 2, 1, 0, 2, 0, 3, 2, 4, 0, 3, 5, 0, : 2, 5, 44, 1, 5, 40, 4, 44, 44, 44, 4, 1, 4, 43, 5, 1, 40, 2, 4, 5, 4, 4, 3, 5, 1, 4, 1, 5, 2, 3, 2, 2, 4, 2, 2, 4, 4, 1, 3, 3, 41, 1, 5, 1, 3, 1, 4, 1, 2, 44, 5, 1, 2, 3, 4, 1, 1, 4, 3, 5, 5, 2, 4, 5, 2, 1, 2, 3, 2, 4, 3, 5, 
18: 0, 0, 2, 3, 0, 44, 1, 43, 0, 0, 1, 0, 0, 0, 0, 4, 5, 0, 0, 0, 2, 0, 0, 0, 5, 0, 2, 3, 0, 0, 2, 0, 0, 0, 0, 5, 0, 0, 0, 4, 40, 0, 0, 4, 1, 2, 0, 0, 0, 2, 3, 0, 2, 5, 0, 0, 0, 0, 1, 0, 0, 5, 0, 40, 2, 0, 0, 41, 0, 4, 0, 1, 0, 0, 0, 41, 4, 3, 44, 0, 41, 0, 1, 0, 0, 3, 43, 0, 0, 4, 0, 2, 0, 44, 3, 4, 0, 0, 41, 5, 1, 5, 3, 2, 0, 42, 2, 0, 0, 4, 0, 0, 41, 3, 0, 0, 4, 0, 2, 0, : 2, 3, 44, 1, 43, 1, 4, 5, 2, 5, 2, 3, 2, 5, 4, 40, 4, 1, 2, 2, 3, 2, 5, 1, 5, 40, 2, 41, 4, 1, 41, 4, 3, 44, 41, 1, 3, 43, 4, 2, 44, 3, 4, 41, 5, 1, 5, 3, 2, 42, 2, 4, 41, 3, 4, 2, 
139: 0, 4, 0, 0, 0, 2, 0, 2, 5, 5, 5, 44, 0, 1, 1, 2, 1, 5, 3, 4, 0, 4, 2, 0, 5, 0, 0, 5, 4, 0, 5, 4, 3, 0, 0, 0, 5, 0, 40, 4, 0, 0, 5, 4, 2, 0, 3, 0, 0, 0, 0, 1, 2, 0, 40, 44, 4, 0, 4, 0, 0, 5, 4, 0, 5, 0, 1, 3, 1, 0, 0, 2, 0, 0, 0, 0, 2, 1, 4, 0, 3, 0, 1, 0, 1, 5, 0, 0, 0, 0, 0, 0, 41, 0, 5, 0, 0, 3, 0, 4, 0, 0, 3, 4, 44, 2, 5, 0, 0, 3, 1, 2, 0, 1, 5, 3, 0, 5, 3, 0, : 4, 2, 2, 5, 5, 5, 44, 1, 1, 2, 1, 5, 3, 4, 4, 2, 5, 5, 4, 5, 4, 3, 5, 40, 4, 5, 4, 2, 3, 1, 2, 40, 44, 4, 4, 5, 4, 5, 1, 3, 1, 2, 2, 1, 4, 3, 1, 1, 5, 41, 5, 3, 4, 3, 4, 44, 2, 5, 3, 1, 2, 1, 5, 3, 5, 3, 
74: 4, 0, 1, 5, 41, 0, 3, 0, 0, 0, 0, 2, 0, 0, 4, 3, 3, 0, 0, 4, 40, 2, 3, 0, 0, 0, 4, 2, 0, 3, 2, 4, 4, 0, 40, 0, 3, 5, 0, 0, 4, 0, 5, 2, 4, 0, 0, 0, 4, 0, 1, 1, 0, 0, 1, 0, 2, 0, 0, 0, 2, 0, 2, 0, 4, 0, 0, 0, 3, 0, 0, 40, 0, 0, 0, 0, 0, 0, 2, 0, 3, 0, 44, 5, 0, 0, 0, 0, 0, 1, 4, 0, 2, 3, 5, 0, 0, 0, 4, 43, 3, 0, 0, 3, 0, 0, 0, 0, 0, 0, 4, 3, 4, 0, 5, 0, 4, 4, 0, 42, : 4, 1, 5, 41, 3, 2, 4, 3, 3, 4, 40, 2, 3, 4, 2, 3, 2, 4, 4, 40, 3, 5, 4, 5, 2, 4, 4, 1, 1, 1, 2, 2, 2, 4, 3, 40, 2, 3, 44, 5, 1, 4, 2, 3, 5, 4, 43, 3, 3, 4, 3, 4, 5, 4, 4, 42, 
5: 2, 4, 0, 3, 0, 0, 1, 43, 5, 0, 5, 0, 41, 0, 1, 0, 4, 40, 0, 0, 4, 0, 1, 1, 0, 3, 0, 0, 3, 4, 0, 4, 40, 4, 0, 0, 0, 0, 1, 2, 5, 2, 0, 0, 5, 0, 43, 0, 1, 0, 2, 41, 0, 0, 1, 0, 0, 5, 0, 1, 0, 3, 0, 0, 0, 0, 1, 1, 2, 4, 0, 3, 1, 0, 0, 0, 4, 2, 0, 42, 0, 43, 3, 5, 3, 0, 0, 43, 5, 2, 4, 0, 0, 1, 0, 0, 4, 2, 1, 0, 4, 5, 41, 4, 3, 0, 40, 0, 0, 4, 1, 3, 0, 0, 0, 0, 0, 41, 0, 0, : 2, 4, 3, 1, 43, 5, 5, 41, 1, 4, 40, 4, 1, 1, 3, 3, 4, 4, 40, 4, 1, 2, 5, 2, 5, 43, 1, 2, 41, 1, 5, 1, 3, 1, 1, 2, 4, 3, 1, 4, 2, 42, 43, 3, 5, 3, 43, 5, 2, 4, 1, 4, 2, 1, 4, 5, 41, 4, 3, 40, 4, 1, 3, 41, 
124: 4, 0, 1, 5, 0, 0, 3, 0, 2, 0, 0, 2, 0, 0, 0, 0, 1, 2, 1, 0, 0, 1, 1, 2, 2, 0, 3, 0, 0, 0, 1, 0, 5, 3, 5, 0, 44, 0, 3, 3, 0, 0, 0, 0, 5, 0, 0, 0, 1, 0, 3, 1, 4, 3, 5, 0, 0, 0, 0, 3, 0, 4, 1, 3, 1, 41, 0, 0, 0, 0, 0, 0, 0, 5, 3, 0, 2, 5, 0, 1, 0, 1, 3, 0, 0, 0, 0, 0, 2, 1, 1, 1, 2, 0, 0, 0, 2, 0, 40, 0, 0, 0, 4, 0, 2, 1, 0, 0, 0, 0, 0, 0, 0, 0, 0, 5, 0, 5, 0, 1, : 4, 1, 5, 3, 2, 2, 1, 2, 1, 1, 1, 2, 2, 3, 1, 5, 3, 5, 44, 3, 3, 5, 1, 3, 1, 4, 3, 5, 3, 4, 1, 3, 1, 41, 5, 3, 2, 5, 1, 1, 3, 2, 1, 1, 1, 2, 2, 40, 4, 2, 1, 5, 5, 1, 
105: 0, 0, 0, 0, 0, 3, 0, 5, 2, 40, 0, 0, 0, 0, 3, 0, 3, 4, 2, 4, 40, 0, 0, 0, 0, 0, 44, 5, 44, 0, 2, 4, 0, 43, 3, 0, 0, 0, 3, 0, 0, 5, 3, 1, 4, 0, 0, 4, 1, 5, 0, 0, 4, 0, 0, 0, 0, 2, 5, 0, 42, 0, 0, 5, 2, 0, 0, 44, 0, 0, 2, 1, 4, 0, 0, 0, 0, 0, 0, 5, 0, 0, 2, 2, 0, 0, 0, 0, 0, 0, 0, 2, 2, 0, 2, 0, 0, 0, 4, 1, 2, 0, 2, 4, 2, 0, 2, 2, 1, 0, 0, 0, 0, 0, 4, 0, 3, 1, 0, 0, : 3, 5, 2, 40, 3, 3, 4, 2, 4, 40, 44, 5, 44, 2, 4, 43, 3, 3, 5, 3, 1, 4, 4, 1, 5, 4, 2, 5, 42, 5, 2, 44, 2, 1, 4, 5, 2, 2, 2, 2, 2, 4, 1, 2, 2, 4, 2, 2, 2, 1, 4, 3, 1, 
159: 5, 0, 5, 4, 4, 5, 0, 0, 2, 3, 0, 0, 0, 0, 1, 0, 0, 2, 3, 0, 0, 3, 1, 3, 0, 4, 0, 2, 0, 0, 3, 0, 0, 3, 0, 40, 2, 5, 0, 4, 0, 5, 4, 0, 41, 0, 3, 0, 5, 0, 1, 4, 0, 5, 4, 4, 0, 3, 0, 0, 5, 40, 5, 0, 4, 0, 0, 41, 2, 5, 0, 2, 5, 0, 1, 3, 0, 0, 3, 3, 0, 4, 2, 2, 0, 0, 0, 1, 3, 0, 1, 0, 44, 0, 0, 4, 2, 0, 3, 0, 1, 5, 5, 1, 3, 4, 1, 0, 3, 0, 0, 1, 0, 5, 0, 3, 0, 3, 0, 0, : 5, 5, 4, 4, 5, 2, 3, 1, 2, 3, 3, 1, 3, 4, 2, 3, 3, 40, 2, 5, 4, 5, 4, 41, 3, 5, 1, 4, 5, 4, 4, 3, 5, 40, 5, 4, 41, 2, 5, 2, 5, 1, 3, 3, 3, 4, 2, 2, 1, 3, 1, 44, 4, 2, 3, 1, 5, 5, 1, 3, 4, 1, 3, 1, 5, 3, 3, 
133: 2, 4, 0, 3, 43, 0, 1, 0, 0, 0, 0, 1, 0, 4, 0, 4, 1, 0, 0, 4, 0, 5, 4, 4, 5, 1, 5, 5, 1, 4, 1, 3, 2, 0, 0, 0, 4, 0, 1, 0, 44, 1, 0, 0, 2, 1, 0, 5, 0, 0, 1, 3, 0, 5, 2, 3, 2, 0, 4, 1, 0, 1, 1, 0, 3, 1, 1, 0, 4, 0, 0, 0, 0, 1, 0, 2, 4, 0, 1, 0, 4, 0, 2, 0, 0, 0, 0, 0, 2, 0, 0, 4, 0, 1, 4, 0, 1, 0, 1, 5, 0, 0, 0, 2, 4, 2, 4, 4, 41, 0, 42, 4, 0, 0, 0, 5, 0, 1, 0, 3, : 2, 4, 3, 43, 1, 1, 4, 4, 1, 4, 5, 4, 4, 5, 1, 5, 5, 1, 4, 1, 3, 2, 4, 1, 44, 1, 2, 1, 5, 1, 3, 5, 2, 3, 2, 4, 1, 1, 1, 3, 1, 1, 4, 1, 2, 4, 1, 4, 2, 2, 4, 1, 4, 1, 1, 5, 2, 4, 2, 4, 4, 41, 42, 4, 5, 1, 3, 
155: 1, 1, 42, 1, 0, 1, 0, 0, 0, 0, 0, 0, 0, 0, 0, 0, 1, 1, 4, 2, 5, 5, 1, 0, 0, 41, 0, 1, 0, 0, 5, 0, 0, 42, 3, 0, 0, 2, 5, 1, 3, 44, 0, 3, 0, 0, 0, 0, 1, 2, 3, 1, 42, 0, 0, 1, 0, 1, 0, 2, 4, 5, 1, 4, 0, 3, 2, 0, 1, 1, 42, 2, 2, 0, 0, 0, 5, 2, 4, 0, 4, 2, 0, 0, 2, 3, 0, 5, 3, 0, 0, 3, 4, 4, 0, 0, 0, 0, 5, 3, 0, 5, 0, 5, 0, 0, 0, 1, 42, 3, 0, 1, 5, 44, 0, 4, 2, 5, 1, 44, : 1, 1, 42, 1, 1, 1, 1, 4, 2, 5, 5, 1, 41, 1, 5, 42, 3, 2, 5, 1, 3, 44, 3, 1, 2, 3, 1, 42, 1, 1, 2, 4, 5, 1, 4, 3, 2, 1, 1, 42, 2, 2, 5, 2, 4, 4, 2, 2, 3, 5, 3, 3, 4, 4, 5, 3, 5, 5, 1, 42, 3, 1, 5, 44, 4, 2, 5, 1, 44, 
48: 4, 0, 4, 2, 3, 0, 4, 3, 0, 1, 0, 43, 0, 0, 40, 4, 5, 0, 2, 0, 0, 42, 0, 0, 5, 42, 0, 2, 0, 1, 4, 0, 2, 5, 3, 0, 3, 0, 0, 2, 0, 0, 0, 1, 2, 0, 0, 0, 5, 5, 1, 3, 0, 1, 0, 1, 1, 0, 0, 0, 0, 4, 0, 43, 1, 42, 0, 0, 0, 43, 1, 0, 1, 5, 0, 0, 1, 0, 0, 2, 0, 2, 42, 0, 0, 0, 0, 2, 2, 0, 5, 2, 0, 4, 4, 0, 3, 0, 2, 4, 4, 0, 4, 3, 2, 0, 0, 0, 0, 2, 0, 0, 0, 4, 0, 0, 2, 0, 3, 1, : 4, 4, 2, 3, 4, 3, 1, 43, 40, 4, 5, 2, 42, 5, 42, 2, 1, 4, 2, 5, 3, 3, 2, 1, 2, 5, 5, 1, 3, 1, 1, 1, 4, 43, 1, 42, 43, 1, 1, 5, 1, 2, 2, 42, 2, 2, 5, 2, 4, 4, 3, 2, 4, 4, 4, 3, 2, 2, 4, 2, 3, 1, 
111: 5, 0, 2, 4, 0, 0, 1, 2, 0, 0, 3, 0, 0, 0, 0, 0, 2, 3, 0, 0, 5, 1, 42, 0, 0, 0, 0, 4, 0, 0, 0, 0, 2, 0, 41, 4, 2, 4, 44, 3, 0, 3, 3, 0, 1, 4, 0, 5, 2, 0, 0, 0, 0, 2, 0, 43, 0, 0, 3, 0, 2, 0, 0, 1, 0, 5, 0, 0, 2, 1, 0, 4, 0, 3, 5, 2, 2, 4, 0, 1, 0, 5, 0, 1, 0, 3, 2, 2, 0, 43, 1, 3, 0, 0, 1, 41, 0, 40, 0, 0, 0, 44, 2, 2, 0, 0, 3, 1, 0, 1, 0, 43, 0, 0, 1, 3, 0, 5, 0, 3, : 5, 2, 4, 1, 2, 3, 2, 3, 5, 1, 42, 4, 2, 41, 4, 2, 4, 44, 3, 3, 3, 1, 4, 5, 2, 2, 43, 3, 2, 1, 5, 2, 1, 4, 3, 5, 2, 2, 4, 1, 5, 1, 3, 2, 2, 43, 1, 3, 1, 41, 40, 44, 2, 2, 3, 1, 1, 43, 1, 3, 5, 3, 
84: 4, 3, 0, 42, 0, 2, 0, 0, 0, 1, 0, 0, 0, 5, 5, 4, 0, 0, 2, 44, 0, 2, 0, 0, 1, 0, 42, 3, 0, 44, 5, 0, 0, 0, 5, 5, 5, 0, 0, 0, 5, 0, 0, 40, 1, 1, 0, 1, 0, 0, 3, 0, 4, 0, 0, 0, 5, 0, 1, 0, 4, 0, 5, 1, 4, 0, 0, 0, 0, 2, 0, 3, 0, 0, 5, 0, 0, 4, 0, 0, 4, 2, 2, 0, 0, 1, 0, 0, 0, 0, 0, 0, 5, 3, 2, 0, 0, 0, 4, 0, 0, 0, 1, 3, 3, 4, 1, 5, 0, 2, 0, 42, 40, 0, 5, 5, 0, 4, 0, 0, : 4, 3, 42, 2, 1, 5, 5, 4, 2, 44, 2, 1, 42, 3, 44, 5, 5, 5, 5, 5, 40, 1, 1, 1, 3, 4, 5, 1, 4, 5, 1, 4, 2, 3, 5, 4, 4, 2, 2, 1, 5, 3, 2, 4, 1, 3, 3, 4, 1, 5, 2, 42, 40, 5, 5, 4, 
157: 3, 1, 0, 0, 4, 0, 0, 1, 4, 0, 4, 0, 5, 0, 0, 4, 0, 0, 0, 5, 2, 3, 1, 0, 41, 0, 3, 0, 3, 0, 0, 0, 0, 0, 1, 41, 0, 1, 5, 0, 5, 3, 0, 1, 5, 41, 0, 0, 1, 0, 0, 0, 0, 1, 3, 0, 0, 0, 0, 2, 0, 4, 0, 0, 4, 1, 1, 5, 41, 0, 5, 0, 0, 0, 40, 0, 0, 5, 4, 0, 0, 1, 4, 0, 42, 0, 41, 3, 4, 0, 1, 0, 0, 0, 0, 5, 0, 0, 2, 3, 3, 0, 0, 0, 2, 0, 3, 0, 4, 2, 3, 1, 0, 0, 0, 1, 0, 3, 0, 40, : 3, 1, 4, 1, 4, 4, 5, 4, 5, 2, 3, 1, 41, 3, 3, 1, 41, 1, 5, 5, 3, 1, 5, 41, 1, 1, 3, 2, 4, 4, 1, 1, 5, 41, 5, 40, 5, 4, 1, 4, 42, 41, 3, 4, 1, 5, 2, 3, 3, 2, 3, 4, 2, 3, 1, 1, 3, 40, 
108: 0, 4, 2, 0, 1, 1, 3, 0, 0, 0, 3, 0, 2, 0, 0, 0, 1, 2, 43, 2, 1, 3, 5, 1, 1, 0, 0, 5, 0, 0, 4, 0, 0, 0, 2, 0, 4, 0, 3, 0, 3, 0, 0, 0, 0, 4, 0, 1, 41, 0, 4, 0, 0, 0, 0, 0, 0, 5, 4, 4, 0, 0, 0, 1, 4, 0, 1, 4, 0, 0, 0, 0, 1, 0, 2, 4, 0, 1, 3, 0, 4, 3, 2, 2, 0, 3, 0, 5, 1, 2, 1, 5, 1, 0, 4, 2, 5, 0, 4, 5, 0, 41, 1, 0, 0, 0, 1, 0, 0, 5, 4, 0, 5, 44, 1, 0, 5, 1, 42, 0, : 4, 2, 1, 1, 3, 3, 2, 1, 2, 43, 2, 1, 3, 5, 1, 1, 5, 4, 2, 4, 3, 3, 4, 1, 41, 4, 5, 4, 4, 1, 4, 1, 4, 1, 2, 4, 1, 3, 4, 3, 2, 2, 3, 5, 1, 2, 1, 5, 1, 4, 2, 5, 4, 5, 41, 1, 1, 5, 4, 5, 44, 1, 5, 1, 42, 
80: 0, 0, 1, 0, 4, 0, 5, 40, 5, 3, 0, 0, 0, 0, 0, 0, 0, 0, 5, 0, 0, 3, 2, 1, 5, 3, 42, 0, 1, 2, 5, 0, 0, 4, 0, 0, 2, 42, 0, 0, 1, 44, 4, 4, 2, 0, 0, 0, 4, 3, 0, 2, 3, 4, 42, 0, 2, 0, 2, 1, 0, 0, 0, 0, 0, 0, 0, 0, 3, 0, 0, 0, 0, 0, 2, 5, 1, 42, 0, 2, 3, 4, 5, 4, 1, 1, 0, 5, 1, 1, 0, 5, 0, 0, 4, 5, 0, 4, 4, 0, 2, 3, 1, 42, 0, 0, 2, 0, 0, 0, 0, 1, 3, 0, 0, 4, 0, 0, 42, 0, : 1, 4, 5, 40, 5, 3, 5, 3, 2, 1, 5, 3, 42, 1, 2, 5, 4, 2, 42, 1, 44, 4, 4, 2, 4, 3, 2, 3, 4, 42, 2, 2, 1, 3, 2, 5, 1, 42, 2, 3, 4, 5, 4, 1, 1, 5, 1, 1, 5, 4, 5, 4, 4, 2, 3, 1, 42, 2, 1, 3, 4, 42, 
112: 4, 0, 0, 1, 0, 5, 4, 0, 5, 0, 0, 3, 0, 4, 0, 2, 0, 0, 0, 3, 4, 5, 0, 0, 0, 0, 5, 4, 0, 0, 5, 44, 0, 0, 2, 0, 0, 1, 0, 0, 2, 1, 0, 0, 3, 0, 0, 0, 0, 0, 0, 0, 0, 1, 0, 0, 5, 4, 0, 2, 1, 4, 41, 5, 3, 0, 2, 0, 0, 0, 40, 0, 3, 0, 0, 5, 0, 5, 0, 0, 0, 0, 1, 0, 5, 5, 2, 0, 0, 3, 5, 2, 1, 1, 42, 1, 41, 5, 5, 0, 4, 3, 0, 3, 0, 0, 0, 1, 0, 4, 0, 0, 0, 1, 0, 5, 0, 5, 5, 0, : 4, 1, 5, 4, 5, 3, 4, 2, 3, 4, 5, 5, 4, 5, 44, 2, 1, 2, 1, 3, 1, 5, 4, 2, 1, 4, 41, 5, 3, 2, 40, 3, 5, 5, 1, 5, 5, 2, 3, 5, 2, 1, 1, 42, 1, 41, 5, 5, 4, 3, 3, 1, 4, 1, 5, 5, 5, 
47: 2, 3, 5, 0, 4, 0, 0, 0, 0, 4, 5, 0, 0, 2, 3, 1, 5, 0, 0, 0, 4, 1, 0, 0, 1, 0, 5, 0, 5, 0, 5, 0, 0, 0, 0, 4, 1, 0, 3, 1, 3, 5, 0, 4, 0, 0, 0, 3, 2, 4, 5, 0, 4, 0, 40, 0, 1, 0, 2, 2, 2, 1, 1, 41, 2, 1, 4, 0, 1, 3, 5, 3, 0, 0, 0, 0, 1, 4, 2, 2, 0, 0, 0, 0, 2, 3, 3, 0, 2, 0, 5, 1, 0, 2, 3, 5, 0, 0, 1, 2, 1, 0, 5, 0, 3, 0, 1, 2, 5, 0, 0, 0, 2, 0, 0, 3, 1, 3, 0, 5, : 2, 3, 5, 4, 4, 5, 2, 3, 1, 5, 4, 1, 1, 5, 5, 5, 4, 1, 3, 1, 3, 5, 4, 3, 2, 4, 5, 4, 40, 1, 2, 2, 2, 1, 1, 41, 2, 1, 4, 1, 3, 5, 3, 1, 4, 2, 2, 2, 3, 3, 2, 5, 1, 2, 3, 5, 1, 2, 1, 5, 3, 1, 2, 5, 2, 3, 1, 3, 5, 
150: 0, 2, 0, 0, 0, 5, 5, 0, 41, 2, 0, 5, 0, 0, 2, 0, 0, 4, 0, 5, 2, 0, 1, 4, 0, 0, 0, 0, 2, 0, 3, 0, 4, 3, 0, 0, 2, 0, 2, 2, 3, 0, 3, 1, 2, 3, 3, 0, 5, 5, 4, 0, 2, 1, 2, 41, 0, 0, 0, 0, 0, 1, 2, 3, 0, 4, 5, 0, 41, 0, 5, 0, 5, 0, 2, 4, 4, 0, 0, 0, 0, 2, 0, 2, 0, 1, 0, 0, 3, 3, 2, 0, 0, 1, 0, 2, 0, 3, 5, 0, 2, 0, 0, 0, 1, 0, 0, 0, 0, 0, 0, 3, 0, 0, 0, 0, 5, 4, 0, 0, : 2, 5, 5, 41, 2, 5, 2, 4, 5, 2, 1, 4, 2, 3, 4, 3, 2, 2, 2, 3, 3, 1, 2, 3, 3, 5, 5, 4, 2, 1, 2, 41, 1, 2, 3, 4, 5, 41, 5, 5, 2, 4, 4, 2, 2, 1, 3, 3, 2, 1, 2, 3, 5, 2, 1, 3, 5, 4, 
37: 1, 0, 3, 2, 0, 0, 5, 0, 3, 0, 0, 0, 0, 5, 5, 3, 0, 0, 0, 5, 4, 5, 1, 3, 2, 0, 0, 4, 2, 5, 4, 5, 0, 3, 3, 0, 2, 0, 2, 0, 1, 2, 0, 5, 1, 0, 0, 5, 0, 0, 3, 0, 0, 0, 0, 1, 1, 4, 0, 0, 0, 0, 4, 5, 0, 0, 2, 1, 44, 0, 0, 2, 0, 0, 0, 0, 0, 0, 0, 43, 3, 40, 4, 0, 0, 1, 2, 4, 0, 1, 5, 5, 3, 2, 0, 0, 0, 0, 3, 2, 3, 1, 3, 3, 2, 0, 5, 0, 0, 0, 42, 1, 0, 0, 0, 3, 0, 2, 5, 0, : 1, 3, 2, 5, 3, 5, 5, 3, 5, 4, 5, 1, 3, 2, 4, 2, 5, 4, 5, 3, 3, 2, 2, 1, 2, 5, 1, 5, 3, 1, 1, 4, 4, 5, 2, 1, 44, 2, 43, 3, 40, 4, 1, 2, 4, 1, 5, 5, 3, 2, 3, 2, 3, 1, 3, 3, 2, 5, 42, 1, 3, 2, 5, 
59: 0, 0, 3, 5, 5, 0, 0, 1, 3, 0, 3, 5, 0, 0, 0, 0, 5, 0, 42, 0, 4, 0, 5, 0, 0, 0, 0, 0, 1, 1, 43, 0, 0, 0, 0, 0, 5, 2, 3, 1, 3, 1, 0, 4, 3, 0, 44, 2, 1, 0, 1, 5, 1, 0, 0, 0, 0, 5, 0, 0, 44, 4, 0, 3, 0, 0, 2, 0, 0, 0, 0, 2, 0, 0, 0, 0, 0, 0, 3, 0, 0, 0, 5, 4, 0, 4, 0, 4, 0, 0, 1, 3, 0, 3, 2, 0, 5, 4, 3, 1, 0, 5, 1, 2, 4, 3, 5, 0, 0, 3, 4, 0, 0, 0, 0, 1, 0, 42, 0, 5, : 3, 5, 5, 1, 3, 3, 5, 5, 42, 4, 5, 1, 1, 43, 5, 2, 3, 1, 3, 1, 4, 3, 44, 2, 1, 1, 5, 1, 5, 44, 4, 3, 2, 2, 3, 5, 4, 4, 4, 1, 3, 3, 2, 5, 4, 3, 1, 5, 1, 2, 4, 3, 5, 3, 4, 1, 42, 5, 
38: 44, 0, 4, 1, 1, 5, 3, 0, 4, 1, 4, 2, 0, 0, 0, 0, 0, 0, 0, 5, 0, 0, 5, 0, 0, 0, 3, 0, 5, 0, 0, 0, 0, 0, 3, 43, 41, 2, 0, 3, 0, 44, 0, 44, 2, 0, 3, 44, 3, 4, 0, 0, 3, 0, 0, 3, 0, 4, 0, 0, 0, 4, 5, 0, 4, 5, 0, 0, 0, 0, 0, 0, 0, 5, 5, 0, 3, 0, 0, 0, 4, 0, 5, 4, 2, 5, 0, 0, 42, 3, 3, 4, 5, 1, 0, 1, 1, 0, 4, 4, 0, 1, 0, 4, 4, 2, 0, 41, 1, 5, 0, 0, 0, 0, 0, 0, 2, 5, 0, 1, : 44, 4, 1, 1, 5, 3, 4, 1, 4, 2, 5, 5, 3, 5, 3, 43, 41, 2, 3, 44, 44, 2, 3, 44, 3, 4, 3, 3, 4, 4, 5, 4, 5, 5, 5, 3, 4, 5, 4, 2, 5, 42, 3, 3, 4, 5, 1, 1, 1, 4, 4, 1, 4, 4, 2, 41, 1, 5, 2, 5, 1, 
145: 1, 2, 0, 0, 4, 0, 44, 5, 3, 4, 0, 1, 42, 1, 0, 0, 0, 0, 4, 3, 4, 2, 0, 4, 4, 0, 43, 3, 0, 1, 41, 0, 0, 40, 0, 0, 0, 44, 0, 0, 1, 41, 0, 4, 1, 3, 0, 0, 0, 0, 1, 4, 2, 4, 1, 0, 5, 0, 2, 0, 4, 5, 0, 0, 5, 0, 1, 2, 5, 1, 0, 2, 0, 0, 0, 0, 2, 1, 4, 1, 40, 1, 4, 0, 0, 2, 0, 2, 0, 0, 0, 0, 0, 0, 0, 0, 0, 0, 1, 5, 0, 0, 1, 2, 5, 0, 40, 2, 0, 5, 0, 40, 1, 0, 0, 0, 1, 0, 1, 40, : 1, 2, 4, 44, 5, 3, 4, 1, 42, 1, 4, 3, 4, 2, 4, 4, 43, 3, 1, 41, 40, 44, 1, 41, 4, 1, 3, 1, 4, 2, 4, 1, 5, 2, 4, 5, 5, 1, 2, 5, 1, 2, 2, 1, 4, 1, 40, 1, 4, 2, 2, 1, 5, 1, 2, 5, 40, 2, 5, 40, 1, 1, 1, 40, 
20: 0, 42, 0, 2, 5, 0, 2, 0, 0, 0, 5, 0, 0, 1, 4, 0, 5, 5, 0, 1, 0, 5, 0, 2, 3, 0, 0, 43, 0, 0, 2, 0, 0, 1, 0, 1, 3, 0, 0, 2, 1, 0, 3, 2, 3, 3, 0, 4, 0, 3, 4, 0, 1, 4, 0, 0, 1, 0, 1, 0, 0, 0, 3, 0, 4, 2, 1, 0, 0, 2, 5, 1, 4, 0, 4, 1, 3, 0, 1, 4, 0, 3, 3, 0, 0, 0, 0, 3, 5, 0, 3, 2, 0, 0, 0, 2, 0, 0, 0, 1, 3, 0, 1, 2, 2, 43, 0, 0, 1, 2, 4, 1, 0, 3, 0, 1, 0, 3, 0, 0, : 42, 2, 5, 2, 5, 1, 4, 5, 5, 1, 5, 2, 3, 43, 2, 1, 1, 3, 2, 1, 3, 2, 3, 3, 4, 3, 4, 1, 4, 1, 1, 3, 4, 2, 1, 2, 5, 1, 4, 4, 1, 3, 1, 4, 3, 3, 3, 5, 3, 2, 2, 1, 3, 1, 2, 2, 43, 1, 2, 4, 1, 3, 1, 3, 
151: 1, 1, 0, 1, 42, 41, 0, 40, 0, 1, 0, 2, 0, 40, 0, 3, 0, 5, 5, 3, 0, 1, 0, 1, 3, 5, 1, 0, 0, 4, 5, 4, 0, 0, 0, 0, 3, 5, 0, 2, 0, 4, 2, 2, 1, 43, 0, 0, 1, 1, 2, 0, 0, 1, 2, 3, 1, 1, 5, 0, 0, 4, 2, 4, 2, 4, 41, 0, 0, 0, 0, 0, 2, 0, 2, 2, 0, 0, 0, 0, 0, 0, 5, 1, 0, 5, 5, 0, 3, 2, 3, 3, 3, 0, 5, 0, 0, 0, 1, 0, 0, 5, 0, 1, 1, 2, 0, 0, 4, 0, 0, 0, 1, 0, 0, 0, 5, 2, 41, 2, : 1, 1, 1, 42, 41, 40, 1, 2, 40, 3, 5, 5, 3, 1, 1, 3, 5, 1, 4, 5, 4, 3, 5, 2, 4, 2, 2, 1, 43, 1, 1, 2, 1, 2, 3, 1, 1, 5, 4, 2, 4, 2, 4, 41, 2, 2, 2, 5, 1, 5, 5, 3, 2, 3, 3, 3, 5, 1, 5, 1, 1, 2, 4, 1, 5, 2, 41, 2, 
104: 0, 0, 0, 0, 2, 0, 0, 4, 5, 4, 2, 0, 0, 0, 0, 42, 0, 1, 3, 1, 43, 1, 3, 5, 1, 0, 44, 0, 0, 0, 0, 1, 0, 2, 0, 44, 0, 40, 0, 0, 2, 0, 2, 2, 4, 41, 3, 0, 0, 41, 3, 3, 1, 1, 0, 0, 0, 0, 5, 5, 5, 42, 0, 1, 0, 0, 0, 1, 0, 3, 0, 2, 5, 44, 0, 0, 0, 2, 0, 41, 0, 4, 0, 0, 3, 2, 0, 5, 0, 4, 3, 0, 5, 5, 0, 0, 0, 0, 3, 3, 0, 2, 0, 4, 5, 2, 4, 0, 0, 3, 3, 0, 0, 0, 0, 5, 0, 1, 0, 0, : 2, 4, 5, 4, 2, 42, 1, 3, 1, 43, 1, 3, 5, 1, 44, 1, 2, 44, 40, 2, 2, 2, 4, 41, 3, 41, 3, 3, 1, 1, 5, 5, 5, 42, 1, 1, 3, 2, 5, 44, 2, 41, 4, 3, 2, 5, 4, 3, 5, 5, 3, 3, 2, 4, 5, 2, 4, 3, 3, 5, 1, 
23: 0, 0, 0, 2, 0, 0, 3, 0, 0, 0, 0, 5, 1, 0, 0, 1, 4, 0, 2, 1, 0, 0, 2, 0, 0, 0, 0, 40, 0, 4, 1, 0, 1, 0, 4, 2, 0, 5, 3, 0, 2, 0, 5, 0, 4, 0, 1, 0, 0, 0, 4, 0, 43, 0, 40, 0, 43, 1, 4, 41, 0, 0, 0, 0, 5, 1, 3, 3, 0, 2, 0, 2, 2, 0, 0, 2, 4, 40, 3, 1, 5, 0, 1, 0, 0, 5, 0, 3, 40, 0, 5, 0, 3, 5, 0, 3, 1, 1, 5, 0, 0, 0, 1, 4, 0, 0, 3, 4, 2, 1, 0, 0, 5, 0, 1, 5, 0, 2, 0, 3, : 2, 3, 5, 1, 1, 4, 2, 1, 2, 40, 4, 1, 1, 4, 2, 5, 3, 2, 5, 4, 1, 4, 43, 40, 43, 1, 4, 41, 5, 1, 3, 3, 2, 2, 2, 2, 4, 40, 3, 1, 5, 1, 5, 3, 40, 5, 3, 5, 3, 1, 1, 5, 1, 4, 3, 4, 2, 1, 5, 1, 5, 2, 3, 
44: 4, 44, 0, 3, 2, 3, 1, 0, 4, 1, 0, 4, 0, 4, 0, 0, 0, 0, 0, 1, 0, 3, 0, 3, 0, 0, 0, 1, 44, 1, 0, 0, 42, 3, 0, 0, 4, 0, 5, 42, 4, 0, 0, 0, 0, 5, 3, 2, 0, 0, 3, 0, 5, 3, 0, 3, 4, 2, 2, 43, 0, 5, 0, 0, 0, 0, 5, 1, 0, 3, 4, 0, 0, 44, 0, 0, 0, 5, 1, 2, 1, 1, 2, 0, 1, 4, 1, 0, 5, 4, 1, 3, 2, 0, 5, 42, 2, 0, 4, 4, 0, 4, 2, 4, 0, 0, 1, 2, 4, 2, 2, 2, 0, 1, 0, 5, 0, 1, 0, 0, : 4, 44, 3, 2, 3, 1, 4, 1, 4, 4, 1, 3, 3, 1, 44, 1, 42, 3, 4, 5, 42, 4, 5, 3, 2, 3, 5, 3, 3, 4, 2, 2, 43, 5, 5, 1, 3, 4, 44, 5, 1, 2, 1, 1, 2, 1, 4, 1, 5, 4, 1, 3, 2, 5, 42, 2, 4, 4, 4, 2, 4, 1, 2, 4, 2, 2, 2, 1, 5, 1, 
132: 0, 0, 1, 3, 0, 2, 2, 1, 4, 5, 3, 1, 1, 3, 0, 0, 0, 2, 0, 0, 1, 3, 3, 42, 0, 0, 0, 0, 1, 4, 0, 0, 2, 5, 2, 0, 0, 0, 4, 1, 3, 5, 0, 0, 0, 0, 4, 3, 3, 5, 3, 0, 0, 41, 2, 5, 0, 4, 3, 44, 0, 0, 0, 4, 0, 3, 2, 2, 0, 1, 42, 2, 0, 5, 0, 0, 41, 4, 5, 0, 5, 4, 1, 0, 0, 2, 0, 1, 0, 43, 43, 2, 0, 0, 0, 0, 3, 2, 4, 5, 3, 5, 1, 5, 4, 0, 4, 0, 2, 3, 1, 44, 4, 1, 0, 4, 3, 0, 0, 0, : 1, 3, 2, 2, 1, 4, 5, 3, 1, 1, 3, 2, 1, 3, 3, 42, 1, 4, 2, 5, 2, 4, 1, 3, 5, 4, 3, 3, 5, 3, 41, 2, 5, 4, 3, 44, 4, 3, 2, 2, 1, 42, 2, 5, 41, 4, 5, 5, 4, 1, 2, 1, 43, 43, 2, 3, 2, 4, 5, 3, 5, 1, 5, 4, 4, 2, 3, 1, 44, 4, 1, 4, 3, 
152: 0, 0, 0, 0, 4, 1, 3, 0, 0, 0, 0, 2, 0, 0, 0, 0, 0, 4, 2, 2, 3, 4, 2, 42, 43, 5, 2, 0, 3, 0, 3, 0, 1, 4, 0, 4, 4, 0, 0, 2, 2, 0, 1, 1, 0, 4, 5, 0, 4, 0, 4, 0, 1, 2, 2, 5, 0, 1, 3, 0, 0, 5, 4, 5, 5, 0, 0, 4, 4, 0, 3, 3, 0, 0, 0, 0, 4, 0, 5, 44, 0, 1, 2, 4, 1, 3, 3, 4, 0, 0, 0, 0, 0, 1, 2, 44, 2, 0, 0, 0, 1, 3, 3, 0, 0, 4, 2, 42, 2, 0, 5, 1, 0, 4, 40, 4, 4, 0, 3, 4, : 4, 1, 3, 2, 4, 2, 2, 3, 4, 2, 42, 43, 5, 2, 3, 3, 1, 4, 4, 4, 2, 2, 1, 1, 4, 5, 4, 4, 1, 2, 2, 5, 1, 3, 5, 4, 5, 5, 4, 4, 3, 3, 4, 5, 44, 1, 2, 4, 1, 3, 3, 4, 1, 2, 44, 2, 1, 3, 3, 4, 2, 42, 2, 5, 1, 4, 40, 4, 4, 3, 4, 
72: 0, 0, 3, 3, 4, 42, 42, 5, 0, 0, 0, 5, 0, 42, 0, 5, 42, 0, 2, 3, 2, 1, 0, 0, 5, 0, 0, 5, 0, 4, 0, 3, 2, 0, 1, 0, 1, 0, 0, 0, 0, 2, 2, 0, 2, 0, 0, 4, 0, 2, 1, 0, 3, 0, 0, 0, 0, 1, 43, 5, 3, 1, 3, 0, 40, 5, 0, 0, 4, 40, 0, 3, 3, 1, 0, 0, 0, 3, 2, 0, 0, 3, 3, 4, 41, 0, 0, 3, 0, 0, 1, 0, 0, 0, 4, 0, 1, 0, 3, 2, 1, 4, 5, 1, 41, 2, 0, 0, 4, 0, 0, 41, 3, 0, 0, 0, 0, 5, 0, 0, : 3, 3, 4, 42, 42, 5, 5, 42, 5, 42, 2, 3, 2, 1, 5, 5, 4, 3, 2, 1, 1, 2, 2, 2, 4, 2, 1, 3, 1, 43, 5, 3, 1, 3, 40, 5, 4, 40, 3, 3, 1, 3, 2, 3, 3, 4, 41, 3, 1, 4, 1, 3, 2, 1, 4, 5, 1, 41, 2, 4, 41, 3, 5, 
94: 0, 4, 5, 0, 4, 3, 0, 4, 0, 4, 2, 0, 0, 1, 0, 43, 0, 0, 0, 3, 2, 2, 5, 4, 4, 0, 0, 0, 0, 4, 2, 0, 0, 3, 3, 0, 2, 0, 2, 4, 0, 0, 0, 0, 0, 0, 0, 2, 0, 40, 4, 2, 0, 4, 1, 4, 0, 0, 43, 0, 0, 5, 2, 2, 4, 0, 4, 3, 2, 0, 4, 4, 0, 4, 0, 3, 0, 1, 0, 0, 1, 4, 2, 0, 0, 5, 1, 0, 0, 0, 1, 1, 0, 3, 40, 0, 4, 41, 2, 5, 5, 4, 0, 3, 0, 3, 40, 0, 2, 0, 0, 1, 2, 1, 40, 3, 0, 0, 2, 2, : 4, 5, 4, 3, 4, 4, 2, 1, 43, 3, 2, 2, 5, 4, 4, 4, 2, 3, 3, 2, 2, 4, 2, 40, 4, 2, 4, 1, 4, 43, 5, 2, 2, 4, 4, 3, 2, 4, 4, 4, 3, 1, 1, 4, 2, 5, 1, 1, 1, 3, 40, 4, 41, 2, 5, 5, 4, 3, 3, 40, 2, 1, 2, 1, 40, 3, 2, 2, 
103: 5, 1, 4, 2, 0, 4, 5, 0, 3, 0, 0, 1, 0, 2, 0, 1, 3, 3, 5, 1, 0, 42, 1, 0, 5, 1, 0, 0, 0, 5, 5, 0, 0, 1, 0, 0, 0, 0, 2, 2, 5, 0, 1, 0, 1, 2, 0, 3, 1, 3, 1, 0, 0, 0, 0, 0, 0, 3, 2, 0, 4, 0, 0, 3, 1, 0, 3, 0, 0, 5, 1, 42, 2, 3, 0, 43, 5, 2, 0, 0, 0, 0, 3, 3, 3, 0, 0, 0, 0, 1, 0, 0, 0, 44, 0, 0, 5, 3, 0, 2, 43, 5, 3, 3, 4, 3, 3, 2, 2, 0, 40, 1, 2, 4, 0, 5, 4, 2, 0, 0, : 5, 1, 4, 2, 4, 5, 3, 1, 2, 1, 3, 3, 5, 1, 42, 1, 5, 1, 5, 5, 1, 2, 2, 5, 1, 1, 2, 3, 1, 3, 1, 3, 2, 4, 3, 1, 3, 5, 1, 42, 2, 3, 43, 5, 2, 3, 3, 3, 1, 44, 5, 3, 2, 43, 5, 3, 3, 4, 3, 3, 2, 2, 40, 1, 2, 4, 5, 4, 2, 
62: 1, 0, 1, 5, 3, 0, 4, 1, 0, 5, 40, 1, 43, 0, 0, 42, 4, 1, 0, 0, 0, 2, 4, 1, 42, 0, 0, 2, 0, 1, 3, 0, 0, 0, 2, 0, 0, 0, 0, 5, 2, 0, 0, 5, 0, 1, 2, 1, 4, 5, 2, 3, 0, 5, 0, 1, 5, 5, 40, 4, 4, 2, 3, 0, 3, 0, 2, 5, 0, 0, 2, 1, 3, 0, 0, 5, 2, 3, 5, 2, 2, 3, 1, 4, 0, 40, 0, 4, 0, 0, 3, 44, 0, 5, 5, 2, 0, 3, 44, 0, 1, 4, 0, 44, 0, 0, 0, 0, 1, 0, 0, 5, 0, 0, 0, 2, 0, 5, 0, 1, : 1, 1, 5, 3, 4, 1, 5, 40, 1, 43, 42, 4, 1, 2, 4, 1, 42, 2, 1, 3, 2, 5, 2, 5, 1, 2, 1, 4, 5, 2, 3, 5, 1, 5, 5, 40, 4, 4, 2, 3, 3, 2, 5, 2, 1, 3, 5, 2, 3, 5, 2, 2, 3, 1, 4, 40, 4, 3, 44, 5, 5, 2, 3, 44, 1, 4, 44, 1, 5, 2, 5, 1, 
78: 2, 2, 0, 0, 1, 3, 43, 5, 3, 0, 0, 0, 1, 5, 0, 1, 4, 0, 4, 3, 3, 5, 3, 0, 5, 0, 0, 0, 3, 0, 2, 2, 0, 4, 0, 0, 40, 3, 0, 1, 0, 0, 0, 1, 3, 0, 5, 0, 4, 0, 1, 2, 1, 0, 0, 1, 0, 3, 0, 0, 0, 0, 0, 0, 5, 3, 0, 5, 2, 0, 0, 0, 2, 0, 2, 3, 0, 0, 0, 0, 2, 0, 4, 0, 1, 0, 0, 5, 0, 0, 0, 0, 3, 0, 2, 0, 0, 3, 3, 3, 3, 2, 0, 3, 43, 5, 4, 0, 5, 4, 1, 5, 3, 0, 0, 1, 3, 1, 2, 0, : 2, 2, 1, 3, 43, 5, 3, 1, 5, 1, 4, 4, 3, 3, 5, 3, 5, 3, 2, 2, 4, 40, 3, 1, 1, 3, 5, 4, 1, 2, 1, 1, 3, 5, 3, 5, 2, 2, 2, 3, 2, 4, 1, 5, 3, 2, 3, 3, 3, 3, 2, 3, 43, 5, 4, 5, 4, 1, 5, 3, 1, 3, 1, 2, 
117: 0, 40, 2, 5, 3, 0, 0, 2, 0, 0, 0, 0, 0, 3, 4, 0, 3, 0, 3, 0, 0, 2, 0, 1, 0, 0, 0, 1, 0, 2, 3, 5, 40, 0, 0, 0, 0, 3, 3, 5, 1, 0, 0, 0, 4, 0, 3, 2, 3, 2, 2, 0, 2, 0, 0, 0, 0, 1, 0, 5, 0, 0, 5, 0, 0, 4, 4, 43, 1, 0, 0, 0, 3, 0, 0, 3, 0, 2, 0, 0, 0, 0, 5, 0, 3, 0, 0, 3, 41, 0, 0, 3, 1, 0, 0, 0, 0, 2, 0, 2, 5, 0, 3, 1, 4, 1, 4, 0, 3, 0, 5, 1, 0, 0, 0, 3, 41, 3, 4, 1, : 40, 2, 5, 3, 2, 3, 4, 3, 3, 2, 1, 1, 2, 3, 5, 40, 3, 3, 5, 1, 4, 3, 2, 3, 2, 2, 2, 1, 5, 5, 4, 4, 43, 1, 3, 3, 2, 5, 3, 3, 41, 3, 1, 2, 2, 5, 3, 1, 4, 1, 4, 3, 5, 1, 3, 41, 3, 4, 1, 
121: 3, 0, 0, 3, 5, 0, 2, 0, 0, 0, 2, 1, 2, 5, 1, 0, 2, 0, 3, 0, 0, 1, 5, 0, 3, 0, 1, 0, 4, 0, 4, 3, 0, 0, 0, 0, 4, 1, 1, 5, 0, 0, 0, 4, 1, 0, 0, 1, 1, 3, 4, 0, 3, 5, 5, 5, 0, 3, 5, 0, 40, 3, 4, 0, 0, 0, 0, 1, 0, 0, 0, 4, 44, 40, 0, 3, 4, 2, 0, 0, 0, 0, 4, 1, 0, 3, 0, 0, 2, 2, 43, 2, 0, 2, 5, 0, 1, 5, 3, 1, 5, 0, 1, 2, 5, 1, 2, 0, 0, 0, 4, 4, 0, 0, 42, 1, 0, 5, 0, 3, : 3, 3, 5, 2, 2, 1, 2, 5, 1, 2, 3, 1, 5, 3, 1, 4, 4, 3, 4, 1, 1, 5, 4, 1, 1, 1, 3, 4, 3, 5, 5, 5, 3, 5, 40, 3, 4, 1, 4, 44, 40, 3, 4, 2, 4, 1, 3, 2, 2, 43, 2, 2, 5, 1, 5, 3, 1, 5, 1, 2, 5, 1, 2, 4, 4, 42, 1, 5, 3, 
131: 0, 5, 2, 2, 0, 0, 1, 0, 2, 1, 4, 0, 3, 3, 0, 4, 43, 4, 1, 43, 5, 5, 0, 3, 4, 0, 2, 0, 4, 1, 0, 4, 43, 3, 0, 0, 2, 3, 0, 0, 1, 0, 0, 0, 0, 0, 44, 0, 5, 0, 4, 0, 0, 3, 1, 0, 4, 0, 0, 40, 2, 3, 0, 0, 0, 1, 0, 43, 0, 5, 0, 0, 0, 0, 0, 3, 0, 0, 41, 0, 3, 0, 3, 5, 0, 4, 0, 0, 0, 2, 3, 0, 3, 44, 0, 0, 5, 0, 2, 0, 0, 4, 2, 0, 1, 3, 44, 0, 0, 0, 0, 0, 5, 0, 3, 5, 2, 3, 0, 1, : 5, 2, 2, 1, 2, 1, 4, 3, 3, 4, 43, 4, 1, 43, 5, 5, 3, 4, 2, 4, 1, 4, 43, 3, 2, 3, 1, 44, 5, 4, 3, 1, 4, 40, 2, 3, 1, 43, 5, 3, 41, 3, 3, 5, 4, 2, 3, 3, 44, 5, 2, 4, 2, 1, 3, 44, 5, 3, 5, 2, 3, 1, 
86: 1, 0, 4, 0, 5, 3, 0, 0, 0, 42, 3, 42, 0, 0, 2, 2, 2, 0, 0, 0, 1, 0, 44, 0, 0, 40, 2, 4, 1, 0, 5, 42, 0, 0, 0, 0, 4, 1, 5, 0, 3, 0, 5, 0, 0, 3, 5, 0, 0, 0, 43, 2, 5, 5, 0, 0, 5, 0, 5, 3, 0, 3, 3, 4, 0, 0, 1, 0, 0, 0, 0, 44, 0, 0, 44, 0, 2, 0, 0, 0, 0, 4, 5, 4, 0, 0, 0, 2, 0, 5, 4, 4, 42, 3, 0, 3, 4, 0, 3, 2, 0, 3, 4, 4, 0, 0, 0, 0, 0, 3, 41, 3, 0, 3, 42, 5, 3, 2, 0, 0, : 1, 4, 5, 3, 42, 3, 42, 2, 2, 2, 1, 44, 40, 2, 4, 1, 5, 42, 4, 1, 5, 3, 5, 3, 5, 43, 2, 5, 5, 5, 5, 3, 3, 3, 4, 1, 44, 44, 2, 4, 5, 4, 2, 5, 4, 4, 42, 3, 3, 4, 3, 2, 3, 4, 4, 3, 41, 3, 3, 42, 5, 3, 2, 
8: 1, 0, 0, 4, 1, 0, 0, 0, 0, 0, 0, 0, 0, 0, 0, 0, 3, 0, 1, 2, 4, 1, 0, 5, 0, 4, 0, 0, 0, 0, 3, 0, 1, 0, 1, 0, 0, 0, 2, 43, 40, 1, 1, 4, 4, 2, 0, 3, 2, 0, 0, 0, 0, 0, 0, 0, 41, 5, 0, 0, 0, 0, 0, 0, 3, 0, 0, 0, 5, 0, 0, 0, 1, 0, 3, 1, 0, 4, 5, 0, 1, 5, 0, 1, 0, 2, 1, 0, 0, 4, 4, 1, 0, 1, 5, 5, 0, 2, 0, 5, 4, 2, 2, 3, 0, 0, 0, 0, 0, 3, 0, 5, 4, 0, 0, 0, 4, 1, 2, 3, : 1, 4, 1, 3, 1, 2, 4, 1, 5, 4, 3, 1, 1, 2, 43, 40, 1, 1, 4, 4, 2, 3, 2, 41, 5, 3, 5, 1, 3, 1, 4, 5, 1, 5, 1, 2, 1, 4, 4, 1, 1, 5, 5, 2, 5, 4, 2, 2, 3, 3, 5, 4, 4, 1, 2, 3, 
65: 0, 2, 5, 44, 0, 43, 0, 0, 0, 43, 0, 0, 0, 1, 40, 2, 0, 3, 3, 0, 0, 4, 1, 5, 0, 0, 0, 42, 0, 4, 0, 0, 0, 0, 0, 0, 0, 5, 0, 2, 2, 0, 0, 3, 43, 2, 40, 0, 5, 3, 0, 0, 4, 4, 5, 0, 3, 0, 1, 0, 42, 1, 1, 3, 44, 0, 0, 0, 1, 1, 0, 1, 2, 40, 0, 1, 1, 2, 4, 0, 0, 1, 1, 0, 0, 5, 2, 2, 44, 0, 0, 0, 43, 3, 1, 0, 0, 0, 3, 0, 0, 0, 44, 2, 4, 1, 0, 44, 0, 0, 4, 0, 1, 0, 0, 2, 3, 4, 5, 0, : 2, 5, 44, 43, 43, 1, 40, 2, 3, 3, 4, 1, 5, 42, 4, 5, 2, 2, 3, 43, 2, 40, 5, 3, 4, 4, 5, 3, 1, 42, 1, 1, 3, 44, 1, 1, 1, 2, 40, 1, 1, 2, 4, 1, 1, 5, 2, 2, 44, 43, 3, 1, 3, 44, 2, 4, 1, 44, 4, 1, 2, 3, 4, 5, 
33: 4, 0, 0, 2, 1, 0, 0, 3, 1, 3, 0, 1, 42, 5, 0, 0, 0, 2, 4, 1, 0, 2, 4, 0, 0, 0, 0, 0, 0, 0, 0, 0, 0, 0, 0, 0, 1, 0, 40, 5, 0, 0, 3, 0, 5, 0, 0, 0, 0, 2, 2, 1, 0, 3, 0, 0, 0, 4, 0, 2, 2, 4, 0, 5, 3, 0, 0, 3, 0, 0, 0, 2, 0, 0, 0, 1, 3, 4, 2, 0, 0, 0, 1, 0, 5, 5, 0, 1, 41, 0, 1, 4, 3, 0, 0, 0, 3, 0, 1, 2, 3, 0, 0, 3, 0, 0, 0, 40, 2, 4, 0, 0, 2, 1, 0, 4, 42, 4, 0, 0, : 4, 2, 1, 3, 1, 3, 1, 42, 5, 2, 4, 1, 2, 4, 1, 40, 5, 3, 5, 2, 2, 1, 3, 4, 2, 2, 4, 5, 3, 3, 2, 1, 3, 4, 2, 1, 5, 5, 1, 41, 1, 4, 3, 3, 1, 2, 3, 3, 40, 2, 4, 2, 1, 4, 42, 4, 
113: 3, 2, 0, 0, 1, 0, 4, 0, 3, 0, 0, 3, 0, 2, 0, 0, 0, 0, 0, 0, 0, 4, 0, 2, 0, 0, 4, 0, 43, 42, 4, 0, 0, 0, 5, 42, 0, 0, 0, 0, 0, 0, 2, 5, 0, 1, 2, 0, 4, 4, 5, 3, 2, 0, 5, 1, 0, 44, 1, 0, 0, 0, 5, 0, 41, 5, 0, 0, 0, 0, 5, 0, 0, 0, 0, 3, 5, 42, 42, 0, 0, 5, 0, 3, 4, 0, 0, 4, 0, 1, 0, 0, 0, 1, 0, 1, 2, 1, 4, 3, 43, 1, 5, 0, 4, 0, 0, 0, 0, 42, 3, 0, 0, 0, 0, 0, 0, 0, 5, 0, : 3, 2, 1, 4, 3, 3, 2, 4, 2, 4, 43, 42, 4, 5, 42, 2, 5, 1, 2, 4, 4, 5, 3, 2, 5, 1, 44, 1, 5, 41, 5, 5, 3, 5, 42, 42, 5, 3, 4, 4, 1, 1, 1, 2, 1, 4, 3, 43, 1, 5, 4, 42, 3, 5, 
53: 2, 0, 5, 0, 2, 0, 0, 1, 4, 0, 42, 0, 0, 0, 3, 0, 0, 41, 2, 0, 5, 5, 3, 2, 0, 0, 0, 4, 0, 5, 0, 43, 0, 1, 3, 0, 3, 0, 3, 5, 0, 0, 1, 4, 4, 0, 0, 3, 5, 0, 0, 43, 0, 1, 3, 4, 0, 3, 0, 0, 1, 0, 5, 0, 5, 5, 4, 4, 3, 2, 0, 0, 2, 0, 3, 2, 0, 0, 0, 0, 0, 2, 3, 4, 5, 4, 0, 0, 0, 43, 0, 1, 1, 2, 3, 0, 3, 4, 3, 1, 0, 3, 4, 2, 0, 0, 2, 0, 0, 44, 2, 2, 0, 42, 2, 0, 2, 5, 3, 0, : 2, 5, 2, 1, 4, 42, 3, 41, 2, 5, 5, 3, 2, 4, 5, 43, 1, 3, 3, 3, 5, 1, 4, 4, 3, 5, 43, 1, 3, 4, 3, 1, 5, 5, 5, 4, 4, 3, 2, 2, 3, 2, 2, 3, 4, 5, 4, 43, 1, 1, 2, 3, 3, 4, 3, 1, 3, 4, 2, 2, 44, 2, 2, 42, 2, 2, 5, 3, 
158: 2, 0, 44, 4, 1, 1, 5, 0, 5, 0, 1, 0, 3, 5, 3, 5, 0, 0, 1, 2, 0, 0, 2, 1, 0, 0, 0, 0, 1, 4, 0, 0, 0, 0, 0, 0, 0, 43, 5, 3, 4, 2, 2, 0, 2, 0, 5, 0, 5, 5, 2, 0, 4, 0, 0, 1, 1, 2, 3, 0, 0, 3, 5, 0, 5, 3, 0, 0, 0, 2, 4, 0, 1, 0, 0, 0, 4, 0, 0, 40, 4, 1, 0, 5, 0, 1, 0, 1, 0, 2, 0, 2, 2, 3, 5, 0, 1, 0, 5, 3, 0, 0, 44, 2, 1, 0, 0, 43, 0, 4, 0, 1, 0, 5, 0, 0, 2, 0, 0, 0, : 2, 44, 4, 1, 1, 5, 5, 1, 3, 5, 3, 5, 1, 2, 2, 1, 1, 4, 43, 5, 3, 4, 2, 2, 2, 5, 5, 5, 2, 4, 1, 1, 2, 3, 3, 5, 5, 3, 2, 4, 1, 4, 40, 4, 1, 5, 1, 1, 2, 2, 2, 3, 5, 1, 5, 3, 44, 2, 1, 43, 4, 1, 5, 2, 
140: 1, 0, 0, 0, 3, 0, 0, 2, 3, 0, 3, 0, 1, 0, 42, 0, 1, 0, 43, 5, 0, 0, 0, 3, 0, 1, 0, 5, 0, 0, 0, 0, 1, 0, 41, 0, 0, 0, 1, 0, 2, 0, 0, 0, 3, 0, 0, 0, 1, 0, 0, 2, 0, 0, 1, 0, 1, 43, 5, 0, 0, 40, 4, 4, 0, 40, 43, 1, 5, 0, 0, 0, 0, 0, 1, 5, 0, 0, 0, 0, 1, 0, 1, 1, 5, 4, 0, 3, 0, 0, 4, 0, 0, 0, 40, 2, 0, 0, 3, 0, 1, 0, 0, 2, 1, 1, 3, 3, 2, 1, 0, 3, 0, 3, 0, 0, 0, 1, 0, 0, : 1, 3, 2, 3, 3, 1, 42, 1, 43, 5, 3, 1, 5, 1, 41, 1, 2, 3, 1, 2, 1, 1, 43, 5, 40, 4, 4, 40, 43, 1, 5, 1, 5, 1, 1, 1, 5, 4, 3, 4, 40, 2, 3, 1, 2, 1, 1, 3, 3, 2, 1, 3, 3, 1, 
29: 0, 3, 3, 3, 0, 0, 4, 0, 2, 0, 0, 1, 0, 0, 3, 2, 2, 0, 2, 4, 5, 3, 4, 2, 5, 0, 0, 5, 0, 0, 0, 0, 0, 0, 0, 0, 40, 1, 0, 0, 1, 0, 41, 0, 3, 0, 0, 0, 0, 0, 3, 1, 0, 41, 0, 0, 0, 2, 2, 0, 0, 0, 1, 0, 4, 3, 0, 0, 2, 0, 0, 0, 0, 0, 0, 1, 0, 0, 0, 0, 42, 3, 5, 5, 0, 1, 0, 1, 1, 1, 41, 44, 0, 0, 0, 5, 41, 3, 5, 5, 0, 4, 1, 4, 0, 0, 4, 0, 0, 5, 0, 0, 4, 0, 0, 5, 41, 1, 2, 3, : 3, 3, 3, 4, 2, 1, 3, 2, 2, 2, 4, 5, 3, 4, 2, 5, 5, 40, 1, 1, 41, 3, 3, 1, 41, 2, 2, 1, 4, 3, 2, 1, 42, 3, 5, 5, 1, 1, 1, 1, 41, 44, 5, 41, 3, 5, 5, 4, 1, 4, 4, 5, 4, 5, 41, 1, 2, 3, 
73: 3, 0, 0, 1, 1, 5, 5, 0, 0, 43, 4, 0, 0, 5, 5, 1, 0, 44, 0, 4, 0, 1, 4, 3, 0, 40, 4, 4, 0, 3, 0, 0, 5, 5, 3, 0, 2, 0, 0, 1, 0, 44, 0, 42, 43, 3, 0, 0, 2, 0, 2, 0, 1, 1, 3, 0, 0, 2, 44, 4, 0, 2, 0, 0, 3, 0, 0, 0, 0, 5, 0, 3, 0, 0, 0, 0, 3, 0, 3, 1, 1, 0, 0, 4, 2, 0, 0, 44, 5, 41, 0, 1, 2, 0, 5, 44, 3, 0, 0, 44, 0, 4, 0, 1, 0, 1, 1, 0, 0, 5, 4, 0, 44, 0, 3, 2, 0, 1, 0, 0, : 3, 1, 1, 5, 5, 43, 4, 5, 5, 1, 44, 4, 1, 4, 3, 40, 4, 4, 3, 5, 5, 3, 2, 1, 44, 42, 43, 3, 2, 2, 1, 1, 3, 2, 44, 4, 2, 3, 5, 3, 3, 3, 1, 1, 4, 2, 44, 5, 41, 1, 2, 5, 44, 3, 44, 4, 1, 1, 1, 5, 4, 44, 3, 2, 1, 
93: 0, 0, 5, 1, 2, 0, 0, 0, 0, 0, 3, 0, 0, 0, 2, 0, 0, 4, 0, 1, 0, 3, 1, 5, 4, 0, 0, 2, 0, 5, 3, 0, 4, 2, 0, 0, 5, 0, 0, 3, 0, 4, 0, 0, 0, 0, 0, 42, 0, 1, 4, 0, 0, 0, 3, 3, 2, 4, 0, 1, 0, 0, 4, 0, 1, 0, 4, 4, 1, 0, 2, 1, 0, 4, 1, 3, 3, 5, 5, 3, 0, 5, 1, 2, 2, 41, 5, 0, 1, 0, 0, 2, 0, 5, 42, 5, 0, 0, 0, 0, 3, 1, 0, 1, 3, 0, 5, 0, 5, 0, 40, 1, 0, 0, 4, 0, 3, 0, 2, 0, : 5, 1, 2, 3, 2, 4, 1, 3, 1, 5, 4, 2, 5, 3, 4, 2, 5, 3, 4, 42, 1, 4, 3, 3, 2, 4, 1, 4, 1, 4, 4, 1, 2, 1, 4, 1, 3, 3, 5, 5, 3, 5, 1, 2, 2, 41, 5, 1, 2, 5, 42, 5, 3, 1, 1, 3, 5, 5, 40, 1, 4, 3, 2, 
122: 3, 0, 2, 0, 0, 1, 0, 3, 1, 0, 41, 0, 5, 0, 5, 0, 4, 0, 0, 5, 5, 0, 0, 2, 1, 0, 0, 1, 0, 0, 5, 5, 3, 5, 0, 1, 4, 1, 4, 1, 4, 0, 44, 0, 5, 1, 3, 3, 0, 3, 2, 0, 1, 0, 5, 0, 3, 0, 0, 0, 1, 0, 1, 0, 0, 0, 0, 0, 0, 0, 0, 0, 0, 4, 1, 0, 0, 0, 4, 0, 41, 0, 0, 0, 0, 1, 0, 5, 0, 0, 4, 5, 2, 4, 2, 1, 1, 0, 0, 1, 5, 1, 3, 2, 3, 43, 1, 3, 43, 0, 0, 0, 0, 0, 1, 4, 0, 5, 1, 0, : 3, 2, 1, 3, 1, 41, 5, 5, 4, 5, 5, 2, 1, 1, 5, 5, 3, 5, 1, 4, 1, 4, 1, 4, 44, 5, 1, 3, 3, 3, 2, 1, 5, 3, 1, 1, 4, 1, 4, 41, 1, 5, 4, 5, 2, 4, 2, 1, 1, 1, 5, 1, 3, 2, 3, 43, 1, 3, 43, 1, 4, 5, 1, 
134: 1, 0, 2, 5, 4, 40, 0, 1, 1, 1, 0, 41, 4, 0, 0, 0, 0, 0, 4, 0, 0, 3, 3, 1, 0, 0, 0, 4, 0, 0, 3, 0, 0, 0, 1, 0, 3, 3, 5, 3, 3, 4, 40, 3, 4, 3, 0, 0, 0, 3, 1, 5, 0, 0, 0, 0, 0, 43, 0, 4, 1, 5, 44, 0, 2, 5, 0, 3, 0, 43, 0, 0, 4, 40, 0, 1, 0, 40, 2, 0, 0, 0, 3, 1, 3, 44, 0, 2, 1, 1, 0, 4, 1, 0, 4, 0, 0, 0, 5, 2, 0, 0, 0, 1, 5, 1, 1, 1, 0, 40, 3, 5, 2, 0, 0, 4, 2, 5, 0, 0, : 1, 2, 5, 4, 40, 1, 1, 1, 41, 4, 4, 3, 3, 1, 4, 3, 1, 3, 3, 5, 3, 3, 4, 40, 3, 4, 3, 3, 1, 5, 43, 4, 1, 5, 44, 2, 5, 3, 43, 4, 40, 1, 40, 2, 3, 1, 3, 44, 2, 1, 1, 4, 1, 4, 5, 2, 1, 5, 1, 1, 1, 40, 3, 5, 2, 4, 2, 5, 
30: 0, 3, 3, 4, 2, 2, 0, 0, 5, 0, 0, 0, 0, 0, 0, 0, 1, 0, 5, 1, 3, 0, 2, 2, 0, 0, 0, 0, 0, 4, 0, 3, 0, 0, 4, 0, 0, 4, 0, 4, 1, 2, 0, 1, 4, 0, 0, 0, 40, 0, 5, 0, 0, 40, 0, 0, 0, 3, 0, 3, 4, 4, 1, 2, 4, 4, 2, 0, 0, 3, 2, 0, 2, 0, 5, 1, 41, 2, 0, 0, 4, 5, 3, 44, 5, 1, 0, 0, 1, 0, 0, 0, 0, 0, 0, 0, 0, 5, 1, 3, 0, 0, 43, 3, 0, 4, 0, 1, 5, 0, 3, 0, 0, 0, 0, 3, 5, 0, 3, 0, : 3, 3, 4, 2, 2, 5, 1, 5, 1, 3, 2, 2, 4, 3, 4, 4, 4, 1, 2, 1, 4, 40, 5, 40, 3, 3, 4, 4, 1, 2, 4, 4, 2, 3, 2, 2, 5, 1, 41, 2, 4, 5, 3, 44, 5, 1, 1, 5, 1, 3, 43, 3, 4, 1, 5, 3, 3, 5, 3, 
51: 0, 5, 0, 0, 2, 0, 0, 0, 2, 0, 0, 0, 2, 0, 2, 2, 0, 0, 2, 41, 3, 3, 4, 1, 1, 0, 3, 0, 0, 2, 5, 0, 1, 4, 42, 4, 3, 0, 1, 5, 4, 4, 2, 4, 2, 42, 4, 0, 2, 0, 2, 0, 0, 0, 0, 2, 0, 5, 0, 1, 2, 5, 4, 0, 0, 0, 0, 0, 1, 0, 2, 0, 1, 0, 5, 0, 4, 0, 4, 5, 0, 3, 4, 3, 0, 1, 0, 1, 0, 0, 0, 0, 0, 0, 3, 0, 4, 42, 0, 42, 5, 0, 3, 2, 4, 0, 0, 0, 43, 0, 2, 0, 5, 0, 44, 3, 5, 1, 5, 0, : 5, 2, 2, 2, 2, 2, 2, 41, 3, 3, 4, 1, 1, 3, 2, 5, 1, 4, 42, 4, 3, 1, 5, 4, 4, 2, 4, 2, 42, 4, 2, 2, 2, 5, 1, 2, 5, 4, 1, 2, 1, 5, 4, 4, 5, 3, 4, 3, 1, 1, 3, 4, 42, 42, 5, 3, 2, 4, 43, 2, 5, 44, 3, 5, 1, 5, 
160: 0, 40, 3, 5, 4, 0, 2, 5, 0, 0, 4, 0, 0, 40, 0, 2, 0, 0, 0, 1, 5, 3, 4, 3, 0, 5, 5, 0, 0, 5, 1, 4, 0, 0, 0, 0, 2, 0, 0, 0, 0, 0, 42, 5, 5, 0, 2, 0, 0, 5, 0, 5, 0, 0, 0, 1, 0, 0, 1, 0, 0, 0, 0, 0, 0, 1, 5, 1, 0, 0, 0, 0, 2, 0, 0, 4, 0, 0, 3, 0, 0, 3, 5, 2, 0, 0, 0, 1, 0, 0, 0, 0, 3, 0, 0, 0, 0, 1, 1, 0, 4, 3, 5, 4, 5, 4, 1, 3, 1, 5, 0, 0, 0, 5, 0, 5, 0, 2, 0, 1, : 40, 3, 5, 4, 2, 5, 4, 40, 2, 1, 5, 3, 4, 3, 5, 5, 5, 1, 4, 2, 42, 5, 5, 2, 5, 5, 1, 1, 1, 5, 1, 2, 4, 3, 3, 5, 2, 1, 3, 1, 1, 4, 3, 5, 4, 5, 4, 1, 3, 1, 5, 5, 5, 2, 1, 


