
80
200
120
5

108: 0, 0, 0, 1, 2, 1, 0, 4, 0, 0, 1, 2, 0, 0, 0, 4, 0, 1, 0, 42, 3, 1, 5, 0, 40, 4, 0, 1, 0, 1, 3, 4, 0, 1, 0, 5, 0, 4, 2, 0, 2, 0, 2, 0, 0, 5, 4, 5, 0, 0, 0, 0, 4, 0, 0, 3, 2, 0, 4, 0, 0, 0, 0, 0, 1, 0, 4, 43, 1, 0, 0, 1, 0, 0, 4, 1, 5, 2, 0, 2, : 1, 2, 1, 4, 1, 2, 4, 1, 42, 3, 1, 5, 40, 4, 1, 1, 3, 4, 1, 5, 4, 2, 2, 2, 5, 4, 5, 4, 3, 2, 4, 1, 4, 43, 1, 1, 4, 1, 5, 2, 2, 
127: 5, 1, 0, 2, 0, 0, 0, 1, 1, 1, 0, 0, 5, 0, 42, 0, 1, 5, 3, 0, 0, 1, 5, 1, 3, 5, 0, 0, 0, 4, 0, 4, 5, 0, 0, 2, 0, 1, 0, 0, 3, 3, 1, 0, 44, 0, 3, 0, 0, 0, 2, 44, 2, 4, 0, 3, 5, 0, 2, 0, 1, 3, 0, 2, 1, 40, 2, 0, 4, 0, 0, 44, 0, 0, 4, 0, 0, 1, 1, 3, : 5, 1, 2, 1, 1, 1, 5, 42, 1, 5, 3, 1, 5, 1, 3, 5, 4, 4, 5, 2, 1, 3, 3, 1, 44, 3, 2, 44, 2, 4, 3, 5, 2, 1, 3, 2, 1, 40, 2, 4, 44, 4, 1, 1, 3, 
110: 4, 0, 0, 5, 0, 1, 4, 44, 40, 0, 0, 0, 2, 4, 0, 2, 0, 3, 0, 0, 0, 40, 0, 0, 5, 2, 0, 4, 0, 0, 5, 2, 3, 0, 40, 3, 0, 0, 0, 0, 0, 0, 1, 0, 3, 0, 5, 5, 4, 0, 0, 5, 3, 42, 0, 1, 5, 5, 0, 0, 1, 4, 0, 0, 4, 1, 2, 0, 5, 5, 0, 0, 0, 0, 42, 5, 4, 0, 3, 4, : 4, 5, 1, 4, 44, 40, 2, 4, 2, 3, 40, 5, 2, 4, 5, 2, 3, 40, 3, 1, 3, 5, 5, 4, 5, 3, 42, 1, 5, 5, 1, 4, 4, 1, 2, 5, 5, 42, 5, 4, 3, 4, 
9: 0, 0, 0, 0, 0, 42, 3, 1, 0, 0, 0, 0, 1, 3, 4, 3, 2, 2, 4, 0, 2, 3, 4, 3, 0, 0, 0, 2, 0, 0, 0, 2, 0, 0, 3, 3, 0, 0, 4, 2, 0, 0, 3, 0, 2, 0, 1, 3, 0, 0, 1, 0, 3, 4, 0, 0, 4, 0, 0, 0, 0, 0, 0, 0, 0, 0, 5, 2, 4, 3, 1, 4, 0, 0, 0, 5, 0, 2, 4, 0, : 42, 3, 1, 1, 3, 4, 3, 2, 2, 4, 2, 3, 4, 3, 2, 2, 3, 3, 4, 2, 3, 2, 1, 3, 1, 3, 4, 4, 5, 2, 4, 3, 1, 4, 5, 2, 4, 
120: 0, 5, 0, 0, 0, 0, 1, 0, 0, 0, 3, 0, 0, 42, 0, 0, 1, 0, 0, 2, 0, 1, 0, 0, 2, 0, 5, 2, 0, 3, 0, 1, 0, 0, 44, 4, 0, 3, 1, 0, 4, 1, 42, 1, 0, 0, 4, 0, 1, 2, 2, 0, 4, 4, 0, 0, 3, 0, 1, 41, 0, 1, 0, 0, 4, 0, 0, 0, 0, 2, 5, 0, 3, 0, 0, 2, 3, 0, 2, 0, : 5, 1, 3, 42, 1, 2, 1, 2, 5, 2, 3, 1, 44, 4, 3, 1, 4, 1, 42, 1, 4, 1, 2, 2, 4, 4, 3, 1, 41, 1, 4, 2, 5, 3, 2, 3, 2, 
37: 0, 0, 44, 4, 0, 0, 0, 0, 1, 1, 0, 0, 0, 0, 1, 0, 0, 0, 2, 0, 0, 3, 0, 40, 0, 0, 5, 4, 0, 0, 0, 4, 0, 0, 0, 4, 3, 2, 0, 0, 1, 0, 0, 0, 0, 3, 5, 0, 0, 5, 0, 2, 2, 5, 0, 0, 1, 5, 1, 0, 44, 44, 5, 0, 4, 1, 5, 0, 4, 0, 5, 0, 0, 0, 0, 0, 1, 0, 2, 41, : 44, 4, 1, 1, 1, 2, 3, 40, 5, 4, 4, 4, 3, 2, 1, 3, 5, 5, 2, 2, 5, 1, 5, 1, 44, 44, 5, 4, 1, 5, 4, 5, 1, 2, 41, 
170: 5, 0, 0, 0, 5, 0, 5, 1, 0, 0, 4, 43, 0, 0, 4, 4, 0, 0, 2, 5, 2, 3, 2, 3, 0, 42, 0, 40, 40, 1, 40, 3, 0, 1, 0, 4, 0, 2, 0, 1, 3, 0, 5, 0, 0, 0, 1, 3, 0, 0, 4, 4, 42, 2, 0, 2, 4, 0, 0, 2, 0, 0, 0, 0, 4, 0, 5, 0, 3, 0, 0, 0, 0, 0, 0, 5, 5, 1, 0, 0, : 5, 5, 5, 1, 4, 43, 4, 4, 2, 5, 2, 3, 2, 3, 42, 40, 40, 1, 40, 3, 1, 4, 2, 1, 3, 5, 1, 3, 4, 4, 42, 2, 2, 4, 2, 4, 5, 3, 5, 5, 1, 
141: 43, 2, 0, 2, 0, 0, 4, 0, 2, 4, 0, 0, 0, 0, 44, 1, 0, 0, 3, 0, 0, 4, 4, 0, 0, 0, 0, 3, 1, 1, 2, 3, 0, 1, 2, 2, 0, 0, 0, 0, 2, 1, 3, 0, 0, 5, 3, 2, 0, 0, 0, 2, 3, 5, 0, 0, 1, 3, 0, 0, 43, 3, 41, 3, 1, 43, 0, 0, 0, 0, 0, 0, 2, 0, 2, 2, 1, 0, 4, 0, : 43, 2, 2, 4, 2, 4, 44, 1, 3, 4, 4, 3, 1, 1, 2, 3, 1, 2, 2, 2, 1, 3, 5, 3, 2, 2, 3, 5, 1, 3, 43, 3, 41, 3, 1, 43, 2, 2, 2, 1, 4, 
133: 0, 0, 0, 5, 0, 2, 1, 2, 40, 0, 0, 3, 0, 0, 0, 1, 0, 0, 0, 0, 0, 0, 0, 0, 0, 0, 1, 2, 0, 41, 1, 2, 44, 0, 0, 5, 4, 0, 0, 0, 0, 4, 0, 0, 2, 0, 2, 4, 5, 42, 3, 0, 1, 3, 4, 2, 4, 0, 3, 0, 0, 2, 3, 43, 44, 2, 2, 2, 2, 1, 0, 0, 0, 0, 40, 4, 5, 43, 1, 0, : 5, 2, 1, 2, 40, 3, 1, 1, 2, 41, 1, 2, 44, 5, 4, 4, 2, 2, 4, 5, 42, 3, 1, 3, 4, 2, 4, 3, 2, 3, 43, 44, 2, 2, 2, 2, 1, 40, 4, 5, 43, 1, 
189: 0, 0, 0, 5, 44, 1, 0, 5, 4, 0, 0, 5, 0, 4, 0, 3, 0, 0, 4, 2, 0, 0, 0, 0, 0, 0, 0, 3, 0, 0, 5, 3, 0, 0, 0, 2, 0, 0, 3, 1, 0, 0, 3, 3, 0, 0, 5, 0, 0, 2, 0, 0, 0, 2, 0, 2, 1, 0, 1, 0, 1, 0, 4, 0, 3, 0, 0, 1, 4, 0, 4, 0, 5, 0, 1, 1, 3, 4, 0, 5, : 5, 44, 1, 5, 4, 5, 4, 3, 4, 2, 3, 5, 3, 2, 3, 1, 3, 3, 5, 2, 2, 2, 1, 1, 1, 4, 3, 1, 4, 4, 5, 1, 1, 3, 4, 5, 
30: 3, 0, 0, 0, 2, 0, 0, 3, 1, 1, 2, 0, 0, 0, 0, 0, 1, 0, 1, 0, 2, 4, 3, 0, 0, 5, 0, 3, 3, 4, 0, 2, 1, 0, 0, 1, 4, 5, 2, 4, 5, 0, 3, 0, 0, 0, 4, 0, 1, 3, 3, 4, 0, 1, 3, 0, 3, 41, 0, 2, 0, 3, 0, 0, 0, 4, 3, 4, 3, 0, 0, 0, 0, 0, 5, 0, 4, 3, 3, 3, : 3, 2, 3, 1, 1, 2, 1, 1, 2, 4, 3, 5, 3, 3, 4, 2, 1, 1, 4, 5, 2, 4, 5, 3, 4, 1, 3, 3, 4, 1, 3, 3, 41, 2, 3, 4, 3, 4, 3, 5, 4, 3, 3, 3, 
47: 5, 0, 1, 2, 0, 0, 4, 5, 0, 41, 2, 1, 5, 5, 0, 2, 0, 5, 5, 0, 3, 0, 1, 44, 0, 0, 3, 0, 5, 4, 5, 4, 0, 3, 3, 2, 4, 5, 3, 2, 3, 4, 4, 3, 0, 5, 1, 0, 42, 0, 0, 1, 4, 4, 42, 0, 1, 0, 2, 5, 3, 0, 1, 0, 1, 0, 5, 0, 2, 0, 0, 1, 1, 0, 1, 3, 0, 5, 3, 0, : 5, 1, 2, 4, 5, 41, 2, 1, 5, 5, 2, 5, 5, 3, 1, 44, 3, 5, 4, 5, 4, 3, 3, 2, 4, 5, 3, 2, 3, 4, 4, 3, 5, 1, 42, 1, 4, 4, 42, 1, 2, 5, 3, 1, 1, 5, 2, 1, 1, 1, 3, 5, 3, 
144: 4, 2, 1, 4, 4, 5, 4, 1, 3, 4, 0, 0, 2, 3, 5, 0, 0, 0, 0, 0, 0, 5, 0, 0, 0, 0, 4, 0, 0, 3, 0, 2, 0, 0, 0, 4, 0, 3, 0, 42, 1, 2, 2, 0, 0, 3, 0, 0, 0, 0, 2, 0, 5, 0, 0, 0, 4, 0, 0, 0, 1, 3, 0, 5, 0, 0, 0, 1, 0, 0, 5, 1, 0, 3, 0, 5, 0, 0, 4, 0, : 4, 2, 1, 4, 4, 5, 4, 1, 3, 4, 2, 3, 5, 5, 4, 3, 2, 4, 3, 42, 1, 2, 2, 3, 2, 5, 4, 1, 3, 5, 1, 5, 1, 3, 5, 4, 
41: 3, 2, 42, 2, 0, 0, 1, 3, 1, 2, 4, 0, 43, 0, 4, 0, 0, 0, 5, 4, 0, 1, 5, 0, 42, 0, 2, 1, 44, 5, 0, 0, 3, 5, 0, 2, 0, 5, 0, 0, 5, 1, 0, 0, 0, 0, 3, 0, 0, 1, 0, 1, 2, 2, 0, 0, 4, 2, 5, 5, 4, 0, 2, 1, 5, 0, 5, 0, 1, 4, 0, 1, 3, 4, 0, 3, 2, 0, 0, 0, : 3, 2, 42, 2, 1, 3, 1, 2, 4, 43, 4, 5, 4, 1, 5, 42, 2, 1, 44, 5, 3, 5, 2, 5, 5, 1, 3, 1, 1, 2, 2, 4, 2, 5, 5, 4, 2, 1, 5, 5, 1, 4, 1, 3, 4, 3, 2, 
96: 0, 1, 5, 5, 0, 0, 2, 1, 0, 0, 0, 5, 0, 0, 0, 5, 0, 0, 0, 2, 3, 4, 3, 0, 0, 0, 0, 0, 3, 4, 0, 1, 0, 0, 1, 1, 0, 0, 0, 0, 0, 0, 0, 0, 0, 0, 1, 1, 0, 0, 0, 0, 0, 0, 5, 1, 4, 5, 0, 2, 0, 2, 41, 0, 0, 1, 1, 0, 0, 0, 0, 1, 0, 5, 4, 1, 1, 0, 4, 0, : 1, 5, 5, 2, 1, 5, 5, 2, 3, 4, 3, 3, 4, 1, 1, 1, 1, 1, 5, 1, 4, 5, 2, 2, 41, 1, 1, 1, 5, 4, 1, 1, 4, 
98: 0, 3, 0, 3, 0, 43, 0, 3, 0, 1, 0, 0, 0, 4, 0, 1, 5, 0, 0, 0, 42, 0, 5, 4, 0, 0, 0, 5, 1, 0, 0, 4, 4, 3, 5, 5, 0, 4, 2, 1, 2, 44, 0, 0, 0, 1, 2, 2, 2, 0, 0, 0, 3, 2, 0, 0, 5, 5, 0, 0, 2, 4, 0, 41, 0, 0, 0, 0, 0, 0, 0, 0, 1, 0, 0, 1, 0, 41, 1, 0, : 3, 3, 43, 3, 1, 4, 1, 5, 42, 5, 4, 5, 1, 4, 4, 3, 5, 5, 4, 2, 1, 2, 44, 1, 2, 2, 2, 3, 2, 5, 5, 2, 4, 41, 1, 1, 41, 1, 
115: 1, 1, 5, 0, 2, 0, 0, 4, 0, 1, 2, 0, 0, 0, 0, 5, 5, 43, 3, 0, 3, 5, 42, 5, 0, 0, 41, 1, 0, 1, 0, 3, 0, 0, 0, 3, 4, 0, 44, 0, 0, 0, 2, 2, 0, 1, 3, 4, 3, 0, 0, 4, 0, 4, 44, 0, 2, 5, 0, 0, 0, 4, 0, 2, 2, 2, 0, 0, 4, 3, 3, 0, 0, 0, 0, 0, 42, 1, 0, 0, : 1, 1, 5, 2, 4, 1, 2, 5, 5, 43, 3, 3, 5, 42, 5, 41, 1, 1, 3, 3, 4, 44, 2, 2, 1, 3, 4, 3, 4, 4, 44, 2, 5, 4, 2, 2, 2, 4, 3, 3, 42, 1, 
114: 5, 4, 0, 2, 5, 3, 2, 3, 4, 0, 1, 2, 0, 0, 0, 1, 0, 1, 0, 0, 0, 2, 0, 0, 2, 1, 0, 4, 1, 5, 1, 42, 0, 1, 0, 3, 0, 0, 40, 0, 5, 0, 0, 1, 0, 0, 2, 44, 0, 0, 0, 0, 2, 0, 0, 41, 2, 2, 0, 0, 0, 0, 1, 0, 3, 0, 3, 0, 0, 2, 0, 0, 0, 5, 0, 1, 3, 0, 3, 40, : 5, 4, 2, 5, 3, 2, 3, 4, 1, 2, 1, 1, 2, 2, 1, 4, 1, 5, 1, 42, 1, 3, 40, 5, 1, 2, 44, 2, 41, 2, 2, 1, 3, 3, 2, 5, 1, 3, 3, 40, 
187: 5, 0, 4, 2, 0, 0, 4, 0, 0, 0, 0, 5, 0, 0, 0, 4, 5, 4, 0, 0, 0, 5, 5, 0, 1, 41, 3, 0, 4, 0, 0, 4, 0, 2, 5, 2, 4, 0, 0, 0, 3, 0, 0, 2, 0, 0, 4, 0, 1, 0, 4, 0, 3, 1, 0, 2, 3, 0, 0, 4, 0, 2, 1, 4, 1, 0, 1, 0, 5, 0, 0, 0, 42, 1, 0, 42, 0, 1, 1, 4, : 5, 4, 2, 4, 5, 4, 5, 4, 5, 5, 1, 41, 3, 4, 4, 2, 5, 2, 4, 3, 2, 4, 1, 4, 3, 1, 2, 3, 4, 2, 1, 4, 1, 1, 5, 42, 1, 42, 1, 1, 4, 
15: 3, 3, 0, 1, 0, 0, 0, 0, 2, 4, 0, 0, 0, 3, 4, 0, 0, 0, 3, 0, 0, 0, 2, 0, 0, 1, 0, 0, 0, 3, 0, 0, 0, 0, 3, 4, 3, 0, 5, 0, 0, 0, 2, 0, 0, 1, 4, 0, 2, 0, 0, 0, 2, 2, 2, 2, 1, 2, 0, 0, 1, 3, 0, 0, 0, 0, 0, 0, 4, 0, 0, 3, 0, 2, 0, 0, 1, 3, 2, 0, : 3, 3, 1, 2, 4, 3, 4, 3, 2, 1, 3, 3, 4, 3, 5, 2, 1, 4, 2, 2, 2, 2, 2, 1, 2, 1, 3, 4, 3, 2, 1, 3, 2, 
33: 3, 0, 0, 1, 0, 0, 0, 5, 4, 41, 0, 5, 3, 0, 0, 0, 4, 0, 4, 2, 0, 2, 4, 0, 0, 0, 0, 0, 4, 0, 0, 3, 43, 0, 0, 4, 1, 4, 0, 0, 5, 5, 5, 0, 2, 0, 5, 0, 4, 5, 0, 1, 0, 1, 0, 0, 2, 5, 0, 0, 0, 2, 4, 0, 3, 3, 0, 0, 0, 0, 0, 0, 0, 2, 0, 1, 2, 3, 5, 0, : 3, 1, 5, 4, 41, 5, 3, 4, 4, 2, 2, 4, 4, 3, 43, 4, 1, 4, 5, 5, 5, 2, 5, 4, 5, 1, 1, 2, 5, 2, 4, 3, 3, 2, 1, 2, 3, 5, 
173: 4, 0, 3, 41, 0, 5, 0, 0, 0, 0, 0, 0, 0, 0, 0, 2, 1, 44, 0, 5, 0, 4, 3, 0, 0, 0, 0, 3, 0, 3, 0, 3, 0, 2, 0, 5, 0, 2, 2, 0, 4, 0, 0, 0, 0, 3, 2, 0, 0, 2, 0, 0, 2, 4, 2, 0, 1, 5, 1, 3, 0, 3, 0, 0, 5, 4, 0, 0, 1, 0, 0, 44, 42, 0, 0, 3, 3, 0, 0, 1, : 4, 3, 41, 5, 2, 1, 44, 5, 4, 3, 3, 3, 3, 2, 5, 2, 2, 4, 3, 2, 2, 2, 4, 2, 1, 5, 1, 3, 3, 5, 4, 1, 44, 42, 3, 3, 1, 
35: 0, 0, 0, 1, 2, 0, 2, 0, 0, 0, 3, 0, 0, 0, 0, 0, 0, 0, 0, 5, 3, 1, 0, 0, 0, 1, 4, 5, 0, 3, 0, 3, 0, 0, 0, 3, 0, 0, 0, 0, 44, 0, 1, 1, 0, 1, 4, 0, 0, 0, 5, 1, 4, 2, 0, 0, 2, 1, 44, 2, 0, 1, 0, 0, 1, 1, 1, 0, 0, 0, 2, 0, 0, 42, 1, 0, 0, 0, 1, 0, : 1, 2, 2, 3, 5, 3, 1, 1, 4, 5, 3, 3, 3, 44, 1, 1, 1, 4, 5, 1, 4, 2, 2, 1, 44, 2, 1, 1, 1, 1, 2, 42, 1, 1, 
68: 2, 4, 0, 2, 0, 0, 43, 2, 0, 3, 3, 0, 0, 0, 0, 2, 4, 0, 4, 1, 0, 4, 4, 0, 0, 0, 0, 5, 5, 1, 0, 2, 0, 5, 2, 4, 0, 0, 0, 0, 0, 0, 0, 5, 5, 0, 4, 0, 2, 40, 0, 0, 2, 0, 5, 4, 3, 0, 3, 3, 3, 0, 4, 0, 5, 3, 1, 2, 2, 4, 40, 1, 0, 2, 0, 0, 0, 0, 3, 0, : 2, 4, 2, 43, 2, 3, 3, 2, 4, 4, 1, 4, 4, 5, 5, 1, 2, 5, 2, 4, 5, 5, 4, 2, 40, 2, 5, 4, 3, 3, 3, 3, 4, 5, 3, 1, 2, 2, 4, 40, 1, 2, 3, 
59: 1, 42, 0, 4, 0, 0, 5, 1, 0, 0, 2, 44, 0, 42, 0, 0, 0, 0, 2, 0, 0, 2, 0, 0, 4, 0, 0, 0, 0, 0, 5, 0, 0, 0, 0, 1, 1, 5, 4, 3, 0, 2, 0, 1, 2, 0, 5, 0, 2, 4, 0, 0, 0, 1, 0, 0, 2, 4, 41, 2, 0, 0, 0, 0, 4, 2, 5, 0, 4, 44, 0, 0, 0, 0, 1, 3, 3, 0, 3, 0, : 1, 42, 4, 5, 1, 2, 44, 42, 2, 2, 4, 5, 1, 1, 5, 4, 3, 2, 1, 2, 5, 2, 4, 1, 2, 4, 41, 2, 4, 2, 5, 4, 44, 1, 3, 3, 3, 
118: 0, 0, 0, 3, 0, 0, 0, 3, 4, 2, 42, 4, 5, 0, 0, 4, 41, 0, 0, 0, 0, 4, 5, 0, 0, 0, 0, 3, 0, 4, 0, 0, 4, 43, 0, 4, 2, 4, 0, 2, 5, 0, 5, 5, 0, 0, 5, 0, 0, 0, 0, 0, 0, 1, 2, 3, 3, 4, 0, 4, 0, 3, 0, 2, 2, 0, 4, 0, 0, 0, 0, 0, 0, 0, 0, 2, 4, 0, 1, 3, : 3, 3, 4, 2, 42, 4, 5, 4, 41, 4, 5, 3, 4, 4, 43, 4, 2, 4, 2, 5, 5, 5, 5, 1, 2, 3, 3, 4, 4, 3, 2, 2, 4, 2, 4, 1, 3, 
25: 4, 4, 0, 3, 42, 5, 0, 1, 3, 0, 0, 0, 2, 2, 3, 4, 41, 0, 5, 5, 4, 0, 2, 0, 1, 1, 2, 1, 5, 0, 1, 4, 0, 0, 0, 5, 0, 5, 0, 0, 1, 5, 0, 0, 0, 2, 3, 0, 4, 0, 5, 0, 5, 1, 0, 0, 2, 0, 0, 0, 0, 4, 0, 0, 5, 1, 2, 5, 0, 5, 1, 5, 4, 0, 0, 2, 5, 0, 4, 0, : 4, 4, 3, 42, 5, 1, 3, 2, 2, 3, 4, 41, 5, 5, 4, 2, 1, 1, 2, 1, 5, 1, 4, 5, 5, 1, 5, 2, 3, 4, 5, 5, 1, 2, 4, 5, 1, 2, 5, 5, 1, 5, 4, 2, 5, 4, 
81: 4, 3, 0, 0, 3, 3, 4, 3, 0, 0, 0, 0, 43, 0, 0, 1, 0, 3, 0, 1, 0, 0, 0, 0, 0, 1, 0, 4, 0, 4, 0, 4, 0, 0, 0, 1, 0, 0, 0, 0, 4, 2, 4, 0, 0, 41, 4, 0, 0, 0, 0, 0, 0, 0, 5, 4, 1, 5, 0, 2, 0, 5, 0, 0, 0, 0, 3, 0, 0, 2, 0, 0, 0, 1, 5, 1, 1, 3, 0, 2, : 4, 3, 3, 3, 4, 3, 43, 1, 3, 1, 1, 4, 4, 4, 1, 4, 2, 4, 41, 4, 5, 4, 1, 5, 2, 5, 3, 2, 1, 5, 1, 1, 3, 2, 
193: 0, 3, 0, 5, 0, 0, 1, 1, 0, 1, 0, 0, 0, 0, 0, 0, 0, 0, 0, 0, 43, 2, 0, 0, 0, 3, 3, 2, 3, 0, 0, 0, 0, 0, 0, 2, 3, 4, 2, 0, 1, 0, 3, 0, 41, 0, 1, 0, 2, 0, 1, 0, 5, 0, 2, 0, 1, 1, 0, 0, 3, 5, 4, 2, 2, 0, 3, 2, 42, 0, 0, 5, 0, 0, 0, 2, 0, 0, 2, 0, : 3, 5, 1, 1, 1, 43, 2, 3, 3, 2, 3, 2, 3, 4, 2, 1, 3, 41, 1, 2, 1, 5, 2, 1, 1, 3, 5, 4, 2, 2, 3, 2, 42, 5, 2, 2, 
186: 0, 0, 0, 0, 0, 0, 4, 2, 0, 0, 0, 0, 0, 0, 2, 3, 0, 2, 0, 42, 0, 2, 2, 0, 2, 0, 0, 0, 0, 0, 0, 2, 0, 4, 1, 0, 0, 2, 2, 0, 0, 0, 2, 0, 3, 42, 1, 0, 0, 4, 4, 0, 1, 0, 2, 3, 1, 5, 1, 0, 4, 1, 0, 0, 0, 2, 0, 5, 0, 40, 0, 0, 1, 5, 0, 0, 5, 0, 3, 0, : 4, 2, 2, 3, 2, 42, 2, 2, 2, 2, 4, 1, 2, 2, 2, 3, 42, 1, 4, 4, 1, 2, 3, 1, 5, 1, 4, 1, 2, 5, 40, 1, 5, 5, 3, 
54: 5, 0, 0, 2, 0, 0, 4, 1, 0, 0, 0, 0, 0, 0, 0, 4, 0, 0, 2, 0, 0, 1, 1, 3, 3, 5, 0, 0, 0, 3, 4, 1, 0, 4, 2, 2, 42, 3, 0, 4, 1, 0, 5, 0, 0, 0, 2, 0, 0, 5, 0, 0, 3, 4, 0, 0, 4, 5, 0, 0, 0, 4, 0, 0, 0, 0, 5, 0, 0, 0, 0, 0, 5, 0, 1, 1, 4, 0, 0, 0, : 5, 2, 4, 1, 4, 2, 1, 1, 3, 3, 5, 3, 4, 1, 4, 2, 2, 42, 3, 4, 1, 5, 2, 5, 3, 4, 4, 5, 4, 5, 5, 1, 1, 4, 
18: 0, 0, 3, 0, 2, 0, 2, 5, 1, 0, 4, 0, 0, 0, 0, 4, 0, 1, 2, 0, 0, 4, 2, 0, 1, 0, 0, 1, 0, 3, 1, 0, 0, 40, 2, 4, 0, 0, 0, 42, 3, 42, 4, 0, 5, 4, 2, 4, 0, 0, 0, 0, 4, 5, 0, 0, 2, 0, 0, 40, 4, 4, 0, 3, 0, 0, 0, 43, 4, 0, 0, 0, 1, 0, 0, 2, 0, 1, 2, 0, : 3, 2, 2, 5, 1, 4, 4, 1, 2, 4, 2, 1, 1, 3, 1, 40, 2, 4, 42, 3, 42, 4, 5, 4, 2, 4, 4, 5, 2, 40, 4, 4, 3, 43, 4, 1, 2, 1, 2, 
149: 0, 0, 0, 1, 0, 0, 2, 0, 0, 4, 0, 0, 0, 0, 0, 0, 0, 0, 5, 1, 5, 3, 0, 0, 0, 0, 1, 5, 0, 5, 0, 0, 5, 0, 4, 2, 0, 2, 0, 4, 0, 0, 0, 0, 2, 0, 2, 0, 0, 0, 0, 44, 1, 0, 0, 0, 6, 4, 1, 0, 0, 0, 4, 1, 2, 0, 0, 0, 4, 0, 0, 0, 0, 0, 0, 2, 2, 1, 40, 3, : 1, 2, 4, 5, 1, 5, 3, 1, 5, 5, 5, 4, 2, 2, 4, 2, 2, 44, 1, 6, 4, 1, 4, 1, 2, 4, 2, 2, 1, 40, 3, 
85: 1, 0, 0, 0, 1, 0, 5, 4, 0, 2, 41, 1, 0, 4, 5, 3, 2, 4, 0, 0, 0, 0, 0, 0, 4, 0, 2, 2, 0, 0, 0, 0, 0, 0, 0, 1, 0, 0, 1, 0, 2, 0, 3, 0, 1, 0, 2, 0, 0, 0, 0, 0, 2, 2, 0, 0, 5, 0, 3, 0, 0, 0, 0, 0, 3, 0, 0, 0, 0, 0, 42, 0, 5, 41, 0, 2, 5, 0, 3, 0, : 1, 1, 5, 4, 2, 41, 1, 4, 5, 3, 2, 4, 4, 2, 2, 1, 1, 2, 3, 1, 2, 2, 2, 5, 3, 3, 42, 5, 41, 2, 5, 3, 
40: 0, 0, 5, 0, 0, 5, 4, 2, 1, 1, 0, 0, 0, 0, 2, 5, 0, 0, 44, 0, 0, 1, 2, 4, 2, 0, 0, 0, 0, 1, 0, 2, 5, 5, 0, 4, 1, 0, 0, 3, 3, 4, 1, 43, 0, 0, 2, 0, 2, 1, 0, 2, 2, 1, 0, 2, 5, 0, 0, 0, 0, 5, 2, 2, 2, 0, 5, 0, 5, 0, 0, 0, 0, 4, 0, 4, 0, 1, 4, 5, : 5, 5, 4, 2, 1, 1, 2, 5, 44, 1, 2, 4, 2, 1, 2, 5, 5, 4, 1, 3, 3, 4, 1, 43, 2, 2, 1, 2, 2, 1, 2, 5, 5, 2, 2, 2, 5, 5, 4, 4, 1, 4, 5, 
155: 4, 0, 5, 2, 0, 0, 5, 5, 0, 0, 2, 0, 4, 3, 0, 3, 0, 1, 1, 0, 1, 1, 2, 5, 5, 4, 0, 5, 1, 5, 3, 0, 0, 0, 0, 3, 0, 5, 0, 0, 5, 0, 5, 4, 2, 1, 5, 0, 0, 0, 0, 5, 0, 4, 0, 0, 5, 2, 0, 2, 0, 5, 2, 0, 0, 1, 0, 5, 1, 5, 3, 0, 0, 1, 5, 5, 0, 3, 2, 4, : 4, 5, 2, 5, 5, 2, 4, 3, 3, 1, 1, 1, 1, 2, 5, 5, 4, 5, 1, 5, 3, 3, 5, 5, 5, 4, 2, 1, 5, 5, 4, 5, 2, 2, 5, 2, 1, 5, 1, 5, 3, 1, 5, 5, 3, 2, 4, 
181: 0, 40, 2, 3, 0, 0, 2, 0, 2, 0, 0, 0, 0, 1, 0, 40, 2, 0, 5, 0, 0, 3, 3, 3, 0, 0, 0, 1, 0, 5, 0, 3, 0, 0, 0, 5, 0, 40, 3, 4, 0, 0, 2, 4, 1, 0, 4, 43, 41, 0, 0, 0, 0, 3, 0, 0, 5, 3, 0, 0, 3, 0, 0, 2, 3, 0, 2, 0, 5, 0, 5, 0, 3, 2, 0, 0, 0, 0, 1, 0, : 40, 2, 3, 2, 2, 1, 40, 2, 5, 3, 3, 3, 1, 5, 3, 5, 40, 3, 4, 2, 4, 1, 4, 43, 41, 3, 5, 3, 3, 2, 3, 2, 5, 5, 3, 2, 1, 
57: 1, 0, 0, 2, 2, 4, 0, 4, 5, 5, 1, 0, 0, 0, 0, 5, 0, 0, 2, 0, 0, 0, 0, 0, 0, 0, 44, 3, 0, 0, 0, 1, 0, 0, 3, 4, 0, 0, 0, 0, 1, 0, 4, 0, 4, 0, 2, 0, 2, 0, 40, 0, 0, 0, 0, 0, 3, 0, 3, 1, 0, 0, 0, 2, 0, 5, 4, 0, 0, 0, 1, 0, 2, 0, 0, 3, 0, 1, 4, 0, : 1, 2, 2, 4, 4, 5, 5, 1, 5, 2, 44, 3, 1, 3, 4, 1, 4, 4, 2, 2, 40, 3, 3, 1, 2, 5, 4, 1, 2, 3, 1, 4, 
63: 5, 0, 0, 4, 0, 0, 0, 0, 1, 1, 0, 0, 5, 0, 0, 4, 4, 0, 5, 0, 4, 2, 4, 5, 3, 4, 0, 3, 0, 3, 44, 0, 3, 0, 0, 5, 0, 5, 0, 5, 0, 0, 3, 44, 1, 0, 4, 0, 0, 4, 0, 0, 0, 3, 2, 42, 4, 0, 1, 0, 2, 0, 0, 1, 1, 0, 42, 5, 2, 0, 0, 5, 0, 0, 0, 1, 3, 0, 0, 0, : 5, 4, 1, 1, 5, 4, 4, 5, 4, 2, 4, 5, 3, 4, 3, 3, 44, 3, 5, 5, 5, 3, 44, 1, 4, 4, 3, 2, 42, 4, 1, 2, 1, 1, 42, 5, 2, 5, 1, 3, 
104: 0, 0, 0, 1, 4, 0, 2, 0, 0, 0, 3, 0, 0, 0, 0, 0, 1, 1, 4, 1, 0, 2, 0, 0, 0, 0, 0, 2, 0, 0, 0, 2, 0, 0, 0, 0, 44, 5, 0, 0, 2, 0, 0, 1, 0, 2, 4, 0, 0, 0, 44, 0, 4, 1, 0, 3, 4, 1, 3, 0, 0, 0, 1, 4, 4, 4, 0, 0, 4, 0, 3, 4, 0, 0, 4, 5, 3, 0, 4, 0, : 1, 4, 2, 3, 1, 1, 4, 1, 2, 2, 2, 44, 5, 2, 1, 2, 4, 44, 4, 1, 3, 4, 1, 3, 1, 4, 4, 4, 4, 3, 4, 4, 5, 3, 4, 


135: 5, 0, 2, 0, 3, 0, 1, 0, 1, 0, 0, 0, 2, 0, 0, 0, 4, 0, 0, 2, 0, 4, 3, 0, 0, 0, 2, 2, 0, 2, 0, 0, 0, 40, 1, 5, 0, 1, 0, 0, 4, 4, 0, 0, 0, 0, 0, 3, 0, 0, 5, 0, 0, 3, 0, 0, 1, 2, 4, 0, 4, 3, 3, 0, 2, 0, 3, 4, 2, 5, 2, 0, 0, 0, 3, 2, 3, 2, 0, 2, : 5, 2, 3, 1, 1, 2, 4, 2, 4, 3, 2, 2, 2, 40, 1, 5, 1, 4, 4, 3, 5, 3, 1, 2, 4, 4, 3, 3, 2, 3, 4, 2, 5, 2, 3, 2, 3, 2, 2, 
49: 0, 0, 4, 0, 3, 0, 2, 0, 1, 3, 0, 0, 4, 0, 5, 4, 3, 0, 0, 3, 1, 1, 40, 1, 1, 2, 0, 1, 0, 0, 0, 3, 0, 0, 43, 0, 0, 0, 0, 1, 0, 0, 3, 0, 0, 4, 0, 2, 0, 0, 0, 3, 0, 1, 0, 5, 0, 3, 1, 0, 5, 0, 2, 0, 0, 0, 2, 0, 2, 0, 3, 0, 0, 0, 0, 0, 41, 1, 0, 0, : 4, 3, 2, 1, 3, 4, 5, 4, 3, 3, 1, 1, 40, 1, 1, 2, 1, 3, 43, 1, 3, 4, 2, 3, 1, 5, 3, 1, 5, 2, 2, 2, 3, 41, 1, 
153: 3, 0, 0, 0, 5, 0, 2, 2, 1, 0, 42, 0, 2, 0, 1, 0, 1, 0, 1, 2, 4, 4, 0, 3, 3, 41, 1, 0, 0, 0, 0, 4, 0, 0, 0, 1, 5, 0, 3, 0, 0, 0, 4, 2, 3, 0, 0, 0, 44, 0, 0, 42, 4, 5, 0, 2, 0, 0, 0, 42, 4, 0, 0, 1, 1, 0, 0, 5, 0, 0, 3, 5, 0, 5, 1, 0, 0, 0, 0, 5, : 3, 5, 2, 2, 1, 42, 2, 1, 1, 1, 2, 4, 4, 3, 3, 41, 1, 4, 1, 5, 3, 4, 2, 3, 44, 42, 4, 5, 2, 42, 4, 1, 1, 5, 3, 5, 5, 1, 5, 
16: 1, 4, 0, 2, 0, 0, 4, 0, 3, 0, 2, 1, 0, 0, 0, 1, 1, 2, 5, 0, 44, 0, 0, 3, 5, 2, 4, 0, 0, 4, 1, 0, 5, 42, 0, 4, 5, 0, 4, 2, 0, 0, 4, 5, 0, 44, 0, 0, 0, 5, 0, 1, 4, 2, 1, 2, 0, 3, 0, 0, 2, 0, 4, 5, 1, 0, 2, 4, 2, 0, 5, 0, 0, 0, 2, 5, 1, 3, 0, 1, : 1, 4, 2, 4, 3, 2, 1, 1, 1, 2, 5, 44, 3, 5, 2, 4, 4, 1, 5, 42, 4, 5, 4, 2, 4, 5, 44, 5, 1, 4, 2, 1, 2, 3, 2, 4, 5, 1, 2, 4, 2, 5, 2, 5, 1, 3, 1, 
72: 0, 0, 0, 3, 4, 0, 3, 0, 0, 0, 0, 0, 2, 3, 4, 2, 2, 0, 0, 0, 1, 0, 0, 2, 0, 0, 1, 4, 5, 0, 0, 1, 0, 0, 3, 5, 0, 1, 0, 42, 0, 1, 2, 5, 0, 2, 0, 0, 0, 5, 1, 3, 2, 2, 0, 0, 5, 5, 0, 0, 3, 0, 4, 44, 3, 0, 0, 3, 0, 43, 0, 0, 0, 5, 0, 0, 5, 43, 2, 0, : 3, 4, 3, 2, 3, 4, 2, 2, 1, 2, 1, 4, 5, 1, 3, 5, 1, 42, 1, 2, 5, 2, 5, 1, 3, 2, 2, 5, 5, 3, 4, 44, 3, 3, 43, 5, 5, 43, 2, 
46: 4, 0, 3, 3, 0, 0, 0, 0, 1, 3, 0, 2, 5, 0, 4, 5, 5, 0, 41, 0, 1, 0, 0, 1, 0, 4, 0, 3, 0, 0, 1, 3, 0, 0, 0, 4, 3, 0, 5, 42, 0, 0, 4, 0, 4, 1, 2, 5, 0, 0, 3, 1, 0, 5, 44, 1, 0, 5, 44, 0, 0, 0, 4, 0, 2, 0, 5, 0, 0, 3, 0, 0, 0, 0, 3, 4, 0, 0, 5, 1, : 4, 3, 3, 1, 3, 2, 5, 4, 5, 5, 41, 1, 1, 4, 3, 1, 3, 4, 3, 5, 42, 4, 4, 1, 2, 5, 3, 1, 5, 44, 1, 5, 44, 4, 2, 5, 3, 3, 4, 5, 1, 
77: 4, 1, 5, 0, 0, 0, 2, 0, 4, 0, 4, 0, 0, 0, 0, 3, 0, 5, 1, 0, 0, 0, 0, 4, 4, 1, 0, 3, 5, 0, 0, 0, 40, 5, 0, 2, 0, 0, 2, 0, 2, 0, 2, 0, 1, 2, 4, 0, 1, 3, 0, 0, 2, 2, 4, 1, 3, 0, 0, 1, 1, 0, 0, 1, 2, 0, 0, 1, 0, 0, 0, 0, 1, 5, 5, 4, 3, 0, 41, 0, : 4, 1, 5, 2, 4, 4, 3, 5, 1, 4, 4, 1, 3, 5, 40, 5, 2, 2, 2, 2, 1, 2, 4, 1, 3, 2, 2, 4, 1, 3, 1, 1, 1, 2, 1, 1, 5, 5, 4, 3, 41, 
163: 0, 0, 44, 0, 3, 0, 1, 1, 2, 43, 0, 0, 4, 0, 0, 4, 3, 0, 0, 0, 0, 0, 0, 0, 40, 0, 2, 4, 0, 0, 4, 0, 1, 0, 0, 2, 0, 0, 3, 0, 0, 0, 0, 3, 0, 5, 2, 0, 5, 0, 0, 4, 0, 4, 1, 3, 41, 0, 0, 4, 0, 2, 0, 0, 5, 3, 2, 0, 40, 0, 0, 0, 1, 0, 3, 2, 5, 1, 0, 0, : 44, 3, 1, 1, 2, 43, 4, 4, 3, 40, 2, 4, 4, 1, 2, 3, 3, 5, 2, 5, 4, 4, 1, 3, 41, 4, 2, 5, 3, 2, 40, 1, 3, 2, 5, 1, 
176: 0, 2, 3, 0, 1, 0, 3, 4, 0, 0, 0, 3, 2, 0, 0, 0, 1, 5, 0, 0, 0, 0, 0, 41, 0, 5, 2, 0, 43, 5, 4, 0, 0, 1, 5, 5, 0, 0, 5, 0, 3, 1, 2, 5, 0, 0, 0, 0, 0, 0, 42, 0, 0, 5, 0, 1, 0, 44, 0, 3, 0, 0, 2, 0, 0, 2, 0, 4, 0, 0, 5, 1, 5, 0, 5, 0, 2, 1, 2, 0, : 2, 3, 1, 3, 4, 3, 2, 1, 5, 41, 5, 2, 43, 5, 4, 1, 5, 5, 5, 3, 1, 2, 5, 42, 5, 1, 44, 3, 2, 2, 4, 5, 1, 5, 5, 2, 1, 2, 
150: 41, 4, 3, 0, 1, 0, 1, 0, 4, 43, 1, 0, 2, 2, 4, 3, 3, 0, 0, 0, 0, 5, 41, 5, 0, 4, 0, 0, 0, 5, 0, 0, 0, 0, 0, 5, 43, 4, 4, 1, 0, 0, 0, 4, 3, 0, 4, 0, 0, 4, 5, 1, 0, 5, 0, 2, 1, 2, 0, 0, 0, 1, 3, 2, 0, 0, 0, 1, 0, 0, 5, 0, 0, 0, 0, 3, 0, 0, 0, 0, : 41, 4, 3, 1, 1, 4, 43, 1, 2, 2, 4, 3, 3, 5, 41, 5, 4, 5, 5, 43, 4, 4, 1, 4, 3, 4, 4, 5, 1, 5, 2, 1, 2, 1, 3, 2, 1, 5, 3, 
11: 2, 0, 1, 3, 0, 0, 4, 4, 3, 0, 1, 42, 0, 0, 1, 1, 1, 0, 0, 0, 0, 0, 4, 0, 5, 3, 1, 0, 0, 43, 0, 0, 0, 5, 0, 3, 0, 0, 1, 0, 0, 0, 42, 0, 0, 0, 0, 0, 43, 41, 0, 1, 2, 3, 0, 0, 0, 5, 0, 1, 0, 3, 4, 0, 1, 0, 0, 0, 0, 0, 3, 0, 42, 0, 5, 0, 0, 0, 0, 1, : 2, 1, 3, 4, 4, 3, 1, 42, 1, 1, 1, 4, 5, 3, 1, 43, 5, 3, 1, 42, 43, 41, 1, 2, 3, 5, 1, 3, 4, 1, 3, 42, 5, 1, 
107: 0, 0, 0, 4, 3, 2, 0, 0, 0, 0, 5, 0, 3, 4, 1, 4, 4, 0, 0, 0, 0, 0, 0, 0, 5, 5, 4, 0, 0, 0, 5, 0, 0, 0, 0, 3, 5, 3, 0, 3, 4, 2, 5, 0, 0, 5, 0, 40, 0, 1, 0, 0, 0, 3, 3, 3, 0, 4, 5, 5, 0, 0, 4, 0, 0, 0, 0, 2, 41, 4, 0, 5, 42, 0, 1, 0, 0, 5, 5, 0, : 4, 3, 2, 5, 3, 4, 1, 4, 4, 5, 5, 4, 5, 3, 5, 3, 3, 4, 2, 5, 5, 40, 1, 3, 3, 3, 4, 5, 5, 4, 2, 41, 4, 5, 42, 1, 5, 5, 
191: 2, 1, 0, 5, 5, 0, 0, 2, 3, 1, 3, 0, 1, 0, 0, 0, 2, 41, 1, 0, 5, 2, 0, 1, 0, 3, 0, 2, 0, 0, 44, 0, 0, 0, 0, 4, 4, 4, 0, 0, 0, 1, 3, 42, 4, 4, 0, 4, 1, 0, 0, 0, 1, 2, 4, 2, 5, 3, 0, 2, 41, 4, 3, 1, 3, 0, 0, 4, 1, 4, 4, 2, 0, 2, 0, 2, 3, 0, 0, 0, : 2, 1, 5, 5, 2, 3, 1, 3, 1, 2, 41, 1, 5, 2, 1, 3, 2, 44, 4, 4, 4, 1, 3, 42, 4, 4, 4, 1, 1, 2, 4, 2, 5, 3, 2, 41, 4, 3, 1, 3, 4, 1, 4, 4, 2, 2, 2, 3, 
4: 0, 1, 0, 5, 2, 0, 4, 40, 0, 0, 4, 0, 2, 2, 0, 3, 1, 1, 0, 0, 0, 0, 0, 0, 4, 0, 0, 2, 0, 0, 0, 0, 0, 0, 4, 2, 0, 0, 0, 3, 3, 0, 0, 0, 0, 3, 3, 2, 0, 0, 0, 1, 41, 2, 5, 0, 0, 3, 0, 2, 0, 0, 0, 0, 3, 0, 3, 4, 4, 2, 0, 2, 0, 1, 0, 0, 4, 0, 0, 3, : 1, 5, 2, 4, 40, 4, 2, 2, 3, 1, 1, 4, 2, 4, 2, 3, 3, 3, 3, 2, 1, 41, 2, 5, 3, 2, 3, 3, 4, 4, 2, 2, 1, 4, 3, 
183: 4, 5, 5, 1, 4, 5, 0, 0, 3, 0, 0, 5, 3, 2, 44, 5, 5, 0, 0, 0, 5, 1, 0, 3, 0, 1, 0, 0, 0, 5, 0, 1, 0, 1, 3, 2, 0, 0, 0, 4, 2, 0, 0, 4, 4, 3, 0, 1, 0, 3, 5, 0, 0, 4, 2, 4, 4, 1, 0, 0, 1, 0, 0, 0, 1, 0, 3, 0, 0, 2, 4, 0, 0, 0, 2, 0, 0, 0, 0, 0, : 4, 5, 5, 1, 4, 5, 3, 5, 3, 2, 44, 5, 5, 5, 1, 3, 1, 5, 1, 1, 3, 2, 4, 2, 4, 4, 3, 1, 3, 5, 4, 2, 4, 4, 1, 1, 1, 3, 2, 4, 2, 
116: 4, 3, 3, 4, 0, 1, 44, 0, 0, 2, 0, 0, 3, 0, 41, 0, 1, 0, 0, 2, 0, 1, 5, 1, 2, 4, 3, 2, 5, 1, 2, 0, 0, 0, 1, 3, 0, 0, 2, 0, 2, 43, 5, 2, 0, 4, 0, 2, 0, 3, 0, 0, 1, 4, 2, 4, 2, 0, 3, 0, 4, 0, 1, 3, 1, 0, 0, 0, 0, 0, 3, 0, 1, 1, 0, 0, 0, 0, 0, 1, : 4, 3, 3, 4, 1, 44, 2, 3, 41, 1, 2, 1, 5, 1, 2, 4, 3, 2, 5, 1, 2, 1, 3, 2, 2, 43, 5, 2, 4, 2, 3, 1, 4, 2, 4, 2, 3, 4, 1, 3, 1, 3, 1, 1, 1, 
151: 2, 0, 5, 4, 44, 0, 2, 0, 5, 0, 0, 41, 1, 5, 0, 4, 2, 0, 44, 0, 41, 0, 0, 3, 0, 5, 1, 5, 0, 0, 0, 0, 0, 0, 0, 3, 2, 5, 2, 1, 0, 0, 2, 0, 0, 0, 1, 42, 3, 0, 40, 1, 0, 3, 4, 41, 0, 1, 1, 0, 0, 0, 3, 1, 3, 42, 0, 4, 0, 0, 0, 0, 4, 40, 0, 5, 1, 0, 0, 40, : 2, 5, 4, 44, 2, 5, 41, 1, 5, 4, 2, 44, 41, 3, 5, 1, 5, 3, 2, 5, 2, 1, 2, 1, 42, 3, 40, 1, 3, 4, 41, 1, 1, 3, 1, 3, 42, 4, 4, 40, 5, 1, 40, 
169: 4, 1, 0, 0, 5, 1, 2, 1, 1, 0, 3, 0, 1, 0, 0, 0, 0, 0, 0, 42, 1, 0, 0, 5, 3, 5, 0, 2, 0, 0, 0, 2, 0, 0, 0, 0, 0, 0, 1, 0, 3, 0, 4, 4, 0, 1, 0, 0, 0, 0, 1, 1, 2, 3, 2, 0, 0, 5, 0, 5, 4, 0, 0, 4, 2, 3, 42, 5, 1, 5, 2, 4, 4, 0, 4, 5, 2, 44, 41, 0, : 4, 1, 5, 1, 2, 1, 1, 3, 1, 42, 1, 5, 3, 5, 2, 2, 1, 3, 4, 4, 1, 1, 1, 2, 3, 2, 5, 5, 4, 4, 2, 3, 42, 5, 1, 5, 2, 4, 4, 4, 5, 2, 44, 41, 
36: 0, 44, 0, 3, 1, 0, 0, 0, 0, 0, 2, 0, 1, 0, 0, 3, 0, 0, 3, 0, 4, 0, 0, 0, 0, 0, 0, 4, 1, 0, 0, 2, 4, 0, 0, 5, 0, 2, 5, 0, 1, 0, 4, 0, 5, 0, 0, 3, 3, 0, 0, 0, 0, 4, 0, 2, 0, 0, 0, 0, 2, 1, 2, 1, 5, 5, 0, 1, 0, 0, 0, 2, 1, 0, 1, 1, 0, 0, 0, 0, : 44, 3, 1, 2, 1, 3, 3, 4, 4, 1, 2, 4, 5, 2, 5, 1, 4, 5, 3, 3, 4, 2, 2, 1, 2, 1, 5, 5, 1, 2, 1, 1, 1, 
38: 1, 1, 4, 0, 4, 41, 1, 0, 44, 0, 2, 0, 42, 44, 0, 41, 1, 3, 0, 5, 5, 0, 0, 5, 3, 4, 2, 2, 2, 0, 0, 0, 3, 2, 1, 2, 44, 0, 0, 2, 3, 44, 0, 3, 0, 0, 0, 0, 0, 0, 0, 0, 0, 1, 4, 2, 0, 0, 0, 0, 0, 0, 1, 0, 1, 0, 42, 2, 3, 0, 0, 0, 0, 0, 1, 3, 0, 0, 4, 0, : 1, 1, 4, 4, 41, 1, 44, 2, 42, 44, 41, 1, 3, 5, 5, 5, 3, 4, 2, 2, 2, 3, 2, 1, 2, 44, 2, 3, 44, 3, 1, 4, 2, 1, 1, 42, 2, 3, 1, 3, 4, 
8: 0, 0, 0, 4, 0, 0, 1, 2, 3, 0, 5, 0, 4, 0, 0, 2, 1, 0, 0, 2, 0, 2, 0, 0, 0, 4, 0, 4, 0, 43, 0, 42, 0, 0, 0, 4, 5, 4, 0, 0, 0, 0, 0, 5, 1, 0, 0, 1, 1, 0, 0, 40, 0, 3, 0, 5, 0, 0, 4, 0, 0, 2, 0, 2, 5, 0, 0, 0, 1, 0, 0, 0, 0, 0, 4, 5, 0, 2, 1, 0, : 4, 1, 2, 3, 5, 4, 2, 1, 2, 2, 4, 4, 43, 42, 4, 5, 4, 5, 1, 1, 1, 40, 3, 5, 4, 2, 2, 5, 1, 4, 5, 2, 1, 
106: 0, 0, 3, 1, 0, 0, 2, 0, 4, 0, 0, 2, 0, 0, 0, 2, 3, 0, 2, 0, 1, 41, 0, 4, 3, 0, 42, 0, 0, 4, 41, 0, 0, 0, 1, 0, 0, 0, 1, 1, 43, 4, 4, 3, 0, 5, 0, 0, 0, 3, 4, 0, 1, 5, 4, 4, 4, 0, 1, 0, 0, 0, 0, 0, 0, 0, 0, 5, 1, 0, 0, 0, 0, 0, 0, 2, 0, 0, 3, 3, : 3, 1, 2, 4, 2, 2, 3, 2, 1, 41, 4, 3, 42, 4, 41, 1, 1, 1, 43, 4, 4, 3, 5, 3, 4, 1, 5, 4, 4, 4, 1, 5, 1, 2, 3, 3, 
45: 2, 0, 4, 1, 0, 3, 0, 1, 0, 4, 2, 0, 2, 0, 0, 0, 0, 44, 0, 3, 0, 0, 1, 3, 5, 4, 0, 4, 0, 0, 1, 0, 0, 4, 4, 2, 0, 0, 4, 0, 2, 0, 0, 4, 0, 4, 3, 0, 4, 0, 0, 0, 0, 3, 5, 0, 0, 5, 0, 0, 3, 0, 0, 3, 4, 4, 0, 0, 0, 0, 40, 0, 3, 0, 5, 0, 1, 2, 4, 3, : 2, 4, 1, 3, 1, 4, 2, 2, 44, 3, 1, 3, 5, 4, 4, 1, 4, 4, 2, 4, 2, 4, 4, 3, 4, 3, 5, 5, 3, 3, 4, 4, 40, 3, 5, 1, 2, 4, 3, 
75: 5, 2, 2, 3, 1, 5, 5, 3, 5, 0, 5, 0, 1, 0, 0, 0, 1, 0, 5, 0, 2, 0, 0, 0, 5, 0, 3, 0, 0, 0, 0, 5, 0, 4, 0, 4, 0, 44, 0, 2, 0, 0, 0, 3, 40, 2, 0, 1, 0, 0, 0, 0, 1, 4, 1, 0, 0, 4, 0, 0, 4, 41, 5, 0, 4, 1, 4, 0, 0, 0, 4, 5, 3, 5, 0, 3, 2, 4, 5, 0, : 5, 2, 2, 3, 1, 5, 5, 3, 5, 5, 1, 1, 5, 2, 5, 3, 5, 4, 4, 44, 2, 3, 40, 2, 1, 1, 4, 1, 4, 4, 41, 5, 4, 1, 4, 4, 5, 3, 5, 3, 2, 4, 5, 
148: 4, 42, 0, 3, 2, 2, 0, 44, 5, 0, 0, 2, 0, 0, 0, 0, 3, 0, 0, 0, 0, 0, 4, 5, 4, 0, 0, 2, 0, 0, 1, 0, 3, 0, 3, 1, 2, 3, 4, 0, 2, 0, 4, 1, 0, 1, 0, 0, 0, 0, 4, 0, 4, 2, 5, 5, 3, 0, 0, 0, 2, 0, 5, 0, 0, 2, 0, 5, 0, 0, 0, 2, 5, 0, 4, 5, 0, 0, 0, 0, : 4, 42, 3, 2, 2, 44, 5, 2, 3, 4, 5, 4, 2, 1, 3, 3, 1, 2, 3, 4, 2, 4, 1, 1, 4, 4, 2, 5, 5, 3, 2, 5, 2, 5, 2, 5, 4, 5, 
20: 0, 0, 1, 42, 3, 0, 5, 0, 4, 2, 5, 2, 4, 4, 0, 3, 1, 4, 0, 5, 1, 3, 0, 4, 0, 1, 41, 0, 2, 5, 0, 0, 5, 0, 2, 3, 0, 0, 0, 1, 0, 0, 1, 0, 3, 0, 5, 0, 3, 5, 0, 3, 0, 4, 0, 3, 0, 3, 0, 0, 0, 0, 3, 41, 1, 3, 0, 1, 0, 0, 0, 0, 0, 4, 2, 2, 0, 0, 0, 44, : 1, 42, 3, 5, 4, 2, 5, 2, 4, 4, 3, 1, 4, 5, 1, 3, 4, 1, 41, 2, 5, 5, 2, 3, 1, 1, 3, 5, 3, 5, 3, 4, 3, 3, 3, 41, 1, 3, 1, 4, 2, 2, 44, 
48: 0, 0, 1, 2, 0, 4, 4, 2, 0, 5, 5, 5, 4, 0, 0, 0, 2, 0, 2, 0, 0, 4, 1, 4, 0, 0, 2, 2, 3, 0, 0, 3, 0, 0, 0, 2, 0, 2, 5, 3, 5, 1, 3, 0, 2, 2, 0, 0, 0, 0, 0, 5, 41, 2, 2, 2, 5, 0, 0, 0, 0, 0, 0, 0, 4, 0, 3, 5, 1, 0, 0, 0, 2, 2, 3, 3, 2, 3, 0, 0, : 1, 2, 4, 4, 2, 5, 5, 5, 4, 2, 2, 4, 1, 4, 2, 2, 3, 3, 2, 2, 5, 3, 5, 1, 3, 2, 2, 5, 41, 2, 2, 2, 5, 4, 3, 5, 1, 2, 2, 3, 3, 2, 3, 
51: 4, 2, 2, 3, 0, 0, 5, 0, 2, 0, 5, 0, 4, 0, 0, 1, 0, 0, 0, 0, 0, 0, 0, 3, 1, 5, 0, 3, 0, 0, 0, 0, 0, 0, 1, 3, 0, 0, 2, 0, 0, 0, 0, 2, 0, 1, 3, 0, 0, 0, 1, 0, 0, 4, 0, 0, 4, 0, 0, 0, 5, 0, 0, 0, 4, 0, 0, 0, 3, 1, 2, 1, 0, 0, 5, 1, 0, 0, 0, 3, : 4, 2, 2, 3, 5, 2, 5, 4, 1, 3, 1, 5, 3, 1, 3, 2, 2, 1, 3, 1, 4, 4, 5, 4, 3, 1, 2, 1, 5, 1, 3, 
132: 4, 0, 1, 4, 2, 0, 0, 3, 5, 0, 2, 0, 1, 0, 0, 2, 0, 0, 2, 0, 3, 40, 2, 1, 5, 4, 1, 3, 0, 0, 0, 0, 4, 0, 1, 2, 0, 0, 4, 0, 0, 1, 0, 2, 0, 2, 0, 0, 0, 43, 1, 0, 2, 2, 4, 1, 0, 0, 0, 0, 4, 0, 0, 3, 1, 0, 0, 3, 4, 0, 5, 0, 0, 2, 1, 5, 0, 0, 0, 0, : 4, 1, 4, 2, 3, 5, 2, 1, 2, 2, 3, 40, 2, 1, 5, 4, 1, 3, 4, 1, 2, 4, 1, 2, 2, 43, 1, 2, 2, 4, 1, 4, 3, 1, 3, 4, 5, 2, 1, 5, 
147: 4, 0, 4, 1, 4, 0, 1, 0, 0, 0, 3, 0, 3, 0, 0, 5, 4, 4, 4, 0, 0, 0, 0, 4, 3, 0, 0, 0, 0, 0, 0, 0, 0, 5, 0, 5, 0, 2, 4, 0, 0, 2, 1, 0, 0, 3, 40, 0, 5, 0, 0, 0, 2, 1, 0, 2, 0, 1, 2, 0, 2, 1, 3, 0, 3, 0, 0, 0, 0, 40, 5, 0, 0, 0, 0, 1, 0, 0, 0, 2, : 4, 4, 1, 4, 1, 3, 3, 5, 4, 4, 4, 4, 3, 5, 5, 2, 4, 2, 1, 3, 40, 5, 2, 1, 2, 1, 2, 2, 1, 3, 3, 40, 5, 1, 2, 
195: 2, 0, 1, 0, 0, 5, 2, 1, 1, 1, 0, 0, 1, 5, 4, 3, 3, 0, 0, 0, 0, 4, 0, 0, 1, 0, 0, 3, 0, 0, 0, 44, 0, 0, 0, 4, 0, 0, 3, 0, 0, 2, 0, 1, 40, 1, 0, 4, 0, 0, 0, 0, 0, 1, 3, 5, 0, 2, 3, 0, 4, 5, 1, 0, 3, 1, 2, 1, 1, 3, 3, 3, 2, 0, 0, 42, 2, 0, 0, 3, : 2, 1, 5, 2, 1, 1, 1, 1, 5, 4, 3, 3, 4, 1, 3, 44, 4, 3, 2, 1, 40, 1, 4, 1, 3, 5, 2, 3, 4, 5, 1, 3, 1, 2, 1, 1, 3, 3, 3, 2, 42, 2, 3, 
5: 0, 0, 0, 4, 5, 0, 3, 3, 2, 0, 0, 1, 2, 1, 0, 0, 3, 0, 0, 0, 0, 0, 4, 5, 5, 4, 0, 5, 0, 0, 0, 0, 0, 0, 0, 3, 0, 0, 3, 0, 0, 2, 5, 2, 0, 0, 4, 0, 2, 0, 0, 0, 0, 3, 1, 5, 0, 0, 0, 41, 4, 4, 44, 1, 1, 44, 0, 4, 0, 0, 1, 0, 0, 0, 4, 0, 0, 0, 1, 0, : 4, 5, 3, 3, 2, 1, 2, 1, 3, 4, 5, 5, 4, 5, 3, 3, 2, 5, 2, 4, 2, 3, 1, 5, 41, 4, 4, 44, 1, 1, 44, 4, 1, 4, 1, 
67: 0, 0, 5, 1, 3, 3, 2, 0, 0, 3, 5, 0, 5, 5, 0, 5, 5, 0, 2, 0, 0, 0, 5, 1, 1, 0, 0, 3, 42, 0, 0, 0, 0, 2, 0, 4, 1, 0, 3, 0, 0, 1, 1, 1, 2, 5, 0, 0, 0, 0, 0, 0, 0, 0, 5, 3, 0, 4, 5, 0, 5, 0, 0, 1, 0, 3, 2, 1, 3, 0, 5, 0, 0, 40, 1, 1, 0, 1, 0, 0, : 5, 1, 3, 3, 2, 3, 5, 5, 5, 5, 5, 2, 5, 1, 1, 3, 42, 2, 4, 1, 3, 1, 1, 1, 2, 5, 5, 3, 4, 5, 5, 1, 3, 2, 1, 3, 5, 40, 1, 1, 1, 
103: 4, 0, 3, 1, 2, 0, 3, 3, 0, 0, 0, 0, 0, 2, 3, 0, 5, 0, 0, 4, 0, 0, 4, 0, 5, 3, 0, 5, 0, 0, 5, 0, 0, 1, 44, 2, 0, 4, 2, 1, 40, 0, 3, 5, 4, 0, 1, 4, 0, 4, 0, 3, 0, 3, 5, 2, 0, 4, 0, 0, 3, 41, 4, 0, 5, 0, 5, 0, 5, 0, 5, 1, 0, 0, 1, 0, 43, 4, 0, 0, : 4, 3, 1, 2, 3, 3, 2, 3, 5, 4, 4, 5, 3, 5, 5, 1, 44, 2, 4, 2, 1, 40, 3, 5, 4, 1, 4, 4, 3, 3, 5, 2, 4, 3, 41, 4, 5, 5, 5, 5, 1, 1, 43, 4, 
84: 4, 0, 1, 2, 0, 0, 2, 0, 1, 0, 0, 0, 4, 0, 4, 1, 0, 0, 2, 0, 0, 2, 3, 3, 0, 0, 3, 0, 0, 3, 4, 3, 4, 0, 2, 3, 0, 0, 0, 0, 0, 0, 4, 2, 4, 3, 5, 1, 0, 0, 4, 0, 4, 5, 4, 1, 41, 0, 0, 0, 2, 0, 0, 0, 1, 0, 0, 4, 0, 0, 1, 40, 0, 0, 1, 4, 0, 3, 3, 0, : 4, 1, 2, 2, 1, 4, 4, 1, 2, 2, 3, 3, 3, 3, 4, 3, 4, 2, 3, 4, 2, 4, 3, 5, 1, 4, 4, 5, 4, 1, 41, 2, 1, 4, 1, 40, 1, 4, 3, 3, 
140: 2, 4, 5, 2, 2, 0, 3, 0, 5, 5, 4, 4, 0, 0, 0, 1, 2, 2, 0, 0, 0, 0, 0, 1, 4, 0, 3, 2, 0, 0, 0, 5, 3, 0, 0, 5, 1, 1, 0, 3, 0, 3, 2, 1, 0, 0, 0, 1, 0, 0, 4, 0, 0, 3, 0, 4, 0, 3, 5, 5, 0, 0, 3, 0, 41, 0, 0, 4, 0, 1, 0, 0, 3, 1, 2, 0, 0, 0, 0, 0, : 2, 4, 5, 2, 2, 3, 5, 5, 4, 4, 1, 2, 2, 1, 4, 3, 2, 5, 3, 5, 1, 1, 3, 3, 2, 1, 1, 4, 3, 4, 3, 5, 5, 3, 41, 4, 1, 3, 1, 2, 
100: 0, 0, 0, 1, 4, 2, 2, 0, 3, 0, 3, 0, 2, 0, 0, 0, 0, 3, 1, 5, 0, 0, 0, 0, 0, 0, 0, 1, 0, 0, 0, 0, 1, 2, 0, 4, 0, 0, 0, 4, 0, 5, 1, 0, 0, 4, 1, 0, 0, 0, 0, 2, 2, 3, 0, 0, 1, 5, 0, 0, 1, 2, 2, 3, 1, 3, 0, 0, 0, 3, 4, 0, 0, 0, 1, 3, 0, 0, 0, 2, : 1, 4, 2, 2, 3, 3, 2, 3, 1, 5, 1, 1, 2, 4, 4, 5, 1, 4, 1, 2, 2, 3, 1, 5, 1, 2, 2, 3, 1, 3, 3, 4, 1, 3, 2, 
136: 2, 0, 2, 4, 3, 4, 0, 0, 1, 2, 2, 4, 0, 0, 0, 2, 4, 4, 1, 4, 0, 2, 0, 2, 0, 0, 2, 2, 5, 0, 2, 2, 0, 3, 0, 2, 0, 40, 43, 0, 1, 0, 5, 0, 0, 4, 0, 0, 1, 0, 0, 4, 0, 0, 4, 0, 0, 3, 40, 4, 4, 5, 0, 0, 2, 0, 0, 42, 0, 0, 1, 0, 1, 4, 5, 0, 0, 1, 0, 1, : 2, 2, 4, 3, 4, 1, 2, 2, 4, 2, 4, 4, 1, 4, 2, 2, 2, 2, 5, 2, 2, 3, 2, 40, 43, 1, 5, 4, 1, 4, 4, 3, 40, 4, 4, 5, 2, 42, 1, 1, 4, 5, 1, 1, 
39: 5, 1, 2, 1, 1, 40, 1, 0, 3, 2, 5, 1, 3, 0, 4, 5, 42, 0, 0, 0, 1, 4, 3, 2, 3, 1, 0, 43, 2, 0, 0, 0, 4, 0, 0, 3, 0, 0, 0, 2, 0, 0, 0, 4, 0, 2, 0, 4, 2, 0, 0, 4, 4, 5, 0, 2, 0, 0, 1, 3, 3, 5, 5, 0, 1, 2, 0, 1, 2, 0, 5, 5, 0, 3, 44, 3, 0, 0, 3, 0, : 5, 1, 2, 1, 1, 40, 1, 3, 2, 5, 1, 3, 4, 5, 42, 1, 4, 3, 2, 3, 1, 43, 2, 4, 3, 2, 4, 2, 4, 2, 4, 4, 5, 2, 1, 3, 3, 5, 5, 1, 2, 1, 2, 5, 5, 3, 44, 3, 3, 
156: 1, 2, 1, 3, 0, 2, 3, 4, 0, 1, 0, 5, 0, 41, 0, 5, 1, 2, 3, 41, 0, 0, 0, 0, 0, 5, 0, 2, 5, 0, 5, 0, 43, 3, 1, 4, 0, 0, 5, 2, 0, 3, 0, 5, 0, 3, 42, 0, 2, 0, 0, 0, 0, 4, 1, 1, 0, 0, 1, 2, 3, 0, 5, 3, 3, 2, 0, 0, 3, 4, 0, 42, 0, 0, 1, 4, 0, 0, 0, 5, : 1, 2, 1, 3, 2, 3, 4, 1, 5, 41, 5, 1, 2, 3, 41, 5, 2, 5, 5, 43, 3, 1, 4, 5, 2, 3, 5, 3, 42, 2, 4, 1, 1, 1, 2, 3, 5, 3, 3, 2, 3, 4, 42, 1, 4, 5, 


157: 4, 2, 0, 5, 44, 0, 3, 0, 0, 1, 0, 0, 0, 0, 3, 5, 0, 0, 0, 1, 0, 0, 0, 0, 1, 1, 0, 0, 2, 2, 5, 0, 3, 1, 0, 44, 0, 3, 0, 3, 3, 0, 2, 0, 0, 3, 1, 0, 0, 3, 0, 0, 5, 0, 0, 0, 0, 2, 1, 0, 0, 5, 0, 5, 0, 0, 0, 1, 0, 0, 2, 3, 4, 0, 0, 3, 5, 0, 4, 0, : 4, 2, 5, 44, 3, 1, 3, 5, 1, 1, 1, 2, 2, 5, 3, 1, 44, 3, 3, 3, 2, 3, 1, 3, 5, 2, 1, 5, 5, 1, 2, 3, 4, 3, 5, 4, 
134: 0, 1, 3, 1, 0, 4, 0, 0, 44, 41, 5, 0, 0, 1, 5, 0, 1, 0, 3, 3, 0, 5, 0, 0, 0, 5, 0, 43, 4, 0, 2, 1, 0, 0, 0, 41, 0, 0, 40, 0, 4, 1, 1, 0, 4, 0, 4, 0, 1, 40, 0, 1, 2, 3, 0, 0, 0, 0, 0, 0, 0, 0, 0, 5, 0, 43, 5, 5, 4, 0, 3, 1, 2, 0, 5, 3, 5, 1, 4, 0, : 1, 3, 1, 4, 44, 41, 5, 1, 5, 1, 3, 3, 5, 5, 43, 4, 2, 1, 41, 40, 4, 1, 1, 4, 4, 1, 40, 1, 2, 3, 5, 43, 5, 5, 4, 3, 1, 2, 5, 3, 5, 1, 4, 
146: 3, 5, 0, 0, 1, 2, 0, 0, 0, 0, 0, 0, 0, 0, 2, 2, 4, 0, 5, 2, 43, 0, 0, 0, 0, 0, 5, 0, 0, 0, 0, 2, 0, 0, 0, 0, 5, 2, 0, 2, 2, 0, 0, 2, 0, 0, 2, 3, 0, 0, 0, 0, 0, 3, 0, 4, 0, 40, 3, 43, 0, 2, 44, 0, 0, 0, 2, 2, 1, 0, 5, 2, 2, 1, 1, 3, 0, 0, 4, 0, : 3, 5, 1, 2, 2, 2, 4, 5, 2, 43, 5, 2, 5, 2, 2, 2, 2, 2, 3, 3, 4, 40, 3, 43, 2, 44, 2, 2, 1, 5, 2, 2, 1, 1, 3, 4, 
7: 2, 0, 0, 0, 0, 1, 3, 3, 0, 4, 2, 3, 0, 0, 5, 2, 0, 0, 5, 0, 0, 40, 0, 0, 0, 3, 0, 0, 0, 0, 0, 0, 0, 3, 0, 0, 0, 0, 0, 4, 0, 0, 0, 0, 0, 0, 1, 5, 0, 0, 3, 42, 0, 1, 0, 1, 0, 40, 0, 0, 0, 0, 0, 2, 0, 0, 0, 2, 0, 3, 5, 0, 1, 0, 0, 0, 0, 0, 2, 0, : 2, 1, 3, 3, 4, 2, 3, 5, 2, 5, 40, 3, 3, 4, 1, 5, 3, 42, 1, 1, 40, 2, 2, 3, 5, 1, 2, 
131: 4, 5, 0, 2, 0, 0, 5, 0, 2, 0, 5, 4, 4, 0, 1, 0, 2, 0, 2, 3, 2, 1, 0, 4, 0, 5, 0, 0, 0, 0, 1, 0, 43, 3, 0, 0, 0, 0, 4, 3, 0, 0, 0, 0, 2, 41, 1, 0, 0, 5, 0, 0, 2, 5, 0, 2, 40, 3, 1, 0, 0, 0, 2, 0, 3, 0, 4, 1, 1, 0, 5, 0, 0, 1, 0, 2, 1, 4, 1, 3, : 4, 5, 2, 5, 2, 5, 4, 4, 1, 2, 2, 3, 2, 1, 4, 5, 1, 43, 3, 4, 3, 2, 41, 1, 5, 2, 5, 2, 40, 3, 1, 2, 3, 4, 1, 1, 5, 1, 2, 1, 4, 1, 3, 
34: 0, 4, 0, 3, 0, 0, 0, 0, 0, 5, 2, 2, 0, 0, 2, 1, 5, 1, 5, 0, 4, 0, 0, 0, 1, 3, 0, 0, 3, 0, 4, 0, 3, 0, 0, 0, 0, 0, 0, 0, 1, 2, 0, 0, 0, 2, 0, 0, 4, 0, 0, 0, 0, 41, 0, 1, 0, 0, 1, 0, 0, 0, 3, 2, 0, 0, 2, 2, 0, 1, 3, 1, 5, 0, 5, 3, 0, 1, 0, 0, : 4, 3, 5, 2, 2, 2, 1, 5, 1, 5, 4, 1, 3, 3, 4, 3, 1, 2, 2, 4, 41, 1, 1, 3, 2, 2, 2, 1, 3, 1, 5, 5, 3, 1, 
178: 3, 0, 4, 5, 0, 0, 0, 2, 0, 2, 5, 0, 0, 0, 2, 2, 5, 3, 4, 0, 0, 0, 0, 0, 0, 5, 0, 0, 4, 4, 0, 3, 5, 2, 0, 2, 0, 0, 1, 0, 1, 3, 5, 4, 0, 3, 3, 0, 3, 0, 0, 2, 4, 4, 0, 0, 0, 1, 0, 2, 2, 0, 4, 5, 0, 0, 2, 4, 1, 0, 1, 2, 0, 0, 4, 2, 0, 5, 2, 0, : 3, 4, 5, 2, 2, 5, 2, 2, 5, 3, 4, 5, 4, 4, 3, 5, 2, 2, 1, 1, 3, 5, 4, 3, 3, 3, 2, 4, 4, 1, 2, 2, 4, 5, 2, 4, 1, 1, 2, 4, 2, 5, 2, 
94: 0, 5, 3, 5, 0, 5, 4, 0, 0, 1, 3, 41, 0, 41, 1, 2, 3, 5, 4, 0, 0, 1, 0, 0, 0, 2, 0, 0, 0, 4, 5, 5, 5, 0, 2, 0, 1, 1, 42, 0, 3, 0, 0, 0, 1, 3, 3, 1, 0, 3, 0, 4, 0, 3, 0, 3, 4, 0, 44, 0, 3, 0, 3, 4, 1, 0, 0, 5, 0, 0, 0, 5, 0, 2, 1, 1, 0, 3, 1, 2, : 5, 3, 5, 5, 4, 1, 3, 41, 41, 1, 2, 3, 5, 4, 1, 2, 4, 5, 5, 5, 2, 1, 1, 42, 3, 1, 3, 3, 1, 3, 4, 3, 3, 4, 44, 3, 3, 4, 1, 5, 5, 2, 1, 1, 3, 1, 2, 
177: 4, 1, 0, 0, 0, 0, 44, 44, 0, 2, 2, 4, 0, 4, 44, 4, 2, 1, 1, 2, 0, 2, 2, 0, 0, 0, 0, 0, 43, 0, 3, 1, 3, 0, 0, 0, 0, 2, 0, 0, 0, 0, 42, 42, 2, 3, 2, 5, 5, 0, 5, 40, 0, 5, 0, 3, 5, 1, 5, 0, 0, 0, 0, 0, 0, 1, 0, 0, 0, 0, 5, 1, 4, 4, 3, 3, 0, 0, 0, 0, : 4, 1, 44, 44, 2, 2, 4, 4, 44, 4, 2, 1, 1, 2, 2, 2, 43, 3, 1, 3, 2, 42, 42, 2, 3, 2, 5, 5, 5, 40, 5, 3, 5, 1, 5, 1, 5, 1, 4, 4, 3, 3, 
73: 2, 0, 1, 2, 2, 1, 0, 0, 2, 3, 0, 0, 40, 0, 0, 0, 3, 0, 5, 3, 0, 2, 0, 0, 2, 3, 0, 0, 4, 0, 3, 2, 4, 0, 4, 5, 0, 4, 2, 0, 5, 0, 2, 0, 4, 5, 0, 3, 1, 0, 0, 4, 0, 0, 42, 1, 0, 0, 0, 0, 0, 0, 3, 43, 0, 0, 5, 3, 4, 0, 0, 4, 3, 3, 4, 3, 0, 0, 2, 1, : 2, 1, 2, 2, 1, 2, 3, 40, 3, 5, 3, 2, 2, 3, 4, 3, 2, 4, 4, 5, 4, 2, 5, 2, 4, 5, 3, 1, 4, 42, 1, 3, 43, 5, 3, 4, 4, 3, 3, 4, 3, 2, 1, 
89: 1, 4, 0, 0, 0, 0, 4, 3, 0, 1, 0, 0, 0, 4, 3, 1, 0, 5, 0, 5, 2, 5, 0, 0, 0, 2, 0, 0, 0, 0, 2, 2, 2, 0, 0, 0, 0, 0, 0, 0, 0, 0, 1, 2, 0, 0, 1, 0, 1, 2, 0, 0, 4, 0, 3, 1, 0, 2, 42, 0, 0, 0, 0, 0, 0, 0, 1, 1, 0, 0, 0, 2, 4, 4, 4, 5, 42, 2, 0, 0, : 1, 4, 4, 3, 1, 4, 3, 1, 5, 5, 2, 5, 2, 2, 2, 2, 1, 2, 1, 1, 2, 4, 3, 1, 2, 42, 1, 1, 2, 4, 4, 4, 5, 42, 2, 
143: 0, 4, 40, 43, 3, 42, 2, 0, 5, 0, 2, 0, 0, 1, 2, 4, 3, 0, 0, 4, 2, 0, 0, 0, 0, 0, 0, 0, 0, 0, 0, 0, 1, 0, 1, 0, 4, 5, 0, 3, 43, 0, 0, 0, 4, 0, 2, 0, 3, 3, 0, 5, 3, 1, 0, 0, 0, 0, 0, 1, 0, 0, 0, 0, 4, 2, 0, 4, 0, 0, 3, 3, 1, 3, 5, 0, 0, 40, 0, 0, : 4, 40, 43, 3, 42, 2, 5, 2, 1, 2, 4, 3, 4, 2, 1, 1, 4, 5, 3, 43, 4, 2, 3, 3, 5, 3, 1, 1, 4, 2, 4, 3, 3, 1, 3, 5, 40, 
102: 0, 5, 0, 1, 0, 4, 4, 2, 3, 3, 3, 0, 0, 0, 5, 0, 0, 3, 1, 3, 0, 0, 1, 1, 43, 0, 2, 0, 0, 0, 0, 0, 0, 0, 4, 4, 0, 0, 0, 1, 0, 0, 0, 1, 0, 0, 5, 0, 40, 0, 0, 0, 3, 4, 43, 44, 0, 0, 0, 0, 0, 2, 0, 4, 0, 0, 1, 3, 44, 4, 1, 4, 5, 0, 2, 1, 0, 0, 1, 0, : 5, 1, 4, 4, 2, 3, 3, 3, 5, 3, 1, 3, 1, 1, 43, 2, 4, 4, 1, 1, 5, 40, 3, 4, 43, 44, 2, 4, 1, 3, 44, 4, 1, 4, 5, 2, 1, 1, 
145: 0, 5, 2, 5, 0, 0, 3, 0, 0, 5, 2, 0, 0, 3, 0, 5, 3, 0, 0, 1, 2, 2, 2, 0, 0, 1, 1, 0, 2, 2, 0, 5, 2, 1, 0, 0, 0, 41, 0, 1, 0, 0, 3, 0, 5, 0, 1, 0, 0, 0, 0, 3, 3, 0, 0, 40, 0, 5, 2, 1, 5, 0, 2, 0, 0, 0, 4, 0, 0, 4, 1, 1, 0, 4, 3, 4, 3, 1, 0, 42, : 5, 2, 5, 3, 5, 2, 3, 5, 3, 1, 2, 2, 2, 1, 1, 2, 2, 5, 2, 1, 41, 1, 3, 5, 1, 3, 3, 40, 5, 2, 1, 5, 2, 4, 4, 1, 1, 4, 3, 4, 3, 1, 42, 
152: 3, 0, 0, 2, 1, 2, 5, 44, 3, 0, 5, 0, 0, 0, 1, 2, 3, 0, 42, 3, 0, 2, 2, 0, 0, 3, 5, 2, 43, 0, 1, 1, 0, 1, 5, 0, 4, 3, 0, 0, 5, 5, 4, 0, 0, 0, 5, 1, 0, 2, 3, 0, 0, 0, 4, 2, 0, 0, 0, 0, 0, 0, 0, 0, 5, 1, 3, 5, 4, 4, 5, 1, 4, 5, 0, 2, 5, 0, 0, 0, : 3, 2, 1, 2, 5, 44, 3, 5, 1, 2, 3, 42, 3, 2, 2, 3, 5, 2, 43, 1, 1, 1, 5, 4, 3, 5, 5, 4, 5, 1, 2, 3, 4, 2, 5, 1, 3, 5, 4, 4, 5, 1, 4, 5, 2, 5, 
22: 1, 2, 1, 2, 0, 1, 2, 0, 0, 2, 0, 2, 4, 4, 2, 0, 0, 1, 3, 2, 0, 0, 0, 3, 2, 2, 0, 5, 0, 0, 3, 2, 2, 0, 5, 4, 0, 3, 0, 1, 3, 0, 0, 4, 0, 0, 2, 3, 3, 0, 41, 0, 3, 0, 0, 0, 0, 3, 0, 0, 0, 2, 42, 0, 1, 3, 4, 1, 0, 4, 5, 0, 0, 0, 3, 4, 0, 5, 2, 4, : 1, 2, 1, 2, 1, 2, 2, 2, 4, 4, 2, 1, 3, 2, 3, 2, 2, 5, 3, 2, 2, 5, 4, 3, 1, 3, 4, 2, 3, 3, 41, 3, 3, 2, 42, 1, 3, 4, 1, 4, 5, 3, 4, 5, 2, 4, 
50: 0, 3, 0, 5, 3, 3, 0, 0, 0, 2, 0, 0, 3, 0, 2, 3, 0, 0, 1, 3, 0, 1, 0, 2, 4, 4, 4, 0, 0, 0, 0, 1, 0, 0, 0, 0, 0, 0, 2, 0, 4, 0, 0, 0, 0, 0, 3, 5, 1, 0, 0, 0, 0, 0, 0, 0, 2, 3, 0, 42, 5, 2, 0, 4, 0, 0, 2, 0, 0, 0, 1, 3, 0, 1, 4, 0, 0, 5, 0, 4, : 3, 5, 3, 3, 2, 3, 2, 3, 1, 3, 1, 2, 4, 4, 4, 1, 2, 4, 3, 5, 1, 2, 3, 42, 5, 2, 4, 2, 1, 3, 1, 4, 5, 4, 
180: 4, 2, 0, 3, 2, 2, 5, 4, 0, 0, 0, 3, 0, 1, 3, 4, 0, 2, 3, 0, 0, 0, 4, 0, 0, 4, 0, 4, 0, 0, 0, 0, 0, 3, 1, 3, 0, 0, 0, 3, 3, 0, 1, 0, 5, 0, 1, 0, 0, 0, 0, 0, 3, 0, 0, 0, 0, 0, 2, 0, 0, 4, 0, 4, 3, 2, 3, 0, 0, 0, 2, 1, 5, 5, 5, 4, 0, 0, 1, 0, : 4, 2, 3, 2, 2, 5, 4, 3, 1, 3, 4, 2, 3, 4, 4, 4, 3, 1, 3, 3, 3, 1, 5, 1, 3, 2, 4, 4, 3, 2, 3, 2, 1, 5, 5, 5, 4, 1, 
192: 1, 0, 42, 1, 0, 5, 0, 0, 0, 1, 0, 41, 0, 3, 1, 0, 1, 2, 5, 5, 2, 0, 0, 44, 0, 2, 44, 0, 0, 0, 1, 3, 2, 42, 0, 1, 0, 2, 0, 0, 1, 3, 3, 0, 1, 40, 5, 0, 1, 0, 5, 0, 5, 0, 0, 0, 0, 0, 0, 0, 0, 5, 0, 0, 0, 0, 5, 2, 0, 0, 42, 1, 4, 1, 0, 0, 2, 3, 0, 0, : 1, 42, 1, 5, 1, 41, 3, 1, 1, 2, 5, 5, 2, 44, 2, 44, 1, 3, 2, 42, 1, 2, 1, 3, 3, 1, 40, 5, 1, 5, 5, 5, 5, 2, 42, 1, 4, 1, 2, 3, 
159: 1, 0, 0, 4, 4, 5, 3, 2, 0, 5, 0, 0, 0, 0, 4, 2, 3, 5, 0, 3, 0, 2, 2, 4, 0, 5, 40, 0, 4, 4, 3, 0, 2, 0, 0, 0, 41, 0, 4, 4, 2, 4, 0, 0, 0, 0, 0, 0, 0, 3, 40, 0, 41, 2, 0, 0, 5, 5, 4, 1, 2, 0, 0, 3, 0, 5, 5, 0, 1, 0, 0, 3, 42, 5, 0, 5, 0, 5, 0, 0, : 1, 4, 4, 5, 3, 2, 5, 4, 2, 3, 5, 3, 2, 2, 4, 5, 40, 4, 4, 3, 2, 41, 4, 4, 2, 4, 3, 40, 41, 2, 5, 5, 4, 1, 2, 3, 5, 5, 1, 3, 42, 5, 5, 5, 
167: 5, 5, 0, 2, 3, 4, 0, 0, 0, 2, 2, 0, 0, 4, 4, 1, 1, 1, 5, 2, 0, 2, 2, 43, 0, 3, 0, 0, 1, 0, 5, 4, 1, 3, 0, 0, 0, 0, 0, 0, 3, 40, 0, 0, 0, 5, 0, 0, 0, 0, 0, 1, 0, 0, 0, 0, 0, 3, 0, 4, 0, 0, 0, 3, 0, 4, 0, 1, 4, 41, 1, 4, 0, 4, 3, 5, 40, 0, 0, 0, : 5, 5, 2, 3, 4, 2, 2, 4, 4, 1, 1, 1, 5, 2, 2, 2, 43, 3, 1, 5, 4, 1, 3, 3, 40, 5, 1, 3, 4, 3, 4, 1, 4, 41, 1, 4, 4, 3, 5, 40, 
88: 5, 2, 0, 0, 43, 0, 0, 5, 2, 1, 5, 0, 2, 0, 0, 2, 0, 0, 0, 2, 4, 0, 5, 0, 40, 1, 0, 0, 0, 1, 1, 3, 4, 2, 4, 3, 40, 4, 1, 0, 2, 0, 0, 0, 0, 0, 3, 0, 40, 0, 0, 0, 4, 0, 0, 0, 41, 4, 0, 0, 2, 41, 0, 0, 0, 2, 2, 3, 0, 3, 0, 0, 3, 0, 0, 1, 0, 2, 1, 0, : 5, 2, 43, 5, 2, 1, 5, 2, 2, 2, 4, 5, 40, 1, 1, 1, 3, 4, 2, 4, 3, 40, 4, 1, 2, 3, 40, 4, 41, 4, 2, 41, 2, 2, 3, 3, 3, 1, 2, 1, 
90: 3, 2, 0, 1, 0, 0, 2, 0, 1, 0, 5, 0, 0, 1, 0, 0, 3, 5, 2, 0, 1, 0, 0, 3, 1, 0, 0, 1, 0, 0, 3, 44, 1, 0, 40, 0, 0, 0, 1, 0, 4, 4, 44, 4, 1, 4, 5, 0, 0, 3, 0, 0, 2, 4, 0, 0, 3, 0, 0, 4, 0, 0, 0, 0, 0, 0, 0, 3, 1, 0, 1, 5, 3, 4, 0, 3, 0, 0, 0, 2, : 3, 2, 1, 2, 1, 5, 1, 3, 5, 2, 1, 3, 1, 1, 3, 44, 1, 40, 1, 4, 4, 44, 4, 1, 4, 5, 3, 2, 4, 3, 4, 3, 1, 1, 5, 3, 4, 3, 2, 
93: 0, 0, 2, 0, 0, 0, 0, 0, 0, 2, 3, 0, 5, 0, 5, 0, 5, 4, 0, 4, 0, 0, 0, 0, 1, 0, 1, 41, 0, 43, 1, 0, 0, 5, 1, 0, 0, 0, 0, 5, 2, 0, 0, 0, 0, 0, 1, 1, 0, 1, 0, 0, 0, 0, 1, 0, 0, 0, 0, 0, 4, 0, 2, 0, 5, 0, 0, 1, 0, 3, 0, 2, 0, 0, 0, 42, 0, 0, 2, 3, : 2, 2, 3, 5, 5, 5, 4, 4, 1, 1, 41, 43, 1, 5, 1, 5, 2, 1, 1, 1, 1, 4, 2, 5, 1, 3, 2, 42, 2, 3, 
6: 0, 0, 4, 4, 0, 4, 5, 1, 0, 3, 4, 0, 0, 0, 2, 5, 1, 1, 5, 4, 0, 0, 0, 4, 0, 2, 2, 0, 0, 5, 5, 2, 0, 43, 0, 0, 3, 0, 1, 0, 1, 0, 1, 0, 0, 0, 0, 0, 0, 0, 5, 5, 3, 5, 0, 0, 0, 0, 0, 4, 44, 0, 0, 0, 0, 1, 5, 5, 4, 0, 0, 5, 2, 0, 2, 2, 0, 1, 0, 5, : 4, 4, 4, 5, 1, 3, 4, 2, 5, 1, 1, 5, 4, 4, 2, 2, 5, 5, 2, 43, 3, 1, 1, 1, 5, 5, 3, 5, 4, 44, 1, 5, 5, 4, 5, 2, 2, 2, 1, 5, 
69: 0, 0, 0, 2, 1, 3, 1, 0, 0, 0, 0, 1, 0, 0, 3, 2, 2, 41, 0, 3, 3, 3, 40, 0, 0, 1, 0, 0, 1, 0, 4, 0, 2, 0, 0, 2, 0, 0, 0, 0, 1, 0, 0, 0, 0, 0, 5, 0, 0, 0, 1, 0, 4, 0, 4, 0, 0, 0, 0, 0, 0, 0, 0, 4, 2, 0, 4, 0, 0, 3, 1, 1, 5, 0, 2, 0, 3, 4, 0, 0, : 2, 1, 3, 1, 1, 3, 2, 2, 41, 3, 3, 3, 40, 1, 1, 4, 2, 2, 1, 5, 1, 4, 4, 4, 2, 4, 3, 1, 1, 5, 2, 3, 4, 
99: 2, 1, 0, 2, 0, 3, 2, 0, 0, 2, 4, 5, 42, 0, 5, 1, 43, 4, 1, 5, 5, 0, 4, 0, 2, 0, 0, 2, 0, 0, 1, 2, 2, 0, 3, 0, 0, 0, 3, 0, 0, 0, 2, 1, 0, 0, 3, 42, 0, 4, 0, 0, 0, 3, 5, 0, 0, 0, 0, 0, 0, 0, 1, 5, 0, 0, 0, 4, 0, 0, 0, 3, 4, 5, 5, 0, 0, 5, 1, 1, : 2, 1, 2, 3, 2, 2, 4, 5, 42, 5, 1, 43, 4, 1, 5, 5, 4, 2, 2, 1, 2, 2, 3, 3, 2, 1, 3, 42, 4, 3, 5, 1, 5, 4, 3, 4, 5, 5, 5, 1, 1, 
87: 2, 0, 0, 3, 3, 3, 2, 0, 42, 5, 0, 0, 3, 42, 0, 44, 1, 5, 4, 0, 1, 0, 0, 0, 0, 0, 3, 5, 0, 0, 4, 2, 5, 3, 0, 0, 5, 0, 5, 4, 0, 0, 0, 2, 0, 0, 0, 41, 5, 0, 1, 5, 1, 3, 0, 0, 0, 1, 5, 0, 0, 44, 2, 3, 0, 3, 0, 4, 3, 0, 1, 1, 1, 4, 0, 2, 0, 4, 5, 41, : 2, 3, 3, 3, 2, 42, 5, 3, 42, 44, 1, 5, 4, 1, 3, 5, 4, 2, 5, 3, 5, 5, 4, 2, 41, 5, 1, 5, 1, 3, 1, 5, 44, 2, 3, 3, 4, 3, 1, 1, 1, 4, 2, 4, 5, 41, 
198: 42, 3, 0, 4, 0, 0, 2, 0, 1, 0, 40, 0, 0, 0, 0, 0, 0, 4, 0, 0, 0, 2, 42, 0, 5, 44, 0, 0, 0, 4, 43, 0, 0, 2, 0, 5, 0, 0, 4, 0, 3, 0, 0, 44, 0, 0, 0, 0, 5, 0, 1, 0, 1, 5, 1, 3, 3, 2, 0, 0, 0, 0, 0, 0, 43, 0, 0, 3, 3, 42, 0, 2, 0, 5, 0, 1, 0, 0, 0, 0, : 42, 3, 4, 2, 1, 40, 4, 2, 42, 5, 44, 4, 43, 2, 5, 4, 3, 44, 5, 1, 1, 5, 1, 3, 3, 2, 43, 3, 3, 42, 2, 5, 1, 
61: 5, 42, 1, 2, 0, 0, 5, 5, 3, 4, 1, 0, 0, 0, 0, 3, 4, 4, 0, 0, 0, 0, 5, 0, 2, 2, 0, 0, 0, 3, 0, 4, 4, 0, 0, 1, 0, 40, 1, 0, 2, 0, 5, 0, 0, 3, 5, 0, 0, 0, 4, 0, 4, 4, 0, 0, 5, 0, 0, 1, 1, 0, 0, 5, 4, 0, 0, 1, 42, 0, 3, 4, 0, 2, 5, 3, 0, 0, 0, 4, : 5, 42, 1, 2, 5, 5, 3, 4, 1, 3, 4, 4, 5, 2, 2, 3, 4, 4, 1, 40, 1, 2, 5, 3, 5, 4, 4, 4, 5, 1, 1, 5, 4, 1, 42, 3, 4, 2, 5, 3, 4, 
65: 0, 5, 0, 0, 3, 2, 0, 0, 0, 2, 4, 0, 4, 0, 0, 4, 4, 1, 0, 3, 3, 0, 0, 5, 0, 4, 4, 5, 0, 0, 2, 5, 3, 2, 0, 0, 5, 0, 1, 0, 4, 43, 0, 0, 0, 0, 4, 2, 0, 0, 0, 3, 1, 2, 3, 5, 1, 0, 5, 0, 0, 4, 4, 0, 5, 0, 41, 0, 0, 4, 0, 40, 5, 1, 0, 0, 0, 4, 0, 5, : 5, 3, 2, 2, 4, 4, 4, 4, 1, 3, 3, 5, 4, 4, 5, 2, 5, 3, 2, 5, 1, 4, 43, 4, 2, 3, 1, 2, 3, 5, 1, 5, 4, 4, 5, 41, 4, 40, 5, 1, 4, 5, 
86: 1, 0, 0, 0, 0, 4, 5, 1, 1, 0, 1, 3, 3, 0, 2, 0, 4, 1, 0, 2, 0, 0, 0, 0, 0, 3, 3, 0, 0, 0, 0, 0, 1, 0, 0, 0, 1, 4, 2, 0, 0, 0, 0, 0, 42, 0, 4, 0, 0, 0, 0, 5, 2, 1, 0, 0, 0, 0, 0, 0, 0, 5, 3, 5, 0, 0, 4, 0, 0, 2, 1, 4, 0, 0, 0, 3, 0, 3, 40, 0, : 1, 4, 5, 1, 1, 1, 3, 3, 2, 4, 1, 2, 3, 3, 1, 1, 4, 2, 42, 4, 5, 2, 1, 5, 3, 5, 4, 2, 1, 4, 3, 3, 40, 
185: 0, 1, 0, 2, 0, 0, 2, 1, 1, 0, 2, 0, 0, 0, 0, 0, 1, 5, 0, 3, 0, 42, 1, 0, 0, 2, 4, 5, 0, 0, 3, 5, 2, 0, 5, 0, 2, 0, 0, 0, 1, 0, 3, 5, 0, 2, 2, 0, 0, 0, 0, 0, 5, 3, 4, 1, 0, 0, 0, 5, 0, 1, 0, 2, 1, 1, 4, 3, 1, 0, 3, 3, 3, 40, 1, 1, 4, 4, 0, 0, : 1, 2, 2, 1, 1, 2, 1, 5, 3, 42, 1, 2, 4, 5, 3, 5, 2, 5, 2, 1, 3, 5, 2, 2, 5, 3, 4, 1, 5, 1, 2, 1, 1, 4, 3, 1, 3, 3, 3, 40, 1, 1, 4, 4, 
60: 5, 3, 0, 0, 0, 4, 0, 0, 4, 5, 1, 5, 0, 5, 0, 2, 0, 5, 0, 2, 40, 0, 4, 0, 0, 0, 1, 0, 0, 0, 4, 3, 2, 0, 0, 0, 5, 4, 0, 0, 0, 5, 0, 0, 5, 1, 4, 5, 1, 42, 1, 0, 4, 2, 0, 1, 2, 0, 0, 0, 0, 0, 0, 2, 2, 44, 0, 1, 1, 0, 5, 2, 3, 5, 2, 0, 5, 3, 0, 0, : 5, 3, 4, 4, 5, 1, 5, 5, 2, 5, 2, 40, 4, 1, 4, 3, 2, 5, 4, 5, 5, 1, 4, 5, 1, 42, 1, 4, 2, 1, 2, 2, 2, 44, 1, 1, 5, 2, 3, 5, 2, 5, 3, 
79: 2, 3, 1, 2, 0, 4, 0, 0, 0, 5, 0, 2, 0, 1, 0, 4, 2, 0, 2, 0, 0, 0, 0, 0, 3, 5, 0, 0, 0, 0, 2, 4, 0, 0, 1, 2, 0, 0, 0, 0, 5, 2, 0, 0, 0, 3, 0, 0, 0, 0, 0, 0, 2, 0, 0, 2, 0, 0, 2, 0, 0, 0, 0, 0, 0, 0, 4, 1, 0, 2, 1, 4, 0, 5, 5, 2, 1, 0, 0, 3, : 2, 3, 1, 2, 4, 5, 2, 1, 4, 2, 2, 3, 5, 2, 4, 1, 2, 5, 2, 3, 2, 2, 2, 4, 1, 2, 1, 4, 5, 5, 2, 1, 3, 
2: 5, 0, 2, 3, 0, 2, 3, 0, 0, 4, 0, 4, 0, 0, 5, 2, 1, 5, 4, 0, 0, 0, 3, 2, 0, 0, 0, 0, 4, 0, 4, 3, 1, 0, 2, 0, 0, 2, 1, 42, 4, 3, 0, 5, 0, 2, 0, 0, 0, 0, 0, 0, 4, 1, 2, 4, 1, 2, 3, 3, 5, 0, 1, 2, 0, 5, 3, 44, 0, 0, 2, 1, 2, 0, 2, 1, 0, 5, 4, 0, : 5, 2, 3, 2, 3, 4, 4, 5, 2, 1, 5, 4, 3, 2, 4, 4, 3, 1, 2, 2, 1, 42, 4, 3, 5, 2, 4, 1, 2, 4, 1, 2, 3, 3, 5, 1, 2, 5, 3, 44, 2, 1, 2, 2, 1, 5, 4, 
26: 3, 0, 0, 0, 0, 3, 1, 0, 0, 0, 0, 0, 2, 0, 0, 0, 0, 1, 0, 42, 0, 0, 0, 3, 5, 0, 0, 0, 0, 0, 1, 4, 0, 0, 0, 0, 0, 0, 4, 0, 0, 1, 0, 0, 0, 0, 42, 3, 0, 5, 4, 0, 2, 5, 4, 0, 3, 3, 0, 2, 4, 2, 0, 0, 41, 0, 0, 0, 1, 0, 1, 0, 0, 2, 2, 2, 0, 5, 0, 0, : 3, 3, 1, 2, 1, 42, 3, 5, 1, 4, 4, 1, 42, 3, 5, 4, 2, 5, 4, 3, 3, 2, 4, 2, 41, 1, 1, 2, 2, 2, 5, 
125: 3, 1, 4, 2, 2, 4, 0, 0, 2, 5, 5, 0, 0, 0, 3, 4, 3, 0, 5, 4, 0, 0, 0, 0, 4, 3, 1, 0, 0, 40, 0, 1, 5, 0, 0, 1, 0, 0, 0, 0, 2, 0, 0, 0, 44, 0, 0, 0, 5, 4, 1, 0, 0, 3, 1, 0, 5, 0, 0, 3, 43, 0, 0, 5, 0, 0, 0, 0, 0, 0, 3, 0, 0, 3, 0, 0, 1, 0, 1, 0, : 3, 1, 4, 2, 2, 4, 2, 5, 5, 3, 4, 3, 5, 4, 4, 3, 1, 40, 1, 5, 1, 2, 44, 5, 4, 1, 3, 1, 5, 3, 43, 5, 3, 3, 1, 1, 
162: 2, 0, 5, 0, 0, 3, 3, 3, 0, 2, 5, 0, 5, 0, 2, 2, 3, 0, 3, 0, 4, 4, 0, 2, 4, 0, 0, 4, 0, 5, 4, 1, 5, 4, 42, 1, 0, 0, 1, 41, 2, 4, 0, 0, 0, 0, 0, 0, 0, 0, 0, 0, 0, 2, 0, 2, 0, 0, 0, 3, 0, 1, 4, 3, 0, 2, 4, 5, 0, 0, 4, 0, 0, 0, 41, 3, 3, 3, 40, 0, : 2, 5, 3, 3, 3, 2, 5, 5, 2, 2, 3, 3, 4, 4, 2, 4, 4, 5, 4, 1, 5, 4, 42, 1, 1, 41, 2, 4, 2, 2, 3, 1, 4, 3, 2, 4, 5, 4, 41, 3, 3, 3, 40, 
188: 2, 4, 5, 2, 5, 0, 0, 0, 4, 0, 2, 0, 3, 5, 1, 5, 4, 5, 0, 1, 2, 4, 1, 0, 0, 0, 0, 3, 5, 3, 0, 5, 5, 0, 0, 1, 4, 0, 0, 3, 4, 0, 1, 4, 0, 0, 0, 0, 1, 0, 5, 0, 3, 5, 3, 0, 0, 0, 0, 1, 0, 0, 0, 0, 0, 1, 1, 0, 0, 0, 4, 1, 3, 1, 1, 1, 0, 2, 2, 0, : 2, 4, 5, 2, 5, 4, 2, 3, 5, 1, 5, 4, 5, 1, 2, 4, 1, 3, 5, 3, 5, 5, 1, 4, 3, 4, 1, 4, 1, 5, 3, 5, 3, 1, 1, 1, 4, 1, 3, 1, 1, 1, 2, 2, 


124: 3, 5, 1, 5, 5, 0, 0, 0, 3, 2, 3, 5, 5, 0, 4, 2, 2, 3, 0, 4, 2, 0, 0, 2, 0, 0, 0, 0, 0, 5, 0, 1, 0, 0, 5, 0, 5, 0, 4, 0, 0, 5, 0, 0, 3, 0, 5, 3, 2, 0, 0, 0, 41, 0, 0, 3, 43, 0, 4, 0, 4, 0, 3, 4, 3, 5, 0, 2, 0, 0, 3, 1, 3, 0, 41, 3, 3, 1, 0, 5, : 3, 5, 1, 5, 5, 3, 2, 3, 5, 5, 4, 2, 2, 3, 4, 2, 2, 5, 1, 5, 5, 4, 5, 3, 5, 3, 2, 41, 3, 43, 4, 4, 3, 4, 3, 5, 2, 3, 1, 3, 41, 3, 3, 1, 5, 
80: 0, 4, 0, 1, 5, 1, 44, 0, 0, 0, 4, 0, 0, 0, 0, 43, 2, 3, 44, 0, 3, 0, 1, 0, 1, 0, 0, 4, 0, 1, 4, 0, 2, 0, 5, 0, 5, 5, 4, 5, 0, 0, 0, 0, 1, 0, 2, 0, 0, 0, 0, 0, 0, 0, 0, 5, 0, 0, 0, 0, 0, 0, 0, 2, 0, 5, 4, 0, 0, 0, 0, 5, 0, 4, 5, 5, 4, 3, 3, 40, : 4, 1, 5, 1, 44, 4, 43, 2, 3, 44, 3, 1, 1, 4, 1, 4, 2, 5, 5, 5, 4, 5, 1, 2, 5, 2, 5, 4, 5, 4, 5, 5, 4, 3, 3, 40, 
200: 0, 2, 2, 40, 0, 40, 0, 0, 0, 5, 4, 0, 0, 0, 2, 5, 0, 1, 1, 0, 1, 0, 0, 3, 0, 0, 1, 1, 3, 4, 0, 0, 1, 0, 4, 0, 1, 44, 2, 2, 3, 0, 0, 0, 0, 0, 1, 0, 0, 0, 3, 5, 4, 0, 0, 0, 0, 0, 1, 2, 43, 0, 0, 0, 3, 0, 3, 0, 0, 0, 0, 40, 0, 0, 1, 0, 3, 0, 5, 0, : 2, 2, 40, 40, 5, 4, 2, 5, 1, 1, 1, 3, 1, 1, 3, 4, 1, 4, 1, 44, 2, 2, 3, 1, 3, 5, 4, 1, 2, 43, 3, 3, 40, 1, 3, 5, 
12: 0, 0, 0, 0, 4, 0, 0, 0, 2, 0, 5, 0, 0, 1, 4, 0, 43, 0, 0, 3, 2, 0, 0, 0, 0, 0, 44, 4, 4, 2, 3, 0, 5, 0, 0, 44, 3, 0, 5, 0, 0, 5, 0, 0, 40, 0, 5, 2, 3, 0, 0, 4, 0, 42, 0, 3, 1, 4, 0, 2, 5, 1, 0, 1, 0, 0, 0, 0, 41, 0, 4, 3, 0, 0, 4, 3, 2, 0, 5, 1, : 4, 2, 5, 1, 4, 43, 3, 2, 44, 4, 4, 2, 3, 5, 44, 3, 5, 5, 40, 5, 2, 3, 4, 42, 3, 1, 4, 2, 5, 1, 1, 41, 4, 3, 4, 3, 2, 5, 1, 
190: 0, 5, 4, 0, 3, 0, 0, 0, 1, 0, 3, 40, 4, 0, 0, 0, 0, 5, 3, 0, 0, 0, 1, 0, 0, 5, 43, 2, 4, 0, 42, 0, 5, 5, 0, 0, 0, 4, 1, 5, 3, 5, 2, 5, 0, 0, 2, 0, 4, 4, 0, 0, 0, 0, 3, 0, 0, 0, 0, 5, 0, 43, 0, 0, 5, 0, 0, 0, 0, 0, 3, 0, 43, 0, 0, 2, 1, 0, 2, 3, : 5, 4, 3, 1, 3, 40, 4, 5, 3, 1, 5, 43, 2, 4, 42, 5, 5, 4, 1, 5, 3, 5, 2, 5, 2, 4, 4, 3, 5, 43, 5, 3, 43, 2, 1, 2, 3, 
71: 0, 2, 1, 1, 0, 0, 1, 3, 5, 5, 5, 0, 1, 42, 42, 0, 0, 0, 0, 0, 1, 0, 0, 0, 4, 2, 0, 0, 0, 2, 2, 5, 1, 0, 0, 0, 5, 4, 0, 0, 0, 2, 0, 0, 1, 0, 3, 0, 0, 4, 0, 0, 4, 0, 0, 0, 1, 2, 3, 0, 4, 1, 0, 1, 1, 5, 0, 42, 4, 2, 3, 0, 0, 0, 2, 5, 0, 42, 5, 0, : 2, 1, 1, 1, 3, 5, 5, 5, 1, 42, 42, 1, 4, 2, 2, 2, 5, 1, 5, 4, 2, 1, 3, 4, 4, 1, 2, 3, 4, 1, 1, 1, 5, 42, 4, 2, 3, 2, 5, 42, 5, 
126: 0, 5, 4, 0, 2, 3, 0, 0, 0, 0, 2, 2, 3, 0, 0, 0, 4, 0, 0, 0, 4, 0, 44, 0, 0, 5, 3, 0, 3, 0, 2, 0, 2, 0, 0, 4, 0, 5, 2, 0, 4, 0, 0, 0, 3, 0, 0, 44, 2, 42, 3, 2, 5, 3, 0, 5, 0, 4, 0, 3, 1, 42, 0, 0, 3, 0, 3, 0, 0, 0, 0, 0, 1, 4, 1, 0, 0, 0, 4, 2, : 5, 4, 2, 3, 2, 2, 3, 4, 4, 44, 5, 3, 3, 2, 2, 4, 5, 2, 4, 3, 44, 2, 42, 3, 2, 5, 3, 5, 4, 3, 1, 42, 3, 3, 1, 4, 1, 4, 2, 
82: 0, 0, 1, 2, 3, 2, 5, 3, 3, 0, 0, 0, 1, 0, 0, 1, 1, 0, 0, 0, 4, 0, 2, 0, 4, 5, 1, 0, 4, 5, 0, 2, 4, 0, 0, 0, 0, 5, 2, 0, 0, 0, 0, 0, 0, 0, 0, 0, 5, 0, 3, 0, 0, 0, 0, 0, 0, 0, 0, 1, 2, 0, 0, 1, 0, 0, 0, 0, 1, 1, 5, 0, 4, 0, 3, 0, 1, 5, 0, 2, : 1, 2, 3, 2, 5, 3, 3, 1, 1, 1, 4, 2, 4, 5, 1, 4, 5, 2, 4, 5, 2, 5, 3, 1, 2, 1, 1, 1, 5, 4, 3, 1, 5, 2, 
3: 3, 0, 5, 1, 5, 1, 0, 4, 5, 1, 0, 0, 0, 3, 2, 0, 0, 0, 2, 0, 0, 0, 4, 0, 5, 5, 0, 0, 5, 3, 3, 0, 3, 1, 0, 0, 0, 5, 0, 0, 0, 0, 4, 3, 0, 0, 4, 0, 2, 0, 1, 0, 0, 0, 0, 2, 4, 1, 0, 0, 1, 3, 43, 4, 1, 0, 5, 2, 0, 0, 42, 2, 0, 42, 1, 4, 3, 5, 0, 5, : 3, 5, 1, 5, 1, 4, 5, 1, 3, 2, 2, 4, 5, 5, 5, 3, 3, 3, 1, 5, 4, 3, 4, 2, 1, 2, 4, 1, 1, 3, 43, 4, 1, 5, 2, 42, 2, 42, 1, 4, 3, 5, 5, 
83: 0, 3, 5, 0, 2, 0, 2, 0, 3, 0, 4, 5, 0, 0, 0, 3, 5, 0, 0, 0, 0, 0, 0, 0, 43, 0, 2, 0, 3, 0, 0, 2, 0, 0, 0, 0, 5, 0, 0, 0, 0, 0, 40, 0, 2, 5, 4, 0, 2, 0, 0, 3, 2, 0, 3, 4, 0, 0, 0, 5, 4, 0, 0, 0, 4, 1, 0, 0, 0, 0, 2, 5, 1, 0, 5, 1, 2, 2, 3, 1, : 3, 5, 2, 2, 3, 4, 5, 3, 5, 43, 2, 3, 2, 5, 40, 2, 5, 4, 2, 3, 2, 3, 4, 5, 4, 4, 1, 2, 5, 1, 5, 1, 2, 2, 3, 1, 
154: 0, 3, 2, 2, 3, 0, 0, 0, 4, 4, 4, 0, 0, 0, 3, 5, 0, 0, 0, 3, 0, 0, 0, 2, 0, 5, 0, 0, 0, 0, 0, 3, 2, 5, 1, 0, 2, 2, 40, 43, 0, 0, 1, 5, 42, 4, 3, 4, 0, 0, 0, 0, 0, 0, 0, 0, 2, 0, 0, 4, 3, 1, 44, 3, 2, 4, 0, 0, 0, 0, 0, 5, 0, 0, 0, 5, 0, 0, 1, 0, : 3, 2, 2, 3, 4, 4, 4, 3, 5, 3, 2, 5, 3, 2, 5, 1, 2, 2, 40, 43, 1, 5, 42, 4, 3, 4, 2, 4, 3, 1, 44, 3, 2, 4, 5, 5, 1, 
165: 40, 5, 5, 0, 2, 0, 1, 0, 3, 0, 3, 40, 0, 1, 0, 0, 4, 2, 0, 0, 0, 0, 0, 5, 0, 5, 0, 0, 4, 1, 0, 2, 0, 2, 5, 0, 0, 0, 0, 0, 1, 0, 1, 0, 0, 0, 0, 5, 3, 1, 0, 0, 4, 0, 0, 4, 0, 0, 0, 0, 0, 0, 0, 2, 5, 3, 0, 0, 0, 2, 1, 3, 0, 0, 1, 5, 5, 0, 1, 1, : 40, 5, 5, 2, 1, 3, 3, 40, 1, 4, 2, 5, 5, 4, 1, 2, 2, 5, 1, 1, 5, 3, 1, 4, 4, 2, 5, 3, 2, 1, 3, 1, 5, 5, 1, 1, 
109: 0, 0, 0, 0, 0, 0, 3, 0, 0, 0, 4, 0, 4, 0, 4, 3, 0, 5, 0, 0, 2, 0, 0, 4, 1, 2, 0, 0, 0, 5, 0, 0, 4, 42, 3, 0, 0, 0, 4, 2, 44, 0, 0, 0, 2, 0, 3, 1, 1, 0, 2, 0, 0, 3, 43, 43, 0, 0, 0, 0, 4, 0, 0, 2, 0, 1, 40, 5, 1, 44, 0, 0, 2, 0, 1, 2, 43, 0, 4, 2, : 3, 4, 4, 4, 3, 5, 2, 4, 1, 2, 5, 4, 42, 3, 4, 2, 44, 2, 3, 1, 1, 2, 3, 43, 43, 4, 2, 1, 40, 5, 1, 44, 2, 1, 2, 43, 4, 2, 
23: 0, 0, 0, 0, 0, 0, 1, 0, 5, 0, 1, 0, 0, 2, 0, 2, 0, 0, 44, 0, 1, 0, 0, 3, 3, 0, 1, 0, 0, 0, 0, 40, 1, 0, 44, 0, 0, 0, 0, 0, 0, 3, 0, 43, 0, 0, 4, 5, 3, 0, 0, 0, 0, 0, 0, 0, 0, 0, 2, 0, 5, 2, 3, 5, 2, 0, 0, 1, 0, 0, 0, 0, 0, 0, 0, 4, 5, 0, 0, 0, : 1, 5, 1, 2, 2, 44, 1, 3, 3, 1, 40, 1, 44, 3, 43, 4, 5, 3, 2, 5, 2, 3, 5, 2, 1, 4, 5, 
52: 0, 0, 0, 1, 5, 5, 40, 0, 1, 0, 1, 0, 1, 0, 0, 0, 4, 0, 0, 1, 4, 0, 0, 5, 0, 44, 0, 3, 0, 1, 0, 0, 2, 0, 0, 0, 40, 5, 1, 0, 3, 0, 0, 0, 0, 0, 0, 1, 5, 0, 0, 0, 1, 0, 0, 0, 0, 0, 0, 0, 5, 0, 0, 2, 2, 0, 0, 0, 3, 3, 2, 5, 1, 0, 0, 5, 2, 4, 4, 5, : 1, 5, 5, 40, 1, 1, 1, 4, 1, 4, 5, 44, 3, 1, 2, 40, 5, 1, 3, 1, 5, 1, 5, 2, 2, 3, 3, 2, 5, 1, 5, 2, 4, 4, 5, 
129: 2, 0, 2, 0, 4, 0, 0, 4, 1, 5, 2, 3, 0, 0, 41, 0, 0, 2, 0, 0, 5, 5, 0, 0, 0, 5, 0, 0, 0, 0, 0, 0, 3, 1, 0, 0, 1, 4, 0, 0, 3, 0, 2, 4, 2, 0, 0, 0, 0, 0, 0, 0, 0, 0, 0, 0, 0, 0, 0, 5, 3, 0, 1, 2, 4, 0, 1, 1, 0, 0, 0, 0, 3, 3, 2, 40, 3, 0, 0, 2, : 2, 2, 4, 4, 1, 5, 2, 3, 41, 2, 5, 5, 5, 3, 1, 1, 4, 3, 2, 4, 2, 5, 3, 1, 2, 4, 1, 1, 3, 3, 2, 40, 3, 2, 
130: 0, 3, 0, 0, 0, 0, 0, 0, 1, 0, 5, 2, 0, 0, 0, 0, 0, 1, 5, 0, 1, 1, 0, 41, 0, 0, 0, 1, 4, 1, 41, 0, 1, 1, 0, 4, 0, 1, 2, 0, 1, 43, 0, 5, 0, 4, 40, 1, 2, 0, 4, 1, 4, 0, 1, 0, 0, 0, 2, 0, 0, 0, 4, 1, 1, 0, 0, 0, 5, 43, 5, 0, 41, 0, 2, 1, 4, 0, 42, 4, : 3, 1, 5, 2, 1, 5, 1, 1, 41, 1, 4, 1, 41, 1, 1, 4, 1, 2, 1, 43, 5, 4, 40, 1, 2, 4, 1, 4, 1, 2, 4, 1, 1, 5, 43, 5, 41, 2, 1, 4, 42, 4, 
92: 0, 44, 1, 4, 0, 2, 3, 5, 1, 42, 1, 0, 0, 3, 0, 0, 0, 1, 4, 44, 0, 4, 1, 0, 0, 4, 3, 0, 1, 0, 0, 0, 0, 2, 3, 4, 0, 0, 2, 3, 0, 0, 0, 0, 2, 43, 0, 0, 2, 0, 0, 4, 0, 0, 0, 1, 0, 43, 0, 2, 1, 2, 0, 2, 0, 0, 0, 0, 0, 3, 4, 0, 0, 4, 0, 2, 0, 0, 4, 4, : 44, 1, 4, 2, 3, 5, 1, 42, 1, 3, 1, 4, 44, 4, 1, 4, 3, 1, 2, 3, 4, 2, 3, 2, 43, 2, 4, 1, 43, 2, 1, 2, 2, 3, 4, 4, 2, 4, 4, 
53: 2, 5, 1, 0, 0, 2, 3, 0, 0, 2, 1, 0, 0, 44, 0, 0, 0, 0, 0, 0, 4, 0, 1, 1, 0, 0, 0, 4, 5, 0, 0, 0, 0, 0, 0, 2, 1, 0, 3, 0, 0, 0, 4, 4, 1, 0, 5, 0, 2, 0, 0, 0, 2, 0, 0, 1, 0, 0, 5, 0, 0, 0, 0, 2, 2, 0, 3, 2, 0, 0, 0, 1, 0, 0, 1, 4, 1, 0, 0, 4, : 2, 5, 1, 2, 3, 2, 1, 44, 4, 1, 1, 4, 5, 2, 1, 3, 4, 4, 1, 5, 2, 2, 1, 5, 2, 2, 3, 2, 1, 1, 4, 1, 4, 
19: 3, 0, 4, 1, 0, 0, 3, 3, 3, 2, 1, 0, 5, 3, 0, 0, 0, 0, 0, 3, 2, 2, 0, 1, 5, 4, 1, 0, 2, 3, 2, 0, 5, 0, 0, 5, 3, 3, 1, 1, 5, 4, 0, 0, 0, 1, 2, 5, 1, 0, 42, 0, 0, 0, 0, 0, 2, 44, 0, 43, 4, 0, 2, 2, 1, 0, 1, 2, 0, 0, 0, 3, 1, 0, 2, 0, 0, 1, 5, 4, : 3, 4, 1, 3, 3, 3, 2, 1, 5, 3, 3, 2, 2, 1, 5, 4, 1, 2, 3, 2, 5, 5, 3, 3, 1, 1, 5, 4, 1, 2, 5, 1, 42, 2, 44, 43, 4, 2, 2, 1, 1, 2, 3, 1, 2, 1, 5, 4, 
166: 0, 1, 0, 0, 1, 0, 0, 0, 1, 0, 4, 0, 0, 0, 1, 0, 0, 4, 0, 0, 0, 0, 5, 0, 0, 4, 0, 0, 3, 1, 0, 0, 1, 0, 1, 5, 0, 3, 3, 2, 0, 0, 0, 0, 0, 0, 1, 0, 1, 4, 2, 0, 1, 5, 5, 0, 2, 0, 0, 1, 0, 3, 1, 2, 2, 0, 0, 0, 0, 0, 0, 0, 3, 0, 0, 1, 2, 0, 0, 2, : 1, 1, 1, 4, 1, 4, 5, 4, 3, 1, 1, 1, 5, 3, 3, 2, 1, 1, 4, 2, 1, 5, 5, 2, 1, 3, 1, 2, 2, 3, 1, 2, 2, 
56: 43, 1, 3, 0, 2, 3, 5, 0, 1, 2, 4, 4, 4, 0, 1, 43, 0, 0, 0, 0, 0, 0, 3, 41, 0, 0, 5, 0, 3, 1, 0, 0, 1, 0, 1, 0, 0, 1, 3, 0, 0, 0, 0, 0, 0, 0, 1, 0, 3, 5, 0, 0, 0, 0, 0, 0, 3, 4, 0, 0, 5, 0, 2, 1, 44, 0, 1, 0, 0, 1, 0, 3, 3, 0, 1, 1, 2, 0, 4, 0, : 43, 1, 3, 2, 3, 5, 1, 2, 4, 4, 4, 1, 43, 3, 41, 5, 3, 1, 1, 1, 1, 3, 1, 3, 5, 3, 4, 5, 2, 1, 44, 1, 1, 3, 3, 1, 1, 2, 4, 
43: 0, 0, 0, 0, 0, 0, 0, 0, 4, 0, 3, 1, 0, 0, 2, 0, 0, 0, 4, 4, 4, 1, 0, 1, 0, 0, 0, 0, 2, 5, 2, 0, 0, 0, 0, 0, 0, 0, 1, 0, 3, 0, 4, 0, 0, 3, 3, 0, 5, 0, 0, 0, 0, 0, 4, 0, 0, 0, 2, 0, 2, 0, 2, 1, 0, 2, 0, 0, 5, 3, 40, 0, 0, 0, 5, 1, 4, 0, 0, 2, : 4, 3, 1, 2, 4, 4, 4, 1, 1, 2, 5, 2, 1, 3, 4, 3, 3, 5, 4, 2, 2, 2, 1, 2, 5, 3, 40, 5, 1, 4, 2, 
199: 3, 3, 5, 0, 0, 43, 4, 1, 0, 0, 5, 4, 2, 2, 5, 0, 0, 0, 5, 0, 3, 0, 1, 3, 4, 5, 0, 0, 3, 3, 0, 0, 2, 2, 4, 41, 0, 2, 5, 0, 0, 0, 0, 0, 5, 4, 4, 0, 0, 3, 2, 0, 0, 0, 3, 0, 5, 0, 2, 0, 0, 0, 0, 2, 4, 0, 0, 4, 0, 1, 0, 5, 0, 3, 1, 2, 3, 0, 4, 4, : 3, 3, 5, 43, 4, 1, 5, 4, 2, 2, 5, 5, 3, 1, 3, 4, 5, 3, 3, 2, 2, 4, 41, 2, 5, 5, 4, 4, 3, 2, 3, 5, 2, 2, 4, 4, 1, 5, 3, 1, 2, 3, 4, 4, 
58: 0, 2, 0, 0, 0, 3, 0, 0, 1, 3, 2, 0, 0, 0, 0, 0, 0, 0, 0, 0, 0, 0, 0, 3, 0, 0, 0, 0, 3, 2, 0, 0, 0, 0, 5, 0, 0, 3, 5, 0, 0, 0, 0, 41, 0, 41, 0, 0, 0, 2, 0, 2, 0, 3, 0, 0, 3, 1, 0, 0, 3, 3, 5, 43, 0, 0, 0, 3, 0, 0, 0, 3, 0, 0, 1, 4, 1, 0, 4, 0, : 2, 3, 1, 3, 2, 3, 3, 2, 5, 3, 5, 41, 41, 2, 2, 3, 3, 1, 3, 3, 5, 43, 3, 3, 1, 4, 1, 4, 
78: 4, 0, 3, 0, 3, 0, 0, 0, 0, 0, 2, 0, 0, 0, 0, 1, 0, 4, 0, 0, 5, 40, 0, 0, 2, 1, 3, 0, 3, 4, 5, 0, 4, 0, 4, 0, 0, 1, 5, 0, 42, 0, 0, 1, 2, 0, 4, 2, 2, 43, 4, 2, 0, 4, 1, 5, 4, 5, 3, 0, 3, 0, 5, 1, 3, 2, 3, 0, 42, 0, 0, 1, 0, 0, 4, 0, 0, 0, 0, 0, : 4, 3, 3, 2, 1, 4, 5, 40, 2, 1, 3, 3, 4, 5, 4, 4, 1, 5, 42, 1, 2, 4, 2, 2, 43, 4, 2, 4, 1, 5, 4, 5, 3, 3, 5, 1, 3, 2, 3, 42, 1, 4, 
44: 0, 2, 3, 5, 5, 4, 0, 0, 2, 0, 4, 0, 2, 0, 4, 0, 0, 40, 0, 3, 0, 40, 0, 0, 0, 3, 3, 5, 1, 2, 0, 2, 1, 1, 2, 0, 0, 2, 0, 0, 0, 0, 0, 0, 2, 0, 4, 43, 0, 0, 0, 0, 0, 40, 2, 0, 0, 0, 0, 0, 0, 3, 0, 0, 0, 0, 0, 0, 0, 0, 0, 0, 0, 2, 3, 0, 4, 1, 0, 0, : 2, 3, 5, 5, 4, 2, 4, 2, 4, 40, 3, 40, 3, 3, 5, 1, 2, 2, 1, 1, 2, 2, 2, 4, 43, 40, 2, 3, 2, 3, 4, 1, 
137: 0, 4, 0, 0, 5, 0, 0, 0, 4, 0, 2, 0, 1, 0, 0, 0, 3, 2, 0, 4, 43, 0, 2, 0, 0, 1, 0, 1, 2, 3, 0, 0, 5, 0, 2, 0, 0, 4, 3, 0, 0, 0, 1, 0, 0, 0, 3, 0, 5, 0, 0, 0, 0, 0, 1, 0, 2, 0, 41, 0, 2, 3, 0, 3, 0, 0, 3, 5, 2, 0, 0, 3, 3, 2, 3, 0, 0, 0, 2, 5, : 4, 5, 4, 2, 1, 3, 2, 4, 43, 2, 1, 1, 2, 3, 5, 2, 4, 3, 1, 3, 5, 1, 2, 41, 2, 3, 3, 3, 5, 2, 3, 3, 2, 3, 2, 5, 
196: 5, 4, 41, 1, 40, 4, 0, 41, 3, 1, 5, 4, 0, 2, 0, 2, 5, 0, 0, 0, 5, 5, 3, 0, 0, 2, 0, 2, 2, 4, 0, 5, 2, 0, 1, 2, 4, 0, 0, 0, 0, 5, 0, 0, 1, 0, 1, 2, 2, 0, 1, 0, 0, 5, 0, 0, 5, 0, 1, 0, 2, 0, 0, 1, 2, 1, 0, 0, 2, 0, 1, 0, 0, 0, 3, 5, 1, 0, 2, 2, : 5, 4, 41, 1, 40, 4, 41, 3, 1, 5, 4, 2, 2, 5, 5, 5, 3, 2, 2, 2, 4, 5, 2, 1, 2, 4, 5, 1, 1, 2, 2, 1, 5, 5, 1, 2, 1, 2, 1, 2, 1, 3, 5, 1, 2, 2, 
70: 1, 0, 4, 0, 0, 0, 0, 0, 3, 0, 2, 0, 0, 0, 0, 0, 0, 0, 0, 0, 0, 5, 1, 0, 0, 3, 0, 0, 0, 0, 1, 1, 2, 3, 4, 0, 0, 0, 5, 5, 0, 0, 44, 0, 3, 5, 0, 0, 1, 3, 4, 0, 4, 0, 1, 0, 0, 0, 2, 1, 0, 0, 0, 2, 0, 2, 0, 5, 0, 0, 0, 0, 0, 0, 4, 0, 3, 0, 0, 2, : 1, 4, 3, 2, 5, 1, 3, 1, 1, 2, 3, 4, 5, 5, 44, 3, 5, 1, 3, 4, 4, 1, 2, 1, 2, 2, 5, 4, 3, 2, 
113: 3, 3, 3, 0, 3, 2, 0, 0, 5, 0, 2, 0, 0, 0, 5, 3, 0, 0, 0, 3, 5, 2, 2, 0, 42, 2, 0, 3, 0, 3, 0, 0, 5, 1, 2, 0, 0, 0, 5, 0, 2, 0, 0, 0, 4, 3, 0, 0, 41, 0, 42, 0, 0, 0, 2, 0, 0, 1, 5, 0, 1, 0, 0, 2, 4, 0, 0, 0, 0, 5, 0, 0, 0, 5, 0, 0, 2, 0, 0, 4, : 3, 3, 3, 3, 2, 5, 2, 5, 3, 3, 5, 2, 2, 42, 2, 3, 3, 5, 1, 2, 5, 2, 4, 3, 41, 42, 2, 1, 5, 1, 2, 4, 5, 5, 2, 4, 
142: 0, 0, 0, 5, 2, 4, 0, 0, 2, 41, 2, 5, 42, 0, 0, 0, 3, 0, 0, 0, 1, 0, 4, 0, 0, 0, 1, 4, 0, 0, 4, 4, 1, 5, 4, 4, 0, 5, 4, 5, 0, 0, 0, 4, 0, 0, 1, 0, 0, 0, 0, 4, 0, 0, 0, 0, 42, 0, 0, 0, 0, 0, 2, 3, 4, 0, 5, 40, 0, 0, 0, 4, 5, 0, 0, 2, 0, 4, 1, 1, : 5, 2, 4, 2, 41, 2, 5, 42, 3, 1, 4, 1, 4, 4, 4, 1, 5, 4, 4, 5, 4, 5, 4, 1, 4, 42, 2, 3, 4, 5, 40, 4, 5, 2, 4, 1, 1, 
197: 0, 1, 0, 3, 3, 0, 0, 5, 1, 0, 0, 5, 0, 0, 0, 0, 0, 0, 2, 0, 5, 5, 43, 0, 0, 1, 2, 2, 0, 5, 0, 0, 2, 0, 4, 0, 0, 0, 0, 0, 0, 0, 3, 1, 0, 0, 3, 0, 0, 0, 2, 3, 4, 4, 42, 0, 0, 5, 0, 0, 0, 0, 2, 4, 4, 0, 0, 0, 3, 0, 1, 3, 0, 4, 3, 3, 0, 5, 4, 5, : 1, 3, 3, 5, 1, 5, 2, 5, 5, 43, 1, 2, 2, 5, 2, 4, 3, 1, 3, 2, 3, 4, 4, 42, 5, 2, 4, 4, 3, 1, 3, 4, 3, 3, 5, 4, 5, 
194: 0, 3, 5, 0, 0, 0, 0, 0, 0, 0, 4, 0, 0, 1, 0, 2, 0, 0, 0, 0, 1, 3, 0, 0, 0, 0, 4, 42, 2, 3, 1, 4, 0, 0, 3, 3, 0, 0, 4, 0, 5, 0, 3, 0, 0, 0, 0, 1, 4, 0, 0, 4, 0, 0, 5, 0, 0, 0, 0, 0, 0, 0, 0, 4, 5, 0, 0, 0, 0, 3, 4, 3, 0, 0, 4, 0, 4, 0, 0, 1, : 3, 5, 4, 1, 2, 1, 3, 4, 42, 2, 3, 1, 4, 3, 3, 4, 5, 3, 1, 4, 4, 5, 4, 5, 3, 4, 3, 4, 4, 1, 
158: 0, 1, 4, 0, 3, 0, 0, 2, 0, 0, 5, 0, 0, 4, 0, 5, 0, 0, 0, 2, 1, 5, 1, 1, 0, 2, 0, 0, 43, 0, 4, 43, 41, 4, 3, 0, 0, 4, 0, 0, 0, 2, 4, 0, 0, 0, 0, 1, 3, 4, 2, 0, 43, 2, 0, 0, 1, 1, 0, 0, 1, 0, 1, 5, 0, 4, 5, 0, 3, 3, 0, 3, 0, 0, 2, 3, 4, 5, 1, 2, : 1, 4, 3, 2, 5, 4, 5, 2, 1, 5, 1, 1, 2, 43, 4, 43, 41, 4, 3, 4, 2, 4, 1, 3, 4, 2, 43, 2, 1, 1, 1, 1, 5, 4, 5, 3, 3, 3, 2, 3, 4, 5, 1, 2, 
66: 0, 1, 2, 1, 0, 1, 2, 41, 4, 5, 3, 0, 1, 0, 0, 0, 1, 0, 0, 0, 5, 1, 0, 0, 5, 0, 1, 0, 5, 4, 0, 0, 1, 0, 0, 0, 0, 1, 3, 0, 0, 43, 0, 0, 4, 0, 5, 0, 2, 0, 1, 0, 0, 3, 4, 0, 0, 0, 3, 43, 4, 3, 0, 1, 2, 40, 0, 0, 3, 0, 0, 5, 0, 0, 3, 5, 0, 42, 0, 0, : 1, 2, 1, 1, 2, 41, 4, 5, 3, 1, 1, 5, 1, 5, 1, 5, 4, 1, 1, 3, 43, 4, 5, 2, 1, 3, 4, 3, 43, 4, 3, 1, 2, 40, 3, 5, 3, 5, 42, 
179: 4, 3, 4, 3, 2, 0, 0, 0, 41, 0, 4, 0, 3, 4, 0, 0, 0, 3, 5, 4, 1, 0, 0, 0, 0, 0, 0, 0, 0, 42, 0, 2, 5, 0, 5, 0, 0, 3, 1, 44, 1, 3, 1, 0, 0, 0, 5, 0, 4, 0, 0, 40, 0, 2, 0, 1, 0, 0, 0, 0, 2, 0, 0, 0, 0, 1, 0, 5, 0, 5, 0, 1, 0, 1, 4, 0, 2, 0, 0, 2, : 4, 3, 4, 3, 2, 41, 4, 3, 4, 3, 5, 4, 1, 42, 2, 5, 5, 3, 1, 44, 1, 3, 1, 5, 4, 40, 2, 1, 2, 1, 5, 5, 1, 1, 4, 2, 2, 
161: 0, 1, 0, 0, 5, 0, 2, 5, 1, 0, 5, 0, 0, 0, 0, 0, 0, 0, 0, 1, 0, 1, 0, 4, 0, 3, 2, 0, 0, 3, 0, 4, 3, 42, 0, 2, 42, 0, 0, 3, 0, 0, 2, 0, 0, 2, 1, 0, 5, 0, 0, 0, 0, 0, 0, 43, 0, 5, 0, 0, 1, 5, 0, 5, 2, 4, 0, 1, 0, 0, 0, 4, 5, 0, 5, 2, 1, 0, 4, 1, : 1, 5, 2, 5, 1, 5, 1, 1, 4, 3, 2, 3, 4, 3, 42, 2, 42, 3, 2, 2, 1, 5, 43, 5, 1, 5, 5, 2, 4, 1, 4, 5, 5, 2, 1, 4, 1, 
24: 0, 1, 5, 44, 1, 0, 1, 3, 1, 0, 4, 0, 0, 4, 0, 0, 0, 44, 1, 0, 3, 0, 1, 0, 0, 1, 0, 0, 1, 2, 0, 0, 3, 3, 5, 0, 3, 3, 0, 0, 0, 0, 4, 4, 0, 0, 1, 0, 1, 5, 2, 43, 1, 0, 0, 0, 0, 0, 42, 0, 0, 0, 0, 2, 5, 0, 43, 0, 3, 0, 0, 5, 0, 5, 0, 0, 1, 0, 3, 2, : 1, 5, 44, 1, 1, 3, 1, 4, 4, 44, 1, 3, 1, 1, 1, 2, 3, 3, 5, 3, 3, 4, 4, 1, 1, 5, 2, 43, 1, 42, 2, 5, 43, 3, 5, 5, 1, 3, 2, 
182: 4, 3, 0, 0, 2, 0, 0, 0, 5, 0, 5, 0, 41, 4, 0, 0, 43, 0, 0, 41, 2, 0, 0, 0, 1, 1, 0, 42, 5, 0, 4, 0, 0, 0, 0, 0, 0, 1, 0, 0, 0, 0, 0, 0, 0, 5, 0, 0, 2, 0, 0, 3, 0, 4, 0, 0, 0, 0, 2, 3, 5, 5, 0, 2, 0, 40, 0, 0, 2, 1, 0, 4, 1, 41, 2, 0, 4, 0, 3, 0, : 4, 3, 2, 5, 5, 41, 4, 43, 41, 2, 1, 1, 42, 5, 4, 1, 5, 2, 3, 4, 2, 3, 5, 5, 2, 40, 2, 1, 4, 1, 41, 2, 4, 3, 


101: 3, 1, 5, 3, 0, 1, 3, 5, 0, 0, 1, 0, 0, 3, 0, 3, 1, 4, 43, 0, 2, 1, 1, 0, 2, 5, 0, 41, 3, 1, 1, 0, 0, 0, 5, 0, 4, 0, 2, 44, 0, 0, 0, 0, 5, 0, 0, 0, 0, 0, 4, 0, 0, 3, 0, 3, 0, 0, 0, 3, 0, 2, 0, 2, 4, 0, 0, 0, 0, 0, 42, 0, 0, 3, 0, 2, 4, 0, 2, 3, : 3, 1, 5, 3, 1, 3, 5, 1, 3, 3, 1, 4, 43, 2, 1, 1, 2, 5, 41, 3, 1, 1, 5, 4, 2, 44, 5, 4, 3, 3, 3, 2, 2, 4, 42, 3, 2, 4, 2, 3, 
1: 1, 0, 1, 0, 1, 0, 3, 2, 0, 0, 3, 0, 2, 0, 0, 4, 5, 2, 0, 0, 42, 4, 1, 0, 3, 0, 0, 0, 3, 0, 4, 0, 0, 4, 2, 0, 3, 3, 3, 2, 2, 0, 43, 0, 0, 5, 0, 3, 44, 2, 5, 1, 42, 0, 1, 0, 0, 0, 3, 1, 0, 0, 0, 1, 0, 2, 0, 1, 5, 0, 0, 0, 2, 0, 0, 0, 0, 0, 3, 0, : 1, 1, 1, 3, 2, 3, 2, 4, 5, 2, 42, 4, 1, 3, 3, 4, 4, 2, 3, 3, 3, 2, 2, 43, 5, 3, 44, 2, 5, 1, 42, 1, 3, 1, 1, 2, 1, 5, 2, 3, 
64: 5, 0, 0, 5, 1, 1, 1, 5, 1, 3, 2, 40, 0, 1, 0, 2, 2, 0, 0, 2, 1, 0, 4, 0, 0, 0, 0, 2, 1, 0, 2, 1, 42, 2, 0, 0, 0, 0, 2, 4, 0, 0, 1, 0, 0, 0, 0, 3, 2, 0, 3, 0, 3, 0, 4, 0, 3, 3, 0, 3, 0, 0, 0, 3, 4, 4, 5, 5, 0, 0, 0, 1, 5, 0, 0, 0, 5, 0, 2, 41, : 5, 5, 1, 1, 1, 5, 1, 3, 2, 40, 1, 2, 2, 2, 1, 4, 2, 1, 2, 1, 42, 2, 2, 4, 1, 3, 2, 3, 3, 4, 3, 3, 3, 3, 4, 4, 5, 5, 1, 5, 5, 2, 41, 
31: 1, 0, 0, 2, 0, 44, 1, 0, 42, 2, 0, 0, 0, 0, 43, 0, 43, 0, 0, 0, 1, 0, 5, 0, 5, 0, 5, 0, 2, 40, 2, 0, 4, 2, 5, 0, 5, 3, 4, 0, 0, 0, 5, 4, 3, 1, 5, 4, 0, 0, 4, 0, 3, 0, 0, 44, 2, 1, 0, 2, 0, 2, 5, 0, 1, 0, 0, 1, 40, 0, 0, 0, 3, 3, 1, 1, 5, 0, 0, 0, : 1, 2, 44, 1, 42, 2, 43, 43, 1, 5, 5, 5, 2, 40, 2, 4, 2, 5, 5, 3, 4, 5, 4, 3, 1, 5, 4, 4, 3, 44, 2, 1, 2, 2, 5, 1, 1, 40, 3, 3, 1, 1, 5, 
139: 3, 3, 5, 3, 0, 1, 0, 0, 0, 5, 5, 2, 0, 0, 4, 2, 0, 4, 5, 0, 5, 0, 5, 1, 0, 5, 4, 3, 1, 0, 0, 0, 5, 40, 1, 0, 5, 0, 0, 4, 2, 4, 0, 0, 3, 2, 3, 0, 0, 0, 1, 2, 4, 0, 4, 0, 3, 5, 0, 4, 0, 0, 0, 5, 3, 0, 0, 0, 0, 1, 0, 2, 2, 0, 2, 1, 2, 0, 3, 1, : 3, 3, 5, 3, 1, 5, 5, 2, 4, 2, 4, 5, 5, 5, 1, 5, 4, 3, 1, 5, 40, 1, 5, 4, 2, 4, 3, 2, 3, 1, 2, 4, 4, 3, 5, 4, 5, 3, 1, 2, 2, 2, 1, 2, 3, 1, 
121: 2, 0, 0, 2, 4, 0, 3, 2, 3, 5, 1, 4, 0, 3, 1, 0, 0, 0, 0, 0, 0, 0, 0, 0, 0, 5, 3, 0, 5, 0, 0, 0, 0, 5, 0, 1, 0, 1, 2, 3, 1, 3, 0, 1, 0, 4, 0, 0, 0, 0, 0, 4, 0, 0, 42, 0, 41, 4, 0, 4, 0, 0, 0, 41, 0, 0, 0, 2, 2, 2, 0, 3, 0, 0, 0, 2, 3, 0, 0, 3, : 2, 2, 4, 3, 2, 3, 5, 1, 4, 3, 1, 5, 3, 5, 5, 1, 1, 2, 3, 1, 3, 1, 4, 4, 42, 41, 4, 4, 41, 2, 2, 2, 3, 2, 3, 3, 
29: 4, 0, 0, 2, 0, 3, 2, 5, 5, 4, 0, 0, 0, 0, 40, 3, 0, 0, 4, 0, 3, 0, 2, 0, 40, 0, 0, 0, 1, 4, 0, 2, 0, 1, 4, 1, 0, 1, 0, 0, 4, 0, 1, 3, 0, 0, 0, 0, 40, 1, 0, 0, 0, 5, 0, 2, 0, 0, 0, 2, 0, 0, 0, 2, 0, 0, 0, 5, 5, 1, 0, 0, 1, 1, 4, 0, 0, 3, 0, 4, : 4, 2, 3, 2, 5, 5, 4, 40, 3, 4, 3, 2, 40, 1, 4, 2, 1, 4, 1, 1, 4, 1, 3, 40, 1, 5, 2, 2, 2, 5, 5, 1, 1, 1, 4, 3, 4, 
27: 2, 0, 0, 2, 1, 0, 0, 0, 4, 5, 1, 0, 0, 0, 0, 0, 1, 3, 0, 1, 2, 0, 4, 0, 0, 0, 0, 0, 1, 5, 1, 5, 0, 5, 5, 2, 4, 5, 0, 0, 3, 0, 0, 0, 3, 0, 0, 0, 0, 3, 0, 2, 40, 0, 3, 0, 0, 0, 0, 2, 1, 0, 0, 0, 0, 0, 1, 3, 0, 0, 0, 0, 4, 0, 0, 1, 5, 0, 4, 4, : 2, 2, 1, 4, 5, 1, 1, 3, 1, 2, 4, 1, 5, 1, 5, 5, 5, 2, 4, 5, 3, 3, 3, 2, 40, 3, 2, 1, 1, 3, 4, 1, 5, 4, 4, 
97: 4, 0, 1, 5, 4, 0, 1, 5, 0, 0, 1, 0, 0, 0, 0, 1, 3, 1, 0, 42, 3, 1, 5, 2, 0, 4, 5, 0, 1, 2, 0, 0, 41, 1, 3, 3, 4, 0, 4, 1, 4, 0, 0, 0, 0, 3, 0, 0, 0, 0, 0, 2, 0, 3, 2, 40, 5, 5, 44, 2, 1, 4, 1, 0, 2, 4, 0, 1, 0, 0, 0, 0, 2, 0, 0, 4, 4, 0, 0, 0, : 4, 1, 5, 4, 1, 5, 1, 1, 3, 1, 42, 3, 1, 5, 2, 4, 5, 1, 2, 41, 1, 3, 3, 4, 4, 1, 4, 3, 2, 3, 2, 40, 5, 5, 44, 2, 1, 4, 1, 2, 4, 1, 2, 4, 4, 
55: 3, 42, 0, 4, 0, 0, 2, 2, 4, 43, 5, 0, 0, 2, 0, 5, 44, 0, 5, 0, 0, 0, 2, 0, 0, 2, 0, 0, 0, 0, 0, 0, 0, 4, 4, 0, 0, 1, 0, 0, 2, 0, 0, 0, 4, 0, 3, 0, 0, 4, 4, 4, 0, 0, 0, 0, 41, 0, 2, 3, 5, 0, 0, 5, 5, 0, 4, 4, 0, 0, 3, 0, 44, 0, 3, 1, 0, 40, 0, 3, : 3, 42, 4, 2, 2, 4, 43, 5, 2, 5, 44, 5, 2, 2, 4, 4, 1, 2, 4, 3, 4, 4, 4, 41, 2, 3, 5, 5, 5, 4, 4, 3, 44, 3, 1, 40, 3, 
119: 2, 0, 0, 1, 3, 42, 0, 0, 1, 2, 2, 0, 0, 0, 0, 2, 0, 0, 4, 0, 0, 0, 4, 44, 1, 0, 0, 0, 41, 0, 3, 1, 0, 3, 0, 0, 0, 0, 4, 0, 4, 2, 3, 0, 0, 0, 0, 2, 0, 0, 5, 0, 0, 1, 2, 0, 1, 0, 0, 2, 0, 0, 40, 2, 5, 0, 5, 1, 0, 0, 43, 2, 2, 0, 0, 0, 0, 0, 3, 0, : 2, 1, 3, 42, 1, 2, 2, 2, 4, 4, 44, 1, 41, 3, 1, 3, 4, 4, 2, 3, 2, 5, 1, 2, 1, 2, 40, 2, 5, 5, 1, 43, 2, 2, 3, 
122: 3, 0, 0, 0, 0, 0, 4, 3, 0, 4, 0, 0, 3, 5, 0, 0, 2, 3, 42, 2, 0, 4, 1, 0, 0, 42, 0, 2, 3, 1, 0, 2, 0, 1, 1, 43, 0, 43, 4, 0, 3, 0, 0, 0, 2, 3, 0, 0, 4, 0, 4, 0, 0, 1, 0, 0, 0, 40, 0, 3, 0, 0, 40, 0, 2, 3, 3, 1, 0, 2, 0, 40, 5, 0, 41, 0, 4, 43, 0, 0, : 3, 4, 3, 4, 3, 5, 2, 3, 42, 2, 4, 1, 42, 2, 3, 1, 2, 1, 1, 43, 43, 4, 3, 2, 3, 4, 4, 1, 40, 3, 40, 2, 3, 3, 1, 2, 40, 5, 41, 4, 43, 
172: 2, 0, 0, 4, 0, 0, 1, 1, 1, 5, 4, 0, 0, 0, 0, 2, 5, 0, 5, 0, 2, 1, 3, 0, 1, 2, 42, 0, 4, 0, 1, 1, 2, 1, 0, 0, 0, 3, 1, 3, 3, 4, 0, 0, 0, 0, 2, 5, 0, 41, 5, 0, 0, 5, 1, 0, 2, 2, 0, 2, 3, 0, 0, 1, 0, 0, 0, 4, 0, 0, 2, 3, 0, 0, 0, 2, 1, 5, 0, 4, : 2, 4, 1, 1, 1, 5, 4, 2, 5, 5, 2, 1, 3, 1, 2, 42, 4, 1, 1, 2, 1, 3, 1, 3, 3, 4, 2, 5, 41, 5, 5, 1, 2, 2, 2, 3, 1, 4, 2, 3, 2, 1, 5, 4, 
160: 5, 1, 0, 0, 0, 0, 1, 2, 5, 2, 0, 0, 1, 0, 2, 4, 0, 5, 0, 0, 2, 3, 3, 0, 0, 4, 3, 43, 5, 41, 0, 0, 0, 4, 0, 0, 0, 2, 4, 0, 1, 0, 43, 0, 0, 1, 0, 0, 0, 0, 0, 0, 0, 5, 2, 4, 5, 0, 0, 2, 3, 3, 0, 5, 1, 0, 0, 1, 4, 0, 0, 2, 0, 0, 0, 4, 1, 3, 0, 3, : 5, 1, 1, 2, 5, 2, 1, 2, 4, 5, 2, 3, 3, 4, 3, 43, 5, 41, 4, 2, 4, 1, 43, 1, 5, 2, 4, 5, 2, 3, 3, 5, 1, 1, 4, 2, 4, 1, 3, 3, 
10: 4, 4, 5, 0, 2, 0, 2, 0, 0, 5, 2, 0, 0, 0, 4, 4, 0, 1, 1, 0, 1, 0, 4, 5, 0, 5, 0, 0, 0, 3, 5, 1, 0, 2, 0, 0, 0, 5, 2, 5, 2, 0, 0, 0, 2, 2, 0, 0, 0, 0, 0, 0, 0, 1, 3, 2, 0, 0, 2, 5, 0, 0, 0, 4, 0, 1, 2, 1, 2, 0, 4, 0, 0, 3, 5, 2, 1, 0, 4, 0, : 4, 4, 5, 2, 2, 5, 2, 4, 4, 1, 1, 1, 4, 5, 5, 3, 5, 1, 2, 5, 2, 5, 2, 2, 2, 1, 3, 2, 2, 5, 4, 1, 2, 1, 2, 4, 3, 5, 2, 1, 4, 
184: 4, 0, 0, 2, 2, 1, 0, 0, 5, 0, 0, 3, 1, 0, 0, 1, 0, 5, 0, 43, 2, 0, 5, 0, 0, 3, 0, 1, 1, 0, 0, 0, 5, 1, 5, 0, 1, 4, 5, 0, 0, 0, 0, 1, 0, 4, 0, 0, 4, 0, 4, 0, 0, 42, 0, 0, 0, 0, 0, 5, 0, 0, 3, 0, 1, 2, 3, 2, 0, 4, 1, 0, 3, 4, 0, 4, 4, 0, 1, 3, : 4, 2, 2, 1, 5, 3, 1, 1, 5, 43, 2, 5, 3, 1, 1, 5, 1, 5, 1, 4, 5, 1, 4, 4, 4, 42, 5, 3, 1, 2, 3, 2, 4, 1, 3, 4, 4, 4, 1, 3, 
42: 3, 0, 0, 0, 0, 0, 1, 0, 0, 1, 1, 0, 0, 0, 0, 1, 0, 44, 0, 0, 0, 0, 3, 0, 0, 0, 1, 0, 3, 2, 3, 0, 0, 1, 0, 5, 0, 1, 0, 1, 1, 0, 0, 0, 2, 40, 0, 0, 0, 0, 2, 0, 0, 0, 4, 4, 2, 1, 0, 5, 0, 0, 0, 0, 0, 2, 0, 2, 0, 5, 0, 2, 0, 3, 0, 2, 1, 0, 1, 5, : 3, 1, 1, 1, 1, 44, 3, 1, 3, 2, 3, 1, 5, 1, 1, 1, 2, 40, 2, 4, 4, 2, 1, 5, 2, 2, 5, 2, 3, 2, 1, 1, 5, 
91: 0, 2, 2, 1, 3, 5, 5, 0, 5, 4, 0, 0, 0, 0, 0, 4, 0, 1, 0, 5, 1, 1, 4, 4, 2, 4, 0, 2, 0, 0, 5, 1, 0, 2, 0, 5, 0, 4, 0, 0, 4, 0, 0, 0, 5, 2, 42, 44, 0, 2, 43, 0, 0, 2, 5, 2, 0, 2, 4, 5, 0, 2, 0, 1, 4, 3, 0, 43, 0, 42, 0, 0, 0, 0, 1, 4, 0, 0, 5, 0, : 2, 2, 1, 3, 5, 5, 5, 4, 4, 1, 5, 1, 1, 4, 4, 2, 4, 2, 5, 1, 2, 5, 4, 4, 5, 2, 42, 44, 2, 43, 2, 5, 2, 2, 4, 5, 2, 1, 4, 3, 43, 42, 1, 4, 5, 
111: 4, 0, 0, 1, 0, 3, 4, 2, 5, 0, 1, 5, 0, 3, 0, 3, 3, 0, 0, 0, 3, 0, 4, 0, 5, 0, 0, 2, 0, 2, 4, 0, 5, 3, 5, 2, 0, 0, 5, 0, 5, 0, 0, 0, 0, 0, 0, 0, 0, 2, 1, 0, 0, 0, 0, 0, 0, 0, 1, 2, 0, 0, 3, 2, 5, 44, 4, 1, 0, 0, 0, 0, 5, 0, 4, 0, 3, 0, 0, 4, : 4, 1, 3, 4, 2, 5, 1, 5, 3, 3, 3, 3, 4, 5, 2, 2, 4, 5, 3, 5, 2, 5, 5, 2, 1, 1, 2, 3, 2, 5, 44, 4, 1, 5, 4, 3, 4, 
14: 3, 3, 0, 1, 4, 2, 4, 40, 0, 1, 3, 0, 0, 44, 0, 1, 0, 0, 0, 0, 4, 0, 5, 5, 0, 2, 0, 1, 5, 0, 0, 5, 5, 3, 2, 0, 0, 0, 0, 0, 4, 43, 0, 4, 0, 0, 0, 0, 0, 1, 4, 0, 4, 0, 1, 0, 0, 0, 0, 5, 0, 0, 2, 4, 4, 0, 40, 0, 2, 5, 0, 1, 4, 0, 0, 0, 5, 5, 0, 4, : 3, 3, 1, 4, 2, 4, 40, 1, 3, 44, 1, 4, 5, 5, 2, 1, 5, 5, 5, 3, 2, 4, 43, 4, 1, 4, 4, 1, 5, 2, 4, 4, 40, 2, 5, 1, 4, 5, 5, 4, 
32: 2, 41, 40, 0, 1, 0, 0, 1, 5, 1, 4, 0, 5, 0, 1, 1, 0, 0, 2, 0, 0, 0, 4, 0, 0, 1, 4, 2, 5, 2, 2, 0, 0, 1, 4, 0, 0, 3, 1, 0, 41, 0, 0, 3, 4, 0, 4, 0, 0, 0, 2, 0, 3, 44, 5, 0, 1, 2, 0, 1, 0, 3, 5, 1, 3, 0, 1, 4, 1, 0, 5, 5, 4, 0, 1, 4, 1, 3, 3, 3, : 2, 41, 40, 1, 1, 5, 1, 4, 5, 1, 1, 2, 4, 1, 4, 2, 5, 2, 2, 1, 4, 3, 1, 41, 3, 4, 4, 2, 3, 44, 5, 1, 2, 1, 3, 5, 1, 3, 1, 4, 1, 5, 5, 4, 1, 4, 1, 3, 3, 3, 
138: 2, 4, 0, 3, 0, 0, 2, 0, 0, 1, 2, 0, 0, 2, 0, 0, 0, 0, 0, 0, 4, 44, 1, 4, 1, 3, 0, 0, 0, 1, 4, 0, 0, 1, 3, 0, 0, 5, 40, 0, 3, 0, 0, 2, 0, 0, 3, 0, 4, 0, 0, 0, 5, 0, 0, 4, 0, 0, 43, 3, 2, 1, 2, 5, 4, 1, 4, 5, 4, 4, 0, 0, 0, 0, 0, 0, 2, 1, 3, 5, : 2, 4, 3, 2, 1, 2, 2, 4, 44, 1, 4, 1, 3, 1, 4, 1, 3, 5, 40, 3, 2, 3, 4, 5, 4, 43, 3, 2, 1, 2, 5, 4, 1, 4, 5, 4, 4, 2, 1, 3, 5, 
112: 2, 0, 0, 4, 0, 0, 5, 3, 0, 0, 2, 0, 0, 0, 0, 3, 0, 3, 1, 0, 1, 2, 5, 0, 2, 4, 0, 3, 1, 0, 4, 0, 0, 2, 1, 1, 0, 1, 0, 0, 0, 2, 0, 3, 5, 0, 0, 3, 0, 0, 5, 1, 0, 0, 1, 0, 0, 3, 1, 5, 2, 3, 5, 5, 40, 3, 4, 2, 5, 0, 1, 0, 0, 0, 0, 0, 1, 0, 3, 4, : 2, 4, 5, 3, 2, 3, 3, 1, 1, 2, 5, 2, 4, 3, 1, 4, 2, 1, 1, 1, 2, 3, 5, 3, 5, 1, 1, 3, 1, 5, 2, 3, 5, 5, 40, 3, 4, 2, 5, 1, 1, 3, 4, 
164: 4, 2, 3, 5, 0, 2, 2, 4, 0, 3, 4, 0, 0, 0, 0, 3, 0, 0, 0, 0, 1, 0, 0, 2, 0, 0, 3, 0, 5, 0, 0, 0, 0, 1, 0, 0, 42, 4, 1, 1, 0, 1, 0, 0, 4, 0, 0, 0, 0, 1, 0, 5, 0, 0, 0, 0, 0, 0, 0, 5, 3, 2, 0, 0, 5, 0, 0, 1, 0, 0, 0, 0, 5, 1, 1, 44, 1, 0, 2, 0, : 4, 2, 3, 5, 2, 2, 4, 3, 4, 3, 1, 2, 3, 5, 1, 42, 4, 1, 1, 1, 4, 1, 5, 5, 3, 2, 5, 1, 5, 1, 1, 44, 1, 2, 
168: 2, 0, 0, 0, 0, 0, 5, 2, 0, 3, 3, 4, 3, 0, 5, 3, 3, 0, 0, 4, 1, 2, 5, 5, 1, 0, 0, 2, 3, 0, 2, 2, 5, 0, 0, 1, 0, 4, 0, 5, 1, 0, 5, 0, 3, 1, 0, 0, 0, 3, 1, 0, 2, 0, 5, 0, 4, 0, 1, 1, 0, 0, 0, 3, 0, 0, 0, 3, 0, 0, 0, 0, 5, 44, 3, 2, 0, 2, 5, 0, : 2, 5, 2, 3, 3, 4, 3, 5, 3, 3, 4, 1, 2, 5, 5, 1, 2, 3, 2, 2, 5, 1, 4, 5, 1, 5, 3, 1, 3, 1, 2, 5, 4, 1, 1, 3, 3, 5, 44, 3, 2, 2, 5, 
105: 3, 3, 0, 40, 0, 0, 3, 2, 4, 4, 1, 3, 41, 3, 0, 1, 0, 0, 0, 0, 5, 4, 5, 4, 2, 5, 1, 2, 0, 0, 5, 0, 0, 2, 5, 4, 2, 0, 1, 0, 0, 0, 0, 0, 4, 2, 0, 1, 0, 0, 0, 40, 0, 2, 1, 0, 2, 0, 0, 5, 0, 5, 0, 0, 2, 0, 3, 0, 0, 0, 0, 44, 0, 0, 41, 5, 1, 0, 0, 0, : 3, 3, 40, 3, 2, 4, 4, 1, 3, 41, 3, 1, 5, 4, 5, 4, 2, 5, 1, 2, 5, 2, 5, 4, 2, 1, 4, 2, 1, 40, 2, 1, 2, 5, 5, 2, 3, 44, 41, 5, 1, 
74: 2, 0, 1, 3, 1, 0, 0, 2, 1, 0, 2, 0, 0, 0, 0, 0, 0, 0, 0, 3, 1, 4, 2, 0, 40, 0, 0, 3, 0, 3, 5, 1, 0, 1, 2, 4, 0, 0, 0, 0, 5, 0, 4, 1, 5, 0, 0, 0, 0, 0, 0, 0, 0, 0, 1, 0, 2, 0, 0, 5, 0, 0, 0, 0, 0, 3, 0, 0, 0, 0, 0, 5, 1, 5, 1, 5, 2, 0, 5, 0, : 2, 1, 3, 1, 2, 1, 2, 3, 1, 4, 2, 40, 3, 3, 5, 1, 1, 2, 4, 5, 4, 1, 5, 1, 2, 5, 3, 5, 1, 5, 1, 5, 2, 5, 
175: 0, 0, 4, 3, 0, 0, 0, 4, 5, 3, 4, 0, 4, 3, 0, 3, 0, 0, 0, 0, 1, 1, 4, 0, 0, 0, 0, 0, 1, 3, 3, 0, 0, 1, 4, 0, 0, 5, 5, 5, 2, 5, 0, 0, 4, 2, 5, 0, 0, 5, 0, 0, 0, 0, 0, 4, 0, 0, 4, 1, 4, 0, 5, 3, 4, 0, 0, 5, 0, 0, 4, 2, 4, 0, 4, 4, 3, 0, 4, 2, : 4, 3, 4, 5, 3, 4, 4, 3, 3, 1, 1, 4, 1, 3, 3, 1, 4, 5, 5, 5, 2, 5, 4, 2, 5, 5, 4, 4, 1, 4, 5, 3, 4, 5, 4, 2, 4, 4, 4, 3, 4, 2, 
76: 5, 5, 0, 2, 5, 0, 2, 2, 5, 3, 44, 0, 4, 0, 2, 0, 0, 0, 0, 1, 4, 0, 3, 2, 2, 1, 0, 0, 3, 4, 44, 0, 1, 5, 5, 0, 0, 3, 0, 0, 0, 0, 0, 0, 3, 0, 4, 4, 3, 1, 2, 0, 3, 0, 5, 0, 0, 3, 0, 4, 2, 43, 0, 1, 1, 0, 1, 0, 0, 5, 0, 0, 4, 1, 0, 1, 0, 0, 0, 1, : 5, 5, 2, 5, 2, 2, 5, 3, 44, 4, 2, 1, 4, 3, 2, 2, 1, 3, 4, 44, 1, 5, 5, 3, 3, 4, 4, 3, 1, 2, 3, 5, 3, 4, 2, 43, 1, 1, 1, 5, 4, 1, 1, 1, 
28: 5, 1, 4, 0, 1, 0, 5, 0, 1, 0, 3, 0, 0, 0, 1, 0, 0, 0, 1, 0, 4, 2, 1, 0, 0, 0, 0, 0, 5, 0, 3, 1, 0, 2, 1, 4, 0, 3, 5, 0, 0, 0, 4, 0, 4, 0, 0, 0, 2, 0, 0, 0, 3, 0, 1, 0, 0, 3, 0, 1, 44, 0, 0, 3, 0, 0, 40, 1, 1, 0, 0, 0, 1, 5, 1, 4, 41, 4, 44, 0, : 5, 1, 4, 1, 5, 1, 3, 1, 1, 4, 2, 1, 5, 3, 1, 2, 1, 4, 3, 5, 4, 4, 2, 3, 1, 3, 1, 44, 3, 40, 1, 1, 1, 5, 1, 4, 41, 4, 44, 
123: 3, 1, 0, 0, 2, 0, 0, 3, 4, 2, 1, 4, 0, 0, 4, 0, 0, 0, 3, 0, 0, 0, 2, 0, 5, 4, 0, 0, 1, 0, 0, 44, 0, 0, 0, 1, 0, 1, 2, 40, 0, 3, 0, 2, 0, 0, 5, 0, 0, 0, 5, 2, 0, 0, 5, 3, 0, 0, 0, 5, 2, 0, 0, 5, 2, 0, 0, 5, 0, 1, 0, 2, 4, 0, 0, 4, 5, 0, 0, 3, : 3, 1, 2, 3, 4, 2, 1, 4, 4, 3, 2, 5, 4, 1, 44, 1, 1, 2, 40, 3, 2, 5, 5, 2, 5, 3, 5, 2, 5, 2, 5, 1, 2, 4, 4, 5, 3, 
17: 5, 0, 2, 0, 0, 0, 3, 0, 0, 0, 2, 41, 5, 0, 0, 5, 0, 0, 0, 5, 5, 0, 4, 0, 3, 1, 2, 0, 1, 0, 1, 2, 0, 2, 0, 43, 1, 0, 0, 0, 1, 43, 4, 42, 2, 0, 0, 0, 3, 0, 0, 5, 0, 0, 5, 3, 0, 0, 4, 2, 3, 3, 2, 0, 0, 0, 0, 0, 44, 4, 0, 2, 3, 0, 1, 0, 0, 0, 5, 1, : 5, 2, 3, 2, 41, 5, 5, 5, 5, 4, 3, 1, 2, 1, 1, 2, 2, 43, 1, 1, 43, 4, 42, 2, 3, 5, 5, 3, 4, 2, 3, 3, 2, 44, 4, 2, 3, 1, 5, 1, 
117: 5, 1, 0, 2, 44, 4, 4, 4, 3, 4, 1, 0, 0, 1, 0, 2, 0, 0, 0, 4, 1, 40, 3, 0, 0, 1, 42, 2, 0, 0, 1, 0, 5, 4, 40, 0, 42, 3, 5, 0, 0, 3, 2, 4, 2, 0, 0, 3, 0, 0, 5, 0, 1, 0, 0, 0, 0, 0, 0, 4, 42, 44, 3, 5, 0, 0, 0, 0, 0, 0, 1, 0, 2, 0, 0, 3, 3, 0, 4, 5, : 5, 1, 2, 44, 4, 4, 4, 3, 4, 1, 1, 2, 4, 1, 40, 3, 1, 42, 2, 1, 5, 4, 40, 42, 3, 5, 3, 2, 4, 2, 3, 5, 1, 4, 42, 44, 3, 5, 1, 2, 3, 3, 4, 5, 
174: 3, 0, 0, 5, 0, 2, 5, 3, 1, 2, 1, 4, 4, 5, 5, 1, 0, 3, 0, 1, 2, 0, 2, 0, 1, 4, 0, 0, 0, 0, 0, 0, 0, 4, 0, 0, 0, 1, 1, 0, 5, 0, 0, 0, 0, 0, 0, 0, 4, 1, 3, 5, 5, 5, 1, 0, 0, 0, 0, 1, 0, 0, 0, 0, 5, 0, 0, 4, 0, 2, 4, 4, 0, 2, 0, 3, 2, 5, 5, 1, : 3, 5, 2, 5, 3, 1, 2, 1, 4, 4, 5, 5, 1, 3, 1, 2, 2, 1, 4, 4, 1, 1, 5, 4, 1, 3, 5, 5, 5, 1, 1, 5, 4, 2, 4, 4, 2, 3, 2, 5, 5, 1, 
21: 3, 4, 0, 5, 0, 0, 0, 3, 0, 0, 1, 3, 3, 0, 3, 44, 0, 0, 0, 0, 1, 0, 2, 0, 4, 5, 0, 5, 5, 1, 2, 0, 0, 5, 4, 0, 0, 0, 3, 0, 4, 2, 2, 0, 3, 0, 0, 2, 5, 3, 0, 0, 0, 0, 0, 3, 3, 0, 0, 3, 0, 0, 0, 0, 4, 2, 0, 4, 0, 0, 2, 0, 2, 3, 1, 4, 0, 0, 5, 5, : 3, 4, 5, 3, 1, 3, 3, 3, 44, 1, 2, 4, 5, 5, 5, 1, 2, 5, 4, 3, 4, 2, 2, 3, 2, 5, 3, 3, 3, 3, 4, 2, 4, 2, 2, 3, 1, 4, 5, 5, 
171: 5, 2, 5, 5, 0, 2, 1, 1, 4, 0, 0, 0, 44, 0, 0, 0, 3, 0, 0, 0, 4, 0, 5, 0, 0, 4, 0, 3, 0, 0, 1, 4, 0, 0, 3, 0, 3, 5, 3, 0, 2, 0, 0, 5, 0, 5, 0, 0, 0, 0, 0, 0, 0, 0, 4, 0, 0, 1, 2, 1, 0, 0, 0, 0, 1, 3, 0, 1, 1, 0, 5, 0, 1, 1, 0, 1, 0, 0, 0, 0, : 5, 2, 5, 5, 2, 1, 1, 4, 44, 3, 4, 5, 4, 3, 1, 4, 3, 3, 5, 3, 2, 5, 5, 4, 1, 2, 1, 1, 3, 1, 1, 5, 1, 1, 1, 
13: 5, 0, 0, 0, 0, 0, 0, 3, 0, 1, 3, 0, 0, 5, 0, 5, 5, 0, 0, 0, 4, 0, 3, 42, 0, 2, 0, 1, 1, 1, 4, 3, 0, 2, 0, 0, 4, 2, 1, 0, 2, 2, 3, 0, 0, 40, 41, 0, 3, 4, 3, 4, 0, 1, 2, 1, 0, 0, 0, 2, 2, 3, 4, 3, 2, 1, 0, 4, 4, 0, 0, 0, 0, 0, 5, 2, 2, 1, 0, 2, : 5, 3, 1, 3, 5, 5, 5, 4, 3, 42, 2, 1, 1, 1, 4, 3, 2, 4, 2, 1, 2, 2, 3, 40, 41, 3, 4, 3, 4, 1, 2, 1, 2, 2, 3, 4, 3, 2, 1, 4, 4, 5, 2, 2, 1, 2, 
62: 4, 0, 0, 4, 0, 2, 2, 3, 1, 2, 5, 1, 0, 0, 0, 5, 0, 41, 0, 0, 4, 3, 1, 0, 0, 1, 5, 0, 4, 0, 4, 44, 0, 2, 0, 0, 0, 0, 5, 0, 1, 0, 0, 0, 0, 0, 3, 3, 0, 42, 0, 0, 0, 0, 3, 1, 3, 0, 5, 1, 0, 0, 0, 5, 3, 42, 0, 0, 0, 1, 0, 0, 0, 0, 0, 2, 4, 5, 1, 5, : 4, 4, 2, 2, 3, 1, 2, 5, 1, 5, 41, 4, 3, 1, 1, 5, 4, 4, 44, 2, 5, 1, 3, 3, 42, 3, 1, 3, 5, 1, 5, 3, 42, 1, 2, 4, 5, 1, 5, 
95: 2, 0, 0, 1, 41, 2, 43, 4, 0, 0, 2, 5, 0, 40, 0, 2, 0, 0, 0, 5, 0, 0, 3, 0, 0, 0, 0, 0, 0, 4, 0, 0, 0, 0, 4, 0, 0, 4, 0, 2, 3, 0, 0, 4, 5, 0, 0, 1, 0, 1, 5, 43, 2, 0, 4, 0, 0, 1, 2, 5, 1, 0, 0, 3, 0, 0, 0, 3, 0, 0, 0, 0, 0, 0, 0, 1, 4, 0, 2, 0, : 2, 1, 41, 2, 43, 4, 2, 5, 40, 2, 5, 3, 4, 4, 4, 2, 3, 4, 5, 1, 1, 5, 43, 2, 4, 1, 2, 5, 1, 3, 3, 1, 4, 2, 
128: 0, 0, 42, 0, 0, 3, 0, 2, 5, 0, 3, 1, 0, 0, 5, 0, 0, 0, 4, 2, 3, 3, 0, 0, 0, 1, 0, 0, 5, 0, 4, 0, 0, 0, 2, 0, 0, 0, 5, 0, 5, 3, 0, 41, 43, 3, 0, 42, 2, 3, 0, 0, 0, 0, 3, 0, 0, 44, 2, 3, 0, 0, 0, 0, 3, 0, 0, 0, 0, 41, 3, 0, 2, 41, 0, 1, 0, 0, 1, 1, : 42, 3, 2, 5, 3, 1, 5, 4, 2, 3, 3, 1, 5, 4, 2, 5, 5, 3, 41, 43, 3, 42, 2, 3, 3, 44, 2, 3, 3, 41, 3, 2, 41, 1, 1, 1, 


