
40
400
120
10

301: 1, 0, 0, 0, 0, 4, 3, 2, 0, 3, 44, 5, 0, 2, 2, 3, 0, 5, 0, 0, 1, 0, 0, 0, 0, 0, 1, 3, 3, 4, 3, 0, 44, 43, 0, 1, 1, 41, 0, 5, : 1, 4, 3, 2, 3, 44, 5, 2, 2, 3, 5, 1, 1, 3, 3, 4, 3, 44, 43, 1, 1, 41, 5, 
176: 4, 5, 0, 0, 0, 3, 0, 0, 42, 5, 0, 1, 4, 0, 0, 2, 44, 5, 0, 0, 0, 0, 5, 5, 0, 1, 0, 5, 4, 5, 0, 0, 0, 0, 1, 1, 3, 2, 0, 1, : 4, 5, 3, 42, 5, 1, 4, 2, 44, 5, 5, 5, 1, 5, 4, 5, 1, 1, 3, 2, 1, 
222: 1, 1, 0, 3, 0, 0, 0, 0, 5, 1, 5, 0, 4, 0, 0, 1, 0, 3, 5, 0, 0, 0, 0, 1, 4, 1, 44, 5, 3, 5, 0, 0, 1, 0, 0, 5, 5, 4, 5, 1, : 1, 1, 3, 5, 1, 5, 4, 1, 3, 5, 1, 4, 1, 44, 5, 3, 5, 1, 5, 5, 4, 5, 1, 
304: 3, 0, 0, 42, 0, 3, 3, 0, 1, 1, 0, 1, 5, 0, 4, 5, 0, 0, 0, 0, 0, 4, 41, 0, 1, 0, 1, 43, 0, 2, 0, 0, 0, 0, 4, 0, 5, 0, 4, 3, : 3, 42, 3, 3, 1, 1, 1, 5, 4, 5, 4, 41, 1, 1, 43, 2, 4, 5, 4, 3, 
95: 0, 2, 0, 4, 43, 0, 4, 2, 0, 3, 0, 5, 4, 0, 2, 3, 0, 43, 0, 0, 1, 0, 0, 0, 0, 4, 0, 3, 5, 0, 0, 4, 1, 0, 0, 5, 0, 0, 1, 0, : 2, 4, 43, 4, 2, 3, 5, 4, 2, 3, 43, 1, 4, 3, 5, 4, 1, 5, 1, 
142: 5, 0, 1, 1, 1, 3, 3, 5, 0, 4, 0, 2, 5, 5, 41, 5, 0, 4, 3, 1, 0, 0, 0, 0, 0, 0, 0, 4, 0, 5, 0, 3, 2, 42, 2, 0, 4, 0, 0, 3, : 5, 1, 1, 1, 3, 3, 5, 4, 2, 5, 5, 41, 5, 4, 3, 1, 4, 5, 3, 2, 42, 2, 4, 3, 
276: 0, 0, 0, 0, 0, 4, 2, 0, 1, 2, 0, 5, 0, 0, 0, 4, 0, 0, 0, 4, 0, 0, 1, 0, 0, 0, 0, 4, 0, 1, 0, 0, 3, 5, 0, 1, 3, 0, 0, 1, : 4, 2, 1, 2, 5, 4, 4, 1, 4, 1, 3, 5, 1, 3, 1, 
194: 2, 1, 2, 5, 0, 3, 4, 0, 0, 2, 0, 3, 1, 41, 5, 4, 0, 4, 5, 2, 0, 3, 0, 0, 4, 3, 0, 0, 0, 0, 0, 2, 2, 3, 2, 0, 0, 3, 3, 44, : 2, 1, 2, 5, 3, 4, 2, 3, 1, 41, 5, 4, 4, 5, 2, 3, 4, 3, 2, 2, 3, 2, 3, 3, 44, 
242: 3, 2, 0, 1, 0, 0, 3, 5, 4, 4, 0, 5, 3, 0, 4, 3, 4, 0, 0, 0, 0, 2, 1, 0, 5, 0, 0, 5, 1, 0, 0, 0, 0, 0, 0, 2, 0, 0, 1, 5, : 3, 2, 1, 3, 5, 4, 4, 5, 3, 4, 3, 4, 2, 1, 5, 5, 1, 2, 1, 5, 
355: 4, 1, 0, 3, 0, 0, 0, 0, 0, 5, 0, 0, 0, 0, 3, 1, 0, 0, 3, 0, 0, 0, 2, 0, 0, 0, 5, 3, 5, 1, 0, 0, 4, 2, 4, 2, 5, 1, 4, 1, : 4, 1, 3, 5, 3, 1, 3, 2, 5, 3, 5, 1, 4, 2, 4, 2, 5, 1, 4, 1, 
54: 2, 5, 0, 0, 0, 2, 0, 0, 0, 1, 41, 0, 0, 0, 2, 1, 5, 5, 0, 0, 1, 0, 0, 3, 0, 0, 0, 0, 1, 1, 0, 0, 4, 0, 0, 3, 2, 2, 2, 3, : 2, 5, 2, 1, 41, 2, 1, 5, 5, 1, 3, 1, 1, 4, 3, 2, 2, 2, 3, 
22: 3, 3, 0, 0, 4, 0, 3, 0, 0, 1, 0, 5, 2, 2, 0, 2, 5, 0, 42, 3, 0, 1, 42, 2, 0, 0, 0, 0, 2, 0, 5, 4, 0, 1, 0, 5, 1, 2, 1, 0, : 3, 3, 4, 3, 1, 5, 2, 2, 2, 5, 42, 3, 1, 42, 2, 2, 5, 4, 1, 5, 1, 2, 1, 
188: 0, 5, 0, 3, 5, 0, 5, 41, 2, 5, 0, 0, 0, 0, 0, 2, 0, 0, 4, 0, 5, 3, 0, 1, 0, 0, 0, 2, 1, 2, 4, 42, 3, 0, 0, 0, 0, 0, 2, 3, : 5, 3, 5, 5, 41, 2, 5, 2, 4, 5, 3, 1, 2, 1, 2, 4, 42, 3, 2, 3, 
223: 2, 4, 0, 3, 5, 0, 2, 0, 0, 2, 0, 2, 2, 0, 5, 1, 2, 2, 0, 4, 0, 3, 4, 0, 0, 3, 3, 0, 3, 4, 0, 0, 0, 0, 1, 3, 0, 40, 0, 4, : 2, 4, 3, 5, 2, 2, 2, 2, 5, 1, 2, 2, 4, 3, 4, 3, 3, 3, 4, 1, 3, 40, 4, 
140: 5, 2, 0, 0, 0, 1, 0, 0, 0, 5, 0, 1, 0, 5, 1, 0, 0, 2, 0, 40, 0, 0, 0, 0, 2, 0, 0, 1, 5, 2, 0, 4, 0, 1, 0, 5, 1, 0, 3, 1, : 5, 2, 1, 5, 1, 5, 1, 2, 40, 2, 1, 5, 2, 4, 1, 5, 1, 3, 1, 
272: 1, 4, 0, 2, 0, 3, 5, 0, 2, 3, 0, 1, 0, 0, 0, 0, 0, 2, 0, 3, 4, 43, 0, 0, 1, 0, 0, 0, 2, 0, 0, 5, 4, 0, 5, 2, 0, 2, 1, 0, : 1, 4, 2, 3, 5, 2, 3, 1, 2, 3, 4, 43, 1, 2, 5, 4, 5, 2, 2, 1, 
205: 0, 2, 5, 1, 0, 4, 0, 1, 0, 1, 0, 5, 1, 4, 0, 1, 0, 0, 0, 0, 0, 2, 0, 3, 0, 1, 42, 0, 1, 0, 5, 1, 2, 0, 0, 0, 2, 0, 4, 0, : 2, 5, 1, 4, 1, 1, 5, 1, 4, 1, 2, 3, 1, 42, 1, 5, 1, 2, 2, 4, 
361: 41, 1, 0, 5, 0, 1, 3, 0, 3, 1, 0, 1, 0, 0, 3, 0, 3, 5, 0, 1, 3, 4, 0, 5, 0, 0, 1, 0, 4, 3, 4, 0, 5, 0, 0, 0, 3, 0, 5, 0, : 41, 1, 5, 1, 3, 3, 1, 1, 3, 3, 5, 1, 3, 4, 5, 1, 4, 3, 4, 5, 3, 5, 
167: 0, 0, 4, 0, 0, 1, 2, 0, 0, 2, 2, 3, 5, 3, 0, 4, 2, 1, 0, 2, 0, 0, 0, 0, 0, 5, 0, 0, 0, 3, 0, 0, 4, 5, 0, 1, 4, 0, 1, 0, : 4, 1, 2, 2, 2, 3, 5, 3, 4, 2, 1, 2, 5, 3, 4, 5, 1, 4, 1, 
221: 4, 3, 0, 1, 0, 3, 3, 2, 0, 3, 3, 2, 0, 1, 5, 2, 0, 0, 0, 4, 2, 0, 0, 0, 0, 3, 0, 4, 1, 0, 0, 1, 1, 0, 3, 4, 1, 1, 5, 3, : 4, 3, 1, 3, 3, 2, 3, 3, 2, 1, 5, 2, 4, 2, 3, 4, 1, 1, 1, 3, 4, 1, 1, 5, 3, 
332: 3, 1, 0, 4, 4, 2, 0, 0, 0, 2, 0, 2, 0, 0, 4, 0, 0, 4, 4, 43, 4, 0, 1, 2, 0, 0, 0, 0, 1, 1, 44, 42, 0, 2, 1, 0, 3, 0, 1, 1, : 3, 1, 4, 4, 2, 2, 2, 4, 4, 4, 43, 4, 1, 2, 1, 1, 44, 42, 2, 1, 3, 1, 1, 
289: 5, 40, 0, 0, 3, 5, 2, 2, 0, 5, 2, 43, 5, 2, 1, 0, 42, 0, 0, 0, 5, 0, 1, 0, 0, 0, 2, 0, 0, 0, 0, 3, 5, 0, 0, 1, 2, 0, 0, 2, : 5, 40, 3, 5, 2, 2, 5, 2, 43, 5, 2, 1, 42, 5, 1, 2, 3, 5, 1, 2, 2, 
384: 2, 2, 5, 5, 0, 4, 43, 2, 0, 3, 0, 3, 3, 0, 3, 0, 4, 5, 0, 2, 0, 1, 0, 0, 0, 0, 1, 0, 2, 43, 5, 0, 3, 0, 2, 0, 0, 0, 0, 5, : 2, 2, 5, 5, 4, 43, 2, 3, 3, 3, 3, 4, 5, 2, 1, 1, 2, 43, 5, 3, 2, 5, 
319: 2, 5, 0, 4, 0, 4, 4, 2, 0, 5, 0, 4, 1, 4, 4, 1, 1, 5, 0, 0, 0, 0, 2, 3, 2, 1, 5, 0, 1, 3, 0, 0, 0, 0, 0, 1, 2, 2, 3, 1, : 2, 5, 4, 4, 4, 2, 5, 4, 1, 4, 4, 1, 1, 5, 2, 3, 2, 1, 5, 1, 3, 1, 2, 2, 3, 1, 
263: 1, 0, 1, 2, 0, 4, 4, 0, 2, 5, 1, 1, 0, 0, 4, 40, 0, 2, 4, 0, 0, 2, 0, 2, 2, 2, 3, 0, 3, 4, 0, 0, 2, 0, 0, 3, 0, 4, 2, 0, : 1, 1, 2, 4, 4, 2, 5, 1, 1, 4, 40, 2, 4, 2, 2, 2, 2, 3, 3, 4, 2, 3, 4, 2, 
161: 0, 0, 0, 3, 0, 0, 1, 5, 0, 4, 0, 1, 0, 1, 4, 0, 0, 0, 0, 2, 0, 0, 2, 0, 1, 0, 0, 4, 2, 3, 0, 0, 1, 0, 0, 0, 4, 5, 42, 3, : 3, 1, 5, 4, 1, 1, 4, 2, 2, 1, 4, 2, 3, 1, 4, 5, 42, 3, 
7: 1, 4, 2, 1, 0, 0, 0, 0, 1, 3, 0, 1, 0, 0, 0, 3, 0, 2, 0, 0, 0, 0, 1, 4, 3, 4, 1, 5, 4, 3, 0, 1, 1, 0, 0, 5, 0, 0, 2, 0, : 1, 4, 2, 1, 1, 3, 1, 3, 2, 1, 4, 3, 4, 1, 5, 4, 3, 1, 1, 5, 2, 
191: 1, 4, 0, 5, 1, 0, 0, 0, 4, 5, 4, 2, 4, 0, 2, 5, 0, 0, 2, 5, 0, 0, 2, 0, 1, 1, 0, 0, 0, 0, 0, 0, 0, 2, 0, 3, 2, 4, 1, 5, : 1, 4, 5, 1, 4, 5, 4, 2, 4, 2, 5, 2, 5, 2, 1, 1, 2, 3, 2, 4, 1, 5, 
33: 0, 3, 4, 2, 0, 2, 3, 0, 0, 2, 2, 0, 1, 41, 4, 3, 0, 4, 0, 0, 0, 1, 0, 41, 0, 0, 3, 5, 5, 2, 0, 0, 0, 1, 0, 1, 0, 0, 4, 4, : 3, 4, 2, 2, 3, 2, 2, 1, 41, 4, 3, 4, 1, 41, 3, 5, 5, 2, 1, 1, 4, 4, 
125: 2, 3, 2, 1, 5, 2, 3, 0, 0, 4, 0, 0, 4, 3, 2, 5, 0, 0, 44, 0, 0, 3, 1, 0, 2, 0, 0, 1, 0, 0, 0, 0, 5, 0, 0, 3, 5, 0, 5, 2, : 2, 3, 2, 1, 5, 2, 3, 4, 4, 3, 2, 5, 44, 3, 1, 2, 1, 5, 3, 5, 5, 2, 
159: 1, 0, 5, 0, 0, 3, 0, 0, 4, 1, 2, 5, 2, 1, 0, 4, 2, 3, 0, 0, 0, 0, 2, 0, 2, 2, 0, 5, 5, 0, 3, 0, 2, 0, 0, 3, 1, 2, 3, 2, : 1, 5, 3, 4, 1, 2, 5, 2, 1, 4, 2, 3, 2, 2, 2, 5, 5, 3, 2, 3, 1, 2, 3, 2, 
299: 4, 0, 0, 0, 0, 0, 2, 3, 2, 4, 4, 2, 4, 0, 0, 0, 0, 3, 0, 2, 4, 4, 0, 1, 1, 40, 2, 0, 5, 1, 42, 0, 1, 4, 5, 2, 3, 1, 0, 5, : 4, 2, 3, 2, 4, 4, 2, 4, 3, 2, 4, 4, 1, 1, 40, 2, 5, 1, 42, 1, 4, 5, 2, 3, 1, 5, 
321: 0, 5, 4, 0, 42, 2, 2, 0, 0, 1, 4, 1, 4, 0, 0, 4, 0, 1, 1, 2, 0, 0, 0, 2, 4, 5, 0, 0, 0, 4, 0, 0, 4, 0, 42, 40, 5, 1, 4, 2, : 5, 4, 42, 2, 2, 1, 4, 1, 4, 4, 1, 1, 2, 2, 4, 5, 4, 4, 42, 40, 5, 1, 4, 2, 
266: 2, 1, 40, 5, 4, 0, 1, 5, 0, 5, 0, 2, 2, 3, 5, 3, 0, 0, 1, 0, 0, 0, 5, 0, 40, 0, 1, 0, 2, 0, 3, 0, 5, 0, 4, 3, 2, 0, 2, 2, : 2, 1, 40, 5, 4, 1, 5, 5, 2, 2, 3, 5, 3, 1, 5, 40, 1, 2, 3, 5, 4, 3, 2, 2, 2, 
100: 1, 4, 0, 2, 0, 3, 2, 0, 0, 5, 0, 0, 0, 2, 0, 0, 5, 2, 0, 0, 3, 0, 0, 41, 0, 43, 1, 5, 0, 4, 0, 0, 0, 3, 0, 5, 0, 0, 3, 3, : 1, 4, 2, 3, 2, 5, 2, 5, 2, 3, 41, 43, 1, 5, 4, 3, 5, 3, 3, 
189: 5, 0, 0, 2, 0, 3, 0, 0, 5, 3, 0, 2, 5, 0, 5, 4, 0, 2, 0, 0, 0, 0, 0, 0, 0, 0, 4, 5, 3, 3, 1, 3, 5, 1, 0, 3, 3, 0, 1, 0, : 5, 2, 3, 5, 3, 2, 5, 5, 4, 2, 4, 5, 3, 3, 1, 3, 5, 1, 3, 3, 1, 
72: 2, 2, 0, 0, 3, 3, 0, 43, 42, 2, 0, 1, 2, 0, 1, 3, 1, 0, 0, 0, 44, 0, 0, 0, 3, 0, 0, 3, 41, 2, 1, 2, 0, 0, 1, 0, 0, 0, 2, 0, : 2, 2, 3, 3, 43, 42, 2, 1, 2, 1, 3, 1, 44, 3, 3, 41, 2, 1, 2, 1, 2, 
236: 2, 0, 43, 5, 0, 41, 3, 0, 0, 2, 5, 0, 2, 0, 2, 0, 0, 4, 0, 0, 0, 44, 0, 0, 0, 0, 0, 0, 0, 0, 0, 0, 1, 0, 0, 1, 42, 3, 0, 0, : 2, 43, 5, 41, 3, 2, 5, 2, 2, 4, 44, 1, 1, 42, 3, 
83: 3, 3, 0, 0, 0, 4, 4, 0, 0, 2, 0, 1, 41, 0, 1, 1, 0, 0, 2, 0, 43, 0, 5, 0, 0, 0, 0, 1, 5, 4, 0, 3, 4, 5, 42, 4, 4, 0, 1, 1, : 3, 3, 4, 4, 2, 1, 41, 1, 1, 2, 43, 5, 1, 5, 4, 3, 4, 5, 42, 4, 4, 1, 1, 
119: 2, 2, 2, 5, 0, 3, 1, 0, 0, 3, 1, 2, 4, 0, 1, 0, 0, 2, 0, 0, 0, 0, 2, 4, 42, 1, 0, 4, 0, 5, 0, 0, 1, 0, 1, 2, 2, 0, 2, 4, : 2, 2, 2, 5, 3, 1, 3, 1, 2, 4, 1, 2, 2, 4, 42, 1, 4, 5, 1, 1, 2, 2, 2, 4, 


168: 3, 0, 4, 5, 4, 0, 0, 0, 40, 4, 0, 0, 5, 0, 3, 4, 0, 0, 0, 0, 40, 4, 0, 0, 0, 0, 2, 0, 1, 0, 42, 0, 2, 1, 0, 0, 5, 0, 2, 0, : 3, 4, 5, 4, 40, 4, 5, 3, 4, 40, 4, 2, 1, 42, 2, 1, 5, 2, 
239: 1, 0, 4, 0, 0, 0, 0, 0, 0, 3, 4, 4, 1, 0, 2, 0, 4, 0, 4, 0, 3, 5, 3, 0, 3, 5, 4, 0, 3, 2, 0, 5, 0, 1, 0, 2, 5, 2, 0, 2, : 1, 4, 3, 4, 4, 1, 2, 4, 4, 3, 5, 3, 3, 5, 4, 3, 2, 5, 1, 2, 5, 2, 2, 
372: 0, 0, 0, 5, 2, 3, 1, 0, 0, 3, 4, 0, 3, 2, 43, 0, 4, 2, 0, 1, 0, 1, 0, 0, 0, 3, 4, 0, 0, 0, 0, 0, 0, 2, 0, 0, 1, 3, 0, 0, : 5, 2, 3, 1, 3, 4, 3, 2, 43, 4, 2, 1, 1, 3, 4, 2, 1, 3, 
43: 2, 2, 3, 0, 0, 0, 0, 0, 1, 0, 0, 0, 5, 2, 0, 0, 0, 0, 0, 0, 0, 0, 1, 0, 5, 4, 0, 0, 5, 3, 0, 3, 4, 5, 0, 4, 2, 0, 0, 0, : 2, 2, 3, 1, 5, 2, 1, 5, 4, 5, 3, 3, 4, 5, 4, 2, 
192: 3, 0, 1, 1, 42, 5, 4, 5, 0, 1, 0, 3, 2, 3, 1, 0, 4, 0, 0, 0, 2, 0, 0, 3, 0, 3, 4, 0, 3, 0, 0, 5, 43, 0, 4, 1, 0, 4, 4, 0, : 3, 1, 1, 42, 5, 4, 5, 1, 3, 2, 3, 1, 4, 2, 3, 3, 4, 3, 5, 43, 4, 1, 4, 4, 
313: 4, 3, 3, 5, 0, 5, 0, 5, 0, 43, 1, 0, 4, 1, 4, 0, 0, 3, 0, 2, 0, 0, 0, 0, 3, 1, 0, 0, 0, 4, 3, 2, 0, 2, 0, 0, 0, 0, 4, 0, : 4, 3, 3, 5, 5, 5, 43, 1, 4, 1, 4, 3, 2, 3, 1, 4, 3, 2, 2, 4, 
398: 4, 0, 1, 1, 0, 0, 44, 0, 0, 2, 0, 0, 4, 0, 0, 3, 0, 5, 0, 41, 3, 0, 5, 0, 1, 5, 1, 44, 3, 5, 0, 42, 1, 3, 44, 5, 0, 4, 2, 0, : 4, 1, 1, 44, 2, 4, 3, 5, 41, 3, 5, 1, 5, 1, 44, 3, 5, 42, 1, 3, 44, 5, 4, 2, 
218: 3, 0, 3, 0, 0, 0, 1, 0, 0, 3, 3, 0, 2, 4, 3, 0, 0, 0, 0, 2, 0, 3, 1, 5, 1, 1, 44, 0, 4, 4, 0, 4, 0, 1, 0, 3, 0, 4, 0, 0, : 3, 3, 1, 3, 3, 2, 4, 3, 2, 3, 1, 5, 1, 1, 44, 4, 4, 4, 1, 3, 4, 
303: 0, 0, 0, 0, 0, 0, 4, 0, 0, 1, 0, 4, 1, 0, 0, 0, 5, 0, 0, 0, 4, 2, 0, 0, 0, 4, 2, 0, 0, 2, 2, 0, 4, 3, 1, 1, 0, 4, 5, 0, : 4, 1, 4, 1, 5, 4, 2, 4, 2, 2, 2, 4, 3, 1, 1, 4, 5, 
35: 0, 0, 0, 5, 0, 0, 5, 0, 5, 5, 0, 0, 5, 0, 0, 0, 3, 0, 2, 0, 1, 0, 0, 3, 0, 1, 1, 2, 0, 1, 2, 0, 0, 0, 0, 4, 4, 5, 0, 1, : 5, 5, 5, 5, 5, 3, 2, 1, 3, 1, 1, 2, 1, 2, 4, 4, 5, 1, 
76: 5, 0, 0, 5, 0, 0, 0, 0, 5, 1, 1, 1, 5, 0, 5, 2, 0, 2, 0, 0, 0, 5, 0, 0, 0, 4, 5, 3, 4, 3, 43, 2, 0, 3, 4, 0, 5, 0, 0, 4, : 5, 5, 5, 1, 1, 1, 5, 5, 2, 2, 5, 4, 5, 3, 4, 3, 43, 2, 3, 4, 5, 4, 
158: 3, 3, 3, 0, 0, 3, 5, 0, 0, 5, 0, 0, 4, 0, 1, 0, 0, 2, 44, 0, 3, 1, 1, 5, 0, 0, 3, 0, 0, 0, 2, 5, 5, 4, 2, 0, 0, 0, 0, 2, : 3, 3, 3, 3, 5, 5, 4, 1, 2, 44, 3, 1, 1, 5, 3, 2, 5, 5, 4, 2, 2, 
143: 0, 0, 3, 4, 1, 41, 0, 0, 0, 2, 0, 5, 3, 0, 4, 5, 4, 0, 1, 0, 4, 3, 0, 2, 4, 43, 5, 0, 2, 0, 2, 2, 0, 3, 0, 0, 1, 3, 0, 2, : 3, 4, 1, 41, 2, 5, 3, 4, 5, 4, 1, 4, 3, 2, 4, 43, 5, 2, 2, 2, 3, 1, 3, 2, 
264: 0, 4, 1, 5, 0, 0, 5, 0, 0, 0, 0, 0, 4, 5, 1, 0, 4, 1, 0, 0, 5, 0, 0, 3, 0, 5, 0, 0, 1, 2, 0, 2, 0, 2, 0, 1, 0, 3, 0, 0, : 4, 1, 5, 5, 4, 5, 1, 4, 1, 5, 3, 5, 1, 2, 2, 2, 1, 3, 
75: 3, 2, 5, 0, 5, 0, 1, 3, 0, 0, 0, 5, 4, 1, 0, 0, 0, 2, 0, 0, 3, 4, 3, 0, 0, 0, 3, 2, 0, 2, 5, 0, 0, 1, 0, 0, 5, 1, 0, 0, : 3, 2, 5, 5, 1, 3, 5, 4, 1, 2, 3, 4, 3, 3, 2, 2, 5, 1, 5, 1, 
318: 0, 0, 3, 0, 0, 0, 0, 0, 0, 1, 3, 0, 4, 0, 5, 0, 4, 1, 5, 0, 0, 3, 0, 0, 0, 0, 5, 1, 0, 3, 3, 4, 0, 1, 4, 0, 4, 2, 0, 0, : 3, 1, 3, 4, 5, 4, 1, 5, 3, 5, 1, 3, 3, 4, 1, 4, 4, 2, 
254: 5, 5, 0, 5, 2, 0, 0, 5, 5, 2, 0, 0, 2, 0, 4, 4, 0, 0, 1, 0, 5, 3, 40, 2, 3, 4, 3, 0, 3, 5, 0, 0, 0, 0, 0, 0, 4, 0, 0, 0, : 5, 5, 5, 2, 5, 5, 2, 2, 4, 4, 1, 5, 3, 40, 2, 3, 4, 3, 3, 5, 4, 
283: 0, 0, 4, 42, 0, 0, 4, 40, 0, 4, 4, 0, 1, 0, 4, 0, 2, 0, 0, 4, 0, 3, 0, 0, 0, 4, 1, 0, 0, 1, 0, 5, 0, 0, 0, 0, 2, 40, 3, 0, : 4, 42, 4, 40, 4, 4, 1, 4, 2, 4, 3, 4, 1, 1, 5, 2, 40, 3, 
250: 0, 0, 42, 0, 0, 0, 1, 0, 3, 4, 1, 2, 3, 0, 5, 0, 5, 0, 0, 0, 0, 0, 0, 0, 0, 0, 4, 5, 0, 5, 0, 0, 5, 4, 0, 0, 0, 0, 0, 0, : 42, 1, 3, 4, 1, 2, 3, 5, 5, 4, 5, 5, 5, 4, 
56: 2, 0, 1, 5, 0, 0, 4, 0, 1, 2, 2, 42, 3, 42, 1, 1, 2, 3, 0, 5, 4, 40, 5, 2, 0, 4, 0, 2, 1, 4, 1, 0, 4, 0, 0, 3, 0, 1, 1, 0, : 2, 1, 5, 4, 1, 2, 2, 42, 3, 42, 1, 1, 2, 3, 5, 4, 40, 5, 2, 4, 2, 1, 4, 1, 4, 3, 1, 1, 
51: 2, 0, 3, 0, 4, 5, 0, 0, 0, 0, 0, 0, 5, 0, 0, 0, 5, 0, 5, 5, 5, 0, 2, 0, 5, 1, 0, 0, 5, 44, 3, 2, 2, 41, 3, 0, 5, 5, 0, 43, : 2, 3, 4, 5, 5, 5, 5, 5, 5, 2, 5, 1, 5, 44, 3, 2, 2, 41, 3, 5, 5, 43, 
111: 5, 0, 2, 3, 1, 0, 3, 5, 5, 0, 0, 0, 1, 0, 3, 0, 0, 1, 0, 43, 1, 1, 0, 0, 0, 0, 0, 0, 5, 4, 1, 3, 0, 3, 0, 0, 0, 1, 3, 43, : 5, 2, 3, 1, 3, 5, 5, 1, 3, 1, 43, 1, 1, 5, 4, 1, 3, 3, 1, 3, 43, 
37: 1, 1, 2, 4, 1, 0, 5, 1, 0, 4, 0, 0, 4, 3, 0, 0, 5, 0, 0, 0, 0, 0, 43, 0, 0, 0, 4, 0, 5, 0, 0, 4, 42, 0, 0, 40, 0, 0, 0, 0, : 1, 1, 2, 4, 1, 5, 1, 4, 4, 3, 5, 43, 4, 5, 4, 42, 40, 
214: 0, 2, 1, 0, 0, 1, 5, 1, 0, 3, 0, 1, 3, 0, 5, 0, 0, 0, 2, 1, 0, 5, 0, 0, 2, 0, 1, 2, 3, 3, 0, 0, 0, 5, 0, 0, 3, 0, 5, 0, : 2, 1, 1, 5, 1, 3, 1, 3, 5, 2, 1, 5, 2, 1, 2, 3, 3, 5, 3, 5, 
390: 3, 1, 0, 2, 4, 0, 1, 0, 2, 0, 0, 0, 1, 0, 2, 0, 0, 0, 5, 0, 0, 5, 0, 0, 0, 0, 0, 0, 2, 1, 0, 3, 0, 0, 0, 4, 0, 3, 0, 5, : 3, 1, 2, 4, 1, 2, 1, 2, 5, 5, 2, 1, 3, 4, 3, 5, 
59: 0, 0, 3, 0, 0, 3, 0, 0, 0, 5, 0, 0, 2, 0, 3, 40, 0, 0, 4, 0, 3, 4, 2, 0, 1, 1, 0, 0, 4, 0, 0, 0, 0, 2, 5, 0, 0, 4, 4, 5, : 3, 3, 5, 2, 3, 40, 4, 3, 4, 2, 1, 1, 4, 2, 5, 4, 4, 5, 
374: 1, 0, 4, 2, 0, 4, 4, 2, 0, 2, 0, 1, 2, 3, 2, 1, 2, 43, 4, 0, 1, 0, 0, 1, 0, 0, 0, 0, 0, 3, 0, 4, 0, 2, 2, 3, 4, 5, 0, 0, : 1, 4, 2, 4, 4, 2, 2, 1, 2, 3, 2, 1, 2, 43, 4, 1, 1, 3, 4, 2, 2, 3, 4, 5, 
85: 4, 0, 5, 3, 0, 0, 0, 0, 0, 1, 0, 0, 2, 0, 1, 1, 3, 44, 0, 0, 2, 5, 0, 0, 0, 0, 2, 0, 2, 3, 0, 0, 0, 0, 0, 1, 0, 2, 41, 0, : 4, 5, 3, 1, 2, 1, 1, 3, 44, 2, 5, 2, 2, 3, 1, 2, 41, 
375: 0, 0, 5, 2, 0, 0, 0, 5, 3, 5, 0, 0, 3, 0, 2, 5, 4, 0, 0, 0, 0, 1, 0, 0, 42, 5, 0, 0, 0, 0, 4, 2, 0, 3, 0, 1, 0, 3, 43, 0, : 5, 2, 5, 3, 5, 3, 2, 5, 4, 1, 42, 5, 4, 2, 3, 1, 3, 43, 
376: 2, 0, 5, 0, 0, 0, 0, 0, 0, 3, 0, 0, 5, 3, 4, 0, 1, 3, 0, 5, 2, 2, 0, 1, 0, 2, 3, 0, 4, 0, 0, 0, 0, 2, 4, 0, 5, 3, 0, 0, : 2, 5, 3, 5, 3, 4, 1, 3, 5, 2, 2, 1, 2, 3, 4, 2, 4, 5, 3, 
334: 4, 0, 1, 3, 44, 0, 2, 0, 0, 0, 44, 41, 5, 0, 1, 44, 4, 0, 0, 0, 4, 5, 0, 0, 0, 4, 5, 0, 0, 2, 0, 0, 0, 2, 0, 1, 4, 5, 1, 3, : 4, 1, 3, 44, 2, 44, 41, 5, 1, 44, 4, 4, 5, 4, 5, 2, 2, 1, 4, 5, 1, 3, 
18: 4, 4, 0, 3, 1, 0, 2, 3, 0, 1, 43, 3, 2, 0, 4, 0, 40, 4, 0, 1, 3, 1, 0, 4, 1, 3, 2, 1, 0, 4, 2, 5, 0, 3, 1, 40, 5, 0, 0, 2, : 4, 4, 3, 1, 2, 3, 1, 43, 3, 2, 4, 40, 4, 1, 3, 1, 4, 1, 3, 2, 1, 4, 2, 5, 3, 1, 40, 5, 2, 
170: 3, 3, 0, 4, 3, 1, 5, 42, 0, 2, 0, 0, 1, 40, 0, 3, 5, 0, 0, 2, 4, 0, 0, 40, 4, 0, 3, 40, 43, 3, 0, 0, 0, 5, 41, 0, 1, 5, 0, 3, : 3, 3, 4, 3, 1, 5, 42, 2, 1, 40, 3, 5, 2, 4, 40, 4, 3, 40, 43, 3, 5, 41, 1, 5, 3, 
47: 0, 0, 0, 1, 1, 3, 0, 0, 1, 1, 1, 3, 3, 0, 0, 2, 0, 3, 0, 4, 2, 3, 0, 40, 0, 4, 0, 0, 3, 0, 0, 0, 3, 4, 1, 1, 2, 4, 0, 5, : 1, 1, 3, 1, 1, 1, 3, 3, 2, 3, 4, 2, 3, 40, 4, 3, 3, 4, 1, 1, 2, 4, 5, 
153: 41, 0, 1, 1, 0, 0, 5, 0, 0, 2, 0, 0, 4, 4, 0, 0, 1, 0, 0, 0, 0, 0, 0, 2, 0, 4, 1, 0, 0, 0, 0, 0, 0, 4, 4, 0, 43, 0, 0, 0, : 41, 1, 1, 5, 2, 4, 4, 1, 2, 4, 1, 4, 4, 43, 
102: 0, 0, 0, 0, 0, 0, 0, 2, 0, 4, 0, 0, 3, 0, 0, 0, 0, 0, 0, 0, 1, 5, 3, 3, 1, 5, 0, 2, 4, 4, 0, 4, 0, 0, 0, 0, 2, 0, 0, 0, : 2, 4, 3, 1, 5, 3, 3, 1, 5, 2, 4, 4, 4, 2, 
243: 4, 44, 3, 0, 0, 0, 4, 0, 2, 1, 5, 0, 1, 0, 3, 0, 5, 0, 0, 4, 5, 1, 2, 0, 1, 0, 1, 5, 3, 1, 5, 3, 5, 1, 0, 0, 4, 0, 0, 0, : 4, 44, 3, 4, 2, 1, 5, 1, 3, 5, 4, 5, 1, 2, 1, 1, 5, 3, 1, 5, 3, 5, 1, 4, 
23: 1, 3, 0, 2, 5, 0, 4, 0, 43, 0, 0, 5, 3, 0, 1, 5, 4, 1, 0, 0, 3, 2, 2, 0, 0, 0, 1, 4, 5, 0, 0, 4, 0, 0, 0, 2, 0, 4, 0, 0, : 1, 3, 2, 5, 4, 43, 5, 3, 1, 5, 4, 1, 3, 2, 2, 1, 4, 5, 4, 2, 4, 
155: 4, 43, 4, 2, 0, 41, 0, 0, 0, 0, 0, 0, 4, 4, 2, 0, 0, 0, 0, 0, 2, 3, 5, 4, 0, 0, 1, 2, 0, 1, 0, 5, 0, 2, 0, 0, 2, 0, 2, 0, : 4, 43, 4, 2, 41, 4, 4, 2, 2, 3, 5, 4, 1, 2, 1, 5, 2, 2, 2, 
21: 3, 0, 0, 0, 0, 5, 1, 1, 4, 0, 4, 0, 1, 3, 1, 0, 0, 0, 43, 0, 5, 0, 2, 0, 43, 0, 5, 5, 2, 1, 0, 0, 0, 5, 0, 3, 2, 0, 0, 0, : 3, 5, 1, 1, 4, 4, 1, 3, 1, 43, 5, 2, 43, 5, 5, 2, 1, 5, 3, 2, 


152: 0, 4, 41, 0, 0, 5, 0, 0, 2, 5, 2, 0, 0, 0, 0, 5, 0, 0, 4, 5, 0, 1, 2, 0, 4, 42, 0, 0, 0, 0, 2, 0, 5, 5, 5, 0, 0, 2, 0, 0, : 4, 41, 5, 2, 5, 2, 5, 4, 5, 1, 2, 4, 42, 2, 5, 5, 5, 2, 
357: 5, 1, 0, 0, 0, 2, 0, 0, 3, 3, 0, 0, 0, 4, 0, 0, 2, 1, 1, 1, 5, 0, 0, 0, 0, 2, 2, 1, 41, 0, 0, 1, 2, 0, 0, 2, 0, 2, 0, 0, : 5, 1, 2, 3, 3, 4, 2, 1, 1, 1, 5, 2, 2, 1, 41, 1, 2, 2, 2, 
247: 2, 5, 0, 0, 3, 4, 3, 3, 0, 0, 2, 44, 0, 0, 0, 43, 0, 5, 0, 0, 1, 0, 0, 0, 0, 0, 40, 4, 0, 0, 2, 0, 3, 1, 1, 0, 4, 2, 2, 5, : 2, 5, 3, 4, 3, 3, 2, 44, 43, 5, 1, 40, 4, 2, 3, 1, 1, 4, 2, 2, 5, 
362: 2, 1, 5, 2, 0, 4, 3, 0, 3, 0, 0, 0, 0, 0, 0, 43, 43, 0, 0, 0, 0, 0, 5, 3, 0, 0, 0, 5, 0, 0, 2, 3, 0, 0, 1, 0, 0, 0, 0, 0, : 2, 1, 5, 2, 4, 3, 3, 43, 43, 5, 3, 5, 2, 3, 1, 
92: 1, 3, 0, 4, 2, 4, 3, 1, 5, 5, 0, 2, 43, 1, 41, 0, 0, 0, 0, 0, 1, 0, 2, 0, 0, 3, 42, 44, 4, 2, 5, 2, 0, 0, 0, 0, 0, 0, 0, 5, : 1, 3, 4, 2, 4, 3, 1, 5, 5, 2, 43, 1, 41, 1, 2, 3, 42, 44, 4, 2, 5, 2, 5, 
328: 2, 0, 0, 3, 0, 3, 0, 4, 3, 5, 3, 4, 0, 3, 0, 0, 4, 1, 0, 0, 1, 0, 5, 40, 0, 2, 0, 0, 0, 1, 5, 4, 4, 0, 0, 0, 0, 0, 1, 2, : 2, 3, 3, 4, 3, 5, 3, 4, 3, 4, 1, 1, 5, 40, 2, 1, 5, 4, 4, 1, 2, 
251: 3, 1, 0, 43, 0, 1, 2, 4, 0, 2, 0, 0, 0, 1, 0, 2, 0, 1, 0, 0, 0, 0, 43, 0, 0, 0, 1, 1, 0, 3, 3, 0, 5, 3, 0, 1, 0, 1, 1, 0, : 3, 1, 43, 1, 2, 4, 2, 1, 2, 1, 43, 1, 1, 3, 3, 5, 3, 1, 1, 1, 
128: 5, 4, 0, 2, 0, 2, 0, 0, 1, 4, 0, 3, 2, 5, 0, 2, 0, 4, 41, 0, 0, 0, 0, 0, 0, 2, 0, 0, 0, 0, 3, 0, 5, 0, 0, 0, 0, 0, 0, 3, : 5, 4, 2, 2, 1, 4, 3, 2, 5, 2, 4, 41, 2, 3, 5, 3, 
349: 1, 0, 0, 0, 0, 0, 4, 1, 5, 0, 0, 0, 0, 5, 0, 0, 0, 0, 0, 0, 4, 3, 0, 2, 0, 2, 4, 0, 0, 0, 4, 0, 0, 0, 1, 2, 44, 0, 4, 0, : 1, 4, 1, 5, 5, 4, 3, 2, 2, 4, 4, 1, 2, 44, 4, 
13: 0, 0, 4, 0, 0, 0, 0, 0, 0, 1, 0, 3, 41, 4, 0, 0, 0, 0, 0, 1, 4, 3, 0, 4, 0, 1, 4, 42, 0, 0, 1, 0, 3, 2, 0, 3, 0, 0, 0, 0, : 4, 1, 3, 41, 4, 1, 4, 3, 4, 1, 4, 42, 1, 3, 2, 3, 
241: 2, 2, 4, 1, 5, 2, 0, 1, 0, 1, 0, 3, 5, 0, 0, 0, 0, 41, 3, 0, 4, 0, 0, 0, 0, 2, 5, 5, 4, 0, 3, 0, 40, 0, 1, 0, 4, 0, 0, 0, : 2, 2, 4, 1, 5, 2, 1, 1, 3, 5, 41, 3, 4, 2, 5, 5, 4, 3, 40, 1, 4, 
350: 3, 0, 0, 0, 0, 1, 0, 0, 0, 0, 1, 0, 0, 0, 1, 4, 0, 0, 0, 5, 0, 2, 41, 1, 4, 2, 0, 0, 0, 1, 4, 5, 3, 0, 2, 0, 3, 0, 0, 0, : 3, 1, 1, 1, 4, 5, 2, 41, 1, 4, 2, 1, 4, 5, 3, 2, 3, 
391: 2, 0, 2, 0, 44, 0, 0, 0, 0, 2, 4, 0, 0, 2, 0, 5, 0, 0, 44, 0, 0, 0, 0, 0, 0, 0, 1, 0, 3, 0, 0, 0, 3, 2, 1, 0, 0, 5, 0, 0, : 2, 2, 44, 2, 4, 2, 5, 44, 1, 3, 3, 2, 1, 5, 
356: 0, 0, 0, 2, 0, 0, 0, 2, 0, 2, 5, 0, 0, 1, 5, 0, 0, 0, 0, 0, 3, 0, 0, 0, 0, 0, 3, 0, 0, 0, 40, 1, 3, 0, 3, 3, 3, 0, 0, 40, : 2, 2, 2, 5, 1, 5, 3, 3, 40, 1, 3, 3, 3, 3, 40, 
225: 1, 0, 3, 0, 0, 4, 1, 3, 0, 1, 0, 5, 0, 2, 0, 0, 0, 44, 1, 44, 0, 43, 0, 0, 0, 4, 1, 0, 4, 0, 0, 0, 2, 0, 0, 3, 4, 0, 0, 4, : 1, 3, 4, 1, 3, 1, 5, 2, 44, 1, 44, 43, 4, 1, 4, 2, 3, 4, 4, 
329: 3, 0, 0, 0, 0, 1, 2, 3, 3, 1, 0, 42, 1, 4, 0, 0, 0, 0, 5, 0, 4, 0, 0, 2, 4, 0, 0, 0, 0, 0, 1, 3, 0, 0, 0, 0, 0, 0, 0, 2, : 3, 1, 2, 3, 3, 1, 42, 1, 4, 5, 4, 2, 4, 1, 3, 2, 
298: 2, 0, 3, 42, 0, 1, 2, 4, 0, 2, 5, 0, 4, 1, 40, 0, 0, 0, 0, 0, 42, 4, 0, 0, 1, 0, 0, 0, 40, 4, 1, 2, 0, 3, 0, 5, 2, 0, 0, 0, : 2, 3, 42, 1, 2, 4, 2, 5, 4, 1, 40, 42, 4, 1, 40, 4, 1, 2, 3, 5, 2, 
368: 3, 3, 0, 0, 1, 1, 3, 5, 0, 5, 5, 2, 2, 3, 3, 0, 0, 0, 3, 0, 2, 0, 1, 0, 41, 4, 0, 0, 5, 0, 2, 0, 0, 3, 0, 0, 0, 1, 0, 0, : 3, 3, 1, 1, 3, 5, 5, 5, 2, 2, 3, 3, 3, 2, 1, 41, 4, 5, 2, 3, 1, 
162: 0, 0, 0, 5, 5, 5, 40, 3, 0, 4, 3, 0, 2, 0, 1, 2, 0, 1, 0, 0, 1, 0, 0, 2, 0, 2, 1, 4, 0, 0, 3, 0, 1, 0, 5, 0, 0, 42, 2, 0, : 5, 5, 5, 40, 3, 4, 3, 2, 1, 2, 1, 1, 2, 2, 1, 4, 3, 1, 5, 42, 2, 
121: 5, 3, 44, 0, 0, 0, 0, 0, 5, 0, 5, 5, 0, 0, 3, 5, 43, 0, 0, 0, 0, 0, 5, 0, 0, 2, 0, 0, 3, 4, 0, 5, 3, 1, 0, 5, 0, 0, 2, 0, : 5, 3, 44, 5, 5, 5, 3, 5, 43, 5, 2, 3, 4, 5, 3, 1, 5, 2, 
196: 0, 0, 0, 0, 0, 5, 0, 5, 0, 0, 2, 0, 5, 2, 5, 0, 0, 2, 0, 0, 2, 0, 0, 1, 0, 1, 0, 0, 0, 1, 4, 0, 1, 0, 4, 0, 0, 0, 0, 1, : 5, 5, 2, 5, 2, 5, 2, 2, 1, 1, 1, 4, 1, 4, 1, 
285: 4, 1, 0, 0, 0, 42, 0, 0, 0, 0, 5, 0, 1, 4, 0, 0, 5, 0, 0, 1, 4, 1, 2, 1, 0, 2, 4, 3, 0, 0, 5, 5, 3, 1, 3, 4, 0, 0, 0, 0, : 4, 1, 42, 5, 1, 4, 5, 1, 4, 1, 2, 1, 2, 4, 3, 5, 5, 3, 1, 3, 4, 
246: 4, 42, 0, 5, 0, 4, 0, 5, 0, 3, 3, 1, 0, 5, 0, 2, 2, 3, 0, 0, 0, 0, 5, 0, 0, 4, 3, 0, 1, 4, 2, 0, 1, 5, 42, 0, 0, 42, 4, 0, : 4, 42, 5, 4, 5, 3, 3, 1, 5, 2, 2, 3, 5, 4, 3, 1, 4, 2, 1, 5, 42, 42, 4, 
252: 4, 0, 1, 0, 0, 1, 0, 3, 2, 2, 2, 0, 1, 0, 0, 0, 0, 2, 0, 1, 0, 1, 0, 0, 0, 5, 0, 0, 0, 2, 5, 0, 0, 0, 0, 0, 0, 2, 0, 0, : 4, 1, 1, 3, 2, 2, 2, 1, 2, 1, 1, 5, 2, 5, 2, 
177: 0, 0, 0, 3, 0, 4, 0, 0, 0, 3, 1, 0, 0, 2, 3, 1, 0, 0, 0, 1, 4, 4, 0, 0, 0, 2, 0, 1, 0, 0, 2, 0, 5, 2, 4, 1, 4, 0, 0, 0, : 3, 4, 3, 1, 2, 3, 1, 1, 4, 4, 2, 1, 2, 5, 2, 4, 1, 4, 
171: 3, 0, 0, 2, 4, 2, 3, 0, 3, 2, 0, 0, 0, 0, 0, 3, 0, 4, 5, 0, 4, 0, 2, 4, 40, 0, 2, 0, 0, 0, 3, 0, 5, 0, 0, 0, 0, 0, 4, 0, : 3, 2, 4, 2, 3, 3, 2, 3, 4, 5, 4, 2, 4, 40, 2, 3, 5, 4, 
163: 0, 0, 0, 0, 0, 0, 1, 42, 0, 0, 1, 1, 0, 0, 0, 0, 3, 0, 0, 42, 0, 0, 0, 1, 5, 3, 1, 0, 0, 40, 1, 0, 2, 0, 0, 0, 0, 3, 0, 0, : 1, 42, 1, 1, 3, 42, 1, 5, 3, 1, 40, 1, 2, 3, 
117: 0, 0, 0, 0, 0, 2, 3, 0, 0, 3, 0, 0, 0, 5, 0, 1, 0, 0, 0, 0, 5, 0, 0, 1, 0, 2, 0, 0, 0, 3, 5, 0, 0, 1, 0, 2, 0, 4, 0, 1, : 2, 3, 3, 5, 1, 5, 1, 2, 3, 5, 1, 2, 4, 1, 
57: 1, 0, 0, 0, 0, 0, 41, 3, 0, 2, 3, 0, 5, 0, 5, 0, 0, 3, 3, 0, 3, 3, 0, 0, 4, 4, 0, 0, 4, 0, 0, 0, 0, 43, 0, 0, 0, 0, 0, 2, : 1, 41, 3, 2, 3, 5, 5, 3, 3, 3, 3, 4, 4, 4, 43, 2, 
173: 5, 0, 0, 0, 0, 0, 4, 5, 3, 1, 0, 1, 1, 1, 0, 0, 2, 3, 0, 3, 4, 0, 0, 4, 1, 5, 1, 4, 3, 5, 2, 0, 4, 0, 1, 41, 5, 5, 5, 4, : 5, 4, 5, 3, 1, 1, 1, 1, 2, 3, 3, 4, 4, 1, 5, 1, 4, 3, 5, 2, 4, 1, 41, 5, 5, 5, 4, 
296: 0, 0, 0, 0, 0, 3, 4, 4, 0, 0, 4, 0, 0, 1, 0, 0, 0, 0, 4, 0, 5, 0, 0, 0, 5, 3, 4, 0, 0, 5, 1, 0, 0, 0, 0, 0, 0, 0, 0, 0, : 3, 4, 4, 4, 1, 4, 5, 5, 3, 4, 5, 1, 
60: 3, 4, 3, 3, 3, 2, 1, 2, 0, 0, 4, 0, 2, 4, 0, 0, 0, 4, 0, 4, 1, 0, 0, 4, 5, 0, 0, 0, 0, 0, 4, 0, 2, 0, 0, 0, 0, 2, 0, 43, : 3, 4, 3, 3, 3, 2, 1, 2, 4, 2, 4, 4, 4, 1, 4, 5, 4, 2, 2, 43, 
123: 5, 0, 0, 0, 44, 0, 0, 3, 0, 4, 5, 0, 5, 43, 3, 0, 0, 0, 0, 0, 5, 3, 0, 1, 4, 5, 0, 0, 0, 3, 1, 5, 2, 3, 3, 0, 0, 0, 43, 1, : 5, 44, 3, 4, 5, 5, 43, 3, 5, 3, 1, 4, 5, 3, 1, 5, 2, 3, 3, 43, 1, 
233: 0, 0, 4, 3, 1, 3, 0, 0, 41, 40, 1, 0, 0, 3, 2, 0, 2, 0, 0, 0, 0, 3, 0, 5, 0, 0, 0, 3, 0, 0, 1, 0, 5, 41, 0, 2, 0, 0, 44, 2, : 4, 3, 1, 3, 41, 40, 1, 3, 2, 2, 3, 5, 3, 1, 5, 41, 2, 44, 2, 
337: 2, 1, 2, 0, 0, 5, 0, 1, 0, 4, 5, 0, 0, 0, 3, 0, 5, 0, 1, 5, 0, 40, 0, 0, 2, 3, 0, 1, 3, 0, 0, 0, 0, 4, 0, 43, 43, 0, 0, 2, : 2, 1, 2, 5, 1, 4, 5, 3, 5, 1, 5, 40, 2, 3, 1, 3, 4, 43, 43, 2, 
151: 3, 42, 0, 0, 0, 1, 0, 4, 0, 1, 2, 0, 0, 4, 0, 0, 4, 0, 2, 0, 5, 0, 0, 0, 0, 0, 1, 0, 1, 0, 0, 0, 1, 0, 0, 0, 0, 0, 1, 0, : 3, 42, 1, 4, 1, 2, 4, 4, 2, 5, 1, 1, 1, 1, 
379: 0, 3, 0, 0, 3, 0, 0, 4, 40, 3, 5, 0, 0, 5, 0, 0, 0, 0, 1, 4, 4, 5, 4, 0, 0, 0, 0, 0, 0, 0, 0, 0, 3, 0, 0, 2, 4, 3, 0, 2, : 3, 3, 4, 40, 3, 5, 5, 1, 4, 4, 5, 4, 3, 2, 4, 3, 2, 
291: 44, 0, 0, 0, 0, 1, 0, 0, 0, 4, 0, 0, 0, 4, 0, 1, 5, 1, 1, 0, 0, 0, 3, 1, 0, 4, 0, 0, 0, 42, 0, 44, 0, 0, 0, 1, 0, 0, 0, 0, : 44, 1, 4, 4, 1, 5, 1, 1, 3, 1, 4, 42, 44, 1, 
235: 0, 0, 4, 0, 0, 1, 0, 2, 0, 5, 0, 4, 0, 1, 0, 1, 0, 0, 1, 3, 2, 3, 0, 43, 0, 4, 0, 0, 4, 0, 0, 40, 0, 0, 43, 0, 0, 4, 5, 1, : 4, 1, 2, 5, 4, 1, 1, 1, 3, 2, 3, 43, 4, 4, 40, 43, 4, 5, 1, 
314: 0, 0, 0, 0, 5, 4, 0, 3, 1, 0, 42, 0, 0, 0, 5, 0, 0, 0, 0, 0, 0, 1, 0, 0, 0, 3, 0, 2, 0, 0, 3, 0, 4, 0, 0, 0, 0, 0, 2, 0, : 5, 4, 3, 1, 42, 5, 1, 3, 2, 3, 4, 2, 


330: 4, 0, 0, 0, 2, 0, 0, 0, 1, 1, 0, 2, 0, 0, 5, 0, 3, 0, 0, 0, 4, 0, 2, 5, 5, 5, 0, 5, 2, 0, 3, 2, 4, 0, 1, 0, 1, 2, 4, 0, : 4, 2, 1, 1, 2, 5, 3, 4, 2, 5, 5, 5, 5, 2, 3, 2, 4, 1, 1, 2, 4, 
98: 0, 1, 0, 0, 0, 0, 0, 0, 0, 2, 0, 0, 0, 1, 2, 1, 3, 0, 0, 1, 0, 0, 3, 0, 0, 2, 3, 2, 0, 4, 2, 4, 0, 0, 0, 1, 0, 4, 0, 0, : 1, 2, 1, 2, 1, 3, 1, 3, 2, 3, 2, 4, 2, 4, 1, 4, 
96: 0, 0, 0, 0, 0, 3, 0, 0, 1, 4, 0, 0, 4, 4, 0, 0, 2, 0, 3, 0, 5, 0, 0, 1, 2, 0, 4, 5, 0, 0, 1, 2, 41, 2, 1, 0, 0, 0, 42, 1, : 3, 1, 4, 4, 4, 2, 3, 5, 1, 2, 4, 5, 1, 2, 41, 2, 1, 42, 1, 
331: 0, 41, 0, 5, 43, 0, 0, 0, 1, 0, 0, 0, 0, 0, 0, 0, 0, 0, 2, 0, 4, 0, 0, 0, 0, 0, 0, 0, 0, 1, 1, 5, 0, 0, 4, 0, 0, 0, 3, 0, : 41, 5, 43, 1, 2, 4, 1, 1, 5, 4, 3, 
335: 0, 0, 0, 0, 0, 0, 0, 0, 4, 5, 4, 0, 0, 3, 0, 0, 0, 44, 0, 0, 1, 0, 0, 5, 1, 0, 3, 0, 0, 4, 4, 3, 0, 0, 0, 1, 3, 2, 0, 2, : 4, 5, 4, 3, 44, 1, 5, 1, 3, 4, 4, 3, 1, 3, 2, 2, 
327: 0, 1, 3, 0, 0, 2, 3, 0, 0, 2, 0, 0, 0, 2, 0, 0, 0, 0, 2, 4, 0, 2, 0, 1, 0, 42, 0, 3, 0, 4, 5, 5, 4, 3, 0, 0, 4, 4, 0, 0, : 1, 3, 2, 3, 2, 2, 2, 4, 2, 1, 42, 3, 4, 5, 5, 4, 3, 4, 4, 
99: 1, 0, 0, 5, 1, 0, 3, 0, 5, 2, 0, 40, 0, 2, 0, 1, 0, 0, 5, 0, 0, 4, 4, 2, 0, 0, 2, 2, 0, 4, 41, 3, 1, 0, 1, 0, 1, 0, 2, 1, : 1, 5, 1, 3, 5, 2, 40, 2, 1, 5, 4, 4, 2, 2, 2, 4, 41, 3, 1, 1, 1, 2, 1, 
46: 0, 0, 2, 0, 0, 5, 3, 0, 0, 1, 0, 1, 2, 5, 0, 0, 0, 4, 43, 1, 0, 0, 0, 0, 0, 44, 5, 0, 1, 1, 3, 0, 3, 1, 3, 1, 1, 4, 4, 0, : 2, 5, 3, 1, 1, 2, 5, 4, 43, 1, 44, 5, 1, 1, 3, 3, 1, 3, 1, 1, 4, 4, 
93: 0, 0, 2, 40, 0, 0, 2, 0, 0, 2, 1, 1, 4, 0, 2, 0, 0, 40, 1, 0, 40, 1, 1, 0, 0, 5, 1, 0, 1, 0, 1, 1, 3, 1, 5, 0, 5, 0, 2, 0, : 2, 40, 2, 2, 1, 1, 4, 2, 40, 1, 40, 1, 1, 5, 1, 1, 1, 1, 3, 1, 5, 5, 2, 
126: 0, 1, 0, 2, 0, 40, 4, 4, 0, 0, 43, 0, 0, 0, 2, 3, 1, 0, 2, 0, 0, 44, 0, 5, 0, 0, 0, 2, 0, 3, 0, 3, 4, 0, 1, 0, 1, 2, 0, 0, : 1, 2, 40, 4, 4, 43, 2, 3, 1, 2, 44, 5, 2, 3, 3, 4, 1, 1, 2, 
274: 0, 1, 0, 0, 0, 0, 4, 41, 0, 43, 2, 0, 0, 42, 2, 0, 5, 0, 2, 2, 1, 0, 0, 2, 4, 0, 5, 5, 2, 4, 2, 0, 3, 0, 0, 5, 5, 0, 1, 0, : 1, 4, 41, 43, 2, 42, 2, 5, 2, 2, 1, 2, 4, 5, 5, 2, 4, 2, 3, 5, 5, 1, 
324: 3, 0, 0, 2, 0, 0, 0, 0, 0, 1, 0, 0, 2, 1, 0, 0, 0, 5, 3, 5, 0, 0, 0, 3, 2, 1, 5, 1, 3, 5, 3, 1, 0, 0, 0, 0, 3, 0, 5, 0, : 3, 2, 1, 2, 1, 5, 3, 5, 3, 2, 1, 5, 1, 3, 5, 3, 1, 3, 5, 
297: 1, 42, 2, 3, 4, 2, 40, 0, 2, 4, 0, 5, 0, 0, 0, 4, 42, 0, 1, 4, 0, 0, 0, 44, 0, 0, 0, 3, 0, 2, 2, 41, 0, 0, 2, 0, 4, 1, 0, 5, : 1, 42, 2, 3, 4, 2, 40, 2, 4, 5, 4, 42, 1, 4, 44, 3, 2, 2, 41, 2, 4, 1, 5, 
265: 2, 3, 0, 0, 0, 2, 3, 0, 1, 3, 2, 0, 0, 0, 2, 5, 5, 0, 5, 0, 0, 1, 4, 5, 0, 0, 2, 4, 44, 0, 4, 4, 0, 0, 4, 1, 0, 4, 0, 0, : 2, 3, 2, 3, 1, 3, 2, 2, 5, 5, 5, 1, 4, 5, 2, 4, 44, 4, 4, 4, 1, 4, 
306: 0, 2, 3, 0, 0, 0, 4, 0, 1, 1, 40, 4, 0, 5, 1, 0, 0, 3, 0, 40, 0, 0, 5, 0, 5, 0, 0, 4, 0, 0, 1, 3, 0, 0, 2, 0, 0, 2, 4, 3, : 2, 3, 4, 1, 1, 40, 4, 5, 1, 3, 40, 5, 5, 4, 1, 3, 2, 2, 4, 3, 
282: 3, 2, 0, 1, 0, 0, 0, 4, 1, 2, 4, 4, 0, 2, 5, 0, 4, 2, 0, 0, 1, 0, 0, 0, 0, 2, 0, 1, 4, 0, 1, 0, 0, 0, 42, 4, 5, 1, 5, 3, : 3, 2, 1, 4, 1, 2, 4, 4, 2, 5, 4, 2, 1, 2, 1, 4, 1, 42, 4, 5, 1, 5, 3, 
284: 4, 1, 0, 0, 0, 2, 1, 0, 1, 0, 0, 1, 0, 2, 3, 3, 2, 0, 2, 3, 1, 3, 0, 2, 1, 0, 1, 0, 3, 1, 2, 0, 0, 0, 5, 1, 4, 2, 3, 0, : 4, 1, 2, 1, 1, 1, 2, 3, 3, 2, 2, 3, 1, 3, 2, 1, 1, 3, 1, 2, 5, 1, 4, 2, 3, 
185: 0, 0, 1, 0, 40, 0, 3, 0, 0, 5, 2, 0, 43, 5, 4, 0, 0, 4, 0, 41, 0, 2, 1, 1, 0, 0, 0, 0, 0, 5, 0, 0, 0, 0, 5, 0, 5, 0, 5, 0, : 1, 40, 3, 5, 2, 43, 5, 4, 4, 41, 2, 1, 1, 5, 5, 5, 5, 
231: 2, 1, 1, 2, 0, 5, 3, 0, 0, 0, 1, 0, 42, 5, 4, 0, 0, 0, 3, 0, 0, 0, 0, 0, 2, 0, 0, 41, 0, 4, 2, 1, 0, 1, 2, 2, 5, 0, 5, 0, : 2, 1, 1, 2, 5, 3, 1, 42, 5, 4, 3, 2, 41, 4, 2, 1, 1, 2, 2, 5, 5, 
78: 0, 1, 5, 4, 0, 1, 5, 2, 0, 4, 0, 0, 0, 2, 4, 0, 1, 4, 1, 2, 41, 0, 0, 1, 40, 0, 0, 1, 0, 3, 5, 0, 0, 0, 0, 0, 0, 0, 0, 3, : 1, 5, 4, 1, 5, 2, 4, 2, 4, 1, 4, 1, 2, 41, 1, 40, 1, 3, 5, 3, 
279: 1, 0, 2, 0, 1, 0, 0, 3, 1, 0, 0, 0, 0, 3, 2, 0, 43, 3, 4, 0, 4, 42, 3, 3, 0, 0, 3, 3, 0, 3, 0, 4, 1, 1, 4, 0, 0, 5, 0, 0, : 1, 2, 1, 3, 1, 3, 2, 43, 3, 4, 4, 42, 3, 3, 3, 3, 3, 4, 1, 1, 4, 5, 
136: 0, 0, 0, 0, 0, 5, 0, 1, 0, 0, 0, 0, 0, 0, 3, 5, 0, 0, 1, 0, 0, 2, 0, 5, 2, 0, 3, 0, 0, 4, 5, 5, 0, 0, 0, 2, 0, 1, 2, 0, : 5, 1, 3, 5, 1, 2, 5, 2, 3, 4, 5, 5, 2, 1, 2, 
66: 0, 4, 0, 0, 3, 5, 0, 3, 0, 3, 4, 40, 0, 2, 2, 0, 0, 0, 5, 0, 0, 1, 0, 0, 0, 4, 0, 0, 0, 0, 0, 5, 4, 0, 1, 2, 0, 2, 0, 44, : 4, 3, 5, 3, 3, 4, 40, 2, 2, 5, 1, 4, 5, 4, 1, 2, 2, 44, 
396: 40, 0, 0, 0, 0, 3, 2, 5, 0, 4, 3, 0, 0, 0, 1, 5, 0, 0, 3, 0, 0, 4, 0, 5, 4, 0, 5, 1, 0, 2, 1, 5, 0, 2, 0, 0, 1, 0, 4, 0, : 40, 3, 2, 5, 4, 3, 1, 5, 3, 4, 5, 4, 5, 1, 2, 1, 5, 2, 1, 4, 
6: 0, 0, 0, 0, 0, 4, 5, 0, 0, 3, 0, 0, 0, 0, 2, 0, 0, 4, 4, 0, 0, 2, 0, 3, 0, 0, 42, 3, 0, 0, 0, 0, 0, 2, 0, 2, 5, 42, 2, 0, : 4, 5, 3, 2, 4, 4, 2, 3, 42, 3, 2, 2, 5, 42, 2, 
115: 4, 4, 40, 0, 1, 5, 2, 3, 0, 0, 2, 0, 0, 1, 0, 0, 2, 0, 2, 2, 2, 0, 0, 5, 2, 2, 3, 5, 0, 0, 2, 1, 1, 44, 2, 0, 40, 4, 5, 0, : 4, 4, 40, 1, 5, 2, 3, 2, 1, 2, 2, 2, 2, 5, 2, 2, 3, 5, 2, 1, 1, 44, 2, 40, 4, 5, 
42: 0, 0, 0, 0, 0, 2, 1, 0, 0, 0, 0, 0, 0, 3, 42, 0, 0, 0, 2, 1, 0, 0, 0, 0, 0, 0, 5, 3, 2, 5, 2, 4, 0, 0, 2, 0, 5, 2, 1, 0, : 2, 1, 3, 42, 2, 1, 5, 3, 2, 5, 2, 4, 2, 5, 2, 1, 
68: 0, 0, 0, 0, 2, 2, 1, 0, 2, 4, 0, 5, 2, 5, 4, 0, 0, 0, 3, 0, 2, 0, 0, 0, 0, 0, 5, 1, 4, 0, 0, 0, 0, 5, 4, 2, 0, 4, 2, 41, : 2, 2, 1, 2, 4, 5, 2, 5, 4, 3, 2, 5, 1, 4, 5, 4, 2, 4, 2, 41, 
367: 3, 0, 0, 42, 0, 5, 3, 0, 0, 1, 4, 5, 4, 5, 3, 0, 0, 0, 1, 0, 0, 0, 0, 2, 4, 4, 0, 5, 0, 3, 0, 2, 0, 0, 0, 42, 0, 5, 0, 0, : 3, 42, 5, 3, 1, 4, 5, 4, 5, 3, 1, 2, 4, 4, 5, 3, 2, 42, 5, 
107: 0, 0, 4, 4, 2, 2, 1, 5, 0, 1, 1, 0, 0, 1, 3, 0, 1, 0, 4, 4, 0, 0, 3, 0, 40, 0, 0, 0, 1, 0, 3, 0, 0, 4, 1, 0, 0, 0, 3, 0, : 4, 4, 2, 2, 1, 5, 1, 1, 1, 3, 1, 4, 4, 3, 40, 1, 3, 4, 1, 3, 
61: 3, 0, 5, 0, 1, 5, 4, 0, 44, 0, 0, 0, 0, 0, 4, 0, 0, 2, 2, 5, 0, 5, 0, 2, 0, 5, 5, 0, 0, 1, 2, 3, 0, 3, 4, 40, 4, 3, 2, 4, : 3, 5, 1, 5, 4, 44, 4, 2, 2, 5, 5, 2, 5, 5, 1, 2, 3, 3, 4, 40, 4, 3, 2, 4, 
315: 40, 0, 0, 0, 5, 5, 0, 0, 0, 3, 0, 5, 0, 3, 4, 2, 0, 1, 1, 0, 0, 0, 43, 5, 0, 0, 0, 5, 0, 0, 2, 0, 3, 3, 2, 1, 5, 1, 0, 4, : 40, 5, 5, 3, 5, 3, 4, 2, 1, 1, 43, 5, 5, 2, 3, 3, 2, 1, 5, 1, 4, 
9: 0, 1, 0, 0, 5, 1, 3, 0, 0, 5, 0, 0, 0, 2, 2, 0, 0, 0, 4, 3, 0, 0, 0, 0, 0, 0, 0, 1, 0, 4, 5, 3, 4, 5, 2, 0, 2, 5, 5, 0, : 1, 5, 1, 3, 5, 2, 2, 4, 3, 1, 4, 5, 3, 4, 5, 2, 2, 5, 5, 
270: 4, 4, 4, 2, 1, 1, 1, 41, 0, 4, 0, 2, 4, 5, 4, 4, 0, 0, 0, 0, 5, 0, 0, 0, 0, 0, 5, 0, 0, 3, 0, 2, 0, 0, 4, 0, 0, 0, 0, 5, : 4, 4, 4, 2, 1, 1, 1, 41, 4, 2, 4, 5, 4, 4, 5, 5, 3, 2, 4, 5, 
354: 0, 0, 0, 0, 0, 1, 4, 4, 1, 2, 0, 0, 3, 4, 0, 0, 0, 0, 0, 0, 1, 0, 0, 0, 0, 4, 1, 2, 0, 1, 3, 0, 0, 0, 2, 4, 1, 4, 3, 0, : 1, 4, 4, 1, 2, 3, 4, 1, 4, 1, 2, 1, 3, 2, 4, 1, 4, 3, 
138: 0, 5, 3, 3, 4, 4, 3, 0, 1, 0, 0, 0, 0, 0, 0, 0, 0, 3, 1, 1, 0, 0, 2, 4, 3, 0, 2, 5, 3, 0, 2, 5, 0, 0, 1, 4, 3, 5, 5, 0, : 5, 3, 3, 4, 4, 3, 1, 3, 1, 1, 2, 4, 3, 2, 5, 3, 2, 5, 1, 4, 3, 5, 5, 
166: 0, 0, 0, 1, 5, 0, 4, 3, 44, 3, 0, 0, 5, 0, 0, 0, 0, 0, 4, 0, 4, 3, 43, 5, 3, 0, 0, 2, 44, 42, 0, 0, 0, 42, 5, 2, 3, 4, 0, 3, : 1, 5, 4, 3, 44, 3, 5, 4, 4, 3, 43, 5, 3, 2, 44, 42, 42, 5, 2, 3, 4, 3, 
227: 0, 4, 0, 2, 0, 4, 0, 0, 4, 1, 0, 5, 0, 5, 2, 3, 2, 1, 4, 0, 0, 4, 4, 0, 0, 0, 5, 0, 3, 0, 5, 0, 42, 0, 2, 0, 0, 4, 0, 1, : 4, 2, 4, 4, 1, 5, 5, 2, 3, 2, 1, 4, 4, 4, 5, 3, 5, 42, 2, 4, 1, 
139: 0, 0, 43, 2, 0, 4, 3, 1, 5, 2, 5, 0, 5, 0, 4, 43, 4, 0, 0, 1, 4, 0, 2, 0, 0, 0, 0, 3, 3, 4, 2, 0, 2, 0, 4, 0, 0, 1, 0, 0, : 43, 2, 4, 3, 1, 5, 2, 5, 5, 4, 43, 4, 1, 4, 2, 3, 3, 4, 2, 2, 4, 1, 
261: 5, 1, 0, 0, 0, 0, 5, 0, 0, 2, 2, 0, 0, 0, 2, 41, 0, 0, 0, 0, 0, 0, 0, 4, 0, 0, 5, 2, 0, 3, 3, 3, 0, 1, 2, 3, 4, 0, 1, 0, : 5, 1, 5, 2, 2, 2, 41, 4, 5, 2, 3, 3, 3, 1, 2, 3, 4, 1, 


130: 0, 0, 0, 0, 1, 1, 5, 2, 5, 0, 3, 0, 4, 0, 0, 1, 4, 0, 1, 1, 2, 5, 5, 4, 2, 1, 0, 2, 0, 4, 2, 0, 4, 2, 0, 0, 0, 0, 0, 0, : 1, 1, 5, 2, 5, 3, 4, 1, 4, 1, 1, 2, 5, 5, 4, 2, 1, 2, 4, 2, 4, 2, 
286: 0, 5, 0, 3, 2, 1, 0, 0, 0, 2, 0, 2, 0, 0, 3, 1, 1, 0, 5, 1, 1, 2, 1, 0, 4, 1, 0, 0, 3, 0, 0, 0, 2, 0, 0, 0, 0, 0, 3, 1, : 5, 3, 2, 1, 2, 2, 3, 1, 1, 5, 1, 1, 2, 1, 4, 1, 3, 2, 3, 1, 
224: 0, 5, 0, 5, 0, 1, 1, 5, 0, 41, 2, 0, 0, 0, 5, 0, 5, 4, 0, 3, 0, 0, 1, 44, 0, 1, 0, 3, 4, 2, 0, 1, 3, 4, 0, 0, 0, 0, 1, 5, : 5, 5, 1, 1, 5, 41, 2, 5, 5, 4, 3, 1, 44, 1, 3, 4, 2, 1, 3, 4, 1, 5, 
294: 0, 0, 2, 2, 1, 2, 0, 0, 0, 0, 2, 1, 5, 0, 0, 0, 5, 0, 0, 5, 1, 40, 5, 0, 3, 3, 0, 0, 1, 0, 0, 43, 2, 0, 3, 0, 0, 0, 40, 1, : 2, 2, 1, 2, 2, 1, 5, 5, 5, 1, 40, 5, 3, 3, 1, 43, 2, 3, 40, 1, 
320: 1, 0, 0, 0, 1, 0, 5, 0, 40, 0, 41, 4, 0, 0, 2, 0, 3, 2, 2, 4, 3, 4, 4, 0, 0, 4, 3, 3, 3, 3, 4, 4, 3, 0, 0, 0, 3, 2, 3, 0, : 1, 1, 5, 40, 41, 4, 2, 3, 2, 2, 4, 3, 4, 4, 4, 3, 3, 3, 3, 4, 4, 3, 3, 2, 3, 
378: 0, 0, 0, 3, 1, 4, 4, 0, 0, 3, 1, 0, 2, 41, 5, 1, 0, 0, 2, 2, 0, 3, 4, 0, 44, 5, 0, 0, 3, 1, 0, 0, 4, 3, 0, 4, 3, 0, 0, 1, : 3, 1, 4, 4, 3, 1, 2, 41, 5, 1, 2, 2, 3, 4, 44, 5, 3, 1, 4, 3, 4, 3, 1, 
39: 0, 0, 2, 0, 0, 2, 0, 0, 0, 3, 1, 0, 0, 1, 1, 0, 3, 2, 0, 4, 0, 2, 4, 0, 5, 4, 0, 2, 42, 2, 4, 0, 5, 0, 1, 0, 0, 5, 0, 1, : 2, 2, 3, 1, 1, 1, 3, 2, 4, 2, 4, 5, 4, 2, 42, 2, 4, 5, 1, 5, 1, 
213: 5, 0, 4, 0, 1, 4, 0, 0, 3, 0, 3, 0, 3, 0, 0, 0, 1, 1, 0, 1, 3, 4, 0, 1, 2, 1, 0, 3, 1, 0, 0, 0, 3, 3, 2, 42, 3, 0, 0, 43, : 5, 4, 1, 4, 3, 3, 3, 1, 1, 1, 3, 4, 1, 2, 1, 3, 1, 3, 3, 2, 42, 3, 43, 
28: 0, 0, 40, 3, 5, 1, 0, 1, 0, 0, 4, 0, 0, 0, 1, 0, 2, 2, 0, 5, 1, 2, 4, 0, 1, 0, 0, 0, 0, 4, 0, 0, 3, 0, 40, 0, 0, 0, 4, 0, : 40, 3, 5, 1, 1, 4, 1, 2, 2, 5, 1, 2, 4, 1, 4, 3, 40, 4, 
178: 2, 0, 0, 0, 4, 4, 2, 0, 0, 0, 1, 0, 0, 5, 0, 0, 2, 5, 42, 4, 4, 2, 0, 0, 1, 5, 4, 5, 2, 5, 0, 0, 2, 0, 0, 5, 1, 0, 0, 5, : 2, 4, 4, 2, 1, 5, 2, 5, 42, 4, 4, 2, 1, 5, 4, 5, 2, 5, 2, 5, 1, 5, 
19: 0, 0, 1, 4, 5, 1, 3, 0, 0, 0, 1, 0, 2, 4, 0, 1, 2, 0, 5, 0, 1, 3, 0, 0, 5, 4, 0, 4, 4, 5, 5, 4, 4, 0, 1, 0, 0, 0, 0, 0, : 1, 4, 5, 1, 3, 1, 2, 4, 1, 2, 5, 1, 3, 5, 4, 4, 4, 5, 5, 4, 4, 1, 
262: 3, 0, 0, 2, 3, 3, 0, 4, 1, 1, 0, 2, 2, 5, 4, 2, 0, 40, 0, 1, 5, 0, 5, 0, 3, 1, 4, 5, 0, 3, 0, 3, 0, 1, 0, 0, 2, 0, 5, 1, : 3, 2, 3, 3, 4, 1, 1, 2, 2, 5, 4, 2, 40, 1, 5, 5, 3, 1, 4, 5, 3, 3, 1, 2, 5, 1, 
245: 0, 0, 0, 0, 1, 5, 0, 4, 0, 1, 2, 2, 0, 2, 5, 1, 5, 4, 0, 0, 1, 3, 1, 0, 5, 4, 40, 1, 1, 0, 3, 4, 1, 2, 2, 0, 3, 0, 0, 1, : 1, 5, 4, 1, 2, 2, 2, 5, 1, 5, 4, 1, 3, 1, 5, 4, 40, 1, 1, 3, 4, 1, 2, 2, 3, 1, 
109: 0, 41, 0, 3, 0, 0, 0, 0, 0, 0, 0, 5, 0, 0, 0, 0, 4, 4, 1, 44, 5, 1, 4, 0, 0, 0, 3, 0, 0, 1, 40, 40, 1, 1, 1, 1, 0, 5, 0, 0, : 41, 3, 5, 4, 4, 1, 44, 5, 1, 4, 3, 1, 40, 40, 1, 1, 1, 1, 5, 
101: 3, 0, 1, 0, 0, 0, 0, 40, 1, 0, 2, 4, 1, 1, 1, 2, 0, 0, 0, 0, 0, 1, 0, 0, 1, 1, 1, 3, 2, 1, 5, 0, 0, 43, 0, 0, 0, 0, 0, 0, : 3, 1, 40, 1, 2, 4, 1, 1, 1, 2, 1, 1, 1, 1, 3, 2, 1, 5, 43, 
2: 43, 3, 0, 0, 0, 1, 0, 1, 0, 2, 0, 0, 3, 2, 0, 5, 0, 5, 0, 0, 0, 3, 4, 4, 0, 0, 0, 1, 0, 2, 0, 0, 44, 0, 0, 0, 0, 5, 0, 0, : 43, 3, 1, 1, 2, 3, 2, 5, 5, 3, 4, 4, 1, 2, 44, 5, 
63: 1, 4, 0, 3, 0, 1, 0, 0, 0, 0, 3, 4, 4, 3, 0, 4, 3, 1, 4, 3, 0, 0, 0, 1, 4, 0, 0, 4, 5, 4, 40, 0, 3, 0, 0, 2, 0, 0, 2, 3, : 1, 4, 3, 1, 3, 4, 4, 3, 4, 3, 1, 4, 3, 1, 4, 4, 5, 4, 40, 3, 2, 2, 3, 
26: 0, 0, 3, 3, 2, 5, 0, 2, 1, 0, 1, 5, 4, 0, 5, 0, 1, 5, 4, 0, 5, 2, 0, 4, 0, 1, 0, 0, 1, 3, 5, 0, 0, 1, 0, 2, 0, 0, 0, 40, : 3, 3, 2, 5, 2, 1, 1, 5, 4, 5, 1, 5, 4, 5, 2, 4, 1, 1, 3, 5, 1, 2, 40, 
118: 0, 3, 3, 5, 0, 5, 0, 0, 3, 0, 3, 4, 2, 0, 3, 0, 3, 1, 4, 2, 4, 0, 1, 0, 0, 4, 0, 2, 2, 0, 5, 1, 2, 0, 1, 0, 0, 1, 0, 0, : 3, 3, 5, 5, 3, 3, 4, 2, 3, 3, 1, 4, 2, 4, 1, 4, 2, 2, 5, 1, 2, 1, 1, 
348: 0, 0, 0, 1, 3, 4, 0, 2, 0, 0, 4, 4, 0, 0, 2, 4, 0, 1, 3, 4, 0, 4, 4, 43, 5, 1, 0, 3, 0, 44, 0, 0, 0, 3, 1, 0, 3, 0, 0, 0, : 1, 3, 4, 2, 4, 4, 2, 4, 1, 3, 4, 4, 4, 43, 5, 1, 3, 44, 3, 1, 3, 
137: 0, 0, 0, 5, 1, 3, 0, 0, 4, 5, 1, 0, 0, 5, 0, 0, 0, 0, 4, 0, 1, 3, 0, 0, 3, 0, 1, 4, 1, 2, 0, 1, 0, 0, 0, 0, 0, 0, 3, 0, : 5, 1, 3, 4, 5, 1, 5, 4, 1, 3, 3, 1, 4, 1, 2, 1, 3, 
370: 0, 0, 0, 1, 1, 2, 0, 0, 1, 0, 0, 5, 0, 0, 2, 0, 3, 1, 0, 2, 0, 4, 2, 0, 4, 5, 5, 3, 3, 5, 0, 0, 4, 0, 0, 0, 0, 5, 0, 4, : 1, 1, 2, 1, 5, 2, 3, 1, 2, 4, 2, 4, 5, 5, 3, 3, 5, 4, 5, 4, 
141: 0, 0, 44, 2, 2, 3, 0, 0, 44, 0, 2, 5, 5, 3, 3, 5, 5, 3, 5, 3, 1, 3, 0, 2, 4, 5, 0, 2, 0, 2, 0, 1, 0, 40, 3, 0, 3, 44, 0, 0, : 44, 2, 2, 3, 44, 2, 5, 5, 3, 3, 5, 5, 3, 5, 3, 1, 3, 2, 4, 5, 2, 2, 1, 40, 3, 3, 44, 
20: 4, 1, 2, 1, 3, 0, 0, 0, 1, 1, 4, 0, 3, 0, 4, 43, 4, 1, 0, 4, 3, 1, 3, 0, 4, 0, 2, 0, 2, 2, 0, 0, 1, 0, 0, 0, 5, 0, 3, 0, : 4, 1, 2, 1, 3, 1, 1, 4, 3, 4, 43, 4, 1, 4, 3, 1, 3, 4, 2, 2, 2, 1, 5, 3, 
385: 0, 2, 0, 1, 4, 3, 0, 1, 2, 5, 1, 1, 3, 5, 5, 1, 4, 2, 0, 0, 2, 0, 1, 0, 0, 1, 0, 3, 3, 1, 0, 1, 5, 4, 0, 1, 0, 0, 43, 1, : 2, 1, 4, 3, 1, 2, 5, 1, 1, 3, 5, 5, 1, 4, 2, 2, 1, 1, 3, 3, 1, 1, 5, 4, 1, 43, 1, 
108: 0, 0, 3, 44, 0, 0, 0, 0, 0, 0, 3, 0, 1, 1, 4, 0, 4, 5, 4, 3, 3, 5, 4, 0, 0, 0, 5, 3, 1, 3, 0, 0, 1, 0, 0, 1, 0, 0, 0, 3, : 3, 44, 3, 1, 1, 4, 4, 5, 4, 3, 3, 5, 4, 5, 3, 1, 3, 1, 1, 3, 
240: 0, 1, 2, 0, 4, 3, 0, 0, 0, 0, 3, 1, 1, 41, 0, 0, 0, 0, 2, 2, 5, 0, 2, 0, 0, 1, 1, 2, 3, 4, 0, 0, 4, 0, 2, 3, 0, 0, 4, 3, : 1, 2, 4, 3, 3, 1, 1, 41, 2, 2, 5, 2, 1, 1, 2, 3, 4, 4, 2, 3, 4, 3, 
70: 1, 0, 1, 2, 4, 3, 41, 4, 2, 0, 3, 3, 5, 1, 0, 0, 2, 3, 4, 2, 1, 0, 0, 0, 0, 0, 0, 2, 4, 0, 0, 1, 4, 0, 2, 1, 5, 5, 0, 0, : 1, 1, 2, 4, 3, 41, 4, 2, 3, 3, 5, 1, 2, 3, 4, 2, 1, 2, 4, 1, 4, 2, 1, 5, 5, 
326: 4, 1, 0, 2, 4, 4, 1, 0, 4, 0, 4, 5, 2, 0, 0, 0, 0, 1, 3, 0, 3, 2, 3, 0, 2, 2, 0, 2, 0, 3, 4, 0, 0, 0, 2, 0, 0, 0, 0, 0, : 4, 1, 2, 4, 4, 1, 4, 4, 5, 2, 1, 3, 3, 2, 3, 2, 2, 2, 3, 4, 2, 
351: 0, 3, 0, 2, 0, 1, 0, 0, 0, 5, 0, 0, 3, 0, 5, 0, 3, 4, 0, 0, 4, 0, 44, 3, 5, 2, 2, 1, 0, 1, 0, 1, 0, 0, 5, 5, 43, 0, 0, 0, : 3, 2, 1, 5, 3, 5, 3, 4, 4, 44, 3, 5, 2, 2, 1, 1, 1, 5, 5, 43, 
353: 0, 0, 0, 2, 3, 1, 0, 0, 0, 0, 1, 3, 3, 0, 3, 0, 1, 2, 3, 4, 2, 0, 0, 3, 0, 4, 40, 0, 0, 4, 0, 2, 0, 0, 44, 5, 0, 0, 0, 1, : 2, 3, 1, 1, 3, 3, 3, 1, 2, 3, 4, 2, 3, 4, 40, 4, 2, 44, 5, 1, 
238: 5, 2, 0, 0, 4, 0, 3, 0, 0, 1, 2, 40, 0, 0, 0, 0, 0, 3, 3, 2, 5, 0, 1, 3, 0, 1, 0, 5, 2, 2, 0, 4, 0, 0, 3, 0, 0, 40, 0, 0, : 5, 2, 4, 3, 1, 2, 40, 3, 3, 2, 5, 1, 3, 1, 5, 2, 2, 4, 3, 40, 
204: 0, 0, 0, 5, 0, 4, 5, 0, 5, 0, 1, 4, 2, 0, 4, 0, 1, 0, 0, 0, 0, 2, 4, 4, 2, 44, 5, 0, 4, 3, 0, 0, 3, 0, 0, 0, 0, 0, 4, 3, : 5, 4, 5, 5, 1, 4, 2, 4, 1, 2, 4, 4, 2, 44, 5, 4, 3, 3, 4, 3, 
387: 0, 0, 1, 5, 1, 4, 0, 0, 0, 5, 5, 3, 4, 0, 0, 0, 0, 5, 0, 5, 3, 0, 2, 0, 3, 1, 0, 0, 3, 0, 0, 0, 2, 0, 5, 1, 0, 0, 0, 0, : 1, 5, 1, 4, 5, 5, 3, 4, 5, 5, 3, 2, 3, 1, 3, 2, 5, 1, 
17: 0, 43, 2, 1, 3, 0, 0, 3, 0, 0, 1, 4, 0, 0, 1, 3, 2, 5, 0, 1, 0, 4, 0, 0, 0, 2, 0, 5, 0, 0, 0, 0, 3, 3, 1, 5, 0, 0, 0, 0, : 43, 2, 1, 3, 3, 1, 4, 1, 3, 2, 5, 1, 4, 2, 5, 3, 3, 1, 5, 
373: 2, 1, 4, 1, 4, 1, 0, 44, 0, 0, 4, 0, 4, 0, 4, 42, 5, 1, 2, 4, 0, 3, 3, 0, 0, 0, 0, 0, 3, 0, 0, 5, 2, 0, 0, 1, 1, 4, 0, 0, : 2, 1, 4, 1, 4, 1, 44, 4, 4, 4, 42, 5, 1, 2, 4, 3, 3, 3, 5, 2, 1, 1, 4, 
217: 4, 0, 0, 2, 5, 2, 42, 4, 0, 1, 0, 0, 1, 0, 41, 0, 0, 0, 4, 0, 44, 4, 1, 0, 0, 4, 0, 0, 3, 2, 0, 2, 0, 3, 1, 41, 4, 4, 0, 0, : 4, 2, 5, 2, 42, 4, 1, 1, 41, 4, 44, 4, 1, 4, 3, 2, 2, 3, 1, 41, 4, 4, 
45: 0, 0, 1, 0, 42, 0, 5, 1, 1, 44, 3, 4, 41, 0, 2, 0, 41, 2, 4, 2, 3, 1, 0, 0, 0, 0, 3, 44, 5, 0, 0, 2, 4, 5, 0, 0, 41, 0, 5, 3, : 1, 42, 5, 1, 1, 44, 3, 4, 41, 2, 41, 2, 4, 2, 3, 1, 3, 44, 5, 2, 4, 5, 41, 5, 3, 
67: 40, 5, 4, 3, 5, 41, 0, 2, 2, 0, 5, 5, 5, 0, 0, 4, 1, 5, 4, 0, 1, 5, 3, 4, 3, 2, 0, 3, 5, 0, 0, 0, 1, 2, 0, 0, 0, 0, 0, 0, : 40, 5, 4, 3, 5, 41, 2, 2, 5, 5, 5, 4, 1, 5, 4, 1, 5, 3, 4, 3, 2, 3, 5, 1, 2, 
380: 2, 0, 0, 4, 0, 0, 3, 0, 0, 0, 3, 0, 5, 0, 5, 0, 0, 0, 5, 2, 3, 2, 0, 0, 5, 5, 1, 0, 4, 2, 3, 0, 0, 0, 0, 0, 0, 0, 0, 0, : 2, 4, 3, 3, 5, 5, 5, 2, 3, 2, 5, 5, 1, 4, 2, 3, 


135: 0, 4, 0, 5, 2, 5, 5, 0, 3, 0, 2, 1, 0, 1, 3, 0, 4, 3, 2, 0, 0, 0, 5, 1, 0, 0, 0, 3, 3, 0, 0, 0, 0, 3, 5, 4, 2, 4, 0, 0, : 4, 5, 2, 5, 5, 3, 2, 1, 1, 3, 4, 3, 2, 5, 1, 3, 3, 3, 5, 4, 2, 4, 
180: 0, 0, 0, 40, 1, 3, 5, 0, 5, 2, 5, 0, 5, 2, 1, 0, 1, 1, 0, 2, 0, 0, 4, 5, 4, 0, 3, 4, 5, 40, 0, 40, 0, 0, 5, 1, 0, 2, 1, 3, : 40, 1, 3, 5, 5, 2, 5, 5, 2, 1, 1, 1, 2, 4, 5, 4, 3, 4, 5, 40, 40, 5, 1, 2, 1, 3, 
344: 3, 0, 2, 4, 0, 5, 0, 3, 3, 0, 0, 5, 0, 3, 0, 0, 1, 2, 0, 0, 3, 0, 2, 0, 0, 1, 0, 0, 5, 1, 0, 4, 0, 2, 0, 0, 0, 0, 0, 0, : 3, 2, 4, 5, 3, 3, 5, 3, 1, 2, 3, 2, 1, 5, 1, 4, 2, 
290: 0, 0, 0, 0, 4, 3, 3, 4, 0, 0, 1, 0, 0, 0, 0, 0, 0, 3, 0, 1, 5, 0, 1, 0, 0, 5, 0, 0, 3, 0, 4, 2, 5, 0, 0, 3, 0, 1, 3, 0, : 4, 3, 3, 4, 1, 3, 1, 5, 1, 5, 3, 4, 2, 5, 3, 1, 3, 
116: 40, 0, 5, 0, 3, 3, 0, 0, 1, 4, 0, 4, 0, 2, 5, 0, 0, 0, 3, 0, 2, 0, 0, 0, 0, 1, 41, 44, 1, 1, 0, 4, 43, 5, 0, 0, 0, 42, 0, 4, : 40, 5, 3, 3, 1, 4, 4, 2, 5, 3, 2, 1, 41, 44, 1, 1, 4, 43, 5, 42, 4, 
281: 1, 0, 0, 3, 0, 4, 2, 3, 3, 1, 3, 1, 0, 4, 2, 0, 5, 42, 1, 3, 0, 2, 4, 5, 1, 0, 5, 0, 1, 0, 0, 2, 0, 0, 0, 0, 3, 0, 0, 3, : 1, 3, 4, 2, 3, 3, 1, 3, 1, 4, 2, 5, 42, 1, 3, 2, 4, 5, 1, 5, 1, 2, 3, 3, 
215: 0, 0, 1, 0, 0, 3, 4, 40, 3, 3, 0, 0, 0, 5, 4, 3, 0, 5, 0, 4, 0, 0, 0, 0, 3, 0, 3, 0, 1, 0, 5, 0, 0, 4, 1, 2, 0, 0, 0, 0, : 1, 3, 4, 40, 3, 3, 5, 4, 3, 5, 4, 3, 3, 1, 5, 4, 1, 2, 
338: 2, 0, 0, 42, 0, 3, 41, 0, 0, 0, 3, 2, 0, 2, 2, 3, 0, 0, 0, 0, 1, 0, 0, 0, 0, 1, 0, 0, 2, 3, 5, 1, 0, 0, 0, 1, 0, 2, 0, 0, : 2, 42, 3, 41, 3, 2, 2, 2, 3, 1, 1, 2, 3, 5, 1, 1, 2, 
228: 1, 0, 0, 0, 5, 4, 0, 0, 1, 2, 3, 5, 0, 0, 4, 4, 2, 1, 2, 0, 4, 0, 0, 0, 0, 5, 1, 0, 5, 2, 0, 2, 0, 0, 3, 5, 0, 0, 4, 5, : 1, 5, 4, 1, 2, 3, 5, 4, 4, 2, 1, 2, 4, 5, 1, 5, 2, 2, 3, 5, 4, 5, 
323: 0, 3, 0, 0, 0, 4, 5, 0, 2, 2, 44, 0, 1, 5, 0, 0, 5, 0, 5, 0, 0, 0, 2, 0, 0, 2, 3, 1, 4, 0, 4, 4, 0, 4, 0, 3, 1, 0, 0, 0, : 3, 4, 5, 2, 2, 44, 1, 5, 5, 5, 2, 2, 3, 1, 4, 4, 4, 4, 3, 1, 
369: 0, 0, 0, 0, 1, 2, 1, 0, 1, 3, 0, 1, 0, 1, 1, 2, 0, 2, 4, 0, 2, 0, 3, 2, 0, 0, 5, 0, 0, 43, 1, 5, 1, 0, 44, 0, 0, 0, 0, 0, : 1, 2, 1, 1, 3, 1, 1, 1, 2, 2, 4, 2, 3, 2, 5, 43, 1, 5, 1, 44, 
339: 0, 0, 0, 0, 5, 2, 0, 0, 0, 0, 0, 0, 4, 2, 0, 0, 4, 2, 0, 0, 0, 0, 4, 1, 0, 5, 2, 2, 1, 0, 3, 0, 2, 0, 0, 3, 4, 1, 0, 0, : 5, 2, 4, 2, 4, 2, 4, 1, 5, 2, 2, 1, 3, 2, 3, 4, 1, 
27: 0, 0, 3, 0, 0, 2, 0, 0, 0, 3, 0, 0, 0, 2, 0, 4, 0, 5, 0, 5, 0, 42, 0, 42, 2, 3, 4, 0, 2, 4, 5, 1, 0, 0, 0, 5, 0, 4, 0, 0, : 3, 2, 3, 2, 4, 5, 5, 42, 42, 2, 3, 4, 2, 4, 5, 1, 5, 4, 
237: 0, 41, 1, 0, 3, 3, 0, 5, 4, 5, 4, 0, 0, 44, 5, 1, 0, 0, 0, 0, 41, 0, 0, 0, 4, 0, 4, 2, 0, 0, 0, 2, 2, 0, 3, 4, 4, 43, 44, 44, : 41, 1, 3, 3, 5, 4, 5, 4, 44, 5, 1, 41, 4, 4, 2, 2, 2, 3, 4, 4, 43, 44, 44, 
81: 0, 0, 3, 4, 2, 2, 0, 3, 5, 5, 0, 40, 5, 2, 5, 1, 3, 0, 0, 0, 0, 0, 2, 0, 0, 0, 0, 5, 3, 0, 0, 0, 0, 0, 0, 0, 0, 3, 5, 0, : 3, 4, 2, 2, 3, 5, 5, 40, 5, 2, 5, 1, 3, 2, 5, 3, 3, 5, 
105: 0, 0, 0, 0, 5, 3, 1, 0, 3, 2, 0, 5, 3, 0, 5, 0, 2, 4, 0, 44, 2, 3, 2, 0, 0, 0, 0, 3, 2, 3, 0, 3, 0, 4, 0, 5, 0, 0, 0, 4, : 5, 3, 1, 3, 2, 5, 3, 5, 2, 4, 44, 2, 3, 2, 3, 2, 3, 3, 4, 5, 4, 
383: 0, 4, 0, 0, 0, 4, 0, 0, 5, 2, 0, 2, 0, 5, 0, 0, 4, 3, 0, 0, 0, 0, 3, 4, 0, 4, 2, 1, 2, 0, 0, 1, 3, 0, 0, 3, 2, 0, 0, 4, : 4, 4, 5, 2, 2, 5, 4, 3, 3, 4, 4, 2, 1, 2, 1, 3, 3, 2, 4, 
182: 0, 0, 44, 0, 5, 4, 5, 5, 3, 3, 0, 0, 1, 4, 5, 0, 2, 1, 0, 0, 0, 0, 3, 1, 40, 4, 0, 2, 40, 0, 1, 5, 0, 0, 0, 0, 44, 0, 1, 0, : 44, 5, 4, 5, 5, 3, 3, 1, 4, 5, 2, 1, 3, 1, 40, 4, 2, 40, 1, 5, 44, 1, 
80: 0, 2, 5, 2, 2, 4, 0, 3, 0, 4, 1, 0, 0, 0, 0, 1, 1, 2, 0, 0, 0, 5, 0, 0, 0, 0, 3, 2, 0, 0, 5, 2, 1, 3, 0, 3, 1, 0, 0, 0, : 2, 5, 2, 2, 4, 3, 4, 1, 1, 1, 2, 5, 3, 2, 5, 2, 1, 3, 3, 1, 
133: 3, 1, 5, 4, 3, 1, 0, 1, 5, 2, 0, 0, 0, 3, 5, 0, 5, 0, 0, 3, 0, 0, 0, 5, 0, 4, 5, 1, 5, 2, 4, 2, 0, 0, 0, 42, 4, 5, 0, 2, : 3, 1, 5, 4, 3, 1, 1, 5, 2, 3, 5, 5, 3, 5, 4, 5, 1, 5, 2, 4, 2, 42, 4, 5, 2, 
71: 0, 0, 0, 0, 42, 4, 0, 0, 4, 3, 0, 0, 0, 1, 3, 0, 1, 3, 5, 0, 3, 0, 0, 0, 0, 2, 0, 3, 1, 0, 0, 4, 0, 0, 0, 5, 40, 0, 4, 0, : 42, 4, 4, 3, 1, 3, 1, 3, 5, 3, 2, 3, 1, 4, 5, 40, 4, 
175: 3, 0, 0, 0, 0, 4, 4, 0, 0, 5, 40, 5, 0, 2, 1, 0, 2, 1, 41, 0, 0, 0, 0, 0, 41, 0, 4, 0, 0, 0, 5, 3, 0, 0, 0, 1, 1, 0, 41, 0, : 3, 4, 4, 5, 40, 5, 2, 1, 2, 1, 41, 41, 4, 5, 3, 1, 1, 41, 
62: 4, 1, 0, 0, 4, 5, 5, 4, 4, 40, 0, 0, 0, 1, 0, 0, 1, 1, 0, 1, 0, 2, 2, 0, 0, 2, 0, 0, 1, 5, 3, 2, 0, 1, 3, 0, 0, 0, 2, 0, : 4, 1, 4, 5, 5, 4, 4, 40, 1, 1, 1, 1, 2, 2, 2, 1, 5, 3, 2, 1, 3, 2, 
256: 4, 1, 0, 3, 1, 5, 1, 0, 4, 3, 3, 0, 0, 0, 5, 3, 0, 3, 0, 0, 3, 4, 5, 2, 1, 1, 5, 5, 2, 1, 5, 4, 5, 0, 0, 1, 0, 0, 1, 5, : 4, 1, 3, 1, 5, 1, 4, 3, 3, 5, 3, 3, 3, 4, 5, 2, 1, 1, 5, 5, 2, 1, 5, 4, 5, 1, 1, 5, 
73: 4, 0, 0, 3, 5, 5, 3, 0, 0, 0, 0, 0, 42, 0, 1, 0, 5, 1, 0, 0, 0, 0, 1, 0, 3, 5, 0, 1, 2, 4, 0, 3, 0, 3, 0, 1, 0, 3, 5, 0, : 4, 3, 5, 5, 3, 42, 1, 5, 1, 1, 3, 5, 1, 2, 4, 3, 3, 1, 3, 5, 
103: 0, 0, 0, 0, 0, 4, 5, 43, 5, 0, 0, 0, 0, 4, 0, 2, 3, 4, 3, 2, 4, 1, 4, 0, 0, 4, 1, 0, 0, 3, 5, 2, 0, 0, 0, 1, 1, 1, 0, 1, : 4, 5, 43, 5, 4, 2, 3, 4, 3, 2, 4, 1, 4, 4, 1, 3, 5, 2, 1, 1, 1, 1, 
79: 3, 2, 0, 0, 0, 2, 1, 2, 0, 5, 0, 1, 1, 0, 0, 0, 3, 2, 40, 1, 0, 0, 4, 4, 5, 2, 5, 0, 3, 0, 0, 2, 0, 0, 0, 4, 5, 0, 0, 0, : 3, 2, 2, 1, 2, 5, 1, 1, 3, 2, 40, 1, 4, 4, 5, 2, 5, 3, 2, 4, 5, 
120: 0, 2, 0, 2, 3, 3, 0, 0, 2, 5, 0, 0, 0, 0, 0, 0, 4, 3, 2, 5, 0, 4, 0, 0, 0, 0, 0, 0, 0, 2, 5, 0, 0, 0, 2, 5, 0, 3, 1, 0, : 2, 2, 3, 3, 2, 5, 4, 3, 2, 5, 4, 2, 5, 2, 5, 3, 1, 
94: 5, 5, 0, 0, 0, 3, 4, 0, 1, 3, 0, 0, 1, 2, 5, 0, 40, 1, 0, 1, 0, 43, 2, 2, 0, 0, 2, 3, 5, 0, 2, 3, 2, 3, 0, 1, 0, 0, 0, 0, : 5, 5, 3, 4, 1, 3, 1, 2, 5, 40, 1, 1, 43, 2, 2, 2, 3, 5, 2, 3, 2, 3, 1, 
273: 0, 0, 0, 0, 3, 1, 5, 0, 42, 0, 0, 0, 0, 3, 0, 0, 0, 0, 1, 0, 0, 0, 1, 44, 0, 5, 0, 4, 5, 4, 3, 3, 0, 2, 2, 2, 0, 1, 0, 0, : 3, 1, 5, 42, 3, 1, 1, 44, 5, 4, 5, 4, 3, 3, 2, 2, 2, 1, 
122: 0, 3, 44, 0, 2, 1, 2, 0, 0, 0, 0, 0, 0, 4, 1, 5, 0, 5, 0, 0, 2, 1, 5, 0, 2, 4, 3, 5, 1, 0, 0, 2, 5, 0, 0, 4, 2, 0, 0, 0, : 3, 44, 2, 1, 2, 4, 1, 5, 5, 2, 1, 5, 2, 4, 3, 5, 1, 2, 5, 4, 2, 
305: 3, 40, 0, 0, 1, 5, 5, 0, 0, 0, 2, 0, 2, 1, 0, 0, 3, 3, 0, 3, 4, 3, 3, 0, 4, 44, 4, 5, 3, 0, 0, 5, 0, 0, 3, 1, 5, 0, 0, 2, : 3, 40, 1, 5, 5, 2, 2, 1, 3, 3, 3, 4, 3, 3, 4, 44, 4, 5, 3, 5, 3, 1, 5, 2, 
1: 0, 1, 0, 0, 0, 2, 1, 0, 2, 3, 0, 0, 3, 3, 5, 2, 0, 3, 0, 4, 0, 5, 1, 0, 4, 5, 5, 1, 0, 0, 0, 1, 1, 0, 0, 1, 0, 0, 2, 0, : 1, 2, 1, 2, 3, 3, 3, 5, 2, 3, 4, 5, 1, 4, 5, 5, 1, 1, 1, 1, 2, 
345: 1, 1, 5, 4, 4, 1, 4, 0, 0, 1, 0, 41, 0, 3, 43, 0, 5, 2, 0, 0, 0, 4, 1, 0, 0, 0, 4, 4, 5, 0, 3, 1, 40, 0, 0, 2, 0, 0, 0, 0, : 1, 1, 5, 4, 4, 1, 4, 1, 41, 3, 43, 5, 2, 4, 1, 4, 4, 5, 3, 1, 40, 2, 
15: 0, 0, 0, 0, 1, 1, 3, 0, 3, 0, 4, 0, 44, 2, 3, 0, 1, 3, 2, 40, 40, 0, 3, 0, 0, 4, 1, 4, 1, 0, 5, 1, 5, 0, 3, 0, 0, 4, 3, 0, : 1, 1, 3, 3, 4, 44, 2, 3, 1, 3, 2, 40, 40, 3, 4, 1, 4, 1, 5, 1, 5, 3, 4, 3, 
342: 0, 0, 0, 0, 2, 3, 1, 1, 0, 5, 5, 0, 3, 3, 0, 3, 5, 0, 0, 0, 0, 1, 0, 0, 0, 1, 0, 0, 3, 0, 1, 2, 0, 1, 3, 0, 0, 1, 0, 43, : 2, 3, 1, 1, 5, 5, 3, 3, 3, 5, 1, 1, 3, 1, 2, 1, 3, 1, 43, 
249: 0, 4, 2, 2, 4, 1, 0, 0, 0, 1, 0, 1, 0, 0, 0, 40, 3, 3, 0, 1, 3, 0, 3, 0, 0, 0, 1, 5, 1, 2, 2, 1, 0, 0, 0, 2, 1, 0, 0, 0, : 4, 2, 2, 4, 1, 1, 1, 40, 3, 3, 1, 3, 3, 1, 5, 1, 2, 2, 1, 2, 1, 
346: 0, 3, 0, 2, 1, 1, 2, 0, 5, 1, 0, 3, 5, 4, 2, 0, 4, 4, 2, 0, 1, 0, 5, 0, 3, 2, 0, 1, 0, 0, 2, 1, 2, 43, 0, 0, 0, 0, 2, 0, : 3, 2, 1, 1, 2, 5, 1, 3, 5, 4, 2, 4, 4, 2, 1, 5, 3, 2, 1, 2, 1, 2, 43, 2, 
29: 43, 0, 0, 0, 3, 1, 2, 0, 1, 0, 0, 0, 0, 0, 0, 3, 1, 1, 3, 0, 0, 0, 4, 2, 0, 0, 3, 5, 1, 0, 0, 0, 3, 42, 0, 0, 0, 0, 0, 0, : 43, 3, 1, 2, 1, 3, 1, 1, 3, 4, 2, 3, 5, 1, 3, 42, 
31: 0, 2, 0, 0, 3, 4, 0, 3, 0, 2, 0, 3, 0, 0, 4, 43, 0, 1, 4, 0, 0, 0, 41, 0, 3, 4, 1, 4, 1, 0, 42, 0, 0, 0, 43, 5, 0, 0, 1, 0, : 2, 3, 4, 3, 2, 3, 4, 43, 1, 4, 41, 3, 4, 1, 4, 1, 42, 43, 5, 1, 


197: 3, 0, 0, 44, 0, 3, 1, 0, 0, 0, 5, 0, 0, 0, 0, 0, 0, 0, 4, 3, 0, 0, 4, 0, 4, 0, 3, 4, 1, 0, 0, 0, 5, 0, 0, 0, 0, 5, 3, 5, : 3, 44, 3, 1, 5, 4, 3, 4, 4, 3, 4, 1, 5, 5, 3, 5, 
333: 4, 0, 0, 0, 0, 4, 0, 0, 44, 1, 0, 0, 5, 0, 4, 3, 3, 1, 0, 4, 0, 0, 0, 0, 1, 0, 0, 4, 0, 3, 3, 0, 1, 4, 1, 0, 0, 5, 0, 0, : 4, 4, 44, 1, 5, 4, 3, 3, 1, 4, 1, 4, 3, 3, 1, 4, 1, 5, 
30: 3, 4, 0, 0, 4, 4, 0, 0, 2, 0, 2, 0, 1, 0, 3, 3, 5, 2, 42, 0, 2, 4, 0, 4, 2, 0, 0, 0, 3, 0, 42, 4, 0, 0, 1, 0, 2, 1, 0, 0, : 3, 4, 4, 4, 2, 2, 1, 3, 3, 5, 2, 42, 2, 4, 4, 2, 3, 42, 4, 1, 2, 1, 
53: 0, 0, 1, 0, 0, 0, 3, 0, 5, 3, 5, 0, 0, 0, 3, 3, 3, 0, 0, 1, 0, 2, 0, 2, 1, 2, 40, 0, 3, 3, 0, 1, 2, 2, 5, 0, 0, 1, 0, 4, : 1, 3, 5, 3, 5, 3, 3, 3, 1, 2, 2, 1, 2, 40, 3, 3, 1, 2, 2, 5, 1, 4, 
127: 0, 0, 4, 1, 0, 1, 4, 0, 5, 0, 4, 3, 0, 1, 2, 2, 4, 3, 5, 5, 41, 2, 1, 2, 4, 1, 0, 0, 1, 0, 2, 0, 1, 0, 0, 0, 1, 1, 0, 0, : 4, 1, 1, 4, 5, 4, 3, 1, 2, 2, 4, 3, 5, 5, 41, 2, 1, 2, 4, 1, 1, 2, 1, 1, 1, 
268: 0, 0, 0, 0, 0, 3, 43, 0, 0, 1, 4, 0, 5, 4, 3, 0, 0, 0, 0, 5, 0, 0, 0, 4, 0, 1, 1, 4, 4, 1, 5, 0, 3, 4, 4, 3, 0, 0, 0, 0, : 3, 43, 1, 4, 5, 4, 3, 5, 4, 1, 1, 4, 4, 1, 5, 3, 4, 4, 3, 
12: 0, 0, 3, 3, 0, 1, 0, 0, 0, 5, 0, 2, 0, 0, 0, 0, 3, 2, 0, 2, 1, 5, 4, 0, 4, 4, 1, 0, 4, 0, 0, 0, 1, 5, 0, 0, 0, 5, 4, 0, : 3, 3, 1, 5, 2, 3, 2, 2, 1, 5, 4, 4, 4, 1, 4, 1, 5, 5, 4, 
91: 1, 0, 2, 2, 3, 5, 1, 1, 0, 0, 0, 0, 0, 3, 0, 2, 5, 43, 0, 4, 2, 1, 0, 42, 2, 5, 3, 4, 0, 0, 4, 5, 0, 0, 4, 2, 44, 2, 0, 0, : 1, 2, 2, 3, 5, 1, 1, 3, 2, 5, 43, 4, 2, 1, 42, 2, 5, 3, 4, 4, 5, 4, 2, 44, 2, 
114: 2, 0, 5, 5, 0, 1, 0, 0, 3, 0, 4, 0, 4, 2, 4, 4, 4, 0, 1, 0, 0, 0, 41, 0, 3, 1, 0, 0, 44, 0, 3, 4, 2, 0, 0, 0, 0, 2, 0, 0, : 2, 5, 5, 1, 3, 4, 4, 2, 4, 4, 4, 1, 41, 3, 1, 44, 3, 4, 2, 2, 
347: 43, 0, 0, 3, 4, 1, 1, 0, 0, 1, 0, 0, 4, 3, 0, 1, 4, 0, 0, 1, 0, 0, 0, 0, 0, 4, 0, 1, 3, 0, 3, 1, 3, 0, 4, 2, 0, 5, 0, 3, : 43, 3, 4, 1, 1, 1, 4, 3, 1, 4, 1, 4, 1, 3, 3, 1, 3, 4, 2, 5, 3, 
149: 4, 0, 0, 3, 0, 4, 1, 2, 0, 0, 41, 0, 0, 0, 0, 3, 1, 0, 1, 0, 1, 2, 0, 0, 0, 1, 5, 5, 0, 0, 5, 3, 2, 1, 0, 5, 0, 4, 0, 42, : 4, 3, 4, 1, 2, 41, 3, 1, 1, 1, 2, 1, 5, 5, 5, 3, 2, 1, 5, 4, 42, 
322: 0, 4, 4, 1, 3, 3, 0, 0, 0, 0, 4, 1, 0, 0, 0, 3, 0, 2, 0, 0, 0, 0, 1, 0, 2, 1, 0, 2, 0, 5, 0, 0, 1, 0, 0, 44, 40, 0, 0, 0, : 4, 4, 1, 3, 3, 4, 1, 3, 2, 1, 2, 1, 2, 5, 1, 44, 40, 
232: 2, 0, 2, 2, 0, 0, 0, 0, 43, 0, 0, 0, 2, 0, 0, 0, 3, 5, 0, 0, 0, 0, 4, 2, 4, 5, 0, 0, 1, 0, 3, 0, 0, 0, 0, 4, 0, 0, 2, 4, : 2, 2, 2, 43, 2, 3, 5, 4, 2, 4, 5, 1, 3, 4, 2, 4, 
97: 5, 40, 2, 0, 2, 0, 5, 0, 0, 5, 1, 0, 0, 0, 1, 1, 0, 0, 2, 0, 0, 2, 0, 0, 2, 5, 0, 4, 3, 0, 0, 5, 1, 5, 0, 0, 0, 5, 1, 0, : 5, 40, 2, 2, 5, 5, 1, 1, 1, 2, 2, 2, 5, 4, 3, 5, 1, 5, 5, 1, 
154: 2, 5, 2, 0, 3, 0, 0, 1, 0, 0, 4, 1, 3, 1, 0, 0, 0, 0, 0, 3, 5, 2, 4, 4, 2, 5, 0, 0, 0, 0, 2, 3, 1, 0, 0, 2, 5, 1, 0, 3, : 2, 5, 2, 3, 1, 4, 1, 3, 1, 3, 5, 2, 4, 4, 2, 5, 2, 3, 1, 2, 5, 1, 3, 
386: 3, 0, 0, 4, 0, 41, 5, 0, 0, 0, 2, 0, 0, 0, 3, 5, 1, 0, 0, 1, 4, 0, 0, 2, 5, 5, 2, 4, 5, 0, 0, 0, 42, 1, 0, 0, 0, 1, 40, 0, : 3, 4, 41, 5, 2, 3, 5, 1, 1, 4, 2, 5, 5, 2, 4, 5, 42, 1, 1, 40, 
181: 5, 0, 5, 0, 0, 1, 0, 4, 0, 0, 5, 4, 0, 0, 0, 3, 4, 0, 0, 4, 0, 3, 0, 0, 43, 1, 1, 0, 2, 44, 2, 5, 1, 0, 5, 2, 0, 1, 43, 4, : 5, 5, 1, 4, 5, 4, 3, 4, 4, 3, 43, 1, 1, 2, 44, 2, 5, 1, 5, 2, 1, 43, 4, 
48: 5, 0, 4, 4, 0, 4, 0, 2, 0, 5, 2, 5, 1, 0, 4, 5, 0, 0, 5, 0, 0, 0, 0, 2, 5, 5, 0, 2, 1, 0, 1, 0, 0, 1, 0, 0, 0, 2, 0, 0, : 5, 4, 4, 4, 2, 5, 2, 5, 1, 4, 5, 5, 2, 5, 5, 2, 1, 1, 1, 2, 
16: 3, 4, 4, 0, 0, 5, 0, 43, 3, 0, 4, 0, 0, 4, 43, 1, 3, 3, 0, 3, 0, 3, 4, 0, 4, 1, 0, 0, 5, 0, 2, 4, 4, 0, 3, 0, 0, 3, 0, 0, : 3, 4, 4, 5, 43, 3, 4, 4, 43, 1, 3, 3, 3, 3, 4, 4, 1, 5, 2, 4, 4, 3, 3, 
258: 1, 0, 2, 0, 0, 1, 0, 0, 0, 0, 1, 0, 1, 0, 4, 1, 1, 0, 2, 2, 0, 0, 1, 3, 1, 0, 0, 0, 2, 0, 0, 4, 2, 0, 0, 0, 0, 2, 2, 0, : 1, 2, 1, 1, 1, 4, 1, 1, 2, 2, 1, 3, 1, 2, 4, 2, 2, 2, 
190: 0, 0, 3, 5, 5, 3, 4, 0, 2, 1, 2, 0, 0, 0, 2, 2, 1, 0, 0, 2, 5, 0, 0, 0, 1, 1, 4, 3, 5, 0, 1, 5, 2, 3, 2, 0, 0, 3, 0, 1, : 3, 5, 5, 3, 4, 2, 1, 2, 2, 2, 1, 2, 5, 1, 1, 4, 3, 5, 1, 5, 2, 3, 2, 3, 1, 
198: 0, 0, 0, 0, 0, 4, 0, 0, 0, 3, 1, 0, 0, 0, 0, 0, 0, 5, 4, 4, 0, 0, 0, 2, 1, 1, 0, 0, 0, 0, 5, 41, 3, 1, 0, 0, 1, 2, 5, 1, : 4, 3, 1, 5, 4, 4, 2, 1, 1, 5, 41, 3, 1, 1, 2, 5, 1, 
219: 0, 5, 1, 3, 0, 4, 0, 2, 5, 0, 2, 0, 0, 0, 0, 5, 4, 0, 0, 1, 0, 0, 0, 3, 1, 1, 1, 5, 3, 0, 0, 4, 0, 1, 0, 0, 5, 3, 0, 0, : 5, 1, 3, 4, 2, 5, 2, 5, 4, 1, 3, 1, 1, 1, 5, 3, 4, 1, 5, 3, 
145: 2, 0, 3, 5, 4, 3, 0, 0, 0, 4, 0, 0, 3, 0, 4, 2, 5, 0, 0, 44, 0, 0, 4, 0, 0, 0, 44, 4, 3, 0, 0, 0, 3, 0, 0, 3, 0, 5, 0, 0, : 2, 3, 5, 4, 3, 4, 3, 4, 2, 5, 44, 4, 44, 4, 3, 3, 3, 5, 
199: 5, 5, 5, 4, 0, 2, 0, 0, 1, 40, 2, 1, 0, 41, 2, 3, 5, 3, 0, 0, 0, 0, 2, 0, 2, 1, 4, 1, 0, 44, 3, 5, 4, 0, 0, 5, 0, 0, 5, 0, : 5, 5, 5, 4, 2, 1, 40, 2, 1, 41, 2, 3, 5, 3, 2, 2, 1, 4, 1, 44, 3, 5, 4, 5, 5, 
212: 3, 4, 3, 4, 4, 2, 0, 3, 0, 0, 0, 1, 0, 3, 4, 4, 5, 1, 1, 0, 0, 44, 0, 3, 5, 4, 0, 0, 0, 0, 0, 0, 1, 41, 0, 0, 0, 5, 3, 41, : 3, 4, 3, 4, 4, 2, 3, 1, 3, 4, 4, 5, 1, 1, 44, 3, 5, 4, 1, 41, 5, 3, 41, 
293: 3, 1, 1, 1, 42, 0, 0, 3, 2, 0, 0, 44, 0, 0, 0, 0, 0, 0, 2, 5, 3, 1, 0, 0, 0, 0, 0, 4, 1, 1, 3, 5, 1, 1, 0, 0, 4, 0, 0, 0, : 3, 1, 1, 1, 42, 3, 2, 44, 2, 5, 3, 1, 4, 1, 1, 3, 5, 1, 1, 4, 
165: 2, 0, 0, 0, 0, 0, 0, 5, 0, 0, 0, 2, 0, 41, 0, 43, 0, 1, 1, 0, 44, 0, 3, 0, 2, 4, 0, 2, 5, 4, 3, 0, 2, 0, 43, 0, 0, 0, 0, 0, : 2, 5, 2, 41, 43, 1, 1, 44, 3, 2, 4, 2, 5, 4, 3, 2, 43, 
24: 0, 0, 4, 3, 0, 0, 0, 1, 0, 2, 0, 0, 3, 4, 4, 4, 0, 1, 0, 1, 0, 2, 0, 0, 1, 2, 0, 1, 1, 4, 3, 0, 5, 0, 0, 4, 4, 0, 0, 0, : 4, 3, 1, 2, 3, 4, 4, 4, 1, 1, 2, 1, 2, 1, 1, 4, 3, 5, 4, 4, 
399: 0, 0, 4, 5, 41, 4, 0, 43, 0, 0, 1, 0, 40, 2, 5, 0, 2, 0, 0, 3, 0, 4, 1, 0, 3, 0, 0, 0, 0, 2, 5, 4, 0, 0, 43, 0, 0, 0, 0, 0, : 4, 5, 41, 4, 43, 1, 40, 2, 5, 2, 3, 4, 1, 3, 2, 5, 4, 43, 
311: 0, 0, 1, 4, 1, 2, 5, 3, 0, 0, 0, 0, 0, 0, 4, 2, 0, 3, 0, 5, 4, 0, 40, 43, 3, 0, 0, 4, 4, 5, 4, 4, 1, 1, 0, 0, 0, 1, 0, 1, : 1, 4, 1, 2, 5, 3, 4, 2, 3, 5, 4, 40, 43, 3, 4, 4, 5, 4, 4, 1, 1, 1, 1, 
203: 0, 0, 2, 1, 1, 4, 0, 0, 0, 0, 0, 0, 3, 4, 2, 0, 0, 0, 0, 0, 1, 0, 4, 0, 2, 0, 1, 4, 0, 4, 0, 3, 1, 0, 0, 0, 0, 1, 3, 0, : 2, 1, 1, 4, 3, 4, 2, 1, 4, 2, 1, 4, 4, 3, 1, 1, 3, 
310: 4, 1, 4, 4, 0, 0, 0, 0, 0, 1, 4, 0, 0, 3, 3, 1, 44, 40, 0, 0, 1, 42, 0, 0, 0, 1, 1, 0, 5, 0, 2, 1, 5, 0, 0, 42, 0, 1, 0, 4, : 4, 1, 4, 4, 1, 4, 3, 3, 1, 44, 40, 1, 42, 1, 1, 5, 2, 1, 5, 42, 1, 4, 
90: 1, 42, 0, 2, 0, 0, 1, 0, 0, 0, 5, 4, 40, 0, 2, 0, 0, 2, 0, 5, 3, 0, 1, 0, 5, 42, 0, 4, 2, 0, 2, 1, 2, 0, 0, 2, 3, 1, 0, 0, : 1, 42, 2, 1, 5, 4, 40, 2, 2, 5, 3, 1, 5, 42, 4, 2, 2, 1, 2, 2, 3, 1, 
164: 1, 0, 0, 2, 0, 1, 42, 2, 0, 0, 1, 0, 1, 0, 0, 4, 0, 0, 2, 1, 0, 0, 0, 0, 1, 4, 2, 4, 5, 0, 1, 0, 4, 0, 0, 0, 1, 3, 0, 2, : 1, 2, 1, 42, 2, 1, 1, 4, 2, 1, 1, 4, 2, 4, 5, 1, 4, 1, 3, 2, 
124: 5, 5, 0, 0, 1, 0, 0, 0, 5, 42, 4, 42, 0, 0, 3, 1, 0, 0, 4, 5, 0, 0, 0, 0, 0, 4, 2, 40, 0, 0, 4, 0, 4, 0, 0, 0, 0, 1, 5, 0, : 5, 5, 1, 5, 42, 4, 42, 3, 1, 4, 5, 4, 2, 40, 4, 4, 1, 5, 
87: 2, 0, 0, 0, 0, 2, 4, 0, 0, 0, 3, 5, 1, 0, 5, 1, 1, 0, 42, 1, 0, 0, 0, 2, 4, 5, 0, 5, 1, 0, 3, 3, 1, 5, 5, 0, 5, 0, 3, 0, : 2, 2, 4, 3, 5, 1, 5, 1, 1, 42, 1, 2, 4, 5, 5, 1, 3, 3, 1, 5, 5, 5, 3, 
234: 3, 0, 5, 2, 0, 3, 0, 5, 0, 1, 5, 3, 0, 0, 3, 5, 3, 0, 2, 0, 1, 0, 0, 0, 0, 0, 0, 0, 0, 0, 0, 0, 5, 0, 0, 0, 0, 42, 0, 0, : 3, 5, 2, 3, 5, 1, 5, 3, 3, 5, 3, 2, 1, 5, 42, 
395: 2, 0, 0, 2, 0, 3, 0, 0, 0, 0, 1, 0, 3, 0, 0, 0, 1, 3, 0, 0, 2, 1, 1, 0, 0, 3, 5, 5, 0, 0, 1, 0, 4, 3, 0, 0, 3, 5, 0, 1, : 2, 2, 3, 1, 3, 1, 3, 2, 1, 1, 3, 5, 5, 1, 4, 3, 3, 5, 1, 
360: 1, 0, 44, 1, 2, 1, 0, 0, 0, 5, 1, 2, 0, 4, 3, 3, 5, 0, 0, 5, 0, 0, 0, 0, 0, 0, 0, 0, 3, 0, 3, 5, 0, 41, 0, 0, 2, 1, 1, 4, : 1, 44, 1, 2, 1, 5, 1, 2, 4, 3, 3, 5, 5, 3, 3, 5, 41, 2, 1, 1, 4, 


38: 1, 0, 0, 44, 0, 0, 3, 0, 4, 1, 0, 0, 0, 1, 5, 0, 0, 0, 0, 5, 0, 0, 0, 0, 0, 0, 0, 0, 0, 3, 4, 0, 3, 1, 5, 3, 2, 1, 1, 0, : 1, 44, 3, 4, 1, 1, 5, 5, 3, 4, 3, 1, 5, 3, 2, 1, 1, 
255: 3, 0, 0, 5, 0, 0, 43, 0, 1, 0, 0, 0, 0, 0, 0, 0, 5, 2, 1, 0, 0, 0, 0, 0, 5, 0, 0, 0, 3, 4, 0, 2, 1, 0, 0, 4, 2, 1, 2, 0, : 3, 5, 43, 1, 5, 2, 1, 5, 3, 4, 2, 1, 4, 2, 1, 2, 
201: 43, 1, 4, 0, 4, 1, 4, 0, 1, 0, 2, 0, 0, 0, 2, 0, 0, 2, 0, 0, 4, 0, 0, 4, 5, 0, 1, 5, 5, 5, 0, 5, 0, 0, 0, 4, 0, 2, 4, 0, : 43, 1, 4, 4, 1, 4, 1, 2, 2, 2, 4, 4, 5, 1, 5, 5, 5, 5, 4, 2, 4, 
40: 0, 0, 0, 0, 4, 0, 1, 0, 0, 0, 0, 0, 1, 3, 1, 0, 0, 0, 1, 41, 4, 0, 4, 0, 0, 0, 0, 0, 0, 4, 0, 1, 0, 3, 42, 4, 3, 0, 3, 0, : 4, 1, 1, 3, 1, 1, 41, 4, 4, 4, 1, 3, 42, 4, 3, 3, 
69: 5, 0, 0, 4, 0, 0, 0, 0, 1, 1, 0, 3, 5, 0, 0, 0, 5, 0, 0, 0, 0, 0, 0, 0, 43, 2, 0, 2, 4, 3, 0, 0, 3, 4, 0, 0, 4, 0, 1, 0, : 5, 4, 1, 1, 3, 5, 5, 43, 2, 2, 4, 3, 3, 4, 4, 1, 
82: 0, 0, 0, 3, 1, 0, 0, 3, 4, 0, 0, 0, 0, 3, 1, 1, 0, 1, 0, 0, 5, 0, 0, 0, 0, 0, 0, 0, 0, 2, 0, 4, 0, 5, 0, 0, 2, 1, 5, 0, : 3, 1, 3, 4, 3, 1, 1, 1, 5, 2, 4, 5, 2, 1, 5, 
271: 2, 0, 0, 0, 4, 0, 0, 0, 1, 4, 3, 5, 0, 2, 0, 0, 1, 2, 0, 0, 1, 0, 0, 5, 0, 0, 5, 4, 44, 0, 0, 0, 0, 5, 0, 2, 2, 1, 1, 2, : 2, 4, 1, 4, 3, 5, 2, 1, 2, 1, 5, 5, 4, 44, 5, 2, 2, 1, 1, 2, 
300: 5, 0, 0, 0, 0, 0, 0, 0, 1, 40, 0, 2, 4, 0, 1, 2, 0, 5, 2, 0, 0, 1, 0, 5, 1, 0, 0, 0, 4, 2, 1, 3, 0, 0, 4, 0, 1, 0, 5, 0, : 5, 1, 40, 2, 4, 1, 2, 5, 2, 1, 5, 1, 4, 2, 1, 3, 4, 1, 5, 
397: 2, 2, 0, 0, 3, 4, 2, 0, 0, 0, 4, 0, 3, 0, 0, 0, 2, 3, 5, 5, 0, 0, 2, 0, 0, 0, 4, 42, 0, 1, 0, 0, 0, 0, 0, 0, 0, 5, 0, 2, : 2, 2, 3, 4, 2, 4, 3, 2, 3, 5, 5, 2, 4, 42, 1, 5, 2, 
193: 5, 0, 0, 2, 0, 0, 0, 5, 1, 3, 0, 0, 44, 5, 0, 0, 0, 0, 1, 0, 5, 0, 1, 0, 0, 0, 0, 0, 1, 1, 0, 0, 0, 1, 0, 0, 0, 4, 2, 0, : 5, 2, 5, 1, 3, 44, 5, 1, 5, 1, 1, 1, 1, 4, 2, 
295: 0, 1, 0, 0, 1, 2, 1, 0, 5, 0, 0, 0, 0, 0, 2, 1, 4, 3, 42, 0, 0, 0, 4, 0, 0, 3, 0, 5, 5, 1, 0, 3, 2, 3, 0, 3, 4, 3, 2, 1, : 1, 1, 2, 1, 5, 2, 1, 4, 3, 42, 4, 3, 5, 5, 1, 3, 2, 3, 3, 4, 3, 2, 1, 
358: 2, 0, 2, 1, 0, 0, 3, 0, 0, 2, 3, 0, 0, 0, 5, 5, 2, 4, 4, 0, 0, 0, 0, 0, 0, 0, 0, 0, 0, 2, 0, 0, 0, 1, 0, 0, 1, 0, 1, 0, : 2, 2, 1, 3, 2, 3, 5, 5, 2, 4, 4, 2, 1, 1, 1, 
211: 0, 3, 0, 3, 1, 5, 0, 5, 3, 2, 0, 4, 2, 0, 44, 4, 0, 0, 0, 0, 0, 5, 0, 0, 0, 43, 0, 0, 4, 0, 0, 2, 0, 1, 0, 0, 4, 4, 5, 0, : 3, 3, 1, 5, 5, 3, 2, 4, 2, 44, 4, 5, 43, 4, 2, 1, 4, 4, 5, 
110: 1, 1, 0, 5, 4, 0, 0, 1, 0, 0, 0, 0, 0, 1, 5, 5, 2, 3, 0, 3, 2, 0, 3, 3, 5, 1, 0, 4, 4, 5, 0, 40, 0, 2, 0, 0, 0, 4, 5, 1, : 1, 1, 5, 4, 1, 1, 5, 5, 2, 3, 3, 2, 3, 3, 5, 1, 4, 4, 5, 40, 2, 4, 5, 1, 
129: 0, 41, 1, 0, 5, 0, 3, 0, 4, 4, 0, 0, 0, 0, 2, 0, 0, 4, 0, 0, 2, 5, 0, 0, 0, 0, 0, 1, 3, 5, 4, 0, 0, 3, 44, 0, 0, 5, 3, 0, : 41, 1, 5, 3, 4, 4, 2, 4, 2, 5, 1, 3, 5, 4, 3, 44, 5, 3, 
317: 2, 2, 0, 1, 2, 0, 2, 0, 3, 0, 5, 0, 0, 0, 0, 43, 0, 4, 0, 2, 5, 0, 1, 0, 1, 0, 0, 0, 2, 0, 0, 0, 0, 4, 0, 0, 3, 5, 5, 1, : 2, 2, 1, 2, 2, 3, 5, 43, 4, 2, 5, 1, 1, 2, 4, 3, 5, 5, 1, 
309: 0, 0, 0, 1, 0, 2, 2, 0, 2, 0, 2, 0, 3, 3, 0, 0, 2, 2, 0, 1, 2, 40, 41, 0, 0, 0, 42, 0, 5, 4, 3, 0, 0, 2, 0, 5, 4, 3, 1, 4, : 1, 2, 2, 2, 2, 3, 3, 2, 2, 1, 2, 40, 41, 42, 5, 4, 3, 2, 5, 4, 3, 1, 4, 
4: 0, 2, 0, 0, 5, 0, 0, 0, 0, 0, 4, 0, 0, 2, 5, 0, 0, 0, 0, 0, 2, 4, 0, 43, 0, 2, 0, 0, 0, 2, 0, 1, 1, 1, 0, 2, 3, 4, 1, 5, : 2, 5, 4, 2, 5, 2, 4, 43, 2, 2, 1, 1, 1, 2, 3, 4, 1, 5, 
363: 4, 1, 4, 4, 5, 0, 0, 0, 1, 4, 0, 5, 0, 44, 5, 5, 0, 5, 0, 0, 5, 0, 0, 3, 0, 0, 0, 5, 2, 4, 0, 2, 3, 4, 0, 0, 1, 4, 5, 44, : 4, 1, 4, 4, 5, 1, 4, 5, 44, 5, 5, 5, 5, 3, 5, 2, 4, 2, 3, 4, 1, 4, 5, 44, 
88: 0, 5, 0, 4, 2, 0, 0, 2, 40, 1, 0, 0, 2, 0, 0, 0, 2, 5, 0, 0, 0, 5, 4, 0, 0, 0, 3, 0, 0, 0, 4, 2, 40, 44, 3, 1, 1, 2, 5, 1, : 5, 4, 2, 2, 40, 1, 2, 2, 5, 5, 4, 3, 4, 2, 40, 44, 3, 1, 1, 2, 5, 1, 
89: 1, 0, 44, 5, 1, 0, 0, 2, 5, 1, 0, 0, 0, 1, 3, 0, 0, 4, 0, 3, 0, 0, 3, 0, 0, 0, 0, 0, 2, 41, 0, 0, 0, 3, 1, 4, 0, 41, 5, 0, : 1, 44, 5, 1, 2, 5, 1, 1, 3, 4, 3, 3, 2, 41, 3, 1, 4, 41, 5, 
208: 2, 0, 0, 5, 1, 43, 4, 0, 4, 0, 1, 0, 0, 0, 2, 0, 0, 1, 2, 0, 44, 0, 0, 0, 1, 1, 1, 0, 2, 2, 1, 0, 0, 5, 0, 2, 5, 0, 3, 0, : 2, 5, 1, 43, 4, 4, 1, 2, 1, 2, 44, 1, 1, 1, 2, 2, 1, 5, 2, 5, 3, 
382: 5, 3, 1, 0, 3, 0, 0, 3, 4, 0, 0, 0, 0, 0, 0, 0, 2, 0, 0, 0, 3, 0, 44, 40, 0, 2, 2, 1, 0, 0, 42, 0, 5, 1, 0, 43, 5, 3, 5, 0, : 5, 3, 1, 3, 3, 4, 2, 3, 44, 40, 2, 2, 1, 42, 5, 1, 43, 5, 3, 5, 
106: 0, 44, 0, 0, 2, 2, 0, 0, 2, 2, 0, 5, 2, 4, 3, 1, 0, 3, 0, 0, 4, 4, 0, 0, 0, 2, 0, 0, 0, 3, 0, 0, 0, 3, 3, 3, 3, 0, 1, 0, : 44, 2, 2, 2, 2, 5, 2, 4, 3, 1, 3, 4, 4, 2, 3, 3, 3, 3, 3, 1, 
147: 0, 0, 1, 5, 3, 5, 0, 0, 0, 42, 0, 0, 0, 0, 4, 0, 1, 0, 5, 2, 2, 0, 0, 0, 0, 2, 0, 0, 4, 0, 0, 3, 5, 3, 0, 3, 1, 2, 4, 1, : 1, 5, 3, 5, 42, 4, 1, 5, 2, 2, 2, 4, 3, 5, 3, 3, 1, 2, 4, 1, 
288: 2, 4, 0, 0, 4, 0, 5, 0, 0, 4, 4, 1, 1, 44, 1, 0, 0, 4, 5, 2, 5, 0, 0, 0, 0, 0, 0, 0, 5, 3, 0, 0, 4, 0, 1, 4, 43, 1, 3, 0, : 2, 4, 4, 5, 4, 4, 1, 1, 44, 1, 4, 5, 2, 5, 5, 3, 4, 1, 4, 43, 1, 3, 
55: 3, 0, 3, 0, 5, 0, 0, 4, 3, 0, 2, 0, 1, 4, 2, 1, 0, 0, 0, 2, 2, 2, 1, 0, 3, 2, 0, 0, 0, 1, 4, 43, 5, 3, 4, 5, 2, 5, 2, 1, : 3, 3, 5, 4, 3, 2, 1, 4, 2, 1, 2, 2, 2, 1, 3, 2, 1, 4, 43, 5, 3, 4, 5, 2, 5, 2, 1, 
3: 5, 0, 0, 0, 1, 2, 0, 0, 0, 0, 43, 3, 0, 0, 0, 0, 42, 0, 0, 0, 4, 0, 0, 0, 0, 1, 2, 0, 0, 4, 0, 0, 44, 0, 0, 5, 0, 5, 5, 5, : 5, 1, 2, 43, 3, 42, 4, 1, 2, 4, 44, 5, 5, 5, 5, 
229: 2, 0, 0, 4, 4, 2, 0, 0, 2, 2, 0, 4, 5, 0, 3, 0, 0, 0, 42, 0, 5, 0, 0, 0, 0, 0, 0, 0, 0, 1, 4, 0, 0, 0, 0, 4, 4, 3, 3, 3, : 2, 4, 4, 2, 2, 2, 4, 5, 3, 42, 5, 1, 4, 4, 4, 3, 3, 3, 
52: 3, 0, 0, 2, 1, 0, 0, 44, 2, 1, 0, 2, 1, 1, 5, 0, 2, 2, 0, 1, 1, 0, 5, 3, 0, 0, 0, 0, 5, 2, 1, 2, 0, 0, 4, 4, 0, 4, 0, 3, : 3, 2, 1, 44, 2, 1, 2, 1, 1, 5, 2, 2, 1, 1, 5, 3, 5, 2, 1, 2, 4, 4, 4, 3, 
112: 2, 3, 0, 4, 5, 5, 0, 3, 3, 0, 0, 0, 3, 0, 2, 0, 0, 5, 0, 3, 1, 41, 2, 5, 2, 3, 43, 0, 3, 3, 0, 2, 0, 4, 5, 3, 4, 0, 4, 0, : 2, 3, 4, 5, 5, 3, 3, 3, 2, 5, 3, 1, 41, 2, 5, 2, 3, 43, 3, 3, 2, 4, 5, 3, 4, 4, 
144: 5, 2, 1, 0, 0, 3, 1, 4, 0, 0, 0, 1, 0, 1, 1, 0, 0, 1, 3, 0, 2, 3, 5, 3, 0, 1, 3, 3, 0, 0, 0, 0, 0, 3, 0, 5, 2, 0, 4, 0, : 5, 2, 1, 3, 1, 4, 1, 1, 1, 1, 3, 2, 3, 5, 3, 1, 3, 3, 3, 5, 2, 4, 
146: 1, 0, 0, 1, 0, 0, 0, 0, 4, 0, 0, 42, 41, 0, 4, 0, 1, 42, 0, 0, 0, 0, 0, 0, 0, 5, 1, 0, 0, 4, 0, 0, 0, 0, 0, 3, 3, 0, 5, 0, : 1, 1, 4, 42, 41, 4, 1, 42, 5, 1, 4, 3, 3, 5, 
352: 4, 0, 3, 5, 0, 0, 1, 0, 3, 2, 43, 0, 0, 0, 4, 44, 2, 2, 0, 0, 2, 5, 0, 0, 40, 3, 1, 0, 4, 0, 4, 0, 0, 0, 0, 0, 1, 0, 4, 2, : 4, 3, 5, 1, 3, 2, 43, 4, 44, 2, 2, 2, 5, 40, 3, 1, 4, 4, 1, 4, 2, 
5: 3, 0, 5, 0, 5, 2, 0, 0, 4, 0, 0, 0, 0, 0, 4, 3, 0, 0, 5, 3, 0, 0, 0, 0, 0, 0, 0, 1, 0, 0, 0, 0, 0, 0, 0, 0, 1, 0, 1, 44, : 3, 5, 5, 2, 4, 4, 3, 5, 3, 1, 1, 1, 44, 
220: 2, 0, 2, 0, 2, 0, 40, 4, 5, 0, 0, 40, 0, 1, 2, 0, 0, 1, 1, 0, 4, 0, 0, 5, 0, 3, 2, 0, 4, 0, 0, 0, 3, 0, 0, 0, 1, 3, 1, 0, : 2, 2, 2, 40, 4, 5, 40, 1, 2, 1, 1, 4, 5, 3, 2, 4, 3, 1, 3, 1, 
364: 0, 1, 2, 3, 0, 0, 0, 0, 0, 0, 0, 0, 0, 0, 2, 1, 0, 5, 0, 4, 0, 2, 0, 0, 5, 44, 5, 0, 2, 4, 0, 4, 0, 2, 4, 0, 2, 0, 4, 0, : 1, 2, 3, 2, 1, 5, 4, 2, 5, 44, 5, 2, 4, 4, 2, 4, 2, 4, 
10: 0, 0, 0, 5, 40, 1, 4, 0, 5, 4, 0, 3, 1, 0, 0, 2, 1, 1, 1, 0, 0, 0, 0, 0, 4, 0, 5, 0, 0, 1, 0, 1, 1, 5, 0, 0, 1, 1, 1, 0, : 5, 40, 1, 4, 5, 4, 3, 1, 2, 1, 1, 1, 4, 5, 1, 1, 1, 5, 1, 1, 1, 
134: 5, 3, 42, 4, 0, 0, 1, 0, 2, 0, 2, 0, 0, 0, 0, 2, 4, 0, 0, 43, 2, 0, 0, 0, 0, 0, 0, 5, 2, 2, 44, 0, 0, 0, 0, 0, 2, 3, 5, 0, : 5, 3, 42, 4, 1, 2, 2, 2, 4, 43, 2, 5, 2, 2, 44, 2, 3, 5, 
65: 0, 1, 5, 0, 2, 41, 0, 40, 0, 0, 2, 0, 1, 0, 0, 0, 40, 4, 0, 0, 2, 3, 0, 1, 5, 0, 0, 42, 1, 1, 4, 0, 0, 4, 0, 4, 3, 0, 3, 0, : 1, 5, 2, 41, 40, 2, 1, 40, 4, 2, 3, 1, 5, 42, 1, 1, 4, 4, 4, 3, 3, 


172: 4, 0, 4, 2, 0, 0, 0, 0, 42, 5, 0, 4, 0, 0, 4, 5, 0, 0, 4, 1, 0, 0, 1, 1, 0, 1, 0, 1, 1, 2, 0, 2, 0, 0, 1, 0, 0, 0, 0, 2, : 4, 4, 2, 42, 5, 4, 4, 5, 4, 1, 1, 1, 1, 1, 1, 2, 2, 1, 2, 
341: 2, 0, 5, 4, 0, 0, 0, 0, 0, 4, 3, 5, 0, 0, 0, 2, 0, 43, 0, 41, 0, 3, 2, 2, 40, 0, 0, 5, 3, 0, 0, 0, 0, 0, 0, 0, 1, 0, 0, 2, : 2, 5, 4, 4, 3, 5, 2, 43, 41, 3, 2, 2, 40, 5, 3, 1, 2, 
104: 0, 2, 5, 0, 0, 0, 0, 1, 0, 41, 2, 0, 0, 0, 0, 1, 3, 2, 1, 0, 0, 4, 0, 5, 4, 5, 2, 3, 4, 3, 0, 3, 0, 0, 1, 0, 0, 0, 0, 0, : 2, 5, 1, 41, 2, 1, 3, 2, 1, 4, 5, 4, 5, 2, 3, 4, 3, 3, 1, 
260: 5, 0, 0, 2, 0, 0, 0, 2, 2, 1, 0, 4, 0, 0, 3, 1, 3, 4, 2, 0, 2, 3, 0, 3, 0, 0, 4, 3, 5, 4, 0, 0, 0, 0, 4, 1, 1, 1, 0, 0, : 5, 2, 2, 2, 1, 4, 3, 1, 3, 4, 2, 2, 3, 3, 4, 3, 5, 4, 4, 1, 1, 1, 
41: 2, 3, 5, 1, 5, 1, 1, 0, 4, 1, 0, 1, 0, 0, 0, 3, 0, 0, 0, 0, 0, 2, 0, 0, 0, 3, 0, 0, 2, 1, 0, 0, 0, 0, 3, 3, 5, 0, 4, 0, : 2, 3, 5, 1, 5, 1, 1, 4, 1, 1, 3, 2, 3, 2, 1, 3, 3, 5, 4, 
336: 3, 1, 5, 2, 0, 0, 0, 4, 0, 3, 5, 0, 0, 0, 3, 5, 0, 1, 2, 0, 0, 3, 4, 1, 0, 1, 0, 4, 2, 5, 5, 0, 0, 5, 44, 4, 0, 0, 4, 0, : 3, 1, 5, 2, 4, 3, 5, 3, 5, 1, 2, 3, 4, 1, 1, 4, 2, 5, 5, 5, 44, 4, 4, 
187: 4, 0, 2, 0, 0, 4, 0, 42, 0, 0, 0, 3, 3, 4, 0, 5, 2, 0, 2, 0, 2, 1, 5, 3, 0, 0, 4, 0, 5, 0, 5, 0, 0, 3, 2, 0, 2, 2, 0, 0, : 4, 2, 4, 42, 3, 3, 4, 5, 2, 2, 2, 1, 5, 3, 4, 5, 5, 3, 2, 2, 2, 
8: 2, 0, 1, 0, 0, 0, 0, 0, 1, 1, 5, 0, 0, 0, 1, 3, 1, 3, 41, 0, 1, 1, 44, 3, 0, 4, 1, 1, 4, 2, 2, 0, 0, 0, 0, 0, 3, 0, 2, 5, : 2, 1, 1, 1, 5, 1, 3, 1, 3, 41, 1, 1, 44, 3, 4, 1, 1, 4, 2, 2, 3, 2, 5, 
202: 0, 40, 3, 0, 0, 0, 0, 0, 0, 0, 0, 2, 0, 0, 2, 4, 0, 0, 3, 1, 0, 2, 3, 1, 0, 2, 1, 0, 4, 4, 0, 0, 0, 0, 0, 4, 0, 0, 2, 2, : 40, 3, 2, 2, 4, 3, 1, 2, 3, 1, 2, 1, 4, 4, 4, 2, 2, 
343: 0, 2, 1, 5, 2, 0, 1, 2, 0, 5, 0, 4, 0, 4, 42, 4, 0, 0, 3, 0, 0, 3, 0, 1, 4, 2, 0, 0, 3, 2, 0, 0, 3, 0, 0, 0, 3, 0, 0, 0, : 2, 1, 5, 2, 1, 2, 5, 4, 4, 42, 4, 3, 3, 1, 4, 2, 3, 2, 3, 3, 
77: 4, 0, 5, 0, 5, 0, 0, 0, 4, 0, 0, 4, 1, 0, 4, 5, 0, 1, 3, 4, 1, 2, 1, 0, 44, 0, 0, 2, 0, 42, 0, 1, 0, 4, 0, 0, 2, 0, 0, 44, : 4, 5, 5, 4, 4, 1, 4, 5, 1, 3, 4, 1, 2, 1, 44, 2, 42, 1, 4, 2, 44, 
257: 0, 0, 4, 1, 40, 0, 2, 0, 42, 1, 0, 0, 0, 0, 3, 0, 0, 0, 4, 0, 0, 0, 0, 2, 0, 4, 0, 1, 4, 0, 0, 0, 0, 0, 1, 2, 1, 5, 5, 0, : 4, 1, 40, 2, 42, 1, 3, 4, 2, 4, 1, 4, 1, 2, 1, 5, 5, 
210: 4, 3, 1, 3, 0, 2, 1, 3, 2, 5, 3, 0, 0, 0, 0, 5, 0, 0, 1, 1, 0, 4, 4, 1, 1, 0, 0, 2, 5, 2, 3, 4, 4, 0, 2, 0, 1, 3, 0, 0, : 4, 3, 1, 3, 2, 1, 3, 2, 5, 3, 5, 1, 1, 4, 4, 1, 1, 2, 5, 2, 3, 4, 4, 2, 1, 3, 
308: 5, 0, 5, 2, 0, 0, 4, 2, 0, 0, 3, 2, 0, 0, 0, 4, 0, 0, 1, 0, 0, 5, 3, 3, 0, 0, 0, 1, 4, 2, 0, 0, 0, 3, 4, 0, 2, 0, 0, 0, : 5, 5, 2, 4, 2, 3, 2, 4, 1, 5, 3, 3, 1, 4, 2, 3, 4, 2, 
287: 0, 0, 0, 4, 3, 4, 0, 0, 0, 1, 0, 0, 3, 0, 2, 2, 0, 3, 3, 0, 0, 0, 0, 0, 0, 5, 41, 0, 3, 0, 0, 1, 0, 0, 5, 3, 0, 0, 1, 0, : 4, 3, 4, 1, 3, 2, 2, 3, 3, 5, 41, 3, 1, 5, 3, 1, 
184: 0, 0, 0, 0, 2, 0, 2, 0, 0, 0, 2, 3, 4, 3, 5, 3, 1, 0, 5, 1, 3, 2, 3, 0, 0, 1, 0, 0, 41, 3, 0, 2, 4, 0, 1, 0, 0, 0, 1, 5, : 2, 2, 2, 3, 4, 3, 5, 3, 1, 5, 1, 3, 2, 3, 1, 41, 3, 2, 4, 1, 1, 5, 
340: 2, 0, 0, 0, 5, 4, 0, 0, 3, 3, 0, 44, 0, 4, 0, 5, 2, 3, 0, 0, 2, 2, 2, 0, 3, 4, 1, 0, 1, 0, 4, 0, 5, 3, 4, 2, 3, 0, 0, 5, : 2, 5, 4, 3, 3, 44, 4, 5, 2, 3, 2, 2, 2, 3, 4, 1, 1, 4, 5, 3, 4, 2, 3, 5, 
179: 4, 2, 1, 0, 0, 0, 41, 3, 0, 1, 40, 1, 0, 2, 0, 5, 42, 0, 0, 2, 0, 3, 2, 3, 0, 2, 0, 2, 1, 2, 0, 0, 0, 42, 2, 42, 4, 0, 0, 2, : 4, 2, 1, 41, 3, 1, 40, 1, 2, 5, 42, 2, 3, 2, 3, 2, 2, 1, 2, 42, 2, 42, 4, 2, 
280: 4, 4, 0, 4, 0, 0, 5, 3, 0, 2, 0, 5, 0, 0, 0, 5, 2, 0, 4, 5, 0, 0, 0, 2, 3, 2, 0, 3, 0, 0, 0, 3, 0, 0, 1, 0, 1, 0, 0, 0, : 4, 4, 4, 5, 3, 2, 5, 5, 2, 4, 5, 2, 3, 2, 3, 3, 1, 1, 
131: 3, 0, 0, 40, 2, 0, 4, 2, 0, 4, 0, 5, 0, 42, 0, 5, 0, 0, 0, 1, 2, 3, 0, 1, 2, 2, 0, 5, 5, 1, 1, 2, 0, 2, 1, 0, 0, 0, 0, 0, : 3, 40, 2, 4, 2, 4, 5, 42, 5, 1, 2, 3, 1, 2, 2, 5, 5, 1, 1, 2, 2, 1, 
325: 4, 1, 2, 0, 0, 5, 0, 0, 4, 0, 0, 0, 0, 0, 0, 1, 0, 0, 1, 0, 1, 1, 3, 3, 0, 5, 0, 5, 0, 1, 41, 2, 2, 4, 0, 4, 4, 5, 0, 3, : 4, 1, 2, 5, 4, 1, 1, 1, 1, 3, 3, 5, 5, 1, 41, 2, 2, 4, 4, 4, 5, 3, 
267: 1, 0, 0, 0, 0, 0, 0, 1, 0, 0, 1, 2, 0, 0, 0, 2, 0, 0, 1, 0, 0, 1, 5, 2, 0, 4, 2, 5, 0, 0, 1, 42, 0, 43, 3, 0, 3, 3, 42, 0, : 1, 1, 1, 2, 2, 1, 1, 5, 2, 4, 2, 5, 1, 42, 43, 3, 3, 3, 42, 
169: 4, 1, 43, 0, 0, 4, 1, 0, 0, 1, 0, 4, 0, 0, 0, 1, 5, 0, 2, 5, 0, 5, 1, 5, 0, 4, 0, 42, 2, 0, 1, 42, 42, 0, 4, 0, 41, 5, 0, 1, : 4, 1, 43, 4, 1, 1, 4, 1, 5, 2, 5, 5, 1, 5, 4, 42, 2, 1, 42, 42, 4, 41, 5, 1, 
388: 0, 0, 2, 40, 4, 2, 0, 0, 0, 2, 0, 4, 0, 0, 0, 2, 0, 3, 1, 0, 0, 1, 3, 0, 2, 4, 4, 5, 3, 5, 0, 0, 4, 2, 0, 2, 2, 0, 0, 42, : 2, 40, 4, 2, 2, 4, 2, 3, 1, 1, 3, 2, 4, 4, 5, 3, 5, 4, 2, 2, 2, 42, 
377: 4, 1, 0, 0, 0, 0, 0, 0, 0, 2, 0, 4, 5, 0, 0, 1, 43, 3, 3, 0, 5, 1, 1, 42, 2, 0, 5, 0, 3, 4, 5, 4, 0, 0, 3, 0, 5, 5, 1, 0, : 4, 1, 2, 4, 5, 1, 43, 3, 3, 5, 1, 1, 42, 2, 5, 3, 4, 5, 4, 3, 5, 5, 1, 
160: 0, 0, 0, 4, 3, 0, 5, 0, 3, 5, 0, 2, 0, 2, 0, 3, 1, 1, 1, 1, 0, 3, 4, 5, 0, 1, 0, 4, 0, 3, 0, 2, 1, 0, 2, 2, 3, 0, 2, 0, : 4, 3, 5, 3, 5, 2, 2, 3, 1, 1, 1, 1, 3, 4, 5, 1, 4, 3, 2, 1, 2, 2, 3, 2, 
389: 3, 0, 0, 0, 3, 0, 0, 0, 0, 3, 0, 0, 0, 0, 3, 5, 1, 0, 1, 42, 0, 2, 5, 0, 1, 2, 0, 0, 1, 0, 1, 0, 42, 1, 2, 0, 3, 4, 43, 0, : 3, 3, 3, 3, 5, 1, 1, 42, 2, 5, 1, 2, 1, 1, 42, 1, 2, 3, 4, 43, 
216: 1, 0, 4, 0, 0, 40, 1, 0, 0, 0, 0, 0, 0, 3, 3, 2, 0, 0, 1, 0, 43, 4, 0, 0, 0, 1, 2, 3, 0, 2, 0, 0, 0, 1, 0, 0, 3, 0, 0, 0, : 1, 4, 40, 1, 3, 3, 2, 1, 43, 4, 1, 2, 3, 2, 1, 3, 
186: 1, 5, 2, 2, 0, 42, 0, 5, 0, 0, 2, 0, 5, 0, 41, 0, 0, 0, 2, 0, 0, 2, 2, 5, 0, 1, 0, 4, 0, 2, 0, 0, 0, 0, 2, 42, 0, 0, 0, 5, : 1, 5, 2, 2, 42, 5, 2, 5, 41, 2, 2, 2, 5, 1, 4, 2, 2, 42, 5, 
44: 2, 2, 4, 0, 0, 3, 0, 2, 0, 2, 0, 3, 0, 5, 0, 1, 0, 42, 4, 0, 3, 0, 0, 4, 4, 0, 0, 0, 1, 3, 0, 0, 5, 0, 3, 5, 1, 0, 0, 0, : 2, 2, 4, 3, 2, 2, 3, 5, 1, 42, 4, 3, 4, 4, 1, 3, 5, 3, 5, 1, 
195: 0, 5, 0, 3, 0, 5, 1, 1, 5, 2, 43, 4, 4, 4, 0, 1, 0, 3, 5, 0, 2, 44, 0, 5, 2, 3, 3, 0, 2, 3, 0, 0, 0, 0, 5, 0, 1, 5, 0, 0, : 5, 3, 5, 1, 1, 5, 2, 43, 4, 4, 4, 1, 3, 5, 2, 44, 5, 2, 3, 3, 2, 3, 5, 1, 5, 
253: 2, 0, 3, 0, 2, 4, 40, 41, 0, 4, 0, 1, 1, 0, 0, 4, 1, 0, 2, 0, 0, 2, 5, 3, 0, 3, 0, 4, 4, 4, 1, 2, 0, 0, 0, 0, 0, 0, 0, 0, : 2, 3, 2, 4, 40, 41, 4, 1, 1, 4, 1, 2, 2, 5, 3, 3, 4, 4, 4, 1, 2, 
34: 0, 44, 0, 0, 0, 0, 0, 0, 5, 0, 0, 0, 5, 0, 0, 0, 0, 1, 3, 4, 0, 0, 0, 4, 0, 0, 3, 1, 1, 0, 3, 0, 4, 0, 5, 0, 0, 0, 5, 0, : 44, 5, 5, 1, 3, 4, 4, 3, 1, 1, 3, 4, 5, 5, 
312: 0, 0, 0, 0, 0, 0, 2, 0, 1, 0, 5, 0, 0, 0, 0, 4, 3, 0, 4, 4, 0, 0, 0, 1, 0, 5, 1, 5, 1, 5, 0, 3, 0, 4, 0, 0, 5, 0, 0, 0, : 2, 1, 5, 4, 3, 4, 4, 1, 5, 1, 5, 1, 5, 3, 4, 5, 
183: 3, 4, 2, 0, 0, 0, 0, 2, 0, 4, 0, 0, 3, 0, 0, 4, 0, 1, 0, 1, 44, 2, 2, 3, 3, 1, 0, 3, 0, 2, 0, 0, 0, 0, 5, 3, 5, 0, 3, 2, : 3, 4, 2, 2, 4, 3, 4, 1, 1, 44, 2, 2, 3, 3, 1, 3, 2, 5, 3, 5, 3, 2, 
74: 2, 0, 1, 1, 1, 0, 5, 0, 0, 5, 0, 0, 43, 44, 0, 5, 5, 0, 1, 0, 0, 1, 4, 5, 0, 2, 0, 3, 0, 3, 0, 0, 0, 3, 0, 0, 3, 40, 0, 0, : 2, 1, 1, 1, 5, 5, 43, 44, 5, 5, 1, 1, 4, 5, 2, 3, 3, 3, 3, 40, 
50: 3, 0, 0, 0, 0, 0, 3, 0, 2, 1, 0, 3, 0, 3, 1, 2, 4, 4, 0, 1, 5, 0, 1, 0, 1, 0, 0, 0, 0, 4, 42, 4, 0, 0, 4, 1, 2, 0, 0, 0, : 3, 3, 2, 1, 3, 3, 1, 2, 4, 4, 1, 5, 1, 1, 4, 42, 4, 4, 1, 2, 
132: 41, 0, 4, 0, 3, 0, 0, 1, 0, 5, 5, 1, 0, 0, 0, 1, 0, 1, 5, 0, 1, 5, 0, 0, 4, 0, 5, 3, 0, 2, 1, 1, 0, 0, 2, 0, 5, 0, 1, 0, : 41, 4, 3, 1, 5, 5, 1, 1, 1, 5, 1, 5, 4, 5, 3, 2, 1, 1, 2, 5, 1, 
259: 0, 0, 1, 0, 40, 0, 0, 0, 0, 3, 0, 4, 43, 0, 3, 5, 0, 1, 0, 5, 3, 2, 5, 0, 0, 42, 1, 0, 2, 0, 0, 0, 0, 0, 4, 0, 4, 0, 4, 0, : 1, 40, 3, 4, 43, 3, 5, 1, 5, 3, 2, 5, 42, 1, 2, 4, 4, 4, 
157: 1, 0, 5, 0, 0, 0, 1, 3, 0, 3, 1, 1, 0, 0, 0, 4, 1, 0, 4, 0, 0, 1, 5, 1, 0, 4, 40, 0, 3, 2, 4, 0, 4, 0, 0, 0, 1, 42, 0, 0, : 1, 5, 1, 3, 3, 1, 1, 4, 1, 4, 1, 5, 1, 4, 40, 3, 2, 4, 4, 1, 42, 


150: 0, 0, 4, 0, 1, 1, 0, 0, 5, 5, 0, 1, 0, 0, 0, 0, 5, 5, 4, 0, 0, 4, 0, 3, 1, 1, 3, 0, 0, 0, 1, 0, 0, 0, 1, 1, 0, 0, 0, 0, : 4, 1, 1, 5, 5, 1, 5, 5, 4, 4, 3, 1, 1, 3, 1, 1, 1, 
200: 1, 0, 5, 5, 0, 1, 0, 0, 0, 1, 2, 1, 1, 0, 0, 4, 0, 0, 5, 0, 0, 0, 4, 4, 3, 3, 0, 5, 0, 0, 1, 0, 5, 0, 5, 0, 5, 1, 1, 0, : 1, 5, 5, 1, 1, 2, 1, 1, 4, 5, 4, 4, 3, 3, 5, 1, 5, 5, 5, 1, 1, 
392: 40, 5, 2, 0, 0, 4, 4, 0, 0, 4, 0, 0, 3, 1, 0, 2, 0, 0, 0, 0, 0, 0, 0, 4, 0, 0, 0, 0, 3, 4, 0, 0, 2, 1, 3, 0, 0, 0, 0, 4, : 40, 5, 2, 4, 4, 4, 3, 1, 2, 4, 3, 4, 2, 1, 3, 4, 
400: 0, 0, 1, 0, 5, 4, 1, 2, 0, 5, 0, 1, 0, 0, 2, 0, 5, 0, 5, 0, 0, 0, 5, 5, 1, 1, 0, 0, 0, 2, 1, 1, 2, 4, 0, 0, 3, 2, 2, 0, : 1, 5, 4, 1, 2, 5, 1, 2, 5, 5, 5, 5, 1, 1, 2, 1, 1, 2, 4, 3, 2, 2, 
206: 0, 0, 4, 4, 0, 3, 0, 0, 0, 4, 0, 0, 3, 5, 0, 0, 5, 0, 3, 0, 0, 0, 0, 1, 4, 0, 0, 40, 0, 0, 5, 0, 5, 2, 0, 4, 0, 0, 0, 0, : 4, 4, 3, 4, 3, 5, 5, 3, 1, 4, 40, 5, 5, 2, 4, 
292: 2, 0, 5, 0, 43, 4, 0, 0, 3, 3, 0, 5, 0, 2, 2, 1, 4, 0, 5, 2, 0, 0, 0, 2, 0, 2, 0, 0, 4, 0, 4, 0, 2, 2, 4, 0, 5, 0, 5, 0, : 2, 5, 43, 4, 3, 3, 5, 2, 2, 1, 4, 5, 2, 2, 2, 4, 4, 2, 2, 4, 5, 5, 
32: 0, 0, 4, 0, 3, 1, 4, 0, 1, 2, 0, 41, 2, 3, 0, 0, 4, 1, 0, 1, 3, 0, 0, 0, 2, 4, 2, 0, 3, 0, 0, 5, 0, 40, 4, 0, 0, 0, 44, 44, : 4, 3, 1, 4, 1, 2, 41, 2, 3, 4, 1, 1, 3, 2, 4, 2, 3, 5, 40, 4, 44, 44, 
11: 4, 0, 0, 0, 0, 0, 0, 0, 0, 5, 0, 0, 0, 1, 2, 0, 5, 0, 0, 43, 2, 0, 0, 4, 4, 2, 0, 0, 1, 0, 2, 0, 0, 1, 0, 0, 41, 0, 0, 0, : 4, 5, 1, 2, 5, 43, 2, 4, 4, 2, 1, 2, 1, 41, 
156: 4, 3, 2, 0, 0, 3, 0, 0, 3, 1, 0, 0, 0, 4, 1, 4, 44, 0, 2, 1, 0, 0, 1, 1, 1, 3, 0, 0, 0, 0, 5, 0, 0, 4, 0, 0, 0, 0, 2, 0, : 4, 3, 2, 3, 3, 1, 4, 1, 4, 44, 2, 1, 1, 1, 1, 3, 5, 4, 2, 
277: 4, 0, 5, 0, 0, 1, 0, 0, 3, 0, 1, 0, 0, 0, 0, 0, 0, 3, 2, 0, 0, 1, 0, 0, 1, 3, 0, 0, 0, 3, 5, 3, 5, 0, 0, 0, 2, 5, 3, 0, : 4, 5, 1, 3, 1, 3, 2, 1, 1, 3, 3, 5, 3, 5, 2, 5, 3, 
64: 0, 0, 0, 1, 0, 3, 1, 0, 0, 0, 0, 1, 0, 0, 0, 0, 4, 4, 0, 5, 2, 43, 3, 4, 5, 1, 41, 5, 0, 0, 0, 0, 3, 0, 0, 3, 0, 2, 4, 0, : 1, 3, 1, 1, 4, 4, 5, 2, 43, 3, 4, 5, 1, 41, 5, 3, 3, 2, 4, 
14: 1, 2, 0, 4, 1, 2, 0, 3, 0, 3, 0, 41, 0, 0, 0, 0, 4, 3, 2, 0, 40, 0, 0, 1, 3, 1, 0, 1, 0, 0, 5, 0, 41, 5, 0, 41, 0, 0, 3, 1, : 1, 2, 4, 1, 2, 3, 3, 41, 4, 3, 2, 40, 1, 3, 1, 1, 5, 41, 5, 41, 3, 1, 
49: 3, 0, 1, 1, 0, 1, 0, 0, 0, 2, 0, 0, 2, 0, 0, 1, 0, 4, 1, 0, 5, 0, 44, 1, 3, 0, 0, 5, 41, 0, 4, 5, 0, 0, 1, 0, 2, 0, 2, 40, : 3, 1, 1, 1, 2, 2, 1, 4, 1, 5, 44, 1, 3, 5, 41, 4, 5, 1, 2, 2, 40, 
84: 3, 0, 3, 2, 3, 5, 0, 0, 0, 2, 0, 5, 2, 4, 0, 0, 5, 0, 4, 3, 0, 0, 0, 0, 1, 0, 0, 0, 2, 0, 0, 0, 3, 0, 0, 0, 0, 0, 0, 0, : 3, 3, 2, 3, 5, 2, 5, 2, 4, 5, 4, 3, 1, 2, 3, 
244: 3, 4, 2, 0, 0, 2, 0, 2, 0, 0, 1, 0, 0, 1, 42, 43, 0, 0, 0, 0, 0, 3, 0, 2, 5, 4, 0, 0, 3, 0, 2, 2, 5, 0, 0, 0, 5, 44, 5, 0, : 3, 4, 2, 2, 2, 1, 1, 42, 43, 3, 2, 5, 4, 3, 2, 2, 5, 5, 44, 5, 
148: 4, 0, 2, 0, 0, 4, 0, 0, 3, 4, 0, 0, 0, 0, 2, 0, 0, 3, 4, 0, 0, 0, 0, 40, 3, 1, 0, 2, 5, 4, 0, 0, 4, 0, 0, 0, 2, 0, 5, 1, : 4, 2, 4, 3, 4, 2, 3, 4, 40, 3, 1, 2, 5, 4, 4, 2, 5, 1, 
302: 0, 0, 0, 0, 5, 5, 0, 0, 0, 5, 4, 0, 0, 5, 0, 0, 5, 0, 0, 0, 0, 0, 0, 5, 1, 5, 0, 0, 0, 0, 0, 0, 0, 5, 0, 0, 2, 0, 3, 0, : 5, 5, 5, 4, 5, 5, 5, 1, 5, 5, 2, 3, 
113: 4, 0, 3, 5, 0, 0, 0, 0, 0, 2, 0, 0, 0, 0, 0, 2, 2, 0, 3, 0, 1, 1, 0, 4, 4, 0, 3, 0, 0, 0, 2, 2, 0, 0, 1, 0, 1, 0, 5, 5, : 4, 3, 5, 2, 2, 2, 3, 1, 1, 4, 4, 3, 2, 2, 1, 1, 5, 5, 
86: 1, 3, 0, 0, 0, 5, 0, 4, 5, 2, 0, 0, 0, 0, 0, 0, 0, 3, 3, 3, 4, 0, 0, 3, 42, 2, 0, 0, 2, 0, 5, 0, 0, 1, 0, 40, 0, 0, 3, 0, : 1, 3, 5, 4, 5, 2, 3, 3, 3, 4, 3, 42, 2, 2, 5, 1, 40, 3, 
371: 4, 0, 1, 40, 0, 0, 5, 0, 41, 2, 0, 0, 0, 2, 0, 0, 0, 0, 2, 0, 1, 0, 5, 3, 3, 0, 3, 1, 0, 1, 3, 3, 0, 3, 0, 0, 5, 0, 0, 0, : 4, 1, 40, 5, 41, 2, 2, 2, 1, 5, 3, 3, 3, 1, 1, 3, 3, 3, 5, 
25: 0, 3, 0, 2, 0, 1, 0, 1, 0, 2, 0, 4, 0, 3, 5, 0, 4, 0, 0, 1, 3, 0, 0, 4, 0, 4, 0, 5, 0, 0, 1, 0, 3, 5, 0, 0, 0, 0, 1, 5, : 3, 2, 1, 1, 2, 4, 3, 5, 4, 1, 3, 4, 4, 5, 1, 3, 5, 1, 5, 
275: 0, 41, 3, 5, 0, 4, 3, 0, 5, 2, 1, 0, 41, 4, 0, 0, 0, 2, 1, 5, 0, 41, 2, 1, 2, 3, 2, 5, 2, 3, 1, 0, 0, 2, 0, 4, 4, 0, 5, 0, : 41, 3, 5, 4, 3, 5, 2, 1, 41, 4, 2, 1, 5, 41, 2, 1, 2, 3, 2, 5, 2, 3, 1, 2, 4, 4, 5, 
307: 2, 43, 1, 0, 0, 43, 3, 2, 0, 3, 5, 4, 0, 2, 2, 42, 0, 0, 1, 0, 0, 0, 4, 0, 2, 5, 0, 0, 0, 0, 5, 0, 3, 0, 43, 0, 1, 0, 4, 0, : 2, 43, 1, 43, 3, 2, 3, 5, 4, 2, 2, 42, 1, 4, 2, 5, 5, 3, 43, 1, 4, 
366: 1, 5, 2, 0, 0, 2, 41, 4, 2, 5, 44, 3, 5, 4, 0, 0, 0, 0, 3, 5, 1, 0, 0, 0, 0, 0, 3, 0, 2, 0, 4, 0, 1, 5, 5, 3, 1, 0, 4, 0, : 1, 5, 2, 2, 41, 4, 2, 5, 44, 3, 5, 4, 3, 5, 1, 3, 2, 4, 1, 5, 5, 3, 1, 4, 
393: 3, 1, 2, 1, 40, 0, 3, 0, 2, 0, 1, 1, 1, 2, 0, 0, 4, 1, 2, 40, 3, 0, 0, 2, 5, 5, 0, 0, 4, 0, 0, 0, 3, 1, 1, 5, 0, 0, 0, 0, : 3, 1, 2, 1, 40, 3, 2, 1, 1, 1, 2, 4, 1, 2, 40, 3, 2, 5, 5, 4, 3, 1, 1, 5, 
174: 5, 0, 42, 0, 0, 2, 3, 0, 1, 0, 0, 0, 2, 3, 0, 0, 4, 0, 0, 1, 0, 4, 0, 0, 5, 2, 0, 0, 0, 0, 4, 0, 1, 5, 0, 4, 2, 2, 0, 0, : 5, 42, 2, 3, 1, 2, 3, 4, 1, 4, 5, 2, 4, 1, 5, 4, 2, 2, 
207: 0, 0, 3, 0, 2, 2, 0, 44, 0, 0, 0, 0, 1, 4, 0, 3, 5, 0, 3, 4, 0, 4, 0, 1, 1, 41, 0, 0, 0, 44, 0, 0, 3, 0, 0, 0, 0, 3, 0, 0, : 3, 2, 2, 44, 1, 4, 3, 5, 3, 4, 4, 1, 1, 41, 44, 3, 3, 
209: 1, 0, 5, 0, 0, 2, 0, 0, 4, 3, 4, 5, 0, 0, 0, 2, 0, 40, 3, 0, 1, 3, 5, 1, 0, 0, 5, 0, 0, 0, 4, 3, 4, 4, 3, 3, 0, 0, 0, 3, : 1, 5, 2, 4, 3, 4, 5, 2, 40, 3, 1, 3, 5, 1, 5, 4, 3, 4, 4, 3, 3, 3, 
394: 1, 0, 0, 0, 0, 0, 1, 0, 0, 0, 3, 0, 4, 4, 0, 2, 0, 0, 4, 0, 2, 0, 0, 4, 0, 3, 0, 0, 1, 5, 1, 1, 2, 2, 0, 2, 5, 4, 0, 3, : 1, 1, 3, 4, 4, 2, 4, 2, 4, 3, 1, 5, 1, 1, 2, 2, 2, 5, 4, 3, 
36: 1, 0, 3, 0, 1, 0, 42, 0, 0, 4, 3, 1, 2, 4, 3, 1, 0, 5, 1, 0, 0, 0, 0, 1, 1, 4, 0, 0, 0, 44, 5, 3, 0, 0, 0, 3, 5, 0, 5, 5, : 1, 3, 1, 42, 4, 3, 1, 2, 4, 3, 1, 5, 1, 1, 1, 4, 44, 5, 3, 3, 5, 5, 5, 
359: 4, 3, 3, 2, 0, 4, 0, 40, 41, 0, 40, 1, 0, 0, 5, 0, 0, 43, 0, 0, 3, 0, 5, 3, 0, 0, 1, 0, 0, 2, 3, 44, 5, 5, 0, 2, 5, 0, 2, 4, : 4, 3, 3, 2, 4, 40, 41, 40, 1, 5, 43, 3, 5, 3, 1, 2, 3, 44, 5, 5, 2, 5, 2, 4, 
226: 2, 0, 5, 43, 0, 2, 0, 0, 0, 2, 0, 4, 0, 5, 0, 5, 1, 0, 3, 0, 0, 0, 0, 1, 0, 5, 0, 41, 0, 0, 3, 0, 5, 0, 0, 0, 0, 0, 0, 0, : 2, 5, 43, 2, 2, 4, 5, 5, 1, 3, 1, 5, 41, 3, 5, 
316: 5, 0, 0, 0, 4, 2, 3, 4, 0, 41, 5, 0, 0, 5, 0, 0, 5, 0, 44, 0, 42, 0, 0, 0, 0, 2, 3, 2, 43, 0, 1, 0, 1, 5, 4, 4, 5, 0, 0, 0, : 5, 4, 2, 3, 4, 41, 5, 5, 5, 44, 42, 2, 3, 2, 43, 1, 1, 5, 4, 4, 5, 
58: 2, 0, 1, 0, 5, 1, 2, 2, 0, 0, 0, 0, 3, 2, 5, 0, 2, 0, 0, 0, 3, 1, 1, 3, 0, 3, 5, 5, 0, 0, 2, 2, 1, 1, 0, 0, 4, 0, 1, 0, : 2, 1, 5, 1, 2, 2, 3, 2, 5, 2, 3, 1, 1, 3, 3, 5, 5, 2, 2, 1, 1, 4, 1, 
365: 3, 4, 0, 0, 5, 0, 0, 0, 1, 2, 0, 0, 5, 40, 4, 4, 0, 0, 4, 3, 2, 4, 41, 0, 5, 0, 44, 3, 2, 0, 0, 0, 3, 4, 44, 1, 5, 5, 4, 0, : 3, 4, 5, 1, 2, 5, 40, 4, 4, 4, 3, 2, 4, 41, 5, 44, 3, 2, 3, 4, 44, 1, 5, 5, 4, 
230: 5, 1, 1, 5, 0, 5, 0, 1, 0, 1, 0, 0, 0, 4, 41, 4, 1, 0, 1, 0, 0, 5, 0, 4, 4, 0, 1, 0, 0, 0, 0, 41, 0, 1, 1, 0, 0, 5, 2, 0, : 5, 1, 1, 5, 5, 1, 1, 4, 41, 4, 1, 1, 5, 4, 4, 1, 41, 1, 1, 5, 2, 
278: 0, 0, 1, 0, 0, 0, 0, 5, 0, 0, 0, 0, 0, 1, 0, 0, 0, 0, 1, 2, 0, 3, 0, 3, 0, 2, 0, 0, 0, 2, 0, 0, 3, 2, 0, 0, 4, 40, 0, 0, : 1, 5, 1, 1, 2, 3, 3, 2, 2, 3, 2, 4, 40, 
381: 2, 0, 1, 0, 1, 1, 4, 0, 0, 0, 0, 0, 43, 5, 0, 0, 2, 0, 2, 0, 2, 0, 0, 0, 5, 2, 0, 0, 0, 0, 0, 5, 2, 5, 0, 0, 3, 4, 0, 2, : 2, 1, 1, 1, 4, 43, 5, 2, 2, 2, 5, 2, 5, 2, 5, 3, 4, 2, 
269: 5, 0, 2, 0, 0, 0, 0, 4, 0, 2, 3, 1, 0, 0, 0, 0, 0, 3, 0, 0, 0, 0, 0, 4, 3, 3, 0, 0, 2, 2, 41, 0, 2, 0, 0, 0, 3, 0, 2, 1, : 5, 2, 4, 2, 3, 1, 3, 4, 3, 3, 2, 2, 41, 2, 3, 2, 1, 
248: 0, 2, 1, 0, 1, 0, 0, 2, 0, 1, 3, 0, 0, 0, 4, 0, 0, 0, 2, 1, 0, 3, 0, 1, 0, 3, 4, 0, 0, 4, 0, 0, 1, 5, 0, 0, 0, 3, 3, 2, : 2, 1, 1, 2, 1, 3, 4, 2, 1, 3, 1, 3, 4, 4, 1, 5, 3, 3, 2, 


