
200
20
60
1

1: 41, 2, 3, 0, 0, 0, 0, 2, 0, 4, 5, 5, 0, 0, 3, 2, 0, 3, 3, 0, 0, 0, 1, 2, 2, 1, 4, 5, 0, 0, 0, 0, 40, 2, 0, 1, 4, 2, 0, 6, 1, 0, 0, 5, 5, 0, 1, 0, 4, 0, 40, 0, 4, 3, 5, 44, 4, 0, 2, 42, 2, 1, 0, 4, 0, 0, 0, 0, 0, 0, 0, 0, 2, 0, 0, 0, 0, 0, 2, 3, 0, 0, 4, 0, 2, 0, 4, 1, 0, 2, 4, 5, 0, 1, 1, 4, 0, 5, 0, 0, 0, 4, 4, 5, 0, 1, 2, 2, 3, 2, 2, 5, 3, 0, 2, 1, 3, 4, 0, 1, 0, 0, 0, 5, 4, 3, 0, 41, 5, 4, 0, 4, 5, 3, 0, 0, 5, 1, 5, 43, 4, 0, 5, 5, 3, 0, 3, 2, 42, 0, 0, 0, 1, 2, 3, 3, 0, 42, 0, 5, 0, 2, 2, 0, 0, 0, 0, 0, 0, 2, 5, 5, 0, 2, 0, 3, 0, 0, 2, 4, 0, 4, 42, 0, 1, 0, 0, 0, 2, 0, 2, 0, 1, 0, 5, 0, 1, 1, 0, 0, : 41, 2, 3, 2, 4, 5, 5, 3, 2, 3, 3, 1, 2, 2, 1, 4, 5, 40, 2, 1, 4, 2, 6, 1, 5, 5, 1, 4, 40, 4, 3, 5, 44, 4, 2, 42, 2, 1, 4, 2, 2, 3, 4, 2, 4, 1, 2, 4, 5, 1, 1, 4, 5, 4, 4, 5, 1, 2, 2, 3, 2, 2, 5, 3, 2, 1, 3, 4, 1, 5, 4, 3, 41, 5, 4, 4, 5, 3, 5, 1, 5, 43, 4, 5, 5, 3, 3, 2, 42, 1, 2, 3, 3, 42, 5, 2, 2, 2, 5, 5, 2, 3, 2, 4, 4, 42, 1, 2, 2, 1, 5, 1, 1, 
19: 1, 2, 4, 2, 0, 2, 1, 1, 0, 0, 3, 1, 4, 4, 0, 0, 0, 1, 0, 2, 4, 0, 40, 2, 1, 0, 4, 1, 0, 0, 0, 0, 0, 0, 4, 1, 0, 1, 0, 2, 0, 43, 0, 0, 5, 1, 0, 0, 3, 0, 2, 0, 4, 0, 2, 0, 2, 4, 1, 0, 2, 2, 2, 0, 2, 3, 4, 4, 0, 44, 0, 0, 4, 4, 0, 2, 0, 4, 2, 5, 2, 0, 1, 0, 2, 0, 3, 4, 5, 5, 4, 44, 0, 4, 0, 0, 1, 5, 0, 42, 0, 0, 0, 0, 0, 1, 0, 2, 1, 0, 4, 1, 3, 0, 2, 1, 1, 3, 0, 0, 0, 1, 2, 0, 2, 0, 0, 0, 2, 4, 1, 2, 4, 1, 0, 3, 4, 0, 0, 4, 2, 0, 3, 3, 3, 0, 0, 4, 0, 40, 5, 0, 0, 3, 0, 0, 2, 0, 2, 1, 0, 2, 3, 2, 4, 0, 0, 1, 5, 0, 3, 1, 40, 1, 0, 0, 0, 5, 2, 5, 0, 4, 0, 4, 5, 40, 40, 5, 5, 0, 0, 44, 0, 0, 0, 0, 0, 2, 0, 1, : 1, 2, 4, 2, 2, 1, 1, 3, 1, 4, 4, 1, 2, 4, 40, 2, 1, 4, 1, 4, 1, 1, 2, 43, 5, 1, 3, 2, 4, 2, 2, 4, 1, 2, 2, 2, 2, 3, 4, 4, 44, 4, 4, 2, 4, 2, 5, 2, 1, 2, 3, 4, 5, 5, 4, 44, 4, 1, 5, 42, 1, 2, 1, 4, 1, 3, 2, 1, 1, 3, 1, 2, 2, 2, 4, 1, 2, 4, 1, 3, 4, 4, 2, 3, 3, 3, 4, 40, 5, 3, 2, 2, 1, 2, 3, 2, 4, 1, 5, 3, 1, 40, 1, 5, 2, 5, 4, 4, 5, 40, 40, 5, 5, 44, 2, 1, 
6: 0, 2, 5, 0, 0, 0, 3, 0, 0, 3, 4, 2, 0, 0, 0, 5, 2, 4, 44, 0, 0, 43, 0, 0, 0, 3, 5, 2, 0, 0, 5, 0, 0, 0, 0, 0, 0, 4, 5, 1, 0, 0, 0, 0, 2, 1, 0, 0, 2, 2, 0, 0, 3, 0, 0, 1, 2, 1, 3, 3, 0, 2, 0, 5, 0, 0, 0, 0, 0, 0, 1, 0, 0, 0, 3, 0, 0, 1, 5, 0, 5, 5, 5, 5, 5, 4, 5, 1, 0, 0, 3, 0, 44, 2, 3, 1, 0, 6, 3, 0, 0, 0, 0, 2, 0, 4, 0, 4, 0, 5, 1, 2, 4, 0, 0, 8, 3, 4, 0, 0, 41, 0, 0, 0, 0, 0, 0, 2, 4, 3, 0, 2, 5, 0, 0, 5, 4, 0, 1, 0, 5, 2, 4, 5, 3, 0, 5, 0, 0, 5, 4, 2, 2, 1, 0, 3, 0, 0, 0, 5, 3, 0, 2, 0, 5, 0, 0, 0, 0, 5, 3, 5, 0, 3, 0, 0, 4, 2, 1, 3, 5, 0, 0, 0, 4, 0, 4, 1, 2, 5, 0, 2, 4, 1, 0, 0, 5, 2, 1, 1, : 2, 5, 3, 3, 4, 2, 5, 2, 4, 44, 43, 3, 5, 2, 5, 4, 5, 1, 2, 1, 2, 2, 3, 1, 2, 1, 3, 3, 2, 5, 1, 3, 1, 5, 5, 5, 5, 5, 5, 4, 5, 1, 3, 44, 2, 3, 1, 6, 3, 2, 4, 4, 5, 1, 2, 4, 8, 3, 4, 41, 2, 4, 3, 2, 5, 5, 4, 1, 5, 2, 4, 5, 3, 5, 5, 4, 2, 2, 1, 3, 5, 3, 2, 5, 5, 3, 5, 3, 4, 2, 1, 3, 5, 4, 4, 1, 2, 5, 2, 4, 1, 5, 2, 1, 1, 
4: 0, 6, 3, 0, 0, 4, 5, 0, 3, 5, 1, 1, 0, 3, 0, 0, 0, 3, 0, 0, 1, 4, 1, 0, 0, 1, 2, 0, 2, 0, 0, 0, 0, 0, 0, 0, 0, 2, 0, 3, 0, 0, 0, 1, 1, 0, 4, 0, 1, 1, 1, 0, 2, 0, 0, 0, 3, 2, 5, 4, 0, 4, 0, 0, 1, 4, 0, 0, 0, 0, 0, 4, 0, 5, 0, 5, 0, 0, 2, 2, 0, 0, 2, 4, 5, 0, 3, 2, 0, 0, 5, 0, 1, 5, 0, 1, 0, 4, 4, 0, 0, 0, 0, 0, 1, 4, 44, 1, 0, 2, 5, 5, 4, 0, 0, 4, 5, 5, 0, 0, 0, 0, 44, 1, 0, 0, 0, 0, 5, 0, 0, 5, 1, 0, 1, 0, 5, 0, 3, 0, 5, 0, 3, 5, 3, 41, 2, 2, 0, 1, 3, 0, 0, 3, 0, 1, 0, 3, 0, 4, 0, 0, 5, 2, 0, 0, 0, 0, 4, 0, 0, 3, 0, 3, 0, 4, 0, 1, 4, 2, 44, 5, 0, 1, 4, 0, 4, 0, 4, 0, 0, 0, 1, 0, 0, 0, 0, 2, 0, 5, : 6, 3, 4, 5, 3, 5, 1, 1, 3, 3, 1, 4, 1, 1, 2, 2, 2, 3, 1, 1, 4, 1, 1, 1, 2, 3, 2, 5, 4, 4, 1, 4, 4, 5, 5, 2, 2, 2, 4, 5, 3, 2, 5, 1, 5, 1, 4, 4, 1, 4, 44, 1, 2, 5, 5, 4, 4, 5, 5, 44, 1, 5, 5, 1, 1, 5, 3, 5, 3, 5, 3, 41, 2, 2, 1, 3, 3, 1, 3, 4, 5, 2, 4, 3, 3, 4, 1, 4, 2, 44, 5, 1, 4, 4, 4, 1, 2, 5, 
18: 0, 4, 5, 0, 0, 42, 40, 1, 0, 0, 3, 3, 0, 40, 0, 5, 5, 1, 0, 3, 0, 3, 0, 2, 5, 0, 3, 1, 0, 0, 0, 0, 0, 0, 5, 0, 0, 6, 0, 3, 0, 0, 2, 42, 3, 4, 0, 0, 3, 0, 2, 0, 3, 0, 2, 2, 2, 1, 3, 2, 0, 2, 0, 41, 4, 4, 2, 0, 0, 0, 0, 0, 3, 5, 0, 0, 0, 2, 5, 0, 0, 0, 2, 0, 2, 0, 1, 0, 2, 0, 3, 0, 0, 3, 0, 5, 1, 1, 0, 3, 2, 0, 0, 2, 0, 2, 3, 1, 42, 1, 2, 4, 4, 0, 4, 3, 2, 3, 0, 0, 0, 2, 0, 0, 0, 0, 5, 0, 2, 5, 0, 2, 4, 0, 0, 40, 5, 0, 0, 2, 1, 0, 5, 3, 2, 0, 0, 4, 0, 0, 5, 0, 42, 5, 5, 3, 0, 2, 2, 2, 0, 0, 4, 0, 0, 4, 0, 3, 0, 5, 5, 4, 1, 3, 1, 3, 0, 0, 1, 4, 0, 4, 0, 1, 4, 3, 2, 5, 3, 3, 0, 0, 3, 5, 2, 0, 0, 6, 4, 1, : 4, 5, 42, 40, 1, 3, 3, 40, 5, 5, 1, 3, 3, 2, 5, 3, 1, 5, 6, 3, 2, 42, 3, 4, 3, 2, 3, 2, 2, 2, 1, 3, 2, 2, 41, 4, 4, 2, 3, 5, 2, 5, 2, 2, 1, 2, 3, 3, 5, 1, 1, 3, 2, 2, 2, 3, 1, 42, 1, 2, 4, 4, 4, 3, 2, 3, 2, 5, 2, 5, 2, 4, 40, 5, 2, 1, 5, 3, 2, 4, 5, 42, 5, 5, 3, 2, 2, 2, 4, 4, 3, 5, 5, 4, 1, 3, 1, 3, 1, 4, 4, 1, 4, 3, 2, 5, 3, 3, 3, 5, 2, 6, 4, 1, 
10: 0, 1, 3, 0, 0, 3, 4, 4, 0, 0, 1, 2, 2, 0, 1, 1, 0, 6, 0, 3, 2, 3, 3, 0, 2, 0, 3, 0, 1, 0, 0, 5, 0, 43, 0, 5, 0, 2, 0, 5, 4, 5, 0, 0, 3, 1, 1, 0, 4, 0, 0, 0, 1, 0, 3, 1, 7, 2, 5, 0, 0, 1, 4, 2, 0, 0, 0, 0, 0, 3, 44, 0, 0, 0, 0, 4, 2, 40, 2, 0, 1, 0, 3, 2, 5, 0, 1, 0, 0, 0, 4, 0, 1, 3, 0, 1, 0, 3, 0, 3, 0, 4, 4, 0, 0, 2, 1, 4, 4, 0, 3, 2, 3, 43, 0, 4, 5, 1, 0, 4, 0, 0, 0, 2, 1, 0, 1, 0, 4, 4, 0, 3, 1, 4, 0, 1, 3, 3, 0, 0, 3, 1, 4, 1, 4, 0, 0, 3, 0, 0, 4, 5, 0, 5, 0, 1, 0, 0, 0, 1, 0, 41, 2, 0, 0, 3, 5, 44, 0, 0, 1, 0, 0, 4, 0, 0, 0, 5, 4, 1, 0, 2, 5, 0, 5, 2, 0, 0, 1, 0, 0, 4, 1, 1, 0, 42, 0, 4, 0, 4, : 1, 3, 3, 4, 4, 1, 2, 2, 1, 1, 6, 3, 2, 3, 3, 2, 3, 1, 5, 43, 5, 2, 5, 4, 5, 3, 1, 1, 4, 1, 3, 1, 7, 2, 5, 1, 4, 2, 3, 44, 4, 2, 40, 2, 1, 3, 2, 5, 1, 4, 1, 3, 1, 3, 3, 4, 4, 2, 1, 4, 4, 3, 2, 3, 43, 4, 5, 1, 4, 2, 1, 1, 4, 4, 3, 1, 4, 1, 3, 3, 3, 1, 4, 1, 4, 3, 4, 5, 5, 1, 1, 41, 2, 3, 5, 44, 1, 4, 5, 4, 1, 2, 5, 5, 2, 1, 4, 1, 1, 42, 4, 4, 
14: 2, 2, 3, 0, 0, 4, 0, 0, 2, 0, 3, 4, 0, 0, 2, 0, 1, 1, 4, 0, 0, 1, 3, 0, 0, 4, 3, 5, 0, 43, 1, 2, 0, 0, 0, 0, 3, 3, 1, 4, 0, 2, 0, 0, 4, 0, 5, 4, 4, 0, 2, 0, 1, 0, 0, 0, 1, 1, 1, 0, 0, 3, 0, 0, 0, 0, 0, 0, 0, 0, 0, 0, 0, 40, 4, 1, 0, 0, 3, 0, 1, 0, 3, 0, 3, 2, 5, 0, 2, 0, 3, 0, 1, 3, 0, 3, 4, 1, 0, 0, 2, 0, 0, 1, 0, 0, 0, 4, 1, 0, 2, 5, 1, 0, 4, 3, 3, 1, 5, 0, 0, 4, 2, 0, 4, 0, 1, 0, 3, 5, 5, 1, 1, 0, 4, 0, 2, 0, 3, 3, 1, 2, 4, 4, 2, 0, 0, 4, 0, 0, 0, 3, 5, 1, 0, 0, 0, 0, 1, 1, 0, 0, 4, 0, 0, 3, 41, 0, 0, 0, 1, 3, 0, 2, 41, 0, 3, 5, 4, 3, 0, 5, 0, 5, 3, 0, 0, 0, 5, 0, 4, 0, 0, 0, 3, 0, 0, 4, 0, 1, : 2, 2, 3, 4, 2, 3, 4, 2, 1, 1, 4, 1, 3, 4, 3, 5, 43, 1, 2, 3, 3, 1, 4, 2, 4, 5, 4, 4, 2, 1, 1, 1, 1, 3, 40, 4, 1, 3, 1, 3, 3, 2, 5, 2, 3, 1, 3, 3, 4, 1, 2, 1, 4, 1, 2, 5, 1, 4, 3, 3, 1, 5, 4, 2, 4, 1, 3, 5, 5, 1, 1, 4, 2, 3, 3, 1, 2, 4, 4, 2, 4, 3, 5, 1, 1, 1, 4, 3, 41, 1, 3, 2, 41, 3, 5, 4, 3, 5, 5, 3, 5, 4, 3, 4, 1, 
12: 5, 2, 3, 5, 1, 0, 3, 40, 0, 0, 5, 2, 5, 0, 0, 0, 0, 4, 0, 0, 0, 0, 2, 0, 1, 0, 3, 3, 5, 0, 0, 1, 0, 3, 0, 1, 3, 5, 41, 5, 0, 0, 0, 0, 2, 0, 0, 2, 4, 0, 0, 5, 2, 0, 0, 4, 1, 0, 5, 0, 3, 1, 1, 0, 5, 40, 0, 4, 0, 5, 3, 0, 5, 0, 0, 0, 4, 0, 4, 3, 0, 0, 4, 0, 2, 0, 4, 0, 0, 1, 4, 0, 0, 5, 0, 2, 0, 3, 0, 5, 0, 1, 0, 0, 0, 0, 0, 5, 0, 0, 3, 2, 1, 0, 0, 5, 1, 1, 0, 0, 1, 3, 0, 1, 0, 3, 0, 0, 2, 3, 0, 4, 4, 4, 5, 0, 2, 0, 0, 0, 2, 0, 1, 0, 1, 0, 0, 2, 5, 0, 4, 2, 0, 1, 0, 4, 0, 0, 41, 3, 0, 5, 2, 41, 4, 0, 0, 0, 0, 0, 5, 2, 5, 4, 0, 1, 2, 5, 3, 4, 0, 5, 4, 0, 3, 1, 0, 0, 3, 4, 0, 1, 0, 42, 0, 0, 3, 1, 2, 0, : 5, 2, 3, 5, 1, 3, 40, 5, 2, 5, 4, 2, 1, 3, 3, 5, 1, 3, 1, 3, 5, 41, 5, 2, 2, 4, 5, 2, 4, 1, 5, 3, 1, 1, 5, 40, 4, 5, 3, 5, 4, 4, 3, 4, 2, 4, 1, 4, 5, 2, 3, 5, 1, 5, 3, 2, 1, 5, 1, 1, 1, 3, 1, 3, 2, 3, 4, 4, 4, 5, 2, 2, 1, 1, 2, 5, 4, 2, 1, 4, 41, 3, 5, 2, 41, 4, 5, 2, 5, 4, 1, 2, 5, 3, 4, 5, 4, 3, 1, 3, 4, 1, 42, 3, 1, 2, 
9: 0, 1, 1, 2, 40, 0, 0, 0, 0, 0, 1, 2, 0, 5, 0, 43, 3, 1, 0, 0, 2, 0, 1, 0, 0, 0, 1, 5, 0, 0, 4, 0, 0, 0, 0, 0, 0, 5, 1, 5, 0, 1, 5, 1, 1, 0, 1, 0, 2, 0, 0, 5, 5, 4, 0, 3, 10, 0, 4, 0, 0, 2, 0, 2, 2, 0, 0, 0, 3, 2, 0, 2, 0, 0, 41, 0, 3, 0, 2, 0, 0, 0, 1, 0, 1, 0, 0, 0, 0, 3, 4, 2, 0, 5, 5, 5, 0, 2, 4, 0, 0, 43, 1, 2, 1, 3, 0, 2, 0, 0, 5, 2, 4, 0, 0, 3, 2, 1, 0, 0, 0, 0, 0, 0, 0, 0, 0, 1, 5, 1, 3, 3, 1, 0, 41, 5, 4, 1, 1, 0, 1, 5, 4, 1, 4, 2, 0, 4, 3, 0, 1, 0, 0, 2, 0, 0, 0, 0, 0, 4, 0, 0, 3, 0, 0, 0, 1, 0, 1, 0, 5, 3, 0, 2, 4, 5, 0, 4, 5, 5, 2, 0, 0, 0, 4, 0, 0, 2, 1, 0, 0, 0, 41, 0, 1, 2, 0, 1, 0, 2, : 1, 1, 2, 40, 1, 2, 5, 43, 3, 1, 2, 1, 1, 5, 4, 5, 1, 5, 1, 5, 1, 1, 1, 2, 5, 5, 4, 3, 10, 4, 2, 2, 2, 3, 2, 2, 41, 3, 2, 1, 1, 3, 4, 2, 5, 5, 5, 2, 4, 43, 1, 2, 1, 3, 2, 5, 2, 4, 3, 2, 1, 1, 5, 1, 3, 3, 1, 41, 5, 4, 1, 1, 1, 5, 4, 1, 4, 2, 4, 3, 1, 2, 4, 3, 1, 1, 5, 3, 2, 4, 5, 4, 5, 5, 2, 4, 2, 1, 41, 1, 2, 1, 2, 
11: 0, 4, 2, 1, 2, 0, 0, 3, 4, 0, 1, 3, 0, 0, 2, 0, 0, 1, 0, 2, 41, 0, 2, 0, 0, 2, 4, 1, 0, 0, 0, 0, 1, 0, 0, 4, 0, 5, 2, 3, 2, 0, 0, 0, 1, 43, 0, 0, 1, 5, 0, 1, 4, 0, 0, 0, 2, 0, 4, 0, 0, 3, 0, 0, 40, 0, 0, 0, 1, 0, 0, 0, 41, 5, 0, 2, 0, 0, 6, 1, 0, 0, 1, 0, 1, 0, 5, 0, 0, 0, 2, 0, 0, 3, 0, 3, 40, 6, 0, 0, 0, 3, 44, 0, 0, 0, 0, 1, 0, 3, 3, 3, 2, 0, 2, 4, 4, 5, 3, 0, 4, 0, 0, 2, 0, 0, 0, 5, 5, 4, 4, 1, 2, 0, 3, 0, 2, 0, 0, 0, 4, 4, 2, 1, 3, 2, 1, 2, 2, 1, 0, 0, 5, 5, 0, 0, 0, 3, 0, 5, 2, 4, 4, 0, 43, 44, 0, 0, 0, 1, 5, 2, 2, 1, 2, 0, 2, 0, 2, 3, 0, 1, 0, 4, 3, 0, 0, 0, 3, 0, 0, 0, 0, 0, 0, 4, 3, 4, 5, 40, : 4, 2, 1, 2, 3, 4, 1, 3, 2, 1, 2, 41, 2, 2, 4, 1, 1, 4, 5, 2, 3, 2, 1, 43, 1, 5, 1, 4, 2, 4, 3, 40, 1, 41, 5, 2, 6, 1, 1, 1, 5, 2, 3, 3, 40, 6, 3, 44, 1, 3, 3, 3, 2, 2, 4, 4, 5, 3, 4, 2, 5, 5, 4, 4, 1, 2, 3, 2, 4, 4, 2, 1, 3, 2, 1, 2, 2, 1, 5, 5, 3, 5, 2, 4, 4, 43, 44, 1, 5, 2, 2, 1, 2, 2, 2, 3, 1, 4, 3, 3, 4, 3, 4, 5, 40, 
8: 4, 4, 2, 0, 2, 1, 0, 0, 0, 43, 0, 2, 0, 0, 0, 0, 0, 1, 0, 2, 0, 0, 0, 0, 5, 0, 3, 5, 0, 3, 3, 0, 0, 0, 44, 1, 0, 1, 1, 3, 1, 3, 0, 3, 5, 0, 1, 0, 1, 0, 1, 1, 2, 5, 1, 0, 1, 40, 5, 0, 0, 5, 0, 1, 0, 0, 41, 4, 0, 0, 4, 0, 0, 0, 1, 0, 0, 4, 1, 0, 0, 44, 5, 3, 5, 0, 1, 0, 4, 2, 0, 0, 0, 2, 3, 3, 0, 4, 0, 3, 5, 2, 2, 0, 42, 2, 0, 2, 0, 5, 4, 2, 1, 0, 0, 2, 1, 5, 0, 0, 0, 0, 4, 3, 3, 0, 2, 3, 1, 5, 0, 5, 3, 2, 1, 0, 1, 0, 3, 0, 1, 4, 4, 5, 5, 4, 1, 3, 0, 3, 4, 3, 0, 5, 1, 0, 0, 0, 4, 1, 0, 0, 5, 4, 0, 1, 0, 0, 0, 0, 3, 2, 5, 3, 1, 41, 4, 4, 1, 2, 0, 0, 0, 1, 3, 2, 0, 3, 5, 0, 0, 0, 1, 0, 0, 3, 0, 4, 0, 0, : 4, 4, 2, 2, 1, 43, 2, 1, 2, 5, 3, 5, 3, 3, 44, 1, 1, 1, 3, 1, 3, 3, 5, 1, 1, 1, 1, 2, 5, 1, 1, 40, 5, 5, 1, 41, 4, 4, 1, 4, 1, 44, 5, 3, 5, 1, 4, 2, 2, 3, 3, 4, 3, 5, 2, 2, 42, 2, 2, 5, 4, 2, 1, 2, 1, 5, 4, 3, 3, 2, 3, 1, 5, 5, 3, 2, 1, 1, 3, 1, 4, 4, 5, 5, 4, 1, 3, 3, 4, 3, 5, 1, 4, 1, 5, 4, 1, 3, 2, 5, 3, 1, 41, 4, 4, 1, 2, 1, 3, 2, 3, 5, 1, 3, 4, 
3: 0, 5, 1, 41, 5, 0, 0, 3, 1, 0, 3, 4, 0, 0, 0, 0, 5, 2, 0, 3, 0, 0, 0, 0, 0, 44, 1, 5, 4, 5, 4, 4, 4, 4, 0, 1, 0, 3, 0, 2, 0, 0, 4, 0, 2, 2, 0, 0, 4, 42, 0, 0, 4, 1, 2, 0, 2, 1, 2, 0, 0, 5, 5, 1, 0, 0, 0, 40, 2, 0, 0, 3, 0, 0, 0, 4, 1, 0, 3, 2, 0, 0, 2, 0, 3, 2, 4, 0, 0, 0, 4, 0, 0, 2, 0, 5, 3, 2, 0, 0, 0, 0, 0, 1, 0, 0, 0, 6, 0, 0, 3, 1, 1, 3, 0, 2, 2, 4, 43, 4, 0, 3, 0, 0, 0, 0, 4, 3, 1, 1, 1, 4, 5, 41, 0, 5, 1, 0, 2, 1, 2, 0, 0, 5, 4, 0, 1, 5, 0, 0, 4, 0, 1, 1, 0, 0, 5, 3, 3, 3, 0, 3, 5, 0, 0, 0, 0, 4, 44, 0, 3, 5, 5, 4, 1, 0, 0, 5, 5, 3, 0, 2, 0, 0, 1, 5, 2, 2, 1, 44, 0, 0, 1, 0, 0, 0, 0, 2, 0, 1, : 5, 1, 41, 5, 3, 1, 3, 4, 5, 2, 3, 44, 1, 5, 4, 5, 4, 4, 4, 4, 1, 3, 2, 4, 2, 2, 4, 42, 4, 1, 2, 2, 1, 2, 5, 5, 1, 40, 2, 3, 4, 1, 3, 2, 2, 3, 2, 4, 4, 2, 5, 3, 2, 1, 6, 3, 1, 1, 3, 2, 2, 4, 43, 4, 3, 4, 3, 1, 1, 1, 4, 5, 41, 5, 1, 2, 1, 2, 5, 4, 1, 5, 4, 1, 1, 5, 3, 3, 3, 3, 5, 4, 44, 3, 5, 5, 4, 1, 5, 5, 3, 2, 1, 5, 2, 2, 1, 44, 1, 2, 1, 
15: 5, 1, 1, 0, 3, 0, 0, 0, 2, 0, 4, 4, 0, 0, 5, 0, 0, 3, 0, 0, 4, 2, 0, 5, 1, 0, 5, 2, 1, 1, 1, 40, 4, 0, 0, 3, 0, 3, 0, 1, 0, 0, 1, 0, 4, 1, 1, 0, 1, 0, 2, 0, 3, 0, 0, 0, 4, 0, 2, 0, 3, 5, 0, 0, 0, 3, 5, 0, 2, 1, 4, 3, 0, 0, 0, 0, 2, 3, 2, 0, 0, 0, 4, 1, 2, 0, 5, 0, 42, 0, 5, 0, 3, 3, 0, 4, 3, 1, 44, 0, 3, 0, 0, 0, 4, 0, 3, 4, 1, 0, 5, 4, 3, 3, 2, 2, 3, 4, 0, 3, 4, 1, 0, 4, 4, 44, 3, 0, 1, 5, 0, 3, 1, 0, 0, 0, 5, 0, 0, 4, 3, 0, 3, 5, 4, 0, 43, 3, 2, 2, 5, 1, 1, 2, 1, 0, 0, 3, 0, 5, 44, 0, 4, 3, 0, 5, 0, 0, 1, 1, 1, 3, 1, 4, 2, 0, 0, 2, 5, 1, 4, 4, 0, 0, 5, 0, 0, 0, 1, 0, 0, 0, 0, 0, 0, 0, 0, 9, 3, 0, : 5, 1, 1, 3, 2, 4, 4, 5, 3, 4, 2, 5, 1, 5, 2, 1, 1, 1, 40, 4, 3, 3, 1, 1, 4, 1, 1, 1, 2, 3, 4, 2, 3, 5, 3, 5, 2, 1, 4, 3, 2, 3, 2, 4, 1, 2, 5, 42, 5, 3, 3, 4, 3, 1, 44, 3, 4, 3, 4, 1, 5, 4, 3, 3, 2, 2, 3, 4, 3, 4, 1, 4, 4, 44, 3, 1, 5, 3, 1, 5, 4, 3, 3, 5, 4, 43, 3, 2, 2, 5, 1, 1, 2, 1, 3, 5, 44, 4, 3, 5, 1, 1, 1, 3, 1, 4, 2, 2, 5, 1, 4, 4, 5, 1, 9, 3, 
7: 2, 2, 5, 2, 0, 1, 0, 0, 0, 0, 5, 6, 40, 0, 40, 0, 0, 9, 4, 1, 0, 0, 0, 0, 0, 0, 1, 5, 1, 0, 2, 0, 4, 1, 0, 0, 0, 1, 5, 4, 44, 0, 0, 2, 4, 0, 0, 1, 5, 0, 0, 0, 2, 5, 0, 0, 1, 0, 3, 3, 0, 1, 0, 0, 1, 4, 4, 0, 41, 0, 0, 43, 0, 1, 0, 0, 1, 2, 3, 0, 0, 2, 3, 43, 2, 4, 3, 0, 0, 0, 3, 0, 0, 3, 2, 4, 0, 2, 0, 0, 0, 0, 0, 0, 4, 0, 0, 5, 2, 0, 1, 3, 4, 1, 0, 1, 3, 3, 4, 0, 5, 4, 0, 41, 0, 0, 0, 0, 2, 2, 0, 3, 6, 1, 4, 1, 2, 3, 0, 0, 2, 0, 2, 5, 1, 5, 0, 3, 0, 2, 0, 0, 0, 1, 5, 42, 4, 0, 0, 3, 5, 0, 5, 4, 0, 0, 0, 0, 0, 2, 1, 4, 1, 2, 5, 0, 0, 5, 4, 2, 0, 1, 3, 2, 1, 0, 4, 1, 2, 0, 0, 4, 2, 0, 0, 0, 2, 3, 0, 0, : 2, 2, 5, 2, 1, 5, 6, 40, 40, 9, 4, 1, 1, 5, 1, 2, 4, 1, 1, 5, 4, 44, 2, 4, 1, 5, 2, 5, 1, 3, 3, 1, 1, 4, 4, 41, 43, 1, 1, 2, 3, 2, 3, 43, 2, 4, 3, 3, 3, 2, 4, 2, 4, 5, 2, 1, 3, 4, 1, 1, 3, 3, 4, 5, 4, 41, 2, 2, 3, 6, 1, 4, 1, 2, 3, 2, 2, 5, 1, 5, 3, 2, 1, 5, 42, 4, 3, 5, 5, 4, 2, 1, 4, 1, 2, 5, 5, 4, 2, 1, 3, 2, 1, 4, 1, 2, 4, 2, 2, 3, 
16: 0, 1, 1, 5, 1, 2, 3, 1, 42, 3, 4, 4, 0, 5, 0, 1, 40, 5, 0, 43, 0, 3, 4, 2, 0, 0, 4, 3, 0, 1, 0, 5, 0, 1, 0, 0, 0, 2, 0, 1, 0, 0, 43, 2, 4, 0, 0, 4, 3, 2, 2, 41, 3, 1, 41, 0, 4, 0, 3, 0, 44, 2, 0, 1, 1, 0, 0, 0, 5, 1, 2, 0, 0, 0, 5, 1, 0, 0, 4, 1, 0, 5, 4, 0, 2, 3, 3, 5, 0, 42, 0, 4, 3, 2, 0, 2, 0, 1, 0, 0, 0, 0, 0, 0, 1, 0, 5, 4, 0, 0, 2, 3, 5, 0, 0, 1, 5, 3, 0, 0, 0, 0, 4, 0, 2, 5, 0, 1, 4, 2, 2, 5, 4, 0, 0, 0, 1, 3, 1, 1, 5, 0, 3, 4, 4, 0, 3, 3, 0, 1, 5, 40, 0, 5, 0, 2, 4, 3, 0, 1, 4, 2, 2, 0, 0, 0, 0, 0, 0, 1, 3, 4, 0, 3, 1, 0, 0, 3, 2, 7, 2, 4, 1, 0, 1, 3, 0, 0, 4, 0, 0, 0, 0, 2, 1, 0, 0, 2, 0, 0, : 1, 1, 5, 1, 2, 3, 1, 42, 3, 4, 4, 5, 1, 40, 5, 43, 3, 4, 2, 4, 3, 1, 5, 1, 2, 1, 43, 2, 4, 4, 3, 2, 2, 41, 3, 1, 41, 4, 3, 44, 2, 1, 1, 5, 1, 2, 5, 1, 4, 1, 5, 4, 2, 3, 3, 5, 42, 4, 3, 2, 2, 1, 1, 5, 4, 2, 3, 5, 1, 5, 3, 4, 2, 5, 1, 4, 2, 2, 5, 4, 1, 3, 1, 1, 5, 3, 4, 4, 3, 3, 1, 5, 40, 5, 2, 4, 3, 1, 4, 2, 2, 1, 3, 4, 3, 1, 3, 2, 7, 2, 4, 1, 1, 3, 4, 2, 1, 2, 
17: 0, 2, 5, 0, 0, 0, 0, 0, 3, 0, 3, 5, 5, 0, 0, 0, 1, 3, 0, 0, 0, 0, 0, 1, 42, 0, 4, 4, 2, 0, 0, 0, 1, 3, 0, 0, 5, 4, 4, 2, 4, 0, 0, 0, 2, 0, 2, 0, 0, 0, 3, 1, 1, 0, 0, 0, 2, 4, 1, 1, 0, 5, 41, 0, 2, 2, 0, 0, 2, 0, 1, 2, 0, 0, 0, 0, 3, 2, 2, 0, 1, 2, 5, 0, 5, 0, 2, 3, 0, 0, 3, 2, 0, 5, 42, 2, 1, 3, 5, 4, 43, 0, 0, 5, 0, 0, 2, 1, 4, 0, 1, 3, 1, 5, 2, 4, 4, 5, 0, 40, 0, 0, 4, 0, 0, 0, 44, 1, 5, 4, 0, 3, 5, 0, 0, 0, 2, 0, 0, 2, 1, 0, 2, 0, 3, 0, 1, 4, 0, 0, 5, 4, 0, 4, 0, 0, 0, 0, 5, 2, 2, 0, 3, 0, 0, 0, 0, 4, 0, 0, 4, 5, 0, 5, 0, 0, 3, 2, 4, 1, 1, 3, 0, 1, 2, 0, 2, 0, 4, 2, 0, 0, 0, 5, 4, 0, 0, 3, 2, 3, : 2, 5, 3, 3, 5, 5, 1, 3, 1, 42, 4, 4, 2, 1, 3, 5, 4, 4, 2, 4, 2, 2, 3, 1, 1, 2, 4, 1, 1, 5, 41, 2, 2, 2, 1, 2, 3, 2, 2, 1, 2, 5, 5, 2, 3, 3, 2, 5, 42, 2, 1, 3, 5, 4, 43, 5, 2, 1, 4, 1, 3, 1, 5, 2, 4, 4, 5, 40, 4, 44, 1, 5, 4, 3, 5, 2, 2, 1, 2, 3, 1, 4, 5, 4, 4, 5, 2, 2, 3, 4, 4, 5, 5, 3, 2, 4, 1, 1, 3, 1, 2, 2, 4, 2, 5, 4, 3, 2, 3, 
2: 0, 6, 4, 0, 0, 0, 0, 5, 0, 0, 2, 3, 0, 0, 0, 3, 0, 4, 0, 0, 0, 0, 2, 41, 0, 0, 0, 3, 0, 1, 0, 3, 0, 3, 3, 0, 2, 1, 0, 1, 0, 0, 5, 0, 3, 4, 0, 0, 5, 0, 0, 1, 3, 0, 0, 0, 5, 0, 5, 5, 1, 5, 0, 3, 0, 0, 0, 3, 0, 0, 0, 3, 0, 0, 5, 0, 0, 1, 4, 0, 2, 0, 4, 1, 4, 0, 4, 44, 0, 0, 0, 2, 3, 2, 1, 5, 1, 4, 0, 0, 0, 1, 1, 41, 0, 40, 0, 3, 2, 0, 5, 5, 4, 5, 0, 5, 4, 4, 1, 0, 2, 40, 0, 1, 0, 1, 0, 0, 4, 4, 0, 1, 4, 0, 0, 0, 2, 2, 0, 0, 3, 42, 4, 3, 2, 2, 0, 5, 1, 0, 0, 0, 2, 6, 0, 0, 3, 0, 0, 4, 0, 0, 0, 4, 1, 0, 4, 0, 0, 41, 4, 1, 0, 1, 0, 0, 2, 1, 1, 1, 1, 3, 4, 0, 2, 0, 0, 0, 1, 2, 44, 0, 2, 0, 43, 4, 41, 4, 43, 0, : 6, 4, 5, 2, 3, 3, 4, 2, 41, 3, 1, 3, 3, 3, 2, 1, 1, 5, 3, 4, 5, 1, 3, 5, 5, 5, 1, 5, 3, 3, 3, 5, 1, 4, 2, 4, 1, 4, 4, 44, 2, 3, 2, 1, 5, 1, 4, 1, 1, 41, 40, 3, 2, 5, 5, 4, 5, 5, 4, 4, 1, 2, 40, 1, 1, 4, 4, 1, 4, 2, 2, 3, 42, 4, 3, 2, 2, 5, 1, 2, 6, 3, 4, 4, 1, 4, 41, 4, 1, 1, 2, 1, 1, 1, 1, 3, 4, 2, 1, 2, 44, 2, 43, 4, 41, 4, 43, 
20: 0, 4, 3, 0, 0, 0, 0, 0, 3, 1, 4, 3, 4, 2, 4, 0, 0, 5, 5, 0, 5, 0, 1, 4, 0, 0, 5, 5, 0, 3, 40, 0, 3, 0, 1, 43, 43, 4, 0, 3, 0, 0, 0, 1, 3, 3, 0, 44, 5, 4, 0, 4, 6, 1, 4, 0, 4, 0, 1, 0, 4, 5, 5, 0, 1, 0, 1, 0, 4, 0, 0, 0, 0, 0, 1, 1, 43, 0, 4, 0, 1, 0, 1, 1, 3, 40, 2, 0, 5, 0, 5, 1, 1, 2, 3, 5, 1, 1, 0, 0, 0, 0, 4, 1, 0, 1, 0, 5, 0, 0, 3, 1, 4, 0, 42, 3, 3, 2, 4, 3, 0, 1, 0, 0, 0, 3, 0, 0, 1, 1, 0, 7, 1, 4, 0, 0, 4, 42, 41, 0, 5, 0, 1, 0, 2, 0, 0, 1, 5, 0, 4, 0, 0, 2, 3, 1, 42, 0, 2, 1, 0, 0, 1, 0, 0, 0, 0, 4, 0, 0, 0, 2, 0, 5, 1, 3, 40, 5, 1, 1, 0, 5, 0, 0, 1, 2, 0, 40, 7, 0, 0, 0, 3, 4, 1, 5, 5, 2, 0, 0, : 4, 3, 3, 1, 4, 3, 4, 2, 4, 5, 5, 5, 1, 4, 5, 5, 3, 40, 3, 1, 43, 43, 4, 3, 1, 3, 3, 44, 5, 4, 4, 6, 1, 4, 4, 1, 4, 5, 5, 1, 1, 4, 1, 1, 43, 4, 1, 1, 1, 3, 40, 2, 5, 5, 1, 1, 2, 3, 5, 1, 1, 4, 1, 1, 5, 3, 1, 4, 42, 3, 3, 2, 4, 3, 1, 3, 1, 1, 7, 1, 4, 4, 42, 41, 5, 1, 2, 1, 5, 4, 2, 3, 1, 42, 2, 1, 1, 4, 2, 5, 1, 3, 40, 5, 1, 1, 5, 1, 2, 40, 7, 3, 4, 1, 5, 5, 2, 
13: 0, 5, 1, 0, 3, 0, 1, 0, 0, 1, 5, 1, 0, 0, 0, 0, 3, 2, 0, 1, 1, 0, 0, 1, 1, 5, 4, 2, 40, 0, 0, 0, 3, 0, 3, 0, 0, 1, 0, 5, 0, 4, 0, 0, 2, 0, 42, 5, 3, 0, 2, 0, 1, 40, 0, 5, 1, 4, 1, 0, 1, 2, 0, 0, 1, 0, 2, 5, 0, 0, 0, 0, 0, 0, 0, 0, 0, 0, 3, 0, 42, 2, 5, 0, 1, 0, 0, 0, 0, 0, 4, 0, 0, 4, 0, 1, 0, 4, 0, 0, 5, 2, 0, 0, 4, 0, 0, 3, 0, 40, 5, 5, 3, 0, 0, 1, 2, 1, 0, 5, 0, 0, 0, 0, 40, 0, 0, 3, 2, 1, 44, 1, 2, 0, 0, 0, 1, 0, 0, 0, 5, 0, 4, 3, 3, 0, 0, 2, 0, 5, 2, 0, 1, 5, 1, 0, 0, 0, 0, 4, 0, 0, 2, 0, 3, 0, 4, 0, 5, 0, 5, 1, 0, 4, 0, 0, 0, 5, 5, 4, 0, 4, 1, 41, 4, 2, 2, 1, 4, 0, 5, 4, 0, 0, 0, 0, 0, 2, 0, 1, : 5, 1, 3, 1, 1, 5, 1, 3, 2, 1, 1, 1, 1, 5, 4, 2, 40, 3, 3, 1, 5, 4, 2, 42, 5, 3, 2, 1, 40, 5, 1, 4, 1, 1, 2, 1, 2, 5, 3, 42, 2, 5, 1, 4, 4, 1, 4, 5, 2, 4, 3, 40, 5, 5, 3, 1, 2, 1, 5, 40, 3, 2, 1, 44, 1, 2, 1, 5, 4, 3, 3, 2, 5, 2, 1, 5, 1, 4, 2, 3, 4, 5, 5, 1, 4, 5, 5, 4, 4, 1, 41, 4, 2, 2, 1, 4, 5, 4, 2, 1, 
5: 0, 4, 5, 2, 3, 1, 0, 0, 0, 0, 3, 3, 0, 1, 3, 0, 0, 1, 0, 0, 0, 1, 0, 0, 0, 0, 1, 3, 4, 3, 0, 0, 0, 0, 0, 0, 0, 5, 0, 1, 4, 2, 0, 3, 4, 0, 2, 0, 5, 4, 3, 1, 6, 0, 0, 0, 2, 0, 4, 0, 0, 4, 2, 0, 0, 0, 1, 0, 0, 4, 1, 0, 5, 0, 0, 40, 1, 1, 1, 43, 5, 0, 1, 0, 5, 5, 5, 0, 0, 5, 0, 0, 3, 1, 0, 4, 5, 2, 0, 0, 0, 0, 0, 0, 3, 0, 0, 1, 0, 2, 1, 2, 5, 0, 0, 3, 4, 1, 0, 0, 3, 1, 0, 0, 0, 1, 0, 0, 2, 2, 0, 1, 1, 0, 1, 0, 5, 5, 0, 0, 5, 0, 2, 2, 4, 4, 0, 4, 0, 0, 5, 0, 0, 1, 41, 0, 0, 1, 0, 5, 0, 1, 2, 0, 0, 0, 5, 0, 0, 2, 3, 5, 0, 4, 1, 0, 0, 1, 4, 4, 1, 4, 0, 0, 4, 0, 0, 0, 2, 0, 5, 1, 0, 0, 0, 0, 0, 2, 0, 0, : 4, 5, 2, 3, 1, 3, 3, 1, 3, 1, 1, 1, 3, 4, 3, 5, 1, 4, 2, 3, 4, 2, 5, 4, 3, 1, 6, 2, 4, 4, 2, 1, 4, 1, 5, 40, 1, 1, 1, 43, 5, 1, 5, 5, 5, 5, 3, 1, 4, 5, 2, 3, 1, 2, 1, 2, 5, 3, 4, 1, 3, 1, 1, 2, 2, 1, 1, 1, 5, 5, 5, 2, 2, 4, 4, 4, 5, 1, 41, 1, 5, 1, 2, 5, 2, 3, 5, 4, 1, 1, 4, 4, 1, 4, 4, 2, 5, 1, 2, 


