
20
200
60
10

148: 0, 4, 0, 0, 3, 1, 4, 0, 1, 5, 1, 0, 3, 42, 4, 0, 1, 0, 0, 1, : 4, 3, 1, 4, 1, 5, 1, 3, 42, 4, 1, 1, 
53: 1, 0, 0, 4, 4, 5, 0, 0, 2, 0, 3, 1, 0, 3, 4, 43, 5, 0, 5, 0, : 1, 4, 4, 5, 2, 3, 1, 3, 4, 43, 5, 5, 
75: 0, 0, 2, 0, 2, 5, 0, 0, 0, 42, 3, 0, 0, 0, 1, 3, 2, 0, 2, 1, : 2, 2, 5, 42, 3, 1, 3, 2, 2, 1, 
92: 4, 0, 0, 0, 1, 3, 2, 0, 1, 0, 0, 0, 0, 1, 1, 0, 4, 4, 0, 0, : 4, 1, 3, 2, 1, 1, 1, 4, 4, 
195: 0, 0, 2, 0, 3, 4, 4, 0, 4, 0, 3, 0, 0, 0, 4, 0, 4, 3, 40, 5, : 2, 3, 4, 4, 4, 3, 4, 4, 3, 40, 5, 
31: 0, 0, 0, 4, 4, 5, 2, 0, 0, 0, 42, 5, 0, 0, 5, 0, 2, 2, 4, 0, : 4, 4, 5, 2, 42, 5, 5, 2, 2, 4, 
154: 0, 0, 0, 43, 4, 1, 4, 4, 1, 0, 1, 0, 2, 0, 2, 4, 3, 0, 0, 0, : 43, 4, 1, 4, 4, 1, 1, 2, 2, 4, 3, 
194: 0, 0, 0, 0, 5, 2, 4, 0, 2, 3, 1, 0, 3, 0, 2, 0, 2, 0, 1, 0, : 5, 2, 4, 2, 3, 1, 3, 2, 2, 1, 
172: 3, 1, 0, 3, 4, 3, 2, 1, 0, 1, 0, 0, 0, 1, 2, 0, 5, 1, 4, 0, : 3, 1, 3, 4, 3, 2, 1, 1, 1, 2, 5, 1, 4, 
166: 0, 0, 44, 0, 4, 5, 4, 0, 0, 3, 0, 2, 0, 0, 8, 0, 3, 5, 0, 0, : 44, 4, 5, 4, 3, 2, 8, 3, 5, 
119: 0, 42, 5, 0, 5, 0, 2, 3, 0, 0, 0, 2, 43, 2, 2, 0, 1, 0, 0, 0, : 42, 5, 5, 2, 3, 2, 43, 2, 2, 1, 
14: 0, 0, 0, 1, 0, 4, 2, 0, 44, 0, 0, 1, 0, 1, 3, 0, 5, 1, 0, 0, : 1, 4, 2, 44, 1, 1, 3, 5, 1, 
146: 0, 5, 0, 0, 5, 0, 4, 0, 3, 3, 0, 0, 0, 0, 5, 0, 1, 1, 0, 0, : 5, 5, 4, 3, 3, 5, 1, 1, 
50: 0, 2, 0, 0, 4, 3, 2, 4, 0, 0, 3, 0, 0, 2, 2, 5, 4, 1, 0, 2, : 2, 4, 3, 2, 4, 3, 2, 2, 5, 4, 1, 2, 
143: 5, 2, 0, 1, 3, 1, 2, 3, 2, 1, 0, 4, 0, 0, 2, 5, 3, 0, 0, 41, : 5, 2, 1, 3, 1, 2, 3, 2, 1, 4, 2, 5, 3, 41, 
11: 1, 4, 5, 1, 2, 5, 5, 0, 0, 2, 0, 43, 0, 0, 3, 0, 1, 0, 0, 2, : 1, 4, 5, 1, 2, 5, 5, 2, 43, 3, 1, 2, 
47: 0, 0, 2, 0, 1, 2, 5, 42, 0, 0, 2, 0, 0, 4, 4, 0, 3, 0, 0, 3, : 2, 1, 2, 5, 42, 2, 4, 4, 3, 3, 
122: 2, 0, 0, 1, 2, 5, 4, 0, 0, 0, 1, 0, 2, 0, 2, 0, 4, 0, 4, 0, : 2, 1, 2, 5, 4, 1, 2, 2, 4, 4, 
55: 0, 0, 0, 0, 4, 2, 5, 0, 0, 0, 0, 2, 4, 0, 3, 0, 5, 42, 0, 5, : 4, 2, 5, 2, 4, 3, 5, 42, 5, 
102: 44, 0, 0, 2, 0, 4, 3, 3, 0, 0, 0, 0, 3, 4, 1, 0, 2, 0, 0, 0, : 44, 2, 4, 3, 3, 3, 4, 1, 2, 


56: 5, 0, 0, 0, 1, 0, 2, 0, 0, 0, 0, 0, 7, 0, 5, 2, 0, 3, 0, 41, : 5, 1, 2, 7, 5, 2, 3, 41, 
116: 2, 0, 5, 2, 5, 0, 3, 0, 0, 0, 1, 2, 1, 2, 3, 5, 0, 1, 0, 0, : 2, 5, 2, 5, 3, 1, 2, 1, 2, 3, 5, 1, 
188: 0, 0, 0, 4, 3, 0, 0, 2, 0, 0, 0, 0, 3, 5, 3, 1, 2, 3, 41, 0, : 4, 3, 2, 3, 5, 3, 1, 2, 3, 41, 
69: 0, 0, 0, 0, 7, 0, 0, 1, 0, 0, 0, 5, 2, 0, 4, 6, 44, 1, 0, 0, : 7, 1, 5, 2, 4, 6, 44, 1, 
77: 2, 0, 0, 0, 5, 0, 2, 1, 1, 0, 0, 3, 3, 0, 3, 5, 0, 3, 0, 3, : 2, 5, 2, 1, 1, 3, 3, 3, 5, 3, 3, 
197: 0, 5, 0, 0, 2, 0, 5, 0, 1, 5, 4, 0, 1, 0, 1, 5, 0, 4, 0, 5, : 5, 2, 5, 1, 5, 4, 1, 1, 5, 4, 5, 
58: 4, 44, 3, 2, 5, 0, 0, 0, 0, 0, 0, 0, 1, 2, 2, 3, 0, 4, 2, 0, : 4, 44, 3, 2, 5, 1, 2, 2, 3, 4, 2, 
67: 0, 4, 0, 3, 4, 1, 0, 44, 5, 44, 0, 2, 5, 0, 2, 3, 2, 4, 1, 2, : 4, 3, 4, 1, 44, 5, 44, 2, 5, 2, 3, 2, 4, 1, 2, 
147: 3, 0, 1, 40, 4, 0, 43, 2, 0, 0, 0, 3, 3, 0, 2, 3, 4, 5, 0, 0, : 3, 1, 40, 4, 43, 2, 3, 3, 2, 3, 4, 5, 
100: 0, 0, 0, 0, 2, 0, 0, 4, 41, 0, 0, 0, 2, 0, 5, 1, 0, 4, 3, 0, : 2, 4, 41, 2, 5, 1, 4, 3, 
85: 0, 0, 0, 0, 1, 0, 0, 1, 0, 0, 2, 44, 3, 2, 3, 1, 0, 1, 1, 0, : 1, 1, 2, 44, 3, 2, 3, 1, 1, 1, 
127: 40, 0, 0, 0, 4, 1, 0, 0, 0, 0, 1, 1, 5, 2, 2, 4, 0, 3, 1, 3, : 40, 4, 1, 1, 1, 5, 2, 2, 4, 3, 1, 3, 
79: 0, 0, 0, 3, 2, 5, 0, 0, 2, 0, 0, 0, 1, 0, 3, 3, 0, 5, 4, 0, : 3, 2, 5, 2, 1, 3, 3, 5, 4, 
72: 0, 1, 0, 0, 2, 0, 0, 1, 5, 0, 3, 0, 9, 0, 5, 4, 2, 2, 0, 0, : 1, 2, 1, 5, 3, 9, 5, 4, 2, 2, 
83: 1, 0, 0, 0, 2, 43, 1, 1, 0, 0, 1, 0, 1, 0, 4, 2, 0, 2, 0, 1, : 1, 2, 43, 1, 1, 1, 1, 4, 2, 2, 1, 
173: 0, 2, 5, 5, 2, 4, 1, 0, 0, 5, 42, 0, 2, 0, 4, 3, 1, 4, 0, 3, : 2, 5, 5, 2, 4, 1, 5, 42, 2, 4, 3, 1, 4, 3, 
8: 3, 0, 41, 1, 3, 0, 3, 0, 0, 4, 3, 0, 4, 4, 3, 1, 5, 5, 0, 1, : 3, 41, 1, 3, 3, 4, 3, 4, 4, 3, 1, 5, 5, 1, 
151: 0, 0, 0, 0, 1, 1, 0, 0, 1, 0, 2, 0, 4, 0, 1, 2, 0, 1, 1, 1, : 1, 1, 1, 2, 4, 1, 2, 1, 1, 1, 
115: 0, 4, 5, 0, 2, 5, 0, 0, 3, 2, 1, 0, 2, 0, 0, 4, 0, 1, 5, 0, : 4, 5, 2, 5, 3, 2, 1, 2, 4, 1, 5, 
187: 0, 0, 0, 0, 3, 0, 0, 3, 1, 0, 0, 0, 1, 43, 5, 2, 0, 4, 1, 0, : 3, 3, 1, 1, 43, 5, 2, 4, 1, 


25: 5, 43, 0, 0, 0, 0, 0, 1, 0, 0, 0, 5, 2, 0, 0, 4, 2, 4, 5, 4, : 5, 43, 1, 5, 2, 4, 2, 4, 5, 4, 
176: 2, 0, 2, 0, 5, 40, 2, 0, 0, 0, 0, 1, 2, 0, 0, 5, 1, 4, 1, 5, : 2, 2, 5, 40, 2, 1, 2, 5, 1, 4, 1, 5, 
80: 2, 0, 0, 0, 42, 0, 0, 0, 0, 1, 5, 1, 5, 0, 0, 3, 5, 5, 4, 1, : 2, 42, 1, 5, 1, 5, 3, 5, 5, 4, 1, 
199: 1, 1, 4, 0, 3, 0, 0, 2, 4, 0, 0, 1, 2, 0, 0, 4, 3, 4, 2, 2, : 1, 1, 4, 3, 2, 4, 1, 2, 4, 3, 4, 2, 2, 
129: 4, 1, 0, 43, 0, 0, 0, 5, 3, 2, 3, 1, 1, 4, 1, 5, 3, 2, 3, 4, : 4, 1, 43, 5, 3, 2, 3, 1, 1, 4, 1, 5, 3, 2, 3, 4, 
94: 4, 0, 0, 0, 0, 0, 0, 0, 3, 3, 2, 4, 4, 4, 0, 1, 1, 3, 3, 1, : 4, 3, 3, 2, 4, 4, 4, 1, 1, 3, 3, 1, 
10: 3, 4, 1, 2, 0, 4, 1, 0, 0, 44, 0, 6, 1, 0, 5, 3, 4, 1, 5, 1, : 3, 4, 1, 2, 4, 1, 44, 6, 1, 5, 3, 4, 1, 5, 1, 
35: 4, 0, 1, 0, 0, 0, 5, 0, 1, 0, 0, 5, 3, 0, 0, 5, 1, 8, 2, 3, : 4, 1, 5, 1, 5, 3, 5, 1, 8, 2, 3, 
12: 4, 3, 43, 0, 0, 2, 1, 1, 0, 0, 0, 5, 3, 0, 0, 0, 1, 1, 3, 4, : 4, 3, 43, 2, 1, 1, 5, 3, 1, 1, 3, 4, 
60: 2, 2, 0, 0, 0, 0, 0, 0, 1, 5, 0, 2, 2, 5, 0, 0, 5, 1, 4, 4, : 2, 2, 1, 5, 2, 2, 5, 5, 1, 4, 4, 
33: 4, 0, 1, 0, 3, 0, 0, 0, 0, 0, 0, 1, 5, 0, 42, 1, 3, 1, 5, 3, : 4, 1, 3, 1, 5, 42, 1, 3, 1, 5, 3, 
20: 3, 0, 0, 0, 0, 4, 0, 0, 0, 1, 0, 4, 4, 0, 0, 5, 2, 3, 2, 2, : 3, 4, 1, 4, 4, 5, 2, 3, 2, 2, 
181: 5, 0, 0, 0, 0, 0, 44, 0, 4, 0, 0, 1, 4, 0, 0, 2, 4, 5, 5, 5, : 5, 44, 4, 1, 4, 2, 4, 5, 5, 5, 
91: 5, 0, 0, 5, 2, 4, 4, 4, 3, 1, 5, 2, 5, 3, 0, 4, 5, 4, 3, 4, : 5, 5, 2, 4, 4, 4, 3, 1, 5, 2, 5, 3, 4, 5, 4, 3, 4, 
62: 2, 0, 5, 3, 0, 1, 0, 4, 0, 0, 0, 3, 1, 0, 5, 3, 5, 1, 1, 4, : 2, 5, 3, 1, 4, 3, 1, 5, 3, 5, 1, 1, 4, 
87: 1, 1, 0, 0, 0, 2, 0, 0, 0, 0, 0, 4, 0, 2, 0, 3, 2, 2, 5, 1, : 1, 1, 2, 4, 2, 3, 2, 2, 5, 1, 
141: 1, 1, 0, 2, 0, 0, 0, 0, 40, 1, 0, 1, 4, 41, 4, 4, 3, 2, 1, 4, : 1, 1, 2, 40, 1, 1, 4, 41, 4, 4, 3, 2, 1, 4, 
18: 3, 4, 0, 0, 2, 3, 0, 43, 1, 2, 44, 3, 5, 1, 0, 4, 1, 5, 3, 1, : 3, 4, 2, 3, 43, 1, 2, 44, 3, 5, 1, 4, 1, 5, 3, 1, 
186: 4, 0, 0, 5, 1, 0, 3, 0, 0, 0, 0, 1, 5, 0, 3, 4, 4, 3, 1, 3, : 4, 5, 1, 3, 1, 5, 3, 4, 4, 3, 1, 3, 
162: 1, 0, 3, 0, 2, 0, 0, 0, 0, 0, 1, 9, 2, 0, 0, 0, 5, 1, 2, 4, : 1, 3, 2, 1, 9, 2, 5, 1, 2, 4, 


34: 3, 5, 41, 1, 0, 1, 0, 4, 0, 2, 1, 41, 0, 4, 3, 2, 0, 0, 0, 0, : 3, 5, 41, 1, 1, 4, 2, 1, 41, 4, 3, 2, 
191: 0, 5, 0, 2, 0, 0, 0, 5, 0, 0, 0, 2, 0, 5, 0, 4, 5, 3, 4, 0, : 5, 2, 5, 2, 5, 4, 5, 3, 4, 
36: 0, 5, 0, 1, 0, 0, 0, 1, 0, 2, 0, 0, 5, 5, 4, 1, 0, 0, 0, 1, : 5, 1, 1, 2, 5, 5, 4, 1, 1, 
135: 1, 2, 0, 5, 2, 3, 3, 4, 0, 43, 0, 0, 3, 1, 0, 4, 0, 0, 0, 0, : 1, 2, 5, 2, 3, 3, 4, 43, 3, 1, 4, 
84: 1, 5, 1, 5, 0, 5, 2, 0, 0, 2, 2, 0, 0, 4, 0, 2, 4, 0, 0, 0, : 1, 5, 1, 5, 5, 2, 2, 2, 4, 2, 4, 
95: 0, 1, 4, 1, 1, 1, 2, 0, 4, 2, 5, 0, 0, 2, 1, 4, 1, 4, 4, 5, : 1, 4, 1, 1, 1, 2, 4, 2, 5, 2, 1, 4, 1, 4, 4, 5, 
21: 3, 1, 2, 3, 3, 0, 0, 4, 0, 0, 40, 1, 0, 0, 43, 3, 0, 0, 0, 0, : 3, 1, 2, 3, 3, 4, 40, 1, 43, 3, 
152: 0, 0, 0, 5, 0, 0, 0, 5, 0, 0, 2, 0, 42, 1, 1, 5, 0, 0, 5, 0, : 5, 5, 2, 42, 1, 1, 5, 5, 
74: 0, 3, 4, 1, 0, 0, 0, 4, 0, 0, 0, 0, 3, 4, 1, 4, 0, 0, 0, 0, : 3, 4, 1, 4, 3, 4, 1, 4, 
32: 0, 1, 0, 5, 43, 0, 1, 4, 0, 3, 0, 0, 2, 4, 0, 1, 0, 0, 44, 0, : 1, 5, 43, 1, 4, 3, 2, 4, 1, 44, 
131: 2, 2, 1, 1, 5, 40, 3, 5, 0, 0, 0, 0, 0, 1, 0, 1, 1, 0, 0, 3, : 2, 2, 1, 1, 5, 40, 3, 5, 1, 1, 1, 3, 
22: 1, 1, 0, 1, 1, 1, 43, 3, 0, 0, 0, 1, 0, 5, 0, 2, 3, 5, 0, 0, : 1, 1, 1, 1, 1, 43, 3, 1, 5, 2, 3, 5, 
105: 0, 1, 0, 4, 0, 3, 0, 3, 0, 0, 3, 5, 5, 4, 2, 5, 41, 0, 0, 0, : 1, 4, 3, 3, 3, 5, 5, 4, 2, 5, 41, 
29: 0, 4, 4, 5, 0, 0, 4, 2, 0, 0, 0, 3, 0, 3, 0, 5, 0, 3, 0, 0, : 4, 4, 5, 4, 2, 3, 3, 5, 3, 
6: 2, 5, 2, 2, 0, 0, 0, 4, 0, 0, 0, 0, 0, 2, 0, 5, 0, 3, 0, 0, : 2, 5, 2, 2, 4, 2, 5, 3, 
73: 43, 5, 0, 3, 5, 0, 0, 3, 4, 0, 2, 3, 0, 4, 0, 2, 5, 0, 1, 5, : 43, 5, 3, 5, 3, 4, 2, 3, 4, 2, 5, 1, 5, 
111: 1, 0, 0, 4, 0, 1, 0, 2, 1, 0, 0, 2, 0, 3, 2, 2, 0, 0, 0, 41, : 1, 4, 1, 2, 1, 2, 3, 2, 2, 41, 
99: 0, 5, 0, 5, 0, 0, 0, 2, 3, 2, 5, 0, 0, 2, 0, 3, 0, 0, 2, 5, : 5, 5, 2, 3, 2, 5, 2, 3, 2, 5, 
155: 0, 5, 1, 2, 0, 5, 0, 4, 44, 0, 0, 2, 0, 4, 0, 1, 0, 0, 0, 0, : 5, 1, 2, 5, 4, 44, 2, 4, 1, 
98: 3, 4, 0, 4, 0, 0, 2, 1, 4, 4, 0, 0, 0, 2, 3, 4, 0, 42, 0, 0, : 3, 4, 4, 2, 1, 4, 4, 2, 3, 4, 42, 


163: 2, 0, 2, 4, 5, 0, 5, 1, 42, 5, 0, 1, 2, 4, 0, 0, 0, 0, 5, 0, : 2, 2, 4, 5, 5, 1, 42, 5, 1, 2, 4, 5, 
3: 4, 0, 4, 2, 5, 0, 2, 3, 0, 0, 0, 1, 2, 3, 1, 2, 3, 5, 4, 0, : 4, 4, 2, 5, 2, 3, 1, 2, 3, 1, 2, 3, 5, 4, 
43: 3, 0, 1, 1, 5, 0, 5, 2, 5, 0, 3, 0, 4, 6, 4, 0, 0, 4, 4, 0, : 3, 1, 1, 5, 5, 2, 5, 3, 4, 6, 4, 4, 4, 
136: 1, 4, 5, 5, 4, 3, 5, 5, 2, 0, 0, 0, 3, 4, 0, 3, 0, 0, 5, 2, : 1, 4, 5, 5, 4, 3, 5, 5, 2, 3, 4, 3, 5, 2, 
17: 3, 0, 4, 5, 5, 0, 5, 2, 0, 0, 0, 0, 2, 1, 5, 0, 3, 3, 5, 0, : 3, 4, 5, 5, 5, 2, 2, 1, 5, 3, 3, 5, 
1: 0, 0, 4, 1, 3, 3, 2, 2, 0, 0, 2, 0, 2, 3, 3, 3, 0, 0, 3, 0, : 4, 1, 3, 3, 2, 2, 2, 2, 3, 3, 3, 3, 
133: 5, 0, 2, 2, 3, 0, 5, 4, 0, 0, 1, 0, 4, 4, 0, 5, 0, 0, 5, 0, : 5, 2, 2, 3, 5, 4, 1, 4, 4, 5, 5, 
2: 3, 5, 3, 5, 3, 0, 2, 0, 0, 0, 0, 4, 4, 4, 40, 0, 0, 0, 4, 0, : 3, 5, 3, 5, 3, 2, 4, 4, 4, 40, 4, 
183: 2, 0, 1, 1, 1, 0, 5, 4, 0, 3, 0, 5, 2, 3, 1, 0, 0, 0, 5, 1, : 2, 1, 1, 1, 5, 4, 3, 5, 2, 3, 1, 5, 1, 
61: 5, 0, 1, 1, 1, 0, 4, 3, 3, 44, 1, 0, 5, 5, 0, 2, 0, 0, 2, 0, : 5, 1, 1, 1, 4, 3, 3, 44, 1, 5, 5, 2, 2, 
184: 4, 0, 5, 3, 0, 0, 3, 3, 0, 1, 0, 0, 5, 1, 1, 40, 0, 0, 2, 0, : 4, 5, 3, 3, 3, 1, 5, 1, 1, 40, 2, 
182: 3, 5, 4, 5, 2, 5, 3, 3, 0, 0, 0, 0, 1, 2, 1, 0, 2, 2, 2, 4, : 3, 5, 4, 5, 2, 5, 3, 3, 1, 2, 1, 2, 2, 2, 4, 
16: 1, 0, 5, 2, 5, 41, 1, 4, 0, 2, 41, 1, 2, 3, 0, 0, 3, 0, 2, 4, : 1, 5, 2, 5, 41, 1, 4, 2, 41, 1, 2, 3, 3, 2, 4, 
142: 3, 0, 5, 4, 3, 0, 0, 3, 3, 0, 5, 5, 1, 1, 0, 0, 4, 0, 2, 0, : 3, 5, 4, 3, 3, 3, 5, 5, 1, 1, 4, 2, 
30: 5, 0, 0, 3, 2, 3, 3, 5, 2, 3, 4, 1, 3, 3, 0, 0, 0, 0, 1, 3, : 5, 3, 2, 3, 3, 5, 2, 3, 4, 1, 3, 3, 1, 3, 
27: 4, 0, 0, 2, 4, 2, 2, 1, 0, 0, 0, 0, 3, 2, 0, 0, 2, 3, 2, 2, : 4, 2, 4, 2, 2, 1, 3, 2, 2, 3, 2, 2, 
41: 0, 0, 5, 4, 1, 1, 0, 5, 2, 0, 2, 0, 4, 3, 0, 0, 0, 2, 2, 40, : 5, 4, 1, 1, 5, 2, 2, 4, 3, 2, 2, 40, 
175: 5, 44, 1, 3, 4, 2, 5, 4, 0, 0, 0, 2, 2, 1, 4, 1, 2, 0, 1, 1, : 5, 44, 1, 3, 4, 2, 5, 4, 2, 2, 1, 4, 1, 2, 1, 1, 
130: 3, 1, 5, 4, 2, 0, 2, 3, 1, 0, 0, 0, 5, 6, 0, 0, 0, 41, 3, 3, : 3, 1, 5, 4, 2, 2, 3, 1, 5, 6, 41, 3, 3, 
5: 4, 1, 3, 3, 2, 0, 1, 3, 0, 2, 1, 40, 4, 1, 0, 4, 41, 0, 1, 0, : 4, 1, 3, 3, 2, 1, 3, 2, 1, 40, 4, 1, 4, 41, 1, 


165: 0, 0, 0, 1, 1, 1, 0, 4, 0, 0, 3, 1, 5, 3, 0, 0, 0, 5, 0, 1, : 1, 1, 1, 4, 3, 1, 5, 3, 5, 1, 
103: 0, 0, 0, 1, 1, 3, 0, 3, 2, 43, 2, 0, 3, 4, 0, 42, 0, 0, 0, 0, : 1, 1, 3, 3, 2, 43, 2, 3, 4, 42, 
54: 0, 0, 1, 4, 1, 0, 0, 0, 0, 0, 4, 0, 3, 0, 1, 0, 0, 0, 0, 0, : 1, 4, 1, 4, 3, 1, 
168: 1, 0, 3, 0, 2, 0, 0, 3, 0, 0, 1, 0, 4, 40, 3, 0, 1, 0, 3, 0, : 1, 3, 2, 3, 1, 4, 40, 3, 1, 3, 
140: 4, 4, 0, 4, 0, 2, 0, 3, 1, 0, 1, 1, 2, 1, 0, 0, 3, 0, 0, 3, : 4, 4, 4, 2, 3, 1, 1, 1, 2, 1, 3, 3, 
171: 4, 0, 0, 2, 0, 0, 0, 2, 0, 0, 3, 4, 2, 0, 0, 0, 0, 1, 0, 0, : 4, 2, 2, 3, 4, 2, 1, 
192: 0, 5, 5, 2, 0, 0, 0, 5, 0, 2, 3, 0, 2, 0, 0, 0, 0, 40, 5, 0, : 5, 5, 2, 5, 2, 3, 2, 40, 5, 
86: 0, 0, 0, 5, 1, 5, 0, 5, 0, 0, 5, 1, 1, 3, 3, 3, 40, 0, 0, 4, : 5, 1, 5, 5, 5, 1, 1, 3, 3, 3, 40, 4, 
93: 5, 0, 1, 4, 1, 0, 0, 1, 4, 0, 3, 1, 1, 0, 0, 1, 3, 1, 5, 0, : 5, 1, 4, 1, 1, 4, 3, 1, 1, 1, 3, 1, 5, 
190: 0, 0, 0, 4, 1, 0, 2, 2, 0, 0, 5, 0, 3, 0, 0, 0, 0, 2, 2, 0, : 4, 1, 2, 2, 5, 3, 2, 2, 
78: 42, 43, 0, 4, 4, 0, 44, 2, 3, 0, 2, 3, 5, 0, 0, 2, 3, 1, 0, 0, : 42, 43, 4, 4, 44, 2, 3, 2, 3, 5, 2, 3, 1, 
4: 0, 0, 40, 5, 0, 4, 4, 2, 5, 2, 1, 2, 2, 4, 40, 0, 5, 0, 0, 1, : 40, 5, 4, 4, 2, 5, 2, 1, 2, 2, 4, 40, 5, 1, 
63: 0, 0, 3, 5, 40, 0, 0, 4, 0, 0, 5, 40, 4, 3, 1, 0, 2, 0, 0, 0, : 3, 5, 40, 4, 5, 40, 4, 3, 1, 2, 
76: 0, 0, 0, 3, 4, 43, 0, 4, 0, 5, 4, 3, 4, 0, 0, 0, 2, 0, 0, 0, : 3, 4, 43, 4, 5, 4, 3, 4, 2, 
13: 2, 0, 4, 1, 0, 0, 3, 1, 40, 0, 1, 0, 2, 0, 4, 1, 0, 5, 3, 2, : 2, 4, 1, 3, 1, 40, 1, 2, 4, 1, 5, 3, 2, 
128: 0, 0, 0, 4, 1, 0, 0, 5, 0, 0, 4, 0, 4, 0, 5, 4, 0, 5, 0, 5, : 4, 1, 5, 4, 4, 5, 4, 5, 5, 
97: 1, 4, 0, 0, 0, 0, 3, 3, 0, 3, 1, 0, 2, 2, 3, 4, 0, 0, 1, 0, : 1, 4, 3, 3, 3, 1, 2, 2, 3, 4, 1, 
185: 0, 0, 0, 5, 2, 2, 4, 4, 0, 0, 2, 4, 4, 0, 0, 0, 1, 0, 0, 0, : 5, 2, 2, 4, 4, 2, 4, 4, 1, 
120: 0, 0, 3, 2, 1, 0, 0, 2, 2, 0, 5, 0, 3, 0, 0, 3, 0, 0, 0, 3, : 3, 2, 1, 2, 2, 5, 3, 3, 3, 
7: 1, 4, 0, 4, 0, 0, 0, 5, 3, 5, 5, 0, 4, 0, 0, 0, 0, 0, 41, 41, : 1, 4, 4, 5, 3, 5, 5, 4, 41, 41, 


90: 2, 1, 1, 3, 2, 0, 3, 1, 0, 1, 0, 5, 5, 3, 0, 44, 0, 2, 1, 0, : 2, 1, 1, 3, 2, 3, 1, 1, 5, 5, 3, 44, 2, 1, 
48: 3, 0, 2, 43, 0, 0, 0, 2, 1, 5, 0, 0, 2, 2, 0, 5, 0, 2, 5, 0, : 3, 2, 43, 2, 1, 5, 2, 2, 5, 2, 5, 
177: 0, 4, 0, 0, 0, 0, 4, 0, 0, 4, 0, 1, 0, 3, 1, 3, 4, 0, 2, 4, : 4, 4, 4, 1, 3, 1, 3, 4, 2, 4, 
107: 0, 0, 0, 0, 0, 0, 1, 0, 0, 0, 2, 0, 0, 5, 2, 0, 41, 0, 4, 0, : 1, 2, 5, 2, 41, 4, 
26: 0, 0, 0, 2, 0, 0, 5, 0, 3, 4, 0, 0, 0, 1, 0, 2, 5, 0, 3, 0, : 2, 5, 3, 4, 1, 2, 5, 3, 
57: 0, 40, 0, 0, 5, 4, 5, 0, 0, 1, 3, 0, 41, 5, 5, 0, 5, 5, 1, 44, : 40, 5, 4, 5, 1, 3, 41, 5, 5, 5, 5, 1, 44, 
23: 1, 1, 0, 0, 1, 0, 2, 0, 1, 0, 0, 1, 0, 5, 42, 0, 0, 0, 1, 4, : 1, 1, 1, 2, 1, 1, 5, 42, 1, 4, 
157: 0, 0, 0, 0, 0, 2, 3, 0, 1, 2, 3, 0, 5, 4, 0, 0, 0, 0, 2, 0, : 2, 3, 1, 2, 3, 5, 4, 2, 
44: 0, 0, 1, 0, 0, 0, 5, 0, 3, 0, 0, 0, 2, 5, 0, 1, 0, 0, 2, 0, : 1, 5, 3, 2, 5, 1, 2, 
15: 1, 0, 0, 0, 4, 0, 5, 0, 1, 0, 2, 3, 0, 0, 0, 0, 0, 0, 2, 0, : 1, 4, 5, 1, 2, 3, 2, 
40: 5, 0, 0, 2, 3, 0, 5, 1, 5, 0, 0, 3, 0, 2, 0, 0, 0, 0, 5, 0, : 5, 2, 3, 5, 1, 5, 3, 2, 5, 
179: 0, 0, 4, 0, 0, 3, 1, 44, 0, 0, 5, 0, 0, 0, 0, 0, 0, 44, 3, 0, : 4, 3, 1, 44, 5, 44, 3, 
121: 0, 0, 3, 4, 0, 0, 2, 2, 0, 0, 0, 40, 0, 4, 0, 4, 0, 5, 4, 2, : 3, 4, 2, 2, 40, 4, 4, 5, 4, 2, 
96: 44, 5, 1, 0, 0, 5, 2, 3, 2, 0, 0, 1, 0, 5, 0, 0, 0, 0, 2, 3, : 44, 5, 1, 5, 2, 3, 2, 1, 5, 2, 3, 
37: 0, 3, 3, 0, 44, 0, 2, 0, 1, 0, 1, 4, 1, 4, 0, 0, 0, 0, 2, 1, : 3, 3, 44, 2, 1, 1, 4, 1, 4, 2, 1, 
88: 0, 0, 4, 1, 0, 1, 4, 0, 0, 42, 0, 1, 0, 2, 0, 1, 2, 1, 4, 0, : 4, 1, 1, 4, 42, 1, 2, 1, 2, 1, 4, 
139: 0, 0, 0, 0, 1, 0, 0, 0, 0, 0, 0, 0, 3, 5, 0, 0, 2, 0, 2, 0, : 1, 3, 5, 2, 2, 
113: 0, 1, 40, 0, 0, 43, 4, 0, 2, 1, 0, 0, 0, 0, 4, 0, 1, 0, 5, 0, : 1, 40, 43, 4, 2, 1, 4, 1, 5, 
170: 0, 0, 0, 0, 0, 0, 4, 5, 40, 0, 44, 1, 1, 3, 5, 0, 0, 1, 5, 0, : 4, 5, 40, 44, 1, 1, 3, 5, 1, 5, 
52: 4, 5, 1, 5, 0, 2, 3, 2, 0, 0, 0, 0, 0, 2, 1, 0, 0, 0, 5, 2, : 4, 5, 1, 5, 2, 3, 2, 2, 1, 5, 2, 


49: 4, 1, 2, 0, 2, 0, 5, 2, 0, 0, 2, 1, 0, 4, 3, 0, 0, 0, 1, 4, : 4, 1, 2, 2, 5, 2, 2, 1, 4, 3, 1, 4, 
28: 3, 2, 1, 0, 0, 0, 0, 4, 0, 0, 1, 3, 0, 0, 1, 0, 4, 0, 2, 2, : 3, 2, 1, 4, 1, 3, 1, 4, 2, 2, 
118: 4, 0, 4, 2, 0, 0, 0, 5, 0, 5, 40, 3, 0, 0, 3, 3, 4, 1, 2, 2, : 4, 4, 2, 5, 5, 40, 3, 3, 3, 4, 1, 2, 2, 
126: 0, 2, 5, 2, 3, 4, 0, 4, 0, 0, 0, 1, 0, 0, 2, 0, 0, 0, 3, 5, : 2, 5, 2, 3, 4, 4, 1, 2, 3, 5, 
64: 3, 0, 3, 0, 4, 2, 0, 5, 0, 0, 0, 2, 0, 1, 1, 0, 4, 1, 3, 1, : 3, 3, 4, 2, 5, 2, 1, 1, 4, 1, 3, 1, 
117: 2, 2, 4, 0, 0, 0, 0, 1, 4, 3, 0, 1, 0, 1, 3, 0, 0, 0, 2, 5, : 2, 2, 4, 1, 4, 3, 1, 1, 3, 2, 5, 
19: 0, 1, 3, 0, 1, 0, 2, 3, 0, 4, 2, 3, 0, 0, 4, 0, 2, 0, 3, 5, : 1, 3, 1, 2, 3, 4, 2, 3, 4, 2, 3, 5, 
180: 4, 0, 2, 3, 2, 0, 1, 3, 5, 0, 4, 3, 0, 0, 6, 40, 0, 41, 2, 5, : 4, 2, 3, 2, 1, 3, 5, 4, 3, 6, 40, 41, 2, 5, 
123: 1, 0, 5, 0, 0, 2, 0, 3, 0, 41, 0, 5, 0, 3, 5, 0, 0, 0, 3, 1, : 1, 5, 2, 3, 41, 5, 3, 5, 3, 1, 
109: 1, 40, 3, 4, 0, 1, 0, 4, 42, 0, 0, 5, 1, 3, 1, 0, 0, 3, 4, 2, : 1, 40, 3, 4, 1, 4, 42, 5, 1, 3, 1, 3, 4, 2, 
45: 5, 0, 3, 0, 2, 0, 0, 5, 0, 0, 0, 3, 5, 0, 1, 4, 0, 0, 3, 1, : 5, 3, 2, 5, 3, 5, 1, 4, 3, 1, 
104: 2, 0, 2, 0, 0, 0, 0, 3, 0, 0, 2, 5, 5, 0, 3, 0, 0, 0, 2, 3, : 2, 2, 3, 2, 5, 5, 3, 2, 3, 
71: 1, 2, 4, 0, 0, 4, 1, 4, 0, 2, 2, 4, 5, 0, 3, 3, 0, 4, 1, 4, : 1, 2, 4, 4, 1, 4, 2, 2, 4, 5, 3, 3, 4, 1, 4, 
65: 5, 0, 4, 1, 0, 42, 5, 1, 0, 0, 0, 1, 0, 41, 5, 0, 0, 3, 2, 1, : 5, 4, 1, 42, 5, 1, 1, 41, 5, 3, 2, 1, 
112: 5, 3, 4, 42, 0, 0, 0, 3, 3, 0, 4, 5, 0, 0, 1, 0, 0, 0, 3, 4, : 5, 3, 4, 42, 3, 3, 4, 5, 1, 3, 4, 
153: 4, 4, 3, 4, 0, 4, 0, 2, 4, 0, 2, 4, 1, 0, 1, 0, 0, 2, 5, 1, : 4, 4, 3, 4, 4, 2, 4, 2, 4, 1, 1, 2, 5, 1, 
169: 2, 1, 3, 2, 42, 0, 0, 4, 0, 0, 0, 5, 0, 0, 5, 0, 42, 0, 5, 4, : 2, 1, 3, 2, 42, 4, 5, 5, 42, 5, 4, 
178: 5, 0, 1, 0, 0, 0, 3, 1, 0, 1, 1, 2, 3, 0, 6, 3, 4, 0, 4, 5, : 5, 1, 3, 1, 1, 1, 2, 3, 6, 3, 4, 4, 5, 
200: 5, 1, 3, 0, 4, 0, 0, 1, 2, 0, 0, 1, 40, 4, 5, 2, 0, 5, 5, 2, : 5, 1, 3, 4, 1, 2, 1, 40, 4, 5, 2, 5, 5, 2, 
9: 4, 1, 1, 0, 0, 1, 43, 2, 0, 4, 0, 3, 0, 3, 1, 5, 0, 0, 5, 3, : 4, 1, 1, 1, 43, 2, 4, 3, 3, 1, 5, 5, 3, 


138: 0, 1, 0, 1, 0, 0, 0, 4, 0, 0, 0, 0, 1, 1, 3, 3, 0, 2, 0, 0, : 1, 1, 4, 1, 1, 3, 3, 2, 
164: 1, 44, 0, 0, 0, 4, 4, 1, 5, 0, 2, 0, 1, 44, 1, 3, 0, 4, 4, 0, : 1, 44, 4, 4, 1, 5, 2, 1, 44, 1, 3, 4, 4, 
51: 0, 0, 0, 0, 0, 0, 0, 1, 0, 0, 0, 3, 5, 5, 2, 4, 1, 0, 0, 0, : 1, 3, 5, 5, 2, 4, 1, 
174: 3, 0, 4, 1, 2, 40, 1, 2, 0, 5, 0, 0, 2, 0, 4, 4, 4, 0, 0, 0, : 3, 4, 1, 2, 40, 1, 2, 5, 2, 4, 4, 4, 
124: 0, 1, 0, 0, 0, 0, 5, 4, 0, 0, 0, 0, 5, 0, 4, 1, 0, 1, 4, 0, : 1, 5, 4, 5, 4, 1, 1, 4, 
108: 4, 0, 0, 3, 0, 0, 0, 5, 0, 0, 0, 0, 2, 0, 2, 1, 0, 0, 0, 1, : 4, 3, 5, 2, 2, 1, 1, 
198: 1, 1, 3, 0, 0, 5, 0, 5, 0, 0, 3, 1, 6, 0, 3, 4, 0, 0, 41, 0, : 1, 1, 3, 5, 5, 3, 1, 6, 3, 4, 41, 
132: 0, 4, 0, 4, 0, 0, 0, 5, 43, 1, 3, 0, 2, 0, 5, 1, 0, 2, 0, 43, : 4, 4, 5, 43, 1, 3, 2, 5, 1, 2, 43, 
193: 0, 0, 3, 2, 0, 0, 0, 4, 3, 0, 0, 0, 2, 0, 0, 4, 5, 1, 0, 0, : 3, 2, 4, 3, 2, 4, 5, 1, 
161: 0, 4, 0, 3, 0, 0, 0, 7, 0, 4, 5, 0, 2, 0, 4, 1, 42, 0, 0, 1, : 4, 3, 7, 4, 5, 2, 4, 1, 42, 1, 
158: 0, 0, 0, 1, 2, 1, 0, 2, 0, 0, 0, 1, 4, 0, 3, 5, 0, 4, 2, 3, : 1, 2, 1, 2, 1, 4, 3, 5, 4, 2, 3, 
66: 2, 0, 1, 0, 0, 4, 0, 2, 0, 0, 0, 43, 1, 5, 4, 1, 2, 0, 2, 0, : 2, 1, 4, 2, 43, 1, 5, 4, 1, 2, 2, 
189: 0, 0, 1, 0, 4, 0, 1, 5, 3, 0, 0, 4, 1, 0, 5, 1, 0, 0, 0, 0, : 1, 4, 1, 5, 3, 4, 1, 5, 1, 
81: 41, 0, 1, 41, 1, 0, 0, 1, 1, 3, 1, 0, 5, 0, 3, 2, 3, 0, 3, 4, : 41, 1, 41, 1, 1, 1, 3, 1, 5, 3, 2, 3, 3, 4, 
82: 4, 1, 40, 3, 0, 3, 0, 1, 0, 0, 0, 2, 2, 0, 1, 1, 0, 40, 0, 0, : 4, 1, 40, 3, 3, 1, 2, 2, 1, 1, 40, 
59: 0, 0, 2, 0, 4, 0, 0, 1, 0, 0, 1, 0, 3, 0, 4, 5, 0, 0, 0, 5, : 2, 4, 1, 1, 3, 4, 5, 5, 
110: 4, 2, 0, 1, 40, 0, 0, 1, 0, 42, 0, 0, 4, 0, 3, 4, 0, 0, 0, 0, : 4, 2, 1, 40, 1, 42, 4, 3, 4, 
70: 0, 2, 0, 0, 3, 3, 44, 1, 0, 0, 3, 5, 8, 0, 3, 5, 0, 0, 4, 3, : 2, 3, 3, 44, 1, 3, 5, 8, 3, 5, 4, 3, 
24: 0, 0, 5, 0, 4, 0, 0, 5, 0, 5, 0, 0, 3, 0, 5, 7, 3, 4, 0, 0, : 5, 4, 5, 5, 3, 5, 7, 3, 4, 
68: 0, 0, 0, 0, 0, 0, 5, 3, 5, 0, 42, 1, 1, 5, 1, 3, 0, 2, 0, 0, : 5, 3, 5, 42, 1, 1, 5, 1, 3, 2, 


101: 0, 0, 1, 0, 1, 4, 1, 0, 3, 0, 4, 2, 2, 0, 0, 0, 4, 5, 2, 1, : 1, 1, 4, 1, 3, 4, 2, 2, 4, 5, 2, 1, 
160: 5, 0, 4, 43, 5, 3, 1, 1, 0, 1, 5, 5, 5, 0, 1, 0, 5, 0, 0, 0, : 5, 4, 43, 5, 3, 1, 1, 1, 5, 5, 5, 1, 5, 
38: 0, 0, 0, 4, 2, 5, 0, 0, 4, 5, 4, 0, 2, 0, 3, 0, 3, 2, 0, 0, : 4, 2, 5, 4, 5, 4, 2, 3, 3, 2, 
150: 0, 4, 42, 0, 2, 0, 2, 1, 3, 0, 4, 0, 4, 4, 1, 0, 3, 0, 3, 2, : 4, 42, 2, 2, 1, 3, 4, 4, 4, 1, 3, 3, 2, 
196: 1, 3, 1, 0, 2, 3, 2, 3, 0, 0, 3, 0, 3, 5, 43, 0, 2, 0, 0, 0, : 1, 3, 1, 2, 3, 2, 3, 3, 3, 5, 43, 2, 
106: 0, 0, 0, 1, 5, 1, 0, 0, 40, 2, 4, 0, 3, 0, 0, 0, 1, 1, 0, 3, : 1, 5, 1, 40, 2, 4, 3, 1, 1, 3, 
149: 0, 42, 0, 0, 4, 4, 0, 0, 0, 0, 2, 0, 3, 0, 0, 1, 5, 1, 3, 1, : 42, 4, 4, 2, 3, 1, 5, 1, 3, 1, 
159: 3, 0, 1, 0, 2, 1, 0, 0, 0, 0, 2, 1, 4, 0, 0, 0, 1, 0, 0, 0, : 3, 1, 2, 1, 2, 1, 4, 1, 
39: 0, 0, 0, 0, 6, 5, 41, 3, 0, 0, 5, 0, 1, 0, 0, 0, 4, 2, 0, 42, : 6, 5, 41, 3, 5, 1, 4, 2, 42, 
134: 0, 0, 2, 0, 1, 0, 0, 3, 0, 3, 4, 1, 2, 5, 0, 0, 4, 44, 4, 0, : 2, 1, 3, 3, 4, 1, 2, 5, 4, 44, 4, 
46: 2, 2, 1, 0, 6, 4, 5, 0, 0, 0, 1, 0, 4, 0, 5, 0, 2, 0, 1, 2, : 2, 2, 1, 6, 4, 5, 1, 4, 5, 2, 1, 2, 
167: 0, 0, 0, 0, 1, 1, 5, 44, 0, 0, 2, 0, 5, 0, 0, 4, 3, 0, 1, 0, : 1, 1, 5, 44, 2, 5, 4, 3, 1, 
137: 0, 4, 0, 0, 2, 2, 0, 0, 0, 0, 3, 5, 1, 2, 2, 0, 3, 1, 41, 0, : 4, 2, 2, 3, 5, 1, 2, 2, 3, 1, 41, 
89: 0, 0, 0, 0, 3, 5, 0, 0, 1, 4, 1, 4, 0, 0, 2, 0, 2, 0, 0, 1, : 3, 5, 1, 4, 1, 4, 2, 2, 1, 
114: 2, 4, 1, 0, 4, 5, 0, 0, 1, 1, 1, 0, 4, 0, 0, 0, 2, 2, 0, 0, : 2, 4, 1, 4, 5, 1, 1, 1, 4, 2, 2, 
145: 0, 0, 0, 3, 4, 5, 0, 1, 2, 0, 5, 42, 5, 44, 0, 2, 1, 0, 0, 5, : 3, 4, 5, 1, 2, 5, 42, 5, 44, 2, 1, 5, 
125: 4, 0, 1, 4, 2, 2, 0, 0, 2, 0, 4, 0, 3, 0, 0, 1, 5, 0, 0, 0, : 4, 1, 4, 2, 2, 2, 4, 3, 1, 5, 
156: 0, 0, 1, 0, 1, 1, 0, 0, 3, 44, 3, 0, 4, 0, 0, 5, 2, 0, 5, 0, : 1, 1, 1, 3, 44, 3, 4, 5, 2, 5, 
144: 43, 1, 0, 0, 5, 4, 0, 2, 1, 0, 2, 0, 5, 0, 0, 44, 4, 0, 0, 2, : 43, 1, 5, 4, 2, 1, 2, 5, 44, 4, 2, 
42: 0, 0, 5, 5, 2, 5, 3, 2, 0, 0, 1, 0, 0, 0, 3, 3, 4, 2, 0, 1, : 5, 5, 2, 5, 3, 2, 1, 3, 3, 4, 2, 1, 


