
40
400
120
10

204: 0, 2, 0, 4, 0, 0, 0, 5, 3, 0, 1, 5, 0, 0, 0, 4, 0, 0, 0, 2, 0, 0, 3, 0, 2, 0, 0, 42, 0, 0, 4, 0, 0, 3, 2, 0, 1, 42, 2, 0, : 2, 4, 5, 3, 1, 5, 4, 2, 3, 2, 42, 4, 3, 2, 1, 42, 2, 
225: 2, 5, 0, 1, 0, 44, 0, 5, 0, 2, 0, 1, 3, 0, 5, 2, 0, 4, 0, 4, 0, 4, 3, 3, 3, 0, 0, 0, 0, 0, 2, 0, 0, 4, 3, 5, 5, 0, 0, 4, : 2, 5, 1, 44, 5, 2, 1, 3, 5, 2, 4, 4, 4, 3, 3, 3, 2, 4, 3, 5, 5, 4, 
259: 0, 4, 1, 0, 4, 0, 0, 0, 0, 4, 5, 0, 0, 0, 0, 5, 0, 0, 1, 0, 0, 0, 0, 1, 0, 1, 0, 0, 0, 0, 0, 0, 0, 0, 5, 0, 43, 0, 0, 0, : 4, 1, 4, 4, 5, 5, 1, 1, 1, 5, 43, 
139: 3, 3, 2, 4, 0, 1, 3, 5, 44, 2, 4, 3, 41, 0, 1, 1, 0, 1, 42, 1, 0, 0, 0, 0, 40, 0, 0, 0, 0, 5, 0, 4, 0, 0, 0, 0, 0, 0, 4, 5, : 3, 3, 2, 4, 1, 3, 5, 44, 2, 4, 3, 41, 1, 1, 1, 42, 1, 40, 5, 4, 4, 5, 
318: 4, 2, 0, 4, 0, 0, 0, 3, 0, 1, 2, 0, 3, 2, 0, 0, 0, 0, 1, 0, 5, 5, 0, 1, 0, 0, 4, 0, 4, 3, 0, 0, 42, 1, 3, 0, 0, 2, 0, 0, : 4, 2, 4, 3, 1, 2, 3, 2, 1, 5, 5, 1, 4, 4, 3, 42, 1, 3, 2, 
53: 1, 2, 0, 3, 0, 0, 0, 4, 0, 0, 1, 1, 0, 0, 2, 0, 0, 0, 4, 1, 4, 0, 0, 0, 1, 44, 0, 0, 5, 3, 0, 0, 0, 1, 2, 0, 2, 5, 0, 1, : 1, 2, 3, 4, 1, 1, 2, 4, 1, 4, 1, 44, 5, 3, 1, 2, 2, 5, 1, 
150: 1, 1, 5, 5, 0, 1, 0, 0, 0, 2, 3, 2, 0, 0, 0, 2, 0, 3, 3, 0, 1, 5, 0, 41, 0, 5, 2, 0, 3, 0, 0, 4, 0, 0, 0, 5, 0, 2, 0, 2, : 1, 1, 5, 5, 1, 2, 3, 2, 2, 3, 3, 1, 5, 41, 5, 2, 3, 4, 5, 2, 2, 
267: 4, 44, 1, 0, 0, 0, 5, 3, 0, 3, 3, 5, 0, 0, 4, 0, 0, 2, 2, 3, 0, 0, 1, 0, 1, 5, 0, 0, 3, 0, 0, 0, 42, 0, 0, 0, 0, 4, 0, 0, : 4, 44, 1, 5, 3, 3, 3, 5, 4, 2, 2, 3, 1, 1, 5, 3, 42, 4, 
209: 2, 3, 1, 0, 0, 0, 0, 2, 0, 4, 4, 5, 43, 4, 0, 1, 0, 0, 0, 3, 0, 1, 0, 0, 0, 0, 2, 0, 0, 0, 42, 0, 0, 42, 4, 0, 0, 0, 0, 0, : 2, 3, 1, 2, 4, 4, 5, 43, 4, 1, 3, 1, 2, 42, 42, 4, 
392: 1, 0, 0, 3, 0, 0, 0, 0, 3, 2, 2, 1, 0, 0, 0, 4, 0, 0, 4, 5, 4, 0, 0, 1, 0, 0, 4, 1, 0, 0, 0, 0, 5, 2, 0, 0, 0, 0, 1, 0, : 1, 3, 3, 2, 2, 1, 4, 4, 5, 4, 1, 4, 1, 5, 2, 1, 
224: 3, 4, 0, 0, 0, 1, 0, 1, 0, 0, 5, 2, 0, 0, 0, 5, 0, 0, 0, 1, 1, 4, 0, 0, 0, 0, 0, 2, 0, 1, 2, 0, 1, 0, 5, 0, 0, 2, 5, 0, : 3, 4, 1, 1, 5, 2, 5, 1, 1, 4, 2, 1, 2, 1, 5, 2, 5, 
143: 5, 3, 2, 3, 0, 0, 1, 0, 0, 0, 1, 3, 0, 4, 0, 0, 0, 0, 4, 0, 5, 0, 0, 0, 2, 42, 0, 0, 0, 0, 2, 3, 0, 1, 2, 0, 0, 0, 0, 41, : 5, 3, 2, 3, 1, 1, 3, 4, 4, 5, 2, 42, 2, 3, 1, 2, 41, 
96: 1, 0, 3, 3, 0, 0, 3, 5, 0, 5, 5, 3, 2, 0, 0, 0, 0, 0, 1, 2, 5, 0, 43, 0, 0, 0, 0, 3, 0, 0, 4, 0, 0, 0, 41, 0, 3, 0, 2, 0, : 1, 3, 3, 3, 5, 5, 5, 3, 2, 1, 2, 5, 43, 3, 4, 41, 3, 2, 
368: 3, 0, 0, 1, 5, 0, 0, 0, 0, 2, 1, 4, 0, 2, 0, 0, 0, 0, 1, 0, 3, 0, 2, 0, 3, 0, 0, 3, 2, 2, 0, 0, 0, 0, 1, 0, 0, 4, 0, 1, : 3, 1, 5, 2, 1, 4, 2, 1, 3, 2, 3, 3, 2, 2, 1, 4, 1, 
104: 3, 0, 0, 5, 40, 0, 1, 4, 0, 2, 2, 0, 0, 5, 0, 5, 0, 5, 0, 1, 0, 5, 0, 1, 0, 0, 40, 0, 4, 0, 4, 0, 5, 0, 2, 0, 0, 0, 0, 1, : 3, 5, 40, 1, 4, 2, 2, 5, 5, 5, 1, 5, 1, 40, 4, 4, 5, 2, 1, 
355: 4, 1, 4, 3, 0, 0, 0, 0, 0, 5, 4, 5, 1, 2, 0, 0, 5, 42, 5, 5, 2, 1, 5, 3, 2, 0, 0, 0, 1, 1, 3, 5, 0, 5, 3, 0, 3, 0, 43, 1, : 4, 1, 4, 3, 5, 4, 5, 1, 2, 5, 42, 5, 5, 2, 1, 5, 3, 2, 1, 1, 3, 5, 5, 3, 3, 43, 1, 
365: 40, 0, 4, 1, 0, 0, 0, 2, 0, 3, 2, 5, 1, 1, 1, 0, 2, 3, 4, 1, 4, 0, 0, 0, 0, 2, 5, 0, 1, 0, 1, 0, 1, 0, 2, 3, 0, 5, 0, 4, : 40, 4, 1, 2, 3, 2, 5, 1, 1, 1, 2, 3, 4, 1, 4, 2, 5, 1, 1, 1, 2, 3, 5, 4, 
290: 0, 1, 1, 2, 0, 0, 5, 43, 0, 3, 4, 0, 0, 0, 0, 1, 1, 5, 3, 0, 0, 1, 0, 2, 0, 0, 2, 0, 0, 0, 0, 3, 0, 0, 5, 0, 5, 0, 41, 0, : 1, 1, 2, 5, 43, 3, 4, 1, 1, 5, 3, 1, 2, 2, 3, 5, 5, 41, 
156: 3, 5, 0, 1, 2, 0, 1, 0, 2, 5, 1, 5, 0, 0, 3, 0, 2, 0, 0, 1, 0, 5, 0, 4, 0, 0, 0, 0, 0, 5, 0, 0, 0, 0, 0, 0, 0, 0, 2, 0, : 3, 5, 1, 2, 1, 2, 5, 1, 5, 3, 2, 1, 5, 4, 5, 2, 
277: 1, 3, 0, 0, 2, 5, 44, 0, 0, 0, 3, 3, 0, 4, 4, 0, 3, 0, 2, 2, 41, 5, 4, 0, 1, 0, 0, 0, 0, 0, 40, 0, 0, 0, 3, 1, 0, 0, 0, 0, : 1, 3, 2, 5, 44, 3, 3, 4, 4, 3, 2, 2, 41, 5, 4, 1, 40, 3, 1, 
159: 1, 4, 3, 4, 0, 4, 0, 1, 0, 2, 5, 0, 0, 0, 3, 0, 2, 0, 0, 5, 5, 2, 0, 0, 44, 1, 3, 1, 41, 1, 0, 4, 0, 4, 5, 0, 0, 0, 1, 3, : 1, 4, 3, 4, 4, 1, 2, 5, 3, 2, 5, 5, 2, 44, 1, 3, 1, 41, 1, 4, 4, 5, 1, 3, 
332: 4, 1, 40, 1, 0, 0, 0, 0, 4, 0, 2, 1, 3, 1, 5, 2, 0, 0, 3, 5, 3, 44, 0, 0, 0, 4, 1, 1, 0, 0, 3, 0, 1, 0, 1, 0, 3, 1, 0, 0, : 4, 1, 40, 1, 4, 2, 1, 3, 1, 5, 2, 3, 5, 3, 44, 4, 1, 1, 3, 1, 1, 3, 1, 
333: 2, 3, 0, 1, 2, 3, 0, 0, 0, 0, 5, 0, 0, 42, 0, 4, 2, 0, 4, 1, 4, 3, 0, 3, 3, 0, 0, 0, 0, 0, 0, 5, 0, 0, 4, 0, 0, 2, 0, 3, : 2, 3, 1, 2, 3, 5, 42, 4, 2, 4, 1, 4, 3, 3, 3, 5, 4, 2, 3, 
84: 2, 0, 0, 3, 0, 2, 0, 3, 2, 0, 2, 4, 0, 0, 0, 2, 0, 2, 5, 0, 1, 1, 0, 5, 0, 0, 1, 0, 0, 0, 1, 3, 0, 0, 0, 5, 5, 3, 0, 0, : 2, 3, 2, 3, 2, 2, 4, 2, 2, 5, 1, 1, 5, 1, 1, 3, 5, 5, 3, 
335: 0, 0, 4, 1, 0, 0, 0, 4, 0, 0, 2, 1, 0, 0, 5, 3, 1, 4, 2, 0, 0, 2, 0, 0, 0, 0, 4, 0, 0, 2, 0, 2, 1, 3, 2, 0, 1, 0, 0, 40, : 4, 1, 4, 2, 1, 5, 3, 1, 4, 2, 2, 4, 2, 2, 1, 3, 2, 1, 40, 
271: 5, 1, 2, 0, 4, 0, 3, 0, 5, 1, 3, 0, 5, 0, 1, 3, 0, 0, 0, 2, 1, 2, 0, 0, 0, 0, 0, 0, 43, 0, 1, 0, 4, 1, 3, 2, 0, 0, 0, 5, : 5, 1, 2, 4, 3, 5, 1, 3, 5, 1, 3, 2, 1, 2, 43, 1, 4, 1, 3, 2, 5, 
308: 3, 0, 0, 4, 0, 2, 0, 5, 2, 5, 2, 0, 1, 0, 0, 5, 3, 2, 1, 4, 0, 0, 0, 0, 0, 5, 0, 4, 0, 0, 1, 40, 5, 0, 1, 0, 0, 0, 0, 0, : 3, 4, 2, 5, 2, 5, 2, 1, 5, 3, 2, 1, 4, 5, 4, 1, 40, 5, 1, 
252: 0, 4, 0, 42, 5, 0, 2, 2, 0, 1, 2, 0, 0, 41, 0, 0, 0, 4, 5, 0, 2, 2, 0, 0, 0, 4, 0, 0, 0, 0, 0, 0, 0, 0, 3, 0, 1, 0, 5, 0, : 4, 42, 5, 2, 2, 1, 2, 41, 4, 5, 2, 2, 4, 3, 1, 5, 
55: 1, 0, 0, 0, 4, 3, 3, 0, 0, 3, 5, 0, 0, 0, 0, 2, 4, 1, 3, 5, 5, 0, 0, 1, 3, 4, 0, 5, 5, 0, 4, 0, 1, 0, 5, 5, 0, 0, 0, 1, : 1, 4, 3, 3, 3, 5, 2, 4, 1, 3, 5, 5, 1, 3, 4, 5, 5, 4, 1, 5, 5, 1, 
128: 5, 0, 0, 0, 0, 1, 4, 0, 3, 3, 5, 1, 5, 0, 0, 4, 0, 0, 1, 0, 3, 4, 0, 0, 1, 2, 4, 0, 0, 0, 0, 0, 0, 0, 1, 0, 0, 2, 0, 0, : 5, 1, 4, 3, 3, 5, 1, 5, 4, 1, 3, 4, 1, 2, 4, 1, 2, 
58: 0, 5, 40, 0, 41, 0, 0, 5, 0, 44, 4, 44, 1, 0, 0, 4, 0, 0, 4, 0, 0, 5, 0, 0, 0, 1, 0, 4, 0, 0, 0, 0, 0, 0, 1, 0, 0, 0, 0, 3, : 5, 40, 41, 5, 44, 4, 44, 1, 4, 4, 5, 1, 4, 1, 3, 
92: 0, 5, 1, 4, 2, 2, 0, 0, 2, 5, 4, 3, 0, 0, 4, 0, 5, 40, 4, 1, 4, 0, 1, 0, 0, 0, 0, 5, 0, 4, 0, 0, 0, 0, 2, 0, 0, 0, 0, 5, : 5, 1, 4, 2, 2, 2, 5, 4, 3, 4, 5, 40, 4, 1, 4, 1, 5, 4, 2, 5, 
77: 0, 4, 4, 2, 4, 0, 2, 2, 42, 0, 2, 0, 2, 1, 0, 0, 42, 0, 4, 4, 1, 4, 0, 4, 0, 0, 0, 5, 0, 40, 0, 40, 0, 43, 0, 0, 0, 0, 0, 0, : 4, 4, 2, 4, 2, 2, 42, 2, 2, 1, 42, 4, 4, 1, 4, 4, 5, 40, 40, 43, 
315: 4, 0, 1, 0, 1, 5, 0, 0, 2, 3, 3, 2, 4, 1, 40, 5, 4, 0, 0, 2, 0, 4, 5, 4, 0, 0, 0, 0, 3, 3, 0, 0, 2, 5, 0, 41, 0, 0, 2, 0, : 4, 1, 1, 5, 2, 3, 3, 2, 4, 1, 40, 5, 4, 2, 4, 5, 4, 3, 3, 2, 5, 41, 2, 
70: 4, 0, 0, 4, 0, 0, 0, 4, 0, 1, 2, 2, 0, 5, 0, 4, 0, 0, 0, 0, 1, 0, 3, 0, 2, 0, 43, 0, 0, 1, 2, 1, 0, 0, 0, 0, 0, 0, 5, 0, : 4, 4, 4, 1, 2, 2, 5, 4, 1, 3, 2, 43, 1, 2, 1, 5, 
171: 2, 4, 0, 5, 0, 0, 2, 5, 1, 0, 4, 5, 0, 4, 42, 4, 0, 0, 3, 5, 0, 1, 41, 5, 1, 0, 0, 0, 0, 5, 0, 0, 1, 0, 3, 0, 41, 0, 1, 0, : 2, 4, 5, 2, 5, 1, 4, 5, 4, 42, 4, 3, 5, 1, 41, 5, 1, 5, 1, 3, 41, 1, 
29: 3, 4, 1, 5, 0, 3, 40, 0, 1, 3, 4, 1, 3, 1, 0, 0, 44, 0, 0, 1, 3, 4, 5, 41, 5, 0, 0, 41, 1, 41, 1, 0, 4, 0, 0, 4, 0, 2, 0, 0, : 3, 4, 1, 5, 3, 40, 1, 3, 4, 1, 3, 1, 44, 1, 3, 4, 5, 41, 5, 41, 1, 41, 1, 4, 4, 2, 
158: 2, 0, 0, 1, 0, 2, 0, 2, 0, 0, 1, 3, 0, 0, 0, 2, 0, 0, 1, 44, 4, 4, 0, 0, 0, 0, 0, 2, 0, 0, 1, 2, 0, 3, 3, 5, 5, 42, 1, 0, : 2, 1, 2, 2, 1, 3, 2, 1, 44, 4, 4, 2, 1, 2, 3, 3, 5, 5, 42, 1, 
298: 0, 2, 0, 0, 4, 0, 1, 3, 3, 0, 5, 0, 2, 0, 0, 43, 0, 2, 2, 4, 5, 2, 0, 0, 4, 0, 0, 0, 4, 3, 0, 0, 5, 0, 0, 44, 2, 0, 5, 0, : 2, 4, 1, 3, 3, 5, 2, 43, 2, 2, 4, 5, 2, 4, 4, 3, 5, 44, 2, 5, 
307: 1, 0, 0, 0, 0, 41, 0, 2, 1, 4, 5, 0, 0, 0, 0, 3, 0, 0, 1, 5, 3, 0, 4, 0, 2, 0, 5, 1, 0, 0, 2, 4, 0, 2, 3, 0, 0, 2, 0, 0, : 1, 41, 2, 1, 4, 5, 3, 1, 5, 3, 4, 2, 5, 1, 2, 4, 2, 3, 2, 


21: 0, 0, 0, 0, 2, 0, 3, 2, 0, 1, 0, 2, 1, 5, 0, 1, 1, 2, 0, 3, 2, 0, 0, 0, 3, 2, 0, 2, 3, 0, 0, 0, 0, 5, 0, 4, 1, 4, 41, 0, : 2, 3, 2, 1, 2, 1, 5, 1, 1, 2, 3, 2, 3, 2, 2, 3, 5, 4, 1, 4, 41, 
360: 5, 4, 2, 0, 1, 0, 1, 0, 0, 0, 0, 0, 0, 40, 4, 0, 0, 1, 2, 0, 42, 0, 0, 0, 5, 1, 3, 2, 3, 0, 0, 5, 4, 0, 0, 0, 5, 0, 0, 1, : 5, 4, 2, 1, 1, 40, 4, 1, 2, 42, 5, 1, 3, 2, 3, 5, 4, 5, 1, 
359: 3, 0, 0, 0, 3, 3, 2, 1, 0, 0, 0, 5, 0, 3, 1, 0, 1, 1, 4, 0, 0, 0, 0, 0, 0, 0, 5, 2, 0, 0, 0, 2, 4, 3, 0, 44, 0, 0, 0, 0, : 3, 3, 3, 2, 1, 5, 3, 1, 1, 1, 4, 5, 2, 2, 4, 3, 44, 
309: 42, 0, 1, 0, 0, 0, 1, 0, 2, 0, 1, 0, 0, 0, 2, 2, 2, 2, 0, 2, 0, 0, 0, 5, 5, 0, 0, 40, 1, 0, 4, 0, 0, 2, 5, 3, 0, 1, 0, 3, : 42, 1, 1, 2, 1, 2, 2, 2, 2, 2, 5, 5, 40, 1, 4, 2, 5, 3, 1, 3, 
294: 1, 0, 0, 1, 5, 44, 5, 0, 0, 40, 3, 40, 0, 0, 0, 5, 5, 2, 0, 1, 4, 0, 1, 2, 1, 2, 0, 1, 1, 0, 0, 0, 4, 0, 5, 5, 5, 0, 0, 0, : 1, 1, 5, 44, 5, 40, 3, 40, 5, 5, 2, 1, 4, 1, 2, 1, 2, 1, 1, 4, 5, 5, 5, 
269: 2, 0, 0, 2, 0, 0, 5, 0, 2, 0, 5, 0, 5, 0, 0, 0, 0, 0, 0, 2, 3, 0, 4, 0, 0, 0, 0, 1, 3, 2, 0, 1, 4, 5, 5, 0, 1, 2, 0, 5, : 2, 2, 5, 2, 5, 5, 2, 3, 4, 1, 3, 2, 1, 4, 5, 5, 1, 2, 5, 
6: 0, 0, 4, 1, 0, 1, 2, 0, 0, 0, 5, 0, 0, 0, 0, 0, 0, 5, 0, 3, 1, 1, 0, 1, 1, 3, 5, 1, 4, 0, 0, 0, 0, 2, 3, 3, 0, 4, 0, 1, : 4, 1, 1, 2, 5, 5, 3, 1, 1, 1, 1, 3, 5, 1, 4, 2, 3, 3, 4, 1, 
80: 0, 5, 0, 0, 5, 0, 0, 0, 0, 0, 0, 0, 40, 0, 3, 0, 43, 0, 4, 0, 1, 0, 2, 0, 4, 0, 0, 5, 1, 0, 44, 0, 0, 2, 1, 1, 5, 5, 0, 0, : 5, 5, 40, 3, 43, 4, 1, 2, 4, 5, 1, 44, 2, 1, 1, 5, 5, 
362: 2, 0, 0, 4, 4, 4, 0, 2, 0, 5, 4, 2, 0, 0, 0, 2, 1, 0, 0, 0, 0, 0, 0, 1, 4, 0, 1, 5, 5, 0, 0, 1, 1, 5, 5, 2, 4, 5, 0, 0, : 2, 4, 4, 4, 2, 5, 4, 2, 2, 1, 1, 4, 1, 5, 5, 1, 1, 5, 5, 2, 4, 5, 
27: 1, 0, 42, 1, 0, 0, 3, 0, 5, 0, 3, 0, 0, 0, 3, 0, 0, 2, 0, 0, 3, 1, 0, 0, 0, 0, 0, 5, 4, 0, 0, 1, 1, 0, 4, 5, 4, 4, 2, 2, : 1, 42, 1, 3, 5, 3, 3, 2, 3, 1, 5, 4, 1, 1, 4, 5, 4, 4, 2, 2, 
97: 3, 0, 0, 5, 4, 5, 3, 0, 0, 0, 1, 0, 2, 0, 0, 0, 2, 2, 0, 0, 1, 0, 0, 0, 5, 0, 5, 0, 3, 0, 0, 0, 1, 4, 0, 0, 1, 0, 4, 3, : 3, 5, 4, 5, 3, 1, 2, 2, 2, 1, 5, 5, 3, 1, 4, 1, 4, 3, 
238: 2, 1, 0, 3, 2, 0, 0, 0, 0, 5, 0, 0, 0, 0, 41, 0, 4, 5, 0, 0, 0, 0, 1, 5, 2, 2, 0, 2, 5, 0, 0, 0, 1, 5, 0, 0, 0, 2, 0, 0, : 2, 1, 3, 2, 5, 41, 4, 5, 1, 5, 2, 2, 2, 5, 1, 5, 2, 
397: 4, 0, 1, 2, 3, 1, 0, 1, 0, 0, 0, 0, 0, 1, 0, 5, 0, 2, 0, 3, 1, 0, 0, 5, 1, 0, 5, 2, 4, 0, 0, 40, 3, 0, 2, 0, 40, 1, 0, 0, : 4, 1, 2, 3, 1, 1, 1, 5, 2, 3, 1, 5, 1, 5, 2, 4, 40, 3, 2, 40, 1, 
5: 3, 0, 0, 0, 5, 2, 4, 0, 1, 0, 1, 0, 5, 4, 0, 1, 0, 3, 2, 0, 0, 5, 0, 0, 4, 4, 3, 1, 5, 0, 0, 0, 1, 0, 1, 3, 0, 5, 0, 5, : 3, 5, 2, 4, 1, 1, 5, 4, 1, 3, 2, 5, 4, 4, 3, 1, 5, 1, 1, 3, 5, 5, 
188: 2, 5, 0, 1, 42, 3, 5, 5, 5, 0, 0, 1, 0, 0, 0, 2, 0, 5, 3, 4, 0, 3, 0, 40, 0, 44, 2, 4, 0, 0, 4, 0, 0, 0, 0, 5, 3, 4, 0, 0, : 2, 5, 1, 42, 3, 5, 5, 5, 1, 2, 5, 3, 4, 3, 40, 44, 2, 4, 4, 5, 3, 4, 
250: 0, 3, 0, 5, 0, 0, 3, 0, 1, 0, 4, 0, 0, 0, 1, 0, 1, 3, 5, 4, 2, 0, 1, 2, 1, 43, 0, 3, 40, 0, 3, 44, 5, 1, 0, 5, 4, 1, 5, 0, : 3, 5, 3, 1, 4, 1, 1, 3, 5, 4, 2, 1, 2, 1, 43, 3, 40, 3, 44, 5, 1, 5, 4, 1, 5, 
246: 3, 0, 0, 43, 5, 0, 0, 41, 1, 0, 3, 2, 0, 5, 0, 40, 0, 1, 0, 0, 3, 0, 1, 4, 2, 1, 0, 2, 1, 5, 0, 0, 0, 0, 4, 0, 4, 4, 0, 43, : 3, 43, 5, 41, 1, 3, 2, 5, 40, 1, 3, 1, 4, 2, 1, 2, 1, 5, 4, 4, 4, 43, 
391: 2, 3, 1, 0, 1, 2, 5, 4, 0, 4, 0, 5, 0, 0, 2, 5, 0, 1, 0, 43, 0, 0, 0, 0, 0, 0, 1, 1, 0, 3, 0, 0, 1, 0, 0, 5, 2, 4, 0, 0, : 2, 3, 1, 1, 2, 5, 4, 4, 5, 2, 5, 1, 43, 1, 1, 3, 1, 5, 2, 4, 
398: 2, 2, 0, 0, 3, 0, 1, 2, 0, 0, 0, 0, 0, 0, 1, 0, 0, 5, 0, 2, 2, 0, 1, 0, 44, 0, 0, 2, 2, 4, 0, 0, 0, 0, 0, 0, 3, 1, 3, 0, : 2, 2, 3, 1, 2, 1, 5, 2, 2, 1, 44, 2, 2, 4, 3, 1, 3, 
149: 0, 0, 3, 0, 0, 0, 0, 1, 0, 4, 0, 0, 0, 2, 4, 0, 42, 3, 0, 1, 3, 4, 5, 0, 0, 4, 5, 0, 1, 3, 41, 0, 2, 4, 0, 1, 2, 2, 4, 0, : 3, 1, 4, 2, 4, 42, 3, 1, 3, 4, 5, 4, 5, 1, 3, 41, 2, 4, 1, 2, 2, 4, 
217: 4, 0, 2, 2, 0, 0, 0, 0, 43, 0, 0, 41, 3, 0, 5, 44, 0, 2, 0, 5, 4, 43, 0, 0, 1, 0, 5, 1, 4, 0, 2, 4, 0, 1, 4, 0, 2, 2, 4, 0, : 4, 2, 2, 43, 41, 3, 5, 44, 2, 5, 4, 43, 1, 5, 1, 4, 2, 4, 1, 4, 2, 2, 4, 
374: 3, 0, 3, 0, 0, 0, 5, 0, 41, 4, 2, 0, 0, 4, 0, 0, 0, 3, 1, 5, 3, 0, 0, 0, 2, 0, 2, 3, 1, 42, 0, 0, 0, 5, 4, 0, 0, 0, 4, 0, : 3, 3, 5, 41, 4, 2, 4, 3, 1, 5, 3, 2, 2, 3, 1, 42, 5, 4, 4, 
297: 5, 0, 0, 2, 0, 0, 0, 0, 0, 0, 0, 0, 4, 0, 1, 0, 5, 1, 0, 4, 1, 4, 3, 0, 3, 1, 0, 0, 3, 44, 0, 4, 3, 2, 2, 4, 0, 0, 0, 0, : 5, 2, 4, 1, 5, 1, 4, 1, 4, 3, 3, 1, 3, 44, 4, 3, 2, 2, 4, 
105: 0, 0, 5, 0, 0, 2, 0, 0, 0, 0, 5, 1, 0, 0, 4, 0, 5, 0, 0, 3, 5, 2, 0, 40, 0, 0, 4, 3, 0, 4, 1, 0, 4, 3, 4, 2, 4, 0, 0, 0, : 5, 2, 5, 1, 4, 5, 3, 5, 2, 40, 4, 3, 4, 1, 4, 3, 4, 2, 4, 
87: 1, 40, 0, 5, 1, 0, 2, 0, 1, 0, 0, 0, 0, 0, 41, 2, 0, 2, 0, 0, 2, 0, 0, 0, 3, 2, 2, 3, 0, 4, 1, 0, 44, 5, 3, 3, 2, 0, 0, 2, : 1, 40, 5, 1, 2, 1, 41, 2, 2, 2, 3, 2, 2, 3, 4, 1, 44, 5, 3, 3, 2, 2, 
284: 0, 0, 0, 3, 1, 3, 2, 1, 0, 0, 3, 0, 2, 0, 0, 0, 0, 3, 0, 5, 5, 4, 0, 0, 3, 4, 0, 1, 1, 0, 0, 1, 1, 0, 2, 1, 4, 0, 0, 0, : 3, 1, 3, 2, 1, 3, 2, 3, 5, 5, 4, 3, 4, 1, 1, 1, 1, 2, 1, 4, 
229: 0, 0, 43, 0, 1, 1, 3, 0, 0, 0, 4, 0, 4, 0, 0, 4, 0, 0, 4, 5, 5, 5, 3, 0, 0, 0, 2, 1, 4, 0, 3, 5, 3, 0, 5, 5, 0, 0, 0, 0, : 43, 1, 1, 3, 4, 4, 4, 4, 5, 5, 5, 3, 2, 1, 4, 3, 5, 3, 5, 5, 
69: 0, 0, 0, 3, 2, 0, 0, 0, 0, 0, 5, 0, 40, 2, 0, 0, 0, 3, 0, 4, 3, 0, 4, 0, 5, 1, 2, 1, 1, 0, 3, 0, 3, 0, 1, 0, 0, 2, 0, 3, : 3, 2, 5, 40, 2, 3, 4, 3, 4, 5, 1, 2, 1, 1, 3, 3, 1, 2, 3, 
200: 2, 5, 1, 3, 4, 0, 1, 41, 0, 0, 2, 4, 4, 0, 5, 0, 1, 5, 43, 1, 1, 0, 5, 0, 5, 0, 4, 1, 2, 4, 0, 1, 5, 0, 0, 2, 2, 0, 4, 1, : 2, 5, 1, 3, 4, 1, 41, 2, 4, 4, 5, 1, 5, 43, 1, 1, 5, 5, 4, 1, 2, 4, 1, 5, 2, 2, 4, 1, 
266: 1, 0, 0, 5, 0, 0, 5, 0, 0, 2, 3, 0, 0, 0, 0, 0, 0, 5, 0, 4, 2, 1, 40, 0, 3, 4, 4, 1, 5, 0, 0, 0, 0, 0, 0, 2, 4, 5, 42, 4, : 1, 5, 5, 2, 3, 5, 4, 2, 1, 40, 3, 4, 4, 1, 5, 2, 4, 5, 42, 4, 
343: 4, 0, 0, 2, 4, 1, 0, 3, 3, 0, 0, 0, 2, 0, 1, 0, 2, 0, 0, 0, 5, 0, 1, 1, 0, 0, 1, 5, 0, 0, 0, 0, 4, 42, 3, 1, 0, 0, 1, 0, : 4, 2, 4, 1, 3, 3, 2, 1, 2, 5, 1, 1, 1, 5, 4, 42, 3, 1, 1, 
180: 4, 0, 0, 5, 5, 0, 4, 4, 5, 3, 3, 1, 0, 0, 0, 0, 0, 0, 0, 3, 0, 0, 0, 5, 0, 0, 0, 4, 0, 0, 5, 0, 3, 4, 4, 0, 3, 1, 0, 2, : 4, 5, 5, 4, 4, 5, 3, 3, 1, 3, 5, 4, 5, 3, 4, 4, 3, 1, 2, 
189: 3, 2, 0, 1, 0, 0, 4, 0, 0, 4, 4, 3, 0, 5, 1, 0, 0, 0, 44, 3, 2, 0, 0, 0, 0, 0, 2, 0, 5, 0, 0, 1, 3, 5, 0, 1, 0, 5, 5, 0, : 3, 2, 1, 4, 4, 4, 3, 5, 1, 44, 3, 2, 2, 5, 1, 3, 5, 1, 5, 5, 
196: 5, 41, 1, 0, 3, 42, 3, 2, 0, 4, 1, 5, 0, 41, 0, 0, 0, 4, 0, 5, 0, 0, 2, 0, 1, 0, 4, 1, 3, 1, 0, 0, 0, 2, 43, 5, 0, 43, 1, 1, : 5, 41, 1, 3, 42, 3, 2, 4, 1, 5, 41, 4, 5, 2, 1, 4, 1, 3, 1, 2, 43, 5, 43, 1, 1, 
274: 4, 0, 4, 5, 2, 4, 0, 5, 0, 0, 3, 0, 2, 0, 0, 0, 0, 0, 0, 0, 3, 2, 40, 0, 3, 0, 2, 5, 0, 0, 0, 3, 1, 2, 0, 0, 5, 1, 0, 0, : 4, 4, 5, 2, 4, 5, 3, 2, 3, 2, 40, 3, 2, 5, 3, 1, 2, 5, 1, 
190: 5, 2, 0, 4, 1, 2, 3, 0, 5, 0, 42, 0, 0, 5, 0, 0, 0, 3, 2, 0, 0, 0, 0, 4, 2, 0, 2, 2, 4, 1, 0, 2, 0, 1, 0, 0, 3, 0, 0, 1, : 5, 2, 4, 1, 2, 3, 5, 42, 5, 3, 2, 4, 2, 2, 2, 4, 1, 2, 1, 3, 1, 
59: 0, 1, 4, 3, 4, 0, 40, 0, 0, 0, 2, 4, 5, 2, 0, 3, 0, 41, 0, 0, 4, 40, 2, 0, 0, 0, 5, 2, 1, 0, 5, 0, 2, 1, 3, 0, 0, 4, 0, 0, : 1, 4, 3, 4, 40, 2, 4, 5, 2, 3, 41, 4, 40, 2, 5, 2, 1, 5, 2, 1, 3, 4, 
79: 2, 3, 0, 0, 0, 0, 0, 0, 0, 3, 5, 0, 1, 0, 0, 0, 5, 2, 3, 1, 4, 0, 0, 4, 4, 0, 40, 2, 0, 1, 0, 5, 5, 2, 3, 0, 5, 2, 0, 0, : 2, 3, 3, 5, 1, 5, 2, 3, 1, 4, 4, 4, 40, 2, 1, 5, 5, 2, 3, 5, 2, 
395: 0, 3, 3, 5, 3, 0, 0, 0, 0, 41, 4, 0, 0, 0, 0, 4, 0, 1, 3, 4, 0, 3, 0, 0, 3, 2, 3, 1, 0, 0, 1, 0, 4, 4, 0, 4, 0, 5, 0, 3, : 3, 3, 5, 3, 41, 4, 4, 1, 3, 4, 3, 3, 2, 3, 1, 1, 4, 4, 4, 5, 3, 
163: 0, 0, 0, 4, 4, 0, 5, 5, 5, 0, 2, 4, 0, 1, 0, 0, 0, 0, 0, 0, 3, 2, 4, 1, 0, 0, 1, 2, 0, 2, 3, 0, 3, 3, 4, 4, 2, 1, 0, 40, : 4, 4, 5, 5, 5, 2, 4, 1, 3, 2, 4, 1, 1, 2, 2, 3, 3, 3, 4, 4, 2, 1, 40, 


385: 0, 0, 0, 0, 1, 0, 3, 0, 5, 0, 0, 0, 2, 1, 41, 0, 0, 0, 0, 40, 1, 2, 3, 1, 1, 0, 3, 3, 1, 2, 0, 0, 3, 2, 5, 0, 0, 1, 4, 5, : 1, 3, 5, 2, 1, 41, 40, 1, 2, 3, 1, 1, 3, 3, 1, 2, 3, 2, 5, 1, 4, 5, 
178: 4, 4, 0, 4, 2, 0, 0, 0, 4, 0, 0, 5, 4, 2, 5, 2, 4, 1, 0, 1, 0, 41, 0, 3, 2, 3, 0, 0, 4, 0, 0, 0, 0, 0, 1, 0, 4, 4, 5, 3, : 4, 4, 4, 2, 4, 5, 4, 2, 5, 2, 4, 1, 1, 41, 3, 2, 3, 4, 1, 4, 4, 5, 3, 
101: 1, 1, 4, 0, 0, 5, 1, 4, 1, 0, 0, 0, 3, 4, 2, 43, 5, 1, 0, 0, 41, 3, 0, 0, 4, 0, 0, 3, 5, 0, 0, 1, 0, 2, 1, 0, 0, 4, 1, 3, : 1, 1, 4, 5, 1, 4, 1, 3, 4, 2, 43, 5, 1, 41, 3, 4, 3, 5, 1, 2, 1, 4, 1, 3, 
354: 2, 42, 0, 0, 0, 0, 1, 0, 0, 4, 0, 0, 0, 2, 4, 3, 5, 0, 0, 1, 0, 1, 0, 0, 0, 5, 1, 5, 5, 4, 3, 3, 0, 0, 0, 2, 4, 2, 4, 1, : 2, 42, 1, 4, 2, 4, 3, 5, 1, 1, 5, 1, 5, 5, 4, 3, 3, 2, 4, 2, 4, 1, 
35: 0, 4, 0, 4, 1, 0, 0, 5, 0, 0, 3, 1, 0, 3, 2, 0, 0, 1, 2, 0, 0, 0, 3, 0, 1, 4, 5, 2, 0, 0, 1, 3, 2, 0, 0, 1, 0, 2, 5, 0, : 4, 4, 1, 5, 3, 1, 3, 2, 1, 2, 3, 1, 4, 5, 2, 1, 3, 2, 1, 2, 5, 
208: 0, 1, 0, 0, 3, 0, 5, 0, 0, 2, 0, 0, 2, 2, 0, 0, 0, 1, 0, 0, 3, 0, 0, 0, 3, 44, 0, 2, 1, 0, 0, 1, 0, 1, 0, 3, 0, 0, 4, 0, : 1, 3, 5, 2, 2, 2, 1, 3, 3, 44, 2, 1, 1, 1, 3, 4, 
157: 3, 2, 0, 5, 1, 5, 0, 0, 1, 3, 1, 0, 0, 2, 1, 5, 0, 2, 2, 4, 3, 5, 5, 1, 0, 0, 3, 0, 3, 0, 4, 1, 2, 4, 1, 0, 0, 0, 0, 0, : 3, 2, 5, 1, 5, 1, 3, 1, 2, 1, 5, 2, 2, 4, 3, 5, 5, 1, 3, 3, 4, 1, 2, 4, 1, 
167: 0, 2, 5, 0, 1, 0, 2, 0, 0, 0, 0, 0, 0, 2, 4, 2, 0, 0, 0, 0, 0, 2, 0, 0, 3, 0, 4, 4, 0, 0, 0, 40, 1, 1, 4, 5, 5, 0, 2, 0, : 2, 5, 1, 2, 2, 4, 2, 2, 3, 4, 4, 40, 1, 1, 4, 5, 5, 2, 
357: 1, 4, 0, 0, 0, 0, 5, 3, 0, 0, 3, 0, 1, 4, 0, 1, 0, 5, 0, 0, 0, 4, 0, 0, 0, 1, 3, 3, 1, 0, 0, 0, 4, 1, 0, 0, 0, 0, 4, 0, : 1, 4, 5, 3, 3, 1, 4, 1, 5, 4, 1, 3, 3, 1, 4, 1, 4, 
160: 1, 1, 0, 0, 3, 0, 0, 0, 0, 0, 0, 2, 4, 1, 1, 5, 2, 2, 0, 2, 0, 1, 0, 1, 0, 0, 0, 5, 1, 0, 0, 0, 40, 0, 5, 1, 0, 0, 5, 1, : 1, 1, 3, 2, 4, 1, 1, 5, 2, 2, 2, 1, 1, 5, 1, 40, 5, 1, 5, 1, 
210: 5, 0, 2, 3, 1, 0, 5, 0, 0, 0, 5, 4, 4, 2, 4, 1, 0, 0, 0, 3, 0, 0, 0, 5, 0, 0, 0, 4, 4, 0, 3, 0, 41, 3, 2, 0, 0, 0, 4, 2, : 5, 2, 3, 1, 5, 5, 4, 4, 2, 4, 1, 3, 5, 4, 4, 3, 41, 3, 2, 4, 2, 
151: 4, 4, 1, 3, 0, 0, 2, 0, 1, 2, 0, 1, 4, 5, 0, 1, 0, 0, 0, 4, 0, 4, 0, 0, 44, 0, 4, 0, 5, 5, 5, 0, 1, 0, 1, 2, 0, 0, 1, 2, : 4, 4, 1, 3, 2, 1, 2, 1, 4, 5, 1, 4, 4, 44, 4, 5, 5, 5, 1, 1, 2, 1, 2, 
141: 0, 3, 0, 0, 0, 0, 0, 0, 3, 42, 0, 0, 5, 5, 1, 3, 0, 0, 5, 0, 3, 0, 44, 0, 0, 3, 3, 4, 0, 0, 0, 0, 3, 0, 5, 0, 3, 1, 4, 3, : 3, 3, 42, 5, 5, 1, 3, 5, 3, 44, 3, 3, 4, 3, 5, 3, 1, 4, 3, 
124: 3, 0, 0, 1, 0, 0, 2, 0, 1, 0, 0, 5, 5, 3, 0, 5, 0, 0, 0, 0, 3, 1, 0, 0, 1, 0, 0, 0, 5, 0, 5, 4, 0, 0, 5, 1, 41, 0, 4, 4, : 3, 1, 2, 1, 5, 5, 3, 5, 3, 1, 1, 5, 5, 4, 5, 1, 41, 4, 4, 
33: 1, 2, 3, 0, 2, 0, 4, 0, 0, 0, 0, 0, 3, 2, 0, 0, 0, 40, 0, 0, 0, 0, 0, 0, 4, 1, 0, 4, 0, 0, 3, 1, 5, 0, 0, 0, 0, 5, 3, 40, : 1, 2, 3, 2, 4, 3, 2, 40, 4, 1, 4, 3, 1, 5, 5, 3, 40, 
202: 0, 1, 4, 0, 3, 3, 4, 0, 2, 0, 1, 5, 0, 1, 0, 5, 5, 0, 42, 1, 0, 5, 1, 0, 2, 1, 1, 1, 0, 0, 3, 1, 0, 4, 0, 0, 0, 0, 2, 2, : 1, 4, 3, 3, 4, 2, 1, 5, 1, 5, 5, 42, 1, 5, 1, 2, 1, 1, 1, 3, 1, 4, 2, 2, 
7: 5, 0, 0, 43, 1, 0, 3, 0, 0, 0, 4, 0, 5, 4, 3, 2, 0, 0, 2, 0, 0, 0, 0, 0, 1, 0, 0, 3, 3, 0, 0, 0, 0, 1, 1, 0, 0, 0, 4, 3, : 5, 43, 1, 3, 4, 5, 4, 3, 2, 2, 1, 3, 3, 1, 1, 4, 3, 
334: 0, 0, 2, 0, 4, 41, 1, 0, 1, 0, 0, 2, 4, 5, 1, 2, 0, 0, 5, 0, 0, 0, 0, 0, 5, 0, 0, 2, 0, 0, 0, 0, 0, 0, 4, 0, 2, 0, 2, 0, : 2, 4, 41, 1, 1, 2, 4, 5, 1, 2, 5, 5, 2, 4, 2, 2, 
186: 5, 0, 0, 0, 0, 0, 2, 0, 0, 0, 1, 40, 0, 3, 1, 0, 0, 4, 2, 0, 0, 2, 5, 0, 4, 1, 3, 0, 5, 4, 0, 4, 0, 2, 3, 0, 0, 42, 2, 4, : 5, 2, 1, 40, 3, 1, 4, 2, 2, 5, 4, 1, 3, 5, 4, 4, 2, 3, 42, 2, 4, 
291: 40, 0, 0, 3, 2, 2, 5, 2, 0, 0, 0, 0, 43, 1, 2, 2, 0, 0, 1, 0, 1, 0, 4, 5, 5, 0, 40, 2, 4, 0, 0, 4, 0, 0, 4, 0, 2, 43, 4, 4, : 40, 3, 2, 2, 5, 2, 43, 1, 2, 2, 1, 1, 4, 5, 5, 40, 2, 4, 4, 4, 2, 43, 4, 4, 
123: 0, 0, 0, 0, 0, 4, 5, 2, 0, 0, 2, 5, 0, 4, 0, 0, 0, 0, 1, 5, 4, 3, 0, 0, 3, 0, 41, 5, 1, 0, 0, 1, 0, 0, 0, 0, 0, 3, 2, 4, : 4, 5, 2, 2, 5, 4, 1, 5, 4, 3, 3, 41, 5, 1, 1, 3, 2, 4, 
381: 0, 0, 3, 0, 4, 0, 1, 2, 0, 0, 5, 0, 1, 3, 4, 4, 5, 0, 1, 0, 44, 5, 0, 0, 4, 0, 3, 2, 1, 5, 0, 1, 1, 40, 0, 0, 0, 0, 1, 2, : 3, 4, 1, 2, 5, 1, 3, 4, 4, 5, 1, 44, 5, 4, 3, 2, 1, 5, 1, 1, 40, 1, 2, 
111: 2, 0, 0, 0, 1, 1, 0, 0, 0, 5, 0, 1, 2, 4, 4, 0, 0, 2, 1, 0, 3, 3, 0, 5, 4, 0, 3, 0, 0, 0, 41, 3, 1, 0, 0, 41, 0, 1, 3, 0, : 2, 1, 1, 5, 1, 2, 4, 4, 2, 1, 3, 3, 5, 4, 3, 41, 3, 1, 41, 1, 3, 
342: 0, 2, 1, 5, 0, 0, 4, 0, 0, 0, 0, 0, 5, 1, 4, 0, 0, 0, 0, 1, 0, 3, 1, 2, 0, 0, 0, 2, 3, 41, 3, 0, 0, 0, 0, 0, 4, 1, 1, 0, : 2, 1, 5, 4, 5, 1, 4, 1, 3, 1, 2, 2, 3, 41, 3, 4, 1, 1, 
173: 4, 2, 0, 2, 0, 0, 0, 0, 5, 41, 40, 0, 1, 3, 0, 2, 42, 3, 1, 0, 0, 1, 0, 0, 1, 0, 0, 0, 3, 3, 0, 0, 0, 0, 0, 0, 0, 0, 0, 2, : 4, 2, 2, 5, 41, 40, 1, 3, 2, 42, 3, 1, 1, 1, 3, 3, 2, 
50: 5, 5, 0, 0, 2, 3, 3, 3, 42, 4, 2, 0, 3, 3, 4, 0, 0, 2, 0, 0, 0, 2, 0, 0, 4, 1, 0, 0, 0, 0, 44, 1, 0, 44, 4, 3, 0, 4, 5, 5, : 5, 5, 2, 3, 3, 3, 42, 4, 2, 3, 3, 4, 2, 2, 4, 1, 44, 1, 44, 4, 3, 4, 5, 5, 
213: 2, 4, 0, 0, 4, 0, 1, 1, 43, 0, 3, 0, 5, 2, 0, 4, 0, 0, 0, 0, 5, 3, 0, 0, 3, 1, 0, 1, 0, 1, 0, 0, 1, 0, 2, 3, 3, 0, 5, 1, : 2, 4, 4, 1, 1, 43, 3, 5, 2, 4, 5, 3, 3, 1, 1, 1, 1, 2, 3, 3, 5, 1, 
375: 0, 5, 0, 42, 5, 0, 40, 3, 0, 0, 0, 0, 0, 3, 1, 0, 1, 0, 41, 1, 0, 3, 3, 0, 3, 5, 0, 0, 1, 0, 0, 0, 2, 0, 1, 0, 2, 1, 4, 4, : 5, 42, 5, 40, 3, 3, 1, 1, 41, 1, 3, 3, 3, 5, 1, 2, 1, 2, 1, 4, 4, 
371: 4, 1, 0, 0, 4, 0, 5, 0, 4, 4, 41, 0, 0, 5, 3, 5, 0, 43, 0, 0, 0, 2, 0, 0, 5, 0, 0, 0, 1, 1, 0, 4, 0, 0, 4, 2, 0, 0, 3, 5, : 4, 1, 4, 5, 4, 4, 41, 5, 3, 5, 43, 2, 5, 1, 1, 4, 4, 2, 3, 5, 
74: 2, 1, 0, 0, 3, 3, 0, 3, 1, 2, 0, 1, 1, 3, 3, 1, 0, 0, 2, 5, 1, 0, 1, 44, 4, 1, 0, 5, 3, 2, 4, 40, 1, 0, 3, 0, 0, 1, 4, 1, : 2, 1, 3, 3, 3, 1, 2, 1, 1, 3, 3, 1, 2, 5, 1, 1, 44, 4, 1, 5, 3, 2, 4, 40, 1, 3, 1, 4, 1, 
185: 1, 4, 0, 0, 42, 0, 3, 4, 3, 1, 0, 0, 0, 3, 3, 2, 0, 3, 1, 0, 0, 1, 2, 3, 2, 0, 0, 0, 0, 0, 0, 0, 5, 0, 1, 4, 41, 0, 2, 4, : 1, 4, 42, 3, 4, 3, 1, 3, 3, 2, 3, 1, 1, 2, 3, 2, 5, 1, 4, 41, 2, 4, 
328: 0, 1, 43, 0, 0, 0, 0, 40, 0, 0, 2, 1, 4, 5, 1, 5, 1, 4, 5, 44, 0, 2, 0, 0, 0, 42, 0, 1, 4, 0, 1, 0, 0, 0, 1, 5, 0, 0, 4, 2, : 1, 43, 40, 2, 1, 4, 5, 1, 5, 1, 4, 5, 44, 2, 42, 1, 4, 1, 1, 5, 4, 2, 
197: 2, 4, 4, 0, 3, 5, 0, 0, 0, 0, 0, 0, 2, 5, 5, 3, 1, 1, 1, 0, 0, 5, 0, 0, 0, 1, 1, 5, 4, 1, 0, 3, 0, 0, 0, 2, 0, 0, 4, 5, : 2, 4, 4, 3, 5, 2, 5, 5, 3, 1, 1, 1, 5, 1, 1, 5, 4, 1, 3, 2, 4, 5, 
199: 4, 2, 4, 0, 4, 5, 0, 5, 0, 0, 0, 3, 0, 4, 3, 5, 0, 0, 2, 0, 2, 0, 1, 2, 2, 0, 0, 0, 0, 0, 0, 0, 0, 0, 44, 2, 0, 0, 0, 2, : 4, 2, 4, 4, 5, 5, 3, 4, 3, 5, 2, 2, 1, 2, 2, 44, 2, 2, 
249: 4, 5, 0, 0, 5, 0, 0, 0, 3, 4, 0, 0, 1, 4, 1, 2, 41, 0, 0, 1, 1, 1, 0, 0, 0, 0, 0, 44, 0, 42, 0, 0, 2, 3, 0, 0, 0, 0, 3, 1, : 4, 5, 5, 3, 4, 1, 4, 1, 2, 41, 1, 1, 1, 44, 42, 2, 3, 3, 1, 
261: 4, 0, 0, 0, 4, 3, 0, 0, 0, 0, 2, 0, 1, 3, 5, 0, 5, 1, 0, 0, 5, 4, 0, 0, 0, 0, 0, 0, 40, 4, 0, 0, 0, 4, 4, 0, 4, 2, 4, 0, : 4, 4, 3, 2, 1, 3, 5, 5, 1, 5, 4, 40, 4, 4, 4, 4, 2, 4, 
56: 0, 4, 0, 0, 2, 0, 4, 40, 0, 1, 0, 0, 2, 3, 0, 4, 1, 0, 0, 1, 0, 2, 0, 0, 1, 0, 0, 1, 3, 5, 0, 1, 5, 5, 5, 0, 0, 0, 3, 4, : 4, 2, 4, 40, 1, 2, 3, 4, 1, 1, 2, 1, 1, 3, 5, 1, 5, 5, 5, 3, 4, 
373: 4, 4, 4, 5, 3, 0, 3, 0, 0, 5, 5, 44, 2, 3, 1, 1, 0, 3, 3, 2, 0, 4, 5, 5, 2, 4, 0, 0, 3, 0, 0, 3, 0, 1, 4, 40, 0, 3, 3, 1, : 4, 4, 4, 5, 3, 3, 5, 5, 44, 2, 3, 1, 1, 3, 3, 2, 4, 5, 5, 2, 4, 3, 3, 1, 4, 40, 3, 3, 1, 
28: 2, 4, 40, 0, 5, 0, 2, 3, 0, 0, 0, 0, 0, 3, 1, 0, 2, 0, 0, 4, 0, 1, 42, 43, 0, 0, 2, 5, 4, 0, 0, 0, 0, 0, 4, 3, 5, 0, 5, 0, : 2, 4, 40, 5, 2, 3, 3, 1, 2, 4, 1, 42, 43, 2, 5, 4, 4, 3, 5, 5, 
63: 5, 1, 0, 0, 4, 40, 4, 0, 0, 0, 0, 0, 1, 2, 5, 0, 0, 1, 0, 0, 0, 4, 0, 0, 2, 2, 0, 2, 2, 0, 0, 0, 0, 2, 1, 0, 0, 0, 0, 0, : 5, 1, 4, 40, 4, 1, 2, 5, 1, 4, 2, 2, 2, 2, 2, 1, 


201: 0, 0, 0, 0, 0, 5, 0, 1, 0, 0, 1, 0, 4, 0, 2, 0, 0, 0, 0, 1, 5, 3, 0, 3, 5, 1, 0, 0, 1, 0, 0, 0, 43, 1, 4, 1, 0, 2, 5, 0, : 5, 1, 1, 4, 2, 1, 5, 3, 3, 5, 1, 1, 43, 1, 4, 1, 2, 5, 
175: 1, 0, 0, 5, 0, 5, 1, 42, 0, 0, 0, 5, 1, 0, 2, 0, 0, 4, 0, 1, 0, 3, 2, 5, 2, 2, 0, 0, 0, 1, 0, 4, 0, 0, 0, 0, 0, 1, 0, 0, : 1, 5, 5, 1, 42, 5, 1, 2, 4, 1, 3, 2, 5, 2, 2, 1, 4, 1, 
376: 0, 3, 0, 0, 0, 3, 5, 0, 4, 43, 41, 0, 0, 3, 1, 0, 0, 5, 44, 0, 1, 3, 4, 2, 40, 0, 43, 2, 3, 1, 0, 1, 0, 0, 5, 0, 0, 0, 1, 0, : 3, 3, 5, 4, 43, 41, 3, 1, 5, 44, 1, 3, 4, 2, 40, 43, 2, 3, 1, 1, 5, 1, 
248: 0, 0, 0, 0, 1, 0, 1, 5, 0, 5, 0, 0, 0, 0, 2, 0, 0, 0, 4, 1, 0, 2, 0, 3, 1, 0, 5, 4, 0, 1, 3, 2, 0, 3, 0, 2, 4, 0, 0, 4, : 1, 1, 5, 5, 2, 4, 1, 2, 3, 1, 5, 4, 1, 3, 2, 3, 2, 4, 4, 
71: 1, 0, 0, 0, 0, 0, 0, 3, 1, 0, 0, 0, 0, 0, 0, 5, 0, 2, 1, 5, 3, 5, 0, 4, 0, 3, 0, 0, 0, 1, 1, 0, 0, 0, 0, 2, 0, 41, 4, 1, : 1, 3, 1, 5, 2, 1, 5, 3, 5, 4, 3, 1, 1, 2, 41, 4, 1, 
23: 2, 0, 1, 1, 0, 0, 1, 0, 0, 0, 3, 1, 0, 0, 2, 0, 2, 0, 4, 1, 0, 4, 2, 3, 0, 1, 0, 1, 3, 0, 42, 44, 0, 0, 0, 1, 0, 2, 0, 1, : 2, 1, 1, 1, 3, 1, 2, 2, 4, 1, 4, 2, 3, 1, 1, 3, 42, 44, 1, 2, 1, 
221: 0, 5, 0, 0, 40, 0, 4, 0, 0, 0, 0, 0, 0, 0, 0, 4, 0, 1, 0, 0, 2, 1, 0, 1, 5, 3, 0, 0, 3, 2, 40, 4, 0, 44, 0, 0, 0, 4, 5, 2, : 5, 40, 4, 4, 1, 2, 1, 1, 5, 3, 3, 2, 40, 4, 44, 4, 5, 2, 
289: 0, 0, 0, 0, 3, 41, 0, 0, 3, 0, 0, 4, 0, 0, 5, 5, 1, 40, 0, 0, 0, 6, 0, 0, 0, 0, 42, 0, 4, 0, 0, 0, 2, 3, 0, 0, 2, 4, 5, 0, : 3, 41, 3, 4, 5, 5, 1, 40, 6, 42, 4, 2, 3, 2, 4, 5, 
138: 0, 0, 2, 2, 0, 0, 0, 2, 4, 0, 0, 3, 0, 5, 0, 0, 0, 0, 0, 0, 2, 1, 0, 4, 5, 5, 0, 0, 3, 0, 0, 0, 0, 0, 3, 2, 41, 5, 2, 4, : 2, 2, 2, 4, 3, 5, 2, 1, 4, 5, 5, 3, 3, 2, 41, 5, 2, 4, 
109: 5, 0, 1, 0, 0, 4, 0, 3, 1, 0, 5, 2, 4, 0, 1, 0, 5, 0, 2, 0, 0, 1, 0, 0, 0, 1, 0, 1, 2, 2, 2, 0, 0, 1, 0, 0, 0, 2, 1, 0, : 5, 1, 4, 3, 1, 5, 2, 4, 1, 5, 2, 1, 1, 1, 2, 2, 2, 1, 2, 1, 
268: 5, 0, 5, 0, 0, 0, 0, 0, 0, 4, 0, 3, 2, 0, 5, 40, 0, 40, 4, 0, 1, 3, 0, 5, 0, 0, 0, 0, 0, 3, 0, 0, 0, 1, 0, 0, 0, 1, 40, 4, : 5, 5, 4, 3, 2, 5, 40, 40, 4, 1, 3, 5, 3, 1, 1, 40, 4, 
304: 2, 0, 0, 0, 2, 0, 0, 0, 4, 3, 0, 0, 0, 0, 0, 0, 0, 0, 1, 0, 1, 1, 4, 0, 0, 3, 1, 5, 1, 0, 0, 5, 40, 0, 44, 0, 5, 1, 0, 5, : 2, 2, 4, 3, 1, 1, 1, 4, 3, 1, 5, 1, 5, 40, 44, 5, 1, 5, 
68: 0, 0, 0, 0, 0, 0, 0, 5, 1, 1, 0, 3, 0, 0, 5, 0, 0, 4, 0, 4, 0, 5, 5, 1, 5, 3, 0, 0, 4, 0, 0, 0, 4, 3, 0, 0, 0, 0, 5, 4, : 5, 1, 1, 3, 5, 4, 4, 5, 5, 1, 5, 3, 4, 4, 3, 5, 4, 
198: 0, 0, 0, 0, 0, 0, 0, 0, 40, 0, 5, 4, 0, 0, 4, 0, 1, 4, 2, 0, 3, 2, 2, 3, 2, 3, 1, 0, 0, 1, 0, 0, 0, 0, 0, 5, 0, 5, 3, 2, : 40, 5, 4, 4, 1, 4, 2, 3, 2, 2, 3, 2, 3, 1, 1, 5, 5, 3, 2, 
60: 0, 3, 0, 0, 2, 0, 0, 0, 2, 0, 2, 1, 0, 0, 5, 2, 0, 0, 0, 0, 5, 3, 0, 1, 5, 5, 0, 0, 1, 3, 0, 4, 3, 1, 0, 0, 0, 0, 0, 0, : 3, 2, 2, 2, 1, 5, 2, 5, 3, 1, 5, 5, 1, 3, 4, 3, 1, 
36: 0, 0, 0, 0, 0, 0, 0, 0, 0, 0, 0, 5, 0, 0, 0, 2, 0, 0, 3, 0, 4, 3, 0, 0, 0, 3, 0, 42, 2, 40, 3, 2, 3, 0, 0, 0, 4, 0, 0, 5, : 5, 2, 3, 4, 3, 3, 42, 2, 40, 3, 2, 3, 4, 5, 
125: 0, 5, 1, 0, 0, 0, 5, 0, 0, 0, 0, 3, 0, 4, 0, 0, 44, 0, 0, 4, 0, 3, 0, 1, 0, 4, 0, 0, 4, 3, 0, 2, 0, 2, 0, 0, 0, 0, 4, 5, : 5, 1, 5, 3, 4, 44, 4, 3, 1, 4, 4, 3, 2, 2, 4, 5, 
387: 3, 0, 0, 4, 1, 0, 0, 44, 0, 2, 0, 5, 41, 3, 0, 5, 5, 5, 3, 4, 5, 3, 0, 1, 4, 0, 4, 0, 5, 0, 5, 3, 0, 0, 0, 0, 0, 0, 0, 42, : 3, 4, 1, 44, 2, 5, 41, 3, 5, 5, 5, 3, 4, 5, 3, 1, 4, 4, 5, 5, 3, 42, 
370: 0, 1, 0, 43, 1, 41, 4, 0, 0, 40, 0, 5, 3, 0, 5, 0, 4, 0, 40, 43, 1, 1, 3, 0, 0, 2, 2, 1, 5, 0, 0, 4, 0, 0, 0, 5, 1, 4, 4, 3, : 1, 43, 1, 41, 4, 40, 5, 3, 5, 4, 40, 43, 1, 1, 3, 2, 2, 1, 5, 4, 5, 1, 4, 4, 3, 
183: 1, 0, 5, 1, 1, 0, 1, 4, 0, 0, 0, 1, 40, 2, 3, 0, 0, 1, 0, 0, 0, 3, 0, 2, 5, 2, 1, 41, 3, 0, 0, 3, 0, 0, 1, 4, 0, 3, 0, 2, : 1, 5, 1, 1, 1, 4, 1, 40, 2, 3, 1, 3, 2, 5, 2, 1, 41, 3, 3, 1, 4, 3, 2, 
383: 0, 2, 1, 4, 3, 0, 2, 0, 0, 5, 2, 40, 0, 0, 0, 1, 44, 1, 0, 0, 3, 5, 0, 1, 3, 3, 1, 0, 3, 5, 2, 1, 5, 4, 0, 0, 0, 0, 5, 0, : 2, 1, 4, 3, 2, 5, 2, 40, 1, 44, 1, 3, 5, 1, 3, 3, 1, 3, 5, 2, 1, 5, 4, 5, 
8: 0, 0, 2, 0, 1, 4, 0, 2, 0, 5, 41, 0, 5, 1, 0, 0, 0, 0, 4, 1, 2, 2, 0, 1, 5, 2, 0, 0, 2, 0, 4, 0, 0, 3, 0, 1, 0, 5, 0, 2, : 2, 1, 4, 2, 5, 41, 5, 1, 4, 1, 2, 2, 1, 5, 2, 2, 4, 3, 1, 5, 2, 
81: 4, 4, 42, 0, 0, 0, 0, 0, 0, 0, 0, 4, 0, 0, 43, 0, 3, 0, 0, 41, 3, 3, 0, 2, 0, 0, 0, 0, 0, 1, 3, 4, 0, 0, 0, 0, 0, 0, 0, 0, : 4, 4, 42, 4, 43, 3, 41, 3, 3, 2, 1, 3, 4, 
148: 3, 41, 0, 0, 4, 5, 0, 4, 2, 0, 2, 0, 5, 0, 4, 1, 0, 1, 4, 0, 5, 5, 4, 0, 5, 5, 0, 0, 3, 0, 0, 5, 0, 0, 0, 2, 0, 0, 3, 4, : 3, 41, 4, 5, 4, 2, 2, 5, 4, 1, 1, 4, 5, 5, 4, 5, 5, 3, 5, 2, 3, 4, 
166: 0, 2, 0, 2, 0, 0, 4, 0, 0, 4, 5, 0, 0, 0, 0, 0, 0, 3, 0, 0, 41, 5, 0, 3, 1, 2, 0, 2, 1, 3, 0, 1, 0, 0, 0, 3, 1, 4, 1, 0, : 2, 2, 4, 4, 5, 3, 41, 5, 3, 1, 2, 2, 1, 3, 1, 3, 1, 4, 1, 
239: 0, 0, 0, 1, 0, 0, 40, 0, 0, 0, 1, 4, 0, 1, 0, 0, 0, 2, 0, 0, 3, 4, 2, 3, 0, 0, 5, 0, 0, 0, 0, 2, 5, 0, 0, 0, 0, 4, 3, 1, : 1, 40, 1, 4, 1, 2, 3, 4, 2, 3, 5, 2, 5, 4, 3, 1, 
129: 0, 0, 0, 3, 0, 3, 0, 0, 0, 0, 4, 0, 1, 40, 4, 0, 0, 0, 2, 3, 0, 3, 0, 5, 0, 0, 1, 0, 5, 5, 0, 0, 0, 4, 5, 0, 5, 1, 1, 3, : 3, 3, 4, 1, 40, 4, 2, 3, 3, 5, 1, 5, 5, 4, 5, 5, 1, 1, 3, 
263: 44, 0, 2, 0, 0, 0, 5, 1, 2, 0, 0, 4, 0, 1, 0, 3, 0, 3, 0, 4, 0, 3, 1, 0, 2, 3, 0, 0, 0, 0, 0, 1, 0, 0, 0, 40, 4, 5, 3, 0, : 44, 2, 5, 1, 2, 4, 1, 3, 3, 4, 3, 1, 2, 3, 1, 40, 4, 5, 3, 
187: 0, 1, 2, 2, 0, 0, 0, 0, 0, 1, 0, 0, 0, 5, 4, 0, 0, 0, 0, 0, 5, 3, 1, 4, 0, 2, 0, 0, 2, 0, 0, 3, 0, 0, 41, 3, 0, 2, 0, 4, : 1, 2, 2, 1, 5, 4, 5, 3, 1, 4, 2, 2, 3, 41, 3, 2, 4, 
122: 0, 2, 0, 4, 3, 0, 0, 0, 5, 0, 0, 2, 1, 0, 0, 0, 0, 0, 0, 0, 4, 3, 3, 3, 4, 0, 1, 5, 1, 0, 0, 4, 0, 0, 0, 1, 0, 2, 4, 0, : 2, 4, 3, 5, 2, 1, 4, 3, 3, 3, 4, 1, 5, 1, 4, 1, 2, 4, 
76: 0, 0, 42, 0, 3, 1, 0, 2, 5, 0, 0, 1, 5, 0, 2, 0, 0, 0, 0, 0, 0, 2, 0, 1, 4, 0, 0, 0, 2, 41, 0, 5, 2, 0, 0, 0, 3, 0, 2, 2, : 42, 3, 1, 2, 5, 1, 5, 2, 2, 1, 4, 2, 41, 5, 2, 3, 2, 2, 
144: 0, 43, 0, 0, 5, 0, 41, 0, 0, 0, 5, 5, 2, 0, 0, 0, 0, 1, 2, 0, 2, 2, 0, 3, 4, 4, 0, 0, 1, 1, 0, 3, 4, 1, 0, 1, 3, 1, 4, 0, : 43, 5, 41, 5, 5, 2, 1, 2, 2, 2, 3, 4, 4, 1, 1, 3, 4, 1, 1, 3, 1, 4, 
19: 44, 0, 0, 0, 42, 0, 4, 0, 1, 0, 0, 5, 0, 0, 4, 4, 5, 0, 0, 3, 1, 1, 2, 41, 2, 4, 0, 0, 0, 0, 0, 2, 0, 0, 0, 1, 0, 0, 0, 4, : 44, 42, 4, 1, 5, 4, 4, 5, 3, 1, 1, 2, 41, 2, 4, 2, 1, 4, 
256: 0, 0, 4, 3, 0, 0, 0, 0, 0, 0, 0, 0, 0, 41, 4, 0, 1, 0, 0, 1, 1, 1, 41, 4, 2, 2, 5, 0, 1, 0, 3, 3, 0, 1, 5, 43, 0, 2, 3, 0, : 4, 3, 41, 4, 1, 1, 1, 1, 41, 4, 2, 2, 5, 1, 3, 3, 1, 5, 43, 2, 3, 
212: 0, 0, 0, 3, 0, 1, 0, 0, 0, 2, 0, 4, 0, 0, 0, 5, 0, 3, 0, 0, 5, 3, 0, 0, 1, 44, 4, 2, 5, 0, 0, 1, 0, 0, 0, 0, 0, 1, 1, 0, : 3, 1, 2, 4, 5, 3, 5, 3, 1, 44, 4, 2, 5, 1, 1, 1, 
16: 4, 4, 0, 0, 1, 0, 0, 0, 0, 0, 0, 4, 0, 5, 4, 0, 0, 0, 0, 2, 2, 2, 0, 0, 1, 4, 4, 5, 0, 4, 1, 2, 0, 0, 4, 1, 0, 3, 2, 4, : 4, 4, 1, 4, 5, 4, 2, 2, 2, 1, 4, 4, 5, 4, 1, 2, 4, 1, 3, 2, 4, 
336: 0, 0, 5, 0, 2, 0, 0, 0, 41, 0, 0, 2, 0, 3, 1, 0, 0, 0, 0, 0, 1, 5, 0, 0, 1, 0, 0, 0, 1, 0, 4, 2, 0, 2, 4, 0, 4, 1, 0, 4, : 5, 2, 41, 2, 3, 1, 1, 5, 1, 1, 4, 2, 2, 4, 4, 1, 4, 
38: 0, 0, 0, 42, 0, 0, 0, 0, 0, 1, 3, 0, 1, 1, 3, 2, 2, 0, 0, 1, 3, 5, 0, 2, 2, 0, 0, 4, 42, 0, 1, 0, 2, 41, 0, 0, 0, 5, 2, 0, : 42, 1, 3, 1, 1, 3, 2, 2, 1, 3, 5, 2, 2, 4, 42, 1, 2, 41, 5, 2, 
112: 1, 0, 5, 0, 5, 4, 2, 0, 4, 4, 0, 0, 0, 4, 2, 0, 3, 0, 0, 0, 1, 3, 0, 3, 2, 0, 0, 0, 5, 2, 5, 0, 2, 3, 4, 0, 43, 5, 3, 3, : 1, 5, 5, 4, 2, 4, 4, 4, 2, 3, 1, 3, 3, 2, 5, 2, 5, 2, 3, 4, 43, 5, 3, 3, 
147: 0, 4, 0, 0, 0, 3, 0, 2, 0, 0, 0, 0, 5, 1, 3, 41, 0, 0, 0, 0, 5, 4, 44, 5, 2, 4, 0, 5, 2, 0, 1, 3, 5, 2, 0, 2, 0, 4, 4, 5, : 4, 3, 2, 5, 1, 3, 41, 5, 4, 44, 5, 2, 4, 5, 2, 1, 3, 5, 2, 2, 4, 4, 5, 


52: 0, 0, 5, 5, 1, 0, 0, 0, 0, 0, 0, 0, 40, 3, 5, 3, 2, 2, 5, 0, 0, 0, 5, 3, 0, 41, 40, 0, 2, 0, 2, 0, 0, 3, 0, 0, 4, 2, 0, 4, : 5, 5, 1, 40, 3, 5, 3, 2, 2, 5, 5, 3, 41, 40, 2, 2, 3, 4, 2, 4, 
17: 4, 0, 3, 1, 0, 1, 0, 0, 0, 3, 0, 41, 1, 0, 4, 4, 0, 43, 0, 0, 0, 0, 1, 1, 4, 1, 0, 0, 2, 0, 1, 0, 2, 4, 0, 3, 4, 5, 0, 0, : 4, 3, 1, 1, 3, 41, 1, 4, 4, 43, 1, 1, 4, 1, 2, 1, 2, 4, 3, 4, 5, 
41: 0, 0, 2, 2, 0, 0, 0, 4, 0, 3, 2, 3, 0, 0, 0, 0, 3, 0, 41, 0, 0, 4, 1, 3, 44, 0, 4, 0, 0, 0, 2, 0, 0, 4, 0, 3, 3, 0, 0, 3, : 2, 2, 4, 3, 2, 3, 3, 41, 4, 1, 3, 44, 4, 2, 4, 3, 3, 3, 
244: 4, 3, 1, 2, 0, 0, 0, 3, 0, 4, 3, 1, 0, 0, 3, 2, 0, 2, 0, 0, 0, 0, 1, 0, 4, 0, 0, 5, 3, 4, 0, 0, 0, 5, 0, 2, 5, 1, 5, 4, : 4, 3, 1, 2, 3, 4, 3, 1, 3, 2, 2, 1, 4, 5, 3, 4, 5, 2, 5, 1, 5, 4, 
66: 0, 1, 4, 0, 4, 2, 0, 2, 0, 0, 2, 5, 0, 2, 1, 5, 3, 1, 0, 3, 0, 0, 5, 5, 0, 0, 0, 1, 4, 2, 2, 3, 4, 2, 1, 3, 2, 0, 0, 0, : 1, 4, 4, 2, 2, 2, 5, 2, 1, 5, 3, 1, 3, 5, 5, 1, 4, 2, 2, 3, 4, 2, 1, 3, 2, 
320: 0, 0, 5, 0, 5, 5, 0, 0, 0, 40, 0, 3, 4, 2, 0, 0, 2, 4, 0, 0, 0, 0, 0, 5, 1, 3, 0, 5, 44, 5, 0, 0, 4, 3, 3, 0, 3, 1, 2, 0, : 5, 5, 5, 40, 3, 4, 2, 2, 4, 5, 1, 3, 5, 44, 5, 4, 3, 3, 3, 1, 2, 
305: 4, 0, 3, 4, 4, 2, 4, 3, 3, 4, 3, 5, 0, 3, 0, 5, 0, 2, 0, 0, 0, 0, 0, 3, 0, 0, 0, 2, 0, 0, 0, 0, 0, 3, 0, 4, 0, 0, 0, 41, : 4, 3, 4, 4, 2, 4, 3, 3, 4, 3, 5, 3, 5, 2, 3, 2, 3, 4, 41, 
94: 1, 0, 4, 3, 40, 3, 5, 1, 0, 5, 0, 0, 0, 3, 0, 0, 1, 5, 0, 1, 5, 0, 4, 3, 0, 2, 0, 0, 0, 0, 0, 0, 44, 3, 0, 0, 1, 3, 0, 0, : 1, 4, 3, 40, 3, 5, 1, 5, 3, 1, 5, 1, 5, 4, 3, 2, 44, 3, 1, 3, 
329: 5, 0, 3, 1, 0, 2, 3, 0, 0, 5, 0, 0, 0, 0, 1, 3, 5, 3, 0, 0, 4, 0, 0, 3, 0, 4, 3, 2, 4, 0, 0, 1, 0, 1, 0, 1, 1, 0, 4, 0, : 5, 3, 1, 2, 3, 5, 1, 3, 5, 3, 4, 3, 4, 3, 2, 4, 1, 1, 1, 1, 4, 
103: 0, 0, 2, 0, 0, 5, 0, 2, 0, 0, 0, 4, 1, 4, 0, 4, 3, 3, 1, 0, 0, 0, 3, 5, 0, 5, 5, 1, 2, 0, 0, 0, 0, 5, 43, 2, 2, 3, 0, 5, : 2, 5, 2, 4, 1, 4, 4, 3, 3, 1, 3, 5, 5, 5, 1, 2, 5, 43, 2, 2, 3, 5, 
168: 0, 0, 3, 0, 1, 1, 0, 2, 5, 3, 0, 0, 1, 0, 3, 0, 2, 0, 2, 0, 5, 0, 0, 44, 43, 0, 0, 1, 0, 3, 3, 0, 0, 3, 0, 1, 1, 1, 0, 0, : 3, 1, 1, 2, 5, 3, 1, 3, 2, 2, 5, 44, 43, 1, 3, 3, 3, 1, 1, 1, 
382: 0, 2, 0, 2, 0, 0, 0, 0, 2, 5, 3, 5, 5, 0, 0, 0, 3, 0, 0, 2, 4, 0, 5, 3, 3, 1, 2, 0, 2, 0, 0, 0, 0, 3, 0, 1, 0, 5, 0, 0, : 2, 2, 2, 5, 3, 5, 5, 3, 2, 4, 5, 3, 3, 1, 2, 2, 3, 1, 5, 
228: 5, 3, 5, 1, 0, 0, 0, 5, 1, 0, 0, 1, 4, 1, 0, 0, 2, 4, 0, 0, 0, 0, 0, 3, 0, 0, 4, 0, 4, 0, 4, 0, 3, 0, 0, 2, 1, 3, 2, 0, : 5, 3, 5, 1, 5, 1, 1, 4, 1, 2, 4, 3, 4, 4, 4, 3, 2, 1, 3, 2, 
11: 3, 0, 2, 4, 0, 2, 0, 0, 0, 1, 0, 0, 4, 2, 5, 1, 0, 0, 3, 0, 1, 3, 1, 1, 0, 0, 1, 0, 4, 0, 0, 0, 0, 0, 0, 0, 5, 1, 0, 0, : 3, 2, 4, 2, 1, 4, 2, 5, 1, 3, 1, 3, 1, 1, 1, 4, 5, 1, 
64: 0, 1, 1, 42, 0, 5, 2, 5, 0, 4, 0, 0, 0, 0, 0, 5, 1, 0, 0, 40, 0, 0, 0, 3, 1, 3, 0, 1, 4, 0, 0, 0, 1, 2, 0, 4, 0, 5, 0, 2, : 1, 1, 42, 5, 2, 5, 4, 5, 1, 40, 3, 1, 3, 1, 4, 1, 2, 4, 5, 2, 
184: 0, 0, 5, 1, 0, 41, 1, 0, 0, 1, 0, 4, 0, 0, 3, 4, 1, 0, 0, 2, 2, 2, 4, 0, 5, 2, 0, 0, 4, 0, 0, 0, 0, 0, 0, 5, 0, 4, 0, 3, : 5, 1, 41, 1, 1, 4, 3, 4, 1, 2, 2, 2, 4, 5, 2, 4, 5, 4, 3, 
72: 4, 0, 4, 4, 0, 5, 44, 5, 1, 1, 0, 1, 3, 0, 1, 2, 0, 1, 0, 5, 3, 1, 5, 2, 0, 0, 42, 3, 3, 0, 4, 1, 0, 2, 3, 2, 0, 0, 5, 0, : 4, 4, 4, 5, 44, 5, 1, 1, 1, 3, 1, 2, 1, 5, 3, 1, 5, 2, 42, 3, 3, 4, 1, 2, 3, 2, 5, 
10: 3, 5, 2, 0, 5, 0, 3, 1, 0, 1, 0, 5, 3, 3, 3, 0, 0, 4, 2, 1, 0, 0, 5, 4, 1, 0, 3, 0, 0, 3, 1, 4, 0, 0, 0, 40, 5, 3, 5, 0, : 3, 5, 2, 5, 3, 1, 1, 5, 3, 3, 3, 4, 2, 1, 5, 4, 1, 3, 3, 1, 4, 40, 5, 3, 5, 
286: 0, 0, 3, 5, 0, 2, 0, 2, 0, 5, 0, 5, 1, 0, 0, 5, 43, 0, 0, 0, 0, 0, 4, 3, 0, 0, 0, 0, 1, 0, 0, 43, 4, 1, 4, 2, 0, 0, 1, 0, : 3, 5, 2, 2, 5, 5, 1, 5, 43, 4, 3, 1, 43, 4, 1, 4, 2, 1, 
4: 5, 1, 2, 1, 1, 3, 0, 44, 0, 3, 0, 4, 4, 0, 0, 1, 0, 2, 0, 0, 0, 0, 5, 2, 0, 0, 0, 0, 0, 0, 0, 0, 0, 1, 0, 3, 4, 0, 0, 2, : 5, 1, 2, 1, 1, 3, 44, 3, 4, 4, 1, 2, 5, 2, 1, 3, 4, 2, 
155: 4, 0, 4, 3, 0, 0, 0, 0, 3, 2, 1, 2, 2, 0, 5, 0, 5, 0, 1, 4, 0, 1, 3, 3, 0, 0, 3, 0, 4, 0, 40, 0, 43, 0, 1, 2, 44, 3, 0, 0, : 4, 4, 3, 3, 2, 1, 2, 2, 5, 5, 1, 4, 1, 3, 3, 3, 4, 40, 43, 1, 2, 44, 3, 
47: 1, 5, 4, 2, 0, 0, 0, 1, 0, 0, 1, 0, 3, 0, 5, 0, 1, 0, 2, 0, 3, 0, 3, 0, 0, 0, 0, 0, 0, 0, 0, 0, 0, 40, 2, 0, 0, 44, 0, 0, : 1, 5, 4, 2, 1, 1, 3, 5, 1, 2, 3, 3, 40, 2, 44, 
331: 4, 0, 1, 0, 1, 5, 0, 5, 0, 3, 0, 4, 2, 0, 0, 4, 0, 0, 2, 0, 0, 40, 1, 0, 1, 1, 0, 0, 0, 3, 0, 4, 2, 5, 0, 2, 4, 0, 4, 0, : 4, 1, 1, 5, 5, 3, 4, 2, 4, 2, 40, 1, 1, 1, 3, 4, 2, 5, 2, 4, 4, 
22: 4, 0, 1, 5, 0, 0, 0, 5, 0, 1, 0, 0, 2, 0, 3, 0, 0, 0, 0, 2, 1, 4, 4, 5, 0, 0, 0, 0, 4, 0, 0, 4, 2, 1, 5, 5, 4, 3, 0, 0, : 4, 1, 5, 5, 1, 2, 3, 2, 1, 4, 4, 5, 4, 4, 2, 1, 5, 5, 4, 3, 
18: 0, 40, 3, 1, 3, 1, 0, 5, 2, 5, 0, 0, 2, 42, 3, 4, 1, 0, 0, 43, 1, 5, 0, 0, 0, 0, 2, 0, 1, 1, 0, 0, 2, 0, 5, 0, 0, 0, 0, 0, : 40, 3, 1, 3, 1, 5, 2, 5, 2, 42, 3, 4, 1, 43, 1, 5, 2, 1, 1, 2, 5, 
24: 2, 40, 0, 3, 0, 5, 0, 3, 1, 3, 0, 0, 3, 0, 4, 4, 5, 0, 44, 0, 4, 0, 0, 4, 0, 0, 0, 2, 1, 1, 3, 2, 0, 5, 0, 0, 0, 1, 1, 0, : 2, 40, 3, 5, 3, 1, 3, 3, 4, 4, 5, 44, 4, 4, 2, 1, 1, 3, 2, 5, 1, 1, 
306: 0, 1, 4, 1, 4, 2, 2, 2, 0, 0, 0, 2, 0, 41, 0, 0, 2, 0, 0, 4, 0, 0, 4, 0, 0, 0, 0, 0, 2, 4, 0, 0, 3, 1, 4, 2, 3, 1, 0, 0, : 1, 4, 1, 4, 2, 2, 2, 2, 41, 2, 4, 4, 2, 4, 3, 1, 4, 2, 3, 1, 
3: 0, 2, 1, 0, 0, 4, 0, 0, 42, 0, 43, 5, 1, 4, 0, 1, 3, 0, 0, 0, 0, 0, 1, 0, 0, 0, 0, 0, 0, 0, 0, 0, 4, 1, 1, 0, 2, 4, 3, 0, : 2, 1, 4, 42, 43, 5, 1, 4, 1, 3, 1, 4, 1, 1, 2, 4, 3, 
133: 0, 0, 1, 3, 0, 3, 2, 5, 4, 1, 4, 0, 1, 1, 0, 1, 5, 40, 0, 0, 0, 4, 0, 1, 0, 42, 1, 0, 2, 2, 5, 5, 0, 1, 3, 2, 0, 0, 1, 4, : 1, 3, 3, 2, 5, 4, 1, 4, 1, 1, 1, 5, 40, 4, 1, 42, 1, 2, 2, 5, 5, 1, 3, 2, 1, 4, 
310: 2, 0, 4, 3, 0, 1, 5, 1, 0, 4, 4, 0, 5, 0, 3, 1, 2, 0, 0, 0, 1, 2, 2, 0, 0, 2, 0, 4, 5, 0, 0, 0, 2, 0, 0, 0, 1, 1, 0, 0, : 2, 4, 3, 1, 5, 1, 4, 4, 5, 3, 1, 2, 1, 2, 2, 2, 4, 5, 2, 1, 1, 
205: 0, 0, 5, 0, 0, 4, 0, 0, 0, 2, 3, 0, 2, 0, 2, 0, 0, 0, 2, 1, 0, 0, 0, 4, 2, 1, 0, 2, 0, 1, 0, 4, 0, 2, 0, 1, 5, 4, 1, 4, : 5, 4, 2, 3, 2, 2, 2, 1, 4, 2, 1, 2, 1, 4, 2, 1, 5, 4, 1, 4, 
90: 2, 1, 5, 5, 1, 0, 0, 3, 3, 0, 0, 0, 4, 0, 3, 0, 4, 0, 4, 2, 41, 0, 2, 3, 2, 5, 2, 42, 4, 0, 2, 4, 0, 2, 0, 4, 5, 0, 2, 2, : 2, 1, 5, 5, 1, 3, 3, 4, 3, 4, 4, 2, 41, 2, 3, 2, 5, 2, 42, 4, 2, 4, 2, 4, 5, 2, 2, 
116: 4, 1, 0, 0, 0, 2, 0, 5, 41, 0, 0, 1, 2, 0, 0, 2, 1, 0, 2, 3, 0, 1, 0, 0, 0, 0, 0, 0, 4, 3, 2, 0, 0, 2, 0, 0, 0, 5, 0, 4, : 4, 1, 2, 5, 41, 1, 2, 2, 1, 2, 3, 1, 4, 3, 2, 2, 5, 4, 
218: 5, 0, 5, 2, 43, 5, 0, 0, 0, 5, 1, 4, 5, 1, 5, 2, 5, 0, 0, 3, 0, 3, 44, 3, 5, 0, 5, 0, 3, 0, 0, 0, 0, 4, 0, 5, 0, 5, 0, 41, : 5, 5, 2, 43, 5, 5, 1, 4, 5, 1, 5, 2, 5, 3, 3, 44, 3, 5, 5, 3, 4, 5, 5, 41, 
193: 0, 0, 2, 2, 5, 2, 0, 0, 0, 1, 0, 1, 4, 0, 43, 3, 3, 4, 4, 0, 42, 0, 0, 0, 0, 3, 0, 0, 1, 0, 4, 0, 0, 3, 0, 3, 2, 2, 3, 0, : 2, 2, 5, 2, 1, 1, 4, 43, 3, 3, 4, 4, 42, 3, 1, 4, 3, 3, 2, 2, 3, 
237: 44, 0, 4, 1, 2, 1, 1, 1, 4, 0, 3, 5, 2, 0, 4, 4, 0, 0, 0, 3, 0, 44, 1, 0, 0, 1, 2, 0, 3, 41, 2, 0, 0, 1, 41, 4, 2, 0, 40, 1, : 44, 4, 1, 2, 1, 1, 1, 4, 3, 5, 2, 4, 4, 3, 44, 1, 1, 2, 3, 41, 2, 1, 41, 4, 2, 40, 1, 
161: 3, 0, 4, 2, 0, 0, 4, 0, 0, 1, 44, 5, 5, 0, 2, 3, 5, 0, 5, 1, 0, 2, 3, 0, 0, 0, 0, 4, 0, 5, 0, 43, 0, 2, 4, 2, 2, 0, 0, 0, : 3, 4, 2, 4, 1, 44, 5, 5, 2, 3, 5, 5, 1, 2, 3, 4, 5, 43, 2, 4, 2, 2, 
44: 0, 5, 4, 4, 0, 5, 1, 0, 3, 1, 0, 0, 1, 0, 4, 3, 1, 0, 0, 0, 0, 0, 1, 0, 0, 3, 0, 0, 0, 0, 43, 0, 0, 3, 0, 2, 2, 0, 41, 0, : 5, 4, 4, 5, 1, 3, 1, 1, 4, 3, 1, 1, 3, 43, 3, 2, 2, 41, 
313: 5, 4, 5, 4, 0, 0, 0, 5, 0, 3, 3, 1, 3, 3, 4, 1, 1, 0, 0, 0, 0, 4, 0, 0, 0, 0, 1, 40, 0, 42, 0, 0, 0, 0, 0, 5, 1, 5, 0, 0, : 5, 4, 5, 4, 5, 3, 3, 1, 3, 3, 4, 1, 1, 4, 1, 40, 42, 5, 1, 5, 
230: 2, 5, 4, 1, 0, 1, 43, 0, 5, 0, 0, 3, 0, 5, 1, 43, 5, 0, 0, 0, 3, 0, 2, 1, 4, 0, 0, 5, 3, 0, 0, 2, 0, 2, 0, 3, 2, 5, 0, 0, : 2, 5, 4, 1, 1, 43, 5, 3, 5, 1, 43, 5, 3, 2, 1, 4, 5, 3, 2, 2, 3, 2, 5, 


251: 4, 0, 4, 0, 4, 0, 4, 0, 2, 0, 4, 0, 3, 1, 4, 0, 1, 0, 2, 5, 5, 3, 0, 0, 0, 3, 3, 0, 2, 3, 3, 0, 0, 5, 4, 0, 0, 0, 0, 1, : 4, 4, 4, 4, 2, 4, 3, 1, 4, 1, 2, 5, 5, 3, 3, 3, 2, 3, 3, 5, 4, 1, 
264: 0, 0, 0, 0, 5, 2, 0, 4, 0, 4, 2, 0, 44, 4, 0, 5, 2, 1, 42, 3, 4, 0, 0, 0, 3, 0, 5, 1, 0, 1, 5, 0, 0, 2, 0, 0, 0, 0, 0, 0, : 5, 2, 4, 4, 2, 44, 4, 5, 2, 1, 42, 3, 4, 3, 5, 1, 1, 5, 2, 
344: 0, 0, 4, 4, 0, 4, 0, 0, 2, 0, 0, 43, 4, 1, 0, 4, 1, 1, 5, 0, 0, 1, 0, 1, 5, 4, 4, 4, 0, 5, 0, 4, 0, 1, 4, 5, 0, 0, 1, 4, : 4, 4, 4, 2, 43, 4, 1, 4, 1, 1, 5, 1, 1, 5, 4, 4, 4, 5, 4, 1, 4, 5, 1, 4, 
341: 5, 2, 1, 2, 3, 3, 42, 4, 2, 5, 5, 0, 2, 0, 0, 0, 2, 4, 0, 0, 0, 2, 4, 5, 5, 1, 4, 2, 2, 2, 0, 0, 44, 2, 1, 4, 0, 2, 1, 43, : 5, 2, 1, 2, 3, 3, 42, 4, 2, 5, 5, 2, 2, 4, 2, 4, 5, 5, 1, 4, 2, 2, 2, 44, 2, 1, 4, 2, 1, 43, 
132: 2, 5, 0, 2, 4, 3, 0, 2, 0, 0, 5, 0, 2, 0, 1, 0, 4, 1, 0, 5, 0, 0, 2, 0, 0, 0, 0, 3, 5, 5, 0, 1, 0, 1, 0, 1, 0, 0, 2, 0, : 2, 5, 2, 4, 3, 2, 5, 2, 1, 4, 1, 5, 2, 3, 5, 5, 1, 1, 1, 2, 
219: 0, 0, 0, 3, 44, 0, 0, 43, 1, 3, 3, 0, 3, 2, 0, 1, 2, 0, 0, 1, 0, 1, 0, 1, 4, 1, 4, 0, 2, 0, 2, 0, 0, 1, 2, 0, 0, 0, 0, 0, : 3, 44, 43, 1, 3, 3, 3, 2, 1, 2, 1, 1, 1, 4, 1, 4, 2, 2, 1, 2, 
345: 0, 0, 2, 0, 0, 0, 4, 2, 0, 0, 1, 2, 0, 0, 0, 3, 1, 4, 2, 3, 0, 0, 0, 5, 0, 4, 0, 3, 1, 4, 1, 0, 0, 3, 3, 0, 0, 0, 0, 0, : 2, 4, 2, 1, 2, 3, 1, 4, 2, 3, 5, 4, 3, 1, 4, 1, 3, 3, 
86: 1, 0, 3, 5, 4, 3, 1, 3, 0, 0, 0, 4, 3, 0, 0, 1, 0, 0, 0, 3, 1, 0, 0, 0, 5, 2, 0, 2, 4, 4, 4, 0, 0, 0, 0, 0, 0, 5, 0, 3, : 1, 3, 5, 4, 3, 1, 3, 4, 3, 1, 3, 1, 5, 2, 2, 4, 4, 4, 5, 3, 
176: 40, 0, 4, 0, 3, 40, 0, 2, 0, 0, 42, 2, 3, 0, 0, 0, 5, 3, 5, 2, 4, 3, 2, 1, 3, 4, 3, 0, 3, 2, 1, 0, 5, 2, 3, 0, 0, 0, 5, 4, : 40, 4, 3, 40, 2, 42, 2, 3, 5, 3, 5, 2, 4, 3, 2, 1, 3, 4, 3, 3, 2, 1, 5, 2, 3, 5, 4, 
130: 4, 5, 0, 4, 0, 1, 0, 2, 5, 0, 3, 0, 0, 0, 0, 44, 0, 4, 5, 0, 0, 0, 1, 0, 0, 5, 1, 2, 0, 4, 0, 1, 5, 1, 0, 0, 40, 3, 0, 5, : 4, 5, 4, 1, 2, 5, 3, 44, 4, 5, 1, 5, 1, 2, 4, 1, 5, 1, 40, 3, 5, 
316: 0, 43, 2, 3, 5, 3, 1, 2, 0, 0, 2, 0, 4, 1, 0, 5, 5, 1, 0, 3, 0, 5, 0, 1, 2, 0, 5, 0, 0, 1, 3, 0, 0, 0, 0, 0, 1, 0, 0, 0, : 43, 2, 3, 5, 3, 1, 2, 2, 4, 1, 5, 5, 1, 3, 5, 1, 2, 5, 1, 3, 1, 
235: 0, 0, 2, 0, 2, 0, 0, 5, 40, 0, 0, 3, 4, 0, 2, 2, 5, 4, 3, 0, 0, 0, 0, 2, 3, 1, 0, 3, 3, 0, 1, 1, 5, 0, 3, 0, 0, 0, 41, 0, : 2, 2, 5, 40, 3, 4, 2, 2, 5, 4, 3, 2, 3, 1, 3, 3, 1, 1, 5, 3, 41, 
270: 0, 0, 0, 0, 2, 3, 2, 2, 0, 0, 3, 0, 1, 0, 0, 5, 5, 2, 2, 2, 5, 0, 0, 2, 4, 5, 0, 0, 1, 3, 0, 0, 0, 2, 5, 40, 0, 0, 0, 1, : 2, 3, 2, 2, 3, 1, 5, 5, 2, 2, 2, 5, 2, 4, 5, 1, 3, 2, 5, 40, 1, 
302: 2, 0, 5, 0, 5, 4, 0, 3, 0, 3, 3, 5, 0, 0, 4, 2, 0, 4, 2, 2, 0, 1, 1, 5, 1, 2, 3, 4, 0, 0, 5, 3, 0, 5, 0, 1, 5, 0, 0, 2, : 2, 5, 5, 4, 3, 3, 3, 5, 4, 2, 4, 2, 2, 1, 1, 5, 1, 2, 3, 4, 5, 3, 5, 1, 5, 2, 
126: 2, 0, 1, 3, 0, 0, 3, 1, 0, 0, 3, 0, 0, 43, 42, 5, 2, 44, 3, 0, 0, 0, 0, 0, 0, 5, 3, 5, 0, 1, 1, 3, 1, 0, 0, 1, 4, 0, 3, 0, : 2, 1, 3, 3, 1, 3, 43, 42, 5, 2, 44, 3, 5, 3, 5, 1, 1, 3, 1, 1, 4, 3, 
203: 0, 0, 1, 2, 5, 5, 0, 2, 0, 0, 0, 0, 2, 0, 1, 0, 1, 2, 0, 3, 40, 2, 44, 2, 0, 0, 5, 5, 0, 1, 42, 2, 0, 4, 0, 0, 0, 4, 1, 0, : 1, 2, 5, 5, 2, 2, 1, 1, 2, 3, 40, 2, 44, 2, 5, 5, 1, 42, 2, 4, 4, 1, 
226: 0, 0, 4, 0, 3, 3, 0, 3, 3, 41, 5, 4, 4, 0, 0, 1, 4, 5, 0, 0, 0, 0, 44, 1, 3, 44, 2, 1, 1, 1, 1, 1, 0, 4, 0, 2, 0, 0, 0, 4, : 4, 3, 3, 3, 3, 41, 5, 4, 4, 1, 4, 5, 44, 1, 3, 44, 2, 1, 1, 1, 1, 1, 4, 2, 4, 
367: 0, 0, 1, 5, 0, 1, 0, 0, 0, 4, 0, 0, 0, 4, 5, 0, 1, 0, 0, 0, 0, 0, 4, 0, 1, 3, 1, 5, 4, 0, 2, 0, 1, 2, 1, 0, 0, 42, 3, 0, : 1, 5, 1, 4, 4, 5, 1, 4, 1, 3, 1, 5, 4, 2, 1, 2, 1, 42, 3, 
32: 0, 0, 0, 5, 0, 1, 3, 2, 41, 0, 1, 0, 0, 0, 1, 1, 0, 3, 2, 41, 42, 0, 0, 3, 2, 1, 1, 5, 44, 5, 0, 0, 0, 2, 4, 0, 0, 0, 2, 4, : 5, 1, 3, 2, 41, 1, 1, 1, 3, 2, 41, 42, 3, 2, 1, 1, 5, 44, 5, 2, 4, 2, 4, 
346: 0, 2, 0, 4, 4, 4, 4, 1, 0, 1, 3, 0, 3, 1, 0, 4, 40, 3, 3, 4, 0, 0, 0, 4, 0, 4, 0, 3, 1, 4, 1, 2, 2, 4, 2, 2, 0, 5, 0, 2, : 2, 4, 4, 4, 4, 1, 1, 3, 3, 1, 4, 40, 3, 3, 4, 4, 4, 3, 1, 4, 1, 2, 2, 4, 2, 2, 5, 2, 
13: 41, 3, 2, 3, 0, 0, 1, 0, 2, 5, 4, 0, 0, 0, 0, 2, 0, 0, 0, 3, 0, 3, 0, 0, 0, 2, 5, 2, 1, 1, 1, 5, 0, 0, 0, 0, 4, 0, 0, 0, : 41, 3, 2, 3, 1, 2, 5, 4, 2, 3, 3, 2, 5, 2, 1, 1, 1, 5, 4, 
194: 4, 0, 5, 1, 0, 5, 0, 5, 1, 0, 0, 0, 1, 4, 0, 4, 2, 2, 0, 4, 1, 0, 1, 5, 4, 1, 42, 0, 1, 4, 0, 3, 5, 0, 0, 4, 2, 0, 0, 2, : 4, 5, 1, 5, 5, 1, 1, 4, 4, 2, 2, 4, 1, 1, 5, 4, 1, 42, 1, 4, 3, 5, 4, 2, 2, 
295: 0, 0, 2, 0, 3, 0, 3, 5, 2, 2, 0, 0, 0, 0, 5, 3, 2, 1, 4, 1, 0, 0, 0, 42, 0, 0, 0, 2, 4, 0, 5, 1, 2, 0, 0, 0, 1, 3, 2, 5, : 2, 3, 3, 5, 2, 2, 5, 3, 2, 1, 4, 1, 42, 2, 4, 5, 1, 2, 1, 3, 2, 5, 
75: 0, 0, 0, 0, 5, 3, 3, 3, 3, 0, 4, 4, 1, 0, 0, 0, 0, 2, 5, 0, 0, 0, 1, 3, 0, 2, 0, 3, 0, 5, 0, 0, 43, 5, 0, 4, 0, 0, 1, 0, : 5, 3, 3, 3, 3, 4, 4, 1, 2, 5, 1, 3, 2, 3, 5, 43, 5, 4, 1, 
12: 0, 0, 4, 1, 0, 3, 1, 0, 0, 0, 0, 0, 1, 1, 0, 0, 0, 0, 2, 3, 5, 4, 4, 3, 40, 0, 1, 2, 5, 0, 4, 0, 2, 2, 0, 0, 3, 0, 4, 5, : 4, 1, 3, 1, 1, 1, 2, 3, 5, 4, 4, 3, 40, 1, 2, 5, 4, 2, 2, 3, 4, 5, 
327: 0, 0, 5, 4, 0, 2, 1, 3, 5, 2, 5, 0, 4, 44, 0, 3, 5, 2, 2, 3, 0, 0, 0, 2, 3, 0, 1, 1, 0, 2, 3, 41, 0, 3, 0, 0, 3, 0, 0, 5, : 5, 4, 2, 1, 3, 5, 2, 5, 4, 44, 3, 5, 2, 2, 3, 2, 3, 1, 1, 2, 3, 41, 3, 3, 5, 
1: 2, 0, 1, 0, 0, 0, 0, 5, 0, 0, 2, 0, 3, 5, 0, 0, 4, 0, 0, 4, 3, 43, 0, 4, 5, 2, 2, 0, 1, 5, 0, 1, 0, 2, 2, 0, 3, 4, 0, 2, : 2, 1, 5, 2, 3, 5, 4, 4, 3, 43, 4, 5, 2, 2, 1, 5, 1, 2, 2, 3, 4, 2, 
326: 4, 0, 0, 0, 0, 4, 0, 1, 2, 0, 5, 0, 0, 0, 2, 5, 4, 0, 2, 4, 0, 0, 0, 3, 0, 5, 3, 40, 3, 42, 1, 0, 2, 0, 0, 0, 0, 1, 44, 4, : 4, 4, 1, 2, 5, 2, 5, 4, 2, 4, 3, 5, 3, 40, 3, 42, 1, 2, 1, 44, 4, 
31: 0, 5, 1, 0, 2, 0, 0, 1, 0, 2, 1, 0, 4, 0, 3, 0, 3, 3, 3, 1, 3, 0, 4, 1, 4, 0, 0, 0, 1, 2, 5, 1, 0, 1, 0, 0, 44, 0, 0, 0, : 5, 1, 2, 1, 2, 1, 4, 3, 3, 3, 3, 1, 3, 4, 1, 4, 1, 2, 5, 1, 1, 44, 
106: 1, 0, 1, 1, 0, 0, 0, 3, 0, 2, 2, 0, 0, 0, 1, 2, 2, 5, 2, 1, 2, 0, 0, 3, 2, 0, 2, 5, 1, 0, 4, 41, 0, 1, 0, 0, 0, 3, 0, 5, : 1, 1, 1, 3, 2, 2, 1, 2, 2, 5, 2, 1, 2, 3, 2, 2, 5, 1, 4, 41, 1, 3, 5, 
120: 0, 0, 2, 5, 4, 2, 2, 1, 0, 3, 0, 0, 5, 0, 1, 0, 3, 0, 0, 1, 1, 0, 5, 2, 3, 0, 5, 1, 0, 4, 1, 0, 0, 4, 0, 44, 0, 43, 0, 3, : 2, 5, 4, 2, 2, 1, 3, 5, 1, 3, 1, 1, 5, 2, 3, 5, 1, 4, 1, 4, 44, 43, 3, 
356: 0, 3, 3, 5, 0, 3, 1, 3, 0, 1, 3, 0, 4, 0, 0, 4, 0, 0, 2, 0, 0, 0, 1, 1, 1, 5, 0, 5, 3, 3, 1, 0, 0, 3, 0, 0, 0, 0, 1, 0, : 3, 3, 5, 3, 1, 3, 1, 3, 4, 4, 2, 1, 1, 1, 5, 5, 3, 3, 1, 3, 1, 
26: 0, 3, 0, 2, 2, 5, 0, 0, 0, 0, 0, 0, 0, 3, 3, 0, 0, 5, 1, 0, 0, 5, 0, 2, 5, 0, 2, 0, 5, 0, 3, 0, 1, 3, 0, 0, 0, 0, 1, 5, : 3, 2, 2, 5, 3, 3, 5, 1, 5, 2, 5, 2, 5, 3, 1, 3, 1, 5, 
258: 0, 3, 0, 2, 0, 2, 0, 0, 0, 0, 0, 0, 5, 1, 0, 0, 2, 0, 0, 0, 0, 0, 0, 1, 2, 0, 1, 0, 0, 0, 5, 0, 0, 43, 0, 0, 0, 0, 2, 5, : 3, 2, 2, 5, 1, 2, 1, 2, 1, 5, 43, 2, 5, 
14: 4, 0, 5, 0, 4, 1, 0, 0, 2, 0, 3, 5, 2, 2, 3, 1, 2, 4, 3, 4, 0, 0, 0, 2, 4, 2, 3, 2, 5, 1, 0, 5, 0, 5, 0, 3, 0, 1, 0, 0, : 4, 5, 4, 1, 2, 3, 5, 2, 2, 3, 1, 2, 4, 3, 4, 2, 4, 2, 3, 2, 5, 1, 5, 5, 3, 1, 
142: 4, 0, 3, 0, 0, 3, 43, 1, 0, 0, 5, 5, 0, 0, 0, 3, 0, 5, 5, 0, 0, 0, 2, 2, 1, 4, 4, 1, 0, 4, 3, 0, 0, 0, 0, 0, 0, 2, 3, 5, : 4, 3, 3, 43, 1, 5, 5, 3, 5, 5, 2, 2, 1, 4, 4, 1, 4, 3, 2, 3, 5, 
136: 0, 0, 3, 1, 4, 0, 0, 1, 3, 42, 0, 0, 0, 0, 41, 0, 1, 0, 2, 5, 4, 2, 0, 3, 0, 0, 1, 0, 4, 0, 5, 1, 0, 1, 0, 1, 0, 0, 0, 0, : 3, 1, 4, 1, 3, 42, 41, 1, 2, 5, 4, 2, 3, 1, 4, 5, 1, 1, 1, 
102: 0, 0, 2, 5, 0, 2, 1, 2, 0, 0, 0, 43, 4, 0, 0, 2, 3, 0, 4, 3, 0, 41, 0, 1, 5, 4, 0, 4, 5, 1, 1, 0, 0, 4, 41, 0, 0, 2, 1, 0, : 2, 5, 2, 1, 2, 43, 4, 2, 3, 4, 3, 41, 1, 5, 4, 4, 5, 1, 1, 4, 41, 2, 1, 
349: 0, 41, 42, 5, 3, 4, 0, 0, 4, 0, 1, 0, 4, 3, 1, 3, 4, 3, 4, 5, 0, 4, 0, 5, 0, 0, 0, 0, 5, 0, 1, 3, 0, 2, 3, 4, 5, 0, 0, 1, : 41, 42, 5, 3, 4, 4, 1, 4, 3, 1, 3, 4, 3, 4, 5, 4, 5, 5, 1, 3, 2, 3, 4, 5, 1, 
2: 0, 5, 5, 43, 0, 1, 0, 3, 0, 0, 0, 0, 0, 0, 0, 5, 2, 2, 3, 1, 0, 0, 0, 2, 0, 4, 4, 4, 3, 0, 5, 0, 2, 0, 42, 4, 5, 0, 2, 0, : 5, 5, 43, 1, 3, 5, 2, 2, 3, 1, 2, 4, 4, 4, 3, 5, 2, 42, 4, 5, 2, 


43: 2, 0, 0, 0, 2, 0, 5, 0, 1, 0, 4, 0, 3, 2, 5, 0, 0, 5, 3, 0, 0, 4, 1, 4, 0, 0, 0, 1, 0, 0, 0, 2, 1, 4, 0, 5, 44, 0, 5, 4, : 2, 2, 5, 1, 4, 3, 2, 5, 5, 3, 4, 1, 4, 1, 2, 1, 4, 5, 44, 5, 4, 
191: 1, 0, 0, 0, 1, 0, 2, 0, 0, 0, 4, 0, 0, 0, 0, 1, 3, 1, 0, 5, 1, 2, 2, 4, 41, 0, 1, 0, 44, 3, 4, 3, 3, 41, 0, 3, 0, 0, 0, 0, : 1, 1, 2, 4, 1, 3, 1, 5, 1, 2, 2, 4, 41, 1, 44, 3, 4, 3, 3, 41, 3, 
265: 0, 0, 2, 4, 1, 5, 5, 5, 0, 0, 0, 1, 1, 0, 0, 2, 0, 0, 0, 0, 5, 0, 3, 3, 5, 40, 0, 0, 0, 1, 5, 5, 0, 5, 0, 2, 3, 0, 0, 0, : 2, 4, 1, 5, 5, 5, 1, 1, 2, 5, 3, 3, 5, 40, 1, 5, 5, 5, 2, 3, 
34: 2, 1, 3, 0, 2, 0, 4, 0, 2, 0, 0, 0, 0, 3, 0, 5, 0, 1, 3, 0, 0, 0, 1, 3, 4, 0, 3, 0, 0, 4, 0, 1, 3, 5, 1, 1, 0, 0, 0, 4, : 2, 1, 3, 2, 4, 2, 3, 5, 1, 3, 1, 3, 4, 3, 4, 1, 3, 5, 1, 1, 4, 
276: 0, 0, 0, 3, 2, 0, 5, 4, 0, 3, 0, 2, 4, 0, 42, 1, 1, 1, 5, 5, 1, 2, 2, 0, 0, 1, 0, 2, 2, 0, 0, 1, 4, 2, 44, 1, 3, 3, 5, 4, : 3, 2, 5, 4, 3, 2, 4, 42, 1, 1, 1, 5, 5, 1, 2, 2, 1, 2, 2, 1, 4, 2, 44, 1, 3, 3, 5, 4, 
108: 40, 0, 0, 44, 5, 3, 0, 44, 0, 0, 0, 0, 0, 0, 0, 0, 0, 3, 4, 0, 40, 2, 3, 1, 4, 0, 0, 0, 0, 0, 0, 2, 2, 4, 1, 0, 2, 5, 0, 3, : 40, 44, 5, 3, 44, 3, 4, 40, 2, 3, 1, 4, 2, 2, 4, 1, 2, 5, 3, 
323: 0, 0, 0, 0, 0, 0, 5, 3, 0, 0, 0, 2, 0, 2, 0, 5, 0, 1, 0, 1, 0, 0, 2, 0, 5, 0, 2, 0, 0, 0, 0, 2, 5, 0, 41, 0, 2, 0, 5, 2, : 5, 3, 2, 2, 5, 1, 1, 2, 5, 2, 2, 5, 41, 2, 5, 2, 
211: 1, 0, 0, 0, 3, 0, 5, 1, 1, 0, 0, 0, 0, 0, 0, 0, 0, 1, 0, 0, 5, 4, 2, 1, 0, 5, 0, 0, 0, 1, 0, 1, 2, 4, 0, 1, 5, 2, 3, 0, : 1, 3, 5, 1, 1, 1, 5, 4, 2, 1, 5, 1, 1, 2, 4, 1, 5, 2, 3, 
396: 3, 5, 0, 3, 5, 4, 2, 5, 1, 0, 5, 1, 5, 0, 5, 0, 0, 4, 0, 1, 5, 4, 1, 0, 5, 5, 0, 0, 0, 0, 0, 0, 0, 0, 0, 5, 0, 3, 0, 0, : 3, 5, 3, 5, 4, 2, 5, 1, 5, 1, 5, 5, 4, 1, 5, 4, 1, 5, 5, 5, 3, 
214: 0, 0, 5, 3, 0, 3, 5, 0, 3, 2, 4, 0, 0, 4, 0, 0, 4, 1, 4, 1, 4, 41, 1, 4, 0, 0, 0, 0, 3, 0, 1, 4, 2, 2, 0, 0, 0, 0, 40, 3, : 5, 3, 3, 5, 3, 2, 4, 4, 4, 1, 4, 1, 4, 41, 1, 4, 3, 1, 4, 2, 2, 40, 3, 
262: 42, 2, 2, 0, 0, 5, 0, 5, 0, 0, 0, 0, 0, 0, 5, 3, 0, 1, 0, 0, 0, 2, 1, 0, 5, 0, 0, 5, 0, 2, 0, 3, 0, 0, 0, 2, 0, 0, 0, 0, : 42, 2, 2, 5, 5, 5, 3, 1, 2, 1, 5, 5, 2, 3, 2, 
283: 0, 0, 0, 5, 5, 0, 0, 4, 0, 2, 0, 0, 4, 3, 0, 40, 0, 5, 1, 0, 2, 0, 3, 0, 2, 0, 3, 3, 2, 4, 0, 40, 1, 0, 5, 0, 0, 0, 0, 0, : 5, 5, 4, 2, 4, 3, 40, 5, 1, 2, 3, 2, 3, 3, 2, 4, 40, 1, 5, 
179: 0, 0, 0, 0, 4, 1, 0, 5, 0, 0, 0, 4, 0, 5, 2, 0, 0, 4, 0, 4, 0, 5, 5, 1, 1, 2, 0, 0, 0, 0, 0, 4, 4, 0, 5, 3, 2, 2, 0, 3, : 4, 1, 5, 4, 5, 2, 4, 4, 5, 5, 1, 1, 2, 4, 4, 5, 3, 2, 2, 3, 
369: 0, 1, 0, 0, 5, 2, 4, 0, 0, 5, 0, 0, 0, 0, 0, 4, 1, 41, 0, 0, 0, 0, 4, 41, 0, 1, 1, 0, 3, 0, 3, 0, 0, 2, 0, 2, 4, 0, 0, 3, : 1, 5, 2, 4, 5, 4, 1, 41, 4, 41, 1, 1, 3, 3, 2, 2, 4, 3, 
394: 0, 0, 0, 0, 3, 1, 0, 0, 5, 0, 3, 0, 0, 2, 0, 0, 0, 0, 3, 0, 0, 0, 0, 0, 2, 0, 2, 0, 5, 1, 40, 4, 5, 0, 0, 0, 1, 40, 1, 5, : 3, 1, 5, 3, 2, 3, 2, 2, 5, 1, 40, 4, 5, 1, 40, 1, 5, 
89: 3, 0, 0, 1, 0, 0, 0, 1, 0, 0, 4, 2, 0, 0, 0, 2, 3, 3, 0, 0, 0, 0, 3, 0, 0, 0, 1, 0, 2, 2, 0, 4, 5, 5, 4, 2, 2, 0, 5, 4, : 3, 1, 1, 4, 2, 2, 3, 3, 3, 1, 2, 2, 4, 5, 5, 4, 2, 2, 5, 4, 
338: 0, 44, 0, 2, 0, 0, 0, 1, 41, 5, 0, 3, 2, 0, 4, 0, 0, 2, 4, 0, 0, 5, 3, 0, 0, 0, 1, 1, 1, 40, 0, 1, 2, 5, 3, 2, 0, 0, 0, 4, : 44, 2, 1, 41, 5, 3, 2, 4, 2, 4, 5, 3, 1, 1, 1, 40, 1, 2, 5, 3, 2, 4, 
287: 0, 0, 0, 0, 2, 5, 41, 4, 0, 1, 0, 1, 0, 1, 0, 5, 3, 0, 4, 0, 0, 3, 4, 4, 0, 0, 0, 43, 0, 0, 1, 0, 4, 0, 0, 1, 1, 0, 0, 5, : 2, 5, 41, 4, 1, 1, 1, 5, 3, 4, 3, 4, 4, 43, 1, 4, 1, 1, 5, 
358: 0, 40, 4, 0, 3, 41, 1, 0, 0, 4, 0, 44, 0, 0, 1, 0, 0, 4, 0, 1, 0, 4, 1, 2, 3, 0, 0, 0, 0, 0, 0, 3, 1, 0, 0, 0, 5, 4, 0, 0, : 40, 4, 3, 41, 1, 4, 44, 1, 4, 1, 4, 1, 2, 3, 3, 1, 5, 4, 
85: 5, 0, 0, 0, 0, 5, 3, 5, 0, 0, 0, 0, 3, 0, 0, 1, 0, 2, 5, 0, 0, 0, 5, 5, 3, 2, 0, 0, 0, 0, 0, 3, 43, 0, 0, 4, 4, 5, 0, 4, : 5, 5, 3, 5, 3, 1, 2, 5, 5, 5, 3, 2, 3, 43, 4, 4, 5, 4, 
99: 0, 4, 2, 3, 3, 5, 0, 3, 0, 0, 41, 0, 3, 0, 0, 0, 0, 0, 4, 0, 5, 0, 41, 2, 4, 0, 0, 0, 3, 1, 2, 2, 4, 0, 0, 0, 5, 0, 0, 3, : 4, 2, 3, 3, 5, 3, 41, 3, 4, 5, 41, 2, 4, 3, 1, 2, 2, 4, 5, 3, 
366: 0, 0, 0, 5, 0, 0, 0, 0, 0, 42, 0, 4, 0, 0, 0, 1, 1, 0, 44, 0, 0, 2, 0, 3, 1, 0, 0, 0, 0, 4, 0, 2, 1, 4, 3, 1, 4, 3, 0, 0, : 5, 42, 4, 1, 1, 44, 2, 3, 1, 4, 2, 1, 4, 3, 1, 4, 3, 
54: 5, 0, 0, 0, 2, 4, 2, 0, 2, 0, 0, 0, 42, 0, 40, 0, 42, 0, 0, 0, 0, 3, 0, 5, 2, 2, 41, 0, 2, 3, 43, 0, 0, 5, 0, 4, 0, 1, 0, 5, : 5, 2, 4, 2, 2, 42, 40, 42, 3, 5, 2, 2, 41, 2, 3, 43, 5, 4, 1, 5, 
351: 5, 0, 0, 0, 0, 0, 3, 0, 0, 0, 44, 0, 0, 44, 0, 0, 0, 0, 4, 0, 1, 2, 1, 0, 4, 0, 2, 4, 0, 3, 0, 3, 4, 5, 3, 4, 3, 0, 0, 0, : 5, 3, 44, 44, 4, 1, 2, 1, 4, 2, 4, 3, 3, 4, 5, 3, 4, 3, 
67: 0, 0, 3, 0, 1, 2, 0, 4, 5, 0, 0, 2, 0, 4, 5, 0, 0, 4, 0, 4, 1, 2, 0, 2, 2, 1, 5, 0, 1, 42, 4, 1, 0, 0, 0, 0, 5, 2, 4, 0, : 3, 1, 2, 4, 5, 2, 4, 5, 4, 4, 1, 2, 2, 2, 1, 5, 1, 42, 4, 1, 5, 2, 4, 
312: 2, 0, 41, 0, 0, 5, 5, 3, 4, 0, 0, 0, 0, 41, 3, 0, 0, 3, 0, 4, 0, 0, 4, 4, 1, 40, 43, 0, 0, 0, 4, 4, 4, 0, 0, 5, 0, 42, 0, 40, : 2, 41, 5, 5, 3, 4, 41, 3, 3, 4, 4, 4, 1, 40, 43, 4, 4, 4, 5, 42, 40, 
118: 0, 0, 0, 0, 42, 0, 4, 0, 0, 3, 0, 0, 1, 0, 4, 0, 0, 1, 1, 44, 41, 0, 1, 3, 0, 0, 2, 0, 0, 0, 0, 3, 3, 0, 0, 4, 4, 1, 42, 4, : 42, 4, 3, 1, 4, 1, 1, 44, 41, 1, 3, 2, 3, 3, 4, 4, 1, 42, 4, 
117: 0, 2, 5, 0, 0, 0, 2, 4, 44, 0, 0, 5, 1, 0, 0, 1, 5, 1, 1, 0, 0, 4, 5, 3, 0, 0, 0, 5, 0, 0, 0, 0, 0, 2, 0, 0, 0, 2, 0, 1, : 2, 5, 2, 4, 44, 5, 1, 1, 5, 1, 1, 4, 5, 3, 5, 2, 2, 1, 
278: 0, 2, 0, 0, 5, 1, 0, 3, 0, 0, 0, 3, 2, 5, 0, 1, 0, 4, 5, 0, 0, 2, 0, 0, 5, 4, 0, 5, 4, 5, 3, 2, 0, 0, 2, 5, 1, 0, 0, 3, : 2, 5, 1, 3, 3, 2, 5, 1, 4, 5, 2, 5, 4, 5, 4, 5, 3, 2, 2, 5, 1, 3, 
399: 2, 0, 0, 0, 0, 4, 1, 4, 2, 0, 0, 0, 3, 0, 0, 40, 0, 0, 2, 0, 0, 3, 1, 3, 2, 0, 0, 0, 4, 2, 2, 5, 0, 0, 0, 4, 1, 0, 0, 0, : 2, 4, 1, 4, 2, 3, 40, 2, 3, 1, 3, 2, 4, 2, 2, 5, 4, 1, 
192: 0, 3, 0, 0, 0, 5, 3, 1, 0, 40, 0, 2, 2, 0, 0, 0, 0, 4, 5, 0, 4, 5, 2, 5, 3, 4, 0, 0, 0, 0, 2, 1, 3, 5, 0, 4, 2, 0, 0, 2, : 3, 5, 3, 1, 40, 2, 2, 4, 5, 4, 5, 2, 5, 3, 4, 2, 1, 3, 5, 4, 2, 2, 
243: 0, 2, 1, 3, 5, 3, 3, 4, 0, 2, 0, 0, 0, 1, 0, 4, 1, 3, 4, 0, 0, 0, 2, 3, 2, 0, 0, 0, 3, 0, 0, 0, 0, 0, 0, 0, 3, 0, 0, 0, : 2, 1, 3, 5, 3, 3, 4, 2, 1, 4, 1, 3, 4, 2, 3, 2, 3, 3, 
110: 0, 0, 0, 0, 0, 5, 4, 0, 0, 3, 1, 4, 3, 1, 3, 0, 4, 3, 4, 0, 0, 4, 5, 2, 3, 0, 3, 4, 0, 0, 0, 0, 4, 5, 0, 1, 3, 0, 1, 1, : 5, 4, 3, 1, 4, 3, 1, 3, 4, 3, 4, 4, 5, 2, 3, 3, 4, 4, 5, 1, 3, 1, 1, 
303: 0, 5, 0, 0, 5, 5, 0, 0, 4, 0, 0, 0, 0, 0, 0, 4, 4, 0, 0, 5, 0, 1, 1, 0, 3, 0, 1, 0, 0, 0, 1, 4, 0, 0, 0, 40, 3, 0, 1, 0, : 5, 5, 5, 4, 4, 4, 5, 1, 1, 3, 1, 1, 4, 40, 3, 1, 
135: 4, 5, 44, 0, 0, 2, 2, 2, 0, 5, 0, 0, 0, 0, 0, 0, 0, 1, 0, 0, 1, 4, 1, 1, 2, 0, 5, 1, 0, 0, 5, 1, 3, 0, 3, 4, 0, 0, 0, 0, : 4, 5, 44, 2, 2, 2, 5, 1, 1, 4, 1, 1, 2, 5, 1, 5, 1, 3, 3, 4, 
146: 0, 0, 0, 1, 5, 0, 0, 3, 0, 2, 0, 0, 0, 0, 0, 0, 2, 5, 5, 0, 0, 3, 1, 1, 1, 4, 3, 40, 0, 0, 0, 2, 0, 5, 4, 0, 0, 0, 1, 0, : 1, 5, 3, 2, 2, 5, 5, 3, 1, 1, 1, 4, 3, 40, 2, 5, 4, 1, 
114: 0, 4, 0, 41, 0, 3, 0, 0, 1, 0, 2, 0, 0, 0, 0, 0, 4, 3, 0, 1, 4, 1, 3, 0, 3, 2, 1, 0, 0, 0, 0, 3, 1, 0, 0, 3, 4, 0, 3, 2, : 4, 41, 3, 1, 2, 4, 3, 1, 4, 1, 3, 3, 2, 1, 3, 1, 3, 4, 3, 2, 
285: 0, 0, 3, 0, 5, 0, 1, 2, 4, 1, 0, 0, 0, 1, 0, 0, 41, 2, 1, 43, 0, 2, 0, 2, 1, 3, 0, 2, 0, 0, 0, 0, 5, 0, 0, 0, 1, 0, 0, 2, : 3, 5, 1, 2, 4, 1, 1, 41, 2, 1, 43, 2, 2, 1, 3, 2, 5, 1, 2, 
131: 0, 0, 0, 1, 2, 1, 3, 0, 0, 0, 3, 40, 1, 1, 1, 0, 1, 5, 1, 1, 0, 4, 4, 4, 1, 0, 0, 3, 41, 0, 0, 4, 0, 5, 1, 2, 3, 5, 4, 5, : 1, 2, 1, 3, 3, 40, 1, 1, 1, 1, 5, 1, 1, 4, 4, 4, 1, 3, 41, 4, 5, 1, 2, 3, 5, 4, 5, 
322: 3, 0, 5, 1, 2, 0, 0, 0, 0, 0, 5, 0, 40, 0, 0, 0, 0, 1, 3, 0, 0, 0, 1, 4, 0, 4, 0, 1, 0, 2, 0, 0, 1, 5, 0, 5, 0, 0, 0, 4, : 3, 5, 1, 2, 5, 40, 1, 3, 1, 4, 4, 1, 2, 1, 5, 5, 4, 


73: 2, 0, 0, 4, 0, 4, 5, 0, 0, 0, 2, 1, 0, 0, 43, 0, 0, 3, 0, 3, 0, 2, 0, 0, 0, 0, 0, 1, 2, 44, 0, 2, 0, 0, 0, 0, 4, 0, 0, 0, : 2, 4, 4, 5, 2, 1, 43, 3, 3, 2, 1, 2, 44, 2, 4, 
279: 1, 0, 0, 0, 0, 4, 4, 1, 0, 0, 0, 5, 5, 4, 1, 0, 2, 4, 0, 0, 0, 1, 4, 0, 0, 0, 43, 0, 1, 3, 3, 0, 2, 0, 5, 1, 0, 2, 0, 0, : 1, 4, 4, 1, 5, 5, 4, 1, 2, 4, 1, 4, 43, 1, 3, 3, 2, 5, 1, 2, 
137: 1, 0, 2, 44, 0, 3, 1, 4, 5, 0, 0, 0, 3, 3, 0, 0, 4, 4, 0, 0, 0, 1, 1, 42, 1, 0, 0, 0, 5, 0, 4, 5, 1, 0, 3, 0, 2, 2, 0, 3, : 1, 2, 44, 3, 1, 4, 5, 3, 3, 4, 4, 1, 1, 42, 1, 5, 4, 5, 1, 3, 2, 2, 3, 
78: 2, 0, 0, 0, 0, 0, 0, 0, 0, 40, 0, 5, 4, 2, 1, 0, 4, 1, 0, 0, 0, 0, 3, 0, 0, 0, 3, 4, 5, 1, 0, 3, 5, 44, 0, 0, 4, 2, 0, 0, : 2, 40, 5, 4, 2, 1, 4, 1, 3, 3, 4, 5, 1, 3, 5, 44, 4, 2, 
340: 4, 0, 0, 3, 0, 5, 1, 3, 0, 2, 0, 0, 2, 5, 1, 0, 4, 2, 1, 3, 3, 1, 5, 5, 0, 3, 3, 3, 3, 0, 0, 41, 1, 2, 0, 4, 0, 0, 3, 0, : 4, 3, 5, 1, 3, 2, 2, 5, 1, 4, 2, 1, 3, 3, 1, 5, 5, 3, 3, 3, 3, 41, 1, 2, 4, 3, 
231: 3, 4, 0, 2, 0, 0, 0, 40, 2, 0, 3, 0, 2, 0, 0, 0, 0, 3, 0, 0, 1, 0, 3, 0, 0, 0, 4, 4, 2, 0, 0, 4, 3, 0, 2, 0, 0, 2, 0, 0, : 3, 4, 2, 40, 2, 3, 2, 3, 1, 3, 4, 4, 2, 4, 3, 2, 2, 
140: 3, 0, 4, 0, 2, 0, 2, 0, 2, 0, 1, 0, 4, 0, 0, 0, 2, 4, 0, 0, 41, 0, 0, 41, 3, 0, 0, 5, 0, 5, 5, 0, 43, 2, 0, 1, 3, 2, 0, 0, : 3, 4, 2, 2, 2, 1, 4, 2, 4, 41, 41, 3, 5, 5, 5, 43, 2, 1, 3, 2, 
165: 3, 0, 0, 0, 0, 1, 1, 2, 3, 0, 0, 0, 2, 0, 4, 0, 0, 5, 3, 0, 0, 0, 0, 3, 44, 5, 3, 1, 4, 0, 0, 3, 5, 0, 2, 44, 1, 1, 0, 5, : 3, 1, 1, 2, 3, 2, 4, 5, 3, 3, 44, 5, 3, 1, 4, 3, 5, 2, 44, 1, 1, 5, 
254: 0, 0, 0, 4, 4, 0, 3, 5, 0, 0, 2, 1, 4, 1, 3, 0, 3, 2, 0, 2, 0, 3, 5, 5, 0, 0, 0, 0, 3, 0, 0, 0, 2, 0, 41, 0, 1, 3, 0, 2, : 4, 4, 3, 5, 2, 1, 4, 1, 3, 3, 2, 2, 3, 5, 5, 3, 2, 41, 1, 3, 2, 
127: 0, 1, 0, 1, 0, 2, 40, 1, 3, 0, 2, 0, 1, 5, 2, 43, 2, 6, 4, 0, 0, 2, 0, 0, 0, 0, 0, 3, 5, 0, 0, 0, 4, 1, 0, 3, 2, 5, 0, 1, : 1, 1, 2, 40, 1, 3, 2, 1, 5, 2, 43, 2, 6, 4, 2, 3, 5, 4, 1, 3, 2, 5, 1, 
317: 4, 5, 0, 2, 0, 0, 0, 4, 3, 3, 4, 0, 4, 0, 3, 0, 2, 5, 43, 4, 0, 0, 4, 1, 0, 5, 3, 1, 0, 0, 0, 3, 1, 0, 0, 0, 5, 1, 0, 1, : 4, 5, 2, 4, 3, 3, 4, 4, 3, 2, 5, 43, 4, 4, 1, 5, 3, 1, 3, 1, 5, 1, 1, 
281: 4, 0, 0, 3, 0, 41, 3, 5, 0, 0, 0, 0, 3, 1, 5, 0, 4, 2, 5, 0, 4, 0, 2, 0, 0, 0, 3, 4, 0, 0, 0, 5, 1, 0, 4, 0, 1, 0, 0, 0, : 4, 3, 41, 3, 5, 3, 1, 5, 4, 2, 5, 4, 2, 3, 4, 5, 1, 4, 1, 
388: 5, 0, 0, 4, 5, 0, 0, 0, 5, 0, 0, 0, 5, 5, 3, 0, 0, 4, 0, 40, 43, 3, 4, 0, 0, 0, 2, 4, 1, 1, 0, 0, 1, 0, 0, 0, 0, 4, 2, 0, : 5, 4, 5, 5, 5, 5, 3, 4, 40, 43, 3, 4, 2, 4, 1, 1, 1, 4, 2, 
62: 5, 5, 4, 4, 5, 0, 1, 3, 0, 0, 0, 0, 3, 1, 4, 5, 2, 4, 5, 3, 5, 0, 0, 0, 3, 0, 1, 4, 0, 0, 0, 1, 0, 2, 0, 0, 44, 41, 0, 4, : 5, 5, 4, 4, 5, 1, 3, 3, 1, 4, 5, 2, 4, 5, 3, 5, 3, 1, 4, 1, 2, 44, 41, 4, 
400: 1, 4, 0, 5, 0, 2, 5, 0, 0, 1, 0, 0, 1, 2, 2, 0, 0, 2, 0, 3, 0, 3, 44, 2, 0, 0, 0, 43, 1, 0, 0, 5, 1, 0, 0, 0, 3, 0, 40, 0, : 1, 4, 5, 2, 5, 1, 1, 2, 2, 2, 3, 3, 44, 2, 43, 1, 5, 1, 3, 40, 
352: 3, 0, 0, 0, 0, 0, 2, 2, 0, 0, 1, 4, 2, 0, 2, 5, 0, 4, 0, 4, 4, 0, 0, 0, 0, 0, 0, 2, 5, 0, 5, 1, 5, 2, 4, 0, 5, 4, 5, 0, : 3, 2, 2, 1, 4, 2, 2, 5, 4, 4, 4, 2, 5, 5, 1, 5, 2, 4, 5, 4, 5, 
260: 0, 1, 3, 0, 0, 0, 3, 5, 0, 4, 3, 5, 2, 2, 0, 0, 0, 1, 0, 0, 0, 4, 2, 5, 1, 0, 5, 4, 0, 0, 1, 1, 1, 0, 1, 0, 1, 1, 0, 0, : 1, 3, 3, 5, 4, 3, 5, 2, 2, 1, 4, 2, 5, 1, 5, 4, 1, 1, 1, 1, 1, 1, 
247: 4, 0, 0, 1, 0, 0, 5, 1, 0, 4, 2, 2, 4, 1, 1, 0, 0, 3, 0, 0, 1, 5, 4, 4, 0, 41, 1, 0, 0, 0, 5, 0, 5, 0, 0, 0, 1, 4, 2, 0, : 4, 1, 5, 1, 4, 2, 2, 4, 1, 1, 3, 1, 5, 4, 4, 41, 1, 5, 5, 1, 4, 2, 
288: 4, 0, 3, 1, 2, 0, 3, 2, 1, 0, 5, 1, 5, 2, 3, 0, 5, 2, 1, 0, 0, 0, 0, 0, 3, 1, 2, 0, 1, 2, 0, 0, 5, 0, 0, 0, 5, 3, 0, 0, : 4, 3, 1, 2, 3, 2, 1, 5, 1, 5, 2, 3, 5, 2, 1, 3, 1, 2, 1, 2, 5, 5, 3, 
240: 0, 44, 5, 0, 4, 0, 2, 3, 3, 0, 2, 40, 2, 0, 0, 0, 0, 3, 0, 0, 0, 0, 1, 5, 0, 5, 1, 3, 0, 1, 0, 1, 0, 3, 0, 0, 5, 2, 2, 4, : 44, 5, 4, 2, 3, 3, 2, 40, 2, 3, 1, 5, 5, 1, 3, 1, 1, 3, 5, 2, 2, 4, 
314: 3, 0, 0, 0, 0, 0, 4, 1, 0, 0, 0, 0, 0, 4, 1, 0, 3, 1, 1, 5, 0, 0, 0, 1, 0, 0, 0, 0, 0, 1, 0, 0, 2, 3, 0, 5, 2, 2, 0, 3, : 3, 4, 1, 4, 1, 3, 1, 1, 5, 1, 1, 2, 3, 5, 2, 2, 3, 
162: 2, 0, 44, 2, 3, 1, 0, 0, 0, 0, 0, 2, 4, 0, 1, 0, 0, 1, 0, 0, 0, 0, 4, 0, 0, 41, 0, 0, 5, 0, 0, 1, 5, 0, 0, 0, 0, 0, 2, 2, : 2, 44, 2, 3, 1, 2, 4, 1, 1, 4, 41, 5, 1, 5, 2, 2, 
46: 0, 5, 0, 0, 0, 0, 3, 0, 0, 0, 0, 0, 4, 1, 2, 4, 0, 3, 0, 0, 0, 0, 4, 0, 0, 0, 0, 4, 3, 0, 0, 5, 0, 0, 0, 0, 0, 1, 4, 4, : 5, 3, 4, 1, 2, 4, 3, 4, 4, 3, 5, 1, 4, 4, 
98: 1, 0, 1, 0, 4, 0, 0, 5, 1, 0, 0, 0, 3, 0, 5, 4, 5, 5, 0, 2, 0, 40, 4, 0, 0, 0, 2, 0, 0, 0, 0, 5, 1, 5, 3, 0, 1, 2, 0, 2, : 1, 1, 4, 5, 1, 3, 5, 4, 5, 5, 2, 40, 4, 2, 5, 1, 5, 3, 1, 2, 2, 
380: 5, 1, 0, 4, 0, 4, 1, 0, 41, 0, 0, 0, 0, 0, 0, 2, 3, 3, 1, 0, 0, 0, 0, 0, 0, 0, 3, 3, 1, 0, 4, 1, 5, 0, 3, 0, 4, 0, 43, 0, : 5, 1, 4, 4, 1, 41, 2, 3, 3, 1, 3, 3, 1, 4, 1, 5, 3, 4, 43, 
378: 3, 0, 44, 0, 0, 0, 2, 2, 2, 0, 0, 5, 1, 4, 2, 0, 5, 5, 4, 0, 0, 0, 0, 0, 0, 2, 1, 4, 5, 0, 0, 0, 4, 5, 0, 4, 2, 5, 0, 5, : 3, 44, 2, 2, 2, 5, 1, 4, 2, 5, 5, 4, 2, 1, 4, 5, 4, 5, 4, 2, 5, 5, 
220: 2, 0, 0, 4, 0, 0, 5, 3, 0, 44, 1, 0, 3, 5, 4, 0, 41, 3, 5, 0, 0, 0, 0, 4, 41, 1, 1, 5, 4, 43, 0, 1, 0, 41, 1, 0, 1, 3, 0, 0, : 2, 4, 5, 3, 44, 1, 3, 5, 4, 41, 3, 5, 4, 41, 1, 1, 5, 4, 43, 1, 41, 1, 1, 3, 
363: 3, 0, 0, 4, 0, 0, 0, 1, 0, 1, 0, 41, 5, 5, 0, 5, 0, 1, 2, 0, 3, 3, 1, 0, 5, 0, 4, 0, 5, 0, 1, 2, 2, 1, 4, 0, 0, 3, 0, 5, : 3, 4, 1, 1, 41, 5, 5, 5, 1, 2, 3, 3, 1, 5, 4, 5, 1, 2, 2, 1, 4, 3, 5, 
88: 1, 0, 0, 5, 0, 3, 3, 2, 1, 1, 5, 0, 5, 43, 2, 2, 4, 1, 0, 0, 0, 3, 5, 0, 5, 0, 4, 0, 0, 5, 1, 2, 0, 0, 0, 0, 3, 1, 0, 1, : 1, 5, 3, 3, 2, 1, 1, 5, 5, 43, 2, 2, 4, 1, 3, 5, 5, 4, 5, 1, 2, 3, 1, 1, 
65: 0, 0, 0, 4, 2, 0, 3, 3, 0, 0, 0, 0, 3, 3, 1, 4, 3, 2, 1, 0, 0, 0, 0, 0, 0, 4, 2, 3, 40, 0, 41, 2, 2, 0, 0, 0, 0, 0, 2, 5, : 4, 2, 3, 3, 3, 3, 1, 4, 3, 2, 1, 4, 2, 3, 40, 41, 2, 2, 2, 5, 
280: 0, 0, 0, 4, 0, 43, 0, 0, 0, 2, 0, 1, 3, 2, 4, 43, 0, 4, 44, 0, 0, 1, 1, 0, 4, 0, 3, 1, 0, 5, 0, 0, 1, 2, 0, 5, 5, 3, 5, 3, : 4, 43, 2, 1, 3, 2, 4, 43, 4, 44, 1, 1, 4, 3, 1, 5, 1, 2, 5, 5, 3, 5, 3, 
257: 0, 0, 2, 0, 4, 0, 5, 3, 0, 0, 43, 0, 5, 2, 4, 0, 0, 2, 0, 43, 0, 0, 3, 0, 0, 3, 4, 3, 2, 0, 4, 5, 3, 5, 0, 0, 4, 0, 0, 43, : 2, 4, 5, 3, 43, 5, 2, 4, 2, 43, 3, 3, 4, 3, 2, 4, 5, 3, 5, 4, 43, 
293: 2, 0, 0, 5, 0, 0, 1, 0, 3, 0, 40, 0, 3, 1, 0, 3, 4, 2, 0, 4, 5, 0, 0, 0, 0, 0, 1, 2, 3, 4, 0, 5, 0, 0, 0, 5, 1, 5, 1, 0, : 2, 5, 1, 3, 40, 3, 1, 3, 4, 2, 4, 5, 1, 2, 3, 4, 5, 5, 1, 5, 1, 
222: 0, 4, 3, 4, 0, 0, 2, 4, 0, 4, 0, 1, 5, 2, 5, 0, 4, 1, 0, 2, 0, 0, 3, 0, 5, 1, 4, 4, 1, 5, 0, 1, 0, 0, 42, 44, 3, 3, 4, 0, : 4, 3, 4, 2, 4, 4, 1, 5, 2, 5, 4, 1, 2, 3, 5, 1, 4, 4, 1, 5, 1, 42, 44, 3, 3, 4, 
227: 0, 5, 0, 0, 0, 0, 4, 3, 0, 0, 0, 0, 3, 5, 0, 0, 0, 2, 0, 2, 2, 42, 3, 0, 4, 0, 4, 0, 2, 0, 2, 4, 3, 0, 0, 0, 0, 3, 0, 5, : 5, 4, 3, 3, 5, 2, 2, 2, 42, 3, 4, 4, 2, 2, 4, 3, 3, 5, 
216: 5, 0, 0, 0, 41, 3, 0, 1, 0, 5, 0, 2, 4, 1, 2, 0, 3, 5, 0, 0, 4, 0, 3, 1, 0, 0, 1, 0, 3, 0, 0, 4, 2, 2, 0, 0, 1, 4, 0, 3, : 5, 41, 3, 1, 5, 2, 4, 1, 2, 3, 5, 4, 3, 1, 1, 3, 4, 2, 2, 1, 4, 3, 
83: 0, 41, 0, 4, 0, 1, 0, 2, 1, 1, 0, 0, 2, 0, 3, 0, 1, 1, 0, 0, 0, 1, 1, 1, 1, 0, 0, 4, 0, 0, 3, 0, 0, 0, 0, 1, 2, 0, 0, 5, : 41, 4, 1, 2, 1, 1, 2, 3, 1, 1, 1, 1, 1, 1, 4, 3, 1, 2, 5, 
169: 44, 0, 1, 2, 44, 0, 3, 3, 0, 4, 0, 0, 4, 0, 2, 0, 5, 3, 0, 0, 3, 1, 3, 0, 0, 0, 4, 0, 1, 0, 40, 1, 3, 0, 5, 0, 4, 1, 4, 5, : 44, 1, 2, 44, 3, 3, 4, 4, 2, 5, 3, 3, 1, 3, 4, 1, 40, 1, 3, 5, 4, 1, 4, 5, 
182: 0, 0, 0, 0, 0, 2, 0, 2, 44, 2, 0, 0, 0, 3, 4, 0, 5, 4, 0, 0, 1, 4, 3, 0, 0, 5, 4, 0, 4, 0, 1, 5, 0, 0, 0, 2, 0, 0, 1, 5, : 2, 2, 44, 2, 3, 4, 5, 4, 1, 4, 3, 5, 4, 4, 1, 5, 2, 1, 5, 
299: 0, 0, 4, 0, 0, 1, 3, 4, 0, 2, 4, 4, 5, 5, 0, 0, 0, 7, 0, 0, 0, 0, 0, 0, 0, 3, 4, 1, 3, 0, 0, 1, 1, 0, 0, 1, 0, 5, 0, 4, : 4, 1, 3, 4, 2, 4, 4, 5, 5, 7, 3, 4, 1, 3, 1, 1, 1, 5, 4, 


384: 0, 5, 0, 0, 0, 2, 5, 5, 3, 4, 0, 0, 3, 3, 2, 0, 0, 1, 0, 44, 0, 0, 4, 0, 0, 0, 1, 5, 41, 4, 0, 0, 4, 1, 0, 0, 4, 0, 4, 0, : 5, 2, 5, 5, 3, 4, 3, 3, 2, 1, 44, 4, 1, 5, 41, 4, 4, 1, 4, 4, 
215: 0, 0, 1, 0, 2, 1, 4, 3, 0, 1, 1, 2, 1, 5, 0, 0, 4, 2, 0, 1, 4, 0, 0, 0, 43, 0, 0, 0, 1, 4, 4, 44, 3, 0, 0, 5, 3, 2, 2, 0, : 1, 2, 1, 4, 3, 1, 1, 2, 1, 5, 4, 2, 1, 4, 43, 1, 4, 4, 44, 3, 5, 3, 2, 2, 
45: 5, 0, 0, 0, 0, 0, 0, 2, 0, 5, 0, 0, 5, 0, 2, 0, 0, 2, 0, 0, 2, 0, 0, 0, 0, 0, 2, 0, 1, 0, 0, 3, 0, 0, 5, 2, 3, 1, 3, 0, : 5, 2, 5, 5, 2, 2, 2, 2, 1, 3, 5, 2, 3, 1, 3, 
292: 1, 0, 5, 1, 0, 4, 1, 0, 5, 0, 43, 4, 0, 0, 4, 0, 0, 3, 0, 4, 0, 0, 1, 0, 5, 3, 0, 0, 0, 2, 3, 5, 4, 0, 2, 3, 2, 0, 2, 0, : 1, 5, 1, 4, 1, 5, 43, 4, 4, 3, 4, 1, 5, 3, 2, 3, 5, 4, 2, 3, 2, 2, 
206: 1, 0, 1, 40, 5, 0, 1, 0, 3, 2, 4, 5, 0, 0, 0, 0, 0, 4, 43, 0, 0, 4, 0, 0, 4, 2, 2, 5, 0, 5, 2, 0, 5, 0, 4, 3, 2, 1, 5, 0, : 1, 1, 40, 5, 1, 3, 2, 4, 5, 4, 43, 4, 4, 2, 2, 5, 5, 2, 5, 4, 3, 2, 1, 5, 
172: 0, 0, 1, 1, 3, 0, 1, 3, 0, 0, 0, 4, 0, 0, 0, 0, 2, 4, 4, 0, 0, 0, 42, 0, 0, 3, 0, 4, 4, 0, 0, 0, 0, 0, 0, 0, 4, 2, 3, 0, : 1, 1, 3, 1, 3, 4, 2, 4, 4, 42, 3, 4, 4, 4, 2, 3, 
119: 0, 0, 3, 2, 1, 0, 43, 0, 2, 0, 2, 4, 2, 0, 4, 0, 1, 2, 3, 4, 2, 0, 0, 2, 0, 3, 0, 0, 0, 1, 3, 0, 2, 0, 3, 2, 1, 3, 2, 0, : 3, 2, 1, 43, 2, 2, 4, 2, 4, 1, 2, 3, 4, 2, 2, 3, 1, 3, 2, 3, 2, 1, 3, 2, 
121: 0, 0, 3, 0, 3, 0, 0, 0, 43, 0, 0, 1, 0, 0, 0, 0, 0, 3, 4, 1, 0, 0, 0, 5, 0, 0, 0, 3, 0, 2, 2, 0, 4, 0, 0, 3, 0, 43, 3, 2, : 3, 3, 43, 1, 3, 4, 1, 5, 3, 2, 2, 4, 3, 43, 3, 2, 
42: 0, 1, 2, 0, 0, 3, 0, 0, 4, 0, 3, 2, 0, 0, 0, 5, 0, 0, 0, 5, 0, 5, 1, 0, 0, 5, 0, 0, 0, 4, 0, 5, 3, 40, 1, 0, 1, 3, 0, 0, : 1, 2, 3, 4, 3, 2, 5, 5, 5, 1, 5, 4, 5, 3, 40, 1, 1, 3, 
39: 0, 1, 5, 0, 2, 0, 0, 0, 5, 1, 0, 0, 0, 1, 0, 2, 0, 5, 0, 0, 4, 0, 0, 42, 41, 0, 0, 2, 3, 1, 0, 0, 4, 0, 2, 0, 0, 0, 0, 0, : 1, 5, 2, 5, 1, 1, 2, 5, 4, 42, 41, 2, 3, 1, 4, 2, 
348: 0, 1, 1, 0, 4, 0, 0, 0, 0, 0, 2, 0, 0, 0, 3, 0, 0, 1, 0, 5, 3, 0, 3, 0, 0, 0, 5, 2, 0, 1, 0, 1, 3, 0, 44, 5, 0, 5, 4, 0, : 1, 1, 4, 2, 3, 1, 5, 3, 3, 5, 2, 1, 1, 3, 44, 5, 5, 4, 
272: 0, 2, 5, 0, 5, 1, 0, 4, 2, 3, 0, 2, 0, 0, 0, 0, 0, 0, 5, 0, 5, 0, 0, 0, 0, 0, 0, 43, 2, 0, 3, 0, 5, 0, 0, 0, 5, 0, 0, 0, : 2, 5, 5, 1, 4, 2, 3, 2, 5, 5, 43, 2, 3, 5, 5, 
301: 3, 3, 3, 5, 2, 40, 0, 0, 0, 0, 0, 2, 5, 0, 0, 4, 0, 1, 0, 0, 0, 3, 3, 42, 3, 4, 0, 1, 3, 1, 2, 0, 0, 5, 0, 5, 1, 0, 4, 5, : 3, 3, 3, 5, 2, 40, 2, 5, 4, 1, 3, 3, 42, 3, 4, 1, 3, 1, 2, 5, 5, 1, 4, 5, 
386: 4, 0, 0, 0, 5, 3, 0, 0, 0, 5, 0, 1, 0, 3, 0, 42, 0, 2, 0, 0, 0, 1, 2, 0, 1, 0, 2, 2, 42, 4, 0, 2, 0, 0, 0, 2, 1, 1, 4, 0, : 4, 5, 3, 5, 1, 3, 42, 2, 1, 2, 1, 2, 2, 42, 4, 2, 2, 1, 1, 4, 
61: 0, 0, 3, 4, 4, 1, 2, 0, 0, 1, 0, 0, 0, 5, 1, 3, 1, 2, 3, 0, 3, 4, 0, 1, 4, 0, 0, 3, 1, 4, 0, 0, 1, 42, 0, 2, 3, 5, 5, 0, : 3, 4, 4, 1, 2, 1, 5, 1, 3, 1, 2, 3, 3, 4, 1, 4, 3, 1, 4, 1, 42, 2, 3, 5, 5, 
234: 0, 0, 1, 0, 0, 5, 0, 0, 1, 5, 0, 1, 0, 5, 3, 0, 5, 0, 0, 0, 0, 3, 4, 0, 2, 0, 0, 0, 0, 4, 0, 3, 0, 1, 2, 3, 1, 3, 3, 0, : 1, 5, 1, 5, 1, 5, 3, 5, 3, 4, 2, 4, 3, 1, 2, 3, 1, 3, 3, 
170: 5, 2, 0, 0, 2, 3, 4, 0, 4, 3, 3, 3, 0, 0, 0, 0, 1, 1, 0, 0, 0, 0, 3, 0, 3, 0, 1, 4, 0, 3, 4, 2, 2, 1, 42, 2, 1, 4, 0, 0, : 5, 2, 2, 3, 4, 4, 3, 3, 3, 1, 1, 3, 3, 1, 4, 3, 4, 2, 2, 1, 42, 2, 1, 4, 
177: 0, 0, 4, 0, 0, 0, 2, 0, 0, 2, 4, 1, 0, 0, 0, 0, 0, 5, 0, 3, 40, 0, 0, 0, 0, 0, 44, 0, 0, 43, 3, 1, 2, 3, 0, 3, 1, 2, 2, 0, : 4, 2, 2, 4, 1, 5, 3, 40, 44, 43, 3, 1, 2, 3, 3, 1, 2, 2, 
319: 0, 0, 0, 1, 0, 0, 0, 1, 3, 1, 0, 42, 0, 1, 3, 0, 5, 1, 0, 0, 1, 0, 0, 3, 2, 0, 0, 3, 0, 0, 0, 0, 5, 0, 0, 0, 2, 2, 41, 2, : 1, 1, 3, 1, 42, 1, 3, 5, 1, 1, 3, 2, 3, 5, 2, 2, 41, 2, 
20: 3, 2, 1, 0, 0, 40, 2, 0, 3, 0, 2, 0, 0, 0, 1, 0, 1, 0, 1, 0, 5, 0, 0, 0, 0, 0, 0, 0, 0, 4, 0, 0, 0, 3, 0, 2, 2, 1, 0, 5, : 3, 2, 1, 40, 2, 3, 2, 1, 1, 1, 5, 4, 3, 2, 2, 1, 5, 
245: 0, 42, 3, 0, 4, 1, 1, 0, 3, 4, 40, 0, 0, 0, 3, 0, 0, 0, 2, 0, 0, 42, 0, 4, 0, 1, 3, 0, 0, 1, 0, 0, 3, 2, 0, 0, 0, 3, 2, 3, : 42, 3, 4, 1, 1, 3, 4, 40, 3, 2, 42, 4, 1, 3, 1, 3, 2, 3, 2, 3, 
389: 2, 0, 4, 0, 2, 4, 42, 43, 0, 0, 4, 3, 0, 0, 1, 0, 0, 1, 0, 1, 0, 0, 0, 2, 1, 0, 0, 5, 3, 1, 0, 2, 3, 0, 0, 0, 3, 0, 2, 0, : 2, 4, 2, 4, 42, 43, 4, 3, 1, 1, 1, 2, 1, 5, 3, 1, 2, 3, 3, 2, 
241: 1, 0, 3, 0, 0, 0, 0, 0, 3, 0, 0, 5, 5, 0, 0, 4, 0, 2, 0, 5, 0, 2, 4, 0, 0, 0, 0, 0, 2, 2, 0, 0, 3, 2, 3, 5, 1, 0, 2, 40, : 1, 3, 3, 5, 5, 4, 2, 5, 2, 4, 2, 2, 3, 2, 3, 5, 1, 2, 40, 
337: 0, 0, 0, 0, 4, 0, 0, 0, 0, 3, 0, 0, 0, 2, 40, 0, 4, 4, 5, 0, 0, 1, 4, 0, 0, 0, 0, 0, 0, 3, 0, 0, 1, 0, 0, 5, 3, 4, 1, 1, : 4, 3, 2, 40, 4, 4, 5, 1, 4, 3, 1, 5, 3, 4, 1, 1, 
153: 3, 0, 0, 0, 2, 0, 0, 5, 2, 1, 0, 4, 2, 0, 0, 2, 0, 1, 0, 3, 0, 0, 1, 0, 0, 1, 0, 2, 1, 0, 0, 2, 4, 4, 0, 41, 1, 4, 1, 2, : 3, 2, 5, 2, 1, 4, 2, 2, 1, 3, 1, 1, 2, 1, 2, 4, 4, 41, 1, 4, 1, 2, 
40: 1, 1, 1, 4, 3, 0, 3, 0, 4, 2, 0, 5, 1, 0, 0, 0, 1, 4, 0, 0, 0, 1, 0, 0, 0, 1, 1, 5, 0, 0, 40, 0, 1, 0, 0, 2, 2, 0, 3, 1, : 1, 1, 1, 4, 3, 3, 4, 2, 5, 1, 1, 4, 1, 1, 1, 5, 40, 1, 2, 2, 3, 1, 
154: 4, 4, 0, 5, 0, 0, 0, 3, 0, 0, 0, 1, 0, 41, 0, 0, 0, 3, 0, 0, 0, 0, 0, 4, 0, 1, 1, 0, 5, 1, 0, 0, 5, 2, 3, 1, 2, 0, 4, 5, : 4, 4, 5, 3, 1, 41, 3, 4, 1, 1, 5, 1, 5, 2, 3, 1, 2, 4, 5, 
93: 0, 0, 0, 41, 1, 0, 0, 0, 1, 3, 0, 5, 43, 4, 0, 0, 0, 1, 4, 2, 0, 0, 1, 4, 0, 4, 0, 1, 2, 2, 0, 0, 0, 1, 0, 5, 2, 0, 0, 4, : 41, 1, 1, 3, 5, 43, 4, 1, 4, 2, 1, 4, 4, 1, 2, 2, 1, 5, 2, 4, 
115: 41, 43, 4, 0, 0, 3, 2, 43, 1, 5, 1, 3, 0, 0, 0, 0, 42, 2, 0, 0, 42, 0, 0, 0, 0, 41, 4, 3, 0, 2, 44, 40, 4, 4, 0, 5, 4, 5, 2, 2, : 41, 43, 4, 3, 2, 43, 1, 5, 1, 3, 42, 2, 42, 41, 4, 3, 2, 44, 40, 4, 4, 5, 4, 5, 2, 2, 
164: 40, 2, 5, 0, 0, 0, 0, 0, 1, 0, 3, 0, 0, 42, 0, 0, 0, 5, 0, 0, 3, 0, 0, 3, 0, 0, 0, 0, 0, 2, 1, 0, 1, 0, 0, 1, 4, 2, 4, 41, : 40, 2, 5, 1, 3, 42, 5, 3, 3, 2, 1, 1, 1, 4, 2, 4, 41, 
255: 0, 0, 0, 2, 3, 0, 1, 0, 1, 5, 3, 0, 0, 0, 0, 1, 0, 41, 0, 0, 0, 0, 0, 0, 0, 40, 4, 4, 5, 4, 0, 0, 0, 0, 0, 2, 0, 0, 0, 2, : 2, 3, 1, 1, 5, 3, 1, 41, 40, 4, 4, 5, 4, 2, 2, 
233: 0, 0, 5, 0, 2, 1, 5, 5, 5, 3, 0, 0, 0, 0, 3, 3, 0, 4, 1, 0, 0, 0, 0, 0, 2, 3, 0, 3, 3, 4, 0, 3, 40, 3, 0, 5, 0, 0, 0, 0, : 5, 2, 1, 5, 5, 5, 3, 3, 3, 4, 1, 2, 3, 3, 3, 4, 3, 40, 3, 5, 
275: 0, 1, 5, 4, 3, 0, 0, 0, 0, 5, 3, 4, 0, 0, 0, 0, 0, 1, 0, 0, 0, 40, 0, 0, 1, 1, 0, 0, 0, 2, 0, 0, 0, 1, 0, 0, 1, 4, 0, 0, : 1, 5, 4, 3, 5, 3, 4, 1, 40, 1, 1, 2, 1, 1, 4, 
393: 0, 0, 2, 0, 4, 0, 0, 0, 2, 4, 0, 0, 5, 0, 1, 2, 5, 2, 0, 0, 0, 0, 0, 0, 3, 0, 0, 1, 0, 0, 0, 1, 0, 0, 3, 1, 43, 3, 4, 5, : 2, 4, 2, 4, 5, 1, 2, 5, 2, 3, 1, 1, 3, 1, 43, 3, 4, 5, 
379: 1, 4, 1, 0, 4, 0, 0, 0, 4, 0, 0, 0, 43, 0, 2, 3, 0, 1, 0, 0, 0, 0, 0, 4, 2, 2, 4, 1, 0, 4, 2, 0, 0, 5, 0, 0, 4, 2, 0, 0, : 1, 4, 1, 4, 4, 43, 2, 3, 1, 4, 2, 2, 4, 1, 4, 2, 5, 4, 2, 
9: 0, 2, 1, 5, 4, 3, 0, 0, 2, 0, 0, 1, 2, 2, 2, 4, 0, 0, 40, 0, 5, 4, 0, 0, 0, 0, 0, 5, 0, 0, 0, 0, 2, 0, 4, 5, 0, 3, 4, 0, : 2, 1, 5, 4, 3, 2, 1, 2, 2, 2, 4, 40, 5, 4, 5, 2, 4, 5, 3, 4, 
82: 1, 0, 40, 0, 0, 0, 1, 0, 4, 43, 2, 5, 0, 1, 44, 0, 4, 0, 0, 1, 1, 0, 0, 0, 3, 0, 0, 4, 0, 0, 0, 5, 2, 0, 0, 0, 2, 0, 0, 0, : 1, 40, 1, 4, 43, 2, 5, 1, 44, 4, 1, 1, 3, 4, 5, 2, 2, 
372: 3, 0, 3, 0, 0, 0, 0, 0, 0, 3, 0, 5, 0, 4, 1, 2, 0, 5, 0, 41, 0, 0, 44, 1, 0, 0, 2, 4, 1, 0, 3, 0, 0, 0, 2, 0, 4, 5, 1, 0, : 3, 3, 3, 5, 4, 1, 2, 5, 41, 44, 1, 2, 4, 1, 3, 2, 4, 5, 1, 
113: 1, 0, 0, 5, 43, 0, 0, 0, 4, 5, 0, 3, 3, 0, 0, 0, 44, 0, 5, 0, 0, 5, 0, 0, 0, 0, 44, 0, 0, 4, 0, 0, 0, 0, 0, 0, 4, 2, 0, 0, : 1, 5, 43, 4, 5, 3, 3, 44, 5, 5, 44, 4, 4, 2, 
57: 0, 4, 4, 0, 3, 5, 0, 3, 5, 1, 0, 2, 0, 1, 0, 43, 0, 4, 0, 0, 0, 5, 3, 3, 0, 5, 0, 5, 0, 1, 4, 1, 4, 0, 0, 0, 3, 5, 3, 0, : 4, 4, 3, 5, 3, 5, 1, 2, 1, 43, 4, 5, 3, 3, 5, 5, 1, 4, 1, 4, 3, 5, 3, 


174: 4, 0, 1, 0, 4, 0, 0, 0, 0, 1, 0, 2, 2, 41, 0, 0, 0, 0, 1, 0, 4, 4, 1, 0, 0, 44, 0, 0, 41, 0, 5, 2, 42, 2, 0, 0, 3, 0, 0, 3, : 4, 1, 4, 1, 2, 2, 41, 1, 4, 4, 1, 44, 41, 5, 2, 42, 2, 3, 3, 
145: 4, 1, 0, 4, 1, 1, 0, 0, 1, 2, 3, 4, 0, 2, 0, 0, 3, 0, 2, 3, 1, 0, 0, 0, 0, 0, 1, 0, 5, 0, 0, 3, 4, 0, 5, 0, 2, 1, 0, 0, : 4, 1, 4, 1, 1, 1, 2, 3, 4, 2, 3, 2, 3, 1, 1, 5, 3, 4, 5, 2, 1, 
48: 1, 0, 2, 5, 5, 40, 0, 0, 0, 4, 3, 0, 1, 2, 0, 0, 0, 0, 2, 0, 4, 2, 0, 41, 2, 40, 1, 0, 5, 2, 0, 5, 2, 0, 0, 4, 2, 3, 2, 0, : 1, 2, 5, 5, 40, 4, 3, 1, 2, 2, 4, 2, 41, 2, 40, 1, 5, 2, 5, 2, 4, 2, 3, 2, 
273: 4, 5, 1, 1, 4, 0, 2, 0, 1, 0, 0, 4, 3, 1, 0, 3, 0, 3, 4, 0, 2, 2, 5, 0, 2, 2, 0, 0, 0, 43, 43, 0, 1, 4, 5, 2, 4, 0, 0, 0, : 4, 5, 1, 1, 4, 2, 1, 4, 3, 1, 3, 3, 4, 2, 2, 5, 2, 2, 43, 43, 1, 4, 5, 2, 4, 
347: 0, 3, 2, 0, 0, 0, 0, 3, 0, 3, 44, 5, 0, 2, 0, 0, 4, 0, 1, 0, 3, 4, 5, 0, 1, 1, 0, 0, 0, 4, 0, 0, 5, 5, 4, 2, 1, 0, 1, 0, : 3, 2, 3, 3, 44, 5, 2, 4, 1, 3, 4, 5, 1, 1, 4, 5, 5, 4, 2, 1, 1, 
91: 4, 0, 1, 0, 2, 5, 0, 1, 4, 2, 0, 2, 2, 3, 0, 43, 0, 1, 5, 0, 41, 2, 1, 3, 2, 0, 3, 0, 4, 0, 3, 0, 1, 0, 0, 4, 3, 0, 3, 0, : 4, 1, 2, 5, 1, 4, 2, 2, 2, 3, 43, 1, 5, 41, 2, 1, 3, 2, 3, 4, 3, 1, 4, 3, 3, 
300: 0, 2, 0, 0, 0, 1, 0, 0, 0, 1, 5, 0, 0, 2, 0, 1, 0, 4, 1, 0, 0, 0, 4, 0, 43, 2, 0, 3, 2, 0, 0, 0, 5, 0, 4, 2, 1, 2, 5, 41, : 2, 1, 1, 5, 2, 1, 4, 1, 4, 43, 2, 3, 2, 5, 4, 2, 1, 2, 5, 41, 
107: 5, 0, 0, 0, 4, 0, 3, 3, 0, 0, 4, 3, 0, 2, 0, 0, 4, 1, 4, 3, 0, 1, 3, 0, 0, 0, 41, 0, 0, 5, 0, 0, 0, 4, 0, 4, 0, 2, 0, 41, : 5, 4, 3, 3, 4, 3, 2, 4, 1, 4, 3, 1, 3, 41, 5, 4, 4, 2, 41, 
324: 3, 0, 0, 0, 3, 0, 0, 0, 0, 0, 4, 2, 0, 0, 0, 4, 0, 1, 3, 2, 0, 0, 5, 0, 0, 0, 0, 5, 2, 0, 0, 1, 4, 4, 0, 2, 1, 0, 1, 5, : 3, 3, 4, 2, 4, 1, 3, 2, 5, 5, 2, 1, 4, 4, 2, 1, 1, 5, 
51: 2, 42, 3, 3, 2, 0, 0, 41, 40, 3, 5, 3, 2, 2, 1, 0, 1, 1, 0, 0, 4, 4, 3, 0, 0, 1, 4, 0, 0, 0, 0, 0, 2, 5, 5, 4, 3, 1, 5, 0, : 2, 42, 3, 3, 2, 41, 40, 3, 5, 3, 2, 2, 1, 1, 1, 4, 4, 3, 1, 4, 2, 5, 5, 4, 3, 1, 5, 
353: 5, 3, 0, 0, 2, 0, 0, 5, 0, 1, 3, 5, 0, 3, 0, 2, 0, 0, 1, 0, 5, 3, 2, 0, 0, 0, 2, 3, 2, 0, 41, 2, 0, 0, 0, 0, 1, 0, 1, 5, : 5, 3, 2, 5, 1, 3, 5, 3, 2, 1, 5, 3, 2, 2, 3, 2, 41, 2, 1, 1, 5, 
207: 0, 0, 0, 3, 0, 0, 0, 0, 0, 3, 2, 0, 0, 5, 0, 0, 0, 0, 4, 0, 0, 2, 0, 0, 0, 2, 0, 0, 0, 4, 0, 1, 0, 3, 0, 44, 0, 0, 2, 0, : 3, 3, 2, 5, 4, 2, 2, 4, 1, 3, 44, 2, 
236: 1, 0, 0, 2, 3, 0, 0, 0, 3, 5, 0, 0, 0, 4, 0, 0, 0, 4, 3, 0, 4, 3, 4, 0, 0, 0, 0, 4, 4, 0, 4, 0, 2, 4, 42, 0, 3, 4, 0, 0, : 1, 2, 3, 3, 5, 4, 4, 3, 4, 3, 4, 4, 4, 4, 2, 4, 42, 3, 4, 
49: 4, 0, 0, 0, 3, 1, 0, 0, 0, 2, 1, 0, 2, 4, 0, 0, 0, 0, 3, 0, 0, 0, 5, 3, 1, 0, 0, 40, 0, 1, 2, 0, 0, 3, 0, 2, 4, 4, 4, 0, : 4, 3, 1, 2, 1, 2, 4, 3, 5, 3, 1, 40, 1, 2, 3, 2, 4, 4, 4, 
361: 0, 1, 0, 0, 0, 0, 0, 0, 1, 1, 0, 42, 0, 0, 42, 5, 2, 1, 2, 3, 2, 0, 0, 3, 0, 0, 5, 0, 0, 0, 4, 0, 0, 2, 0, 2, 1, 42, 5, 0, : 1, 1, 1, 42, 42, 5, 2, 1, 2, 3, 2, 3, 5, 4, 2, 2, 1, 42, 5, 
296: 1, 0, 0, 0, 1, 0, 44, 0, 0, 3, 0, 0, 0, 4, 5, 0, 0, 1, 3, 0, 0, 5, 5, 3, 3, 0, 0, 0, 2, 0, 0, 0, 4, 5, 0, 4, 5, 0, 4, 0, : 1, 1, 44, 3, 4, 5, 1, 3, 5, 5, 3, 3, 2, 4, 5, 4, 5, 4, 
253: 2, 4, 1, 0, 0, 3, 4, 3, 0, 0, 1, 0, 5, 0, 4, 5, 2, 0, 4, 0, 5, 0, 4, 5, 0, 0, 0, 3, 3, 0, 2, 0, 0, 0, 5, 0, 2, 0, 4, 4, : 2, 4, 1, 3, 4, 3, 1, 5, 4, 5, 2, 4, 5, 4, 5, 3, 3, 2, 5, 2, 4, 4, 
181: 0, 0, 0, 0, 1, 5, 0, 1, 5, 41, 0, 0, 0, 0, 0, 1, 0, 0, 2, 4, 2, 4, 0, 5, 0, 4, 0, 4, 1, 0, 0, 0, 3, 5, 0, 4, 1, 0, 0, 1, : 1, 5, 1, 5, 41, 1, 2, 4, 2, 4, 5, 4, 4, 1, 3, 5, 4, 1, 1, 
95: 1, 1, 0, 0, 0, 0, 5, 5, 41, 0, 3, 4, 0, 0, 5, 0, 2, 0, 4, 0, 0, 2, 1, 1, 0, 0, 0, 2, 0, 2, 4, 0, 0, 40, 40, 0, 4, 3, 0, 0, : 1, 1, 5, 5, 41, 3, 4, 5, 2, 4, 2, 1, 1, 2, 2, 4, 40, 40, 4, 3, 
321: 0, 0, 0, 0, 41, 3, 0, 0, 4, 5, 0, 3, 0, 0, 3, 41, 0, 2, 1, 0, 0, 4, 3, 0, 0, 0, 0, 0, 5, 0, 2, 0, 0, 0, 0, 3, 1, 0, 0, 0, : 41, 3, 4, 5, 3, 3, 41, 2, 1, 4, 3, 5, 2, 3, 1, 
325: 1, 0, 42, 0, 0, 3, 0, 1, 0, 0, 5, 0, 40, 0, 0, 0, 0, 2, 0, 0, 3, 2, 5, 0, 0, 1, 0, 0, 5, 0, 0, 0, 5, 5, 0, 3, 1, 4, 1, 0, : 1, 42, 3, 1, 5, 40, 2, 3, 2, 5, 1, 5, 5, 5, 3, 1, 4, 1, 
350: 5, 0, 5, 1, 0, 3, 0, 0, 2, 1, 5, 4, 5, 1, 0, 5, 0, 41, 3, 2, 1, 3, 2, 0, 0, 0, 0, 0, 5, 0, 0, 1, 4, 4, 2, 0, 5, 0, 5, 0, : 5, 5, 1, 3, 2, 1, 5, 4, 5, 1, 5, 41, 3, 2, 1, 3, 2, 5, 1, 4, 4, 2, 5, 5, 
37: 3, 1, 40, 3, 5, 0, 0, 0, 0, 0, 0, 5, 3, 1, 0, 0, 0, 4, 1, 0, 0, 0, 3, 0, 4, 5, 0, 1, 3, 0, 0, 43, 0, 5, 0, 5, 2, 0, 1, 1, : 3, 1, 40, 3, 5, 5, 3, 1, 4, 1, 3, 4, 5, 1, 3, 43, 5, 5, 2, 1, 1, 
15: 0, 1, 3, 0, 0, 0, 5, 0, 0, 5, 0, 4, 0, 0, 3, 0, 0, 0, 4, 0, 0, 0, 42, 0, 0, 2, 0, 4, 0, 3, 1, 0, 2, 2, 0, 0, 0, 0, 4, 0, : 1, 3, 5, 5, 4, 3, 4, 42, 2, 4, 3, 1, 2, 2, 4, 
330: 5, 0, 0, 0, 0, 0, 0, 43, 0, 3, 2, 0, 0, 1, 0, 0, 1, 3, 2, 5, 0, 3, 2, 0, 2, 0, 0, 0, 4, 2, 1, 0, 1, 0, 0, 0, 0, 2, 5, 0, : 5, 43, 3, 2, 1, 1, 3, 2, 5, 3, 2, 2, 4, 2, 1, 1, 2, 5, 
282: 0, 0, 0, 0, 5, 0, 0, 0, 4, 3, 5, 5, 2, 3, 0, 0, 0, 1, 40, 0, 0, 3, 0, 0, 0, 0, 0, 3, 0, 0, 0, 0, 0, 0, 0, 3, 1, 0, 0, 1, : 5, 4, 3, 5, 5, 2, 3, 1, 40, 3, 3, 3, 1, 1, 
242: 1, 0, 0, 0, 5, 40, 5, 0, 2, 4, 0, 0, 0, 3, 0, 0, 5, 42, 0, 0, 4, 42, 0, 0, 4, 0, 2, 0, 4, 3, 4, 3, 4, 3, 0, 0, 0, 42, 2, 0, : 1, 5, 40, 5, 2, 4, 3, 5, 42, 4, 42, 4, 2, 4, 3, 4, 3, 4, 3, 42, 2, 
223: 4, 0, 0, 0, 0, 4, 0, 0, 4, 0, 0, 0, 0, 0, 4, 0, 0, 0, 0, 42, 4, 4, 0, 0, 40, 0, 1, 0, 0, 0, 0, 40, 4, 0, 5, 2, 1, 0, 0, 3, : 4, 4, 4, 4, 42, 4, 4, 40, 1, 40, 4, 5, 2, 1, 3, 
364: 2, 0, 4, 4, 5, 0, 1, 0, 0, 2, 4, 3, 0, 1, 41, 2, 5, 0, 0, 0, 3, 1, 2, 0, 0, 0, 2, 40, 4, 0, 0, 3, 5, 1, 1, 5, 43, 3, 40, 5, : 2, 4, 4, 5, 1, 2, 4, 3, 1, 41, 2, 5, 3, 1, 2, 2, 40, 4, 3, 5, 1, 1, 5, 43, 3, 40, 5, 
195: 4, 1, 2, 3, 4, 0, 0, 2, 2, 2, 5, 0, 0, 1, 5, 0, 0, 3, 2, 3, 1, 0, 0, 0, 0, 2, 0, 0, 1, 0, 0, 5, 4, 1, 0, 1, 4, 4, 5, 0, : 4, 1, 2, 3, 4, 2, 2, 2, 5, 1, 5, 3, 2, 3, 1, 2, 1, 5, 4, 1, 1, 4, 4, 5, 
311: 0, 0, 0, 5, 2, 0, 0, 0, 0, 5, 1, 0, 0, 1, 0, 0, 41, 0, 0, 0, 3, 0, 0, 2, 0, 2, 1, 0, 5, 3, 1, 0, 0, 2, 0, 0, 1, 0, 0, 0, : 5, 2, 5, 1, 1, 41, 3, 2, 2, 1, 5, 3, 1, 2, 1, 
134: 3, 0, 2, 0, 3, 3, 0, 0, 0, 2, 0, 4, 0, 5, 0, 0, 0, 0, 2, 0, 0, 0, 0, 0, 3, 5, 0, 0, 0, 0, 0, 5, 0, 0, 0, 1, 0, 0, 5, 0, : 3, 2, 3, 3, 2, 4, 5, 2, 3, 5, 5, 1, 5, 
377: 0, 0, 2, 4, 0, 0, 0, 0, 0, 2, 1, 0, 0, 4, 0, 5, 0, 0, 0, 5, 1, 4, 4, 0, 2, 0, 4, 2, 3, 0, 0, 0, 3, 2, 0, 0, 2, 1, 0, 0, : 2, 4, 2, 1, 4, 5, 5, 1, 4, 4, 2, 4, 2, 3, 3, 2, 2, 1, 
390: 2, 44, 1, 40, 0, 0, 0, 3, 1, 2, 5, 0, 1, 0, 0, 0, 0, 1, 3, 0, 3, 2, 1, 2, 0, 0, 4, 0, 0, 3, 0, 2, 0, 0, 1, 5, 4, 0, 2, 0, : 2, 44, 1, 40, 3, 1, 2, 5, 1, 1, 3, 3, 2, 1, 2, 4, 3, 2, 1, 5, 4, 2, 
25: 1, 4, 0, 1, 2, 0, 5, 0, 0, 4, 0, 0, 0, 3, 0, 2, 3, 1, 4, 0, 1, 1, 0, 41, 0, 0, 3, 0, 0, 1, 0, 0, 0, 1, 0, 4, 3, 0, 4, 0, : 1, 4, 1, 2, 5, 4, 3, 2, 3, 1, 4, 1, 1, 41, 3, 1, 1, 4, 3, 4, 
152: 0, 0, 5, 41, 5, 0, 42, 2, 4, 0, 0, 5, 5, 4, 0, 1, 5, 0, 3, 0, 0, 3, 0, 5, 0, 0, 0, 0, 0, 0, 0, 1, 0, 1, 0, 4, 4, 0, 4, 4, : 5, 41, 5, 42, 2, 4, 5, 5, 4, 1, 5, 3, 3, 5, 1, 1, 4, 4, 4, 4, 
339: 0, 2, 0, 0, 2, 0, 1, 0, 0, 2, 3, 5, 0, 4, 0, 0, 0, 0, 3, 40, 5, 0, 0, 4, 5, 2, 40, 0, 4, 0, 0, 0, 4, 5, 0, 0, 0, 2, 0, 4, : 2, 2, 1, 2, 3, 5, 4, 3, 40, 5, 4, 5, 2, 40, 4, 4, 5, 2, 4, 
100: 2, 0, 3, 0, 0, 3, 3, 4, 1, 1, 5, 3, 44, 4, 4, 0, 0, 0, 1, 4, 5, 5, 5, 0, 5, 4, 0, 0, 2, 0, 0, 0, 4, 2, 0, 4, 2, 0, 5, 0, : 2, 3, 3, 3, 4, 1, 1, 5, 3, 44, 4, 4, 1, 4, 5, 5, 5, 5, 4, 2, 4, 2, 4, 2, 5, 
232: 2, 0, 0, 0, 1, 5, 0, 0, 0, 0, 1, 3, 3, 5, 3, 0, 42, 0, 2, 4, 5, 5, 0, 2, 1, 0, 1, 1, 4, 44, 0, 3, 5, 0, 0, 0, 4, 0, 0, 0, : 2, 1, 5, 1, 3, 3, 5, 3, 42, 2, 4, 5, 5, 2, 1, 1, 1, 4, 44, 3, 5, 4, 
30: 44, 5, 0, 0, 5, 0, 0, 3, 0, 5, 0, 0, 0, 2, 0, 0, 0, 3, 0, 0, 4, 0, 3, 0, 0, 1, 5, 5, 0, 0, 3, 0, 0, 0, 1, 0, 1, 0, 0, 2, : 44, 5, 5, 3, 5, 2, 3, 4, 3, 1, 5, 5, 3, 1, 1, 2, 


