
20
100
60
5

93: 41, 0, 0, 4, 0, 5, 3, 4, 3, 4, 1, 0, 0, 5, 1, 0, 0, 0, 5, 1, : 41, 4, 5, 3, 4, 3, 4, 1, 5, 1, 5, 1, 
57: 5, 0, 0, 6, 2, 3, 0, 0, 0, 3, 5, 41, 40, 3, 4, 0, 2, 4, 4, 2, : 5, 6, 2, 3, 3, 5, 41, 40, 3, 4, 2, 4, 4, 2, 
46: 0, 1, 41, 1, 0, 1, 4, 1, 0, 2, 0, 0, 4, 3, 2, 0, 1, 2, 2, 5, : 1, 41, 1, 1, 4, 1, 2, 4, 3, 2, 1, 2, 2, 5, 
60: 0, 0, 0, 1, 0, 4, 0, 0, 1, 4, 5, 0, 0, 5, 5, 0, 3, 0, 4, 4, : 1, 4, 1, 4, 5, 5, 5, 3, 4, 4, 
47: 1, 0, 0, 2, 0, 7, 3, 5, 0, 1, 0, 0, 3, 2, 1, 1, 0, 0, 2, 2, : 1, 2, 7, 3, 5, 1, 3, 2, 1, 1, 2, 2, 
56: 4, 0, 0, 5, 0, 2, 1, 0, 0, 2, 3, 0, 0, 4, 4, 2, 0, 0, 5, 5, : 4, 5, 2, 1, 2, 3, 4, 4, 2, 5, 5, 
40: 0, 0, 0, 4, 0, 2, 0, 3, 2, 3, 41, 3, 0, 2, 4, 0, 0, 0, 2, 3, : 4, 2, 3, 2, 3, 41, 3, 2, 4, 2, 3, 
51: 0, 2, 0, 3, 5, 7, 2, 0, 2, 5, 0, 5, 0, 0, 5, 0, 1, 0, 2, 2, : 2, 3, 5, 7, 2, 2, 5, 5, 5, 1, 2, 2, 
52: 3, 0, 0, 2, 43, 2, 0, 0, 4, 1, 0, 3, 3, 5, 3, 0, 0, 3, 1, 5, : 3, 2, 43, 2, 4, 1, 3, 3, 5, 3, 3, 1, 5, 
83: 0, 0, 0, 3, 0, 5, 0, 0, 0, 1, 0, 3, 5, 1, 2, 43, 3, 3, 0, 4, : 3, 5, 1, 3, 5, 1, 2, 43, 3, 3, 4, 
15: 0, 3, 5, 4, 0, 1, 0, 0, 0, 2, 0, 0, 4, 2, 3, 1, 0, 0, 1, 2, : 3, 5, 4, 1, 2, 4, 2, 3, 1, 1, 2, 
59: 0, 0, 0, 4, 3, 1, 0, 1, 0, 4, 0, 0, 0, 1, 1, 0, 0, 0, 5, 1, : 4, 3, 1, 1, 4, 1, 1, 5, 1, 
91: 0, 0, 0, 3, 0, 3, 4, 1, 0, 4, 3, 0, 0, 5, 2, 3, 0, 0, 5, 3, : 3, 3, 4, 1, 4, 3, 5, 2, 3, 5, 3, 
28: 0, 42, 0, 1, 2, 1, 41, 2, 0, 3, 0, 0, 0, 2, 1, 0, 42, 0, 2, 4, : 42, 1, 2, 1, 41, 2, 3, 2, 1, 42, 2, 4, 
14: 1, 1, 5, 1, 4, 1, 2, 1, 0, 9, 0, 0, 0, 4, 5, 4, 3, 0, 0, 5, : 1, 1, 5, 1, 4, 1, 2, 1, 9, 4, 5, 4, 3, 5, 
19: 0, 3, 0, 1, 0, 2, 0, 0, 0, 3, 0, 0, 0, 4, 3, 1, 4, 0, 5, 3, : 3, 1, 2, 3, 4, 3, 1, 4, 5, 3, 
6: 0, 3, 2, 4, 0, 5, 0, 1, 44, 4, 0, 5, 0, 3, 1, 1, 0, 0, 3, 5, : 3, 2, 4, 5, 1, 44, 4, 5, 3, 1, 1, 3, 5, 
69: 0, 5, 5, 4, 0, 2, 0, 1, 1, 1, 2, 0, 1, 0, 4, 4, 0, 4, 5, 1, : 5, 5, 4, 2, 1, 1, 1, 2, 1, 4, 4, 4, 5, 1, 
85: 0, 0, 1, 3, 1, 4, 0, 40, 3, 3, 0, 0, 0, 4, 4, 0, 0, 3, 4, 2, : 1, 3, 1, 4, 40, 3, 3, 4, 4, 3, 4, 2, 
54: 5, 0, 1, 4, 0, 2, 0, 0, 0, 1, 0, 0, 0, 5, 5, 0, 1, 41, 3, 1, : 5, 1, 4, 2, 1, 5, 5, 1, 41, 3, 1, 


55: 42, 3, 0, 0, 0, 0, 0, 0, 5, 2, 0, 0, 2, 4, 0, 0, 1, 3, 41, 0, : 42, 3, 5, 2, 2, 4, 1, 3, 41, 
36: 4, 1, 0, 41, 2, 1, 0, 0, 4, 0, 0, 0, 5, 1, 1, 4, 5, 2, 4, 0, : 4, 1, 41, 2, 1, 4, 5, 1, 1, 4, 5, 2, 4, 
81: 0, 1, 0, 5, 0, 0, 0, 5, 8, 0, 0, 1, 1, 3, 1, 40, 4, 4, 0, 1, : 1, 5, 5, 8, 1, 1, 3, 1, 40, 4, 4, 1, 
89: 0, 0, 0, 0, 5, 2, 0, 0, 1, 0, 5, 0, 1, 3, 40, 0, 3, 3, 0, 0, : 5, 2, 1, 5, 1, 3, 40, 3, 3, 
74: 1, 4, 0, 3, 0, 0, 2, 0, 2, 0, 0, 2, 2, 3, 0, 0, 1, 2, 3, 41, : 1, 4, 3, 2, 2, 2, 2, 3, 1, 2, 3, 41, 
2: 0, 0, 0, 0, 0, 0, 1, 0, 1, 41, 2, 4, 3, 1, 3, 0, 5, 5, 0, 3, : 1, 1, 41, 2, 4, 3, 1, 3, 5, 5, 3, 
7: 0, 0, 4, 0, 0, 0, 0, 0, 7, 0, 0, 0, 5, 2, 0, 5, 4, 4, 0, 2, : 4, 7, 5, 2, 5, 4, 4, 2, 
41: 1, 4, 4, 0, 0, 0, 0, 2, 4, 0, 0, 0, 4, 5, 0, 0, 1, 1, 4, 0, : 1, 4, 4, 2, 4, 4, 5, 1, 1, 4, 
97: 4, 2, 0, 0, 0, 0, 0, 0, 1, 3, 42, 0, 2, 4, 3, 0, 1, 4, 0, 1, : 4, 2, 1, 3, 42, 2, 4, 3, 1, 4, 1, 
99: 0, 1, 1, 0, 5, 5, 0, 0, 3, 4, 0, 0, 1, 2, 0, 0, 5, 1, 2, 0, : 1, 1, 5, 5, 3, 4, 1, 2, 5, 1, 2, 
8: 1, 0, 0, 1, 41, 0, 5, 0, 4, 0, 0, 2, 3, 1, 0, 0, 2, 1, 0, 4, : 1, 1, 41, 5, 4, 2, 3, 1, 2, 1, 4, 
39: 0, 0, 0, 0, 1, 0, 40, 0, 1, 0, 3, 44, 4, 4, 3, 0, 2, 5, 0, 3, : 1, 40, 1, 3, 44, 4, 4, 3, 2, 5, 3, 
9: 0, 0, 0, 0, 4, 0, 0, 0, 2, 4, 0, 0, 3, 3, 2, 0, 2, 3, 3, 0, : 4, 2, 4, 3, 3, 2, 2, 3, 3, 
32: 4, 0, 0, 0, 0, 0, 4, 5, 3, 0, 0, 0, 2, 4, 1, 0, 4, 0, 2, 3, : 4, 4, 5, 3, 2, 4, 1, 4, 2, 3, 
61: 0, 0, 1, 2, 1, 0, 0, 5, 1, 0, 3, 0, 3, 4, 3, 5, 4, 5, 0, 1, : 1, 2, 1, 5, 1, 3, 3, 4, 3, 5, 4, 5, 1, 
17: 3, 0, 0, 5, 0, 3, 0, 0, 2, 3, 0, 0, 5, 4, 3, 5, 5, 1, 1, 0, : 3, 5, 3, 2, 3, 5, 4, 3, 5, 5, 1, 1, 
90: 0, 0, 42, 0, 1, 44, 0, 40, 5, 3, 0, 0, 4, 5, 0, 0, 1, 4, 0, 0, : 42, 1, 44, 40, 5, 3, 4, 5, 1, 4, 
20: 0, 0, 5, 3, 0, 5, 0, 0, 1, 0, 0, 0, 4, 1, 0, 0, 3, 4, 0, 1, : 5, 3, 5, 1, 4, 1, 3, 4, 1, 
94: 0, 44, 0, 0, 0, 0, 3, 2, 2, 0, 5, 5, 4, 2, 0, 1, 4, 4, 0, 0, : 44, 3, 2, 2, 5, 5, 4, 2, 1, 4, 4, 
65: 0, 0, 3, 0, 0, 0, 5, 1, 3, 0, 0, 2, 2, 4, 0, 0, 3, 4, 0, 0, : 3, 5, 1, 3, 2, 2, 4, 3, 4, 


22: 2, 2, 6, 4, 2, 1, 1, 0, 0, 2, 0, 5, 0, 0, 0, 0, 4, 0, 0, 5, : 2, 2, 6, 4, 2, 1, 1, 2, 5, 4, 5, 
45: 1, 5, 1, 0, 3, 0, 3, 0, 0, 2, 0, 1, 40, 2, 1, 0, 0, 1, 0, 1, : 1, 5, 1, 3, 3, 2, 1, 40, 2, 1, 1, 1, 
25: 7, 2, 4, 5, 0, 0, 0, 0, 0, 3, 4, 5, 0, 0, 0, 0, 0, 1, 0, 1, : 7, 2, 4, 5, 3, 4, 5, 1, 1, 
98: 2, 4, 2, 2, 5, 44, 4, 0, 0, 4, 0, 1, 0, 0, 0, 43, 0, 0, 1, 3, : 2, 4, 2, 2, 5, 44, 4, 4, 1, 43, 1, 3, 
18: 5, 1, 2, 0, 1, 1, 0, 0, 2, 5, 0, 3, 2, 1, 0, 3, 0, 0, 2, 4, : 5, 1, 2, 1, 1, 2, 5, 3, 2, 1, 3, 2, 4, 
63: 3, 1, 3, 0, 2, 3, 0, 0, 5, 2, 4, 5, 2, 0, 0, 0, 1, 0, 0, 5, : 3, 1, 3, 2, 3, 5, 2, 4, 5, 2, 1, 5, 
88: 2, 2, 1, 0, 2, 0, 0, 3, 0, 5, 0, 3, 0, 4, 0, 0, 0, 5, 0, 3, : 2, 2, 1, 2, 3, 5, 3, 4, 5, 3, 
34: 5, 4, 7, 0, 4, 4, 0, 0, 1, 5, 0, 4, 1, 0, 0, 0, 0, 0, 0, 1, : 5, 4, 7, 4, 4, 1, 5, 4, 1, 1, 
76: 2, 4, 1, 0, 5, 0, 2, 4, 0, 1, 1, 4, 5, 40, 44, 1, 0, 0, 0, 1, : 2, 4, 1, 5, 2, 4, 1, 1, 4, 5, 40, 44, 1, 1, 
37: 5, 4, 5, 0, 2, 0, 0, 0, 0, 3, 0, 1, 0, 3, 0, 0, 42, 5, 5, 2, : 5, 4, 5, 2, 3, 1, 3, 42, 5, 5, 2, 
29: 4, 4, 2, 1, 3, 0, 4, 1, 0, 2, 43, 3, 0, 1, 2, 0, 0, 0, 0, 1, : 4, 4, 2, 1, 3, 4, 1, 2, 43, 3, 1, 2, 1, 
70: 1, 4, 1, 0, 3, 4, 0, 0, 0, 3, 0, 2, 0, 4, 0, 0, 4, 3, 0, 5, : 1, 4, 1, 3, 4, 3, 2, 4, 4, 3, 5, 
31: 3, 3, 6, 0, 4, 0, 0, 1, 0, 3, 5, 1, 0, 0, 0, 5, 0, 0, 0, 2, : 3, 3, 6, 4, 1, 3, 5, 1, 5, 2, 
71: 3, 1, 3, 40, 2, 2, 43, 4, 2, 2, 0, 1, 3, 0, 4, 0, 3, 2, 0, 5, : 3, 1, 3, 40, 2, 2, 43, 4, 2, 2, 1, 3, 4, 3, 2, 5, 
73: 2, 5, 5, 0, 5, 0, 0, 1, 0, 0, 0, 5, 0, 1, 4, 4, 2, 0, 0, 5, : 2, 5, 5, 5, 1, 5, 1, 4, 4, 2, 5, 
11: 2, 3, 1, 0, 3, 0, 0, 44, 3, 3, 0, 5, 0, 0, 5, 0, 0, 0, 0, 3, : 2, 3, 1, 3, 44, 3, 3, 5, 5, 3, 
66: 4, 3, 1, 4, 5, 0, 0, 0, 0, 5, 0, 1, 0, 4, 0, 1, 0, 43, 42, 6, : 4, 3, 1, 4, 5, 5, 1, 4, 1, 43, 42, 6, 
62: 3, 4, 1, 0, 5, 1, 1, 2, 2, 5, 0, 4, 0, 0, 0, 0, 0, 0, 0, 3, : 3, 4, 1, 5, 1, 1, 2, 2, 5, 4, 3, 
21: 3, 3, 4, 4, 2, 0, 0, 0, 44, 3, 0, 4, 3, 0, 0, 0, 4, 0, 5, 1, : 3, 3, 4, 4, 2, 44, 3, 4, 3, 4, 5, 1, 
44: 1, 1, 4, 0, 2, 0, 2, 0, 1, 2, 3, 2, 4, 0, 0, 3, 0, 0, 5, 3, : 1, 1, 4, 2, 2, 1, 2, 3, 2, 4, 3, 5, 3, 


30: 5, 2, 3, 1, 0, 5, 3, 42, 0, 2, 1, 1, 0, 2, 1, 0, 0, 0, 3, 0, : 5, 2, 3, 1, 5, 3, 42, 2, 1, 1, 2, 1, 3, 
24: 1, 1, 0, 3, 2, 6, 1, 0, 5, 0, 0, 5, 0, 5, 3, 2, 1, 0, 3, 0, : 1, 1, 3, 2, 6, 1, 5, 5, 5, 3, 2, 1, 3, 
72: 5, 0, 0, 44, 0, 3, 1, 0, 0, 1, 3, 1, 0, 0, 5, 0, 1, 0, 0, 0, : 5, 44, 3, 1, 1, 3, 1, 5, 1, 
58: 5, 41, 0, 3, 5, 2, 5, 0, 0, 2, 4, 2, 0, 0, 4, 0, 0, 5, 2, 2, : 5, 41, 3, 5, 2, 5, 2, 4, 2, 4, 5, 2, 2, 
1: 2, 0, 0, 0, 0, 3, 4, 0, 0, 0, 0, 1, 0, 5, 4, 42, 4, 0, 0, 0, : 2, 3, 4, 1, 5, 4, 42, 4, 
43: 2, 1, 43, 0, 0, 2, 1, 3, 0, 0, 0, 5, 0, 0, 1, 0, 0, 40, 1, 0, : 2, 1, 43, 2, 1, 3, 5, 1, 40, 1, 
5: 0, 4, 0, 0, 0, 4, 2, 0, 5, 1, 3, 2, 5, 4, 7, 0, 2, 0, 3, 2, : 4, 4, 2, 5, 1, 3, 2, 5, 4, 7, 2, 3, 2, 
68: 5, 3, 0, 0, 0, 1, 5, 0, 0, 42, 0, 1, 0, 0, 2, 5, 0, 5, 0, 3, : 5, 3, 1, 5, 42, 1, 2, 5, 5, 3, 
33: 1, 1, 0, 0, 1, 4, 5, 0, 0, 0, 0, 5, 0, 0, 2, 0, 2, 3, 0, 42, : 1, 1, 1, 4, 5, 5, 2, 2, 3, 42, 
35: 3, 0, 0, 0, 0, 4, 3, 0, 0, 4, 0, 4, 0, 42, 5, 3, 40, 0, 0, 2, : 3, 4, 3, 4, 4, 42, 5, 3, 40, 2, 
100: 0, 0, 1, 0, 42, 4, 1, 2, 0, 0, 42, 5, 44, 0, 4, 0, 0, 0, 0, 0, : 1, 42, 4, 1, 2, 42, 5, 44, 4, 
10: 2, 1, 2, 1, 0, 1, 2, 5, 0, 2, 0, 3, 0, 0, 1, 2, 0, 0, 0, 0, : 2, 1, 2, 1, 1, 2, 5, 2, 3, 1, 2, 
87: 3, 0, 1, 1, 4, 4, 1, 0, 3, 0, 0, 2, 0, 0, 1, 0, 2, 1, 1, 1, : 3, 1, 1, 4, 4, 1, 3, 2, 1, 2, 1, 1, 1, 
3: 1, 0, 0, 3, 0, 4, 4, 0, 0, 5, 0, 3, 0, 0, 5, 0, 4, 5, 1, 5, : 1, 3, 4, 4, 5, 3, 5, 4, 5, 1, 5, 
77: 2, 3, 0, 2, 0, 2, 5, 0, 42, 0, 0, 5, 4, 0, 5, 3, 0, 0, 41, 3, : 2, 3, 2, 2, 5, 42, 5, 4, 5, 3, 41, 3, 
13: 4, 1, 5, 0, 0, 3, 1, 5, 0, 0, 0, 3, 2, 0, 1, 0, 0, 1, 0, 0, : 4, 1, 5, 3, 1, 5, 3, 2, 1, 1, 
50: 5, 2, 0, 2, 0, 3, 4, 3, 1, 0, 2, 5, 2, 0, 1, 0, 0, 0, 2, 0, : 5, 2, 2, 3, 4, 3, 1, 2, 5, 2, 1, 2, 
64: 5, 0, 5, 0, 3, 1, 5, 0, 0, 0, 0, 2, 0, 0, 3, 0, 3, 0, 2, 0, : 5, 5, 3, 1, 5, 2, 3, 3, 2, 
27: 4, 0, 0, 0, 3, 3, 5, 0, 3, 1, 2, 1, 0, 2, 1, 1, 1, 0, 0, 0, : 4, 3, 3, 5, 3, 1, 2, 1, 2, 1, 1, 1, 
53: 5, 0, 0, 0, 0, 1, 2, 0, 1, 0, 3, 4, 3, 0, 4, 2, 0, 0, 1, 0, : 5, 1, 2, 1, 3, 4, 3, 4, 2, 1, 


75: 3, 1, 4, 0, 3, 0, 0, 0, 2, 0, 0, 2, 0, 0, 0, 5, 1, 0, 0, 0, : 3, 1, 4, 3, 2, 2, 5, 1, 
84: 3, 4, 0, 0, 0, 0, 1, 1, 4, 0, 4, 1, 0, 0, 0, 0, 5, 2, 1, 0, : 3, 4, 1, 1, 4, 4, 1, 5, 2, 1, 
42: 0, 0, 0, 0, 0, 0, 4, 1, 1, 0, 0, 2, 4, 0, 0, 3, 4, 1, 4, 0, : 4, 1, 1, 2, 4, 3, 4, 1, 4, 
82: 0, 0, 2, 0, 0, 2, 1, 2, 4, 1, 0, 4, 1, 0, 2, 0, 5, 0, 40, 0, : 2, 2, 1, 2, 4, 1, 4, 1, 2, 5, 40, 
78: 0, 1, 1, 0, 4, 0, 2, 44, 3, 0, 3, 5, 5, 1, 0, 0, 1, 0, 5, 0, : 1, 1, 4, 2, 44, 3, 3, 5, 5, 1, 1, 5, 
16: 5, 1, 0, 0, 1, 1, 3, 0, 4, 0, 0, 5, 1, 0, 0, 4, 4, 0, 0, 0, : 5, 1, 1, 1, 3, 4, 5, 1, 4, 4, 
80: 4, 0, 0, 5, 0, 0, 3, 0, 5, 0, 3, 3, 1, 0, 0, 0, 4, 5, 0, 0, : 4, 5, 3, 5, 3, 3, 1, 4, 5, 
96: 0, 0, 1, 0, 40, 1, 5, 0, 2, 0, 0, 3, 0, 1, 2, 0, 3, 0, 0, 0, : 1, 40, 1, 5, 2, 3, 1, 2, 3, 
92: 40, 44, 3, 5, 1, 0, 4, 1, 2, 1, 0, 1, 0, 4, 0, 2, 2, 0, 3, 0, : 40, 44, 3, 5, 1, 4, 1, 2, 1, 1, 4, 2, 2, 3, 
79: 0, 0, 0, 4, 4, 3, 2, 5, 1, 1, 1, 2, 0, 0, 3, 0, 1, 0, 0, 0, : 4, 4, 3, 2, 5, 1, 1, 1, 2, 3, 1, 
95: 1, 1, 2, 1, 0, 0, 5, 0, 5, 5, 0, 4, 0, 0, 0, 0, 2, 0, 1, 5, : 1, 1, 2, 1, 5, 5, 5, 4, 2, 1, 5, 
4: 0, 0, 0, 0, 1, 42, 1, 0, 1, 0, 0, 4, 3, 0, 0, 0, 5, 0, 3, 5, : 1, 42, 1, 1, 4, 3, 5, 3, 5, 
38: 0, 3, 0, 5, 4, 3, 4, 1, 3, 0, 3, 2, 44, 5, 2, 5, 2, 3, 1, 0, : 3, 5, 4, 3, 4, 1, 3, 3, 2, 44, 5, 2, 5, 2, 3, 1, 
86: 0, 5, 0, 0, 0, 0, 2, 0, 3, 0, 0, 3, 0, 0, 2, 0, 2, 0, 1, 3, : 5, 2, 3, 3, 2, 2, 1, 3, 
49: 0, 0, 0, 0, 0, 0, 5, 0, 4, 5, 0, 3, 0, 3, 3, 40, 4, 5, 0, 0, : 5, 4, 5, 3, 3, 3, 40, 4, 5, 
26: 0, 0, 5, 0, 0, 0, 5, 0, 5, 40, 0, 3, 1, 0, 44, 0, 2, 0, 1, 1, : 5, 5, 5, 40, 3, 1, 44, 2, 1, 1, 
12: 3, 0, 40, 0, 0, 0, 4, 0, 4, 0, 0, 5, 0, 5, 2, 0, 2, 0, 0, 1, : 3, 40, 4, 4, 5, 5, 2, 2, 1, 
67: 1, 0, 2, 40, 0, 0, 5, 0, 1, 4, 2, 1, 0, 0, 0, 0, 1, 44, 0, 1, : 1, 2, 40, 5, 1, 4, 2, 1, 1, 44, 1, 
23: 0, 0, 0, 0, 0, 4, 2, 0, 3, 0, 0, 5, 0, 0, 0, 1, 5, 0, 0, 2, : 4, 2, 3, 5, 1, 5, 2, 
48: 0, 0, 0, 0, 2, 4, 2, 5, 3, 3, 44, 2, 0, 41, 0, 0, 5, 0, 0, 42, : 2, 4, 2, 5, 3, 3, 44, 2, 41, 5, 42, 


