
20
20
60
1

2: 0, 2, 0, 4, 0, 5, 5, 0, 0, 0, 3, 1, 0, 3, 0, 1, 3, 44, 4, 1, : 2, 4, 5, 5, 3, 1, 3, 1, 3, 44, 4, 1, 
7: 0, 4, 3, 3, 0, 5, 3, 0, 0, 0, 0, 4, 0, 0, 43, 3, 0, 2, 1, 2, : 4, 3, 3, 5, 3, 4, 43, 3, 2, 1, 2, 
17: 0, 3, 0, 1, 1, 3, 3, 41, 0, 0, 0, 3, 42, 1, 1, 0, 4, 4, 3, 0, : 3, 1, 1, 3, 3, 41, 3, 42, 1, 1, 4, 4, 3, 
5: 1, 5, 1, 1, 3, 5, 0, 0, 2, 0, 0, 3, 0, 0, 1, 1, 5, 0, 5, 0, : 1, 5, 1, 1, 3, 5, 2, 3, 1, 1, 5, 5, 
11: 2, 2, 0, 10, 0, 2, 0, 0, 0, 1, 4, 3, 0, 0, 0, 0, 1, 0, 3, 0, : 2, 2, 10, 2, 1, 4, 3, 1, 3, 
12: 0, 1, 0, 1, 2, 3, 5, 4, 0, 0, 43, 5, 0, 0, 3, 0, 4, 3, 4, 2, : 1, 1, 2, 3, 5, 4, 43, 5, 3, 4, 3, 4, 2, 
20: 5, 5, 1, 4, 0, 1, 0, 0, 3, 4, 3, 5, 5, 4, 1, 0, 3, 0, 4, 0, : 5, 5, 1, 4, 1, 3, 4, 3, 5, 5, 4, 1, 3, 4, 
14: 0, 2, 0, 1, 0, 0, 40, 0, 41, 0, 1, 1, 0, 40, 0, 0, 4, 0, 2, 3, : 2, 1, 40, 41, 1, 1, 40, 4, 2, 3, 
8: 1, 1, 0, 1, 2, 1, 0, 0, 0, 0, 0, 1, 0, 5, 0, 0, 4, 0, 3, 0, : 1, 1, 1, 2, 1, 1, 5, 4, 3, 
10: 0, 1, 2, 4, 0, 5, 0, 1, 0, 1, 0, 2, 5, 1, 0, 4, 2, 0, 3, 4, : 1, 2, 4, 5, 1, 1, 2, 5, 1, 4, 2, 3, 4, 
1: 1, 5, 0, 5, 0, 4, 0, 3, 0, 40, 0, 1, 0, 0, 4, 0, 5, 0, 2, 0, : 1, 5, 5, 4, 3, 40, 1, 4, 5, 2, 
13: 2, 2, 4, 3, 0, 5, 0, 1, 0, 2, 3, 6, 5, 0, 0, 5, 2, 0, 4, 41, : 2, 2, 4, 3, 5, 1, 2, 3, 6, 5, 5, 2, 4, 41, 
15: 0, 4, 5, 3, 3, 2, 0, 5, 2, 0, 0, 2, 1, 0, 2, 4, 0, 0, 1, 0, : 4, 5, 3, 3, 2, 5, 2, 2, 1, 2, 4, 1, 
3: 2, 4, 0, 4, 40, 5, 1, 0, 5, 0, 0, 3, 0, 3, 0, 1, 2, 0, 4, 0, : 2, 4, 4, 40, 5, 1, 5, 3, 3, 1, 2, 4, 
16: 1, 4, 0, 1, 1, 3, 0, 0, 0, 0, 0, 4, 0, 0, 0, 0, 4, 0, 4, 3, : 1, 4, 1, 1, 3, 4, 4, 4, 3, 
19: 2, 3, 0, 2, 0, 0, 2, 0, 0, 0, 0, 3, 0, 0, 0, 0, 4, 0, 6, 2, : 2, 3, 2, 2, 3, 4, 6, 2, 
4: 0, 5, 0, 2, 5, 2, 0, 0, 1, 5, 0, 3, 0, 1, 1, 0, 3, 0, 2, 2, : 5, 2, 5, 2, 1, 5, 3, 1, 1, 3, 2, 2, 
18: 0, 1, 44, 3, 0, 3, 1, 0, 2, 2, 0, 1, 2, 1, 0, 0, 5, 3, 2, 0, : 1, 44, 3, 3, 1, 2, 2, 1, 2, 1, 5, 3, 2, 
9: 42, 2, 0, 3, 3, 1, 0, 5, 4, 3, 0, 5, 0, 0, 1, 40, 4, 4, 1, 0, : 42, 2, 3, 3, 1, 5, 4, 3, 5, 1, 40, 4, 4, 1, 
6: 1, 4, 0, 4, 0, 5, 0, 0, 0, 2, 3, 4, 0, 1, 3, 1, 1, 0, 2, 0, : 1, 4, 4, 5, 2, 3, 4, 1, 3, 1, 1, 2, 


