
80
200
120
5

131: 0, 0, 0, 3, 1, 0, 5, 1, 0, 4, 2, 0, 5, 3, 3, 0, 42, 5, 0, 0, 0, 0, 2, 2, 0, 2, 0, 3, 4, 5, 2, 0, 0, 0, 0, 2, 4, 1, 0, 3, 2, 0, 0, 0, 0, 0, 0, 0, 0, 0, 4, 0, 3, 4, 5, 0, 4, 0, 0, 3, 3, 0, 4, 5, 0, 0, 2, 0, 0, 1, 4, 0, 3, 1, 0, 0, 4, 0, 0, 0, : 3, 1, 5, 1, 4, 2, 5, 3, 3, 42, 5, 2, 2, 2, 3, 4, 5, 2, 2, 4, 1, 3, 2, 4, 3, 4, 5, 4, 3, 3, 4, 5, 2, 1, 4, 3, 1, 4, 
137: 2, 0, 2, 0, 2, 3, 0, 0, 0, 5, 1, 0, 0, 3, 2, 0, 0, 0, 0, 5, 1, 0, 0, 1, 5, 5, 44, 0, 2, 1, 5, 0, 5, 0, 0, 1, 3, 2, 0, 0, 0, 0, 0, 2, 0, 2, 0, 0, 0, 5, 5, 0, 3, 0, 0, 0, 4, 0, 0, 1, 0, 0, 0, 0, 5, 2, 0, 0, 1, 42, 1, 41, 0, 0, 5, 0, 0, 3, 0, 0, : 2, 2, 2, 3, 5, 1, 3, 2, 5, 1, 1, 5, 5, 44, 2, 1, 5, 5, 1, 3, 2, 2, 2, 5, 5, 3, 4, 1, 5, 2, 1, 42, 1, 41, 5, 3, 
61: 0, 2, 0, 0, 4, 1, 0, 4, 0, 2, 0, 3, 4, 2, 3, 4, 1, 0, 4, 5, 1, 0, 5, 0, 0, 1, 2, 0, 0, 5, 4, 0, 0, 0, 3, 1, 42, 0, 1, 0, 1, 0, 4, 1, 2, 0, 3, 3, 43, 0, 0, 0, 5, 0, 2, 3, 0, 5, 0, 3, 2, 3, 4, 0, 0, 1, 0, 1, 5, 0, 0, 0, 4, 0, 1, 0, 1, 0, 1, 3, : 2, 4, 1, 4, 2, 3, 4, 2, 3, 4, 1, 4, 5, 1, 5, 1, 2, 5, 4, 3, 1, 42, 1, 1, 4, 1, 2, 3, 3, 43, 5, 2, 3, 5, 3, 2, 3, 4, 1, 1, 5, 4, 1, 1, 1, 3, 
153: 5, 3, 0, 2, 0, 0, 0, 1, 0, 44, 0, 0, 4, 5, 7, 0, 0, 0, 2, 3, 0, 4, 0, 0, 4, 3, 1, 4, 0, 1, 2, 1, 5, 1, 0, 44, 0, 2, 0, 0, 1, 0, 0, 0, 42, 0, 0, 0, 43, 1, 5, 3, 2, 44, 1, 0, 0, 3, 0, 0, 1, 0, 3, 0, 0, 2, 2, 0, 3, 0, 0, 3, 0, 5, 5, 0, 0, 5, 0, 1, : 5, 3, 2, 1, 44, 4, 5, 7, 2, 3, 4, 4, 3, 1, 4, 1, 2, 1, 5, 1, 44, 2, 1, 42, 43, 1, 5, 3, 2, 44, 1, 3, 1, 3, 2, 2, 3, 3, 5, 5, 5, 1, 
183: 0, 0, 42, 1, 1, 0, 1, 3, 0, 0, 2, 3, 0, 2, 5, 0, 3, 4, 0, 3, 5, 4, 0, 0, 0, 3, 3, 2, 4, 1, 1, 0, 0, 4, 0, 3, 3, 4, 2, 0, 0, 3, 4, 0, 5, 4, 3, 1, 0, 0, 1, 0, 0, 3, 1, 3, 5, 3, 2, 0, 1, 0, 4, 0, 0, 2, 1, 0, 0, 2, 0, 1, 1, 1, 44, 0, 0, 3, 0, 3, : 42, 1, 1, 1, 3, 2, 3, 2, 5, 3, 4, 3, 5, 4, 3, 3, 2, 4, 1, 1, 4, 3, 3, 4, 2, 3, 4, 5, 4, 3, 1, 1, 3, 1, 3, 5, 3, 2, 1, 4, 2, 1, 2, 1, 1, 1, 44, 3, 3, 
89: 3, 0, 1, 0, 3, 0, 2, 5, 0, 0, 4, 4, 0, 3, 2, 0, 0, 0, 44, 0, 2, 0, 0, 0, 4, 3, 0, 0, 2, 0, 3, 0, 3, 0, 0, 0, 4, 0, 0, 0, 2, 4, 4, 0, 0, 0, 0, 0, 0, 0, 1, 3, 5, 0, 42, 3, 2, 5, 0, 0, 3, 0, 1, 0, 0, 3, 1, 1, 3, 0, 0, 1, 3, 0, 0, 4, 3, 5, 2, 0, : 3, 1, 3, 2, 5, 4, 4, 3, 2, 44, 2, 4, 3, 2, 3, 3, 4, 2, 4, 4, 1, 3, 5, 42, 3, 2, 5, 3, 1, 3, 1, 1, 3, 1, 3, 4, 3, 5, 2, 
123: 5, 0, 1, 3, 2, 0, 0, 0, 2, 0, 4, 3, 5, 1, 1, 2, 0, 40, 0, 1, 43, 0, 0, 4, 0, 4, 0, 3, 0, 0, 0, 0, 2, 0, 0, 5, 2, 44, 0, 0, 0, 0, 0, 1, 2, 0, 0, 0, 3, 0, 2, 0, 0, 0, 2, 0, 3, 0, 5, 0, 4, 0, 4, 0, 0, 5, 0, 3, 5, 2, 0, 42, 0, 42, 0, 5, 2, 0, 0, 4, : 5, 1, 3, 2, 2, 4, 3, 5, 1, 1, 2, 40, 1, 43, 4, 4, 3, 2, 5, 2, 44, 1, 2, 3, 2, 2, 3, 5, 4, 4, 5, 3, 5, 2, 42, 42, 5, 2, 4, 
145: 0, 0, 0, 0, 0, 0, 3, 1, 0, 4, 0, 0, 1, 3, 5, 0, 0, 1, 0, 1, 2, 1, 0, 0, 0, 4, 0, 1, 1, 4, 5, 0, 0, 1, 0, 3, 0, 1, 4, 1, 4, 0, 42, 0, 0, 0, 1, 0, 0, 4, 4, 4, 0, 0, 4, 2, 5, 0, 0, 0, 1, 0, 1, 0, 5, 1, 0, 3, 2, 0, 0, 0, 1, 3, 0, 0, 2, 3, 0, 4, : 3, 1, 4, 1, 3, 5, 1, 1, 2, 1, 4, 1, 1, 4, 5, 1, 3, 1, 4, 1, 4, 42, 1, 4, 4, 4, 4, 2, 5, 1, 1, 5, 1, 3, 2, 1, 3, 2, 3, 4, 
143: 0, 0, 0, 40, 3, 0, 5, 3, 0, 1, 2, 2, 5, 0, 2, 0, 0, 4, 1, 2, 0, 0, 0, 0, 0, 4, 1, 0, 3, 3, 0, 0, 2, 5, 3, 0, 3, 1, 0, 1, 2, 0, 2, 0, 0, 0, 0, 4, 5, 0, 0, 2, 5, 0, 2, 1, 3, 0, 0, 0, 0, 0, 1, 1, 0, 1, 1, 0, 2, 0, 0, 0, 1, 3, 0, 44, 0, 1, 0, 0, : 40, 3, 5, 3, 1, 2, 2, 5, 2, 4, 1, 2, 4, 1, 3, 3, 2, 5, 3, 3, 1, 1, 2, 2, 4, 5, 2, 5, 2, 1, 3, 1, 1, 1, 1, 2, 1, 3, 44, 1, 
48: 0, 0, 0, 1, 2, 1, 3, 1, 0, 2, 0, 1, 4, 5, 1, 1, 2, 0, 0, 3, 0, 0, 0, 3, 0, 5, 0, 0, 0, 3, 1, 1, 3, 0, 0, 4, 0, 0, 5, 0, 0, 0, 0, 0, 5, 0, 3, 0, 0, 0, 43, 0, 5, 0, 0, 4, 4, 0, 0, 0, 0, 0, 1, 1, 0, 1, 5, 4, 4, 0, 2, 0, 0, 1, 0, 1, 0, 4, 3, 0, : 1, 2, 1, 3, 1, 2, 1, 4, 5, 1, 1, 2, 3, 3, 5, 3, 1, 1, 3, 4, 5, 5, 3, 43, 5, 4, 4, 1, 1, 1, 5, 4, 4, 2, 1, 1, 4, 3, 
178: 4, 0, 0, 0, 1, 0, 3, 1, 0, 1, 3, 2, 0, 3, 5, 0, 3, 0, 41, 0, 0, 0, 0, 0, 0, 2, 0, 1, 4, 2, 3, 0, 2, 3, 5, 5, 0, 0, 0, 2, 0, 1, 0, 43, 0, 2, 3, 0, 0, 0, 0, 0, 1, 0, 3, 1, 0, 2, 43, 0, 4, 0, 3, 4, 0, 3, 5, 0, 2, 0, 4, 0, 2, 3, 0, 0, 0, 3, 4, 3, : 4, 1, 3, 1, 1, 3, 2, 3, 5, 3, 41, 2, 1, 4, 2, 3, 2, 3, 5, 5, 2, 1, 43, 2, 3, 1, 3, 1, 2, 43, 4, 3, 4, 3, 5, 2, 4, 2, 3, 3, 4, 3, 
85: 0, 0, 0, 0, 42, 5, 5, 0, 0, 0, 0, 0, 4, 0, 5, 1, 0, 4, 0, 5, 2, 0, 0, 0, 0, 1, 4, 0, 3, 0, 0, 0, 1, 2, 2, 4, 1, 0, 2, 0, 3, 1, 1, 0, 0, 0, 0, 0, 0, 0, 2, 5, 1, 0, 2, 0, 5, 3, 0, 0, 4, 0, 1, 40, 2, 0, 2, 0, 0, 5, 0, 3, 0, 5, 0, 2, 0, 1, 3, 0, : 42, 5, 5, 4, 5, 1, 4, 5, 2, 1, 4, 3, 1, 2, 2, 4, 1, 2, 3, 1, 1, 2, 5, 1, 2, 5, 3, 4, 1, 40, 2, 2, 5, 3, 5, 2, 1, 3, 
37: 0, 0, 2, 3, 0, 5, 1, 4, 0, 5, 4, 0, 4, 4, 2, 0, 0, 5, 0, 4, 44, 5, 42, 5, 2, 0, 0, 2, 4, 4, 5, 0, 1, 0, 43, 0, 1, 0, 2, 0, 0, 0, 1, 4, 5, 5, 4, 0, 0, 0, 0, 0, 4, 3, 2, 41, 0, 0, 0, 0, 40, 0, 0, 2, 0, 0, 1, 0, 0, 0, 0, 0, 0, 0, 0, 0, 5, 0, 0, 2, : 2, 3, 5, 1, 4, 5, 4, 4, 4, 2, 5, 4, 44, 5, 42, 5, 2, 2, 4, 4, 5, 1, 43, 1, 2, 1, 4, 5, 5, 4, 4, 3, 2, 41, 40, 2, 1, 5, 2, 
54: 0, 0, 0, 1, 3, 0, 0, 0, 5, 1, 3, 0, 2, 5, 4, 0, 0, 0, 5, 44, 0, 44, 0, 5, 0, 0, 0, 0, 3, 3, 5, 0, 0, 4, 0, 0, 3, 0, 0, 0, 0, 0, 0, 2, 0, 4, 0, 0, 0, 0, 4, 1, 0, 40, 0, 5, 1, 0, 0, 2, 0, 0, 0, 5, 0, 2, 3, 0, 0, 42, 4, 0, 1, 0, 0, 0, 0, 0, 5, 3, : 1, 3, 5, 1, 3, 2, 5, 4, 5, 44, 44, 5, 3, 3, 5, 4, 3, 2, 4, 4, 1, 40, 5, 1, 2, 5, 2, 3, 42, 4, 1, 5, 3, 
94: 44, 0, 0, 0, 1, 0, 1, 0, 0, 3, 4, 0, 0, 0, 5, 0, 0, 0, 0, 3, 0, 0, 0, 0, 0, 2, 0, 0, 0, 40, 0, 0, 0, 0, 0, 4, 5, 0, 5, 0, 2, 3, 0, 0, 1, 0, 0, 0, 1, 2, 0, 0, 2, 0, 0, 1, 0, 0, 0, 0, 4, 0, 1, 0, 0, 0, 3, 0, 0, 3, 0, 0, 2, 0, 4, 3, 0, 1, 0, 0, : 44, 1, 1, 3, 4, 5, 3, 2, 40, 4, 5, 5, 2, 3, 1, 1, 2, 2, 1, 4, 1, 3, 3, 2, 4, 3, 1, 
93: 0, 4, 0, 2, 0, 44, 3, 5, 0, 0, 4, 41, 2, 0, 5, 4, 2, 2, 0, 4, 0, 0, 0, 0, 42, 5, 0, 1, 2, 1, 41, 0, 0, 0, 0, 0, 1, 2, 5, 3, 0, 0, 1, 0, 0, 1, 1, 2, 0, 1, 0, 0, 3, 3, 5, 0, 3, 4, 5, 5, 0, 5, 2, 3, 0, 2, 1, 2, 0, 0, 1, 1, 1, 4, 0, 5, 4, 4, 1, 0, : 4, 2, 44, 3, 5, 4, 41, 2, 5, 4, 2, 2, 4, 42, 5, 1, 2, 1, 41, 1, 2, 5, 3, 1, 1, 1, 2, 1, 3, 3, 5, 3, 4, 5, 5, 5, 2, 3, 2, 1, 2, 1, 1, 1, 4, 5, 4, 4, 1, 
73: 0, 3, 1, 0, 1, 0, 0, 4, 0, 1, 3, 2, 0, 1, 1, 3, 44, 4, 2, 2, 0, 40, 4, 3, 0, 0, 43, 3, 2, 5, 2, 0, 0, 0, 3, 5, 0, 2, 0, 2, 0, 0, 0, 0, 0, 0, 41, 0, 4, 5, 2, 1, 4, 0, 4, 3, 2, 0, 0, 0, 0, 4, 2, 0, 0, 1, 2, 0, 41, 1, 3, 0, 5, 3, 0, 0, 0, 3, 0, 0, : 3, 1, 1, 4, 1, 3, 2, 1, 1, 3, 44, 4, 2, 2, 40, 4, 3, 43, 3, 2, 5, 2, 3, 5, 2, 2, 41, 4, 5, 2, 1, 4, 4, 3, 2, 4, 2, 1, 2, 41, 1, 3, 5, 3, 3, 
8: 1, 0, 1, 4, 2, 5, 2, 3, 4, 5, 2, 3, 4, 1, 3, 0, 0, 0, 3, 2, 0, 0, 0, 0, 0, 2, 2, 0, 0, 0, 2, 3, 4, 42, 4, 0, 0, 0, 2, 0, 0, 0, 0, 42, 4, 0, 41, 0, 4, 43, 0, 0, 1, 0, 2, 2, 2, 41, 3, 1, 4, 3, 3, 3, 0, 3, 0, 0, 3, 0, 0, 0, 1, 0, 1, 1, 1, 0, 0, 44, : 1, 1, 4, 2, 5, 2, 3, 4, 5, 2, 3, 4, 1, 3, 3, 2, 2, 2, 2, 3, 4, 42, 4, 2, 42, 4, 41, 4, 43, 1, 2, 2, 2, 41, 3, 1, 4, 3, 3, 3, 3, 3, 1, 1, 1, 1, 44, 
180: 0, 1, 1, 0, 4, 0, 1, 0, 0, 1, 0, 0, 1, 0, 4, 0, 0, 0, 0, 0, 0, 0, 5, 0, 0, 0, 4, 2, 1, 2, 3, 0, 3, 0, 0, 1, 5, 0, 44, 0, 0, 0, 0, 0, 0, 1, 0, 4, 0, 1, 4, 0, 1, 2, 5, 0, 4, 0, 44, 0, 2, 0, 1, 0, 0, 1, 44, 5, 0, 4, 2, 5, 0, 2, 0, 0, 0, 44, 0, 4, : 1, 1, 4, 1, 1, 1, 4, 5, 4, 2, 1, 2, 3, 3, 1, 5, 44, 1, 4, 1, 4, 1, 2, 5, 4, 44, 2, 1, 1, 44, 5, 4, 2, 5, 2, 44, 4, 
103: 0, 0, 43, 0, 1, 0, 40, 2, 0, 5, 0, 0, 0, 4, 5, 1, 2, 0, 0, 4, 2, 0, 0, 0, 1, 0, 0, 0, 5, 4, 0, 3, 4, 0, 2, 0, 2, 5, 5, 0, 0, 0, 3, 4, 0, 0, 0, 1, 0, 0, 4, 0, 1, 3, 1, 1, 0, 0, 0, 4, 3, 0, 3, 0, 0, 44, 3, 0, 0, 0, 0, 4, 4, 0, 0, 0, 0, 2, 0, 0, : 43, 1, 40, 2, 5, 4, 5, 1, 2, 4, 2, 1, 5, 4, 3, 4, 2, 2, 5, 5, 3, 4, 1, 4, 1, 3, 1, 1, 4, 3, 3, 44, 3, 4, 4, 2, 
110: 0, 0, 0, 0, 5, 0, 4, 5, 2, 1, 0, 5, 5, 0, 3, 41, 0, 5, 4, 1, 2, 5, 1, 0, 5, 0, 0, 0, 4, 0, 0, 2, 4, 0, 0, 0, 0, 41, 3, 5, 0, 0, 5, 2, 0, 5, 0, 4, 0, 2, 1, 0, 0, 0, 0, 3, 0, 0, 0, 0, 4, 0, 0, 44, 0, 2, 3, 1, 4, 3, 0, 0, 4, 2, 0, 0, 40, 1, 0, 40, : 5, 4, 5, 2, 1, 5, 5, 3, 41, 5, 4, 1, 2, 5, 1, 5, 4, 2, 4, 41, 3, 5, 5, 2, 5, 4, 2, 1, 3, 4, 44, 2, 3, 1, 4, 3, 4, 2, 40, 1, 40, 
162: 0, 3, 4, 0, 1, 1, 3, 2, 0, 0, 4, 0, 0, 2, 1, 0, 3, 4, 0, 3, 4, 5, 2, 0, 0, 1, 0, 0, 4, 3, 1, 1, 4, 0, 0, 2, 1, 0, 5, 0, 41, 2, 0, 3, 0, 0, 0, 0, 4, 0, 0, 0, 0, 4, 3, 0, 3, 43, 1, 1, 0, 0, 1, 0, 0, 4, 4, 4, 0, 0, 3, 0, 3, 42, 0, 42, 4, 0, 0, 0, : 3, 4, 1, 1, 3, 2, 4, 2, 1, 3, 4, 3, 4, 5, 2, 1, 4, 3, 1, 1, 4, 2, 1, 5, 41, 2, 3, 4, 4, 3, 3, 43, 1, 1, 1, 4, 4, 4, 3, 3, 42, 42, 4, 
163: 0, 4, 0, 0, 1, 3, 0, 4, 4, 1, 3, 0, 1, 0, 4, 0, 0, 2, 1, 1, 4, 0, 0, 1, 0, 1, 1, 40, 4, 5, 0, 0, 1, 1, 0, 1, 5, 4, 0, 0, 0, 0, 0, 0, 0, 2, 5, 0, 0, 0, 0, 40, 4, 0, 0, 3, 0, 0, 0, 0, 5, 0, 1, 0, 5, 0, 3, 0, 0, 2, 40, 0, 5, 0, 0, 4, 44, 5, 0, 0, : 4, 1, 3, 4, 4, 1, 3, 1, 4, 2, 1, 1, 4, 1, 1, 1, 40, 4, 5, 1, 1, 1, 5, 4, 2, 5, 40, 4, 3, 5, 1, 5, 3, 2, 40, 5, 4, 44, 5, 
91: 0, 0, 3, 5, 2, 0, 2, 0, 42, 4, 0, 4, 0, 0, 2, 0, 0, 4, 0, 0, 0, 0, 2, 0, 3, 0, 2, 5, 0, 0, 1, 44, 3, 2, 0, 5, 2, 0, 4, 0, 0, 0, 0, 3, 0, 0, 0, 2, 0, 0, 3, 5, 0, 0, 2, 0, 2, 0, 0, 0, 3, 0, 0, 0, 0, 1, 3, 40, 2, 5, 0, 0, 1, 0, 0, 2, 2, 2, 43, 0, : 3, 5, 2, 2, 42, 4, 4, 2, 4, 2, 3, 2, 5, 1, 44, 3, 2, 5, 2, 4, 3, 2, 3, 5, 2, 2, 3, 1, 3, 40, 2, 5, 1, 2, 2, 2, 43, 
49: 0, 0, 0, 0, 3, 0, 0, 3, 0, 4, 44, 0, 0, 0, 1, 40, 1, 3, 4, 0, 1, 0, 0, 0, 0, 0, 0, 0, 0, 5, 1, 0, 5, 5, 0, 5, 0, 0, 4, 41, 0, 0, 0, 0, 0, 0, 0, 0, 2, 5, 3, 1, 4, 0, 1, 2, 5, 0, 0, 0, 2, 0, 5, 4, 0, 1, 0, 0, 3, 1, 0, 0, 1, 0, 0, 3, 0, 3, 0, 0, : 3, 3, 4, 44, 1, 40, 1, 3, 4, 1, 5, 1, 5, 5, 5, 4, 41, 2, 5, 3, 1, 4, 1, 2, 5, 2, 5, 4, 1, 3, 1, 1, 3, 3, 
127: 0, 44, 0, 0, 1, 0, 2, 0, 0, 5, 0, 41, 0, 4, 2, 5, 0, 3, 3, 0, 0, 0, 3, 4, 2, 2, 0, 0, 5, 0, 3, 4, 1, 0, 0, 5, 3, 0, 0, 5, 0, 2, 0, 0, 0, 44, 0, 5, 0, 0, 4, 0, 5, 0, 4, 0, 1, 0, 4, 0, 4, 0, 0, 0, 0, 3, 0, 2, 4, 0, 4, 0, 2, 0, 0, 0, 0, 0, 0, 3, : 44, 1, 2, 5, 41, 4, 2, 5, 3, 3, 3, 4, 2, 2, 5, 3, 4, 1, 5, 3, 5, 2, 44, 5, 4, 5, 4, 1, 4, 4, 3, 2, 4, 4, 2, 3, 
146: 0, 0, 4, 2, 1, 0, 4, 5, 1, 4, 5, 0, 3, 3, 1, 2, 0, 1, 0, 4, 0, 0, 44, 3, 2, 1, 0, 2, 0, 0, 0, 3, 0, 0, 0, 2, 0, 0, 0, 1, 0, 0, 0, 5, 0, 2, 0, 0, 0, 0, 4, 5, 3, 0, 2, 3, 5, 5, 0, 0, 5, 0, 3, 0, 4, 5, 3, 0, 0, 0, 0, 0, 5, 0, 3, 0, 1, 0, 0, 0, : 4, 2, 1, 4, 5, 1, 4, 5, 3, 3, 1, 2, 1, 4, 44, 3, 2, 1, 2, 3, 2, 1, 5, 2, 4, 5, 3, 2, 3, 5, 5, 5, 3, 4, 5, 3, 5, 3, 1, 
96: 0, 0, 3, 0, 5, 1, 4, 3, 2, 0, 1, 0, 4, 1, 4, 0, 0, 0, 0, 5, 0, 5, 0, 3, 0, 0, 4, 0, 0, 1, 2, 0, 1, 0, 5, 2, 4, 2, 5, 0, 2, 1, 3, 2, 5, 4, 0, 0, 0, 0, 4, 0, 40, 3, 3, 1, 0, 3, 4, 1, 0, 2, 5, 0, 42, 3, 5, 0, 5, 3, 0, 0, 0, 0, 0, 0, 0, 3, 0, 0, : 3, 5, 1, 4, 3, 2, 1, 4, 1, 4, 5, 5, 3, 4, 1, 2, 1, 5, 2, 4, 2, 5, 2, 1, 3, 2, 5, 4, 4, 40, 3, 3, 1, 3, 4, 1, 2, 5, 42, 3, 5, 5, 3, 3, 
152: 0, 2, 3, 0, 3, 2, 3, 5, 1, 0, 2, 0, 1, 2, 2, 0, 5, 2, 0, 1, 0, 0, 0, 2, 0, 0, 0, 3, 0, 3, 4, 3, 4, 0, 40, 1, 2, 0, 5, 4, 5, 5, 0, 1, 0, 0, 5, 0, 0, 2, 1, 2, 2, 0, 0, 2, 3, 0, 5, 2, 0, 3, 0, 0, 4, 2, 4, 0, 0, 0, 41, 0, 41, 0, 2, 0, 1, 5, 4, 0, : 2, 3, 3, 2, 3, 5, 1, 2, 1, 2, 2, 5, 2, 1, 2, 3, 3, 4, 3, 4, 40, 1, 2, 5, 4, 5, 5, 1, 5, 2, 1, 2, 2, 2, 3, 5, 2, 3, 4, 2, 4, 41, 41, 2, 1, 5, 4, 
23: 0, 4, 0, 0, 3, 0, 3, 1, 0, 1, 4, 0, 2, 3, 1, 3, 4, 1, 0, 3, 0, 0, 0, 0, 0, 2, 5, 0, 2, 0, 0, 0, 0, 3, 0, 2, 3, 4, 0, 2, 1, 43, 0, 0, 0, 3, 2, 0, 3, 0, 0, 41, 0, 0, 0, 2, 0, 0, 0, 0, 0, 44, 0, 0, 44, 3, 1, 0, 2, 0, 4, 3, 4, 0, 0, 0, 0, 5, 2, 0, : 4, 3, 3, 1, 1, 4, 2, 3, 1, 3, 4, 1, 3, 2, 5, 2, 3, 2, 3, 4, 2, 1, 43, 3, 2, 3, 41, 2, 44, 44, 3, 1, 2, 4, 3, 4, 5, 2, 
132: 0, 0, 0, 3, 5, 1, 4, 0, 0, 3, 0, 0, 2, 5, 1, 2, 0, 5, 0, 0, 0, 0, 2, 0, 0, 44, 0, 4, 2, 5, 4, 0, 5, 0, 0, 2, 1, 2, 2, 0, 0, 2, 1, 0, 0, 0, 0, 44, 0, 0, 3, 0, 3, 1, 2, 4, 0, 0, 0, 3, 4, 0, 2, 5, 1, 1, 3, 0, 1, 0, 0, 4, 2, 0, 4, 2, 0, 0, 0, 0, : 3, 5, 1, 4, 3, 2, 5, 1, 2, 5, 2, 44, 4, 2, 5, 4, 5, 2, 1, 2, 2, 2, 1, 44, 3, 3, 1, 2, 4, 3, 4, 2, 5, 1, 1, 3, 1, 4, 2, 4, 2, 
120: 0, 0, 0, 3, 1, 2, 1, 5, 1, 1, 1, 0, 0, 1, 1, 0, 0, 4, 0, 0, 0, 0, 2, 0, 1, 5, 0, 0, 43, 1, 0, 0, 4, 0, 0, 1, 0, 0, 5, 0, 40, 5, 42, 0, 0, 0, 0, 0, 2, 0, 0, 0, 2, 0, 5, 5, 0, 2, 4, 4, 1, 0, 5, 0, 1, 2, 1, 0, 3, 0, 0, 3, 2, 0, 0, 2, 4, 0, 3, 0, : 3, 1, 2, 1, 5, 1, 1, 1, 1, 1, 4, 2, 1, 5, 43, 1, 4, 1, 5, 40, 5, 42, 2, 2, 5, 5, 2, 4, 4, 1, 5, 1, 2, 1, 3, 3, 2, 2, 4, 3, 
1: 0, 1, 3, 0, 0, 0, 3, 0, 5, 1, 4, 0, 44, 5, 2, 0, 0, 5, 0, 0, 0, 0, 0, 2, 0, 4, 1, 40, 0, 0, 0, 0, 1, 1, 2, 0, 5, 0, 2, 1, 0, 0, 4, 0, 2, 0, 0, 1, 0, 41, 0, 2, 2, 0, 2, 0, 4, 0, 0, 0, 2, 40, 1, 0, 4, 5, 1, 4, 3, 0, 5, 0, 2, 0, 0, 0, 0, 3, 0, 0, : 1, 3, 3, 5, 1, 4, 44, 5, 2, 5, 2, 4, 1, 40, 1, 1, 2, 5, 2, 1, 4, 2, 1, 41, 2, 2, 2, 4, 2, 40, 1, 4, 5, 1, 4, 3, 5, 2, 3, 
84: 0, 3, 1, 0, 2, 0, 5, 0, 1, 0, 0, 2, 4, 2, 5, 5, 0, 2, 0, 0, 2, 0, 1, 0, 0, 0, 0, 0, 2, 0, 4, 41, 0, 42, 0, 0, 1, 1, 1, 2, 3, 0, 0, 0, 0, 0, 4, 2, 0, 0, 2, 0, 2, 0, 5, 2, 0, 0, 0, 1, 0, 0, 4, 0, 0, 0, 3, 4, 5, 0, 0, 0, 4, 1, 5, 0, 0, 0, 0, 0, : 3, 1, 2, 5, 1, 2, 4, 2, 5, 5, 2, 2, 1, 2, 4, 41, 42, 1, 1, 1, 2, 3, 4, 2, 2, 2, 5, 2, 1, 4, 3, 4, 5, 4, 1, 5, 
87: 1, 0, 1, 1, 0, 0, 4, 0, 3, 4, 1, 0, 1, 1, 5, 0, 0, 0, 0, 0, 0, 0, 3, 42, 0, 5, 0, 0, 0, 1, 1, 5, 2, 0, 0, 0, 2, 0, 0, 1, 1, 0, 0, 4, 0, 0, 0, 0, 0, 2, 1, 0, 3, 4, 0, 4, 5, 0, 0, 0, 4, 2, 2, 0, 0, 3, 0, 5, 4, 0, 0, 0, 1, 1, 44, 0, 0, 0, 4, 0, : 1, 1, 1, 4, 3, 4, 1, 1, 1, 5, 3, 42, 5, 1, 1, 5, 2, 2, 1, 1, 4, 2, 1, 3, 4, 4, 5, 4, 2, 2, 3, 5, 4, 1, 1, 44, 4, 
53: 3, 44, 0, 0, 1, 0, 2, 0, 0, 1, 2, 0, 0, 3, 2, 1, 3, 5, 0, 4, 4, 0, 0, 0, 4, 1, 0, 1, 3, 3, 2, 4, 42, 1, 3, 4, 0, 0, 3, 1, 0, 0, 2, 0, 44, 0, 0, 0, 0, 2, 0, 0, 1, 0, 0, 1, 0, 0, 0, 1, 2, 4, 3, 0, 0, 1, 0, 0, 5, 0, 2, 0, 4, 0, 0, 0, 0, 5, 44, 0, : 3, 44, 1, 2, 1, 2, 3, 2, 1, 3, 5, 4, 4, 4, 1, 1, 3, 3, 2, 4, 42, 1, 3, 4, 3, 1, 2, 44, 2, 1, 1, 1, 2, 4, 3, 1, 5, 2, 4, 5, 44, 
29: 4, 0, 4, 4, 0, 41, 1, 3, 42, 0, 4, 4, 5, 0, 5, 1, 0, 0, 1, 0, 1, 0, 0, 0, 0, 1, 2, 0, 5, 1, 5, 2, 1, 0, 0, 3, 5, 0, 0, 43, 3, 44, 0, 0, 0, 0, 4, 0, 3, 2, 0, 0, 2, 0, 3, 5, 0, 0, 0, 4, 5, 0, 0, 0, 0, 5, 5, 0, 0, 0, 0, 1, 2, 0, 2, 0, 0, 0, 0, 1, : 4, 4, 4, 41, 1, 3, 42, 4, 4, 5, 5, 1, 1, 1, 1, 2, 5, 1, 5, 2, 1, 3, 5, 43, 3, 44, 4, 3, 2, 2, 3, 5, 4, 5, 5, 5, 1, 2, 2, 1, 
41: 44, 0, 0, 0, 5, 0, 0, 42, 1, 5, 4, 0, 0, 0, 2, 2, 2, 0, 0, 2, 0, 3, 1, 40, 5, 1, 0, 0, 1, 4, 3, 0, 0, 0, 0, 0, 4, 1, 0, 2, 0, 2, 1, 0, 0, 0, 0, 43, 3, 0, 4, 5, 0, 4, 0, 5, 0, 0, 0, 42, 3, 0, 2, 0, 0, 2, 5, 0, 1, 0, 0, 0, 3, 0, 0, 0, 0, 0, 1, 0, : 44, 5, 42, 1, 5, 4, 2, 2, 2, 2, 3, 1, 40, 5, 1, 1, 4, 3, 4, 1, 2, 2, 1, 43, 3, 4, 5, 4, 5, 42, 3, 2, 2, 5, 1, 3, 1, 
72: 4, 2, 0, 42, 3, 5, 0, 0, 0, 0, 2, 0, 1, 42, 4, 2, 3, 0, 5, 5, 0, 0, 1, 0, 40, 5, 0, 0, 4, 0, 2, 0, 2, 3, 0, 2, 3, 1, 1, 0, 3, 0, 0, 0, 3, 41, 0, 4, 0, 0, 5, 0, 1, 1, 0, 3, 42, 1, 0, 40, 0, 5, 4, 2, 3, 1, 0, 40, 5, 0, 0, 5, 5, 1, 0, 0, 2, 4, 0, 3, : 4, 2, 42, 3, 5, 2, 1, 42, 4, 2, 3, 5, 5, 1, 40, 5, 4, 2, 2, 3, 2, 3, 1, 1, 3, 3, 41, 4, 5, 1, 1, 3, 42, 1, 40, 5, 4, 2, 3, 1, 40, 5, 5, 5, 1, 2, 4, 3, 
66: 0, 0, 0, 0, 5, 0, 0, 4, 4, 1, 1, 0, 2, 1, 2, 0, 0, 5, 0, 0, 0, 4, 0, 0, 0, 1, 1, 3, 1, 4, 3, 3, 5, 0, 5, 1, 0, 0, 3, 0, 4, 2, 0, 1, 0, 0, 0, 0, 0, 2, 4, 0, 0, 1, 5, 5, 3, 0, 0, 2, 0, 5, 43, 1, 0, 2, 0, 1, 2, 4, 0, 3, 0, 0, 0, 0, 0, 2, 0, 2, : 5, 4, 4, 1, 1, 2, 1, 2, 5, 4, 1, 1, 3, 1, 4, 3, 3, 5, 5, 1, 3, 4, 2, 1, 2, 4, 1, 5, 5, 3, 2, 5, 43, 1, 2, 1, 2, 4, 3, 2, 2, 


38: 0, 0, 0, 0, 2, 0, 2, 0, 4, 5, 3, 2, 0, 3, 2, 2, 0, 4, 4, 0, 0, 1, 43, 0, 0, 1, 5, 4, 1, 0, 4, 0, 2, 2, 2, 5, 2, 1, 0, 2, 1, 4, 5, 0, 41, 0, 0, 4, 4, 0, 0, 0, 0, 5, 5, 44, 0, 4, 3, 0, 1, 4, 0, 0, 1, 1, 3, 2, 3, 0, 5, 0, 1, 0, 0, 0, 0, 0, 0, 0, : 2, 2, 4, 5, 3, 2, 3, 2, 2, 4, 4, 1, 43, 1, 5, 4, 1, 4, 2, 2, 2, 5, 2, 1, 2, 1, 4, 5, 41, 4, 4, 5, 5, 44, 4, 3, 1, 4, 1, 1, 3, 2, 3, 5, 1, 
173: 0, 0, 0, 0, 3, 2, 1, 5, 2, 0, 0, 3, 5, 1, 0, 0, 0, 2, 0, 0, 0, 1, 3, 42, 0, 0, 0, 0, 3, 41, 0, 4, 0, 0, 3, 3, 5, 0, 0, 0, 0, 5, 5, 0, 4, 0, 0, 2, 0, 0, 0, 2, 0, 0, 4, 0, 4, 5, 0, 0, 5, 1, 0, 0, 0, 3, 44, 2, 0, 0, 4, 5, 4, 0, 0, 0, 5, 0, 2, 0, : 3, 2, 1, 5, 2, 3, 5, 1, 2, 1, 3, 42, 3, 41, 4, 3, 3, 5, 5, 5, 4, 2, 2, 4, 4, 5, 5, 1, 3, 44, 2, 4, 5, 4, 5, 2, 
79: 3, 1, 4, 42, 3, 0, 5, 0, 0, 5, 0, 0, 1, 3, 3, 0, 0, 0, 5, 0, 2, 0, 1, 1, 3, 0, 1, 5, 1, 5, 2, 0, 0, 0, 2, 2, 1, 0, 0, 4, 0, 4, 0, 42, 2, 5, 0, 0, 0, 0, 1, 0, 2, 2, 3, 0, 0, 0, 2, 0, 2, 4, 0, 3, 4, 0, 4, 0, 1, 44, 4, 0, 2, 0, 0, 0, 5, 0, 0, 0, : 3, 1, 4, 42, 3, 5, 5, 1, 3, 3, 5, 2, 1, 1, 3, 1, 5, 1, 5, 2, 2, 2, 1, 4, 4, 42, 2, 5, 1, 2, 2, 3, 2, 2, 4, 3, 4, 4, 1, 44, 4, 2, 5, 
59: 0, 0, 5, 0, 2, 41, 41, 4, 0, 4, 0, 0, 0, 0, 2, 4, 3, 2, 2, 0, 0, 4, 0, 0, 0, 0, 5, 2, 0, 1, 3, 0, 1, 1, 3, 5, 3, 2, 0, 0, 1, 1, 0, 0, 0, 0, 0, 0, 0, 1, 0, 2, 0, 44, 2, 0, 0, 0, 0, 0, 2, 5, 3, 0, 5, 0, 0, 0, 3, 0, 4, 4, 5, 0, 0, 0, 0, 0, 3, 0, : 5, 2, 41, 41, 4, 4, 2, 4, 3, 2, 2, 4, 5, 2, 1, 3, 1, 1, 3, 5, 3, 2, 1, 1, 1, 2, 44, 2, 2, 5, 3, 5, 3, 4, 4, 5, 3, 
128: 0, 0, 0, 5, 2, 4, 4, 0, 1, 2, 0, 3, 0, 1, 0, 0, 0, 1, 5, 43, 2, 0, 0, 1, 0, 44, 3, 2, 0, 0, 4, 2, 0, 0, 0, 2, 4, 0, 41, 0, 0, 0, 0, 0, 0, 2, 0, 0, 0, 5, 0, 3, 4, 0, 0, 5, 0, 1, 0, 0, 1, 0, 0, 44, 2, 1, 3, 0, 0, 2, 5, 3, 2, 44, 4, 0, 1, 0, 1, 4, : 5, 2, 4, 4, 1, 2, 3, 1, 1, 5, 43, 2, 1, 44, 3, 2, 4, 2, 2, 4, 41, 2, 5, 3, 4, 5, 1, 1, 44, 2, 1, 3, 2, 5, 3, 2, 44, 4, 1, 1, 4, 
114: 0, 0, 1, 0, 4, 0, 2, 5, 0, 1, 1, 1, 2, 2, 0, 0, 0, 5, 4, 0, 0, 0, 0, 0, 0, 1, 1, 3, 5, 0, 4, 0, 1, 0, 0, 2, 0, 0, 3, 3, 3, 0, 0, 2, 0, 0, 0, 0, 5, 1, 0, 2, 5, 0, 1, 0, 5, 3, 0, 0, 2, 3, 0, 0, 1, 43, 0, 1, 2, 0, 5, 1, 0, 0, 0, 4, 5, 0, 2, 2, : 1, 4, 2, 5, 1, 1, 1, 2, 2, 5, 4, 1, 1, 3, 5, 4, 1, 2, 3, 3, 3, 2, 5, 1, 2, 5, 1, 5, 3, 2, 3, 1, 43, 1, 2, 5, 1, 4, 5, 2, 2, 
198: 43, 3, 4, 40, 1, 40, 2, 5, 0, 4, 0, 0, 0, 5, 0, 3, 0, 3, 4, 0, 5, 0, 0, 4, 3, 1, 2, 5, 0, 0, 5, 0, 0, 4, 43, 3, 43, 0, 0, 0, 1, 3, 0, 0, 0, 4, 5, 5, 5, 4, 0, 4, 0, 0, 0, 3, 2, 1, 1, 3, 0, 5, 4, 0, 0, 0, 0, 0, 5, 0, 5, 0, 4, 0, 0, 0, 0, 0, 44, 2, : 43, 3, 4, 40, 1, 40, 2, 5, 4, 5, 3, 3, 4, 5, 4, 3, 1, 2, 5, 5, 4, 43, 3, 43, 1, 3, 4, 5, 5, 5, 4, 4, 3, 2, 1, 1, 3, 5, 4, 5, 5, 4, 44, 2, 
24: 3, 0, 0, 0, 1, 1, 3, 0, 1, 3, 0, 0, 0, 1, 3, 0, 0, 1, 0, 0, 1, 1, 1, 0, 0, 0, 0, 1, 4, 2, 1, 4, 42, 44, 0, 4, 1, 1, 3, 0, 2, 4, 0, 0, 0, 0, 0, 0, 1, 2, 0, 1, 2, 0, 0, 1, 3, 1, 0, 4, 0, 4, 0, 0, 0, 5, 0, 44, 2, 0, 5, 0, 0, 0, 0, 0, 5, 0, 0, 1, : 3, 1, 1, 3, 1, 3, 1, 3, 1, 1, 1, 1, 1, 4, 2, 1, 4, 42, 44, 4, 1, 1, 3, 2, 4, 1, 2, 1, 2, 1, 3, 1, 4, 4, 5, 44, 2, 5, 5, 1, 
57: 1, 0, 3, 2, 5, 3, 4, 0, 3, 2, 0, 2, 0, 2, 5, 0, 0, 0, 42, 0, 0, 43, 3, 0, 0, 0, 3, 2, 0, 2, 5, 5, 0, 4, 0, 0, 0, 0, 0, 0, 0, 3, 0, 0, 0, 0, 0, 0, 0, 0, 0, 3, 0, 0, 1, 0, 3, 4, 0, 0, 2, 1, 5, 0, 3, 0, 3, 1, 5, 0, 0, 2, 4, 3, 1, 0, 0, 0, 3, 0, : 1, 3, 2, 5, 3, 4, 3, 2, 2, 2, 5, 42, 43, 3, 3, 2, 2, 5, 5, 4, 3, 3, 1, 3, 4, 2, 1, 5, 3, 3, 1, 5, 2, 4, 3, 1, 3, 
100: 0, 0, 44, 1, 5, 0, 4, 3, 2, 5, 0, 0, 40, 0, 5, 0, 4, 0, 0, 0, 0, 5, 4, 0, 0, 0, 1, 0, 0, 0, 2, 2, 0, 0, 0, 2, 3, 41, 0, 0, 5, 0, 41, 0, 0, 43, 0, 0, 0, 2, 4, 42, 1, 0, 4, 0, 0, 4, 3, 0, 1, 0, 0, 41, 1, 2, 0, 0, 0, 0, 5, 4, 0, 0, 0, 4, 0, 0, 1, 3, : 44, 1, 5, 4, 3, 2, 5, 40, 5, 4, 5, 4, 1, 2, 2, 2, 3, 41, 5, 41, 43, 2, 4, 42, 1, 4, 4, 3, 1, 41, 1, 2, 5, 4, 4, 1, 3, 
77: 0, 4, 0, 1, 1, 0, 0, 1, 4, 1, 0, 44, 3, 0, 43, 0, 0, 1, 0, 0, 0, 0, 5, 4, 1, 0, 0, 0, 4, 2, 0, 40, 5, 2, 4, 4, 5, 3, 1, 0, 0, 2, 0, 41, 0, 0, 0, 0, 4, 5, 3, 2, 2, 0, 0, 4, 0, 3, 0, 0, 3, 3, 0, 0, 2, 0, 3, 0, 0, 1, 0, 0, 0, 3, 1, 0, 1, 0, 2, 0, : 4, 1, 1, 1, 4, 1, 44, 3, 43, 1, 5, 4, 1, 4, 2, 40, 5, 2, 4, 4, 5, 3, 1, 2, 41, 4, 5, 3, 2, 2, 4, 3, 3, 3, 2, 3, 1, 3, 1, 1, 2, 
200: 4, 2, 0, 0, 0, 4, 5, 2, 42, 2, 0, 0, 0, 5, 0, 0, 0, 0, 4, 2, 0, 0, 3, 0, 0, 0, 0, 3, 0, 0, 3, 3, 2, 0, 1, 3, 2, 42, 2, 0, 0, 1, 0, 0, 0, 1, 0, 3, 0, 4, 4, 2, 0, 0, 1, 0, 1, 0, 1, 4, 1, 0, 1, 2, 2, 0, 0, 4, 5, 0, 0, 1, 3, 0, 44, 0, 0, 3, 0, 0, : 4, 2, 4, 5, 2, 42, 2, 5, 4, 2, 3, 3, 3, 3, 2, 1, 3, 2, 42, 2, 1, 1, 3, 4, 4, 2, 1, 1, 1, 4, 1, 1, 2, 2, 4, 5, 1, 3, 44, 3, 
130: 0, 0, 0, 3, 4, 5, 2, 0, 1, 2, 0, 0, 0, 0, 5, 4, 4, 1, 4, 0, 1, 0, 0, 4, 4, 0, 4, 2, 0, 0, 5, 5, 0, 4, 0, 3, 5, 0, 0, 3, 0, 0, 0, 2, 0, 2, 42, 0, 1, 0, 2, 4, 2, 0, 1, 0, 5, 0, 0, 0, 3, 5, 0, 2, 0, 2, 0, 0, 0, 1, 0, 4, 0, 0, 3, 0, 4, 0, 1, 0, : 3, 4, 5, 2, 1, 2, 5, 4, 4, 1, 4, 1, 4, 4, 4, 2, 5, 5, 4, 3, 5, 3, 2, 2, 42, 1, 2, 4, 2, 1, 5, 3, 5, 2, 2, 1, 4, 3, 4, 1, 
172: 0, 0, 0, 4, 2, 1, 2, 5, 2, 0, 4, 0, 0, 0, 4, 3, 0, 40, 0, 2, 4, 0, 0, 0, 5, 0, 3, 5, 0, 5, 0, 0, 5, 5, 0, 0, 4, 5, 2, 0, 41, 0, 0, 0, 4, 40, 3, 0, 0, 3, 42, 1, 0, 4, 41, 0, 0, 5, 0, 0, 0, 3, 3, 5, 0, 3, 5, 0, 0, 0, 0, 5, 1, 4, 1, 2, 0, 4, 1, 40, : 4, 2, 1, 2, 5, 2, 4, 4, 3, 40, 2, 4, 5, 3, 5, 5, 5, 5, 4, 5, 2, 41, 4, 40, 3, 3, 42, 1, 4, 41, 5, 3, 3, 5, 3, 5, 5, 1, 4, 1, 2, 4, 1, 40, 
175: 41, 0, 0, 4, 1, 0, 4, 1, 0, 5, 2, 5, 1, 42, 5, 5, 0, 0, 0, 0, 0, 1, 0, 5, 0, 3, 3, 4, 0, 5, 0, 0, 0, 5, 0, 0, 0, 0, 0, 0, 0, 5, 0, 1, 0, 0, 0, 4, 1, 5, 0, 2, 2, 0, 0, 0, 5, 3, 2, 0, 1, 2, 5, 0, 2, 1, 0, 0, 1, 0, 0, 0, 3, 0, 0, 0, 0, 42, 3, 44, : 41, 4, 1, 4, 1, 5, 2, 5, 1, 42, 5, 5, 1, 5, 3, 3, 4, 5, 5, 5, 1, 4, 1, 5, 2, 2, 5, 3, 2, 1, 2, 5, 2, 1, 1, 3, 42, 3, 44, 
74: 0, 5, 0, 3, 1, 1, 0, 0, 0, 0, 0, 42, 5, 5, 4, 1, 0, 1, 4, 0, 44, 0, 0, 0, 0, 0, 0, 3, 0, 3, 5, 3, 0, 0, 2, 1, 2, 0, 1, 0, 44, 3, 0, 0, 4, 3, 0, 0, 4, 0, 0, 5, 0, 44, 0, 0, 0, 4, 0, 44, 2, 0, 1, 2, 0, 1, 40, 0, 0, 2, 0, 0, 0, 3, 0, 5, 0, 0, 4, 0, : 5, 3, 1, 1, 42, 5, 5, 4, 1, 1, 4, 44, 3, 3, 5, 3, 2, 1, 2, 1, 44, 3, 4, 3, 4, 5, 44, 4, 44, 2, 1, 2, 1, 40, 2, 3, 5, 4, 
14: 4, 0, 0, 1, 2, 0, 5, 0, 2, 2, 4, 0, 0, 2, 0, 0, 42, 4, 0, 0, 0, 1, 3, 0, 0, 0, 4, 41, 4, 1, 0, 5, 3, 0, 0, 2, 5, 0, 0, 0, 1, 2, 3, 0, 0, 0, 0, 0, 0, 0, 0, 3, 0, 0, 5, 0, 3, 0, 0, 1, 0, 0, 1, 0, 0, 0, 1, 2, 3, 0, 1, 0, 2, 0, 0, 2, 0, 0, 1, 0, : 4, 1, 2, 5, 2, 2, 4, 2, 42, 4, 1, 3, 4, 41, 4, 1, 5, 3, 2, 5, 1, 2, 3, 3, 5, 3, 1, 1, 1, 2, 3, 1, 2, 2, 1, 
196: 2, 4, 1, 0, 2, 0, 2, 1, 1, 2, 0, 0, 0, 1, 4, 0, 0, 5, 3, 0, 1, 0, 0, 5, 0, 1, 5, 3, 0, 0, 0, 4, 44, 0, 0, 0, 2, 0, 0, 3, 0, 3, 0, 0, 0, 0, 4, 0, 1, 3, 0, 3, 0, 5, 0, 2, 0, 1, 0, 4, 0, 0, 5, 0, 44, 0, 0, 3, 3, 0, 2, 1, 0, 0, 0, 1, 42, 0, 4, 0, : 2, 4, 1, 2, 2, 1, 1, 2, 1, 4, 5, 3, 1, 5, 1, 5, 3, 4, 44, 2, 3, 3, 4, 1, 3, 3, 5, 2, 1, 4, 5, 44, 3, 3, 2, 1, 1, 42, 4, 
30: 0, 44, 0, 2, 2, 2, 1, 4, 0, 2, 0, 2, 0, 0, 1, 0, 0, 4, 4, 0, 1, 5, 3, 0, 2, 3, 0, 1, 0, 0, 40, 0, 0, 3, 4, 0, 0, 0, 0, 0, 1, 3, 0, 0, 0, 0, 1, 0, 0, 2, 0, 0, 40, 0, 0, 0, 2, 1, 0, 0, 0, 5, 3, 2, 0, 0, 0, 0, 4, 4, 5, 0, 0, 1, 42, 0, 2, 5, 3, 5, : 44, 2, 2, 2, 1, 4, 2, 2, 1, 4, 4, 1, 5, 3, 2, 3, 1, 40, 3, 4, 1, 3, 1, 2, 40, 2, 1, 5, 3, 2, 4, 4, 5, 1, 42, 2, 5, 3, 5, 
141: 0, 2, 0, 0, 5, 0, 3, 0, 0, 1, 3, 0, 0, 1, 2, 0, 4, 5, 1, 5, 0, 0, 0, 0, 1, 0, 1, 4, 43, 44, 3, 1, 0, 0, 0, 0, 3, 0, 4, 0, 0, 2, 3, 2, 0, 0, 0, 40, 2, 0, 0, 2, 0, 0, 1, 0, 4, 3, 0, 0, 4, 5, 5, 0, 0, 0, 0, 0, 1, 4, 3, 5, 1, 5, 0, 0, 2, 40, 0, 0, : 2, 5, 3, 1, 3, 1, 2, 4, 5, 1, 5, 1, 1, 4, 43, 44, 3, 1, 3, 4, 2, 3, 2, 40, 2, 2, 1, 4, 3, 4, 5, 5, 1, 4, 3, 5, 1, 5, 2, 40, 
11: 1, 0, 0, 0, 4, 3, 1, 0, 0, 5, 0, 3, 0, 1, 1, 0, 5, 1, 0, 4, 1, 0, 0, 0, 0, 2, 2, 0, 42, 0, 0, 0, 0, 0, 0, 1, 0, 5, 0, 43, 3, 3, 5, 5, 0, 3, 0, 0, 43, 4, 4, 4, 1, 0, 0, 0, 1, 5, 3, 0, 5, 3, 3, 0, 0, 4, 0, 0, 1, 0, 1, 0, 1, 0, 0, 0, 0, 2, 2, 0, : 1, 4, 3, 1, 5, 3, 1, 1, 5, 1, 4, 1, 2, 2, 42, 1, 5, 43, 3, 3, 5, 5, 3, 43, 4, 4, 4, 1, 1, 5, 3, 5, 3, 3, 4, 1, 1, 1, 2, 2, 
195: 0, 0, 0, 0, 5, 3, 0, 0, 0, 0, 5, 0, 0, 5, 0, 42, 0, 4, 0, 2, 2, 1, 0, 0, 0, 0, 0, 3, 0, 0, 3, 1, 5, 5, 0, 43, 2, 0, 0, 0, 0, 0, 2, 1, 0, 0, 1, 0, 0, 3, 0, 1, 0, 1, 5, 2, 41, 2, 0, 0, 4, 0, 0, 0, 41, 40, 0, 5, 4, 0, 3, 4, 44, 0, 0, 0, 0, 0, 3, 0, : 5, 3, 5, 5, 42, 4, 2, 2, 1, 3, 3, 1, 5, 5, 43, 2, 2, 1, 1, 3, 1, 1, 5, 2, 41, 2, 4, 41, 40, 5, 4, 3, 4, 44, 3, 
139: 2, 0, 0, 0, 5, 0, 0, 4, 42, 4, 0, 0, 5, 3, 2, 5, 0, 5, 5, 0, 0, 0, 2, 0, 0, 42, 3, 4, 0, 1, 5, 4, 0, 3, 0, 2, 2, 0, 0, 5, 0, 2, 0, 2, 0, 1, 3, 0, 3, 0, 0, 3, 0, 0, 0, 0, 2, 3, 0, 0, 4, 4, 0, 0, 0, 0, 1, 1, 0, 0, 0, 2, 3, 2, 0, 4, 0, 4, 2, 0, : 2, 5, 4, 42, 4, 5, 3, 2, 5, 5, 5, 2, 42, 3, 4, 1, 5, 4, 3, 2, 2, 5, 2, 2, 1, 3, 3, 3, 2, 3, 4, 4, 1, 1, 2, 3, 2, 4, 4, 2, 
109: 0, 0, 0, 0, 1, 1, 0, 3, 0, 0, 1, 0, 3, 3, 0, 0, 0, 2, 0, 1, 0, 4, 0, 0, 0, 0, 3, 4, 0, 0, 2, 1, 0, 2, 0, 0, 0, 3, 3, 0, 2, 3, 0, 3, 40, 0, 0, 4, 0, 5, 0, 0, 1, 5, 0, 5, 3, 0, 0, 0, 0, 2, 2, 0, 0, 0, 0, 0, 2, 4, 3, 0, 0, 0, 5, 0, 3, 1, 1, 0, : 1, 1, 3, 1, 3, 3, 2, 1, 4, 3, 4, 2, 1, 2, 3, 3, 2, 3, 3, 40, 4, 5, 1, 5, 5, 3, 2, 2, 2, 4, 3, 5, 3, 1, 1, 
150: 0, 40, 5, 0, 4, 1, 0, 0, 0, 0, 0, 0, 3, 2, 1, 0, 5, 0, 4, 0, 1, 0, 0, 0, 0, 2, 2, 3, 0, 0, 0, 5, 2, 0, 1, 3, 2, 5, 3, 0, 0, 5, 0, 0, 0, 0, 1, 5, 0, 3, 0, 3, 0, 0, 0, 0, 4, 5, 2, 4, 5, 1, 0, 1, 0, 0, 1, 0, 1, 0, 42, 0, 4, 4, 0, 0, 0, 1, 0, 4, : 40, 5, 4, 1, 3, 2, 1, 5, 4, 1, 2, 2, 3, 5, 2, 1, 3, 2, 5, 3, 5, 1, 5, 3, 3, 4, 5, 2, 4, 5, 1, 1, 1, 1, 42, 4, 4, 1, 4, 
52: 5, 3, 43, 0, 2, 0, 1, 3, 1, 0, 0, 0, 0, 1, 1, 0, 0, 1, 0, 0, 0, 41, 0, 0, 0, 1, 2, 0, 0, 0, 2, 3, 0, 0, 0, 0, 4, 0, 0, 5, 4, 0, 1, 2, 0, 1, 0, 0, 0, 0, 0, 1, 5, 4, 0, 1, 2, 5, 0, 0, 0, 0, 5, 0, 2, 0, 0, 3, 3, 2, 0, 0, 5, 0, 0, 0, 0, 0, 4, 2, : 5, 3, 43, 2, 1, 3, 1, 1, 1, 1, 41, 1, 2, 2, 3, 4, 5, 4, 1, 2, 1, 1, 5, 4, 1, 2, 5, 5, 2, 3, 3, 2, 5, 4, 2, 
166: 1, 0, 0, 0, 2, 1, 2, 0, 1, 3, 3, 0, 0, 0, 2, 2, 0, 3, 0, 4, 0, 0, 2, 4, 1, 1, 1, 2, 0, 0, 5, 0, 0, 3, 0, 5, 0, 0, 3, 0, 2, 44, 3, 0, 0, 5, 0, 0, 0, 3, 0, 0, 0, 0, 0, 0, 5, 5, 5, 2, 42, 3, 3, 0, 0, 5, 0, 0, 2, 0, 2, 0, 4, 43, 0, 0, 0, 5, 4, 0, : 1, 2, 1, 2, 1, 3, 3, 2, 2, 3, 4, 2, 4, 1, 1, 1, 2, 5, 3, 5, 3, 2, 44, 3, 5, 3, 5, 5, 5, 2, 42, 3, 3, 5, 2, 2, 4, 43, 5, 4, 
9: 0, 1, 0, 0, 4, 0, 0, 3, 4, 0, 43, 0, 0, 5, 0, 41, 0, 3, 2, 41, 0, 0, 0, 44, 0, 0, 0, 0, 0, 0, 3, 0, 1, 3, 0, 2, 3, 0, 3, 0, 4, 3, 0, 0, 4, 1, 0, 1, 0, 4, 0, 1, 5, 0, 1, 3, 0, 1, 43, 0, 0, 2, 1, 3, 3, 0, 0, 0, 4, 0, 0, 5, 0, 0, 3, 0, 1, 0, 4, 2, : 1, 4, 3, 4, 43, 5, 41, 3, 2, 41, 44, 3, 1, 3, 2, 3, 3, 4, 3, 4, 1, 1, 4, 1, 5, 1, 3, 1, 43, 2, 1, 3, 3, 4, 5, 3, 1, 4, 2, 
157: 4, 4, 0, 0, 4, 1, 4, 1, 0, 43, 3, 0, 0, 5, 1, 0, 0, 3, 4, 0, 0, 4, 3, 0, 5, 0, 0, 5, 0, 0, 0, 0, 0, 2, 40, 4, 3, 0, 0, 0, 0, 1, 0, 0, 1, 4, 0, 2, 40, 2, 4, 0, 0, 0, 0, 0, 4, 0, 5, 0, 4, 4, 2, 3, 0, 1, 1, 0, 5, 0, 4, 1, 4, 0, 1, 5, 0, 0, 0, 1, : 4, 4, 4, 1, 4, 1, 43, 3, 5, 1, 3, 4, 4, 3, 5, 5, 2, 40, 4, 3, 1, 1, 4, 2, 40, 2, 4, 4, 5, 4, 4, 2, 3, 1, 1, 5, 4, 1, 4, 1, 5, 1, 
159: 2, 0, 0, 0, 5, 5, 2, 4, 0, 5, 0, 0, 0, 1, 2, 0, 0, 3, 0, 1, 1, 4, 43, 0, 1, 2, 42, 0, 0, 1, 1, 1, 2, 4, 2, 1, 0, 0, 0, 0, 0, 0, 0, 0, 3, 0, 5, 0, 1, 3, 0, 4, 2, 0, 0, 2, 5, 1, 0, 0, 2, 2, 5, 0, 0, 2, 0, 0, 4, 1, 0, 41, 0, 3, 0, 0, 0, 2, 1, 4, : 2, 5, 5, 2, 4, 5, 1, 2, 3, 1, 1, 4, 43, 1, 2, 42, 1, 1, 1, 2, 4, 2, 1, 3, 5, 1, 3, 4, 2, 2, 5, 1, 2, 2, 5, 2, 4, 1, 41, 3, 2, 1, 4, 
18: 0, 0, 0, 4, 3, 1, 4, 0, 1, 1, 0, 0, 1, 3, 1, 0, 43, 4, 4, 5, 5, 0, 0, 0, 4, 0, 2, 1, 0, 0, 0, 1, 0, 2, 1, 2, 3, 2, 4, 1, 0, 2, 4, 0, 4, 3, 2, 0, 0, 0, 44, 2, 0, 0, 0, 0, 5, 0, 40, 0, 0, 0, 3, 4, 0, 0, 0, 2, 3, 0, 0, 1, 5, 2, 0, 2, 1, 4, 5, 0, : 4, 3, 1, 4, 1, 1, 1, 3, 1, 43, 4, 4, 5, 5, 4, 2, 1, 1, 2, 1, 2, 3, 2, 4, 1, 2, 4, 4, 3, 2, 44, 2, 5, 40, 3, 4, 2, 3, 1, 5, 2, 2, 1, 4, 5, 
182: 0, 0, 0, 0, 3, 0, 2, 3, 0, 0, 4, 1, 44, 0, 3, 0, 0, 1, 2, 0, 0, 0, 0, 0, 1, 5, 3, 1, 4, 0, 3, 5, 0, 0, 2, 0, 2, 0, 41, 0, 0, 1, 2, 0, 4, 0, 0, 0, 0, 5, 5, 1, 0, 3, 43, 5, 5, 0, 3, 4, 0, 0, 5, 0, 1, 1, 0, 0, 1, 0, 0, 3, 0, 0, 0, 0, 0, 1, 1, 0, : 3, 2, 3, 4, 1, 44, 3, 1, 2, 1, 5, 3, 1, 4, 3, 5, 2, 2, 41, 1, 2, 4, 5, 5, 1, 3, 43, 5, 5, 3, 4, 5, 1, 1, 1, 3, 1, 1, 
65: 0, 1, 0, 0, 5, 0, 5, 2, 0, 0, 41, 0, 0, 4, 0, 4, 1, 0, 4, 0, 0, 0, 0, 0, 3, 0, 2, 0, 0, 5, 0, 4, 0, 4, 0, 4, 0, 0, 0, 0, 0, 0, 0, 1, 0, 0, 40, 0, 0, 1, 0, 1, 0, 0, 0, 0, 0, 1, 0, 0, 1, 0, 0, 0, 1, 0, 0, 0, 1, 3, 1, 4, 0, 0, 4, 42, 0, 0, 3, 0, : 1, 5, 5, 2, 41, 4, 4, 1, 4, 3, 2, 5, 4, 4, 4, 1, 40, 1, 1, 1, 1, 1, 1, 3, 1, 4, 4, 42, 3, 
177: 2, 0, 0, 0, 1, 0, 1, 2, 0, 0, 0, 0, 4, 5, 4, 0, 0, 2, 0, 0, 0, 0, 0, 0, 42, 2, 5, 2, 2, 0, 1, 5, 2, 5, 0, 4, 1, 2, 0, 1, 0, 1, 0, 3, 3, 0, 4, 0, 0, 42, 0, 4, 42, 0, 0, 0, 0, 1, 0, 0, 3, 3, 44, 0, 1, 0, 0, 0, 0, 1, 0, 5, 4, 0, 0, 5, 0, 0, 3, 3, : 2, 1, 1, 2, 4, 5, 4, 2, 42, 2, 5, 2, 2, 1, 5, 2, 5, 4, 1, 2, 1, 1, 3, 3, 4, 42, 4, 42, 1, 3, 3, 44, 1, 1, 5, 4, 5, 3, 3, 
148: 1, 0, 1, 0, 3, 0, 0, 41, 2, 2, 0, 1, 0, 1, 3, 1, 0, 0, 0, 0, 3, 0, 0, 1, 0, 4, 5, 0, 0, 0, 0, 0, 0, 2, 0, 2, 5, 2, 5, 2, 5, 2, 0, 0, 1, 0, 0, 3, 0, 0, 2, 0, 0, 3, 1, 0, 1, 3, 5, 0, 4, 40, 0, 1, 2, 0, 1, 1, 4, 0, 2, 1, 0, 3, 3, 2, 0, 0, 1, 0, : 1, 1, 3, 41, 2, 2, 1, 1, 3, 1, 3, 1, 4, 5, 2, 2, 5, 2, 5, 2, 5, 2, 1, 3, 2, 3, 1, 1, 3, 5, 4, 40, 1, 2, 1, 1, 4, 2, 1, 3, 3, 2, 1, 
112: 0, 2, 0, 3, 5, 0, 5, 1, 0, 4, 0, 5, 0, 0, 0, 0, 0, 0, 2, 5, 0, 0, 0, 0, 0, 2, 5, 1, 0, 1, 1, 2, 0, 1, 5, 3, 1, 1, 0, 0, 0, 0, 2, 1, 0, 0, 0, 1, 0, 2, 0, 2, 4, 0, 1, 0, 3, 2, 0, 0, 5, 3, 2, 5, 1, 0, 0, 4, 3, 5, 0, 3, 5, 0, 0, 0, 0, 5, 0, 2, : 2, 3, 5, 5, 1, 4, 5, 2, 5, 2, 5, 1, 1, 1, 2, 1, 5, 3, 1, 1, 2, 1, 1, 2, 2, 4, 1, 3, 2, 5, 3, 2, 5, 1, 4, 3, 5, 3, 5, 5, 2, 
26: 0, 0, 4, 4, 2, 0, 1, 4, 0, 1, 2, 0, 3, 1, 4, 3, 1, 3, 0, 0, 0, 0, 0, 0, 0, 2, 0, 0, 3, 0, 0, 0, 2, 3, 5, 3, 0, 5, 1, 44, 0, 3, 0, 5, 5, 0, 0, 0, 2, 0, 0, 2, 0, 0, 0, 41, 0, 0, 0, 5, 4, 2, 2, 0, 0, 5, 0, 0, 40, 0, 0, 5, 0, 0, 3, 0, 0, 1, 0, 1, : 4, 4, 2, 1, 4, 1, 2, 3, 1, 4, 3, 1, 3, 2, 3, 2, 3, 5, 3, 5, 1, 44, 3, 5, 5, 2, 2, 41, 5, 4, 2, 2, 5, 40, 5, 3, 1, 1, 
122: 0, 0, 5, 0, 5, 0, 0, 5, 0, 1, 0, 4, 0, 0, 3, 0, 3, 3, 3, 0, 42, 2, 0, 5, 42, 1, 0, 1, 0, 0, 0, 5, 0, 2, 0, 0, 0, 0, 0, 0, 0, 0, 44, 2, 0, 2, 1, 2, 0, 5, 5, 4, 0, 0, 0, 2, 0, 43, 0, 2, 5, 0, 2, 0, 0, 0, 5, 0, 2, 0, 1, 2, 0, 0, 0, 42, 0, 0, 4, 0, : 5, 5, 5, 1, 4, 3, 3, 3, 3, 42, 2, 5, 42, 1, 1, 5, 2, 44, 2, 2, 1, 2, 5, 5, 4, 2, 43, 2, 5, 2, 5, 2, 1, 2, 42, 4, 
76: 1, 1, 0, 0, 4, 0, 0, 5, 0, 0, 0, 2, 0, 1, 4, 0, 2, 0, 0, 4, 4, 0, 0, 0, 2, 0, 0, 1, 0, 0, 5, 0, 1, 5, 0, 0, 2, 0, 0, 0, 0, 4, 0, 0, 0, 0, 5, 40, 1, 0, 0, 1, 0, 0, 0, 0, 0, 0, 2, 43, 2, 1, 1, 0, 0, 0, 5, 5, 1, 43, 4, 3, 5, 0, 0, 0, 43, 0, 4, 0, : 1, 1, 4, 5, 2, 1, 4, 2, 4, 4, 2, 1, 5, 1, 5, 2, 4, 5, 40, 1, 1, 2, 43, 2, 1, 1, 5, 5, 1, 43, 4, 3, 5, 43, 4, 
185: 0, 3, 0, 1, 5, 0, 0, 3, 4, 3, 1, 0, 0, 5, 0, 0, 3, 3, 4, 1, 0, 2, 1, 0, 0, 0, 2, 2, 4, 1, 3, 5, 0, 0, 0, 0, 0, 0, 0, 4, 0, 1, 0, 5, 0, 0, 3, 4, 2, 1, 0, 3, 0, 0, 0, 0, 2, 0, 0, 0, 0, 0, 4, 2, 1, 0, 0, 40, 1, 3, 4, 5, 4, 0, 5, 0, 0, 0, 3, 0, : 3, 1, 5, 3, 4, 3, 1, 5, 3, 3, 4, 1, 2, 1, 2, 2, 4, 1, 3, 5, 4, 1, 5, 3, 4, 2, 1, 3, 2, 4, 2, 1, 40, 1, 3, 4, 5, 4, 5, 3, 


78: 0, 3, 3, 0, 0, 0, 0, 0, 4, 0, 0, 0, 1, 0, 0, 2, 0, 4, 1, 0, 0, 2, 1, 0, 0, 0, 5, 2, 0, 0, 0, 0, 0, 0, 2, 0, 0, 3, 43, 5, 0, 5, 1, 2, 0, 0, 3, 0, 5, 0, 4, 1, 0, 0, 1, 5, 1, 0, 2, 1, 0, 41, 42, 2, 0, 0, 0, 3, 2, 3, 3, 0, 0, 1, 1, 4, 4, 0, 3, 0, : 3, 3, 4, 1, 2, 4, 1, 2, 1, 5, 2, 2, 3, 43, 5, 5, 1, 2, 3, 5, 4, 1, 1, 5, 1, 2, 1, 41, 42, 2, 3, 2, 3, 3, 1, 1, 4, 4, 3, 
95: 3, 4, 0, 0, 0, 0, 4, 4, 1, 0, 2, 0, 2, 0, 44, 3, 0, 4, 0, 0, 0, 2, 4, 41, 4, 3, 3, 0, 2, 3, 0, 0, 0, 0, 0, 2, 0, 0, 0, 5, 1, 1, 0, 4, 4, 0, 4, 4, 5, 0, 2, 0, 5, 1, 2, 0, 0, 0, 0, 3, 0, 0, 4, 5, 2, 4, 2, 3, 0, 4, 0, 1, 0, 0, 1, 1, 2, 0, 0, 3, : 3, 4, 4, 4, 1, 2, 2, 44, 3, 4, 2, 4, 41, 4, 3, 3, 2, 3, 2, 5, 1, 1, 4, 4, 4, 4, 5, 2, 5, 1, 2, 3, 4, 5, 2, 4, 2, 3, 4, 1, 1, 1, 2, 3, 
13: 0, 2, 0, 0, 0, 0, 0, 0, 0, 4, 0, 3, 1, 0, 5, 5, 0, 4, 0, 0, 0, 3, 3, 2, 0, 0, 5, 2, 0, 2, 0, 3, 0, 0, 0, 1, 2, 5, 40, 0, 0, 3, 0, 0, 3, 0, 43, 1, 4, 0, 0, 1, 3, 0, 0, 0, 0, 5, 3, 2, 3, 0, 0, 4, 3, 0, 0, 0, 4, 4, 0, 5, 5, 2, 5, 2, 1, 41, 0, 4, : 2, 4, 3, 1, 5, 5, 4, 3, 3, 2, 5, 2, 2, 3, 1, 2, 5, 40, 3, 3, 43, 1, 4, 1, 3, 5, 3, 2, 3, 4, 3, 4, 4, 5, 5, 2, 5, 2, 1, 41, 4, 
6: 0, 0, 0, 0, 0, 3, 0, 1, 0, 42, 0, 5, 0, 0, 2, 4, 0, 4, 1, 0, 0, 1, 0, 2, 2, 0, 0, 0, 0, 3, 0, 0, 0, 5, 2, 2, 0, 0, 0, 4, 0, 0, 5, 2, 4, 2, 0, 5, 3, 0, 3, 3, 0, 43, 0, 1, 2, 0, 0, 3, 1, 2, 0, 0, 0, 2, 1, 3, 2, 2, 0, 5, 4, 0, 0, 1, 0, 0, 3, 44, : 3, 1, 42, 5, 2, 4, 4, 1, 1, 2, 2, 3, 5, 2, 2, 4, 5, 2, 4, 2, 5, 3, 3, 3, 43, 1, 2, 3, 1, 2, 2, 1, 3, 2, 2, 5, 4, 1, 3, 44, 
134: 0, 1, 0, 4, 0, 0, 5, 0, 0, 0, 0, 4, 3, 3, 0, 0, 0, 5, 1, 0, 4, 5, 4, 2, 5, 0, 3, 0, 2, 2, 5, 2, 3, 4, 2, 0, 0, 0, 0, 2, 0, 1, 0, 4, 2, 0, 3, 4, 3, 3, 0, 1, 0, 0, 0, 1, 42, 4, 1, 0, 0, 0, 0, 3, 1, 0, 4, 0, 2, 3, 2, 43, 0, 0, 1, 0, 4, 0, 0, 3, : 1, 4, 5, 4, 3, 3, 5, 1, 4, 5, 4, 2, 5, 3, 2, 2, 5, 2, 3, 4, 2, 2, 1, 4, 2, 3, 4, 3, 3, 1, 1, 42, 4, 1, 3, 1, 4, 2, 3, 2, 43, 1, 4, 3, 
194: 0, 0, 4, 44, 3, 41, 0, 1, 0, 2, 0, 1, 2, 0, 0, 2, 4, 1, 0, 0, 5, 4, 0, 3, 2, 5, 3, 0, 0, 4, 4, 2, 5, 5, 5, 2, 4, 5, 3, 5, 3, 0, 3, 2, 41, 0, 0, 0, 1, 44, 5, 3, 42, 41, 0, 0, 0, 4, 1, 43, 5, 1, 3, 3, 1, 2, 0, 0, 5, 0, 0, 0, 2, 0, 5, 0, 4, 0, 3, 5, : 4, 44, 3, 41, 1, 2, 1, 2, 2, 4, 1, 5, 4, 3, 2, 5, 3, 4, 4, 2, 5, 5, 5, 2, 4, 5, 3, 5, 3, 3, 2, 41, 1, 44, 5, 3, 42, 41, 4, 1, 43, 5, 1, 3, 3, 1, 2, 5, 2, 5, 4, 3, 5, 
92: 3, 0, 0, 0, 5, 0, 1, 0, 0, 1, 3, 0, 41, 5, 1, 0, 4, 1, 41, 43, 2, 0, 0, 0, 0, 2, 4, 5, 0, 0, 1, 0, 1, 0, 0, 4, 0, 0, 0, 3, 0, 1, 1, 5, 5, 4, 41, 0, 5, 0, 1, 2, 0, 0, 0, 5, 3, 3, 44, 0, 4, 0, 0, 2, 0, 5, 2, 3, 0, 3, 0, 0, 0, 5, 4, 4, 5, 0, 2, 1, : 3, 5, 1, 1, 3, 41, 5, 1, 4, 1, 41, 43, 2, 2, 4, 5, 1, 1, 4, 3, 1, 1, 5, 5, 4, 41, 5, 1, 2, 5, 3, 3, 44, 4, 2, 5, 2, 3, 3, 5, 4, 4, 5, 2, 1, 
98: 5, 0, 2, 0, 3, 0, 41, 0, 1, 0, 0, 1, 0, 0, 4, 0, 2, 5, 0, 5, 1, 0, 5, 0, 0, 4, 4, 3, 0, 4, 1, 0, 1, 0, 1, 0, 0, 0, 0, 4, 0, 5, 0, 1, 1, 2, 1, 0, 1, 0, 0, 3, 5, 5, 0, 1, 1, 40, 4, 4, 1, 4, 3, 2, 4, 5, 0, 2, 1, 3, 5, 4, 3, 0, 0, 0, 2, 0, 2, 0, : 5, 2, 3, 41, 1, 1, 4, 2, 5, 5, 1, 5, 4, 4, 3, 4, 1, 1, 1, 4, 5, 1, 1, 2, 1, 1, 3, 5, 5, 1, 1, 40, 4, 4, 1, 4, 3, 2, 4, 5, 2, 1, 3, 5, 4, 3, 2, 2, 
75: 0, 0, 0, 0, 2, 0, 0, 42, 0, 0, 4, 0, 1, 0, 3, 0, 0, 2, 0, 0, 0, 3, 3, 1, 2, 0, 2, 40, 3, 1, 3, 0, 0, 0, 3, 42, 0, 0, 0, 3, 0, 5, 4, 1, 1, 0, 0, 5, 2, 0, 4, 4, 0, 1, 3, 3, 0, 0, 4, 2, 0, 0, 0, 0, 1, 0, 0, 3, 5, 3, 44, 4, 2, 3, 2, 0, 2, 5, 5, 0, : 2, 42, 4, 1, 3, 2, 3, 3, 1, 2, 2, 40, 3, 1, 3, 3, 42, 3, 5, 4, 1, 1, 5, 2, 4, 4, 1, 3, 3, 4, 2, 1, 3, 5, 3, 44, 4, 2, 3, 2, 2, 5, 5, 
118: 0, 4, 3, 2, 4, 4, 5, 0, 4, 0, 3, 3, 0, 0, 1, 0, 1, 3, 0, 0, 4, 0, 0, 43, 0, 5, 0, 4, 44, 4, 0, 0, 0, 0, 0, 2, 0, 1, 0, 0, 0, 40, 3, 0, 1, 44, 0, 1, 4, 0, 0, 3, 0, 5, 4, 0, 0, 0, 3, 2, 5, 0, 1, 3, 2, 0, 0, 4, 42, 40, 0, 4, 0, 0, 0, 1, 5, 0, 4, 2, : 4, 3, 2, 4, 4, 5, 4, 3, 3, 1, 1, 3, 4, 43, 5, 4, 44, 4, 2, 1, 40, 3, 1, 44, 1, 4, 3, 5, 4, 3, 2, 5, 1, 3, 2, 4, 42, 40, 4, 1, 5, 4, 2, 
82: 0, 1, 2, 4, 41, 0, 0, 0, 0, 40, 0, 5, 0, 0, 2, 0, 42, 5, 1, 0, 5, 2, 2, 0, 0, 3, 3, 0, 0, 0, 4, 0, 2, 0, 2, 1, 1, 41, 0, 0, 0, 1, 0, 0, 1, 0, 0, 1, 2, 0, 2, 1, 0, 1, 0, 0, 5, 40, 2, 1, 0, 0, 0, 2, 2, 0, 0, 4, 3, 4, 0, 0, 0, 0, 5, 0, 5, 0, 3, 1, : 1, 2, 4, 41, 40, 5, 2, 42, 5, 1, 5, 2, 2, 3, 3, 4, 2, 2, 1, 1, 41, 1, 1, 1, 2, 2, 1, 1, 5, 40, 2, 1, 2, 2, 4, 3, 4, 5, 5, 3, 1, 
101: 0, 0, 0, 0, 1, 0, 0, 0, 1, 0, 0, 0, 0, 0, 2, 4, 0, 2, 0, 3, 2, 5, 0, 0, 0, 4, 5, 1, 5, 0, 2, 42, 0, 0, 0, 0, 0, 0, 1, 3, 1, 0, 4, 5, 5, 1, 0, 0, 5, 43, 0, 4, 1, 0, 0, 0, 0, 0, 1, 5, 3, 0, 0, 0, 5, 0, 4, 0, 4, 5, 0, 1, 5, 0, 5, 0, 0, 3, 4, 0, : 1, 1, 2, 4, 2, 3, 2, 5, 4, 5, 1, 5, 2, 42, 1, 3, 1, 4, 5, 5, 1, 5, 43, 4, 1, 1, 5, 3, 5, 4, 4, 5, 1, 5, 5, 3, 4, 
135: 2, 0, 2, 4, 3, 0, 0, 1, 0, 3, 1, 0, 5, 3, 2, 0, 2, 5, 0, 44, 2, 4, 2, 0, 0, 0, 1, 5, 43, 4, 4, 0, 0, 0, 1, 0, 43, 3, 0, 1, 0, 3, 3, 5, 0, 0, 4, 0, 2, 0, 2, 41, 0, 0, 40, 0, 2, 0, 3, 1, 0, 0, 0, 3, 1, 44, 0, 4, 4, 2, 4, 3, 0, 0, 0, 0, 2, 0, 3, 0, : 2, 2, 4, 3, 1, 3, 1, 5, 3, 2, 2, 5, 44, 2, 4, 2, 1, 5, 43, 4, 4, 1, 43, 3, 1, 3, 3, 5, 4, 2, 2, 41, 40, 2, 3, 1, 3, 1, 44, 4, 4, 2, 4, 3, 2, 3, 
27: 3, 0, 0, 0, 5, 0, 0, 0, 4, 0, 0, 0, 0, 2, 4, 0, 0, 2, 5, 0, 0, 3, 44, 4, 0, 3, 0, 2, 1, 3, 4, 0, 1, 0, 0, 5, 0, 2, 4, 4, 0, 4, 4, 3, 3, 0, 0, 5, 5, 2, 2, 5, 1, 0, 0, 0, 3, 0, 3, 1, 0, 4, 4, 5, 0, 0, 0, 1, 0, 0, 1, 3, 0, 0, 1, 0, 2, 4, 1, 0, : 3, 5, 4, 2, 4, 2, 5, 3, 44, 4, 3, 2, 1, 3, 4, 1, 5, 2, 4, 4, 4, 4, 3, 3, 5, 5, 2, 2, 5, 1, 3, 3, 1, 4, 4, 5, 1, 1, 3, 1, 2, 4, 1, 
4: 0, 0, 0, 0, 1, 0, 0, 0, 0, 0, 44, 0, 0, 0, 0, 0, 0, 4, 0, 0, 3, 43, 2, 0, 1, 2, 0, 3, 4, 2, 5, 0, 0, 0, 3, 0, 4, 0, 3, 3, 3, 2, 1, 2, 0, 3, 0, 1, 1, 0, 0, 5, 0, 4, 0, 0, 2, 2, 4, 1, 1, 2, 0, 0, 2, 40, 0, 4, 2, 0, 0, 3, 0, 3, 2, 41, 3, 0, 3, 0, : 1, 44, 4, 3, 43, 2, 1, 2, 3, 4, 2, 5, 3, 4, 3, 3, 3, 2, 1, 2, 3, 1, 1, 5, 4, 2, 2, 4, 1, 1, 2, 2, 40, 4, 2, 3, 3, 2, 41, 3, 3, 
104: 0, 0, 0, 0, 3, 41, 0, 0, 2, 3, 42, 0, 0, 2, 3, 1, 1, 3, 1, 0, 3, 1, 5, 0, 44, 1, 1, 4, 0, 0, 5, 0, 0, 0, 41, 3, 0, 0, 0, 0, 4, 1, 2, 2, 3, 5, 0, 1, 3, 1, 3, 0, 0, 1, 2, 0, 0, 1, 4, 0, 42, 3, 0, 0, 41, 3, 42, 1, 1, 0, 0, 4, 0, 3, 0, 3, 4, 3, 1, 0, : 3, 41, 2, 3, 42, 2, 3, 1, 1, 3, 1, 3, 1, 5, 44, 1, 1, 4, 5, 41, 3, 4, 1, 2, 2, 3, 5, 1, 3, 1, 3, 1, 2, 1, 4, 42, 3, 41, 3, 42, 1, 1, 4, 3, 3, 4, 3, 1, 
43: 0, 2, 0, 2, 0, 4, 3, 0, 0, 0, 0, 0, 0, 0, 3, 0, 3, 0, 2, 0, 3, 4, 5, 0, 0, 0, 0, 3, 1, 5, 1, 0, 0, 0, 4, 2, 42, 0, 0, 1, 0, 2, 2, 44, 5, 44, 0, 5, 1, 0, 2, 0, 0, 0, 0, 40, 0, 4, 2, 1, 4, 0, 0, 0, 3, 2, 0, 0, 1, 5, 0, 4, 0, 5, 44, 4, 4, 1, 4, 0, : 2, 2, 4, 3, 3, 3, 2, 3, 4, 5, 3, 1, 5, 1, 4, 2, 42, 1, 2, 2, 44, 5, 44, 5, 1, 2, 40, 4, 2, 1, 4, 3, 2, 1, 5, 4, 5, 44, 4, 4, 1, 4, 
142: 0, 0, 40, 0, 5, 1, 1, 5, 41, 0, 2, 0, 1, 0, 1, 0, 0, 4, 42, 0, 5, 1, 0, 0, 0, 3, 4, 0, 0, 1, 1, 0, 0, 0, 3, 1, 5, 0, 0, 0, 0, 0, 0, 0, 0, 0, 0, 40, 4, 5, 0, 1, 0, 0, 2, 0, 0, 0, 0, 4, 1, 2, 1, 0, 3, 1, 3, 0, 3, 1, 3, 4, 0, 0, 1, 0, 5, 3, 0, 0, : 40, 5, 1, 1, 5, 41, 2, 1, 1, 4, 42, 5, 1, 3, 4, 1, 1, 3, 1, 5, 40, 4, 5, 1, 2, 4, 1, 2, 1, 3, 1, 3, 3, 1, 3, 4, 1, 5, 3, 
160: 2, 4, 0, 3, 0, 0, 0, 3, 4, 0, 0, 0, 40, 5, 0, 0, 4, 5, 2, 0, 1, 5, 0, 3, 0, 5, 1, 1, 0, 42, 0, 2, 0, 4, 1, 4, 0, 44, 0, 2, 0, 3, 5, 1, 0, 0, 0, 0, 4, 0, 1, 4, 4, 0, 0, 1, 5, 0, 1, 3, 4, 0, 0, 0, 1, 0, 0, 0, 0, 3, 5, 0, 4, 1, 3, 2, 3, 0, 2, 40, : 2, 4, 3, 3, 4, 40, 5, 4, 5, 2, 1, 5, 3, 5, 1, 1, 42, 2, 4, 1, 4, 44, 2, 3, 5, 1, 4, 1, 4, 4, 1, 5, 1, 3, 4, 1, 3, 5, 4, 1, 3, 2, 3, 2, 40, 
17: 1, 0, 0, 0, 0, 0, 4, 0, 0, 1, 1, 2, 0, 0, 4, 0, 0, 1, 0, 0, 0, 3, 1, 0, 0, 2, 0, 1, 0, 4, 4, 0, 4, 0, 3, 3, 0, 0, 5, 3, 42, 1, 43, 0, 0, 0, 0, 4, 4, 4, 0, 4, 0, 0, 0, 0, 0, 0, 4, 4, 0, 4, 0, 2, 0, 0, 0, 5, 0, 2, 1, 0, 43, 0, 1, 0, 4, 0, 2, 0, : 1, 4, 1, 1, 2, 4, 1, 3, 1, 2, 1, 4, 4, 4, 3, 3, 5, 3, 42, 1, 43, 4, 4, 4, 4, 4, 4, 4, 2, 5, 2, 1, 43, 1, 4, 2, 
125: 0, 0, 5, 0, 1, 5, 0, 44, 0, 3, 0, 3, 0, 0, 0, 0, 0, 1, 0, 4, 2, 3, 0, 0, 0, 0, 3, 3, 1, 0, 0, 0, 0, 2, 3, 1, 0, 0, 0, 0, 0, 5, 3, 0, 3, 0, 3, 1, 2, 5, 5, 2, 0, 2, 0, 0, 0, 0, 0, 0, 5, 0, 0, 3, 2, 0, 0, 2, 1, 1, 1, 5, 0, 0, 2, 0, 3, 3, 0, 1, : 5, 1, 5, 44, 3, 3, 1, 4, 2, 3, 3, 3, 1, 2, 3, 1, 5, 3, 3, 3, 1, 2, 5, 5, 2, 2, 5, 3, 2, 2, 1, 1, 1, 5, 2, 3, 3, 1, 
7: 0, 0, 5, 0, 1, 0, 0, 0, 1, 0, 4, 0, 1, 1, 3, 0, 3, 2, 3, 0, 1, 0, 5, 0, 0, 4, 5, 4, 2, 1, 3, 5, 41, 42, 0, 4, 0, 0, 5, 0, 3, 0, 0, 2, 0, 0, 0, 1, 1, 0, 4, 4, 43, 0, 0, 4, 2, 0, 3, 5, 2, 3, 0, 4, 2, 0, 0, 0, 2, 1, 0, 1, 0, 41, 1, 0, 4, 4, 4, 0, : 5, 1, 1, 4, 1, 1, 3, 3, 2, 3, 1, 5, 4, 5, 4, 2, 1, 3, 5, 41, 42, 4, 5, 3, 2, 1, 1, 4, 4, 43, 4, 2, 3, 5, 2, 3, 4, 2, 2, 1, 1, 41, 1, 4, 4, 4, 
124: 0, 44, 0, 0, 3, 2, 0, 0, 0, 2, 0, 2, 0, 0, 0, 0, 0, 5, 0, 0, 0, 1, 1, 4, 0, 1, 1, 2, 5, 4, 2, 0, 0, 0, 3, 3, 0, 0, 5, 5, 4, 5, 0, 0, 2, 0, 0, 1, 4, 1, 0, 0, 0, 0, 0, 0, 0, 0, 1, 0, 1, 0, 2, 43, 4, 0, 4, 0, 4, 0, 0, 0, 0, 0, 0, 0, 2, 4, 1, 3, : 44, 3, 2, 2, 2, 5, 1, 1, 4, 1, 1, 2, 5, 4, 2, 3, 3, 5, 5, 4, 5, 2, 1, 4, 1, 1, 1, 2, 43, 4, 4, 4, 2, 4, 1, 3, 
70: 0, 0, 0, 41, 0, 0, 3, 3, 4, 0, 0, 0, 4, 0, 1, 3, 1, 4, 2, 5, 4, 3, 5, 4, 1, 1, 0, 0, 0, 0, 2, 0, 0, 44, 0, 1, 0, 0, 0, 1, 0, 0, 2, 3, 0, 0, 0, 4, 2, 0, 40, 5, 0, 0, 2, 0, 2, 0, 3, 4, 5, 0, 0, 4, 0, 0, 0, 5, 4, 0, 0, 5, 0, 4, 1, 0, 2, 2, 2, 0, : 41, 3, 3, 4, 4, 1, 3, 1, 4, 2, 5, 4, 3, 5, 4, 1, 1, 2, 44, 1, 1, 2, 3, 4, 2, 40, 5, 2, 2, 3, 4, 5, 4, 5, 4, 5, 4, 1, 2, 2, 2, 
5: 5, 43, 0, 5, 0, 0, 0, 0, 0, 5, 2, 0, 5, 0, 3, 3, 3, 1, 0, 3, 0, 0, 1, 0, 0, 2, 3, 4, 0, 1, 2, 0, 3, 0, 5, 4, 4, 0, 0, 41, 0, 2, 3, 4, 0, 0, 0, 3, 4, 0, 1, 0, 0, 3, 43, 4, 0, 0, 4, 2, 0, 0, 0, 3, 4, 0, 0, 3, 0, 0, 0, 4, 0, 0, 2, 0, 1, 40, 4, 0, : 5, 43, 5, 5, 2, 5, 3, 3, 3, 1, 3, 1, 2, 3, 4, 1, 2, 3, 5, 4, 4, 41, 2, 3, 4, 3, 4, 1, 3, 43, 4, 4, 2, 3, 4, 3, 4, 2, 1, 40, 4, 
20: 0, 0, 0, 0, 5, 4, 0, 0, 4, 0, 0, 3, 0, 0, 2, 44, 0, 5, 0, 0, 3, 0, 0, 0, 0, 1, 0, 5, 0, 0, 5, 3, 4, 0, 4, 4, 3, 0, 0, 0, 3, 1, 0, 0, 1, 0, 0, 0, 2, 2, 5, 2, 0, 0, 0, 0, 0, 0, 1, 4, 2, 0, 0, 2, 4, 2, 5, 4, 0, 0, 4, 2, 0, 3, 4, 0, 4, 0, 5, 0, : 5, 4, 4, 3, 2, 44, 5, 3, 1, 5, 5, 3, 4, 4, 4, 3, 3, 1, 1, 2, 2, 5, 2, 1, 4, 2, 2, 4, 2, 5, 4, 4, 2, 3, 4, 4, 5, 
176: 5, 3, 0, 1, 5, 0, 0, 0, 3, 4, 3, 0, 0, 4, 1, 0, 0, 2, 0, 0, 2, 0, 0, 2, 0, 0, 2, 3, 0, 1, 3, 0, 0, 1, 4, 2, 0, 1, 1, 0, 41, 4, 1, 0, 0, 0, 0, 5, 3, 0, 3, 3, 3, 0, 1, 0, 0, 5, 4, 5, 5, 0, 5, 1, 2, 5, 0, 5, 4, 2, 0, 2, 5, 0, 3, 2, 4, 2, 1, 0, : 5, 3, 1, 5, 3, 4, 3, 4, 1, 2, 2, 2, 2, 3, 1, 3, 1, 4, 2, 1, 1, 41, 4, 1, 5, 3, 3, 3, 3, 1, 5, 4, 5, 5, 5, 1, 2, 5, 5, 4, 2, 2, 5, 3, 2, 4, 2, 1, 
62: 0, 0, 0, 0, 1, 2, 0, 0, 2, 0, 0, 41, 0, 0, 0, 0, 2, 5, 0, 0, 5, 5, 0, 0, 0, 5, 5, 3, 0, 5, 1, 4, 1, 0, 4, 1, 0, 0, 0, 0, 0, 1, 2, 5, 3, 1, 0, 3, 2, 0, 4, 1, 0, 0, 5, 43, 0, 2, 5, 0, 0, 1, 0, 0, 2, 0, 1, 0, 2, 3, 0, 0, 0, 0, 1, 0, 1, 0, 0, 2, : 1, 2, 2, 41, 2, 5, 5, 5, 5, 5, 3, 5, 1, 4, 1, 4, 1, 1, 2, 5, 3, 1, 3, 2, 4, 1, 5, 43, 2, 5, 1, 2, 1, 2, 3, 1, 1, 2, 
102: 0, 0, 4, 0, 0, 0, 3, 0, 0, 2, 0, 0, 1, 0, 1, 0, 0, 2, 0, 0, 5, 2, 2, 0, 4, 1, 41, 3, 0, 3, 0, 0, 0, 1, 1, 3, 0, 0, 0, 4, 0, 0, 0, 0, 5, 0, 3, 0, 5, 0, 3, 0, 0, 0, 0, 1, 0, 3, 2, 0, 0, 44, 0, 0, 5, 0, 0, 3, 5, 1, 0, 4, 0, 42, 2, 2, 0, 0, 40, 0, : 4, 3, 2, 1, 1, 2, 5, 2, 2, 4, 1, 41, 3, 3, 1, 1, 3, 4, 5, 3, 5, 3, 1, 3, 2, 44, 5, 3, 5, 1, 4, 42, 2, 2, 40, 
99: 1, 0, 42, 0, 1, 1, 0, 1, 0, 2, 0, 0, 0, 0, 2, 0, 0, 2, 2, 4, 2, 1, 1, 3, 0, 0, 1, 0, 5, 4, 3, 0, 0, 0, 1, 5, 0, 0, 0, 0, 0, 3, 5, 3, 0, 1, 4, 4, 4, 0, 4, 1, 5, 3, 3, 1, 0, 1, 3, 2, 5, 0, 0, 5, 5, 1, 3, 2, 1, 4, 0, 0, 0, 1, 2, 1, 3, 0, 4, 0, : 1, 42, 1, 1, 1, 2, 2, 2, 2, 4, 2, 1, 1, 3, 1, 5, 4, 3, 1, 5, 3, 5, 3, 1, 4, 4, 4, 4, 1, 5, 3, 3, 1, 1, 3, 2, 5, 5, 5, 1, 3, 2, 1, 4, 1, 2, 1, 3, 4, 
156: 0, 2, 0, 0, 5, 3, 0, 0, 1, 0, 5, 4, 0, 4, 5, 0, 0, 5, 0, 0, 2, 0, 0, 1, 0, 1, 0, 2, 0, 0, 3, 0, 42, 0, 0, 1, 0, 0, 5, 0, 1, 0, 4, 0, 0, 0, 0, 1, 1, 3, 4, 1, 0, 0, 0, 0, 2, 0, 1, 0, 1, 5, 5, 1, 3, 0, 0, 1, 1, 5, 0, 0, 42, 0, 4, 4, 3, 0, 1, 2, : 2, 5, 3, 1, 5, 4, 4, 5, 5, 2, 1, 1, 2, 3, 42, 1, 5, 1, 4, 1, 1, 3, 4, 1, 2, 1, 1, 5, 5, 1, 3, 1, 1, 5, 42, 4, 4, 3, 1, 2, 
39: 0, 0, 1, 1, 0, 4, 0, 0, 1, 0, 0, 0, 0, 0, 3, 0, 0, 2, 0, 4, 2, 0, 4, 0, 0, 2, 5, 0, 0, 0, 0, 0, 2, 1, 0, 3, 0, 5, 0, 5, 0, 1, 0, 4, 4, 0, 0, 4, 3, 1, 2, 1, 0, 0, 0, 0, 0, 3, 0, 3, 3, 0, 0, 1, 4, 0, 4, 0, 0, 0, 0, 0, 0, 2, 1, 40, 5, 0, 1, 5, : 1, 1, 4, 1, 3, 2, 4, 2, 4, 2, 5, 2, 1, 3, 5, 5, 1, 4, 4, 4, 3, 1, 2, 1, 3, 3, 3, 1, 4, 4, 2, 1, 40, 5, 1, 5, 
171: 0, 0, 5, 0, 4, 0, 0, 3, 0, 0, 0, 0, 4, 0, 4, 4, 0, 4, 1, 3, 1, 4, 4, 0, 3, 3, 2, 0, 2, 2, 3, 0, 5, 3, 0, 4, 4, 0, 0, 2, 0, 5, 4, 4, 4, 0, 0, 3, 4, 0, 1, 4, 0, 0, 3, 1, 3, 1, 0, 0, 3, 0, 3, 2, 2, 0, 1, 4, 3, 1, 0, 1, 2, 0, 3, 0, 1, 0, 1, 0, : 5, 4, 3, 4, 4, 4, 4, 1, 3, 1, 4, 4, 3, 3, 2, 2, 2, 3, 5, 3, 4, 4, 2, 5, 4, 4, 4, 3, 4, 1, 4, 3, 1, 3, 1, 3, 3, 2, 2, 1, 4, 3, 1, 1, 2, 3, 1, 1, 
186: 0, 0, 0, 0, 5, 0, 0, 3, 0, 5, 0, 0, 4, 0, 4, 2, 1, 1, 0, 0, 2, 2, 1, 1, 0, 2, 0, 2, 0, 5, 0, 1, 0, 0, 5, 0, 0, 4, 0, 0, 4, 4, 4, 1, 0, 0, 5, 0, 3, 0, 2, 1, 4, 0, 0, 0, 0, 0, 1, 0, 4, 3, 42, 2, 3, 4, 0, 0, 5, 2, 0, 3, 0, 0, 0, 0, 5, 0, 3, 2, : 5, 3, 5, 4, 4, 2, 1, 1, 2, 2, 1, 1, 2, 2, 5, 1, 5, 4, 4, 4, 4, 1, 5, 3, 2, 1, 4, 1, 4, 3, 42, 2, 3, 4, 5, 2, 3, 5, 3, 2, 
117: 2, 0, 0, 0, 2, 1, 0, 0, 42, 0, 0, 0, 0, 40, 4, 0, 5, 1, 2, 0, 1, 5, 2, 0, 44, 1, 1, 5, 0, 0, 0, 42, 0, 0, 0, 1, 0, 0, 0, 5, 0, 0, 0, 3, 5, 0, 0, 2, 1, 0, 0, 1, 0, 4, 2, 3, 0, 0, 0, 3, 0, 0, 0, 4, 1, 0, 3, 43, 0, 0, 0, 1, 0, 0, 2, 1, 2, 1, 0, 0, : 2, 2, 1, 42, 40, 4, 5, 1, 2, 1, 5, 2, 44, 1, 1, 5, 42, 1, 5, 3, 5, 2, 1, 1, 4, 2, 3, 3, 4, 1, 3, 43, 1, 2, 1, 2, 1, 
58: 41, 3, 0, 4, 4, 2, 1, 0, 0, 0, 0, 0, 0, 3, 1, 0, 0, 3, 4, 0, 40, 0, 1, 0, 0, 5, 1, 5, 0, 1, 3, 5, 5, 0, 5, 4, 1, 0, 0, 3, 0, 1, 0, 4, 5, 1, 2, 1, 4, 0, 1, 0, 0, 0, 0, 0, 1, 0, 0, 0, 3, 0, 0, 0, 0, 0, 40, 2, 1, 4, 0, 0, 2, 1, 2, 2, 2, 0, 0, 2, : 41, 3, 4, 4, 2, 1, 3, 1, 3, 4, 40, 1, 5, 1, 5, 1, 3, 5, 5, 5, 4, 1, 3, 1, 4, 5, 1, 2, 1, 4, 1, 1, 3, 40, 2, 1, 4, 2, 1, 2, 2, 2, 2, 
40: 0, 0, 0, 0, 0, 1, 4, 0, 0, 1, 0, 0, 1, 2, 1, 0, 40, 1, 1, 0, 3, 0, 5, 4, 5, 1, 1, 0, 0, 5, 41, 2, 0, 4, 0, 0, 0, 0, 0, 0, 5, 5, 0, 0, 0, 0, 0, 5, 2, 0, 3, 1, 1, 0, 4, 5, 0, 0, 2, 2, 0, 0, 0, 0, 1, 0, 0, 1, 1, 1, 0, 1, 1, 0, 0, 1, 5, 1, 5, 0, : 1, 4, 1, 1, 2, 1, 40, 1, 1, 3, 5, 4, 5, 1, 1, 5, 41, 2, 4, 5, 5, 5, 2, 3, 1, 1, 4, 5, 2, 2, 1, 1, 1, 1, 1, 1, 1, 5, 1, 5, 
147: 5, 0, 0, 5, 1, 0, 0, 5, 0, 0, 0, 0, 3, 4, 0, 43, 2, 1, 1, 1, 0, 0, 3, 0, 0, 2, 0, 0, 0, 0, 1, 0, 0, 1, 4, 2, 3, 5, 5, 0, 5, 2, 4, 2, 4, 4, 0, 1, 1, 4, 0, 3, 0, 0, 0, 0, 3, 0, 0, 5, 4, 1, 5, 3, 0, 0, 0, 0, 2, 4, 43, 0, 0, 3, 5, 0, 4, 3, 0, 0, : 5, 5, 1, 5, 3, 4, 43, 2, 1, 1, 1, 3, 2, 1, 1, 4, 2, 3, 5, 5, 5, 2, 4, 2, 4, 4, 1, 1, 4, 3, 3, 5, 4, 1, 5, 3, 2, 4, 43, 3, 5, 4, 3, 
188: 42, 3, 2, 0, 4, 0, 43, 0, 0, 0, 4, 43, 0, 0, 4, 0, 0, 5, 5, 1, 0, 0, 4, 0, 3, 3, 4, 1, 0, 3, 4, 3, 0, 0, 3, 0, 4, 0, 0, 3, 0, 2, 3, 2, 0, 5, 0, 3, 4, 2, 2, 1, 0, 3, 0, 1, 41, 0, 0, 0, 3, 0, 0, 4, 4, 0, 1, 5, 0, 4, 4, 2, 0, 0, 4, 0, 4, 0, 3, 0, : 42, 3, 2, 4, 43, 4, 43, 4, 5, 5, 1, 4, 3, 3, 4, 1, 3, 4, 3, 3, 4, 3, 2, 3, 2, 5, 3, 4, 2, 2, 1, 3, 1, 41, 3, 4, 4, 1, 5, 4, 4, 2, 4, 4, 3, 
113: 0, 1, 0, 0, 2, 1, 2, 4, 0, 0, 0, 0, 0, 42, 0, 0, 0, 4, 2, 0, 5, 3, 0, 0, 0, 43, 1, 2, 0, 1, 0, 4, 0, 3, 5, 3, 0, 1, 0, 3, 0, 1, 4, 0, 5, 3, 4, 1, 4, 0, 5, 3, 3, 3, 3, 0, 0, 2, 4, 4, 0, 0, 0, 2, 0, 0, 0, 0, 3, 0, 0, 1, 0, 0, 0, 4, 4, 0, 0, 0, : 1, 2, 1, 2, 4, 42, 4, 2, 5, 3, 43, 1, 2, 1, 4, 3, 5, 3, 1, 3, 1, 4, 5, 3, 4, 1, 4, 5, 3, 3, 3, 3, 2, 4, 4, 2, 3, 1, 4, 4, 


16: 2, 0, 0, 0, 3, 2, 2, 3, 0, 0, 5, 5, 0, 5, 2, 1, 0, 0, 0, 0, 0, 0, 0, 1, 0, 0, 1, 4, 5, 0, 3, 0, 1, 0, 4, 0, 5, 0, 0, 1, 2, 2, 2, 1, 0, 1, 0, 2, 0, 2, 4, 3, 0, 0, 0, 0, 0, 0, 1, 0, 0, 5, 0, 0, 0, 5, 1, 2, 3, 0, 0, 0, 0, 0, 5, 0, 0, 0, 3, 3, : 2, 3, 2, 2, 3, 5, 5, 5, 2, 1, 1, 1, 4, 5, 3, 1, 4, 5, 1, 2, 2, 2, 1, 1, 2, 2, 4, 3, 1, 5, 5, 1, 2, 3, 5, 3, 3, 
192: 3, 0, 0, 2, 0, 41, 2, 0, 1, 3, 0, 3, 4, 3, 1, 0, 1, 0, 1, 2, 3, 2, 0, 0, 0, 2, 0, 2, 1, 0, 0, 44, 4, 4, 2, 0, 1, 0, 0, 3, 0, 5, 0, 3, 0, 2, 3, 0, 0, 1, 0, 0, 3, 1, 0, 0, 0, 0, 0, 2, 0, 5, 0, 1, 0, 3, 0, 1, 1, 4, 0, 44, 0, 4, 5, 2, 42, 0, 0, 0, : 3, 2, 41, 2, 1, 3, 3, 4, 3, 1, 1, 1, 2, 3, 2, 2, 2, 1, 44, 4, 4, 2, 1, 3, 5, 3, 2, 3, 1, 3, 1, 2, 5, 1, 3, 1, 1, 4, 44, 4, 5, 2, 42, 
47: 4, 2, 0, 0, 0, 0, 0, 0, 4, 3, 0, 2, 2, 0, 0, 5, 43, 0, 2, 2, 0, 0, 0, 0, 0, 1, 0, 1, 0, 2, 0, 0, 0, 2, 42, 0, 0, 5, 4, 42, 0, 2, 0, 2, 5, 0, 0, 41, 5, 4, 1, 0, 4, 0, 5, 2, 0, 4, 3, 4, 3, 0, 2, 4, 5, 0, 4, 0, 0, 0, 5, 4, 0, 0, 2, 0, 0, 2, 3, 4, : 4, 2, 4, 3, 2, 2, 5, 43, 2, 2, 1, 1, 2, 2, 42, 5, 4, 42, 2, 2, 5, 41, 5, 4, 1, 4, 5, 2, 4, 3, 4, 3, 2, 4, 5, 4, 5, 4, 2, 2, 3, 4, 
36: 0, 1, 0, 4, 0, 3, 2, 0, 3, 2, 1, 3, 5, 1, 5, 1, 3, 2, 0, 2, 0, 0, 0, 0, 3, 0, 5, 0, 5, 0, 0, 5, 5, 4, 1, 0, 44, 3, 1, 0, 5, 0, 0, 1, 2, 4, 0, 0, 2, 4, 5, 2, 4, 0, 0, 1, 0, 0, 0, 0, 0, 0, 0, 4, 0, 0, 0, 1, 5, 0, 0, 2, 0, 0, 44, 0, 5, 0, 5, 0, : 1, 4, 3, 2, 3, 2, 1, 3, 5, 1, 5, 1, 3, 2, 2, 3, 5, 5, 5, 5, 4, 1, 44, 3, 1, 5, 1, 2, 4, 2, 4, 5, 2, 4, 1, 4, 1, 5, 2, 44, 5, 5, 
107: 0, 0, 2, 4, 0, 0, 1, 0, 5, 1, 0, 0, 0, 3, 0, 0, 4, 0, 0, 0, 5, 0, 4, 4, 40, 4, 0, 0, 1, 0, 0, 3, 4, 3, 0, 5, 0, 0, 0, 0, 0, 0, 2, 0, 0, 3, 2, 1, 0, 0, 2, 2, 5, 1, 0, 0, 0, 0, 2, 0, 0, 41, 4, 0, 0, 2, 0, 5, 3, 3, 2, 3, 5, 0, 1, 2, 40, 0, 1, 0, : 2, 4, 1, 5, 1, 3, 4, 5, 4, 4, 40, 4, 1, 3, 4, 3, 5, 2, 3, 2, 1, 2, 2, 5, 1, 2, 41, 4, 2, 5, 3, 3, 2, 3, 5, 1, 2, 40, 1, 
12: 0, 4, 0, 4, 0, 0, 3, 0, 3, 0, 1, 0, 0, 3, 1, 0, 5, 0, 43, 42, 0, 2, 5, 0, 0, 44, 0, 5, 1, 0, 4, 4, 0, 5, 4, 0, 0, 0, 0, 5, 0, 3, 0, 4, 0, 0, 2, 0, 0, 4, 2, 5, 0, 0, 0, 0, 1, 0, 2, 1, 0, 5, 44, 0, 0, 4, 4, 0, 0, 0, 1, 1, 5, 0, 0, 0, 0, 0, 0, 1, : 4, 4, 3, 3, 1, 3, 1, 5, 43, 42, 2, 5, 44, 5, 1, 4, 4, 5, 4, 5, 3, 4, 2, 4, 2, 5, 1, 2, 1, 5, 44, 4, 4, 1, 1, 5, 1, 
10: 0, 0, 0, 3, 0, 0, 5, 0, 3, 1, 0, 3, 0, 0, 3, 0, 5, 0, 0, 4, 2, 0, 0, 5, 0, 5, 2, 0, 5, 0, 1, 2, 0, 2, 3, 0, 2, 0, 3, 5, 5, 1, 0, 0, 0, 3, 1, 0, 1, 0, 0, 1, 0, 0, 5, 43, 3, 0, 0, 0, 2, 0, 0, 0, 0, 42, 3, 5, 4, 42, 4, 1, 0, 0, 0, 0, 0, 0, 4, 0, : 3, 5, 3, 1, 3, 3, 5, 4, 2, 5, 5, 2, 5, 1, 2, 2, 3, 2, 3, 5, 5, 1, 3, 1, 1, 1, 5, 43, 3, 2, 42, 3, 5, 4, 42, 4, 1, 4, 
63: 5, 3, 5, 3, 0, 0, 2, 0, 1, 1, 5, 0, 5, 2, 5, 0, 3, 2, 1, 0, 0, 0, 2, 0, 0, 0, 3, 2, 5, 2, 0, 2, 5, 5, 5, 0, 2, 4, 0, 4, 0, 4, 0, 4, 0, 4, 0, 3, 3, 4, 1, 0, 5, 0, 1, 0, 0, 40, 3, 5, 0, 3, 3, 0, 0, 0, 0, 5, 41, 0, 3, 2, 1, 5, 0, 0, 0, 0, 2, 1, : 5, 3, 5, 3, 2, 1, 1, 5, 5, 2, 5, 3, 2, 1, 2, 3, 2, 5, 2, 2, 5, 5, 5, 2, 4, 4, 4, 4, 4, 3, 3, 4, 1, 5, 1, 40, 3, 5, 3, 3, 5, 41, 3, 2, 1, 5, 2, 1, 
81: 1, 0, 1, 0, 0, 0, 5, 0, 0, 3, 0, 0, 0, 0, 3, 0, 3, 0, 1, 5, 0, 3, 0, 0, 0, 0, 0, 1, 0, 0, 41, 2, 0, 0, 0, 4, 0, 1, 1, 4, 0, 0, 4, 4, 3, 2, 0, 3, 43, 1, 5, 3, 0, 0, 1, 0, 3, 1, 4, 0, 4, 0, 0, 1, 0, 3, 0, 4, 1, 0, 3, 1, 0, 0, 3, 41, 0, 0, 0, 2, : 1, 1, 5, 3, 3, 3, 1, 5, 3, 1, 41, 2, 4, 1, 1, 4, 4, 4, 3, 2, 3, 43, 1, 5, 3, 1, 3, 1, 4, 4, 1, 3, 4, 1, 3, 1, 3, 41, 2, 
21: 1, 0, 1, 0, 0, 0, 3, 43, 5, 0, 0, 5, 0, 3, 2, 2, 1, 43, 0, 0, 5, 2, 0, 2, 2, 0, 0, 2, 3, 0, 0, 0, 3, 0, 5, 0, 0, 2, 0, 5, 0, 1, 0, 3, 5, 5, 0, 0, 0, 5, 3, 5, 0, 1, 3, 0, 0, 5, 2, 0, 0, 0, 5, 3, 0, 0, 0, 0, 0, 3, 3, 5, 0, 0, 0, 0, 0, 3, 1, 1, : 1, 1, 3, 43, 5, 5, 3, 2, 2, 1, 43, 5, 2, 2, 2, 2, 3, 3, 5, 2, 5, 1, 3, 5, 5, 5, 3, 5, 1, 3, 5, 2, 5, 3, 3, 3, 5, 3, 1, 1, 
45: 1, 0, 0, 0, 0, 5, 5, 40, 0, 4, 0, 0, 1, 5, 0, 0, 1, 0, 2, 0, 0, 0, 0, 0, 1, 0, 5, 5, 2, 0, 0, 1, 5, 0, 1, 0, 0, 40, 0, 4, 0, 0, 0, 5, 0, 2, 0, 4, 0, 0, 4, 4, 0, 5, 5, 2, 0, 4, 4, 0, 0, 0, 0, 0, 5, 2, 1, 0, 1, 4, 0, 1, 0, 0, 1, 2, 0, 0, 4, 2, : 1, 5, 5, 40, 4, 1, 5, 1, 2, 1, 5, 5, 2, 1, 5, 1, 40, 4, 5, 2, 4, 4, 4, 5, 5, 2, 4, 4, 5, 2, 1, 1, 4, 1, 1, 2, 4, 2, 
25: 0, 0, 0, 3, 42, 0, 0, 0, 5, 0, 0, 0, 0, 4, 4, 0, 2, 0, 0, 0, 0, 0, 42, 4, 0, 0, 5, 3, 4, 0, 4, 0, 44, 5, 0, 1, 3, 0, 0, 1, 0, 2, 0, 0, 0, 0, 1, 3, 0, 0, 5, 1, 2, 0, 1, 42, 2, 0, 3, 0, 1, 2, 0, 1, 4, 3, 0, 0, 5, 2, 2, 2, 1, 0, 2, 0, 4, 40, 0, 2, : 3, 42, 5, 4, 4, 2, 42, 4, 5, 3, 4, 4, 44, 5, 1, 3, 1, 2, 1, 3, 5, 1, 2, 1, 42, 2, 3, 1, 2, 1, 4, 3, 5, 2, 2, 2, 1, 2, 4, 40, 2, 
105: 0, 1, 1, 4, 0, 4, 1, 5, 1, 3, 40, 3, 2, 2, 0, 0, 5, 0, 2, 0, 2, 1, 0, 0, 0, 0, 3, 2, 3, 0, 1, 0, 0, 2, 0, 41, 40, 1, 2, 2, 1, 3, 0, 4, 0, 5, 4, 2, 3, 1, 0, 0, 3, 43, 5, 5, 0, 0, 3, 4, 0, 5, 2, 0, 0, 1, 0, 3, 0, 3, 5, 2, 5, 0, 0, 0, 0, 0, 0, 5, : 1, 1, 4, 4, 1, 5, 1, 3, 40, 3, 2, 2, 5, 2, 2, 1, 3, 2, 3, 1, 2, 41, 40, 1, 2, 2, 1, 3, 4, 5, 4, 2, 3, 1, 3, 43, 5, 5, 3, 4, 5, 2, 1, 3, 3, 5, 2, 5, 5, 
50: 0, 4, 4, 3, 5, 0, 0, 1, 0, 3, 0, 0, 0, 0, 0, 1, 1, 0, 0, 0, 1, 3, 0, 0, 5, 0, 4, 2, 44, 0, 0, 0, 0, 1, 0, 44, 3, 0, 5, 4, 0, 0, 1, 4, 0, 0, 44, 0, 0, 5, 4, 0, 5, 0, 2, 0, 0, 0, 0, 0, 0, 0, 0, 0, 0, 2, 0, 0, 4, 0, 0, 0, 1, 5, 3, 2, 0, 4, 0, 5, : 4, 4, 3, 5, 1, 3, 1, 1, 1, 3, 5, 4, 2, 44, 1, 44, 3, 5, 4, 1, 4, 44, 5, 4, 5, 2, 2, 4, 1, 5, 3, 2, 4, 5, 
88: 0, 1, 0, 1, 3, 0, 5, 0, 4, 5, 0, 0, 0, 1, 0, 41, 5, 1, 3, 0, 0, 0, 0, 0, 0, 0, 0, 1, 2, 0, 0, 1, 3, 0, 1, 4, 0, 0, 0, 3, 4, 3, 1, 4, 5, 0, 0, 3, 0, 1, 0, 3, 0, 0, 2, 5, 0, 0, 0, 3, 5, 4, 2, 0, 0, 0, 0, 5, 2, 1, 0, 5, 0, 2, 2, 4, 2, 0, 0, 3, : 1, 1, 3, 5, 4, 5, 1, 41, 5, 1, 3, 1, 2, 1, 3, 1, 4, 3, 4, 3, 1, 4, 5, 3, 1, 3, 2, 5, 3, 5, 4, 2, 5, 2, 1, 5, 2, 2, 4, 2, 3, 
197: 0, 0, 0, 44, 0, 42, 4, 0, 2, 0, 0, 0, 4, 5, 1, 5, 0, 2, 1, 1, 5, 5, 0, 0, 1, 0, 3, 3, 1, 0, 2, 0, 0, 2, 0, 0, 5, 5, 3, 0, 2, 3, 0, 3, 0, 5, 0, 0, 2, 0, 1, 4, 3, 0, 3, 0, 0, 1, 3, 0, 0, 3, 2, 0, 1, 0, 0, 0, 4, 3, 0, 0, 0, 2, 4, 0, 0, 0, 5, 1, : 44, 42, 4, 2, 4, 5, 1, 5, 2, 1, 1, 5, 5, 1, 3, 3, 1, 2, 2, 5, 5, 3, 2, 3, 3, 5, 2, 1, 4, 3, 3, 1, 3, 3, 2, 1, 4, 3, 2, 4, 5, 1, 
3: 0, 40, 0, 0, 5, 3, 0, 0, 1, 0, 1, 0, 1, 0, 1, 3, 3, 0, 0, 1, 0, 0, 1, 0, 0, 2, 44, 4, 1, 0, 42, 0, 5, 3, 3, 0, 0, 0, 1, 0, 0, 0, 0, 1, 3, 1, 0, 0, 0, 0, 40, 5, 0, 0, 4, 0, 0, 0, 2, 0, 0, 3, 3, 0, 3, 4, 0, 41, 1, 0, 4, 4, 0, 3, 1, 3, 5, 0, 44, 0, : 40, 5, 3, 1, 1, 1, 1, 3, 3, 1, 1, 2, 44, 4, 1, 42, 5, 3, 3, 1, 1, 3, 1, 40, 5, 4, 2, 3, 3, 3, 4, 41, 1, 4, 4, 3, 1, 3, 5, 44, 
80: 3, 0, 42, 2, 0, 0, 1, 0, 0, 3, 0, 0, 0, 0, 5, 1, 2, 0, 0, 1, 0, 0, 0, 0, 1, 0, 5, 0, 5, 0, 0, 4, 3, 4, 0, 0, 0, 0, 0, 2, 0, 0, 0, 1, 0, 0, 4, 0, 0, 1, 2, 3, 0, 0, 1, 0, 0, 0, 5, 4, 2, 3, 0, 2, 0, 4, 0, 5, 0, 0, 0, 1, 2, 0, 4, 2, 4, 5, 5, 0, : 3, 42, 2, 1, 3, 5, 1, 2, 1, 1, 5, 5, 4, 3, 4, 2, 1, 4, 1, 2, 3, 1, 5, 4, 2, 3, 2, 4, 5, 1, 2, 4, 2, 4, 5, 5, 
155: 4, 40, 4, 0, 0, 0, 0, 1, 4, 4, 5, 0, 3, 4, 5, 2, 0, 0, 5, 0, 4, 0, 2, 5, 0, 44, 0, 3, 0, 4, 0, 1, 1, 5, 4, 0, 0, 42, 41, 5, 3, 2, 5, 0, 0, 0, 0, 0, 0, 0, 5, 43, 0, 0, 0, 0, 0, 0, 4, 0, 4, 5, 0, 0, 1, 5, 40, 0, 2, 4, 1, 5, 4, 0, 3, 0, 0, 0, 2, 5, : 4, 40, 4, 1, 4, 4, 5, 3, 4, 5, 2, 5, 4, 2, 5, 44, 3, 4, 1, 1, 5, 4, 42, 41, 5, 3, 2, 5, 5, 43, 4, 4, 5, 1, 5, 40, 2, 4, 1, 5, 4, 3, 2, 5, 
190: 0, 0, 0, 2, 0, 0, 0, 1, 1, 0, 2, 3, 2, 5, 1, 1, 1, 4, 0, 0, 0, 0, 0, 2, 0, 5, 4, 5, 2, 0, 1, 1, 4, 3, 0, 1, 5, 0, 3, 2, 1, 4, 0, 2, 0, 0, 3, 0, 0, 0, 3, 0, 0, 5, 3, 2, 0, 0, 1, 0, 4, 1, 0, 0, 2, 2, 0, 3, 1, 0, 1, 5, 40, 0, 4, 0, 0, 44, 0, 0, : 2, 1, 1, 2, 3, 2, 5, 1, 1, 1, 4, 2, 5, 4, 5, 2, 1, 1, 4, 3, 1, 5, 3, 2, 1, 4, 2, 3, 3, 5, 3, 2, 1, 4, 1, 2, 2, 3, 1, 1, 5, 40, 4, 44, 
33: 3, 0, 3, 1, 3, 0, 4, 0, 2, 2, 2, 0, 44, 2, 0, 4, 0, 0, 2, 1, 0, 0, 0, 0, 0, 1, 1, 3, 0, 3, 0, 3, 0, 0, 1, 2, 0, 0, 0, 0, 0, 3, 2, 3, 5, 2, 1, 4, 0, 3, 0, 1, 4, 2, 0, 0, 0, 0, 1, 0, 1, 0, 0, 3, 0, 5, 0, 4, 2, 0, 3, 2, 3, 0, 0, 2, 0, 0, 5, 1, : 3, 3, 1, 3, 4, 2, 2, 2, 44, 2, 4, 2, 1, 1, 1, 3, 3, 3, 1, 2, 3, 2, 3, 5, 2, 1, 4, 3, 1, 4, 2, 1, 1, 3, 5, 4, 2, 3, 2, 3, 2, 5, 1, 
115: 0, 1, 0, 0, 0, 0, 2, 2, 4, 2, 5, 2, 3, 4, 0, 3, 0, 0, 0, 0, 1, 0, 2, 40, 0, 0, 0, 2, 0, 0, 2, 4, 0, 2, 4, 0, 0, 0, 2, 5, 0, 5, 4, 0, 0, 2, 0, 0, 0, 5, 0, 0, 3, 0, 2, 0, 0, 0, 1, 0, 0, 0, 0, 0, 3, 1, 0, 5, 3, 0, 3, 1, 0, 0, 2, 0, 2, 0, 0, 5, : 1, 2, 2, 4, 2, 5, 2, 3, 4, 3, 1, 2, 40, 2, 2, 4, 2, 4, 2, 5, 5, 4, 2, 5, 3, 2, 1, 3, 1, 5, 3, 3, 1, 2, 2, 5, 
136: 2, 3, 0, 3, 0, 0, 2, 0, 1, 4, 1, 0, 0, 42, 2, 3, 1, 0, 0, 1, 0, 44, 0, 1, 42, 3, 0, 1, 5, 0, 0, 4, 2, 0, 1, 3, 3, 0, 0, 0, 4, 43, 0, 0, 0, 1, 0, 0, 5, 0, 0, 5, 3, 0, 0, 0, 3, 4, 2, 1, 0, 5, 0, 0, 42, 0, 2, 0, 2, 0, 1, 2, 0, 0, 0, 0, 3, 0, 0, 1, : 2, 3, 3, 2, 1, 4, 1, 42, 2, 3, 1, 1, 44, 1, 42, 3, 1, 5, 4, 2, 1, 3, 3, 4, 43, 1, 5, 5, 3, 3, 4, 2, 1, 5, 42, 2, 2, 1, 2, 3, 1, 
90: 0, 1, 0, 3, 4, 0, 5, 0, 3, 3, 41, 0, 1, 0, 4, 0, 2, 4, 0, 0, 3, 3, 1, 0, 1, 4, 4, 0, 1, 1, 1, 1, 0, 0, 1, 0, 0, 0, 0, 5, 0, 5, 4, 43, 1, 5, 0, 1, 0, 5, 1, 2, 0, 0, 40, 0, 0, 0, 2, 0, 0, 2, 0, 0, 0, 4, 3, 2, 2, 1, 4, 0, 41, 0, 2, 0, 0, 0, 2, 4, : 1, 3, 4, 5, 3, 3, 41, 1, 4, 2, 4, 3, 3, 1, 1, 4, 4, 1, 1, 1, 1, 1, 5, 5, 4, 43, 1, 5, 1, 5, 1, 2, 40, 2, 2, 4, 3, 2, 2, 1, 4, 41, 2, 2, 4, 
71: 40, 0, 2, 3, 0, 3, 4, 0, 0, 0, 0, 0, 0, 2, 0, 4, 3, 0, 4, 42, 42, 0, 0, 0, 0, 0, 0, 0, 0, 0, 2, 5, 3, 2, 4, 0, 0, 0, 0, 1, 0, 4, 0, 2, 0, 42, 0, 0, 0, 0, 0, 1, 1, 1, 0, 0, 3, 4, 0, 5, 0, 0, 40, 0, 0, 1, 0, 3, 1, 0, 44, 1, 0, 0, 2, 0, 3, 0, 0, 0, : 40, 2, 3, 3, 4, 2, 4, 3, 4, 42, 42, 2, 5, 3, 2, 4, 1, 4, 2, 42, 1, 1, 1, 3, 4, 5, 40, 1, 3, 1, 44, 1, 2, 3, 
106: 2, 0, 1, 5, 0, 0, 0, 1, 1, 1, 0, 0, 0, 3, 3, 2, 1, 5, 0, 4, 0, 0, 0, 0, 0, 0, 0, 0, 2, 3, 0, 5, 1, 0, 4, 3, 0, 0, 43, 0, 5, 0, 0, 0, 1, 0, 0, 0, 0, 3, 5, 3, 0, 0, 2, 0, 5, 0, 2, 5, 41, 2, 0, 0, 0, 1, 41, 0, 1, 42, 0, 0, 3, 4, 0, 0, 0, 4, 5, 4, : 2, 1, 5, 1, 1, 1, 3, 3, 2, 1, 5, 4, 2, 3, 5, 1, 4, 3, 43, 5, 1, 3, 5, 3, 2, 5, 2, 5, 41, 2, 1, 41, 1, 42, 3, 4, 4, 5, 4, 
19: 0, 1, 0, 0, 2, 3, 40, 3, 0, 5, 2, 0, 0, 0, 5, 0, 0, 0, 0, 0, 0, 0, 1, 0, 0, 0, 2, 3, 5, 0, 0, 4, 2, 2, 4, 0, 0, 0, 0, 0, 2, 5, 0, 1, 42, 4, 43, 5, 0, 0, 2, 5, 5, 0, 3, 0, 4, 0, 3, 0, 1, 0, 0, 40, 0, 5, 0, 2, 5, 3, 4, 5, 0, 4, 0, 0, 0, 4, 5, 5, : 1, 2, 3, 40, 3, 5, 2, 5, 1, 2, 3, 5, 4, 2, 2, 4, 2, 5, 1, 42, 4, 43, 5, 2, 5, 5, 3, 4, 3, 1, 40, 5, 2, 5, 3, 4, 5, 4, 4, 5, 5, 
2: 40, 0, 0, 4, 1, 0, 0, 0, 5, 2, 0, 0, 0, 0, 3, 1, 4, 0, 4, 0, 0, 0, 2, 1, 0, 0, 3, 0, 5, 0, 0, 3, 0, 0, 0, 0, 0, 3, 0, 2, 0, 0, 42, 3, 0, 0, 0, 0, 0, 40, 0, 0, 2, 0, 1, 1, 0, 0, 2, 0, 3, 1, 1, 5, 0, 0, 5, 2, 5, 0, 0, 4, 0, 0, 0, 4, 0, 2, 0, 1, : 40, 4, 1, 5, 2, 3, 1, 4, 4, 2, 1, 3, 5, 3, 3, 2, 42, 3, 40, 2, 1, 1, 2, 3, 1, 1, 5, 5, 2, 5, 4, 4, 2, 1, 
28: 0, 0, 0, 4, 0, 0, 0, 0, 43, 0, 0, 0, 0, 1, 1, 4, 0, 0, 0, 0, 0, 40, 0, 41, 0, 0, 3, 0, 2, 0, 1, 3, 0, 3, 5, 1, 0, 0, 3, 2, 0, 3, 44, 3, 43, 3, 0, 0, 0, 0, 1, 0, 43, 0, 2, 0, 44, 2, 1, 2, 0, 5, 0, 5, 0, 1, 0, 2, 1, 1, 0, 0, 0, 0, 2, 0, 4, 0, 1, 3, : 4, 43, 1, 1, 4, 40, 41, 3, 2, 1, 3, 3, 5, 1, 3, 2, 3, 44, 3, 43, 3, 1, 43, 2, 44, 2, 1, 2, 5, 5, 1, 2, 1, 1, 2, 4, 1, 3, 
129: 0, 4, 0, 3, 0, 1, 0, 3, 4, 4, 5, 2, 0, 3, 0, 5, 0, 0, 4, 2, 0, 0, 0, 1, 0, 0, 2, 5, 0, 0, 0, 0, 5, 0, 1, 0, 0, 0, 0, 0, 42, 0, 0, 0, 0, 4, 0, 0, 41, 5, 1, 1, 0, 1, 0, 0, 0, 0, 1, 0, 41, 0, 0, 0, 0, 3, 3, 4, 5, 0, 0, 3, 0, 0, 4, 1, 0, 5, 0, 0, : 4, 3, 1, 3, 4, 4, 5, 2, 3, 5, 4, 2, 1, 2, 5, 5, 1, 42, 4, 41, 5, 1, 1, 1, 1, 41, 3, 3, 4, 5, 3, 4, 1, 5, 
111: 0, 0, 0, 1, 4, 0, 5, 4, 3, 3, 1, 0, 0, 5, 5, 5, 1, 0, 0, 0, 1, 0, 1, 2, 4, 0, 3, 1, 0, 1, 2, 5, 0, 0, 0, 0, 0, 4, 1, 2, 0, 0, 3, 0, 0, 3, 3, 0, 2, 4, 3, 0, 0, 44, 4, 0, 5, 1, 0, 1, 2, 1, 0, 5, 3, 5, 0, 0, 2, 0, 1, 1, 5, 0, 2, 0, 0, 0, 0, 0, : 1, 4, 5, 4, 3, 3, 1, 5, 5, 5, 1, 1, 1, 2, 4, 3, 1, 1, 2, 5, 4, 1, 2, 3, 3, 3, 2, 4, 3, 44, 4, 5, 1, 1, 2, 1, 5, 3, 5, 2, 1, 1, 5, 2, 
34: 0, 0, 42, 0, 0, 0, 5, 0, 0, 1, 0, 0, 0, 1, 3, 5, 1, 0, 0, 0, 0, 0, 5, 0, 4, 0, 5, 3, 0, 2, 4, 0, 0, 42, 5, 0, 0, 5, 2, 0, 0, 5, 2, 0, 1, 2, 0, 0, 2, 0, 2, 0, 4, 0, 4, 0, 0, 1, 5, 0, 0, 0, 0, 1, 2, 2, 0, 2, 0, 0, 2, 2, 4, 41, 0, 0, 0, 3, 5, 44, : 42, 5, 1, 1, 3, 5, 1, 5, 4, 5, 3, 2, 4, 42, 5, 5, 2, 5, 2, 1, 2, 2, 2, 4, 4, 1, 5, 1, 2, 2, 2, 2, 2, 4, 41, 3, 5, 44, 
170: 0, 0, 0, 0, 0, 1, 0, 3, 0, 0, 2, 42, 0, 0, 2, 3, 3, 0, 44, 2, 0, 0, 1, 2, 2, 0, 4, 0, 5, 0, 0, 4, 0, 1, 0, 4, 0, 0, 0, 1, 0, 0, 0, 4, 0, 2, 0, 0, 3, 0, 5, 0, 3, 4, 5, 0, 3, 0, 4, 0, 2, 5, 0, 0, 44, 0, 0, 0, 0, 4, 3, 4, 0, 0, 5, 5, 0, 0, 2, 1, : 1, 3, 2, 42, 2, 3, 3, 44, 2, 1, 2, 2, 4, 5, 4, 1, 4, 1, 4, 2, 3, 5, 3, 4, 5, 3, 4, 2, 5, 44, 4, 3, 4, 5, 5, 2, 1, 
181: 0, 0, 2, 0, 0, 4, 3, 1, 2, 2, 0, 42, 0, 1, 3, 1, 0, 5, 0, 1, 0, 2, 1, 0, 3, 1, 0, 4, 1, 4, 1, 0, 4, 0, 0, 4, 0, 0, 0, 0, 42, 1, 0, 0, 0, 0, 1, 0, 0, 0, 2, 0, 4, 2, 4, 4, 0, 3, 0, 0, 0, 4, 0, 0, 0, 4, 5, 0, 5, 0, 3, 0, 0, 41, 4, 3, 0, 0, 0, 3, : 2, 4, 3, 1, 2, 2, 42, 1, 3, 1, 5, 1, 2, 1, 3, 1, 4, 1, 4, 1, 4, 4, 42, 1, 1, 2, 4, 2, 4, 4, 3, 4, 4, 5, 5, 3, 41, 4, 3, 3, 
46: 1, 0, 0, 2, 0, 0, 3, 0, 1, 3, 0, 0, 0, 4, 42, 3, 5, 0, 0, 0, 4, 0, 41, 0, 2, 0, 1, 44, 0, 42, 3, 0, 2, 0, 5, 0, 0, 0, 0, 2, 0, 0, 0, 1, 4, 3, 0, 40, 0, 5, 1, 4, 0, 2, 2, 5, 41, 0, 4, 40, 0, 2, 0, 0, 0, 0, 0, 3, 3, 0, 5, 1, 0, 1, 5, 40, 0, 3, 3, 0, : 1, 2, 3, 1, 3, 4, 42, 3, 5, 4, 41, 2, 1, 44, 42, 3, 2, 5, 2, 1, 4, 3, 40, 5, 1, 4, 2, 2, 5, 41, 4, 40, 2, 3, 3, 5, 1, 1, 5, 40, 3, 3, 
179: 2, 5, 4, 2, 1, 4, 0, 3, 2, 1, 1, 0, 42, 3, 1, 1, 1, 1, 0, 1, 40, 2, 4, 1, 0, 0, 1, 0, 3, 40, 4, 0, 5, 5, 3, 3, 0, 0, 2, 4, 0, 3, 0, 1, 0, 0, 1, 0, 1, 4, 0, 0, 3, 2, 3, 0, 1, 2, 42, 3, 4, 0, 0, 43, 0, 1, 4, 4, 0, 0, 5, 0, 0, 3, 1, 0, 0, 0, 3, 0, : 2, 5, 4, 2, 1, 4, 3, 2, 1, 1, 42, 3, 1, 1, 1, 1, 1, 40, 2, 4, 1, 1, 3, 40, 4, 5, 5, 3, 3, 2, 4, 3, 1, 1, 1, 4, 3, 2, 3, 1, 2, 42, 3, 4, 43, 1, 4, 4, 5, 3, 1, 3, 
154: 3, 0, 5, 5, 0, 0, 0, 3, 4, 43, 0, 0, 0, 1, 0, 3, 1, 0, 0, 0, 0, 4, 4, 0, 5, 0, 0, 0, 1, 4, 0, 1, 4, 4, 0, 0, 2, 2, 2, 2, 0, 0, 2, 5, 0, 2, 4, 2, 5, 4, 5, 3, 4, 1, 5, 3, 0, 0, 4, 0, 0, 3, 2, 0, 5, 3, 0, 0, 0, 0, 1, 3, 0, 5, 3, 2, 5, 0, 4, 5, : 3, 5, 5, 3, 4, 43, 1, 3, 1, 4, 4, 5, 1, 4, 1, 4, 4, 2, 2, 2, 2, 2, 5, 2, 4, 2, 5, 4, 5, 3, 4, 1, 5, 3, 4, 3, 2, 5, 3, 1, 3, 5, 3, 2, 5, 4, 5, 
140: 0, 3, 0, 5, 5, 0, 0, 0, 0, 4, 0, 0, 1, 0, 2, 4, 3, 5, 0, 1, 0, 3, 1, 0, 0, 0, 5, 2, 0, 2, 0, 2, 4, 4, 1, 0, 1, 0, 1, 0, 0, 2, 2, 3, 0, 3, 0, 0, 0, 4, 1, 1, 4, 0, 0, 5, 0, 5, 0, 0, 0, 5, 5, 1, 0, 0, 4, 0, 1, 0, 0, 0, 0, 0, 0, 1, 1, 0, 2, 3, : 3, 5, 5, 4, 1, 2, 4, 3, 5, 1, 3, 1, 5, 2, 2, 2, 4, 4, 1, 1, 1, 2, 2, 3, 3, 4, 1, 1, 4, 5, 5, 5, 5, 1, 4, 1, 1, 1, 2, 3, 
193: 3, 3, 0, 0, 40, 0, 4, 3, 0, 2, 0, 0, 0, 2, 0, 3, 5, 41, 0, 5, 1, 0, 0, 3, 0, 0, 0, 2, 0, 5, 0, 4, 1, 4, 3, 0, 0, 0, 0, 2, 0, 2, 0, 1, 0, 1, 3, 5, 2, 0, 1, 5, 3, 0, 1, 0, 0, 43, 0, 40, 0, 0, 0, 0, 0, 1, 0, 2, 2, 0, 5, 3, 0, 0, 0, 3, 0, 0, 0, 4, : 3, 3, 40, 4, 3, 2, 2, 3, 5, 41, 5, 1, 3, 2, 5, 4, 1, 4, 3, 2, 2, 1, 1, 3, 5, 2, 1, 5, 3, 1, 43, 40, 1, 2, 2, 5, 3, 3, 4, 
133: 0, 3, 1, 0, 2, 4, 2, 0, 2, 2, 0, 5, 0, 0, 5, 3, 1, 5, 1, 0, 1, 4, 0, 5, 4, 4, 2, 5, 0, 5, 1, 2, 0, 1, 3, 0, 4, 3, 0, 0, 2, 4, 0, 4, 0, 4, 0, 1, 0, 5, 3, 5, 0, 5, 1, 0, 2, 0, 4, 0, 0, 0, 5, 1, 0, 1, 0, 5, 2, 0, 2, 0, 0, 0, 4, 1, 0, 1, 4, 1, : 3, 1, 2, 4, 2, 2, 2, 5, 5, 3, 1, 5, 1, 1, 4, 5, 4, 4, 2, 5, 5, 1, 2, 1, 3, 4, 3, 2, 4, 4, 4, 1, 5, 3, 5, 5, 1, 2, 4, 5, 1, 1, 5, 2, 2, 4, 1, 1, 4, 1, 


161: 0, 0, 1, 0, 3, 3, 3, 0, 4, 0, 4, 4, 0, 0, 0, 0, 1, 0, 1, 0, 43, 2, 0, 3, 0, 0, 3, 0, 5, 41, 3, 0, 0, 2, 4, 5, 0, 0, 0, 5, 0, 0, 0, 0, 2, 0, 2, 1, 4, 0, 3, 2, 0, 5, 0, 1, 0, 1, 0, 3, 0, 3, 3, 2, 3, 0, 0, 0, 2, 2, 2, 0, 0, 0, 0, 0, 0, 0, 1, 2, : 1, 3, 3, 3, 4, 4, 4, 1, 1, 43, 2, 3, 3, 5, 41, 3, 2, 4, 5, 5, 2, 2, 1, 4, 3, 2, 5, 1, 1, 3, 3, 3, 2, 3, 2, 2, 2, 1, 2, 
158: 1, 2, 4, 0, 2, 2, 1, 3, 2, 0, 0, 0, 0, 0, 0, 0, 40, 0, 3, 0, 5, 43, 0, 1, 0, 0, 5, 0, 4, 0, 0, 5, 2, 0, 0, 3, 0, 2, 2, 0, 0, 0, 0, 0, 3, 0, 4, 2, 3, 3, 0, 3, 1, 5, 0, 4, 3, 5, 3, 43, 0, 44, 0, 3, 42, 0, 3, 0, 0, 4, 0, 3, 0, 1, 0, 0, 5, 5, 1, 0, : 1, 2, 4, 2, 2, 1, 3, 2, 40, 3, 5, 43, 1, 5, 4, 5, 2, 3, 2, 2, 3, 4, 2, 3, 3, 3, 1, 5, 4, 3, 5, 3, 43, 44, 3, 42, 3, 4, 3, 1, 5, 5, 1, 
69: 0, 0, 1, 4, 3, 0, 0, 5, 0, 2, 5, 2, 0, 0, 0, 0, 0, 0, 0, 0, 0, 3, 1, 5, 4, 1, 3, 0, 5, 1, 0, 0, 0, 4, 1, 3, 4, 5, 5, 41, 0, 4, 5, 5, 3, 1, 5, 4, 3, 0, 3, 0, 43, 4, 40, 0, 5, 3, 0, 0, 0, 2, 0, 5, 0, 4, 4, 0, 4, 41, 0, 0, 1, 1, 3, 1, 3, 3, 0, 0, : 1, 4, 3, 5, 2, 5, 2, 3, 1, 5, 4, 1, 3, 5, 1, 4, 1, 3, 4, 5, 5, 41, 4, 5, 5, 3, 1, 5, 4, 3, 3, 43, 4, 40, 5, 3, 2, 5, 4, 4, 4, 41, 1, 1, 3, 1, 3, 3, 
83: 1, 0, 0, 4, 5, 0, 0, 2, 5, 0, 0, 5, 5, 0, 1, 0, 3, 0, 2, 0, 0, 0, 0, 0, 1, 0, 0, 0, 2, 0, 2, 0, 2, 0, 44, 2, 0, 4, 0, 0, 0, 4, 0, 0, 4, 5, 3, 4, 4, 4, 0, 3, 0, 4, 0, 2, 1, 5, 2, 0, 0, 0, 2, 1, 0, 0, 2, 0, 0, 3, 2, 0, 0, 4, 0, 2, 2, 0, 1, 2, : 1, 4, 5, 2, 5, 5, 5, 1, 3, 2, 1, 2, 2, 2, 44, 2, 4, 4, 4, 5, 3, 4, 4, 4, 3, 4, 2, 1, 5, 2, 2, 1, 2, 3, 2, 4, 2, 2, 1, 2, 
32: 0, 0, 0, 1, 5, 0, 4, 4, 0, 3, 0, 0, 0, 0, 0, 0, 0, 2, 4, 3, 2, 3, 2, 0, 0, 0, 0, 3, 0, 0, 3, 0, 3, 1, 1, 3, 3, 2, 2, 0, 0, 4, 0, 43, 42, 2, 4, 4, 2, 0, 0, 1, 0, 2, 0, 43, 1, 5, 3, 43, 5, 4, 0, 4, 44, 0, 1, 0, 5, 0, 0, 4, 0, 1, 0, 2, 0, 1, 0, 4, : 1, 5, 4, 4, 3, 2, 4, 3, 2, 3, 2, 3, 3, 3, 1, 1, 3, 3, 2, 2, 4, 43, 42, 2, 4, 4, 2, 1, 2, 43, 1, 5, 3, 43, 5, 4, 4, 44, 1, 5, 4, 1, 2, 1, 4, 
15: 5, 2, 5, 3, 3, 4, 0, 4, 2, 5, 0, 5, 0, 3, 0, 4, 4, 1, 3, 0, 2, 0, 0, 0, 0, 0, 0, 0, 0, 0, 0, 3, 4, 0, 0, 41, 1, 0, 3, 0, 1, 1, 0, 0, 0, 0, 4, 3, 1, 0, 0, 2, 44, 2, 1, 0, 2, 2, 3, 0, 0, 4, 42, 0, 0, 5, 2, 4, 3, 2, 43, 0, 0, 3, 5, 0, 0, 0, 4, 0, : 5, 2, 5, 3, 3, 4, 4, 2, 5, 5, 3, 4, 4, 1, 3, 2, 3, 4, 41, 1, 3, 1, 1, 4, 3, 1, 2, 44, 2, 1, 2, 2, 3, 4, 42, 5, 2, 4, 3, 2, 43, 3, 5, 4, 
44: 1, 4, 0, 0, 0, 41, 5, 5, 0, 0, 0, 0, 2, 41, 3, 1, 4, 4, 1, 0, 2, 0, 1, 0, 0, 0, 5, 5, 0, 1, 42, 0, 3, 3, 0, 1, 1, 3, 0, 0, 5, 0, 0, 0, 5, 5, 2, 0, 2, 0, 0, 0, 0, 42, 2, 4, 3, 0, 0, 0, 5, 1, 0, 0, 0, 0, 0, 2, 3, 0, 1, 0, 0, 1, 0, 0, 0, 0, 1, 0, : 1, 4, 41, 5, 5, 2, 41, 3, 1, 4, 4, 1, 2, 1, 5, 5, 1, 42, 3, 3, 1, 1, 3, 5, 5, 5, 2, 2, 42, 2, 4, 3, 5, 1, 2, 3, 1, 1, 1, 
68: 2, 0, 1, 3, 0, 0, 1, 3, 0, 0, 0, 0, 0, 0, 4, 2, 1, 1, 0, 0, 0, 3, 0, 0, 0, 1, 0, 1, 2, 1, 1, 0, 0, 0, 0, 0, 0, 3, 1, 0, 0, 0, 0, 0, 2, 0, 4, 1, 1, 1, 0, 0, 4, 3, 43, 4, 3, 0, 40, 0, 3, 2, 0, 3, 0, 4, 2, 2, 3, 4, 0, 2, 4, 0, 2, 0, 1, 2, 1, 5, : 2, 1, 3, 1, 3, 4, 2, 1, 1, 3, 1, 1, 2, 1, 1, 3, 1, 2, 4, 1, 1, 1, 4, 3, 43, 4, 3, 40, 3, 2, 3, 4, 2, 2, 3, 4, 2, 4, 2, 1, 2, 1, 5, 
42: 1, 2, 0, 1, 2, 5, 0, 1, 2, 0, 0, 4, 1, 0, 0, 3, 0, 0, 4, 0, 5, 0, 0, 0, 1, 0, 0, 0, 0, 0, 4, 0, 2, 1, 0, 0, 5, 1, 5, 0, 0, 1, 0, 0, 1, 0, 2, 0, 2, 0, 0, 0, 0, 0, 0, 5, 5, 5, 0, 0, 4, 1, 0, 2, 0, 0, 0, 0, 5, 3, 1, 41, 0, 0, 0, 0, 3, 0, 4, 1, : 1, 2, 1, 2, 5, 1, 2, 4, 1, 3, 4, 5, 1, 4, 2, 1, 5, 1, 5, 1, 1, 2, 2, 5, 5, 5, 4, 1, 2, 5, 3, 1, 41, 3, 4, 1, 
199: 4, 0, 0, 0, 1, 0, 2, 1, 2, 0, 0, 0, 3, 0, 4, 0, 0, 1, 2, 0, 2, 0, 0, 1, 0, 4, 4, 44, 3, 0, 5, 2, 1, 0, 1, 4, 0, 2, 4, 0, 4, 2, 4, 3, 0, 0, 4, 1, 2, 5, 0, 0, 1, 0, 0, 5, 3, 0, 42, 0, 0, 2, 5, 3, 2, 3, 0, 0, 0, 0, 0, 0, 42, 4, 0, 3, 2, 3, 3, 2, : 4, 1, 2, 1, 2, 3, 4, 1, 2, 2, 1, 4, 4, 44, 3, 5, 2, 1, 1, 4, 2, 4, 4, 2, 4, 3, 4, 1, 2, 5, 1, 5, 3, 42, 2, 5, 3, 2, 3, 42, 4, 3, 2, 3, 3, 2, 
22: 1, 0, 0, 0, 5, 4, 0, 0, 1, 0, 0, 4, 0, 5, 1, 0, 0, 0, 3, 43, 0, 0, 0, 0, 0, 0, 0, 0, 0, 0, 5, 0, 3, 1, 3, 2, 2, 2, 3, 0, 43, 4, 0, 0, 0, 0, 3, 5, 2, 0, 0, 0, 5, 0, 1, 0, 0, 2, 0, 0, 0, 0, 0, 0, 0, 0, 0, 0, 5, 4, 0, 1, 1, 2, 0, 2, 3, 2, 3, 0, : 1, 5, 4, 1, 4, 5, 1, 3, 43, 5, 3, 1, 3, 2, 2, 2, 3, 43, 4, 3, 5, 2, 5, 1, 2, 5, 4, 1, 1, 2, 2, 3, 2, 3, 
138: 3, 2, 0, 0, 3, 0, 0, 1, 2, 43, 2, 1, 2, 0, 0, 1, 0, 4, 5, 1, 1, 1, 2, 0, 5, 0, 3, 1, 0, 0, 2, 41, 4, 4, 2, 0, 0, 3, 4, 0, 0, 0, 0, 1, 0, 5, 4, 3, 3, 0, 0, 0, 3, 1, 0, 5, 5, 0, 4, 0, 0, 0, 4, 2, 0, 4, 2, 0, 3, 1, 5, 3, 5, 0, 4, 3, 0, 5, 3, 0, : 3, 2, 3, 1, 2, 43, 2, 1, 2, 1, 4, 5, 1, 1, 1, 2, 5, 3, 1, 2, 41, 4, 4, 2, 3, 4, 1, 5, 4, 3, 3, 3, 1, 5, 5, 4, 4, 2, 4, 2, 3, 1, 5, 3, 5, 4, 3, 5, 3, 
144: 2, 0, 44, 1, 3, 0, 5, 0, 40, 0, 0, 3, 0, 1, 0, 3, 0, 0, 0, 0, 1, 0, 5, 0, 2, 0, 1, 0, 0, 5, 0, 0, 4, 4, 5, 1, 0, 0, 2, 5, 0, 5, 4, 0, 2, 1, 4, 2, 2, 4, 0, 1, 0, 1, 0, 5, 0, 1, 0, 3, 42, 2, 0, 0, 0, 41, 3, 2, 0, 0, 5, 0, 0, 0, 3, 0, 0, 3, 2, 0, : 2, 44, 1, 3, 5, 40, 3, 1, 3, 1, 5, 2, 1, 5, 4, 4, 5, 1, 2, 5, 5, 4, 2, 1, 4, 2, 2, 4, 1, 1, 5, 1, 3, 42, 2, 41, 3, 2, 5, 3, 3, 2, 
119: 0, 44, 0, 0, 0, 0, 3, 3, 0, 0, 4, 0, 0, 0, 0, 0, 0, 44, 0, 0, 1, 1, 0, 4, 0, 0, 0, 0, 0, 0, 0, 0, 0, 1, 3, 0, 0, 1, 3, 0, 3, 0, 0, 3, 0, 0, 4, 2, 5, 42, 4, 5, 0, 1, 1, 1, 0, 0, 0, 0, 0, 0, 0, 5, 0, 0, 0, 3, 0, 0, 0, 2, 3, 0, 0, 5, 44, 0, 4, 2, : 44, 3, 3, 4, 44, 1, 1, 4, 1, 3, 1, 3, 3, 3, 4, 2, 5, 42, 4, 5, 1, 1, 1, 5, 3, 2, 3, 5, 44, 4, 2, 
108: 2, 0, 0, 2, 1, 0, 4, 0, 0, 3, 4, 0, 0, 0, 0, 44, 5, 0, 1, 0, 0, 3, 0, 1, 0, 0, 41, 3, 0, 1, 0, 0, 4, 4, 1, 0, 0, 4, 1, 41, 0, 4, 0, 0, 4, 0, 2, 1, 1, 0, 0, 2, 1, 0, 0, 3, 5, 4, 1, 1, 0, 0, 0, 0, 4, 0, 3, 0, 2, 0, 0, 0, 0, 1, 0, 0, 4, 0, 1, 0, : 2, 2, 1, 4, 3, 4, 44, 5, 1, 3, 1, 41, 3, 1, 4, 4, 1, 4, 1, 41, 4, 4, 2, 1, 1, 2, 1, 3, 5, 4, 1, 1, 4, 3, 2, 1, 4, 1, 
121: 4, 0, 0, 0, 2, 2, 3, 0, 2, 0, 0, 0, 1, 2, 4, 2, 0, 0, 2, 0, 3, 4, 0, 0, 0, 4, 0, 0, 41, 0, 1, 0, 3, 3, 5, 5, 0, 3, 0, 1, 0, 0, 0, 0, 0, 0, 4, 2, 2, 4, 0, 2, 0, 0, 5, 0, 4, 5, 2, 0, 0, 0, 43, 0, 4, 42, 3, 5, 3, 0, 5, 0, 2, 4, 1, 0, 0, 0, 2, 4, : 4, 2, 2, 3, 2, 1, 2, 4, 2, 2, 3, 4, 4, 41, 1, 3, 3, 5, 5, 3, 1, 4, 2, 2, 4, 2, 5, 4, 5, 2, 43, 4, 42, 3, 5, 3, 5, 2, 4, 1, 2, 4, 
187: 4, 5, 1, 0, 2, 0, 2, 3, 3, 0, 0, 0, 0, 0, 0, 0, 0, 0, 0, 41, 4, 41, 1, 0, 2, 0, 4, 2, 3, 0, 4, 3, 0, 0, 2, 0, 5, 1, 1, 4, 0, 4, 42, 41, 1, 0, 3, 0, 1, 0, 0, 42, 0, 5, 0, 2, 4, 2, 1, 3, 0, 0, 0, 1, 0, 0, 4, 0, 0, 2, 43, 5, 0, 3, 0, 0, 0, 2, 1, 0, : 4, 5, 1, 2, 2, 3, 3, 41, 4, 41, 1, 2, 4, 2, 3, 4, 3, 2, 5, 1, 1, 4, 4, 42, 41, 1, 3, 1, 42, 5, 2, 4, 2, 1, 3, 1, 4, 2, 43, 5, 3, 2, 1, 
191: 0, 43, 0, 1, 3, 0, 5, 0, 1, 0, 42, 0, 0, 0, 1, 0, 1, 4, 2, 1, 2, 0, 0, 0, 0, 0, 0, 0, 3, 0, 0, 0, 5, 2, 0, 2, 0, 4, 0, 0, 0, 3, 0, 0, 0, 44, 5, 2, 1, 0, 42, 0, 0, 3, 2, 2, 0, 0, 0, 3, 5, 0, 0, 2, 0, 0, 5, 0, 2, 0, 1, 1, 0, 2, 0, 1, 1, 5, 3, 3, : 43, 1, 3, 5, 1, 42, 1, 1, 4, 2, 1, 2, 3, 5, 2, 2, 4, 3, 44, 5, 2, 1, 42, 3, 2, 2, 3, 5, 2, 5, 2, 1, 1, 2, 1, 1, 5, 3, 3, 
86: 1, 0, 0, 0, 1, 1, 0, 1, 4, 1, 1, 43, 0, 1, 41, 0, 0, 0, 5, 0, 1, 0, 4, 1, 2, 0, 5, 1, 0, 2, 4, 0, 5, 0, 2, 0, 0, 1, 3, 1, 0, 5, 0, 0, 0, 0, 0, 0, 1, 0, 0, 0, 1, 4, 2, 3, 0, 1, 0, 0, 4, 0, 0, 3, 0, 0, 3, 0, 0, 0, 2, 1, 0, 0, 0, 0, 5, 4, 5, 0, : 1, 1, 1, 1, 4, 1, 1, 43, 1, 41, 5, 1, 4, 1, 2, 5, 1, 2, 4, 5, 2, 1, 3, 1, 5, 1, 1, 4, 2, 3, 1, 4, 3, 3, 2, 1, 5, 4, 5, 
149: 1, 0, 0, 0, 2, 0, 2, 0, 5, 3, 0, 1, 0, 1, 3, 3, 0, 0, 1, 0, 3, 1, 1, 3, 1, 0, 0, 40, 4, 3, 0, 3, 4, 0, 5, 1, 0, 5, 5, 0, 3, 4, 0, 0, 4, 0, 5, 3, 1, 0, 2, 5, 2, 0, 0, 0, 0, 42, 0, 1, 40, 0, 0, 3, 4, 0, 3, 42, 3, 0, 1, 0, 0, 3, 0, 44, 1, 1, 41, 0, : 1, 2, 2, 5, 3, 1, 1, 3, 3, 1, 3, 1, 1, 3, 1, 40, 4, 3, 3, 4, 5, 1, 5, 5, 3, 4, 4, 5, 3, 1, 2, 5, 2, 42, 1, 40, 3, 4, 3, 42, 3, 1, 3, 44, 1, 1, 41, 
97: 3, 5, 0, 2, 3, 2, 42, 0, 1, 0, 0, 0, 0, 0, 0, 1, 5, 0, 2, 0, 2, 0, 2, 3, 1, 4, 0, 0, 0, 2, 5, 1, 0, 2, 5, 3, 1, 3, 0, 0, 0, 3, 0, 5, 4, 1, 2, 2, 0, 0, 44, 0, 0, 4, 0, 0, 0, 1, 0, 0, 0, 0, 2, 4, 0, 0, 0, 43, 5, 1, 0, 40, 0, 40, 0, 0, 3, 0, 4, 0, : 3, 5, 2, 3, 2, 42, 1, 1, 5, 2, 2, 2, 3, 1, 4, 2, 5, 1, 2, 5, 3, 1, 3, 3, 5, 4, 1, 2, 2, 44, 4, 1, 2, 4, 43, 5, 1, 40, 40, 3, 4, 
164: 0, 0, 0, 44, 4, 0, 1, 2, 0, 0, 3, 42, 0, 0, 0, 4, 0, 0, 4, 4, 1, 0, 0, 1, 1, 0, 0, 0, 0, 0, 1, 0, 5, 0, 1, 0, 0, 5, 0, 5, 0, 2, 0, 0, 0, 0, 1, 2, 1, 0, 0, 0, 0, 0, 1, 3, 2, 0, 0, 0, 0, 0, 0, 4, 0, 2, 4, 0, 4, 1, 1, 0, 0, 2, 0, 0, 2, 0, 0, 0, : 44, 4, 1, 2, 3, 42, 4, 4, 4, 1, 1, 1, 1, 5, 1, 5, 5, 2, 1, 2, 1, 1, 3, 2, 4, 2, 4, 4, 1, 1, 2, 2, 
151: 2, 0, 0, 3, 0, 0, 0, 4, 2, 0, 0, 0, 1, 0, 1, 0, 0, 5, 1, 0, 0, 5, 0, 4, 1, 0, 0, 0, 0, 1, 2, 0, 1, 2, 1, 0, 2, 1, 2, 4, 0, 0, 0, 5, 3, 0, 1, 4, 0, 0, 0, 0, 0, 0, 0, 0, 4, 2, 1, 1, 2, 0, 0, 4, 1, 0, 0, 0, 3, 0, 0, 0, 0, 5, 0, 0, 0, 0, 3, 40, : 2, 3, 4, 2, 1, 1, 5, 1, 5, 4, 1, 1, 2, 1, 2, 1, 2, 1, 2, 4, 5, 3, 1, 4, 4, 2, 1, 1, 2, 4, 1, 3, 5, 3, 40, 
35: 5, 0, 41, 0, 44, 4, 0, 2, 1, 2, 0, 0, 0, 0, 0, 4, 40, 0, 0, 2, 0, 0, 0, 0, 0, 4, 3, 0, 0, 3, 1, 0, 0, 2, 1, 0, 2, 2, 4, 0, 0, 2, 4, 0, 5, 3, 2, 0, 4, 0, 0, 42, 0, 1, 0, 2, 4, 0, 0, 4, 0, 2, 0, 0, 4, 0, 3, 0, 3, 1, 0, 0, 0, 4, 2, 1, 5, 3, 2, 4, : 5, 41, 44, 4, 2, 1, 2, 4, 40, 2, 4, 3, 3, 1, 2, 1, 2, 2, 4, 2, 4, 5, 3, 2, 4, 42, 1, 2, 4, 4, 2, 4, 3, 3, 1, 4, 2, 1, 5, 3, 2, 4, 
67: 2, 1, 0, 1, 1, 0, 4, 2, 0, 1, 0, 1, 0, 0, 0, 0, 0, 42, 0, 0, 1, 0, 1, 42, 0, 0, 4, 0, 0, 0, 1, 0, 4, 3, 3, 0, 0, 0, 2, 0, 1, 3, 1, 0, 1, 0, 1, 5, 4, 42, 0, 4, 1, 0, 2, 2, 0, 0, 1, 3, 0, 0, 0, 0, 3, 0, 5, 1, 0, 0, 0, 0, 0, 1, 2, 0, 1, 40, 0, 0, : 2, 1, 1, 1, 4, 2, 1, 1, 42, 1, 1, 42, 4, 1, 4, 3, 3, 2, 1, 3, 1, 1, 1, 5, 4, 42, 4, 1, 2, 2, 1, 3, 3, 5, 1, 1, 2, 1, 40, 
116: 5, 0, 0, 0, 4, 0, 4, 5, 0, 0, 4, 0, 0, 3, 1, 0, 0, 0, 2, 3, 0, 0, 3, 0, 5, 0, 2, 2, 0, 0, 0, 5, 1, 4, 5, 0, 0, 2, 0, 0, 0, 5, 5, 0, 2, 2, 4, 0, 5, 2, 0, 1, 0, 3, 5, 3, 3, 3, 0, 0, 5, 0, 0, 5, 0, 0, 4, 0, 0, 0, 0, 0, 4, 0, 0, 0, 4, 0, 1, 0, : 5, 4, 4, 5, 4, 3, 1, 2, 3, 3, 5, 2, 2, 5, 1, 4, 5, 2, 5, 5, 2, 2, 4, 5, 2, 1, 3, 5, 3, 3, 3, 5, 5, 4, 4, 4, 1, 
55: 1, 0, 5, 41, 5, 0, 0, 3, 5, 0, 0, 0, 4, 3, 1, 0, 5, 0, 4, 0, 4, 0, 3, 0, 0, 44, 0, 1, 0, 0, 5, 0, 2, 0, 4, 0, 0, 0, 0, 0, 0, 0, 0, 2, 3, 5, 1, 0, 3, 5, 0, 0, 0, 5, 0, 1, 0, 0, 0, 0, 0, 0, 5, 0, 5, 1, 4, 0, 0, 0, 1, 5, 0, 4, 40, 3, 0, 3, 4, 2, : 1, 5, 41, 5, 3, 5, 4, 3, 1, 5, 4, 4, 3, 44, 1, 5, 2, 4, 2, 3, 5, 1, 3, 5, 5, 1, 5, 5, 1, 4, 1, 5, 4, 40, 3, 3, 4, 2, 
167: 0, 0, 0, 0, 0, 0, 0, 3, 5, 0, 2, 0, 1, 0, 0, 0, 0, 0, 5, 2, 3, 1, 0, 1, 0, 0, 4, 4, 0, 3, 0, 40, 0, 2, 4, 0, 0, 0, 4, 2, 0, 0, 0, 0, 3, 0, 1, 43, 1, 0, 1, 0, 0, 4, 0, 2, 3, 4, 1, 0, 5, 0, 0, 2, 0, 1, 1, 1, 4, 1, 0, 4, 0, 2, 0, 0, 2, 5, 4, 1, : 3, 5, 2, 1, 5, 2, 3, 1, 1, 4, 4, 3, 40, 2, 4, 4, 2, 3, 1, 43, 1, 1, 4, 2, 3, 4, 1, 5, 2, 1, 1, 1, 4, 1, 4, 2, 2, 5, 4, 1, 
31: 2, 0, 5, 0, 0, 0, 5, 4, 3, 2, 1, 0, 0, 44, 43, 40, 0, 1, 2, 4, 5, 4, 4, 0, 0, 5, 3, 3, 0, 0, 4, 0, 1, 5, 0, 0, 0, 2, 3, 2, 42, 2, 0, 0, 0, 0, 3, 0, 0, 0, 4, 0, 2, 0, 0, 0, 1, 5, 0, 0, 0, 0, 2, 0, 2, 0, 5, 0, 0, 0, 1, 3, 1, 4, 43, 0, 1, 4, 2, 4, : 2, 5, 5, 4, 3, 2, 1, 44, 43, 40, 1, 2, 4, 5, 4, 4, 5, 3, 3, 4, 1, 5, 2, 3, 2, 42, 2, 3, 4, 2, 1, 5, 2, 2, 5, 1, 3, 1, 4, 43, 1, 4, 2, 4, 
174: 2, 0, 0, 0, 2, 0, 4, 5, 4, 4, 1, 0, 0, 0, 0, 0, 0, 0, 0, 5, 1, 0, 41, 41, 1, 41, 0, 0, 0, 0, 3, 5, 2, 5, 1, 0, 0, 4, 40, 0, 4, 2, 4, 0, 3, 0, 4, 1, 5, 0, 1, 0, 1, 0, 2, 0, 3, 0, 0, 4, 0, 2, 0, 0, 0, 0, 3, 0, 4, 2, 0, 0, 0, 3, 5, 0, 1, 0, 0, 0, : 2, 2, 4, 5, 4, 4, 1, 5, 1, 41, 41, 1, 41, 3, 5, 2, 5, 1, 4, 40, 4, 2, 4, 3, 4, 1, 5, 1, 1, 2, 3, 4, 2, 3, 4, 2, 3, 5, 1, 
189: 1, 0, 5, 0, 1, 5, 3, 41, 2, 2, 42, 0, 2, 2, 3, 2, 2, 0, 4, 0, 3, 0, 0, 2, 0, 0, 3, 4, 0, 0, 1, 0, 1, 4, 3, 0, 0, 3, 4, 3, 4, 42, 0, 5, 2, 0, 2, 5, 4, 1, 5, 1, 0, 0, 0, 2, 1, 4, 3, 0, 0, 1, 3, 2, 0, 2, 0, 0, 0, 0, 0, 0, 0, 4, 0, 0, 2, 4, 1, 0, : 1, 5, 1, 5, 3, 41, 2, 2, 42, 2, 2, 3, 2, 2, 4, 3, 2, 3, 4, 1, 1, 4, 3, 3, 4, 3, 4, 42, 5, 2, 2, 5, 4, 1, 5, 1, 2, 1, 4, 3, 1, 3, 2, 2, 4, 2, 4, 1, 
126: 0, 0, 0, 0, 0, 3, 0, 2, 0, 0, 0, 0, 0, 1, 3, 0, 0, 0, 2, 0, 5, 0, 44, 2, 0, 0, 0, 0, 0, 3, 2, 0, 0, 5, 0, 0, 0, 1, 0, 0, 0, 1, 0, 0, 3, 0, 2, 1, 1, 3, 3, 0, 2, 0, 3, 3, 1, 0, 0, 0, 0, 0, 0, 5, 0, 0, 3, 0, 0, 0, 0, 0, 5, 0, 0, 0, 1, 3, 0, 0, : 3, 2, 1, 3, 2, 5, 44, 2, 3, 2, 5, 1, 1, 3, 2, 1, 1, 3, 3, 2, 3, 3, 1, 5, 3, 5, 1, 3, 
184: 5, 3, 1, 1, 0, 0, 3, 5, 2, 0, 0, 3, 2, 1, 0, 0, 0, 0, 44, 3, 2, 0, 0, 0, 2, 0, 5, 0, 0, 0, 1, 0, 0, 0, 3, 0, 0, 2, 0, 0, 0, 2, 2, 3, 0, 0, 5, 4, 0, 0, 1, 0, 0, 0, 0, 1, 1, 1, 2, 0, 0, 5, 0, 0, 0, 4, 1, 5, 4, 0, 1, 1, 4, 1, 0, 2, 2, 5, 5, 1, : 5, 3, 1, 1, 3, 5, 2, 3, 2, 1, 44, 3, 2, 2, 5, 1, 3, 2, 2, 2, 3, 5, 4, 1, 1, 1, 1, 2, 5, 4, 1, 5, 4, 1, 1, 4, 1, 2, 2, 5, 5, 1, 
51: 5, 2, 2, 0, 1, 0, 5, 0, 3, 0, 0, 0, 5, 0, 0, 0, 0, 2, 0, 1, 0, 0, 0, 0, 0, 0, 3, 0, 0, 0, 5, 2, 2, 0, 0, 0, 4, 0, 1, 0, 0, 0, 2, 4, 5, 2, 2, 1, 42, 0, 4, 0, 5, 5, 5, 3, 2, 0, 1, 0, 0, 40, 1, 43, 0, 2, 0, 0, 0, 3, 0, 0, 0, 1, 0, 0, 4, 0, 0, 0, : 5, 2, 2, 1, 5, 3, 5, 2, 1, 3, 5, 2, 2, 4, 1, 2, 4, 5, 2, 2, 1, 42, 4, 5, 5, 5, 3, 2, 1, 40, 1, 43, 2, 3, 1, 4, 
64: 0, 0, 4, 1, 2, 2, 0, 0, 5, 0, 0, 2, 0, 3, 0, 0, 1, 3, 3, 0, 0, 2, 0, 0, 44, 4, 5, 0, 0, 40, 0, 3, 0, 44, 0, 3, 0, 0, 5, 0, 3, 1, 41, 0, 5, 1, 5, 5, 1, 0, 3, 0, 1, 2, 0, 3, 0, 5, 5, 3, 0, 0, 5, 2, 0, 0, 2, 4, 0, 0, 0, 0, 5, 4, 0, 0, 2, 4, 0, 0, : 4, 1, 2, 2, 5, 2, 3, 1, 3, 3, 2, 44, 4, 5, 40, 3, 44, 3, 5, 3, 1, 41, 5, 1, 5, 5, 1, 3, 1, 2, 3, 5, 5, 3, 5, 2, 2, 4, 5, 4, 2, 4, 
169: 0, 0, 0, 4, 1, 0, 2, 2, 4, 0, 0, 0, 41, 5, 0, 0, 4, 0, 0, 0, 5, 1, 0, 0, 0, 3, 4, 0, 0, 0, 5, 3, 44, 4, 5, 41, 43, 40, 2, 5, 0, 5, 0, 0, 3, 43, 4, 1, 0, 0, 0, 0, 3, 3, 0, 3, 2, 3, 4, 0, 0, 0, 3, 5, 0, 0, 2, 3, 3, 42, 0, 4, 0, 2, 3, 2, 5, 0, 4, 0, : 4, 1, 2, 2, 4, 41, 5, 4, 5, 1, 3, 4, 5, 3, 44, 4, 5, 41, 43, 40, 2, 5, 5, 3, 43, 4, 1, 3, 3, 3, 2, 3, 4, 3, 5, 2, 3, 3, 42, 4, 2, 3, 2, 5, 4, 
56: 5, 0, 0, 0, 2, 0, 0, 1, 1, 0, 0, 0, 1, 4, 1, 0, 0, 5, 3, 0, 2, 2, 0, 0, 0, 0, 4, 4, 5, 3, 1, 1, 3, 4, 0, 0, 0, 1, 5, 0, 0, 0, 4, 0, 0, 0, 5, 5, 1, 0, 0, 3, 0, 3, 0, 2, 4, 5, 1, 3, 0, 0, 0, 0, 0, 0, 1, 0, 2, 0, 3, 0, 0, 5, 0, 0, 0, 5, 5, 0, : 5, 2, 1, 1, 1, 4, 1, 5, 3, 2, 2, 4, 4, 5, 3, 1, 1, 3, 4, 1, 5, 4, 5, 5, 1, 3, 3, 2, 4, 5, 1, 3, 1, 2, 3, 5, 5, 5, 
165: 5, 3, 0, 0, 3, 0, 0, 2, 4, 5, 5, 0, 5, 0, 0, 5, 0, 0, 1, 4, 2, 0, 0, 5, 0, 0, 3, 0, 0, 5, 5, 3, 2, 4, 0, 0, 4, 4, 4, 0, 0, 1, 2, 0, 0, 0, 3, 0, 2, 0, 0, 0, 0, 5, 3, 0, 40, 0, 0, 2, 0, 0, 0, 0, 0, 0, 41, 3, 1, 3, 0, 0, 0, 3, 3, 42, 4, 0, 3, 0, : 5, 3, 3, 2, 4, 5, 5, 5, 5, 1, 4, 2, 5, 3, 5, 5, 3, 2, 4, 4, 4, 4, 1, 2, 3, 2, 5, 3, 40, 2, 41, 3, 1, 3, 3, 3, 42, 4, 3, 
60: 0, 0, 0, 0, 1, 41, 3, 1, 3, 0, 0, 0, 44, 0, 3, 1, 4, 0, 3, 3, 5, 0, 0, 0, 3, 0, 0, 2, 43, 5, 2, 0, 2, 0, 5, 0, 0, 4, 0, 1, 3, 4, 0, 0, 3, 0, 1, 1, 0, 4, 0, 1, 0, 3, 0, 1, 5, 1, 0, 0, 0, 5, 0, 5, 0, 0, 0, 0, 44, 0, 1, 0, 0, 4, 0, 2, 3, 3, 0, 1, : 1, 41, 3, 1, 3, 44, 3, 1, 4, 3, 3, 5, 3, 2, 43, 5, 2, 2, 5, 4, 1, 3, 4, 3, 1, 1, 4, 1, 3, 1, 5, 1, 5, 5, 44, 1, 4, 2, 3, 3, 1, 
168: 44, 2, 0, 3, 0, 1, 4, 0, 0, 44, 0, 0, 0, 0, 2, 0, 0, 1, 1, 0, 2, 0, 5, 0, 44, 5, 3, 0, 0, 0, 0, 0, 1, 0, 0, 0, 43, 0, 0, 0, 4, 0, 0, 0, 2, 0, 3, 0, 3, 0, 0, 0, 0, 0, 2, 0, 0, 3, 0, 0, 0, 0, 0, 0, 2, 5, 1, 0, 0, 0, 1, 0, 43, 1, 4, 5, 4, 5, 1, 42, : 44, 2, 3, 1, 4, 44, 2, 1, 1, 2, 5, 44, 5, 3, 1, 43, 4, 2, 3, 3, 2, 3, 2, 5, 1, 1, 43, 1, 4, 5, 4, 5, 1, 42, 


