
20
200
60
10

179: 0, 0, 2, 3, 1, 0, 5, 0, 4, 5, 5, 5, 4, 3, 3, 2, 1, 0, 4, 0, : 2, 3, 1, 5, 4, 5, 5, 5, 4, 3, 3, 2, 1, 4, 
78: 0, 0, 0, 1, 1, 0, 42, 0, 0, 3, 5, 3, 5, 7, 3, 2, 0, 0, 0, 0, : 1, 1, 42, 3, 5, 3, 5, 7, 3, 2, 
115: 1, 4, 0, 5, 5, 42, 0, 2, 4, 3, 4, 4, 3, 2, 5, 5, 0, 0, 0, 0, : 1, 4, 5, 5, 42, 2, 4, 3, 4, 4, 3, 2, 5, 5, 
87: 1, 0, 0, 5, 1, 0, 0, 0, 0, 5, 3, 4, 4, 4, 2, 0, 0, 0, 2, 0, : 1, 5, 1, 5, 3, 4, 4, 4, 2, 2, 
27: 0, 0, 1, 2, 2, 1, 0, 0, 2, 4, 3, 5, 3, 4, 7, 0, 0, 4, 0, 0, : 1, 2, 2, 1, 2, 4, 3, 5, 3, 4, 7, 4, 
9: 0, 0, 2, 2, 4, 1, 1, 0, 0, 5, 1, 2, 2, 3, 3, 0, 42, 0, 2, 1, : 2, 2, 4, 1, 1, 5, 1, 2, 2, 3, 3, 42, 2, 1, 
110: 0, 0, 0, 2, 5, 0, 2, 43, 0, 1, 3, 1, 1, 4, 4, 1, 0, 0, 0, 4, : 2, 5, 2, 43, 1, 3, 1, 1, 4, 4, 1, 4, 
155: 3, 0, 5, 2, 4, 1, 4, 1, 44, 4, 3, 4, 3, 6, 4, 0, 1, 43, 0, 40, : 3, 5, 2, 4, 1, 4, 1, 44, 4, 3, 4, 3, 6, 4, 1, 43, 40, 
190: 0, 4, 0, 2, 4, 0, 5, 1, 1, 1, 5, 4, 2, 3, 4, 0, 1, 0, 2, 0, : 4, 2, 4, 5, 1, 1, 1, 5, 4, 2, 3, 4, 1, 2, 
102: 0, 0, 0, 1, 4, 0, 0, 4, 0, 1, 5, 3, 3, 2, 2, 1, 0, 3, 0, 0, : 1, 4, 4, 1, 5, 3, 3, 2, 2, 1, 3, 
164: 3, 0, 0, 4, 4, 5, 0, 1, 0, 4, 5, 3, 4, 3, 4, 40, 5, 2, 0, 0, : 3, 4, 4, 5, 1, 4, 5, 3, 4, 3, 4, 40, 5, 2, 
92: 0, 1, 0, 2, 4, 0, 0, 2, 1, 1, 1, 2, 4, 2, 1, 4, 1, 5, 0, 1, : 1, 2, 4, 2, 1, 1, 1, 2, 4, 2, 1, 4, 1, 5, 1, 
55: 1, 0, 0, 5, 1, 4, 0, 0, 0, 4, 1, 1, 5, 2, 1, 4, 1, 0, 1, 0, : 1, 5, 1, 4, 4, 1, 1, 5, 2, 1, 4, 1, 1, 
146: 5, 0, 0, 4, 1, 1, 0, 3, 4, 4, 1, 4, 4, 2, 4, 0, 0, 0, 2, 5, : 5, 4, 1, 1, 3, 4, 4, 1, 4, 4, 2, 4, 2, 5, 
165: 0, 0, 2, 5, 7, 2, 0, 0, 0, 3, 1, 2, 1, 2, 5, 1, 0, 0, 0, 0, : 2, 5, 7, 2, 3, 1, 2, 1, 2, 5, 1, 
117: 4, 44, 1, 5, 3, 0, 0, 0, 0, 4, 4, 2, 3, 2, 4, 0, 0, 3, 4, 0, : 4, 44, 1, 5, 3, 4, 4, 2, 3, 2, 4, 3, 4, 
34: 0, 3, 0, 1, 1, 3, 0, 0, 0, 3, 1, 4, 3, 1, 1, 0, 3, 0, 2, 1, : 3, 1, 1, 3, 3, 1, 4, 3, 1, 1, 3, 2, 1, 
47: 0, 0, 3, 2, 1, 0, 0, 0, 0, 3, 1, 5, 2, 1, 1, 0, 0, 0, 0, 4, : 3, 2, 1, 3, 1, 5, 2, 1, 1, 4, 
48: 0, 1, 0, 3, 2, 0, 1, 0, 0, 1, 3, 1, 3, 3, 1, 0, 5, 0, 41, 4, : 1, 3, 2, 1, 1, 3, 1, 3, 3, 1, 5, 41, 4, 
159: 42, 3, 44, 4, 5, 0, 0, 3, 0, 1, 5, 1, 1, 4, 1, 0, 0, 0, 0, 0, : 42, 3, 44, 4, 5, 3, 1, 5, 1, 1, 4, 1, 


84: 0, 1, 0, 0, 1, 2, 0, 43, 0, 1, 3, 0, 4, 0, 4, 1, 2, 0, 0, 2, : 1, 1, 2, 43, 1, 3, 4, 4, 1, 2, 2, 
56: 1, 1, 0, 0, 0, 4, 0, 0, 0, 0, 3, 0, 3, 2, 0, 2, 1, 0, 1, 2, : 1, 1, 4, 3, 3, 2, 2, 1, 1, 2, 
71: 5, 2, 0, 0, 0, 4, 0, 5, 1, 0, 3, 0, 0, 4, 1, 3, 1, 5, 0, 2, : 5, 2, 4, 5, 1, 3, 4, 1, 3, 1, 5, 2, 
172: 2, 5, 5, 0, 0, 2, 0, 0, 5, 0, 2, 0, 0, 0, 0, 5, 2, 0, 0, 2, : 2, 5, 5, 2, 5, 2, 5, 2, 2, 
185: 0, 3, 0, 0, 0, 4, 5, 0, 0, 0, 3, 44, 0, 0, 1, 3, 4, 0, 4, 3, : 3, 4, 5, 3, 44, 1, 3, 4, 4, 3, 
21: 3, 3, 0, 5, 0, 1, 0, 0, 0, 0, 1, 0, 0, 0, 0, 4, 5, 0, 0, 1, : 3, 3, 5, 1, 1, 4, 5, 1, 
137: 4, 3, 0, 41, 0, 3, 0, 5, 3, 0, 4, 0, 4, 1, 3, 2, 4, 1, 0, 2, : 4, 3, 41, 3, 5, 3, 4, 4, 1, 3, 2, 4, 1, 2, 
63: 4, 4, 0, 2, 5, 5, 0, 0, 0, 0, 4, 0, 0, 2, 5, 3, 5, 0, 0, 2, : 4, 4, 2, 5, 5, 4, 2, 5, 3, 5, 2, 
10: 5, 3, 0, 0, 43, 3, 2, 0, 0, 1, 2, 0, 0, 3, 0, 4, 3, 0, 3, 4, : 5, 3, 43, 3, 2, 1, 2, 3, 4, 3, 3, 4, 
70: 5, 4, 43, 0, 0, 5, 0, 0, 0, 41, 5, 1, 0, 0, 0, 3, 1, 41, 40, 2, : 5, 4, 43, 5, 41, 5, 1, 3, 1, 41, 40, 2, 
74: 4, 5, 0, 0, 5, 2, 0, 0, 1, 0, 3, 0, 0, 0, 0, 5, 3, 5, 0, 6, : 4, 5, 5, 2, 1, 3, 5, 3, 5, 6, 
161: 2, 2, 0, 1, 0, 3, 0, 0, 3, 3, 4, 0, 40, 0, 0, 1, 1, 0, 4, 6, : 2, 2, 1, 3, 3, 3, 4, 40, 1, 1, 4, 6, 
15: 4, 4, 0, 0, 2, 0, 0, 1, 0, 3, 1, 2, 0, 0, 3, 4, 2, 0, 0, 2, : 4, 4, 2, 1, 3, 1, 2, 3, 4, 2, 2, 
16: 4, 3, 0, 0, 3, 3, 4, 1, 3, 3, 2, 0, 0, 40, 0, 1, 2, 1, 2, 1, : 4, 3, 3, 3, 4, 1, 3, 3, 2, 40, 1, 2, 1, 2, 1, 
14: 3, 4, 0, 1, 0, 3, 0, 1, 0, 3, 4, 0, 3, 3, 1, 1, 3, 2, 3, 3, : 3, 4, 1, 3, 1, 3, 4, 3, 3, 1, 1, 3, 2, 3, 3, 
167: 3, 3, 0, 0, 0, 5, 0, 0, 0, 0, 2, 2, 1, 0, 42, 2, 4, 1, 0, 5, : 3, 3, 5, 2, 2, 1, 42, 2, 4, 1, 5, 
1: 5, 2, 3, 2, 1, 3, 0, 0, 0, 3, 2, 0, 5, 4, 0, 5, 4, 1, 0, 1, : 5, 2, 3, 2, 1, 3, 3, 2, 5, 4, 5, 4, 1, 1, 
141: 3, 3, 2, 0, 0, 1, 3, 1, 2, 2, 2, 3, 0, 0, 0, 3, 5, 0, 2, 4, : 3, 3, 2, 1, 3, 1, 2, 2, 2, 3, 3, 5, 2, 4, 
18: 0, 3, 2, 3, 0, 2, 41, 2, 0, 0, 5, 5, 0, 1, 0, 4, 4, 0, 0, 5, : 3, 2, 3, 2, 41, 2, 5, 5, 1, 4, 4, 5, 
98: 3, 2, 5, 5, 0, 5, 5, 1, 42, 0, 5, 3, 0, 0, 0, 4, 4, 3, 1, 5, : 3, 2, 5, 5, 5, 5, 1, 42, 5, 3, 4, 4, 3, 1, 5, 


76: 0, 0, 1, 4, 0, 0, 0, 1, 3, 2, 1, 0, 0, 0, 1, 1, 1, 0, 0, 5, : 1, 4, 1, 3, 2, 1, 1, 1, 1, 5, 
174: 2, 41, 5, 0, 0, 5, 4, 0, 2, 3, 0, 0, 3, 3, 0, 2, 0, 0, 0, 0, : 2, 41, 5, 5, 4, 2, 3, 3, 3, 2, 
54: 4, 0, 3, 0, 0, 1, 0, 0, 2, 0, 1, 5, 5, 0, 0, 4, 0, 0, 0, 3, : 4, 3, 1, 2, 1, 5, 5, 4, 3, 
177: 0, 0, 5, 1, 0, 1, 0, 42, 4, 2, 5, 1, 5, 0, 0, 4, 2, 2, 0, 0, : 5, 1, 1, 42, 4, 2, 5, 1, 5, 4, 2, 2, 
2: 4, 0, 5, 0, 0, 41, 0, 0, 2, 4, 0, 0, 0, 41, 1, 1, 0, 0, 5, 1, : 4, 5, 41, 2, 4, 41, 1, 1, 5, 1, 
156: 2, 0, 2, 0, 0, 0, 2, 1, 4, 3, 41, 0, 0, 0, 0, 5, 2, 0, 0, 1, : 2, 2, 2, 1, 4, 3, 41, 5, 2, 1, 
25: 5, 1, 1, 4, 0, 4, 2, 0, 4, 2, 3, 1, 0, 3, 41, 3, 0, 0, 0, 1, : 5, 1, 1, 4, 4, 2, 4, 2, 3, 1, 3, 41, 3, 1, 
61: 4, 4, 2, 0, 0, 0, 0, 0, 1, 5, 0, 0, 0, 0, 0, 4, 0, 5, 0, 1, : 4, 4, 2, 1, 5, 4, 5, 1, 
152: 4, 3, 4, 0, 0, 0, 0, 0, 3, 2, 0, 0, 0, 2, 5, 5, 3, 2, 1, 0, : 4, 3, 4, 3, 2, 2, 5, 5, 3, 2, 1, 
69: 4, 0, 5, 0, 2, 0, 3, 0, 3, 4, 2, 1, 2, 5, 2, 4, 0, 1, 4, 0, : 4, 5, 2, 3, 3, 4, 2, 1, 2, 5, 2, 4, 1, 4, 
112: 3, 0, 2, 0, 0, 0, 40, 0, 4, 2, 1, 43, 42, 0, 0, 1, 0, 2, 2, 0, : 3, 2, 40, 4, 2, 1, 43, 42, 1, 2, 2, 
182: 3, 0, 2, 3, 4, 0, 0, 0, 1, 5, 0, 0, 0, 3, 3, 4, 0, 40, 0, 0, : 3, 2, 3, 4, 1, 5, 3, 3, 4, 40, 
184: 5, 1, 2, 0, 3, 0, 4, 5, 5, 1, 0, 4, 0, 0, 1, 4, 0, 0, 3, 0, : 5, 1, 2, 3, 4, 5, 5, 1, 4, 1, 4, 3, 
151: 3, 1, 1, 3, 0, 0, 0, 2, 2, 4, 0, 0, 0, 0, 0, 2, 43, 0, 1, 0, : 3, 1, 1, 3, 2, 2, 4, 2, 43, 1, 
93: 4, 0, 2, 0, 0, 3, 2, 0, 1, 5, 1, 0, 0, 2, 0, 2, 0, 0, 4, 5, : 4, 2, 3, 2, 1, 5, 1, 2, 2, 4, 5, 
125: 2, 2, 4, 3, 0, 4, 0, 0, 5, 3, 0, 0, 3, 0, 3, 1, 0, 3, 0, 0, : 2, 2, 4, 3, 4, 5, 3, 3, 3, 1, 3, 
11: 4, 3, 5, 2, 43, 0, 3, 0, 4, 2, 0, 0, 0, 0, 1, 2, 0, 3, 40, 0, : 4, 3, 5, 2, 43, 3, 4, 2, 1, 2, 3, 40, 
108: 2, 0, 2, 0, 0, 1, 0, 4, 5, 5, 0, 0, 0, 0, 1, 4, 0, 0, 0, 0, : 2, 2, 1, 4, 5, 5, 1, 4, 
91: 2, 0, 2, 40, 3, 0, 0, 5, 5, 5, 0, 4, 0, 0, 0, 2, 5, 2, 0, 43, : 2, 2, 40, 3, 5, 5, 5, 4, 2, 5, 2, 43, 
64: 3, 4, 5, 0, 5, 0, 0, 0, 0, 1, 5, 1, 0, 1, 1, 5, 4, 0, 0, 0, : 3, 4, 5, 5, 1, 5, 1, 1, 1, 5, 4, 


189: 5, 0, 0, 0, 2, 5, 41, 4, 5, 5, 0, 1, 1, 2, 1, 4, 0, 0, 3, 0, : 5, 2, 5, 41, 4, 5, 5, 1, 1, 2, 1, 4, 3, 
12: 0, 0, 5, 1, 0, 5, 0, 3, 1, 0, 2, 2, 2, 5, 1, 4, 0, 0, 0, 0, : 5, 1, 5, 3, 1, 2, 2, 2, 5, 1, 4, 
32: 2, 0, 40, 2, 5, 0, 0, 0, 1, 0, 0, 2, 0, 6, 2, 2, 1, 4, 0, 42, : 2, 40, 2, 5, 1, 2, 6, 2, 2, 1, 4, 42, 
143: 3, 0, 0, 0, 0, 0, 0, 40, 1, 43, 0, 5, 40, 3, 5, 3, 1, 3, 0, 2, : 3, 40, 1, 43, 5, 40, 3, 5, 3, 1, 3, 2, 
8: 0, 5, 0, 1, 3, 0, 4, 0, 7, 0, 3, 2, 0, 1, 1, 1, 40, 0, 0, 2, : 5, 1, 3, 4, 7, 3, 2, 1, 1, 1, 40, 2, 
73: 0, 1, 5, 1, 0, 0, 2, 5, 4, 0, 0, 4, 0, 1, 4, 3, 4, 1, 0, 5, : 1, 5, 1, 2, 5, 4, 4, 1, 4, 3, 4, 1, 5, 
80: 3, 0, 0, 1, 0, 0, 0, 0, 4, 0, 0, 2, 0, 4, 2, 2, 4, 0, 0, 0, : 3, 1, 4, 2, 4, 2, 2, 4, 
131: 3, 0, 5, 1, 0, 0, 4, 0, 4, 3, 0, 4, 0, 5, 3, 4, 5, 0, 3, 0, : 3, 5, 1, 4, 4, 3, 4, 5, 3, 4, 5, 3, 
186: 0, 1, 0, 0, 0, 0, 0, 0, 4, 0, 3, 1, 0, 2, 5, 5, 2, 0, 0, 0, : 1, 4, 3, 1, 2, 5, 5, 2, 
109: 0, 0, 0, 0, 2, 0, 4, 0, 1, 0, 0, 4, 4, 2, 5, 5, 1, 0, 0, 0, : 2, 4, 1, 4, 4, 2, 5, 5, 1, 
7: 0, 5, 0, 5, 2, 0, 0, 4, 2, 0, 5, 3, 0, 1, 2, 4, 0, 3, 3, 1, : 5, 5, 2, 4, 2, 5, 3, 1, 2, 4, 3, 3, 1, 
196: 0, 0, 0, 3, 3, 40, 0, 2, 1, 0, 41, 4, 0, 5, 3, 6, 0, 2, 0, 5, : 3, 3, 40, 2, 1, 41, 4, 5, 3, 6, 2, 5, 
50: 0, 4, 0, 0, 0, 4, 0, 0, 4, 3, 0, 3, 0, 4, 3, 1, 0, 44, 42, 0, : 4, 4, 4, 3, 3, 4, 3, 1, 44, 42, 
130: 0, 0, 1, 0, 0, 0, 0, 2, 3, 0, 0, 3, 0, 1, 5, 1, 0, 0, 0, 0, : 1, 2, 3, 3, 1, 5, 1, 
103: 0, 0, 0, 0, 0, 4, 0, 0, 2, 0, 5, 2, 0, 2, 3, 2, 0, 2, 0, 0, : 4, 2, 5, 2, 2, 3, 2, 2, 
191: 0, 0, 0, 0, 0, 0, 0, 0, 1, 0, 0, 3, 2, 2, 2, 1, 0, 0, 0, 0, : 1, 3, 2, 2, 2, 1, 
19: 1, 2, 0, 3, 3, 0, 4, 0, 4, 3, 0, 3, 5, 4, 1, 1, 2, 0, 5, 0, : 1, 2, 3, 3, 4, 4, 3, 3, 5, 4, 1, 1, 2, 5, 
197: 1, 42, 1, 0, 40, 2, 0, 0, 3, 3, 1, 5, 1, 4, 4, 1, 0, 0, 3, 0, : 1, 42, 1, 40, 2, 3, 3, 1, 5, 1, 4, 4, 1, 3, 
133: 42, 0, 3, 42, 0, 0, 1, 0, 3, 0, 0, 4, 5, 1, 4, 5, 0, 0, 0, 0, : 42, 3, 42, 1, 3, 4, 5, 1, 4, 5, 
188: 0, 0, 0, 0, 0, 0, 0, 0, 5, 0, 0, 3, 0, 5, 4, 5, 0, 1, 1, 3, : 5, 3, 5, 4, 5, 1, 1, 3, 


97: 0, 1, 1, 0, 0, 42, 0, 0, 5, 5, 44, 3, 4, 4, 0, 0, 0, 0, 1, 0, : 1, 1, 42, 5, 5, 44, 3, 4, 4, 1, 
96: 0, 5, 2, 5, 0, 0, 2, 0, 0, 0, 0, 0, 1, 2, 0, 5, 3, 0, 0, 0, : 5, 2, 5, 2, 1, 2, 5, 3, 
200: 4, 3, 4, 0, 0, 0, 5, 3, 3, 0, 0, 1, 0, 4, 3, 0, 0, 3, 41, 1, : 4, 3, 4, 5, 3, 3, 1, 4, 3, 3, 41, 1, 
154: 0, 0, 2, 0, 0, 0, 2, 2, 3, 3, 2, 0, 2, 5, 2, 0, 2, 0, 1, 0, : 2, 2, 2, 3, 3, 2, 2, 5, 2, 2, 1, 
160: 5, 0, 1, 1, 0, 1, 3, 2, 5, 0, 0, 0, 1, 4, 44, 0, 0, 0, 2, 0, : 5, 1, 1, 1, 3, 2, 5, 1, 4, 44, 2, 
60: 2, 0, 4, 2, 3, 0, 1, 41, 5, 0, 0, 0, 0, 2, 0, 0, 0, 0, 0, 0, : 2, 4, 2, 3, 1, 41, 5, 2, 
123: 2, 0, 3, 0, 0, 0, 4, 0, 2, 3, 2, 0, 0, 5, 0, 4, 1, 0, 3, 0, : 2, 3, 4, 2, 3, 2, 5, 4, 1, 3, 
198: 40, 0, 1, 41, 1, 5, 0, 0, 5, 0, 0, 4, 5, 3, 0, 0, 5, 0, 0, 2, : 40, 1, 41, 1, 5, 5, 4, 5, 3, 5, 2, 
150: 3, 0, 2, 4, 5, 0, 1, 2, 4, 0, 0, 1, 0, 2, 2, 0, 0, 3, 3, 0, : 3, 2, 4, 5, 1, 2, 4, 1, 2, 2, 3, 3, 
116: 0, 0, 3, 3, 0, 0, 5, 0, 3, 5, 0, 2, 5, 3, 0, 0, 5, 3, 0, 41, : 3, 3, 5, 3, 5, 2, 5, 3, 5, 3, 41, 
75: 2, 1, 3, 0, 0, 0, 5, 0, 1, 0, 0, 0, 0, 1, 5, 0, 0, 1, 0, 4, : 2, 1, 3, 5, 1, 1, 5, 1, 4, 
94: 0, 3, 5, 0, 0, 0, 5, 0, 4, 0, 0, 0, 0, 5, 0, 0, 0, 0, 3, 0, : 3, 5, 5, 4, 5, 3, 
81: 0, 0, 5, 0, 0, 1, 5, 0, 0, 44, 5, 42, 40, 2, 0, 0, 41, 1, 1, 1, : 5, 1, 5, 44, 5, 42, 40, 2, 41, 1, 1, 1, 
120: 0, 0, 5, 3, 0, 5, 2, 5, 4, 0, 1, 4, 0, 5, 0, 5, 0, 0, 0, 2, : 5, 3, 5, 2, 5, 4, 1, 4, 5, 5, 2, 
119: 0, 0, 3, 1, 41, 0, 3, 0, 0, 0, 5, 0, 1, 2, 0, 0, 0, 40, 4, 0, : 3, 1, 41, 3, 5, 1, 2, 40, 4, 
67: 0, 2, 3, 0, 0, 0, 4, 1, 4, 0, 1, 0, 1, 1, 0, 2, 0, 0, 0, 1, : 2, 3, 4, 1, 4, 1, 1, 1, 2, 1, 
101: 1, 0, 3, 0, 5, 1, 4, 1, 5, 0, 0, 0, 0, 5, 4, 0, 0, 4, 0, 0, : 1, 3, 5, 1, 4, 1, 5, 5, 4, 4, 
86: 0, 1, 5, 0, 5, 0, 1, 0, 1, 0, 0, 0, 0, 1, 0, 44, 1, 5, 0, 1, : 1, 5, 5, 1, 1, 1, 44, 1, 5, 1, 
4: 1, 44, 4, 0, 0, 5, 4, 0, 3, 0, 0, 3, 0, 2, 0, 0, 0, 0, 0, 3, : 1, 44, 4, 5, 4, 3, 3, 2, 3, 
22: 0, 0, 1, 0, 0, 0, 4, 3, 3, 0, 0, 0, 0, 2, 0, 0, 2, 0, 1, 4, : 1, 4, 3, 3, 2, 2, 1, 4, 


195: 0, 0, 4, 0, 0, 0, 0, 3, 0, 4, 5, 3, 0, 2, 2, 3, 3, 1, 1, 0, : 4, 3, 4, 5, 3, 2, 2, 3, 3, 1, 1, 
28: 0, 5, 4, 2, 0, 0, 1, 0, 3, 0, 2, 2, 1, 0, 4, 5, 0, 3, 1, 5, : 5, 4, 2, 1, 3, 2, 2, 1, 4, 5, 3, 1, 5, 
139: 3, 1, 1, 0, 2, 0, 1, 2, 0, 3, 3, 3, 5, 0, 4, 1, 3, 4, 1, 0, : 3, 1, 1, 2, 1, 2, 3, 3, 3, 5, 4, 1, 3, 4, 1, 
33: 0, 1, 5, 0, 0, 0, 44, 2, 0, 1, 5, 2, 0, 0, 3, 4, 0, 5, 1, 1, : 1, 5, 44, 2, 1, 5, 2, 3, 4, 5, 1, 1, 
194: 3, 0, 1, 0, 0, 0, 0, 0, 0, 0, 4, 5, 1, 5, 2, 1, 0, 0, 7, 5, : 3, 1, 4, 5, 1, 5, 2, 1, 7, 5, 
62: 43, 0, 2, 0, 0, 0, 3, 0, 5, 42, 2, 2, 0, 0, 2, 1, 0, 3, 7, 5, : 43, 2, 3, 5, 42, 2, 2, 2, 1, 3, 7, 5, 
158: 0, 0, 1, 0, 0, 0, 0, 3, 0, 0, 1, 4, 0, 40, 1, 3, 0, 5, 3, 2, : 1, 3, 1, 4, 40, 1, 3, 5, 3, 2, 
166: 0, 0, 5, 5, 0, 5, 0, 1, 0, 0, 2, 5, 1, 0, 1, 4, 0, 4, 1, 0, : 5, 5, 5, 1, 2, 5, 1, 1, 4, 4, 1, 
157: 2, 0, 2, 0, 0, 1, 0, 0, 0, 0, 5, 2, 1, 0, 2, 1, 3, 5, 2, 4, : 2, 2, 1, 5, 2, 1, 2, 1, 3, 5, 2, 4, 
180: 1, 5, 5, 0, 2, 0, 0, 0, 0, 0, 3, 2, 1, 0, 4, 4, 40, 5, 4, 4, : 1, 5, 5, 2, 3, 2, 1, 4, 4, 40, 5, 4, 4, 
105: 0, 4, 4, 0, 44, 0, 0, 0, 0, 0, 5, 2, 0, 0, 5, 3, 4, 4, 3, 5, : 4, 4, 44, 5, 2, 5, 3, 4, 4, 3, 5, 
173: 0, 0, 1, 0, 4, 0, 2, 2, 0, 0, 4, 4, 0, 0, 5, 4, 4, 0, 5, 0, : 1, 4, 2, 2, 4, 4, 5, 4, 4, 5, 
59: 0, 0, 6, 0, 1, 44, 4, 1, 44, 0, 4, 3, 0, 0, 3, 5, 3, 4, 3, 5, : 6, 1, 44, 4, 1, 44, 4, 3, 3, 5, 3, 4, 3, 5, 
153: 0, 0, 3, 0, 3, 0, 0, 0, 0, 0, 2, 5, 1, 0, 3, 3, 0, 3, 2, 4, : 3, 3, 2, 5, 1, 3, 3, 3, 2, 4, 
89: 1, 43, 2, 5, 3, 0, 5, 3, 0, 1, 1, 4, 42, 1, 4, 4, 0, 2, 1, 5, : 1, 43, 2, 5, 3, 5, 3, 1, 1, 4, 42, 1, 4, 4, 2, 1, 5, 
100: 0, 0, 1, 44, 0, 0, 0, 0, 3, 0, 1, 5, 0, 4, 3, 6, 0, 4, 5, 1, : 1, 44, 3, 1, 5, 4, 3, 6, 4, 5, 1, 
23: 2, 0, 6, 0, 0, 4, 0, 0, 0, 0, 3, 1, 3, 4, 5, 1, 0, 2, 5, 3, : 2, 6, 4, 3, 1, 3, 4, 5, 1, 2, 5, 3, 
162: 3, 0, 2, 0, 0, 1, 0, 41, 1, 0, 3, 3, 1, 0, 1, 1, 0, 1, 1, 5, : 3, 2, 1, 41, 1, 3, 3, 1, 1, 1, 1, 1, 5, 
13: 2, 0, 3, 4, 0, 5, 0, 0, 4, 4, 4, 2, 2, 4, 4, 2, 0, 4, 3, 1, : 2, 3, 4, 5, 4, 4, 4, 2, 2, 4, 4, 2, 4, 3, 1, 
82: 0, 1, 2, 0, 1, 0, 0, 2, 0, 5, 1, 1, 1, 0, 2, 4, 0, 1, 4, 5, : 1, 2, 1, 2, 5, 1, 1, 1, 2, 4, 1, 4, 5, 


72: 0, 0, 0, 1, 3, 5, 2, 5, 0, 40, 0, 0, 0, 0, 0, 5, 4, 1, 0, 0, : 1, 3, 5, 2, 5, 40, 5, 4, 1, 
38: 2, 0, 0, 0, 0, 0, 3, 1, 5, 0, 0, 4, 0, 0, 5, 2, 4, 2, 0, 0, : 2, 3, 1, 5, 4, 5, 2, 4, 2, 
147: 0, 0, 3, 0, 0, 0, 0, 3, 0, 0, 0, 0, 0, 0, 0, 1, 2, 1, 4, 4, : 3, 3, 1, 2, 1, 4, 4, 
121: 0, 2, 41, 0, 0, 0, 1, 2, 0, 0, 0, 1, 2, 1, 0, 0, 2, 2, 0, 0, : 2, 41, 1, 2, 1, 2, 1, 2, 2, 
149: 0, 1, 0, 4, 0, 0, 0, 4, 1, 1, 4, 0, 1, 0, 0, 0, 3, 1, 3, 0, : 1, 4, 4, 1, 1, 4, 1, 3, 1, 3, 
57: 0, 5, 0, 0, 2, 0, 5, 5, 0, 5, 0, 0, 3, 0, 0, 0, 4, 4, 0, 0, : 5, 2, 5, 5, 5, 3, 4, 4, 
175: 4, 0, 0, 0, 0, 0, 0, 1, 0, 5, 0, 0, 0, 44, 0, 0, 1, 5, 0, 5, : 4, 1, 5, 44, 1, 5, 5, 
43: 0, 1, 4, 4, 1, 4, 0, 1, 0, 4, 2, 0, 5, 4, 0, 1, 2, 4, 0, 0, : 1, 4, 4, 1, 4, 1, 4, 2, 5, 4, 1, 2, 4, 
31: 0, 4, 4, 2, 0, 0, 0, 1, 0, 0, 1, 0, 0, 0, 0, 0, 5, 3, 40, 5, : 4, 4, 2, 1, 1, 5, 3, 40, 5, 
135: 0, 0, 0, 2, 44, 0, 0, 3, 4, 0, 0, 44, 0, 0, 0, 0, 2, 2, 0, 0, : 2, 44, 3, 4, 44, 2, 2, 
95: 44, 0, 0, 0, 0, 3, 2, 4, 0, 0, 0, 3, 0, 0, 44, 0, 1, 3, 2, 0, : 44, 3, 2, 4, 3, 44, 1, 3, 2, 
85: 0, 0, 0, 0, 0, 4, 41, 5, 1, 0, 0, 0, 0, 1, 0, 0, 4, 4, 5, 2, : 4, 41, 5, 1, 1, 4, 4, 5, 2, 
126: 3, 0, 0, 0, 0, 0, 2, 5, 2, 0, 4, 4, 0, 0, 0, 0, 2, 5, 0, 0, : 3, 2, 5, 2, 4, 4, 2, 5, 
187: 0, 1, 0, 0, 0, 0, 0, 3, 42, 0, 3, 0, 5, 0, 0, 0, 5, 4, 0, 0, : 1, 3, 42, 3, 5, 5, 4, 
122: 4, 1, 2, 43, 0, 40, 0, 3, 0, 0, 3, 2, 0, 0, 5, 0, 4, 5, 0, 43, : 4, 1, 2, 43, 40, 3, 3, 2, 5, 4, 5, 43, 
49: 0, 0, 1, 1, 1, 0, 0, 3, 4, 4, 0, 0, 41, 0, 0, 0, 2, 4, 0, 0, : 1, 1, 1, 3, 4, 4, 41, 2, 4, 
26: 0, 1, 0, 3, 0, 4, 0, 4, 0, 1, 0, 2, 3, 5, 0, 42, 1, 1, 2, 0, : 1, 3, 4, 4, 1, 2, 3, 5, 42, 1, 1, 2, 
183: 2, 0, 1, 0, 5, 0, 0, 3, 1, 0, 42, 0, 0, 0, 0, 0, 4, 3, 1, 1, : 2, 1, 5, 3, 1, 42, 4, 3, 1, 1, 
178: 1, 0, 4, 0, 0, 0, 4, 3, 0, 0, 1, 0, 0, 0, 4, 5, 4, 4, 1, 0, : 1, 4, 4, 3, 1, 4, 5, 4, 4, 1, 
129: 0, 44, 0, 0, 4, 0, 0, 1, 0, 0, 0, 0, 0, 5, 2, 4, 4, 2, 2, 0, : 44, 4, 1, 5, 2, 4, 4, 2, 2, 


79: 2, 0, 0, 2, 1, 0, 0, 41, 0, 1, 6, 5, 5, 0, 0, 0, 0, 0, 6, 3, : 2, 2, 1, 41, 1, 6, 5, 5, 6, 3, 
176: 5, 0, 0, 0, 7, 1, 0, 0, 5, 0, 1, 1, 3, 2, 0, 3, 0, 0, 3, 0, : 5, 7, 1, 5, 1, 1, 3, 2, 3, 3, 
163: 1, 41, 1, 0, 1, 3, 0, 0, 0, 4, 3, 4, 4, 2, 2, 1, 3, 0, 5, 2, : 1, 41, 1, 1, 3, 4, 3, 4, 4, 2, 2, 1, 3, 5, 2, 
35: 3, 0, 0, 4, 4, 0, 0, 3, 0, 3, 3, 4, 4, 0, 0, 0, 2, 0, 3, 2, : 3, 4, 4, 3, 3, 3, 4, 4, 2, 3, 2, 
107: 3, 5, 4, 0, 1, 3, 2, 0, 0, 1, 4, 2, 4, 42, 0, 2, 4, 0, 1, 1, : 3, 5, 4, 1, 3, 2, 1, 4, 2, 4, 42, 2, 4, 1, 1, 
134: 3, 0, 5, 0, 4, 4, 0, 0, 0, 0, 2, 1, 3, 0, 5, 0, 0, 5, 1, 4, : 3, 5, 4, 4, 2, 1, 3, 5, 5, 1, 4, 
39: 4, 0, 0, 44, 4, 0, 0, 0, 0, 42, 1, 5, 3, 1, 0, 0, 0, 0, 1, 1, : 4, 44, 4, 42, 1, 5, 3, 1, 1, 1, 
114: 5, 0, 42, 0, 5, 0, 1, 3, 0, 0, 5, 4, 6, 0, 0, 0, 5, 0, 4, 2, : 5, 42, 5, 1, 3, 5, 4, 6, 5, 4, 2, 
118: 2, 0, 0, 0, 1, 0, 2, 1, 0, 0, 1, 1, 3, 5, 0, 0, 0, 0, 4, 5, : 2, 1, 2, 1, 1, 1, 3, 5, 4, 5, 
83: 2, 0, 5, 0, 4, 0, 0, 4, 0, 0, 4, 4, 2, 0, 3, 0, 0, 3, 5, 2, : 2, 5, 4, 4, 4, 4, 2, 3, 3, 5, 2, 
199: 1, 5, 0, 0, 5, 0, 5, 0, 1, 2, 3, 5, 1, 0, 0, 0, 1, 3, 2, 4, : 1, 5, 5, 5, 1, 2, 3, 5, 1, 1, 3, 2, 4, 
142: 2, 0, 1, 3, 2, 40, 3, 0, 0, 0, 3, 3, 3, 2, 0, 44, 3, 0, 1, 5, : 2, 1, 3, 2, 40, 3, 3, 3, 3, 2, 44, 3, 1, 5, 
37: 1, 0, 0, 0, 2, 3, 44, 0, 0, 0, 4, 1, 4, 1, 0, 0, 0, 3, 3, 2, : 1, 2, 3, 44, 4, 1, 4, 1, 3, 3, 2, 
138: 5, 5, 0, 5, 2, 1, 0, 0, 0, 4, 2, 2, 3, 0, 4, 0, 0, 0, 2, 2, : 5, 5, 5, 2, 1, 4, 2, 2, 3, 4, 2, 2, 
104: 2, 0, 0, 1, 5, 0, 0, 5, 44, 0, 5, 1, 1, 0, 0, 3, 40, 0, 3, 3, : 2, 1, 5, 5, 44, 5, 1, 1, 3, 40, 3, 3, 
148: 4, 0, 2, 0, 2, 0, 0, 0, 0, 0, 2, 3, 3, 1, 0, 2, 1, 0, 5, 5, : 4, 2, 2, 2, 3, 3, 1, 2, 1, 5, 5, 
168: 5, 0, 0, 0, 3, 0, 1, 2, 0, 0, 5, 5, 3, 3, 44, 3, 0, 4, 1, 3, : 5, 3, 1, 2, 5, 5, 3, 3, 44, 3, 4, 1, 3, 
140: 2, 0, 0, 0, 1, 0, 0, 1, 5, 0, 2, 1, 1, 1, 0, 0, 0, 42, 6, 5, : 2, 1, 1, 5, 2, 1, 1, 1, 42, 6, 5, 
113: 5, 3, 0, 0, 1, 5, 0, 0, 0, 2, 2, 3, 2, 0, 2, 2, 0, 0, 2, 5, : 5, 3, 1, 5, 2, 2, 3, 2, 2, 2, 2, 5, 
41: 3, 1, 0, 1, 5, 0, 2, 0, 5, 1, 2, 5, 2, 0, 0, 0, 1, 0, 2, 4, : 3, 1, 1, 5, 2, 5, 1, 2, 5, 2, 1, 2, 4, 


192: 5, 0, 44, 1, 0, 4, 42, 0, 0, 5, 0, 3, 0, 0, 40, 0, 0, 2, 2, 0, : 5, 44, 1, 4, 42, 5, 3, 40, 2, 2, 
51: 0, 0, 1, 1, 0, 0, 4, 0, 2, 1, 5, 1, 5, 0, 0, 0, 1, 2, 0, 0, : 1, 1, 4, 2, 1, 5, 1, 5, 1, 2, 
111: 0, 0, 5, 3, 0, 5, 0, 0, 1, 4, 44, 3, 43, 0, 0, 0, 0, 4, 0, 0, : 5, 3, 5, 1, 4, 44, 3, 43, 4, 
36: 0, 0, 0, 2, 0, 0, 5, 5, 3, 1, 0, 5, 0, 40, 0, 2, 0, 5, 0, 0, : 2, 5, 5, 3, 1, 5, 40, 2, 5, 
52: 0, 0, 3, 4, 5, 0, 4, 0, 2, 2, 2, 4, 1, 0, 0, 0, 4, 2, 44, 5, : 3, 4, 5, 4, 2, 2, 2, 4, 1, 4, 2, 44, 5, 
170: 0, 0, 4, 6, 0, 0, 0, 0, 1, 5, 0, 1, 2, 0, 0, 0, 0, 0, 0, 2, : 4, 6, 1, 5, 1, 2, 2, 
5: 2, 5, 0, 2, 0, 2, 1, 3, 0, 2, 2, 3, 0, 1, 0, 0, 0, 2, 0, 0, : 2, 5, 2, 2, 1, 3, 2, 2, 3, 1, 2, 
127: 0, 4, 0, 2, 5, 0, 0, 43, 0, 4, 0, 0, 0, 1, 1, 2, 0, 4, 5, 1, : 4, 2, 5, 43, 4, 1, 1, 2, 4, 5, 1, 
6: 0, 0, 1, 5, 0, 0, 0, 0, 0, 1, 2, 5, 0, 4, 4, 0, 0, 5, 5, 0, : 1, 5, 1, 2, 5, 4, 4, 5, 5, 
40: 0, 0, 0, 1, 2, 5, 0, 0, 0, 5, 4, 2, 0, 4, 0, 0, 2, 4, 0, 0, : 1, 2, 5, 5, 4, 2, 4, 2, 4, 
44: 0, 0, 2, 5, 4, 0, 2, 0, 0, 4, 0, 5, 0, 5, 0, 0, 0, 4, 0, 0, : 2, 5, 4, 2, 4, 5, 5, 4, 
132: 0, 4, 0, 2, 0, 0, 0, 2, 5, 3, 0, 5, 0, 1, 1, 42, 1, 4, 0, 1, : 4, 2, 2, 5, 3, 5, 1, 1, 42, 1, 4, 1, 
24: 2, 3, 0, 4, 0, 41, 0, 1, 1, 0, 0, 0, 0, 0, 0, 0, 4, 2, 0, 43, : 2, 3, 4, 41, 1, 1, 4, 2, 43, 
65: 0, 0, 0, 5, 0, 0, 0, 4, 0, 4, 0, 5, 2, 1, 5, 4, 3, 1, 0, 5, : 5, 4, 4, 5, 2, 1, 5, 4, 3, 1, 5, 
77: 0, 0, 0, 3, 44, 0, 0, 0, 0, 4, 0, 5, 3, 1, 0, 0, 0, 2, 0, 0, : 3, 44, 4, 5, 3, 1, 2, 
20: 44, 40, 0, 4, 0, 0, 0, 0, 0, 2, 0, 3, 2, 2, 4, 5, 1, 5, 0, 0, : 44, 40, 4, 2, 3, 2, 2, 4, 5, 1, 5, 
42: 3, 0, 0, 1, 0, 0, 0, 0, 1, 4, 0, 5, 0, 0, 0, 5, 0, 4, 0, 0, : 3, 1, 1, 4, 5, 5, 4, 
136: 4, 0, 0, 4, 0, 0, 0, 0, 0, 3, 0, 5, 2, 0, 0, 0, 44, 2, 0, 2, : 4, 4, 3, 5, 2, 44, 2, 2, 
90: 0, 0, 0, 3, 0, 0, 0, 0, 44, 4, 1, 0, 0, 0, 0, 0, 0, 2, 4, 0, : 3, 44, 4, 1, 2, 4, 
68: 0, 4, 0, 2, 0, 3, 2, 2, 0, 2, 0, 0, 0, 0, 5, 0, 0, 4, 0, 1, : 4, 2, 3, 2, 2, 2, 5, 4, 1, 


169: 4, 3, 1, 3, 0, 3, 0, 0, 4, 2, 5, 1, 3, 2, 0, 0, 1, 5, 2, 5, : 4, 3, 1, 3, 3, 4, 2, 5, 1, 3, 2, 1, 5, 2, 5, 
124: 0, 5, 4, 4, 2, 4, 0, 43, 3, 0, 4, 0, 3, 2, 0, 2, 5, 5, 42, 1, : 5, 4, 4, 2, 4, 43, 3, 4, 3, 2, 2, 5, 5, 42, 1, 
66: 0, 3, 5, 3, 0, 5, 0, 0, 4, 4, 3, 3, 8, 1, 0, 42, 1, 5, 0, 5, : 3, 5, 3, 5, 4, 4, 3, 3, 8, 1, 42, 1, 5, 5, 
144: 0, 3, 2, 1, 0, 2, 0, 0, 1, 41, 2, 1, 3, 5, 0, 0, 2, 1, 2, 4, : 3, 2, 1, 2, 1, 41, 2, 1, 3, 5, 2, 1, 2, 4, 
171: 0, 4, 1, 3, 0, 1, 42, 2, 5, 2, 3, 0, 2, 2, 0, 0, 8, 0, 0, 2, : 4, 1, 3, 1, 42, 2, 5, 2, 3, 2, 2, 8, 2, 
128: 0, 1, 3, 3, 0, 2, 5, 0, 6, 0, 3, 0, 9, 4, 0, 0, 5, 3, 0, 2, : 1, 3, 3, 2, 5, 6, 3, 9, 4, 5, 3, 2, 
145: 0, 4, 2, 3, 0, 7, 2, 0, 4, 0, 5, 4, 1, 1, 0, 0, 5, 3, 2, 8, : 4, 2, 3, 7, 2, 4, 5, 4, 1, 1, 5, 3, 2, 8, 
3: 5, 2, 6, 2, 0, 2, 0, 0, 1, 0, 2, 0, 5, 4, 0, 3, 2, 2, 0, 2, : 5, 2, 6, 2, 2, 1, 2, 5, 4, 3, 2, 2, 2, 
30: 0, 2, 3, 5, 4, 2, 0, 0, 1, 0, 2, 0, 1, 3, 0, 0, 5, 5, 0, 2, : 2, 3, 5, 4, 2, 1, 2, 1, 3, 5, 5, 2, 
46: 2, 2, 3, 5, 5, 3, 0, 0, 2, 0, 3, 0, 2, 3, 0, 0, 3, 1, 1, 1, : 2, 2, 3, 5, 5, 3, 2, 3, 2, 3, 3, 1, 1, 1, 
29: 0, 4, 2, 1, 0, 4, 0, 0, 4, 0, 7, 0, 4, 3, 5, 0, 1, 0, 0, 3, : 4, 2, 1, 4, 4, 7, 4, 3, 5, 1, 3, 
99: 42, 3, 3, 5, 4, 2, 0, 4, 3, 4, 2, 4, 2, 5, 0, 5, 5, 5, 3, 3, : 42, 3, 3, 5, 4, 2, 4, 3, 4, 2, 4, 2, 5, 5, 5, 5, 3, 3, 
17: 0, 5, 4, 4, 0, 2, 0, 1, 2, 0, 1, 0, 2, 2, 0, 5, 4, 0, 3, 5, : 5, 4, 4, 2, 1, 2, 1, 2, 2, 5, 4, 3, 5, 
106: 4, 1, 4, 5, 0, 1, 0, 3, 1, 2, 3, 0, 2, 5, 5, 0, 1, 3, 2, 5, : 4, 1, 4, 5, 1, 3, 1, 2, 3, 2, 5, 5, 1, 3, 2, 5, 
45: 0, 5, 3, 4, 0, 5, 3, 1, 1, 1, 2, 41, 3, 1, 3, 0, 3, 4, 0, 1, : 5, 3, 4, 5, 3, 1, 1, 1, 2, 41, 3, 1, 3, 3, 4, 1, 
181: 2, 1, 4, 2, 0, 5, 0, 3, 1, 0, 1, 0, 1, 3, 0, 0, 2, 5, 0, 1, : 2, 1, 4, 2, 5, 3, 1, 1, 1, 3, 2, 5, 1, 
58: 0, 4, 4, 1, 0, 1, 0, 0, 4, 4, 5, 4, 2, 5, 0, 0, 1, 3, 1, 3, : 4, 4, 1, 1, 4, 4, 5, 4, 2, 5, 1, 3, 1, 3, 
88: 0, 1, 3, 4, 4, 1, 4, 3, 4, 0, 2, 0, 1, 3, 41, 0, 2, 2, 0, 1, : 1, 3, 4, 4, 1, 4, 3, 4, 2, 1, 3, 41, 2, 2, 1, 
53: 1, 4, 1, 1, 1, 5, 0, 0, 4, 0, 2, 0, 4, 1, 4, 3, 3, 4, 2, 2, : 1, 4, 1, 1, 1, 5, 4, 2, 4, 1, 4, 3, 3, 4, 2, 2, 
193: 0, 3, 2, 1, 40, 3, 4, 0, 5, 0, 3, 2, 2, 5, 2, 0, 1, 4, 0, 4, : 3, 2, 1, 40, 3, 4, 5, 3, 2, 2, 5, 2, 1, 4, 4, 


