
40
400
120
10

304: 1, 1, 0, 2, 0, 0, 0, 1, 0, 3, 0, 1, 44, 5, 0, 0, 1, 0, 0, 4, 5, 5, 0, 2, 0, 4, 0, 0, 2, 5, 5, 0, 5, 4, 0, 1, 0, 0, 5, 3, : 1, 1, 2, 1, 3, 1, 44, 5, 1, 4, 5, 5, 2, 4, 2, 5, 5, 5, 4, 1, 5, 3, 
13: 4, 0, 0, 2, 0, 1, 0, 5, 0, 0, 0, 0, 0, 5, 2, 3, 5, 4, 0, 0, 2, 4, 0, 2, 0, 0, 5, 0, 0, 5, 5, 0, 2, 0, 2, 0, 0, 2, 0, 0, : 4, 2, 1, 5, 5, 2, 3, 5, 4, 2, 4, 2, 5, 5, 5, 2, 2, 2, 
108: 0, 2, 4, 2, 0, 0, 3, 3, 3, 0, 0, 4, 0, 1, 2, 1, 5, 4, 0, 0, 0, 1, 0, 5, 0, 0, 0, 0, 0, 4, 40, 41, 1, 5, 5, 0, 4, 1, 0, 1, : 2, 4, 2, 3, 3, 3, 4, 1, 2, 1, 5, 4, 1, 5, 4, 40, 41, 1, 5, 5, 4, 1, 1, 
193: 2, 3, 0, 1, 2, 0, 2, 5, 0, 44, 0, 5, 0, 0, 0, 0, 0, 0, 0, 1, 0, 4, 0, 0, 0, 42, 40, 0, 0, 0, 0, 0, 5, 0, 4, 0, 1, 4, 0, 3, : 2, 3, 1, 2, 2, 5, 44, 5, 1, 4, 42, 40, 5, 4, 1, 4, 3, 
385: 0, 0, 0, 0, 0, 0, 0, 2, 3, 0, 2, 2, 0, 5, 5, 0, 0, 0, 0, 4, 0, 5, 0, 5, 0, 0, 0, 1, 0, 0, 0, 5, 0, 0, 2, 3, 0, 3, 1, 0, : 2, 3, 2, 2, 5, 5, 4, 5, 5, 1, 5, 2, 3, 3, 1, 
296: 0, 5, 41, 0, 0, 5, 5, 0, 0, 0, 0, 3, 0, 0, 2, 1, 40, 0, 0, 0, 0, 0, 0, 4, 4, 4, 3, 0, 0, 0, 1, 0, 40, 3, 0, 0, 0, 0, 0, 2, : 5, 41, 5, 5, 3, 2, 1, 40, 4, 4, 4, 3, 1, 40, 3, 2, 
55: 2, 1, 0, 3, 0, 5, 1, 5, 5, 0, 0, 0, 0, 0, 5, 1, 0, 2, 0, 0, 0, 1, 0, 5, 40, 0, 3, 5, 5, 0, 4, 0, 1, 0, 0, 0, 0, 1, 2, 3, : 2, 1, 3, 5, 1, 5, 5, 5, 1, 2, 1, 5, 40, 3, 5, 5, 4, 1, 1, 2, 3, 
61: 4, 1, 0, 0, 0, 0, 0, 2, 3, 0, 0, 4, 0, 0, 2, 5, 0, 0, 1, 4, 0, 1, 3, 3, 2, 5, 0, 1, 0, 4, 0, 0, 2, 1, 4, 2, 3, 0, 0, 0, : 4, 1, 2, 3, 4, 2, 5, 1, 4, 1, 3, 3, 2, 5, 1, 4, 2, 1, 4, 2, 3, 
321: 0, 3, 0, 2, 0, 0, 5, 1, 0, 3, 5, 2, 4, 44, 1, 5, 0, 0, 0, 0, 0, 2, 0, 42, 0, 0, 0, 0, 40, 0, 1, 0, 0, 0, 1, 0, 40, 2, 0, 2, : 3, 2, 5, 1, 3, 5, 2, 4, 44, 1, 5, 2, 42, 40, 1, 1, 40, 2, 2, 
366: 1, 2, 43, 0, 0, 0, 2, 0, 5, 3, 0, 2, 5, 0, 1, 40, 1, 0, 1, 2, 3, 1, 0, 0, 2, 5, 0, 1, 0, 0, 0, 41, 0, 0, 0, 0, 5, 0, 4, 1, : 1, 2, 43, 2, 5, 3, 2, 5, 1, 40, 1, 1, 2, 3, 1, 2, 5, 1, 41, 5, 4, 1, 
276: 1, 3, 0, 0, 0, 4, 0, 1, 4, 5, 0, 3, 0, 0, 1, 4, 0, 2, 2, 0, 0, 44, 44, 0, 0, 0, 0, 3, 1, 0, 5, 2, 5, 0, 0, 2, 0, 5, 42, 3, : 1, 3, 4, 1, 4, 5, 3, 1, 4, 2, 2, 44, 44, 3, 1, 5, 2, 5, 2, 5, 42, 3, 
382: 41, 1, 0, 0, 5, 0, 5, 1, 0, 0, 5, 0, 0, 0, 0, 0, 1, 0, 0, 5, 0, 4, 0, 0, 4, 0, 3, 0, 3, 40, 0, 0, 1, 0, 0, 2, 1, 44, 0, 5, : 41, 1, 5, 5, 1, 5, 1, 5, 4, 4, 3, 3, 40, 1, 2, 1, 44, 5, 
137: 0, 2, 0, 0, 0, 4, 1, 2, 3, 1, 1, 0, 0, 0, 4, 0, 0, 0, 0, 0, 0, 0, 0, 0, 0, 0, 4, 0, 0, 0, 2, 0, 4, 0, 2, 0, 0, 3, 0, 0, : 2, 4, 1, 2, 3, 1, 1, 4, 4, 2, 4, 2, 3, 
69: 0, 4, 5, 42, 0, 0, 3, 1, 0, 3, 1, 3, 5, 0, 4, 0, 0, 5, 42, 1, 0, 2, 1, 1, 1, 1, 0, 4, 3, 2, 0, 3, 2, 0, 41, 0, 3, 0, 5, 0, : 4, 5, 42, 3, 1, 3, 1, 3, 5, 4, 5, 42, 1, 2, 1, 1, 1, 1, 4, 3, 2, 3, 2, 41, 3, 5, 
88: 42, 5, 0, 0, 5, 0, 5, 3, 0, 1, 0, 1, 0, 0, 0, 4, 0, 0, 5, 4, 5, 0, 0, 5, 40, 0, 0, 0, 0, 3, 3, 4, 2, 1, 0, 3, 0, 0, 5, 4, : 42, 5, 5, 5, 3, 1, 1, 4, 5, 4, 5, 5, 40, 3, 3, 4, 2, 1, 3, 5, 4, 
56: 4, 3, 1, 1, 4, 0, 3, 0, 5, 0, 0, 3, 0, 0, 2, 0, 1, 1, 1, 2, 0, 0, 0, 2, 0, 5, 0, 0, 0, 0, 4, 0, 0, 0, 0, 5, 2, 0, 4, 3, : 4, 3, 1, 1, 4, 3, 5, 3, 2, 1, 1, 1, 2, 2, 5, 4, 5, 2, 4, 3, 
23: 0, 2, 0, 1, 0, 0, 5, 1, 3, 0, 2, 0, 0, 0, 5, 0, 2, 0, 42, 5, 0, 5, 3, 3, 0, 3, 0, 1, 5, 0, 4, 4, 2, 0, 43, 41, 0, 3, 5, 0, : 2, 1, 5, 1, 3, 2, 5, 2, 42, 5, 5, 3, 3, 3, 1, 5, 4, 4, 2, 43, 41, 3, 5, 
80: 0, 0, 1, 0, 0, 42, 2, 1, 1, 0, 1, 4, 0, 0, 3, 1, 3, 1, 2, 0, 2, 2, 0, 3, 0, 1, 3, 2, 0, 0, 2, 0, 2, 0, 0, 0, 0, 2, 4, 1, : 1, 42, 2, 1, 1, 1, 4, 3, 1, 3, 1, 2, 2, 2, 3, 1, 3, 2, 2, 2, 2, 4, 1, 
221: 0, 2, 0, 0, 2, 0, 3, 3, 2, 44, 0, 1, 0, 0, 4, 0, 0, 42, 3, 4, 0, 4, 4, 2, 4, 0, 0, 0, 0, 0, 0, 0, 0, 0, 0, 0, 3, 2, 0, 3, : 2, 2, 3, 3, 2, 44, 1, 4, 42, 3, 4, 4, 4, 2, 4, 3, 2, 3, 
247: 0, 1, 0, 5, 3, 3, 0, 0, 0, 0, 5, 5, 0, 0, 40, 0, 1, 0, 0, 4, 0, 5, 2, 5, 0, 0, 0, 0, 1, 0, 5, 0, 4, 5, 2, 0, 0, 3, 3, 4, : 1, 5, 3, 3, 5, 5, 40, 1, 4, 5, 2, 5, 1, 5, 4, 5, 2, 3, 3, 4, 
350: 2, 4, 0, 40, 0, 2, 1, 4, 0, 0, 0, 1, 0, 0, 2, 3, 43, 4, 0, 0, 5, 3, 0, 3, 0, 5, 0, 0, 4, 0, 0, 0, 5, 0, 5, 3, 40, 0, 3, 0, : 2, 4, 40, 2, 1, 4, 1, 2, 3, 43, 4, 5, 3, 3, 5, 4, 5, 5, 3, 40, 3, 
59: 0, 3, 3, 0, 41, 0, 0, 0, 4, 0, 43, 3, 5, 0, 0, 0, 0, 5, 1, 3, 0, 1, 5, 0, 0, 0, 5, 1, 2, 0, 5, 1, 2, 0, 0, 0, 2, 0, 3, 2, : 3, 3, 41, 4, 43, 3, 5, 5, 1, 3, 1, 5, 5, 1, 2, 5, 1, 2, 2, 3, 2, 
81: 0, 0, 0, 0, 0, 0, 4, 41, 1, 0, 2, 0, 0, 1, 0, 0, 1, 0, 0, 43, 0, 1, 0, 0, 4, 0, 0, 0, 0, 2, 4, 2, 2, 41, 0, 5, 0, 4, 0, 4, : 4, 41, 1, 2, 1, 1, 43, 1, 4, 2, 4, 2, 2, 41, 5, 4, 4, 
224: 0, 1, 0, 0, 2, 0, 0, 5, 5, 2, 0, 3, 5, 0, 0, 0, 1, 0, 0, 0, 0, 0, 0, 4, 0, 0, 3, 0, 0, 40, 0, 2, 1, 0, 0, 0, 0, 4, 4, 1, : 1, 2, 5, 5, 2, 3, 5, 1, 4, 3, 40, 2, 1, 4, 4, 1, 
73: 3, 3, 5, 4, 0, 0, 0, 0, 3, 0, 0, 1, 0, 0, 1, 1, 0, 0, 2, 0, 0, 3, 0, 0, 1, 0, 0, 0, 5, 5, 0, 0, 2, 1, 0, 5, 0, 5, 4, 4, : 3, 3, 5, 4, 3, 1, 1, 1, 2, 3, 1, 5, 5, 2, 1, 5, 5, 4, 4, 
389: 0, 0, 1, 0, 5, 42, 0, 0, 5, 0, 0, 4, 0, 2, 4, 0, 0, 0, 0, 2, 0, 0, 1, 1, 0, 1, 41, 42, 43, 5, 5, 0, 3, 0, 1, 0, 3, 4, 0, 4, : 1, 5, 42, 5, 4, 2, 4, 2, 1, 1, 1, 41, 42, 43, 5, 5, 3, 1, 3, 4, 4, 
197: 0, 1, 2, 1, 0, 2, 3, 1, 0, 3, 0, 1, 0, 1, 0, 0, 0, 0, 0, 3, 0, 4, 0, 4, 0, 0, 3, 0, 0, 0, 1, 5, 0, 0, 0, 0, 0, 0, 3, 0, : 1, 2, 1, 2, 3, 1, 3, 1, 1, 3, 4, 4, 3, 1, 5, 3, 
139: 0, 0, 0, 2, 1, 0, 2, 5, 3, 0, 0, 2, 0, 4, 4, 0, 0, 0, 0, 1, 0, 3, 2, 0, 0, 0, 0, 0, 0, 0, 0, 0, 3, 4, 0, 0, 1, 3, 3, 4, : 2, 1, 2, 5, 3, 2, 4, 4, 1, 3, 2, 3, 4, 1, 3, 3, 4, 
226: 0, 40, 0, 0, 5, 0, 1, 0, 1, 0, 0, 2, 40, 4, 4, 5, 0, 5, 0, 2, 0, 1, 0, 2, 0, 0, 0, 0, 4, 1, 0, 0, 4, 0, 0, 40, 0, 4, 1, 3, : 40, 5, 1, 1, 2, 40, 4, 4, 5, 5, 2, 1, 2, 4, 1, 4, 40, 4, 1, 3, 
320: 5, 1, 0, 0, 0, 5, 5, 2, 1, 0, 40, 0, 1, 0, 3, 0, 2, 42, 0, 2, 0, 2, 44, 4, 0, 0, 3, 2, 0, 0, 0, 0, 3, 0, 0, 2, 0, 4, 2, 0, : 5, 1, 5, 5, 2, 1, 40, 1, 3, 2, 42, 2, 2, 44, 4, 3, 2, 3, 2, 4, 2, 
384: 0, 5, 0, 0, 0, 1, 5, 3, 1, 0, 1, 3, 1, 1, 0, 0, 0, 0, 0, 1, 2, 0, 3, 2, 5, 0, 0, 3, 0, 0, 4, 0, 0, 5, 0, 1, 3, 0, 2, 4, : 5, 1, 5, 3, 1, 1, 3, 1, 1, 1, 2, 3, 2, 5, 3, 4, 5, 1, 3, 2, 4, 
167: 4, 0, 0, 1, 0, 0, 5, 1, 0, 1, 4, 5, 4, 2, 0, 1, 0, 0, 0, 4, 1, 0, 0, 2, 3, 0, 0, 4, 0, 1, 4, 0, 1, 0, 0, 0, 0, 0, 5, 3, : 4, 1, 5, 1, 1, 4, 5, 4, 2, 1, 4, 1, 2, 3, 4, 1, 4, 1, 5, 3, 
202: 4, 0, 0, 5, 0, 0, 1, 3, 1, 5, 0, 0, 0, 0, 3, 0, 2, 3, 5, 5, 5, 1, 3, 0, 2, 0, 0, 2, 0, 0, 4, 0, 0, 42, 0, 0, 0, 1, 0, 2, : 4, 5, 1, 3, 1, 5, 3, 2, 3, 5, 5, 5, 1, 3, 2, 2, 4, 42, 1, 2, 
32: 0, 1, 4, 0, 0, 0, 41, 3, 3, 0, 2, 0, 0, 0, 5, 0, 0, 0, 0, 2, 0, 1, 0, 0, 5, 0, 1, 4, 0, 0, 3, 0, 4, 0, 1, 0, 5, 0, 1, 0, : 1, 4, 41, 3, 3, 2, 5, 2, 1, 5, 1, 4, 3, 4, 1, 5, 1, 
183: 0, 5, 0, 2, 1, 0, 4, 5, 0, 0, 2, 5, 0, 0, 0, 41, 4, 0, 2, 2, 0, 1, 0, 0, 3, 0, 0, 0, 2, 0, 0, 3, 4, 0, 2, 0, 0, 4, 0, 0, : 5, 2, 1, 4, 5, 2, 5, 41, 4, 2, 2, 1, 3, 2, 3, 4, 2, 4, 
344: 0, 3, 3, 2, 3, 0, 0, 2, 3, 0, 0, 0, 4, 1, 1, 3, 0, 0, 2, 5, 5, 4, 0, 0, 0, 2, 0, 0, 0, 0, 4, 0, 5, 1, 0, 2, 4, 5, 0, 4, : 3, 3, 2, 3, 2, 3, 4, 1, 1, 3, 2, 5, 5, 4, 2, 4, 5, 1, 2, 4, 5, 4, 
234: 0, 3, 2, 1, 0, 2, 0, 1, 4, 0, 0, 0, 2, 0, 1, 1, 5, 0, 4, 0, 0, 3, 0, 5, 0, 0, 0, 0, 0, 0, 0, 3, 1, 2, 0, 0, 0, 1, 5, 0, : 3, 2, 1, 2, 1, 4, 2, 1, 1, 5, 4, 3, 5, 3, 1, 2, 1, 5, 
177: 0, 3, 0, 1, 41, 0, 1, 3, 3, 0, 0, 44, 0, 0, 4, 0, 2, 0, 0, 0, 42, 0, 5, 0, 0, 0, 0, 0, 0, 0, 0, 0, 2, 0, 5, 0, 0, 5, 1, 0, : 3, 1, 41, 1, 3, 3, 44, 4, 2, 42, 5, 2, 5, 5, 1, 
99: 0, 1, 5, 0, 0, 0, 2, 4, 1, 1, 0, 3, 0, 0, 0, 0, 0, 0, 5, 0, 43, 2, 0, 1, 0, 0, 3, 42, 0, 0, 5, 0, 0, 0, 0, 0, 0, 1, 1, 43, : 1, 5, 2, 4, 1, 1, 3, 5, 43, 2, 1, 3, 42, 5, 1, 1, 43, 
211: 0, 5, 0, 0, 0, 2, 0, 0, 44, 1, 4, 0, 0, 44, 5, 0, 0, 0, 0, 5, 0, 0, 0, 3, 0, 42, 0, 2, 0, 3, 0, 4, 0, 5, 0, 3, 0, 0, 2, 4, : 5, 2, 44, 1, 4, 44, 5, 5, 3, 42, 2, 3, 4, 5, 3, 2, 4, 


400: 42, 1, 40, 2, 3, 0, 5, 3, 0, 0, 3, 5, 0, 2, 0, 0, 1, 4, 0, 40, 2, 1, 3, 0, 0, 0, 0, 0, 4, 4, 1, 0, 3, 0, 5, 0, 4, 0, 4, 0, : 42, 1, 40, 2, 3, 5, 3, 3, 5, 2, 1, 4, 40, 2, 1, 3, 4, 4, 1, 3, 5, 4, 4, 
180: 0, 2, 0, 3, 0, 1, 4, 0, 0, 0, 3, 1, 0, 43, 0, 0, 3, 1, 1, 0, 1, 1, 0, 4, 0, 0, 0, 1, 2, 0, 0, 5, 4, 2, 3, 0, 3, 5, 0, 0, : 2, 3, 1, 4, 3, 1, 43, 3, 1, 1, 1, 1, 4, 1, 2, 5, 4, 2, 3, 3, 5, 
349: 0, 5, 5, 2, 2, 0, 4, 2, 0, 3, 2, 0, 0, 0, 0, 0, 1, 2, 5, 1, 2, 3, 1, 0, 5, 0, 4, 0, 0, 0, 3, 0, 4, 0, 0, 0, 0, 1, 0, 0, : 5, 5, 2, 2, 4, 2, 3, 2, 1, 2, 5, 1, 2, 3, 1, 5, 4, 3, 4, 1, 
52: 2, 5, 42, 4, 3, 0, 3, 2, 0, 0, 0, 0, 4, 0, 0, 0, 5, 4, 3, 42, 0, 3, 3, 4, 1, 42, 5, 0, 2, 0, 0, 5, 43, 0, 3, 0, 2, 5, 41, 1, : 2, 5, 42, 4, 3, 3, 2, 4, 5, 4, 3, 42, 3, 3, 4, 1, 42, 5, 2, 5, 43, 3, 2, 5, 41, 1, 
118: 0, 5, 2, 5, 0, 3, 2, 3, 0, 0, 0, 0, 0, 0, 1, 0, 2, 0, 0, 0, 0, 5, 3, 2, 2, 0, 3, 0, 40, 0, 0, 5, 0, 2, 0, 0, 3, 0, 0, 41, : 5, 2, 5, 3, 2, 3, 1, 2, 5, 3, 2, 2, 3, 40, 5, 2, 3, 41, 
327: 1, 5, 0, 3, 2, 0, 2, 0, 0, 5, 5, 0, 5, 0, 0, 0, 3, 4, 0, 0, 2, 0, 0, 0, 0, 0, 2, 4, 0, 0, 1, 0, 0, 0, 40, 0, 0, 40, 2, 2, : 1, 5, 3, 2, 2, 5, 5, 5, 3, 4, 2, 2, 4, 1, 40, 40, 2, 2, 
79: 0, 1, 0, 4, 0, 2, 1, 0, 5, 0, 1, 0, 0, 0, 41, 0, 0, 4, 0, 0, 2, 4, 4, 3, 0, 4, 0, 0, 0, 2, 0, 0, 0, 0, 0, 0, 4, 0, 0, 1, : 1, 4, 2, 1, 5, 1, 41, 4, 2, 4, 4, 3, 4, 2, 4, 1, 
330: 0, 1, 3, 3, 0, 1, 2, 0, 0, 0, 3, 0, 1, 0, 5, 44, 0, 3, 0, 0, 1, 1, 0, 4, 1, 4, 1, 0, 0, 5, 0, 0, 0, 5, 1, 0, 4, 3, 0, 4, : 1, 3, 3, 1, 2, 3, 1, 5, 44, 3, 1, 1, 4, 1, 4, 1, 5, 5, 1, 4, 3, 4, 
181: 0, 3, 0, 4, 1, 4, 2, 0, 41, 0, 0, 0, 2, 0, 0, 43, 0, 1, 1, 2, 4, 1, 1, 3, 40, 0, 3, 41, 0, 0, 0, 0, 2, 0, 3, 4, 3, 0, 1, 3, : 3, 4, 1, 4, 2, 41, 2, 43, 1, 1, 2, 4, 1, 1, 3, 40, 3, 41, 2, 3, 4, 3, 1, 3, 
35: 5, 1, 1, 1, 0, 3, 2, 0, 0, 0, 2, 0, 5, 3, 0, 0, 5, 1, 0, 0, 0, 5, 2, 2, 1, 0, 4, 3, 3, 0, 5, 1, 5, 4, 0, 0, 4, 3, 0, 4, : 5, 1, 1, 1, 3, 2, 2, 5, 3, 5, 1, 5, 2, 2, 1, 4, 3, 3, 5, 1, 5, 4, 4, 3, 4, 
356: 0, 1, 0, 4, 5, 0, 2, 0, 5, 40, 0, 0, 0, 0, 0, 0, 3, 0, 0, 0, 2, 4, 4, 1, 4, 1, 3, 0, 5, 41, 0, 0, 0, 0, 3, 0, 1, 0, 0, 3, : 1, 4, 5, 2, 5, 40, 3, 2, 4, 4, 1, 4, 1, 3, 5, 41, 3, 1, 3, 
314: 2, 1, 0, 0, 5, 3, 5, 2, 1, 3, 0, 0, 1, 0, 0, 3, 0, 1, 1, 0, 2, 0, 3, 0, 0, 0, 0, 4, 1, 3, 0, 1, 0, 0, 0, 0, 3, 1, 0, 2, : 2, 1, 5, 3, 5, 2, 1, 3, 1, 3, 1, 1, 2, 3, 4, 1, 3, 1, 3, 1, 2, 
393: 3, 1, 0, 0, 0, 3, 3, 3, 0, 0, 0, 0, 0, 0, 3, 4, 40, 0, 0, 1, 4, 2, 4, 2, 1, 0, 1, 44, 0, 0, 4, 4, 0, 0, 1, 0, 5, 44, 4, 0, : 3, 1, 3, 3, 3, 3, 4, 40, 1, 4, 2, 4, 2, 1, 1, 44, 4, 4, 1, 5, 44, 4, 
84: 4, 41, 0, 4, 5, 4, 3, 2, 0, 0, 1, 42, 0, 0, 0, 0, 5, 4, 4, 0, 2, 1, 0, 2, 3, 1, 2, 0, 2, 0, 0, 2, 0, 3, 0, 0, 0, 0, 0, 2, : 4, 41, 4, 5, 4, 3, 2, 1, 42, 5, 4, 4, 2, 1, 2, 3, 1, 2, 2, 2, 3, 2, 
136: 0, 3, 0, 4, 3, 3, 2, 43, 5, 0, 0, 0, 0, 3, 0, 5, 1, 3, 2, 0, 2, 2, 3, 0, 2, 0, 0, 0, 1, 4, 0, 4, 0, 0, 0, 0, 0, 0, 0, 0, : 3, 4, 3, 3, 2, 43, 5, 3, 5, 1, 3, 2, 2, 2, 3, 2, 1, 4, 4, 
106: 0, 3, 0, 1, 2, 5, 5, 0, 2, 1, 0, 0, 1, 2, 0, 0, 5, 3, 0, 0, 3, 0, 2, 3, 5, 42, 0, 2, 0, 0, 1, 5, 0, 3, 0, 0, 5, 4, 0, 4, : 3, 1, 2, 5, 5, 2, 1, 1, 2, 5, 3, 3, 2, 3, 5, 42, 2, 1, 5, 3, 5, 4, 4, 
50: 0, 2, 3, 1, 5, 0, 5, 1, 0, 3, 0, 1, 0, 0, 0, 0, 3, 2, 1, 0, 5, 3, 2, 1, 0, 3, 0, 0, 0, 5, 0, 3, 0, 0, 0, 0, 0, 1, 0, 4, : 2, 3, 1, 5, 5, 1, 3, 1, 3, 2, 1, 5, 3, 2, 1, 3, 5, 3, 1, 4, 
166: 0, 1, 0, 4, 5, 0, 4, 0, 0, 0, 0, 0, 0, 2, 0, 4, 0, 1, 0, 5, 2, 3, 5, 5, 0, 1, 0, 4, 1, 1, 0, 4, 44, 0, 0, 0, 2, 0, 2, 0, : 1, 4, 5, 4, 2, 4, 1, 5, 2, 3, 5, 5, 1, 4, 1, 1, 4, 44, 2, 2, 
176: 0, 0, 0, 0, 1, 2, 4, 0, 0, 0, 0, 1, 0, 1, 1, 0, 2, 3, 4, 0, 3, 1, 3, 4, 0, 0, 0, 0, 3, 0, 4, 4, 0, 0, 44, 0, 1, 3, 5, 0, : 1, 2, 4, 1, 1, 1, 2, 3, 4, 3, 1, 3, 4, 3, 4, 4, 44, 1, 3, 5, 
218: 1, 0, 5, 0, 4, 0, 1, 0, 1, 0, 3, 0, 0, 0, 0, 0, 0, 4, 3, 0, 4, 3, 5, 0, 4, 0, 3, 0, 41, 0, 0, 0, 0, 0, 3, 43, 3, 0, 0, 0, : 1, 5, 4, 1, 1, 3, 4, 3, 4, 3, 5, 4, 3, 41, 3, 43, 3, 
21: 0, 0, 1, 0, 0, 4, 1, 4, 0, 0, 41, 0, 3, 0, 0, 3, 4, 1, 4, 2, 4, 0, 1, 2, 4, 0, 4, 0, 0, 0, 4, 1, 0, 0, 0, 0, 0, 0, 0, 3, : 1, 4, 1, 4, 41, 3, 3, 4, 1, 4, 2, 4, 1, 2, 4, 4, 4, 1, 3, 
367: 2, 1, 0, 2, 5, 2, 5, 0, 0, 4, 43, 0, 5, 0, 0, 0, 5, 0, 0, 0, 0, 1, 2, 2, 0, 4, 1, 4, 3, 0, 0, 0, 0, 0, 0, 5, 5, 0, 4, 0, : 2, 1, 2, 5, 2, 5, 4, 43, 5, 5, 1, 2, 2, 4, 1, 4, 3, 5, 5, 4, 
316: 0, 0, 0, 2, 0, 44, 3, 2, 0, 0, 0, 4, 0, 4, 0, 0, 5, 5, 0, 5, 1, 5, 1, 1, 3, 0, 1, 1, 0, 0, 0, 2, 0, 0, 0, 44, 0, 3, 2, 1, : 2, 44, 3, 2, 4, 4, 5, 5, 5, 1, 5, 1, 1, 3, 1, 1, 2, 44, 3, 2, 1, 
278: 0, 3, 0, 3, 2, 0, 2, 0, 0, 0, 0, 0, 40, 1, 2, 2, 0, 0, 0, 0, 1, 4, 0, 0, 0, 0, 0, 0, 3, 0, 4, 4, 0, 5, 0, 0, 3, 0, 0, 0, : 3, 3, 2, 2, 40, 1, 2, 2, 1, 4, 3, 4, 4, 5, 3, 
326: 0, 2, 0, 44, 0, 4, 2, 0, 0, 0, 2, 0, 0, 0, 0, 0, 1, 4, 0, 0, 3, 3, 0, 0, 4, 1, 2, 0, 0, 4, 0, 3, 0, 5, 0, 3, 3, 5, 0, 3, : 2, 44, 4, 2, 2, 1, 4, 3, 3, 4, 1, 2, 4, 3, 5, 3, 3, 5, 3, 
273: 2, 5, 0, 3, 3, 3, 4, 0, 0, 0, 4, 0, 4, 0, 40, 0, 3, 5, 0, 0, 2, 0, 5, 5, 4, 0, 0, 0, 5, 0, 1, 0, 0, 0, 1, 0, 0, 0, 5, 0, : 2, 5, 3, 3, 3, 4, 4, 4, 40, 3, 5, 2, 5, 5, 4, 5, 1, 1, 5, 
33: 1, 1, 0, 0, 0, 5, 3, 3, 5, 3, 0, 1, 0, 5, 5, 0, 1, 0, 40, 5, 2, 0, 1, 0, 2, 0, 4, 1, 0, 0, 0, 4, 0, 0, 0, 0, 2, 0, 43, 4, : 1, 1, 5, 3, 3, 5, 3, 1, 5, 5, 1, 40, 5, 2, 1, 2, 4, 1, 4, 2, 43, 4, 
265: 5, 0, 4, 4, 0, 1, 5, 43, 44, 0, 0, 1, 0, 0, 5, 0, 4, 2, 0, 0, 0, 4, 3, 1, 0, 0, 5, 0, 1, 1, 2, 0, 0, 40, 2, 0, 2, 0, 0, 3, : 5, 4, 4, 1, 5, 43, 44, 1, 5, 4, 2, 4, 3, 1, 5, 1, 1, 2, 40, 2, 2, 3, 
351: 0, 4, 0, 0, 2, 0, 3, 0, 2, 3, 0, 3, 0, 0, 3, 4, 3, 42, 42, 0, 1, 0, 0, 0, 3, 0, 1, 0, 0, 2, 44, 0, 0, 0, 0, 0, 0, 0, 0, 3, : 4, 2, 3, 2, 3, 3, 3, 4, 3, 42, 42, 1, 3, 1, 2, 44, 3, 
164: 0, 0, 0, 0, 1, 5, 4, 0, 5, 43, 0, 5, 4, 44, 3, 3, 5, 0, 2, 1, 5, 3, 44, 3, 5, 4, 5, 0, 1, 0, 0, 4, 5, 0, 0, 0, 3, 0, 0, 0, : 1, 5, 4, 5, 43, 5, 4, 44, 3, 3, 5, 2, 1, 5, 3, 44, 3, 5, 4, 5, 1, 4, 5, 3, 
283: 0, 4, 1, 0, 1, 5, 1, 0, 4, 5, 3, 5, 1, 0, 0, 0, 0, 2, 4, 5, 41, 40, 0, 0, 3, 0, 5, 5, 0, 0, 0, 40, 0, 0, 0, 3, 3, 0, 1, 5, : 4, 1, 1, 5, 1, 4, 5, 3, 5, 1, 2, 4, 5, 41, 40, 3, 5, 5, 40, 3, 3, 1, 5, 
368: 44, 4, 0, 2, 3, 1, 5, 0, 0, 0, 0, 0, 0, 0, 0, 0, 0, 4, 2, 0, 1, 1, 0, 5, 1, 0, 3, 0, 0, 44, 0, 3, 3, 0, 0, 0, 5, 0, 3, 4, : 44, 4, 2, 3, 1, 5, 4, 2, 1, 1, 5, 1, 3, 44, 3, 3, 5, 3, 4, 
281: 0, 1, 2, 0, 44, 1, 5, 5, 0, 3, 0, 0, 0, 5, 0, 0, 0, 4, 0, 0, 0, 3, 0, 0, 0, 1, 41, 0, 0, 0, 0, 2, 4, 43, 0, 4, 1, 1, 0, 0, : 1, 2, 44, 1, 5, 5, 3, 5, 4, 3, 1, 41, 2, 4, 43, 4, 1, 1, 
380: 0, 1, 4, 4, 4, 0, 1, 0, 0, 0, 0, 5, 0, 0, 3, 5, 0, 1, 0, 0, 2, 3, 0, 3, 5, 0, 2, 0, 0, 0, 0, 1, 0, 2, 0, 0, 0, 0, 0, 3, : 1, 4, 4, 4, 1, 5, 3, 5, 1, 2, 3, 3, 5, 2, 1, 2, 3, 
299: 0, 2, 5, 5, 0, 5, 1, 0, 0, 0, 4, 2, 40, 0, 5, 0, 0, 0, 1, 2, 4, 0, 3, 3, 5, 5, 2, 2, 0, 0, 0, 1, 0, 2, 4, 3, 1, 1, 0, 2, : 2, 5, 5, 5, 1, 4, 2, 40, 5, 1, 2, 4, 3, 3, 5, 5, 2, 2, 1, 2, 4, 3, 1, 1, 2, 
198: 3, 4, 0, 0, 1, 5, 5, 0, 0, 2, 0, 0, 4, 0, 0, 0, 2, 0, 0, 0, 0, 5, 5, 0, 1, 4, 0, 2, 0, 0, 0, 5, 0, 0, 0, 5, 0, 0, 0, 3, : 3, 4, 1, 5, 5, 2, 4, 2, 5, 5, 1, 4, 2, 5, 5, 3, 
249: 0, 2, 0, 0, 0, 1, 4, 0, 0, 0, 0, 44, 0, 0, 1, 0, 3, 0, 0, 5, 1, 3, 1, 44, 2, 0, 3, 0, 0, 0, 0, 0, 2, 2, 0, 1, 0, 0, 2, 5, : 2, 1, 4, 44, 1, 3, 5, 1, 3, 1, 44, 2, 3, 2, 2, 1, 2, 5, 
329: 3, 0, 2, 0, 3, 0, 2, 2, 0, 2, 0, 0, 0, 5, 0, 0, 0, 5, 0, 0, 4, 2, 4, 3, 5, 0, 3, 0, 0, 1, 43, 2, 0, 2, 1, 0, 0, 0, 1, 3, : 3, 2, 3, 2, 2, 2, 5, 5, 4, 2, 4, 3, 5, 3, 1, 43, 2, 2, 1, 1, 3, 
354: 0, 4, 0, 0, 0, 0, 1, 0, 0, 0, 0, 0, 0, 0, 0, 0, 2, 0, 0, 1, 0, 0, 0, 5, 4, 0, 2, 1, 2, 0, 3, 1, 0, 0, 1, 5, 4, 0, 0, 3, : 4, 1, 2, 1, 5, 4, 2, 1, 2, 3, 1, 1, 5, 4, 3, 
362: 0, 0, 0, 2, 5, 0, 2, 0, 0, 0, 0, 0, 0, 0, 2, 0, 3, 0, 0, 3, 5, 0, 2, 3, 0, 3, 5, 1, 0, 3, 0, 4, 1, 0, 5, 0, 41, 0, 0, 4, : 2, 5, 2, 2, 3, 3, 5, 2, 3, 3, 5, 1, 3, 4, 1, 5, 41, 4, 


83: 0, 1, 3, 4, 0, 3, 2, 41, 0, 0, 0, 0, 0, 1, 0, 0, 2, 1, 0, 0, 0, 0, 2, 3, 0, 0, 0, 3, 0, 0, 0, 41, 0, 0, 3, 0, 0, 0, 0, 2, : 1, 3, 4, 3, 2, 41, 1, 2, 1, 2, 3, 3, 41, 3, 2, 
157: 43, 0, 0, 0, 0, 2, 3, 1, 0, 0, 0, 0, 0, 1, 4, 0, 2, 0, 5, 0, 0, 4, 0, 0, 0, 5, 4, 2, 0, 0, 0, 2, 1, 1, 4, 0, 0, 3, 4, 40, : 43, 2, 3, 1, 1, 4, 2, 5, 4, 5, 4, 2, 2, 1, 1, 4, 3, 4, 40, 
45: 0, 0, 0, 42, 5, 4, 5, 2, 0, 41, 0, 0, 0, 5, 0, 3, 0, 0, 4, 1, 42, 0, 0, 4, 1, 0, 0, 3, 0, 4, 2, 3, 1, 2, 1, 4, 5, 0, 0, 3, : 42, 5, 4, 5, 2, 41, 5, 3, 4, 1, 42, 4, 1, 3, 4, 2, 3, 1, 2, 1, 4, 5, 3, 
370: 0, 0, 3, 3, 0, 0, 3, 4, 2, 0, 0, 0, 0, 0, 0, 3, 4, 0, 0, 0, 0, 0, 4, 4, 1, 0, 0, 2, 2, 0, 2, 0, 0, 0, 3, 40, 3, 0, 1, 1, : 3, 3, 3, 4, 2, 3, 4, 4, 4, 1, 2, 2, 2, 3, 40, 3, 1, 1, 
76: 0, 0, 0, 0, 0, 0, 2, 0, 1, 0, 0, 0, 3, 1, 0, 0, 0, 0, 0, 0, 0, 3, 4, 3, 1, 3, 0, 0, 42, 5, 5, 1, 2, 0, 0, 3, 0, 0, 3, 0, : 2, 1, 3, 1, 3, 4, 3, 1, 3, 42, 5, 5, 1, 2, 3, 3, 
261: 4, 1, 0, 0, 0, 0, 2, 1, 0, 0, 0, 2, 4, 5, 0, 1, 0, 0, 5, 0, 5, 4, 3, 3, 3, 0, 0, 0, 0, 2, 0, 0, 0, 0, 43, 5, 0, 0, 0, 3, : 4, 1, 2, 1, 2, 4, 5, 1, 5, 5, 4, 3, 3, 3, 2, 43, 5, 3, 
237: 4, 0, 0, 0, 4, 3, 3, 4, 2, 0, 0, 0, 3, 3, 0, 4, 5, 0, 0, 0, 0, 4, 0, 2, 0, 0, 0, 4, 43, 1, 4, 5, 0, 0, 0, 0, 5, 0, 4, 0, : 4, 4, 3, 3, 4, 2, 3, 3, 4, 5, 4, 2, 4, 43, 1, 4, 5, 5, 4, 
214: 0, 0, 2, 0, 3, 1, 5, 0, 1, 5, 0, 0, 0, 0, 1, 0, 3, 0, 0, 0, 0, 4, 2, 3, 0, 2, 0, 3, 2, 0, 4, 0, 5, 5, 3, 1, 0, 5, 1, 0, : 2, 3, 1, 5, 1, 5, 1, 3, 4, 2, 3, 2, 3, 2, 4, 5, 5, 3, 1, 5, 1, 
271: 0, 0, 0, 1, 0, 5, 1, 5, 0, 0, 5, 0, 0, 0, 40, 0, 4, 0, 0, 0, 0, 4, 4, 0, 0, 42, 0, 1, 0, 0, 0, 0, 0, 5, 3, 5, 43, 2, 1, 0, : 1, 5, 1, 5, 5, 40, 4, 4, 4, 42, 1, 5, 3, 5, 43, 2, 1, 
149: 0, 5, 2, 0, 0, 0, 3, 3, 4, 0, 0, 0, 41, 2, 0, 0, 5, 0, 0, 0, 0, 0, 4, 4, 0, 3, 0, 0, 0, 0, 0, 1, 0, 0, 1, 0, 0, 0, 1, 1, : 5, 2, 3, 3, 4, 41, 2, 5, 4, 4, 3, 1, 1, 1, 1, 
294: 5, 1, 0, 3, 42, 4, 1, 5, 0, 5, 0, 1, 0, 3, 1, 3, 4, 0, 2, 0, 0, 0, 4, 2, 2, 0, 1, 5, 3, 0, 3, 3, 3, 1, 0, 4, 0, 40, 0, 3, : 5, 1, 3, 42, 4, 1, 5, 5, 1, 3, 1, 3, 4, 2, 4, 2, 2, 1, 5, 3, 3, 3, 3, 1, 4, 40, 3, 
308: 5, 0, 1, 0, 0, 4, 5, 3, 0, 3, 1, 0, 0, 2, 0, 0, 0, 5, 40, 0, 0, 2, 3, 4, 5, 5, 0, 0, 0, 0, 3, 0, 0, 0, 0, 1, 2, 5, 4, 1, : 5, 1, 4, 5, 3, 3, 1, 2, 5, 40, 2, 3, 4, 5, 5, 3, 1, 2, 5, 4, 1, 
248: 0, 0, 0, 0, 2, 1, 1, 3, 0, 0, 4, 4, 0, 1, 0, 0, 3, 0, 0, 2, 1, 3, 3, 2, 3, 0, 0, 3, 0, 0, 4, 0, 5, 5, 0, 2, 0, 0, 2, 1, : 2, 1, 1, 3, 4, 4, 1, 3, 2, 1, 3, 3, 2, 3, 3, 4, 5, 5, 2, 2, 1, 
230: 0, 0, 0, 5, 0, 2, 5, 3, 0, 3, 4, 0, 1, 0, 0, 0, 0, 0, 0, 4, 0, 0, 1, 2, 4, 0, 2, 2, 0, 0, 43, 0, 1, 0, 0, 4, 0, 0, 4, 2, : 5, 2, 5, 3, 3, 4, 1, 4, 1, 2, 4, 2, 2, 43, 1, 4, 4, 2, 
227: 44, 0, 0, 0, 4, 0, 2, 4, 0, 0, 0, 0, 0, 0, 5, 40, 1, 4, 4, 0, 0, 1, 0, 0, 0, 0, 43, 0, 2, 0, 5, 0, 0, 5, 0, 5, 4, 0, 41, 5, : 44, 4, 2, 4, 5, 40, 1, 4, 4, 1, 43, 2, 5, 5, 5, 4, 41, 5, 
267: 0, 44, 0, 0, 0, 1, 5, 4, 1, 0, 4, 0, 2, 5, 1, 0, 0, 5, 0, 4, 0, 0, 1, 0, 1, 1, 1, 0, 3, 0, 0, 43, 2, 0, 1, 5, 0, 0, 0, 5, : 44, 1, 5, 4, 1, 4, 2, 5, 1, 5, 4, 1, 1, 1, 1, 3, 43, 2, 1, 5, 5, 
220: 1, 0, 5, 5, 0, 4, 5, 1, 0, 5, 0, 0, 4, 5, 0, 3, 4, 3, 0, 2, 0, 2, 0, 1, 0, 0, 0, 1, 0, 0, 1, 1, 0, 0, 43, 2, 2, 42, 5, 0, : 1, 5, 5, 4, 5, 1, 5, 4, 5, 3, 4, 3, 2, 2, 1, 1, 1, 1, 43, 2, 2, 42, 5, 
387: 2, 0, 0, 0, 2, 0, 1, 1, 3, 0, 0, 5, 0, 0, 2, 1, 0, 2, 0, 0, 4, 2, 2, 5, 0, 0, 0, 3, 0, 4, 0, 5, 0, 3, 0, 1, 0, 4, 0, 5, : 2, 2, 1, 1, 3, 5, 2, 1, 2, 4, 2, 2, 5, 3, 4, 5, 3, 1, 4, 5, 
386: 0, 2, 3, 0, 0, 1, 4, 0, 0, 0, 44, 0, 0, 4, 0, 2, 1, 0, 0, 42, 0, 0, 3, 0, 0, 0, 4, 1, 1, 0, 0, 0, 0, 0, 0, 0, 1, 0, 3, 1, : 2, 3, 1, 4, 44, 4, 2, 1, 42, 3, 4, 1, 1, 1, 3, 1, 
14: 4, 5, 0, 3, 1, 1, 2, 0, 1, 43, 0, 0, 0, 42, 0, 0, 2, 4, 0, 1, 0, 0, 1, 4, 44, 0, 0, 5, 1, 2, 4, 0, 0, 0, 0, 4, 0, 0, 0, 0, : 4, 5, 3, 1, 1, 2, 1, 43, 42, 2, 4, 1, 1, 4, 44, 5, 1, 2, 4, 4, 
92: 1, 0, 0, 1, 1, 3, 6, 3, 0, 0, 0, 0, 0, 0, 0, 0, 2, 0, 2, 0, 0, 4, 5, 4, 2, 1, 3, 4, 0, 5, 2, 0, 2, 0, 1, 1, 1, 0, 0, 1, : 1, 1, 1, 3, 6, 3, 2, 2, 4, 5, 4, 2, 1, 3, 4, 5, 2, 2, 1, 1, 1, 1, 
85: 0, 0, 44, 0, 0, 2, 1, 0, 2, 0, 0, 0, 0, 5, 0, 0, 4, 0, 0, 5, 0, 3, 0, 5, 0, 42, 1, 3, 3, 2, 3, 1, 0, 1, 0, 1, 0, 1, 1, 4, : 44, 2, 1, 2, 5, 4, 5, 3, 5, 42, 1, 3, 3, 2, 3, 1, 1, 1, 1, 1, 4, 
46: 0, 5, 0, 0, 1, 0, 2, 5, 41, 1, 44, 3, 0, 1, 2, 5, 4, 5, 4, 0, 1, 2, 4, 42, 0, 0, 0, 41, 0, 0, 2, 0, 0, 0, 0, 2, 0, 0, 5, 2, : 5, 1, 2, 5, 41, 1, 44, 3, 1, 2, 5, 4, 5, 4, 1, 2, 4, 42, 41, 2, 2, 5, 2, 
9: 3, 0, 5, 0, 41, 3, 5, 1, 3, 0, 0, 0, 5, 1, 0, 1, 0, 43, 0, 0, 0, 2, 3, 0, 0, 0, 0, 5, 0, 5, 2, 0, 0, 0, 0, 0, 5, 3, 5, 1, : 3, 5, 41, 3, 5, 1, 3, 5, 1, 1, 43, 2, 3, 5, 5, 2, 5, 3, 5, 1, 
190: 0, 0, 0, 0, 0, 2, 4, 0, 3, 1, 0, 0, 1, 4, 5, 0, 2, 0, 0, 3, 5, 4, 3, 4, 3, 1, 0, 4, 0, 0, 0, 3, 0, 1, 0, 3, 0, 0, 0, 3, : 2, 4, 3, 1, 1, 4, 5, 2, 3, 5, 4, 3, 4, 3, 1, 4, 3, 1, 3, 3, 
252: 1, 0, 0, 44, 5, 4, 2, 1, 0, 0, 0, 5, 0, 3, 0, 5, 3, 0, 0, 0, 0, 1, 4, 1, 0, 0, 1, 2, 5, 42, 0, 0, 0, 3, 2, 0, 0, 4, 0, 3, : 1, 44, 5, 4, 2, 1, 5, 3, 5, 3, 1, 4, 1, 1, 2, 5, 42, 3, 2, 4, 3, 
208: 0, 0, 4, 0, 0, 0, 3, 3, 3, 0, 4, 0, 4, 5, 0, 0, 0, 0, 3, 44, 4, 4, 1, 3, 5, 0, 4, 2, 0, 0, 4, 0, 40, 0, 4, 0, 1, 1, 3, 3, : 4, 3, 3, 3, 4, 4, 5, 3, 44, 4, 4, 1, 3, 5, 4, 2, 4, 40, 4, 1, 1, 3, 3, 
153: 0, 0, 0, 0, 0, 3, 8, 4, 0, 3, 0, 0, 0, 2, 4, 40, 3, 2, 0, 0, 4, 5, 4, 0, 0, 0, 0, 4, 3, 0, 1, 1, 43, 43, 0, 1, 0, 3, 4, 0, : 3, 8, 4, 3, 2, 4, 40, 3, 2, 4, 5, 4, 4, 3, 1, 1, 43, 43, 1, 3, 4, 
369: 0, 4, 0, 0, 3, 4, 1, 1, 0, 4, 0, 0, 0, 0, 0, 4, 3, 0, 1, 3, 0, 4, 4, 0, 0, 2, 2, 0, 0, 0, 0, 0, 3, 0, 1, 3, 0, 0, 1, 2, : 4, 3, 4, 1, 1, 4, 4, 3, 1, 3, 4, 4, 2, 2, 3, 1, 3, 1, 2, 
395: 0, 0, 3, 3, 0, 4, 4, 0, 2, 0, 1, 0, 0, 3, 4, 0, 2, 0, 0, 0, 0, 0, 1, 2, 40, 3, 0, 2, 0, 1, 5, 0, 0, 0, 0, 2, 0, 0, 0, 2, : 3, 3, 4, 4, 2, 1, 3, 4, 2, 1, 2, 40, 3, 2, 1, 5, 2, 2, 
396: 0, 1, 0, 3, 0, 4, 1, 5, 41, 0, 0, 0, 5, 3, 0, 0, 42, 0, 44, 0, 0, 0, 3, 2, 5, 5, 5, 0, 0, 0, 2, 5, 0, 0, 2, 0, 0, 5, 3, 2, : 1, 3, 4, 1, 5, 41, 5, 3, 42, 44, 3, 2, 5, 5, 5, 2, 5, 2, 5, 3, 2, 
286: 0, 5, 4, 0, 0, 0, 5, 1, 0, 0, 0, 5, 0, 4, 0, 0, 0, 0, 0, 0, 0, 2, 0, 0, 0, 1, 0, 0, 5, 0, 1, 0, 2, 0, 0, 3, 0, 0, 2, 1, : 5, 4, 5, 1, 5, 4, 2, 1, 5, 1, 2, 3, 2, 1, 
82: 0, 0, 0, 0, 0, 3, 3, 2, 4, 0, 0, 0, 2, 0, 4, 2, 1, 0, 2, 0, 0, 2, 0, 0, 0, 0, 2, 0, 0, 0, 0, 1, 0, 0, 0, 1, 0, 0, 4, 5, : 3, 3, 2, 4, 2, 4, 2, 1, 2, 2, 2, 1, 1, 4, 5, 
287: 0, 1, 40, 0, 0, 1, 3, 2, 0, 0, 4, 0, 1, 0, 42, 3, 0, 0, 0, 0, 4, 0, 0, 0, 0, 0, 0, 3, 0, 0, 0, 0, 5, 0, 0, 4, 0, 0, 3, 0, : 1, 40, 1, 3, 2, 4, 1, 42, 3, 4, 3, 5, 4, 3, 
49: 3, 2, 0, 0, 0, 1, 4, 0, 0, 4, 3, 44, 44, 3, 0, 0, 0, 0, 0, 5, 0, 0, 0, 2, 0, 4, 42, 0, 0, 5, 0, 0, 1, 1, 0, 2, 5, 0, 5, 5, : 3, 2, 1, 4, 4, 3, 44, 44, 3, 5, 2, 4, 42, 5, 1, 1, 2, 5, 5, 5, 
90: 0, 43, 1, 1, 0, 3, 2, 2, 3, 0, 2, 5, 0, 0, 0, 0, 5, 3, 0, 0, 43, 0, 4, 4, 0, 0, 0, 1, 5, 42, 5, 3, 0, 2, 0, 4, 40, 0, 3, 0, : 43, 1, 1, 3, 2, 2, 3, 2, 5, 5, 3, 43, 4, 4, 1, 5, 42, 5, 3, 2, 4, 40, 3, 
333: 0, 0, 0, 2, 1, 3, 1, 0, 0, 0, 0, 0, 0, 0, 0, 0, 1, 42, 4, 0, 4, 5, 0, 4, 0, 0, 0, 2, 0, 0, 4, 0, 0, 0, 0, 3, 0, 0, 1, 3, : 2, 1, 3, 1, 1, 42, 4, 4, 5, 4, 2, 4, 3, 1, 3, 
307: 0, 0, 0, 0, 0, 2, 1, 3, 3, 0, 0, 42, 0, 1, 0, 0, 1, 1, 0, 4, 0, 3, 0, 1, 0, 0, 0, 5, 0, 0, 4, 0, 4, 0, 5, 0, 0, 0, 1, 5, : 2, 1, 3, 3, 42, 1, 1, 1, 4, 3, 1, 5, 4, 4, 5, 1, 5, 
5: 0, 0, 0, 0, 5, 0, 1, 2, 0, 2, 0, 4, 0, 4, 0, 0, 5, 0, 0, 0, 0, 4, 41, 0, 0, 0, 0, 0, 0, 0, 0, 1, 0, 42, 0, 1, 0, 2, 5, 3, : 5, 1, 2, 2, 4, 4, 5, 4, 41, 1, 42, 1, 2, 5, 3, 
162: 0, 0, 0, 0, 0, 42, 3, 0, 0, 0, 0, 0, 0, 1, 5, 0, 2, 0, 0, 0, 3, 42, 2, 0, 0, 0, 5, 4, 0, 0, 5, 0, 0, 0, 0, 3, 3, 0, 0, 2, : 42, 3, 1, 5, 2, 3, 42, 2, 5, 4, 5, 3, 3, 2, 


241: 0, 0, 0, 1, 3, 0, 5, 0, 0, 0, 0, 1, 0, 5, 1, 0, 0, 1, 0, 0, 0, 2, 0, 3, 0, 1, 3, 0, 1, 3, 2, 0, 2, 0, 0, 1, 0, 1, 4, 2, : 1, 3, 5, 1, 5, 1, 1, 2, 3, 1, 3, 1, 3, 2, 2, 1, 1, 4, 2, 
335: 41, 4, 0, 0, 4, 4, 0, 1, 0, 0, 0, 3, 1, 4, 0, 0, 42, 4, 2, 0, 5, 43, 0, 5, 1, 0, 3, 0, 1, 3, 0, 3, 1, 2, 0, 0, 4, 0, 3, 1, : 41, 4, 4, 4, 1, 3, 1, 4, 42, 4, 2, 5, 43, 5, 1, 3, 1, 3, 3, 1, 2, 4, 3, 1, 
18: 0, 3, 0, 2, 4, 0, 1, 0, 1, 0, 0, 1, 2, 2, 0, 5, 4, 3, 1, 0, 1, 4, 0, 0, 2, 1, 5, 0, 0, 0, 0, 0, 1, 0, 5, 1, 5, 3, 4, 0, : 3, 2, 4, 1, 1, 1, 2, 2, 5, 4, 3, 1, 1, 4, 2, 1, 5, 1, 5, 1, 5, 3, 4, 
15: 0, 42, 2, 44, 0, 1, 3, 5, 0, 0, 4, 5, 0, 4, 0, 0, 1, 1, 2, 41, 3, 0, 4, 44, 0, 0, 4, 0, 0, 0, 0, 0, 2, 5, 4, 1, 1, 0, 0, 4, : 42, 2, 44, 1, 3, 5, 4, 5, 4, 1, 1, 2, 41, 3, 4, 44, 4, 2, 5, 4, 1, 1, 4, 
172: 0, 0, 0, 0, 2, 5, 4, 3, 0, 3, 0, 3, 2, 0, 4, 0, 5, 4, 5, 0, 5, 4, 0, 0, 0, 0, 3, 0, 0, 3, 2, 0, 5, 3, 5, 0, 4, 2, 0, 2, : 2, 5, 4, 3, 3, 3, 2, 4, 5, 4, 5, 5, 4, 3, 3, 2, 5, 3, 5, 4, 2, 2, 
66: 0, 0, 0, 1, 0, 0, 4, 1, 2, 0, 5, 4, 0, 0, 0, 5, 2, 5, 0, 0, 0, 0, 0, 2, 0, 0, 4, 4, 0, 0, 0, 0, 5, 4, 2, 43, 0, 4, 0, 4, : 1, 4, 1, 2, 5, 4, 5, 2, 5, 2, 4, 4, 5, 4, 2, 43, 4, 4, 
391: 0, 44, 0, 0, 0, 0, 5, 4, 2, 0, 0, 3, 1, 1, 1, 0, 2, 5, 0, 0, 0, 2, 5, 4, 0, 0, 2, 0, 0, 0, 2, 4, 5, 5, 0, 0, 42, 5, 1, 1, : 44, 5, 4, 2, 3, 1, 1, 1, 2, 5, 2, 5, 4, 2, 2, 4, 5, 5, 42, 5, 1, 1, 
67: 0, 0, 0, 0, 4, 0, 2, 0, 2, 4, 0, 0, 3, 1, 0, 0, 5, 4, 0, 0, 4, 0, 0, 0, 0, 0, 4, 0, 2, 0, 0, 0, 3, 4, 1, 43, 0, 0, 0, 1, : 4, 2, 2, 4, 3, 1, 5, 4, 4, 4, 2, 3, 4, 1, 43, 1, 
27: 0, 0, 0, 0, 4, 5, 1, 4, 44, 0, 0, 5, 0, 4, 0, 1, 0, 0, 0, 0, 2, 0, 0, 0, 0, 44, 0, 1, 0, 0, 0, 0, 0, 0, 2, 3, 5, 0, 5, 3, : 4, 5, 1, 4, 44, 5, 4, 1, 2, 44, 1, 2, 3, 5, 5, 3, 
205: 44, 0, 0, 0, 2, 0, 2, 1, 1, 1, 2, 0, 0, 3, 2, 0, 3, 4, 3, 0, 0, 0, 0, 0, 2, 0, 0, 0, 4, 0, 0, 2, 3, 3, 2, 4, 0, 1, 5, 1, : 44, 2, 2, 1, 1, 1, 2, 3, 2, 3, 4, 3, 2, 4, 2, 3, 3, 2, 4, 1, 5, 1, 
131: 0, 0, 0, 4, 5, 0, 1, 3, 0, 0, 0, 0, 0, 0, 4, 0, 0, 1, 5, 0, 1, 0, 0, 0, 2, 3, 1, 0, 0, 1, 3, 5, 2, 44, 0, 4, 1, 0, 5, 2, : 4, 5, 1, 3, 4, 1, 5, 1, 2, 3, 1, 1, 3, 5, 2, 44, 4, 1, 5, 2, 
262: 0, 0, 3, 2, 0, 5, 1, 0, 2, 1, 0, 4, 0, 1, 41, 4, 2, 0, 0, 0, 5, 40, 1, 1, 1, 0, 2, 4, 3, 1, 4, 0, 4, 0, 0, 5, 0, 4, 0, 0, : 3, 2, 5, 1, 2, 1, 4, 1, 41, 4, 2, 5, 40, 1, 1, 1, 2, 4, 3, 1, 4, 4, 5, 4, 
280: 4, 0, 0, 4, 0, 0, 0, 5, 0, 0, 0, 0, 2, 0, 0, 4, 0, 2, 1, 4, 3, 1, 0, 0, 0, 4, 2, 5, 4, 0, 2, 0, 2, 0, 3, 0, 1, 0, 5, 0, : 4, 4, 5, 2, 4, 2, 1, 4, 3, 1, 4, 2, 5, 4, 2, 2, 3, 1, 5, 
100: 0, 0, 0, 0, 3, 0, 0, 3, 0, 1, 0, 3, 0, 1, 0, 0, 0, 0, 44, 0, 0, 1, 1, 2, 0, 2, 0, 5, 3, 0, 0, 0, 1, 5, 5, 4, 0, 2, 0, 1, : 3, 3, 1, 3, 1, 44, 1, 1, 2, 2, 5, 3, 1, 5, 5, 4, 2, 1, 
11: 0, 1, 0, 4, 5, 0, 0, 5, 40, 0, 0, 1, 5, 4, 0, 0, 0, 4, 1, 4, 3, 2, 1, 0, 0, 5, 3, 0, 2, 5, 1, 5, 2, 4, 5, 0, 0, 0, 0, 42, : 1, 4, 5, 5, 40, 1, 5, 4, 4, 1, 4, 3, 2, 1, 5, 3, 2, 5, 1, 5, 2, 4, 5, 42, 
147: 0, 1, 3, 0, 1, 0, 0, 4, 0, 0, 0, 0, 0, 0, 0, 42, 5, 0, 0, 2, 5, 0, 0, 0, 4, 0, 42, 0, 41, 0, 1, 1, 4, 0, 0, 0, 0, 4, 5, 2, : 1, 3, 1, 4, 42, 5, 2, 5, 4, 42, 41, 1, 1, 4, 4, 5, 2, 
334: 0, 0, 0, 0, 0, 0, 2, 3, 0, 43, 0, 0, 3, 0, 0, 2, 0, 5, 0, 0, 5, 0, 2, 0, 0, 0, 0, 0, 2, 0, 0, 0, 1, 1, 0, 0, 0, 3, 3, 5, : 2, 3, 43, 3, 2, 5, 5, 2, 2, 1, 1, 3, 3, 5, 
222: 0, 0, 0, 2, 0, 0, 0, 2, 2, 0, 0, 3, 0, 0, 0, 0, 4, 2, 0, 0, 1, 2, 0, 0, 3, 0, 2, 0, 0, 0, 0, 1, 5, 2, 5, 0, 0, 5, 0, 2, : 2, 2, 2, 3, 4, 2, 1, 2, 3, 2, 1, 5, 2, 5, 5, 2, 
223: 5, 3, 0, 0, 4, 0, 5, 0, 2, 0, 0, 0, 0, 0, 0, 0, 0, 40, 0, 0, 1, 5, 0, 42, 43, 0, 0, 0, 0, 0, 0, 4, 4, 0, 0, 0, 0, 4, 1, 3, : 5, 3, 4, 5, 2, 40, 1, 5, 42, 43, 4, 4, 4, 1, 3, 
373: 5, 0, 41, 0, 1, 0, 5, 4, 1, 2, 0, 0, 0, 4, 4, 0, 0, 0, 0, 4, 3, 0, 42, 4, 0, 4, 0, 0, 0, 0, 4, 0, 5, 0, 0, 0, 1, 2, 2, 1, : 5, 41, 1, 5, 4, 1, 2, 4, 4, 4, 3, 42, 4, 4, 4, 5, 1, 2, 2, 1, 
146: 0, 0, 0, 0, 3, 2, 3, 5, 3, 0, 5, 1, 0, 2, 2, 0, 0, 4, 0, 0, 0, 0, 0, 1, 2, 0, 5, 0, 3, 3, 0, 4, 3, 2, 0, 0, 0, 4, 4, 4, : 3, 2, 3, 5, 3, 5, 1, 2, 2, 4, 1, 2, 5, 3, 3, 4, 3, 2, 4, 4, 4, 
295: 0, 4, 4, 0, 5, 5, 0, 3, 0, 5, 0, 0, 0, 5, 0, 40, 3, 4, 40, 0, 0, 1, 3, 1, 40, 0, 2, 4, 0, 0, 0, 0, 4, 0, 1, 0, 2, 4, 0, 0, : 4, 4, 5, 5, 3, 5, 5, 40, 3, 4, 40, 1, 3, 1, 40, 2, 4, 4, 1, 2, 4, 
277: 0, 0, 0, 0, 1, 4, 1, 0, 0, 0, 4, 2, 0, 5, 2, 0, 0, 4, 2, 0, 5, 0, 0, 0, 1, 5, 4, 0, 1, 0, 0, 1, 5, 0, 0, 0, 1, 0, 1, 1, : 1, 4, 1, 4, 2, 5, 2, 4, 2, 5, 1, 5, 4, 1, 1, 5, 1, 1, 1, 
148: 0, 0, 0, 0, 5, 2, 0, 0, 0, 0, 0, 4, 1, 5, 0, 3, 5, 0, 0, 2, 5, 0, 0, 1, 4, 0, 4, 0, 0, 0, 1, 0, 3, 0, 0, 0, 0, 4, 3, 2, : 5, 2, 4, 1, 5, 3, 5, 2, 5, 1, 4, 4, 1, 3, 4, 3, 2, 
229: 0, 0, 5, 0, 0, 0, 4, 1, 5, 0, 41, 4, 0, 5, 40, 0, 3, 2, 0, 2, 0, 1, 3, 0, 0, 0, 0, 0, 1, 0, 0, 0, 4, 2, 2, 0, 1, 1, 3, 3, : 5, 4, 1, 5, 41, 4, 5, 40, 3, 2, 2, 1, 3, 1, 4, 2, 2, 1, 1, 3, 3, 
392: 4, 0, 0, 0, 41, 1, 0, 0, 0, 0, 0, 1, 2, 5, 0, 0, 1, 0, 1, 0, 0, 0, 0, 0, 0, 0, 5, 0, 0, 5, 0, 0, 1, 4, 3, 0, 0, 4, 0, 2, : 4, 41, 1, 1, 2, 5, 1, 1, 5, 5, 1, 4, 3, 4, 2, 
338: 1, 0, 0, 0, 0, 0, 4, 0, 4, 4, 0, 4, 1, 3, 0, 0, 1, 5, 0, 0, 5, 0, 0, 5, 1, 0, 3, 4, 0, 5, 0, 0, 1, 1, 4, 0, 1, 5, 5, 4, : 1, 4, 4, 4, 4, 1, 3, 1, 5, 5, 5, 1, 3, 4, 5, 1, 1, 4, 1, 5, 5, 4, 
383: 4, 5, 44, 2, 0, 0, 4, 0, 1, 1, 3, 2, 0, 0, 2, 0, 0, 2, 4, 5, 2, 0, 0, 2, 0, 0, 0, 0, 0, 4, 0, 0, 3, 1, 5, 0, 0, 0, 5, 1, : 4, 5, 44, 2, 4, 1, 1, 3, 2, 2, 2, 4, 5, 2, 2, 4, 3, 1, 5, 5, 1, 
266: 2, 5, 0, 1, 3, 0, 3, 0, 4, 0, 0, 2, 43, 1, 0, 0, 0, 1, 0, 0, 0, 4, 0, 0, 3, 1, 1, 40, 0, 0, 0, 0, 3, 0, 3, 0, 0, 3, 0, 1, : 2, 5, 1, 3, 3, 4, 2, 43, 1, 1, 4, 3, 1, 1, 40, 3, 3, 3, 1, 
94: 0, 0, 0, 1, 0, 40, 5, 3, 0, 0, 0, 4, 1, 1, 0, 0, 2, 2, 0, 0, 5, 0, 4, 0, 0, 0, 3, 41, 0, 2, 4, 0, 3, 3, 5, 0, 1, 1, 3, 4, : 1, 40, 5, 3, 4, 1, 1, 2, 2, 5, 4, 3, 41, 2, 4, 3, 3, 5, 1, 1, 3, 4, 
93: 0, 0, 0, 0, 0, 40, 0, 40, 0, 1, 5, 3, 0, 0, 5, 5, 5, 3, 0, 0, 0, 0, 0, 1, 0, 5, 0, 5, 1, 0, 0, 0, 5, 0, 0, 3, 0, 2, 1, 1, : 40, 40, 1, 5, 3, 5, 5, 5, 3, 1, 5, 5, 1, 5, 3, 2, 1, 1, 
43: 0, 3, 4, 3, 3, 0, 0, 0, 0, 0, 5, 3, 1, 0, 0, 0, 4, 0, 3, 0, 0, 0, 0, 2, 0, 40, 0, 1, 0, 0, 3, 4, 2, 0, 3, 1, 0, 0, 1, 0, : 3, 4, 3, 3, 5, 3, 1, 4, 3, 2, 40, 1, 3, 4, 2, 3, 1, 1, 
260: 0, 0, 0, 0, 4, 4, 0, 2, 0, 0, 0, 41, 0, 0, 0, 0, 0, 5, 0, 3, 4, 0, 3, 0, 0, 0, 0, 0, 1, 0, 1, 0, 4, 4, 0, 0, 0, 0, 3, 2, : 4, 4, 2, 41, 5, 3, 4, 3, 1, 1, 4, 4, 3, 2, 
300: 0, 0, 4, 0, 5, 0, 2, 0, 0, 2, 0, 1, 3, 41, 0, 0, 1, 0, 2, 5, 0, 0, 0, 0, 0, 0, 5, 0, 2, 1, 44, 43, 3, 0, 1, 2, 40, 0, 3, 1, : 4, 5, 2, 2, 1, 3, 41, 1, 2, 5, 5, 2, 1, 44, 43, 3, 1, 2, 40, 3, 1, 
161: 1, 5, 4, 5, 5, 0, 0, 4, 0, 3, 0, 0, 3, 4, 0, 0, 0, 0, 0, 1, 0, 5, 5, 0, 0, 0, 0, 1, 0, 41, 0, 0, 4, 5, 0, 1, 0, 2, 0, 4, : 1, 5, 4, 5, 5, 4, 3, 3, 4, 1, 5, 5, 1, 41, 4, 5, 1, 2, 4, 
109: 3, 0, 0, 0, 3, 0, 0, 1, 0, 43, 0, 1, 41, 4, 0, 0, 5, 0, 3, 0, 0, 0, 0, 0, 2, 0, 0, 0, 0, 0, 42, 2, 2, 4, 4, 2, 0, 0, 0, 5, : 3, 3, 1, 43, 1, 41, 4, 5, 3, 2, 42, 2, 2, 4, 4, 2, 5, 
41: 3, 0, 4, 40, 0, 0, 3, 2, 0, 0, 43, 2, 0, 0, 0, 5, 3, 0, 0, 5, 4, 0, 0, 0, 1, 0, 1, 0, 0, 41, 3, 0, 5, 4, 2, 0, 5, 5, 2, 3, : 3, 4, 40, 3, 2, 43, 2, 5, 3, 5, 4, 1, 1, 41, 3, 5, 4, 2, 5, 5, 2, 3, 
113: 0, 0, 0, 4, 0, 0, 3, 3, 2, 0, 0, 4, 0, 0, 4, 4, 5, 0, 1, 0, 0, 2, 44, 0, 1, 0, 4, 3, 41, 0, 0, 0, 5, 3, 5, 2, 0, 40, 1, 3, : 4, 3, 3, 2, 4, 4, 4, 5, 1, 2, 44, 1, 4, 3, 41, 5, 3, 5, 2, 40, 1, 3, 
342: 3, 0, 0, 0, 0, 0, 42, 4, 2, 5, 3, 4, 0, 4, 3, 0, 2, 1, 0, 0, 42, 1, 2, 0, 3, 0, 2, 0, 2, 0, 0, 41, 2, 0, 43, 0, 0, 4, 42, 1, : 3, 42, 4, 2, 5, 3, 4, 4, 3, 2, 1, 42, 1, 2, 3, 2, 2, 41, 2, 43, 4, 42, 1, 
348: 0, 0, 2, 0, 0, 2, 5, 4, 0, 1, 0, 1, 5, 1, 5, 0, 5, 2, 0, 42, 1, 0, 0, 0, 4, 5, 1, 2, 5, 2, 1, 0, 1, 5, 0, 0, 5, 1, 0, 1, : 2, 2, 5, 4, 1, 1, 5, 1, 5, 5, 2, 42, 1, 4, 5, 1, 2, 5, 2, 1, 1, 5, 5, 1, 1, 


381: 0, 1, 40, 0, 0, 1, 2, 4, 0, 0, 4, 0, 0, 0, 0, 2, 0, 5, 0, 0, 0, 0, 1, 0, 0, 0, 3, 5, 0, 4, 0, 0, 0, 5, 5, 1, 0, 3, 0, 0, : 1, 40, 1, 2, 4, 4, 2, 5, 1, 3, 5, 4, 5, 5, 1, 3, 
353: 0, 5, 0, 44, 44, 4, 2, 4, 0, 1, 0, 0, 1, 0, 0, 1, 4, 4, 0, 1, 0, 0, 2, 0, 0, 5, 1, 0, 0, 0, 43, 43, 0, 0, 0, 0, 1, 0, 0, 3, : 5, 44, 44, 4, 2, 4, 1, 1, 1, 4, 4, 1, 2, 5, 1, 43, 43, 1, 3, 
225: 0, 4, 0, 0, 0, 1, 1, 1, 0, 0, 1, 0, 3, 0, 0, 0, 3, 0, 0, 0, 1, 0, 0, 0, 3, 41, 5, 3, 0, 2, 0, 0, 0, 0, 0, 0, 1, 1, 5, 0, : 4, 1, 1, 1, 1, 3, 3, 1, 3, 41, 5, 3, 2, 1, 1, 5, 
242: 0, 4, 0, 3, 0, 1, 43, 0, 4, 0, 4, 0, 0, 1, 0, 1, 1, 0, 0, 0, 0, 0, 5, 42, 3, 0, 0, 0, 41, 3, 0, 1, 1, 0, 42, 0, 0, 2, 0, 0, : 4, 3, 1, 43, 4, 4, 1, 1, 1, 5, 42, 3, 41, 3, 1, 1, 42, 2, 
246: 43, 1, 0, 0, 0, 2, 0, 1, 0, 0, 0, 0, 0, 5, 3, 0, 1, 0, 0, 0, 0, 4, 2, 0, 2, 1, 1, 2, 2, 3, 0, 0, 0, 1, 2, 3, 5, 0, 2, 40, : 43, 1, 2, 1, 5, 3, 1, 4, 2, 2, 1, 1, 2, 2, 3, 1, 2, 3, 5, 2, 40, 
206: 2, 2, 3, 0, 0, 1, 4, 0, 0, 0, 2, 0, 2, 0, 0, 0, 0, 5, 5, 3, 44, 0, 0, 0, 0, 0, 2, 3, 44, 0, 0, 4, 0, 0, 3, 3, 0, 0, 0, 0, : 2, 2, 3, 1, 4, 2, 2, 5, 5, 3, 44, 2, 3, 44, 4, 3, 3, 
184: 0, 4, 0, 0, 1, 2, 2, 4, 0, 0, 0, 0, 0, 0, 0, 1, 2, 0, 4, 3, 0, 0, 0, 0, 2, 0, 0, 0, 5, 3, 0, 0, 44, 0, 0, 4, 2, 3, 43, 1, : 4, 1, 2, 2, 4, 1, 2, 4, 3, 2, 5, 3, 44, 4, 2, 3, 43, 1, 
259: 0, 0, 0, 4, 0, 2, 1, 1, 4, 0, 2, 3, 0, 0, 0, 43, 3, 0, 0, 2, 4, 41, 1, 0, 2, 0, 0, 5, 0, 3, 1, 0, 0, 1, 0, 2, 0, 0, 5, 0, : 4, 2, 1, 1, 4, 2, 3, 43, 3, 2, 4, 41, 1, 2, 5, 3, 1, 1, 2, 5, 
306: 0, 0, 0, 44, 1, 3, 1, 4, 0, 4, 4, 0, 4, 0, 0, 5, 0, 0, 4, 0, 0, 0, 5, 0, 4, 0, 41, 0, 0, 2, 0, 0, 3, 3, 3, 2, 0, 2, 0, 5, : 44, 1, 3, 1, 4, 4, 4, 4, 5, 4, 5, 4, 41, 2, 3, 3, 3, 2, 2, 5, 
310: 0, 0, 3, 0, 0, 3, 0, 1, 0, 43, 5, 0, 4, 1, 3, 4, 0, 4, 0, 2, 0, 1, 5, 0, 5, 0, 0, 0, 0, 1, 1, 0, 0, 42, 0, 1, 0, 0, 2, 0, : 3, 3, 1, 43, 5, 4, 1, 3, 4, 4, 2, 1, 5, 5, 1, 1, 42, 1, 2, 
179: 2, 0, 2, 0, 4, 0, 2, 3, 42, 2, 5, 0, 1, 3, 0, 0, 0, 0, 0, 2, 0, 2, 1, 0, 4, 4, 2, 0, 2, 5, 4, 1, 0, 0, 0, 4, 5, 0, 0, 0, : 2, 2, 4, 2, 3, 42, 2, 5, 1, 3, 2, 2, 1, 4, 4, 2, 2, 5, 4, 1, 4, 5, 
255: 0, 3, 0, 0, 0, 3, 2, 3, 0, 0, 1, 4, 0, 0, 0, 0, 0, 0, 0, 1, 0, 0, 4, 3, 1, 0, 0, 0, 0, 1, 0, 0, 2, 0, 0, 0, 0, 0, 4, 0, : 3, 3, 2, 3, 1, 4, 1, 4, 3, 1, 1, 2, 4, 
120: 0, 3, 0, 3, 5, 0, 0, 1, 3, 2, 5, 0, 2, 1, 0, 0, 0, 1, 0, 5, 5, 2, 2, 5, 0, 5, 0, 0, 0, 1, 0, 4, 0, 2, 0, 0, 0, 0, 1, 0, : 3, 3, 5, 1, 3, 2, 5, 2, 1, 1, 5, 5, 2, 2, 5, 5, 1, 4, 2, 1, 
388: 0, 1, 0, 0, 0, 4, 1, 1, 5, 0, 1, 0, 0, 0, 3, 0, 0, 0, 0, 1, 0, 0, 2, 1, 1, 3, 0, 0, 0, 0, 0, 1, 0, 0, 0, 5, 0, 0, 0, 2, : 1, 4, 1, 1, 5, 1, 3, 1, 2, 1, 1, 3, 1, 5, 2, 
236: 0, 0, 1, 0, 0, 2, 1, 5, 4, 0, 3, 2, 1, 0, 0, 0, 0, 2, 0, 2, 5, 0, 0, 0, 2, 0, 1, 3, 0, 1, 4, 1, 4, 0, 0, 5, 0, 5, 2, 0, : 1, 2, 1, 5, 4, 3, 2, 1, 2, 2, 5, 2, 1, 3, 1, 4, 1, 4, 5, 5, 2, 
311: 0, 1, 1, 2, 0, 4, 2, 4, 2, 0, 0, 0, 0, 0, 40, 0, 43, 5, 0, 3, 0, 1, 0, 0, 0, 0, 5, 0, 0, 3, 0, 0, 1, 2, 3, 1, 0, 2, 0, 0, : 1, 1, 2, 4, 2, 4, 2, 40, 43, 5, 3, 1, 5, 3, 1, 2, 3, 1, 2, 
40: 4, 5, 3, 0, 2, 1, 5, 2, 0, 0, 4, 3, 0, 0, 0, 0, 4, 0, 0, 3, 0, 3, 0, 0, 3, 0, 0, 43, 3, 4, 5, 2, 0, 0, 0, 0, 0, 0, 0, 0, : 4, 5, 3, 2, 1, 5, 2, 4, 3, 4, 3, 3, 3, 43, 3, 4, 5, 2, 
58: 4, 1, 4, 0, 3, 41, 2, 0, 0, 5, 0, 0, 0, 0, 0, 0, 0, 0, 0, 1, 0, 2, 5, 3, 5, 0, 0, 0, 0, 2, 0, 0, 4, 0, 0, 1, 5, 41, 0, 0, : 4, 1, 4, 3, 41, 2, 5, 1, 2, 5, 3, 5, 2, 4, 1, 5, 41, 
62: 0, 4, 0, 0, 0, 1, 0, 4, 0, 0, 0, 0, 42, 0, 0, 5, 0, 0, 0, 0, 3, 1, 5, 0, 1, 0, 1, 5, 0, 0, 0, 1, 0, 0, 42, 2, 0, 0, 1, 0, : 4, 1, 4, 42, 5, 3, 1, 5, 1, 1, 5, 1, 42, 2, 1, 
182: 0, 0, 0, 0, 43, 5, 0, 3, 0, 3, 4, 0, 5, 5, 4, 0, 5, 0, 0, 41, 0, 0, 5, 0, 4, 4, 2, 0, 0, 5, 0, 0, 1, 3, 0, 4, 1, 0, 2, 41, : 43, 5, 3, 3, 4, 5, 5, 4, 5, 41, 5, 4, 4, 2, 5, 1, 3, 4, 1, 2, 41, 
12: 2, 4, 0, 0, 1, 4, 2, 4, 0, 0, 1, 3, 0, 3, 0, 0, 0, 1, 0, 3, 0, 0, 0, 4, 3, 0, 0, 3, 5, 3, 0, 0, 0, 0, 1, 0, 0, 0, 2, 0, : 2, 4, 1, 4, 2, 4, 1, 3, 3, 1, 3, 4, 3, 3, 5, 3, 1, 2, 
254: 0, 0, 42, 0, 3, 5, 0, 0, 3, 3, 4, 41, 4, 0, 4, 2, 0, 0, 0, 0, 0, 2, 4, 0, 40, 0, 41, 0, 0, 41, 0, 0, 0, 0, 0, 1, 0, 0, 0, 3, : 42, 3, 5, 3, 3, 4, 41, 4, 4, 2, 2, 4, 40, 41, 41, 1, 3, 
124: 2, 0, 0, 1, 0, 0, 0, 0, 3, 0, 0, 0, 2, 2, 0, 0, 0, 2, 2, 2, 0, 2, 0, 2, 4, 0, 0, 0, 2, 0, 0, 1, 5, 3, 0, 2, 0, 0, 0, 4, : 2, 1, 3, 2, 2, 2, 2, 2, 2, 2, 4, 2, 1, 5, 3, 2, 4, 
233: 0, 2, 2, 0, 0, 3, 1, 4, 40, 0, 2, 0, 0, 5, 0, 0, 5, 0, 0, 1, 0, 0, 2, 3, 3, 0, 5, 3, 1, 0, 0, 0, 2, 0, 0, 0, 43, 0, 0, 4, : 2, 2, 3, 1, 4, 40, 2, 5, 5, 1, 2, 3, 3, 5, 3, 1, 2, 43, 4, 
250: 0, 5, 0, 0, 1, 0, 1, 3, 5, 1, 0, 43, 0, 3, 3, 1, 2, 3, 0, 2, 1, 0, 0, 0, 1, 0, 0, 41, 0, 5, 43, 3, 5, 0, 0, 0, 41, 0, 0, 0, : 5, 1, 1, 3, 5, 1, 43, 3, 3, 1, 2, 3, 2, 1, 1, 41, 5, 43, 3, 5, 41, 
51: 0, 0, 0, 0, 4, 0, 0, 2, 0, 0, 2, 0, 0, 0, 5, 5, 0, 0, 1, 2, 0, 1, 1, 0, 1, 0, 0, 0, 0, 3, 0, 0, 0, 1, 4, 2, 0, 0, 40, 0, : 4, 2, 2, 5, 5, 1, 2, 1, 1, 1, 3, 1, 4, 2, 40, 
199: 3, 5, 4, 3, 0, 0, 5, 1, 0, 4, 2, 5, 0, 0, 0, 0, 44, 0, 5, 3, 43, 0, 0, 1, 0, 5, 0, 0, 3, 2, 4, 0, 0, 0, 0, 2, 0, 4, 0, 3, : 3, 5, 4, 3, 5, 1, 4, 2, 5, 44, 5, 3, 43, 1, 5, 3, 2, 4, 2, 4, 3, 
7: 0, 2, 0, 2, 3, 3, 1, 1, 0, 0, 5, 0, 0, 0, 0, 2, 0, 0, 0, 4, 4, 0, 0, 2, 1, 0, 0, 0, 0, 0, 0, 5, 3, 0, 3, 3, 0, 4, 0, 5, : 2, 2, 3, 3, 1, 1, 5, 2, 4, 4, 2, 1, 5, 3, 3, 3, 4, 5, 
38: 0, 1, 0, 2, 0, 0, 5, 5, 0, 0, 3, 1, 0, 0, 43, 0, 0, 0, 0, 4, 0, 0, 0, 4, 1, 40, 0, 0, 0, 3, 0, 1, 1, 1, 0, 0, 0, 0, 0, 0, : 1, 2, 5, 5, 3, 1, 43, 4, 4, 1, 40, 3, 1, 1, 1, 
244: 0, 1, 0, 3, 0, 3, 4, 0, 2, 0, 5, 0, 0, 0, 0, 2, 0, 0, 0, 5, 0, 0, 1, 0, 2, 4, 0, 0, 0, 1, 0, 0, 0, 0, 0, 3, 0, 0, 0, 2, : 1, 3, 3, 4, 2, 5, 2, 5, 1, 2, 4, 1, 3, 2, 
201: 0, 1, 0, 2, 1, 0, 5, 0, 0, 0, 0, 0, 0, 0, 4, 0, 0, 43, 40, 4, 0, 3, 5, 0, 1, 0, 0, 0, 5, 0, 0, 5, 0, 2, 0, 3, 5, 1, 0, 0, : 1, 2, 1, 5, 4, 43, 40, 4, 3, 5, 1, 5, 5, 2, 3, 5, 1, 
263: 43, 0, 0, 1, 0, 3, 3, 2, 0, 2, 42, 2, 0, 2, 0, 0, 2, 0, 3, 1, 1, 4, 2, 0, 4, 3, 0, 0, 0, 0, 3, 0, 0, 4, 0, 4, 0, 4, 3, 0, : 43, 1, 3, 3, 2, 2, 42, 2, 2, 2, 3, 1, 1, 4, 2, 4, 3, 3, 4, 4, 4, 3, 
204: 2, 5, 0, 0, 1, 2, 5, 0, 0, 3, 0, 0, 0, 43, 0, 3, 0, 0, 0, 1, 0, 0, 5, 0, 5, 0, 4, 0, 4, 4, 4, 0, 0, 3, 4, 5, 0, 0, 0, 3, : 2, 5, 1, 2, 5, 3, 43, 3, 1, 5, 5, 4, 4, 4, 4, 3, 4, 5, 3, 
191: 4, 0, 1, 0, 0, 1, 0, 44, 1, 41, 1, 1, 3, 2, 0, 0, 0, 0, 44, 3, 4, 0, 1, 0, 1, 0, 4, 0, 0, 3, 1, 0, 0, 3, 0, 1, 1, 42, 0, 0, : 4, 1, 1, 44, 1, 41, 1, 1, 3, 2, 44, 3, 4, 1, 1, 4, 3, 1, 3, 1, 1, 42, 
4: 0, 0, 4, 3, 0, 3, 3, 0, 0, 0, 0, 5, 0, 0, 0, 0, 0, 2, 1, 5, 0, 1, 43, 4, 4, 2, 0, 0, 0, 4, 2, 0, 0, 40, 5, 43, 2, 0, 0, 4, : 4, 3, 3, 3, 5, 2, 1, 5, 1, 43, 4, 4, 2, 4, 2, 40, 5, 43, 2, 4, 
165: 0, 1, 0, 0, 0, 2, 0, 1, 0, 0, 0, 5, 0, 0, 3, 0, 1, 41, 4, 0, 0, 0, 1, 0, 1, 0, 0, 0, 0, 1, 0, 41, 40, 2, 0, 0, 4, 3, 3, 0, : 1, 2, 1, 5, 3, 1, 41, 4, 1, 1, 1, 41, 40, 2, 4, 3, 3, 
279: 5, 4, 1, 0, 0, 5, 5, 1, 1, 5, 5, 2, 1, 0, 0, 0, 0, 2, 0, 4, 0, 4, 5, 0, 0, 2, 2, 1, 0, 3, 0, 3, 0, 0, 0, 4, 0, 0, 5, 0, : 5, 4, 1, 5, 5, 1, 1, 5, 5, 2, 1, 2, 4, 4, 5, 2, 2, 1, 3, 3, 4, 5, 
116: 0, 5, 4, 0, 0, 3, 5, 0, 0, 0, 0, 0, 1, 42, 3, 43, 0, 0, 0, 4, 5, 0, 5, 5, 3, 0, 0, 0, 3, 0, 0, 0, 4, 2, 1, 0, 0, 1, 0, 0, : 5, 4, 3, 5, 1, 42, 3, 43, 4, 5, 5, 5, 3, 3, 4, 2, 1, 1, 
328: 1, 41, 4, 3, 1, 0, 3, 4, 1, 0, 3, 0, 0, 0, 0, 0, 0, 0, 5, 0, 0, 44, 0, 0, 3, 1, 0, 0, 0, 4, 5, 3, 0, 0, 0, 5, 4, 2, 0, 0, : 1, 41, 4, 3, 1, 3, 4, 1, 3, 5, 44, 3, 1, 4, 5, 3, 5, 4, 2, 
269: 3, 4, 1, 0, 2, 2, 1, 2, 0, 1, 0, 0, 44, 2, 2, 0, 0, 0, 2, 2, 0, 2, 0, 41, 0, 0, 0, 3, 0, 0, 0, 0, 0, 0, 2, 4, 0, 0, 0, 0, : 3, 4, 1, 2, 2, 1, 2, 1, 44, 2, 2, 2, 2, 2, 41, 3, 2, 4, 


312: 2, 0, 0, 4, 0, 3, 0, 0, 5, 0, 0, 2, 2, 0, 2, 0, 0, 0, 0, 0, 2, 0, 0, 0, 0, 0, 5, 0, 3, 0, 1, 0, 2, 2, 0, 3, 3, 0, 0, 1, : 2, 4, 3, 5, 2, 2, 2, 2, 5, 3, 1, 2, 2, 3, 3, 1, 
358: 0, 2, 2, 1, 4, 2, 2, 1, 1, 1, 5, 0, 0, 2, 4, 0, 0, 2, 2, 0, 0, 0, 0, 1, 1, 0, 1, 4, 4, 0, 4, 0, 0, 1, 0, 2, 0, 0, 0, 0, : 2, 2, 1, 4, 2, 2, 1, 1, 1, 5, 2, 4, 2, 2, 1, 1, 1, 4, 4, 4, 1, 2, 
105: 1, 1, 0, 0, 4, 5, 3, 4, 4, 0, 2, 0, 0, 0, 0, 0, 0, 4, 1, 0, 0, 3, 1, 0, 2, 5, 0, 0, 5, 0, 2, 0, 42, 0, 1, 40, 5, 0, 40, 5, : 1, 1, 4, 5, 3, 4, 4, 2, 4, 1, 3, 1, 2, 5, 5, 2, 42, 1, 40, 5, 40, 5, 
200: 3, 2, 3, 41, 0, 4, 0, 0, 0, 2, 0, 0, 0, 4, 3, 0, 0, 0, 0, 4, 0, 0, 4, 0, 0, 0, 0, 1, 1, 0, 1, 5, 1, 4, 0, 0, 1, 0, 0, 42, : 3, 2, 3, 41, 4, 2, 4, 3, 4, 4, 1, 1, 1, 5, 1, 4, 1, 42, 
104: 3, 3, 3, 1, 2, 2, 0, 3, 0, 42, 5, 0, 0, 0, 0, 0, 0, 3, 4, 0, 0, 0, 5, 0, 5, 0, 0, 2, 0, 0, 2, 3, 5, 0, 0, 0, 2, 40, 0, 2, : 3, 3, 3, 1, 2, 2, 3, 42, 5, 3, 4, 5, 5, 2, 2, 3, 5, 2, 40, 2, 
313: 3, 4, 0, 0, 5, 2, 5, 5, 1, 4, 3, 0, 0, 0, 1, 0, 0, 3, 1, 0, 0, 1, 0, 0, 0, 0, 0, 5, 3, 5, 0, 3, 3, 4, 3, 0, 2, 0, 4, 0, : 3, 4, 5, 2, 5, 5, 1, 4, 3, 1, 3, 1, 1, 5, 3, 5, 3, 3, 4, 3, 2, 4, 
150: 0, 0, 5, 1, 0, 2, 2, 0, 2, 0, 1, 0, 43, 0, 0, 3, 0, 4, 1, 0, 1, 2, 2, 2, 1, 3, 0, 0, 0, 2, 3, 5, 1, 0, 0, 5, 2, 5, 0, 0, : 5, 1, 2, 2, 2, 1, 43, 3, 4, 1, 1, 2, 2, 2, 1, 3, 2, 3, 5, 1, 5, 2, 5, 
135: 1, 0, 1, 0, 1, 42, 0, 0, 3, 5, 1, 43, 1, 0, 0, 1, 0, 4, 2, 0, 0, 0, 0, 0, 3, 0, 4, 1, 0, 40, 4, 1, 3, 4, 0, 0, 1, 0, 4, 5, : 1, 1, 1, 42, 3, 5, 1, 43, 1, 1, 4, 2, 3, 4, 1, 40, 4, 1, 3, 4, 1, 4, 5, 
375: 0, 2, 0, 5, 3, 0, 0, 3, 1, 0, 0, 0, 0, 41, 3, 5, 1, 0, 5, 0, 0, 0, 0, 0, 0, 0, 1, 3, 0, 0, 1, 5, 2, 2, 4, 2, 1, 0, 0, 0, : 2, 5, 3, 3, 1, 41, 3, 5, 1, 5, 1, 3, 1, 5, 2, 2, 4, 2, 1, 
115: 0, 0, 3, 0, 3, 5, 0, 4, 0, 5, 2, 43, 1, 2, 4, 0, 0, 0, 0, 4, 3, 0, 2, 44, 1, 0, 0, 0, 4, 3, 3, 0, 4, 2, 0, 0, 0, 0, 0, 1, : 3, 3, 5, 4, 5, 2, 43, 1, 2, 4, 4, 3, 2, 44, 1, 4, 3, 3, 4, 2, 1, 
125: 3, 4, 4, 0, 4, 0, 5, 0, 0, 0, 3, 0, 0, 0, 0, 0, 3, 4, 3, 2, 43, 5, 0, 0, 2, 3, 0, 3, 2, 1, 5, 0, 0, 4, 0, 0, 4, 0, 0, 0, : 3, 4, 4, 4, 5, 3, 3, 4, 3, 2, 43, 5, 2, 3, 3, 2, 1, 5, 4, 4, 
31: 2, 3, 0, 4, 3, 3, 0, 0, 0, 0, 0, 0, 0, 3, 0, 4, 5, 43, 0, 0, 0, 43, 0, 0, 1, 2, 0, 0, 5, 0, 4, 40, 3, 1, 0, 0, 4, 0, 0, 0, : 2, 3, 4, 3, 3, 3, 4, 5, 43, 43, 1, 2, 5, 4, 40, 3, 1, 4, 
243: 1, 0, 5, 5, 0, 0, 3, 0, 0, 0, 3, 2, 5, 0, 3, 0, 40, 3, 3, 2, 1, 3, 0, 0, 2, 0, 0, 0, 3, 0, 1, 0, 0, 0, 0, 0, 3, 0, 1, 1, : 1, 5, 5, 3, 3, 2, 5, 3, 40, 3, 3, 2, 1, 3, 2, 3, 1, 3, 1, 1, 
210: 4, 0, 0, 1, 0, 3, 0, 5, 0, 1, 2, 0, 0, 0, 5, 0, 0, 4, 2, 0, 4, 0, 0, 0, 0, 1, 0, 2, 0, 0, 2, 1, 3, 1, 0, 0, 2, 4, 44, 5, : 4, 1, 3, 5, 1, 2, 5, 4, 2, 4, 1, 2, 2, 1, 3, 1, 2, 4, 44, 5, 
95: 1, 2, 0, 4, 5, 2, 0, 0, 0, 2, 1, 0, 4, 0, 1, 4, 0, 2, 0, 0, 5, 0, 0, 3, 1, 3, 0, 0, 0, 0, 4, 0, 0, 1, 5, 1, 5, 0, 0, 0, : 1, 2, 4, 5, 2, 2, 1, 4, 1, 4, 2, 5, 3, 1, 3, 4, 1, 5, 1, 5, 
30: 4, 5, 5, 4, 3, 2, 3, 0, 5, 1, 0, 3, 2, 0, 0, 0, 1, 0, 4, 0, 0, 4, 0, 0, 5, 0, 0, 0, 1, 0, 0, 0, 3, 43, 0, 2, 1, 4, 0, 0, : 4, 5, 5, 4, 3, 2, 3, 5, 1, 3, 2, 1, 4, 4, 5, 1, 3, 43, 2, 1, 4, 
374: 0, 2, 3, 1, 1, 1, 3, 0, 0, 1, 3, 0, 42, 0, 0, 1, 4, 0, 41, 0, 0, 0, 2, 1, 5, 0, 3, 2, 3, 5, 3, 0, 5, 0, 0, 0, 0, 0, 1, 0, : 2, 3, 1, 1, 1, 3, 1, 3, 42, 1, 4, 41, 2, 1, 5, 3, 2, 3, 5, 3, 5, 1, 
168: 4, 0, 1, 1, 1, 4, 0, 41, 0, 0, 5, 3, 0, 0, 0, 0, 2, 0, 0, 1, 0, 0, 0, 0, 1, 1, 0, 2, 4, 0, 2, 0, 2, 1, 1, 0, 0, 4, 0, 0, : 4, 1, 1, 1, 4, 41, 5, 3, 2, 1, 1, 1, 2, 4, 2, 2, 1, 1, 4, 
322: 0, 2, 3, 2, 1, 1, 1, 2, 0, 0, 0, 0, 0, 0, 0, 0, 0, 5, 4, 0, 0, 0, 2, 0, 0, 0, 0, 4, 0, 0, 0, 0, 4, 0, 0, 0, 2, 3, 0, 1, : 2, 3, 2, 1, 1, 1, 2, 5, 4, 2, 4, 4, 2, 3, 1, 
71: 4, 0, 0, 0, 1, 5, 4, 0, 0, 0, 1, 1, 0, 0, 0, 1, 0, 5, 2, 0, 4, 0, 1, 3, 5, 3, 1, 5, 0, 0, 0, 0, 0, 0, 0, 2, 2, 3, 0, 0, : 4, 1, 5, 4, 1, 1, 1, 5, 2, 4, 1, 3, 5, 3, 1, 5, 2, 2, 3, 
34: 5, 3, 2, 1, 40, 0, 0, 3, 0, 1, 3, 3, 1, 0, 1, 0, 5, 0, 0, 0, 0, 0, 0, 0, 3, 1, 0, 0, 4, 1, 2, 0, 0, 5, 0, 5, 4, 2, 0, 1, : 5, 3, 2, 1, 40, 3, 1, 3, 3, 1, 1, 5, 3, 1, 4, 1, 2, 5, 5, 4, 2, 1, 
251: 3, 4, 0, 4, 0, 2, 1, 4, 1, 0, 0, 2, 0, 0, 1, 0, 0, 4, 2, 5, 41, 0, 3, 4, 5, 0, 5, 4, 3, 0, 3, 0, 3, 1, 4, 1, 0, 0, 0, 0, : 3, 4, 4, 2, 1, 4, 1, 2, 1, 4, 2, 5, 41, 3, 4, 5, 5, 4, 3, 3, 3, 1, 4, 1, 
282: 3, 1, 0, 3, 1, 4, 0, 0, 0, 0, 0, 5, 0, 2, 0, 0, 0, 0, 3, 0, 0, 0, 0, 0, 1, 43, 4, 4, 2, 0, 2, 2, 4, 4, 1, 4, 0, 0, 5, 3, : 3, 1, 3, 1, 4, 5, 2, 3, 1, 43, 4, 4, 2, 2, 2, 4, 4, 1, 4, 5, 3, 
128: 5, 0, 4, 1, 4, 1, 4, 0, 3, 3, 1, 1, 0, 0, 5, 0, 1, 0, 4, 4, 0, 0, 0, 2, 2, 1, 5, 3, 4, 5, 0, 0, 0, 3, 0, 5, 0, 3, 1, 42, : 5, 4, 1, 4, 1, 4, 3, 3, 1, 1, 5, 1, 4, 4, 2, 2, 1, 5, 3, 4, 5, 3, 5, 3, 1, 42, 
231: 3, 1, 4, 4, 0, 0, 0, 3, 0, 0, 4, 0, 5, 1, 5, 0, 0, 5, 3, 5, 0, 0, 0, 0, 0, 0, 0, 4, 4, 0, 2, 0, 4, 5, 0, 0, 4, 42, 5, 0, : 3, 1, 4, 4, 3, 4, 5, 1, 5, 5, 3, 5, 4, 4, 2, 4, 5, 4, 42, 5, 
343: 1, 5, 1, 1, 5, 3, 0, 3, 0, 0, 4, 0, 2, 5, 5, 0, 4, 0, 5, 0, 0, 0, 2, 0, 4, 0, 0, 5, 2, 0, 0, 0, 0, 4, 0, 0, 5, 0, 0, 0, : 1, 5, 1, 1, 5, 3, 3, 4, 2, 5, 5, 4, 5, 2, 4, 5, 2, 4, 5, 
78: 0, 1, 4, 2, 0, 0, 0, 5, 43, 1, 4, 0, 0, 0, 4, 1, 0, 0, 2, 3, 1, 0, 0, 3, 0, 0, 0, 0, 4, 0, 5, 0, 1, 3, 0, 0, 4, 0, 0, 0, : 1, 4, 2, 5, 43, 1, 4, 4, 1, 2, 3, 1, 3, 4, 5, 1, 3, 4, 
216: 1, 5, 4, 4, 5, 4, 0, 4, 0, 0, 2, 0, 0, 3, 5, 2, 0, 0, 0, 0, 1, 5, 43, 2, 2, 0, 0, 2, 0, 1, 1, 5, 2, 5, 0, 0, 0, 0, 0, 0, : 1, 5, 4, 4, 5, 4, 4, 2, 3, 5, 2, 1, 5, 43, 2, 2, 2, 1, 1, 5, 2, 5, 
377: 4, 2, 0, 0, 5, 1, 0, 0, 0, 2, 2, 0, 0, 0, 0, 44, 0, 5, 0, 3, 0, 0, 0, 3, 3, 0, 0, 0, 3, 0, 0, 43, 4, 2, 5, 1, 1, 0, 0, 5, : 4, 2, 5, 1, 2, 2, 44, 5, 3, 3, 3, 3, 43, 4, 2, 5, 1, 1, 5, 
258: 0, 1, 0, 3, 1, 3, 0, 2, 40, 0, 1, 3, 0, 44, 4, 0, 0, 0, 4, 40, 3, 4, 0, 4, 3, 0, 0, 3, 42, 0, 2, 0, 1, 5, 5, 0, 3, 3, 0, 0, : 1, 3, 1, 3, 2, 40, 1, 3, 44, 4, 4, 40, 3, 4, 4, 3, 3, 42, 2, 1, 5, 5, 3, 3, 
130: 3, 1, 0, 4, 1, 3, 0, 4, 1, 1, 2, 2, 5, 0, 0, 3, 0, 2, 2, 0, 3, 0, 0, 0, 3, 0, 0, 40, 1, 0, 1, 0, 5, 2, 0, 0, 4, 0, 5, 0, : 3, 1, 4, 1, 3, 4, 1, 1, 2, 2, 5, 3, 2, 2, 3, 3, 40, 1, 1, 5, 2, 4, 5, 
238: 44, 5, 4, 3, 0, 3, 0, 5, 3, 1, 3, 0, 1, 1, 5, 1, 0, 4, 3, 3, 0, 0, 1, 1, 1, 43, 42, 0, 0, 43, 3, 0, 0, 5, 41, 4, 0, 0, 4, 0, : 44, 5, 4, 3, 3, 5, 3, 1, 3, 1, 1, 5, 1, 4, 3, 3, 1, 1, 1, 43, 42, 43, 3, 5, 41, 4, 4, 
101: 0, 4, 1, 3, 3, 2, 0, 5, 0, 0, 4, 0, 1, 2, 44, 3, 43, 0, 0, 2, 1, 0, 0, 5, 1, 0, 0, 5, 2, 0, 2, 4, 0, 0, 1, 43, 2, 0, 2, 0, : 4, 1, 3, 3, 2, 5, 4, 1, 2, 44, 3, 43, 2, 1, 5, 1, 5, 2, 2, 4, 1, 43, 2, 2, 
209: 3, 0, 44, 2, 0, 0, 44, 0, 0, 2, 4, 2, 0, 0, 2, 0, 0, 1, 4, 41, 4, 0, 0, 0, 5, 0, 0, 4, 5, 0, 0, 3, 2, 3, 2, 0, 0, 0, 0, 0, : 3, 44, 2, 44, 2, 4, 2, 2, 1, 4, 41, 4, 5, 4, 5, 3, 2, 3, 2, 
394: 3, 4, 5, 0, 5, 0, 0, 2, 0, 0, 0, 0, 0, 1, 5, 0, 4, 4, 1, 0, 1, 43, 5, 0, 2, 0, 3, 0, 0, 0, 40, 0, 0, 0, 1, 0, 3, 0, 0, 0, : 3, 4, 5, 5, 2, 1, 5, 4, 4, 1, 1, 43, 5, 2, 3, 40, 1, 3, 
143: 3, 0, 3, 0, 0, 0, 0, 0, 4, 40, 1, 4, 4, 0, 0, 3, 2, 2, 2, 0, 2, 3, 41, 0, 3, 0, 0, 1, 1, 0, 3, 0, 1, 0, 0, 0, 42, 1, 0, 4, : 3, 3, 4, 40, 1, 4, 4, 3, 2, 2, 2, 2, 3, 41, 3, 1, 1, 3, 1, 42, 1, 4, 
196: 1, 4, 0, 5, 2, 0, 40, 5, 3, 0, 40, 0, 0, 5, 3, 0, 0, 2, 4, 1, 0, 0, 0, 42, 42, 2, 44, 1, 0, 3, 2, 0, 5, 2, 0, 0, 4, 0, 4, 0, : 1, 4, 5, 2, 40, 5, 3, 40, 5, 3, 2, 4, 1, 42, 42, 2, 44, 1, 3, 2, 5, 2, 4, 4, 
107: 0, 43, 0, 0, 3, 3, 0, 2, 0, 1, 2, 0, 1, 1, 0, 1, 4, 0, 1, 0, 0, 0, 0, 0, 4, 4, 1, 3, 1, 5, 0, 0, 3, 1, 1, 0, 4, 4, 0, 2, : 43, 3, 3, 2, 1, 2, 1, 1, 1, 4, 1, 4, 4, 1, 3, 1, 5, 3, 1, 1, 4, 4, 2, 
357: 2, 2, 1, 2, 1, 0, 0, 0, 0, 4, 2, 0, 0, 3, 3, 0, 1, 5, 0, 0, 0, 0, 2, 0, 1, 0, 1, 4, 4, 1, 5, 0, 0, 0, 44, 0, 0, 0, 0, 0, : 2, 2, 1, 2, 1, 4, 2, 3, 3, 1, 5, 2, 1, 1, 4, 4, 1, 5, 44, 
17: 0, 2, 5, 3, 3, 3, 0, 5, 0, 0, 4, 1, 0, 0, 2, 43, 0, 0, 5, 0, 0, 4, 4, 0, 0, 5, 0, 3, 0, 5, 5, 0, 2, 0, 1, 0, 0, 2, 0, 0, : 2, 5, 3, 3, 3, 5, 4, 1, 2, 43, 5, 4, 4, 5, 3, 5, 5, 2, 1, 2, 


53: 4, 0, 5, 1, 2, 0, 0, 0, 0, 4, 0, 0, 0, 0, 0, 0, 4, 0, 0, 2, 0, 0, 0, 4, 0, 0, 2, 3, 0, 1, 2, 3, 40, 1, 1, 0, 4, 5, 2, 0, : 4, 5, 1, 2, 4, 4, 2, 4, 2, 3, 1, 2, 3, 40, 1, 1, 4, 5, 2, 
302: 3, 0, 1, 3, 3, 0, 0, 0, 0, 0, 2, 0, 4, 0, 0, 0, 3, 0, 0, 3, 0, 1, 0, 1, 0, 4, 1, 40, 0, 0, 4, 3, 0, 1, 2, 0, 0, 1, 1, 5, : 3, 1, 3, 3, 2, 4, 3, 3, 1, 1, 4, 1, 40, 4, 3, 1, 2, 1, 1, 5, 
156: 0, 0, 0, 43, 0, 4, 0, 2, 0, 2, 0, 1, 0, 0, 0, 0, 0, 4, 0, 2, 0, 4, 0, 40, 0, 3, 41, 1, 0, 0, 5, 2, 5, 3, 4, 5, 0, 5, 0, 4, : 43, 4, 2, 2, 1, 4, 2, 4, 40, 3, 41, 1, 5, 2, 5, 3, 4, 5, 5, 4, 
192: 1, 0, 1, 2, 0, 3, 0, 1, 5, 0, 4, 0, 0, 2, 4, 0, 4, 0, 0, 3, 0, 3, 0, 3, 0, 5, 3, 0, 5, 1, 1, 2, 0, 5, 4, 0, 2, 2, 5, 4, : 1, 1, 2, 3, 1, 5, 4, 2, 4, 4, 3, 3, 3, 5, 3, 5, 1, 1, 2, 5, 4, 2, 2, 5, 4, 
298: 1, 2, 41, 0, 0, 0, 0, 4, 4, 0, 5, 42, 0, 2, 0, 0, 1, 0, 0, 1, 0, 0, 3, 1, 2, 0, 3, 0, 1, 0, 0, 2, 0, 3, 1, 1, 1, 1, 4, 5, : 1, 2, 41, 4, 4, 5, 42, 2, 1, 1, 3, 1, 2, 3, 1, 2, 3, 1, 1, 1, 1, 4, 5, 
122: 1, 0, 5, 2, 0, 0, 41, 0, 0, 0, 1, 0, 0, 3, 0, 4, 41, 0, 0, 0, 5, 0, 4, 0, 40, 5, 4, 0, 5, 1, 3, 4, 5, 1, 2, 0, 1, 4, 3, 0, : 1, 5, 2, 41, 1, 3, 4, 41, 5, 4, 40, 5, 4, 5, 1, 3, 4, 5, 1, 2, 1, 4, 3, 
268: 5, 1, 0, 0, 0, 4, 0, 1, 4, 0, 2, 5, 3, 5, 2, 42, 1, 5, 0, 5, 0, 0, 44, 0, 0, 0, 4, 0, 2, 1, 1, 5, 0, 2, 4, 0, 0, 0, 0, 0, : 5, 1, 4, 1, 4, 2, 5, 3, 5, 2, 42, 1, 5, 5, 44, 4, 2, 1, 1, 5, 2, 4, 
235: 5, 1, 0, 5, 41, 41, 5, 1, 43, 0, 2, 0, 0, 0, 5, 0, 4, 5, 0, 2, 1, 3, 0, 0, 0, 0, 0, 3, 0, 2, 2, 2, 0, 2, 2, 0, 3, 3, 3, 5, : 5, 1, 5, 41, 41, 5, 1, 43, 2, 5, 4, 5, 2, 1, 3, 3, 2, 2, 2, 2, 2, 3, 3, 3, 5, 
232: 2, 5, 0, 4, 0, 4, 0, 1, 2, 0, 5, 0, 4, 1, 0, 1, 1, 0, 42, 0, 0, 1, 0, 0, 0, 3, 5, 0, 0, 2, 0, 4, 0, 4, 3, 44, 5, 2, 0, 2, : 2, 5, 4, 4, 1, 2, 5, 4, 1, 1, 1, 42, 1, 3, 5, 2, 4, 4, 3, 44, 5, 2, 2, 
212: 0, 0, 0, 5, 0, 2, 0, 0, 0, 0, 0, 3, 0, 0, 2, 4, 2, 5, 0, 0, 0, 1, 0, 0, 5, 0, 1, 3, 2, 0, 1, 5, 0, 5, 4, 0, 0, 3, 0, 0, : 5, 2, 3, 2, 4, 2, 5, 1, 5, 1, 3, 2, 1, 5, 5, 4, 3, 
29: 1, 5, 2, 5, 0, 2, 0, 5, 0, 42, 4, 0, 0, 4, 0, 3, 0, 0, 43, 3, 0, 1, 40, 0, 40, 0, 5, 0, 0, 0, 1, 1, 0, 3, 2, 0, 4, 2, 5, 3, : 1, 5, 2, 5, 2, 5, 42, 4, 4, 3, 43, 3, 1, 40, 40, 5, 1, 1, 3, 2, 4, 2, 5, 3, 
42: 3, 0, 0, 0, 0, 1, 0, 0, 0, 0, 0, 5, 0, 0, 0, 0, 5, 0, 3, 5, 2, 1, 0, 0, 0, 5, 0, 2, 0, 0, 4, 5, 0, 3, 4, 0, 4, 0, 1, 0, : 3, 1, 5, 5, 3, 5, 2, 1, 5, 2, 4, 5, 3, 4, 4, 1, 
24: 4, 0, 0, 0, 0, 0, 0, 1, 0, 0, 3, 0, 0, 0, 0, 0, 0, 43, 2, 0, 0, 3, 1, 0, 3, 0, 0, 0, 4, 0, 3, 5, 0, 3, 5, 0, 1, 0, 1, 4, : 4, 1, 3, 43, 2, 3, 1, 3, 4, 3, 5, 3, 5, 1, 1, 4, 
132: 5, 4, 0, 1, 0, 4, 4, 4, 1, 4, 0, 4, 0, 2, 0, 0, 0, 2, 0, 3, 42, 0, 0, 0, 0, 0, 1, 0, 41, 4, 2, 4, 2, 2, 5, 1, 0, 5, 2, 1, : 5, 4, 1, 4, 4, 4, 1, 4, 4, 2, 2, 3, 42, 1, 41, 4, 2, 4, 2, 2, 5, 1, 5, 2, 1, 
102: 2, 40, 3, 0, 5, 0, 0, 41, 0, 0, 5, 0, 0, 1, 0, 0, 5, 0, 0, 3, 0, 0, 2, 0, 3, 1, 1, 5, 0, 2, 41, 2, 4, 5, 1, 1, 0, 1, 0, 0, : 2, 40, 3, 5, 41, 5, 1, 5, 3, 2, 3, 1, 1, 5, 2, 41, 2, 4, 5, 1, 1, 1, 
291: 0, 5, 41, 0, 2, 3, 0, 0, 0, 5, 5, 3, 0, 0, 0, 0, 4, 3, 4, 1, 0, 0, 0, 0, 3, 0, 5, 0, 1, 1, 0, 4, 40, 3, 3, 0, 1, 5, 3, 1, : 5, 41, 2, 3, 5, 5, 3, 4, 3, 4, 1, 3, 5, 1, 1, 4, 40, 3, 3, 1, 5, 3, 1, 
323: 1, 5, 0, 0, 2, 0, 5, 0, 3, 41, 0, 0, 0, 0, 0, 0, 2, 0, 0, 1, 4, 0, 2, 5, 2, 0, 3, 3, 1, 3, 0, 4, 1, 4, 5, 3, 0, 2, 5, 0, : 1, 5, 2, 5, 3, 41, 2, 1, 4, 2, 5, 2, 3, 3, 1, 3, 4, 1, 4, 5, 3, 2, 5, 
158: 0, 4, 0, 5, 2, 0, 0, 0, 0, 0, 0, 0, 0, 0, 2, 4, 0, 0, 0, 4, 0, 0, 0, 0, 0, 0, 1, 0, 0, 5, 0, 1, 4, 1, 2, 0, 1, 0, 4, 42, : 4, 5, 2, 2, 4, 4, 1, 5, 1, 4, 1, 2, 1, 4, 42, 
178: 2, 0, 0, 5, 0, 1, 2, 2, 4, 0, 0, 0, 0, 0, 0, 40, 3, 1, 4, 4, 4, 0, 3, 0, 0, 0, 3, 0, 0, 42, 3, 4, 0, 3, 1, 4, 0, 0, 2, 0, : 2, 5, 1, 2, 2, 4, 40, 3, 1, 4, 4, 4, 3, 3, 42, 3, 4, 3, 1, 4, 2, 
2: 5, 0, 3, 4, 5, 43, 0, 0, 0, 2, 1, 0, 5, 0, 5, 0, 1, 1, 3, 3, 0, 0, 0, 1, 3, 0, 4, 2, 1, 4, 3, 2, 0, 6, 4, 4, 0, 0, 0, 2, : 5, 3, 4, 5, 43, 2, 1, 5, 5, 1, 1, 3, 3, 1, 3, 4, 2, 1, 4, 3, 2, 6, 4, 4, 2, 
127: 5, 0, 0, 4, 0, 0, 3, 40, 0, 3, 0, 5, 41, 4, 0, 4, 0, 3, 0, 4, 0, 4, 0, 0, 4, 0, 2, 1, 4, 44, 5, 2, 1, 3, 2, 0, 3, 2, 3, 3, : 5, 4, 3, 40, 3, 5, 41, 4, 4, 3, 4, 4, 4, 2, 1, 4, 44, 5, 2, 1, 3, 2, 3, 2, 3, 3, 
145: 0, 0, 0, 3, 0, 0, 1, 0, 3, 1, 0, 0, 4, 40, 3, 2, 0, 0, 0, 2, 0, 1, 0, 4, 0, 0, 4, 0, 1, 0, 0, 2, 0, 3, 5, 5, 0, 0, 5, 0, : 3, 1, 3, 1, 4, 40, 3, 2, 2, 1, 4, 4, 1, 2, 3, 5, 5, 5, 
219: 0, 0, 4, 1, 3, 0, 0, 1, 0, 0, 1, 0, 0, 2, 42, 0, 0, 0, 0, 43, 0, 0, 2, 0, 0, 0, 2, 0, 0, 1, 3, 5, 1, 5, 1, 0, 5, 4, 1, 0, : 4, 1, 3, 1, 1, 2, 42, 43, 2, 2, 1, 3, 5, 1, 5, 1, 5, 4, 1, 
20: 0, 0, 3, 0, 0, 0, 2, 0, 0, 0, 44, 0, 0, 1, 0, 0, 3, 0, 1, 0, 0, 1, 0, 0, 0, 41, 1, 0, 0, 0, 0, 0, 1, 3, 4, 3, 0, 1, 2, 0, : 3, 2, 44, 1, 3, 1, 1, 41, 1, 1, 3, 4, 3, 1, 2, 
318: 3, 0, 0, 0, 0, 0, 0, 4, 4, 0, 2, 0, 0, 0, 0, 0, 4, 0, 1, 3, 0, 0, 0, 0, 0, 0, 0, 0, 0, 0, 1, 4, 0, 4, 3, 4, 0, 4, 0, 5, : 3, 4, 4, 2, 4, 1, 3, 1, 4, 4, 3, 4, 4, 5, 
133: 5, 0, 0, 5, 0, 1, 0, 0, 5, 0, 0, 0, 0, 3, 0, 2, 5, 0, 4, 1, 0, 0, 0, 0, 3, 0, 0, 3, 0, 0, 5, 3, 3, 2, 1, 0, 2, 4, 5, 0, : 5, 5, 1, 5, 3, 2, 5, 4, 1, 3, 3, 5, 3, 3, 2, 1, 2, 4, 5, 
70: 2, 1, 2, 0, 5, 0, 0, 0, 5, 3, 2, 0, 3, 0, 1, 1, 1, 0, 0, 4, 1, 42, 0, 0, 0, 5, 1, 0, 42, 0, 5, 3, 0, 3, 2, 0, 44, 2, 44, 2, : 2, 1, 2, 5, 5, 3, 2, 3, 1, 1, 1, 4, 1, 42, 5, 1, 42, 5, 3, 3, 2, 44, 2, 44, 2, 
8: 0, 0, 1, 2, 2, 0, 3, 1, 0, 4, 4, 0, 43, 0, 3, 0, 0, 0, 4, 1, 0, 0, 0, 5, 2, 0, 5, 0, 0, 0, 4, 4, 1, 3, 4, 0, 0, 2, 4, 4, : 1, 2, 2, 3, 1, 4, 4, 43, 3, 4, 1, 5, 2, 5, 4, 4, 1, 3, 4, 2, 4, 4, 
188: 1, 0, 0, 0, 1, 0, 5, 0, 5, 4, 4, 0, 0, 0, 2, 1, 0, 0, 0, 0, 43, 3, 0, 0, 0, 1, 3, 2, 2, 0, 3, 2, 0, 2, 3, 2, 5, 0, 3, 0, : 1, 1, 5, 5, 4, 4, 2, 1, 43, 3, 1, 3, 2, 2, 3, 2, 2, 3, 2, 5, 3, 
142: 0, 0, 0, 0, 0, 0, 0, 0, 5, 0, 1, 40, 0, 0, 0, 0, 5, 0, 0, 0, 0, 2, 5, 1, 2, 0, 0, 0, 1, 0, 0, 3, 4, 4, 4, 0, 2, 41, 0, 2, : 5, 1, 40, 5, 2, 5, 1, 2, 1, 3, 4, 4, 4, 2, 41, 2, 
110: 2, 0, 0, 5, 2, 0, 0, 2, 5, 0, 4, 0, 4, 2, 4, 5, 4, 0, 1, 0, 2, 0, 1, 5, 3, 0, 3, 0, 0, 3, 0, 4, 0, 3, 2, 0, 5, 0, 0, 0, : 2, 5, 2, 2, 5, 4, 4, 2, 4, 5, 4, 1, 2, 1, 5, 3, 3, 3, 4, 3, 2, 5, 
372: 1, 0, 0, 2, 0, 0, 43, 0, 5, 0, 1, 0, 4, 0, 0, 0, 1, 0, 0, 0, 5, 0, 0, 0, 0, 3, 0, 0, 0, 0, 0, 2, 0, 4, 5, 0, 4, 1, 0, 2, : 1, 2, 43, 5, 1, 4, 1, 5, 3, 2, 4, 5, 4, 1, 2, 
19: 4, 0, 0, 4, 0, 0, 0, 4, 2, 0, 0, 0, 1, 40, 0, 0, 3, 4, 0, 3, 0, 0, 0, 5, 0, 0, 1, 0, 0, 0, 4, 5, 2, 4, 5, 0, 0, 1, 1, 2, : 4, 4, 4, 2, 1, 40, 3, 4, 3, 5, 1, 4, 5, 2, 4, 5, 1, 1, 2, 
345: 1, 3, 2, 3, 0, 0, 0, 0, 3, 0, 4, 0, 3, 2, 43, 0, 3, 0, 0, 0, 5, 5, 4, 0, 0, 0, 5, 41, 2, 0, 2, 3, 0, 2, 5, 0, 4, 4, 2, 0, : 1, 3, 2, 3, 3, 4, 3, 2, 43, 3, 5, 5, 4, 5, 41, 2, 2, 3, 2, 5, 4, 4, 2, 
293: 3, 0, 0, 0, 41, 1, 0, 0, 2, 0, 3, 0, 0, 4, 0, 0, 0, 0, 0, 5, 0, 0, 0, 0, 0, 0, 3, 0, 2, 0, 5, 2, 0, 1, 2, 0, 2, 0, 1, 5, : 3, 41, 1, 2, 3, 4, 5, 3, 2, 5, 2, 1, 2, 2, 1, 5, 
315: 3, 1, 0, 2, 4, 0, 3, 0, 0, 0, 2, 5, 0, 0, 0, 0, 0, 0, 0, 1, 0, 0, 4, 0, 0, 44, 0, 4, 0, 0, 0, 5, 0, 3, 1, 0, 5, 3, 3, 4, : 3, 1, 2, 4, 3, 2, 5, 1, 4, 44, 4, 5, 3, 1, 5, 3, 3, 4, 
117: 0, 41, 5, 0, 0, 2, 3, 0, 5, 0, 1, 0, 0, 0, 0, 4, 0, 0, 5, 2, 5, 41, 4, 40, 1, 0, 0, 4, 0, 0, 0, 2, 2, 2, 5, 43, 2, 4, 0, 5, : 41, 5, 2, 3, 5, 1, 4, 5, 2, 5, 41, 4, 40, 1, 4, 2, 2, 2, 5, 43, 2, 4, 5, 
57: 41, 2, 1, 1, 0, 0, 0, 0, 4, 0, 5, 2, 0, 0, 0, 0, 5, 42, 2, 2, 0, 3, 1, 0, 1, 0, 0, 0, 0, 0, 3, 0, 0, 2, 1, 0, 4, 1, 2, 2, : 41, 2, 1, 1, 4, 5, 2, 5, 42, 2, 2, 3, 1, 1, 3, 2, 1, 4, 1, 2, 2, 
215: 0, 0, 0, 3, 0, 0, 0, 5, 0, 5, 1, 0, 0, 0, 2, 3, 0, 0, 1, 2, 0, 0, 0, 0, 3, 0, 0, 0, 0, 0, 1, 2, 0, 5, 2, 0, 1, 0, 3, 4, : 3, 5, 5, 1, 2, 3, 1, 2, 3, 1, 2, 5, 2, 1, 3, 4, 
297: 4, 0, 0, 0, 0, 4, 0, 0, 1, 0, 2, 5, 1, 2, 0, 0, 5, 2, 0, 2, 1, 0, 0, 5, 0, 0, 3, 3, 3, 3, 3, 3, 4, 2, 4, 0, 5, 5, 0, 2, : 4, 4, 1, 2, 5, 1, 2, 5, 2, 2, 1, 5, 3, 3, 3, 3, 3, 3, 4, 2, 4, 5, 5, 2, 


363: 3, 0, 0, 0, 0, 0, 2, 0, 0, 0, 44, 0, 4, 1, 1, 4, 5, 1, 0, 4, 0, 4, 0, 2, 5, 2, 2, 3, 0, 4, 0, 0, 0, 0, 0, 4, 0, 5, 0, 0, : 3, 2, 44, 4, 1, 1, 4, 5, 1, 4, 4, 2, 5, 2, 2, 3, 4, 4, 5, 
303: 2, 0, 2, 0, 0, 0, 3, 4, 0, 0, 4, 5, 5, 0, 0, 0, 0, 0, 0, 0, 0, 0, 4, 1, 0, 0, 5, 0, 0, 0, 0, 0, 1, 0, 1, 3, 0, 0, 0, 2, : 2, 2, 3, 4, 4, 5, 5, 4, 1, 5, 1, 1, 3, 2, 
228: 5, 0, 0, 0, 2, 0, 4, 0, 0, 0, 0, 0, 2, 0, 0, 2, 4, 2, 0, 0, 0, 5, 0, 0, 2, 0, 0, 0, 4, 0, 41, 1, 0, 2, 0, 5, 5, 4, 1, 2, : 5, 2, 4, 2, 2, 4, 2, 5, 2, 4, 41, 1, 2, 5, 5, 4, 1, 2, 
39: 0, 5, 0, 4, 5, 0, 4, 5, 1, 0, 0, 0, 0, 0, 2, 2, 0, 3, 3, 0, 4, 2, 0, 2, 2, 0, 0, 0, 2, 0, 2, 0, 0, 0, 0, 5, 0, 0, 2, 1, : 5, 4, 5, 4, 5, 1, 2, 2, 3, 3, 4, 2, 2, 2, 2, 2, 5, 2, 1, 
3: 43, 0, 0, 0, 0, 0, 4, 2, 0, 0, 5, 0, 5, 0, 3, 0, 0, 2, 1, 2, 1, 0, 0, 1, 5, 4, 0, 0, 5, 3, 0, 0, 2, 4, 0, 0, 5, 0, 0, 5, : 43, 4, 2, 5, 5, 3, 2, 1, 2, 1, 1, 5, 4, 5, 3, 2, 4, 5, 5, 
256: 0, 0, 40, 42, 1, 0, 0, 4, 0, 0, 2, 3, 0, 43, 0, 0, 4, 44, 4, 5, 0, 0, 0, 5, 0, 3, 0, 3, 0, 1, 4, 5, 0, 1, 0, 0, 0, 1, 42, 0, : 40, 42, 1, 4, 2, 3, 43, 4, 44, 4, 5, 5, 3, 3, 1, 4, 5, 1, 1, 42, 
75: 3, 2, 0, 5, 0, 4, 5, 4, 3, 42, 0, 0, 0, 0, 4, 0, 5, 1, 0, 4, 3, 3, 4, 3, 1, 2, 0, 0, 5, 0, 0, 0, 0, 0, 0, 0, 0, 1, 1, 3, : 3, 2, 5, 4, 5, 4, 3, 42, 4, 5, 1, 4, 3, 3, 4, 3, 1, 2, 5, 1, 1, 3, 
144: 0, 0, 2, 0, 0, 0, 2, 3, 0, 0, 5, 0, 0, 2, 0, 2, 2, 3, 0, 0, 0, 0, 0, 0, 0, 2, 0, 0, 0, 0, 1, 44, 0, 0, 1, 4, 0, 0, 0, 0, : 2, 2, 3, 5, 2, 2, 2, 3, 2, 1, 44, 1, 4, 
119: 4, 2, 0, 5, 0, 0, 1, 1, 3, 0, 0, 0, 3, 0, 2, 0, 2, 2, 3, 4, 0, 0, 0, 44, 40, 2, 0, 0, 5, 0, 0, 1, 44, 0, 0, 3, 0, 0, 0, 0, : 4, 2, 5, 1, 1, 3, 3, 2, 2, 2, 3, 4, 44, 40, 2, 5, 1, 44, 3, 
272: 0, 0, 0, 0, 1, 1, 4, 2, 4, 0, 1, 0, 5, 3, 4, 2, 0, 0, 2, 0, 0, 1, 4, 0, 0, 0, 0, 0, 2, 5, 3, 40, 0, 1, 0, 0, 0, 0, 1, 42, : 1, 1, 4, 2, 4, 1, 5, 3, 4, 2, 2, 1, 4, 2, 5, 3, 40, 1, 1, 42, 
98: 0, 0, 0, 0, 5, 0, 2, 2, 1, 0, 0, 1, 4, 0, 0, 3, 2, 3, 2, 5, 0, 1, 0, 1, 3, 0, 0, 4, 0, 0, 0, 0, 3, 0, 0, 1, 5, 0, 3, 0, : 5, 2, 2, 1, 1, 4, 3, 2, 3, 2, 5, 1, 1, 3, 4, 3, 1, 5, 3, 
185: 0, 1, 0, 2, 0, 0, 4, 0, 0, 2, 0, 0, 0, 2, 0, 1, 1, 2, 5, 5, 4, 42, 3, 0, 4, 2, 1, 0, 1, 4, 1, 0, 0, 40, 0, 0, 0, 0, 0, 44, : 1, 2, 4, 2, 2, 1, 1, 2, 5, 5, 4, 42, 3, 4, 2, 1, 1, 4, 1, 40, 44, 
86: 1, 0, 0, 0, 42, 0, 0, 1, 2, 5, 0, 0, 1, 0, 1, 0, 5, 0, 3, 0, 0, 1, 0, 4, 0, 4, 4, 42, 3, 0, 5, 0, 0, 1, 44, 0, 44, 5, 1, 0, : 1, 42, 1, 2, 5, 1, 1, 5, 3, 1, 4, 4, 4, 42, 3, 5, 1, 44, 44, 5, 1, 
44: 4, 0, 2, 0, 0, 5, 1, 0, 3, 0, 0, 43, 3, 0, 43, 5, 3, 2, 3, 4, 0, 0, 0, 5, 0, 3, 3, 2, 3, 2, 4, 0, 0, 0, 0, 0, 0, 4, 1, 0, : 4, 2, 5, 1, 3, 43, 3, 43, 5, 3, 2, 3, 4, 5, 3, 3, 2, 3, 2, 4, 4, 1, 
96: 0, 0, 4, 2, 0, 0, 0, 0, 0, 1, 0, 0, 5, 1, 1, 0, 3, 3, 0, 0, 4, 2, 0, 5, 0, 0, 0, 1, 40, 0, 5, 3, 0, 0, 43, 1, 0, 0, 0, 1, : 4, 2, 1, 5, 1, 1, 3, 3, 4, 2, 5, 1, 40, 5, 3, 43, 1, 1, 
114: 0, 0, 0, 0, 0, 0, 3, 0, 0, 0, 3, 5, 42, 4, 0, 44, 5, 5, 0, 1, 0, 2, 0, 2, 0, 5, 0, 1, 0, 0, 4, 1, 5, 0, 5, 5, 0, 3, 0, 2, : 3, 3, 5, 42, 4, 44, 5, 5, 1, 2, 2, 5, 1, 4, 1, 5, 5, 5, 3, 2, 
379: 1, 0, 0, 3, 0, 0, 0, 1, 0, 2, 0, 0, 0, 0, 0, 41, 0, 2, 2, 0, 0, 0, 3, 0, 0, 4, 0, 0, 4, 5, 3, 0, 0, 0, 1, 44, 0, 0, 0, 0, : 1, 3, 1, 2, 41, 2, 2, 3, 4, 4, 5, 3, 1, 44, 
89: 0, 2, 0, 5, 0, 5, 0, 0, 0, 0, 0, 1, 0, 0, 3, 0, 3, 5, 0, 0, 0, 0, 3, 0, 1, 2, 5, 0, 0, 3, 0, 5, 3, 0, 5, 1, 40, 0, 0, 1, : 2, 5, 5, 1, 3, 3, 5, 3, 1, 2, 5, 3, 5, 3, 5, 1, 40, 1, 
194: 0, 0, 0, 0, 1, 40, 4, 1, 2, 0, 1, 0, 5, 0, 0, 0, 4, 1, 3, 0, 0, 1, 0, 1, 4, 0, 0, 0, 4, 0, 5, 0, 0, 4, 0, 0, 0, 0, 4, 3, : 1, 40, 4, 1, 2, 1, 5, 4, 1, 3, 1, 1, 4, 4, 5, 4, 4, 3, 
239: 0, 0, 0, 0, 0, 0, 1, 1, 2, 0, 5, 0, 0, 0, 3, 0, 4, 1, 1, 0, 0, 0, 3, 1, 0, 5, 0, 5, 4, 0, 0, 2, 0, 1, 0, 2, 0, 0, 1, 0, : 1, 1, 2, 5, 3, 4, 1, 1, 3, 1, 5, 5, 4, 2, 1, 2, 1, 
174: 0, 5, 1, 5, 0, 43, 0, 2, 0, 2, 0, 0, 0, 0, 0, 0, 3, 0, 0, 0, 0, 0, 0, 0, 0, 1, 0, 1, 0, 41, 1, 0, 0, 0, 0, 5, 3, 5, 41, 0, : 5, 1, 5, 43, 2, 2, 3, 1, 1, 41, 1, 5, 3, 5, 41, 
284: 0, 0, 5, 1, 0, 2, 0, 2, 0, 4, 0, 2, 5, 5, 0, 2, 1, 3, 44, 5, 0, 0, 43, 1, 0, 0, 0, 1, 0, 0, 0, 0, 3, 0, 0, 0, 0, 0, 1, 0, : 5, 1, 2, 2, 4, 2, 5, 5, 2, 1, 3, 44, 5, 43, 1, 1, 3, 1, 
305: 1, 0, 0, 0, 0, 3, 0, 3, 0, 0, 0, 42, 2, 2, 0, 0, 0, 2, 1, 4, 1, 0, 0, 4, 0, 4, 0, 0, 0, 0, 3, 0, 43, 0, 0, 1, 0, 3, 0, 0, : 1, 3, 3, 42, 2, 2, 2, 1, 4, 1, 4, 4, 3, 43, 1, 3, 
68: 0, 0, 2, 3, 0, 0, 3, 5, 2, 4, 2, 2, 1, 0, 0, 0, 0, 0, 2, 5, 0, 4, 3, 0, 1, 2, 2, 1, 2, 0, 0, 0, 4, 3, 0, 2, 0, 0, 0, 3, : 2, 3, 3, 5, 2, 4, 2, 2, 1, 2, 5, 4, 3, 1, 2, 2, 1, 2, 4, 3, 2, 3, 
378: 0, 5, 5, 1, 0, 0, 2, 2, 0, 0, 0, 0, 0, 0, 0, 0, 40, 2, 1, 2, 4, 0, 3, 0, 0, 1, 0, 0, 2, 0, 4, 5, 0, 0, 0, 4, 2, 0, 1, 0, : 5, 5, 1, 2, 2, 40, 2, 1, 2, 4, 3, 1, 2, 4, 5, 4, 2, 1, 
163: 0, 0, 0, 0, 0, 4, 0, 5, 3, 41, 0, 0, 0, 4, 0, 0, 0, 4, 5, 0, 41, 0, 0, 0, 0, 0, 0, 41, 4, 3, 0, 0, 1, 0, 0, 0, 0, 41, 4, 0, : 4, 5, 3, 41, 4, 4, 5, 41, 41, 4, 3, 1, 41, 4, 
275: 0, 0, 0, 1, 2, 2, 1, 0, 3, 2, 0, 0, 5, 0, 0, 0, 4, 3, 5, 0, 4, 0, 0, 3, 0, 1, 0, 1, 4, 0, 1, 0, 0, 1, 0, 3, 0, 0, 5, 0, : 1, 2, 2, 1, 3, 2, 5, 4, 3, 5, 4, 3, 1, 1, 4, 1, 1, 3, 5, 
324: 0, 40, 0, 0, 0, 5, 40, 3, 1, 0, 41, 4, 3, 0, 3, 0, 0, 1, 5, 3, 3, 0, 0, 5, 0, 1, 0, 0, 5, 0, 3, 0, 0, 0, 0, 0, 1, 0, 5, 0, : 40, 5, 40, 3, 1, 41, 4, 3, 3, 1, 5, 3, 3, 5, 1, 5, 3, 1, 5, 
60: 2, 0, 3, 0, 0, 0, 3, 2, 0, 0, 1, 2, 0, 0, 0, 1, 2, 0, 0, 3, 44, 0, 0, 1, 0, 1, 1, 0, 0, 0, 1, 4, 1, 1, 5, 1, 1, 0, 0, 0, : 2, 3, 3, 2, 1, 2, 1, 2, 3, 44, 1, 1, 1, 1, 4, 1, 1, 5, 1, 1, 
203: 0, 4, 40, 40, 1, 3, 3, 2, 0, 3, 0, 0, 2, 0, 0, 0, 3, 1, 2, 0, 1, 0, 0, 1, 0, 5, 3, 3, 0, 0, 4, 0, 0, 3, 1, 0, 0, 3, 0, 3, : 4, 40, 40, 1, 3, 3, 2, 3, 2, 3, 1, 2, 1, 1, 5, 3, 3, 4, 3, 1, 3, 3, 
155: 2, 0, 0, 0, 5, 0, 2, 3, 0, 0, 0, 0, 0, 0, 1, 0, 1, 0, 1, 43, 1, 0, 1, 4, 0, 2, 5, 5, 5, 3, 3, 0, 0, 0, 0, 5, 0, 0, 0, 1, : 2, 5, 2, 3, 1, 1, 1, 43, 1, 1, 4, 2, 5, 5, 5, 3, 3, 5, 1, 
285: 44, 0, 4, 0, 4, 0, 3, 0, 0, 0, 3, 4, 0, 5, 0, 4, 2, 1, 5, 5, 0, 3, 0, 0, 0, 41, 0, 2, 5, 0, 0, 0, 0, 1, 5, 2, 0, 0, 0, 0, : 44, 4, 4, 3, 3, 4, 5, 4, 2, 1, 5, 5, 3, 41, 2, 5, 1, 5, 2, 
288: 1, 0, 0, 0, 5, 0, 0, 3, 0, 0, 0, 4, 3, 0, 0, 5, 2, 3, 1, 0, 5, 0, 0, 5, 4, 3, 41, 0, 1, 0, 4, 4, 0, 41, 0, 2, 0, 0, 0, 0, : 1, 5, 3, 4, 3, 5, 2, 3, 1, 5, 5, 4, 3, 41, 1, 4, 4, 41, 2, 
253: 0, 5, 0, 0, 0, 0, 1, 4, 0, 2, 0, 0, 3, 4, 0, 0, 0, 3, 3, 0, 0, 0, 41, 3, 0, 0, 2, 4, 3, 41, 5, 0, 5, 1, 0, 3, 0, 0, 0, 4, : 5, 1, 4, 2, 3, 4, 3, 3, 41, 3, 2, 4, 3, 41, 5, 5, 1, 3, 4, 
355: 0, 0, 0, 1, 0, 2, 4, 4, 5, 5, 0, 0, 3, 40, 3, 0, 5, 3, 0, 3, 0, 3, 0, 3, 0, 3, 1, 0, 0, 0, 1, 0, 0, 0, 0, 3, 5, 0, 0, 0, : 1, 2, 4, 4, 5, 5, 3, 40, 3, 5, 3, 3, 3, 3, 3, 1, 1, 3, 5, 
189: 0, 0, 5, 0, 0, 1, 2, 0, 0, 0, 0, 0, 0, 0, 0, 0, 0, 3, 5, 0, 0, 0, 0, 5, 0, 5, 5, 0, 1, 0, 0, 0, 0, 0, 3, 1, 0, 0, 2, 3, : 5, 1, 2, 3, 5, 5, 5, 5, 1, 3, 1, 2, 3, 
77: 0, 5, 0, 0, 1, 0, 1, 5, 3, 0, 0, 0, 0, 0, 0, 2, 3, 5, 3, 5, 0, 2, 0, 0, 3, 3, 0, 0, 4, 1, 3, 0, 0, 4, 0, 4, 5, 2, 0, 0, : 5, 1, 1, 5, 3, 2, 3, 5, 3, 5, 2, 3, 3, 4, 1, 3, 4, 4, 5, 2, 
207: 0, 43, 2, 0, 0, 0, 1, 0, 0, 1, 0, 0, 0, 0, 0, 0, 0, 1, 1, 0, 0, 40, 5, 5, 44, 5, 0, 0, 2, 0, 5, 0, 5, 2, 0, 3, 0, 0, 0, 0, : 43, 2, 1, 1, 1, 1, 40, 5, 5, 44, 5, 2, 5, 5, 2, 3, 
48: 2, 0, 3, 0, 40, 0, 5, 0, 40, 0, 0, 2, 4, 4, 41, 0, 0, 3, 0, 5, 0, 0, 0, 0, 1, 2, 40, 0, 0, 3, 4, 3, 0, 5, 1, 3, 0, 43, 3, 0, : 2, 3, 40, 5, 40, 2, 4, 4, 41, 3, 5, 1, 2, 40, 3, 4, 3, 5, 1, 3, 43, 3, 
97: 2, 1, 0, 0, 5, 0, 5, 44, 42, 4, 3, 0, 5, 0, 5, 0, 2, 0, 4, 3, 0, 4, 0, 3, 0, 0, 0, 0, 0, 1, 0, 2, 0, 4, 5, 0, 4, 0, 1, 0, : 2, 1, 5, 5, 44, 42, 4, 3, 5, 5, 2, 4, 3, 4, 3, 1, 2, 4, 5, 4, 1, 


65: 40, 0, 0, 0, 0, 2, 5, 0, 2, 5, 0, 0, 0, 0, 0, 0, 1, 0, 40, 1, 0, 0, 2, 2, 0, 2, 3, 2, 2, 40, 2, 1, 0, 0, 0, 0, 0, 0, 0, 0, : 40, 2, 5, 2, 5, 1, 40, 1, 2, 2, 2, 3, 2, 2, 40, 2, 1, 
112: 0, 0, 4, 3, 4, 2, 5, 5, 0, 0, 1, 0, 2, 5, 0, 0, 0, 1, 1, 0, 3, 0, 0, 5, 0, 4, 4, 0, 2, 3, 2, 2, 0, 0, 0, 3, 3, 1, 0, 0, : 4, 3, 4, 2, 5, 5, 1, 2, 5, 1, 1, 3, 5, 4, 4, 2, 3, 2, 2, 3, 3, 1, 
270: 0, 0, 0, 2, 1, 0, 1, 1, 0, 0, 0, 43, 0, 0, 0, 0, 5, 2, 0, 2, 0, 0, 0, 4, 0, 0, 0, 0, 3, 0, 3, 0, 0, 1, 5, 0, 0, 41, 3, 0, : 2, 1, 1, 1, 43, 5, 2, 2, 4, 3, 3, 1, 5, 41, 3, 
399: 0, 0, 0, 4, 3, 1, 0, 3, 0, 2, 4, 3, 0, 4, 0, 4, 0, 43, 4, 0, 5, 0, 0, 0, 4, 3, 5, 0, 2, 0, 0, 4, 0, 0, 0, 0, 0, 0, 2, 0, : 4, 3, 1, 3, 2, 4, 3, 4, 4, 43, 4, 5, 4, 3, 5, 2, 4, 2, 
319: 4, 0, 0, 0, 1, 4, 4, 1, 0, 0, 0, 0, 0, 1, 3, 0, 0, 0, 0, 0, 0, 2, 0, 3, 0, 1, 3, 0, 2, 2, 0, 0, 0, 44, 5, 3, 0, 0, 0, 3, : 4, 1, 4, 4, 1, 1, 3, 2, 3, 1, 3, 2, 2, 44, 5, 3, 3, 
103: 0, 0, 4, 3, 3, 1, 0, 0, 5, 2, 0, 0, 1, 1, 0, 2, 0, 0, 0, 0, 0, 42, 1, 4, 0, 1, 2, 0, 1, 0, 0, 0, 5, 5, 0, 0, 0, 5, 0, 1, : 4, 3, 3, 1, 5, 2, 1, 1, 2, 42, 1, 4, 1, 2, 1, 5, 5, 5, 1, 
91: 40, 3, 0, 2, 1, 0, 0, 1, 5, 2, 1, 4, 0, 0, 0, 0, 0, 0, 5, 40, 0, 0, 5, 1, 0, 0, 0, 0, 5, 3, 0, 0, 0, 0, 0, 0, 4, 0, 0, 0, : 40, 3, 2, 1, 1, 5, 2, 1, 4, 5, 40, 5, 1, 5, 3, 4, 
170: 0, 0, 0, 1, 2, 3, 2, 5, 0, 0, 0, 5, 0, 0, 43, 1, 4, 4, 0, 0, 4, 3, 4, 2, 0, 1, 3, 0, 3, 0, 0, 4, 0, 0, 1, 3, 0, 0, 0, 0, : 1, 2, 3, 2, 5, 5, 43, 1, 4, 4, 4, 3, 4, 2, 1, 3, 3, 4, 1, 3, 
37: 3, 3, 41, 2, 2, 2, 3, 4, 4, 0, 0, 0, 4, 0, 0, 0, 0, 0, 0, 3, 2, 0, 0, 2, 0, 2, 0, 1, 5, 1, 0, 1, 0, 1, 0, 0, 5, 4, 0, 0, : 3, 3, 41, 2, 2, 2, 3, 4, 4, 4, 3, 2, 2, 2, 1, 5, 1, 1, 1, 5, 4, 
22: 0, 3, 0, 0, 5, 5, 0, 41, 5, 5, 1, 41, 0, 0, 0, 40, 0, 0, 3, 0, 42, 5, 1, 2, 43, 5, 4, 0, 4, 0, 0, 4, 40, 0, 0, 43, 0, 0, 1, 0, : 3, 5, 5, 41, 5, 5, 1, 41, 40, 3, 42, 5, 1, 2, 43, 5, 4, 4, 4, 40, 43, 1, 
371: 2, 0, 0, 5, 1, 1, 2, 0, 3, 0, 1, 0, 2, 3, 0, 0, 43, 0, 0, 0, 0, 0, 0, 0, 0, 3, 3, 0, 3, 0, 0, 0, 0, 0, 0, 4, 0, 0, 0, 3, : 2, 5, 1, 1, 2, 3, 1, 2, 3, 43, 3, 3, 3, 4, 3, 
25: 1, 0, 2, 3, 2, 2, 5, 0, 3, 3, 44, 0, 2, 0, 0, 0, 5, 4, 0, 0, 0, 2, 0, 43, 4, 0, 44, 42, 5, 0, 5, 0, 0, 44, 0, 0, 41, 4, 0, 0, : 1, 2, 3, 2, 2, 5, 3, 3, 44, 2, 5, 4, 2, 43, 4, 44, 42, 5, 5, 44, 41, 4, 
138: 1, 2, 0, 1, 1, 5, 4, 0, 2, 0, 0, 0, 0, 4, 0, 0, 0, 0, 0, 4, 44, 0, 0, 0, 0, 5, 2, 0, 5, 0, 1, 1, 2, 0, 0, 2, 41, 0, 0, 0, : 1, 2, 1, 1, 5, 4, 2, 4, 4, 44, 5, 2, 5, 1, 1, 2, 2, 41, 
347: 2, 3, 0, 3, 3, 0, 0, 2, 0, 1, 0, 0, 1, 0, 0, 2, 0, 4, 0, 1, 0, 0, 1, 0, 4, 4, 0, 0, 1, 0, 43, 3, 1, 0, 0, 44, 0, 0, 2, 0, : 2, 3, 3, 3, 2, 1, 1, 2, 4, 1, 1, 4, 4, 1, 43, 3, 1, 44, 2, 
332: 0, 2, 0, 1, 1, 1, 4, 1, 0, 5, 2, 0, 0, 4, 0, 0, 0, 0, 0, 3, 0, 3, 0, 5, 0, 42, 4, 43, 3, 0, 0, 42, 0, 0, 3, 0, 4, 3, 44, 43, : 2, 1, 1, 1, 4, 1, 5, 2, 4, 3, 3, 5, 42, 4, 43, 3, 42, 3, 4, 3, 44, 43, 
317: 0, 0, 0, 0, 2, 0, 0, 0, 3, 44, 4, 5, 0, 0, 0, 1, 1, 0, 1, 0, 3, 3, 0, 4, 0, 0, 1, 0, 5, 2, 0, 4, 5, 2, 3, 5, 1, 0, 0, 5, : 2, 3, 44, 4, 5, 1, 1, 1, 3, 3, 4, 1, 5, 2, 4, 5, 2, 3, 5, 1, 5, 
186: 0, 2, 4, 41, 0, 3, 4, 0, 44, 4, 0, 0, 2, 0, 0, 1, 0, 0, 0, 1, 0, 0, 0, 0, 3, 5, 2, 0, 2, 1, 0, 1, 0, 5, 0, 0, 1, 0, 0, 0, : 2, 4, 41, 3, 4, 44, 4, 2, 1, 1, 3, 5, 2, 2, 1, 1, 5, 1, 
169: 3, 2, 0, 1, 1, 3, 2, 0, 0, 0, 0, 0, 0, 1, 0, 3, 0, 3, 1, 3, 3, 0, 0, 4, 44, 0, 0, 5, 4, 4, 0, 0, 4, 0, 4, 0, 1, 0, 44, 0, : 3, 2, 1, 1, 3, 2, 1, 3, 3, 1, 3, 3, 4, 44, 5, 4, 4, 4, 4, 1, 44, 
72: 1, 4, 0, 0, 0, 0, 1, 1, 2, 5, 0, 0, 0, 2, 0, 5, 1, 0, 4, 0, 0, 2, 1, 0, 4, 1, 3, 1, 1, 0, 1, 3, 0, 0, 0, 0, 5, 2, 0, 0, : 1, 4, 1, 1, 2, 5, 2, 5, 1, 4, 2, 1, 4, 1, 3, 1, 1, 1, 3, 5, 2, 
376: 3, 0, 42, 1, 3, 3, 5, 3, 0, 0, 0, 0, 5, 4, 5, 1, 2, 0, 1, 1, 0, 0, 0, 0, 0, 1, 2, 0, 6, 0, 0, 4, 0, 0, 2, 0, 0, 5, 3, 4, : 3, 42, 1, 3, 3, 5, 3, 5, 4, 5, 1, 2, 1, 1, 1, 2, 6, 4, 2, 5, 3, 4, 
10: 0, 0, 0, 0, 3, 5, 0, 0, 4, 1, 0, 0, 5, 0, 0, 3, 0, 5, 2, 1, 0, 0, 0, 0, 0, 3, 4, 4, 2, 5, 3, 0, 1, 0, 0, 0, 1, 0, 4, 0, : 3, 5, 4, 1, 5, 3, 5, 2, 1, 3, 4, 4, 2, 5, 3, 1, 1, 4, 
1: 5, 4, 5, 3, 0, 3, 1, 5, 3, 0, 4, 5, 1, 0, 0, 0, 5, 0, 5, 4, 0, 44, 3, 4, 0, 0, 1, 0, 4, 0, 41, 2, 3, 1, 44, 0, 3, 3, 3, 1, : 5, 4, 5, 3, 3, 1, 5, 3, 4, 5, 1, 5, 5, 4, 44, 3, 4, 1, 4, 41, 2, 3, 1, 44, 3, 3, 3, 1, 
325: 3, 0, 0, 2, 41, 5, 0, 2, 0, 1, 0, 3, 1, 0, 0, 4, 44, 0, 0, 0, 0, 0, 41, 2, 0, 5, 3, 4, 4, 0, 0, 0, 0, 3, 1, 0, 0, 0, 0, 3, : 3, 2, 41, 5, 2, 1, 3, 1, 4, 44, 41, 2, 5, 3, 4, 4, 3, 1, 3, 
257: 0, 0, 0, 5, 0, 0, 5, 0, 5, 0, 0, 0, 43, 0, 1, 4, 0, 0, 0, 5, 0, 0, 3, 2, 0, 0, 4, 0, 2, 0, 1, 1, 0, 0, 0, 0, 0, 0, 0, 0, : 5, 5, 5, 43, 1, 4, 5, 3, 2, 4, 2, 1, 1, 
171: 0, 0, 4, 3, 1, 3, 4, 3, 3, 5, 5, 1, 3, 0, 0, 0, 0, 0, 0, 3, 0, 0, 1, 0, 0, 1, 0, 0, 1, 1, 0, 3, 0, 0, 0, 0, 1, 2, 0, 1, : 4, 3, 1, 3, 4, 3, 3, 5, 5, 1, 3, 3, 1, 1, 1, 1, 3, 1, 2, 1, 
6: 0, 0, 0, 5, 5, 1, 0, 2, 2, 3, 0, 0, 0, 0, 5, 0, 0, 0, 1, 0, 0, 0, 0, 3, 0, 0, 0, 0, 2, 0, 3, 5, 0, 2, 0, 0, 0, 0, 0, 2, : 5, 5, 1, 2, 2, 3, 5, 1, 3, 2, 3, 5, 2, 2, 
346: 0, 3, 0, 3, 1, 0, 0, 0, 1, 3, 0, 0, 0, 40, 0, 0, 5, 0, 3, 40, 0, 0, 2, 0, 0, 5, 3, 0, 2, 0, 1, 1, 0, 1, 0, 1, 0, 1, 0, 2, : 3, 3, 1, 1, 3, 40, 5, 3, 40, 2, 5, 3, 2, 1, 1, 1, 1, 1, 2, 
337: 0, 0, 2, 2, 2, 1, 0, 5, 3, 2, 0, 0, 0, 41, 0, 1, 0, 1, 0, 0, 2, 0, 2, 0, 1, 0, 1, 5, 4, 4, 2, 2, 0, 0, 4, 0, 0, 3, 0, 1, : 2, 2, 2, 1, 5, 3, 2, 41, 1, 1, 2, 2, 1, 1, 5, 4, 4, 2, 2, 4, 3, 1, 
217: 1, 0, 2, 2, 1, 0, 2, 0, 0, 2, 0, 1, 0, 0, 0, 0, 0, 0, 2, 2, 0, 3, 4, 5, 0, 5, 3, 1, 3, 2, 5, 3, 42, 4, 3, 5, 0, 1, 3, 42, : 1, 2, 2, 1, 2, 2, 1, 2, 2, 3, 4, 5, 5, 3, 1, 3, 2, 5, 3, 42, 4, 3, 5, 1, 3, 42, 
352: 2, 0, 0, 1, 0, 2, 5, 5, 5, 0, 0, 0, 1, 0, 0, 0, 0, 2, 0, 0, 0, 0, 0, 4, 0, 0, 1, 0, 4, 0, 1, 5, 0, 0, 0, 4, 4, 0, 3, 0, : 2, 1, 2, 5, 5, 5, 1, 2, 4, 1, 4, 1, 5, 4, 4, 3, 
160: 0, 0, 4, 0, 5, 0, 0, 4, 0, 5, 0, 0, 43, 0, 4, 0, 2, 0, 0, 0, 0, 0, 0, 4, 3, 4, 1, 0, 2, 0, 0, 1, 0, 0, 0, 0, 0, 0, 0, 5, : 4, 5, 4, 5, 43, 4, 2, 4, 3, 4, 1, 2, 1, 5, 
47: 0, 41, 0, 0, 1, 2, 41, 2, 1, 0, 0, 2, 0, 0, 0, 4, 0, 0, 0, 2, 0, 0, 0, 0, 0, 0, 0, 0, 5, 5, 3, 4, 5, 0, 0, 0, 0, 0, 0, 0, : 41, 1, 2, 41, 2, 1, 2, 4, 2, 5, 5, 3, 4, 5, 
111: 3, 3, 5, 3, 0, 1, 1, 1, 0, 2, 0, 4, 0, 3, 5, 44, 0, 0, 4, 0, 3, 2, 0, 1, 0, 5, 0, 0, 1, 43, 0, 5, 2, 4, 0, 0, 0, 0, 2, 1, : 3, 3, 5, 3, 1, 1, 1, 2, 4, 3, 5, 44, 4, 3, 2, 1, 5, 1, 43, 5, 2, 4, 2, 1, 
36: 0, 0, 0, 1, 5, 3, 5, 4, 3, 5, 43, 0, 3, 0, 43, 0, 0, 1, 2, 0, 0, 0, 5, 3, 0, 0, 5, 0, 5, 0, 0, 3, 0, 0, 0, 0, 0, 3, 0, 0, : 1, 5, 3, 5, 4, 3, 5, 43, 3, 43, 1, 2, 5, 3, 5, 5, 3, 3, 
63: 0, 0, 0, 0, 4, 4, 0, 5, 4, 0, 1, 3, 0, 2, 3, 0, 1, 43, 1, 1, 4, 0, 1, 0, 0, 2, 4, 0, 4, 0, 0, 0, 0, 0, 43, 0, 0, 0, 1, 2, : 4, 4, 5, 4, 1, 3, 2, 3, 1, 43, 1, 1, 4, 1, 2, 4, 4, 43, 1, 2, 
264: 0, 5, 0, 5, 5, 2, 3, 1, 2, 3, 3, 0, 0, 0, 0, 0, 0, 0, 0, 0, 1, 0, 0, 5, 0, 2, 1, 0, 5, 0, 0, 0, 2, 0, 0, 0, 0, 41, 0, 0, : 5, 5, 5, 2, 3, 1, 2, 3, 3, 1, 5, 2, 1, 5, 2, 41, 
28: 5, 0, 1, 0, 5, 40, 1, 5, 0, 0, 4, 0, 0, 1, 2, 0, 1, 4, 0, 3, 0, 5, 41, 2, 0, 3, 0, 1, 1, 4, 0, 5, 4, 0, 0, 0, 2, 1, 0, 0, : 5, 1, 5, 40, 1, 5, 4, 1, 2, 1, 4, 3, 5, 41, 2, 3, 1, 1, 4, 5, 4, 2, 1, 
16: 0, 0, 0, 4, 0, 5, 3, 5, 1, 3, 0, 0, 1, 0, 2, 0, 0, 0, 0, 0, 0, 4, 0, 0, 5, 2, 3, 5, 2, 0, 0, 0, 0, 0, 2, 0, 0, 0, 3, 0, : 4, 5, 3, 5, 1, 3, 1, 2, 4, 5, 2, 3, 5, 2, 2, 3, 
126: 1, 0, 0, 3, 5, 4, 2, 1, 5, 5, 0, 0, 0, 1, 0, 0, 0, 0, 0, 0, 4, 0, 1, 4, 0, 3, 0, 5, 1, 0, 1, 3, 4, 0, 0, 0, 2, 0, 2, 1, : 1, 3, 5, 4, 2, 1, 5, 5, 1, 4, 1, 4, 3, 5, 1, 1, 3, 4, 2, 2, 1, 
195: 0, 40, 0, 5, 0, 1, 0, 2, 0, 2, 2, 0, 0, 3, 4, 0, 0, 3, 40, 0, 0, 0, 1, 0, 5, 0, 1, 1, 2, 0, 2, 3, 0, 3, 0, 3, 1, 0, 0, 0, : 40, 5, 1, 2, 2, 2, 3, 4, 3, 40, 1, 5, 1, 1, 2, 2, 3, 3, 3, 1, 


240: 1, 2, 3, 0, 41, 2, 0, 0, 2, 3, 0, 0, 5, 2, 0, 0, 3, 3, 0, 0, 5, 0, 0, 0, 0, 0, 0, 0, 0, 0, 1, 5, 5, 0, 0, 0, 0, 2, 1, 5, : 1, 2, 3, 41, 2, 2, 3, 5, 2, 3, 3, 5, 1, 5, 5, 2, 1, 5, 
274: 1, 0, 1, 0, 0, 0, 0, 0, 4, 0, 5, 0, 1, 1, 41, 0, 1, 0, 2, 0, 4, 0, 1, 0, 0, 3, 1, 5, 0, 0, 2, 1, 0, 0, 0, 2, 0, 0, 0, 4, : 1, 1, 4, 5, 1, 1, 41, 1, 2, 4, 1, 3, 1, 5, 2, 1, 2, 4, 
290: 0, 0, 0, 0, 0, 42, 4, 1, 5, 0, 4, 2, 3, 0, 4, 4, 1, 5, 2, 0, 2, 4, 1, 0, 0, 0, 4, 0, 0, 0, 0, 0, 0, 3, 0, 5, 0, 0, 1, 0, : 42, 4, 1, 5, 4, 2, 3, 4, 4, 1, 5, 2, 2, 4, 1, 4, 3, 5, 1, 
64: 0, 0, 0, 4, 0, 0, 0, 5, 3, 0, 3, 0, 4, 0, 4, 0, 1, 2, 2, 0, 1, 2, 2, 40, 0, 1, 2, 0, 0, 4, 1, 0, 2, 3, 0, 0, 2, 3, 0, 0, : 4, 5, 3, 3, 4, 4, 1, 2, 2, 1, 2, 2, 40, 1, 2, 4, 1, 2, 3, 2, 3, 
341: 44, 4, 1, 5, 4, 0, 2, 0, 3, 4, 0, 0, 5, 0, 4, 1, 5, 0, 3, 0, 0, 0, 3, 1, 0, 0, 3, 5, 0, 4, 1, 0, 0, 0, 0, 0, 0, 0, 4, 0, : 44, 4, 1, 5, 4, 2, 3, 4, 5, 4, 1, 5, 3, 3, 1, 3, 5, 4, 1, 4, 
289: 2, 0, 4, 0, 5, 0, 3, 0, 1, 5, 0, 0, 0, 0, 0, 3, 0, 1, 0, 1, 1, 0, 2, 0, 0, 1, 0, 0, 4, 0, 2, 5, 0, 0, 0, 40, 0, 2, 0, 0, : 2, 4, 5, 3, 1, 5, 3, 1, 1, 1, 2, 1, 4, 2, 5, 40, 2, 
331: 0, 0, 4, 0, 4, 3, 1, 0, 2, 0, 2, 0, 3, 3, 3, 1, 4, 2, 0, 0, 0, 2, 1, 0, 4, 5, 5, 3, 0, 0, 0, 0, 0, 5, 0, 0, 0, 4, 42, 0, : 4, 4, 3, 1, 2, 2, 3, 3, 3, 1, 4, 2, 2, 1, 4, 5, 5, 3, 5, 4, 42, 
360: 4, 0, 1, 0, 0, 0, 0, 0, 3, 0, 5, 0, 0, 5, 0, 0, 42, 1, 1, 3, 5, 0, 5, 0, 0, 4, 1, 2, 0, 0, 0, 0, 4, 44, 0, 4, 4, 0, 5, 44, : 4, 1, 3, 5, 5, 42, 1, 1, 3, 5, 5, 4, 1, 2, 4, 44, 4, 4, 5, 44, 
361: 0, 5, 4, 0, 3, 0, 3, 0, 1, 0, 5, 0, 2, 0, 0, 0, 0, 3, 0, 0, 0, 5, 2, 1, 2, 4, 0, 0, 5, 3, 0, 4, 3, 0, 0, 4, 4, 5, 0, 5, : 5, 4, 3, 3, 1, 5, 2, 3, 5, 2, 1, 2, 4, 5, 3, 4, 3, 4, 4, 5, 5, 
87: 0, 0, 0, 3, 0, 0, 3, 0, 1, 42, 0, 0, 0, 0, 5, 3, 1, 4, 0, 1, 41, 4, 5, 0, 1, 0, 1, 1, 0, 0, 4, 5, 0, 2, 1, 0, 0, 3, 42, 0, : 3, 3, 1, 42, 5, 3, 1, 4, 1, 41, 4, 5, 1, 1, 1, 4, 5, 2, 1, 3, 42, 
151: 0, 0, 2, 0, 5, 0, 5, 0, 5, 2, 0, 0, 2, 0, 0, 4, 0, 3, 0, 2, 5, 0, 1, 0, 1, 4, 0, 2, 0, 2, 2, 0, 0, 0, 2, 0, 5, 0, 0, 0, : 2, 5, 5, 5, 2, 2, 4, 3, 2, 5, 1, 1, 4, 2, 2, 2, 2, 5, 
390: 2, 0, 3, 40, 4, 0, 1, 2, 5, 5, 4, 44, 0, 41, 0, 1, 1, 0, 0, 1, 1, 3, 0, 4, 0, 4, 2, 0, 0, 0, 2, 4, 44, 0, 0, 4, 0, 40, 0, 0, : 2, 3, 40, 4, 1, 2, 5, 5, 4, 44, 41, 1, 1, 1, 1, 3, 4, 4, 2, 2, 4, 44, 4, 40, 
54: 0, 4, 1, 0, 3, 0, 5, 0, 1, 0, 3, 5, 3, 4, 0, 4, 5, 1, 1, 5, 5, 4, 1, 0, 42, 1, 1, 0, 0, 0, 0, 1, 40, 0, 0, 0, 1, 1, 0, 0, : 4, 1, 3, 5, 1, 3, 5, 3, 4, 4, 5, 1, 1, 5, 5, 4, 1, 42, 1, 1, 1, 40, 1, 1, 
309: 40, 0, 3, 0, 5, 0, 0, 0, 1, 3, 0, 0, 4, 0, 0, 0, 0, 3, 0, 1, 5, 0, 4, 5, 0, 3, 0, 0, 0, 0, 1, 4, 5, 0, 40, 0, 0, 0, 0, 0, : 40, 3, 5, 1, 3, 4, 3, 1, 5, 4, 5, 3, 1, 4, 5, 40, 
213: 0, 40, 0, 3, 0, 0, 0, 3, 1, 0, 1, 3, 2, 3, 0, 4, 3, 4, 0, 0, 1, 0, 42, 1, 0, 3, 3, 2, 43, 2, 2, 0, 0, 0, 3, 0, 43, 0, 0, 0, : 40, 3, 3, 1, 1, 3, 2, 3, 4, 3, 4, 1, 42, 1, 3, 3, 2, 43, 2, 2, 3, 43, 
301: 0, 2, 5, 40, 0, 0, 4, 43, 5, 0, 0, 0, 0, 4, 0, 5, 1, 5, 0, 0, 1, 0, 3, 3, 4, 4, 0, 1, 0, 0, 0, 0, 0, 0, 4, 0, 0, 0, 5, 0, : 2, 5, 40, 4, 43, 5, 4, 5, 1, 5, 1, 3, 3, 4, 4, 1, 4, 5, 
364: 1, 0, 0, 0, 4, 0, 0, 0, 1, 0, 0, 0, 0, 0, 0, 4, 5, 1, 0, 41, 3, 0, 0, 0, 0, 2, 0, 3, 0, 0, 3, 0, 4, 0, 4, 2, 2, 0, 0, 1, : 1, 4, 1, 4, 5, 1, 41, 3, 2, 3, 3, 4, 4, 2, 2, 1, 
336: 5, 2, 3, 2, 0, 0, 3, 40, 5, 0, 2, 2, 2, 0, 0, 5, 3, 5, 1, 0, 2, 3, 0, 0, 0, 5, 4, 0, 0, 2, 3, 0, 0, 4, 5, 0, 3, 0, 2, 3, : 5, 2, 3, 2, 3, 40, 5, 2, 2, 2, 5, 3, 5, 1, 2, 3, 5, 4, 2, 3, 4, 5, 3, 2, 3, 
74: 0, 0, 0, 0, 2, 0, 3, 0, 3, 3, 5, 41, 0, 5, 0, 4, 1, 3, 0, 0, 1, 3, 2, 5, 0, 1, 0, 2, 0, 0, 1, 5, 2, 1, 0, 0, 0, 0, 0, 3, : 2, 3, 3, 3, 5, 41, 5, 4, 1, 3, 1, 3, 2, 5, 1, 2, 1, 5, 2, 1, 3, 
365: 0, 0, 0, 4, 0, 4, 2, 0, 4, 0, 0, 1, 0, 0, 0, 5, 2, 3, 44, 0, 4, 5, 5, 43, 1, 4, 0, 0, 4, 3, 4, 4, 4, 0, 0, 0, 2, 0, 2, 2, : 4, 4, 2, 4, 1, 5, 2, 3, 44, 4, 5, 5, 43, 1, 4, 4, 3, 4, 4, 4, 2, 2, 2, 
26: 0, 1, 5, 3, 3, 41, 0, 0, 3, 0, 5, 1, 1, 0, 1, 3, 2, 0, 1, 3, 0, 4, 4, 0, 0, 0, 44, 0, 0, 4, 4, 3, 0, 4, 0, 0, 0, 1, 0, 0, : 1, 5, 3, 3, 41, 3, 5, 1, 1, 1, 3, 2, 1, 3, 4, 4, 44, 4, 4, 3, 4, 1, 
339: 1, 0, 43, 0, 2, 0, 2, 0, 2, 44, 4, 0, 0, 0, 0, 0, 5, 0, 0, 0, 3, 5, 5, 0, 0, 5, 0, 0, 0, 3, 3, 4, 0, 0, 0, 0, 0, 0, 0, 0, : 1, 43, 2, 2, 2, 44, 4, 5, 3, 5, 5, 5, 3, 3, 4, 
397: 1, 0, 4, 0, 4, 5, 0, 0, 2, 2, 1, 0, 0, 0, 43, 0, 2, 1, 5, 0, 0, 0, 3, 0, 0, 1, 4, 0, 0, 1, 0, 1, 0, 0, 0, 0, 0, 2, 0, 0, : 1, 4, 4, 5, 2, 2, 1, 43, 2, 1, 5, 3, 1, 4, 1, 1, 2, 
141: 0, 0, 2, 0, 0, 0, 42, 1, 3, 1, 0, 0, 3, 1, 0, 4, 4, 0, 0, 3, 5, 0, 0, 0, 0, 2, 0, 0, 0, 0, 2, 1, 0, 1, 44, 1, 0, 40, 2, 1, : 2, 42, 1, 3, 1, 3, 1, 4, 4, 3, 5, 2, 2, 1, 1, 44, 1, 40, 2, 1, 
175: 0, 0, 5, 0, 2, 0, 4, 5, 2, 1, 0, 0, 3, 0, 0, 3, 0, 1, 0, 43, 5, 3, 5, 0, 0, 4, 0, 1, 5, 0, 4, 0, 2, 0, 5, 2, 0, 0, 0, 0, : 5, 2, 4, 5, 2, 1, 3, 3, 1, 43, 5, 3, 5, 4, 1, 5, 4, 2, 5, 2, 
134: 5, 41, 5, 0, 5, 0, 1, 3, 3, 0, 0, 0, 5, 3, 0, 2, 0, 2, 3, 0, 2, 4, 4, 0, 0, 1, 3, 40, 0, 40, 44, 4, 0, 0, 0, 4, 0, 0, 0, 0, : 5, 41, 5, 5, 1, 3, 3, 5, 3, 2, 2, 3, 2, 4, 4, 1, 3, 40, 40, 44, 4, 4, 
245: 0, 0, 1, 5, 3, 5, 1, 0, 5, 0, 1, 2, 3, 0, 0, 40, 0, 0, 42, 0, 0, 5, 4, 5, 0, 0, 0, 0, 2, 3, 1, 4, 0, 42, 2, 1, 5, 0, 3, 41, : 1, 5, 3, 5, 1, 5, 1, 2, 3, 40, 42, 5, 4, 5, 2, 3, 1, 4, 42, 2, 1, 5, 3, 41, 
359: 0, 0, 0, 0, 0, 0, 2, 0, 5, 0, 0, 0, 5, 0, 0, 5, 0, 1, 0, 0, 2, 3, 3, 0, 0, 0, 0, 0, 0, 0, 0, 0, 0, 5, 0, 0, 42, 4, 0, 4, : 2, 5, 5, 5, 1, 2, 3, 3, 5, 42, 4, 4, 
129: 2, 5, 0, 5, 2, 0, 3, 0, 5, 0, 2, 0, 2, 0, 0, 0, 0, 2, 0, 5, 1, 40, 3, 4, 5, 0, 0, 0, 0, 4, 3, 0, 0, 0, 2, 0, 0, 0, 4, 1, : 2, 5, 5, 2, 3, 5, 2, 2, 2, 5, 1, 40, 3, 4, 5, 4, 3, 2, 4, 1, 
123: 0, 0, 3, 0, 0, 0, 5, 0, 5, 0, 3, 5, 2, 0, 4, 1, 3, 0, 4, 0, 0, 0, 2, 0, 5, 1, 0, 0, 2, 0, 3, 4, 0, 1, 0, 0, 0, 1, 0, 1, : 3, 5, 5, 3, 5, 2, 4, 1, 3, 4, 2, 5, 1, 2, 3, 4, 1, 1, 1, 
292: 0, 0, 0, 1, 0, 1, 1, 2, 3, 0, 2, 0, 5, 0, 0, 0, 3, 5, 1, 0, 0, 2, 0, 0, 0, 0, 0, 1, 0, 0, 5, 44, 0, 0, 1, 2, 0, 0, 0, 0, : 1, 1, 1, 2, 3, 2, 5, 3, 5, 1, 2, 1, 5, 44, 1, 2, 
173: 0, 1, 5, 0, 0, 5, 2, 5, 4, 1, 3, 0, 0, 0, 0, 2, 1, 41, 0, 0, 2, 0, 1, 0, 0, 2, 0, 5, 0, 1, 5, 0, 0, 2, 0, 2, 0, 0, 2, 0, : 1, 5, 5, 2, 5, 4, 1, 3, 2, 1, 41, 2, 1, 2, 5, 1, 5, 2, 2, 2, 
140: 0, 0, 0, 0, 2, 1, 1, 0, 1, 0, 44, 5, 5, 0, 2, 0, 4, 3, 0, 0, 1, 0, 3, 1, 2, 5, 0, 3, 41, 42, 3, 4, 0, 0, 0, 44, 4, 1, 0, 0, : 2, 1, 1, 1, 44, 5, 5, 2, 4, 3, 1, 3, 1, 2, 5, 3, 41, 42, 3, 4, 44, 4, 1, 
152: 2, 0, 4, 1, 5, 5, 1, 0, 2, 0, 0, 0, 1, 0, 0, 0, 1, 0, 0, 2, 4, 0, 2, 3, 1, 0, 0, 4, 2, 0, 4, 2, 0, 0, 0, 0, 0, 1, 0, 0, : 2, 4, 1, 5, 5, 1, 2, 1, 1, 2, 4, 2, 3, 1, 4, 2, 4, 2, 1, 
187: 0, 3, 3, 0, 5, 0, 0, 1, 5, 2, 3, 0, 2, 42, 0, 3, 5, 5, 0, 0, 0, 3, 0, 0, 0, 0, 0, 0, 0, 0, 1, 2, 0, 3, 2, 1, 0, 0, 5, 5, : 3, 3, 5, 1, 5, 2, 3, 2, 42, 3, 5, 5, 3, 1, 2, 3, 2, 1, 5, 5, 
398: 0, 0, 0, 3, 2, 0, 2, 5, 4, 1, 0, 0, 1, 4, 0, 0, 4, 1, 0, 4, 3, 5, 0, 0, 0, 0, 0, 0, 4, 0, 3, 0, 1, 0, 3, 0, 3, 0, 0, 0, : 3, 2, 2, 5, 4, 1, 1, 4, 4, 1, 4, 3, 5, 4, 3, 1, 3, 3, 
340: 0, 0, 4, 0, 1, 0, 4, 4, 1, 0, 5, 4, 1, 0, 0, 1, 0, 5, 1, 0, 2, 2, 0, 4, 44, 4, 0, 0, 2, 0, 3, 0, 2, 0, 1, 0, 0, 5, 0, 0, : 4, 1, 4, 4, 1, 5, 4, 1, 1, 5, 1, 2, 2, 4, 44, 4, 2, 3, 2, 1, 5, 
121: 4, 5, 0, 1, 0, 0, 3, 0, 3, 0, 0, 0, 42, 2, 3, 0, 0, 2, 2, 0, 0, 5, 1, 0, 3, 0, 42, 0, 0, 0, 0, 5, 0, 0, 0, 2, 0, 0, 0, 0, : 4, 5, 1, 3, 3, 42, 2, 3, 2, 2, 5, 1, 3, 42, 5, 2, 
154: 0, 5, 1, 0, 1, 5, 2, 0, 1, 0, 4, 0, 3, 0, 1, 4, 3, 0, 0, 3, 2, 1, 0, 0, 0, 43, 0, 0, 5, 2, 0, 0, 0, 0, 0, 0, 0, 2, 0, 0, : 5, 1, 1, 5, 2, 1, 4, 3, 1, 4, 3, 3, 2, 1, 43, 5, 2, 2, 
159: 5, 0, 0, 0, 3, 1, 5, 0, 5, 1, 4, 5, 0, 0, 5, 4, 4, 2, 5, 2, 1, 3, 0, 0, 5, 3, 0, 40, 1, 0, 3, 4, 2, 0, 1, 0, 0, 3, 0, 0, : 5, 3, 1, 5, 5, 1, 4, 5, 5, 4, 4, 2, 5, 2, 1, 3, 5, 3, 40, 1, 3, 4, 2, 1, 3, 


