
40
200
95
10

145: 0, 0, 0, 0, 0, 0, 0, 0, 0, 0, 0, 10, 0, 1, 10, 0, 10, 10, 0, 10, 9, 10, 0, 10, 10, 0, 10, 10, 10, 0, 10, 0, 10, 10, 10, 3, 0, 3, 10, 10, : 10, 1, 10, 10, 10, 10, 9, 10, 10, 10, 10, 10, 10, 10, 10, 10, 10, 3, 3, 10, 10, 
181: 0, 10, 10, 0, 4, 10, 0, 0, 0, 0, 0, 0, 10, 10, 1, 0, 10, 10, 10, 10, 10, 1, 0, 1, 10, 0, 1, 10, 10, 10, 10, 10, 10, 4, 10, 10, 0, 10, 0, 0, : 10, 10, 4, 10, 10, 10, 1, 10, 10, 10, 10, 10, 1, 1, 10, 1, 10, 10, 10, 10, 10, 10, 4, 10, 10, 10, 
30: 0, 10, 0, 10, 10, 0, 10, 10, 0, 13, 10, 10, 10, 10, 10, 0, 10, 10, 10, 0, 0, 2, 0, 0, 4, 10, 10, 10, 10, 10, 10, 0, 10, 0, 0, 1, 10, 0, 1, 10, : 10, 10, 10, 10, 10, 13, 10, 10, 10, 10, 10, 10, 10, 10, 2, 4, 10, 10, 10, 10, 10, 10, 10, 1, 10, 1, 10, 
75: 0, 0, 10, 1, 0, 0, 10, 0, 0, 10, 10, 2, 1, 10, 4, 0, 0, 1, 0, 10, 0, 0, 10, 0, 0, 10, 0, 4, 10, 5, 10, 10, 2, 10, 0, 1, 10, 10, 0, 0, : 10, 1, 10, 10, 10, 2, 1, 10, 4, 1, 10, 10, 10, 4, 10, 5, 10, 10, 2, 10, 1, 10, 10, 
170: 0, 10, 1, 15, 10, 10, 0, 0, 0, 0, 10, 10, 0, 0, 10, 10, 0, 10, 10, 19, 10, 0, 2, 10, 0, 2, 10, 10, 1, 0, 0, 0, 0, 10, 0, 9, 10, 0, 10, 10, : 10, 1, 15, 10, 10, 10, 10, 10, 10, 10, 10, 19, 10, 2, 10, 2, 10, 10, 1, 10, 9, 10, 10, 10, 
27: 0, 0, 10, 10, 10, 0, 10, 10, 10, 10, 0, 0, 0, 0, 0, 10, 0, 10, 0, 10, 5, 10, 10, 3, 0, 10, 0, 3, 0, 0, 10, 0, 2, 0, 10, 0, 1, 2, 10, 10, : 10, 10, 10, 10, 10, 10, 10, 10, 10, 10, 5, 10, 10, 3, 10, 3, 10, 2, 10, 1, 2, 10, 10, 
23: 0, 10, 0, 0, 0, 10, 10, 10, 10, 0, 5, 10, 0, 0, 0, 10, 10, 0, 0, 1, 0, 0, 10, 10, 0, 2, 0, 1, 0, 10, 4, 0, 0, 0, 10, 0, 10, 10, 0, 0, : 10, 10, 10, 10, 10, 5, 10, 10, 10, 1, 10, 10, 2, 1, 10, 4, 10, 10, 10, 
121: 10, 10, 0, 0, 0, 0, 0, 0, 10, 0, 10, 0, 0, 0, 10, 0, 0, 0, 10, 10, 0, 10, 0, 10, 0, 10, 6, 10, 2, 0, 0, 10, 0, 1, 0, 10, 0, 0, 0, 0, : 10, 10, 10, 10, 10, 10, 10, 10, 10, 10, 6, 10, 2, 10, 1, 10, 
61: 10, 0, 0, 10, 3, 10, 0, 10, 9, 10, 10, 10, 0, 10, 10, 10, 10, 10, 10, 0, 0, 4, 2, 1, 10, 0, 10, 10, 2, 10, 10, 0, 10, 0, 10, 0, 0, 10, 0, 0, : 10, 10, 3, 10, 10, 9, 10, 10, 10, 10, 10, 10, 10, 10, 10, 4, 2, 1, 10, 10, 10, 2, 10, 10, 10, 10, 10, 
85: 10, 10, 10, 8, 0, 13, 0, 10, 0, 0, 0, 2, 10, 0, 10, 0, 0, 0, 0, 10, 0, 10, 10, 0, 10, 0, 0, 0, 10, 10, 0, 13, 10, 10, 0, 10, 0, 0, 0, 0, : 10, 10, 10, 8, 13, 10, 2, 10, 10, 10, 10, 10, 10, 10, 10, 13, 10, 10, 10, 
137: 1, 0, 0, 0, 10, 10, 0, 10, 0, 0, 10, 0, 0, 0, 0, 10, 10, 4, 10, 9, 0, 0, 0, 10, 0, 10, 0, 10, 10, 0, 10, 0, 10, 10, 4, 10, 4, 10, 4, 0, : 1, 10, 10, 10, 10, 10, 10, 4, 10, 9, 10, 10, 10, 10, 10, 10, 10, 4, 10, 4, 10, 4, 
188: 10, 0, 10, 1, 0, 0, 10, 10, 0, 2, 0, 10, 10, 0, 10, 10, 0, 10, 10, 0, 0, 16, 10, 0, 10, 0, 0, 3, 0, 10, 0, 10, 0, 0, 10, 0, 0, 0, 0, 1, : 10, 10, 1, 10, 10, 2, 10, 10, 10, 10, 10, 10, 16, 10, 10, 3, 10, 10, 10, 1, 
38: 2, 0, 0, 0, 0, 0, 10, 0, 10, 0, 0, 0, 10, 0, 0, 0, 0, 0, 1, 0, 10, 10, 10, 0, 10, 10, 1, 0, 10, 0, 0, 0, 10, 10, 0, 10, 0, 10, 10, 10, : 2, 10, 10, 10, 1, 10, 10, 10, 10, 10, 1, 10, 10, 10, 10, 10, 10, 10, 
22: 10, 5, 0, 0, 10, 10, 10, 0, 0, 0, 10, 1, 16, 6, 10, 0, 10, 0, 10, 0, 0, 1, 10, 10, 0, 10, 17, 0, 0, 0, 1, 10, 0, 0, 0, 0, 10, 10, 10, 0, : 10, 5, 10, 10, 10, 10, 1, 16, 6, 10, 10, 10, 1, 10, 10, 10, 17, 1, 10, 10, 10, 10, 
63: 0, 10, 10, 10, 10, 0, 5, 10, 0, 10, 0, 0, 0, 10, 0, 10, 0, 0, 0, 6, 10, 0, 0, 10, 0, 1, 0, 1, 0, 0, 10, 10, 10, 0, 10, 10, 10, 0, 0, 10, : 10, 10, 10, 10, 5, 10, 10, 10, 10, 6, 10, 10, 1, 1, 10, 10, 10, 10, 10, 10, 10, 
172: 10, 0, 10, 10, 10, 10, 10, 0, 10, 10, 0, 0, 10, 10, 10, 10, 10, 10, 10, 0, 10, 10, 10, 0, 1, 0, 10, 1, 10, 10, 0, 2, 0, 10, 1, 10, 0, 0, 10, 7, : 10, 10, 10, 10, 10, 10, 10, 10, 10, 10, 10, 10, 10, 10, 10, 10, 10, 10, 1, 10, 1, 10, 10, 2, 10, 1, 10, 10, 7, 
49: 10, 0, 4, 10, 0, 0, 10, 5, 16, 10, 10, 10, 0, 10, 0, 10, 10, 0, 0, 0, 1, 1, 10, 0, 10, 10, 10, 0, 0, 10, 0, 0, 1, 0, 10, 0, 10, 0, 10, 0, : 10, 4, 10, 10, 5, 16, 10, 10, 10, 10, 10, 10, 1, 1, 10, 10, 10, 10, 10, 1, 10, 10, 10, 
140: 10, 10, 10, 0, 18, 10, 0, 0, 10, 10, 0, 0, 0, 7, 0, 0, 0, 0, 0, 0, 10, 10, 1, 0, 0, 0, 0, 0, 10, 0, 10, 0, 0, 10, 0, 10, 10, 10, 10, 10, : 10, 10, 10, 18, 10, 10, 10, 7, 10, 10, 1, 10, 10, 10, 10, 10, 10, 10, 10, 
167: 10, 10, 10, 0, 0, 2, 0, 0, 0, 10, 10, 10, 18, 10, 0, 0, 5, 10, 4, 0, 10, 0, 0, 10, 10, 0, 0, 12, 0, 10, 0, 10, 0, 0, 10, 0, 0, 10, 0, 7, : 10, 10, 10, 2, 10, 10, 10, 18, 10, 5, 10, 4, 10, 10, 10, 12, 10, 10, 10, 10, 7, 
177: 2, 0, 0, 10, 0, 0, 0, 10, 10, 0, 0, 10, 0, 1, 0, 5, 0, 0, 0, 0, 10, 0, 0, 10, 10, 10, 10, 0, 0, 0, 0, 10, 10, 10, 0, 1, 10, 0, 10, 10, : 2, 10, 10, 10, 10, 1, 5, 10, 10, 10, 10, 10, 10, 10, 10, 1, 10, 10, 10, 


106: 2, 0, 0, 2, 0, 0, 1, 0, 3, 0, 10, 3, 2, 10, 1, 0, 10, 10, 10, 0, 0, 0, 0, 10, 10, 10, 0, 0, 10, 0, 0, 0, 0, 0, 12, 10, 4, 10, 10, 10, : 2, 2, 1, 3, 10, 3, 2, 10, 1, 10, 10, 10, 10, 10, 10, 10, 12, 10, 4, 10, 10, 10, 
154: 10, 10, 10, 10, 0, 0, 0, 0, 10, 10, 5, 10, 10, 0, 10, 0, 10, 0, 10, 10, 0, 10, 10, 2, 10, 1, 0, 10, 10, 0, 10, 10, 0, 10, 0, 10, 1, 0, 10, 0, : 10, 10, 10, 10, 10, 10, 5, 10, 10, 10, 10, 10, 10, 10, 10, 2, 10, 1, 10, 10, 10, 10, 10, 10, 1, 10, 
153: 0, 0, 10, 2, 10, 10, 0, 10, 10, 0, 10, 3, 0, 10, 10, 1, 10, 0, 0, 7, 10, 0, 10, 0, 0, 0, 0, 10, 10, 0, 0, 0, 2, 10, 0, 0, 0, 10, 0, 0, : 10, 2, 10, 10, 10, 10, 10, 3, 10, 10, 1, 10, 7, 10, 10, 10, 10, 2, 10, 10, 
160: 10, 0, 10, 0, 10, 0, 0, 0, 10, 0, 0, 0, 10, 10, 0, 0, 0, 10, 0, 0, 10, 6, 0, 9, 0, 0, 0, 10, 0, 10, 0, 10, 0, 10, 0, 4, 10, 10, 10, 0, : 10, 10, 10, 10, 10, 10, 10, 10, 6, 9, 10, 10, 10, 10, 4, 10, 10, 10, 
84: 10, 8, 10, 10, 10, 0, 0, 0, 0, 10, 10, 0, 0, 0, 0, 10, 0, 10, 0, 10, 0, 10, 10, 10, 10, 0, 1, 10, 0, 7, 10, 0, 1, 10, 10, 0, 10, 0, 10, 10, : 10, 8, 10, 10, 10, 10, 10, 10, 10, 10, 10, 10, 10, 10, 1, 10, 7, 10, 1, 10, 10, 10, 10, 10, 
109: 0, 0, 1, 0, 3, 10, 0, 0, 0, 0, 10, 3, 10, 0, 0, 0, 10, 10, 0, 10, 10, 0, 0, 0, 10, 10, 10, 0, 10, 0, 10, 10, 10, 0, 10, 1, 10, 0, 0, 0, : 1, 3, 10, 10, 3, 10, 10, 10, 10, 10, 10, 10, 10, 10, 10, 10, 10, 10, 1, 10, 
117: 10, 0, 10, 10, 0, 0, 0, 10, 10, 10, 10, 0, 10, 10, 0, 10, 0, 0, 0, 0, 10, 0, 10, 0, 0, 0, 10, 3, 13, 10, 10, 10, 10, 10, 10, 10, 10, 1, 0, 0, : 10, 10, 10, 10, 10, 10, 10, 10, 10, 10, 10, 10, 10, 3, 13, 10, 10, 10, 10, 10, 10, 10, 10, 1, 
136: 10, 0, 0, 10, 0, 10, 10, 10, 0, 1, 10, 0, 0, 10, 0, 11, 0, 0, 0, 10, 0, 0, 4, 4, 10, 10, 0, 10, 0, 10, 0, 1, 10, 10, 10, 10, 0, 10, 2, 10, : 10, 10, 10, 10, 10, 1, 10, 10, 11, 10, 4, 4, 10, 10, 10, 10, 1, 10, 10, 10, 10, 10, 2, 10, 
6: 0, 10, 1, 10, 5, 0, 10, 4, 10, 10, 0, 10, 0, 0, 4, 10, 10, 1, 10, 6, 10, 0, 0, 0, 0, 10, 10, 10, 0, 0, 0, 10, 0, 0, 10, 10, 0, 0, 1, 0, : 10, 1, 10, 5, 10, 4, 10, 10, 10, 4, 10, 10, 1, 10, 6, 10, 10, 10, 10, 10, 10, 10, 1, 
108: 10, 10, 0, 0, 0, 10, 10, 0, 10, 0, 0, 0, 0, 0, 10, 9, 0, 0, 10, 1, 10, 4, 10, 10, 0, 10, 4, 0, 10, 0, 0, 0, 0, 0, 1, 0, 0, 10, 10, 14, : 10, 10, 10, 10, 10, 10, 9, 10, 1, 10, 4, 10, 10, 10, 4, 10, 1, 10, 10, 14, 
199: 10, 0, 10, 10, 0, 10, 10, 10, 0, 10, 10, 10, 1, 0, 0, 0, 0, 3, 0, 0, 0, 0, 0, 10, 10, 10, 0, 0, 0, 18, 10, 1, 10, 0, 10, 10, 10, 2, 0, 0, : 10, 10, 10, 10, 10, 10, 10, 10, 10, 1, 3, 10, 10, 10, 18, 10, 1, 10, 10, 10, 10, 2, 
110: 0, 10, 0, 10, 2, 10, 10, 10, 0, 0, 10, 10, 1, 0, 10, 0, 10, 0, 13, 0, 5, 10, 0, 0, 0, 10, 10, 0, 11, 0, 10, 10, 10, 10, 10, 10, 10, 2, 0, 10, : 10, 10, 2, 10, 10, 10, 10, 10, 1, 10, 10, 13, 5, 10, 10, 10, 11, 10, 10, 10, 10, 10, 10, 10, 2, 10, 
46: 2, 10, 10, 10, 5, 0, 10, 0, 10, 0, 0, 0, 10, 0, 0, 0, 10, 0, 10, 1, 0, 10, 10, 0, 0, 0, 10, 2, 0, 0, 0, 0, 0, 0, 1, 10, 0, 10, 0, 10, : 2, 10, 10, 10, 5, 10, 10, 10, 10, 10, 1, 10, 10, 10, 2, 1, 10, 10, 10, 
99: 0, 10, 0, 0, 10, 1, 10, 0, 10, 0, 0, 1, 1, 10, 0, 10, 0, 10, 0, 10, 10, 10, 1, 10, 10, 10, 0, 10, 0, 10, 0, 10, 10, 2, 0, 0, 0, 0, 10, 10, : 10, 10, 1, 10, 10, 1, 1, 10, 10, 10, 10, 10, 10, 1, 10, 10, 10, 10, 10, 10, 10, 2, 10, 10, 
120: 10, 10, 10, 1, 0, 10, 10, 1, 10, 10, 10, 5, 0, 0, 10, 3, 3, 10, 10, 10, 10, 0, 10, 0, 0, 0, 10, 10, 0, 10, 10, 0, 0, 0, 0, 0, 0, 0, 10, 10, : 10, 10, 10, 1, 10, 10, 1, 10, 10, 10, 5, 10, 3, 3, 10, 10, 10, 10, 10, 10, 10, 10, 10, 10, 10, 
193: 0, 2, 10, 0, 0, 0, 0, 10, 0, 10, 0, 10, 10, 5, 0, 10, 10, 10, 0, 0, 10, 5, 0, 10, 0, 10, 0, 0, 10, 0, 2, 10, 10, 10, 0, 0, 0, 0, 0, 1, : 2, 10, 10, 10, 10, 10, 5, 10, 10, 10, 10, 5, 10, 10, 10, 2, 10, 10, 10, 1, 
48: 0, 0, 2, 0, 10, 0, 0, 0, 0, 10, 0, 10, 10, 10, 10, 0, 0, 10, 0, 0, 0, 10, 0, 0, 0, 1, 10, 0, 1, 0, 10, 2, 0, 2, 0, 0, 10, 10, 0, 0, : 2, 10, 10, 10, 10, 10, 10, 10, 10, 1, 10, 1, 10, 2, 2, 10, 10, 
70: 1, 10, 0, 0, 10, 10, 10, 10, 0, 0, 0, 0, 0, 10, 10, 1, 10, 10, 20, 0, 0, 0, 10, 10, 10, 1, 0, 0, 0, 10, 10, 1, 10, 0, 10, 0, 0, 10, 10, 0, : 1, 10, 10, 10, 10, 10, 10, 10, 1, 10, 10, 20, 10, 10, 10, 1, 10, 10, 1, 10, 10, 10, 10, 
77: 0, 0, 0, 0, 10, 10, 4, 10, 2, 10, 0, 10, 10, 10, 10, 10, 0, 0, 0, 10, 0, 10, 0, 10, 10, 2, 10, 0, 10, 0, 0, 0, 0, 10, 1, 10, 10, 0, 2, 0, : 10, 10, 4, 10, 2, 10, 10, 10, 10, 10, 10, 10, 10, 10, 10, 2, 10, 10, 10, 1, 10, 10, 2, 
89: 10, 5, 1, 10, 10, 4, 0, 10, 0, 4, 0, 10, 10, 0, 10, 10, 2, 1, 2, 10, 0, 10, 10, 0, 5, 0, 10, 10, 0, 10, 3, 10, 12, 1, 0, 0, 10, 10, 10, 10, : 10, 5, 1, 10, 10, 4, 10, 4, 10, 10, 10, 10, 2, 1, 2, 10, 10, 10, 5, 10, 10, 10, 3, 10, 12, 1, 10, 10, 10, 10, 


88: 10, 10, 10, 10, 0, 10, 0, 10, 10, 0, 10, 0, 10, 0, 10, 0, 0, 0, 0, 1, 10, 10, 10, 10, 10, 0, 10, 0, 10, 0, 0, 1, 20, 10, 0, 0, 10, 10, 0, 0, : 10, 10, 10, 10, 10, 10, 10, 10, 10, 10, 1, 10, 10, 10, 10, 10, 10, 10, 1, 20, 10, 10, 10, 
196: 10, 0, 1, 10, 10, 0, 0, 0, 10, 10, 0, 10, 0, 0, 10, 0, 10, 0, 0, 10, 0, 10, 0, 10, 3, 10, 0, 0, 0, 0, 0, 0, 1, 0, 0, 0, 0, 0, 0, 0, : 10, 1, 10, 10, 10, 10, 10, 10, 10, 10, 10, 10, 3, 10, 1, 
103: 0, 1, 0, 0, 0, 0, 10, 4, 1, 10, 10, 0, 0, 0, 0, 0, 0, 10, 10, 10, 10, 10, 10, 10, 10, 1, 5, 0, 0, 10, 0, 10, 10, 10, 10, 0, 10, 10, 0, 10, : 1, 10, 4, 1, 10, 10, 10, 10, 10, 10, 10, 10, 10, 10, 1, 5, 10, 10, 10, 10, 10, 10, 10, 10, 
115: 0, 10, 0, 10, 10, 10, 4, 0, 2, 0, 10, 10, 10, 0, 0, 10, 0, 0, 0, 1, 10, 0, 10, 5, 10, 2, 0, 3, 2, 10, 0, 0, 3, 10, 10, 10, 10, 2, 0, 0, : 10, 10, 10, 10, 4, 2, 10, 10, 10, 10, 1, 10, 10, 5, 10, 2, 3, 2, 10, 3, 10, 10, 10, 10, 2, 
162: 0, 10, 3, 10, 1, 0, 0, 10, 2, 10, 10, 10, 0, 10, 0, 10, 10, 10, 0, 10, 10, 0, 0, 0, 10, 0, 0, 10, 0, 10, 10, 0, 0, 0, 0, 0, 0, 10, 0, 0, : 10, 3, 10, 1, 10, 2, 10, 10, 10, 10, 10, 10, 10, 10, 10, 10, 10, 10, 10, 10, 
55: 10, 10, 0, 10, 10, 0, 10, 0, 10, 0, 0, 10, 2, 10, 10, 10, 10, 0, 1, 10, 10, 10, 10, 0, 0, 10, 0, 0, 10, 10, 2, 10, 2, 10, 10, 0, 10, 0, 0, 0, : 10, 10, 10, 10, 10, 10, 10, 2, 10, 10, 10, 10, 1, 10, 10, 10, 10, 10, 10, 10, 2, 10, 2, 10, 10, 10, 
107: 0, 10, 10, 5, 10, 10, 10, 10, 0, 3, 0, 10, 10, 0, 10, 10, 1, 10, 10, 0, 0, 0, 2, 3, 10, 0, 0, 10, 1, 0, 0, 0, 1, 10, 0, 10, 0, 0, 0, 0, : 10, 10, 5, 10, 10, 10, 10, 3, 10, 10, 10, 10, 1, 10, 10, 2, 3, 10, 10, 1, 1, 10, 10, 
122: 10, 0, 10, 0, 1, 10, 10, 0, 0, 0, 10, 10, 10, 4, 0, 0, 0, 0, 10, 10, 0, 10, 0, 0, 0, 0, 10, 1, 10, 10, 10, 10, 0, 10, 0, 10, 10, 10, 0, 10, : 10, 10, 1, 10, 10, 10, 10, 10, 4, 10, 10, 10, 10, 1, 10, 10, 10, 10, 10, 10, 10, 10, 10, 
176: 0, 0, 1, 0, 10, 0, 10, 10, 0, 10, 0, 0, 0, 10, 10, 13, 0, 4, 10, 10, 10, 0, 0, 16, 10, 10, 0, 10, 0, 10, 1, 1, 0, 4, 2, 0, 10, 10, 10, 12, : 1, 10, 10, 10, 10, 10, 10, 13, 4, 10, 10, 10, 16, 10, 10, 10, 10, 1, 1, 4, 2, 10, 10, 10, 12, 
182: 10, 10, 10, 0, 10, 2, 0, 0, 0, 10, 5, 10, 10, 0, 0, 10, 0, 0, 10, 0, 0, 0, 2, 0, 10, 0, 10, 1, 0, 10, 10, 10, 2, 10, 0, 10, 0, 10, 10, 0, : 10, 10, 10, 10, 2, 10, 5, 10, 10, 10, 10, 2, 10, 10, 1, 10, 10, 10, 2, 10, 10, 10, 10, 
64: 0, 10, 10, 0, 0, 10, 10, 10, 0, 10, 0, 1, 1, 10, 5, 0, 0, 10, 0, 0, 10, 10, 0, 10, 0, 1, 0, 10, 0, 0, 10, 10, 12, 0, 10, 1, 2, 0, 10, 10, : 10, 10, 10, 10, 10, 10, 1, 1, 10, 5, 10, 10, 10, 10, 1, 10, 10, 10, 12, 10, 1, 2, 10, 10, 
92: 1, 10, 0, 0, 10, 10, 10, 0, 0, 0, 0, 0, 10, 10, 0, 10, 10, 10, 10, 1, 0, 5, 10, 0, 0, 10, 10, 10, 0, 10, 3, 2, 10, 0, 10, 10, 0, 10, 10, 10, : 1, 10, 10, 10, 10, 10, 10, 10, 10, 10, 10, 1, 5, 10, 10, 10, 10, 10, 3, 2, 10, 10, 10, 10, 10, 10, 
90: 10, 0, 10, 10, 10, 10, 0, 10, 0, 10, 0, 0, 10, 1, 10, 10, 10, 1, 0, 10, 10, 0, 0, 10, 1, 10, 0, 0, 10, 0, 0, 0, 0, 10, 10, 3, 1, 0, 10, 0, : 10, 10, 10, 10, 10, 10, 10, 10, 1, 10, 10, 10, 1, 10, 10, 10, 1, 10, 10, 10, 10, 3, 1, 10, 
138: 0, 4, 10, 0, 0, 10, 10, 9, 10, 1, 10, 0, 0, 0, 0, 10, 10, 10, 0, 10, 4, 10, 10, 0, 1, 0, 10, 0, 10, 0, 10, 0, 0, 0, 0, 10, 10, 2, 10, 10, : 4, 10, 10, 10, 9, 10, 1, 10, 10, 10, 10, 10, 4, 10, 10, 1, 10, 10, 10, 10, 10, 2, 10, 10, 
179: 0, 10, 10, 0, 0, 0, 10, 10, 10, 0, 10, 10, 0, 10, 0, 0, 10, 10, 10, 0, 10, 0, 1, 0, 10, 1, 0, 0, 10, 0, 0, 10, 10, 1, 10, 10, 0, 1, 10, 10, : 10, 10, 10, 10, 10, 10, 10, 10, 10, 10, 10, 10, 1, 10, 1, 10, 10, 10, 1, 10, 10, 1, 10, 10, 
191: 8, 0, 0, 10, 1, 0, 0, 1, 10, 0, 0, 4, 0, 10, 10, 0, 10, 0, 1, 0, 1, 10, 10, 0, 10, 10, 10, 10, 0, 0, 0, 1, 4, 0, 1, 10, 10, 0, 0, 10, : 8, 10, 1, 1, 10, 4, 10, 10, 10, 1, 1, 10, 10, 10, 10, 10, 10, 1, 4, 1, 10, 10, 10, 
66: 10, 0, 0, 10, 0, 3, 0, 0, 0, 10, 0, 0, 10, 10, 10, 0, 4, 10, 0, 2, 0, 0, 10, 0, 0, 10, 0, 10, 10, 0, 0, 0, 10, 0, 10, 1, 10, 10, 10, 2, : 10, 10, 3, 10, 10, 10, 10, 4, 10, 2, 10, 10, 10, 10, 10, 10, 1, 10, 10, 10, 2, 
178: 6, 0, 0, 0, 2, 0, 0, 0, 10, 10, 0, 10, 0, 0, 0, 2, 10, 0, 10, 0, 0, 0, 10, 10, 0, 0, 10, 10, 10, 5, 19, 10, 10, 0, 2, 10, 2, 10, 5, 10, : 6, 2, 10, 10, 10, 2, 10, 10, 10, 10, 10, 10, 10, 5, 19, 10, 10, 2, 10, 2, 10, 5, 10, 
155: 10, 0, 0, 0, 0, 10, 1, 1, 10, 1, 10, 0, 12, 10, 0, 0, 0, 10, 10, 10, 0, 0, 0, 10, 0, 10, 10, 10, 2, 10, 10, 10, 0, 10, 0, 0, 0, 0, 0, 0, : 10, 10, 1, 1, 10, 1, 10, 12, 10, 10, 10, 10, 10, 10, 10, 10, 2, 10, 10, 10, 10, 
59: 0, 0, 10, 10, 10, 0, 0, 10, 10, 0, 10, 0, 0, 0, 10, 0, 0, 0, 3, 0, 0, 10, 0, 1, 0, 10, 10, 0, 10, 0, 10, 10, 0, 0, 10, 0, 0, 0, 10, 1, : 10, 10, 10, 10, 10, 10, 10, 3, 10, 1, 10, 10, 10, 10, 10, 10, 10, 1, 


104: 4, 10, 0, 10, 0, 10, 10, 0, 0, 0, 0, 10, 10, 10, 0, 10, 0, 10, 10, 10, 0, 0, 10, 0, 0, 5, 0, 0, 10, 0, 0, 10, 0, 3, 0, 10, 10, 10, 10, 1, : 4, 10, 10, 10, 10, 10, 10, 10, 10, 10, 10, 10, 10, 5, 10, 10, 3, 10, 10, 10, 10, 1, 
124: 0, 1, 10, 0, 0, 0, 0, 10, 10, 0, 10, 0, 10, 10, 10, 0, 10, 1, 10, 10, 0, 10, 0, 0, 0, 0, 1, 1, 0, 10, 0, 0, 2, 0, 10, 0, 10, 0, 0, 10, : 1, 10, 10, 10, 10, 10, 10, 10, 10, 1, 10, 10, 10, 1, 1, 10, 2, 10, 10, 10, 
189: 10, 0, 0, 10, 10, 10, 1, 0, 0, 10, 0, 10, 10, 0, 0, 0, 1, 1, 0, 10, 10, 10, 0, 10, 4, 10, 10, 10, 10, 0, 0, 1, 20, 0, 0, 0, 10, 18, 10, 1, : 10, 10, 10, 10, 1, 10, 10, 10, 1, 1, 10, 10, 10, 10, 4, 10, 10, 10, 10, 1, 20, 10, 18, 10, 1, 
74: 0, 10, 0, 0, 10, 10, 3, 10, 0, 0, 2, 0, 10, 0, 10, 10, 0, 10, 10, 0, 0, 0, 0, 10, 10, 0, 0, 0, 10, 0, 0, 0, 0, 10, 0, 1, 0, 10, 10, 10, : 10, 10, 10, 3, 10, 2, 10, 10, 10, 10, 10, 10, 10, 10, 10, 1, 10, 10, 10, 
21: 1, 10, 0, 0, 2, 0, 0, 10, 0, 10, 0, 0, 1, 0, 0, 10, 1, 0, 3, 10, 4, 2, 0, 10, 10, 0, 0, 10, 10, 10, 10, 3, 0, 10, 10, 10, 5, 0, 0, 0, : 1, 10, 2, 10, 10, 1, 10, 1, 3, 10, 4, 2, 10, 10, 10, 10, 10, 10, 3, 10, 10, 10, 5, 
163: 10, 0, 10, 10, 10, 0, 10, 10, 0, 10, 0, 0, 2, 10, 10, 10, 0, 0, 0, 10, 10, 0, 10, 10, 10, 0, 10, 0, 0, 4, 5, 10, 0, 10, 0, 10, 10, 0, 10, 10, : 10, 10, 10, 10, 10, 10, 10, 2, 10, 10, 10, 10, 10, 10, 10, 10, 10, 4, 5, 10, 10, 10, 10, 10, 10, 
185: 10, 0, 1, 0, 0, 10, 10, 10, 0, 3, 0, 10, 10, 0, 10, 1, 0, 0, 10, 0, 10, 0, 0, 0, 0, 10, 0, 10, 0, 10, 0, 0, 10, 0, 10, 0, 0, 0, 0, 2, : 10, 1, 10, 10, 10, 3, 10, 10, 10, 1, 10, 10, 10, 10, 10, 10, 10, 2, 
131: 0, 10, 0, 0, 10, 0, 10, 1, 10, 0, 10, 0, 0, 10, 10, 0, 10, 10, 0, 0, 0, 10, 10, 0, 10, 0, 0, 13, 2, 0, 10, 9, 0, 0, 10, 2, 10, 0, 5, 10, : 10, 10, 10, 1, 10, 10, 10, 10, 10, 10, 10, 10, 10, 13, 2, 10, 9, 10, 2, 10, 5, 10, 
87: 0, 5, 10, 10, 0, 8, 0, 0, 10, 10, 10, 10, 0, 10, 0, 1, 10, 10, 10, 0, 0, 10, 0, 10, 10, 0, 10, 1, 0, 0, 0, 0, 10, 0, 10, 10, 0, 7, 0, 0, : 5, 10, 10, 8, 10, 10, 10, 10, 10, 1, 10, 10, 10, 10, 10, 10, 10, 1, 10, 10, 10, 7, 
5: 10, 0, 10, 10, 0, 10, 10, 10, 0, 0, 10, 10, 10, 10, 10, 0, 0, 0, 0, 0, 1, 10, 0, 0, 0, 10, 0, 10, 10, 10, 4, 10, 0, 0, 0, 2, 10, 10, 10, 10, : 10, 10, 10, 10, 10, 10, 10, 10, 10, 10, 10, 1, 10, 10, 10, 10, 10, 4, 10, 2, 10, 10, 10, 10, 
60: 10, 4, 10, 0, 0, 5, 0, 0, 10, 0, 10, 0, 0, 5, 0, 1, 10, 10, 0, 10, 10, 10, 10, 10, 0, 10, 10, 10, 0, 0, 0, 0, 0, 10, 4, 0, 10, 0, 0, 0, : 10, 4, 10, 5, 10, 10, 5, 1, 10, 10, 10, 10, 10, 10, 10, 10, 10, 10, 10, 4, 10, 
57: 10, 0, 0, 10, 10, 1, 10, 0, 0, 10, 0, 0, 0, 10, 2, 10, 0, 10, 10, 3, 0, 3, 10, 10, 10, 0, 1, 0, 10, 0, 0, 0, 10, 10, 10, 0, 0, 0, 0, 10, : 10, 10, 10, 1, 10, 10, 10, 2, 10, 10, 10, 3, 3, 10, 10, 10, 1, 10, 10, 10, 10, 10, 
73: 0, 0, 1, 10, 0, 1, 10, 10, 0, 10, 0, 2, 10, 0, 10, 0, 0, 10, 2, 1, 10, 10, 10, 0, 1, 10, 10, 10, 10, 10, 10, 10, 3, 0, 10, 10, 0, 10, 10, 10, : 1, 10, 1, 10, 10, 10, 2, 10, 10, 10, 2, 1, 10, 10, 10, 1, 10, 10, 10, 10, 10, 10, 10, 3, 10, 10, 10, 10, 10, 
143: 0, 10, 10, 10, 0, 10, 1, 4, 10, 10, 10, 0, 0, 10, 3, 10, 10, 0, 0, 0, 0, 0, 10, 18, 0, 10, 0, 0, 0, 0, 10, 0, 10, 10, 0, 0, 10, 0, 0, 10, : 10, 10, 10, 10, 1, 4, 10, 10, 10, 10, 3, 10, 10, 10, 18, 10, 10, 10, 10, 10, 10, 
67: 0, 10, 0, 10, 2, 0, 0, 10, 10, 1, 10, 10, 2, 0, 10, 2, 13, 10, 10, 10, 0, 0, 10, 0, 10, 0, 10, 0, 3, 1, 10, 2, 0, 1, 1, 10, 0, 0, 0, 0, : 10, 10, 2, 10, 10, 1, 10, 10, 2, 10, 2, 13, 10, 10, 10, 10, 10, 10, 3, 1, 10, 2, 1, 1, 10, 
44: 10, 10, 10, 0, 10, 0, 0, 0, 5, 10, 10, 0, 0, 0, 10, 0, 10, 1, 0, 1, 10, 0, 5, 0, 0, 0, 10, 0, 10, 10, 10, 0, 0, 10, 10, 0, 0, 10, 10, 0, : 10, 10, 10, 10, 5, 10, 10, 10, 10, 1, 1, 10, 5, 10, 10, 10, 10, 10, 10, 10, 10, 
180: 0, 0, 3, 1, 10, 0, 0, 0, 10, 0, 10, 3, 10, 10, 0, 10, 10, 2, 0, 0, 0, 0, 0, 7, 10, 10, 0, 10, 0, 0, 10, 10, 10, 10, 0, 10, 10, 10, 10, 0, : 3, 1, 10, 10, 10, 3, 10, 10, 10, 10, 2, 7, 10, 10, 10, 10, 10, 10, 10, 10, 10, 10, 10, 
129: 10, 0, 10, 0, 10, 0, 10, 0, 10, 1, 2, 10, 0, 0, 0, 0, 10, 0, 0, 10, 10, 10, 10, 0, 0, 10, 3, 10, 0, 10, 4, 10, 10, 1, 10, 10, 0, 0, 0, 1, : 10, 10, 10, 10, 10, 1, 2, 10, 10, 10, 10, 10, 10, 10, 3, 10, 10, 4, 10, 10, 1, 10, 10, 1, 
80: 10, 10, 0, 4, 10, 10, 10, 10, 10, 0, 1, 10, 10, 0, 0, 10, 0, 10, 10, 0, 10, 10, 0, 0, 10, 0, 10, 0, 0, 10, 2, 10, 0, 10, 0, 0, 0, 10, 10, 0, : 10, 10, 4, 10, 10, 10, 10, 10, 1, 10, 10, 10, 10, 10, 10, 10, 10, 10, 10, 2, 10, 10, 10, 10, 
198: 0, 5, 10, 0, 1, 10, 0, 0, 0, 10, 0, 10, 0, 0, 0, 10, 0, 0, 10, 10, 10, 0, 0, 0, 0, 10, 10, 0, 10, 10, 10, 10, 10, 0, 0, 10, 0, 0, 0, 10, : 5, 10, 1, 10, 10, 10, 10, 10, 10, 10, 10, 10, 10, 10, 10, 10, 10, 10, 10, 


93: 1, 0, 0, 10, 2, 1, 0, 10, 10, 1, 10, 5, 0, 10, 10, 10, 10, 0, 0, 0, 10, 0, 0, 0, 10, 0, 10, 2, 0, 0, 0, 10, 0, 0, 10, 0, 0, 0, 0, 0, : 1, 10, 2, 1, 10, 10, 1, 10, 5, 10, 10, 10, 10, 10, 10, 10, 2, 10, 10, 
101: 10, 10, 0, 5, 10, 10, 10, 0, 10, 0, 0, 0, 12, 10, 0, 0, 10, 10, 10, 1, 0, 19, 0, 0, 10, 0, 10, 0, 0, 10, 0, 0, 10, 0, 10, 10, 3, 0, 10, 0, : 10, 10, 5, 10, 10, 10, 10, 12, 10, 10, 10, 10, 1, 19, 10, 10, 10, 10, 10, 10, 3, 10, 
127: 2, 10, 10, 10, 1, 0, 10, 10, 10, 10, 10, 10, 10, 10, 10, 0, 0, 0, 0, 0, 0, 10, 0, 9, 0, 11, 0, 0, 10, 10, 0, 10, 10, 0, 0, 2, 10, 1, 10, 10, : 2, 10, 10, 10, 1, 10, 10, 10, 10, 10, 10, 10, 10, 10, 10, 9, 11, 10, 10, 10, 10, 2, 10, 1, 10, 10, 
125: 0, 10, 10, 0, 0, 10, 0, 10, 0, 10, 10, 0, 10, 0, 0, 10, 10, 0, 3, 10, 10, 0, 10, 10, 10, 0, 0, 0, 10, 2, 0, 0, 0, 10, 0, 0, 10, 0, 10, 0, : 10, 10, 10, 10, 10, 10, 10, 10, 10, 3, 10, 10, 10, 10, 10, 10, 2, 10, 10, 10, 
7: 0, 10, 0, 0, 10, 10, 0, 1, 10, 0, 0, 0, 10, 10, 0, 2, 3, 2, 10, 10, 10, 0, 10, 0, 10, 10, 10, 10, 10, 0, 1, 0, 10, 10, 10, 10, 7, 0, 1, 4, : 10, 10, 10, 1, 10, 10, 10, 2, 3, 2, 10, 10, 10, 10, 10, 10, 10, 10, 10, 1, 10, 10, 10, 10, 7, 1, 4, 
190: 0, 0, 0, 0, 0, 0, 10, 0, 1, 10, 10, 10, 10, 10, 3, 10, 0, 10, 10, 10, 0, 10, 10, 1, 0, 10, 0, 0, 1, 0, 2, 1, 10, 0, 10, 0, 0, 10, 10, 10, : 10, 1, 10, 10, 10, 10, 10, 3, 10, 10, 10, 10, 10, 10, 1, 10, 1, 2, 1, 10, 10, 10, 10, 10, 
83: 10, 10, 3, 0, 10, 0, 0, 10, 10, 10, 0, 0, 0, 10, 10, 0, 0, 20, 0, 10, 10, 5, 0, 10, 10, 10, 10, 0, 0, 0, 10, 10, 0, 10, 0, 0, 0, 10, 0, 0, : 10, 10, 3, 10, 10, 10, 10, 10, 10, 20, 10, 10, 5, 10, 10, 10, 10, 10, 10, 10, 10, 
133: 10, 10, 0, 10, 10, 0, 10, 10, 0, 10, 0, 10, 2, 0, 10, 0, 0, 0, 0, 10, 0, 10, 10, 10, 3, 0, 0, 10, 10, 10, 10, 0, 10, 0, 0, 10, 1, 0, 0, 0, : 10, 10, 10, 10, 10, 10, 10, 10, 2, 10, 10, 10, 10, 10, 3, 10, 10, 10, 10, 10, 10, 1, 
39: 0, 0, 2, 10, 0, 0, 0, 0, 1, 10, 1, 0, 1, 0, 0, 10, 10, 2, 10, 0, 10, 0, 0, 0, 1, 10, 0, 10, 2, 2, 0, 10, 1, 0, 0, 3, 3, 10, 10, 0, : 2, 10, 1, 10, 1, 1, 10, 10, 2, 10, 10, 1, 10, 10, 2, 2, 10, 1, 3, 3, 10, 10, 
41: 0, 4, 0, 10, 10, 15, 10, 0, 0, 0, 0, 10, 0, 0, 10, 0, 0, 0, 0, 0, 1, 10, 1, 10, 0, 0, 0, 0, 10, 10, 10, 4, 0, 0, 10, 0, 0, 0, 10, 10, : 4, 10, 10, 15, 10, 10, 10, 1, 10, 1, 10, 10, 10, 10, 4, 10, 10, 10, 
62: 10, 0, 10, 0, 0, 10, 10, 10, 10, 10, 10, 0, 0, 0, 2, 10, 10, 10, 0, 0, 0, 0, 0, 10, 1, 0, 5, 10, 0, 0, 10, 10, 0, 10, 1, 10, 10, 10, 10, 10, : 10, 10, 10, 10, 10, 10, 10, 10, 2, 10, 10, 10, 10, 1, 5, 10, 10, 10, 10, 1, 10, 10, 10, 10, 10, 
1: 10, 10, 10, 10, 10, 0, 0, 10, 10, 1, 0, 0, 10, 0, 10, 0, 0, 10, 0, 0, 10, 0, 10, 0, 0, 0, 10, 10, 0, 10, 0, 0, 10, 3, 10, 10, 10, 10, 0, 10, : 10, 10, 10, 10, 10, 10, 10, 1, 10, 10, 10, 10, 10, 10, 10, 10, 10, 3, 10, 10, 10, 10, 10, 
26: 1, 0, 0, 0, 0, 0, 0, 0, 0, 10, 4, 10, 10, 10, 0, 10, 10, 1, 0, 0, 0, 1, 0, 10, 10, 3, 0, 0, 0, 10, 10, 0, 2, 10, 0, 0, 10, 10, 0, 0, : 1, 10, 4, 10, 10, 10, 10, 10, 1, 1, 10, 10, 3, 10, 10, 2, 10, 10, 10, 
9: 10, 10, 10, 0, 0, 10, 10, 1, 2, 10, 10, 10, 10, 0, 10, 10, 2, 10, 2, 10, 10, 0, 6, 4, 10, 0, 0, 10, 0, 0, 10, 10, 0, 0, 0, 0, 1, 4, 1, 0, : 10, 10, 10, 10, 10, 1, 2, 10, 10, 10, 10, 10, 10, 2, 10, 2, 10, 10, 6, 4, 10, 10, 10, 10, 1, 4, 1, 
86: 0, 0, 10, 0, 10, 10, 0, 0, 0, 0, 10, 0, 0, 10, 0, 10, 0, 0, 0, 10, 0, 10, 0, 10, 10, 10, 0, 0, 0, 10, 1, 3, 10, 10, 0, 0, 10, 10, 0, 18, : 10, 10, 10, 10, 10, 10, 10, 10, 10, 10, 10, 10, 1, 3, 10, 10, 10, 10, 18, 
165: 10, 1, 10, 10, 10, 1, 10, 10, 0, 2, 10, 10, 0, 0, 10, 0, 0, 10, 10, 0, 10, 10, 18, 0, 0, 10, 10, 0, 10, 0, 0, 6, 12, 10, 10, 10, 0, 0, 10, 0, : 10, 1, 10, 10, 10, 1, 10, 10, 2, 10, 10, 10, 10, 10, 10, 10, 18, 10, 10, 10, 6, 12, 10, 10, 10, 10, 
29: 1, 0, 0, 10, 0, 0, 0, 0, 10, 1, 10, 10, 0, 5, 0, 3, 10, 0, 10, 10, 10, 0, 10, 0, 0, 10, 0, 10, 2, 10, 10, 10, 10, 10, 0, 0, 0, 10, 0, 1, : 1, 10, 10, 1, 10, 10, 5, 3, 10, 10, 10, 10, 10, 10, 10, 2, 10, 10, 10, 10, 10, 10, 1, 
8: 10, 10, 10, 0, 0, 0, 10, 13, 1, 0, 0, 0, 0, 10, 10, 0, 0, 10, 10, 4, 4, 0, 0, 0, 0, 0, 10, 10, 10, 0, 0, 10, 0, 2, 10, 10, 0, 10, 0, 10, : 10, 10, 10, 10, 13, 1, 10, 10, 10, 10, 4, 4, 10, 10, 10, 10, 2, 10, 10, 10, 10, 
114: 10, 0, 10, 0, 2, 8, 5, 0, 10, 0, 0, 0, 0, 0, 0, 10, 10, 0, 10, 0, 0, 0, 0, 1, 10, 0, 10, 10, 10, 10, 10, 1, 0, 0, 4, 10, 10, 0, 3, 10, : 10, 10, 2, 8, 5, 10, 10, 10, 10, 1, 10, 10, 10, 10, 10, 10, 1, 4, 10, 10, 3, 10, 
123: 0, 0, 0, 10, 10, 10, 0, 0, 0, 0, 0, 10, 10, 0, 0, 0, 10, 0, 10, 10, 0, 10, 10, 10, 0, 11, 10, 3, 10, 1, 11, 0, 0, 10, 10, 10, 10, 0, 10, 2, : 10, 10, 10, 10, 10, 10, 10, 10, 10, 10, 10, 11, 10, 3, 10, 1, 11, 10, 10, 10, 10, 10, 2, 


169: 10, 0, 10, 10, 5, 10, 0, 0, 0, 10, 0, 10, 10, 0, 10, 1, 3, 10, 10, 10, 3, 10, 10, 0, 0, 0, 0, 10, 0, 0, 10, 10, 10, 10, 2, 1, 0, 0, 10, 0, : 10, 10, 10, 5, 10, 10, 10, 10, 10, 1, 3, 10, 10, 10, 3, 10, 10, 10, 10, 10, 10, 10, 2, 1, 10, 
174: 10, 0, 2, 10, 10, 10, 10, 10, 0, 10, 10, 0, 0, 0, 0, 10, 2, 0, 4, 0, 0, 0, 10, 0, 3, 4, 0, 0, 10, 10, 10, 0, 10, 0, 1, 0, 0, 0, 0, 0, : 10, 2, 10, 10, 10, 10, 10, 10, 10, 10, 2, 4, 10, 3, 4, 10, 10, 10, 10, 1, 
150: 10, 10, 0, 10, 10, 1, 10, 0, 0, 10, 2, 10, 0, 10, 0, 10, 0, 5, 10, 0, 10, 10, 0, 1, 10, 10, 5, 10, 10, 10, 10, 10, 2, 0, 10, 10, 0, 0, 0, 10, : 10, 10, 10, 10, 1, 10, 10, 2, 10, 10, 10, 5, 10, 10, 10, 1, 10, 10, 5, 10, 10, 10, 10, 10, 2, 10, 10, 10, 
119: 10, 0, 10, 0, 0, 10, 10, 10, 10, 10, 0, 0, 0, 0, 0, 10, 10, 0, 10, 0, 10, 0, 1, 0, 10, 0, 0, 2, 10, 0, 10, 10, 10, 10, 0, 1, 5, 10, 2, 0, : 10, 10, 10, 10, 10, 10, 10, 10, 10, 10, 10, 1, 10, 2, 10, 10, 10, 10, 10, 1, 5, 10, 2, 
37: 10, 10, 10, 4, 2, 0, 10, 10, 10, 0, 0, 10, 10, 0, 10, 0, 10, 10, 10, 10, 0, 0, 1, 0, 0, 10, 0, 10, 0, 10, 0, 0, 10, 0, 4, 10, 10, 0, 0, 10, : 10, 10, 10, 4, 2, 10, 10, 10, 10, 10, 10, 10, 10, 10, 10, 1, 10, 10, 10, 10, 4, 10, 10, 10, 
40: 2, 0, 0, 0, 10, 0, 10, 0, 10, 10, 10, 10, 0, 0, 10, 0, 0, 0, 1, 10, 10, 0, 0, 0, 0, 0, 0, 10, 0, 0, 10, 0, 2, 3, 0, 0, 10, 0, 10, 10, : 2, 10, 10, 10, 10, 10, 10, 10, 1, 10, 10, 10, 10, 2, 3, 10, 10, 10, 
4: 1, 0, 0, 0, 0, 0, 0, 0, 0, 0, 1, 10, 10, 10, 0, 10, 10, 10, 10, 1, 10, 2, 10, 10, 0, 0, 0, 1, 10, 0, 10, 0, 0, 10, 9, 10, 10, 10, 0, 0, : 1, 1, 10, 10, 10, 10, 10, 10, 10, 1, 10, 2, 10, 10, 1, 10, 10, 10, 9, 10, 10, 10, 
18: 0, 10, 0, 10, 0, 10, 2, 0, 0, 10, 2, 10, 10, 10, 0, 1, 10, 10, 0, 10, 0, 1, 10, 3, 0, 0, 10, 0, 10, 10, 0, 10, 0, 10, 10, 0, 0, 10, 0, 10, : 10, 10, 10, 2, 10, 2, 10, 10, 10, 1, 10, 10, 10, 1, 10, 3, 10, 10, 10, 10, 10, 10, 10, 10, 
98: 0, 0, 10, 0, 0, 10, 0, 1, 10, 0, 10, 10, 10, 0, 2, 0, 10, 0, 10, 0, 10, 10, 0, 0, 10, 0, 10, 0, 0, 10, 0, 0, 1, 0, 0, 10, 0, 10, 0, 0, : 10, 10, 1, 10, 10, 10, 10, 2, 10, 10, 10, 10, 10, 10, 10, 1, 10, 10, 
76: 10, 0, 0, 0, 0, 4, 10, 10, 0, 0, 0, 0, 10, 0, 10, 0, 10, 10, 0, 10, 4, 10, 10, 10, 0, 10, 0, 10, 0, 10, 10, 10, 10, 0, 0, 10, 0, 10, 8, 0, : 10, 4, 10, 10, 10, 10, 10, 10, 10, 4, 10, 10, 10, 10, 10, 10, 10, 10, 10, 10, 10, 8, 
71: 0, 10, 0, 10, 10, 0, 0, 0, 10, 5, 10, 5, 0, 1, 10, 1, 10, 0, 10, 0, 10, 0, 0, 10, 10, 10, 10, 10, 10, 10, 0, 0, 0, 0, 16, 0, 0, 3, 10, 0, : 10, 10, 10, 10, 5, 10, 5, 1, 10, 1, 10, 10, 10, 10, 10, 10, 10, 10, 10, 10, 16, 3, 10, 
95: 0, 10, 3, 10, 10, 0, 0, 0, 10, 10, 10, 0, 10, 10, 0, 10, 0, 0, 0, 10, 10, 10, 0, 0, 10, 10, 17, 0, 0, 10, 0, 10, 0, 0, 10, 3, 10, 0, 10, 10, : 10, 3, 10, 10, 10, 10, 10, 10, 10, 10, 10, 10, 10, 10, 10, 17, 10, 10, 10, 3, 10, 10, 10, 
2: 0, 10, 10, 0, 8, 0, 10, 10, 3, 10, 10, 0, 10, 2, 10, 10, 0, 0, 10, 10, 0, 2, 0, 10, 10, 10, 10, 10, 0, 3, 10, 0, 10, 0, 10, 10, 10, 2, 0, 10, : 10, 10, 8, 10, 10, 3, 10, 10, 10, 2, 10, 10, 10, 10, 2, 10, 10, 10, 10, 10, 3, 10, 10, 10, 10, 10, 2, 10, 
97: 2, 0, 2, 0, 10, 10, 0, 0, 1, 0, 10, 0, 4, 10, 10, 10, 10, 10, 0, 0, 0, 0, 3, 10, 1, 10, 10, 10, 0, 0, 0, 4, 0, 10, 10, 10, 0, 0, 0, 0, : 2, 2, 10, 10, 1, 10, 4, 10, 10, 10, 10, 10, 3, 10, 1, 10, 10, 10, 4, 10, 10, 10, 
132: 10, 0, 0, 10, 10, 10, 3, 4, 10, 0, 0, 0, 0, 10, 0, 0, 0, 0, 0, 0, 10, 10, 10, 1, 10, 0, 10, 0, 10, 0, 0, 10, 10, 10, 10, 10, 10, 20, 5, 10, : 10, 10, 10, 10, 3, 4, 10, 10, 10, 10, 10, 1, 10, 10, 10, 10, 10, 10, 10, 10, 10, 20, 5, 10, 
187: 0, 10, 0, 1, 0, 0, 0, 10, 10, 0, 10, 0, 0, 2, 0, 10, 0, 10, 0, 0, 0, 10, 10, 10, 10, 1, 0, 10, 10, 2, 4, 1, 0, 2, 0, 0, 0, 10, 10, 0, : 10, 1, 10, 10, 10, 2, 10, 10, 10, 10, 10, 10, 1, 10, 10, 2, 4, 1, 2, 10, 10, 
134: 10, 5, 18, 0, 0, 0, 0, 10, 1, 0, 0, 10, 1, 10, 10, 0, 10, 10, 0, 10, 0, 0, 10, 10, 10, 0, 0, 0, 4, 0, 0, 0, 0, 10, 0, 0, 10, 0, 10, 10, : 10, 5, 18, 10, 1, 10, 1, 10, 10, 10, 10, 10, 10, 10, 10, 4, 10, 10, 10, 10, 
72: 0, 10, 10, 10, 0, 10, 10, 10, 0, 0, 10, 0, 0, 0, 10, 0, 0, 10, 0, 0, 0, 10, 10, 10, 0, 10, 0, 0, 10, 10, 0, 10, 10, 0, 1, 10, 10, 10, 10, 0, : 10, 10, 10, 10, 10, 10, 10, 10, 10, 10, 10, 10, 10, 10, 10, 10, 10, 1, 10, 10, 10, 10, 
100: 10, 10, 0, 10, 0, 0, 10, 0, 0, 10, 0, 10, 0, 10, 3, 2, 0, 0, 10, 4, 8, 0, 0, 0, 0, 10, 10, 2, 0, 0, 10, 10, 0, 10, 0, 0, 0, 0, 10, 10, : 10, 10, 10, 10, 10, 10, 10, 3, 2, 10, 4, 8, 10, 10, 2, 10, 10, 10, 10, 10, 
144: 0, 0, 10, 0, 10, 10, 0, 10, 10, 0, 0, 0, 10, 10, 0, 10, 0, 0, 0, 10, 0, 10, 0, 10, 1, 0, 3, 0, 1, 0, 1, 0, 10, 10, 2, 0, 10, 0, 0, 5, : 10, 10, 10, 10, 10, 10, 10, 10, 10, 10, 10, 1, 3, 1, 1, 10, 10, 2, 10, 5, 


15: 10, 10, 1, 10, 10, 10, 10, 3, 10, 0, 10, 0, 10, 10, 0, 0, 1, 0, 1, 10, 0, 0, 0, 2, 0, 10, 2, 10, 0, 2, 0, 0, 0, 0, 10, 0, 0, 10, 0, 1, : 10, 10, 1, 10, 10, 10, 10, 3, 10, 10, 10, 10, 1, 1, 10, 2, 10, 2, 10, 2, 10, 10, 1, 
149: 10, 10, 10, 10, 10, 2, 0, 0, 0, 0, 0, 0, 10, 10, 10, 10, 0, 10, 1, 10, 10, 10, 0, 10, 0, 0, 10, 10, 10, 0, 10, 0, 10, 0, 10, 0, 10, 10, 0, 0, : 10, 10, 10, 10, 10, 2, 10, 10, 10, 10, 10, 1, 10, 10, 10, 10, 10, 10, 10, 10, 10, 10, 10, 10, 
51: 0, 0, 0, 10, 0, 0, 0, 10, 10, 0, 10, 10, 10, 0, 1, 0, 0, 0, 10, 0, 0, 0, 10, 10, 0, 0, 10, 10, 0, 1, 0, 0, 10, 0, 10, 3, 4, 0, 10, 1, : 10, 10, 10, 10, 10, 10, 1, 10, 10, 10, 10, 10, 1, 10, 10, 3, 4, 10, 1, 
135: 0, 0, 0, 0, 10, 0, 0, 10, 10, 10, 0, 10, 1, 10, 0, 10, 0, 0, 1, 10, 10, 0, 10, 10, 10, 4, 0, 10, 0, 10, 10, 1, 0, 10, 0, 10, 2, 10, 10, 5, : 10, 10, 10, 10, 10, 1, 10, 10, 1, 10, 10, 10, 10, 10, 4, 10, 10, 10, 1, 10, 10, 2, 10, 10, 5, 
112: 1, 0, 10, 0, 10, 10, 10, 0, 10, 10, 10, 0, 0, 10, 0, 0, 10, 10, 0, 0, 0, 10, 0, 1, 0, 0, 0, 10, 10, 10, 10, 10, 10, 0, 0, 0, 10, 1, 10, 0, : 1, 10, 10, 10, 10, 10, 10, 10, 10, 10, 10, 10, 1, 10, 10, 10, 10, 10, 10, 10, 1, 10, 
47: 2, 1, 1, 0, 10, 2, 0, 0, 5, 10, 9, 0, 10, 0, 10, 0, 0, 10, 0, 0, 0, 10, 10, 0, 0, 10, 0, 10, 10, 10, 10, 0, 0, 0, 10, 10, 10, 1, 0, 10, : 2, 1, 1, 10, 2, 5, 10, 9, 10, 10, 10, 10, 10, 10, 10, 10, 10, 10, 10, 10, 10, 1, 10, 
56: 0, 10, 0, 4, 0, 1, 0, 0, 0, 10, 0, 0, 10, 0, 10, 0, 3, 0, 17, 0, 10, 10, 10, 0, 0, 10, 10, 0, 1, 10, 4, 0, 10, 10, 0, 10, 0, 1, 10, 0, : 10, 4, 1, 10, 10, 10, 3, 17, 10, 10, 10, 10, 10, 1, 10, 4, 10, 10, 10, 1, 10, 
168: 10, 0, 10, 0, 3, 10, 10, 2, 0, 0, 10, 0, 0, 0, 10, 10, 10, 0, 0, 0, 4, 10, 0, 0, 0, 10, 10, 0, 10, 10, 0, 10, 0, 10, 0, 10, 0, 0, 10, 17, : 10, 10, 3, 10, 10, 2, 10, 10, 10, 10, 4, 10, 10, 10, 10, 10, 10, 10, 10, 10, 17, 
183: 10, 10, 3, 10, 5, 10, 10, 10, 0, 10, 10, 0, 0, 10, 10, 10, 0, 0, 1, 0, 0, 10, 0, 0, 1, 0, 10, 2, 0, 10, 0, 0, 0, 10, 4, 0, 10, 0, 0, 0, : 10, 10, 3, 10, 5, 10, 10, 10, 10, 10, 10, 10, 10, 1, 10, 1, 10, 2, 10, 10, 4, 10, 
24: 10, 2, 0, 0, 0, 0, 0, 0, 10, 10, 10, 3, 10, 0, 0, 10, 10, 10, 10, 5, 10, 0, 0, 10, 10, 10, 0, 0, 0, 2, 0, 10, 10, 0, 0, 10, 0, 10, 0, 10, : 10, 2, 10, 10, 10, 3, 10, 10, 10, 10, 10, 5, 10, 10, 10, 10, 2, 10, 10, 10, 10, 10, 
159: 10, 10, 10, 18, 0, 0, 0, 0, 0, 0, 1, 10, 0, 0, 0, 10, 10, 10, 10, 10, 10, 1, 8, 10, 10, 10, 0, 0, 0, 0, 10, 0, 0, 10, 0, 2, 1, 10, 0, 10, : 10, 10, 10, 18, 1, 10, 10, 10, 10, 10, 10, 10, 1, 8, 10, 10, 10, 10, 10, 2, 1, 10, 10, 
173: 2, 0, 0, 3, 17, 0, 0, 0, 0, 4, 0, 10, 4, 4, 0, 0, 0, 0, 0, 10, 0, 0, 0, 0, 10, 1, 10, 0, 10, 0, 0, 10, 1, 0, 0, 0, 0, 0, 0, 0, : 2, 3, 17, 4, 10, 4, 4, 10, 10, 1, 10, 10, 10, 1, 
35: 0, 10, 0, 0, 10, 20, 10, 0, 10, 1, 10, 0, 0, 10, 0, 0, 1, 10, 10, 10, 10, 10, 0, 0, 10, 0, 10, 0, 0, 0, 10, 10, 0, 10, 0, 0, 1, 0, 0, 0, : 10, 10, 20, 10, 10, 1, 10, 10, 1, 10, 10, 10, 10, 10, 10, 10, 10, 10, 10, 1, 
58: 0, 10, 10, 10, 0, 0, 10, 10, 10, 0, 0, 10, 0, 0, 10, 10, 10, 10, 10, 10, 10, 2, 10, 10, 1, 0, 0, 10, 0, 0, 0, 10, 10, 10, 1, 0, 0, 10, 10, 10, : 10, 10, 10, 10, 10, 10, 10, 10, 10, 10, 10, 10, 10, 10, 2, 10, 10, 1, 10, 10, 10, 10, 1, 10, 10, 10, 
31: 0, 10, 0, 0, 10, 10, 10, 10, 0, 0, 0, 2, 10, 0, 2, 0, 10, 5, 10, 10, 10, 10, 0, 10, 10, 0, 0, 1, 10, 10, 0, 10, 10, 10, 10, 10, 0, 10, 10, 1, : 10, 10, 10, 10, 10, 2, 10, 2, 10, 5, 10, 10, 10, 10, 10, 10, 1, 10, 10, 10, 10, 10, 10, 10, 10, 10, 1, 
65: 10, 0, 10, 10, 0, 10, 1, 10, 10, 0, 0, 10, 0, 0, 0, 10, 10, 0, 4, 0, 0, 0, 10, 10, 0, 0, 10, 0, 10, 10, 10, 10, 10, 3, 10, 10, 10, 0, 0, 10, : 10, 10, 10, 10, 1, 10, 10, 10, 10, 10, 4, 10, 10, 10, 10, 10, 10, 10, 10, 3, 10, 10, 10, 10, 
19: 0, 10, 10, 0, 0, 10, 10, 10, 0, 10, 0, 10, 0, 10, 10, 0, 10, 0, 0, 0, 1, 10, 0, 10, 3, 10, 0, 0, 3, 0, 0, 0, 10, 2, 10, 10, 16, 0, 10, 0, : 10, 10, 10, 10, 10, 10, 10, 10, 10, 10, 1, 10, 10, 3, 10, 3, 10, 2, 10, 10, 16, 10, 
3: 10, 0, 0, 0, 0, 0, 2, 0, 0, 10, 3, 10, 10, 10, 2, 5, 10, 10, 10, 0, 0, 0, 17, 0, 10, 10, 3, 10, 1, 10, 10, 0, 0, 0, 10, 10, 10, 10, 5, 10, : 10, 2, 10, 3, 10, 10, 10, 2, 5, 10, 10, 10, 17, 10, 10, 3, 10, 1, 10, 10, 10, 10, 10, 10, 5, 10, 
171: 10, 2, 10, 10, 0, 0, 10, 10, 0, 10, 2, 10, 0, 10, 10, 10, 0, 0, 0, 10, 10, 2, 0, 2, 10, 10, 0, 0, 10, 0, 10, 10, 0, 10, 10, 0, 10, 2, 0, 0, : 10, 2, 10, 10, 10, 10, 10, 2, 10, 10, 10, 10, 10, 10, 2, 2, 10, 10, 10, 10, 10, 10, 10, 10, 2, 
156: 0, 0, 10, 0, 0, 0, 2, 10, 10, 0, 10, 0, 10, 1, 10, 0, 0, 10, 0, 0, 0, 0, 10, 0, 10, 0, 10, 12, 10, 0, 1, 4, 4, 0, 0, 0, 1, 10, 10, 10, : 10, 2, 10, 10, 10, 10, 1, 10, 10, 10, 10, 10, 12, 10, 1, 4, 4, 1, 10, 10, 10, 


50: 3, 0, 0, 10, 0, 10, 0, 0, 0, 0, 0, 0, 0, 0, 0, 10, 10, 0, 10, 10, 0, 0, 0, 0, 0, 0, 0, 10, 10, 0, 10, 10, 10, 10, 0, 0, 1, 10, 10, 0, : 3, 10, 10, 10, 10, 10, 10, 10, 10, 10, 10, 10, 10, 1, 10, 10, 
28: 10, 10, 10, 10, 10, 0, 10, 0, 10, 2, 0, 1, 19, 0, 5, 0, 5, 10, 0, 0, 0, 10, 0, 10, 2, 10, 3, 10, 0, 10, 10, 0, 10, 10, 0, 10, 0, 10, 10, 0, : 10, 10, 10, 10, 10, 10, 10, 2, 1, 19, 5, 5, 10, 10, 10, 2, 10, 3, 10, 10, 10, 10, 10, 10, 10, 10, 
36: 0, 0, 10, 0, 10, 10, 1, 10, 10, 10, 10, 0, 0, 10, 10, 0, 0, 10, 4, 1, 10, 10, 10, 0, 10, 10, 10, 10, 10, 1, 2, 10, 0, 10, 10, 10, 0, 4, 0, 0, : 10, 10, 10, 1, 10, 10, 10, 10, 10, 10, 10, 4, 1, 10, 10, 10, 10, 10, 10, 10, 10, 1, 2, 10, 10, 10, 10, 4, 
54: 10, 10, 0, 10, 0, 10, 0, 0, 2, 10, 0, 10, 10, 10, 0, 0, 0, 0, 10, 10, 0, 0, 10, 0, 0, 10, 2, 0, 0, 0, 1, 10, 10, 0, 0, 10, 0, 10, 0, 10, : 10, 10, 10, 10, 2, 10, 10, 10, 10, 10, 10, 10, 10, 2, 1, 10, 10, 10, 10, 10, 
79: 0, 10, 3, 0, 0, 10, 10, 0, 10, 10, 10, 0, 10, 0, 2, 0, 0, 0, 0, 0, 10, 0, 0, 0, 10, 0, 0, 0, 10, 10, 10, 0, 0, 10, 10, 10, 10, 1, 0, 5, : 10, 3, 10, 10, 10, 10, 10, 10, 2, 10, 10, 10, 10, 10, 10, 10, 10, 10, 1, 5, 
11: 0, 0, 10, 0, 7, 0, 10, 10, 0, 1, 10, 10, 0, 5, 10, 0, 0, 10, 0, 10, 0, 10, 10, 10, 0, 0, 0, 0, 0, 0, 10, 10, 10, 0, 1, 0, 4, 0, 0, 10, : 10, 7, 10, 10, 1, 10, 10, 5, 10, 10, 10, 10, 10, 10, 10, 10, 10, 1, 4, 10, 
69: 0, 10, 0, 0, 10, 0, 10, 10, 10, 0, 0, 0, 0, 10, 0, 2, 0, 0, 10, 0, 10, 10, 0, 10, 10, 10, 0, 0, 0, 10, 0, 10, 0, 0, 0, 0, 10, 0, 10, 10, : 10, 10, 10, 10, 10, 10, 2, 10, 10, 10, 10, 10, 10, 10, 10, 10, 10, 10, 
195: 10, 0, 0, 10, 0, 0, 0, 0, 0, 0, 10, 5, 0, 10, 10, 10, 0, 1, 0, 1, 10, 10, 0, 10, 10, 0, 10, 10, 10, 0, 10, 10, 0, 0, 0, 10, 10, 0, 10, 0, : 10, 10, 10, 5, 10, 10, 10, 1, 1, 10, 10, 10, 10, 10, 10, 10, 10, 10, 10, 10, 10, 
68: 10, 0, 2, 10, 18, 0, 10, 3, 0, 10, 10, 0, 0, 0, 10, 10, 10, 10, 1, 10, 0, 0, 10, 5, 0, 0, 10, 0, 10, 0, 0, 0, 0, 10, 10, 0, 0, 10, 10, 10, : 10, 2, 10, 18, 10, 3, 10, 10, 10, 10, 10, 10, 1, 10, 10, 5, 10, 10, 10, 10, 10, 10, 10, 
20: 0, 10, 10, 10, 0, 10, 0, 10, 0, 0, 0, 5, 10, 10, 3, 0, 10, 10, 0, 3, 10, 4, 0, 0, 0, 10, 0, 3, 10, 0, 10, 0, 10, 2, 10, 0, 10, 0, 0, 10, : 10, 10, 10, 10, 10, 5, 10, 10, 3, 10, 10, 3, 10, 4, 10, 3, 10, 10, 10, 2, 10, 10, 10, 
157: 0, 0, 10, 0, 10, 10, 10, 10, 10, 0, 2, 10, 0, 0, 0, 10, 0, 4, 0, 10, 1, 0, 10, 10, 3, 10, 0, 0, 10, 10, 0, 0, 10, 0, 10, 10, 0, 10, 2, 0, : 10, 10, 10, 10, 10, 10, 2, 10, 10, 4, 10, 1, 10, 10, 3, 10, 10, 10, 10, 10, 10, 10, 2, 
126: 20, 10, 0, 0, 10, 0, 10, 2, 2, 0, 0, 10, 0, 10, 10, 10, 0, 10, 0, 0, 0, 10, 0, 0, 0, 10, 0, 0, 0, 1, 0, 10, 4, 10, 4, 4, 10, 0, 3, 10, : 20, 10, 10, 10, 2, 2, 10, 10, 10, 10, 10, 10, 10, 1, 10, 4, 10, 4, 4, 10, 3, 10, 
116: 10, 5, 10, 10, 0, 5, 3, 10, 0, 10, 10, 10, 8, 0, 0, 10, 10, 0, 10, 0, 10, 10, 2, 10, 10, 0, 10, 10, 0, 10, 0, 4, 0, 0, 0, 10, 10, 0, 10, 10, : 10, 5, 10, 10, 5, 3, 10, 10, 10, 10, 8, 10, 10, 10, 10, 10, 2, 10, 10, 10, 10, 10, 4, 10, 10, 10, 10, 
42: 0, 10, 0, 0, 10, 0, 0, 0, 0, 2, 2, 10, 0, 0, 0, 0, 10, 0, 10, 0, 3, 0, 3, 10, 0, 1, 0, 2, 10, 10, 1, 10, 10, 1, 10, 10, 0, 10, 0, 0, : 10, 10, 2, 2, 10, 10, 10, 3, 3, 10, 1, 2, 10, 10, 1, 10, 10, 1, 10, 10, 10, 
43: 0, 10, 10, 0, 0, 10, 1, 10, 10, 10, 10, 0, 10, 10, 0, 10, 0, 0, 0, 10, 0, 1, 10, 0, 0, 10, 10, 0, 0, 10, 10, 0, 0, 0, 10, 0, 0, 0, 10, 0, : 10, 10, 10, 1, 10, 10, 10, 10, 10, 10, 10, 10, 1, 10, 10, 10, 10, 10, 10, 10, 
186: 9, 0, 0, 10, 0, 0, 10, 0, 10, 10, 1, 0, 10, 0, 15, 0, 10, 10, 0, 10, 10, 0, 0, 10, 0, 1, 10, 10, 5, 10, 10, 1, 10, 10, 10, 1, 0, 0, 10, 0, : 9, 10, 10, 10, 10, 1, 10, 15, 10, 10, 10, 10, 10, 1, 10, 10, 5, 10, 10, 1, 10, 10, 10, 1, 10, 
25: 10, 0, 0, 4, 0, 0, 0, 0, 1, 10, 0, 13, 0, 10, 10, 10, 10, 0, 2, 10, 0, 0, 0, 0, 10, 10, 10, 0, 10, 0, 1, 10, 10, 2, 0, 0, 10, 10, 10, 0, : 10, 4, 1, 10, 13, 10, 10, 10, 10, 2, 10, 10, 10, 10, 10, 1, 10, 10, 2, 10, 10, 10, 
52: 1, 0, 0, 0, 0, 0, 0, 10, 0, 0, 10, 1, 0, 0, 0, 0, 0, 10, 10, 0, 10, 10, 10, 0, 10, 0, 10, 10, 0, 1, 10, 0, 0, 10, 10, 10, 10, 10, 0, 0, : 1, 10, 10, 1, 10, 10, 10, 10, 10, 10, 10, 10, 1, 10, 10, 10, 10, 10, 10, 
12: 0, 0, 10, 10, 0, 10, 0, 0, 10, 10, 10, 10, 10, 10, 0, 3, 10, 10, 10, 0, 10, 0, 10, 0, 10, 0, 0, 10, 0, 2, 0, 0, 1, 10, 0, 0, 0, 0, 0, 10, : 10, 10, 10, 10, 10, 10, 10, 10, 10, 3, 10, 10, 10, 10, 10, 10, 10, 2, 1, 10, 10, 
166: 2, 10, 10, 1, 10, 10, 10, 10, 10, 0, 0, 0, 8, 0, 10, 10, 10, 0, 18, 10, 1, 10, 10, 10, 10, 3, 10, 10, 0, 10, 0, 0, 0, 0, 0, 0, 10, 10, 0, 10, : 2, 10, 10, 1, 10, 10, 10, 10, 10, 8, 10, 10, 10, 18, 10, 1, 10, 10, 10, 10, 3, 10, 10, 10, 10, 10, 10, 


184: 0, 0, 0, 10, 0, 0, 0, 10, 10, 10, 0, 0, 0, 0, 10, 0, 0, 4, 10, 10, 0, 0, 10, 10, 4, 0, 0, 0, 10, 10, 10, 10, 0, 0, 10, 0, 10, 10, 0, 10, : 10, 10, 10, 10, 10, 4, 10, 10, 10, 10, 4, 10, 10, 10, 10, 10, 10, 10, 10, 
105: 2, 10, 11, 0, 0, 0, 1, 4, 4, 6, 0, 10, 0, 0, 3, 0, 3, 0, 10, 0, 0, 1, 0, 0, 1, 0, 10, 6, 10, 0, 0, 10, 10, 5, 0, 0, 0, 0, 0, 0, : 2, 10, 11, 1, 4, 4, 6, 10, 3, 3, 10, 1, 1, 10, 6, 10, 10, 10, 5, 
175: 0, 0, 10, 0, 0, 0, 10, 0, 10, 0, 10, 10, 8, 0, 0, 10, 0, 10, 0, 10, 10, 1, 10, 0, 10, 10, 0, 10, 0, 0, 10, 0, 10, 10, 10, 0, 0, 10, 10, 0, : 10, 10, 10, 10, 10, 8, 10, 10, 10, 10, 1, 10, 10, 10, 10, 10, 10, 10, 10, 10, 10, 
53: 10, 10, 10, 1, 10, 0, 10, 10, 10, 0, 10, 10, 0, 10, 10, 0, 1, 0, 2, 0, 10, 10, 0, 10, 0, 0, 0, 19, 10, 0, 0, 0, 10, 10, 5, 10, 10, 0, 0, 10, : 10, 10, 10, 1, 10, 10, 10, 10, 10, 10, 10, 10, 1, 2, 10, 10, 10, 19, 10, 10, 10, 5, 10, 10, 10, 
128: 0, 10, 0, 10, 0, 0, 10, 1, 10, 10, 10, 10, 10, 0, 10, 10, 10, 0, 10, 0, 0, 10, 0, 1, 0, 10, 0, 0, 0, 10, 10, 10, 0, 0, 10, 0, 10, 0, 10, 10, : 10, 10, 10, 1, 10, 10, 10, 10, 10, 10, 10, 10, 10, 10, 1, 10, 10, 10, 10, 10, 10, 10, 10, 
113: 5, 0, 10, 0, 4, 1, 10, 0, 0, 0, 0, 0, 0, 0, 10, 10, 10, 0, 0, 4, 10, 0, 0, 10, 0, 10, 10, 10, 10, 0, 2, 10, 10, 0, 10, 0, 0, 10, 0, 10, : 5, 10, 4, 1, 10, 10, 10, 10, 4, 10, 10, 10, 10, 10, 10, 2, 10, 10, 10, 10, 10, 
142: 0, 0, 10, 0, 10, 0, 10, 10, 0, 10, 1, 0, 10, 10, 10, 10, 10, 0, 10, 1, 3, 0, 10, 3, 10, 10, 1, 0, 3, 0, 7, 10, 10, 0, 10, 0, 11, 10, 0, 0, : 10, 10, 10, 10, 10, 1, 10, 10, 10, 10, 10, 10, 1, 3, 10, 3, 10, 10, 1, 3, 7, 10, 10, 10, 11, 10, 
141: 0, 10, 0, 10, 10, 10, 0, 10, 0, 10, 0, 10, 0, 2, 10, 10, 10, 10, 10, 10, 10, 10, 0, 0, 10, 0, 0, 0, 0, 10, 0, 0, 0, 0, 0, 7, 0, 0, 10, 10, : 10, 10, 10, 10, 10, 10, 10, 2, 10, 10, 10, 10, 10, 10, 10, 10, 10, 10, 7, 10, 10, 
152: 0, 10, 1, 10, 10, 6, 10, 10, 10, 0, 0, 10, 0, 10, 0, 10, 10, 0, 0, 10, 10, 0, 10, 0, 10, 0, 1, 10, 10, 17, 10, 0, 0, 0, 0, 0, 0, 1, 0, 5, : 10, 1, 10, 10, 6, 10, 10, 10, 10, 10, 10, 10, 10, 10, 10, 10, 1, 10, 10, 17, 10, 1, 5, 
10: 10, 1, 2, 0, 0, 16, 10, 0, 1, 0, 10, 0, 5, 10, 0, 0, 1, 10, 0, 10, 0, 3, 0, 10, 0, 4, 10, 0, 10, 10, 0, 10, 0, 10, 10, 0, 10, 10, 10, 10, : 10, 1, 2, 16, 10, 1, 10, 5, 10, 1, 10, 10, 3, 10, 4, 10, 10, 10, 10, 10, 10, 10, 10, 10, 10, 
45: 10, 0, 1, 0, 10, 10, 0, 10, 10, 10, 2, 4, 10, 10, 0, 0, 10, 0, 0, 0, 2, 10, 5, 0, 10, 10, 10, 10, 0, 8, 0, 0, 10, 10, 0, 10, 1, 0, 0, 0, : 10, 1, 10, 10, 10, 10, 10, 2, 4, 10, 10, 10, 2, 10, 5, 10, 10, 10, 10, 8, 10, 10, 10, 1, 
111: 18, 10, 0, 10, 1, 10, 0, 0, 10, 0, 10, 1, 0, 10, 5, 3, 0, 10, 10, 0, 0, 10, 10, 1, 0, 1, 10, 0, 10, 10, 0, 10, 4, 10, 0, 10, 0, 0, 1, 10, : 18, 10, 10, 1, 10, 10, 10, 1, 10, 5, 3, 10, 10, 10, 10, 1, 1, 10, 10, 10, 10, 4, 10, 10, 1, 10, 
96: 0, 0, 10, 10, 0, 2, 0, 0, 10, 0, 2, 10, 10, 1, 7, 10, 0, 10, 0, 0, 10, 10, 10, 10, 0, 10, 10, 10, 10, 0, 10, 0, 0, 0, 0, 10, 10, 4, 10, 0, : 10, 10, 2, 10, 2, 10, 10, 1, 7, 10, 10, 10, 10, 10, 10, 10, 10, 10, 10, 10, 10, 10, 4, 10, 
139: 0, 0, 0, 0, 10, 10, 10, 10, 0, 0, 10, 0, 0, 0, 10, 10, 0, 10, 1, 0, 0, 10, 0, 10, 10, 10, 0, 0, 0, 0, 0, 10, 0, 10, 10, 1, 10, 10, 3, 0, : 10, 10, 10, 10, 10, 10, 10, 10, 1, 10, 10, 10, 10, 10, 10, 10, 1, 10, 10, 3, 
158: 0, 0, 0, 10, 0, 0, 4, 0, 0, 10, 0, 10, 0, 10, 0, 0, 10, 10, 10, 0, 10, 0, 0, 0, 0, 10, 3, 0, 0, 10, 6, 0, 0, 0, 0, 10, 0, 0, 10, 10, : 10, 4, 10, 10, 10, 10, 10, 10, 10, 10, 3, 10, 6, 10, 10, 10, 
151: 10, 1, 0, 2, 10, 10, 0, 0, 0, 10, 0, 0, 10, 10, 10, 0, 0, 1, 10, 10, 10, 10, 10, 0, 10, 0, 10, 0, 0, 0, 0, 1, 10, 0, 0, 7, 0, 0, 10, 0, : 10, 1, 2, 10, 10, 10, 10, 10, 10, 1, 10, 10, 10, 10, 10, 10, 10, 1, 10, 7, 10, 
14: 10, 10, 10, 2, 10, 0, 0, 0, 0, 9, 0, 10, 12, 2, 0, 10, 10, 10, 0, 10, 0, 0, 10, 10, 0, 0, 0, 10, 10, 0, 0, 0, 10, 10, 0, 10, 0, 10, 10, 10, : 10, 10, 10, 2, 10, 9, 10, 12, 2, 10, 10, 10, 10, 10, 10, 10, 10, 10, 10, 10, 10, 10, 10, 
148: 10, 10, 10, 0, 0, 10, 0, 10, 10, 10, 10, 0, 10, 0, 0, 0, 0, 0, 10, 10, 0, 0, 0, 0, 10, 10, 10, 10, 0, 10, 10, 10, 1, 0, 10, 0, 0, 0, 0, 0, : 10, 10, 10, 10, 10, 10, 10, 10, 10, 10, 10, 10, 10, 10, 10, 10, 10, 10, 1, 10, 
91: 0, 10, 0, 10, 0, 10, 10, 0, 0, 0, 10, 0, 10, 0, 0, 0, 10, 10, 0, 10, 10, 0, 0, 10, 10, 0, 0, 0, 2, 0, 10, 0, 0, 10, 10, 10, 10, 10, 1, 0, : 10, 10, 10, 10, 10, 10, 10, 10, 10, 10, 10, 10, 2, 10, 10, 10, 10, 10, 10, 1, 
94: 10, 3, 10, 10, 10, 0, 0, 10, 0, 0, 10, 0, 0, 10, 0, 2, 0, 0, 2, 0, 0, 10, 10, 10, 0, 0, 10, 0, 0, 0, 10, 4, 10, 10, 0, 10, 13, 10, 10, 0, : 10, 3, 10, 10, 10, 10, 10, 10, 2, 2, 10, 10, 10, 10, 10, 4, 10, 10, 10, 13, 10, 10, 


197: 10, 10, 10, 10, 10, 10, 4, 0, 0, 10, 10, 0, 0, 0, 0, 3, 10, 0, 0, 1, 0, 7, 10, 0, 10, 0, 10, 0, 1, 10, 2, 10, 0, 0, 0, 2, 0, 10, 0, 10, : 10, 10, 10, 10, 10, 10, 4, 10, 10, 3, 10, 1, 7, 10, 10, 10, 1, 10, 2, 10, 2, 10, 10, 
130: 1, 10, 10, 0, 3, 10, 10, 10, 0, 0, 10, 0, 0, 10, 0, 0, 0, 4, 10, 10, 0, 10, 0, 10, 1, 0, 0, 1, 0, 10, 0, 16, 10, 0, 3, 10, 0, 0, 10, 10, : 1, 10, 10, 3, 10, 10, 10, 10, 10, 4, 10, 10, 10, 10, 1, 1, 10, 16, 10, 3, 10, 10, 10, 
13: 0, 10, 0, 0, 0, 0, 0, 10, 0, 0, 10, 0, 0, 0, 0, 0, 0, 0, 1, 0, 10, 0, 10, 10, 10, 0, 10, 1, 0, 10, 10, 10, 0, 0, 10, 1, 0, 10, 10, 0, : 10, 10, 10, 1, 10, 10, 10, 10, 10, 1, 10, 10, 10, 10, 1, 10, 10, 
34: 10, 0, 10, 10, 0, 0, 1, 0, 10, 10, 0, 10, 10, 10, 0, 10, 0, 0, 0, 0, 0, 0, 0, 10, 10, 0, 6, 0, 10, 10, 10, 0, 1, 10, 1, 10, 5, 0, 10, 10, : 10, 10, 10, 1, 10, 10, 10, 10, 10, 10, 10, 10, 6, 10, 10, 10, 1, 10, 1, 10, 5, 10, 10, 
102: 10, 10, 0, 10, 10, 10, 10, 0, 0, 0, 10, 10, 0, 10, 0, 10, 0, 0, 2, 10, 10, 2, 1, 10, 10, 10, 0, 10, 10, 0, 0, 0, 0, 10, 10, 10, 0, 10, 0, 0, : 10, 10, 10, 10, 10, 10, 10, 10, 10, 10, 2, 10, 10, 2, 1, 10, 10, 10, 10, 10, 10, 10, 10, 10, 
147: 0, 0, 0, 0, 0, 0, 0, 10, 0, 0, 7, 0, 0, 10, 0, 10, 10, 10, 0, 10, 10, 0, 10, 0, 0, 0, 10, 0, 0, 0, 1, 0, 3, 1, 0, 10, 10, 1, 0, 10, : 10, 7, 10, 10, 10, 10, 10, 10, 10, 10, 1, 3, 1, 10, 10, 1, 10, 
192: 0, 2, 10, 5, 7, 10, 0, 1, 1, 0, 10, 0, 10, 0, 0, 0, 0, 1, 10, 10, 5, 0, 0, 2, 0, 10, 0, 15, 10, 10, 0, 10, 10, 0, 0, 0, 10, 0, 0, 1, : 2, 10, 5, 7, 10, 1, 1, 10, 10, 1, 10, 10, 5, 2, 10, 15, 10, 10, 10, 10, 10, 1, 
17: 0, 0, 0, 0, 5, 0, 10, 10, 4, 0, 0, 0, 10, 10, 3, 0, 10, 0, 10, 0, 0, 0, 10, 10, 10, 10, 0, 10, 10, 0, 10, 0, 10, 0, 0, 10, 10, 8, 10, 10, : 5, 10, 10, 4, 10, 10, 3, 10, 10, 10, 10, 10, 10, 10, 10, 10, 10, 10, 10, 8, 10, 10, 
118: 10, 10, 10, 0, 10, 10, 10, 0, 0, 0, 1, 1, 10, 10, 20, 10, 10, 10, 1, 10, 0, 0, 10, 0, 2, 0, 10, 0, 10, 10, 10, 0, 10, 10, 7, 0, 10, 0, 10, 0, : 10, 10, 10, 10, 10, 10, 1, 1, 10, 10, 20, 10, 10, 10, 1, 10, 10, 2, 10, 10, 10, 10, 10, 10, 7, 10, 10, 
146: 10, 10, 10, 10, 0, 0, 10, 0, 10, 10, 0, 10, 4, 0, 0, 10, 0, 0, 0, 4, 0, 0, 0, 1, 0, 10, 0, 2, 0, 0, 10, 0, 1, 0, 10, 0, 10, 0, 0, 0, : 10, 10, 10, 10, 10, 10, 10, 10, 4, 10, 4, 1, 10, 2, 10, 1, 10, 10, 
161: 0, 10, 10, 10, 10, 0, 0, 10, 0, 10, 0, 10, 10, 0, 10, 0, 5, 10, 0, 10, 0, 0, 10, 10, 10, 10, 0, 10, 0, 0, 0, 10, 10, 0, 0, 0, 10, 10, 10, 10, : 10, 10, 10, 10, 10, 10, 10, 10, 10, 5, 10, 10, 10, 10, 10, 10, 10, 10, 10, 10, 10, 10, 10, 
32: 10, 0, 1, 0, 0, 0, 0, 10, 0, 10, 0, 10, 0, 0, 10, 0, 0, 10, 0, 0, 10, 10, 1, 0, 0, 10, 0, 10, 0, 0, 0, 0, 0, 5, 0, 10, 0, 0, 0, 9, : 10, 1, 10, 10, 10, 10, 10, 10, 10, 1, 10, 10, 5, 10, 9, 
194: 0, 10, 0, 0, 10, 0, 10, 0, 20, 10, 0, 2, 10, 0, 10, 0, 10, 0, 0, 10, 0, 0, 0, 10, 0, 0, 9, 10, 14, 5, 10, 0, 0, 9, 10, 10, 10, 10, 10, 0, : 10, 10, 10, 20, 10, 2, 10, 10, 10, 10, 10, 9, 10, 14, 5, 10, 9, 10, 10, 10, 10, 10, 
82: 10, 0, 0, 10, 10, 10, 10, 1, 0, 4, 0, 2, 10, 10, 10, 10, 10, 10, 11, 10, 0, 10, 1, 0, 10, 0, 10, 10, 10, 0, 10, 10, 10, 10, 10, 0, 0, 0, 10, 2, : 10, 10, 10, 10, 10, 1, 4, 2, 10, 10, 10, 10, 10, 10, 11, 10, 10, 1, 10, 10, 10, 10, 10, 10, 10, 10, 10, 10, 2, 
78: 10, 0, 10, 0, 0, 2, 10, 3, 10, 10, 0, 10, 10, 1, 10, 2, 10, 10, 10, 0, 10, 10, 1, 0, 1, 10, 0, 5, 0, 0, 0, 0, 0, 10, 10, 1, 0, 10, 5, 0, : 10, 10, 2, 10, 3, 10, 10, 10, 10, 1, 10, 2, 10, 10, 10, 10, 10, 1, 1, 10, 5, 10, 10, 1, 10, 5, 
81: 1, 0, 0, 0, 0, 10, 0, 0, 0, 1, 15, 0, 0, 1, 10, 0, 10, 10, 10, 0, 10, 10, 0, 0, 10, 0, 10, 1, 10, 0, 1, 10, 0, 10, 0, 10, 0, 10, 0, 10, : 1, 10, 1, 15, 1, 10, 10, 10, 10, 10, 10, 10, 10, 1, 10, 1, 10, 10, 10, 10, 10, 
164: 2, 3, 10, 0, 10, 10, 0, 10, 10, 10, 10, 10, 0, 10, 2, 10, 0, 0, 0, 0, 10, 10, 10, 6, 10, 0, 0, 10, 0, 10, 10, 0, 10, 0, 4, 0, 10, 6, 0, 2, : 2, 3, 10, 10, 10, 10, 10, 10, 10, 10, 10, 2, 10, 10, 10, 10, 6, 10, 10, 10, 10, 10, 4, 10, 6, 2, 
16: 10, 0, 0, 10, 10, 2, 10, 10, 10, 0, 0, 10, 0, 10, 0, 10, 10, 10, 10, 10, 0, 10, 10, 0, 0, 10, 10, 0, 10, 10, 10, 9, 10, 10, 10, 10, 0, 10, 0, 0, : 10, 10, 10, 2, 10, 10, 10, 10, 10, 10, 10, 10, 10, 10, 10, 10, 10, 10, 10, 10, 10, 9, 10, 10, 10, 10, 10, 
33: 1, 10, 0, 10, 0, 10, 0, 0, 10, 0, 2, 10, 1, 3, 10, 10, 0, 0, 10, 0, 10, 10, 10, 6, 0, 10, 0, 0, 0, 0, 1, 0, 0, 0, 0, 1, 10, 0, 10, 1, : 1, 10, 10, 10, 10, 2, 10, 1, 3, 10, 10, 10, 10, 10, 10, 6, 10, 1, 1, 10, 10, 1, 
200: 0, 0, 4, 10, 0, 1, 0, 10, 10, 10, 10, 0, 10, 0, 0, 0, 0, 10, 10, 0, 10, 6, 1, 10, 1, 5, 10, 0, 0, 10, 0, 10, 10, 10, 10, 0, 0, 0, 0, 10, : 4, 10, 1, 10, 10, 10, 10, 10, 10, 10, 10, 6, 1, 10, 1, 5, 10, 10, 10, 10, 10, 10, 10, 


