
20
200
95
10

117: 1, 10, 0, 0, 10, 0, 0, 10, 10, 0, 0, 0, 3, 0, 0, 0, 10, 10, 10, 0, : 1, 10, 10, 10, 10, 3, 10, 10, 10, 
169: 0, 10, 0, 10, 1, 0, 10, 10, 10, 10, 10, 0, 0, 0, 10, 10, 0, 0, 0, 0, : 10, 10, 1, 10, 10, 10, 10, 10, 10, 10, 
80: 0, 10, 10, 17, 10, 10, 10, 10, 1, 10, 10, 10, 0, 10, 0, 3, 10, 0, 0, 10, : 10, 10, 17, 10, 10, 10, 10, 1, 10, 10, 10, 10, 3, 10, 10, 
177: 10, 10, 0, 0, 0, 10, 3, 0, 1, 10, 0, 0, 0, 0, 0, 2, 0, 0, 10, 0, : 10, 10, 10, 3, 1, 10, 2, 10, 
181: 10, 0, 0, 0, 0, 10, 10, 10, 3, 10, 10, 10, 10, 10, 0, 0, 0, 0, 10, 10, : 10, 10, 10, 10, 3, 10, 10, 10, 10, 10, 10, 10, 
56: 0, 1, 0, 4, 0, 10, 0, 0, 0, 0, 10, 10, 10, 10, 1, 10, 0, 0, 10, 0, : 1, 4, 10, 10, 10, 10, 10, 1, 10, 10, 
33: 3, 0, 0, 0, 0, 0, 10, 10, 10, 4, 0, 10, 10, 0, 10, 0, 0, 10, 0, 0, : 3, 10, 10, 10, 4, 10, 10, 10, 10, 
155: 0, 0, 0, 10, 10, 10, 10, 0, 0, 10, 0, 0, 10, 10, 0, 10, 10, 10, 10, 0, : 10, 10, 10, 10, 10, 10, 10, 10, 10, 10, 10, 
176: 10, 0, 0, 10, 10, 10, 0, 10, 10, 0, 0, 0, 1, 0, 10, 0, 10, 0, 2, 1, : 10, 10, 10, 10, 10, 10, 1, 10, 10, 2, 1, 
71: 0, 0, 10, 10, 0, 10, 0, 10, 0, 10, 10, 0, 10, 0, 1, 0, 10, 10, 10, 0, : 10, 10, 10, 10, 10, 10, 10, 1, 10, 10, 10, 
67: 0, 0, 10, 10, 0, 0, 0, 0, 10, 10, 2, 10, 1, 10, 0, 0, 0, 10, 0, 0, : 10, 10, 10, 10, 2, 10, 1, 10, 10, 
84: 15, 10, 15, 0, 10, 0, 0, 1, 10, 0, 10, 0, 0, 0, 10, 2, 5, 0, 0, 0, : 15, 10, 15, 10, 1, 10, 10, 10, 2, 5, 
46: 10, 10, 10, 0, 10, 10, 10, 0, 0, 0, 0, 10, 0, 10, 10, 10, 0, 10, 0, 10, : 10, 10, 10, 10, 10, 10, 10, 10, 10, 10, 10, 10, 
109: 0, 0, 10, 0, 10, 0, 10, 10, 10, 10, 0, 0, 0, 0, 10, 10, 0, 2, 13, 10, : 10, 10, 10, 10, 10, 10, 10, 10, 2, 13, 10, 
32: 6, 0, 10, 4, 2, 5, 0, 0, 0, 0, 10, 10, 0, 3, 0, 0, 0, 10, 10, 10, : 6, 10, 4, 2, 5, 10, 10, 3, 10, 10, 10, 
139: 10, 0, 0, 10, 2, 0, 10, 0, 10, 0, 3, 0, 0, 10, 10, 3, 10, 0, 0, 10, : 10, 10, 2, 10, 10, 3, 10, 10, 3, 10, 10, 
57: 0, 10, 0, 0, 0, 10, 10, 10, 10, 0, 10, 5, 10, 2, 10, 0, 10, 10, 10, 0, : 10, 10, 10, 10, 10, 10, 5, 10, 2, 10, 10, 10, 10, 
83: 10, 10, 10, 0, 0, 0, 1, 4, 0, 10, 0, 10, 10, 0, 3, 10, 10, 0, 0, 10, : 10, 10, 10, 1, 4, 10, 10, 10, 3, 10, 10, 10, 
7: 10, 4, 0, 0, 10, 0, 0, 0, 0, 1, 0, 10, 10, 10, 0, 10, 10, 10, 0, 10, : 10, 4, 10, 1, 10, 10, 10, 10, 10, 10, 10, 
144: 0, 10, 10, 10, 10, 0, 1, 0, 0, 0, 10, 0, 10, 10, 10, 15, 0, 3, 0, 14, : 10, 10, 10, 10, 1, 10, 10, 10, 10, 15, 3, 14, 


13: 0, 0, 10, 0, 0, 10, 0, 0, 0, 1, 10, 0, 0, 10, 10, 1, 10, 10, 0, 10, : 10, 10, 1, 10, 10, 10, 1, 10, 10, 10, 
23: 10, 10, 10, 0, 0, 10, 2, 10, 0, 0, 5, 1, 0, 0, 2, 0, 0, 0, 0, 0, : 10, 10, 10, 10, 2, 10, 5, 1, 2, 
170: 2, 3, 10, 10, 0, 0, 10, 0, 2, 10, 0, 1, 10, 10, 10, 1, 10, 0, 0, 10, : 2, 3, 10, 10, 10, 2, 10, 1, 10, 10, 10, 1, 10, 10, 
24: 10, 10, 0, 10, 10, 12, 10, 0, 0, 0, 10, 0, 0, 10, 0, 10, 3, 10, 10, 10, : 10, 10, 10, 10, 12, 10, 10, 10, 10, 3, 10, 10, 10, 
118: 10, 10, 1, 0, 10, 0, 0, 10, 10, 1, 10, 0, 1, 10, 0, 0, 10, 0, 5, 0, : 10, 10, 1, 10, 10, 10, 1, 10, 1, 10, 10, 5, 
140: 10, 0, 10, 0, 10, 0, 10, 10, 1, 0, 0, 15, 0, 10, 10, 1, 10, 0, 1, 10, : 10, 10, 10, 10, 10, 1, 15, 10, 10, 1, 10, 1, 10, 
174: 10, 10, 3, 10, 10, 0, 0, 0, 10, 0, 10, 0, 10, 10, 0, 5, 0, 10, 0, 0, : 10, 10, 3, 10, 10, 10, 10, 10, 10, 5, 10, 
136: 0, 0, 0, 0, 10, 10, 10, 10, 2, 10, 10, 0, 0, 10, 0, 10, 0, 10, 0, 10, : 10, 10, 10, 10, 2, 10, 10, 10, 10, 10, 10, 
81: 10, 10, 0, 0, 0, 0, 10, 10, 10, 0, 10, 0, 10, 10, 10, 0, 1, 0, 10, 0, : 10, 10, 10, 10, 10, 10, 10, 10, 10, 1, 10, 
188: 10, 0, 0, 10, 0, 1, 0, 0, 0, 10, 0, 0, 1, 0, 10, 10, 10, 4, 4, 10, : 10, 10, 1, 10, 1, 10, 10, 10, 4, 4, 10, 
171: 1, 10, 0, 1, 10, 0, 0, 10, 10, 10, 0, 10, 0, 0, 0, 0, 10, 0, 10, 0, : 1, 10, 1, 10, 10, 10, 10, 10, 10, 10, 
157: 0, 0, 0, 0, 0, 0, 10, 2, 10, 10, 10, 10, 10, 0, 0, 10, 1, 0, 15, 0, : 10, 2, 10, 10, 10, 10, 10, 10, 1, 15, 
38: 10, 1, 0, 10, 5, 10, 0, 10, 10, 0, 0, 8, 10, 1, 3, 10, 0, 1, 10, 0, : 10, 1, 10, 5, 10, 10, 10, 8, 10, 1, 3, 10, 1, 10, 
22: 0, 10, 10, 10, 10, 10, 10, 0, 0, 10, 0, 10, 0, 10, 10, 17, 10, 10, 0, 10, : 10, 10, 10, 10, 10, 10, 10, 10, 10, 10, 17, 10, 10, 10, 
34: 2, 0, 10, 0, 10, 2, 0, 10, 0, 10, 0, 10, 10, 0, 10, 0, 0, 10, 10, 0, : 2, 10, 10, 2, 10, 10, 10, 10, 10, 10, 10, 
154: 0, 0, 11, 4, 10, 0, 9, 0, 10, 10, 0, 10, 0, 3, 0, 10, 0, 0, 0, 10, : 11, 4, 10, 9, 10, 10, 10, 3, 10, 10, 
47: 0, 10, 10, 10, 0, 10, 0, 3, 10, 0, 0, 10, 3, 0, 10, 0, 10, 10, 0, 10, : 10, 10, 10, 10, 3, 10, 10, 3, 10, 10, 10, 10, 
135: 0, 0, 0, 0, 0, 10, 10, 10, 10, 3, 10, 0, 10, 1, 0, 0, 0, 10, 10, 3, : 10, 10, 10, 10, 3, 10, 10, 1, 10, 10, 3, 
74: 10, 1, 0, 10, 0, 0, 0, 0, 0, 10, 10, 0, 10, 0, 10, 0, 10, 0, 10, 0, : 10, 1, 10, 10, 10, 10, 10, 10, 10, 
185: 0, 10, 10, 10, 0, 10, 4, 0, 0, 0, 0, 10, 10, 0, 0, 10, 0, 10, 0, 2, : 10, 10, 10, 10, 4, 10, 10, 10, 10, 2, 


49: 10, 0, 10, 10, 0, 10, 0, 0, 10, 0, 0, 0, 0, 0, 0, 10, 1, 0, 10, 2, : 10, 10, 10, 10, 10, 10, 1, 10, 2, 
110: 1, 10, 0, 10, 17, 10, 3, 0, 0, 4, 0, 10, 4, 10, 0, 10, 10, 10, 10, 10, : 1, 10, 10, 17, 10, 3, 4, 10, 4, 10, 10, 10, 10, 10, 10, 
191: 0, 0, 0, 10, 10, 0, 1, 0, 0, 10, 0, 2, 10, 0, 10, 2, 0, 10, 0, 10, : 10, 10, 1, 10, 2, 10, 10, 2, 10, 10, 
95: 0, 0, 3, 10, 2, 0, 0, 10, 10, 0, 10, 10, 10, 10, 10, 10, 0, 0, 10, 0, : 3, 10, 2, 10, 10, 10, 10, 10, 10, 10, 10, 10, 
143: 0, 3, 0, 2, 0, 0, 10, 10, 0, 10, 5, 0, 1, 0, 10, 10, 10, 10, 0, 2, : 3, 2, 10, 10, 10, 5, 1, 10, 10, 10, 10, 2, 
76: 10, 10, 10, 0, 0, 0, 10, 3, 0, 0, 10, 2, 9, 10, 0, 0, 1, 0, 0, 0, : 10, 10, 10, 10, 3, 10, 2, 9, 10, 1, 
198: 2, 10, 10, 10, 3, 10, 1, 10, 10, 10, 10, 0, 0, 0, 3, 0, 10, 10, 1, 10, : 2, 10, 10, 10, 3, 10, 1, 10, 10, 10, 10, 3, 10, 10, 1, 10, 
17: 2, 10, 0, 0, 10, 0, 10, 0, 0, 10, 10, 10, 1, 10, 10, 0, 0, 0, 10, 0, : 2, 10, 10, 10, 10, 10, 10, 1, 10, 10, 10, 
1: 10, 10, 0, 0, 0, 0, 0, 10, 1, 10, 0, 10, 0, 0, 0, 2, 0, 10, 0, 10, : 10, 10, 10, 1, 10, 10, 2, 10, 10, 
108: 0, 2, 2, 0, 10, 0, 0, 10, 0, 10, 10, 10, 10, 4, 10, 15, 0, 10, 10, 1, : 2, 2, 10, 10, 10, 10, 10, 10, 4, 10, 15, 10, 10, 1, 
115: 0, 0, 10, 10, 10, 0, 0, 0, 10, 0, 0, 1, 10, 0, 0, 0, 10, 10, 0, 10, : 10, 10, 10, 10, 1, 10, 10, 10, 10, 
53: 0, 10, 0, 0, 0, 0, 10, 10, 10, 1, 0, 0, 0, 10, 10, 10, 10, 0, 0, 10, : 10, 10, 10, 10, 1, 10, 10, 10, 10, 10, 
128: 10, 10, 0, 10, 2, 10, 10, 1, 0, 0, 10, 0, 10, 10, 0, 0, 2, 1, 10, 0, : 10, 10, 10, 2, 10, 10, 1, 10, 10, 10, 2, 1, 10, 
35: 10, 10, 0, 11, 0, 10, 0, 10, 10, 10, 10, 10, 10, 0, 0, 1, 1, 0, 0, 0, : 10, 10, 11, 10, 10, 10, 10, 10, 10, 10, 1, 1, 
39: 10, 10, 10, 0, 10, 10, 10, 10, 10, 0, 10, 0, 0, 1, 10, 10, 10, 0, 10, 0, : 10, 10, 10, 10, 10, 10, 10, 10, 10, 1, 10, 10, 10, 10, 
138: 0, 0, 10, 2, 0, 5, 10, 0, 10, 10, 10, 10, 0, 0, 10, 1, 0, 1, 10, 10, : 10, 2, 5, 10, 10, 10, 10, 10, 10, 1, 1, 10, 10, 
93: 10, 0, 10, 0, 0, 10, 10, 0, 0, 10, 0, 10, 0, 10, 0, 0, 0, 0, 0, 0, : 10, 10, 10, 10, 10, 10, 10, 
116: 10, 0, 0, 0, 1, 10, 0, 1, 0, 0, 0, 0, 10, 10, 0, 0, 10, 3, 10, 10, : 10, 1, 10, 1, 10, 10, 10, 3, 10, 10, 
121: 0, 0, 10, 0, 10, 10, 10, 10, 0, 0, 0, 0, 10, 0, 2, 10, 10, 10, 4, 10, : 10, 10, 10, 10, 10, 10, 2, 10, 10, 10, 4, 10, 
70: 10, 0, 10, 10, 10, 0, 0, 0, 14, 0, 0, 10, 0, 10, 10, 4, 10, 10, 0, 0, : 10, 10, 10, 10, 14, 10, 10, 10, 4, 10, 10, 


190: 0, 0, 10, 10, 2, 1, 10, 1, 0, 0, 0, 10, 0, 10, 10, 0, 0, 1, 0, 10, : 10, 10, 2, 1, 10, 1, 10, 10, 10, 1, 10, 
165: 0, 0, 10, 10, 0, 6, 2, 10, 10, 10, 10, 10, 10, 0, 0, 0, 10, 10, 10, 0, : 10, 10, 6, 2, 10, 10, 10, 10, 10, 10, 10, 10, 10, 
68: 0, 10, 2, 0, 10, 10, 10, 0, 0, 10, 0, 0, 1, 0, 10, 10, 10, 0, 0, 2, : 10, 2, 10, 10, 10, 10, 1, 10, 10, 10, 2, 
111: 10, 0, 10, 0, 0, 0, 10, 0, 10, 0, 10, 0, 10, 10, 10, 0, 10, 0, 10, 10, : 10, 10, 10, 10, 10, 10, 10, 10, 10, 10, 10, 
85: 10, 0, 0, 0, 0, 10, 0, 0, 0, 0, 0, 0, 10, 10, 1, 0, 0, 10, 10, 10, : 10, 10, 10, 10, 1, 10, 10, 10, 
149: 10, 10, 2, 1, 10, 10, 0, 0, 10, 0, 10, 10, 0, 10, 0, 0, 10, 0, 2, 3, : 10, 10, 2, 1, 10, 10, 10, 10, 10, 10, 10, 2, 3, 
73: 0, 0, 0, 3, 0, 10, 13, 15, 10, 1, 10, 10, 0, 1, 1, 0, 10, 0, 0, 0, : 3, 10, 13, 15, 10, 1, 10, 10, 1, 1, 10, 
41: 2, 0, 10, 3, 0, 10, 0, 4, 5, 10, 10, 0, 1, 10, 10, 0, 0, 0, 0, 0, : 2, 10, 3, 10, 4, 5, 10, 10, 1, 10, 10, 
153: 0, 0, 0, 0, 10, 0, 0, 1, 10, 10, 10, 10, 10, 10, 10, 0, 3, 10, 10, 10, : 10, 1, 10, 10, 10, 10, 10, 10, 10, 3, 10, 10, 10, 
152: 10, 10, 0, 10, 3, 0, 0, 1, 0, 0, 10, 0, 0, 10, 0, 0, 0, 10, 10, 0, : 10, 10, 10, 3, 1, 10, 10, 10, 10, 
3: 1, 10, 0, 8, 10, 0, 0, 10, 1, 10, 10, 0, 0, 10, 0, 6, 10, 10, 10, 0, : 1, 10, 8, 10, 10, 1, 10, 10, 10, 6, 10, 10, 10, 
132: 0, 10, 0, 10, 10, 0, 10, 10, 10, 2, 4, 10, 0, 0, 0, 19, 10, 10, 0, 10, : 10, 10, 10, 10, 10, 10, 2, 4, 10, 19, 10, 10, 10, 
160: 10, 0, 0, 0, 10, 0, 10, 2, 3, 10, 0, 10, 10, 0, 11, 10, 0, 0, 0, 0, : 10, 10, 10, 2, 3, 10, 10, 10, 11, 10, 
102: 10, 4, 10, 0, 0, 0, 0, 0, 10, 1, 10, 10, 10, 0, 10, 0, 10, 0, 10, 10, : 10, 4, 10, 10, 1, 10, 10, 10, 10, 10, 10, 10, 
184: 2, 1, 10, 10, 10, 10, 10, 10, 0, 10, 1, 5, 10, 0, 0, 10, 0, 0, 0, 10, : 2, 1, 10, 10, 10, 10, 10, 10, 10, 1, 5, 10, 10, 10, 
172: 0, 10, 0, 10, 0, 10, 0, 10, 0, 1, 0, 0, 0, 0, 0, 10, 1, 0, 10, 0, : 10, 10, 10, 10, 1, 10, 1, 10, 
27: 10, 0, 10, 0, 10, 0, 10, 10, 6, 10, 0, 0, 0, 4, 0, 10, 1, 0, 10, 0, : 10, 10, 10, 10, 10, 6, 10, 4, 10, 1, 10, 
195: 10, 10, 10, 0, 10, 6, 0, 10, 10, 0, 0, 0, 3, 0, 2, 0, 0, 10, 3, 10, : 10, 10, 10, 10, 6, 10, 10, 3, 2, 10, 3, 10, 
25: 10, 10, 10, 10, 0, 2, 10, 1, 0, 10, 0, 10, 10, 0, 10, 10, 0, 14, 0, 10, : 10, 10, 10, 10, 2, 10, 1, 10, 10, 10, 10, 10, 14, 10, 
96: 0, 10, 1, 10, 0, 10, 0, 0, 0, 0, 0, 0, 10, 10, 10, 10, 10, 10, 0, 0, : 10, 1, 10, 10, 10, 10, 10, 10, 10, 10, 


179: 10, 10, 10, 0, 10, 0, 10, 10, 10, 17, 10, 0, 0, 2, 10, 1, 1, 0, 10, 0, : 10, 10, 10, 10, 10, 10, 10, 17, 10, 2, 10, 1, 1, 10, 
130: 0, 0, 0, 10, 4, 0, 0, 10, 0, 0, 0, 0, 10, 10, 3, 0, 10, 10, 0, 10, : 10, 4, 10, 10, 10, 3, 10, 10, 10, 
60: 10, 0, 10, 1, 0, 3, 10, 0, 10, 10, 10, 0, 0, 10, 0, 0, 10, 0, 0, 10, : 10, 10, 1, 3, 10, 10, 10, 10, 10, 10, 10, 
159: 10, 0, 10, 16, 0, 10, 0, 10, 0, 1, 10, 0, 10, 10, 10, 10, 0, 10, 0, 0, : 10, 10, 16, 10, 10, 1, 10, 10, 10, 10, 10, 10, 
18: 10, 0, 1, 0, 0, 10, 10, 0, 0, 0, 19, 0, 10, 10, 0, 0, 10, 10, 10, 10, : 10, 1, 10, 10, 19, 10, 10, 10, 10, 10, 10, 
175: 0, 10, 0, 0, 1, 10, 0, 10, 0, 1, 0, 0, 0, 0, 0, 0, 10, 10, 0, 10, : 10, 1, 10, 10, 1, 10, 10, 10, 
107: 10, 0, 0, 10, 10, 10, 0, 0, 0, 10, 0, 10, 10, 0, 10, 0, 1, 0, 10, 0, : 10, 10, 10, 10, 10, 10, 10, 10, 1, 10, 
62: 20, 10, 0, 0, 0, 0, 0, 0, 10, 3, 10, 5, 0, 2, 1, 10, 0, 10, 10, 3, : 20, 10, 10, 3, 10, 5, 2, 1, 10, 10, 10, 3, 
194: 0, 0, 4, 8, 10, 0, 10, 0, 10, 10, 10, 0, 10, 10, 10, 0, 10, 10, 10, 10, : 4, 8, 10, 10, 10, 10, 10, 10, 10, 10, 10, 10, 10, 10, 
52: 0, 10, 0, 0, 0, 0, 10, 10, 10, 0, 0, 10, 2, 0, 0, 1, 10, 10, 2, 0, : 10, 10, 10, 10, 10, 2, 1, 10, 10, 2, 
94: 0, 10, 10, 10, 10, 10, 0, 0, 10, 0, 6, 0, 0, 10, 0, 10, 10, 10, 8, 0, : 10, 10, 10, 10, 10, 10, 6, 10, 10, 10, 10, 8, 
141: 0, 5, 10, 10, 10, 10, 10, 10, 0, 10, 10, 19, 0, 10, 0, 10, 0, 0, 10, 0, : 5, 10, 10, 10, 10, 10, 10, 10, 10, 19, 10, 10, 10, 
69: 0, 0, 10, 10, 0, 0, 0, 10, 4, 10, 0, 0, 10, 10, 0, 2, 10, 0, 0, 10, : 10, 10, 10, 4, 10, 10, 10, 2, 10, 10, 
151: 0, 10, 10, 10, 10, 10, 10, 0, 10, 0, 0, 9, 10, 1, 10, 1, 3, 0, 10, 0, : 10, 10, 10, 10, 10, 10, 10, 9, 10, 1, 10, 1, 3, 10, 
133: 0, 10, 0, 0, 0, 2, 0, 1, 10, 0, 0, 10, 10, 10, 0, 10, 0, 5, 0, 10, : 10, 2, 1, 10, 10, 10, 10, 10, 5, 10, 
20: 0, 0, 0, 0, 0, 0, 1, 4, 0, 10, 0, 12, 0, 0, 10, 10, 0, 10, 10, 10, : 1, 4, 10, 12, 10, 10, 10, 10, 10, 
19: 10, 10, 0, 0, 10, 0, 10, 10, 0, 0, 0, 10, 3, 0, 10, 0, 10, 0, 2, 0, : 10, 10, 10, 10, 10, 10, 3, 10, 10, 2, 
120: 2, 0, 20, 10, 10, 10, 0, 0, 10, 0, 10, 0, 0, 0, 10, 10, 0, 0, 3, 0, : 2, 20, 10, 10, 10, 10, 10, 10, 10, 3, 
30: 3, 10, 0, 0, 0, 10, 4, 10, 0, 3, 0, 0, 10, 0, 1, 10, 0, 0, 0, 10, : 3, 10, 10, 4, 10, 3, 10, 1, 10, 10, 
78: 10, 0, 0, 0, 10, 0, 10, 0, 1, 10, 0, 10, 0, 0, 10, 10, 0, 0, 0, 2, : 10, 10, 10, 1, 10, 10, 10, 10, 2, 


12: 0, 10, 0, 8, 0, 10, 0, 10, 10, 2, 0, 0, 0, 10, 0, 0, 10, 3, 0, 10, : 10, 8, 10, 10, 10, 2, 10, 10, 3, 10, 
92: 10, 0, 0, 10, 0, 3, 10, 10, 10, 10, 10, 10, 10, 10, 0, 10, 0, 0, 10, 0, : 10, 10, 3, 10, 10, 10, 10, 10, 10, 10, 10, 10, 10, 
58: 0, 0, 0, 0, 10, 10, 0, 10, 10, 0, 1, 0, 10, 0, 3, 0, 10, 10, 0, 10, : 10, 10, 10, 10, 1, 10, 3, 10, 10, 10, 
168: 10, 10, 0, 10, 10, 10, 10, 10, 0, 0, 0, 2, 0, 10, 0, 0, 0, 10, 0, 5, : 10, 10, 10, 10, 10, 10, 10, 2, 10, 10, 5, 
129: 10, 10, 10, 0, 1, 0, 10, 10, 0, 10, 10, 0, 0, 0, 10, 10, 0, 10, 10, 0, : 10, 10, 10, 1, 10, 10, 10, 10, 10, 10, 10, 10, 
77: 10, 0, 10, 10, 10, 0, 10, 0, 0, 10, 2, 0, 0, 10, 16, 0, 0, 4, 0, 0, : 10, 10, 10, 10, 10, 10, 2, 10, 16, 4, 
145: 0, 10, 0, 0, 1, 0, 0, 4, 10, 1, 0, 10, 0, 0, 4, 1, 0, 0, 10, 10, : 10, 1, 4, 10, 1, 10, 4, 1, 10, 10, 
113: 0, 10, 0, 0, 0, 0, 10, 0, 10, 0, 10, 10, 10, 10, 0, 10, 10, 0, 0, 0, : 10, 10, 10, 10, 10, 10, 10, 10, 10, 
178: 0, 10, 10, 10, 0, 0, 0, 0, 5, 10, 10, 10, 0, 1, 0, 10, 10, 0, 4, 10, : 10, 10, 10, 5, 10, 10, 10, 1, 10, 10, 4, 10, 
193: 10, 10, 10, 0, 10, 0, 0, 0, 10, 0, 10, 0, 5, 0, 0, 0, 1, 10, 0, 0, : 10, 10, 10, 10, 10, 10, 5, 1, 10, 
112: 10, 0, 0, 3, 0, 10, 0, 10, 0, 10, 0, 10, 0, 10, 10, 0, 10, 2, 0, 10, : 10, 3, 10, 10, 10, 10, 10, 10, 10, 2, 10, 
55: 0, 0, 10, 0, 10, 0, 10, 10, 0, 10, 10, 0, 10, 0, 10, 0, 4, 10, 10, 10, : 10, 10, 10, 10, 10, 10, 10, 10, 4, 10, 10, 10, 
50: 10, 0, 10, 0, 10, 10, 10, 0, 10, 10, 10, 0, 0, 0, 10, 9, 0, 10, 10, 0, : 10, 10, 10, 10, 10, 10, 10, 10, 10, 9, 10, 10, 
48: 10, 0, 10, 10, 3, 10, 0, 0, 0, 0, 1, 3, 10, 0, 10, 0, 0, 10, 0, 0, : 10, 10, 10, 3, 10, 1, 3, 10, 10, 10, 
36: 0, 0, 10, 10, 0, 2, 0, 1, 0, 0, 0, 10, 0, 0, 0, 10, 0, 2, 10, 0, : 10, 10, 2, 1, 10, 10, 2, 10, 
161: 10, 10, 4, 0, 0, 10, 0, 10, 10, 10, 1, 10, 0, 3, 10, 15, 10, 14, 10, 10, : 10, 10, 4, 10, 10, 10, 10, 1, 10, 3, 10, 15, 10, 14, 10, 10, 
164: 5, 10, 0, 10, 0, 0, 10, 10, 0, 0, 10, 10, 10, 1, 0, 0, 0, 0, 10, 0, : 5, 10, 10, 10, 10, 10, 10, 10, 1, 10, 
9: 0, 5, 0, 3, 10, 10, 10, 0, 0, 0, 10, 10, 10, 10, 10, 0, 10, 0, 0, 0, : 5, 3, 10, 10, 10, 10, 10, 10, 10, 10, 10, 
61: 0, 0, 10, 10, 10, 10, 5, 0, 10, 2, 0, 0, 10, 10, 2, 10, 10, 0, 1, 10, : 10, 10, 10, 10, 5, 10, 2, 10, 10, 2, 10, 10, 1, 10, 
127: 0, 0, 1, 1, 10, 0, 0, 0, 0, 10, 0, 0, 10, 10, 0, 10, 10, 0, 10, 10, : 1, 1, 10, 10, 10, 10, 10, 10, 10, 10, 


124: 10, 10, 10, 0, 0, 10, 2, 0, 10, 10, 10, 15, 0, 10, 10, 10, 10, 10, 0, 1, : 10, 10, 10, 10, 2, 10, 10, 10, 15, 10, 10, 10, 10, 10, 1, 
90: 10, 0, 0, 0, 10, 0, 0, 0, 0, 0, 1, 10, 10, 10, 10, 5, 13, 10, 1, 10, : 10, 10, 1, 10, 10, 10, 10, 5, 13, 10, 1, 10, 
166: 4, 0, 0, 0, 2, 10, 10, 17, 10, 10, 11, 0, 0, 0, 0, 10, 10, 10, 10, 1, : 4, 2, 10, 10, 17, 10, 10, 11, 10, 10, 10, 10, 1, 
146: 10, 0, 10, 10, 10, 10, 0, 5, 0, 0, 10, 0, 10, 0, 1, 0, 10, 10, 2, 10, : 10, 10, 10, 10, 10, 5, 10, 10, 1, 10, 10, 2, 10, 
187: 0, 10, 0, 7, 10, 0, 0, 0, 10, 10, 10, 10, 0, 0, 10, 10, 10, 2, 0, 3, : 10, 7, 10, 10, 10, 10, 10, 10, 10, 10, 2, 3, 
134: 10, 0, 10, 0, 0, 0, 0, 10, 0, 0, 3, 10, 10, 10, 0, 10, 10, 2, 10, 10, : 10, 10, 10, 3, 10, 10, 10, 10, 10, 2, 10, 10, 
103: 10, 1, 10, 1, 0, 2, 10, 3, 0, 0, 0, 0, 10, 0, 0, 10, 10, 10, 0, 0, : 10, 1, 10, 1, 2, 10, 3, 10, 10, 10, 10, 
182: 0, 10, 1, 0, 0, 0, 0, 10, 10, 10, 10, 10, 1, 0, 10, 0, 1, 0, 0, 10, : 10, 1, 10, 10, 10, 10, 10, 1, 10, 1, 10, 
5: 0, 0, 0, 10, 0, 10, 10, 10, 0, 1, 0, 0, 0, 10, 2, 0, 0, 10, 10, 10, : 10, 10, 10, 10, 1, 10, 2, 10, 10, 10, 
21: 10, 10, 1, 10, 10, 0, 10, 10, 0, 0, 0, 0, 10, 10, 0, 0, 0, 10, 1, 0, : 10, 10, 1, 10, 10, 10, 10, 10, 10, 10, 1, 
51: 0, 3, 10, 10, 10, 3, 0, 0, 10, 0, 10, 0, 2, 10, 0, 10, 10, 1, 10, 10, : 3, 10, 10, 10, 3, 10, 10, 2, 10, 10, 10, 1, 10, 10, 
125: 0, 10, 10, 2, 10, 0, 10, 10, 5, 10, 0, 0, 0, 0, 0, 0, 0, 0, 10, 10, : 10, 10, 2, 10, 10, 10, 5, 10, 10, 10, 
11: 10, 10, 0, 5, 0, 10, 13, 0, 0, 10, 10, 10, 0, 10, 10, 10, 1, 0, 0, 0, : 10, 10, 5, 10, 13, 10, 10, 10, 10, 10, 10, 1, 
123: 10, 10, 10, 0, 0, 10, 0, 10, 10, 0, 10, 0, 0, 0, 10, 0, 10, 0, 10, 0, : 10, 10, 10, 10, 10, 10, 10, 10, 10, 10, 
156: 0, 1, 0, 10, 10, 10, 0, 0, 0, 10, 0, 0, 10, 1, 0, 0, 0, 0, 10, 0, : 1, 10, 10, 10, 10, 10, 1, 10, 
45: 0, 0, 3, 0, 10, 0, 10, 0, 0, 10, 0, 10, 0, 10, 10, 10, 0, 0, 10, 0, : 3, 10, 10, 10, 10, 10, 10, 10, 10, 
137: 1, 18, 10, 10, 0, 0, 10, 0, 0, 3, 0, 0, 2, 0, 2, 0, 0, 0, 1, 10, : 1, 18, 10, 10, 10, 3, 2, 2, 1, 10, 
163: 0, 2, 0, 10, 2, 0, 0, 0, 10, 0, 0, 0, 10, 4, 0, 10, 0, 10, 0, 0, : 2, 10, 2, 10, 10, 4, 10, 10, 
199: 10, 0, 0, 10, 1, 10, 10, 0, 10, 1, 0, 10, 10, 0, 10, 0, 0, 10, 10, 0, : 10, 10, 1, 10, 10, 10, 1, 10, 10, 10, 10, 10, 
100: 0, 0, 10, 0, 10, 10, 0, 10, 10, 10, 10, 10, 10, 10, 10, 0, 0, 0, 0, 10, : 10, 10, 10, 10, 10, 10, 10, 10, 10, 10, 10, 10, 


72: 4, 10, 0, 13, 10, 15, 5, 10, 10, 10, 0, 10, 0, 10, 10, 10, 0, 10, 10, 0, : 4, 10, 13, 10, 15, 5, 10, 10, 10, 10, 10, 10, 10, 10, 10, 
14: 10, 0, 2, 10, 10, 0, 10, 10, 18, 0, 0, 10, 0, 0, 0, 0, 5, 0, 10, 0, : 10, 2, 10, 10, 10, 10, 18, 10, 5, 10, 
4: 5, 2, 10, 10, 10, 0, 10, 10, 0, 10, 10, 10, 0, 0, 10, 0, 10, 0, 10, 10, : 5, 2, 10, 10, 10, 10, 10, 10, 10, 10, 10, 10, 10, 10, 
75: 0, 10, 10, 0, 0, 10, 0, 10, 0, 0, 0, 0, 10, 10, 1, 10, 10, 10, 0, 10, : 10, 10, 10, 10, 10, 10, 1, 10, 10, 10, 10, 
16: 10, 0, 0, 0, 0, 0, 10, 0, 1, 10, 10, 1, 10, 0, 2, 10, 0, 10, 10, 0, : 10, 10, 1, 10, 10, 1, 10, 2, 10, 10, 10, 
192: 10, 10, 10, 10, 0, 4, 0, 0, 10, 10, 17, 0, 0, 0, 0, 10, 0, 10, 0, 10, : 10, 10, 10, 10, 4, 10, 10, 17, 10, 10, 10, 
122: 15, 0, 0, 0, 0, 0, 10, 10, 0, 10, 0, 1, 10, 10, 10, 0, 0, 5, 0, 10, : 15, 10, 10, 10, 1, 10, 10, 10, 5, 10, 
99: 0, 10, 1, 2, 0, 10, 10, 0, 10, 2, 0, 10, 3, 0, 10, 0, 10, 0, 1, 1, : 10, 1, 2, 10, 10, 10, 2, 10, 3, 10, 10, 1, 1, 
26: 0, 1, 0, 0, 1, 10, 0, 10, 0, 0, 0, 10, 0, 20, 0, 10, 0, 10, 10, 0, : 1, 1, 10, 10, 10, 20, 10, 10, 10, 
150: 0, 0, 2, 10, 10, 0, 10, 2, 0, 0, 10, 10, 10, 0, 0, 10, 10, 10, 0, 10, : 2, 10, 10, 10, 2, 10, 10, 10, 10, 10, 10, 10, 
37: 0, 10, 0, 0, 0, 10, 0, 10, 10, 0, 2, 3, 2, 10, 0, 0, 10, 10, 10, 0, : 10, 10, 10, 10, 2, 3, 2, 10, 10, 10, 10, 
162: 1, 1, 0, 0, 10, 10, 0, 10, 0, 10, 10, 0, 10, 10, 10, 3, 0, 0, 0, 0, : 1, 1, 10, 10, 10, 10, 10, 10, 10, 10, 3, 
28: 10, 10, 0, 10, 10, 0, 10, 0, 10, 1, 1, 10, 0, 1, 10, 10, 10, 10, 10, 0, : 10, 10, 10, 10, 10, 10, 1, 1, 10, 1, 10, 10, 10, 10, 10, 
158: 0, 0, 10, 0, 0, 0, 0, 0, 1, 0, 10, 0, 0, 0, 0, 10, 10, 0, 1, 10, : 10, 1, 10, 10, 10, 1, 10, 
40: 10, 1, 10, 0, 0, 0, 10, 0, 0, 10, 10, 10, 0, 0, 10, 0, 0, 0, 1, 2, : 10, 1, 10, 10, 10, 10, 10, 10, 1, 2, 
66: 10, 10, 10, 10, 0, 2, 0, 3, 0, 0, 4, 10, 10, 10, 0, 0, 10, 0, 10, 10, : 10, 10, 10, 10, 2, 3, 4, 10, 10, 10, 10, 10, 10, 
59: 10, 0, 10, 10, 10, 0, 10, 10, 10, 10, 0, 0, 0, 0, 10, 10, 10, 0, 2, 10, : 10, 10, 10, 10, 10, 10, 10, 10, 10, 10, 10, 2, 10, 
131: 0, 10, 10, 0, 10, 10, 0, 0, 5, 10, 1, 0, 10, 0, 0, 0, 0, 0, 10, 2, : 10, 10, 10, 10, 5, 10, 1, 10, 10, 2, 
186: 0, 10, 0, 0, 4, 4, 0, 0, 0, 2, 10, 0, 10, 10, 2, 0, 0, 0, 0, 0, : 10, 4, 4, 2, 10, 10, 10, 2, 
98: 0, 0, 10, 10, 10, 10, 0, 0, 10, 0, 0, 0, 10, 4, 10, 2, 0, 10, 0, 10, : 10, 10, 10, 10, 10, 10, 4, 10, 2, 10, 10, 


167: 1, 0, 10, 4, 10, 10, 0, 2, 0, 10, 10, 0, 10, 0, 10, 0, 0, 10, 10, 1, : 1, 10, 4, 10, 10, 2, 10, 10, 10, 10, 10, 10, 1, 
64: 10, 0, 0, 10, 0, 10, 2, 10, 0, 1, 10, 10, 0, 10, 0, 10, 10, 2, 10, 10, : 10, 10, 10, 2, 10, 1, 10, 10, 10, 10, 10, 2, 10, 10, 
89: 10, 10, 10, 0, 0, 0, 2, 0, 10, 18, 0, 10, 10, 10, 0, 0, 10, 0, 0, 2, : 10, 10, 10, 2, 10, 18, 10, 10, 10, 10, 2, 
106: 0, 10, 10, 0, 2, 0, 10, 10, 10, 0, 0, 0, 0, 10, 0, 0, 10, 0, 10, 0, : 10, 10, 2, 10, 10, 10, 10, 10, 10, 
97: 10, 10, 0, 0, 0, 0, 10, 0, 10, 0, 0, 0, 0, 0, 0, 10, 10, 10, 1, 0, : 10, 10, 10, 10, 10, 10, 10, 1, 
173: 2, 9, 1, 0, 10, 10, 0, 0, 0, 10, 0, 10, 10, 1, 4, 10, 10, 0, 10, 17, : 2, 9, 1, 10, 10, 10, 10, 10, 1, 4, 10, 10, 10, 17, 
43: 10, 0, 10, 10, 0, 0, 0, 10, 0, 10, 0, 10, 0, 1, 10, 0, 0, 10, 0, 10, : 10, 10, 10, 10, 10, 10, 1, 10, 10, 10, 
10: 0, 10, 0, 0, 3, 10, 0, 10, 0, 0, 10, 3, 0, 10, 10, 0, 1, 0, 10, 0, : 10, 3, 10, 10, 10, 3, 10, 10, 1, 10, 
183: 10, 0, 0, 10, 0, 10, 10, 0, 2, 6, 0, 0, 10, 0, 10, 0, 10, 10, 10, 5, : 10, 10, 10, 10, 2, 6, 10, 10, 10, 10, 10, 5, 
196: 0, 0, 10, 0, 10, 5, 10, 0, 10, 0, 10, 2, 10, 10, 10, 0, 0, 1, 0, 0, : 10, 10, 5, 10, 10, 10, 2, 10, 10, 10, 1, 
29: 0, 6, 0, 10, 10, 0, 0, 0, 1, 0, 0, 10, 0, 10, 1, 0, 10, 0, 0, 10, : 6, 10, 10, 1, 10, 10, 1, 10, 10, 
2: 0, 0, 0, 1, 0, 10, 10, 1, 10, 0, 10, 10, 0, 10, 10, 0, 10, 0, 10, 0, : 1, 10, 10, 1, 10, 10, 10, 10, 10, 10, 10, 
104: 10, 0, 0, 10, 10, 10, 1, 10, 0, 10, 10, 0, 10, 1, 10, 0, 1, 10, 0, 10, : 10, 10, 10, 10, 1, 10, 10, 10, 10, 1, 10, 1, 10, 10, 
189: 0, 0, 0, 10, 10, 0, 0, 1, 10, 0, 0, 0, 5, 0, 0, 10, 10, 0, 4, 0, : 10, 10, 1, 10, 5, 10, 10, 4, 
82: 3, 10, 2, 0, 10, 10, 10, 10, 10, 10, 10, 0, 10, 1, 0, 10, 3, 0, 0, 0, : 3, 10, 2, 10, 10, 10, 10, 10, 10, 10, 10, 1, 10, 3, 
114: 10, 10, 1, 10, 10, 0, 0, 0, 10, 0, 10, 0, 0, 0, 10, 10, 0, 10, 0, 10, : 10, 10, 1, 10, 10, 10, 10, 10, 10, 10, 10, 
8: 0, 0, 10, 10, 0, 0, 10, 10, 0, 0, 5, 10, 0, 10, 0, 5, 0, 10, 10, 0, : 10, 10, 10, 10, 5, 10, 10, 5, 10, 10, 
200: 2, 0, 11, 0, 10, 0, 0, 10, 10, 10, 10, 10, 0, 10, 10, 10, 0, 2, 10, 0, : 2, 11, 10, 10, 10, 10, 10, 10, 10, 10, 10, 2, 10, 
105: 7, 10, 10, 10, 0, 0, 10, 10, 2, 0, 0, 0, 10, 0, 0, 10, 0, 10, 0, 10, : 7, 10, 10, 10, 10, 10, 2, 10, 10, 10, 10, 
148: 10, 10, 10, 0, 0, 10, 10, 1, 0, 10, 0, 10, 10, 1, 0, 10, 0, 10, 0, 10, : 10, 10, 10, 10, 10, 1, 10, 10, 10, 1, 10, 10, 10, 


101: 10, 10, 10, 10, 10, 0, 10, 2, 0, 0, 3, 4, 10, 0, 0, 10, 10, 0, 0, 10, : 10, 10, 10, 10, 10, 10, 2, 3, 4, 10, 10, 10, 10, 
15: 10, 10, 0, 0, 0, 10, 10, 0, 10, 10, 10, 10, 10, 10, 10, 10, 10, 10, 10, 10, : 10, 10, 10, 10, 10, 10, 10, 10, 10, 10, 10, 10, 10, 10, 10, 10, 
126: 10, 0, 10, 0, 10, 0, 10, 10, 10, 0, 10, 0, 0, 0, 2, 10, 0, 0, 10, 0, : 10, 10, 10, 10, 10, 10, 10, 2, 10, 10, 
180: 0, 0, 0, 10, 4, 10, 0, 10, 10, 10, 10, 0, 10, 10, 0, 0, 0, 0, 0, 10, : 10, 4, 10, 10, 10, 10, 10, 10, 10, 10, 
91: 0, 10, 0, 0, 0, 2, 11, 0, 10, 10, 2, 10, 10, 0, 10, 0, 10, 1, 0, 1, : 10, 2, 11, 10, 10, 2, 10, 10, 10, 10, 1, 1, 
197: 0, 1, 0, 0, 10, 0, 1, 0, 10, 5, 10, 0, 1, 10, 2, 0, 10, 10, 0, 0, : 1, 10, 1, 10, 5, 10, 1, 10, 2, 10, 10, 
31: 0, 1, 0, 0, 10, 10, 10, 10, 1, 0, 0, 0, 10, 10, 10, 0, 0, 4, 0, 10, : 1, 10, 10, 10, 10, 1, 10, 10, 10, 4, 10, 
42: 0, 0, 6, 5, 1, 10, 0, 10, 0, 10, 0, 10, 3, 10, 0, 0, 0, 0, 10, 10, : 6, 5, 1, 10, 10, 10, 10, 3, 10, 10, 10, 
142: 10, 10, 0, 10, 10, 10, 0, 10, 0, 0, 10, 0, 0, 0, 10, 10, 0, 10, 0, 0, : 10, 10, 10, 10, 10, 10, 10, 10, 10, 10, 
65: 0, 0, 0, 10, 0, 0, 0, 3, 0, 0, 15, 0, 0, 4, 10, 10, 10, 10, 0, 0, : 10, 3, 15, 4, 10, 10, 10, 10, 
88: 0, 9, 0, 0, 0, 10, 10, 10, 4, 0, 0, 10, 10, 10, 10, 10, 0, 0, 10, 0, : 9, 10, 10, 10, 4, 10, 10, 10, 10, 10, 10, 
86: 3, 4, 8, 0, 10, 0, 10, 0, 10, 0, 0, 20, 0, 10, 10, 0, 0, 10, 5, 10, : 3, 4, 8, 10, 10, 10, 20, 10, 10, 10, 5, 10, 
44: 10, 0, 10, 10, 0, 0, 10, 10, 0, 0, 0, 0, 0, 10, 10, 10, 10, 0, 10, 4, : 10, 10, 10, 10, 10, 10, 10, 10, 10, 10, 4, 
6: 10, 0, 10, 10, 10, 10, 0, 0, 10, 0, 2, 0, 0, 0, 0, 3, 10, 10, 10, 10, : 10, 10, 10, 10, 10, 10, 2, 3, 10, 10, 10, 10, 
79: 0, 0, 10, 0, 0, 0, 0, 10, 0, 10, 10, 0, 1, 0, 1, 0, 0, 10, 10, 0, : 10, 10, 10, 10, 1, 1, 10, 10, 
147: 2, 10, 10, 10, 10, 10, 10, 0, 10, 10, 0, 10, 0, 10, 0, 10, 1, 0, 0, 10, : 2, 10, 10, 10, 10, 10, 10, 10, 10, 10, 10, 10, 1, 10, 
63: 10, 10, 0, 10, 10, 0, 0, 10, 0, 10, 0, 10, 0, 0, 0, 10, 10, 0, 10, 0, : 10, 10, 10, 10, 10, 10, 10, 10, 10, 10, 
54: 10, 10, 10, 10, 0, 3, 0, 0, 0, 10, 0, 10, 10, 0, 0, 0, 10, 0, 0, 0, : 10, 10, 10, 10, 3, 10, 10, 10, 10, 
119: 10, 10, 10, 0, 0, 0, 3, 0, 0, 0, 10, 1, 10, 0, 10, 0, 2, 10, 10, 0, : 10, 10, 10, 3, 10, 1, 10, 10, 2, 10, 10, 
87: 0, 0, 1, 0, 0, 10, 0, 0, 10, 10, 3, 0, 10, 1, 0, 2, 2, 10, 0, 10, : 1, 10, 10, 10, 3, 10, 1, 2, 2, 10, 10, 


