
20
100
95
5

13: 0, 0, 0, 0, 4, 0, 10, 10, 10, 0, 0, 10, 10, 10, 8, 1, 0, 1, 0, 1, : 4, 10, 10, 10, 10, 10, 10, 8, 1, 1, 1, 
97: 0, 0, 10, 10, 10, 10, 10, 10, 4, 0, 0, 10, 0, 10, 10, 1, 10, 0, 0, 0, : 10, 10, 10, 10, 10, 10, 4, 10, 10, 10, 1, 10, 
20: 0, 0, 10, 10, 0, 0, 10, 10, 10, 10, 0, 10, 0, 10, 0, 10, 0, 0, 10, 2, : 10, 10, 10, 10, 10, 10, 10, 10, 10, 10, 2, 
38: 10, 0, 10, 0, 10, 10, 5, 0, 10, 2, 10, 0, 0, 0, 0, 0, 10, 10, 10, 0, : 10, 10, 10, 10, 5, 10, 2, 10, 10, 10, 10, 
89: 0, 1, 0, 0, 10, 10, 0, 10, 0, 10, 0, 10, 0, 0, 18, 10, 0, 10, 10, 10, : 1, 10, 10, 10, 10, 10, 18, 10, 10, 10, 10, 
94: 0, 10, 0, 10, 1, 0, 0, 0, 0, 10, 10, 0, 0, 10, 10, 10, 1, 10, 10, 7, : 10, 10, 1, 10, 10, 10, 10, 10, 1, 10, 10, 7, 
54: 10, 0, 10, 0, 10, 4, 12, 10, 10, 0, 0, 10, 0, 10, 0, 0, 0, 0, 10, 10, : 10, 10, 10, 4, 12, 10, 10, 10, 10, 10, 10, 
39: 10, 10, 8, 0, 0, 10, 10, 0, 10, 10, 10, 0, 10, 0, 10, 2, 0, 0, 0, 2, : 10, 10, 8, 10, 10, 10, 10, 10, 10, 10, 2, 2, 
72: 5, 0, 0, 10, 0, 0, 10, 0, 0, 3, 10, 0, 10, 10, 10, 0, 0, 0, 10, 10, : 5, 10, 10, 3, 10, 10, 10, 10, 10, 10, 
18: 0, 10, 10, 0, 0, 0, 1, 0, 10, 0, 4, 0, 10, 1, 10, 10, 10, 0, 0, 0, : 10, 10, 1, 10, 4, 10, 1, 10, 10, 10, 
83: 10, 1, 10, 10, 0, 0, 0, 1, 10, 0, 0, 10, 0, 0, 0, 10, 10, 0, 0, 10, : 10, 1, 10, 10, 1, 10, 10, 10, 10, 10, 
45: 0, 10, 7, 0, 0, 10, 1, 0, 0, 10, 0, 0, 1, 10, 0, 0, 3, 2, 4, 10, : 10, 7, 10, 1, 10, 1, 10, 3, 2, 4, 10, 
14: 10, 10, 10, 10, 10, 10, 6, 1, 0, 10, 1, 10, 0, 1, 1, 10, 10, 0, 10, 0, : 10, 10, 10, 10, 10, 10, 6, 1, 10, 1, 10, 1, 1, 10, 10, 10, 
8: 10, 0, 0, 2, 0, 1, 0, 0, 1, 10, 0, 10, 10, 0, 0, 10, 0, 10, 1, 0, : 10, 2, 1, 1, 10, 10, 10, 10, 10, 1, 
2: 10, 10, 10, 10, 0, 0, 0, 10, 0, 10, 10, 4, 0, 0, 6, 10, 10, 10, 10, 10, : 10, 10, 10, 10, 10, 10, 10, 4, 6, 10, 10, 10, 10, 10, 
84: 0, 10, 0, 10, 10, 0, 10, 1, 0, 10, 0, 0, 10, 3, 0, 0, 10, 10, 0, 0, : 10, 10, 10, 10, 1, 10, 10, 3, 10, 10, 
53: 0, 10, 0, 10, 0, 10, 0, 10, 0, 0, 10, 0, 10, 10, 0, 10, 10, 12, 10, 0, : 10, 10, 10, 10, 10, 10, 10, 10, 10, 12, 10, 
96: 0, 0, 0, 0, 10, 10, 0, 10, 0, 0, 10, 10, 10, 0, 2, 1, 0, 10, 0, 10, : 10, 10, 10, 10, 10, 10, 2, 1, 10, 10, 
37: 10, 3, 0, 3, 10, 10, 10, 2, 10, 0, 10, 0, 0, 0, 0, 0, 1, 0, 0, 3, : 10, 3, 3, 10, 10, 10, 2, 10, 10, 1, 3, 
22: 10, 10, 0, 0, 10, 0, 0, 10, 10, 0, 10, 1, 14, 10, 10, 0, 10, 10, 0, 10, : 10, 10, 10, 10, 10, 10, 1, 14, 10, 10, 10, 10, 10, 


52: 10, 0, 0, 0, 10, 10, 10, 0, 9, 0, 0, 10, 0, 10, 0, 1, 2, 0, 0, 0, : 10, 10, 10, 10, 9, 10, 10, 1, 2, 
73: 10, 0, 10, 13, 0, 10, 10, 0, 0, 0, 10, 1, 10, 10, 0, 2, 5, 0, 0, 10, : 10, 10, 13, 10, 10, 10, 1, 10, 10, 2, 5, 10, 
78: 0, 0, 10, 0, 1, 0, 0, 10, 10, 0, 0, 10, 3, 0, 10, 10, 0, 0, 0, 1, : 10, 1, 10, 10, 10, 3, 10, 10, 1, 
9: 0, 10, 10, 10, 1, 2, 0, 0, 0, 1, 10, 10, 10, 0, 0, 0, 10, 10, 5, 14, : 10, 10, 10, 1, 2, 1, 10, 10, 10, 10, 10, 5, 14, 
68: 0, 15, 0, 10, 10, 10, 4, 10, 10, 10, 0, 10, 0, 0, 3, 0, 10, 4, 10, 0, : 15, 10, 10, 10, 4, 10, 10, 10, 10, 3, 10, 4, 10, 
77: 0, 0, 0, 0, 10, 0, 10, 0, 0, 10, 0, 10, 10, 0, 1, 10, 0, 10, 0, 10, : 10, 10, 10, 10, 10, 1, 10, 10, 10, 
91: 0, 10, 0, 0, 0, 0, 10, 10, 10, 10, 10, 0, 0, 0, 0, 10, 10, 0, 0, 0, : 10, 10, 10, 10, 10, 10, 10, 10, 
7: 0, 0, 1, 0, 10, 0, 0, 10, 10, 0, 10, 0, 10, 0, 10, 0, 0, 0, 10, 0, : 1, 10, 10, 10, 10, 10, 10, 10, 
55: 10, 10, 0, 10, 10, 10, 10, 10, 1, 10, 1, 0, 0, 10, 4, 10, 0, 1, 10, 0, : 10, 10, 10, 10, 10, 10, 10, 1, 10, 1, 10, 4, 10, 1, 10, 
48: 0, 0, 10, 0, 10, 2, 0, 1, 0, 1, 0, 0, 0, 10, 10, 10, 10, 10, 0, 0, : 10, 10, 2, 1, 1, 10, 10, 10, 10, 10, 
67: 10, 0, 10, 0, 0, 0, 0, 0, 10, 10, 10, 10, 10, 0, 0, 0, 10, 0, 10, 10, : 10, 10, 10, 10, 10, 10, 10, 10, 10, 10, 
19: 10, 0, 0, 10, 0, 10, 10, 1, 0, 7, 0, 0, 0, 10, 0, 10, 0, 0, 0, 10, : 10, 10, 10, 10, 1, 7, 10, 10, 10, 
66: 10, 10, 0, 2, 0, 10, 0, 10, 0, 0, 10, 0, 0, 10, 10, 10, 0, 10, 10, 10, : 10, 10, 2, 10, 10, 10, 10, 10, 10, 10, 10, 10, 
1: 10, 0, 11, 10, 1, 10, 0, 1, 0, 0, 10, 4, 10, 0, 10, 0, 8, 10, 0, 10, : 10, 11, 10, 1, 10, 1, 10, 4, 10, 10, 8, 10, 10, 
51: 10, 0, 10, 10, 10, 0, 10, 1, 0, 10, 10, 0, 10, 0, 10, 0, 0, 0, 10, 10, : 10, 10, 10, 10, 10, 1, 10, 10, 10, 10, 10, 10, 
15: 0, 10, 0, 0, 10, 1, 0, 1, 0, 0, 2, 0, 0, 0, 10, 2, 10, 10, 0, 0, : 10, 10, 1, 1, 2, 10, 2, 10, 10, 
34: 0, 10, 10, 0, 0, 10, 10, 10, 0, 0, 0, 0, 0, 5, 0, 0, 0, 0, 0, 0, : 10, 10, 10, 10, 10, 5, 
4: 10, 10, 10, 10, 10, 0, 1, 10, 15, 16, 0, 10, 2, 10, 0, 10, 10, 10, 10, 0, : 10, 10, 10, 10, 10, 1, 10, 15, 16, 10, 2, 10, 10, 10, 10, 10, 
79: 5, 10, 0, 0, 2, 0, 10, 10, 10, 10, 2, 10, 10, 10, 17, 10, 10, 10, 10, 10, : 5, 10, 2, 10, 10, 10, 10, 2, 10, 10, 10, 17, 10, 10, 10, 10, 10, 
99: 0, 0, 3, 10, 0, 10, 0, 0, 10, 0, 10, 10, 10, 10, 0, 0, 0, 10, 10, 0, : 3, 10, 10, 10, 10, 10, 10, 10, 10, 10, 


43: 10, 0, 10, 0, 0, 1, 0, 0, 10, 1, 10, 10, 10, 0, 10, 0, 0, 1, 0, 0, : 10, 10, 1, 10, 1, 10, 10, 10, 10, 1, 
80: 1, 10, 0, 0, 0, 10, 2, 3, 0, 10, 0, 10, 10, 0, 2, 10, 10, 0, 10, 1, : 1, 10, 10, 2, 3, 10, 10, 10, 2, 10, 10, 10, 1, 
63: 10, 10, 1, 0, 0, 10, 0, 10, 0, 10, 0, 10, 0, 10, 10, 0, 0, 0, 0, 0, : 10, 10, 1, 10, 10, 10, 10, 10, 10, 
50: 0, 1, 0, 10, 0, 10, 10, 1, 10, 10, 10, 0, 0, 0, 10, 0, 0, 10, 0, 10, : 1, 10, 10, 10, 1, 10, 10, 10, 10, 10, 10, 
100: 1, 10, 10, 0, 10, 0, 0, 10, 0, 0, 0, 3, 10, 10, 0, 10, 0, 2, 0, 0, : 1, 10, 10, 10, 10, 3, 10, 10, 10, 2, 
28: 10, 10, 0, 10, 0, 10, 10, 10, 3, 2, 0, 0, 10, 1, 10, 10, 10, 1, 10, 10, : 10, 10, 10, 10, 10, 10, 3, 2, 10, 1, 10, 10, 10, 1, 10, 10, 
40: 10, 10, 1, 0, 0, 0, 10, 10, 1, 10, 10, 10, 0, 10, 10, 0, 10, 10, 0, 10, : 10, 10, 1, 10, 10, 1, 10, 10, 10, 10, 10, 10, 10, 10, 
12: 0, 10, 10, 3, 3, 0, 1, 10, 0, 1, 0, 0, 1, 10, 2, 10, 10, 0, 0, 0, : 10, 10, 3, 3, 1, 10, 1, 1, 10, 2, 10, 10, 
81: 0, 1, 0, 2, 0, 0, 0, 0, 10, 10, 10, 2, 10, 10, 1, 10, 10, 10, 10, 0, : 1, 2, 10, 10, 10, 2, 10, 10, 1, 10, 10, 10, 10, 
21: 0, 10, 2, 10, 10, 0, 10, 0, 10, 0, 10, 10, 4, 0, 10, 10, 0, 10, 10, 10, : 10, 2, 10, 10, 10, 10, 10, 10, 4, 10, 10, 10, 10, 10, 
85: 10, 0, 10, 10, 10, 0, 0, 0, 10, 0, 2, 0, 0, 1, 0, 0, 0, 0, 10, 10, : 10, 10, 10, 10, 10, 2, 1, 10, 10, 
26: 10, 0, 1, 10, 2, 10, 0, 0, 0, 10, 10, 0, 10, 3, 0, 1, 0, 0, 5, 10, : 10, 1, 10, 2, 10, 10, 10, 10, 3, 1, 5, 10, 
60: 10, 0, 10, 10, 10, 0, 10, 1, 10, 0, 10, 10, 10, 10, 10, 10, 10, 10, 0, 2, : 10, 10, 10, 10, 10, 1, 10, 10, 10, 10, 10, 10, 10, 10, 10, 2, 
6: 0, 0, 10, 0, 0, 0, 11, 10, 1, 0, 0, 0, 10, 10, 0, 0, 10, 0, 10, 10, : 10, 11, 10, 1, 10, 10, 10, 10, 10, 
10: 10, 3, 0, 10, 10, 10, 10, 10, 0, 0, 0, 0, 0, 0, 0, 1, 10, 10, 0, 10, : 10, 3, 10, 10, 10, 10, 10, 1, 10, 10, 10, 
17: 10, 0, 0, 0, 10, 4, 0, 10, 0, 10, 10, 10, 0, 0, 10, 10, 5, 10, 10, 10, : 10, 10, 4, 10, 10, 10, 10, 10, 10, 5, 10, 10, 10, 
92: 0, 0, 10, 0, 10, 10, 1, 10, 10, 10, 3, 10, 0, 0, 0, 0, 0, 10, 0, 0, : 10, 10, 10, 1, 10, 10, 10, 3, 10, 10, 
88: 2, 10, 0, 10, 10, 10, 0, 0, 0, 10, 10, 0, 0, 10, 0, 0, 0, 1, 10, 0, : 2, 10, 10, 10, 10, 10, 10, 10, 1, 10, 
90: 0, 0, 10, 0, 0, 0, 10, 0, 10, 1, 0, 0, 10, 0, 10, 10, 0, 10, 10, 2, : 10, 10, 10, 1, 10, 10, 10, 10, 10, 2, 
95: 1, 10, 10, 10, 10, 10, 10, 0, 10, 0, 0, 10, 0, 10, 0, 3, 10, 0, 0, 0, : 1, 10, 10, 10, 10, 10, 10, 10, 10, 10, 3, 10, 


41: 2, 0, 10, 0, 0, 10, 0, 10, 1, 10, 0, 0, 0, 0, 10, 10, 0, 10, 10, 0, : 2, 10, 10, 10, 1, 10, 10, 10, 10, 10, 
36: 10, 1, 0, 10, 0, 4, 0, 0, 10, 1, 10, 0, 10, 10, 10, 0, 0, 10, 0, 0, : 10, 1, 10, 4, 10, 1, 10, 10, 10, 10, 10, 
44: 0, 10, 8, 17, 0, 0, 0, 0, 10, 0, 17, 10, 0, 10, 10, 10, 0, 10, 13, 0, : 10, 8, 17, 10, 17, 10, 10, 10, 10, 10, 13, 
98: 0, 10, 10, 0, 2, 10, 0, 0, 0, 0, 0, 0, 0, 6, 0, 10, 2, 0, 0, 10, : 10, 10, 2, 10, 6, 10, 2, 10, 
61: 0, 10, 0, 0, 10, 0, 0, 10, 0, 10, 1, 0, 0, 18, 10, 10, 10, 10, 1, 10, : 10, 10, 10, 10, 1, 18, 10, 10, 10, 10, 1, 10, 
27: 10, 0, 0, 0, 10, 18, 0, 0, 10, 0, 0, 5, 10, 0, 0, 0, 0, 0, 0, 0, : 10, 10, 18, 10, 5, 10, 
35: 10, 10, 0, 10, 2, 10, 10, 0, 1, 10, 1, 10, 1, 1, 0, 10, 0, 0, 10, 1, : 10, 10, 10, 2, 10, 10, 1, 10, 1, 10, 1, 1, 10, 10, 1, 
31: 10, 0, 1, 0, 0, 0, 17, 10, 0, 3, 0, 10, 0, 10, 10, 10, 15, 0, 0, 0, : 10, 1, 17, 10, 3, 10, 10, 10, 10, 15, 
11: 0, 10, 10, 0, 0, 2, 10, 0, 0, 0, 10, 0, 10, 10, 10, 0, 10, 10, 10, 0, : 10, 10, 2, 10, 10, 10, 10, 10, 10, 10, 10, 
33: 0, 0, 10, 10, 10, 10, 3, 10, 0, 0, 0, 10, 10, 0, 0, 0, 10, 0, 0, 0, : 10, 10, 10, 10, 3, 10, 10, 10, 10, 
74: 10, 4, 10, 0, 0, 0, 0, 10, 10, 1, 0, 10, 0, 10, 10, 0, 0, 10, 10, 10, : 10, 4, 10, 10, 10, 1, 10, 10, 10, 10, 10, 10, 
16: 0, 10, 6, 0, 10, 10, 10, 10, 10, 10, 10, 10, 0, 10, 1, 0, 4, 10, 10, 0, : 10, 6, 10, 10, 10, 10, 10, 10, 10, 10, 10, 1, 4, 10, 10, 
59: 0, 0, 0, 0, 10, 0, 0, 1, 3, 10, 15, 0, 10, 0, 1, 10, 0, 0, 0, 10, : 10, 1, 3, 10, 15, 10, 1, 10, 10, 
64: 10, 0, 10, 8, 1, 1, 0, 1, 0, 10, 0, 0, 10, 0, 2, 10, 10, 5, 1, 10, : 10, 10, 8, 1, 1, 1, 10, 10, 2, 10, 10, 5, 1, 10, 
30: 10, 0, 0, 10, 0, 0, 10, 0, 10, 10, 10, 0, 4, 0, 10, 0, 0, 10, 10, 10, : 10, 10, 10, 10, 10, 10, 4, 10, 10, 10, 10, 
86: 0, 0, 10, 10, 0, 0, 10, 10, 10, 0, 0, 10, 0, 0, 10, 0, 10, 0, 10, 0, : 10, 10, 10, 10, 10, 10, 10, 10, 10, 
93: 0, 10, 10, 10, 10, 0, 3, 10, 0, 0, 10, 10, 10, 0, 0, 10, 4, 0, 0, 10, : 10, 10, 10, 10, 3, 10, 10, 10, 10, 10, 4, 10, 
58: 10, 10, 0, 10, 10, 0, 10, 1, 0, 0, 10, 0, 10, 0, 1, 0, 10, 0, 0, 10, : 10, 10, 10, 10, 10, 1, 10, 10, 1, 10, 10, 
3: 10, 0, 0, 0, 10, 10, 10, 10, 10, 10, 0, 0, 10, 0, 0, 4, 0, 0, 10, 4, : 10, 10, 10, 10, 10, 10, 10, 10, 4, 10, 4, 
65: 3, 10, 0, 0, 10, 10, 2, 2, 10, 10, 1, 10, 0, 10, 0, 1, 10, 10, 0, 10, : 3, 10, 10, 10, 2, 2, 10, 10, 1, 10, 10, 1, 10, 10, 10, 


47: 1, 0, 10, 0, 10, 10, 0, 0, 10, 2, 0, 10, 10, 0, 0, 0, 0, 10, 10, 10, : 1, 10, 10, 10, 10, 2, 10, 10, 10, 10, 10, 
5: 6, 1, 10, 0, 0, 2, 2, 2, 10, 10, 11, 10, 10, 10, 0, 10, 2, 10, 10, 0, : 6, 1, 10, 2, 2, 2, 10, 10, 11, 10, 10, 10, 10, 2, 10, 10, 
46: 10, 0, 10, 0, 0, 0, 0, 10, 1, 10, 10, 0, 10, 0, 10, 0, 10, 0, 0, 0, : 10, 10, 10, 1, 10, 10, 10, 10, 10, 
56: 0, 0, 10, 10, 0, 0, 10, 10, 3, 0, 0, 10, 0, 10, 10, 1, 0, 10, 0, 0, : 10, 10, 10, 10, 3, 10, 10, 10, 1, 10, 
76: 10, 10, 1, 10, 4, 10, 4, 2, 1, 0, 10, 0, 2, 0, 0, 10, 10, 0, 10, 0, : 10, 10, 1, 10, 4, 10, 4, 2, 1, 10, 2, 10, 10, 10, 
71: 10, 10, 0, 10, 10, 10, 0, 10, 10, 0, 0, 10, 10, 10, 0, 10, 10, 10, 0, 0, : 10, 10, 10, 10, 10, 10, 10, 10, 10, 10, 10, 10, 10, 
23: 10, 0, 0, 0, 0, 2, 0, 0, 10, 0, 0, 0, 0, 10, 10, 10, 10, 10, 0, 10, : 10, 2, 10, 10, 10, 10, 10, 10, 10, 
24: 10, 1, 10, 0, 0, 10, 0, 0, 0, 10, 2, 0, 10, 0, 5, 2, 10, 0, 10, 0, : 10, 1, 10, 10, 10, 2, 10, 5, 2, 10, 10, 
42: 0, 10, 0, 0, 11, 10, 10, 10, 0, 0, 0, 10, 10, 0, 0, 0, 0, 0, 10, 10, : 10, 11, 10, 10, 10, 10, 10, 10, 10, 
82: 5, 0, 0, 15, 0, 0, 0, 10, 0, 10, 0, 0, 0, 10, 10, 0, 0, 0, 0, 0, : 5, 15, 10, 10, 10, 10, 
62: 1, 10, 10, 0, 10, 10, 0, 0, 0, 3, 10, 0, 10, 10, 10, 0, 0, 2, 4, 10, : 1, 10, 10, 10, 10, 3, 10, 10, 10, 10, 2, 4, 10, 
29: 0, 10, 0, 4, 10, 1, 0, 10, 10, 0, 10, 0, 0, 0, 0, 10, 10, 2, 10, 10, : 10, 4, 10, 1, 10, 10, 10, 10, 10, 2, 10, 10, 
32: 0, 0, 0, 10, 0, 0, 9, 10, 0, 10, 1, 2, 10, 10, 10, 10, 0, 10, 1, 10, : 10, 9, 10, 10, 1, 2, 10, 10, 10, 10, 10, 1, 10, 
25: 10, 10, 0, 0, 10, 10, 10, 0, 0, 10, 0, 10, 2, 0, 4, 2, 3, 0, 10, 5, : 10, 10, 10, 10, 10, 10, 10, 2, 4, 2, 3, 10, 5, 
70: 0, 8, 0, 0, 0, 10, 10, 0, 20, 10, 10, 10, 0, 0, 10, 0, 0, 10, 0, 0, : 8, 10, 10, 20, 10, 10, 10, 10, 10, 
69: 0, 0, 4, 10, 0, 0, 10, 1, 10, 0, 10, 0, 0, 0, 0, 10, 10, 0, 0, 10, : 4, 10, 10, 1, 10, 10, 10, 10, 10, 
87: 2, 5, 10, 10, 0, 0, 0, 0, 0, 0, 1, 10, 10, 8, 1, 0, 10, 10, 10, 0, : 2, 5, 10, 10, 1, 10, 10, 8, 1, 10, 10, 10, 
49: 10, 0, 10, 4, 10, 0, 10, 0, 0, 10, 0, 1, 0, 0, 0, 0, 10, 10, 0, 0, : 10, 10, 4, 10, 10, 10, 1, 10, 10, 
75: 0, 10, 0, 2, 10, 0, 10, 10, 0, 0, 10, 10, 0, 7, 10, 10, 0, 0, 10, 10, : 10, 2, 10, 10, 10, 10, 10, 7, 10, 10, 10, 10, 
57: 10, 10, 10, 10, 10, 10, 10, 10, 10, 10, 10, 2, 1, 10, 5, 10, 0, 1, 0, 10, : 10, 10, 10, 10, 10, 10, 10, 10, 10, 10, 10, 2, 1, 10, 5, 10, 1, 10, 


