
120
80
405
1

71: 10, 0, 0, 0, 10, 0, 10, 10, 0, 0, 0, 10, 10, 0, 0, 10, 0, 10, 10, 0, 10, 10, 0, 10, 0, 0, 0, 0, 0, 10, 10, 10, 0, 10, 10, 0, 0, 10, 10, 0, 10, 10, 10, 10, 10, 0, 0, 10, 0, 10, 10, 10, 0, 10, 0, 0, 10, 10, 0, 10, 10, 10, 1, 10, 10, 10, 10, 10, 10, 10, 10, 10, 10, 0, 10, 10, 10, 10, 0, 0, 10, 10, 10, 10, 0, 10, 10, 0, 10, 0, 0, 13, 0, 10, 0, 10, 10, 0, 0, 0, 10, 0, 10, 10, 10, 10, 0, 10, 10, 0, 10, 0, 10, 0, 10, 10, 10, 0, 10, 0, : 10, 10, 10, 10, 10, 10, 10, 10, 10, 10, 10, 10, 10, 10, 10, 10, 10, 10, 10, 10, 10, 10, 10, 10, 10, 10, 10, 10, 10, 10, 10, 10, 10, 10, 1, 10, 10, 10, 10, 10, 10, 10, 10, 10, 10, 10, 10, 10, 10, 10, 10, 10, 10, 10, 10, 10, 13, 10, 10, 10, 10, 10, 10, 10, 10, 10, 10, 10, 10, 10, 10, 10, 10, 
62: 0, 10, 0, 0, 0, 10, 10, 10, 10, 0, 0, 10, 10, 0, 0, 10, 0, 10, 10, 0, 10, 1, 0, 10, 10, 0, 10, 0, 0, 0, 0, 0, 0, 10, 10, 10, 10, 0, 10, 0, 10, 0, 10, 0, 0, 10, 0, 10, 0, 20, 10, 10, 10, 10, 0, 10, 0, 10, 0, 10, 0, 0, 10, 0, 10, 0, 2, 0, 10, 0, 0, 10, 0, 0, 0, 0, 10, 0, 0, 0, 0, 1, 0, 10, 0, 0, 10, 0, 10, 0, 10, 10, 0, 10, 0, 0, 0, 10, 10, 0, 10, 10, 10, 0, 0, 0, 10, 10, 10, 10, 10, 10, 10, 0, 0, 0, 10, 10, 10, 10, : 10, 10, 10, 10, 10, 10, 10, 10, 10, 10, 10, 1, 10, 10, 10, 10, 10, 10, 10, 10, 10, 10, 10, 10, 20, 10, 10, 10, 10, 10, 10, 10, 10, 10, 2, 10, 10, 10, 1, 10, 10, 10, 10, 10, 10, 10, 10, 10, 10, 10, 10, 10, 10, 10, 10, 10, 10, 10, 10, 10, 10, 
13: 0, 0, 0, 10, 10, 0, 10, 10, 10, 0, 10, 0, 0, 10, 0, 0, 0, 0, 0, 0, 0, 0, 0, 10, 10, 10, 0, 0, 10, 0, 10, 10, 0, 10, 10, 0, 10, 0, 0, 10, 10, 0, 10, 0, 0, 10, 10, 0, 0, 2, 10, 10, 0, 10, 10, 0, 0, 0, 0, 10, 0, 10, 10, 10, 0, 0, 10, 10, 10, 10, 10, 10, 10, 10, 10, 0, 10, 10, 0, 10, 10, 0, 0, 0, 10, 10, 0, 0, 0, 0, 0, 10, 0, 0, 0, 0, 0, 0, 10, 10, 10, 10, 10, 10, 8, 10, 10, 0, 10, 0, 10, 10, 0, 10, 0, 10, 0, 0, 10, 0, : 10, 10, 10, 10, 10, 10, 10, 10, 10, 10, 10, 10, 10, 10, 10, 10, 10, 10, 10, 10, 10, 2, 10, 10, 10, 10, 10, 10, 10, 10, 10, 10, 10, 10, 10, 10, 10, 10, 10, 10, 10, 10, 10, 10, 10, 10, 10, 10, 10, 10, 10, 10, 8, 10, 10, 10, 10, 10, 10, 10, 10, 
48: 0, 10, 0, 10, 0, 10, 0, 10, 10, 0, 0, 10, 0, 10, 10, 20, 0, 0, 0, 0, 0, 0, 0, 5, 0, 0, 0, 10, 10, 10, 0, 10, 10, 10, 10, 0, 0, 0, 0, 0, 10, 0, 10, 10, 10, 10, 10, 10, 10, 10, 0, 10, 0, 10, 0, 10, 0, 10, 0, 0, 0, 0, 0, 10, 0, 10, 10, 0, 0, 10, 10, 4, 10, 10, 10, 10, 0, 10, 10, 0, 10, 0, 0, 0, 10, 10, 10, 1, 10, 0, 10, 10, 10, 10, 0, 1, 0, 0, 10, 10, 10, 10, 10, 10, 10, 10, 0, 10, 0, 0, 0, 10, 0, 10, 0, 10, 0, 10, 0, 0, : 10, 10, 10, 10, 10, 10, 10, 10, 20, 5, 10, 10, 10, 10, 10, 10, 10, 10, 10, 10, 10, 10, 10, 10, 10, 10, 10, 10, 10, 10, 10, 10, 10, 10, 10, 4, 10, 10, 10, 10, 10, 10, 10, 10, 10, 10, 1, 10, 10, 10, 10, 10, 1, 10, 10, 10, 10, 10, 10, 10, 10, 10, 10, 10, 10, 10, 
73: 0, 10, 10, 0, 10, 10, 10, 0, 10, 7, 10, 0, 0, 10, 0, 0, 0, 0, 10, 0, 10, 0, 10, 0, 0, 10, 0, 10, 10, 10, 10, 0, 0, 0, 5, 0, 10, 0, 0, 10, 10, 0, 10, 1, 10, 10, 0, 10, 0, 0, 10, 10, 10, 10, 10, 0, 0, 10, 0, 0, 1, 10, 10, 0, 0, 10, 0, 0, 0, 0, 10, 10, 0, 0, 10, 0, 10, 10, 0, 0, 10, 10, 17, 0, 10, 0, 1, 0, 0, 10, 0, 0, 0, 0, 10, 0, 10, 10, 10, 0, 0, 0, 0, 10, 0, 0, 10, 10, 10, 0, 0, 0, 0, 10, 0, 0, 10, 0, 0, 0, : 10, 10, 10, 10, 10, 10, 7, 10, 10, 10, 10, 10, 10, 10, 10, 10, 10, 5, 10, 10, 10, 10, 1, 10, 10, 10, 10, 10, 10, 10, 10, 10, 1, 10, 10, 10, 10, 10, 10, 10, 10, 10, 10, 17, 10, 1, 10, 10, 10, 10, 10, 10, 10, 10, 10, 10, 10, 
26: 10, 10, 10, 10, 10, 0, 0, 10, 0, 10, 10, 0, 10, 10, 0, 0, 0, 0, 0, 10, 0, 10, 10, 0, 13, 0, 6, 0, 10, 10, 0, 10, 0, 10, 10, 10, 10, 10, 10, 0, 0, 0, 10, 0, 1, 2, 10, 10, 10, 10, 0, 0, 10, 10, 10, 10, 0, 5, 0, 0, 0, 10, 0, 10, 10, 0, 10, 10, 10, 0, 10, 10, 10, 0, 0, 0, 0, 10, 10, 10, 10, 0, 10, 10, 10, 0, 10, 10, 0, 0, 10, 0, 10, 0, 10, 0, 10, 0, 10, 0, 0, 18, 0, 10, 10, 10, 0, 10, 10, 0, 0, 10, 10, 0, 0, 0, 6, 10, 0, 10, : 10, 10, 10, 10, 10, 10, 10, 10, 10, 10, 10, 10, 10, 13, 6, 10, 10, 10, 10, 10, 10, 10, 10, 10, 10, 1, 2, 10, 10, 10, 10, 10, 10, 10, 10, 5, 10, 10, 10, 10, 10, 10, 10, 10, 10, 10, 10, 10, 10, 10, 10, 10, 10, 10, 10, 10, 10, 10, 10, 18, 10, 10, 10, 10, 10, 10, 10, 6, 10, 10, 
69: 10, 1, 10, 0, 0, 10, 0, 10, 10, 0, 10, 0, 0, 0, 0, 0, 0, 10, 10, 0, 10, 0, 10, 10, 10, 10, 0, 10, 0, 0, 0, 0, 10, 0, 10, 10, 0, 10, 10, 10, 10, 10, 10, 0, 0, 0, 10, 10, 10, 10, 10, 10, 10, 0, 0, 10, 0, 0, 0, 0, 0, 10, 10, 10, 0, 10, 10, 10, 10, 0, 0, 0, 0, 0, 0, 0, 10, 0, 0, 10, 10, 0, 10, 0, 0, 10, 0, 10, 10, 10, 10, 10, 10, 0, 10, 10, 10, 10, 0, 10, 0, 0, 0, 10, 10, 0, 0, 0, 0, 0, 10, 10, 0, 10, 10, 10, 10, 10, 0, 10, : 10, 1, 10, 10, 10, 10, 10, 10, 10, 10, 10, 10, 10, 10, 10, 10, 10, 10, 10, 10, 10, 10, 10, 10, 10, 10, 10, 10, 10, 10, 10, 10, 10, 10, 10, 10, 10, 10, 10, 10, 10, 10, 10, 10, 10, 10, 10, 10, 10, 10, 10, 10, 10, 10, 10, 10, 10, 10, 10, 10, 10, 10, 10, 10, 10, 
10: 0, 0, 10, 0, 0, 0, 10, 0, 10, 10, 0, 10, 0, 10, 10, 0, 10, 5, 0, 0, 10, 10, 10, 0, 0, 10, 10, 10, 0, 0, 10, 0, 0, 10, 0, 0, 10, 10, 0, 0, 0, 10, 0, 0, 10, 10, 10, 10, 10, 10, 0, 0, 0, 10, 0, 4, 0, 10, 0, 0, 0, 9, 0, 0, 0, 10, 10, 0, 0, 10, 0, 10, 0, 0, 6, 10, 0, 0, 10, 0, 10, 0, 10, 10, 0, 10, 0, 0, 0, 4, 10, 0, 10, 0, 0, 10, 10, 0, 15, 0, 10, 10, 0, 0, 10, 10, 0, 10, 0, 10, 10, 10, 10, 1, 5, 0, 0, 0, 10, 0, : 10, 10, 10, 10, 10, 10, 10, 10, 5, 10, 10, 10, 10, 10, 10, 10, 10, 10, 10, 10, 10, 10, 10, 10, 10, 10, 10, 4, 10, 9, 10, 10, 10, 10, 6, 10, 10, 10, 10, 10, 10, 4, 10, 10, 10, 10, 15, 10, 10, 10, 10, 10, 10, 10, 10, 10, 1, 5, 10, 
37: 10, 10, 10, 0, 3, 0, 15, 0, 10, 10, 10, 10, 10, 10, 10, 0, 0, 10, 0, 0, 0, 0, 0, 0, 10, 10, 10, 7, 0, 0, 0, 10, 0, 0, 10, 10, 0, 10, 0, 10, 10, 0, 10, 10, 10, 0, 0, 0, 1, 10, 0, 0, 10, 10, 0, 0, 0, 0, 10, 0, 0, 10, 0, 10, 10, 0, 0, 0, 10, 0, 0, 10, 0, 0, 10, 10, 10, 10, 10, 0, 0, 10, 0, 0, 10, 10, 0, 10, 10, 10, 0, 10, 0, 0, 10, 0, 10, 10, 0, 0, 0, 0, 14, 0, 0, 0, 0, 0, 0, 0, 0, 10, 0, 0, 10, 10, 0, 2, 0, 10, : 10, 10, 10, 3, 15, 10, 10, 10, 10, 10, 10, 10, 10, 10, 10, 10, 7, 10, 10, 10, 10, 10, 10, 10, 10, 10, 1, 10, 10, 10, 10, 10, 10, 10, 10, 10, 10, 10, 10, 10, 10, 10, 10, 10, 10, 10, 10, 10, 10, 10, 10, 14, 10, 10, 10, 2, 10, 
70: 1, 0, 10, 10, 10, 10, 0, 0, 0, 10, 10, 10, 10, 2, 10, 0, 10, 10, 10, 10, 10, 0, 10, 10, 0, 10, 10, 10, 0, 0, 10, 0, 0, 10, 0, 0, 0, 0, 10, 10, 0, 10, 10, 10, 0, 0, 1, 0, 2, 0, 0, 0, 0, 10, 10, 0, 10, 10, 0, 0, 10, 10, 0, 10, 10, 0, 1, 10, 10, 10, 10, 0, 0, 0, 10, 0, 0, 10, 3, 10, 10, 10, 0, 0, 0, 0, 10, 10, 0, 0, 10, 0, 0, 10, 0, 10, 0, 2, 10, 16, 0, 0, 0, 10, 10, 10, 10, 0, 0, 10, 10, 12, 0, 10, 10, 0, 0, 0, 10, 10, : 1, 10, 10, 10, 10, 10, 10, 10, 10, 2, 10, 10, 10, 10, 10, 10, 10, 10, 10, 10, 10, 10, 10, 10, 10, 10, 10, 10, 1, 2, 10, 10, 10, 10, 10, 10, 10, 10, 1, 10, 10, 10, 10, 10, 10, 3, 10, 10, 10, 10, 10, 10, 10, 10, 2, 10, 16, 10, 10, 10, 10, 10, 10, 12, 10, 10, 10, 10, 
2: 0, 10, 0, 10, 0, 10, 10, 10, 0, 10, 10, 10, 0, 0, 0, 10, 10, 0, 0, 10, 3, 10, 10, 10, 10, 0, 0, 10, 10, 10, 10, 0, 10, 0, 10, 0, 10, 0, 0, 0, 10, 0, 10, 10, 10, 0, 0, 10, 17, 10, 0, 0, 2, 1, 0, 0, 10, 10, 10, 10, 0, 10, 10, 10, 10, 10, 10, 0, 0, 0, 0, 0, 10, 10, 0, 10, 10, 0, 10, 0, 10, 10, 10, 0, 10, 0, 0, 10, 10, 2, 10, 10, 0, 10, 10, 10, 0, 10, 0, 10, 10, 10, 0, 0, 0, 10, 0, 0, 0, 2, 1, 10, 10, 10, 0, 10, 10, 0, 0, 10, : 10, 10, 10, 10, 10, 10, 10, 10, 10, 10, 10, 3, 10, 10, 10, 10, 10, 10, 10, 10, 10, 10, 10, 10, 10, 10, 10, 10, 17, 10, 2, 1, 10, 10, 10, 10, 10, 10, 10, 10, 10, 10, 10, 10, 10, 10, 10, 10, 10, 10, 10, 10, 10, 2, 10, 10, 10, 10, 10, 10, 10, 10, 10, 10, 2, 1, 10, 10, 10, 10, 10, 10, 
12: 4, 12, 0, 10, 10, 0, 10, 0, 10, 0, 10, 10, 0, 0, 10, 0, 10, 0, 10, 10, 10, 0, 10, 10, 10, 0, 10, 10, 10, 10, 0, 10, 10, 10, 0, 0, 10, 0, 0, 0, 10, 0, 0, 0, 0, 0, 0, 0, 0, 0, 0, 10, 0, 10, 10, 10, 10, 10, 0, 0, 0, 10, 10, 0, 0, 0, 0, 10, 0, 0, 0, 0, 0, 10, 2, 0, 10, 0, 0, 10, 0, 10, 10, 10, 10, 10, 10, 0, 0, 0, 0, 0, 10, 0, 10, 0, 0, 4, 0, 10, 10, 0, 0, 10, 10, 10, 10, 0, 10, 0, 10, 0, 0, 20, 10, 0, 0, 10, 10, 0, : 4, 12, 10, 10, 10, 10, 10, 10, 10, 10, 10, 10, 10, 10, 10, 10, 10, 10, 10, 10, 10, 10, 10, 10, 10, 10, 10, 10, 10, 10, 10, 10, 10, 10, 10, 2, 10, 10, 10, 10, 10, 10, 10, 10, 10, 10, 4, 10, 10, 10, 10, 10, 10, 10, 10, 20, 10, 10, 10, 
36: 10, 10, 10, 10, 10, 0, 0, 0, 12, 10, 0, 0, 0, 0, 10, 0, 10, 0, 0, 10, 0, 10, 0, 0, 10, 0, 10, 10, 10, 10, 10, 10, 10, 0, 0, 0, 0, 0, 10, 0, 0, 10, 0, 0, 10, 10, 0, 10, 10, 0, 0, 10, 0, 4, 0, 0, 0, 0, 10, 10, 10, 0, 10, 10, 10, 0, 10, 10, 0, 10, 0, 0, 0, 0, 10, 0, 10, 10, 0, 10, 10, 10, 0, 0, 10, 0, 0, 0, 0, 0, 0, 10, 10, 0, 0, 0, 10, 10, 10, 0, 0, 0, 10, 0, 10, 2, 0, 10, 10, 10, 10, 0, 10, 10, 0, 10, 10, 10, 0, 10, : 10, 10, 10, 10, 10, 12, 10, 10, 10, 10, 10, 10, 10, 10, 10, 10, 10, 10, 10, 10, 10, 10, 10, 10, 10, 10, 4, 10, 10, 10, 10, 10, 10, 10, 10, 10, 10, 10, 10, 10, 10, 10, 10, 10, 10, 10, 10, 10, 10, 10, 2, 10, 10, 10, 10, 10, 10, 10, 10, 10, 10, 
44: 0, 10, 0, 11, 0, 0, 10, 10, 0, 10, 10, 0, 0, 10, 10, 0, 0, 10, 0, 10, 0, 10, 0, 10, 10, 0, 10, 0, 10, 10, 10, 0, 10, 0, 0, 10, 0, 10, 0, 14, 20, 0, 10, 10, 10, 0, 0, 0, 0, 10, 0, 10, 10, 0, 0, 10, 10, 10, 10, 10, 0, 10, 0, 10, 0, 10, 0, 10, 10, 10, 0, 0, 10, 0, 10, 0, 0, 10, 10, 0, 10, 0, 10, 0, 10, 10, 0, 10, 0, 10, 10, 10, 10, 0, 0, 10, 10, 0, 10, 7, 0, 9, 0, 0, 10, 10, 10, 13, 0, 0, 0, 1, 0, 0, 0, 0, 0, 10, 0, 10, : 10, 11, 10, 10, 10, 10, 10, 10, 10, 10, 10, 10, 10, 10, 10, 10, 10, 10, 10, 10, 14, 20, 10, 10, 10, 10, 10, 10, 10, 10, 10, 10, 10, 10, 10, 10, 10, 10, 10, 10, 10, 10, 10, 10, 10, 10, 10, 10, 10, 10, 10, 10, 10, 10, 10, 7, 9, 10, 10, 10, 13, 1, 10, 10, 
41: 0, 10, 10, 0, 10, 0, 0, 1, 0, 0, 4, 10, 0, 10, 0, 10, 10, 10, 10, 0, 0, 0, 0, 10, 10, 0, 10, 10, 0, 10, 0, 0, 10, 10, 0, 10, 10, 10, 10, 10, 0, 17, 10, 0, 10, 0, 10, 10, 10, 10, 0, 10, 0, 0, 10, 10, 10, 0, 10, 0, 10, 0, 0, 0, 0, 8, 10, 0, 10, 0, 10, 10, 10, 10, 0, 0, 0, 0, 10, 0, 10, 0, 10, 10, 0, 10, 14, 0, 0, 0, 10, 10, 0, 0, 10, 0, 10, 0, 0, 10, 0, 14, 10, 10, 10, 0, 10, 10, 0, 0, 0, 0, 10, 0, 0, 0, 0, 1, 10, 10, : 10, 10, 10, 1, 4, 10, 10, 10, 10, 10, 10, 10, 10, 10, 10, 10, 10, 10, 10, 10, 10, 10, 10, 17, 10, 10, 10, 10, 10, 10, 10, 10, 10, 10, 10, 10, 8, 10, 10, 10, 10, 10, 10, 10, 10, 10, 10, 10, 14, 10, 10, 10, 10, 10, 14, 10, 10, 10, 10, 10, 10, 1, 10, 10, 
56: 0, 0, 10, 10, 10, 0, 0, 0, 0, 10, 0, 0, 10, 0, 0, 0, 0, 10, 0, 10, 10, 10, 10, 10, 0, 0, 10, 10, 20, 10, 10, 10, 10, 10, 0, 10, 10, 0, 10, 0, 10, 10, 0, 0, 0, 10, 10, 10, 10, 0, 0, 10, 10, 10, 4, 0, 10, 0, 0, 0, 10, 0, 10, 10, 0, 10, 0, 0, 10, 10, 10, 0, 0, 0, 0, 10, 0, 0, 10, 10, 0, 0, 0, 10, 0, 10, 0, 0, 0, 10, 0, 10, 0, 10, 10, 0, 0, 0, 1, 0, 0, 0, 10, 10, 0, 10, 10, 0, 10, 0, 0, 0, 10, 10, 4, 0, 10, 10, 10, 10, : 10, 10, 10, 10, 10, 10, 10, 10, 10, 10, 10, 10, 10, 20, 10, 10, 10, 10, 10, 10, 10, 10, 10, 10, 10, 10, 10, 10, 10, 10, 10, 4, 10, 10, 10, 10, 10, 10, 10, 10, 10, 10, 10, 10, 10, 10, 10, 10, 10, 1, 10, 10, 10, 10, 10, 10, 10, 4, 10, 10, 10, 10, 
74: 10, 10, 10, 0, 0, 0, 0, 10, 0, 16, 10, 10, 0, 10, 16, 0, 10, 10, 0, 0, 0, 10, 0, 10, 10, 10, 0, 10, 0, 0, 0, 0, 10, 10, 10, 10, 2, 10, 0, 10, 1, 0, 0, 10, 0, 10, 10, 10, 0, 0, 10, 0, 0, 0, 10, 0, 10, 10, 1, 10, 2, 0, 10, 0, 3, 0, 0, 10, 10, 10, 10, 0, 10, 10, 0, 0, 0, 10, 10, 0, 0, 0, 0, 0, 10, 0, 0, 10, 0, 0, 0, 10, 0, 1, 0, 0, 0, 0, 0, 10, 10, 10, 10, 0, 0, 0, 0, 1, 0, 10, 0, 0, 10, 10, 10, 0, 0, 0, 0, 0, : 10, 10, 10, 10, 16, 10, 10, 10, 16, 10, 10, 10, 10, 10, 10, 10, 10, 10, 10, 10, 2, 10, 10, 1, 10, 10, 10, 10, 10, 10, 10, 10, 1, 10, 2, 10, 3, 10, 10, 10, 10, 10, 10, 10, 10, 10, 10, 10, 1, 10, 10, 10, 10, 1, 10, 10, 10, 10, 
63: 10, 6, 0, 0, 0, 10, 1, 0, 0, 0, 10, 0, 10, 10, 0, 10, 10, 10, 10, 0, 10, 10, 0, 0, 10, 10, 0, 10, 0, 0, 10, 0, 10, 10, 0, 10, 10, 0, 0, 0, 10, 0, 0, 10, 10, 0, 10, 0, 10, 2, 0, 0, 10, 10, 0, 10, 10, 0, 0, 0, 0, 10, 0, 0, 10, 10, 0, 10, 0, 0, 10, 0, 10, 0, 2, 0, 0, 10, 0, 10, 0, 10, 0, 0, 3, 0, 0, 10, 16, 10, 8, 10, 10, 10, 10, 10, 10, 0, 0, 2, 10, 0, 0, 10, 10, 0, 0, 10, 10, 10, 0, 0, 0, 10, 10, 10, 6, 0, 0, 10, : 10, 6, 10, 1, 10, 10, 10, 10, 10, 10, 10, 10, 10, 10, 10, 10, 10, 10, 10, 10, 10, 10, 10, 10, 10, 10, 2, 10, 10, 10, 10, 10, 10, 10, 10, 10, 10, 2, 10, 10, 10, 3, 10, 16, 10, 8, 10, 10, 10, 10, 10, 10, 2, 10, 10, 10, 10, 10, 10, 10, 10, 10, 6, 10, 
65: 0, 0, 0, 10, 10, 0, 0, 0, 0, 0, 0, 0, 10, 0, 10, 10, 0, 0, 10, 10, 10, 10, 10, 10, 0, 10, 0, 0, 0, 10, 0, 0, 0, 10, 10, 10, 0, 10, 5, 0, 10, 0, 10, 10, 10, 10, 0, 10, 10, 10, 10, 0, 10, 0, 0, 0, 0, 0, 0, 0, 0, 0, 10, 10, 0, 0, 0, 10, 0, 0, 10, 0, 10, 10, 10, 10, 10, 0, 0, 0, 10, 10, 0, 3, 0, 0, 0, 0, 10, 10, 10, 0, 0, 0, 10, 10, 10, 0, 0, 10, 0, 0, 10, 10, 2, 10, 0, 0, 10, 0, 10, 10, 10, 10, 10, 10, 10, 10, 0, 10, : 10, 10, 10, 10, 10, 10, 10, 10, 10, 10, 10, 10, 10, 10, 10, 10, 10, 5, 10, 10, 10, 10, 10, 10, 10, 10, 10, 10, 10, 10, 10, 10, 10, 10, 10, 10, 10, 10, 10, 3, 10, 10, 10, 10, 10, 10, 10, 10, 10, 2, 10, 10, 10, 10, 10, 10, 10, 10, 10, 10, 10, 
27: 0, 0, 0, 10, 0, 0, 0, 10, 10, 0, 0, 10, 10, 10, 10, 10, 0, 0, 0, 10, 10, 10, 10, 10, 10, 10, 2, 0, 10, 0, 10, 0, 10, 10, 10, 0, 10, 10, 10, 10, 10, 0, 0, 10, 0, 10, 10, 10, 0, 0, 0, 0, 0, 0, 10, 10, 10, 10, 10, 0, 0, 0, 10, 0, 10, 0, 10, 10, 10, 10, 0, 0, 0, 0, 0, 10, 10, 0, 10, 10, 0, 0, 5, 10, 0, 0, 3, 10, 10, 0, 0, 10, 10, 0, 0, 1, 10, 10, 10, 10, 20, 1, 10, 0, 10, 10, 0, 1, 10, 0, 0, 0, 10, 1, 0, 10, 0, 10, 10, 0, : 10, 10, 10, 10, 10, 10, 10, 10, 10, 10, 10, 10, 10, 10, 10, 2, 10, 10, 10, 10, 10, 10, 10, 10, 10, 10, 10, 10, 10, 10, 10, 10, 10, 10, 10, 10, 10, 10, 10, 10, 10, 10, 10, 10, 10, 5, 10, 3, 10, 10, 10, 10, 1, 10, 10, 10, 10, 20, 1, 10, 10, 10, 1, 10, 10, 1, 10, 10, 10, 
51: 0, 10, 2, 0, 0, 10, 0, 0, 0, 10, 0, 10, 10, 0, 0, 0, 0, 0, 0, 10, 0, 1, 0, 0, 0, 10, 0, 0, 0, 0, 0, 10, 10, 0, 10, 0, 10, 10, 0, 10, 10, 10, 10, 10, 0, 0, 10, 0, 10, 10, 10, 0, 10, 0, 0, 0, 10, 10, 10, 10, 3, 10, 10, 10, 0, 10, 0, 10, 10, 0, 10, 10, 0, 0, 0, 0, 0, 0, 0, 0, 10, 0, 0, 0, 10, 0, 10, 10, 10, 0, 0, 0, 0, 10, 0, 10, 10, 10, 0, 0, 10, 10, 0, 10, 0, 10, 10, 10, 10, 10, 0, 10, 10, 0, 10, 10, 10, 10, 10, 10, : 10, 2, 10, 10, 10, 10, 10, 1, 10, 10, 10, 10, 10, 10, 10, 10, 10, 10, 10, 10, 10, 10, 10, 10, 10, 10, 10, 10, 3, 10, 10, 10, 10, 10, 10, 10, 10, 10, 10, 10, 10, 10, 10, 10, 10, 10, 10, 10, 10, 10, 10, 10, 10, 10, 10, 10, 10, 10, 10, 10, 10, 10, 
46: 0, 10, 0, 0, 0, 0, 10, 10, 0, 10, 10, 10, 10, 10, 0, 10, 10, 0, 10, 10, 0, 10, 10, 10, 10, 0, 0, 0, 0, 10, 10, 10, 0, 10, 10, 10, 10, 0, 0, 0, 10, 0, 10, 10, 10, 10, 10, 0, 0, 0, 10, 0, 11, 0, 10, 10, 4, 0, 0, 0, 0, 10, 0, 0, 10, 10, 10, 10, 10, 0, 10, 10, 0, 0, 0, 10, 10, 0, 10, 10, 1, 10, 0, 0, 10, 0, 0, 10, 10, 0, 10, 0, 10, 10, 0, 0, 10, 10, 0, 0, 10, 10, 10, 10, 10, 0, 10, 10, 0, 0, 10, 0, 10, 0, 10, 0, 0, 0, 0, 10, : 10, 10, 10, 10, 10, 10, 10, 10, 10, 10, 10, 10, 10, 10, 10, 10, 10, 10, 10, 10, 10, 10, 10, 10, 10, 10, 10, 10, 10, 10, 11, 10, 10, 4, 10, 10, 10, 10, 10, 10, 10, 10, 10, 10, 10, 10, 1, 10, 10, 10, 10, 10, 10, 10, 10, 10, 10, 10, 10, 10, 10, 10, 10, 10, 10, 10, 10, 
75: 10, 10, 0, 10, 10, 0, 0, 0, 10, 0, 0, 10, 0, 10, 0, 0, 0, 10, 10, 10, 0, 0, 0, 0, 0, 10, 0, 4, 0, 0, 10, 10, 10, 10, 0, 2, 0, 0, 0, 0, 10, 10, 10, 10, 0, 10, 10, 10, 10, 10, 10, 0, 0, 0, 0, 10, 10, 0, 10, 10, 10, 10, 10, 0, 10, 0, 0, 0, 0, 10, 10, 10, 10, 0, 10, 10, 10, 10, 0, 10, 10, 15, 0, 10, 0, 0, 10, 0, 10, 0, 0, 0, 10, 10, 10, 10, 10, 10, 10, 0, 0, 0, 0, 0, 10, 0, 0, 10, 0, 10, 10, 10, 0, 5, 0, 0, 10, 10, 0, 10, : 10, 10, 10, 10, 10, 10, 10, 10, 10, 10, 10, 4, 10, 10, 10, 10, 2, 10, 10, 10, 10, 10, 10, 10, 10, 10, 10, 10, 10, 10, 10, 10, 10, 10, 10, 10, 10, 10, 10, 10, 10, 10, 10, 10, 10, 15, 10, 10, 10, 10, 10, 10, 10, 10, 10, 10, 10, 10, 10, 10, 10, 5, 10, 10, 10, 
28: 10, 0, 10, 0, 0, 0, 0, 0, 0, 0, 1, 0, 0, 6, 0, 0, 10, 10, 10, 10, 0, 0, 10, 0, 0, 0, 0, 0, 0, 0, 10, 0, 10, 0, 0, 0, 0, 10, 10, 10, 10, 0, 10, 0, 10, 6, 0, 0, 10, 0, 0, 10, 10, 10, 0, 0, 10, 0, 10, 10, 0, 10, 0, 0, 10, 10, 10, 10, 10, 0, 0, 0, 10, 10, 0, 10, 10, 0, 10, 1, 10, 10, 0, 0, 5, 10, 10, 0, 0, 10, 10, 0, 3, 10, 10, 0, 0, 0, 0, 10, 10, 0, 0, 0, 10, 10, 10, 0, 10, 10, 0, 0, 10, 10, 0, 0, 0, 10, 10, 0, : 10, 10, 1, 6, 10, 10, 10, 10, 10, 10, 10, 10, 10, 10, 10, 10, 10, 6, 10, 10, 10, 10, 10, 10, 10, 10, 10, 10, 10, 10, 10, 10, 10, 10, 10, 10, 1, 10, 10, 5, 10, 10, 10, 10, 3, 10, 10, 10, 10, 10, 10, 10, 10, 10, 10, 10, 10, 10, 
45: 10, 10, 10, 10, 0, 0, 10, 10, 10, 10, 0, 0, 0, 0, 10, 0, 10, 0, 0, 10, 10, 0, 4, 0, 0, 0, 10, 0, 0, 0, 10, 10, 18, 10, 0, 0, 0, 0, 0, 10, 0, 10, 0, 0, 0, 0, 10, 1, 10, 0, 1, 0, 0, 0, 16, 10, 0, 10, 10, 10, 0, 10, 10, 10, 10, 10, 0, 10, 0, 0, 10, 0, 10, 10, 0, 0, 0, 10, 10, 10, 10, 10, 0, 10, 0, 0, 0, 10, 0, 10, 0, 0, 0, 1, 10, 0, 0, 10, 0, 0, 0, 3, 0, 0, 10, 10, 10, 10, 0, 10, 0, 0, 10, 0, 0, 10, 0, 0, 0, 0, : 10, 10, 10, 10, 10, 10, 10, 10, 10, 10, 10, 10, 4, 10, 10, 10, 18, 10, 10, 10, 10, 1, 10, 1, 16, 10, 10, 10, 10, 10, 10, 10, 10, 10, 10, 10, 10, 10, 10, 10, 10, 10, 10, 10, 10, 10, 1, 10, 10, 3, 10, 10, 10, 10, 10, 10, 10, 
60: 10, 10, 10, 10, 0, 0, 0, 1, 10, 0, 10, 0, 0, 10, 10, 0, 0, 0, 10, 10, 10, 1, 0, 10, 10, 10, 0, 10, 10, 0, 0, 0, 0, 0, 10, 10, 0, 10, 10, 0, 10, 10, 0, 0, 10, 0, 0, 10, 0, 10, 10, 0, 10, 0, 0, 0, 0, 0, 0, 10, 10, 0, 0, 0, 0, 0, 0, 10, 0, 0, 0, 0, 0, 0, 10, 0, 0, 0, 10, 6, 0, 0, 10, 10, 0, 9, 0, 0, 10, 10, 10, 0, 10, 10, 12, 0, 0, 0, 10, 10, 10, 10, 0, 0, 0, 0, 10, 0, 0, 10, 0, 0, 10, 10, 10, 0, 6, 10, 0, 0, : 10, 10, 10, 10, 1, 10, 10, 10, 10, 10, 10, 10, 1, 10, 10, 10, 10, 10, 10, 10, 10, 10, 10, 10, 10, 10, 10, 10, 10, 10, 10, 10, 10, 10, 6, 10, 10, 9, 10, 10, 10, 10, 10, 12, 10, 10, 10, 10, 10, 10, 10, 10, 10, 6, 10, 
47: 0, 15, 10, 0, 0, 10, 10, 0, 10, 10, 0, 10, 10, 10, 10, 10, 10, 10, 0, 0, 10, 10, 0, 10, 0, 0, 10, 0, 10, 0, 0, 0, 0, 10, 0, 10, 10, 0, 10, 0, 0, 10, 0, 0, 0, 0, 0, 0, 10, 10, 0, 10, 10, 0, 0, 0, 10, 10, 0, 0, 0, 10, 0, 10, 0, 10, 0, 10, 0, 0, 0, 10, 10, 10, 10, 10, 10, 10, 0, 10, 0, 0, 0, 10, 10, 9, 10, 10, 10, 10, 10, 0, 0, 0, 10, 10, 10, 10, 10, 10, 10, 10, 10, 10, 10, 10, 10, 0, 10, 10, 10, 10, 0, 10, 0, 0, 10, 0, 0, 0, : 15, 10, 10, 10, 10, 10, 10, 10, 10, 10, 10, 10, 10, 10, 10, 10, 10, 10, 10, 10, 10, 10, 10, 10, 10, 10, 10, 10, 10, 10, 10, 10, 10, 10, 10, 10, 10, 10, 10, 10, 10, 10, 10, 9, 10, 10, 10, 10, 10, 10, 10, 10, 10, 10, 10, 10, 10, 10, 10, 10, 10, 10, 10, 10, 10, 10, 10, 10, 
61: 10, 0, 0, 10, 10, 0, 10, 10, 0, 0, 10, 10, 10, 10, 10, 10, 0, 10, 0, 0, 10, 10, 0, 10, 0, 10, 10, 0, 10, 10, 0, 10, 0, 10, 10, 10, 0, 0, 0, 10, 10, 0, 3, 10, 10, 0, 0, 0, 10, 0, 10, 10, 2, 10, 10, 10, 0, 0, 10, 0, 0, 0, 0, 10, 0, 0, 10, 0, 10, 10, 0, 0, 0, 10, 10, 0, 0, 10, 10, 10, 10, 10, 4, 0, 0, 10, 0, 10, 10, 10, 0, 0, 0, 10, 10, 0, 0, 9, 10, 0, 7, 10, 10, 10, 0, 0, 0, 0, 10, 0, 0, 0, 0, 0, 0, 0, 10, 0, 0, 10, : 10, 10, 10, 10, 10, 10, 10, 10, 10, 10, 10, 10, 10, 10, 10, 10, 10, 10, 10, 10, 10, 10, 10, 10, 10, 3, 10, 10, 10, 10, 10, 2, 10, 10, 10, 10, 10, 10, 10, 10, 10, 10, 10, 10, 10, 10, 10, 4, 10, 10, 10, 10, 10, 10, 9, 10, 7, 10, 10, 10, 10, 10, 10, 
72: 0, 10, 0, 0, 0, 10, 0, 10, 10, 0, 0, 0, 0, 0, 0, 1, 10, 0, 0, 0, 0, 10, 0, 10, 10, 10, 10, 10, 10, 1, 0, 10, 0, 0, 0, 10, 0, 0, 0, 10, 10, 10, 10, 0, 0, 10, 0, 0, 0, 0, 0, 0, 0, 10, 0, 10, 0, 10, 0, 10, 10, 0, 2, 0, 0, 10, 10, 10, 0, 10, 10, 0, 11, 0, 10, 10, 0, 10, 10, 10, 10, 0, 0, 0, 0, 13, 10, 0, 0, 0, 0, 2, 10, 0, 10, 10, 3, 0, 0, 0, 10, 0, 10, 0, 10, 10, 10, 0, 0, 10, 0, 10, 10, 0, 10, 0, 10, 0, 0, 10, : 10, 10, 10, 10, 1, 10, 10, 10, 10, 10, 10, 10, 10, 1, 10, 10, 10, 10, 10, 10, 10, 10, 10, 10, 10, 10, 2, 10, 10, 10, 10, 10, 11, 10, 10, 10, 10, 10, 10, 13, 10, 2, 10, 10, 10, 3, 10, 10, 10, 10, 10, 10, 10, 10, 10, 10, 10, 
43: 10, 0, 0, 10, 10, 0, 10, 10, 0, 10, 0, 0, 10, 10, 0, 10, 10, 0, 0, 0, 0, 0, 10, 10, 0, 10, 10, 0, 10, 10, 10, 0, 10, 0, 0, 1, 10, 10, 10, 10, 0, 0, 0, 10, 10, 0, 10, 0, 0, 10, 10, 10, 0, 10, 10, 10, 10, 10, 10, 10, 0, 10, 0, 10, 10, 10, 0, 0, 0, 10, 1, 0, 10, 0, 10, 0, 0, 0, 0, 0, 0, 10, 0, 0, 10, 10, 0, 0, 0, 10, 10, 0, 10, 10, 0, 0, 10, 10, 0, 0, 0, 0, 0, 0, 10, 0, 0, 0, 0, 0, 10, 0, 0, 1, 0, 10, 0, 0, 10, 10, : 10, 10, 10, 10, 10, 10, 10, 10, 10, 10, 10, 10, 10, 10, 10, 10, 10, 10, 1, 10, 10, 10, 10, 10, 10, 10, 10, 10, 10, 10, 10, 10, 10, 10, 10, 10, 10, 10, 10, 10, 10, 1, 10, 10, 10, 10, 10, 10, 10, 10, 10, 10, 10, 10, 10, 1, 10, 10, 10, 
35: 0, 0, 10, 0, 10, 6, 0, 0, 10, 10, 10, 0, 0, 10, 10, 0, 10, 0, 10, 10, 0, 10, 0, 0, 10, 15, 10, 0, 16, 10, 10, 10, 10, 10, 10, 10, 0, 0, 0, 10, 10, 10, 10, 10, 0, 10, 0, 10, 2, 0, 0, 10, 10, 10, 0, 0, 0, 10, 1, 0, 2, 0, 0, 10, 10, 0, 10, 10, 0, 0, 10, 0, 0, 4, 0, 10, 10, 10, 0, 10, 0, 0, 10, 9, 0, 0, 0, 0, 0, 0, 0, 0, 0, 0, 0, 1, 10, 0, 10, 10, 10, 10, 0, 0, 0, 0, 0, 0, 10, 3, 10, 10, 0, 10, 10, 10, 10, 0, 0, 2, : 10, 10, 6, 10, 10, 10, 10, 10, 10, 10, 10, 10, 10, 15, 10, 16, 10, 10, 10, 10, 10, 10, 10, 10, 10, 10, 10, 10, 10, 10, 2, 10, 10, 10, 10, 1, 2, 10, 10, 10, 10, 10, 4, 10, 10, 10, 10, 10, 9, 1, 10, 10, 10, 10, 10, 10, 3, 10, 10, 10, 10, 10, 10, 2, 
19: 10, 0, 10, 10, 10, 0, 10, 10, 0, 0, 10, 10, 10, 0, 0, 10, 0, 10, 0, 10, 10, 10, 10, 0, 10, 0, 0, 0, 0, 10, 0, 10, 0, 0, 10, 10, 0, 10, 10, 10, 0, 10, 0, 10, 10, 10, 0, 10, 10, 10, 10, 0, 10, 0, 10, 0, 10, 10, 10, 0, 0, 0, 0, 0, 0, 10, 10, 0, 10, 10, 10, 0, 0, 10, 0, 10, 1, 10, 0, 0, 0, 0, 10, 0, 10, 0, 0, 0, 0, 10, 0, 10, 10, 0, 10, 10, 10, 10, 10, 0, 10, 0, 0, 3, 0, 0, 10, 10, 10, 0, 10, 0, 10, 0, 0, 10, 10, 0, 10, 10, : 10, 10, 10, 10, 10, 10, 10, 10, 10, 10, 10, 10, 10, 10, 10, 10, 10, 10, 10, 10, 10, 10, 10, 10, 10, 10, 10, 10, 10, 10, 10, 10, 10, 10, 10, 10, 10, 10, 10, 10, 10, 10, 10, 1, 10, 10, 10, 10, 10, 10, 10, 10, 10, 10, 10, 10, 3, 10, 10, 10, 10, 10, 10, 10, 10, 10, 
66: 0, 10, 10, 10, 10, 10, 0, 0, 10, 10, 10, 0, 10, 10, 10, 8, 10, 10, 0, 0, 10, 0, 10, 0, 10, 10, 0, 0, 10, 10, 10, 0, 0, 0, 0, 0, 0, 10, 0, 10, 10, 10, 0, 10, 10, 10, 10, 10, 10, 0, 10, 0, 0, 0, 0, 0, 0, 0, 0, 10, 10, 0, 0, 10, 0, 0, 10, 10, 0, 0, 0, 0, 10, 10, 10, 0, 10, 0, 0, 10, 0, 0, 10, 10, 10, 0, 0, 0, 0, 10, 10, 10, 0, 10, 10, 0, 10, 0, 0, 10, 0, 0, 10, 0, 0, 10, 0, 0, 0, 0, 0, 10, 0, 10, 0, 0, 0, 0, 10, 0, : 10, 10, 10, 10, 10, 10, 10, 10, 10, 10, 10, 8, 10, 10, 10, 10, 10, 10, 10, 10, 10, 10, 10, 10, 10, 10, 10, 10, 10, 10, 10, 10, 10, 10, 10, 10, 10, 10, 10, 10, 10, 10, 10, 10, 10, 10, 10, 10, 10, 10, 10, 10, 10, 10, 10, 10, 10, 
16: 0, 0, 0, 10, 0, 10, 0, 1, 0, 10, 0, 15, 0, 10, 10, 10, 0, 0, 0, 0, 10, 10, 10, 10, 10, 10, 0, 10, 0, 10, 0, 0, 0, 10, 10, 0, 10, 0, 10, 10, 0, 0, 0, 10, 0, 10, 0, 0, 10, 10, 10, 10, 0, 0, 0, 10, 6, 10, 10, 3, 0, 0, 10, 0, 0, 0, 10, 10, 10, 0, 0, 10, 10, 0, 0, 0, 10, 10, 10, 10, 0, 10, 10, 10, 10, 10, 10, 0, 0, 10, 10, 0, 10, 10, 10, 2, 17, 10, 10, 0, 10, 10, 0, 0, 1, 10, 0, 0, 10, 0, 0, 0, 3, 10, 0, 0, 10, 10, 0, 10, : 10, 10, 1, 10, 15, 10, 10, 10, 10, 10, 10, 10, 10, 10, 10, 10, 10, 10, 10, 10, 10, 10, 10, 10, 10, 10, 10, 10, 6, 10, 10, 3, 10, 10, 10, 10, 10, 10, 10, 10, 10, 10, 10, 10, 10, 10, 10, 10, 10, 10, 10, 10, 10, 2, 17, 10, 10, 10, 10, 1, 10, 10, 3, 10, 10, 10, 10, 
15: 0, 0, 10, 0, 0, 0, 10, 0, 0, 10, 10, 0, 0, 1, 8, 6, 0, 0, 0, 0, 10, 0, 10, 0, 0, 0, 10, 0, 0, 0, 0, 10, 10, 0, 0, 10, 0, 0, 10, 10, 0, 10, 0, 0, 0, 10, 0, 10, 0, 0, 10, 0, 0, 0, 10, 10, 10, 0, 0, 0, 0, 10, 10, 10, 9, 0, 10, 0, 0, 10, 10, 10, 10, 10, 10, 0, 0, 10, 10, 10, 10, 10, 0, 4, 0, 0, 10, 10, 0, 0, 10, 0, 10, 0, 0, 10, 0, 10, 0, 10, 0, 0, 0, 0, 10, 10, 10, 0, 10, 10, 11, 0, 0, 10, 0, 0, 0, 0, 0, 0, : 10, 10, 10, 10, 1, 8, 6, 10, 10, 10, 10, 10, 10, 10, 10, 10, 10, 10, 10, 10, 10, 10, 10, 10, 10, 9, 10, 10, 10, 10, 10, 10, 10, 10, 10, 10, 10, 10, 4, 10, 10, 10, 10, 10, 10, 10, 10, 10, 10, 10, 10, 11, 10, 
79: 10, 0, 0, 10, 0, 10, 10, 10, 10, 10, 10, 10, 13, 10, 0, 10, 10, 10, 0, 0, 0, 10, 0, 0, 0, 0, 10, 10, 0, 10, 0, 10, 10, 10, 10, 0, 0, 10, 0, 0, 0, 10, 0, 0, 10, 0, 0, 0, 10, 0, 10, 10, 10, 10, 10, 1, 10, 10, 10, 0, 10, 10, 0, 4, 10, 10, 10, 0, 10, 10, 10, 0, 0, 10, 0, 0, 10, 0, 0, 10, 0, 10, 0, 10, 10, 10, 0, 0, 0, 10, 1, 0, 0, 13, 10, 10, 0, 10, 0, 0, 0, 10, 10, 0, 0, 10, 0, 10, 10, 0, 0, 10, 10, 0, 10, 0, 10, 0, 10, 0, : 10, 10, 10, 10, 10, 10, 10, 10, 10, 13, 10, 10, 10, 10, 10, 10, 10, 10, 10, 10, 10, 10, 10, 10, 10, 10, 10, 10, 10, 10, 10, 1, 10, 10, 10, 10, 10, 4, 10, 10, 10, 10, 10, 10, 10, 10, 10, 10, 10, 10, 10, 10, 1, 13, 10, 10, 10, 10, 10, 10, 10, 10, 10, 10, 10, 10, 10, 
1: 10, 0, 0, 10, 0, 0, 0, 10, 0, 0, 0, 10, 0, 0, 0, 0, 10, 10, 0, 0, 10, 10, 0, 0, 10, 0, 0, 0, 0, 0, 10, 10, 0, 10, 10, 0, 2, 10, 10, 10, 0, 10, 10, 0, 0, 10, 10, 10, 0, 10, 0, 4, 10, 0, 10, 0, 3, 10, 10, 0, 10, 0, 10, 0, 10, 0, 0, 10, 0, 0, 0, 10, 10, 10, 0, 0, 0, 10, 10, 0, 10, 0, 10, 0, 10, 0, 10, 10, 10, 10, 0, 0, 0, 0, 10, 10, 0, 10, 0, 10, 10, 10, 10, 0, 10, 10, 10, 10, 10, 0, 10, 0, 0, 10, 0, 10, 10, 10, 10, 0, : 10, 10, 10, 10, 10, 10, 10, 10, 10, 10, 10, 10, 10, 2, 10, 10, 10, 10, 10, 10, 10, 10, 10, 4, 10, 10, 3, 10, 10, 10, 10, 10, 10, 10, 10, 10, 10, 10, 10, 10, 10, 10, 10, 10, 10, 10, 10, 10, 10, 10, 10, 10, 10, 10, 10, 10, 10, 10, 10, 10, 10, 10, 10, 
57: 10, 10, 0, 0, 0, 10, 0, 10, 0, 10, 10, 0, 10, 0, 0, 10, 10, 10, 5, 10, 0, 2, 0, 10, 10, 10, 10, 10, 10, 10, 10, 10, 0, 1, 0, 0, 10, 10, 10, 10, 10, 10, 10, 10, 10, 0, 10, 10, 0, 0, 10, 10, 10, 0, 0, 0, 0, 0, 0, 10, 10, 10, 3, 10, 10, 10, 0, 10, 10, 0, 2, 0, 10, 10, 10, 0, 0, 0, 0, 0, 10, 0, 18, 0, 0, 0, 10, 0, 3, 10, 10, 0, 0, 0, 2, 10, 0, 0, 10, 0, 0, 10, 0, 10, 10, 10, 10, 10, 10, 0, 10, 10, 10, 0, 0, 0, 10, 0, 10, 0, : 10, 10, 10, 10, 10, 10, 10, 10, 10, 10, 5, 10, 2, 10, 10, 10, 10, 10, 10, 10, 10, 10, 1, 10, 10, 10, 10, 10, 10, 10, 10, 10, 10, 10, 10, 10, 10, 10, 10, 10, 3, 10, 10, 10, 10, 10, 2, 10, 10, 10, 10, 18, 10, 3, 10, 10, 2, 10, 10, 10, 10, 10, 10, 10, 10, 10, 10, 10, 10, 10, 10, 
68: 0, 10, 10, 0, 10, 0, 0, 10, 10, 0, 0, 9, 10, 10, 10, 0, 10, 10, 10, 0, 10, 10, 10, 10, 0, 10, 10, 0, 10, 10, 10, 10, 10, 0, 0, 0, 0, 10, 10, 0, 0, 0, 2, 10, 0, 0, 10, 10, 0, 0, 0, 10, 10, 0, 0, 10, 0, 10, 0, 10, 10, 10, 10, 10, 10, 0, 0, 0, 0, 10, 10, 0, 0, 0, 0, 10, 0, 0, 3, 10, 10, 0, 10, 0, 0, 10, 10, 10, 0, 10, 0, 10, 10, 0, 0, 10, 10, 0, 0, 0, 10, 10, 0, 0, 0, 0, 10, 10, 10, 10, 0, 10, 10, 0, 10, 10, 0, 0, 10, 0, : 10, 10, 10, 10, 10, 9, 10, 10, 10, 10, 10, 10, 10, 10, 10, 10, 10, 10, 10, 10, 10, 10, 10, 10, 10, 2, 10, 10, 10, 10, 10, 10, 10, 10, 10, 10, 10, 10, 10, 10, 10, 10, 3, 10, 10, 10, 10, 10, 10, 10, 10, 10, 10, 10, 10, 10, 10, 10, 10, 10, 10, 10, 10, 10, 10, 
22: 10, 0, 10, 0, 0, 5, 0, 10, 10, 0, 10, 10, 10, 0, 0, 16, 2, 10, 10, 0, 0, 10, 10, 0, 10, 0, 10, 10, 0, 0, 10, 0, 0, 0, 0, 10, 10, 10, 0, 0, 0, 10, 0, 10, 0, 10, 10, 10, 10, 14, 0, 10, 0, 10, 10, 10, 10, 0, 18, 10, 10, 10, 10, 1, 10, 0, 10, 10, 0, 10, 0, 10, 10, 10, 10, 10, 10, 0, 10, 10, 10, 0, 10, 10, 0, 10, 0, 10, 6, 0, 10, 0, 0, 0, 0, 10, 0, 10, 10, 10, 0, 0, 10, 0, 10, 0, 0, 10, 0, 10, 10, 10, 10, 0, 10, 10, 2, 10, 10, 0, : 10, 10, 5, 10, 10, 10, 10, 10, 16, 2, 10, 10, 10, 10, 10, 10, 10, 10, 10, 10, 10, 10, 10, 10, 10, 10, 10, 14, 10, 10, 10, 10, 10, 18, 10, 10, 10, 10, 1, 10, 10, 10, 10, 10, 10, 10, 10, 10, 10, 10, 10, 10, 10, 10, 10, 10, 6, 10, 10, 10, 10, 10, 10, 10, 10, 10, 10, 10, 10, 10, 10, 2, 10, 10, 
38: 10, 10, 0, 0, 0, 10, 10, 10, 10, 0, 0, 10, 10, 10, 0, 0, 0, 0, 10, 10, 10, 10, 0, 0, 0, 0, 10, 0, 10, 0, 0, 0, 10, 10, 0, 2, 0, 0, 10, 10, 0, 0, 0, 0, 10, 0, 0, 0, 0, 0, 10, 0, 0, 10, 0, 10, 10, 10, 10, 10, 10, 10, 0, 1, 3, 10, 0, 10, 10, 10, 0, 0, 0, 0, 0, 10, 10, 0, 0, 10, 10, 0, 0, 0, 0, 10, 10, 0, 0, 0, 10, 0, 0, 0, 10, 10, 10, 10, 0, 10, 10, 10, 10, 0, 0, 10, 10, 10, 0, 0, 10, 10, 2, 10, 0, 10, 10, 10, 10, 10, : 10, 10, 10, 10, 10, 10, 10, 10, 10, 10, 10, 10, 10, 10, 10, 10, 10, 2, 10, 10, 10, 10, 10, 10, 10, 10, 10, 10, 10, 10, 1, 3, 10, 10, 10, 10, 10, 10, 10, 10, 10, 10, 10, 10, 10, 10, 10, 10, 10, 10, 10, 10, 10, 10, 10, 10, 2, 10, 10, 10, 10, 10, 10, 
52: 0, 10, 0, 10, 10, 10, 9, 0, 0, 0, 0, 0, 10, 10, 0, 0, 10, 10, 0, 10, 10, 0, 0, 0, 10, 5, 10, 0, 0, 10, 10, 10, 10, 0, 10, 0, 0, 10, 10, 0, 10, 0, 0, 0, 0, 10, 10, 0, 0, 10, 10, 10, 0, 0, 10, 0, 10, 0, 10, 0, 0, 0, 10, 10, 10, 10, 10, 12, 10, 10, 0, 10, 0, 10, 12, 10, 10, 0, 0, 0, 10, 0, 0, 10, 10, 0, 10, 10, 10, 10, 4, 0, 10, 0, 0, 10, 0, 0, 0, 0, 10, 0, 10, 0, 0, 0, 0, 0, 10, 0, 0, 10, 0, 10, 10, 0, 0, 10, 13, 10, : 10, 10, 10, 10, 9, 10, 10, 10, 10, 10, 10, 10, 5, 10, 10, 10, 10, 10, 10, 10, 10, 10, 10, 10, 10, 10, 10, 10, 10, 10, 10, 10, 10, 10, 10, 12, 10, 10, 10, 10, 12, 10, 10, 10, 10, 10, 10, 10, 10, 10, 4, 10, 10, 10, 10, 10, 10, 10, 10, 10, 13, 10, 
24: 10, 0, 10, 0, 0, 10, 10, 0, 0, 10, 0, 10, 0, 10, 0, 0, 10, 0, 10, 10, 0, 10, 10, 0, 10, 0, 10, 10, 10, 10, 10, 0, 10, 10, 10, 10, 10, 10, 10, 10, 0, 0, 0, 10, 10, 10, 10, 10, 10, 10, 0, 10, 10, 0, 10, 10, 2, 0, 0, 10, 10, 0, 10, 0, 0, 0, 0, 0, 10, 0, 0, 0, 10, 0, 10, 10, 0, 10, 10, 10, 0, 0, 10, 10, 3, 10, 0, 10, 10, 10, 10, 0, 10, 10, 10, 0, 10, 0, 0, 10, 0, 0, 0, 4, 0, 0, 0, 10, 10, 0, 0, 0, 10, 0, 0, 0, 0, 2, 0, 0, : 10, 10, 10, 10, 10, 10, 10, 10, 10, 10, 10, 10, 10, 10, 10, 10, 10, 10, 10, 10, 10, 10, 10, 10, 10, 10, 10, 10, 10, 10, 10, 10, 10, 10, 10, 10, 10, 2, 10, 10, 10, 10, 10, 10, 10, 10, 10, 10, 10, 10, 3, 10, 10, 10, 10, 10, 10, 10, 10, 10, 10, 4, 10, 10, 10, 2, 
20: 10, 0, 0, 0, 0, 10, 0, 0, 10, 10, 10, 10, 10, 0, 10, 10, 10, 10, 10, 0, 0, 0, 0, 10, 0, 10, 0, 10, 0, 0, 10, 10, 10, 0, 10, 0, 10, 10, 0, 0, 10, 0, 0, 0, 10, 10, 0, 0, 10, 0, 10, 0, 0, 10, 0, 0, 10, 0, 10, 0, 0, 10, 10, 0, 10, 10, 10, 10, 0, 0, 0, 10, 0, 0, 10, 10, 10, 0, 10, 10, 7, 0, 10, 10, 10, 0, 10, 0, 10, 6, 10, 10, 10, 0, 0, 0, 10, 10, 10, 0, 0, 10, 0, 10, 0, 0, 0, 0, 0, 0, 0, 10, 0, 0, 10, 10, 10, 0, 10, 0, : 10, 10, 10, 10, 10, 10, 10, 10, 10, 10, 10, 10, 10, 10, 10, 10, 10, 10, 10, 10, 10, 10, 10, 10, 10, 10, 10, 10, 10, 10, 10, 10, 10, 10, 10, 10, 10, 10, 10, 10, 10, 7, 10, 10, 10, 10, 10, 6, 10, 10, 10, 10, 10, 10, 10, 10, 10, 10, 10, 10, 10, 
58: 0, 10, 10, 10, 10, 10, 10, 10, 10, 10, 0, 10, 10, 0, 10, 10, 10, 10, 10, 0, 10, 0, 10, 10, 10, 10, 10, 10, 0, 0, 10, 0, 10, 0, 19, 10, 10, 10, 10, 0, 10, 0, 10, 4, 0, 10, 10, 0, 0, 10, 0, 10, 16, 10, 10, 0, 0, 10, 0, 10, 10, 0, 10, 0, 10, 10, 0, 0, 0, 10, 10, 10, 0, 10, 0, 10, 0, 10, 10, 2, 1, 0, 0, 10, 10, 0, 10, 10, 10, 10, 10, 0, 0, 10, 10, 0, 0, 0, 10, 10, 10, 0, 10, 10, 0, 0, 10, 0, 0, 10, 10, 0, 0, 10, 10, 0, 10, 10, 0, 10, : 10, 10, 10, 10, 10, 10, 10, 10, 10, 10, 10, 10, 10, 10, 10, 10, 10, 10, 10, 10, 10, 10, 10, 10, 10, 19, 10, 10, 10, 10, 10, 10, 4, 10, 10, 10, 10, 16, 10, 10, 10, 10, 10, 10, 10, 10, 10, 10, 10, 10, 10, 10, 10, 2, 1, 10, 10, 10, 10, 10, 10, 10, 10, 10, 10, 10, 10, 10, 10, 10, 10, 10, 10, 10, 10, 10, 10, 
4: 10, 10, 0, 0, 10, 0, 0, 10, 0, 10, 10, 0, 0, 0, 10, 10, 0, 10, 10, 0, 0, 0, 0, 0, 0, 0, 10, 10, 0, 10, 10, 10, 0, 10, 0, 0, 0, 0, 10, 10, 0, 0, 10, 10, 10, 0, 20, 0, 0, 0, 12, 0, 0, 0, 0, 0, 10, 0, 0, 0, 0, 0, 0, 10, 0, 0, 0, 0, 3, 0, 0, 10, 0, 10, 0, 10, 0, 10, 0, 0, 10, 0, 0, 0, 10, 0, 10, 10, 10, 0, 10, 0, 0, 0, 10, 10, 0, 0, 10, 10, 10, 0, 0, 10, 10, 10, 10, 0, 10, 0, 0, 10, 10, 0, 0, 10, 0, 10, 10, 0, : 10, 10, 10, 10, 10, 10, 10, 10, 10, 10, 10, 10, 10, 10, 10, 10, 10, 10, 10, 10, 10, 20, 12, 10, 10, 3, 10, 10, 10, 10, 10, 10, 10, 10, 10, 10, 10, 10, 10, 10, 10, 10, 10, 10, 10, 10, 10, 10, 10, 10, 10, 
18: 10, 0, 10, 0, 0, 0, 10, 0, 0, 10, 0, 10, 0, 10, 10, 10, 10, 0, 10, 0, 10, 10, 0, 0, 10, 0, 0, 10, 10, 10, 0, 10, 10, 0, 10, 10, 10, 0, 0, 10, 10, 1, 10, 0, 10, 0, 10, 0, 0, 0, 0, 0, 0, 0, 0, 0, 0, 0, 0, 10, 10, 0, 10, 0, 0, 10, 0, 0, 0, 0, 10, 10, 10, 10, 0, 10, 10, 0, 10, 0, 0, 14, 10, 10, 10, 10, 10, 10, 10, 0, 0, 10, 0, 10, 0, 10, 0, 0, 10, 0, 0, 10, 0, 10, 10, 10, 0, 0, 0, 0, 0, 0, 10, 0, 10, 0, 0, 10, 10, 10, : 10, 10, 10, 10, 10, 10, 10, 10, 10, 10, 10, 10, 10, 10, 10, 10, 10, 10, 10, 10, 10, 10, 10, 1, 10, 10, 10, 10, 10, 10, 10, 10, 10, 10, 10, 10, 10, 10, 14, 10, 10, 10, 10, 10, 10, 10, 10, 10, 10, 10, 10, 10, 10, 10, 10, 10, 10, 10, 10, 
29: 10, 0, 10, 0, 0, 10, 0, 0, 0, 10, 10, 0, 10, 0, 10, 10, 0, 0, 10, 10, 10, 10, 10, 0, 10, 10, 10, 10, 10, 10, 0, 10, 0, 0, 10, 0, 10, 0, 0, 0, 10, 0, 0, 0, 3, 0, 0, 0, 10, 0, 10, 0, 0, 10, 10, 0, 0, 10, 10, 10, 10, 0, 0, 0, 0, 0, 10, 0, 0, 0, 0, 10, 0, 10, 0, 10, 10, 0, 8, 0, 10, 1, 0, 10, 0, 0, 0, 0, 0, 0, 10, 10, 0, 10, 0, 0, 0, 10, 10, 0, 10, 10, 0, 10, 10, 0, 10, 0, 10, 10, 10, 10, 0, 10, 0, 10, 10, 10, 10, 0, : 10, 10, 10, 10, 10, 10, 10, 10, 10, 10, 10, 10, 10, 10, 10, 10, 10, 10, 10, 10, 10, 10, 10, 3, 10, 10, 10, 10, 10, 10, 10, 10, 10, 10, 10, 10, 10, 8, 10, 1, 10, 10, 10, 10, 10, 10, 10, 10, 10, 10, 10, 10, 10, 10, 10, 10, 10, 10, 10, 10, 
9: 0, 0, 10, 10, 10, 10, 0, 10, 0, 10, 10, 10, 0, 10, 0, 0, 0, 0, 0, 10, 0, 0, 10, 10, 0, 10, 0, 0, 0, 0, 10, 0, 10, 0, 0, 10, 10, 2, 0, 10, 0, 10, 10, 0, 0, 2, 10, 0, 0, 7, 10, 10, 10, 10, 0, 0, 10, 10, 0, 0, 10, 3, 0, 2, 10, 0, 9, 0, 10, 10, 0, 10, 10, 10, 10, 10, 10, 0, 10, 10, 10, 10, 0, 10, 10, 0, 10, 10, 10, 10, 10, 0, 0, 10, 0, 0, 10, 0, 0, 10, 0, 10, 0, 0, 9, 0, 10, 0, 10, 10, 0, 0, 0, 0, 10, 10, 7, 10, 10, 5, : 10, 10, 10, 10, 10, 10, 10, 10, 10, 10, 10, 10, 10, 10, 10, 10, 10, 2, 10, 10, 10, 2, 10, 7, 10, 10, 10, 10, 10, 10, 10, 3, 2, 10, 9, 10, 10, 10, 10, 10, 10, 10, 10, 10, 10, 10, 10, 10, 10, 10, 10, 10, 10, 10, 10, 10, 10, 10, 9, 10, 10, 10, 10, 10, 7, 10, 10, 5, 
34: 0, 0, 0, 10, 0, 0, 10, 10, 0, 10, 0, 10, 10, 10, 0, 10, 0, 10, 10, 10, 0, 0, 0, 0, 0, 10, 0, 10, 10, 0, 0, 10, 10, 10, 10, 0, 10, 0, 10, 0, 0, 10, 10, 10, 10, 0, 10, 0, 10, 10, 1, 10, 10, 10, 10, 10, 10, 0, 10, 0, 0, 10, 1, 7, 10, 0, 0, 6, 18, 10, 10, 0, 10, 0, 0, 10, 10, 0, 10, 10, 0, 10, 0, 0, 10, 10, 0, 0, 0, 0, 10, 10, 0, 10, 10, 10, 0, 10, 10, 0, 0, 0, 10, 0, 0, 0, 0, 10, 0, 10, 0, 10, 0, 0, 10, 10, 0, 10, 10, 0, : 10, 10, 10, 10, 10, 10, 10, 10, 10, 10, 10, 10, 10, 10, 10, 10, 10, 10, 10, 10, 10, 10, 10, 10, 10, 10, 10, 1, 10, 10, 10, 10, 10, 10, 10, 10, 1, 7, 10, 6, 18, 10, 10, 10, 10, 10, 10, 10, 10, 10, 10, 10, 10, 10, 10, 10, 10, 10, 10, 10, 10, 10, 10, 10, 10, 10, 
21: 0, 0, 10, 0, 0, 0, 0, 10, 0, 0, 0, 0, 10, 0, 0, 0, 0, 0, 0, 10, 10, 0, 0, 0, 0, 0, 0, 0, 0, 0, 10, 10, 0, 10, 10, 10, 0, 10, 10, 10, 10, 10, 10, 0, 10, 10, 0, 10, 0, 0, 10, 0, 10, 3, 0, 10, 10, 0, 10, 10, 0, 0, 10, 0, 10, 10, 0, 0, 0, 2, 10, 10, 10, 10, 10, 10, 10, 10, 0, 10, 0, 10, 10, 0, 0, 10, 10, 0, 0, 0, 10, 10, 10, 10, 10, 10, 0, 10, 0, 10, 0, 0, 10, 0, 0, 0, 0, 10, 10, 10, 0, 10, 0, 0, 10, 0, 0, 0, 10, 10, : 10, 10, 10, 10, 10, 10, 10, 10, 10, 10, 10, 10, 10, 10, 10, 10, 10, 10, 10, 10, 10, 3, 10, 10, 10, 10, 10, 10, 10, 2, 10, 10, 10, 10, 10, 10, 10, 10, 10, 10, 10, 10, 10, 10, 10, 10, 10, 10, 10, 10, 10, 10, 10, 10, 10, 10, 10, 10, 10, 
64: 10, 0, 10, 0, 0, 0, 10, 10, 10, 0, 10, 0, 0, 10, 10, 10, 10, 0, 10, 0, 10, 10, 0, 0, 0, 10, 0, 10, 10, 0, 0, 10, 0, 0, 0, 10, 10, 0, 10, 0, 0, 10, 10, 0, 10, 0, 0, 0, 0, 0, 10, 10, 10, 0, 0, 0, 0, 10, 0, 10, 0, 10, 10, 0, 10, 0, 10, 0, 10, 0, 0, 10, 0, 10, 2, 0, 0, 10, 0, 0, 10, 10, 10, 10, 0, 10, 10, 10, 0, 0, 0, 0, 0, 10, 1, 10, 10, 10, 10, 10, 0, 0, 10, 0, 10, 10, 10, 10, 0, 0, 0, 0, 0, 0, 0, 10, 0, 10, 10, 10, : 10, 10, 10, 10, 10, 10, 10, 10, 10, 10, 10, 10, 10, 10, 10, 10, 10, 10, 10, 10, 10, 10, 10, 10, 10, 10, 10, 10, 10, 10, 10, 10, 10, 10, 10, 2, 10, 10, 10, 10, 10, 10, 10, 10, 10, 1, 10, 10, 10, 10, 10, 10, 10, 10, 10, 10, 10, 10, 10, 10, 
32: 10, 10, 10, 10, 10, 0, 0, 0, 10, 0, 10, 0, 0, 10, 10, 10, 0, 10, 0, 10, 10, 0, 0, 0, 0, 10, 10, 0, 4, 10, 11, 0, 0, 10, 10, 10, 10, 10, 0, 0, 0, 10, 0, 0, 10, 10, 10, 0, 0, 10, 0, 10, 10, 10, 10, 10, 10, 0, 10, 0, 10, 0, 7, 10, 10, 10, 0, 0, 4, 0, 0, 0, 0, 10, 10, 10, 10, 0, 0, 2, 6, 0, 10, 1, 10, 0, 10, 4, 10, 10, 0, 10, 10, 0, 0, 0, 10, 10, 0, 0, 0, 0, 10, 10, 10, 10, 10, 0, 0, 10, 10, 0, 10, 10, 10, 10, 10, 0, 0, 10, : 10, 10, 10, 10, 10, 10, 10, 10, 10, 10, 10, 10, 10, 10, 10, 4, 10, 11, 10, 10, 10, 10, 10, 10, 10, 10, 10, 10, 10, 10, 10, 10, 10, 10, 10, 10, 7, 10, 10, 10, 4, 10, 10, 10, 10, 2, 6, 10, 1, 10, 10, 4, 10, 10, 10, 10, 10, 10, 10, 10, 10, 10, 10, 10, 10, 10, 10, 10, 10, 10, 10, 
31: 0, 0, 1, 10, 0, 0, 10, 0, 0, 10, 10, 0, 0, 10, 10, 10, 10, 10, 10, 0, 10, 0, 0, 10, 10, 0, 10, 0, 5, 0, 0, 0, 10, 10, 10, 0, 0, 10, 10, 0, 0, 0, 10, 10, 10, 10, 0, 0, 10, 0, 0, 0, 10, 0, 10, 0, 10, 0, 5, 0, 10, 0, 1, 10, 0, 10, 10, 10, 10, 10, 0, 0, 10, 10, 0, 10, 10, 10, 0, 0, 0, 10, 10, 10, 0, 10, 0, 10, 10, 10, 0, 0, 10, 10, 0, 0, 10, 10, 0, 10, 0, 10, 0, 0, 10, 10, 10, 0, 0, 0, 10, 0, 10, 0, 0, 10, 0, 10, 10, 0, : 1, 10, 10, 10, 10, 10, 10, 10, 10, 10, 10, 10, 10, 10, 10, 5, 10, 10, 10, 10, 10, 10, 10, 10, 10, 10, 10, 10, 10, 5, 10, 1, 10, 10, 10, 10, 10, 10, 10, 10, 10, 10, 10, 10, 10, 10, 10, 10, 10, 10, 10, 10, 10, 10, 10, 10, 10, 10, 10, 10, 10, 10, 10, 10, 
54: 10, 10, 10, 10, 10, 10, 10, 0, 0, 0, 0, 0, 0, 10, 10, 10, 10, 10, 10, 10, 0, 10, 10, 10, 0, 0, 10, 10, 10, 0, 10, 0, 10, 1, 10, 0, 10, 0, 0, 0, 0, 10, 10, 10, 10, 10, 0, 10, 0, 0, 10, 10, 10, 0, 10, 0, 10, 10, 10, 0, 10, 10, 10, 10, 10, 10, 0, 0, 10, 10, 10, 10, 0, 0, 0, 5, 10, 10, 10, 10, 0, 0, 0, 0, 0, 0, 0, 10, 10, 10, 0, 10, 10, 10, 10, 0, 0, 0, 10, 0, 10, 0, 2, 10, 10, 10, 10, 0, 10, 0, 0, 0, 0, 10, 10, 0, 10, 10, 0, 0, : 10, 10, 10, 10, 10, 10, 10, 10, 10, 10, 10, 10, 10, 10, 10, 10, 10, 10, 10, 10, 10, 10, 1, 10, 10, 10, 10, 10, 10, 10, 10, 10, 10, 10, 10, 10, 10, 10, 10, 10, 10, 10, 10, 10, 10, 10, 10, 10, 5, 10, 10, 10, 10, 10, 10, 10, 10, 10, 10, 10, 10, 10, 2, 10, 10, 10, 10, 10, 10, 10, 10, 10, 
23: 10, 0, 0, 0, 10, 20, 0, 0, 0, 0, 0, 0, 10, 0, 0, 0, 0, 10, 10, 10, 10, 0, 10, 0, 0, 0, 10, 10, 0, 10, 10, 0, 10, 1, 0, 0, 10, 10, 0, 0, 0, 0, 10, 0, 10, 2, 0, 0, 3, 0, 10, 0, 10, 10, 0, 0, 0, 10, 0, 2, 10, 10, 0, 10, 0, 6, 10, 10, 0, 10, 0, 10, 10, 0, 10, 10, 10, 10, 10, 0, 0, 10, 0, 10, 10, 0, 0, 10, 0, 0, 0, 0, 10, 10, 10, 0, 10, 0, 10, 0, 2, 10, 10, 10, 0, 10, 10, 10, 10, 10, 10, 0, 0, 0, 10, 10, 15, 0, 0, 10, : 10, 10, 20, 10, 10, 10, 10, 10, 10, 10, 10, 10, 10, 10, 1, 10, 10, 10, 10, 2, 3, 10, 10, 10, 10, 2, 10, 10, 10, 6, 10, 10, 10, 10, 10, 10, 10, 10, 10, 10, 10, 10, 10, 10, 10, 10, 10, 10, 10, 2, 10, 10, 10, 10, 10, 10, 10, 10, 10, 10, 10, 15, 10, 
77: 0, 10, 0, 10, 0, 10, 0, 10, 10, 10, 10, 0, 0, 10, 0, 0, 10, 10, 10, 2, 10, 0, 0, 10, 0, 10, 0, 10, 10, 0, 0, 8, 4, 0, 0, 0, 10, 10, 0, 10, 0, 10, 0, 0, 10, 10, 0, 10, 10, 10, 0, 0, 0, 10, 10, 10, 0, 10, 10, 10, 10, 0, 0, 10, 0, 0, 0, 10, 10, 10, 10, 10, 0, 10, 0, 0, 0, 0, 0, 0, 0, 4, 10, 10, 1, 0, 10, 0, 10, 0, 0, 10, 10, 0, 10, 0, 0, 0, 0, 10, 10, 10, 10, 10, 0, 0, 0, 10, 10, 10, 10, 0, 0, 6, 10, 0, 0, 10, 0, 10, : 10, 10, 10, 10, 10, 10, 10, 10, 10, 10, 10, 2, 10, 10, 10, 10, 10, 8, 4, 10, 10, 10, 10, 10, 10, 10, 10, 10, 10, 10, 10, 10, 10, 10, 10, 10, 10, 10, 10, 10, 10, 10, 4, 10, 10, 1, 10, 10, 10, 10, 10, 10, 10, 10, 10, 10, 10, 10, 10, 10, 6, 10, 10, 10, 
6: 10, 0, 10, 10, 10, 10, 10, 10, 3, 10, 10, 0, 10, 0, 0, 9, 10, 0, 0, 0, 0, 10, 0, 10, 10, 10, 0, 10, 10, 10, 0, 10, 0, 10, 0, 10, 1, 10, 0, 0, 0, 0, 0, 10, 10, 10, 10, 10, 10, 0, 0, 0, 0, 0, 10, 0, 0, 10, 10, 10, 0, 10, 0, 10, 0, 10, 10, 0, 0, 0, 10, 0, 10, 10, 0, 10, 10, 10, 10, 10, 0, 10, 10, 18, 10, 10, 10, 10, 0, 0, 0, 10, 10, 0, 10, 0, 10, 0, 0, 10, 0, 0, 10, 0, 0, 0, 10, 18, 0, 0, 0, 10, 0, 0, 0, 0, 0, 10, 0, 10, : 10, 10, 10, 10, 10, 10, 10, 3, 10, 10, 10, 9, 10, 10, 10, 10, 10, 10, 10, 10, 10, 10, 10, 1, 10, 10, 10, 10, 10, 10, 10, 10, 10, 10, 10, 10, 10, 10, 10, 10, 10, 10, 10, 10, 10, 10, 10, 10, 10, 18, 10, 10, 10, 10, 10, 10, 10, 10, 10, 10, 10, 18, 10, 10, 10, 
14: 0, 10, 0, 0, 0, 14, 10, 0, 0, 10, 0, 10, 0, 10, 0, 0, 10, 0, 0, 10, 0, 10, 0, 0, 0, 10, 3, 0, 10, 10, 10, 10, 10, 10, 10, 0, 10, 10, 10, 10, 10, 2, 10, 10, 10, 3, 10, 0, 10, 10, 10, 0, 0, 10, 0, 10, 0, 10, 0, 0, 10, 0, 10, 10, 0, 10, 0, 10, 0, 10, 10, 0, 0, 0, 10, 10, 10, 2, 10, 0, 0, 10, 0, 0, 0, 0, 0, 0, 10, 0, 10, 0, 10, 10, 10, 10, 10, 0, 0, 10, 10, 0, 0, 0, 0, 0, 0, 10, 10, 0, 10, 10, 0, 10, 10, 4, 10, 10, 10, 1, : 10, 14, 10, 10, 10, 10, 10, 10, 10, 10, 3, 10, 10, 10, 10, 10, 10, 10, 10, 10, 10, 10, 10, 2, 10, 10, 10, 3, 10, 10, 10, 10, 10, 10, 10, 10, 10, 10, 10, 10, 10, 10, 10, 10, 10, 2, 10, 10, 10, 10, 10, 10, 10, 10, 10, 10, 10, 10, 10, 10, 10, 10, 10, 4, 10, 10, 10, 1, 
53: 0, 10, 10, 1, 10, 10, 10, 0, 0, 10, 10, 10, 10, 10, 10, 0, 10, 0, 0, 10, 0, 10, 1, 10, 10, 10, 0, 10, 0, 10, 10, 0, 0, 0, 1, 10, 0, 10, 10, 10, 0, 0, 0, 0, 0, 0, 10, 1, 0, 0, 10, 10, 4, 0, 10, 10, 0, 10, 0, 10, 10, 0, 0, 0, 10, 10, 0, 0, 0, 3, 10, 0, 0, 0, 10, 10, 10, 0, 10, 0, 0, 10, 10, 0, 10, 0, 10, 10, 10, 0, 0, 0, 8, 10, 0, 2, 0, 0, 0, 10, 0, 10, 0, 10, 0, 10, 0, 10, 0, 10, 0, 0, 0, 10, 10, 10, 10, 10, 10, 0, : 10, 10, 1, 10, 10, 10, 10, 10, 10, 10, 10, 10, 10, 10, 10, 1, 10, 10, 10, 10, 10, 10, 1, 10, 10, 10, 10, 10, 1, 10, 10, 4, 10, 10, 10, 10, 10, 10, 10, 3, 10, 10, 10, 10, 10, 10, 10, 10, 10, 10, 10, 8, 10, 2, 10, 10, 10, 10, 10, 10, 10, 10, 10, 10, 10, 10, 
59: 0, 0, 10, 0, 0, 10, 10, 10, 10, 0, 10, 1, 10, 0, 10, 10, 10, 10, 10, 10, 10, 10, 10, 0, 10, 0, 10, 10, 10, 3, 0, 0, 0, 0, 10, 10, 10, 0, 0, 0, 0, 0, 0, 0, 10, 0, 10, 10, 0, 10, 10, 0, 10, 0, 0, 0, 0, 0, 10, 0, 10, 10, 10, 10, 10, 10, 10, 0, 10, 10, 10, 10, 10, 0, 10, 0, 10, 10, 0, 0, 0, 0, 0, 10, 10, 10, 10, 10, 10, 0, 0, 10, 0, 0, 10, 0, 0, 0, 10, 10, 0, 10, 10, 10, 10, 0, 0, 10, 0, 0, 0, 0, 0, 10, 0, 0, 0, 0, 0, 0, : 10, 10, 10, 10, 10, 10, 1, 10, 10, 10, 10, 10, 10, 10, 10, 10, 10, 10, 10, 10, 10, 3, 10, 10, 10, 10, 10, 10, 10, 10, 10, 10, 10, 10, 10, 10, 10, 10, 10, 10, 10, 10, 10, 10, 10, 10, 10, 10, 10, 10, 10, 10, 10, 10, 10, 10, 10, 10, 10, 10, 10, 10, 10, 
8: 10, 10, 10, 10, 10, 0, 0, 0, 0, 0, 0, 0, 10, 10, 1, 0, 2, 10, 10, 0, 10, 0, 0, 10, 0, 0, 0, 0, 0, 0, 0, 0, 0, 10, 0, 10, 0, 0, 10, 0, 10, 0, 10, 0, 0, 10, 0, 10, 0, 0, 0, 0, 0, 0, 0, 0, 0, 0, 0, 0, 10, 0, 0, 0, 0, 10, 0, 10, 0, 0, 10, 0, 0, 0, 10, 0, 1, 2, 0, 0, 0, 10, 10, 10, 12, 10, 0, 0, 10, 0, 10, 10, 10, 0, 0, 10, 0, 10, 10, 10, 10, 10, 0, 10, 0, 10, 10, 0, 10, 10, 0, 0, 0, 0, 10, 10, 10, 10, 0, 0, : 10, 10, 10, 10, 10, 10, 10, 1, 2, 10, 10, 10, 10, 10, 10, 10, 10, 10, 10, 10, 10, 10, 10, 10, 10, 1, 2, 10, 10, 10, 12, 10, 10, 10, 10, 10, 10, 10, 10, 10, 10, 10, 10, 10, 10, 10, 10, 10, 10, 10, 10, 
30: 10, 0, 0, 10, 10, 0, 10, 10, 0, 10, 10, 10, 0, 0, 10, 10, 10, 0, 0, 10, 0, 0, 10, 10, 0, 10, 10, 0, 10, 0, 3, 0, 10, 10, 0, 0, 10, 0, 0, 10, 10, 0, 0, 0, 0, 10, 0, 0, 10, 0, 0, 10, 10, 0, 0, 10, 0, 0, 10, 0, 10, 0, 0, 0, 0, 10, 0, 10, 0, 0, 10, 0, 3, 1, 10, 10, 0, 0, 0, 10, 0, 0, 0, 0, 10, 10, 10, 10, 10, 0, 10, 0, 3, 10, 10, 10, 10, 10, 0, 10, 0, 10, 0, 10, 0, 0, 0, 10, 0, 10, 10, 2, 0, 10, 10, 0, 10, 10, 10, 7, : 10, 10, 10, 10, 10, 10, 10, 10, 10, 10, 10, 10, 10, 10, 10, 10, 10, 3, 10, 10, 10, 10, 10, 10, 10, 10, 10, 10, 10, 10, 10, 10, 10, 3, 1, 10, 10, 10, 10, 10, 10, 10, 10, 10, 3, 10, 10, 10, 10, 10, 10, 10, 10, 10, 10, 10, 2, 10, 10, 10, 10, 10, 7, 
39: 10, 1, 10, 0, 10, 10, 0, 2, 10, 0, 10, 10, 10, 0, 10, 10, 0, 0, 0, 3, 0, 10, 10, 0, 10, 0, 10, 0, 0, 0, 10, 0, 0, 10, 10, 10, 0, 10, 10, 0, 0, 5, 10, 10, 0, 10, 10, 0, 0, 10, 10, 0, 0, 10, 10, 10, 0, 10, 0, 0, 10, 10, 0, 0, 0, 10, 0, 0, 10, 10, 0, 10, 10, 10, 0, 0, 0, 0, 1, 0, 0, 0, 0, 0, 10, 0, 10, 0, 0, 10, 2, 10, 10, 10, 0, 0, 10, 0, 10, 10, 10, 0, 0, 0, 10, 10, 10, 10, 10, 10, 13, 0, 10, 0, 10, 0, 0, 10, 10, 0, : 10, 1, 10, 10, 10, 2, 10, 10, 10, 10, 10, 10, 3, 10, 10, 10, 10, 10, 10, 10, 10, 10, 10, 5, 10, 10, 10, 10, 10, 10, 10, 10, 10, 10, 10, 10, 10, 10, 10, 10, 10, 10, 1, 10, 10, 10, 2, 10, 10, 10, 10, 10, 10, 10, 10, 10, 10, 10, 10, 10, 13, 10, 10, 10, 10, 
33: 0, 10, 0, 0, 10, 0, 0, 10, 0, 10, 0, 10, 10, 0, 0, 0, 10, 0, 10, 0, 0, 10, 10, 10, 0, 10, 10, 0, 0, 10, 0, 10, 0, 10, 7, 10, 0, 10, 0, 1, 0, 10, 10, 0, 1, 0, 0, 10, 10, 10, 0, 10, 0, 0, 0, 10, 0, 10, 10, 10, 0, 10, 10, 10, 10, 0, 10, 10, 0, 0, 0, 10, 10, 10, 0, 0, 0, 10, 10, 0, 1, 0, 1, 0, 10, 10, 0, 0, 0, 10, 0, 10, 10, 10, 0, 10, 0, 10, 0, 0, 0, 0, 0, 0, 0, 0, 10, 1, 10, 10, 10, 10, 10, 10, 0, 0, 10, 10, 0, 10, : 10, 10, 10, 10, 10, 10, 10, 10, 10, 10, 10, 10, 10, 10, 10, 10, 7, 10, 10, 1, 10, 10, 1, 10, 10, 10, 10, 10, 10, 10, 10, 10, 10, 10, 10, 10, 10, 10, 10, 10, 10, 10, 1, 1, 10, 10, 10, 10, 10, 10, 10, 10, 10, 1, 10, 10, 10, 10, 10, 10, 10, 10, 10, 
49: 0, 0, 14, 10, 2, 10, 0, 10, 10, 10, 10, 10, 0, 0, 10, 0, 0, 10, 10, 10, 10, 10, 10, 10, 10, 0, 10, 0, 10, 0, 10, 10, 10, 0, 0, 10, 0, 0, 0, 0, 0, 10, 10, 10, 0, 0, 4, 0, 0, 0, 10, 10, 10, 10, 2, 10, 0, 10, 0, 10, 10, 0, 10, 0, 10, 0, 10, 0, 10, 10, 0, 10, 10, 0, 0, 0, 0, 10, 0, 0, 0, 10, 10, 10, 0, 10, 0, 0, 0, 10, 10, 0, 10, 0, 0, 10, 0, 0, 0, 10, 0, 10, 10, 10, 0, 0, 2, 0, 0, 0, 0, 10, 10, 10, 0, 10, 10, 0, 10, 10, : 14, 10, 2, 10, 10, 10, 10, 10, 10, 10, 10, 10, 10, 10, 10, 10, 10, 10, 10, 10, 10, 10, 10, 10, 10, 10, 10, 4, 10, 10, 10, 10, 2, 10, 10, 10, 10, 10, 10, 10, 10, 10, 10, 10, 10, 10, 10, 10, 10, 10, 10, 10, 10, 10, 10, 10, 10, 2, 10, 10, 10, 10, 10, 10, 10, 
11: 0, 10, 0, 0, 10, 10, 10, 0, 10, 10, 10, 0, 10, 3, 10, 10, 10, 10, 0, 10, 10, 0, 10, 0, 10, 10, 0, 0, 0, 0, 0, 0, 4, 0, 10, 0, 0, 0, 10, 10, 10, 10, 0, 10, 0, 10, 10, 0, 0, 0, 0, 10, 0, 0, 10, 10, 10, 0, 0, 10, 0, 10, 10, 0, 0, 0, 0, 0, 0, 10, 10, 10, 10, 10, 0, 0, 0, 0, 10, 0, 10, 10, 10, 0, 10, 10, 0, 10, 0, 0, 0, 10, 10, 0, 10, 10, 0, 0, 0, 0, 0, 0, 0, 1, 10, 0, 0, 0, 10, 10, 0, 0, 0, 1, 0, 10, 10, 0, 10, 0, : 10, 10, 10, 10, 10, 10, 10, 10, 3, 10, 10, 10, 10, 10, 10, 10, 10, 10, 4, 10, 10, 10, 10, 10, 10, 10, 10, 10, 10, 10, 10, 10, 10, 10, 10, 10, 10, 10, 10, 10, 10, 10, 10, 10, 10, 10, 10, 10, 10, 10, 1, 10, 10, 10, 1, 10, 10, 10, 
76: 10, 0, 0, 0, 0, 10, 10, 10, 10, 1, 0, 0, 0, 0, 0, 0, 0, 10, 10, 0, 10, 0, 10, 0, 10, 0, 10, 10, 0, 0, 10, 0, 0, 0, 0, 10, 0, 10, 10, 10, 0, 10, 0, 0, 10, 0, 0, 0, 10, 10, 10, 0, 10, 0, 10, 10, 10, 10, 10, 10, 0, 10, 0, 10, 10, 0, 0, 10, 0, 10, 0, 10, 0, 0, 0, 0, 10, 0, 0, 0, 0, 10, 10, 10, 1, 10, 10, 10, 10, 10, 0, 0, 0, 0, 0, 8, 3, 10, 10, 0, 0, 10, 0, 0, 0, 10, 0, 10, 10, 10, 10, 10, 10, 0, 10, 0, 0, 0, 10, 0, : 10, 10, 10, 10, 10, 1, 10, 10, 10, 10, 10, 10, 10, 10, 10, 10, 10, 10, 10, 10, 10, 10, 10, 10, 10, 10, 10, 10, 10, 10, 10, 10, 10, 10, 10, 10, 10, 10, 10, 10, 1, 10, 10, 10, 10, 10, 8, 3, 10, 10, 10, 10, 10, 10, 10, 10, 10, 10, 10, 10, 
80: 10, 0, 10, 10, 10, 10, 0, 0, 10, 10, 0, 0, 0, 0, 0, 0, 1, 10, 0, 0, 0, 0, 10, 10, 10, 0, 0, 10, 0, 0, 0, 0, 10, 10, 0, 0, 0, 0, 10, 0, 0, 10, 0, 0, 0, 0, 0, 10, 10, 0, 10, 0, 10, 10, 10, 10, 10, 0, 10, 10, 0, 0, 10, 0, 0, 1, 10, 0, 10, 0, 0, 0, 1, 10, 10, 0, 0, 0, 0, 0, 0, 10, 0, 10, 10, 0, 10, 10, 0, 0, 0, 10, 0, 10, 10, 0, 10, 0, 10, 0, 10, 10, 10, 10, 0, 10, 0, 0, 0, 10, 0, 10, 10, 0, 10, 0, 10, 0, 10, 10, : 10, 10, 10, 10, 10, 10, 10, 1, 10, 10, 10, 10, 10, 10, 10, 10, 10, 10, 10, 10, 10, 10, 10, 10, 10, 10, 10, 10, 1, 10, 10, 1, 10, 10, 10, 10, 10, 10, 10, 10, 10, 10, 10, 10, 10, 10, 10, 10, 10, 10, 10, 10, 10, 10, 10, 10, 
25: 0, 10, 10, 10, 10, 0, 10, 0, 10, 0, 0, 0, 0, 0, 0, 0, 0, 10, 10, 0, 0, 0, 0, 10, 2, 2, 0, 10, 0, 10, 0, 7, 10, 0, 0, 0, 10, 0, 10, 0, 10, 10, 0, 10, 0, 10, 0, 12, 10, 0, 0, 10, 10, 10, 10, 0, 10, 0, 0, 10, 10, 0, 10, 0, 0, 10, 10, 2, 0, 10, 2, 0, 10, 10, 10, 0, 0, 10, 10, 10, 10, 0, 10, 0, 0, 0, 0, 0, 0, 10, 0, 10, 10, 0, 0, 10, 10, 10, 10, 0, 0, 0, 10, 10, 0, 10, 10, 0, 5, 10, 10, 10, 10, 0, 10, 1, 0, 0, 0, 10, : 10, 10, 10, 10, 10, 10, 10, 10, 10, 2, 2, 10, 10, 7, 10, 10, 10, 10, 10, 10, 10, 12, 10, 10, 10, 10, 10, 10, 10, 10, 10, 10, 10, 2, 10, 2, 10, 10, 10, 10, 10, 10, 10, 10, 10, 10, 10, 10, 10, 10, 10, 10, 10, 10, 10, 5, 10, 10, 10, 10, 10, 1, 10, 
67: 0, 10, 0, 10, 10, 10, 10, 10, 10, 0, 0, 10, 0, 10, 0, 15, 10, 0, 0, 10, 0, 0, 0, 0, 0, 0, 10, 0, 0, 10, 1, 10, 0, 0, 0, 10, 10, 3, 0, 10, 1, 0, 0, 10, 0, 10, 0, 0, 10, 10, 0, 0, 0, 10, 0, 10, 10, 0, 10, 0, 10, 10, 0, 0, 0, 0, 10, 0, 0, 0, 10, 1, 0, 10, 1, 10, 0, 10, 0, 10, 10, 0, 0, 10, 0, 10, 10, 10, 10, 0, 10, 10, 1, 10, 0, 10, 10, 0, 0, 0, 6, 0, 0, 10, 0, 0, 3, 10, 0, 10, 10, 10, 10, 10, 1, 10, 0, 0, 0, 0, : 10, 10, 10, 10, 10, 10, 10, 10, 10, 15, 10, 10, 10, 10, 1, 10, 10, 10, 3, 10, 1, 10, 10, 10, 10, 10, 10, 10, 10, 10, 10, 10, 10, 1, 10, 1, 10, 10, 10, 10, 10, 10, 10, 10, 10, 10, 10, 1, 10, 10, 10, 6, 10, 3, 10, 10, 10, 10, 10, 10, 1, 10, 
40: 10, 0, 0, 10, 0, 10, 10, 0, 10, 10, 0, 0, 10, 0, 10, 0, 0, 0, 10, 10, 10, 0, 10, 0, 0, 10, 0, 10, 10, 10, 10, 10, 0, 0, 0, 0, 10, 0, 10, 10, 0, 10, 10, 10, 10, 10, 0, 10, 10, 10, 15, 18, 10, 0, 10, 10, 10, 10, 0, 10, 10, 10, 0, 10, 10, 10, 10, 0, 0, 10, 10, 10, 10, 10, 10, 0, 0, 10, 0, 4, 0, 0, 10, 0, 0, 10, 10, 10, 10, 14, 10, 10, 10, 0, 0, 0, 10, 10, 10, 0, 0, 10, 10, 0, 10, 10, 10, 0, 0, 10, 0, 0, 10, 0, 0, 10, 0, 0, 10, 10, : 10, 10, 10, 10, 10, 10, 10, 10, 10, 10, 10, 10, 10, 10, 10, 10, 10, 10, 10, 10, 10, 10, 10, 10, 10, 10, 10, 10, 10, 15, 18, 10, 10, 10, 10, 10, 10, 10, 10, 10, 10, 10, 10, 10, 10, 10, 10, 10, 10, 10, 4, 10, 10, 10, 10, 10, 14, 10, 10, 10, 10, 10, 10, 10, 10, 10, 10, 10, 10, 10, 10, 10, 10, 
3: 0, 0, 8, 10, 10, 10, 10, 0, 10, 0, 0, 10, 2, 0, 10, 10, 0, 0, 10, 0, 0, 10, 10, 10, 0, 0, 3, 0, 10, 0, 0, 0, 1, 10, 0, 10, 10, 0, 0, 10, 0, 0, 0, 0, 0, 10, 10, 10, 0, 10, 0, 10, 10, 10, 10, 0, 0, 10, 10, 10, 10, 1, 0, 0, 0, 0, 1, 0, 10, 10, 10, 10, 0, 0, 10, 0, 0, 1, 0, 10, 10, 10, 0, 10, 0, 0, 10, 0, 10, 10, 10, 10, 0, 10, 10, 10, 0, 10, 0, 10, 10, 10, 19, 0, 10, 0, 10, 0, 0, 0, 10, 10, 10, 10, 10, 10, 0, 10, 0, 10, : 8, 10, 10, 10, 10, 10, 10, 2, 10, 10, 10, 10, 10, 10, 3, 10, 1, 10, 10, 10, 10, 10, 10, 10, 10, 10, 10, 10, 10, 10, 10, 10, 10, 1, 1, 10, 10, 10, 10, 10, 1, 10, 10, 10, 10, 10, 10, 10, 10, 10, 10, 10, 10, 10, 10, 10, 10, 19, 10, 10, 10, 10, 10, 10, 10, 10, 10, 10, 
50: 10, 0, 0, 10, 10, 0, 10, 0, 10, 0, 10, 10, 0, 0, 0, 0, 0, 0, 0, 10, 10, 0, 10, 0, 0, 2, 0, 0, 10, 10, 0, 10, 0, 2, 0, 10, 0, 0, 0, 10, 10, 0, 0, 10, 10, 10, 10, 10, 10, 10, 0, 0, 0, 10, 10, 10, 10, 10, 0, 0, 0, 0, 0, 10, 0, 0, 0, 0, 10, 0, 10, 0, 0, 0, 10, 10, 3, 10, 0, 10, 10, 10, 10, 0, 10, 4, 0, 10, 0, 10, 0, 10, 0, 0, 0, 10, 0, 10, 0, 0, 10, 10, 0, 17, 0, 0, 0, 1, 0, 0, 10, 0, 10, 0, 10, 10, 0, 10, 10, 10, : 10, 10, 10, 10, 10, 10, 10, 10, 10, 10, 2, 10, 10, 10, 2, 10, 10, 10, 10, 10, 10, 10, 10, 10, 10, 10, 10, 10, 10, 10, 10, 10, 10, 10, 10, 3, 10, 10, 10, 10, 10, 10, 4, 10, 10, 10, 10, 10, 10, 10, 17, 1, 10, 10, 10, 10, 10, 10, 10, 
17: 0, 10, 0, 0, 10, 10, 0, 10, 10, 0, 0, 10, 10, 10, 10, 0, 10, 0, 0, 0, 0, 0, 0, 0, 0, 10, 10, 4, 0, 0, 0, 0, 10, 0, 10, 0, 10, 10, 10, 10, 10, 10, 10, 0, 0, 0, 10, 10, 0, 10, 0, 0, 10, 7, 10, 0, 0, 0, 10, 10, 0, 11, 10, 10, 0, 0, 10, 0, 0, 10, 0, 10, 10, 10, 0, 0, 0, 0, 10, 10, 0, 10, 0, 10, 0, 10, 0, 0, 10, 0, 0, 10, 10, 10, 0, 0, 2, 10, 9, 10, 10, 0, 10, 10, 10, 0, 10, 10, 10, 10, 10, 10, 10, 10, 10, 10, 10, 0, 0, 0, : 10, 10, 10, 10, 10, 10, 10, 10, 10, 10, 10, 10, 4, 10, 10, 10, 10, 10, 10, 10, 10, 10, 10, 10, 10, 10, 7, 10, 10, 10, 11, 10, 10, 10, 10, 10, 10, 10, 10, 10, 10, 10, 10, 10, 10, 10, 10, 2, 10, 9, 10, 10, 10, 10, 10, 10, 10, 10, 10, 10, 10, 10, 10, 10, 10, 10, 
78: 0, 0, 0, 3, 10, 0, 10, 10, 0, 1, 0, 0, 10, 10, 0, 10, 0, 10, 0, 10, 2, 10, 10, 10, 10, 1, 0, 10, 10, 10, 0, 10, 0, 0, 0, 0, 0, 10, 0, 0, 10, 0, 10, 10, 0, 0, 10, 1, 0, 0, 0, 10, 0, 10, 10, 10, 10, 0, 10, 0, 17, 0, 10, 10, 10, 0, 10, 5, 10, 0, 0, 0, 0, 10, 0, 0, 0, 0, 0, 10, 0, 10, 10, 0, 0, 0, 10, 10, 0, 0, 10, 0, 10, 10, 10, 10, 0, 10, 10, 10, 0, 0, 10, 10, 10, 0, 10, 10, 0, 10, 10, 0, 10, 10, 0, 10, 0, 0, 0, 0, : 3, 10, 10, 10, 1, 10, 10, 10, 10, 10, 2, 10, 10, 10, 10, 1, 10, 10, 10, 10, 10, 10, 10, 10, 10, 1, 10, 10, 10, 10, 10, 10, 17, 10, 10, 10, 10, 5, 10, 10, 10, 10, 10, 10, 10, 10, 10, 10, 10, 10, 10, 10, 10, 10, 10, 10, 10, 10, 10, 10, 10, 10, 10, 
5: 10, 10, 10, 10, 0, 0, 0, 0, 10, 0, 10, 10, 10, 0, 0, 0, 0, 10, 10, 0, 0, 10, 10, 0, 0, 10, 10, 0, 0, 10, 0, 0, 0, 0, 3, 10, 10, 0, 10, 0, 0, 10, 0, 0, 0, 0, 0, 0, 10, 0, 4, 0, 0, 10, 10, 0, 0, 0, 0, 10, 10, 0, 10, 10, 10, 0, 10, 10, 0, 10, 0, 10, 10, 10, 10, 0, 10, 0, 10, 0, 0, 10, 10, 10, 0, 10, 0, 0, 10, 10, 10, 0, 0, 10, 0, 10, 0, 10, 10, 0, 0, 0, 10, 0, 5, 0, 10, 0, 0, 0, 10, 0, 0, 10, 0, 10, 10, 0, 0, 10, : 10, 10, 10, 10, 10, 10, 10, 10, 10, 10, 10, 10, 10, 10, 10, 3, 10, 10, 10, 10, 10, 4, 10, 10, 10, 10, 10, 10, 10, 10, 10, 10, 10, 10, 10, 10, 10, 10, 10, 10, 10, 10, 10, 10, 10, 10, 10, 10, 10, 10, 5, 10, 10, 10, 10, 10, 10, 
7: 10, 10, 0, 0, 10, 0, 0, 10, 0, 0, 10, 0, 0, 3, 10, 0, 0, 0, 10, 10, 0, 0, 0, 0, 0, 0, 0, 10, 10, 10, 10, 10, 0, 0, 10, 10, 0, 10, 0, 0, 0, 10, 0, 10, 0, 0, 10, 10, 0, 10, 2, 3, 0, 0, 0, 10, 10, 0, 10, 10, 0, 10, 0, 0, 0, 0, 10, 10, 10, 10, 10, 0, 0, 0, 0, 10, 10, 10, 10, 10, 10, 10, 0, 10, 10, 0, 0, 0, 0, 10, 0, 10, 0, 0, 0, 0, 10, 0, 0, 0, 10, 10, 0, 10, 0, 3, 0, 0, 0, 10, 0, 10, 10, 0, 5, 0, 0, 0, 2, 0, : 10, 10, 10, 10, 10, 3, 10, 10, 10, 10, 10, 10, 10, 10, 10, 10, 10, 10, 10, 10, 10, 10, 2, 3, 10, 10, 10, 10, 10, 10, 10, 10, 10, 10, 10, 10, 10, 10, 10, 10, 10, 10, 10, 10, 10, 10, 10, 10, 10, 3, 10, 10, 10, 5, 2, 
55: 10, 0, 10, 0, 0, 0, 0, 10, 0, 0, 0, 0, 0, 0, 10, 10, 10, 0, 0, 0, 10, 10, 10, 10, 10, 10, 1, 0, 0, 10, 10, 10, 8, 10, 10, 0, 10, 0, 10, 0, 3, 0, 0, 10, 0, 0, 0, 0, 0, 10, 10, 0, 0, 10, 0, 0, 0, 0, 10, 0, 0, 0, 10, 0, 10, 10, 1, 10, 10, 0, 10, 10, 0, 0, 10, 10, 0, 10, 10, 10, 10, 0, 10, 0, 0, 10, 7, 10, 10, 10, 10, 0, 10, 0, 10, 0, 0, 10, 10, 10, 10, 0, 0, 10, 10, 10, 0, 10, 0, 10, 10, 10, 0, 10, 0, 0, 13, 10, 0, 0, : 10, 10, 10, 10, 10, 10, 10, 10, 10, 10, 10, 10, 1, 10, 10, 10, 8, 10, 10, 10, 10, 3, 10, 10, 10, 10, 10, 10, 10, 10, 1, 10, 10, 10, 10, 10, 10, 10, 10, 10, 10, 10, 10, 7, 10, 10, 10, 10, 10, 10, 10, 10, 10, 10, 10, 10, 10, 10, 10, 10, 10, 10, 13, 10, 
42: 10, 10, 0, 0, 10, 10, 10, 0, 10, 0, 10, 0, 10, 0, 10, 10, 10, 0, 10, 10, 0, 10, 10, 10, 10, 0, 0, 10, 10, 1, 0, 0, 10, 10, 0, 10, 0, 10, 0, 10, 10, 10, 10, 10, 10, 0, 0, 10, 10, 0, 10, 10, 0, 0, 3, 10, 10, 0, 10, 10, 10, 1, 10, 0, 10, 10, 1, 0, 10, 0, 0, 10, 10, 0, 10, 10, 10, 10, 10, 0, 19, 0, 0, 0, 0, 0, 0, 0, 0, 9, 0, 10, 0, 10, 0, 10, 0, 0, 10, 0, 10, 0, 10, 0, 0, 10, 0, 10, 10, 10, 10, 10, 0, 0, 10, 10, 0, 10, 0, 10, : 10, 10, 10, 10, 10, 10, 10, 10, 10, 10, 10, 10, 10, 10, 10, 10, 10, 10, 10, 1, 10, 10, 10, 10, 10, 10, 10, 10, 10, 10, 10, 10, 10, 10, 3, 10, 10, 10, 10, 10, 1, 10, 10, 10, 1, 10, 10, 10, 10, 10, 10, 10, 10, 19, 9, 10, 10, 10, 10, 10, 10, 10, 10, 10, 10, 10, 10, 10, 10, 10, 10, 


