
80
200
205
5

67: 0, 0, 0, 0, 0, 0, 0, 0, 10, 10, 0, 0, 10, 10, 0, 10, 10, 4, 10, 10, 10, 10, 10, 0, 2, 10, 0, 10, 10, 0, 10, 16, 10, 10, 10, 0, 0, 8, 10, 0, 10, 0, 10, 10, 10, 10, 0, 10, 0, 10, 0, 10, 0, 0, 10, 10, 0, 10, 0, 10, 10, 0, 10, 10, 10, 10, 2, 0, 10, 0, 0, 4, 10, 0, 10, 0, 0, 0, 20, 10, : 10, 10, 10, 10, 10, 10, 4, 10, 10, 10, 10, 10, 2, 10, 10, 10, 10, 16, 10, 10, 10, 8, 10, 10, 10, 10, 10, 10, 10, 10, 10, 10, 10, 10, 10, 10, 10, 10, 10, 10, 2, 10, 4, 10, 10, 20, 10, 
109: 1, 0, 0, 0, 0, 0, 10, 0, 10, 10, 10, 0, 4, 0, 10, 0, 10, 0, 10, 0, 0, 0, 0, 10, 0, 10, 1, 0, 0, 0, 0, 10, 10, 10, 0, 10, 10, 0, 0, 10, 0, 10, 10, 10, 0, 4, 0, 10, 0, 10, 0, 0, 10, 0, 10, 10, 10, 0, 0, 0, 10, 0, 10, 10, 1, 0, 15, 10, 10, 1, 10, 0, 3, 0, 10, 10, 1, 1, 0, 10, : 1, 10, 10, 10, 10, 4, 10, 10, 10, 10, 10, 1, 10, 10, 10, 10, 10, 10, 10, 10, 10, 4, 10, 10, 10, 10, 10, 10, 10, 10, 10, 1, 15, 10, 10, 1, 10, 3, 10, 10, 1, 1, 10, 
69: 0, 0, 10, 10, 12, 3, 4, 0, 0, 10, 10, 0, 0, 10, 10, 4, 10, 10, 10, 0, 0, 10, 10, 10, 0, 10, 10, 10, 0, 10, 10, 10, 10, 0, 0, 10, 1, 10, 0, 10, 10, 10, 10, 10, 0, 10, 0, 0, 0, 10, 0, 10, 5, 10, 10, 0, 0, 0, 0, 10, 10, 10, 10, 10, 10, 0, 10, 0, 0, 0, 0, 0, 10, 10, 10, 0, 0, 10, 0, 10, : 10, 10, 12, 3, 4, 10, 10, 10, 10, 4, 10, 10, 10, 10, 10, 10, 10, 10, 10, 10, 10, 10, 10, 10, 1, 10, 10, 10, 10, 10, 10, 10, 10, 10, 5, 10, 10, 10, 10, 10, 10, 10, 10, 10, 10, 10, 10, 10, 10, 
182: 0, 10, 10, 0, 10, 10, 10, 10, 2, 0, 0, 10, 10, 10, 0, 0, 10, 10, 0, 1, 10, 10, 10, 0, 10, 0, 10, 0, 0, 1, 0, 10, 10, 10, 0, 0, 0, 10, 10, 0, 10, 10, 2, 0, 10, 2, 0, 10, 0, 0, 10, 10, 0, 10, 0, 10, 0, 0, 10, 0, 0, 0, 0, 10, 0, 0, 10, 0, 10, 0, 10, 10, 10, 0, 0, 10, 10, 0, 0, 10, : 10, 10, 10, 10, 10, 10, 2, 10, 10, 10, 10, 10, 1, 10, 10, 10, 10, 10, 1, 10, 10, 10, 10, 10, 10, 10, 2, 10, 2, 10, 10, 10, 10, 10, 10, 10, 10, 10, 10, 10, 10, 10, 10, 10, 
126: 0, 10, 0, 10, 10, 10, 10, 10, 10, 10, 0, 10, 0, 0, 0, 0, 10, 10, 0, 10, 4, 0, 0, 0, 0, 10, 0, 0, 0, 10, 0, 10, 0, 0, 0, 0, 0, 10, 0, 7, 0, 0, 10, 0, 10, 0, 0, 10, 0, 10, 10, 10, 0, 10, 0, 10, 0, 0, 10, 0, 0, 10, 10, 0, 10, 10, 10, 0, 0, 10, 2, 1, 10, 0, 0, 0, 10, 10, 10, 10, : 10, 10, 10, 10, 10, 10, 10, 10, 10, 10, 10, 10, 4, 10, 10, 10, 10, 7, 10, 10, 10, 10, 10, 10, 10, 10, 10, 10, 10, 10, 10, 10, 10, 2, 1, 10, 10, 10, 10, 10, 
177: 10, 0, 1, 10, 1, 10, 0, 10, 10, 10, 0, 12, 0, 10, 10, 10, 10, 0, 0, 0, 0, 0, 10, 2, 10, 0, 10, 0, 10, 10, 10, 10, 10, 0, 0, 10, 0, 10, 10, 10, 0, 0, 0, 10, 0, 10, 10, 10, 0, 0, 10, 0, 10, 10, 10, 0, 10, 0, 10, 10, 0, 10, 10, 10, 10, 0, 10, 10, 0, 10, 0, 0, 10, 0, 0, 10, 10, 0, 10, 0, : 10, 1, 10, 1, 10, 10, 10, 10, 12, 10, 10, 10, 10, 10, 2, 10, 10, 10, 10, 10, 10, 10, 10, 10, 10, 10, 10, 10, 10, 10, 10, 10, 10, 10, 10, 10, 10, 10, 10, 10, 10, 10, 10, 10, 10, 10, 10, 10, 
195: 10, 10, 0, 10, 0, 10, 10, 0, 0, 0, 4, 0, 0, 10, 0, 0, 10, 0, 0, 0, 10, 10, 10, 0, 10, 0, 10, 0, 0, 10, 0, 0, 10, 0, 0, 0, 10, 0, 3, 0, 0, 0, 0, 10, 10, 1, 10, 0, 0, 0, 10, 10, 0, 0, 10, 10, 2, 1, 10, 0, 10, 10, 0, 10, 10, 0, 10, 10, 1, 10, 10, 10, 0, 0, 10, 0, 0, 0, 0, 10, : 10, 10, 10, 10, 10, 4, 10, 10, 10, 10, 10, 10, 10, 10, 10, 10, 3, 10, 10, 1, 10, 10, 10, 10, 10, 2, 1, 10, 10, 10, 10, 10, 10, 10, 1, 10, 10, 10, 10, 10, 
153: 0, 10, 0, 10, 0, 0, 10, 0, 0, 10, 0, 10, 10, 0, 0, 10, 0, 0, 0, 0, 0, 10, 0, 10, 10, 10, 0, 2, 0, 0, 10, 1, 10, 10, 0, 0, 3, 0, 10, 0, 10, 10, 10, 0, 10, 10, 10, 10, 0, 0, 10, 10, 0, 10, 10, 0, 0, 10, 1, 10, 10, 0, 10, 0, 5, 10, 10, 2, 0, 0, 10, 10, 0, 10, 0, 10, 10, 10, 10, 0, : 10, 10, 10, 10, 10, 10, 10, 10, 10, 10, 10, 2, 10, 1, 10, 10, 3, 10, 10, 10, 10, 10, 10, 10, 10, 10, 10, 10, 10, 10, 1, 10, 10, 10, 5, 10, 10, 2, 10, 10, 10, 10, 10, 10, 10, 
157: 10, 10, 0, 10, 10, 0, 10, 0, 0, 0, 10, 10, 10, 0, 0, 10, 0, 0, 10, 0, 0, 0, 0, 10, 10, 0, 0, 10, 10, 10, 0, 0, 0, 10, 0, 10, 0, 0, 0, 10, 10, 0, 0, 0, 0, 0, 10, 2, 10, 0, 10, 0, 10, 10, 10, 0, 0, 0, 10, 3, 0, 10, 10, 0, 0, 0, 0, 0, 0, 10, 10, 10, 0, 0, 0, 0, 0, 0, 10, 0, : 10, 10, 10, 10, 10, 10, 10, 10, 10, 10, 10, 10, 10, 10, 10, 10, 10, 10, 10, 10, 2, 10, 10, 10, 10, 10, 10, 3, 10, 10, 10, 10, 10, 10, 
14: 10, 10, 10, 10, 0, 0, 0, 5, 0, 10, 10, 10, 0, 0, 10, 10, 0, 10, 10, 0, 10, 10, 10, 10, 0, 0, 10, 0, 10, 10, 0, 0, 10, 10, 10, 0, 10, 10, 10, 0, 0, 1, 0, 10, 0, 10, 3, 0, 10, 10, 10, 0, 0, 10, 10, 10, 10, 10, 10, 10, 0, 10, 0, 0, 0, 0, 0, 0, 0, 0, 10, 10, 10, 0, 10, 0, 0, 10, 0, 0, : 10, 10, 10, 10, 5, 10, 10, 10, 10, 10, 10, 10, 10, 10, 10, 10, 10, 10, 10, 10, 10, 10, 10, 10, 10, 1, 10, 10, 3, 10, 10, 10, 10, 10, 10, 10, 10, 10, 10, 10, 10, 10, 10, 10, 10, 
65: 1, 0, 10, 0, 0, 0, 0, 10, 10, 2, 0, 10, 0, 10, 0, 0, 0, 10, 14, 10, 10, 10, 0, 0, 10, 0, 0, 10, 10, 10, 10, 0, 0, 10, 0, 10, 10, 0, 0, 17, 10, 0, 10, 10, 0, 10, 10, 10, 10, 10, 0, 10, 10, 10, 0, 0, 0, 12, 0, 0, 10, 10, 0, 0, 0, 10, 10, 3, 10, 0, 0, 0, 1, 0, 3, 10, 0, 10, 0, 10, : 1, 10, 10, 10, 2, 10, 10, 10, 14, 10, 10, 10, 10, 10, 10, 10, 10, 10, 10, 10, 17, 10, 10, 10, 10, 10, 10, 10, 10, 10, 10, 10, 12, 10, 10, 10, 10, 3, 10, 1, 3, 10, 10, 10, 
97: 0, 10, 10, 0, 0, 10, 0, 10, 0, 10, 10, 10, 10, 10, 10, 0, 10, 1, 0, 10, 0, 0, 10, 10, 0, 0, 10, 0, 10, 10, 10, 10, 10, 0, 0, 10, 10, 10, 0, 0, 0, 0, 10, 0, 0, 10, 10, 10, 0, 0, 10, 10, 10, 0, 0, 0, 10, 10, 10, 10, 0, 10, 0, 0, 0, 10, 0, 0, 0, 10, 0, 0, 0, 0, 10, 10, 10, 10, 10, 0, : 10, 10, 10, 10, 10, 10, 10, 10, 10, 10, 10, 1, 10, 10, 10, 10, 10, 10, 10, 10, 10, 10, 10, 10, 10, 10, 10, 10, 10, 10, 10, 10, 10, 10, 10, 10, 10, 10, 10, 10, 10, 10, 10, 
135: 0, 10, 0, 10, 10, 10, 0, 10, 0, 10, 10, 0, 10, 4, 10, 10, 0, 0, 10, 0, 10, 10, 0, 0, 10, 0, 0, 16, 0, 0, 10, 4, 10, 10, 0, 2, 0, 10, 0, 10, 10, 0, 0, 10, 0, 0, 0, 0, 1, 1, 10, 0, 10, 0, 2, 0, 10, 10, 10, 10, 0, 10, 2, 10, 0, 0, 0, 10, 10, 0, 0, 10, 0, 10, 0, 10, 0, 10, 0, 10, : 10, 10, 10, 10, 10, 10, 10, 10, 4, 10, 10, 10, 10, 10, 10, 16, 10, 4, 10, 10, 2, 10, 10, 10, 10, 1, 1, 10, 10, 2, 10, 10, 10, 10, 10, 2, 10, 10, 10, 10, 10, 10, 10, 10, 
158: 10, 0, 10, 0, 10, 10, 10, 10, 0, 10, 0, 10, 10, 10, 0, 0, 10, 0, 0, 10, 10, 10, 0, 10, 10, 3, 10, 10, 10, 10, 10, 10, 10, 0, 11, 0, 10, 0, 10, 0, 0, 10, 0, 0, 10, 10, 10, 0, 0, 1, 10, 10, 0, 0, 10, 10, 10, 0, 0, 10, 5, 0, 0, 0, 10, 10, 0, 0, 10, 10, 10, 10, 10, 10, 10, 0, 0, 0, 0, 0, : 10, 10, 10, 10, 10, 10, 10, 10, 10, 10, 10, 10, 10, 10, 10, 10, 3, 10, 10, 10, 10, 10, 10, 10, 11, 10, 10, 10, 10, 10, 10, 1, 10, 10, 10, 10, 10, 10, 5, 10, 10, 10, 10, 10, 10, 10, 10, 10, 
76: 10, 0, 0, 0, 10, 10, 0, 0, 10, 0, 10, 0, 10, 0, 10, 0, 10, 0, 0, 0, 10, 10, 0, 0, 10, 10, 10, 0, 0, 10, 10, 0, 10, 0, 10, 10, 10, 0, 1, 10, 10, 1, 10, 10, 10, 0, 10, 10, 10, 0, 3, 0, 10, 0, 0, 0, 0, 10, 10, 0, 0, 10, 0, 10, 0, 10, 0, 10, 0, 0, 0, 10, 1, 0, 0, 10, 0, 0, 10, 10, : 10, 10, 10, 10, 10, 10, 10, 10, 10, 10, 10, 10, 10, 10, 10, 10, 10, 10, 10, 1, 10, 10, 1, 10, 10, 10, 10, 10, 10, 3, 10, 10, 10, 10, 10, 10, 10, 10, 1, 10, 10, 10, 
199: 0, 10, 10, 10, 10, 0, 0, 10, 10, 0, 10, 0, 1, 0, 0, 0, 10, 0, 0, 10, 1, 10, 0, 10, 3, 10, 0, 0, 10, 10, 0, 10, 0, 10, 4, 10, 0, 1, 8, 10, 10, 0, 0, 0, 0, 0, 0, 10, 10, 10, 0, 0, 10, 10, 6, 1, 10, 0, 10, 10, 0, 10, 10, 0, 2, 10, 0, 10, 10, 0, 0, 0, 0, 10, 0, 3, 10, 0, 10, 10, : 10, 10, 10, 10, 10, 10, 10, 1, 10, 10, 1, 10, 10, 3, 10, 10, 10, 10, 10, 4, 10, 1, 8, 10, 10, 10, 10, 10, 10, 10, 6, 1, 10, 10, 10, 10, 10, 2, 10, 10, 10, 10, 3, 10, 10, 10, 
175: 1, 9, 0, 0, 10, 10, 10, 10, 0, 10, 10, 0, 10, 10, 10, 10, 10, 10, 10, 0, 10, 4, 10, 0, 10, 0, 10, 0, 0, 10, 0, 10, 10, 0, 0, 0, 10, 10, 2, 10, 0, 0, 10, 0, 0, 10, 0, 0, 10, 10, 0, 10, 0, 10, 10, 0, 10, 10, 0, 0, 10, 10, 10, 0, 10, 0, 0, 0, 10, 10, 0, 10, 0, 10, 0, 0, 0, 10, 10, 0, : 1, 9, 10, 10, 10, 10, 10, 10, 10, 10, 10, 10, 10, 10, 10, 10, 4, 10, 10, 10, 10, 10, 10, 10, 10, 2, 10, 10, 10, 10, 10, 10, 10, 10, 10, 10, 10, 10, 10, 10, 10, 10, 10, 10, 10, 10, 
105: 10, 10, 10, 0, 1, 10, 10, 0, 0, 0, 10, 0, 10, 10, 0, 10, 0, 10, 10, 10, 10, 0, 0, 0, 1, 2, 0, 0, 0, 0, 0, 10, 0, 0, 0, 1, 10, 10, 0, 0, 2, 0, 0, 10, 1, 0, 10, 10, 10, 10, 0, 0, 10, 10, 17, 10, 10, 2, 10, 10, 0, 10, 0, 10, 10, 0, 0, 0, 1, 10, 10, 0, 10, 0, 10, 2, 10, 0, 0, 0, : 10, 10, 10, 1, 10, 10, 10, 10, 10, 10, 10, 10, 10, 10, 1, 2, 10, 1, 10, 10, 2, 10, 1, 10, 10, 10, 10, 10, 10, 17, 10, 10, 2, 10, 10, 10, 10, 10, 1, 10, 10, 10, 10, 2, 10, 
149: 10, 0, 10, 10, 0, 0, 10, 10, 10, 10, 0, 0, 10, 0, 10, 10, 10, 10, 10, 10, 0, 0, 0, 0, 1, 0, 0, 10, 10, 0, 10, 0, 10, 0, 10, 0, 0, 0, 10, 0, 0, 0, 10, 0, 0, 0, 10, 0, 10, 10, 0, 10, 10, 0, 0, 4, 0, 0, 0, 10, 0, 0, 0, 0, 0, 10, 10, 10, 0, 10, 10, 0, 10, 10, 10, 10, 10, 10, 10, 10, : 10, 10, 10, 10, 10, 10, 10, 10, 10, 10, 10, 10, 10, 10, 1, 10, 10, 10, 10, 10, 10, 10, 10, 10, 10, 10, 10, 4, 10, 10, 10, 10, 10, 10, 10, 10, 10, 10, 10, 10, 10, 10, 
42: 10, 10, 10, 0, 0, 10, 10, 0, 10, 1, 10, 0, 0, 0, 0, 10, 0, 10, 10, 0, 10, 10, 10, 0, 1, 0, 3, 0, 10, 0, 0, 10, 0, 10, 10, 10, 0, 0, 10, 0, 10, 10, 10, 10, 0, 0, 10, 0, 0, 10, 0, 0, 0, 0, 0, 0, 10, 10, 0, 2, 0, 0, 10, 0, 10, 0, 10, 10, 0, 0, 0, 0, 0, 0, 10, 10, 10, 0, 0, 0, : 10, 10, 10, 10, 10, 10, 1, 10, 10, 10, 10, 10, 10, 10, 1, 3, 10, 10, 10, 10, 10, 10, 10, 10, 10, 10, 10, 10, 10, 10, 2, 10, 10, 10, 10, 10, 10, 10, 
181: 0, 10, 10, 10, 10, 10, 10, 0, 9, 10, 0, 0, 10, 10, 0, 10, 10, 10, 10, 10, 0, 0, 10, 10, 0, 10, 0, 0, 10, 0, 10, 4, 0, 10, 0, 10, 10, 10, 10, 0, 0, 0, 10, 0, 10, 0, 0, 10, 0, 10, 0, 10, 10, 10, 0, 0, 0, 10, 10, 0, 10, 0, 10, 10, 10, 10, 10, 10, 10, 10, 10, 0, 10, 10, 0, 0, 10, 0, 0, 10, : 10, 10, 10, 10, 10, 10, 9, 10, 10, 10, 10, 10, 10, 10, 10, 10, 10, 10, 10, 10, 4, 10, 10, 10, 10, 10, 10, 10, 10, 10, 10, 10, 10, 10, 10, 10, 10, 10, 10, 10, 10, 10, 10, 10, 10, 10, 10, 10, 10, 
163: 10, 0, 10, 0, 0, 0, 0, 10, 0, 0, 10, 10, 0, 0, 0, 10, 0, 10, 10, 10, 10, 1, 10, 10, 0, 10, 0, 10, 0, 10, 0, 0, 0, 1, 10, 0, 10, 10, 0, 0, 10, 10, 0, 1, 0, 10, 0, 0, 1, 10, 10, 10, 10, 10, 10, 10, 10, 10, 1, 10, 10, 0, 10, 10, 0, 3, 10, 0, 10, 0, 10, 0, 0, 10, 0, 0, 10, 10, 0, 10, : 10, 10, 10, 10, 10, 10, 10, 10, 10, 10, 1, 10, 10, 10, 10, 10, 1, 10, 10, 10, 10, 10, 1, 10, 1, 10, 10, 10, 10, 10, 10, 10, 10, 10, 1, 10, 10, 10, 10, 3, 10, 10, 10, 10, 10, 10, 10, 
48: 10, 0, 0, 0, 10, 0, 0, 10, 2, 10, 10, 10, 10, 10, 16, 10, 0, 10, 10, 9, 0, 10, 10, 0, 10, 0, 10, 0, 3, 0, 10, 0, 0, 0, 10, 0, 10, 0, 0, 10, 0, 10, 0, 10, 0, 10, 10, 10, 0, 0, 10, 0, 10, 0, 0, 10, 10, 0, 10, 10, 0, 0, 0, 10, 0, 0, 7, 10, 10, 10, 10, 0, 0, 10, 10, 10, 0, 2, 0, 0, : 10, 10, 10, 2, 10, 10, 10, 10, 10, 16, 10, 10, 10, 9, 10, 10, 10, 10, 3, 10, 10, 10, 10, 10, 10, 10, 10, 10, 10, 10, 10, 10, 10, 10, 10, 7, 10, 10, 10, 10, 10, 10, 10, 2, 
96: 10, 6, 10, 0, 1, 0, 0, 0, 10, 1, 0, 0, 10, 10, 0, 10, 1, 0, 0, 0, 10, 10, 0, 0, 10, 10, 10, 0, 0, 0, 5, 0, 10, 0, 0, 1, 10, 10, 10, 10, 0, 10, 10, 5, 0, 10, 10, 10, 10, 1, 0, 2, 0, 0, 0, 10, 0, 0, 3, 0, 0, 10, 10, 1, 10, 0, 10, 10, 10, 0, 10, 10, 0, 10, 10, 10, 0, 10, 10, 15, : 10, 6, 10, 1, 10, 1, 10, 10, 10, 1, 10, 10, 10, 10, 10, 5, 10, 1, 10, 10, 10, 10, 10, 10, 5, 10, 10, 10, 10, 1, 2, 10, 3, 10, 10, 1, 10, 10, 10, 10, 10, 10, 10, 10, 10, 10, 10, 15, 
23: 10, 0, 0, 3, 10, 10, 0, 10, 10, 0, 10, 0, 0, 0, 10, 0, 10, 10, 0, 10, 10, 0, 10, 10, 0, 10, 0, 2, 10, 10, 0, 0, 0, 10, 10, 10, 0, 0, 0, 0, 0, 0, 0, 0, 0, 0, 0, 10, 10, 10, 0, 10, 0, 0, 10, 10, 10, 10, 0, 10, 0, 2, 0, 0, 0, 2, 0, 10, 0, 10, 0, 10, 10, 0, 0, 10, 10, 0, 0, 10, : 10, 3, 10, 10, 10, 10, 10, 10, 10, 10, 10, 10, 10, 10, 10, 2, 10, 10, 10, 10, 10, 10, 10, 10, 10, 10, 10, 10, 10, 10, 2, 2, 10, 10, 10, 10, 10, 10, 10, 
173: 1, 0, 3, 10, 10, 10, 1, 10, 10, 0, 0, 6, 10, 0, 10, 10, 0, 0, 10, 0, 10, 10, 10, 10, 10, 0, 0, 0, 0, 2, 10, 0, 0, 10, 0, 10, 0, 10, 0, 10, 10, 10, 10, 0, 10, 1, 10, 0, 10, 10, 10, 3, 0, 0, 0, 10, 0, 10, 0, 0, 10, 10, 10, 10, 10, 10, 0, 0, 10, 10, 10, 0, 10, 10, 0, 0, 0, 10, 0, 0, : 1, 3, 10, 10, 10, 1, 10, 10, 6, 10, 10, 10, 10, 10, 10, 10, 10, 10, 2, 10, 10, 10, 10, 10, 10, 10, 10, 10, 1, 10, 10, 10, 10, 3, 10, 10, 10, 10, 10, 10, 10, 10, 10, 10, 10, 10, 10, 10, 
114: 10, 10, 10, 0, 0, 0, 0, 0, 2, 0, 0, 10, 0, 0, 0, 10, 1, 10, 10, 10, 10, 0, 10, 3, 0, 0, 10, 10, 0, 10, 0, 10, 10, 10, 10, 1, 9, 0, 10, 10, 0, 10, 0, 0, 4, 0, 10, 0, 10, 0, 0, 10, 10, 10, 0, 10, 10, 0, 0, 10, 10, 0, 1, 10, 10, 10, 0, 10, 10, 0, 0, 10, 0, 0, 10, 10, 0, 10, 10, 0, : 10, 10, 10, 2, 10, 10, 1, 10, 10, 10, 10, 10, 3, 10, 10, 10, 10, 10, 10, 10, 1, 9, 10, 10, 10, 4, 10, 10, 10, 10, 10, 10, 10, 10, 10, 1, 10, 10, 10, 10, 10, 10, 10, 10, 10, 10, 
49: 10, 10, 10, 10, 0, 10, 10, 10, 0, 0, 10, 10, 0, 10, 10, 0, 0, 10, 0, 0, 0, 10, 10, 10, 0, 10, 10, 10, 0, 0, 10, 0, 3, 3, 10, 10, 0, 10, 10, 10, 0, 10, 6, 10, 10, 10, 0, 10, 3, 0, 10, 0, 10, 5, 0, 10, 10, 0, 0, 0, 10, 0, 0, 10, 10, 0, 10, 0, 10, 0, 10, 10, 10, 0, 10, 0, 10, 10, 0, 10, : 10, 10, 10, 10, 10, 10, 10, 10, 10, 10, 10, 10, 10, 10, 10, 10, 10, 10, 10, 3, 3, 10, 10, 10, 10, 10, 10, 6, 10, 10, 10, 10, 3, 10, 10, 5, 10, 10, 10, 10, 10, 10, 10, 10, 10, 10, 10, 10, 10, 10, 
188: 1, 0, 10, 10, 0, 10, 0, 0, 0, 1, 10, 10, 0, 0, 10, 0, 10, 10, 10, 10, 10, 10, 10, 10, 0, 10, 1, 10, 10, 10, 10, 10, 10, 0, 10, 0, 0, 10, 10, 10, 0, 10, 0, 0, 0, 0, 0, 10, 10, 10, 0, 0, 10, 10, 0, 10, 10, 10, 10, 0, 10, 0, 0, 0, 10, 10, 10, 10, 0, 10, 10, 10, 0, 10, 10, 0, 0, 10, 10, 0, : 1, 10, 10, 10, 1, 10, 10, 10, 10, 10, 10, 10, 10, 10, 10, 10, 10, 1, 10, 10, 10, 10, 10, 10, 10, 10, 10, 10, 10, 10, 10, 10, 10, 10, 10, 10, 10, 10, 10, 10, 10, 10, 10, 10, 10, 10, 10, 10, 10, 10, 
159: 10, 0, 1, 10, 10, 10, 10, 10, 10, 0, 10, 0, 0, 0, 0, 1, 10, 0, 0, 10, 10, 0, 10, 10, 1, 0, 10, 10, 10, 2, 0, 0, 0, 0, 10, 10, 10, 10, 0, 0, 10, 2, 0, 0, 10, 10, 10, 0, 10, 10, 0, 10, 0, 0, 0, 0, 10, 10, 10, 0, 0, 0, 0, 10, 7, 10, 0, 0, 0, 10, 10, 10, 10, 10, 1, 10, 10, 0, 0, 0, : 10, 1, 10, 10, 10, 10, 10, 10, 10, 1, 10, 10, 10, 10, 10, 1, 10, 10, 10, 2, 10, 10, 10, 10, 10, 2, 10, 10, 10, 10, 10, 10, 10, 10, 10, 10, 7, 10, 10, 10, 10, 10, 10, 1, 10, 10, 
166: 10, 0, 0, 0, 10, 0, 10, 0, 10, 0, 1, 3, 0, 0, 10, 0, 0, 0, 0, 10, 0, 5, 0, 0, 0, 10, 10, 10, 10, 0, 0, 10, 0, 10, 10, 0, 10, 10, 10, 0, 10, 10, 10, 0, 10, 10, 10, 3, 10, 10, 1, 0, 0, 0, 10, 0, 0, 0, 0, 10, 10, 10, 10, 10, 0, 10, 0, 10, 0, 0, 0, 0, 0, 10, 10, 0, 10, 10, 10, 10, : 10, 10, 10, 10, 1, 3, 10, 10, 5, 10, 10, 10, 10, 10, 10, 10, 10, 10, 10, 10, 10, 10, 10, 10, 10, 3, 10, 10, 1, 10, 10, 10, 10, 10, 10, 10, 10, 10, 10, 10, 10, 10, 10, 
133: 0, 10, 10, 10, 0, 0, 0, 0, 10, 10, 0, 10, 0, 10, 10, 0, 0, 10, 1, 10, 0, 10, 0, 0, 0, 0, 10, 10, 10, 10, 10, 10, 0, 1, 10, 0, 10, 1, 10, 0, 10, 0, 5, 10, 10, 10, 10, 0, 10, 0, 0, 0, 0, 10, 10, 0, 3, 0, 10, 10, 10, 0, 10, 10, 0, 10, 10, 10, 10, 0, 0, 0, 10, 10, 0, 0, 0, 0, 10, 0, : 10, 10, 10, 10, 10, 10, 10, 10, 10, 1, 10, 10, 10, 10, 10, 10, 10, 10, 1, 10, 10, 1, 10, 10, 5, 10, 10, 10, 10, 10, 10, 10, 3, 10, 10, 10, 10, 10, 10, 10, 10, 10, 10, 10, 10, 
64: 0, 10, 10, 0, 10, 0, 0, 0, 10, 17, 0, 0, 0, 10, 0, 10, 0, 0, 10, 10, 10, 5, 0, 0, 10, 0, 0, 10, 5, 0, 10, 0, 2, 0, 0, 10, 0, 10, 10, 10, 0, 10, 0, 10, 0, 0, 0, 0, 10, 10, 0, 10, 0, 0, 10, 10, 0, 10, 10, 10, 0, 10, 2, 0, 10, 0, 0, 10, 0, 8, 0, 10, 0, 10, 10, 10, 0, 0, 10, 0, : 10, 10, 10, 10, 17, 10, 10, 10, 10, 10, 5, 10, 10, 5, 10, 2, 10, 10, 10, 10, 10, 10, 10, 10, 10, 10, 10, 10, 10, 10, 10, 2, 10, 10, 8, 10, 10, 10, 10, 10, 
21: 0, 0, 0, 10, 10, 0, 0, 0, 10, 0, 0, 14, 10, 1, 0, 0, 0, 0, 0, 0, 0, 0, 5, 10, 0, 10, 10, 10, 0, 0, 0, 0, 10, 10, 0, 10, 10, 0, 10, 10, 0, 10, 0, 10, 10, 10, 10, 10, 0, 10, 10, 0, 10, 10, 10, 0, 10, 0, 0, 0, 10, 10, 10, 0, 0, 10, 0, 10, 0, 10, 0, 10, 0, 0, 10, 10, 10, 0, 0, 10, : 10, 10, 10, 14, 10, 1, 5, 10, 10, 10, 10, 10, 10, 10, 10, 10, 10, 10, 10, 10, 10, 10, 10, 10, 10, 10, 10, 10, 10, 10, 10, 10, 10, 10, 10, 10, 10, 10, 10, 10, 
40: 0, 10, 0, 10, 0, 0, 10, 10, 0, 1, 0, 10, 10, 10, 10, 10, 0, 10, 0, 10, 0, 10, 0, 10, 16, 10, 10, 5, 10, 10, 0, 10, 0, 0, 10, 10, 0, 0, 0, 10, 3, 0, 10, 10, 10, 10, 2, 0, 0, 2, 10, 10, 10, 0, 10, 0, 0, 10, 10, 0, 10, 3, 10, 0, 0, 0, 1, 10, 3, 10, 10, 0, 10, 10, 0, 0, 10, 10, 10, 0, : 10, 10, 10, 10, 1, 10, 10, 10, 10, 10, 10, 10, 10, 10, 16, 10, 10, 5, 10, 10, 10, 10, 10, 10, 3, 10, 10, 10, 10, 2, 2, 10, 10, 10, 10, 10, 10, 10, 3, 10, 1, 10, 3, 10, 10, 10, 10, 10, 10, 10, 
75: 10, 10, 10, 10, 0, 10, 10, 10, 0, 10, 10, 0, 10, 10, 0, 0, 3, 0, 0, 0, 10, 0, 10, 10, 0, 0, 0, 10, 6, 10, 10, 0, 10, 10, 10, 10, 10, 10, 1, 10, 0, 10, 2, 8, 10, 0, 0, 0, 0, 0, 10, 10, 0, 10, 0, 0, 0, 10, 0, 10, 0, 0, 0, 4, 0, 0, 10, 0, 10, 10, 10, 0, 10, 10, 10, 10, 10, 10, 1, 10, : 10, 10, 10, 10, 10, 10, 10, 10, 10, 10, 10, 3, 10, 10, 10, 10, 6, 10, 10, 10, 10, 10, 10, 10, 10, 1, 10, 10, 2, 8, 10, 10, 10, 10, 10, 10, 4, 10, 10, 10, 10, 10, 10, 10, 10, 10, 10, 1, 10, 
141: 10, 0, 0, 0, 10, 10, 10, 0, 0, 10, 0, 0, 0, 0, 9, 10, 10, 10, 0, 0, 0, 0, 0, 0, 10, 10, 0, 10, 1, 10, 0, 10, 0, 10, 10, 10, 0, 5, 0, 1, 10, 10, 10, 0, 10, 10, 0, 10, 10, 0, 1, 0, 0, 10, 0, 10, 10, 10, 0, 0, 10, 0, 0, 10, 0, 0, 0, 0, 10, 6, 10, 10, 0, 0, 0, 10, 4, 0, 0, 10, : 10, 10, 10, 10, 10, 9, 10, 10, 10, 10, 10, 10, 1, 10, 10, 10, 10, 10, 5, 1, 10, 10, 10, 10, 10, 10, 10, 1, 10, 10, 10, 10, 10, 10, 10, 6, 10, 10, 10, 4, 10, 
168: 10, 0, 0, 0, 0, 10, 0, 10, 10, 10, 0, 10, 10, 0, 0, 0, 0, 10, 10, 0, 0, 0, 0, 0, 10, 20, 10, 0, 10, 0, 0, 10, 0, 10, 10, 0, 0, 0, 0, 0, 20, 10, 0, 10, 10, 0, 0, 0, 0, 0, 10, 10, 0, 10, 10, 10, 0, 0, 0, 0, 10, 10, 10, 10, 10, 10, 10, 0, 10, 0, 2, 10, 0, 10, 10, 10, 10, 2, 10, 0, : 10, 10, 10, 10, 10, 10, 10, 10, 10, 10, 20, 10, 10, 10, 10, 10, 20, 10, 10, 10, 10, 10, 10, 10, 10, 10, 10, 10, 10, 10, 10, 10, 10, 2, 10, 10, 10, 10, 10, 2, 10, 
15: 0, 10, 10, 2, 10, 2, 10, 10, 0, 2, 10, 0, 10, 10, 10, 10, 10, 0, 10, 10, 0, 0, 10, 10, 10, 10, 0, 0, 0, 0, 10, 0, 10, 0, 10, 0, 10, 0, 10, 0, 10, 1, 10, 10, 10, 0, 0, 10, 10, 0, 10, 0, 10, 0, 0, 10, 0, 0, 10, 0, 0, 0, 10, 0, 10, 10, 10, 10, 0, 10, 1, 0, 20, 5, 1, 0, 0, 10, 10, 0, : 10, 10, 2, 10, 2, 10, 10, 2, 10, 10, 10, 10, 10, 10, 10, 10, 10, 10, 10, 10, 10, 10, 10, 10, 10, 10, 1, 10, 10, 10, 10, 10, 10, 10, 10, 10, 10, 10, 10, 10, 10, 10, 1, 20, 5, 1, 10, 10, 
73: 0, 0, 0, 10, 10, 0, 10, 0, 10, 0, 10, 10, 0, 10, 10, 0, 10, 0, 0, 5, 0, 0, 0, 10, 10, 0, 10, 10, 10, 0, 10, 0, 0, 10, 0, 10, 2, 0, 10, 0, 10, 10, 10, 1, 10, 7, 10, 0, 10, 0, 10, 0, 10, 0, 0, 0, 10, 10, 10, 10, 10, 10, 0, 0, 10, 10, 0, 0, 10, 0, 0, 10, 10, 0, 0, 0, 10, 10, 4, 0, : 10, 10, 10, 10, 10, 10, 10, 10, 10, 5, 10, 10, 10, 10, 10, 10, 10, 10, 2, 10, 10, 10, 10, 1, 10, 7, 10, 10, 10, 10, 10, 10, 10, 10, 10, 10, 10, 10, 10, 10, 10, 10, 10, 4, 


154: 10, 0, 10, 0, 10, 10, 10, 0, 10, 10, 0, 0, 0, 10, 0, 0, 10, 10, 0, 0, 0, 10, 10, 10, 0, 10, 0, 10, 0, 0, 0, 0, 10, 10, 0, 0, 10, 1, 0, 10, 0, 0, 10, 10, 10, 10, 0, 0, 10, 0, 0, 10, 0, 10, 0, 10, 0, 0, 10, 0, 10, 12, 10, 0, 0, 10, 10, 6, 0, 10, 0, 0, 0, 10, 10, 10, 0, 10, 10, 3, : 10, 10, 10, 10, 10, 10, 10, 10, 10, 10, 10, 10, 10, 10, 10, 10, 10, 10, 1, 10, 10, 10, 10, 10, 10, 10, 10, 10, 10, 10, 12, 10, 10, 10, 6, 10, 10, 10, 10, 10, 10, 3, 
167: 10, 0, 0, 0, 0, 14, 0, 0, 10, 10, 10, 0, 10, 10, 0, 0, 0, 10, 10, 10, 10, 10, 0, 10, 10, 0, 0, 10, 10, 0, 0, 0, 0, 0, 10, 0, 0, 0, 0, 0, 0, 0, 0, 1, 0, 0, 0, 10, 0, 0, 0, 0, 10, 10, 10, 10, 1, 10, 10, 10, 10, 0, 0, 10, 0, 10, 0, 10, 10, 10, 10, 10, 10, 12, 0, 0, 0, 0, 0, 10, : 10, 14, 10, 10, 10, 10, 10, 10, 10, 10, 10, 10, 10, 10, 10, 10, 10, 1, 10, 10, 10, 10, 10, 1, 10, 10, 10, 10, 10, 10, 10, 10, 10, 10, 10, 10, 12, 10, 
124: 0, 0, 10, 10, 0, 10, 0, 10, 0, 10, 10, 10, 10, 10, 0, 0, 0, 0, 4, 10, 10, 10, 10, 0, 10, 10, 0, 0, 0, 10, 10, 0, 10, 0, 10, 1, 10, 0, 0, 10, 10, 10, 0, 10, 10, 10, 10, 10, 10, 10, 0, 0, 10, 0, 10, 0, 0, 4, 1, 10, 0, 10, 0, 10, 10, 10, 10, 0, 10, 10, 0, 1, 10, 10, 10, 10, 10, 10, 10, 0, : 10, 10, 10, 10, 10, 10, 10, 10, 10, 4, 10, 10, 10, 10, 10, 10, 10, 10, 10, 10, 1, 10, 10, 10, 10, 10, 10, 10, 10, 10, 10, 10, 10, 10, 4, 1, 10, 10, 10, 10, 10, 10, 10, 10, 1, 10, 10, 10, 10, 10, 10, 10, 
53: 10, 0, 10, 10, 0, 0, 10, 10, 10, 4, 10, 10, 10, 10, 0, 10, 10, 10, 0, 0, 10, 0, 0, 10, 10, 10, 0, 0, 10, 10, 10, 1, 0, 1, 0, 10, 10, 10, 0, 10, 10, 10, 10, 1, 10, 0, 10, 10, 0, 10, 10, 10, 1, 10, 10, 0, 10, 10, 0, 0, 0, 0, 0, 0, 10, 0, 0, 10, 2, 0, 0, 1, 10, 10, 10, 10, 0, 0, 0, 10, : 10, 10, 10, 10, 10, 10, 4, 10, 10, 10, 10, 10, 10, 10, 10, 10, 10, 10, 10, 10, 10, 1, 1, 10, 10, 10, 10, 10, 10, 10, 1, 10, 10, 10, 10, 10, 10, 1, 10, 10, 10, 10, 10, 10, 2, 1, 10, 10, 10, 10, 10, 
28: 5, 0, 0, 10, 10, 10, 10, 10, 10, 10, 0, 10, 0, 0, 0, 10, 0, 10, 0, 0, 10, 0, 0, 0, 10, 0, 10, 10, 0, 0, 10, 10, 10, 0, 0, 0, 0, 10, 10, 0, 0, 10, 10, 10, 0, 10, 10, 1, 10, 10, 10, 10, 10, 0, 0, 0, 1, 0, 10, 1, 0, 10, 10, 10, 10, 10, 11, 10, 10, 10, 0, 10, 2, 10, 0, 10, 0, 10, 10, 0, : 5, 10, 10, 10, 10, 10, 10, 10, 10, 10, 10, 10, 10, 10, 10, 10, 10, 10, 10, 10, 10, 10, 10, 10, 10, 1, 10, 10, 10, 10, 10, 1, 10, 1, 10, 10, 10, 10, 10, 11, 10, 10, 10, 10, 2, 10, 10, 10, 10, 
4: 10, 10, 0, 10, 0, 10, 0, 10, 0, 10, 10, 10, 10, 10, 0, 0, 10, 0, 0, 10, 0, 10, 10, 10, 20, 0, 10, 0, 0, 3, 0, 10, 10, 0, 0, 1, 10, 10, 0, 4, 10, 0, 10, 0, 0, 10, 10, 10, 0, 0, 0, 0, 10, 0, 3, 10, 10, 10, 10, 0, 10, 0, 10, 10, 10, 10, 10, 0, 10, 0, 10, 10, 0, 0, 10, 0, 0, 0, 0, 0, : 10, 10, 10, 10, 10, 10, 10, 10, 10, 10, 10, 10, 10, 10, 10, 20, 10, 3, 10, 10, 1, 10, 10, 4, 10, 10, 10, 10, 10, 10, 3, 10, 10, 10, 10, 10, 10, 10, 10, 10, 10, 10, 10, 10, 10, 
150: 0, 10, 0, 0, 10, 0, 10, 10, 0, 10, 0, 2, 0, 10, 0, 10, 0, 0, 0, 0, 0, 0, 10, 0, 10, 0, 10, 0, 0, 0, 10, 0, 10, 10, 0, 10, 10, 0, 0, 17, 10, 10, 0, 10, 10, 0, 10, 10, 10, 10, 0, 10, 10, 0, 0, 0, 0, 0, 10, 10, 10, 0, 0, 0, 3, 0, 10, 10, 0, 0, 10, 10, 0, 0, 0, 10, 0, 0, 10, 10, : 10, 10, 10, 10, 10, 2, 10, 10, 10, 10, 10, 10, 10, 10, 10, 10, 17, 10, 10, 10, 10, 10, 10, 10, 10, 10, 10, 10, 10, 10, 3, 10, 10, 10, 10, 10, 10, 10, 
19: 0, 0, 10, 10, 0, 10, 10, 10, 0, 10, 0, 0, 0, 2, 10, 0, 10, 4, 0, 10, 20, 10, 2, 2, 0, 0, 10, 10, 10, 10, 10, 0, 0, 0, 9, 10, 0, 10, 0, 1, 10, 0, 0, 0, 10, 0, 0, 0, 10, 0, 0, 10, 0, 0, 0, 10, 0, 0, 10, 0, 10, 10, 0, 10, 0, 10, 10, 0, 10, 10, 10, 10, 10, 0, 1, 10, 10, 10, 0, 0, : 10, 10, 10, 10, 10, 10, 2, 10, 10, 4, 10, 20, 10, 2, 2, 10, 10, 10, 10, 10, 9, 10, 10, 1, 10, 10, 10, 10, 10, 10, 10, 10, 10, 10, 10, 10, 10, 10, 10, 10, 1, 10, 10, 10, 
5: 0, 10, 10, 3, 10, 0, 0, 0, 10, 10, 10, 10, 0, 10, 10, 10, 5, 10, 10, 10, 0, 0, 10, 0, 10, 10, 0, 3, 10, 10, 10, 10, 10, 10, 10, 10, 10, 10, 10, 10, 0, 10, 0, 10, 0, 0, 10, 0, 0, 0, 0, 10, 0, 0, 0, 10, 0, 10, 0, 10, 0, 10, 10, 0, 0, 10, 10, 0, 0, 10, 10, 0, 10, 0, 10, 0, 0, 10, 10, 10, : 10, 10, 3, 10, 10, 10, 10, 10, 10, 10, 10, 5, 10, 10, 10, 10, 10, 10, 3, 10, 10, 10, 10, 10, 10, 10, 10, 10, 10, 10, 10, 10, 10, 10, 10, 10, 10, 10, 10, 10, 10, 10, 10, 10, 10, 10, 10, 10, 10, 
71: 0, 10, 0, 10, 10, 10, 0, 5, 0, 0, 1, 10, 0, 0, 10, 0, 10, 10, 10, 0, 10, 10, 0, 5, 0, 0, 10, 10, 10, 0, 10, 10, 10, 10, 0, 0, 0, 1, 0, 0, 10, 0, 0, 10, 0, 4, 0, 10, 10, 0, 10, 0, 3, 10, 10, 10, 0, 3, 10, 10, 0, 10, 0, 10, 0, 10, 10, 1, 10, 10, 0, 10, 0, 10, 0, 10, 10, 10, 0, 0, : 10, 10, 10, 10, 5, 1, 10, 10, 10, 10, 10, 10, 10, 5, 10, 10, 10, 10, 10, 10, 10, 1, 10, 10, 4, 10, 10, 10, 3, 10, 10, 10, 3, 10, 10, 10, 10, 10, 10, 1, 10, 10, 10, 10, 10, 10, 10, 
34: 10, 10, 0, 0, 0, 0, 0, 0, 10, 10, 0, 10, 10, 0, 10, 0, 10, 0, 0, 10, 0, 0, 10, 0, 0, 0, 10, 0, 1, 10, 13, 10, 1, 0, 0, 10, 10, 12, 1, 0, 10, 0, 10, 0, 0, 10, 5, 10, 10, 0, 10, 10, 10, 0, 10, 0, 0, 10, 0, 10, 0, 0, 10, 0, 1, 0, 0, 0, 0, 10, 0, 0, 10, 0, 0, 10, 10, 10, 10, 10, : 10, 10, 10, 10, 10, 10, 10, 10, 10, 10, 10, 1, 10, 13, 10, 1, 10, 10, 12, 1, 10, 10, 10, 5, 10, 10, 10, 10, 10, 10, 10, 10, 10, 1, 10, 10, 10, 10, 10, 10, 10, 
80: 10, 10, 10, 10, 0, 0, 10, 0, 0, 0, 3, 0, 0, 0, 0, 10, 0, 0, 10, 10, 0, 10, 10, 0, 0, 10, 10, 10, 10, 1, 10, 0, 10, 0, 0, 10, 0, 10, 12, 0, 0, 10, 10, 10, 0, 0, 0, 0, 10, 10, 0, 0, 0, 0, 0, 5, 10, 10, 10, 10, 0, 0, 10, 10, 0, 1, 3, 10, 0, 0, 10, 10, 0, 10, 10, 0, 10, 0, 10, 10, : 10, 10, 10, 10, 10, 3, 10, 10, 10, 10, 10, 10, 10, 10, 10, 1, 10, 10, 10, 10, 12, 10, 10, 10, 10, 10, 5, 10, 10, 10, 10, 10, 10, 1, 3, 10, 10, 10, 10, 10, 10, 10, 10, 
93: 0, 10, 10, 0, 10, 0, 10, 0, 10, 0, 10, 0, 10, 0, 5, 10, 10, 10, 10, 10, 0, 10, 0, 0, 5, 0, 0, 0, 1, 10, 0, 0, 10, 10, 20, 0, 0, 0, 10, 1, 10, 10, 10, 10, 10, 2, 0, 0, 10, 2, 10, 0, 10, 0, 10, 0, 2, 10, 10, 0, 0, 10, 0, 10, 10, 10, 10, 0, 10, 0, 0, 9, 10, 0, 0, 1, 10, 0, 3, 10, : 10, 10, 10, 10, 10, 10, 10, 5, 10, 10, 10, 10, 10, 10, 5, 1, 10, 10, 10, 20, 10, 1, 10, 10, 10, 10, 10, 2, 10, 2, 10, 10, 10, 2, 10, 10, 10, 10, 10, 10, 10, 10, 9, 10, 1, 10, 3, 10, 
143: 10, 10, 10, 0, 0, 0, 1, 10, 10, 10, 10, 10, 1, 9, 10, 0, 0, 2, 10, 3, 0, 12, 10, 10, 0, 0, 10, 20, 10, 10, 0, 10, 10, 0, 0, 0, 10, 10, 10, 0, 10, 0, 10, 0, 10, 10, 0, 10, 0, 0, 1, 10, 10, 10, 0, 0, 10, 10, 0, 10, 10, 10, 10, 0, 10, 2, 0, 0, 10, 10, 0, 0, 10, 0, 0, 0, 0, 0, 10, 10, : 10, 10, 10, 1, 10, 10, 10, 10, 10, 1, 9, 10, 2, 10, 3, 12, 10, 10, 10, 20, 10, 10, 10, 10, 10, 10, 10, 10, 10, 10, 10, 10, 1, 10, 10, 10, 10, 10, 10, 10, 10, 10, 10, 2, 10, 10, 10, 10, 10, 
8: 0, 0, 10, 10, 10, 0, 10, 10, 0, 0, 0, 10, 10, 10, 0, 0, 0, 0, 10, 0, 10, 10, 2, 10, 10, 2, 10, 0, 0, 10, 0, 0, 0, 0, 0, 0, 0, 10, 0, 10, 0, 0, 0, 10, 10, 0, 0, 0, 0, 0, 10, 10, 10, 10, 10, 0, 10, 0, 0, 10, 10, 2, 0, 0, 0, 0, 0, 10, 0, 10, 10, 0, 0, 0, 10, 0, 10, 0, 10, 10, : 10, 10, 10, 10, 10, 10, 10, 10, 10, 10, 10, 2, 10, 10, 2, 10, 10, 10, 10, 10, 10, 10, 10, 10, 10, 10, 10, 10, 10, 2, 10, 10, 10, 10, 10, 10, 10, 
36: 0, 0, 0, 0, 10, 10, 0, 0, 0, 10, 0, 0, 1, 0, 10, 0, 0, 0, 14, 10, 10, 0, 0, 10, 10, 1, 0, 0, 0, 0, 10, 10, 0, 0, 10, 1, 10, 10, 10, 0, 0, 10, 0, 0, 10, 10, 0, 0, 10, 10, 10, 0, 0, 0, 10, 10, 0, 0, 0, 10, 0, 1, 5, 0, 0, 10, 0, 4, 0, 4, 0, 0, 10, 7, 0, 0, 10, 10, 10, 10, : 10, 10, 10, 1, 10, 14, 10, 10, 10, 10, 1, 10, 10, 10, 1, 10, 10, 10, 10, 10, 10, 10, 10, 10, 10, 10, 10, 1, 5, 10, 4, 4, 10, 7, 10, 10, 10, 10, 
161: 10, 10, 1, 0, 10, 10, 0, 10, 5, 0, 0, 10, 0, 0, 10, 0, 10, 10, 0, 10, 1, 0, 10, 10, 0, 10, 15, 10, 10, 0, 10, 0, 0, 10, 10, 10, 0, 0, 10, 10, 10, 0, 10, 10, 0, 0, 10, 10, 0, 0, 10, 10, 11, 10, 10, 10, 0, 0, 10, 0, 10, 10, 0, 10, 0, 10, 0, 0, 0, 0, 0, 10, 10, 0, 10, 10, 10, 10, 0, 0, : 10, 10, 1, 10, 10, 10, 5, 10, 10, 10, 10, 10, 1, 10, 10, 10, 15, 10, 10, 10, 10, 10, 10, 10, 10, 10, 10, 10, 10, 10, 10, 10, 11, 10, 10, 10, 10, 10, 10, 10, 10, 10, 10, 10, 10, 10, 10, 
37: 10, 10, 0, 10, 10, 0, 16, 0, 0, 0, 10, 0, 10, 10, 0, 10, 0, 10, 0, 10, 10, 0, 1, 10, 0, 0, 0, 10, 10, 10, 0, 1, 10, 10, 0, 0, 10, 10, 10, 10, 6, 10, 10, 0, 10, 10, 10, 0, 0, 10, 10, 0, 0, 0, 0, 10, 10, 10, 0, 10, 10, 0, 10, 0, 10, 10, 0, 2, 0, 0, 5, 10, 2, 0, 10, 10, 0, 0, 0, 0, : 10, 10, 10, 10, 16, 10, 10, 10, 10, 10, 10, 10, 1, 10, 10, 10, 10, 1, 10, 10, 10, 10, 10, 10, 6, 10, 10, 10, 10, 10, 10, 10, 10, 10, 10, 10, 10, 10, 10, 10, 2, 5, 10, 2, 10, 10, 
10: 0, 0, 10, 0, 10, 0, 10, 0, 10, 10, 0, 0, 0, 0, 10, 10, 10, 10, 10, 1, 10, 0, 0, 10, 10, 10, 10, 0, 10, 0, 1, 0, 10, 0, 10, 0, 10, 10, 0, 0, 10, 10, 0, 0, 10, 10, 0, 0, 10, 0, 10, 0, 0, 10, 1, 0, 10, 10, 10, 0, 0, 10, 10, 3, 10, 0, 10, 10, 10, 10, 0, 10, 10, 0, 0, 10, 10, 0, 10, 10, : 10, 10, 10, 10, 10, 10, 10, 10, 10, 10, 1, 10, 10, 10, 10, 10, 10, 1, 10, 10, 10, 10, 10, 10, 10, 10, 10, 10, 10, 1, 10, 10, 10, 10, 10, 3, 10, 10, 10, 10, 10, 10, 10, 10, 10, 10, 10, 
13: 0, 1, 0, 0, 10, 0, 0, 10, 0, 0, 10, 10, 10, 10, 10, 10, 10, 0, 10, 10, 4, 3, 0, 10, 0, 10, 10, 10, 3, 10, 0, 10, 10, 10, 10, 0, 0, 0, 0, 10, 18, 0, 10, 10, 0, 0, 10, 10, 0, 10, 10, 10, 10, 4, 0, 10, 10, 0, 0, 10, 10, 10, 10, 10, 10, 2, 10, 10, 10, 10, 10, 10, 0, 0, 0, 0, 10, 10, 10, 0, : 1, 10, 10, 10, 10, 10, 10, 10, 10, 10, 10, 10, 4, 3, 10, 10, 10, 10, 3, 10, 10, 10, 10, 10, 10, 18, 10, 10, 10, 10, 10, 10, 10, 10, 4, 10, 10, 10, 10, 10, 10, 10, 10, 2, 10, 10, 10, 10, 10, 10, 10, 10, 10, 
24: 10, 0, 0, 10, 10, 0, 0, 10, 10, 1, 0, 0, 10, 0, 0, 10, 0, 10, 5, 0, 0, 10, 10, 0, 10, 10, 0, 10, 0, 10, 10, 3, 10, 10, 0, 10, 10, 10, 10, 1, 0, 10, 10, 10, 0, 0, 0, 10, 10, 10, 1, 10, 0, 1, 5, 10, 10, 18, 0, 0, 0, 0, 10, 10, 10, 10, 0, 0, 0, 0, 0, 10, 0, 10, 1, 10, 3, 0, 0, 2, : 10, 10, 10, 10, 10, 1, 10, 10, 10, 5, 10, 10, 10, 10, 10, 10, 10, 3, 10, 10, 10, 10, 10, 10, 1, 10, 10, 10, 10, 10, 10, 1, 10, 1, 5, 10, 10, 18, 10, 10, 10, 10, 10, 10, 1, 10, 3, 2, 
30: 10, 10, 4, 0, 0, 0, 10, 10, 0, 0, 10, 0, 0, 0, 10, 0, 10, 10, 0, 10, 10, 10, 0, 10, 0, 0, 0, 0, 0, 0, 10, 10, 10, 10, 0, 10, 0, 0, 10, 10, 0, 10, 0, 10, 0, 10, 0, 10, 10, 0, 0, 0, 10, 10, 10, 0, 1, 0, 10, 10, 10, 0, 0, 0, 10, 0, 10, 1, 10, 10, 0, 10, 1, 0, 0, 10, 0, 0, 0, 0, : 10, 10, 4, 10, 10, 10, 10, 10, 10, 10, 10, 10, 10, 10, 10, 10, 10, 10, 10, 10, 10, 10, 10, 10, 10, 10, 10, 10, 1, 10, 10, 10, 10, 10, 1, 10, 10, 10, 1, 10, 
102: 10, 10, 0, 10, 2, 10, 10, 0, 10, 0, 0, 0, 10, 10, 0, 0, 0, 0, 10, 0, 0, 0, 0, 0, 0, 0, 10, 10, 10, 10, 0, 10, 10, 10, 10, 10, 0, 0, 2, 0, 10, 0, 10, 10, 5, 10, 10, 10, 10, 10, 10, 0, 0, 10, 10, 0, 10, 10, 10, 0, 1, 0, 10, 2, 0, 0, 0, 10, 10, 0, 10, 0, 10, 10, 1, 0, 10, 10, 1, 0, : 10, 10, 10, 2, 10, 10, 10, 10, 10, 10, 10, 10, 10, 10, 10, 10, 10, 10, 10, 2, 10, 10, 10, 5, 10, 10, 10, 10, 10, 10, 10, 10, 10, 10, 10, 1, 10, 2, 10, 10, 10, 10, 10, 1, 10, 10, 1, 
81: 0, 10, 10, 0, 1, 1, 5, 0, 10, 10, 10, 10, 10, 0, 10, 10, 10, 10, 10, 0, 10, 0, 0, 0, 0, 10, 10, 10, 0, 10, 1, 0, 10, 0, 16, 10, 10, 0, 10, 10, 0, 0, 10, 1, 10, 8, 0, 10, 10, 10, 10, 10, 0, 10, 10, 10, 0, 0, 0, 10, 3, 0, 0, 10, 1, 0, 0, 0, 0, 0, 10, 10, 10, 10, 10, 0, 1, 10, 10, 0, : 10, 10, 1, 1, 5, 10, 10, 10, 10, 10, 10, 10, 10, 10, 10, 10, 10, 10, 10, 10, 1, 10, 16, 10, 10, 10, 10, 10, 1, 10, 8, 10, 10, 10, 10, 10, 10, 10, 10, 10, 3, 10, 1, 10, 10, 10, 10, 10, 1, 10, 10, 
193: 0, 10, 0, 0, 0, 10, 0, 10, 10, 0, 10, 1, 0, 10, 10, 10, 10, 0, 0, 10, 0, 0, 10, 0, 0, 2, 0, 0, 10, 0, 10, 10, 0, 10, 10, 0, 0, 0, 0, 0, 10, 10, 0, 0, 0, 0, 0, 0, 10, 10, 10, 10, 0, 0, 10, 10, 0, 0, 10, 10, 10, 0, 0, 10, 0, 0, 10, 10, 10, 2, 10, 10, 10, 10, 0, 10, 1, 10, 0, 0, : 10, 10, 10, 10, 10, 1, 10, 10, 10, 10, 10, 10, 2, 10, 10, 10, 10, 10, 10, 10, 10, 10, 10, 10, 10, 10, 10, 10, 10, 10, 10, 10, 10, 2, 10, 10, 10, 10, 10, 1, 10, 
6: 10, 3, 10, 0, 0, 10, 10, 0, 0, 0, 10, 0, 0, 10, 0, 10, 10, 10, 10, 0, 0, 10, 0, 10, 10, 10, 0, 0, 10, 10, 10, 0, 0, 0, 10, 10, 10, 0, 10, 0, 10, 0, 1, 2, 10, 0, 10, 0, 5, 10, 0, 0, 0, 4, 0, 10, 0, 0, 0, 0, 10, 0, 0, 0, 10, 0, 0, 0, 0, 0, 10, 2, 0, 10, 10, 0, 10, 0, 10, 0, : 10, 3, 10, 10, 10, 10, 10, 10, 10, 10, 10, 10, 10, 10, 10, 10, 10, 10, 10, 10, 10, 10, 10, 1, 2, 10, 10, 5, 10, 4, 10, 10, 10, 10, 2, 10, 10, 10, 10, 
44: 0, 0, 10, 1, 0, 10, 10, 10, 10, 10, 10, 0, 10, 10, 0, 10, 0, 0, 10, 10, 0, 10, 1, 10, 10, 10, 1, 10, 0, 10, 10, 0, 0, 10, 0, 0, 10, 0, 0, 0, 0, 10, 0, 0, 10, 10, 10, 10, 0, 0, 10, 10, 10, 10, 10, 10, 0, 0, 3, 0, 0, 10, 10, 0, 10, 10, 10, 10, 0, 10, 0, 0, 10, 10, 10, 10, 10, 10, 0, 0, : 10, 1, 10, 10, 10, 10, 10, 10, 10, 10, 10, 10, 10, 10, 1, 10, 10, 10, 1, 10, 10, 10, 10, 10, 10, 10, 10, 10, 10, 10, 10, 10, 10, 10, 10, 3, 10, 10, 10, 10, 10, 10, 10, 10, 10, 10, 10, 10, 10, 
115: 10, 10, 0, 10, 0, 0, 10, 0, 0, 0, 0, 0, 0, 0, 0, 0, 0, 0, 10, 0, 0, 0, 10, 10, 0, 10, 9, 10, 10, 10, 10, 10, 0, 0, 0, 10, 10, 10, 0, 0, 0, 10, 10, 10, 0, 10, 0, 0, 0, 10, 0, 0, 10, 10, 10, 0, 19, 10, 0, 0, 10, 10, 0, 10, 0, 0, 10, 10, 10, 10, 10, 0, 0, 10, 0, 0, 10, 0, 1, 10, : 10, 10, 10, 10, 10, 10, 10, 10, 9, 10, 10, 10, 10, 10, 10, 10, 10, 10, 10, 10, 10, 10, 10, 10, 10, 19, 10, 10, 10, 10, 10, 10, 10, 10, 10, 10, 10, 1, 10, 
147: 0, 0, 10, 10, 10, 0, 10, 0, 0, 10, 0, 10, 0, 0, 0, 0, 0, 10, 0, 0, 10, 10, 10, 0, 0, 0, 10, 0, 10, 0, 0, 0, 0, 0, 0, 10, 0, 10, 10, 10, 10, 0, 10, 0, 0, 10, 10, 0, 10, 0, 0, 0, 10, 10, 0, 0, 1, 10, 10, 10, 10, 0, 0, 10, 10, 0, 10, 0, 10, 0, 0, 10, 10, 0, 2, 4, 10, 0, 0, 0, : 10, 10, 10, 10, 10, 10, 10, 10, 10, 10, 10, 10, 10, 10, 10, 10, 10, 10, 10, 10, 10, 10, 10, 1, 10, 10, 10, 10, 10, 10, 10, 10, 10, 10, 2, 4, 10, 
43: 10, 0, 0, 0, 10, 0, 0, 10, 0, 0, 0, 2, 0, 2, 0, 0, 10, 0, 10, 10, 10, 0, 9, 0, 10, 10, 0, 10, 10, 10, 0, 10, 1, 0, 10, 10, 5, 10, 0, 0, 10, 0, 0, 0, 10, 0, 10, 0, 0, 10, 3, 0, 0, 10, 0, 0, 10, 0, 0, 0, 10, 10, 10, 0, 10, 0, 0, 10, 3, 0, 10, 0, 0, 0, 10, 0, 10, 0, 0, 0, : 10, 10, 10, 2, 2, 10, 10, 10, 10, 9, 10, 10, 10, 10, 10, 10, 1, 10, 10, 5, 10, 10, 10, 10, 10, 3, 10, 10, 10, 10, 10, 10, 10, 3, 10, 10, 10, 
116: 10, 1, 10, 10, 10, 10, 0, 0, 10, 10, 0, 10, 10, 0, 10, 5, 0, 10, 10, 0, 10, 10, 10, 10, 0, 10, 0, 10, 0, 0, 10, 0, 1, 10, 10, 2, 10, 0, 10, 10, 0, 0, 0, 0, 10, 0, 10, 10, 0, 0, 10, 1, 0, 0, 0, 0, 0, 0, 10, 2, 0, 10, 0, 0, 0, 10, 10, 0, 0, 19, 10, 10, 0, 0, 10, 0, 0, 0, 0, 10, : 10, 1, 10, 10, 10, 10, 10, 10, 10, 10, 10, 5, 10, 10, 10, 10, 10, 10, 10, 10, 10, 1, 10, 10, 2, 10, 10, 10, 10, 10, 10, 10, 1, 10, 2, 10, 10, 10, 19, 10, 10, 10, 10, 
145: 10, 0, 0, 10, 0, 10, 10, 0, 0, 0, 10, 10, 10, 0, 10, 10, 0, 0, 10, 10, 10, 0, 10, 10, 10, 10, 10, 10, 0, 10, 10, 0, 1, 0, 0, 0, 10, 10, 10, 0, 0, 0, 0, 0, 0, 0, 10, 0, 10, 0, 0, 0, 10, 0, 6, 10, 0, 0, 1, 10, 10, 0, 10, 0, 0, 10, 10, 10, 0, 0, 0, 10, 10, 9, 10, 0, 0, 10, 10, 0, : 10, 10, 10, 10, 10, 10, 10, 10, 10, 10, 10, 10, 10, 10, 10, 10, 10, 10, 10, 10, 1, 10, 10, 10, 10, 10, 10, 6, 10, 1, 10, 10, 10, 10, 10, 10, 10, 10, 9, 10, 10, 10, 
2: 0, 10, 0, 10, 10, 10, 0, 0, 10, 0, 0, 10, 0, 0, 0, 10, 0, 0, 10, 10, 0, 0, 0, 0, 0, 10, 0, 0, 0, 0, 0, 10, 10, 10, 0, 10, 0, 1, 0, 10, 0, 10, 10, 10, 0, 0, 0, 4, 0, 0, 10, 14, 0, 0, 0, 10, 10, 0, 10, 0, 0, 0, 0, 0, 10, 0, 10, 10, 0, 0, 10, 10, 10, 0, 10, 0, 10, 10, 0, 10, : 10, 10, 10, 10, 10, 10, 10, 10, 10, 10, 10, 10, 10, 10, 1, 10, 10, 10, 10, 4, 10, 14, 10, 10, 10, 10, 10, 10, 10, 10, 10, 10, 10, 10, 10, 
70: 10, 0, 10, 1, 0, 10, 13, 10, 0, 0, 1, 0, 10, 0, 10, 10, 10, 2, 0, 0, 10, 0, 10, 0, 10, 0, 0, 0, 10, 1, 0, 10, 10, 10, 0, 10, 0, 0, 10, 10, 10, 5, 0, 10, 10, 10, 10, 0, 0, 1, 10, 0, 10, 10, 0, 0, 10, 10, 10, 10, 10, 0, 10, 0, 10, 10, 0, 10, 10, 0, 10, 1, 10, 10, 10, 10, 0, 0, 10, 10, : 10, 10, 1, 10, 13, 10, 1, 10, 10, 10, 10, 2, 10, 10, 10, 10, 1, 10, 10, 10, 10, 10, 10, 10, 5, 10, 10, 10, 10, 1, 10, 10, 10, 10, 10, 10, 10, 10, 10, 10, 10, 10, 10, 10, 1, 10, 10, 10, 10, 10, 10, 
117: 0, 10, 10, 10, 11, 10, 0, 10, 0, 10, 10, 0, 10, 10, 10, 0, 10, 0, 0, 10, 10, 0, 0, 8, 10, 0, 10, 10, 0, 0, 0, 10, 0, 0, 10, 0, 10, 10, 0, 10, 0, 0, 14, 10, 10, 1, 0, 10, 10, 10, 0, 10, 0, 10, 10, 10, 10, 0, 10, 10, 0, 10, 10, 0, 10, 10, 0, 11, 10, 0, 0, 0, 0, 0, 10, 10, 0, 10, 0, 10, : 10, 10, 10, 11, 10, 10, 10, 10, 10, 10, 10, 10, 10, 10, 8, 10, 10, 10, 10, 10, 10, 10, 10, 14, 10, 10, 1, 10, 10, 10, 10, 10, 10, 10, 10, 10, 10, 10, 10, 10, 10, 11, 10, 10, 10, 10, 10, 
165: 10, 0, 0, 10, 10, 0, 0, 10, 0, 10, 10, 10, 0, 10, 10, 0, 10, 0, 0, 0, 10, 10, 10, 0, 10, 10, 0, 0, 10, 10, 0, 10, 10, 0, 10, 10, 10, 10, 10, 1, 0, 10, 0, 0, 10, 10, 0, 10, 0, 10, 0, 0, 10, 0, 10, 0, 10, 0, 0, 2, 0, 10, 10, 10, 0, 0, 10, 10, 10, 0, 0, 1, 0, 7, 10, 0, 10, 10, 10, 10, : 10, 10, 10, 10, 10, 10, 10, 10, 10, 10, 10, 10, 10, 10, 10, 10, 10, 10, 10, 10, 10, 10, 10, 10, 1, 10, 10, 10, 10, 10, 10, 10, 10, 2, 10, 10, 10, 10, 10, 10, 1, 7, 10, 10, 10, 10, 10, 
197: 0, 10, 10, 0, 0, 10, 10, 0, 10, 0, 10, 10, 10, 2, 10, 10, 0, 10, 0, 1, 0, 10, 10, 0, 0, 0, 0, 0, 0, 0, 10, 10, 0, 10, 0, 0, 0, 0, 0, 10, 1, 10, 0, 0, 10, 10, 10, 10, 0, 2, 10, 10, 0, 6, 0, 10, 10, 10, 0, 0, 10, 10, 0, 10, 0, 10, 0, 0, 10, 10, 10, 0, 10, 10, 0, 10, 10, 10, 0, 10, : 10, 10, 10, 10, 10, 10, 10, 10, 2, 10, 10, 10, 1, 10, 10, 10, 10, 10, 10, 1, 10, 10, 10, 10, 10, 2, 10, 10, 6, 10, 10, 10, 10, 10, 10, 10, 10, 10, 10, 10, 10, 10, 10, 10, 10, 
88: 10, 0, 10, 0, 0, 0, 0, 0, 10, 0, 0, 0, 10, 10, 10, 10, 0, 7, 0, 0, 0, 0, 0, 10, 0, 0, 10, 0, 10, 0, 0, 10, 0, 4, 0, 0, 0, 0, 10, 10, 10, 10, 0, 10, 0, 10, 10, 10, 0, 10, 10, 10, 10, 0, 10, 0, 10, 10, 0, 0, 1, 10, 10, 10, 0, 0, 0, 0, 0, 10, 10, 0, 0, 10, 0, 10, 0, 5, 10, 0, : 10, 10, 10, 10, 10, 10, 10, 7, 10, 10, 10, 10, 4, 10, 10, 10, 10, 10, 10, 10, 10, 10, 10, 10, 10, 10, 10, 10, 1, 10, 10, 10, 10, 10, 10, 10, 5, 10, 
184: 0, 10, 10, 10, 10, 0, 0, 10, 10, 10, 10, 10, 3, 10, 10, 10, 10, 10, 0, 10, 0, 10, 10, 10, 0, 10, 10, 0, 0, 0, 0, 10, 1, 10, 10, 10, 0, 10, 10, 0, 0, 10, 10, 10, 0, 0, 10, 0, 10, 10, 0, 0, 10, 10, 0, 0, 10, 10, 10, 10, 10, 10, 10, 10, 10, 10, 1, 0, 10, 10, 10, 0, 0, 10, 0, 0, 0, 0, 10, 10, : 10, 10, 10, 10, 10, 10, 10, 10, 10, 3, 10, 10, 10, 10, 10, 10, 10, 10, 10, 10, 10, 10, 1, 10, 10, 10, 10, 10, 10, 10, 10, 10, 10, 10, 10, 10, 10, 10, 10, 10, 10, 10, 10, 10, 10, 10, 1, 10, 10, 10, 10, 10, 10, 
62: 0, 10, 0, 10, 1, 10, 0, 10, 10, 10, 10, 10, 10, 10, 0, 0, 10, 10, 2, 0, 0, 10, 0, 0, 10, 10, 0, 2, 10, 10, 0, 0, 0, 20, 10, 10, 0, 0, 10, 10, 0, 0, 10, 0, 0, 10, 0, 0, 0, 10, 0, 10, 0, 10, 10, 10, 0, 10, 0, 0, 0, 0, 0, 10, 10, 0, 0, 10, 0, 0, 0, 0, 0, 0, 10, 10, 0, 10, 10, 10, : 10, 10, 1, 10, 10, 10, 10, 10, 10, 10, 10, 10, 10, 2, 10, 10, 10, 2, 10, 10, 20, 10, 10, 10, 10, 10, 10, 10, 10, 10, 10, 10, 10, 10, 10, 10, 10, 10, 10, 10, 10, 


66: 10, 0, 10, 0, 0, 10, 0, 0, 0, 0, 10, 0, 10, 10, 10, 4, 10, 4, 0, 1, 0, 10, 10, 10, 0, 10, 10, 10, 10, 10, 0, 10, 0, 0, 10, 10, 0, 0, 0, 0, 10, 0, 0, 10, 0, 0, 10, 0, 10, 0, 10, 0, 10, 0, 10, 0, 10, 10, 0, 0, 10, 0, 1, 10, 10, 10, 0, 0, 0, 0, 10, 0, 0, 0, 0, 10, 0, 0, 0, 10, : 10, 10, 10, 10, 10, 10, 10, 4, 10, 4, 1, 10, 10, 10, 10, 10, 10, 10, 10, 10, 10, 10, 10, 10, 10, 10, 10, 10, 10, 10, 10, 10, 1, 10, 10, 10, 10, 10, 10, 
33: 0, 10, 10, 10, 10, 10, 5, 0, 10, 10, 10, 10, 10, 10, 0, 10, 10, 10, 0, 1, 0, 0, 0, 0, 0, 0, 0, 0, 10, 0, 10, 10, 0, 0, 0, 0, 0, 0, 0, 0, 10, 0, 0, 0, 10, 10, 10, 0, 10, 5, 14, 10, 0, 10, 10, 10, 0, 0, 0, 0, 0, 10, 0, 0, 2, 10, 9, 10, 10, 0, 10, 0, 0, 10, 10, 10, 10, 0, 10, 0, : 10, 10, 10, 10, 10, 5, 10, 10, 10, 10, 10, 10, 10, 10, 10, 1, 10, 10, 10, 10, 10, 10, 10, 10, 5, 14, 10, 10, 10, 10, 10, 2, 10, 9, 10, 10, 10, 10, 10, 10, 10, 10, 
78: 0, 10, 0, 0, 0, 2, 10, 0, 0, 10, 10, 0, 0, 0, 0, 10, 0, 0, 0, 10, 0, 0, 10, 2, 10, 0, 10, 1, 10, 10, 0, 10, 0, 10, 0, 0, 10, 0, 0, 0, 1, 0, 0, 10, 0, 0, 1, 10, 10, 0, 2, 0, 10, 10, 0, 0, 0, 0, 0, 10, 0, 0, 0, 10, 10, 0, 0, 10, 10, 10, 0, 0, 0, 10, 0, 10, 1, 0, 0, 10, : 10, 2, 10, 10, 10, 10, 10, 10, 2, 10, 10, 1, 10, 10, 10, 10, 10, 1, 10, 1, 10, 10, 2, 10, 10, 10, 10, 10, 10, 10, 10, 10, 10, 1, 10, 
99: 10, 0, 0, 10, 10, 0, 10, 10, 0, 10, 0, 0, 10, 0, 10, 10, 0, 10, 0, 10, 10, 10, 0, 0, 0, 0, 0, 5, 0, 10, 10, 0, 0, 0, 10, 10, 0, 0, 10, 0, 0, 0, 10, 0, 10, 0, 10, 10, 0, 10, 10, 0, 0, 10, 10, 0, 10, 10, 2, 10, 10, 4, 3, 0, 0, 10, 0, 10, 10, 0, 10, 10, 0, 10, 0, 10, 10, 10, 0, 0, : 10, 10, 10, 10, 10, 10, 10, 10, 10, 10, 10, 10, 10, 5, 10, 10, 10, 10, 10, 10, 10, 10, 10, 10, 10, 10, 10, 10, 10, 2, 10, 10, 4, 3, 10, 10, 10, 10, 10, 10, 10, 10, 10, 
134: 0, 0, 0, 0, 10, 10, 0, 10, 10, 0, 10, 10, 10, 0, 10, 0, 1, 10, 10, 0, 10, 0, 10, 10, 0, 0, 10, 10, 10, 0, 0, 0, 10, 1, 6, 10, 10, 10, 0, 0, 10, 10, 0, 0, 10, 10, 0, 0, 2, 0, 10, 0, 10, 0, 10, 10, 0, 1, 0, 10, 10, 10, 10, 0, 0, 10, 10, 10, 10, 0, 10, 10, 10, 0, 0, 10, 0, 10, 1, 10, : 10, 10, 10, 10, 10, 10, 10, 10, 1, 10, 10, 10, 10, 10, 10, 10, 10, 10, 1, 6, 10, 10, 10, 10, 10, 10, 10, 2, 10, 10, 10, 10, 1, 10, 10, 10, 10, 10, 10, 10, 10, 10, 10, 10, 10, 10, 1, 10, 
58: 0, 0, 0, 10, 10, 0, 10, 0, 0, 0, 10, 10, 10, 0, 0, 10, 10, 10, 0, 10, 10, 10, 10, 0, 16, 10, 10, 0, 10, 2, 10, 0, 10, 10, 10, 0, 1, 0, 10, 0, 1, 0, 0, 2, 0, 10, 10, 10, 0, 10, 0, 10, 0, 10, 4, 9, 10, 10, 0, 10, 0, 0, 10, 10, 10, 0, 10, 10, 0, 10, 10, 0, 1, 0, 0, 0, 10, 0, 19, 4, : 10, 10, 10, 10, 10, 10, 10, 10, 10, 10, 10, 10, 10, 16, 10, 10, 10, 2, 10, 10, 10, 10, 1, 10, 1, 2, 10, 10, 10, 10, 10, 10, 4, 9, 10, 10, 10, 10, 10, 10, 10, 10, 10, 10, 1, 10, 19, 4, 
118: 10, 5, 0, 0, 0, 0, 0, 10, 10, 10, 10, 10, 1, 10, 1, 15, 0, 10, 10, 10, 10, 10, 10, 0, 0, 10, 10, 0, 0, 0, 0, 0, 0, 10, 0, 0, 0, 0, 10, 10, 0, 10, 10, 10, 0, 0, 10, 1, 0, 0, 0, 1, 10, 0, 10, 0, 0, 0, 0, 0, 0, 10, 10, 0, 10, 0, 10, 0, 10, 10, 10, 0, 0, 10, 0, 0, 0, 10, 10, 0, : 10, 5, 10, 10, 10, 10, 10, 1, 10, 1, 15, 10, 10, 10, 10, 10, 10, 10, 10, 10, 10, 10, 10, 10, 10, 10, 1, 1, 10, 10, 10, 10, 10, 10, 10, 10, 10, 10, 10, 10, 
101: 0, 10, 10, 10, 10, 10, 0, 10, 0, 0, 0, 0, 10, 3, 10, 10, 10, 10, 5, 10, 4, 0, 10, 0, 10, 10, 0, 10, 10, 0, 10, 10, 0, 0, 0, 0, 2, 10, 10, 0, 10, 1, 10, 10, 0, 10, 0, 10, 10, 0, 1, 0, 0, 0, 0, 0, 10, 10, 2, 0, 0, 10, 10, 10, 0, 10, 0, 0, 10, 10, 4, 10, 2, 10, 0, 10, 0, 0, 0, 0, : 10, 10, 10, 10, 10, 10, 10, 3, 10, 10, 10, 10, 5, 10, 4, 10, 10, 10, 10, 10, 10, 10, 2, 10, 10, 10, 1, 10, 10, 10, 10, 10, 1, 10, 10, 2, 10, 10, 10, 10, 10, 10, 4, 10, 2, 10, 10, 
136: 10, 0, 10, 0, 10, 0, 10, 0, 10, 10, 0, 0, 0, 0, 10, 10, 10, 0, 0, 10, 10, 10, 0, 10, 10, 10, 0, 10, 10, 0, 0, 1, 10, 10, 10, 0, 0, 10, 10, 10, 0, 10, 10, 10, 0, 0, 0, 0, 19, 0, 0, 0, 0, 10, 10, 10, 0, 10, 10, 0, 0, 0, 10, 0, 0, 0, 10, 10, 0, 10, 10, 1, 10, 10, 0, 0, 0, 10, 0, 10, : 10, 10, 10, 10, 10, 10, 10, 10, 10, 10, 10, 10, 10, 10, 10, 10, 10, 1, 10, 10, 10, 10, 10, 10, 10, 10, 10, 19, 10, 10, 10, 10, 10, 10, 10, 10, 10, 10, 1, 10, 10, 10, 10, 
98: 10, 10, 10, 10, 0, 0, 0, 10, 0, 10, 10, 10, 1, 10, 0, 0, 10, 10, 0, 0, 10, 10, 10, 0, 0, 10, 10, 10, 0, 10, 0, 2, 0, 1, 0, 10, 0, 0, 0, 10, 10, 10, 10, 10, 0, 0, 0, 10, 0, 10, 1, 10, 10, 0, 10, 10, 0, 10, 10, 10, 0, 0, 5, 0, 10, 10, 10, 10, 0, 5, 0, 1, 10, 10, 10, 0, 0, 0, 1, 10, : 10, 10, 10, 10, 10, 10, 10, 10, 1, 10, 10, 10, 10, 10, 10, 10, 10, 10, 10, 2, 1, 10, 10, 10, 10, 10, 10, 10, 10, 1, 10, 10, 10, 10, 10, 10, 10, 5, 10, 10, 10, 10, 5, 1, 10, 10, 10, 1, 10, 
129: 10, 0, 4, 10, 10, 0, 0, 10, 1, 10, 0, 0, 10, 10, 0, 10, 14, 10, 10, 10, 0, 10, 0, 0, 10, 0, 10, 10, 0, 0, 0, 10, 0, 10, 0, 10, 10, 10, 10, 10, 10, 10, 0, 0, 10, 0, 10, 0, 10, 0, 10, 10, 0, 10, 10, 10, 0, 10, 10, 0, 0, 0, 0, 10, 10, 0, 10, 0, 0, 10, 10, 0, 0, 0, 0, 10, 3, 0, 10, 10, : 10, 4, 10, 10, 10, 1, 10, 10, 10, 10, 14, 10, 10, 10, 10, 10, 10, 10, 10, 10, 10, 10, 10, 10, 10, 10, 10, 10, 10, 10, 10, 10, 10, 10, 10, 10, 10, 10, 10, 10, 10, 10, 10, 3, 10, 10, 
169: 0, 0, 0, 0, 10, 0, 10, 10, 0, 0, 10, 0, 0, 10, 4, 0, 0, 0, 10, 10, 10, 10, 10, 10, 10, 10, 1, 0, 0, 10, 0, 10, 10, 10, 0, 0, 10, 0, 0, 0, 10, 0, 0, 10, 10, 0, 0, 0, 10, 0, 10, 10, 10, 0, 10, 0, 10, 10, 0, 0, 10, 1, 0, 10, 0, 10, 0, 4, 0, 0, 10, 10, 10, 10, 10, 0, 10, 10, 10, 0, : 10, 10, 10, 10, 10, 4, 10, 10, 10, 10, 10, 10, 10, 10, 1, 10, 10, 10, 10, 10, 10, 10, 10, 10, 10, 10, 10, 10, 10, 10, 10, 1, 10, 10, 4, 10, 10, 10, 10, 10, 10, 10, 10, 
22: 0, 10, 0, 10, 0, 0, 10, 0, 0, 0, 0, 10, 0, 10, 0, 4, 0, 0, 10, 1, 10, 10, 10, 0, 10, 10, 0, 0, 10, 10, 0, 8, 10, 10, 10, 0, 20, 0, 3, 0, 10, 0, 0, 1, 10, 10, 0, 10, 0, 10, 0, 10, 10, 10, 10, 10, 0, 0, 0, 0, 10, 0, 4, 0, 0, 1, 6, 10, 0, 0, 0, 10, 0, 10, 0, 10, 10, 0, 10, 0, : 10, 10, 10, 10, 10, 4, 10, 1, 10, 10, 10, 10, 10, 10, 10, 8, 10, 10, 10, 20, 3, 10, 1, 10, 10, 10, 10, 10, 10, 10, 10, 10, 10, 4, 1, 6, 10, 10, 10, 10, 10, 10, 
187: 10, 10, 10, 0, 10, 10, 0, 10, 0, 10, 10, 0, 0, 0, 10, 0, 0, 0, 0, 0, 10, 0, 10, 0, 10, 0, 0, 10, 10, 0, 10, 10, 5, 0, 0, 10, 1, 9, 10, 10, 10, 10, 0, 8, 0, 10, 10, 2, 0, 0, 0, 10, 10, 10, 10, 0, 10, 0, 10, 0, 0, 10, 0, 3, 10, 10, 6, 10, 12, 10, 0, 0, 10, 10, 4, 0, 0, 0, 10, 10, : 10, 10, 10, 10, 10, 10, 10, 10, 10, 10, 10, 10, 10, 10, 10, 10, 5, 10, 1, 9, 10, 10, 10, 10, 8, 10, 10, 2, 10, 10, 10, 10, 10, 10, 10, 3, 10, 10, 6, 10, 12, 10, 10, 10, 4, 10, 10, 
137: 10, 10, 10, 10, 10, 10, 0, 0, 10, 4, 0, 0, 10, 0, 10, 0, 0, 10, 0, 0, 0, 0, 0, 3, 0, 0, 0, 0, 10, 10, 10, 10, 0, 10, 10, 0, 10, 0, 0, 0, 10, 10, 10, 10, 10, 0, 1, 0, 10, 0, 0, 0, 1, 10, 10, 10, 0, 0, 0, 0, 2, 10, 10, 10, 0, 10, 10, 0, 10, 0, 0, 10, 10, 10, 1, 10, 10, 6, 0, 10, : 10, 10, 10, 10, 10, 10, 10, 4, 10, 10, 10, 3, 10, 10, 10, 10, 10, 10, 10, 10, 10, 10, 10, 10, 1, 10, 1, 10, 10, 10, 2, 10, 10, 10, 10, 10, 10, 10, 10, 10, 1, 10, 10, 6, 10, 
84: 10, 10, 1, 10, 0, 0, 10, 10, 2, 10, 4, 0, 0, 10, 10, 10, 0, 0, 0, 10, 0, 10, 0, 0, 0, 1, 0, 10, 0, 10, 10, 1, 10, 2, 10, 0, 0, 0, 0, 10, 10, 10, 1, 10, 5, 0, 0, 0, 10, 10, 0, 0, 10, 10, 0, 10, 0, 1, 10, 0, 10, 10, 10, 10, 10, 0, 0, 10, 0, 0, 10, 10, 10, 0, 0, 0, 1, 1, 0, 0, : 10, 10, 1, 10, 10, 10, 2, 10, 4, 10, 10, 10, 10, 10, 1, 10, 10, 10, 1, 10, 2, 10, 10, 10, 10, 1, 10, 5, 10, 10, 10, 10, 10, 1, 10, 10, 10, 10, 10, 10, 10, 10, 10, 10, 1, 1, 
144: 3, 10, 10, 10, 10, 10, 0, 0, 10, 10, 0, 10, 0, 0, 0, 0, 0, 10, 10, 10, 0, 0, 0, 10, 10, 0, 10, 0, 2, 10, 16, 10, 0, 0, 10, 10, 10, 10, 0, 0, 10, 0, 10, 10, 10, 10, 10, 10, 10, 10, 0, 10, 10, 10, 0, 10, 10, 0, 0, 10, 1, 10, 0, 2, 3, 0, 10, 10, 10, 10, 10, 10, 10, 0, 10, 10, 0, 10, 0, 0, : 3, 10, 10, 10, 10, 10, 10, 10, 10, 10, 10, 10, 10, 10, 10, 2, 10, 16, 10, 10, 10, 10, 10, 10, 10, 10, 10, 10, 10, 10, 10, 10, 10, 10, 10, 10, 10, 10, 1, 10, 2, 3, 10, 10, 10, 10, 10, 10, 10, 10, 10, 10, 
172: 0, 10, 0, 10, 0, 10, 10, 0, 10, 0, 10, 10, 10, 0, 10, 10, 10, 10, 0, 0, 10, 0, 10, 10, 10, 10, 10, 10, 0, 0, 10, 0, 10, 0, 10, 10, 10, 0, 0, 10, 0, 0, 10, 7, 10, 10, 10, 10, 0, 0, 10, 10, 10, 4, 10, 1, 10, 0, 10, 0, 10, 10, 10, 10, 0, 10, 10, 0, 0, 10, 10, 10, 0, 0, 10, 0, 10, 0, 0, 10, : 10, 10, 10, 10, 10, 10, 10, 10, 10, 10, 10, 10, 10, 10, 10, 10, 10, 10, 10, 10, 10, 10, 10, 10, 10, 10, 7, 10, 10, 10, 10, 10, 10, 10, 4, 10, 1, 10, 10, 10, 10, 10, 10, 10, 10, 10, 10, 10, 10, 10, 10, 
146: 10, 10, 0, 0, 0, 0, 10, 0, 10, 8, 0, 10, 10, 0, 10, 10, 10, 10, 10, 10, 10, 10, 0, 0, 10, 10, 10, 10, 0, 10, 10, 10, 10, 10, 10, 5, 10, 10, 10, 0, 0, 10, 10, 0, 0, 0, 0, 10, 0, 0, 10, 10, 0, 10, 0, 0, 10, 0, 2, 0, 0, 0, 10, 0, 10, 0, 0, 1, 0, 10, 0, 10, 0, 0, 0, 0, 10, 10, 10, 10, : 10, 10, 10, 10, 8, 10, 10, 10, 10, 10, 10, 10, 10, 10, 10, 10, 10, 10, 10, 10, 10, 10, 10, 10, 10, 5, 10, 10, 10, 10, 10, 10, 10, 10, 10, 10, 2, 10, 10, 1, 10, 10, 10, 10, 10, 10, 
192: 0, 10, 0, 10, 10, 10, 10, 10, 0, 10, 0, 0, 0, 10, 10, 10, 10, 0, 0, 10, 10, 0, 1, 10, 0, 2, 16, 0, 0, 0, 0, 0, 10, 10, 10, 0, 10, 10, 1, 10, 10, 10, 0, 0, 10, 0, 10, 10, 10, 0, 0, 10, 0, 1, 0, 15, 10, 1, 10, 10, 0, 0, 0, 10, 10, 10, 2, 0, 0, 10, 0, 2, 10, 10, 0, 10, 0, 10, 0, 0, : 10, 10, 10, 10, 10, 10, 10, 10, 10, 10, 10, 10, 10, 1, 10, 2, 16, 10, 10, 10, 10, 10, 1, 10, 10, 10, 10, 10, 10, 10, 10, 1, 15, 10, 1, 10, 10, 10, 10, 10, 2, 10, 2, 10, 10, 10, 10, 
121: 10, 0, 0, 10, 0, 10, 0, 10, 10, 10, 0, 0, 1, 10, 0, 0, 0, 0, 0, 0, 0, 0, 0, 10, 0, 10, 0, 10, 10, 10, 0, 0, 0, 0, 0, 10, 0, 10, 10, 10, 7, 14, 0, 0, 10, 0, 10, 10, 10, 10, 0, 10, 0, 0, 10, 0, 10, 10, 0, 10, 10, 10, 0, 10, 0, 0, 0, 0, 0, 0, 10, 10, 10, 0, 10, 10, 0, 0, 10, 10, : 10, 10, 10, 10, 10, 10, 1, 10, 10, 10, 10, 10, 10, 10, 10, 10, 10, 7, 14, 10, 10, 10, 10, 10, 10, 10, 10, 10, 10, 10, 10, 10, 10, 10, 10, 10, 10, 10, 10, 
156: 0, 0, 0, 10, 0, 0, 0, 10, 0, 10, 10, 0, 0, 0, 10, 0, 0, 0, 10, 0, 0, 0, 10, 10, 0, 10, 0, 10, 10, 1, 0, 0, 10, 10, 10, 0, 0, 4, 10, 10, 0, 0, 10, 10, 0, 10, 10, 10, 10, 10, 10, 10, 10, 0, 0, 10, 10, 10, 0, 10, 8, 10, 2, 0, 10, 4, 0, 0, 10, 0, 0, 0, 10, 0, 10, 10, 10, 10, 0, 10, : 10, 10, 10, 10, 10, 10, 10, 10, 10, 10, 10, 1, 10, 10, 10, 4, 10, 10, 10, 10, 10, 10, 10, 10, 10, 10, 10, 10, 10, 10, 10, 10, 8, 10, 2, 10, 4, 10, 10, 10, 10, 10, 10, 10, 
138: 10, 10, 10, 10, 0, 10, 10, 10, 10, 0, 10, 10, 10, 0, 0, 0, 0, 10, 10, 0, 10, 0, 1, 0, 10, 0, 0, 2, 0, 0, 10, 10, 10, 1, 10, 0, 10, 10, 10, 0, 0, 10, 10, 0, 10, 10, 10, 10, 10, 0, 0, 0, 0, 10, 0, 10, 10, 0, 10, 0, 0, 10, 0, 10, 0, 10, 0, 10, 0, 10, 10, 10, 0, 0, 10, 0, 10, 8, 10, 10, : 10, 10, 10, 10, 10, 10, 10, 10, 10, 10, 10, 10, 10, 10, 1, 10, 2, 10, 10, 10, 1, 10, 10, 10, 10, 10, 10, 10, 10, 10, 10, 10, 10, 10, 10, 10, 10, 10, 10, 10, 10, 10, 10, 10, 10, 8, 10, 10, 
112: 0, 0, 0, 10, 5, 0, 0, 2, 10, 10, 1, 10, 0, 2, 10, 10, 10, 0, 10, 10, 0, 0, 10, 10, 0, 0, 10, 0, 10, 2, 0, 15, 0, 0, 0, 0, 0, 0, 0, 0, 0, 10, 4, 0, 10, 1, 10, 10, 0, 10, 10, 0, 10, 10, 0, 10, 4, 10, 10, 10, 10, 0, 10, 0, 10, 0, 10, 10, 2, 10, 0, 10, 10, 10, 10, 10, 0, 10, 0, 10, : 10, 5, 2, 10, 10, 1, 10, 2, 10, 10, 10, 10, 10, 10, 10, 10, 10, 2, 15, 10, 4, 10, 1, 10, 10, 10, 10, 10, 10, 10, 4, 10, 10, 10, 10, 10, 10, 10, 10, 2, 10, 10, 10, 10, 10, 10, 10, 10, 
50: 0, 0, 0, 0, 10, 0, 0, 1, 10, 10, 0, 10, 0, 10, 0, 10, 0, 0, 10, 0, 0, 10, 0, 0, 10, 10, 0, 0, 0, 10, 0, 0, 0, 0, 0, 0, 0, 10, 10, 0, 4, 0, 10, 0, 10, 0, 0, 10, 0, 10, 10, 10, 10, 10, 0, 0, 0, 10, 10, 0, 0, 10, 10, 0, 10, 0, 0, 0, 10, 0, 0, 10, 10, 10, 10, 0, 10, 10, 10, 0, : 10, 1, 10, 10, 10, 10, 10, 10, 10, 10, 10, 10, 10, 10, 4, 10, 10, 10, 10, 10, 10, 10, 10, 10, 10, 10, 10, 10, 10, 10, 10, 10, 10, 10, 10, 10, 
29: 10, 10, 10, 0, 0, 0, 0, 10, 10, 10, 0, 13, 10, 0, 0, 10, 10, 0, 10, 12, 10, 0, 3, 0, 0, 0, 0, 0, 10, 0, 10, 0, 10, 10, 0, 0, 10, 10, 0, 10, 1, 0, 0, 10, 0, 10, 10, 0, 0, 0, 0, 0, 0, 0, 0, 0, 0, 10, 0, 10, 10, 0, 0, 10, 10, 10, 10, 10, 0, 10, 1, 1, 10, 10, 0, 0, 10, 0, 10, 10, : 10, 10, 10, 10, 10, 10, 13, 10, 10, 10, 10, 12, 10, 3, 10, 10, 10, 10, 10, 10, 10, 1, 10, 10, 10, 10, 10, 10, 10, 10, 10, 10, 10, 10, 1, 1, 10, 10, 10, 10, 10, 
55: 10, 10, 10, 1, 0, 10, 10, 0, 0, 0, 0, 10, 0, 0, 10, 10, 0, 10, 10, 10, 0, 0, 0, 10, 10, 0, 0, 10, 0, 0, 4, 18, 10, 0, 0, 10, 10, 10, 0, 0, 0, 10, 10, 10, 0, 10, 10, 0, 0, 0, 10, 10, 10, 0, 10, 10, 0, 0, 10, 1, 0, 10, 0, 10, 10, 10, 10, 0, 0, 0, 0, 10, 1, 4, 0, 10, 0, 10, 10, 0, : 10, 10, 10, 1, 10, 10, 10, 10, 10, 10, 10, 10, 10, 10, 10, 4, 18, 10, 10, 10, 10, 10, 10, 10, 10, 10, 10, 10, 10, 10, 10, 10, 1, 10, 10, 10, 10, 10, 10, 1, 4, 10, 10, 10, 
45: 10, 10, 0, 1, 10, 0, 0, 10, 10, 0, 10, 0, 10, 10, 10, 0, 10, 1, 0, 10, 10, 10, 10, 10, 10, 10, 0, 10, 10, 10, 1, 0, 10, 0, 10, 0, 1, 10, 10, 10, 0, 0, 0, 10, 0, 10, 0, 10, 12, 10, 0, 2, 0, 10, 10, 0, 10, 0, 0, 10, 0, 0, 0, 0, 0, 10, 0, 0, 10, 0, 0, 0, 0, 0, 10, 10, 10, 0, 0, 0, : 10, 10, 1, 10, 10, 10, 10, 10, 10, 10, 10, 1, 10, 10, 10, 10, 10, 10, 10, 10, 10, 10, 1, 10, 10, 1, 10, 10, 10, 10, 10, 10, 12, 10, 2, 10, 10, 10, 10, 10, 10, 10, 10, 10, 
79: 0, 10, 0, 0, 0, 10, 10, 0, 0, 1, 10, 10, 0, 10, 10, 0, 0, 0, 0, 0, 10, 10, 10, 10, 0, 10, 0, 0, 0, 10, 0, 10, 0, 10, 0, 10, 0, 10, 10, 0, 10, 10, 10, 10, 0, 13, 10, 10, 0, 10, 0, 0, 0, 10, 0, 0, 10, 10, 10, 10, 4, 10, 10, 10, 0, 0, 10, 0, 10, 0, 0, 10, 10, 0, 10, 0, 10, 10, 10, 0, : 10, 10, 10, 1, 10, 10, 10, 10, 10, 10, 10, 10, 10, 10, 10, 10, 10, 10, 10, 10, 10, 10, 10, 13, 10, 10, 10, 10, 10, 10, 10, 10, 4, 10, 10, 10, 10, 10, 10, 10, 10, 10, 10, 10, 
171: 0, 0, 10, 0, 0, 10, 0, 10, 0, 2, 10, 10, 10, 0, 0, 0, 10, 0, 10, 10, 0, 0, 10, 10, 10, 0, 10, 0, 10, 10, 0, 10, 10, 10, 8, 0, 10, 0, 10, 15, 10, 0, 0, 0, 0, 0, 10, 0, 10, 0, 0, 0, 1, 0, 10, 0, 10, 10, 10, 10, 10, 10, 10, 0, 10, 1, 10, 0, 10, 0, 10, 0, 0, 0, 0, 10, 0, 10, 10, 10, : 10, 10, 10, 2, 10, 10, 10, 10, 10, 10, 10, 10, 10, 10, 10, 10, 10, 10, 10, 8, 10, 10, 15, 10, 10, 10, 1, 10, 10, 10, 10, 10, 10, 10, 10, 10, 1, 10, 10, 10, 10, 10, 10, 10, 
106: 0, 0, 10, 10, 10, 0, 0, 10, 10, 10, 0, 0, 10, 10, 10, 0, 10, 10, 10, 0, 10, 10, 0, 10, 0, 0, 10, 2, 10, 10, 14, 0, 0, 10, 0, 10, 10, 10, 10, 10, 10, 10, 0, 0, 0, 0, 0, 10, 0, 0, 10, 10, 13, 0, 10, 0, 0, 10, 10, 10, 10, 0, 10, 0, 0, 10, 10, 10, 0, 10, 10, 10, 0, 10, 10, 0, 10, 10, 0, 10, : 10, 10, 10, 10, 10, 10, 10, 10, 10, 10, 10, 10, 10, 10, 10, 10, 2, 10, 10, 14, 10, 10, 10, 10, 10, 10, 10, 10, 10, 10, 10, 13, 10, 10, 10, 10, 10, 10, 10, 10, 10, 10, 10, 10, 10, 10, 10, 10, 10, 
87: 2, 0, 10, 0, 10, 10, 10, 10, 2, 0, 0, 0, 10, 0, 10, 0, 10, 10, 10, 10, 10, 10, 0, 0, 0, 1, 4, 10, 0, 0, 0, 10, 10, 0, 0, 10, 10, 10, 1, 10, 10, 0, 10, 10, 10, 1, 0, 0, 0, 10, 0, 10, 0, 0, 0, 0, 10, 0, 10, 0, 0, 0, 10, 0, 10, 10, 0, 10, 10, 0, 0, 10, 0, 0, 10, 5, 0, 0, 0, 10, : 2, 10, 10, 10, 10, 10, 2, 10, 10, 10, 10, 10, 10, 10, 10, 1, 4, 10, 10, 10, 10, 10, 10, 1, 10, 10, 10, 10, 10, 1, 10, 10, 10, 10, 10, 10, 10, 10, 10, 10, 10, 5, 10, 
198: 10, 0, 10, 3, 0, 3, 10, 10, 0, 10, 0, 0, 10, 10, 10, 10, 0, 0, 0, 0, 5, 10, 0, 0, 0, 1, 10, 14, 10, 0, 10, 10, 10, 0, 10, 10, 10, 10, 10, 0, 0, 10, 10, 3, 10, 10, 1, 0, 0, 10, 10, 18, 0, 0, 0, 10, 0, 10, 10, 4, 0, 0, 10, 0, 0, 9, 0, 10, 0, 10, 0, 0, 10, 10, 10, 0, 10, 0, 10, 0, : 10, 10, 3, 3, 10, 10, 10, 10, 10, 10, 10, 5, 10, 1, 10, 14, 10, 10, 10, 10, 10, 10, 10, 10, 10, 10, 10, 3, 10, 10, 1, 10, 10, 18, 10, 10, 10, 4, 10, 9, 10, 10, 10, 10, 10, 10, 10, 
57: 0, 10, 10, 10, 10, 10, 10, 0, 0, 0, 10, 10, 1, 10, 0, 0, 0, 10, 10, 0, 0, 0, 0, 10, 15, 0, 10, 10, 10, 10, 10, 10, 10, 10, 10, 10, 0, 0, 10, 0, 0, 10, 0, 10, 10, 10, 10, 0, 7, 10, 7, 0, 0, 0, 0, 10, 10, 10, 10, 10, 10, 10, 10, 10, 0, 0, 10, 0, 1, 0, 10, 10, 0, 1, 10, 0, 10, 10, 0, 0, : 10, 10, 10, 10, 10, 10, 10, 10, 1, 10, 10, 10, 10, 15, 10, 10, 10, 10, 10, 10, 10, 10, 10, 10, 10, 10, 10, 10, 10, 10, 7, 10, 7, 10, 10, 10, 10, 10, 10, 10, 10, 10, 10, 1, 10, 10, 1, 10, 10, 10, 
180: 10, 10, 10, 0, 0, 10, 10, 0, 10, 10, 0, 10, 0, 10, 0, 0, 0, 10, 10, 0, 0, 5, 10, 10, 10, 0, 1, 0, 0, 0, 10, 0, 0, 10, 10, 10, 0, 0, 0, 10, 1, 0, 0, 4, 0, 10, 0, 10, 10, 0, 10, 0, 10, 0, 0, 0, 0, 10, 0, 10, 10, 10, 0, 10, 10, 0, 0, 10, 10, 0, 0, 10, 0, 0, 10, 10, 0, 0, 0, 0, : 10, 10, 10, 10, 10, 10, 10, 10, 10, 10, 10, 5, 10, 10, 10, 1, 10, 10, 10, 10, 10, 1, 4, 10, 10, 10, 10, 10, 10, 10, 10, 10, 10, 10, 10, 10, 10, 10, 10, 
63: 10, 0, 10, 10, 0, 0, 0, 10, 10, 0, 10, 10, 10, 10, 0, 10, 10, 0, 0, 10, 6, 0, 0, 0, 0, 10, 10, 10, 3, 10, 10, 0, 10, 10, 0, 10, 0, 0, 10, 10, 10, 0, 10, 0, 0, 0, 0, 2, 0, 10, 10, 10, 10, 10, 10, 10, 10, 10, 1, 0, 10, 0, 10, 0, 10, 0, 0, 0, 10, 10, 10, 0, 10, 10, 10, 0, 10, 0, 10, 0, : 10, 10, 10, 10, 10, 10, 10, 10, 10, 10, 10, 10, 6, 10, 10, 10, 3, 10, 10, 10, 10, 10, 10, 10, 10, 10, 2, 10, 10, 10, 10, 10, 10, 10, 10, 10, 1, 10, 10, 10, 10, 10, 10, 10, 10, 10, 10, 10, 
125: 0, 0, 0, 0, 10, 10, 0, 0, 10, 0, 0, 2, 10, 10, 0, 2, 10, 10, 10, 0, 10, 10, 10, 10, 10, 10, 0, 0, 0, 10, 10, 0, 10, 0, 1, 10, 0, 10, 0, 10, 0, 10, 10, 10, 10, 10, 10, 0, 0, 10, 10, 0, 10, 10, 10, 10, 0, 0, 8, 10, 10, 10, 10, 0, 10, 0, 10, 10, 0, 10, 10, 0, 10, 0, 10, 0, 0, 10, 4, 10, : 10, 10, 10, 2, 10, 10, 2, 10, 10, 10, 10, 10, 10, 10, 10, 10, 10, 10, 10, 1, 10, 10, 10, 10, 10, 10, 10, 10, 10, 10, 10, 10, 10, 10, 10, 8, 10, 10, 10, 10, 10, 10, 10, 10, 10, 10, 10, 10, 4, 10, 
139: 10, 0, 10, 0, 0, 0, 10, 2, 10, 0, 10, 0, 1, 0, 0, 0, 10, 10, 10, 10, 0, 10, 10, 10, 4, 10, 13, 1, 0, 0, 10, 0, 0, 10, 10, 10, 10, 10, 0, 0, 0, 0, 0, 0, 10, 10, 0, 0, 15, 10, 10, 0, 10, 0, 1, 10, 0, 0, 0, 0, 10, 0, 0, 10, 0, 10, 0, 10, 10, 10, 10, 0, 10, 10, 10, 0, 0, 0, 10, 1, : 10, 10, 10, 2, 10, 10, 1, 10, 10, 10, 10, 10, 10, 10, 4, 10, 13, 1, 10, 10, 10, 10, 10, 10, 10, 10, 15, 10, 10, 10, 1, 10, 10, 10, 10, 10, 10, 10, 10, 10, 10, 10, 10, 1, 
46: 0, 10, 0, 10, 10, 10, 10, 0, 0, 0, 10, 0, 0, 0, 0, 0, 10, 0, 0, 0, 0, 0, 10, 0, 0, 10, 0, 10, 0, 10, 0, 0, 0, 10, 0, 10, 0, 2, 10, 10, 10, 0, 10, 0, 0, 0, 2, 10, 0, 10, 10, 1, 0, 0, 0, 0, 1, 0, 10, 10, 10, 0, 0, 10, 0, 0, 2, 0, 10, 10, 0, 0, 1, 10, 0, 10, 10, 10, 10, 0, : 10, 10, 10, 10, 10, 10, 10, 10, 10, 10, 10, 10, 10, 2, 10, 10, 10, 10, 2, 10, 10, 10, 1, 1, 10, 10, 10, 10, 2, 10, 10, 1, 10, 10, 10, 10, 10, 
47: 10, 0, 10, 0, 10, 10, 10, 0, 10, 0, 10, 10, 10, 10, 10, 10, 0, 0, 0, 0, 0, 10, 0, 10, 0, 10, 10, 0, 10, 0, 0, 0, 0, 0, 10, 0, 10, 0, 0, 10, 0, 10, 10, 0, 10, 10, 0, 0, 0, 10, 0, 3, 0, 10, 0, 0, 10, 2, 10, 10, 10, 10, 0, 10, 0, 10, 10, 0, 10, 0, 0, 0, 10, 0, 0, 10, 10, 10, 0, 10, : 10, 10, 10, 10, 10, 10, 10, 10, 10, 10, 10, 10, 10, 10, 10, 10, 10, 10, 10, 10, 10, 10, 10, 10, 10, 3, 10, 10, 2, 10, 10, 10, 10, 10, 10, 10, 10, 10, 10, 10, 10, 10, 


38: 0, 10, 0, 10, 0, 0, 0, 10, 10, 10, 3, 10, 0, 0, 0, 1, 0, 0, 0, 10, 5, 0, 0, 0, 0, 1, 0, 10, 10, 0, 0, 0, 10, 10, 0, 0, 0, 10, 0, 10, 0, 0, 10, 10, 10, 10, 10, 0, 0, 0, 10, 10, 0, 0, 10, 0, 1, 0, 0, 0, 10, 10, 10, 10, 0, 10, 10, 10, 10, 10, 0, 0, 10, 0, 2, 0, 0, 0, 0, 10, : 10, 10, 10, 10, 10, 3, 10, 1, 10, 5, 1, 10, 10, 10, 10, 10, 10, 10, 10, 10, 10, 10, 10, 10, 10, 1, 10, 10, 10, 10, 10, 10, 10, 10, 10, 10, 2, 10, 
162: 0, 0, 0, 0, 0, 10, 0, 10, 0, 0, 10, 0, 10, 0, 10, 0, 0, 1, 0, 10, 0, 0, 0, 10, 10, 10, 5, 0, 1, 10, 0, 1, 10, 0, 10, 10, 10, 0, 0, 10, 10, 10, 7, 10, 0, 0, 0, 10, 10, 6, 0, 10, 0, 1, 10, 10, 0, 1, 10, 0, 10, 0, 10, 10, 0, 1, 6, 10, 10, 0, 1, 10, 0, 0, 10, 0, 10, 0, 0, 0, : 10, 10, 10, 10, 10, 1, 10, 10, 10, 10, 5, 1, 10, 1, 10, 10, 10, 10, 10, 10, 10, 7, 10, 10, 10, 6, 10, 1, 10, 10, 1, 10, 10, 10, 10, 1, 6, 10, 10, 1, 10, 10, 10, 
113: 0, 0, 0, 0, 10, 0, 0, 10, 10, 0, 10, 10, 0, 10, 0, 10, 0, 10, 10, 10, 0, 10, 0, 0, 10, 0, 10, 0, 3, 0, 0, 0, 10, 0, 4, 0, 10, 10, 0, 10, 10, 0, 0, 10, 0, 0, 0, 10, 10, 0, 0, 10, 1, 0, 0, 10, 10, 10, 5, 10, 10, 0, 0, 1, 10, 0, 10, 18, 10, 10, 10, 10, 10, 10, 10, 0, 10, 0, 10, 10, : 10, 10, 10, 10, 10, 10, 10, 10, 10, 10, 10, 10, 10, 3, 10, 4, 10, 10, 10, 10, 10, 10, 10, 10, 1, 10, 10, 10, 5, 10, 10, 1, 10, 10, 18, 10, 10, 10, 10, 10, 10, 10, 10, 10, 10, 
196: 0, 0, 10, 10, 0, 10, 0, 0, 10, 10, 10, 0, 10, 0, 0, 0, 10, 10, 10, 10, 10, 0, 10, 0, 0, 1, 10, 10, 0, 0, 10, 10, 10, 0, 10, 10, 10, 0, 10, 0, 10, 10, 10, 10, 10, 10, 10, 0, 10, 0, 0, 10, 1, 10, 0, 10, 19, 10, 10, 10, 0, 10, 0, 0, 0, 0, 10, 10, 10, 0, 0, 0, 10, 0, 10, 10, 0, 10, 10, 10, : 10, 10, 10, 10, 10, 10, 10, 10, 10, 10, 10, 10, 10, 1, 10, 10, 10, 10, 10, 10, 10, 10, 10, 10, 10, 10, 10, 10, 10, 10, 10, 10, 1, 10, 10, 19, 10, 10, 10, 10, 10, 10, 10, 10, 10, 10, 10, 10, 10, 
18: 0, 0, 0, 10, 10, 10, 10, 0, 10, 10, 10, 0, 10, 0, 0, 10, 0, 10, 0, 10, 10, 0, 10, 10, 2, 10, 10, 0, 0, 0, 10, 10, 0, 0, 0, 0, 0, 10, 10, 0, 0, 10, 0, 10, 10, 0, 1, 10, 10, 0, 0, 10, 10, 0, 10, 0, 10, 0, 0, 10, 0, 10, 0, 10, 10, 10, 0, 0, 0, 0, 10, 0, 10, 5, 10, 10, 10, 10, 1, 0, : 10, 10, 10, 10, 10, 10, 10, 10, 10, 10, 10, 10, 10, 10, 2, 10, 10, 10, 10, 10, 10, 10, 10, 10, 1, 10, 10, 10, 10, 10, 10, 10, 10, 10, 10, 10, 10, 10, 5, 10, 10, 10, 10, 1, 
151: 5, 10, 0, 0, 0, 0, 10, 10, 0, 10, 10, 0, 0, 0, 0, 0, 10, 10, 2, 0, 10, 10, 10, 6, 10, 0, 10, 0, 0, 10, 10, 0, 10, 10, 10, 0, 10, 10, 0, 0, 10, 10, 10, 0, 0, 10, 10, 10, 10, 10, 10, 10, 10, 0, 0, 2, 10, 10, 10, 10, 0, 10, 10, 3, 0, 0, 10, 10, 10, 0, 10, 10, 0, 0, 0, 10, 0, 0, 0, 10, : 5, 10, 10, 10, 10, 10, 10, 10, 2, 10, 10, 10, 6, 10, 10, 10, 10, 10, 10, 10, 10, 10, 10, 10, 10, 10, 10, 10, 10, 10, 10, 10, 10, 2, 10, 10, 10, 10, 10, 10, 3, 10, 10, 10, 10, 10, 10, 10, 
130: 10, 0, 10, 0, 3, 0, 10, 10, 0, 10, 0, 0, 10, 10, 10, 10, 10, 10, 10, 0, 10, 0, 0, 10, 10, 10, 10, 0, 0, 0, 3, 10, 10, 10, 0, 0, 0, 0, 10, 0, 0, 10, 10, 10, 10, 0, 0, 10, 10, 0, 0, 10, 10, 10, 10, 0, 10, 0, 0, 10, 0, 0, 10, 0, 10, 10, 0, 0, 0, 10, 10, 9, 0, 0, 10, 10, 10, 10, 0, 10, : 10, 10, 3, 10, 10, 10, 10, 10, 10, 10, 10, 10, 10, 10, 10, 10, 10, 10, 3, 10, 10, 10, 10, 10, 10, 10, 10, 10, 10, 10, 10, 10, 10, 10, 10, 10, 10, 10, 10, 10, 9, 10, 10, 10, 10, 10, 
200: 0, 0, 10, 10, 1, 0, 12, 0, 10, 10, 10, 0, 0, 10, 10, 10, 10, 0, 0, 10, 10, 10, 0, 10, 10, 10, 0, 10, 10, 0, 0, 0, 10, 10, 0, 10, 10, 0, 0, 10, 0, 0, 0, 0, 0, 4, 0, 10, 0, 0, 0, 0, 10, 0, 10, 0, 0, 0, 10, 0, 10, 0, 0, 10, 10, 0, 0, 1, 10, 10, 10, 0, 0, 10, 10, 0, 1, 10, 10, 0, : 10, 10, 1, 12, 10, 10, 10, 10, 10, 10, 10, 10, 10, 10, 10, 10, 10, 10, 10, 10, 10, 10, 10, 10, 4, 10, 10, 10, 10, 10, 10, 10, 1, 10, 10, 10, 10, 10, 1, 10, 10, 
25: 0, 0, 10, 10, 0, 16, 10, 10, 0, 0, 0, 10, 10, 10, 0, 10, 10, 0, 0, 0, 0, 0, 10, 10, 0, 10, 10, 0, 10, 10, 0, 0, 0, 0, 0, 0, 0, 1, 0, 10, 10, 0, 0, 0, 1, 10, 10, 0, 10, 0, 10, 10, 0, 10, 10, 10, 0, 10, 10, 10, 10, 0, 10, 0, 10, 10, 0, 0, 0, 0, 1, 0, 0, 10, 10, 0, 10, 10, 10, 0, : 10, 10, 16, 10, 10, 10, 10, 10, 10, 10, 10, 10, 10, 10, 10, 10, 1, 10, 10, 1, 10, 10, 10, 10, 10, 10, 10, 10, 10, 10, 10, 10, 10, 10, 10, 1, 10, 10, 10, 10, 10, 
122: 10, 10, 0, 0, 10, 10, 10, 10, 0, 0, 0, 0, 10, 0, 0, 0, 7, 0, 10, 0, 10, 10, 1, 10, 0, 10, 0, 0, 0, 9, 0, 3, 0, 0, 0, 10, 0, 0, 10, 1, 0, 10, 1, 10, 10, 0, 10, 0, 10, 0, 0, 10, 10, 0, 10, 10, 10, 10, 0, 0, 1, 5, 0, 0, 10, 0, 0, 10, 10, 10, 10, 10, 0, 0, 1, 10, 10, 10, 10, 10, : 10, 10, 10, 10, 10, 10, 10, 7, 10, 10, 10, 1, 10, 10, 9, 3, 10, 10, 1, 10, 1, 10, 10, 10, 10, 10, 10, 10, 10, 10, 10, 1, 5, 10, 10, 10, 10, 10, 10, 1, 10, 10, 10, 10, 10, 
1: 0, 16, 0, 10, 10, 0, 0, 0, 0, 0, 10, 0, 0, 10, 10, 0, 0, 3, 10, 10, 0, 5, 10, 10, 0, 0, 0, 10, 0, 10, 10, 10, 10, 10, 0, 0, 10, 0, 10, 0, 0, 0, 10, 10, 0, 10, 10, 0, 0, 10, 10, 1, 10, 0, 5, 0, 10, 3, 0, 0, 0, 10, 10, 10, 0, 10, 0, 10, 0, 10, 0, 10, 10, 4, 0, 5, 10, 10, 0, 10, : 16, 10, 10, 10, 10, 10, 3, 10, 10, 5, 10, 10, 10, 10, 10, 10, 10, 10, 10, 10, 10, 10, 10, 10, 10, 10, 1, 10, 5, 10, 3, 10, 10, 10, 10, 10, 10, 10, 10, 4, 5, 10, 10, 10, 
160: 10, 17, 10, 10, 10, 0, 10, 10, 0, 10, 0, 0, 10, 10, 10, 10, 10, 0, 0, 0, 0, 10, 0, 10, 10, 10, 0, 10, 10, 0, 0, 10, 1, 0, 0, 10, 10, 0, 10, 10, 10, 10, 10, 10, 0, 10, 10, 10, 4, 10, 0, 10, 0, 0, 10, 10, 0, 0, 10, 4, 0, 10, 0, 10, 10, 0, 0, 0, 0, 10, 0, 0, 10, 10, 0, 10, 0, 10, 10, 0, : 10, 17, 10, 10, 10, 10, 10, 10, 10, 10, 10, 10, 10, 10, 10, 10, 10, 10, 10, 10, 1, 10, 10, 10, 10, 10, 10, 10, 10, 10, 10, 10, 4, 10, 10, 10, 10, 10, 4, 10, 10, 10, 10, 10, 10, 10, 10, 10, 
52: 10, 10, 10, 10, 10, 2, 10, 10, 3, 10, 0, 10, 10, 10, 0, 0, 0, 10, 10, 10, 0, 0, 0, 0, 10, 10, 0, 0, 0, 10, 10, 1, 10, 0, 0, 3, 0, 10, 0, 0, 0, 10, 10, 10, 0, 10, 10, 10, 0, 0, 0, 10, 2, 10, 0, 2, 0, 0, 10, 10, 0, 0, 10, 0, 5, 10, 0, 10, 0, 3, 0, 10, 1, 10, 10, 10, 10, 10, 10, 0, : 10, 10, 10, 10, 10, 2, 10, 10, 3, 10, 10, 10, 10, 10, 10, 10, 10, 10, 10, 10, 1, 10, 3, 10, 10, 10, 10, 10, 10, 10, 10, 2, 10, 2, 10, 10, 10, 5, 10, 10, 3, 10, 1, 10, 10, 10, 10, 10, 10, 
128: 15, 0, 10, 10, 0, 0, 10, 0, 0, 0, 0, 10, 0, 0, 10, 10, 10, 1, 10, 0, 10, 10, 10, 0, 0, 0, 10, 10, 10, 0, 10, 0, 10, 10, 1, 10, 10, 0, 10, 10, 10, 0, 0, 0, 0, 0, 0, 10, 10, 10, 0, 10, 10, 10, 6, 10, 0, 10, 0, 10, 0, 10, 10, 19, 10, 10, 0, 0, 0, 0, 10, 0, 10, 0, 10, 10, 0, 9, 0, 10, : 15, 10, 10, 10, 10, 10, 10, 10, 1, 10, 10, 10, 10, 10, 10, 10, 10, 10, 10, 1, 10, 10, 10, 10, 10, 10, 10, 10, 10, 10, 10, 6, 10, 10, 10, 10, 10, 19, 10, 10, 10, 10, 10, 10, 9, 10, 
148: 0, 9, 10, 10, 10, 10, 0, 10, 1, 0, 0, 0, 0, 10, 0, 0, 0, 0, 2, 0, 10, 0, 10, 10, 1, 0, 10, 10, 0, 0, 0, 0, 0, 10, 0, 0, 10, 10, 0, 0, 0, 3, 0, 0, 10, 10, 10, 0, 0, 0, 10, 0, 10, 0, 0, 0, 0, 10, 10, 10, 10, 10, 10, 0, 10, 10, 10, 0, 10, 0, 10, 10, 0, 0, 0, 10, 0, 10, 10, 10, : 9, 10, 10, 10, 10, 10, 1, 10, 2, 10, 10, 10, 1, 10, 10, 10, 10, 10, 3, 10, 10, 10, 10, 10, 10, 10, 10, 10, 10, 10, 10, 10, 10, 10, 10, 10, 10, 10, 10, 10, 
39: 0, 0, 0, 0, 0, 0, 0, 0, 0, 0, 10, 0, 10, 10, 10, 4, 10, 0, 0, 10, 0, 10, 10, 10, 0, 0, 0, 0, 0, 10, 10, 10, 0, 10, 10, 10, 10, 10, 0, 10, 0, 10, 0, 0, 10, 10, 10, 10, 0, 10, 0, 4, 0, 0, 2, 10, 10, 10, 0, 10, 10, 0, 0, 10, 0, 10, 0, 10, 0, 10, 10, 0, 10, 0, 0, 10, 0, 0, 1, 0, : 10, 10, 10, 10, 4, 10, 10, 10, 10, 10, 10, 10, 10, 10, 10, 10, 10, 10, 10, 10, 10, 10, 10, 10, 10, 4, 2, 10, 10, 10, 10, 10, 10, 10, 10, 10, 10, 10, 10, 1, 
131: 6, 0, 0, 0, 10, 0, 0, 0, 0, 0, 0, 10, 0, 10, 0, 10, 0, 10, 0, 10, 10, 10, 0, 0, 10, 10, 10, 10, 0, 0, 0, 10, 10, 0, 0, 0, 10, 0, 10, 0, 10, 0, 0, 0, 0, 10, 0, 10, 0, 10, 0, 10, 10, 10, 10, 10, 0, 10, 0, 10, 10, 0, 10, 0, 0, 0, 0, 0, 10, 10, 0, 2, 3, 0, 0, 0, 0, 4, 10, 0, : 6, 10, 10, 10, 10, 10, 10, 10, 10, 10, 10, 10, 10, 10, 10, 10, 10, 10, 10, 10, 10, 10, 10, 10, 10, 10, 10, 10, 10, 10, 10, 10, 2, 3, 4, 10, 
31: 0, 0, 0, 0, 0, 0, 0, 10, 10, 10, 0, 10, 0, 10, 10, 10, 0, 10, 10, 10, 0, 10, 10, 0, 10, 10, 0, 2, 10, 10, 10, 10, 1, 0, 10, 10, 0, 0, 10, 7, 10, 0, 0, 10, 10, 0, 10, 0, 10, 10, 10, 0, 10, 10, 10, 10, 10, 10, 10, 10, 10, 0, 10, 10, 10, 10, 0, 0, 0, 0, 10, 0, 0, 10, 0, 0, 0, 0, 0, 10, : 10, 10, 10, 10, 10, 10, 10, 10, 10, 10, 10, 10, 10, 10, 2, 10, 10, 10, 10, 1, 10, 10, 10, 7, 10, 10, 10, 10, 10, 10, 10, 10, 10, 10, 10, 10, 10, 10, 10, 10, 10, 10, 10, 10, 10, 10, 10, 
189: 10, 10, 0, 10, 0, 0, 10, 10, 10, 10, 10, 0, 0, 0, 10, 10, 0, 10, 10, 0, 0, 0, 10, 0, 0, 0, 10, 1, 10, 10, 10, 0, 0, 0, 10, 0, 10, 0, 10, 0, 0, 0, 10, 5, 10, 10, 0, 10, 10, 10, 10, 10, 0, 10, 0, 0, 10, 0, 0, 18, 1, 10, 10, 0, 0, 0, 10, 0, 10, 0, 10, 10, 10, 5, 10, 0, 10, 10, 10, 10, : 10, 10, 10, 10, 10, 10, 10, 10, 10, 10, 10, 10, 10, 10, 1, 10, 10, 10, 10, 10, 10, 10, 5, 10, 10, 10, 10, 10, 10, 10, 10, 10, 18, 1, 10, 10, 10, 10, 10, 10, 10, 5, 10, 10, 10, 10, 10, 
170: 10, 10, 10, 10, 10, 0, 0, 12, 1, 0, 10, 0, 0, 0, 0, 0, 0, 0, 10, 0, 10, 10, 10, 8, 0, 0, 10, 0, 0, 1, 10, 0, 10, 10, 10, 0, 10, 10, 10, 10, 0, 0, 10, 0, 0, 0, 0, 10, 0, 0, 10, 10, 10, 0, 10, 0, 0, 0, 0, 10, 10, 0, 10, 0, 10, 10, 10, 0, 0, 10, 10, 10, 10, 10, 0, 10, 0, 0, 0, 10, : 10, 10, 10, 10, 10, 12, 1, 10, 10, 10, 10, 10, 8, 10, 1, 10, 10, 10, 10, 10, 10, 10, 10, 10, 10, 10, 10, 10, 10, 10, 10, 10, 10, 10, 10, 10, 10, 10, 10, 10, 10, 10, 
91: 10, 10, 10, 10, 0, 10, 0, 0, 10, 10, 10, 15, 10, 10, 10, 10, 0, 0, 10, 10, 0, 0, 10, 0, 10, 0, 0, 10, 10, 1, 10, 10, 10, 10, 0, 10, 10, 0, 0, 10, 10, 0, 0, 0, 10, 0, 0, 2, 0, 10, 10, 0, 0, 10, 10, 0, 10, 10, 10, 2, 0, 10, 0, 10, 0, 10, 10, 10, 10, 0, 10, 10, 10, 10, 10, 10, 0, 0, 10, 5, : 10, 10, 10, 10, 10, 10, 10, 10, 15, 10, 10, 10, 10, 10, 10, 10, 10, 10, 10, 1, 10, 10, 10, 10, 10, 10, 10, 10, 10, 2, 10, 10, 10, 10, 10, 10, 10, 2, 10, 10, 10, 10, 10, 10, 10, 10, 10, 10, 10, 10, 10, 5, 
155: 0, 0, 10, 0, 10, 10, 10, 10, 10, 0, 0, 0, 13, 0, 6, 10, 10, 10, 0, 0, 10, 10, 0, 10, 0, 10, 0, 0, 10, 10, 10, 0, 0, 10, 10, 0, 0, 0, 10, 10, 10, 0, 2, 0, 0, 10, 2, 0, 10, 0, 0, 0, 10, 0, 10, 0, 10, 10, 0, 0, 1, 10, 0, 0, 0, 10, 10, 0, 10, 0, 0, 0, 10, 10, 10, 0, 0, 7, 10, 10, : 10, 10, 10, 10, 10, 10, 13, 6, 10, 10, 10, 10, 10, 10, 10, 10, 10, 10, 10, 10, 10, 10, 10, 2, 10, 2, 10, 10, 10, 10, 10, 1, 10, 10, 10, 10, 10, 10, 10, 7, 10, 10, 
90: 0, 0, 10, 0, 0, 10, 10, 10, 10, 10, 0, 10, 10, 2, 10, 10, 10, 0, 0, 10, 0, 0, 10, 0, 10, 1, 0, 0, 10, 10, 0, 0, 0, 0, 10, 10, 0, 10, 10, 7, 10, 10, 10, 10, 10, 0, 0, 10, 0, 10, 10, 0, 0, 0, 0, 10, 0, 10, 0, 0, 1, 0, 0, 10, 10, 0, 0, 10, 0, 0, 0, 10, 0, 1, 10, 10, 2, 10, 10, 10, : 10, 10, 10, 10, 10, 10, 10, 10, 2, 10, 10, 10, 10, 10, 10, 1, 10, 10, 10, 10, 10, 10, 7, 10, 10, 10, 10, 10, 10, 10, 10, 10, 10, 1, 10, 10, 10, 10, 1, 10, 10, 2, 10, 10, 10, 
74: 10, 0, 10, 0, 10, 14, 0, 3, 10, 10, 0, 10, 1, 0, 0, 10, 0, 0, 0, 0, 10, 10, 0, 10, 0, 14, 0, 0, 0, 0, 0, 0, 0, 3, 10, 10, 0, 0, 10, 10, 10, 0, 10, 0, 0, 10, 0, 10, 0, 18, 12, 0, 10, 10, 2, 10, 1, 0, 0, 0, 0, 0, 0, 0, 10, 0, 0, 10, 10, 10, 10, 10, 0, 0, 2, 0, 0, 0, 2, 10, : 10, 10, 10, 14, 3, 10, 10, 10, 1, 10, 10, 10, 10, 14, 3, 10, 10, 10, 10, 10, 10, 10, 10, 18, 12, 10, 10, 2, 10, 1, 10, 10, 10, 10, 10, 10, 2, 2, 10, 
51: 10, 0, 10, 0, 10, 10, 0, 0, 0, 10, 10, 10, 0, 0, 10, 0, 10, 10, 0, 10, 0, 0, 0, 10, 10, 1, 10, 10, 10, 10, 10, 10, 10, 0, 10, 0, 10, 0, 0, 0, 0, 0, 10, 10, 10, 0, 0, 0, 0, 10, 10, 0, 0, 0, 10, 0, 0, 10, 10, 10, 10, 10, 0, 0, 10, 10, 0, 0, 10, 0, 0, 10, 0, 10, 10, 10, 10, 0, 10, 0, : 10, 10, 10, 10, 10, 10, 10, 10, 10, 10, 10, 10, 10, 1, 10, 10, 10, 10, 10, 10, 10, 10, 10, 10, 10, 10, 10, 10, 10, 10, 10, 10, 10, 10, 10, 10, 10, 10, 10, 10, 10, 10, 10, 
54: 10, 10, 0, 10, 8, 0, 0, 10, 10, 10, 0, 10, 10, 10, 10, 10, 10, 10, 11, 1, 0, 10, 10, 10, 1, 0, 0, 0, 0, 0, 10, 10, 0, 10, 10, 10, 2, 10, 0, 0, 0, 10, 0, 10, 0, 10, 10, 0, 0, 0, 10, 0, 10, 0, 0, 10, 10, 0, 10, 0, 10, 10, 0, 10, 0, 10, 10, 0, 10, 0, 0, 10, 10, 0, 0, 10, 10, 20, 10, 10, : 10, 10, 10, 8, 10, 10, 10, 10, 10, 10, 10, 10, 10, 10, 11, 1, 10, 10, 10, 1, 10, 10, 10, 10, 10, 2, 10, 10, 10, 10, 10, 10, 10, 10, 10, 10, 10, 10, 10, 10, 10, 10, 10, 10, 10, 10, 20, 10, 10, 
20: 0, 10, 10, 10, 10, 10, 0, 0, 10, 0, 10, 10, 0, 0, 10, 0, 2, 0, 10, 1, 10, 0, 10, 0, 10, 10, 10, 10, 10, 10, 10, 10, 10, 0, 10, 10, 10, 10, 10, 10, 0, 7, 10, 0, 1, 10, 0, 10, 1, 10, 10, 0, 0, 0, 0, 10, 13, 10, 0, 0, 10, 10, 0, 0, 0, 10, 0, 10, 1, 0, 0, 0, 10, 10, 0, 0, 10, 3, 10, 10, : 10, 10, 10, 10, 10, 10, 10, 10, 10, 2, 10, 1, 10, 10, 10, 10, 10, 10, 10, 10, 10, 10, 10, 10, 10, 10, 10, 10, 10, 7, 10, 1, 10, 10, 1, 10, 10, 10, 13, 10, 10, 10, 10, 10, 1, 10, 10, 10, 3, 10, 10, 
119: 10, 10, 5, 0, 10, 0, 10, 0, 10, 0, 0, 0, 10, 0, 10, 0, 16, 0, 0, 10, 10, 10, 0, 10, 10, 0, 10, 10, 0, 4, 10, 10, 10, 10, 0, 0, 3, 14, 10, 0, 10, 0, 10, 0, 0, 0, 19, 0, 0, 10, 10, 0, 10, 0, 0, 10, 0, 0, 10, 0, 0, 10, 0, 10, 10, 1, 0, 10, 10, 12, 0, 10, 10, 0, 0, 0, 0, 0, 10, 10, : 10, 10, 5, 10, 10, 10, 10, 10, 16, 10, 10, 10, 10, 10, 10, 10, 4, 10, 10, 10, 10, 3, 14, 10, 10, 10, 19, 10, 10, 10, 10, 10, 10, 10, 10, 1, 10, 10, 12, 10, 10, 10, 10, 
110: 0, 0, 10, 10, 0, 10, 0, 1, 10, 6, 0, 0, 10, 3, 0, 10, 0, 10, 10, 3, 0, 0, 0, 10, 10, 3, 0, 0, 0, 10, 0, 0, 2, 10, 0, 10, 10, 10, 0, 0, 0, 10, 0, 10, 10, 0, 0, 10, 10, 0, 0, 0, 10, 10, 10, 10, 10, 10, 0, 10, 0, 0, 10, 10, 0, 10, 0, 5, 0, 0, 0, 1, 0, 10, 0, 0, 0, 0, 0, 0, : 10, 10, 10, 1, 10, 6, 10, 3, 10, 10, 10, 3, 10, 10, 3, 10, 2, 10, 10, 10, 10, 10, 10, 10, 10, 10, 10, 10, 10, 10, 10, 10, 10, 10, 10, 10, 5, 1, 10, 
11: 0, 3, 10, 10, 0, 10, 10, 0, 0, 0, 12, 10, 10, 0, 0, 10, 0, 10, 10, 10, 10, 0, 5, 0, 10, 10, 0, 0, 10, 0, 0, 10, 0, 1, 10, 0, 0, 0, 0, 10, 0, 10, 0, 0, 10, 10, 10, 0, 0, 10, 10, 0, 0, 10, 0, 10, 0, 0, 0, 10, 10, 0, 0, 0, 10, 0, 10, 0, 0, 10, 10, 0, 0, 0, 10, 10, 2, 0, 10, 0, : 3, 10, 10, 10, 10, 12, 10, 10, 10, 10, 10, 10, 10, 5, 10, 10, 10, 10, 1, 10, 10, 10, 10, 10, 10, 10, 10, 10, 10, 10, 10, 10, 10, 10, 10, 10, 10, 2, 10, 
191: 0, 10, 0, 0, 0, 10, 0, 10, 0, 0, 0, 10, 10, 10, 0, 0, 10, 0, 0, 0, 0, 0, 0, 0, 0, 10, 10, 2, 10, 10, 10, 0, 10, 10, 0, 10, 0, 0, 10, 0, 10, 0, 0, 0, 0, 10, 6, 3, 10, 0, 10, 0, 10, 10, 0, 1, 0, 0, 10, 0, 10, 0, 10, 10, 0, 0, 10, 1, 10, 0, 10, 3, 0, 10, 0, 0, 10, 0, 0, 0, : 10, 10, 10, 10, 10, 10, 10, 10, 10, 2, 10, 10, 10, 10, 10, 10, 10, 10, 10, 6, 3, 10, 10, 10, 10, 1, 10, 10, 10, 10, 10, 1, 10, 10, 3, 10, 10, 
190: 0, 10, 0, 5, 10, 0, 0, 0, 10, 0, 0, 15, 0, 10, 7, 0, 0, 0, 10, 10, 10, 10, 10, 0, 10, 0, 10, 10, 10, 10, 0, 0, 0, 10, 10, 10, 0, 10, 10, 10, 0, 0, 10, 10, 10, 10, 10, 0, 10, 10, 10, 10, 0, 20, 0, 0, 0, 10, 0, 10, 10, 10, 10, 0, 10, 10, 10, 0, 0, 10, 10, 0, 10, 10, 0, 0, 10, 0, 0, 0, : 10, 5, 10, 10, 15, 10, 7, 10, 10, 10, 10, 10, 10, 10, 10, 10, 10, 10, 10, 10, 10, 10, 10, 10, 10, 10, 10, 10, 10, 10, 10, 10, 20, 10, 10, 10, 10, 10, 10, 10, 10, 10, 10, 10, 10, 10, 
26: 16, 0, 0, 10, 3, 10, 10, 10, 10, 0, 10, 0, 10, 10, 10, 0, 0, 10, 0, 0, 0, 10, 0, 0, 0, 10, 10, 10, 0, 10, 0, 0, 10, 0, 10, 2, 10, 10, 10, 10, 0, 10, 10, 10, 3, 0, 16, 0, 0, 10, 0, 0, 0, 10, 0, 10, 10, 0, 10, 0, 1, 10, 10, 0, 0, 10, 10, 10, 10, 10, 0, 10, 1, 0, 10, 0, 10, 0, 10, 0, : 16, 10, 3, 10, 10, 10, 10, 10, 10, 10, 10, 10, 10, 10, 10, 10, 10, 10, 10, 2, 10, 10, 10, 10, 10, 10, 10, 3, 16, 10, 10, 10, 10, 10, 1, 10, 10, 10, 10, 10, 10, 10, 10, 1, 10, 10, 10, 
41: 13, 0, 0, 0, 10, 3, 0, 0, 0, 19, 10, 0, 0, 0, 0, 0, 0, 0, 0, 0, 10, 0, 9, 0, 0, 1, 0, 10, 10, 0, 2, 10, 0, 1, 0, 10, 0, 0, 0, 10, 10, 10, 10, 10, 0, 10, 0, 0, 10, 0, 3, 0, 0, 10, 0, 0, 0, 0, 0, 0, 10, 0, 10, 10, 10, 0, 9, 10, 10, 10, 10, 10, 0, 0, 0, 10, 0, 10, 10, 0, : 13, 10, 3, 19, 10, 10, 9, 1, 10, 10, 2, 10, 1, 10, 10, 10, 10, 10, 10, 10, 10, 3, 10, 10, 10, 10, 10, 9, 10, 10, 10, 10, 10, 10, 10, 10, 
123: 0, 0, 0, 10, 10, 10, 10, 3, 10, 10, 10, 10, 0, 10, 0, 10, 10, 0, 10, 0, 10, 0, 10, 0, 10, 3, 10, 10, 1, 10, 10, 10, 0, 0, 10, 0, 10, 10, 4, 10, 10, 0, 10, 10, 10, 0, 0, 10, 10, 0, 10, 0, 0, 0, 10, 0, 0, 10, 0, 0, 0, 0, 1, 10, 0, 0, 10, 0, 4, 10, 0, 0, 0, 10, 10, 10, 10, 2, 1, 10, : 10, 10, 10, 10, 3, 10, 10, 10, 10, 10, 10, 10, 10, 10, 10, 10, 3, 10, 10, 1, 10, 10, 10, 10, 10, 10, 4, 10, 10, 10, 10, 10, 10, 10, 10, 10, 10, 1, 10, 10, 4, 10, 10, 10, 10, 10, 2, 1, 10, 
185: 10, 10, 0, 0, 0, 10, 10, 10, 10, 0, 10, 10, 10, 0, 2, 10, 10, 10, 0, 0, 0, 10, 10, 1, 10, 10, 10, 10, 10, 0, 0, 10, 0, 10, 10, 10, 0, 0, 0, 10, 10, 10, 0, 0, 0, 10, 10, 10, 0, 1, 0, 10, 0, 10, 10, 0, 10, 0, 10, 0, 10, 0, 10, 0, 0, 0, 10, 0, 0, 0, 0, 0, 10, 10, 10, 0, 10, 10, 0, 10, : 10, 10, 10, 10, 10, 10, 10, 10, 10, 2, 10, 10, 10, 10, 10, 1, 10, 10, 10, 10, 10, 10, 10, 10, 10, 10, 10, 10, 10, 10, 10, 1, 10, 10, 10, 10, 10, 10, 10, 10, 10, 10, 10, 10, 10, 10, 
178: 10, 10, 10, 0, 0, 0, 10, 0, 10, 10, 10, 0, 10, 10, 10, 10, 0, 10, 10, 10, 0, 10, 10, 10, 1, 0, 0, 10, 10, 10, 0, 10, 10, 0, 0, 10, 0, 10, 0, 0, 0, 10, 0, 0, 10, 0, 0, 10, 10, 0, 0, 10, 0, 10, 0, 10, 10, 10, 10, 0, 10, 10, 3, 0, 10, 0, 10, 10, 0, 10, 10, 10, 10, 10, 0, 0, 10, 10, 0, 0, : 10, 10, 10, 10, 10, 10, 10, 10, 10, 10, 10, 10, 10, 10, 10, 10, 10, 1, 10, 10, 10, 10, 10, 10, 10, 10, 10, 10, 10, 10, 10, 10, 10, 10, 10, 10, 10, 3, 10, 10, 10, 10, 10, 10, 10, 10, 10, 10, 
16: 10, 10, 0, 0, 0, 0, 10, 6, 0, 0, 0, 0, 1, 10, 10, 0, 10, 10, 0, 10, 10, 10, 0, 10, 0, 0, 0, 10, 10, 10, 10, 10, 1, 10, 10, 0, 0, 10, 0, 0, 10, 15, 0, 0, 10, 1, 0, 0, 0, 10, 0, 10, 10, 0, 10, 0, 10, 0, 10, 0, 0, 0, 0, 10, 0, 3, 10, 10, 0, 10, 10, 10, 10, 0, 10, 10, 0, 0, 0, 0, : 10, 10, 10, 6, 1, 10, 10, 10, 10, 10, 10, 10, 10, 10, 10, 10, 10, 10, 1, 10, 10, 10, 10, 15, 10, 1, 10, 10, 10, 10, 10, 10, 10, 3, 10, 10, 10, 10, 10, 10, 10, 10, 
35: 0, 10, 10, 0, 10, 0, 3, 0, 0, 10, 0, 5, 0, 10, 10, 0, 10, 10, 10, 0, 10, 0, 0, 0, 10, 10, 0, 10, 0, 0, 0, 0, 0, 10, 0, 10, 10, 10, 10, 0, 5, 10, 10, 10, 10, 0, 10, 0, 10, 10, 0, 0, 11, 4, 0, 10, 0, 10, 10, 1, 0, 10, 10, 2, 0, 10, 10, 0, 0, 10, 3, 0, 0, 10, 10, 0, 10, 0, 0, 0, : 10, 10, 10, 3, 10, 5, 10, 10, 10, 10, 10, 10, 10, 10, 10, 10, 10, 10, 10, 10, 5, 10, 10, 10, 10, 10, 10, 10, 11, 4, 10, 10, 10, 1, 10, 10, 2, 10, 10, 10, 3, 10, 10, 10, 
183: 10, 0, 10, 10, 10, 10, 10, 0, 0, 0, 10, 10, 0, 0, 0, 0, 10, 10, 10, 10, 0, 10, 0, 10, 0, 10, 10, 0, 10, 0, 10, 10, 10, 10, 10, 0, 0, 10, 1, 0, 10, 0, 5, 0, 10, 0, 1, 0, 10, 0, 10, 10, 10, 10, 10, 0, 1, 1, 10, 10, 10, 10, 1, 10, 10, 0, 0, 10, 10, 0, 0, 0, 10, 10, 0, 10, 10, 10, 0, 0, : 10, 10, 10, 10, 10, 10, 10, 10, 10, 10, 10, 10, 10, 10, 10, 10, 10, 10, 10, 10, 10, 10, 10, 1, 10, 5, 10, 1, 10, 10, 10, 10, 10, 10, 1, 1, 10, 10, 10, 10, 1, 10, 10, 10, 10, 10, 10, 10, 10, 10, 


174: 10, 10, 10, 10, 0, 0, 10, 0, 0, 0, 10, 0, 0, 0, 10, 10, 10, 10, 10, 1, 0, 0, 0, 0, 10, 0, 10, 10, 0, 10, 10, 0, 10, 0, 10, 0, 0, 1, 10, 10, 0, 10, 0, 0, 0, 10, 0, 10, 0, 1, 0, 10, 10, 10, 10, 18, 10, 10, 10, 0, 10, 10, 10, 10, 10, 10, 10, 10, 15, 0, 10, 10, 10, 0, 10, 0, 0, 10, 0, 10, : 10, 10, 10, 10, 10, 10, 10, 10, 10, 10, 10, 1, 10, 10, 10, 10, 10, 10, 10, 1, 10, 10, 10, 10, 10, 1, 10, 10, 10, 10, 18, 10, 10, 10, 10, 10, 10, 10, 10, 10, 10, 10, 15, 10, 10, 10, 10, 10, 10, 
186: 0, 10, 10, 0, 10, 10, 0, 10, 0, 10, 10, 0, 0, 0, 0, 0, 10, 0, 10, 10, 0, 0, 0, 0, 0, 10, 0, 10, 0, 0, 0, 0, 0, 10, 10, 0, 9, 10, 0, 0, 0, 0, 0, 10, 10, 10, 0, 0, 10, 10, 10, 0, 10, 0, 10, 10, 0, 10, 0, 10, 0, 0, 0, 2, 0, 0, 0, 0, 0, 10, 10, 10, 1, 1, 0, 0, 10, 0, 10, 10, : 10, 10, 10, 10, 10, 10, 10, 10, 10, 10, 10, 10, 10, 10, 9, 10, 10, 10, 10, 10, 10, 10, 10, 10, 10, 10, 10, 2, 10, 10, 10, 1, 1, 10, 10, 10, 
94: 10, 0, 0, 10, 1, 0, 10, 0, 10, 0, 1, 10, 0, 0, 10, 0, 0, 5, 2, 10, 3, 0, 0, 4, 0, 10, 0, 0, 10, 10, 0, 5, 10, 0, 10, 10, 0, 10, 10, 0, 10, 0, 10, 10, 0, 10, 10, 10, 10, 0, 10, 10, 0, 10, 10, 10, 10, 10, 0, 10, 10, 0, 0, 0, 10, 10, 10, 0, 10, 0, 10, 0, 0, 10, 0, 0, 10, 0, 0, 0, : 10, 10, 1, 10, 10, 1, 10, 10, 5, 2, 10, 3, 4, 10, 10, 10, 5, 10, 10, 10, 10, 10, 10, 10, 10, 10, 10, 10, 10, 10, 10, 10, 10, 10, 10, 10, 10, 10, 10, 10, 10, 10, 10, 10, 10, 
61: 0, 0, 20, 10, 10, 10, 10, 10, 7, 10, 10, 0, 10, 10, 10, 10, 4, 0, 10, 0, 0, 10, 10, 10, 0, 10, 10, 0, 10, 10, 5, 0, 0, 0, 10, 0, 10, 10, 0, 10, 0, 10, 6, 10, 0, 0, 0, 10, 10, 0, 10, 10, 0, 0, 10, 3, 0, 0, 0, 10, 10, 10, 0, 10, 1, 10, 0, 0, 0, 10, 10, 10, 10, 10, 10, 10, 0, 10, 10, 0, : 20, 10, 10, 10, 10, 10, 7, 10, 10, 10, 10, 10, 10, 4, 10, 10, 10, 10, 10, 10, 10, 10, 5, 10, 10, 10, 10, 10, 6, 10, 10, 10, 10, 10, 10, 3, 10, 10, 10, 10, 1, 10, 10, 10, 10, 10, 10, 10, 10, 10, 10, 
179: 10, 10, 10, 0, 10, 0, 0, 0, 0, 8, 0, 0, 0, 10, 10, 10, 0, 0, 10, 10, 10, 10, 10, 0, 10, 10, 10, 0, 10, 10, 0, 0, 0, 0, 0, 10, 10, 10, 0, 10, 0, 10, 10, 10, 10, 10, 10, 10, 0, 10, 0, 0, 10, 0, 0, 0, 10, 0, 10, 0, 10, 0, 10, 0, 10, 10, 10, 0, 10, 0, 10, 0, 0, 0, 10, 0, 0, 10, 10, 0, : 10, 10, 10, 10, 8, 10, 10, 10, 10, 10, 10, 10, 10, 10, 10, 10, 10, 10, 10, 10, 10, 10, 10, 10, 10, 10, 10, 10, 10, 10, 10, 10, 10, 10, 10, 10, 10, 10, 10, 10, 10, 10, 10, 
95: 10, 10, 10, 0, 10, 0, 0, 10, 0, 0, 10, 10, 0, 1, 10, 10, 10, 10, 0, 10, 10, 0, 10, 10, 10, 10, 10, 10, 10, 10, 10, 0, 0, 0, 10, 0, 0, 0, 10, 10, 0, 10, 10, 0, 0, 10, 10, 10, 10, 3, 0, 10, 10, 10, 0, 10, 10, 0, 0, 10, 10, 0, 10, 0, 0, 0, 0, 0, 0, 10, 0, 10, 0, 10, 0, 10, 10, 10, 0, 0, : 10, 10, 10, 10, 10, 10, 10, 1, 10, 10, 10, 10, 10, 10, 10, 10, 10, 10, 10, 10, 10, 10, 10, 10, 10, 10, 10, 10, 10, 10, 10, 10, 3, 10, 10, 10, 10, 10, 10, 10, 10, 10, 10, 10, 10, 10, 10, 
111: 10, 10, 0, 0, 10, 0, 2, 0, 0, 10, 10, 0, 0, 10, 0, 10, 10, 10, 0, 10, 10, 0, 10, 0, 10, 10, 0, 0, 10, 10, 0, 10, 10, 10, 3, 0, 0, 10, 10, 0, 20, 1, 10, 10, 0, 0, 2, 0, 10, 0, 1, 10, 10, 0, 0, 0, 0, 0, 0, 0, 3, 10, 0, 0, 10, 0, 0, 10, 0, 0, 0, 10, 10, 10, 10, 10, 10, 0, 3, 10, : 10, 10, 10, 2, 10, 10, 10, 10, 10, 10, 10, 10, 10, 10, 10, 10, 10, 10, 10, 10, 3, 10, 10, 20, 1, 10, 10, 2, 10, 1, 10, 10, 3, 10, 10, 10, 10, 10, 10, 10, 10, 10, 3, 10, 
132: 0, 0, 0, 10, 0, 0, 0, 0, 0, 0, 10, 0, 10, 0, 0, 0, 0, 0, 10, 0, 3, 10, 0, 0, 10, 0, 0, 0, 10, 0, 0, 10, 0, 10, 0, 10, 0, 0, 0, 10, 10, 0, 0, 10, 1, 10, 10, 10, 10, 0, 0, 0, 0, 10, 10, 0, 0, 11, 10, 10, 0, 10, 0, 10, 10, 10, 10, 2, 2, 0, 2, 10, 0, 20, 10, 10, 0, 10, 10, 0, : 10, 10, 10, 10, 3, 10, 10, 10, 10, 10, 10, 10, 10, 10, 1, 10, 10, 10, 10, 10, 10, 11, 10, 10, 10, 10, 10, 10, 10, 2, 2, 2, 10, 20, 10, 10, 10, 10, 
3: 10, 9, 0, 0, 0, 0, 10, 0, 0, 0, 0, 0, 10, 0, 0, 10, 10, 7, 0, 4, 10, 0, 10, 0, 10, 10, 0, 10, 0, 10, 0, 0, 0, 0, 0, 0, 0, 10, 10, 10, 10, 2, 10, 0, 10, 0, 10, 0, 0, 10, 10, 0, 10, 0, 0, 0, 10, 0, 10, 0, 0, 10, 0, 10, 1, 10, 0, 0, 10, 0, 0, 10, 10, 0, 0, 0, 0, 0, 0, 10, : 10, 9, 10, 10, 10, 10, 7, 4, 10, 10, 10, 10, 10, 10, 10, 10, 10, 10, 2, 10, 10, 10, 10, 10, 10, 10, 10, 10, 10, 1, 10, 10, 10, 10, 10, 
142: 10, 15, 10, 10, 10, 0, 0, 6, 6, 10, 0, 10, 10, 10, 10, 19, 10, 10, 10, 0, 10, 0, 10, 10, 0, 0, 10, 10, 0, 10, 0, 10, 20, 0, 10, 2, 10, 0, 10, 0, 10, 10, 3, 0, 0, 0, 0, 10, 0, 10, 10, 10, 10, 0, 10, 10, 0, 10, 0, 0, 10, 0, 10, 10, 0, 0, 10, 12, 0, 10, 10, 10, 2, 0, 10, 10, 10, 0, 0, 10, : 10, 15, 10, 10, 10, 6, 6, 10, 10, 10, 10, 10, 19, 10, 10, 10, 10, 10, 10, 10, 10, 10, 10, 20, 10, 2, 10, 10, 10, 10, 3, 10, 10, 10, 10, 10, 10, 10, 10, 10, 10, 10, 10, 12, 10, 10, 10, 2, 10, 10, 10, 10, 
89: 0, 10, 10, 10, 0, 0, 0, 0, 10, 10, 10, 10, 10, 10, 10, 10, 0, 2, 0, 10, 0, 10, 10, 0, 10, 10, 10, 0, 0, 10, 0, 10, 10, 3, 0, 0, 0, 10, 11, 0, 10, 10, 10, 10, 0, 10, 10, 0, 0, 10, 10, 10, 0, 3, 0, 10, 10, 10, 1, 0, 10, 0, 0, 10, 0, 0, 0, 0, 10, 0, 10, 10, 0, 10, 10, 0, 0, 0, 0, 0, : 10, 10, 10, 10, 10, 10, 10, 10, 10, 10, 10, 2, 10, 10, 10, 10, 10, 10, 10, 10, 10, 3, 10, 11, 10, 10, 10, 10, 10, 10, 10, 10, 10, 3, 10, 10, 10, 1, 10, 10, 10, 10, 10, 10, 10, 
59: 10, 10, 10, 10, 0, 10, 0, 10, 10, 0, 0, 10, 10, 10, 0, 0, 10, 10, 0, 0, 0, 10, 10, 0, 0, 10, 0, 10, 0, 10, 0, 10, 10, 0, 10, 10, 0, 0, 0, 0, 0, 10, 0, 0, 4, 0, 0, 0, 10, 10, 4, 0, 0, 0, 10, 10, 10, 0, 10, 0, 0, 10, 0, 10, 0, 1, 0, 10, 10, 10, 3, 0, 10, 0, 1, 10, 1, 10, 10, 0, : 10, 10, 10, 10, 10, 10, 10, 10, 10, 10, 10, 10, 10, 10, 10, 10, 10, 10, 10, 10, 10, 10, 4, 10, 10, 4, 10, 10, 10, 10, 10, 10, 1, 10, 10, 10, 3, 10, 1, 10, 1, 10, 10, 
82: 0, 0, 1, 0, 10, 0, 10, 0, 10, 10, 0, 0, 10, 0, 1, 15, 10, 0, 0, 0, 0, 0, 0, 0, 0, 0, 10, 0, 10, 10, 0, 10, 10, 1, 10, 15, 10, 10, 0, 0, 0, 10, 0, 0, 10, 0, 10, 10, 5, 0, 0, 10, 10, 10, 10, 0, 0, 10, 10, 10, 10, 1, 0, 10, 10, 0, 10, 1, 10, 0, 10, 0, 0, 0, 10, 10, 10, 5, 10, 10, : 1, 10, 10, 10, 10, 10, 1, 15, 10, 10, 10, 10, 10, 10, 1, 10, 15, 10, 10, 10, 10, 10, 10, 5, 10, 10, 10, 10, 10, 10, 10, 10, 1, 10, 10, 10, 1, 10, 10, 10, 10, 10, 5, 10, 10, 
60: 10, 0, 0, 3, 10, 10, 10, 14, 10, 0, 0, 10, 0, 10, 0, 0, 10, 10, 0, 10, 10, 10, 10, 10, 3, 10, 0, 10, 10, 10, 10, 10, 0, 10, 10, 0, 10, 0, 0, 19, 0, 10, 4, 10, 10, 10, 0, 10, 0, 10, 10, 10, 0, 10, 10, 10, 10, 10, 10, 5, 0, 10, 10, 10, 0, 10, 0, 10, 10, 1, 0, 0, 0, 0, 0, 10, 2, 0, 10, 0, : 10, 3, 10, 10, 10, 14, 10, 10, 10, 10, 10, 10, 10, 10, 10, 10, 3, 10, 10, 10, 10, 10, 10, 10, 10, 10, 19, 10, 4, 10, 10, 10, 10, 10, 10, 10, 10, 10, 10, 10, 10, 10, 5, 10, 10, 10, 10, 10, 10, 1, 10, 2, 10, 
7: 10, 0, 10, 10, 10, 0, 0, 5, 10, 1, 0, 10, 10, 0, 10, 0, 10, 1, 10, 10, 0, 10, 10, 10, 0, 0, 0, 10, 10, 0, 0, 0, 0, 0, 10, 10, 10, 10, 10, 10, 10, 10, 0, 10, 0, 0, 0, 0, 0, 0, 0, 0, 0, 0, 5, 0, 10, 0, 10, 18, 0, 0, 0, 0, 10, 10, 10, 10, 10, 10, 0, 10, 10, 10, 4, 10, 10, 0, 0, 0, : 10, 10, 10, 10, 5, 10, 1, 10, 10, 10, 10, 1, 10, 10, 10, 10, 10, 10, 10, 10, 10, 10, 10, 10, 10, 10, 10, 10, 5, 10, 10, 18, 10, 10, 10, 10, 10, 10, 10, 10, 10, 4, 10, 10, 
100: 0, 10, 0, 0, 0, 0, 0, 0, 10, 0, 10, 3, 10, 0, 0, 0, 0, 10, 0, 0, 0, 1, 10, 10, 10, 10, 0, 5, 3, 0, 10, 0, 10, 0, 0, 10, 0, 0, 0, 0, 0, 10, 10, 0, 0, 0, 10, 10, 10, 0, 0, 3, 10, 0, 0, 0, 0, 0, 14, 10, 10, 0, 10, 0, 2, 10, 0, 10, 10, 0, 0, 0, 0, 10, 0, 0, 0, 10, 10, 10, : 10, 10, 10, 3, 10, 10, 1, 10, 10, 10, 10, 5, 3, 10, 10, 10, 10, 10, 10, 10, 10, 3, 10, 14, 10, 10, 10, 2, 10, 10, 10, 10, 10, 10, 10, 
92: 1, 0, 0, 2, 10, 0, 10, 0, 10, 0, 10, 10, 0, 10, 1, 10, 0, 0, 0, 2, 10, 0, 0, 10, 0, 0, 10, 10, 0, 0, 10, 10, 10, 0, 10, 0, 10, 0, 10, 0, 10, 1, 0, 10, 10, 0, 0, 10, 10, 0, 0, 10, 0, 2, 0, 10, 10, 0, 0, 0, 10, 0, 10, 0, 10, 1, 10, 0, 0, 10, 10, 0, 0, 0, 0, 10, 10, 0, 0, 0, : 1, 2, 10, 10, 10, 10, 10, 10, 1, 10, 2, 10, 10, 10, 10, 10, 10, 10, 10, 10, 10, 10, 1, 10, 10, 10, 10, 10, 2, 10, 10, 10, 10, 10, 1, 10, 10, 10, 10, 10, 
56: 0, 0, 0, 0, 10, 0, 10, 0, 0, 10, 0, 10, 0, 0, 0, 0, 10, 10, 10, 10, 0, 10, 0, 10, 10, 4, 0, 10, 10, 0, 10, 0, 0, 0, 0, 10, 6, 0, 0, 0, 10, 0, 0, 1, 10, 10, 10, 0, 10, 6, 0, 0, 10, 0, 0, 0, 10, 0, 0, 9, 10, 0, 10, 10, 10, 10, 10, 0, 0, 10, 10, 10, 10, 10, 0, 0, 0, 10, 10, 0, : 10, 10, 10, 10, 10, 10, 10, 10, 10, 10, 10, 4, 10, 10, 10, 10, 6, 10, 1, 10, 10, 10, 10, 6, 10, 10, 9, 10, 10, 10, 10, 10, 10, 10, 10, 10, 10, 10, 10, 10, 
164: 10, 10, 10, 10, 10, 10, 0, 0, 10, 10, 0, 10, 10, 0, 10, 0, 0, 0, 10, 0, 10, 10, 10, 0, 0, 10, 10, 0, 0, 0, 0, 10, 0, 0, 0, 10, 10, 0, 10, 10, 0, 10, 10, 0, 0, 1, 0, 10, 10, 0, 0, 10, 10, 10, 10, 0, 10, 10, 0, 10, 10, 10, 10, 1, 10, 0, 0, 0, 10, 8, 0, 10, 0, 0, 0, 0, 0, 0, 0, 0, : 10, 10, 10, 10, 10, 10, 10, 10, 10, 10, 10, 10, 10, 10, 10, 10, 10, 10, 10, 10, 10, 10, 10, 10, 1, 10, 10, 10, 10, 10, 10, 10, 10, 10, 10, 10, 10, 1, 10, 10, 8, 10, 
127: 0, 1, 0, 10, 0, 0, 10, 10, 0, 10, 2, 0, 10, 4, 0, 10, 0, 10, 10, 0, 10, 10, 10, 10, 10, 0, 10, 10, 0, 10, 0, 0, 0, 0, 10, 1, 0, 10, 0, 0, 10, 0, 10, 0, 10, 0, 3, 0, 10, 10, 10, 0, 10, 10, 0, 0, 0, 10, 10, 10, 0, 1, 10, 0, 0, 10, 10, 0, 10, 5, 10, 10, 10, 10, 0, 5, 10, 0, 10, 0, : 1, 10, 10, 10, 10, 2, 10, 4, 10, 10, 10, 10, 10, 10, 10, 10, 10, 10, 10, 10, 1, 10, 10, 10, 10, 3, 10, 10, 10, 10, 10, 10, 10, 10, 1, 10, 10, 10, 10, 5, 10, 10, 10, 10, 5, 10, 10, 
17: 0, 10, 10, 10, 5, 10, 0, 10, 0, 0, 10, 10, 0, 10, 10, 10, 10, 10, 10, 10, 10, 0, 0, 10, 0, 0, 0, 0, 0, 0, 10, 10, 10, 10, 10, 0, 10, 10, 10, 0, 10, 0, 10, 0, 0, 10, 0, 0, 10, 10, 10, 10, 10, 10, 0, 10, 3, 10, 10, 0, 10, 10, 10, 1, 10, 0, 0, 10, 0, 10, 10, 10, 3, 0, 0, 10, 0, 0, 0, 10, : 10, 10, 10, 5, 10, 10, 10, 10, 10, 10, 10, 10, 10, 10, 10, 10, 10, 10, 10, 10, 10, 10, 10, 10, 10, 10, 10, 10, 10, 10, 10, 10, 10, 10, 10, 3, 10, 10, 10, 10, 10, 1, 10, 10, 10, 10, 10, 3, 10, 10, 
83: 10, 0, 0, 0, 2, 10, 10, 0, 0, 10, 10, 10, 0, 10, 10, 0, 0, 0, 10, 0, 0, 0, 0, 1, 10, 0, 0, 0, 0, 0, 0, 0, 0, 10, 0, 10, 0, 10, 10, 6, 3, 0, 0, 0, 0, 0, 10, 0, 0, 10, 0, 0, 0, 10, 0, 10, 0, 0, 10, 0, 10, 10, 10, 10, 10, 1, 0, 10, 0, 10, 10, 0, 10, 0, 0, 10, 10, 10, 10, 0, : 10, 2, 10, 10, 10, 10, 10, 10, 10, 10, 1, 10, 10, 10, 10, 10, 6, 3, 10, 10, 10, 10, 10, 10, 10, 10, 10, 10, 1, 10, 10, 10, 10, 10, 10, 10, 10, 
27: 0, 10, 2, 0, 10, 0, 10, 10, 0, 0, 0, 10, 0, 0, 10, 0, 0, 10, 0, 10, 0, 10, 1, 10, 10, 10, 3, 10, 10, 10, 10, 10, 8, 0, 0, 0, 0, 0, 10, 10, 10, 10, 0, 10, 10, 10, 10, 10, 0, 10, 10, 10, 10, 10, 0, 10, 0, 10, 0, 10, 0, 10, 10, 10, 0, 10, 5, 0, 10, 0, 10, 0, 0, 10, 10, 10, 0, 10, 10, 10, : 10, 2, 10, 10, 10, 10, 10, 10, 10, 10, 1, 10, 10, 10, 3, 10, 10, 10, 10, 10, 8, 10, 10, 10, 10, 10, 10, 10, 10, 10, 10, 10, 10, 10, 10, 10, 10, 10, 10, 10, 10, 10, 5, 10, 10, 10, 10, 10, 10, 10, 10, 
194: 10, 10, 0, 0, 10, 10, 2, 10, 0, 10, 10, 0, 0, 10, 0, 10, 10, 10, 0, 0, 0, 0, 0, 10, 0, 10, 10, 10, 10, 10, 10, 0, 0, 10, 0, 10, 0, 0, 4, 17, 2, 10, 10, 0, 0, 5, 0, 0, 0, 3, 10, 2, 0, 10, 10, 0, 10, 0, 0, 2, 10, 10, 0, 0, 10, 0, 10, 10, 10, 0, 10, 0, 10, 10, 10, 0, 10, 0, 10, 0, : 10, 10, 10, 10, 2, 10, 10, 10, 10, 10, 10, 10, 10, 10, 10, 10, 10, 10, 10, 10, 10, 4, 17, 2, 10, 10, 5, 3, 10, 2, 10, 10, 10, 2, 10, 10, 10, 10, 10, 10, 10, 10, 10, 10, 10, 10, 
176: 10, 0, 0, 0, 0, 10, 0, 10, 10, 10, 0, 0, 0, 0, 0, 0, 0, 10, 0, 0, 0, 10, 0, 0, 1, 0, 10, 10, 0, 5, 0, 10, 0, 10, 10, 0, 10, 0, 10, 2, 10, 0, 10, 10, 10, 0, 10, 3, 10, 10, 0, 10, 10, 10, 0, 0, 0, 10, 0, 1, 0, 10, 10, 0, 0, 0, 10, 0, 0, 10, 10, 10, 10, 10, 10, 0, 10, 10, 0, 5, : 10, 10, 10, 10, 10, 10, 10, 1, 10, 10, 5, 10, 10, 10, 10, 10, 2, 10, 10, 10, 10, 10, 3, 10, 10, 10, 10, 10, 10, 1, 10, 10, 10, 10, 10, 10, 10, 10, 10, 10, 10, 5, 
9: 0, 10, 0, 10, 0, 10, 0, 10, 10, 10, 10, 10, 10, 10, 0, 10, 0, 0, 10, 0, 0, 10, 16, 10, 0, 0, 10, 0, 10, 0, 10, 0, 10, 10, 10, 10, 10, 10, 10, 0, 10, 0, 0, 0, 10, 10, 0, 0, 0, 10, 0, 0, 0, 10, 10, 0, 10, 0, 10, 10, 0, 10, 0, 1, 0, 10, 10, 0, 0, 10, 10, 0, 10, 0, 10, 0, 0, 10, 0, 10, : 10, 10, 10, 10, 10, 10, 10, 10, 10, 10, 10, 10, 10, 16, 10, 10, 10, 10, 10, 10, 10, 10, 10, 10, 10, 10, 10, 10, 10, 10, 10, 10, 10, 10, 10, 1, 10, 10, 10, 10, 10, 10, 10, 10, 
85: 0, 0, 0, 0, 10, 10, 10, 10, 10, 0, 0, 0, 0, 0, 10, 0, 10, 0, 10, 0, 10, 4, 0, 10, 10, 0, 0, 0, 2, 10, 0, 10, 10, 10, 0, 10, 0, 10, 0, 0, 0, 10, 10, 10, 0, 10, 0, 0, 0, 10, 10, 10, 0, 10, 10, 0, 10, 10, 0, 0, 10, 10, 0, 10, 0, 10, 10, 0, 10, 10, 10, 10, 10, 0, 0, 0, 10, 10, 0, 10, : 10, 10, 10, 10, 10, 10, 10, 10, 10, 4, 10, 10, 2, 10, 10, 10, 10, 10, 10, 10, 10, 10, 10, 10, 10, 10, 10, 10, 10, 10, 10, 10, 10, 10, 10, 10, 10, 10, 10, 10, 10, 10, 10, 
103: 10, 10, 0, 0, 0, 1, 10, 0, 10, 10, 0, 10, 10, 10, 10, 0, 10, 10, 0, 0, 10, 10, 10, 0, 0, 10, 0, 0, 17, 10, 0, 10, 10, 10, 10, 10, 10, 0, 10, 0, 0, 0, 10, 10, 10, 10, 0, 0, 0, 0, 0, 10, 10, 0, 10, 0, 10, 0, 0, 0, 0, 0, 1, 19, 0, 0, 0, 10, 10, 0, 10, 10, 10, 10, 10, 10, 10, 10, 10, 10, : 10, 10, 1, 10, 10, 10, 10, 10, 10, 10, 10, 10, 10, 10, 10, 10, 17, 10, 10, 10, 10, 10, 10, 10, 10, 10, 10, 10, 10, 10, 10, 10, 10, 1, 19, 10, 10, 10, 10, 10, 10, 10, 10, 10, 10, 10, 10, 
104: 0, 0, 10, 10, 10, 4, 1, 10, 10, 0, 10, 5, 10, 10, 10, 1, 1, 10, 0, 0, 18, 10, 10, 10, 19, 10, 0, 10, 0, 10, 10, 10, 10, 10, 10, 10, 0, 4, 0, 10, 0, 10, 2, 1, 10, 0, 10, 10, 10, 0, 0, 0, 10, 0, 0, 0, 0, 10, 20, 10, 0, 0, 10, 0, 10, 0, 0, 10, 0, 10, 0, 0, 10, 10, 0, 10, 2, 0, 0, 10, : 10, 10, 10, 4, 1, 10, 10, 10, 5, 10, 10, 10, 1, 1, 10, 18, 10, 10, 10, 19, 10, 10, 10, 10, 10, 10, 10, 10, 10, 4, 10, 10, 2, 1, 10, 10, 10, 10, 10, 10, 20, 10, 10, 10, 10, 10, 10, 10, 10, 2, 10, 
68: 10, 0, 10, 0, 10, 10, 0, 0, 10, 0, 10, 0, 10, 10, 1, 10, 0, 0, 10, 10, 10, 0, 10, 0, 10, 10, 10, 0, 0, 0, 10, 0, 16, 0, 0, 10, 10, 17, 0, 10, 10, 0, 10, 10, 10, 1, 10, 0, 0, 10, 0, 10, 0, 10, 0, 0, 0, 0, 0, 10, 10, 0, 2, 0, 0, 10, 10, 10, 0, 0, 0, 0, 0, 0, 10, 10, 0, 10, 0, 0, : 10, 10, 10, 10, 10, 10, 10, 10, 1, 10, 10, 10, 10, 10, 10, 10, 10, 10, 16, 10, 10, 17, 10, 10, 10, 10, 10, 1, 10, 10, 10, 10, 10, 10, 2, 10, 10, 10, 10, 10, 10, 
120: 10, 0, 0, 0, 1, 10, 10, 0, 10, 10, 10, 10, 4, 0, 10, 0, 0, 10, 10, 0, 0, 10, 0, 0, 0, 0, 2, 10, 0, 0, 10, 10, 0, 10, 0, 10, 0, 0, 10, 1, 0, 1, 10, 10, 0, 0, 10, 0, 0, 0, 10, 0, 1, 0, 10, 4, 0, 10, 10, 10, 0, 10, 0, 0, 0, 0, 0, 0, 0, 0, 0, 0, 0, 10, 10, 10, 10, 10, 0, 10, : 10, 1, 10, 10, 10, 10, 10, 10, 4, 10, 10, 10, 10, 2, 10, 10, 10, 10, 10, 10, 1, 1, 10, 10, 10, 10, 1, 10, 4, 10, 10, 10, 10, 10, 10, 10, 10, 10, 10, 
140: 0, 0, 10, 10, 0, 10, 0, 10, 0, 0, 0, 0, 10, 0, 10, 10, 10, 10, 10, 10, 10, 10, 2, 10, 0, 1, 10, 0, 0, 0, 0, 10, 0, 10, 10, 0, 0, 3, 10, 10, 10, 10, 0, 10, 0, 10, 10, 10, 10, 0, 10, 0, 0, 0, 0, 10, 10, 0, 10, 0, 0, 0, 10, 0, 10, 10, 10, 10, 4, 10, 0, 0, 0, 0, 0, 0, 0, 0, 0, 10, : 10, 10, 10, 10, 10, 10, 10, 10, 10, 10, 10, 10, 10, 2, 10, 1, 10, 10, 10, 10, 3, 10, 10, 10, 10, 10, 10, 10, 10, 10, 10, 10, 10, 10, 10, 10, 10, 10, 10, 4, 10, 10, 
72: 10, 10, 0, 10, 0, 0, 0, 0, 0, 0, 10, 10, 0, 10, 2, 0, 0, 10, 0, 8, 0, 0, 0, 0, 0, 0, 0, 10, 0, 10, 0, 0, 0, 10, 0, 7, 0, 10, 10, 0, 0, 0, 10, 1, 10, 10, 0, 0, 10, 10, 10, 0, 4, 0, 10, 10, 10, 10, 0, 0, 10, 10, 7, 10, 10, 0, 10, 10, 0, 10, 0, 4, 19, 4, 0, 0, 10, 10, 10, 0, : 10, 10, 10, 10, 10, 10, 2, 10, 8, 10, 10, 10, 7, 10, 10, 10, 1, 10, 10, 10, 10, 10, 4, 10, 10, 10, 10, 10, 10, 7, 10, 10, 10, 10, 10, 4, 19, 4, 10, 10, 10, 
108: 10, 0, 10, 10, 0, 10, 10, 10, 0, 16, 2, 6, 0, 10, 10, 0, 0, 0, 10, 10, 10, 0, 2, 10, 2, 10, 10, 10, 10, 0, 10, 0, 0, 10, 2, 0, 10, 0, 0, 0, 0, 10, 0, 2, 10, 3, 10, 2, 10, 0, 10, 10, 0, 10, 0, 10, 0, 0, 0, 10, 0, 0, 10, 10, 10, 2, 0, 10, 10, 10, 0, 10, 10, 0, 10, 10, 0, 10, 3, 10, : 10, 10, 10, 10, 10, 10, 16, 2, 6, 10, 10, 10, 10, 10, 2, 10, 2, 10, 10, 10, 10, 10, 10, 2, 10, 10, 2, 10, 3, 10, 2, 10, 10, 10, 10, 10, 10, 10, 10, 10, 2, 10, 10, 10, 10, 10, 10, 10, 10, 3, 10, 
86: 0, 0, 10, 0, 0, 10, 10, 10, 2, 10, 0, 0, 10, 10, 10, 0, 10, 0, 3, 0, 0, 10, 10, 10, 10, 0, 0, 0, 3, 0, 10, 10, 10, 10, 10, 0, 10, 0, 10, 0, 10, 0, 0, 0, 10, 10, 0, 10, 10, 10, 10, 0, 10, 0, 10, 10, 10, 0, 10, 0, 0, 10, 10, 0, 10, 0, 10, 0, 10, 10, 0, 0, 0, 10, 10, 0, 10, 10, 0, 10, : 10, 10, 10, 10, 2, 10, 10, 10, 10, 10, 3, 10, 10, 10, 10, 3, 10, 10, 10, 10, 10, 10, 10, 10, 10, 10, 10, 10, 10, 10, 10, 10, 10, 10, 10, 10, 10, 10, 10, 10, 10, 10, 10, 10, 10, 10, 
107: 0, 10, 10, 10, 6, 10, 10, 10, 10, 0, 0, 0, 0, 10, 0, 10, 10, 0, 0, 10, 0, 0, 4, 0, 0, 0, 10, 10, 10, 0, 10, 10, 0, 10, 10, 0, 10, 0, 0, 10, 10, 0, 0, 10, 10, 0, 10, 0, 0, 10, 10, 10, 0, 0, 10, 10, 10, 10, 0, 0, 0, 0, 2, 10, 1, 10, 0, 10, 0, 10, 0, 0, 10, 10, 10, 0, 10, 0, 19, 10, : 10, 10, 10, 6, 10, 10, 10, 10, 10, 10, 10, 10, 4, 10, 10, 10, 10, 10, 10, 10, 10, 10, 10, 10, 10, 10, 10, 10, 10, 10, 10, 10, 10, 2, 10, 1, 10, 10, 10, 10, 10, 10, 10, 19, 10, 
152: 4, 0, 2, 10, 10, 10, 0, 0, 0, 0, 10, 0, 1, 0, 0, 0, 0, 0, 0, 10, 10, 0, 0, 0, 10, 10, 10, 10, 0, 0, 10, 10, 10, 10, 0, 10, 0, 10, 0, 10, 10, 10, 10, 0, 10, 10, 0, 0, 0, 2, 0, 0, 0, 0, 10, 0, 0, 0, 10, 10, 2, 0, 10, 10, 0, 0, 0, 10, 4, 0, 10, 1, 0, 0, 0, 0, 10, 0, 0, 10, : 4, 2, 10, 10, 10, 10, 1, 10, 10, 10, 10, 10, 10, 10, 10, 10, 10, 10, 10, 10, 10, 10, 10, 10, 10, 2, 10, 10, 10, 2, 10, 10, 10, 4, 10, 1, 10, 10, 
12: 10, 10, 10, 10, 0, 0, 10, 10, 0, 10, 10, 10, 10, 0, 0, 10, 0, 0, 10, 10, 10, 10, 0, 0, 0, 0, 10, 0, 10, 0, 10, 0, 1, 0, 0, 0, 10, 10, 0, 0, 0, 0, 0, 0, 0, 10, 10, 10, 10, 0, 0, 0, 10, 10, 0, 10, 0, 10, 10, 0, 0, 10, 0, 10, 10, 10, 0, 10, 0, 0, 0, 10, 0, 10, 10, 0, 0, 0, 10, 10, : 10, 10, 10, 10, 10, 10, 10, 10, 10, 10, 10, 10, 10, 10, 10, 10, 10, 10, 1, 10, 10, 10, 10, 10, 10, 10, 10, 10, 10, 10, 10, 10, 10, 10, 10, 10, 10, 10, 10, 10, 
32: 0, 0, 0, 0, 10, 10, 10, 0, 10, 0, 0, 1, 10, 10, 0, 10, 10, 10, 10, 10, 10, 10, 0, 0, 10, 0, 10, 0, 10, 0, 10, 0, 0, 10, 0, 0, 10, 10, 0, 10, 0, 10, 10, 10, 10, 5, 10, 10, 0, 0, 10, 0, 10, 10, 10, 10, 0, 10, 0, 0, 10, 3, 3, 1, 10, 10, 10, 10, 10, 1, 0, 0, 10, 0, 0, 10, 10, 10, 10, 0, : 10, 10, 10, 10, 1, 10, 10, 10, 10, 10, 10, 10, 10, 10, 10, 10, 10, 10, 10, 10, 10, 10, 10, 10, 10, 10, 5, 10, 10, 10, 10, 10, 10, 10, 10, 10, 3, 3, 1, 10, 10, 10, 10, 10, 1, 10, 10, 10, 10, 10, 
77: 0, 10, 10, 10, 0, 10, 10, 10, 10, 10, 10, 10, 10, 0, 10, 0, 10, 0, 0, 10, 1, 0, 10, 20, 10, 10, 0, 0, 10, 10, 10, 0, 10, 1, 0, 10, 10, 0, 0, 10, 0, 0, 0, 10, 0, 0, 0, 20, 0, 10, 10, 10, 0, 10, 0, 0, 2, 4, 0, 10, 10, 10, 0, 0, 0, 10, 10, 0, 0, 0, 0, 10, 0, 0, 10, 10, 0, 0, 10, 0, : 10, 10, 10, 10, 10, 10, 10, 10, 10, 10, 10, 10, 10, 10, 1, 10, 20, 10, 10, 10, 10, 10, 10, 1, 10, 10, 10, 10, 20, 10, 10, 10, 10, 2, 4, 10, 10, 10, 10, 10, 10, 10, 10, 10, 


