
120
80
405
1

57: 10, 0, 10, 10, 0, 10, 10, 10, 0, 10, 0, 0, 10, 0, 0, 0, 10, 10, 0, 10, 10, 10, 0, 0, 10, 10, 0, 10, 10, 0, 10, 0, 10, 10, 0, 0, 10, 10, 0, 10, 0, 10, 10, 10, 10, 10, 0, 0, 10, 0, 0, 0, 10, 0, 0, 0, 10, 10, 0, 10, 0, 10, 10, 10, 10, 0, 0, 10, 10, 10, 10, 0, 10, 10, 10, 10, 10, 0, 10, 10, 10, 0, 0, 10, 0, 10, 10, 10, 10, 6, 0, 10, 10, 0, 0, 1, 10, 10, 10, 0, 10, 10, 0, 0, 0, 10, 10, 10, 0, 0, 0, 10, 10, 0, 10, 10, 10, 10, 10, 10, : 10, 10, 10, 10, 10, 10, 10, 10, 10, 10, 10, 10, 10, 10, 10, 10, 10, 10, 10, 10, 10, 10, 10, 10, 10, 10, 10, 10, 10, 10, 10, 10, 10, 10, 10, 10, 10, 10, 10, 10, 10, 10, 10, 10, 10, 10, 10, 10, 10, 10, 10, 10, 10, 10, 6, 10, 10, 1, 10, 10, 10, 10, 10, 10, 10, 10, 10, 10, 10, 10, 10, 10, 10, 10, 
27: 0, 0, 0, 10, 0, 10, 0, 0, 10, 10, 10, 10, 0, 10, 10, 10, 10, 0, 0, 0, 10, 0, 0, 10, 0, 6, 10, 10, 0, 0, 0, 10, 0, 0, 10, 10, 0, 4, 10, 10, 10, 10, 10, 0, 0, 0, 10, 10, 0, 0, 10, 0, 0, 0, 0, 0, 0, 10, 0, 0, 0, 0, 10, 0, 0, 10, 10, 10, 0, 0, 10, 10, 0, 0, 0, 10, 10, 0, 10, 10, 10, 10, 10, 0, 10, 0, 0, 0, 10, 10, 10, 10, 10, 0, 0, 0, 10, 10, 0, 0, 10, 0, 0, 10, 0, 0, 10, 10, 0, 0, 9, 10, 10, 10, 0, 10, 10, 10, 0, 0, : 10, 10, 10, 10, 10, 10, 10, 10, 10, 10, 10, 10, 6, 10, 10, 10, 10, 10, 4, 10, 10, 10, 10, 10, 10, 10, 10, 10, 10, 10, 10, 10, 10, 10, 10, 10, 10, 10, 10, 10, 10, 10, 10, 10, 10, 10, 10, 10, 10, 10, 10, 10, 10, 9, 10, 10, 10, 10, 10, 10, 
34: 0, 0, 0, 10, 10, 0, 0, 0, 10, 0, 10, 0, 10, 10, 10, 0, 0, 10, 10, 0, 10, 10, 10, 2, 10, 10, 0, 10, 0, 10, 10, 0, 0, 10, 10, 10, 10, 5, 10, 2, 10, 10, 0, 10, 10, 10, 0, 10, 10, 0, 0, 10, 0, 10, 0, 10, 0, 10, 0, 10, 10, 10, 0, 10, 10, 0, 10, 0, 10, 0, 0, 0, 0, 0, 0, 0, 0, 10, 10, 0, 10, 10, 10, 0, 10, 0, 10, 10, 0, 10, 10, 0, 0, 10, 0, 10, 0, 0, 0, 0, 0, 0, 10, 14, 0, 10, 10, 0, 0, 0, 0, 10, 10, 10, 0, 0, 0, 0, 0, 10, : 10, 10, 10, 10, 10, 10, 10, 10, 10, 10, 10, 10, 2, 10, 10, 10, 10, 10, 10, 10, 10, 10, 5, 10, 2, 10, 10, 10, 10, 10, 10, 10, 10, 10, 10, 10, 10, 10, 10, 10, 10, 10, 10, 10, 10, 10, 10, 10, 10, 10, 10, 10, 10, 10, 10, 10, 14, 10, 10, 10, 10, 10, 10, 
50: 0, 10, 10, 0, 10, 0, 10, 10, 10, 0, 0, 0, 10, 10, 10, 10, 19, 0, 7, 0, 10, 0, 11, 10, 10, 10, 10, 0, 10, 10, 0, 10, 0, 10, 10, 0, 0, 10, 0, 0, 1, 10, 0, 0, 10, 9, 0, 10, 0, 10, 8, 0, 10, 0, 10, 10, 1, 10, 0, 0, 10, 0, 10, 0, 0, 10, 0, 10, 0, 0, 10, 10, 10, 10, 0, 10, 10, 0, 0, 10, 0, 10, 10, 0, 1, 0, 0, 0, 10, 0, 0, 0, 10, 10, 10, 0, 3, 10, 0, 10, 10, 10, 0, 10, 0, 0, 0, 0, 10, 10, 0, 10, 10, 0, 0, 10, 0, 0, 0, 0, : 10, 10, 10, 10, 10, 10, 10, 10, 10, 10, 19, 7, 10, 11, 10, 10, 10, 10, 10, 10, 10, 10, 10, 10, 1, 10, 10, 9, 10, 10, 8, 10, 10, 10, 1, 10, 10, 10, 10, 10, 10, 10, 10, 10, 10, 10, 10, 10, 10, 1, 10, 10, 10, 10, 3, 10, 10, 10, 10, 10, 10, 10, 10, 10, 10, 
72: 0, 2, 10, 0, 0, 0, 10, 0, 10, 10, 0, 10, 0, 0, 10, 10, 0, 10, 3, 0, 0, 0, 10, 0, 10, 3, 0, 0, 10, 0, 1, 10, 10, 0, 5, 10, 10, 0, 10, 10, 0, 0, 0, 10, 0, 10, 10, 0, 10, 10, 0, 10, 10, 10, 10, 10, 0, 0, 10, 0, 0, 10, 10, 0, 0, 10, 10, 0, 0, 10, 0, 1, 0, 10, 10, 10, 10, 0, 10, 10, 0, 10, 10, 0, 10, 10, 0, 10, 10, 0, 0, 1, 0, 0, 10, 10, 0, 0, 10, 0, 10, 10, 10, 10, 6, 2, 10, 10, 10, 0, 0, 0, 10, 10, 10, 10, 0, 0, 10, 0, : 2, 10, 10, 10, 10, 10, 10, 10, 10, 3, 10, 10, 3, 10, 1, 10, 10, 5, 10, 10, 10, 10, 10, 10, 10, 10, 10, 10, 10, 10, 10, 10, 10, 10, 10, 10, 10, 10, 1, 10, 10, 10, 10, 10, 10, 10, 10, 10, 10, 10, 10, 1, 10, 10, 10, 10, 10, 10, 10, 6, 2, 10, 10, 10, 10, 10, 10, 10, 10, 
79: 10, 0, 10, 0, 0, 10, 0, 0, 0, 0, 0, 10, 0, 0, 10, 0, 0, 10, 0, 20, 0, 10, 10, 10, 0, 0, 10, 10, 0, 10, 0, 4, 10, 10, 0, 10, 0, 14, 10, 10, 10, 0, 10, 10, 0, 0, 10, 10, 0, 0, 0, 10, 10, 0, 10, 10, 10, 0, 10, 0, 10, 10, 10, 0, 10, 0, 10, 10, 0, 10, 0, 0, 0, 0, 0, 10, 10, 20, 2, 0, 0, 0, 10, 0, 10, 0, 16, 10, 0, 10, 0, 10, 0, 0, 10, 0, 0, 0, 10, 2, 10, 10, 0, 0, 10, 10, 0, 0, 0, 10, 10, 10, 10, 0, 0, 0, 10, 0, 10, 0, : 10, 10, 10, 10, 10, 10, 20, 10, 10, 10, 10, 10, 10, 4, 10, 10, 10, 14, 10, 10, 10, 10, 10, 10, 10, 10, 10, 10, 10, 10, 10, 10, 10, 10, 10, 10, 10, 10, 10, 10, 20, 2, 10, 10, 16, 10, 10, 10, 10, 10, 2, 10, 10, 10, 10, 10, 10, 10, 10, 10, 10, 
77: 0, 0, 0, 0, 0, 10, 10, 0, 10, 0, 10, 0, 10, 10, 0, 0, 0, 0, 0, 10, 10, 10, 10, 10, 0, 0, 0, 0, 10, 0, 0, 10, 0, 10, 10, 0, 0, 10, 0, 10, 10, 10, 10, 10, 15, 0, 0, 0, 10, 0, 10, 10, 0, 0, 0, 0, 0, 0, 0, 10, 0, 10, 0, 10, 10, 10, 10, 10, 0, 0, 10, 10, 0, 0, 10, 0, 10, 10, 0, 0, 0, 10, 0, 10, 0, 10, 10, 0, 10, 0, 10, 10, 0, 0, 10, 10, 10, 10, 0, 0, 0, 0, 0, 10, 10, 0, 10, 0, 0, 10, 14, 0, 10, 10, 10, 0, 10, 10, 0, 0, : 10, 10, 10, 10, 10, 10, 10, 10, 10, 10, 10, 10, 10, 10, 10, 10, 10, 10, 10, 10, 10, 15, 10, 10, 10, 10, 10, 10, 10, 10, 10, 10, 10, 10, 10, 10, 10, 10, 10, 10, 10, 10, 10, 10, 10, 10, 10, 10, 10, 10, 10, 10, 14, 10, 10, 10, 10, 10, 
30: 10, 0, 10, 10, 10, 0, 0, 0, 10, 0, 10, 0, 10, 10, 10, 0, 0, 10, 0, 0, 0, 10, 10, 10, 10, 10, 10, 0, 0, 10, 0, 10, 0, 0, 0, 10, 0, 0, 0, 10, 0, 10, 8, 0, 10, 0, 0, 10, 0, 10, 0, 0, 10, 0, 0, 10, 0, 10, 0, 10, 0, 10, 0, 0, 0, 10, 10, 0, 10, 0, 10, 10, 1, 10, 10, 10, 10, 10, 0, 0, 0, 0, 10, 10, 10, 10, 10, 0, 10, 10, 0, 10, 10, 0, 0, 0, 0, 0, 10, 10, 10, 0, 0, 0, 10, 0, 10, 0, 0, 10, 0, 0, 0, 1, 0, 10, 0, 10, 0, 9, : 10, 10, 10, 10, 10, 10, 10, 10, 10, 10, 10, 10, 10, 10, 10, 10, 10, 10, 10, 10, 10, 8, 10, 10, 10, 10, 10, 10, 10, 10, 10, 10, 10, 10, 10, 1, 10, 10, 10, 10, 10, 10, 10, 10, 10, 10, 10, 10, 10, 10, 10, 10, 10, 10, 10, 10, 1, 10, 10, 9, 
19: 10, 10, 0, 10, 10, 10, 0, 0, 10, 0, 10, 10, 10, 10, 10, 10, 10, 10, 0, 10, 0, 0, 10, 10, 10, 0, 10, 18, 10, 0, 10, 10, 0, 10, 10, 10, 0, 1, 10, 0, 10, 10, 0, 0, 10, 0, 0, 10, 10, 0, 10, 17, 0, 10, 10, 0, 0, 0, 10, 10, 10, 0, 10, 10, 10, 10, 10, 10, 0, 10, 0, 0, 10, 10, 10, 0, 0, 3, 10, 10, 10, 10, 10, 0, 0, 6, 10, 10, 0, 0, 10, 10, 0, 10, 10, 10, 10, 5, 0, 0, 10, 0, 10, 10, 0, 0, 10, 10, 10, 10, 10, 0, 10, 10, 10, 1, 0, 10, 10, 10, : 10, 10, 10, 10, 10, 10, 10, 10, 10, 10, 10, 10, 10, 10, 10, 10, 10, 10, 10, 18, 10, 10, 10, 10, 10, 10, 1, 10, 10, 10, 10, 10, 10, 10, 17, 10, 10, 10, 10, 10, 10, 10, 10, 10, 10, 10, 10, 10, 10, 10, 3, 10, 10, 10, 10, 10, 6, 10, 10, 10, 10, 10, 10, 10, 10, 5, 10, 10, 10, 10, 10, 10, 10, 10, 10, 10, 10, 1, 10, 10, 10, 
8: 0, 0, 0, 10, 10, 0, 10, 10, 0, 10, 0, 0, 0, 10, 0, 0, 10, 0, 0, 0, 10, 5, 0, 10, 0, 10, 10, 0, 10, 10, 10, 10, 0, 0, 0, 1, 0, 10, 0, 0, 10, 0, 10, 10, 0, 0, 10, 10, 10, 10, 10, 0, 10, 0, 0, 0, 0, 0, 15, 10, 0, 10, 10, 10, 10, 0, 0, 0, 10, 10, 0, 10, 10, 0, 0, 10, 0, 0, 10, 10, 10, 10, 10, 10, 10, 10, 0, 0, 0, 0, 2, 0, 0, 10, 10, 0, 0, 0, 10, 0, 10, 10, 0, 0, 10, 0, 0, 0, 0, 10, 0, 2, 0, 10, 10, 10, 0, 0, 0, 10, : 10, 10, 10, 10, 10, 10, 10, 10, 5, 10, 10, 10, 10, 10, 10, 10, 1, 10, 10, 10, 10, 10, 10, 10, 10, 10, 10, 15, 10, 10, 10, 10, 10, 10, 10, 10, 10, 10, 10, 10, 10, 10, 10, 10, 10, 10, 2, 10, 10, 10, 10, 10, 10, 10, 2, 10, 10, 10, 10, 
46: 0, 10, 0, 0, 0, 10, 1, 10, 10, 10, 10, 10, 0, 10, 0, 10, 10, 0, 0, 0, 0, 10, 10, 10, 0, 10, 10, 0, 0, 10, 0, 0, 0, 0, 10, 10, 0, 10, 0, 0, 10, 0, 10, 10, 0, 0, 0, 10, 10, 0, 0, 10, 10, 10, 10, 0, 0, 10, 0, 10, 0, 0, 10, 0, 0, 10, 10, 10, 0, 0, 10, 2, 10, 0, 0, 3, 0, 10, 0, 10, 10, 10, 0, 10, 10, 0, 4, 10, 10, 3, 0, 10, 0, 10, 10, 10, 10, 0, 0, 2, 0, 10, 10, 10, 0, 10, 0, 10, 10, 0, 0, 10, 0, 10, 0, 0, 0, 0, 10, 10, : 10, 10, 1, 10, 10, 10, 10, 10, 10, 10, 10, 10, 10, 10, 10, 10, 10, 10, 10, 10, 10, 10, 10, 10, 10, 10, 10, 10, 10, 10, 10, 10, 10, 10, 10, 10, 2, 10, 3, 10, 10, 10, 10, 10, 10, 4, 10, 10, 3, 10, 10, 10, 10, 10, 2, 10, 10, 10, 10, 10, 10, 10, 10, 10, 10, 
40: 10, 10, 10, 0, 0, 10, 0, 10, 0, 10, 10, 10, 0, 10, 10, 10, 10, 0, 0, 10, 2, 0, 10, 0, 0, 10, 10, 0, 10, 0, 0, 0, 10, 10, 0, 0, 1, 10, 0, 10, 0, 10, 0, 10, 10, 0, 0, 10, 0, 10, 10, 10, 0, 2, 10, 0, 10, 10, 10, 10, 10, 0, 10, 0, 10, 10, 0, 0, 0, 10, 10, 10, 0, 0, 0, 0, 10, 10, 10, 10, 10, 10, 0, 0, 10, 10, 0, 6, 10, 10, 10, 10, 10, 10, 0, 10, 10, 10, 0, 10, 0, 10, 10, 10, 0, 0, 0, 10, 0, 0, 10, 0, 10, 0, 0, 10, 0, 10, 10, 16, : 10, 10, 10, 10, 10, 10, 10, 10, 10, 10, 10, 10, 10, 2, 10, 10, 10, 10, 10, 10, 1, 10, 10, 10, 10, 10, 10, 10, 10, 10, 2, 10, 10, 10, 10, 10, 10, 10, 10, 10, 10, 10, 10, 10, 10, 10, 10, 10, 10, 10, 10, 6, 10, 10, 10, 10, 10, 10, 10, 10, 10, 10, 10, 10, 10, 10, 10, 10, 10, 10, 10, 16, 
24: 10, 10, 0, 10, 10, 0, 10, 0, 0, 0, 1, 10, 0, 0, 10, 10, 0, 10, 0, 0, 0, 0, 10, 10, 10, 10, 10, 10, 10, 2, 0, 10, 10, 10, 10, 0, 10, 10, 0, 0, 0, 0, 0, 10, 10, 10, 10, 10, 0, 0, 10, 0, 10, 0, 0, 10, 10, 0, 0, 10, 0, 0, 0, 10, 10, 10, 0, 0, 0, 10, 10, 0, 10, 0, 10, 0, 0, 10, 0, 0, 0, 0, 10, 2, 10, 0, 0, 0, 10, 10, 0, 10, 10, 0, 10, 0, 10, 0, 0, 10, 10, 0, 0, 0, 10, 10, 0, 10, 10, 10, 10, 0, 10, 0, 0, 0, 0, 10, 0, 10, : 10, 10, 10, 10, 10, 1, 10, 10, 10, 10, 10, 10, 10, 10, 10, 10, 10, 2, 10, 10, 10, 10, 10, 10, 10, 10, 10, 10, 10, 10, 10, 10, 10, 10, 10, 10, 10, 10, 10, 10, 10, 10, 10, 2, 10, 10, 10, 10, 10, 10, 10, 10, 10, 10, 10, 10, 10, 10, 10, 10, 10, 10, 
26: 10, 10, 10, 10, 10, 10, 10, 10, 10, 0, 10, 10, 10, 0, 0, 0, 10, 10, 10, 4, 0, 0, 0, 10, 0, 10, 10, 10, 0, 0, 10, 10, 10, 0, 0, 10, 10, 10, 10, 10, 10, 0, 10, 0, 0, 10, 10, 10, 10, 10, 10, 0, 10, 10, 10, 0, 10, 0, 0, 0, 10, 0, 0, 10, 0, 0, 10, 10, 10, 0, 10, 0, 0, 0, 0, 0, 10, 0, 0, 0, 10, 10, 0, 10, 10, 0, 0, 14, 0, 10, 0, 10, 10, 0, 10, 10, 10, 0, 10, 0, 10, 10, 0, 10, 10, 10, 0, 0, 10, 10, 10, 0, 0, 10, 0, 0, 0, 0, 10, 0, : 10, 10, 10, 10, 10, 10, 10, 10, 10, 10, 10, 10, 10, 10, 10, 4, 10, 10, 10, 10, 10, 10, 10, 10, 10, 10, 10, 10, 10, 10, 10, 10, 10, 10, 10, 10, 10, 10, 10, 10, 10, 10, 10, 10, 10, 10, 10, 10, 10, 10, 10, 14, 10, 10, 10, 10, 10, 10, 10, 10, 10, 10, 10, 10, 10, 10, 10, 10, 10, 
67: 0, 10, 6, 0, 3, 10, 0, 0, 0, 0, 10, 0, 0, 0, 10, 0, 0, 0, 10, 0, 0, 0, 10, 0, 10, 0, 1, 7, 0, 10, 10, 10, 10, 0, 10, 10, 0, 10, 0, 0, 0, 0, 0, 0, 0, 10, 0, 0, 10, 0, 0, 10, 0, 10, 1, 0, 0, 10, 10, 10, 0, 10, 10, 0, 10, 0, 10, 10, 10, 0, 0, 0, 10, 10, 0, 0, 10, 10, 10, 0, 10, 0, 10, 0, 1, 10, 10, 10, 10, 10, 10, 0, 10, 0, 0, 0, 10, 0, 10, 0, 0, 0, 10, 0, 10, 0, 0, 10, 10, 0, 0, 10, 10, 0, 0, 0, 0, 10, 10, 10, : 10, 6, 3, 10, 10, 10, 10, 10, 10, 1, 7, 10, 10, 10, 10, 10, 10, 10, 10, 10, 10, 10, 1, 10, 10, 10, 10, 10, 10, 10, 10, 10, 10, 10, 10, 10, 10, 10, 10, 1, 10, 10, 10, 10, 10, 10, 10, 10, 10, 10, 10, 10, 10, 10, 10, 10, 10, 10, 
22: 0, 10, 0, 0, 10, 10, 10, 10, 0, 10, 0, 10, 0, 10, 0, 10, 0, 0, 10, 10, 10, 0, 10, 0, 10, 0, 0, 10, 0, 10, 0, 0, 10, 10, 10, 10, 0, 10, 0, 10, 10, 0, 10, 10, 0, 10, 0, 10, 0, 0, 10, 0, 0, 0, 0, 10, 0, 10, 0, 10, 10, 10, 0, 0, 10, 0, 10, 0, 10, 10, 0, 0, 10, 10, 10, 0, 10, 10, 10, 10, 0, 10, 0, 0, 10, 0, 0, 10, 10, 0, 10, 0, 0, 10, 0, 0, 0, 0, 0, 10, 10, 10, 10, 10, 0, 10, 0, 10, 0, 0, 0, 10, 0, 10, 10, 0, 10, 1, 10, 10, : 10, 10, 10, 10, 10, 10, 10, 10, 10, 10, 10, 10, 10, 10, 10, 10, 10, 10, 10, 10, 10, 10, 10, 10, 10, 10, 10, 10, 10, 10, 10, 10, 10, 10, 10, 10, 10, 10, 10, 10, 10, 10, 10, 10, 10, 10, 10, 10, 10, 10, 10, 10, 10, 10, 10, 10, 10, 10, 10, 10, 10, 1, 10, 10, 
31: 10, 0, 10, 0, 10, 10, 10, 1, 10, 0, 10, 0, 0, 0, 0, 10, 10, 0, 0, 0, 10, 0, 0, 0, 0, 0, 0, 10, 10, 10, 10, 0, 10, 0, 0, 0, 10, 0, 10, 0, 0, 10, 0, 10, 0, 10, 10, 0, 0, 3, 0, 0, 0, 10, 0, 10, 10, 0, 0, 0, 10, 0, 10, 3, 0, 10, 0, 10, 0, 0, 0, 10, 0, 1, 0, 0, 10, 10, 0, 10, 10, 10, 0, 10, 10, 10, 10, 0, 10, 0, 10, 0, 10, 0, 0, 0, 0, 10, 10, 0, 2, 0, 0, 10, 0, 0, 0, 10, 0, 0, 0, 10, 0, 10, 10, 0, 10, 0, 0, 10, : 10, 10, 10, 10, 10, 1, 10, 10, 10, 10, 10, 10, 10, 10, 10, 10, 10, 10, 10, 10, 10, 10, 3, 10, 10, 10, 10, 10, 3, 10, 10, 10, 1, 10, 10, 10, 10, 10, 10, 10, 10, 10, 10, 10, 10, 10, 10, 2, 10, 10, 10, 10, 10, 10, 10, 
28: 0, 0, 10, 0, 10, 0, 10, 4, 10, 0, 0, 0, 10, 0, 0, 10, 5, 0, 0, 10, 10, 10, 13, 0, 19, 0, 10, 2, 10, 10, 10, 0, 0, 1, 0, 0, 10, 10, 0, 10, 0, 10, 0, 10, 0, 10, 10, 10, 10, 10, 0, 0, 4, 10, 10, 0, 0, 10, 10, 10, 10, 0, 0, 10, 0, 0, 0, 0, 0, 10, 0, 10, 0, 10, 10, 0, 10, 0, 10, 10, 10, 5, 0, 0, 10, 10, 2, 0, 10, 10, 10, 0, 0, 0, 12, 0, 10, 0, 0, 10, 10, 10, 10, 10, 10, 0, 0, 10, 10, 0, 10, 10, 0, 10, 10, 3, 0, 0, 10, 10, : 10, 10, 10, 4, 10, 10, 10, 5, 10, 10, 10, 13, 19, 10, 2, 10, 10, 10, 1, 10, 10, 10, 10, 10, 10, 10, 10, 10, 10, 4, 10, 10, 10, 10, 10, 10, 10, 10, 10, 10, 10, 10, 10, 10, 10, 5, 10, 10, 2, 10, 10, 10, 12, 10, 10, 10, 10, 10, 10, 10, 10, 10, 10, 10, 10, 10, 3, 10, 10, 
73: 0, 0, 0, 10, 0, 0, 0, 10, 0, 0, 0, 10, 0, 0, 0, 0, 10, 10, 0, 10, 0, 10, 0, 10, 0, 10, 0, 0, 0, 0, 10, 0, 10, 10, 0, 0, 0, 0, 0, 0, 0, 10, 0, 10, 0, 10, 10, 10, 0, 0, 0, 10, 0, 1, 0, 0, 0, 0, 0, 0, 0, 10, 0, 0, 0, 4, 0, 10, 10, 10, 0, 10, 0, 10, 10, 10, 0, 10, 0, 10, 10, 0, 10, 10, 0, 0, 0, 0, 10, 0, 10, 0, 0, 0, 2, 10, 10, 0, 10, 0, 10, 10, 10, 0, 0, 0, 0, 10, 10, 0, 10, 0, 0, 10, 0, 0, 10, 0, 10, 0, : 10, 10, 10, 10, 10, 10, 10, 10, 10, 10, 10, 10, 10, 10, 10, 10, 10, 10, 1, 10, 4, 10, 10, 10, 10, 10, 10, 10, 10, 10, 10, 10, 10, 10, 10, 2, 10, 10, 10, 10, 10, 10, 10, 10, 10, 10, 10, 10, 
71: 10, 0, 10, 0, 10, 0, 10, 10, 10, 10, 1, 10, 10, 0, 0, 0, 10, 0, 10, 0, 0, 0, 10, 10, 0, 10, 0, 10, 10, 0, 0, 0, 10, 0, 0, 10, 10, 10, 0, 10, 10, 0, 10, 10, 0, 0, 10, 10, 10, 10, 10, 10, 10, 0, 10, 10, 10, 3, 0, 10, 0, 10, 0, 10, 10, 0, 10, 0, 10, 10, 10, 0, 10, 10, 0, 10, 6, 0, 10, 0, 5, 10, 0, 10, 0, 0, 0, 10, 10, 10, 10, 10, 0, 17, 10, 0, 0, 0, 0, 10, 0, 0, 10, 0, 10, 0, 10, 10, 0, 0, 0, 0, 0, 10, 0, 10, 10, 0, 0, 0, : 10, 10, 10, 10, 10, 10, 10, 1, 10, 10, 10, 10, 10, 10, 10, 10, 10, 10, 10, 10, 10, 10, 10, 10, 10, 10, 10, 10, 10, 10, 10, 10, 10, 10, 10, 3, 10, 10, 10, 10, 10, 10, 10, 10, 10, 10, 10, 6, 10, 5, 10, 10, 10, 10, 10, 10, 10, 17, 10, 10, 10, 10, 10, 10, 10, 10, 10, 
64: 10, 0, 0, 0, 10, 10, 0, 0, 0, 0, 0, 0, 10, 0, 0, 10, 0, 0, 10, 0, 0, 10, 0, 0, 10, 0, 3, 0, 10, 10, 10, 0, 0, 10, 0, 10, 0, 10, 10, 0, 0, 0, 10, 0, 10, 0, 0, 0, 0, 0, 0, 10, 0, 13, 0, 10, 0, 0, 0, 10, 5, 0, 10, 18, 10, 0, 0, 0, 10, 0, 10, 10, 0, 0, 0, 0, 10, 10, 10, 0, 0, 0, 10, 10, 10, 10, 10, 0, 10, 10, 0, 10, 10, 0, 0, 10, 0, 10, 10, 10, 10, 10, 10, 0, 0, 10, 10, 0, 0, 0, 0, 0, 10, 0, 0, 10, 10, 0, 10, 0, : 10, 10, 10, 10, 10, 10, 10, 10, 3, 10, 10, 10, 10, 10, 10, 10, 10, 10, 10, 13, 10, 10, 5, 10, 18, 10, 10, 10, 10, 10, 10, 10, 10, 10, 10, 10, 10, 10, 10, 10, 10, 10, 10, 10, 10, 10, 10, 10, 10, 10, 10, 10, 10, 10, 
38: 0, 0, 0, 0, 10, 10, 10, 4, 0, 0, 10, 0, 10, 14, 0, 10, 0, 0, 10, 0, 10, 0, 10, 10, 0, 10, 1, 10, 10, 0, 0, 1, 0, 10, 0, 10, 0, 0, 0, 10, 10, 10, 0, 0, 0, 10, 0, 10, 10, 10, 10, 10, 0, 0, 0, 0, 10, 10, 10, 0, 0, 10, 0, 10, 10, 10, 0, 0, 0, 10, 0, 10, 10, 0, 9, 10, 10, 10, 0, 10, 10, 10, 0, 10, 0, 10, 10, 0, 10, 10, 10, 10, 10, 0, 10, 10, 0, 0, 0, 0, 0, 0, 10, 0, 10, 0, 10, 10, 10, 10, 10, 0, 10, 0, 10, 0, 10, 0, 10, 0, : 10, 10, 10, 4, 10, 10, 14, 10, 10, 10, 10, 10, 10, 1, 10, 10, 1, 10, 10, 10, 10, 10, 10, 10, 10, 10, 10, 10, 10, 10, 10, 10, 10, 10, 10, 10, 10, 10, 9, 10, 10, 10, 10, 10, 10, 10, 10, 10, 10, 10, 10, 10, 10, 10, 10, 10, 10, 10, 10, 10, 10, 10, 10, 10, 10, 10, 
74: 10, 10, 3, 0, 10, 0, 10, 0, 10, 10, 0, 0, 0, 0, 0, 0, 10, 10, 0, 0, 0, 10, 10, 10, 0, 10, 10, 10, 10, 10, 0, 10, 0, 0, 10, 0, 0, 10, 3, 0, 0, 0, 0, 0, 10, 1, 10, 10, 10, 0, 10, 1, 0, 10, 0, 10, 10, 10, 10, 0, 10, 10, 10, 10, 10, 0, 10, 10, 0, 10, 0, 10, 10, 10, 10, 10, 10, 0, 10, 0, 0, 10, 0, 10, 0, 10, 0, 10, 10, 0, 10, 10, 10, 0, 0, 0, 10, 10, 0, 10, 0, 10, 0, 0, 0, 0, 0, 10, 0, 0, 0, 0, 10, 1, 10, 0, 0, 10, 0, 10, : 10, 10, 3, 10, 10, 10, 10, 10, 10, 10, 10, 10, 10, 10, 10, 10, 10, 10, 10, 10, 3, 10, 1, 10, 10, 10, 10, 1, 10, 10, 10, 10, 10, 10, 10, 10, 10, 10, 10, 10, 10, 10, 10, 10, 10, 10, 10, 10, 10, 10, 10, 10, 10, 10, 10, 10, 10, 10, 10, 10, 10, 10, 1, 10, 10, 10, 
76: 10, 0, 10, 0, 10, 10, 10, 10, 0, 0, 0, 10, 10, 0, 0, 10, 0, 10, 10, 10, 10, 10, 0, 10, 0, 0, 10, 10, 0, 0, 0, 0, 3, 0, 0, 0, 0, 0, 15, 10, 0, 10, 0, 0, 10, 10, 10, 10, 10, 7, 10, 10, 1, 10, 0, 0, 3, 0, 0, 0, 0, 10, 10, 0, 0, 0, 10, 10, 10, 10, 10, 10, 1, 0, 10, 0, 10, 0, 10, 10, 0, 10, 10, 0, 0, 10, 10, 10, 10, 10, 3, 0, 0, 10, 0, 0, 0, 0, 10, 10, 10, 0, 10, 0, 10, 10, 10, 0, 0, 10, 10, 10, 0, 0, 0, 0, 0, 0, 10, 10, : 10, 10, 10, 10, 10, 10, 10, 10, 10, 10, 10, 10, 10, 10, 10, 10, 10, 3, 15, 10, 10, 10, 10, 10, 10, 10, 7, 10, 10, 1, 10, 3, 10, 10, 10, 10, 10, 10, 10, 10, 1, 10, 10, 10, 10, 10, 10, 10, 10, 10, 10, 10, 3, 10, 10, 10, 10, 10, 10, 10, 10, 10, 10, 10, 10, 10, 
54: 0, 0, 0, 0, 10, 0, 0, 10, 10, 0, 10, 0, 0, 10, 0, 10, 10, 0, 0, 0, 10, 10, 10, 0, 0, 0, 10, 0, 10, 10, 0, 0, 0, 10, 10, 10, 10, 10, 10, 0, 0, 0, 10, 10, 10, 10, 10, 10, 10, 0, 10, 0, 10, 2, 2, 0, 10, 0, 0, 8, 0, 0, 0, 0, 0, 10, 0, 19, 0, 10, 0, 0, 0, 0, 10, 10, 0, 10, 0, 10, 0, 10, 0, 10, 10, 0, 10, 0, 10, 0, 10, 0, 0, 0, 10, 0, 0, 10, 10, 10, 10, 10, 10, 0, 10, 10, 10, 10, 0, 1, 0, 10, 0, 0, 0, 10, 10, 0, 0, 0, : 10, 10, 10, 10, 10, 10, 10, 10, 10, 10, 10, 10, 10, 10, 10, 10, 10, 10, 10, 10, 10, 10, 10, 10, 10, 10, 10, 10, 2, 2, 10, 8, 10, 19, 10, 10, 10, 10, 10, 10, 10, 10, 10, 10, 10, 10, 10, 10, 10, 10, 10, 10, 10, 10, 10, 10, 1, 10, 10, 10, 
33: 10, 0, 10, 0, 0, 10, 0, 10, 10, 0, 10, 0, 0, 0, 10, 0, 0, 0, 10, 10, 10, 0, 0, 10, 0, 10, 0, 10, 0, 10, 10, 0, 0, 0, 0, 0, 10, 0, 0, 10, 10, 10, 0, 10, 10, 0, 10, 0, 10, 10, 0, 10, 0, 10, 0, 10, 0, 10, 10, 10, 10, 0, 10, 0, 0, 10, 10, 0, 10, 10, 10, 0, 10, 0, 0, 10, 0, 0, 0, 10, 10, 0, 10, 0, 10, 4, 0, 10, 10, 0, 10, 10, 10, 10, 0, 10, 0, 10, 10, 0, 0, 10, 0, 10, 0, 10, 0, 0, 10, 10, 10, 0, 0, 0, 10, 0, 10, 10, 10, 0, : 10, 10, 10, 10, 10, 10, 10, 10, 10, 10, 10, 10, 10, 10, 10, 10, 10, 10, 10, 10, 10, 10, 10, 10, 10, 10, 10, 10, 10, 10, 10, 10, 10, 10, 10, 10, 10, 10, 10, 10, 10, 10, 10, 4, 10, 10, 10, 10, 10, 10, 10, 10, 10, 10, 10, 10, 10, 10, 10, 10, 10, 10, 10, 
59: 0, 0, 0, 0, 0, 0, 10, 0, 1, 10, 0, 0, 0, 10, 0, 10, 0, 10, 10, 10, 0, 10, 1, 0, 10, 10, 10, 0, 10, 10, 0, 0, 0, 0, 10, 10, 10, 0, 10, 0, 0, 10, 10, 10, 0, 10, 10, 0, 0, 15, 10, 0, 0, 0, 0, 0, 0, 10, 0, 10, 0, 10, 10, 0, 0, 10, 10, 0, 10, 10, 10, 0, 10, 0, 10, 10, 10, 0, 0, 0, 0, 0, 10, 0, 10, 0, 0, 0, 0, 10, 0, 10, 0, 0, 10, 0, 10, 10, 0, 10, 0, 16, 1, 10, 0, 0, 0, 0, 10, 0, 0, 10, 10, 10, 10, 10, 0, 10, 0, 10, : 10, 1, 10, 10, 10, 10, 10, 10, 10, 1, 10, 10, 10, 10, 10, 10, 10, 10, 10, 10, 10, 10, 10, 10, 15, 10, 10, 10, 10, 10, 10, 10, 10, 10, 10, 10, 10, 10, 10, 10, 10, 10, 10, 10, 10, 10, 10, 16, 1, 10, 10, 10, 10, 10, 10, 10, 10, 10, 
4: 10, 0, 0, 10, 0, 5, 0, 10, 0, 10, 0, 0, 0, 0, 0, 0, 0, 0, 10, 0, 0, 0, 0, 3, 0, 0, 0, 0, 0, 10, 0, 10, 0, 10, 10, 0, 10, 10, 10, 10, 0, 0, 0, 0, 0, 0, 0, 0, 10, 10, 10, 0, 10, 0, 10, 0, 10, 10, 10, 10, 0, 10, 0, 0, 3, 0, 0, 0, 0, 10, 0, 10, 0, 0, 10, 0, 0, 10, 17, 0, 10, 10, 0, 0, 0, 10, 10, 0, 0, 10, 10, 0, 0, 10, 10, 0, 0, 0, 10, 10, 10, 10, 0, 0, 10, 10, 10, 0, 0, 10, 0, 10, 10, 0, 0, 10, 10, 10, 0, 0, : 10, 10, 5, 10, 10, 10, 3, 10, 10, 10, 10, 10, 10, 10, 10, 10, 10, 10, 10, 10, 10, 10, 10, 10, 10, 3, 10, 10, 10, 10, 17, 10, 10, 10, 10, 10, 10, 10, 10, 10, 10, 10, 10, 10, 10, 10, 10, 10, 10, 10, 10, 10, 
5: 0, 0, 10, 10, 10, 10, 10, 0, 0, 0, 10, 0, 10, 10, 10, 0, 0, 5, 10, 10, 0, 10, 10, 0, 10, 0, 0, 0, 10, 0, 10, 0, 0, 10, 0, 10, 10, 0, 10, 0, 0, 10, 10, 0, 10, 10, 10, 10, 20, 0, 0, 0, 0, 10, 10, 0, 0, 1, 0, 0, 10, 10, 10, 0, 0, 10, 0, 0, 0, 0, 0, 10, 0, 10, 0, 10, 10, 0, 10, 0, 10, 0, 0, 0, 10, 10, 10, 0, 0, 0, 0, 3, 10, 0, 10, 10, 10, 10, 0, 0, 0, 0, 0, 10, 0, 10, 10, 0, 0, 0, 10, 10, 10, 0, 10, 0, 0, 0, 10, 0, : 10, 10, 10, 10, 10, 10, 10, 10, 10, 5, 10, 10, 10, 10, 10, 10, 10, 10, 10, 10, 10, 10, 10, 10, 10, 10, 10, 20, 10, 10, 1, 10, 10, 10, 10, 10, 10, 10, 10, 10, 10, 10, 10, 10, 3, 10, 10, 10, 10, 10, 10, 10, 10, 10, 10, 10, 10, 10, 
2: 0, 0, 10, 10, 0, 10, 0, 0, 10, 10, 0, 0, 10, 0, 10, 0, 0, 10, 10, 0, 10, 0, 10, 0, 0, 10, 0, 0, 10, 0, 0, 10, 0, 4, 10, 0, 10, 10, 10, 0, 0, 10, 12, 0, 0, 0, 10, 0, 0, 10, 0, 1, 0, 0, 3, 10, 10, 10, 0, 10, 0, 0, 0, 10, 10, 0, 0, 10, 10, 0, 0, 0, 0, 10, 10, 10, 0, 0, 10, 10, 10, 10, 1, 10, 0, 0, 10, 10, 10, 0, 0, 0, 10, 0, 0, 10, 0, 10, 10, 10, 0, 0, 10, 10, 0, 10, 0, 0, 10, 0, 0, 0, 0, 10, 0, 10, 0, 10, 10, 10, : 10, 10, 10, 10, 10, 10, 10, 10, 10, 10, 10, 10, 10, 10, 4, 10, 10, 10, 10, 10, 12, 10, 10, 1, 3, 10, 10, 10, 10, 10, 10, 10, 10, 10, 10, 10, 10, 10, 10, 10, 1, 10, 10, 10, 10, 10, 10, 10, 10, 10, 10, 10, 10, 10, 10, 10, 10, 10, 10, 
42: 10, 0, 10, 20, 0, 0, 0, 0, 0, 10, 10, 0, 10, 10, 0, 1, 0, 0, 0, 0, 0, 10, 10, 0, 0, 10, 10, 10, 0, 0, 0, 10, 0, 0, 10, 0, 10, 10, 10, 10, 10, 0, 10, 0, 10, 10, 0, 10, 10, 10, 0, 10, 0, 0, 10, 10, 2, 5, 10, 10, 10, 0, 10, 0, 10, 10, 0, 0, 2, 0, 0, 0, 10, 10, 0, 10, 0, 10, 0, 10, 10, 0, 10, 0, 0, 10, 10, 0, 0, 0, 0, 0, 10, 0, 10, 10, 10, 0, 0, 0, 0, 10, 0, 10, 10, 0, 16, 0, 4, 0, 0, 0, 0, 10, 10, 0, 0, 0, 0, 10, : 10, 10, 20, 10, 10, 10, 10, 1, 10, 10, 10, 10, 10, 10, 10, 10, 10, 10, 10, 10, 10, 10, 10, 10, 10, 10, 10, 10, 10, 2, 5, 10, 10, 10, 10, 10, 10, 2, 10, 10, 10, 10, 10, 10, 10, 10, 10, 10, 10, 10, 10, 10, 10, 10, 16, 4, 10, 10, 10, 
10: 10, 0, 10, 10, 0, 0, 0, 0, 10, 10, 10, 10, 0, 10, 0, 10, 0, 10, 0, 0, 0, 10, 10, 10, 10, 10, 10, 16, 10, 10, 0, 10, 0, 0, 0, 0, 10, 1, 10, 10, 0, 0, 10, 10, 0, 0, 0, 0, 0, 0, 10, 0, 0, 10, 10, 10, 20, 0, 10, 4, 10, 0, 0, 10, 2, 10, 10, 10, 10, 0, 10, 0, 10, 0, 0, 10, 0, 0, 10, 0, 0, 0, 10, 17, 0, 0, 0, 10, 5, 0, 0, 0, 10, 10, 6, 0, 10, 10, 10, 0, 10, 0, 10, 0, 10, 0, 10, 10, 0, 0, 0, 10, 10, 10, 0, 10, 0, 0, 3, 6, : 10, 10, 10, 10, 10, 10, 10, 10, 10, 10, 10, 10, 10, 10, 10, 10, 16, 10, 10, 10, 10, 1, 10, 10, 10, 10, 10, 10, 10, 10, 20, 10, 4, 10, 10, 2, 10, 10, 10, 10, 10, 10, 10, 10, 10, 17, 10, 5, 10, 10, 6, 10, 10, 10, 10, 10, 10, 10, 10, 10, 10, 10, 10, 3, 6, 
13: 0, 10, 0, 0, 10, 0, 0, 10, 10, 1, 0, 0, 10, 0, 10, 10, 0, 10, 10, 0, 10, 10, 0, 0, 0, 0, 0, 0, 0, 10, 0, 0, 10, 10, 0, 0, 16, 10, 0, 0, 10, 0, 0, 10, 10, 10, 10, 10, 10, 0, 0, 4, 10, 0, 10, 10, 0, 10, 10, 0, 10, 0, 10, 10, 10, 1, 0, 0, 10, 10, 0, 0, 0, 0, 0, 0, 0, 10, 10, 0, 10, 0, 0, 0, 0, 0, 10, 0, 0, 3, 0, 16, 10, 10, 10, 10, 0, 10, 10, 0, 0, 10, 10, 10, 0, 0, 0, 0, 0, 10, 10, 10, 0, 10, 10, 0, 0, 10, 10, 0, : 10, 10, 10, 10, 1, 10, 10, 10, 10, 10, 10, 10, 10, 10, 10, 16, 10, 10, 10, 10, 10, 10, 10, 10, 4, 10, 10, 10, 10, 10, 10, 10, 10, 10, 1, 10, 10, 10, 10, 10, 10, 3, 16, 10, 10, 10, 10, 10, 10, 10, 10, 10, 10, 10, 10, 10, 10, 10, 10, 
80: 10, 1, 0, 10, 0, 0, 10, 10, 10, 10, 0, 0, 0, 10, 10, 10, 1, 10, 0, 10, 0, 0, 0, 0, 10, 4, 0, 10, 1, 0, 0, 0, 10, 0, 0, 10, 1, 10, 0, 10, 0, 0, 0, 1, 10, 10, 0, 0, 10, 0, 0, 0, 0, 0, 10, 10, 10, 0, 0, 0, 0, 10, 10, 0, 10, 0, 10, 0, 10, 10, 0, 0, 0, 10, 10, 0, 9, 0, 10, 10, 10, 10, 10, 0, 10, 0, 0, 0, 0, 10, 10, 10, 0, 10, 10, 10, 10, 16, 10, 10, 10, 0, 0, 0, 0, 0, 10, 10, 10, 0, 0, 0, 0, 17, 10, 10, 0, 0, 10, 10, : 10, 1, 10, 10, 10, 10, 10, 10, 10, 10, 1, 10, 10, 10, 4, 10, 1, 10, 10, 1, 10, 10, 1, 10, 10, 10, 10, 10, 10, 10, 10, 10, 10, 10, 10, 10, 10, 9, 10, 10, 10, 10, 10, 10, 10, 10, 10, 10, 10, 10, 10, 16, 10, 10, 10, 10, 10, 10, 17, 10, 10, 10, 10, 
1: 10, 10, 0, 0, 0, 0, 0, 10, 0, 0, 10, 10, 0, 10, 0, 0, 10, 10, 0, 10, 10, 10, 0, 10, 8, 0, 0, 0, 0, 10, 13, 10, 10, 0, 0, 0, 10, 0, 0, 10, 10, 10, 10, 1, 0, 10, 0, 0, 4, 10, 10, 10, 10, 0, 10, 10, 10, 0, 0, 10, 0, 10, 10, 10, 10, 0, 1, 10, 0, 10, 0, 0, 0, 0, 10, 10, 10, 0, 10, 0, 0, 10, 10, 10, 3, 13, 0, 0, 10, 10, 10, 10, 0, 10, 19, 0, 0, 0, 10, 0, 10, 10, 10, 10, 0, 0, 6, 0, 10, 0, 10, 0, 0, 0, 10, 0, 10, 10, 0, 10, : 10, 10, 10, 10, 10, 10, 10, 10, 10, 10, 10, 10, 8, 10, 13, 10, 10, 10, 10, 10, 10, 10, 1, 10, 4, 10, 10, 10, 10, 10, 10, 10, 10, 10, 10, 10, 10, 1, 10, 10, 10, 10, 10, 10, 10, 10, 10, 3, 13, 10, 10, 10, 10, 10, 19, 10, 10, 10, 10, 10, 6, 10, 10, 10, 10, 10, 10, 
23: 2, 10, 0, 10, 10, 0, 3, 10, 0, 15, 0, 10, 0, 10, 10, 4, 0, 0, 10, 10, 10, 10, 10, 10, 0, 10, 10, 10, 0, 10, 10, 10, 0, 0, 10, 10, 10, 0, 10, 0, 0, 10, 0, 0, 0, 1, 10, 0, 0, 10, 0, 2, 0, 10, 0, 10, 0, 0, 0, 0, 0, 10, 0, 10, 0, 0, 10, 1, 0, 10, 10, 10, 0, 0, 0, 0, 0, 10, 10, 10, 0, 0, 0, 10, 0, 0, 10, 0, 10, 10, 10, 1, 0, 0, 0, 10, 10, 0, 10, 10, 0, 0, 0, 0, 10, 10, 0, 0, 10, 0, 10, 10, 10, 10, 10, 10, 10, 10, 0, 0, : 2, 10, 10, 10, 3, 10, 15, 10, 10, 10, 4, 10, 10, 10, 10, 10, 10, 10, 10, 10, 10, 10, 10, 10, 10, 10, 10, 10, 1, 10, 10, 2, 10, 10, 10, 10, 10, 1, 10, 10, 10, 10, 10, 10, 10, 10, 10, 10, 10, 1, 10, 10, 10, 10, 10, 10, 10, 10, 10, 10, 10, 10, 10, 10, 10, 
9: 0, 10, 0, 10, 0, 10, 0, 0, 10, 10, 0, 10, 10, 0, 0, 0, 0, 10, 10, 10, 10, 10, 10, 0, 10, 10, 0, 0, 20, 10, 3, 10, 10, 10, 10, 0, 10, 0, 1, 10, 10, 0, 10, 0, 10, 0, 0, 1, 0, 10, 10, 0, 10, 0, 0, 10, 10, 10, 10, 0, 0, 0, 0, 0, 10, 10, 10, 10, 10, 0, 0, 10, 10, 10, 9, 0, 0, 0, 10, 0, 0, 10, 0, 0, 10, 10, 10, 0, 0, 10, 10, 10, 0, 10, 0, 0, 20, 10, 0, 4, 10, 10, 0, 0, 10, 0, 0, 10, 0, 10, 10, 10, 0, 10, 10, 10, 0, 1, 10, 0, : 10, 10, 10, 10, 10, 10, 10, 10, 10, 10, 10, 10, 10, 10, 10, 20, 10, 3, 10, 10, 10, 10, 10, 1, 10, 10, 10, 10, 1, 10, 10, 10, 10, 10, 10, 10, 10, 10, 10, 10, 10, 10, 10, 10, 9, 10, 10, 10, 10, 10, 10, 10, 10, 10, 20, 10, 4, 10, 10, 10, 10, 10, 10, 10, 10, 10, 10, 1, 10, 
61: 10, 10, 0, 0, 10, 10, 10, 10, 0, 10, 10, 10, 0, 0, 10, 0, 10, 10, 0, 0, 10, 10, 0, 10, 2, 0, 0, 0, 10, 10, 0, 10, 0, 10, 10, 10, 0, 10, 10, 0, 10, 4, 10, 10, 10, 10, 10, 0, 10, 0, 10, 10, 0, 10, 0, 10, 0, 0, 0, 10, 10, 0, 0, 10, 0, 0, 10, 10, 0, 10, 0, 0, 0, 10, 10, 0, 0, 0, 10, 14, 0, 10, 0, 10, 10, 0, 0, 0, 0, 0, 10, 10, 10, 0, 10, 10, 10, 10, 10, 0, 10, 0, 2, 8, 0, 10, 0, 0, 10, 10, 10, 10, 10, 0, 10, 10, 0, 10, 0, 10, : 10, 10, 10, 10, 10, 10, 10, 10, 10, 10, 10, 10, 10, 10, 10, 2, 10, 10, 10, 10, 10, 10, 10, 10, 10, 4, 10, 10, 10, 10, 10, 10, 10, 10, 10, 10, 10, 10, 10, 10, 10, 10, 10, 10, 10, 14, 10, 10, 10, 10, 10, 10, 10, 10, 10, 10, 10, 10, 2, 8, 10, 10, 10, 10, 10, 10, 10, 10, 10, 10, 
75: 10, 0, 10, 0, 10, 0, 10, 10, 0, 0, 10, 10, 10, 10, 10, 10, 10, 0, 10, 10, 10, 0, 0, 10, 0, 0, 10, 0, 10, 0, 10, 0, 10, 10, 10, 0, 10, 10, 0, 0, 3, 0, 0, 0, 10, 0, 0, 10, 0, 0, 0, 0, 0, 4, 9, 10, 10, 10, 10, 0, 10, 0, 0, 10, 0, 0, 0, 10, 10, 10, 10, 10, 10, 1, 0, 0, 10, 10, 0, 0, 0, 0, 0, 0, 10, 0, 0, 5, 0, 0, 0, 0, 10, 0, 0, 0, 0, 10, 10, 10, 2, 0, 0, 10, 0, 0, 10, 10, 0, 10, 10, 0, 0, 0, 0, 10, 10, 11, 10, 10, : 10, 10, 10, 10, 10, 10, 10, 10, 10, 10, 10, 10, 10, 10, 10, 10, 10, 10, 10, 10, 10, 10, 10, 10, 3, 10, 10, 4, 9, 10, 10, 10, 10, 10, 10, 10, 10, 10, 10, 10, 10, 1, 10, 10, 10, 5, 10, 10, 10, 10, 2, 10, 10, 10, 10, 10, 10, 10, 11, 10, 10, 
36: 10, 10, 8, 0, 0, 10, 10, 10, 10, 0, 0, 10, 10, 0, 0, 10, 0, 10, 10, 0, 0, 0, 0, 10, 0, 19, 10, 10, 0, 10, 10, 10, 0, 0, 10, 0, 0, 0, 10, 10, 0, 10, 10, 10, 0, 10, 10, 10, 0, 0, 10, 10, 0, 10, 10, 10, 0, 10, 0, 10, 0, 0, 0, 0, 0, 10, 0, 10, 10, 10, 10, 10, 10, 10, 10, 10, 0, 0, 10, 10, 10, 0, 0, 10, 0, 0, 10, 10, 0, 10, 10, 4, 10, 0, 0, 10, 0, 0, 10, 0, 0, 0, 0, 0, 0, 0, 10, 0, 0, 0, 0, 0, 0, 0, 0, 0, 10, 0, 10, 1, : 10, 10, 8, 10, 10, 10, 10, 10, 10, 10, 10, 10, 10, 19, 10, 10, 10, 10, 10, 10, 10, 10, 10, 10, 10, 10, 10, 10, 10, 10, 10, 10, 10, 10, 10, 10, 10, 10, 10, 10, 10, 10, 10, 10, 10, 10, 10, 10, 10, 10, 10, 10, 10, 4, 10, 10, 10, 10, 10, 10, 1, 
58: 10, 10, 0, 10, 0, 10, 10, 10, 0, 10, 10, 10, 10, 0, 10, 0, 10, 10, 10, 0, 0, 10, 10, 0, 0, 0, 10, 2, 10, 10, 0, 0, 10, 10, 10, 10, 0, 10, 10, 0, 10, 0, 10, 0, 0, 10, 0, 0, 10, 10, 10, 10, 10, 0, 0, 0, 10, 0, 0, 0, 10, 0, 10, 0, 0, 0, 0, 10, 10, 10, 10, 0, 0, 10, 13, 10, 10, 10, 0, 10, 0, 0, 0, 20, 10, 0, 0, 10, 0, 0, 10, 10, 10, 10, 0, 0, 0, 1, 0, 0, 0, 10, 10, 6, 10, 0, 10, 10, 10, 10, 10, 3, 0, 3, 10, 0, 10, 10, 10, 10, : 10, 10, 10, 10, 10, 10, 10, 10, 10, 10, 10, 10, 10, 10, 10, 10, 10, 2, 10, 10, 10, 10, 10, 10, 10, 10, 10, 10, 10, 10, 10, 10, 10, 10, 10, 10, 10, 10, 10, 10, 10, 10, 13, 10, 10, 10, 10, 20, 10, 10, 10, 10, 10, 10, 1, 10, 10, 6, 10, 10, 10, 10, 10, 10, 3, 3, 10, 10, 10, 10, 10, 
18: 10, 10, 10, 10, 10, 0, 0, 1, 10, 10, 0, 10, 10, 2, 10, 10, 10, 10, 10, 10, 0, 0, 0, 10, 10, 0, 0, 0, 10, 0, 0, 0, 0, 0, 0, 10, 10, 10, 10, 10, 0, 0, 0, 0, 0, 0, 12, 0, 10, 0, 10, 10, 0, 0, 10, 10, 0, 10, 10, 0, 0, 0, 10, 0, 0, 0, 10, 10, 10, 0, 10, 10, 0, 10, 10, 0, 0, 10, 1, 10, 0, 10, 10, 0, 10, 10, 0, 10, 0, 10, 0, 0, 0, 0, 10, 0, 0, 0, 10, 0, 1, 0, 0, 0, 10, 1, 0, 10, 0, 0, 10, 10, 0, 4, 10, 0, 10, 10, 0, 0, : 10, 10, 10, 10, 10, 1, 10, 10, 10, 10, 2, 10, 10, 10, 10, 10, 10, 10, 10, 10, 10, 10, 10, 10, 10, 12, 10, 10, 10, 10, 10, 10, 10, 10, 10, 10, 10, 10, 10, 10, 10, 10, 1, 10, 10, 10, 10, 10, 10, 10, 10, 10, 1, 10, 1, 10, 10, 10, 4, 10, 10, 10, 
14: 0, 10, 10, 10, 0, 10, 10, 10, 10, 0, 10, 0, 0, 0, 10, 10, 0, 0, 10, 10, 0, 0, 10, 10, 10, 0, 10, 10, 0, 10, 0, 10, 10, 0, 10, 10, 0, 0, 10, 14, 10, 0, 10, 0, 0, 10, 10, 10, 10, 0, 1, 0, 10, 0, 0, 10, 0, 10, 10, 10, 10, 0, 0, 10, 10, 10, 10, 6, 10, 0, 0, 0, 2, 0, 10, 10, 0, 0, 0, 1, 10, 0, 1, 0, 0, 10, 10, 10, 0, 0, 10, 10, 0, 0, 10, 0, 10, 0, 10, 10, 10, 10, 0, 0, 10, 10, 0, 0, 10, 0, 0, 0, 10, 0, 0, 0, 10, 0, 10, 10, : 10, 10, 10, 10, 10, 10, 10, 10, 10, 10, 10, 10, 10, 10, 10, 10, 10, 10, 10, 10, 10, 10, 10, 14, 10, 10, 10, 10, 10, 10, 1, 10, 10, 10, 10, 10, 10, 10, 10, 10, 10, 6, 10, 2, 10, 10, 1, 10, 1, 10, 10, 10, 10, 10, 10, 10, 10, 10, 10, 10, 10, 10, 10, 10, 10, 10, 10, 
3: 10, 10, 0, 15, 10, 10, 10, 10, 0, 10, 10, 10, 0, 0, 0, 0, 10, 10, 10, 10, 10, 10, 10, 0, 10, 10, 10, 10, 0, 0, 18, 0, 0, 0, 0, 0, 10, 0, 10, 10, 10, 0, 10, 0, 10, 0, 0, 0, 10, 10, 10, 0, 10, 0, 10, 0, 0, 0, 10, 0, 0, 0, 10, 10, 0, 10, 10, 0, 10, 0, 0, 0, 10, 0, 10, 1, 0, 0, 0, 10, 10, 0, 10, 6, 0, 10, 10, 0, 10, 10, 10, 0, 10, 0, 0, 10, 10, 10, 0, 10, 10, 0, 10, 0, 0, 0, 0, 10, 10, 0, 10, 0, 10, 0, 10, 0, 0, 0, 10, 10, : 10, 10, 15, 10, 10, 10, 10, 10, 10, 10, 10, 10, 10, 10, 10, 10, 10, 10, 10, 10, 10, 18, 10, 10, 10, 10, 10, 10, 10, 10, 10, 10, 10, 10, 10, 10, 10, 10, 10, 10, 10, 1, 10, 10, 10, 6, 10, 10, 10, 10, 10, 10, 10, 10, 10, 10, 10, 10, 10, 10, 10, 10, 10, 10, 10, 
16: 10, 0, 0, 2, 2, 10, 0, 10, 10, 10, 0, 10, 0, 10, 0, 10, 10, 10, 10, 10, 10, 10, 10, 0, 16, 10, 0, 0, 0, 1, 10, 0, 0, 10, 0, 10, 10, 0, 0, 10, 0, 10, 0, 0, 10, 0, 10, 0, 0, 10, 0, 10, 0, 0, 10, 10, 10, 0, 10, 0, 10, 10, 10, 0, 0, 0, 10, 0, 7, 0, 10, 0, 0, 0, 10, 10, 10, 0, 0, 10, 10, 0, 10, 0, 10, 0, 0, 10, 0, 10, 10, 10, 10, 0, 0, 0, 10, 0, 10, 0, 10, 0, 0, 10, 0, 0, 10, 10, 10, 10, 10, 0, 10, 10, 0, 0, 10, 10, 10, 10, : 10, 2, 2, 10, 10, 10, 10, 10, 10, 10, 10, 10, 10, 10, 10, 10, 10, 16, 10, 1, 10, 10, 10, 10, 10, 10, 10, 10, 10, 10, 10, 10, 10, 10, 10, 10, 10, 10, 7, 10, 10, 10, 10, 10, 10, 10, 10, 10, 10, 10, 10, 10, 10, 10, 10, 10, 10, 10, 10, 10, 10, 10, 10, 10, 10, 10, 10, 
60: 0, 10, 10, 0, 0, 0, 7, 0, 0, 10, 10, 10, 0, 10, 0, 0, 10, 10, 0, 0, 0, 0, 0, 0, 0, 0, 10, 0, 10, 10, 0, 10, 0, 0, 0, 0, 10, 0, 10, 10, 10, 0, 1, 10, 10, 10, 10, 10, 0, 10, 10, 0, 10, 10, 0, 0, 10, 0, 0, 10, 10, 10, 10, 10, 10, 10, 0, 10, 10, 0, 5, 10, 10, 0, 10, 0, 0, 0, 10, 10, 0, 0, 10, 0, 0, 10, 10, 0, 0, 0, 0, 0, 0, 0, 0, 10, 1, 0, 0, 10, 0, 0, 0, 0, 0, 10, 0, 0, 0, 0, 0, 10, 10, 0, 0, 0, 10, 0, 10, 0, : 10, 10, 7, 10, 10, 10, 10, 10, 10, 10, 10, 10, 10, 10, 10, 10, 10, 1, 10, 10, 10, 10, 10, 10, 10, 10, 10, 10, 10, 10, 10, 10, 10, 10, 10, 10, 10, 5, 10, 10, 10, 10, 10, 10, 10, 10, 10, 1, 10, 10, 10, 10, 10, 10, 
17: 0, 10, 0, 0, 0, 10, 0, 0, 0, 1, 10, 10, 0, 10, 10, 0, 10, 0, 10, 10, 10, 0, 0, 0, 0, 0, 0, 0, 10, 0, 10, 10, 14, 10, 0, 10, 0, 0, 10, 3, 10, 0, 0, 10, 0, 0, 4, 0, 10, 10, 0, 10, 10, 10, 10, 0, 0, 0, 10, 10, 10, 0, 0, 10, 10, 10, 10, 0, 0, 10, 10, 0, 0, 10, 14, 0, 10, 10, 10, 10, 0, 10, 0, 10, 0, 10, 10, 10, 0, 0, 0, 0, 0, 0, 10, 10, 0, 0, 10, 0, 10, 0, 0, 10, 10, 10, 10, 10, 17, 10, 0, 10, 10, 0, 0, 10, 0, 10, 0, 0, : 10, 10, 1, 10, 10, 10, 10, 10, 10, 10, 10, 10, 10, 10, 14, 10, 10, 10, 3, 10, 10, 4, 10, 10, 10, 10, 10, 10, 10, 10, 10, 10, 10, 10, 10, 10, 10, 10, 14, 10, 10, 10, 10, 10, 10, 10, 10, 10, 10, 10, 10, 10, 10, 10, 10, 10, 10, 17, 10, 10, 10, 10, 10, 
25: 0, 10, 10, 0, 10, 0, 10, 10, 0, 0, 10, 0, 10, 0, 10, 0, 0, 0, 10, 10, 10, 10, 10, 0, 10, 0, 10, 10, 0, 10, 10, 0, 0, 0, 0, 0, 10, 0, 0, 0, 1, 10, 0, 10, 0, 10, 0, 0, 0, 10, 10, 10, 10, 10, 10, 10, 10, 0, 0, 10, 0, 10, 10, 10, 0, 0, 10, 10, 0, 0, 10, 10, 0, 0, 0, 1, 0, 10, 10, 0, 10, 0, 10, 0, 10, 0, 10, 0, 16, 0, 10, 10, 10, 20, 0, 10, 10, 1, 0, 0, 0, 10, 10, 10, 10, 10, 10, 0, 10, 10, 0, 0, 10, 0, 10, 10, 10, 10, 0, 0, : 10, 10, 10, 10, 10, 10, 10, 10, 10, 10, 10, 10, 10, 10, 10, 10, 10, 10, 10, 1, 10, 10, 10, 10, 10, 10, 10, 10, 10, 10, 10, 10, 10, 10, 10, 10, 10, 10, 10, 1, 10, 10, 10, 10, 10, 10, 16, 10, 10, 10, 20, 10, 10, 1, 10, 10, 10, 10, 10, 10, 10, 10, 10, 10, 10, 10, 10, 
49: 10, 0, 10, 10, 10, 0, 10, 0, 10, 10, 10, 10, 0, 10, 10, 0, 0, 10, 0, 4, 10, 10, 0, 0, 0, 10, 10, 1, 0, 10, 0, 10, 10, 0, 0, 10, 0, 10, 0, 0, 0, 0, 10, 0, 10, 10, 0, 0, 0, 10, 0, 10, 10, 10, 10, 10, 10, 0, 10, 0, 20, 10, 0, 0, 10, 10, 10, 9, 0, 0, 10, 0, 10, 0, 0, 0, 10, 2, 0, 10, 0, 0, 0, 10, 10, 10, 0, 10, 0, 0, 10, 0, 10, 10, 10, 0, 0, 10, 10, 7, 0, 0, 10, 0, 10, 10, 0, 0, 0, 10, 10, 10, 0, 0, 0, 0, 10, 10, 10, 0, : 10, 10, 10, 10, 10, 10, 10, 10, 10, 10, 10, 10, 4, 10, 10, 10, 10, 1, 10, 10, 10, 10, 10, 10, 10, 10, 10, 10, 10, 10, 10, 10, 10, 10, 20, 10, 10, 10, 10, 9, 10, 10, 10, 2, 10, 10, 10, 10, 10, 10, 10, 10, 10, 10, 10, 7, 10, 10, 10, 10, 10, 10, 10, 10, 10, 
70: 0, 10, 10, 10, 10, 0, 10, 0, 10, 0, 0, 0, 10, 0, 10, 10, 0, 0, 0, 0, 10, 10, 0, 10, 10, 0, 10, 10, 10, 10, 10, 0, 0, 0, 0, 10, 0, 10, 0, 10, 10, 0, 0, 10, 10, 10, 8, 0, 10, 10, 10, 0, 10, 10, 0, 0, 0, 0, 0, 10, 10, 10, 0, 0, 10, 10, 0, 10, 0, 10, 0, 10, 10, 10, 0, 10, 10, 10, 10, 0, 0, 10, 0, 0, 0, 10, 0, 10, 0, 10, 10, 0, 0, 10, 4, 10, 10, 0, 10, 0, 0, 0, 10, 10, 10, 10, 10, 0, 10, 10, 0, 10, 0, 10, 0, 10, 10, 0, 10, 10, : 10, 10, 10, 10, 10, 10, 10, 10, 10, 10, 10, 10, 10, 10, 10, 10, 10, 10, 10, 10, 10, 10, 10, 10, 10, 8, 10, 10, 10, 10, 10, 10, 10, 10, 10, 10, 10, 10, 10, 10, 10, 10, 10, 10, 10, 10, 10, 10, 10, 10, 10, 4, 10, 10, 10, 10, 10, 10, 10, 10, 10, 10, 10, 10, 10, 10, 10, 10, 
55: 10, 0, 0, 0, 10, 0, 0, 1, 0, 10, 10, 0, 0, 10, 0, 10, 10, 0, 10, 0, 10, 0, 0, 10, 0, 10, 10, 10, 0, 0, 10, 0, 10, 0, 10, 10, 10, 10, 10, 0, 0, 0, 10, 0, 10, 10, 10, 10, 10, 0, 0, 0, 10, 0, 10, 0, 0, 0, 10, 0, 10, 10, 2, 10, 0, 10, 0, 0, 0, 10, 10, 0, 10, 2, 0, 0, 10, 0, 0, 0, 0, 0, 10, 0, 10, 0, 10, 0, 10, 0, 10, 10, 0, 10, 0, 10, 0, 0, 10, 10, 0, 0, 10, 0, 0, 0, 3, 10, 10, 0, 10, 10, 0, 0, 10, 10, 10, 10, 10, 10, : 10, 10, 1, 10, 10, 10, 10, 10, 10, 10, 10, 10, 10, 10, 10, 10, 10, 10, 10, 10, 10, 10, 10, 10, 10, 10, 10, 10, 10, 10, 10, 10, 2, 10, 10, 10, 10, 10, 2, 10, 10, 10, 10, 10, 10, 10, 10, 10, 10, 10, 10, 3, 10, 10, 10, 10, 10, 10, 10, 10, 10, 10, 
35: 19, 10, 10, 0, 10, 10, 0, 0, 0, 10, 0, 10, 10, 10, 0, 10, 10, 10, 0, 10, 10, 0, 0, 0, 0, 0, 0, 10, 0, 0, 0, 10, 0, 0, 10, 10, 10, 0, 0, 0, 0, 10, 0, 0, 10, 0, 10, 10, 0, 10, 0, 0, 10, 1, 0, 0, 0, 0, 0, 0, 10, 10, 10, 0, 10, 0, 0, 10, 10, 0, 0, 0, 0, 10, 10, 10, 0, 10, 10, 0, 0, 10, 0, 10, 0, 10, 0, 10, 0, 0, 10, 10, 0, 10, 0, 10, 0, 2, 10, 10, 10, 0, 1, 10, 10, 10, 10, 10, 10, 10, 0, 0, 10, 10, 10, 0, 0, 10, 0, 0, : 19, 10, 10, 10, 10, 10, 10, 10, 10, 10, 10, 10, 10, 10, 10, 10, 10, 10, 10, 10, 10, 10, 10, 10, 10, 1, 10, 10, 10, 10, 10, 10, 10, 10, 10, 10, 10, 10, 10, 10, 10, 10, 10, 10, 10, 2, 10, 10, 10, 1, 10, 10, 10, 10, 10, 10, 10, 10, 10, 10, 10, 
11: 4, 0, 10, 6, 10, 0, 10, 0, 0, 0, 10, 0, 10, 10, 0, 10, 0, 10, 0, 1, 0, 0, 0, 10, 10, 13, 10, 10, 0, 10, 10, 0, 10, 10, 10, 9, 10, 10, 0, 0, 10, 10, 10, 0, 10, 10, 0, 0, 10, 0, 0, 10, 0, 12, 0, 10, 0, 10, 10, 3, 0, 0, 10, 10, 0, 10, 0, 0, 0, 0, 0, 10, 0, 0, 10, 0, 0, 0, 0, 0, 10, 10, 0, 10, 10, 10, 0, 0, 0, 10, 0, 0, 0, 10, 10, 10, 0, 0, 0, 10, 0, 0, 10, 0, 10, 10, 0, 10, 0, 10, 0, 10, 10, 0, 0, 10, 0, 10, 10, 10, : 4, 10, 6, 10, 10, 10, 10, 10, 10, 10, 1, 10, 10, 13, 10, 10, 10, 10, 10, 10, 10, 9, 10, 10, 10, 10, 10, 10, 10, 10, 10, 12, 10, 10, 10, 3, 10, 10, 10, 10, 10, 10, 10, 10, 10, 10, 10, 10, 10, 10, 10, 10, 10, 10, 10, 10, 10, 10, 10, 10, 10, 10, 
15: 10, 0, 10, 10, 0, 0, 10, 0, 0, 10, 10, 10, 10, 10, 10, 10, 10, 0, 0, 0, 1, 0, 0, 10, 10, 10, 0, 0, 0, 0, 10, 0, 0, 10, 0, 10, 0, 10, 10, 0, 10, 10, 10, 10, 10, 0, 0, 10, 0, 10, 10, 10, 0, 10, 10, 10, 10, 0, 0, 0, 0, 0, 0, 10, 0, 0, 0, 10, 0, 0, 0, 10, 10, 0, 0, 10, 0, 0, 0, 0, 0, 0, 0, 10, 0, 0, 0, 0, 0, 10, 0, 0, 10, 0, 0, 0, 0, 0, 0, 10, 10, 10, 0, 0, 0, 10, 10, 0, 11, 0, 10, 10, 0, 10, 10, 0, 10, 0, 0, 10, : 10, 10, 10, 10, 10, 10, 10, 10, 10, 10, 10, 10, 1, 10, 10, 10, 10, 10, 10, 10, 10, 10, 10, 10, 10, 10, 10, 10, 10, 10, 10, 10, 10, 10, 10, 10, 10, 10, 10, 10, 10, 10, 10, 10, 10, 10, 10, 11, 10, 10, 10, 10, 10, 10, 
56: 0, 10, 10, 0, 0, 0, 10, 10, 0, 10, 10, 6, 0, 10, 10, 10, 10, 10, 10, 0, 10, 10, 0, 0, 10, 0, 0, 0, 0, 0, 10, 10, 10, 10, 0, 10, 0, 0, 0, 10, 0, 0, 10, 10, 0, 0, 10, 4, 0, 0, 10, 0, 10, 0, 10, 0, 10, 20, 10, 0, 10, 10, 0, 1, 10, 10, 10, 0, 10, 0, 10, 10, 10, 10, 0, 10, 10, 10, 0, 0, 0, 0, 0, 10, 0, 10, 10, 0, 10, 10, 0, 0, 5, 0, 10, 10, 0, 10, 0, 0, 0, 10, 0, 0, 10, 10, 0, 0, 0, 10, 10, 0, 10, 0, 10, 0, 0, 0, 0, 0, : 10, 10, 10, 10, 10, 10, 6, 10, 10, 10, 10, 10, 10, 10, 10, 10, 10, 10, 10, 10, 10, 10, 10, 10, 10, 4, 10, 10, 10, 10, 20, 10, 10, 10, 1, 10, 10, 10, 10, 10, 10, 10, 10, 10, 10, 10, 10, 10, 10, 10, 10, 5, 10, 10, 10, 10, 10, 10, 10, 10, 10, 10, 
68: 0, 10, 0, 10, 0, 10, 10, 10, 10, 0, 1, 0, 0, 0, 0, 0, 10, 0, 2, 10, 0, 10, 0, 10, 0, 0, 10, 0, 0, 0, 0, 10, 0, 0, 10, 0, 0, 10, 0, 10, 0, 0, 10, 0, 10, 10, 10, 10, 0, 10, 0, 10, 0, 0, 10, 7, 10, 10, 10, 10, 0, 0, 0, 13, 0, 0, 10, 0, 1, 0, 10, 10, 10, 0, 10, 0, 10, 10, 0, 10, 0, 0, 10, 10, 0, 0, 10, 10, 10, 10, 0, 0, 10, 10, 0, 0, 10, 10, 0, 10, 0, 16, 10, 10, 10, 10, 10, 0, 10, 10, 10, 0, 2, 0, 10, 0, 10, 10, 10, 10, : 10, 10, 10, 10, 10, 10, 1, 10, 2, 10, 10, 10, 10, 10, 10, 10, 10, 10, 10, 10, 10, 10, 10, 10, 10, 7, 10, 10, 10, 10, 13, 10, 1, 10, 10, 10, 10, 10, 10, 10, 10, 10, 10, 10, 10, 10, 10, 10, 10, 10, 10, 16, 10, 10, 10, 10, 10, 10, 10, 10, 2, 10, 10, 10, 10, 10, 
37: 0, 0, 0, 0, 10, 10, 0, 10, 0, 0, 0, 10, 0, 0, 10, 10, 10, 1, 0, 10, 10, 0, 10, 10, 10, 10, 0, 10, 17, 0, 10, 10, 2, 0, 10, 0, 10, 0, 10, 0, 10, 10, 10, 0, 10, 0, 0, 10, 10, 10, 10, 10, 0, 10, 10, 10, 0, 0, 10, 0, 0, 0, 0, 10, 0, 0, 10, 10, 10, 2, 0, 10, 0, 10, 10, 10, 0, 10, 0, 10, 0, 0, 10, 10, 0, 10, 0, 0, 0, 0, 10, 0, 10, 10, 0, 10, 0, 10, 10, 10, 0, 0, 10, 0, 10, 10, 10, 2, 10, 0, 0, 0, 10, 10, 0, 10, 0, 0, 10, 0, : 10, 10, 10, 10, 10, 10, 10, 1, 10, 10, 10, 10, 10, 10, 10, 17, 10, 10, 2, 10, 10, 10, 10, 10, 10, 10, 10, 10, 10, 10, 10, 10, 10, 10, 10, 10, 10, 10, 10, 2, 10, 10, 10, 10, 10, 10, 10, 10, 10, 10, 10, 10, 10, 10, 10, 10, 10, 10, 10, 10, 2, 10, 10, 10, 10, 10, 
53: 0, 10, 0, 10, 0, 10, 0, 14, 10, 10, 0, 10, 10, 0, 0, 0, 10, 0, 0, 16, 10, 0, 0, 10, 0, 10, 10, 10, 10, 0, 0, 10, 10, 0, 9, 10, 10, 0, 0, 0, 10, 6, 0, 17, 0, 10, 0, 0, 10, 0, 10, 0, 10, 10, 10, 0, 0, 0, 10, 0, 10, 0, 3, 10, 0, 10, 10, 10, 10, 10, 10, 0, 10, 10, 10, 10, 10, 10, 0, 0, 0, 10, 10, 10, 0, 0, 10, 10, 0, 0, 0, 0, 0, 0, 0, 0, 10, 10, 5, 10, 10, 10, 0, 6, 10, 10, 10, 10, 0, 10, 0, 10, 10, 0, 10, 6, 10, 10, 10, 0, : 10, 10, 10, 14, 10, 10, 10, 10, 10, 16, 10, 10, 10, 10, 10, 10, 10, 10, 9, 10, 10, 10, 6, 17, 10, 10, 10, 10, 10, 10, 10, 10, 3, 10, 10, 10, 10, 10, 10, 10, 10, 10, 10, 10, 10, 10, 10, 10, 10, 10, 10, 10, 10, 5, 10, 10, 10, 6, 10, 10, 10, 10, 10, 10, 10, 10, 6, 10, 10, 10, 
43: 10, 10, 10, 0, 0, 10, 0, 0, 0, 0, 0, 10, 10, 10, 0, 0, 0, 0, 2, 10, 0, 0, 10, 0, 0, 0, 0, 0, 0, 0, 0, 0, 0, 0, 0, 0, 10, 0, 0, 10, 10, 10, 0, 0, 0, 0, 0, 10, 10, 0, 10, 0, 10, 10, 0, 0, 10, 0, 0, 10, 0, 0, 10, 10, 0, 10, 0, 10, 10, 0, 10, 10, 10, 10, 0, 0, 10, 10, 0, 0, 0, 10, 10, 0, 10, 0, 10, 10, 0, 10, 0, 10, 10, 0, 10, 0, 10, 10, 0, 10, 0, 10, 10, 0, 0, 10, 10, 0, 10, 10, 10, 0, 0, 0, 0, 10, 10, 10, 0, 0, : 10, 10, 10, 10, 10, 10, 10, 2, 10, 10, 10, 10, 10, 10, 10, 10, 10, 10, 10, 10, 10, 10, 10, 10, 10, 10, 10, 10, 10, 10, 10, 10, 10, 10, 10, 10, 10, 10, 10, 10, 10, 10, 10, 10, 10, 10, 10, 10, 10, 10, 10, 10, 10, 10, 
63: 0, 2, 0, 10, 0, 0, 0, 0, 10, 10, 0, 10, 10, 10, 10, 0, 10, 10, 10, 0, 0, 10, 0, 10, 10, 10, 0, 10, 0, 10, 10, 0, 10, 10, 10, 3, 0, 10, 0, 0, 10, 0, 0, 5, 3, 2, 0, 0, 0, 10, 10, 10, 10, 10, 0, 0, 9, 10, 10, 0, 10, 10, 0, 10, 10, 10, 0, 0, 10, 0, 0, 0, 10, 10, 0, 10, 0, 10, 10, 0, 10, 10, 0, 10, 0, 10, 10, 10, 0, 0, 10, 0, 10, 0, 10, 10, 0, 0, 0, 10, 10, 0, 0, 0, 10, 10, 10, 10, 0, 0, 0, 10, 0, 10, 10, 10, 0, 1, 0, 10, : 2, 10, 10, 10, 10, 10, 10, 10, 10, 10, 10, 10, 10, 10, 10, 10, 10, 10, 10, 10, 10, 3, 10, 10, 5, 3, 2, 10, 10, 10, 10, 10, 9, 10, 10, 10, 10, 10, 10, 10, 10, 10, 10, 10, 10, 10, 10, 10, 10, 10, 10, 10, 10, 10, 10, 10, 10, 10, 10, 10, 10, 10, 10, 10, 10, 10, 1, 10, 
39: 0, 10, 0, 0, 0, 10, 0, 10, 0, 10, 10, 0, 10, 10, 0, 10, 0, 10, 0, 10, 0, 0, 10, 10, 10, 10, 0, 0, 10, 0, 0, 10, 10, 0, 10, 10, 0, 0, 10, 10, 10, 0, 0, 0, 0, 0, 0, 0, 0, 0, 0, 0, 10, 0, 0, 10, 10, 0, 0, 10, 0, 10, 0, 0, 10, 0, 10, 10, 0, 10, 10, 0, 0, 10, 10, 0, 0, 0, 0, 0, 0, 0, 0, 0, 10, 0, 0, 0, 10, 10, 0, 10, 0, 0, 10, 0, 10, 10, 0, 0, 10, 10, 10, 10, 0, 0, 0, 0, 0, 10, 0, 0, 0, 10, 10, 10, 0, 0, 0, 10, : 10, 10, 10, 10, 10, 10, 10, 10, 10, 10, 10, 10, 10, 10, 10, 10, 10, 10, 10, 10, 10, 10, 10, 10, 10, 10, 10, 10, 10, 10, 10, 10, 10, 10, 10, 10, 10, 10, 10, 10, 10, 10, 10, 10, 10, 10, 10, 10, 10, 10, 
62: 0, 0, 0, 10, 10, 0, 0, 0, 0, 10, 0, 10, 0, 0, 10, 10, 0, 0, 0, 10, 0, 10, 0, 10, 0, 10, 0, 0, 10, 10, 10, 10, 16, 10, 10, 0, 10, 0, 0, 10, 10, 0, 0, 10, 10, 1, 0, 10, 0, 10, 10, 10, 0, 10, 10, 0, 0, 10, 0, 10, 0, 10, 10, 0, 10, 10, 10, 0, 0, 0, 10, 2, 10, 0, 0, 0, 10, 0, 0, 0, 10, 10, 0, 0, 10, 3, 10, 0, 10, 0, 0, 10, 10, 10, 10, 10, 10, 0, 0, 0, 0, 10, 10, 10, 10, 10, 0, 10, 0, 0, 10, 10, 10, 0, 0, 0, 10, 0, 0, 0, : 10, 10, 10, 10, 10, 10, 10, 10, 10, 10, 10, 10, 10, 10, 16, 10, 10, 10, 10, 10, 10, 10, 1, 10, 10, 10, 10, 10, 10, 10, 10, 10, 10, 10, 10, 10, 10, 2, 10, 10, 10, 10, 10, 3, 10, 10, 10, 10, 10, 10, 10, 10, 10, 10, 10, 10, 10, 10, 10, 10, 10, 10, 
52: 10, 10, 10, 10, 0, 10, 10, 0, 10, 0, 0, 0, 10, 0, 10, 0, 10, 0, 0, 0, 10, 10, 0, 10, 10, 0, 0, 0, 0, 10, 10, 10, 0, 10, 10, 10, 10, 0, 10, 10, 10, 10, 0, 10, 7, 10, 10, 0, 0, 0, 0, 0, 10, 10, 10, 0, 0, 10, 0, 0, 0, 0, 10, 0, 10, 0, 0, 0, 0, 0, 0, 10, 10, 10, 0, 0, 0, 10, 1, 0, 10, 0, 10, 0, 10, 0, 10, 0, 0, 10, 7, 0, 0, 10, 0, 0, 0, 0, 10, 0, 0, 0, 10, 11, 0, 10, 0, 10, 0, 10, 0, 0, 0, 10, 0, 0, 0, 10, 0, 10, : 10, 10, 10, 10, 10, 10, 10, 10, 10, 10, 10, 10, 10, 10, 10, 10, 10, 10, 10, 10, 10, 10, 10, 10, 10, 10, 7, 10, 10, 10, 10, 10, 10, 10, 10, 10, 10, 10, 10, 1, 10, 10, 10, 10, 10, 7, 10, 10, 10, 11, 10, 10, 10, 10, 10, 10, 
45: 10, 0, 20, 10, 0, 0, 0, 0, 10, 8, 10, 0, 10, 10, 10, 0, 10, 10, 10, 10, 0, 0, 10, 0, 10, 0, 10, 10, 10, 10, 10, 10, 10, 10, 0, 10, 0, 10, 10, 0, 10, 0, 19, 10, 0, 0, 10, 10, 10, 10, 0, 0, 10, 0, 0, 10, 0, 10, 0, 0, 0, 10, 0, 10, 0, 10, 0, 10, 10, 0, 0, 0, 10, 0, 10, 10, 10, 0, 0, 10, 10, 0, 0, 10, 10, 0, 10, 0, 0, 6, 0, 10, 10, 10, 10, 0, 0, 10, 0, 0, 0, 10, 10, 10, 10, 0, 0, 10, 2, 10, 0, 10, 0, 10, 0, 10, 0, 0, 0, 13, : 10, 20, 10, 10, 8, 10, 10, 10, 10, 10, 10, 10, 10, 10, 10, 10, 10, 10, 10, 10, 10, 10, 10, 10, 10, 10, 10, 19, 10, 10, 10, 10, 10, 10, 10, 10, 10, 10, 10, 10, 10, 10, 10, 10, 10, 10, 10, 10, 10, 10, 6, 10, 10, 10, 10, 10, 10, 10, 10, 10, 10, 2, 10, 10, 10, 10, 13, 
47: 0, 0, 14, 0, 10, 0, 0, 0, 10, 10, 10, 3, 10, 0, 0, 0, 0, 0, 10, 10, 10, 0, 10, 0, 0, 10, 10, 5, 10, 0, 10, 10, 10, 0, 10, 0, 0, 0, 10, 0, 0, 10, 10, 0, 0, 0, 10, 10, 10, 10, 0, 10, 0, 10, 10, 10, 0, 10, 0, 10, 0, 0, 0, 10, 0, 0, 10, 0, 0, 10, 10, 10, 0, 0, 0, 0, 10, 0, 10, 10, 10, 0, 7, 10, 0, 10, 0, 0, 1, 0, 10, 10, 0, 0, 0, 10, 10, 0, 0, 10, 0, 0, 0, 10, 10, 0, 10, 0, 0, 0, 10, 10, 10, 19, 10, 10, 0, 10, 0, 0, : 14, 10, 10, 10, 10, 3, 10, 10, 10, 10, 10, 10, 10, 5, 10, 10, 10, 10, 10, 10, 10, 10, 10, 10, 10, 10, 10, 10, 10, 10, 10, 10, 10, 10, 10, 10, 10, 10, 10, 10, 10, 7, 10, 10, 1, 10, 10, 10, 10, 10, 10, 10, 10, 10, 10, 10, 19, 10, 10, 10, 
66: 20, 10, 0, 0, 10, 10, 0, 10, 0, 10, 0, 10, 10, 0, 10, 10, 0, 10, 10, 10, 10, 10, 0, 10, 0, 10, 0, 0, 0, 10, 0, 0, 0, 10, 10, 0, 10, 0, 10, 0, 10, 0, 0, 0, 0, 0, 10, 10, 0, 10, 10, 10, 0, 0, 10, 6, 10, 10, 10, 0, 10, 10, 0, 0, 10, 10, 0, 10, 10, 0, 0, 10, 10, 0, 0, 0, 10, 10, 0, 10, 10, 10, 10, 10, 0, 0, 3, 10, 0, 10, 0, 10, 0, 10, 0, 0, 10, 0, 0, 10, 10, 3, 0, 10, 0, 10, 10, 0, 1, 10, 10, 0, 0, 0, 10, 10, 5, 0, 10, 0, : 20, 10, 10, 10, 10, 10, 10, 10, 10, 10, 10, 10, 10, 10, 10, 10, 10, 10, 10, 10, 10, 10, 10, 10, 10, 10, 10, 10, 10, 6, 10, 10, 10, 10, 10, 10, 10, 10, 10, 10, 10, 10, 10, 10, 10, 10, 10, 10, 3, 10, 10, 10, 10, 10, 10, 10, 3, 10, 10, 10, 1, 10, 10, 10, 10, 5, 10, 
12: 10, 0, 0, 2, 10, 10, 10, 10, 10, 10, 10, 0, 0, 10, 10, 0, 10, 10, 0, 10, 0, 10, 0, 0, 10, 0, 10, 0, 10, 0, 10, 0, 0, 0, 10, 10, 0, 0, 10, 0, 0, 10, 0, 10, 10, 10, 1, 10, 0, 10, 1, 10, 10, 0, 0, 0, 10, 0, 0, 0, 0, 0, 0, 0, 10, 0, 0, 0, 0, 0, 10, 0, 10, 10, 0, 0, 10, 10, 10, 10, 0, 0, 0, 10, 0, 0, 10, 10, 10, 10, 10, 0, 0, 0, 10, 0, 0, 10, 10, 10, 10, 10, 0, 10, 0, 0, 0, 0, 10, 0, 0, 0, 0, 10, 0, 10, 10, 0, 0, 0, : 10, 2, 10, 10, 10, 10, 10, 10, 10, 10, 10, 10, 10, 10, 10, 10, 10, 10, 10, 10, 10, 10, 10, 10, 10, 10, 1, 10, 10, 1, 10, 10, 10, 10, 10, 10, 10, 10, 10, 10, 10, 10, 10, 10, 10, 10, 10, 10, 10, 10, 10, 10, 10, 10, 10, 10, 10, 10, 
32: 10, 10, 10, 10, 10, 10, 10, 10, 10, 0, 10, 10, 0, 0, 0, 10, 0, 1, 10, 0, 0, 2, 10, 0, 10, 0, 0, 10, 0, 0, 10, 0, 10, 0, 10, 10, 0, 0, 10, 10, 0, 15, 10, 1, 10, 0, 0, 0, 5, 0, 0, 0, 0, 10, 0, 0, 0, 12, 0, 10, 0, 10, 10, 0, 10, 0, 10, 0, 0, 10, 10, 10, 0, 10, 10, 10, 0, 0, 10, 10, 10, 10, 10, 0, 10, 0, 10, 10, 0, 10, 0, 10, 10, 10, 0, 10, 1, 10, 0, 10, 0, 10, 10, 0, 0, 0, 0, 0, 10, 10, 0, 0, 10, 0, 10, 10, 10, 10, 0, 10, : 10, 10, 10, 10, 10, 10, 10, 10, 10, 10, 10, 10, 1, 10, 2, 10, 10, 10, 10, 10, 10, 10, 10, 10, 15, 10, 1, 10, 5, 10, 12, 10, 10, 10, 10, 10, 10, 10, 10, 10, 10, 10, 10, 10, 10, 10, 10, 10, 10, 10, 10, 10, 10, 10, 10, 1, 10, 10, 10, 10, 10, 10, 10, 10, 10, 10, 10, 10, 
21: 0, 10, 10, 10, 0, 10, 10, 0, 0, 0, 1, 0, 0, 10, 10, 0, 10, 0, 10, 0, 0, 0, 10, 0, 10, 0, 10, 0, 0, 0, 10, 10, 10, 10, 0, 0, 10, 10, 10, 0, 0, 10, 0, 10, 10, 0, 0, 10, 0, 10, 0, 0, 10, 10, 0, 0, 10, 0, 10, 10, 10, 10, 10, 0, 10, 10, 0, 0, 10, 0, 10, 10, 0, 18, 10, 10, 0, 10, 0, 10, 10, 0, 10, 10, 10, 0, 0, 10, 10, 10, 0, 0, 10, 0, 0, 10, 10, 10, 0, 0, 10, 0, 0, 10, 0, 0, 10, 0, 10, 3, 0, 0, 0, 0, 0, 0, 10, 10, 0, 10, : 10, 10, 10, 10, 10, 1, 10, 10, 10, 10, 10, 10, 10, 10, 10, 10, 10, 10, 10, 10, 10, 10, 10, 10, 10, 10, 10, 10, 10, 10, 10, 10, 10, 10, 10, 10, 10, 10, 18, 10, 10, 10, 10, 10, 10, 10, 10, 10, 10, 10, 10, 10, 10, 10, 10, 10, 10, 10, 3, 10, 10, 10, 
51: 0, 10, 0, 0, 0, 0, 0, 10, 10, 0, 0, 0, 10, 0, 0, 10, 0, 0, 0, 0, 10, 10, 10, 10, 10, 10, 10, 0, 0, 10, 0, 10, 10, 10, 0, 0, 0, 10, 10, 0, 10, 10, 10, 0, 0, 10, 10, 0, 0, 10, 4, 0, 10, 0, 10, 10, 10, 0, 10, 0, 10, 0, 0, 10, 0, 10, 0, 0, 10, 10, 10, 0, 0, 10, 0, 10, 0, 0, 0, 10, 0, 10, 0, 0, 0, 10, 0, 10, 10, 1, 0, 10, 0, 10, 2, 0, 10, 0, 0, 0, 10, 10, 10, 0, 10, 0, 10, 10, 10, 10, 10, 10, 10, 0, 10, 0, 10, 10, 10, 0, : 10, 10, 10, 10, 10, 10, 10, 10, 10, 10, 10, 10, 10, 10, 10, 10, 10, 10, 10, 10, 10, 10, 10, 10, 4, 10, 10, 10, 10, 10, 10, 10, 10, 10, 10, 10, 10, 10, 10, 10, 10, 10, 10, 1, 10, 10, 2, 10, 10, 10, 10, 10, 10, 10, 10, 10, 10, 10, 10, 10, 10, 10, 10, 
78: 0, 10, 10, 0, 10, 10, 3, 0, 2, 0, 0, 0, 0, 10, 0, 0, 10, 0, 10, 0, 0, 7, 0, 0, 0, 0, 0, 10, 0, 10, 0, 0, 0, 0, 0, 2, 10, 10, 0, 0, 0, 10, 10, 10, 10, 10, 0, 0, 0, 0, 0, 10, 10, 10, 10, 2, 10, 0, 10, 0, 0, 5, 10, 10, 0, 0, 10, 0, 5, 10, 0, 0, 11, 3, 0, 0, 0, 0, 4, 0, 0, 10, 10, 10, 0, 10, 10, 10, 2, 0, 0, 10, 10, 10, 0, 0, 0, 10, 10, 10, 10, 0, 10, 0, 0, 0, 0, 0, 10, 10, 10, 10, 19, 10, 10, 0, 10, 0, 10, 10, : 10, 10, 10, 10, 3, 2, 10, 10, 10, 7, 10, 10, 2, 10, 10, 10, 10, 10, 10, 10, 10, 10, 10, 10, 2, 10, 10, 5, 10, 10, 10, 5, 10, 11, 3, 4, 10, 10, 10, 10, 10, 10, 2, 10, 10, 10, 10, 10, 10, 10, 10, 10, 10, 10, 10, 19, 10, 10, 10, 10, 10, 
6: 10, 10, 0, 10, 10, 0, 0, 0, 10, 0, 10, 19, 10, 0, 10, 10, 0, 18, 0, 10, 10, 0, 0, 0, 10, 10, 10, 10, 0, 2, 0, 0, 10, 10, 1, 10, 10, 0, 10, 10, 0, 0, 0, 10, 10, 0, 10, 0, 10, 0, 0, 10, 0, 10, 0, 10, 10, 10, 0, 0, 0, 0, 10, 0, 10, 10, 0, 0, 10, 10, 0, 10, 0, 0, 10, 10, 10, 0, 10, 0, 10, 0, 10, 0, 0, 10, 0, 0, 10, 1, 0, 0, 10, 0, 10, 0, 0, 0, 10, 0, 0, 0, 0, 10, 0, 10, 0, 10, 0, 0, 10, 10, 10, 0, 0, 10, 0, 10, 0, 0, : 10, 10, 10, 10, 10, 10, 19, 10, 10, 10, 18, 10, 10, 10, 10, 10, 10, 2, 10, 10, 1, 10, 10, 10, 10, 10, 10, 10, 10, 10, 10, 10, 10, 10, 10, 10, 10, 10, 10, 10, 10, 10, 10, 10, 10, 10, 10, 10, 1, 10, 10, 10, 10, 10, 10, 10, 10, 10, 10, 10, 
20: 0, 0, 4, 0, 0, 10, 10, 0, 10, 0, 10, 0, 10, 0, 10, 10, 0, 0, 10, 10, 0, 0, 10, 10, 0, 10, 0, 10, 10, 10, 0, 0, 10, 10, 0, 0, 0, 0, 6, 10, 0, 0, 0, 0, 0, 10, 0, 0, 0, 0, 10, 0, 10, 0, 0, 0, 10, 10, 10, 10, 10, 10, 0, 0, 10, 0, 10, 10, 10, 10, 10, 0, 10, 10, 0, 10, 0, 10, 0, 0, 10, 0, 7, 0, 10, 0, 0, 0, 10, 0, 0, 0, 0, 10, 0, 10, 10, 10, 10, 10, 10, 10, 10, 0, 10, 1, 0, 10, 10, 10, 10, 0, 0, 10, 0, 15, 10, 1, 2, 0, : 4, 10, 10, 10, 10, 10, 10, 10, 10, 10, 10, 10, 10, 10, 10, 10, 10, 10, 6, 10, 10, 10, 10, 10, 10, 10, 10, 10, 10, 10, 10, 10, 10, 10, 10, 10, 10, 10, 10, 10, 7, 10, 10, 10, 10, 10, 10, 10, 10, 10, 10, 10, 10, 1, 10, 10, 10, 10, 10, 15, 10, 1, 2, 
48: 0, 0, 0, 0, 0, 0, 0, 10, 0, 10, 10, 7, 10, 0, 0, 0, 0, 10, 10, 0, 1, 0, 10, 0, 10, 0, 10, 0, 10, 0, 0, 0, 0, 10, 10, 10, 0, 10, 10, 0, 0, 10, 5, 10, 0, 10, 0, 10, 0, 0, 0, 0, 0, 10, 0, 10, 10, 0, 10, 0, 10, 0, 10, 0, 0, 0, 4, 0, 0, 10, 0, 0, 10, 10, 0, 0, 0, 10, 10, 10, 10, 10, 10, 0, 10, 0, 0, 10, 10, 0, 0, 0, 0, 10, 10, 10, 0, 10, 10, 0, 10, 0, 10, 10, 0, 10, 10, 0, 0, 10, 10, 0, 5, 10, 0, 0, 0, 0, 0, 0, : 10, 10, 10, 7, 10, 10, 10, 1, 10, 10, 10, 10, 10, 10, 10, 10, 10, 10, 5, 10, 10, 10, 10, 10, 10, 10, 10, 10, 4, 10, 10, 10, 10, 10, 10, 10, 10, 10, 10, 10, 10, 10, 10, 10, 10, 10, 10, 10, 10, 10, 10, 10, 10, 5, 10, 
44: 0, 10, 10, 0, 10, 0, 10, 0, 10, 10, 1, 0, 5, 0, 0, 0, 0, 10, 0, 0, 0, 10, 0, 0, 0, 0, 10, 0, 0, 10, 10, 0, 0, 10, 0, 0, 0, 10, 0, 10, 10, 10, 0, 10, 10, 0, 10, 0, 0, 10, 1, 0, 10, 0, 10, 0, 10, 10, 10, 0, 10, 10, 0, 0, 0, 10, 10, 0, 0, 3, 0, 10, 0, 0, 10, 10, 10, 10, 0, 0, 0, 10, 0, 10, 10, 0, 0, 0, 10, 10, 0, 10, 0, 10, 10, 10, 10, 10, 10, 0, 10, 10, 10, 0, 10, 1, 10, 10, 0, 10, 10, 10, 0, 10, 5, 0, 0, 10, 10, 0, : 10, 10, 10, 10, 10, 10, 1, 5, 10, 10, 10, 10, 10, 10, 10, 10, 10, 10, 10, 10, 10, 10, 1, 10, 10, 10, 10, 10, 10, 10, 10, 10, 3, 10, 10, 10, 10, 10, 10, 10, 10, 10, 10, 10, 10, 10, 10, 10, 10, 10, 10, 10, 10, 10, 1, 10, 10, 10, 10, 10, 10, 5, 10, 10, 
69: 10, 0, 0, 10, 10, 0, 1, 10, 10, 0, 0, 0, 10, 10, 0, 0, 10, 10, 10, 0, 10, 10, 0, 10, 10, 0, 0, 4, 6, 0, 10, 10, 10, 10, 10, 10, 0, 0, 0, 0, 10, 0, 10, 10, 0, 1, 0, 0, 10, 0, 10, 0, 0, 10, 0, 0, 0, 10, 10, 10, 10, 10, 10, 0, 0, 0, 10, 0, 10, 10, 10, 10, 0, 0, 0, 10, 0, 0, 0, 0, 10, 0, 10, 0, 0, 10, 10, 10, 1, 0, 10, 0, 10, 0, 0, 10, 10, 10, 0, 10, 0, 10, 0, 0, 10, 10, 0, 13, 10, 0, 0, 0, 7, 0, 10, 10, 10, 10, 10, 0, : 10, 10, 10, 1, 10, 10, 10, 10, 10, 10, 10, 10, 10, 10, 10, 4, 6, 10, 10, 10, 10, 10, 10, 10, 10, 10, 1, 10, 10, 10, 10, 10, 10, 10, 10, 10, 10, 10, 10, 10, 10, 10, 10, 10, 10, 10, 10, 1, 10, 10, 10, 10, 10, 10, 10, 10, 10, 13, 10, 7, 10, 10, 10, 10, 10, 
41: 10, 10, 0, 10, 0, 0, 10, 10, 0, 0, 0, 10, 0, 4, 10, 10, 10, 0, 10, 10, 10, 10, 0, 0, 0, 10, 0, 10, 10, 0, 0, 10, 10, 0, 0, 0, 6, 0, 0, 16, 10, 10, 10, 0, 0, 0, 10, 0, 5, 0, 10, 10, 0, 10, 10, 0, 10, 0, 0, 10, 0, 0, 0, 0, 0, 10, 0, 10, 0, 0, 10, 10, 10, 0, 0, 10, 10, 0, 10, 0, 10, 0, 9, 10, 0, 0, 0, 10, 0, 10, 0, 0, 10, 18, 0, 10, 0, 0, 0, 0, 10, 0, 0, 10, 0, 10, 10, 0, 0, 0, 10, 10, 0, 0, 0, 10, 0, 0, 0, 10, : 10, 10, 10, 10, 10, 10, 4, 10, 10, 10, 10, 10, 10, 10, 10, 10, 10, 10, 10, 6, 16, 10, 10, 10, 10, 5, 10, 10, 10, 10, 10, 10, 10, 10, 10, 10, 10, 10, 10, 10, 10, 9, 10, 10, 10, 10, 18, 10, 10, 10, 10, 10, 10, 10, 10, 10, 
65: 0, 10, 0, 10, 10, 10, 10, 10, 2, 10, 10, 0, 0, 15, 5, 0, 10, 0, 0, 10, 10, 10, 10, 0, 0, 0, 0, 10, 0, 10, 10, 10, 10, 10, 10, 0, 10, 10, 0, 0, 10, 10, 0, 0, 0, 0, 10, 0, 10, 0, 10, 10, 10, 0, 10, 10, 0, 0, 10, 0, 10, 10, 10, 10, 10, 10, 0, 0, 10, 0, 10, 0, 0, 10, 0, 0, 0, 0, 10, 10, 0, 10, 0, 0, 0, 10, 0, 10, 0, 10, 13, 0, 10, 10, 10, 0, 10, 10, 10, 10, 0, 0, 10, 0, 10, 10, 0, 0, 0, 10, 2, 10, 0, 0, 10, 10, 10, 10, 0, 0, : 10, 10, 10, 10, 10, 10, 2, 10, 10, 15, 5, 10, 10, 10, 10, 10, 10, 10, 10, 10, 10, 10, 10, 10, 10, 10, 10, 10, 10, 10, 10, 10, 10, 10, 10, 10, 10, 10, 10, 10, 10, 10, 10, 10, 10, 10, 10, 10, 10, 10, 13, 10, 10, 10, 10, 10, 10, 10, 10, 10, 10, 10, 2, 10, 10, 10, 10, 10, 
29: 0, 0, 10, 10, 0, 0, 0, 0, 0, 0, 10, 0, 0, 10, 10, 10, 10, 0, 10, 0, 10, 1, 0, 0, 0, 0, 0, 0, 1, 0, 10, 0, 10, 10, 0, 0, 1, 0, 0, 10, 0, 0, 0, 10, 10, 10, 0, 0, 0, 10, 0, 10, 10, 10, 10, 0, 0, 14, 10, 10, 10, 0, 10, 10, 10, 0, 0, 10, 0, 0, 0, 10, 10, 10, 10, 10, 0, 10, 0, 0, 10, 10, 0, 0, 0, 10, 10, 10, 0, 5, 10, 10, 0, 0, 0, 14, 0, 10, 0, 10, 0, 0, 10, 10, 0, 0, 10, 10, 10, 10, 0, 0, 10, 10, 0, 10, 0, 0, 0, 0, : 10, 10, 10, 10, 10, 10, 10, 10, 10, 1, 1, 10, 10, 10, 1, 10, 10, 10, 10, 10, 10, 10, 10, 10, 14, 10, 10, 10, 10, 10, 10, 10, 10, 10, 10, 10, 10, 10, 10, 10, 10, 10, 10, 5, 10, 10, 14, 10, 10, 10, 10, 10, 10, 10, 10, 10, 10, 10, 
7: 0, 10, 10, 10, 0, 10, 10, 10, 10, 10, 0, 10, 10, 0, 10, 10, 0, 10, 1, 0, 1, 0, 10, 10, 10, 0, 10, 10, 10, 0, 10, 10, 10, 10, 10, 0, 0, 0, 0, 0, 10, 10, 10, 0, 0, 10, 10, 10, 1, 0, 10, 10, 0, 0, 0, 10, 10, 10, 10, 10, 10, 10, 0, 10, 10, 0, 0, 10, 0, 10, 0, 10, 10, 10, 0, 0, 0, 0, 10, 0, 0, 0, 10, 0, 10, 19, 0, 0, 10, 0, 10, 10, 0, 10, 10, 0, 10, 10, 0, 10, 0, 10, 1, 0, 9, 10, 0, 10, 10, 1, 10, 10, 2, 10, 10, 0, 10, 10, 10, 10, : 10, 10, 10, 10, 10, 10, 10, 10, 10, 10, 10, 10, 10, 1, 1, 10, 10, 10, 10, 10, 10, 10, 10, 10, 10, 10, 10, 10, 10, 10, 10, 10, 1, 10, 10, 10, 10, 10, 10, 10, 10, 10, 10, 10, 10, 10, 10, 10, 10, 10, 10, 10, 19, 10, 10, 10, 10, 10, 10, 10, 10, 10, 1, 9, 10, 10, 10, 1, 10, 10, 2, 10, 10, 10, 10, 10, 10, 


