
80
200
205
5

15: 12, 10, 0, 10, 0, 0, 10, 0, 10, 0, 10, 10, 0, 0, 0, 10, 10, 10, 0, 0, 0, 0, 0, 10, 10, 1, 0, 10, 10, 0, 0, 10, 10, 10, 0, 17, 0, 3, 0, 10, 10, 0, 10, 10, 10, 10, 10, 10, 0, 10, 10, 0, 0, 0, 0, 10, 0, 10, 0, 0, 10, 10, 0, 0, 10, 10, 0, 0, 0, 10, 10, 10, 0, 10, 10, 0, 0, 0, 0, 0, : 12, 10, 10, 10, 10, 10, 10, 10, 10, 10, 10, 10, 1, 10, 10, 10, 10, 10, 17, 3, 10, 10, 10, 10, 10, 10, 10, 10, 10, 10, 10, 10, 10, 10, 10, 10, 10, 10, 10, 10, 10, 
116: 10, 10, 1, 10, 14, 10, 10, 10, 0, 10, 0, 10, 0, 10, 15, 10, 0, 10, 10, 10, 10, 10, 10, 0, 0, 10, 10, 0, 0, 10, 10, 0, 10, 0, 0, 10, 1, 0, 10, 10, 0, 0, 10, 10, 0, 10, 10, 10, 2, 10, 10, 0, 10, 10, 0, 0, 1, 0, 0, 10, 0, 10, 0, 10, 10, 10, 0, 0, 0, 1, 0, 0, 10, 10, 0, 0, 2, 10, 0, 0, : 10, 10, 1, 10, 14, 10, 10, 10, 10, 10, 10, 15, 10, 10, 10, 10, 10, 10, 10, 10, 10, 10, 10, 10, 10, 1, 10, 10, 10, 10, 10, 10, 10, 2, 10, 10, 10, 10, 1, 10, 10, 10, 10, 10, 1, 10, 10, 2, 10, 
58: 0, 0, 0, 10, 0, 0, 0, 0, 10, 0, 0, 0, 0, 10, 0, 0, 10, 3, 0, 10, 10, 1, 0, 0, 10, 10, 1, 0, 0, 0, 0, 0, 0, 10, 10, 10, 0, 10, 0, 0, 10, 2, 0, 0, 4, 10, 10, 0, 10, 10, 0, 0, 10, 10, 10, 10, 0, 0, 0, 2, 10, 10, 10, 0, 10, 3, 10, 0, 0, 0, 10, 10, 0, 0, 10, 0, 2, 10, 10, 10, : 10, 10, 10, 10, 3, 10, 10, 1, 10, 10, 1, 10, 10, 10, 10, 10, 2, 4, 10, 10, 10, 10, 10, 10, 10, 10, 2, 10, 10, 10, 10, 3, 10, 10, 10, 10, 2, 10, 10, 10, 
135: 0, 1, 10, 0, 10, 10, 10, 10, 10, 0, 10, 0, 10, 0, 0, 10, 0, 10, 0, 0, 10, 10, 10, 10, 10, 10, 0, 0, 10, 0, 10, 0, 0, 0, 0, 10, 10, 2, 0, 10, 10, 10, 10, 2, 10, 10, 10, 10, 1, 0, 0, 10, 0, 10, 0, 10, 10, 10, 0, 0, 10, 0, 0, 0, 0, 10, 0, 0, 10, 10, 10, 3, 0, 0, 10, 10, 10, 10, 1, 0, : 1, 10, 10, 10, 10, 10, 10, 10, 10, 10, 10, 10, 10, 10, 10, 10, 10, 10, 10, 10, 10, 2, 10, 10, 10, 10, 2, 10, 10, 10, 10, 1, 10, 10, 10, 10, 10, 10, 10, 10, 10, 10, 3, 10, 10, 10, 10, 1, 
30: 10, 10, 0, 0, 0, 10, 0, 10, 0, 10, 0, 10, 0, 10, 10, 0, 0, 6, 2, 0, 0, 0, 10, 10, 10, 0, 0, 0, 10, 10, 0, 10, 1, 5, 0, 10, 0, 10, 4, 10, 10, 10, 0, 10, 10, 10, 0, 10, 0, 0, 10, 0, 0, 10, 10, 0, 0, 10, 10, 10, 10, 0, 0, 10, 10, 0, 10, 0, 10, 0, 0, 0, 0, 0, 0, 0, 10, 10, 10, 10, : 10, 10, 10, 10, 10, 10, 10, 10, 6, 2, 10, 10, 10, 10, 10, 10, 1, 5, 10, 10, 4, 10, 10, 10, 10, 10, 10, 10, 10, 10, 10, 10, 10, 10, 10, 10, 10, 10, 10, 10, 10, 10, 10, 
68: 0, 0, 0, 10, 10, 10, 0, 1, 10, 0, 13, 10, 2, 10, 0, 0, 10, 0, 0, 10, 5, 0, 10, 10, 10, 10, 0, 10, 10, 0, 5, 10, 0, 10, 10, 10, 10, 10, 10, 0, 10, 0, 10, 0, 0, 0, 10, 10, 10, 10, 0, 10, 0, 10, 0, 0, 10, 0, 10, 0, 0, 10, 10, 10, 10, 0, 0, 0, 0, 10, 0, 10, 0, 10, 0, 0, 10, 0, 4, 1, : 10, 10, 10, 1, 10, 13, 10, 2, 10, 10, 10, 5, 10, 10, 10, 10, 10, 10, 5, 10, 10, 10, 10, 10, 10, 10, 10, 10, 10, 10, 10, 10, 10, 10, 10, 10, 10, 10, 10, 10, 10, 10, 10, 10, 4, 1, 
71: 0, 10, 0, 1, 0, 0, 0, 0, 10, 3, 0, 0, 3, 10, 0, 10, 18, 10, 0, 10, 10, 0, 0, 10, 2, 0, 10, 10, 0, 0, 0, 10, 0, 10, 10, 0, 10, 0, 10, 10, 0, 0, 10, 10, 10, 0, 0, 0, 0, 0, 0, 10, 0, 1, 0, 10, 0, 10, 0, 10, 10, 0, 10, 0, 10, 10, 0, 10, 10, 10, 0, 0, 10, 10, 0, 0, 0, 0, 0, 0, : 10, 1, 10, 3, 3, 10, 10, 18, 10, 10, 10, 10, 2, 10, 10, 10, 10, 10, 10, 10, 10, 10, 10, 10, 10, 1, 10, 10, 10, 10, 10, 10, 10, 10, 10, 10, 10, 10, 
160: 0, 0, 0, 10, 0, 0, 10, 0, 0, 0, 0, 10, 0, 0, 0, 10, 0, 0, 10, 0, 0, 10, 10, 0, 0, 10, 10, 0, 10, 0, 10, 0, 0, 10, 10, 2, 0, 0, 10, 10, 13, 10, 10, 0, 10, 0, 0, 0, 10, 10, 0, 0, 10, 0, 10, 0, 0, 10, 1, 10, 10, 0, 10, 0, 0, 0, 10, 10, 10, 10, 3, 0, 0, 10, 0, 10, 0, 0, 0, 0, : 10, 10, 10, 10, 10, 10, 10, 10, 10, 10, 10, 10, 10, 2, 10, 10, 13, 10, 10, 10, 10, 10, 10, 10, 10, 1, 10, 10, 10, 10, 10, 10, 10, 3, 10, 10, 
190: 0, 0, 0, 10, 10, 10, 10, 10, 0, 0, 0, 1, 10, 10, 9, 5, 0, 0, 0, 10, 10, 10, 10, 0, 10, 10, 0, 0, 0, 10, 10, 10, 0, 0, 0, 0, 10, 0, 0, 10, 0, 10, 0, 0, 10, 10, 0, 10, 10, 10, 10, 1, 0, 0, 0, 0, 0, 2, 0, 10, 0, 10, 10, 10, 10, 0, 10, 0, 0, 2, 12, 10, 10, 10, 0, 10, 10, 10, 0, 10, : 10, 10, 10, 10, 10, 1, 10, 10, 9, 5, 10, 10, 10, 10, 10, 10, 10, 10, 10, 10, 10, 10, 10, 10, 10, 10, 10, 10, 1, 2, 10, 10, 10, 10, 10, 10, 2, 12, 10, 10, 10, 10, 10, 10, 10, 
128: 10, 10, 10, 10, 0, 0, 10, 10, 10, 10, 10, 0, 10, 0, 0, 10, 3, 10, 0, 0, 10, 0, 0, 10, 0, 0, 10, 10, 0, 10, 0, 0, 0, 0, 10, 10, 10, 10, 10, 4, 10, 10, 5, 10, 0, 0, 0, 0, 0, 0, 10, 0, 10, 0, 10, 0, 0, 10, 10, 0, 10, 10, 10, 10, 0, 2, 4, 0, 3, 0, 0, 10, 10, 10, 10, 10, 0, 0, 10, 10, : 10, 10, 10, 10, 10, 10, 10, 10, 10, 10, 10, 3, 10, 10, 10, 10, 10, 10, 10, 10, 10, 10, 10, 4, 10, 10, 5, 10, 10, 10, 10, 10, 10, 10, 10, 10, 10, 2, 4, 3, 10, 10, 10, 10, 10, 10, 10, 
132: 10, 0, 10, 0, 10, 0, 10, 10, 0, 10, 0, 0, 0, 0, 0, 0, 0, 0, 0, 0, 10, 10, 0, 10, 10, 1, 0, 10, 10, 10, 10, 0, 1, 10, 10, 0, 0, 10, 0, 0, 10, 10, 10, 0, 0, 10, 0, 10, 10, 10, 0, 0, 10, 0, 0, 0, 10, 10, 10, 0, 0, 10, 0, 10, 10, 0, 10, 10, 0, 0, 0, 10, 0, 10, 10, 0, 10, 0, 10, 10, : 10, 10, 10, 10, 10, 10, 10, 10, 10, 10, 1, 10, 10, 10, 10, 1, 10, 10, 10, 10, 10, 10, 10, 10, 10, 10, 10, 10, 10, 10, 10, 10, 10, 10, 10, 10, 10, 10, 10, 10, 10, 
55: 0, 3, 0, 0, 0, 10, 10, 10, 0, 0, 0, 10, 0, 8, 0, 0, 10, 10, 10, 0, 10, 2, 0, 0, 10, 10, 10, 10, 0, 0, 0, 10, 10, 0, 10, 0, 10, 0, 0, 10, 10, 0, 10, 10, 10, 0, 0, 0, 0, 10, 10, 10, 10, 0, 0, 10, 10, 0, 10, 10, 0, 0, 0, 0, 0, 10, 10, 0, 10, 10, 5, 0, 0, 0, 10, 10, 0, 10, 10, 10, : 3, 10, 10, 10, 10, 8, 10, 10, 10, 10, 2, 10, 10, 10, 10, 10, 10, 10, 10, 10, 10, 10, 10, 10, 10, 10, 10, 10, 10, 10, 10, 10, 10, 10, 10, 10, 5, 10, 10, 10, 10, 10, 
104: 10, 0, 10, 0, 10, 0, 10, 10, 0, 10, 10, 10, 10, 10, 0, 10, 0, 0, 10, 1, 10, 10, 0, 0, 10, 1, 10, 5, 10, 10, 5, 10, 10, 10, 0, 10, 0, 10, 10, 10, 0, 10, 10, 10, 10, 0, 0, 19, 10, 0, 10, 0, 0, 10, 0, 0, 0, 10, 0, 2, 0, 0, 10, 0, 0, 0, 0, 0, 0, 0, 10, 10, 3, 0, 0, 10, 10, 1, 0, 1, : 10, 10, 10, 10, 10, 10, 10, 10, 10, 10, 10, 10, 1, 10, 10, 10, 1, 10, 5, 10, 10, 5, 10, 10, 10, 10, 10, 10, 10, 10, 10, 10, 10, 19, 10, 10, 10, 10, 2, 10, 10, 10, 3, 10, 10, 1, 1, 
183: 0, 10, 10, 0, 0, 0, 0, 0, 0, 10, 10, 10, 10, 0, 0, 0, 10, 10, 10, 0, 0, 0, 10, 10, 0, 10, 10, 10, 0, 10, 10, 10, 10, 10, 0, 0, 10, 0, 10, 0, 0, 0, 10, 0, 10, 10, 0, 10, 0, 10, 5, 10, 0, 10, 0, 10, 10, 10, 0, 0, 10, 0, 10, 0, 0, 10, 0, 10, 0, 0, 0, 0, 10, 0, 10, 10, 10, 0, 0, 10, : 10, 10, 10, 10, 10, 10, 10, 10, 10, 10, 10, 10, 10, 10, 10, 10, 10, 10, 10, 10, 10, 10, 10, 10, 10, 10, 5, 10, 10, 10, 10, 10, 10, 10, 10, 10, 10, 10, 10, 10, 10, 
137: 0, 10, 10, 0, 10, 10, 10, 10, 10, 0, 0, 10, 10, 0, 10, 0, 0, 0, 10, 10, 10, 0, 10, 5, 1, 2, 10, 10, 11, 10, 10, 0, 10, 0, 10, 10, 0, 0, 0, 10, 10, 10, 0, 0, 1, 10, 10, 0, 10, 10, 10, 10, 10, 10, 0, 10, 10, 0, 10, 10, 10, 0, 10, 10, 0, 0, 10, 0, 0, 10, 10, 10, 10, 0, 10, 0, 0, 0, 10, 0, : 10, 10, 10, 10, 10, 10, 10, 10, 10, 10, 10, 10, 10, 10, 5, 1, 2, 10, 10, 11, 10, 10, 10, 10, 10, 10, 10, 10, 1, 10, 10, 10, 10, 10, 10, 10, 10, 10, 10, 10, 10, 10, 10, 10, 10, 10, 10, 10, 10, 10, 10, 
162: 10, 10, 10, 10, 0, 0, 10, 10, 20, 10, 10, 10, 0, 0, 10, 0, 0, 0, 10, 0, 0, 2, 0, 10, 10, 10, 0, 10, 0, 0, 0, 2, 10, 10, 2, 10, 10, 10, 10, 10, 0, 0, 10, 0, 0, 0, 0, 5, 10, 5, 12, 0, 0, 4, 10, 0, 10, 10, 0, 10, 0, 0, 0, 10, 0, 0, 10, 0, 0, 0, 0, 10, 10, 0, 0, 10, 10, 10, 10, 0, : 10, 10, 10, 10, 10, 10, 20, 10, 10, 10, 10, 10, 2, 10, 10, 10, 10, 2, 10, 10, 2, 10, 10, 10, 10, 10, 10, 5, 10, 5, 12, 4, 10, 10, 10, 10, 10, 10, 10, 10, 10, 10, 10, 10, 
103: 10, 1, 0, 10, 10, 0, 0, 10, 0, 10, 10, 10, 10, 10, 10, 10, 0, 0, 2, 10, 0, 0, 0, 0, 10, 0, 0, 10, 1, 10, 10, 0, 10, 0, 0, 0, 10, 10, 0, 10, 0, 0, 0, 0, 0, 0, 1, 0, 10, 0, 0, 0, 10, 0, 10, 0, 0, 0, 0, 0, 0, 0, 0, 10, 0, 0, 10, 0, 10, 10, 10, 0, 10, 10, 10, 0, 0, 0, 0, 0, : 10, 1, 10, 10, 10, 10, 10, 10, 10, 10, 10, 10, 2, 10, 10, 10, 1, 10, 10, 10, 10, 10, 10, 1, 10, 10, 10, 10, 10, 10, 10, 10, 10, 10, 10, 
63: 10, 0, 0, 10, 0, 0, 0, 0, 10, 10, 0, 0, 10, 0, 10, 10, 10, 10, 10, 10, 0, 0, 0, 10, 0, 10, 0, 0, 2, 10, 2, 0, 0, 0, 0, 0, 0, 10, 0, 10, 10, 10, 10, 1, 10, 0, 10, 0, 0, 0, 10, 10, 7, 0, 0, 0, 10, 1, 10, 0, 10, 10, 0, 10, 0, 10, 10, 0, 10, 10, 10, 10, 10, 10, 10, 10, 10, 0, 10, 10, : 10, 10, 10, 10, 10, 10, 10, 10, 10, 10, 10, 10, 10, 2, 10, 2, 10, 10, 10, 10, 10, 1, 10, 10, 10, 10, 7, 10, 1, 10, 10, 10, 10, 10, 10, 10, 10, 10, 10, 10, 10, 10, 10, 10, 10, 10, 
167: 0, 10, 0, 10, 0, 10, 10, 0, 10, 10, 0, 0, 10, 0, 10, 10, 0, 0, 10, 10, 10, 10, 10, 10, 0, 0, 0, 10, 0, 0, 0, 10, 10, 10, 0, 0, 0, 0, 6, 0, 0, 10, 0, 10, 10, 10, 0, 0, 10, 10, 0, 0, 3, 10, 0, 7, 2, 10, 10, 10, 0, 10, 10, 0, 10, 10, 0, 0, 1, 10, 4, 0, 10, 0, 0, 0, 10, 2, 0, 10, : 10, 10, 10, 10, 10, 10, 10, 10, 10, 10, 10, 10, 10, 10, 10, 10, 10, 10, 10, 6, 10, 10, 10, 10, 10, 10, 3, 10, 7, 2, 10, 10, 10, 10, 10, 10, 10, 1, 10, 4, 10, 10, 2, 10, 
117: 1, 0, 0, 3, 10, 0, 0, 0, 0, 10, 0, 0, 10, 10, 10, 0, 10, 0, 10, 0, 1, 0, 10, 10, 3, 10, 0, 0, 10, 10, 10, 10, 10, 0, 10, 10, 0, 0, 5, 10, 10, 10, 10, 10, 10, 10, 0, 10, 0, 10, 8, 10, 10, 10, 0, 10, 10, 10, 10, 0, 0, 10, 0, 10, 0, 10, 0, 0, 10, 10, 0, 10, 10, 10, 0, 10, 10, 2, 19, 10, : 1, 3, 10, 10, 10, 10, 10, 10, 10, 1, 10, 10, 3, 10, 10, 10, 10, 10, 10, 10, 10, 5, 10, 10, 10, 10, 10, 10, 10, 10, 10, 8, 10, 10, 10, 10, 10, 10, 10, 10, 10, 10, 10, 10, 10, 10, 10, 10, 10, 2, 19, 10, 
24: 10, 10, 10, 0, 0, 0, 10, 20, 10, 10, 10, 10, 0, 10, 0, 0, 10, 0, 0, 10, 10, 10, 10, 0, 10, 10, 10, 0, 0, 10, 10, 2, 2, 10, 10, 0, 10, 10, 0, 0, 0, 0, 0, 0, 0, 0, 10, 10, 0, 10, 0, 0, 0, 10, 10, 0, 0, 10, 2, 10, 0, 0, 0, 1, 10, 10, 10, 10, 0, 0, 10, 0, 10, 0, 10, 2, 0, 10, 0, 0, : 10, 10, 10, 10, 20, 10, 10, 10, 10, 10, 10, 10, 10, 10, 10, 10, 10, 10, 10, 10, 2, 2, 10, 10, 10, 10, 10, 10, 10, 10, 10, 10, 2, 10, 1, 10, 10, 10, 10, 10, 10, 10, 2, 10, 
191: 10, 0, 10, 0, 0, 10, 10, 10, 0, 10, 10, 10, 0, 10, 0, 10, 4, 10, 10, 10, 0, 10, 0, 0, 0, 0, 10, 0, 10, 10, 10, 10, 10, 10, 0, 0, 10, 0, 0, 0, 10, 0, 0, 10, 0, 0, 10, 0, 10, 0, 10, 10, 5, 0, 0, 8, 0, 0, 0, 10, 10, 0, 5, 0, 10, 0, 10, 7, 0, 10, 0, 10, 0, 10, 10, 0, 10, 10, 10, 10, : 10, 10, 10, 10, 10, 10, 10, 10, 10, 10, 4, 10, 10, 10, 10, 10, 10, 10, 10, 10, 10, 10, 10, 10, 10, 10, 10, 10, 10, 5, 8, 10, 10, 5, 10, 10, 7, 10, 10, 10, 10, 10, 10, 10, 10, 
169: 4, 0, 0, 10, 10, 0, 0, 0, 0, 10, 10, 2, 0, 0, 10, 0, 10, 0, 0, 10, 0, 10, 2, 10, 0, 10, 10, 0, 10, 10, 0, 0, 0, 0, 0, 10, 10, 10, 0, 0, 0, 0, 0, 0, 10, 0, 0, 10, 0, 10, 0, 5, 0, 10, 5, 0, 10, 10, 10, 0, 10, 10, 10, 0, 10, 10, 10, 10, 0, 0, 0, 0, 10, 0, 10, 10, 0, 10, 10, 0, : 4, 10, 10, 10, 10, 2, 10, 10, 10, 10, 2, 10, 10, 10, 10, 10, 10, 10, 10, 10, 10, 10, 5, 10, 5, 10, 10, 10, 10, 10, 10, 10, 10, 10, 10, 10, 10, 10, 10, 10, 
156: 10, 0, 10, 0, 0, 10, 10, 4, 10, 10, 10, 10, 10, 10, 10, 10, 10, 0, 10, 0, 0, 0, 2, 10, 8, 0, 0, 0, 10, 0, 10, 1, 10, 10, 0, 10, 0, 0, 10, 10, 0, 10, 10, 10, 0, 0, 0, 0, 0, 0, 0, 0, 10, 0, 0, 10, 10, 0, 0, 1, 0, 0, 0, 4, 5, 0, 10, 0, 0, 0, 0, 0, 0, 10, 0, 10, 0, 0, 0, 10, : 10, 10, 10, 10, 4, 10, 10, 10, 10, 10, 10, 10, 10, 10, 10, 2, 10, 8, 10, 10, 1, 10, 10, 10, 10, 10, 10, 10, 10, 10, 10, 10, 1, 4, 5, 10, 10, 10, 10, 
106: 10, 10, 0, 0, 10, 10, 0, 10, 0, 10, 10, 2, 0, 1, 0, 10, 10, 10, 10, 0, 0, 10, 0, 0, 1, 10, 0, 0, 0, 0, 0, 10, 10, 0, 10, 2, 0, 0, 10, 0, 0, 10, 0, 10, 0, 4, 0, 0, 10, 10, 10, 10, 10, 10, 10, 10, 2, 0, 0, 0, 10, 1, 0, 0, 0, 10, 0, 10, 0, 0, 10, 0, 0, 10, 0, 10, 10, 10, 10, 0, : 10, 10, 10, 10, 10, 10, 10, 2, 1, 10, 10, 10, 10, 10, 1, 10, 10, 10, 10, 2, 10, 10, 10, 4, 10, 10, 10, 10, 10, 10, 10, 10, 2, 10, 1, 10, 10, 10, 10, 10, 10, 10, 10, 
69: 10, 0, 10, 0, 10, 10, 0, 10, 10, 0, 0, 0, 10, 10, 1, 10, 10, 10, 0, 0, 10, 0, 10, 0, 0, 10, 0, 10, 0, 5, 1, 0, 0, 10, 0, 0, 4, 10, 0, 0, 2, 10, 0, 10, 0, 10, 0, 0, 10, 0, 10, 0, 0, 0, 0, 10, 10, 2, 1, 10, 10, 10, 0, 10, 0, 10, 0, 10, 10, 10, 0, 10, 0, 10, 0, 0, 10, 10, 10, 10, : 10, 10, 10, 10, 10, 10, 10, 10, 1, 10, 10, 10, 10, 10, 10, 10, 5, 1, 10, 4, 10, 2, 10, 10, 10, 10, 10, 10, 10, 2, 1, 10, 10, 10, 10, 10, 10, 10, 10, 10, 10, 10, 10, 10, 10, 
8: 10, 10, 0, 10, 10, 10, 10, 0, 0, 10, 10, 10, 0, 2, 10, 10, 10, 10, 10, 10, 0, 0, 10, 0, 0, 0, 10, 10, 0, 0, 0, 0, 0, 0, 10, 10, 10, 10, 10, 0, 0, 0, 0, 10, 10, 10, 0, 10, 0, 0, 10, 0, 10, 10, 10, 0, 0, 0, 0, 0, 10, 10, 0, 10, 0, 10, 0, 10, 10, 0, 10, 10, 9, 0, 0, 10, 10, 0, 10, 10, : 10, 10, 10, 10, 10, 10, 10, 10, 10, 2, 10, 10, 10, 10, 10, 10, 10, 10, 10, 10, 10, 10, 10, 10, 10, 10, 10, 10, 10, 10, 10, 10, 10, 10, 10, 10, 10, 10, 10, 10, 9, 10, 10, 10, 10, 
134: 0, 0, 10, 10, 10, 0, 0, 0, 10, 1, 0, 0, 10, 10, 0, 0, 0, 15, 10, 10, 10, 10, 0, 0, 10, 10, 0, 0, 10, 10, 10, 10, 10, 10, 10, 0, 0, 0, 10, 0, 0, 0, 10, 10, 0, 10, 10, 10, 10, 10, 0, 10, 10, 0, 10, 0, 10, 10, 1, 0, 0, 0, 0, 10, 10, 10, 0, 0, 10, 0, 10, 10, 10, 0, 0, 0, 1, 10, 0, 0, : 10, 10, 10, 10, 1, 10, 10, 15, 10, 10, 10, 10, 10, 10, 10, 10, 10, 10, 10, 10, 10, 10, 10, 10, 10, 10, 10, 10, 10, 10, 10, 10, 10, 10, 1, 10, 10, 10, 10, 10, 10, 10, 1, 10, 
157: 0, 10, 0, 0, 0, 10, 1, 0, 5, 0, 10, 0, 0, 10, 10, 0, 0, 0, 10, 10, 10, 10, 10, 10, 0, 10, 10, 10, 10, 0, 10, 0, 10, 0, 0, 0, 0, 0, 10, 0, 0, 10, 10, 12, 10, 10, 10, 10, 10, 0, 10, 10, 0, 0, 10, 10, 10, 0, 10, 10, 10, 5, 10, 0, 0, 10, 0, 10, 10, 10, 10, 10, 0, 0, 4, 0, 10, 10, 0, 0, : 10, 10, 1, 5, 10, 10, 10, 10, 10, 10, 10, 10, 10, 10, 10, 10, 10, 10, 10, 10, 10, 10, 12, 10, 10, 10, 10, 10, 10, 10, 10, 10, 10, 10, 10, 10, 5, 10, 10, 10, 10, 10, 10, 10, 4, 10, 10, 
165: 0, 10, 10, 1, 10, 5, 0, 10, 0, 10, 10, 10, 0, 10, 10, 0, 10, 10, 10, 0, 10, 0, 0, 10, 0, 0, 10, 10, 0, 0, 0, 10, 10, 0, 10, 10, 0, 10, 10, 10, 0, 20, 10, 10, 0, 0, 10, 0, 10, 0, 0, 10, 0, 0, 10, 10, 10, 0, 10, 10, 0, 10, 10, 0, 10, 10, 10, 10, 10, 0, 0, 0, 0, 0, 0, 2, 0, 0, 0, 0, : 10, 10, 1, 10, 5, 10, 10, 10, 10, 10, 10, 10, 10, 10, 10, 10, 10, 10, 10, 10, 10, 10, 10, 10, 10, 20, 10, 10, 10, 10, 10, 10, 10, 10, 10, 10, 10, 10, 10, 10, 10, 10, 10, 2, 
174: 0, 0, 10, 0, 10, 10, 10, 0, 0, 0, 0, 0, 10, 10, 10, 0, 0, 10, 10, 10, 0, 10, 10, 10, 0, 0, 10, 0, 10, 0, 10, 10, 0, 0, 10, 4, 0, 10, 10, 10, 10, 1, 0, 10, 10, 10, 10, 0, 2, 0, 10, 10, 10, 0, 10, 10, 10, 0, 10, 0, 10, 0, 10, 10, 10, 0, 10, 10, 10, 10, 10, 10, 1, 0, 10, 10, 0, 10, 0, 10, : 10, 10, 10, 10, 10, 10, 10, 10, 10, 10, 10, 10, 10, 10, 10, 10, 10, 10, 4, 10, 10, 10, 10, 1, 10, 10, 10, 10, 2, 10, 10, 10, 10, 10, 10, 10, 10, 10, 10, 10, 10, 10, 10, 10, 10, 10, 1, 10, 10, 10, 10, 
67: 3, 0, 10, 10, 1, 10, 0, 0, 10, 0, 2, 0, 10, 0, 10, 10, 0, 1, 1, 10, 0, 10, 0, 10, 10, 10, 10, 10, 0, 0, 0, 0, 0, 10, 10, 0, 10, 0, 0, 0, 10, 10, 10, 0, 0, 10, 4, 1, 0, 10, 0, 10, 10, 10, 10, 10, 10, 0, 10, 0, 10, 10, 10, 0, 10, 10, 10, 10, 10, 10, 10, 0, 10, 10, 0, 10, 0, 0, 10, 0, : 3, 10, 10, 1, 10, 10, 2, 10, 10, 10, 1, 1, 10, 10, 10, 10, 10, 10, 10, 10, 10, 10, 10, 10, 10, 10, 4, 1, 10, 10, 10, 10, 10, 10, 10, 10, 10, 10, 10, 10, 10, 10, 10, 10, 10, 10, 10, 10, 10, 10, 
105: 4, 10, 10, 10, 0, 0, 10, 10, 0, 1, 0, 10, 0, 0, 10, 10, 10, 10, 0, 10, 10, 10, 0, 0, 10, 10, 0, 0, 10, 0, 10, 0, 0, 0, 0, 0, 0, 0, 0, 0, 0, 0, 0, 0, 10, 0, 10, 10, 10, 0, 10, 10, 0, 10, 10, 10, 10, 10, 0, 10, 15, 10, 10, 10, 0, 10, 10, 10, 1, 0, 0, 2, 1, 0, 1, 0, 10, 10, 10, 0, : 4, 10, 10, 10, 10, 10, 1, 10, 10, 10, 10, 10, 10, 10, 10, 10, 10, 10, 10, 10, 10, 10, 10, 10, 10, 10, 10, 10, 10, 10, 10, 15, 10, 10, 10, 10, 10, 10, 1, 2, 1, 1, 10, 10, 10, 
49: 10, 0, 0, 0, 10, 10, 10, 0, 10, 0, 10, 0, 10, 10, 0, 10, 0, 0, 0, 0, 3, 10, 10, 0, 0, 0, 10, 0, 0, 0, 10, 10, 10, 0, 10, 10, 0, 10, 10, 0, 10, 0, 0, 0, 10, 1, 10, 10, 10, 10, 0, 3, 10, 0, 10, 0, 0, 0, 0, 0, 0, 0, 10, 10, 0, 0, 10, 0, 0, 10, 10, 0, 10, 0, 10, 10, 0, 10, 10, 10, : 10, 10, 10, 10, 10, 10, 10, 10, 10, 3, 10, 10, 10, 10, 10, 10, 10, 10, 10, 10, 10, 10, 1, 10, 10, 10, 10, 3, 10, 10, 10, 10, 10, 10, 10, 10, 10, 10, 10, 10, 10, 
158: 10, 10, 4, 10, 0, 10, 0, 0, 10, 0, 10, 10, 0, 10, 10, 10, 0, 10, 10, 0, 0, 10, 10, 0, 0, 0, 2, 0, 10, 10, 0, 10, 10, 10, 0, 0, 10, 0, 10, 0, 0, 2, 10, 0, 10, 10, 10, 10, 10, 0, 0, 10, 0, 0, 0, 0, 10, 0, 10, 0, 0, 10, 0, 10, 0, 0, 0, 0, 0, 10, 0, 0, 10, 10, 0, 10, 0, 10, 10, 0, : 10, 10, 4, 10, 10, 10, 10, 10, 10, 10, 10, 10, 10, 10, 10, 2, 10, 10, 10, 10, 10, 10, 10, 2, 10, 10, 10, 10, 10, 10, 10, 10, 10, 10, 10, 10, 10, 10, 10, 10, 10, 
181: 0, 10, 10, 10, 10, 10, 0, 0, 0, 0, 0, 0, 10, 2, 10, 0, 10, 10, 0, 1, 6, 10, 10, 10, 10, 0, 10, 10, 0, 10, 10, 0, 10, 0, 10, 0, 10, 10, 10, 10, 0, 10, 0, 10, 0, 0, 10, 0, 0, 10, 0, 10, 10, 10, 10, 10, 10, 10, 10, 10, 0, 10, 0, 10, 0, 0, 0, 18, 10, 10, 10, 10, 0, 5, 10, 0, 0, 0, 0, 3, : 10, 10, 10, 10, 10, 10, 2, 10, 10, 10, 1, 6, 10, 10, 10, 10, 10, 10, 10, 10, 10, 10, 10, 10, 10, 10, 10, 10, 10, 10, 10, 10, 10, 10, 10, 10, 10, 10, 10, 10, 10, 18, 10, 10, 10, 10, 5, 10, 3, 
112: 1, 10, 0, 0, 0, 0, 0, 0, 0, 10, 0, 0, 0, 0, 0, 0, 10, 0, 10, 0, 10, 0, 1, 0, 10, 0, 10, 10, 10, 10, 10, 10, 0, 10, 10, 10, 10, 0, 10, 0, 10, 0, 0, 0, 0, 10, 10, 0, 0, 0, 10, 0, 10, 10, 0, 10, 0, 10, 10, 10, 0, 9, 10, 10, 10, 0, 1, 10, 10, 1, 1, 10, 1, 10, 10, 1, 0, 10, 10, 10, : 1, 10, 10, 10, 10, 10, 1, 10, 10, 10, 10, 10, 10, 10, 10, 10, 10, 10, 10, 10, 10, 10, 10, 10, 10, 10, 10, 10, 10, 9, 10, 10, 10, 1, 10, 10, 1, 1, 10, 1, 10, 10, 1, 10, 10, 10, 
31: 10, 10, 10, 10, 10, 0, 10, 10, 0, 0, 0, 10, 10, 0, 0, 10, 10, 0, 0, 10, 10, 10, 0, 10, 0, 10, 10, 10, 1, 10, 2, 10, 1, 10, 0, 10, 10, 10, 0, 10, 10, 10, 0, 0, 0, 0, 10, 10, 0, 0, 0, 6, 0, 0, 10, 10, 0, 10, 10, 10, 0, 10, 10, 0, 10, 10, 0, 10, 10, 0, 0, 0, 10, 10, 10, 10, 10, 0, 0, 10, : 10, 10, 10, 10, 10, 10, 10, 10, 10, 10, 10, 10, 10, 10, 10, 10, 10, 10, 1, 10, 2, 10, 1, 10, 10, 10, 10, 10, 10, 10, 10, 10, 6, 10, 10, 10, 10, 10, 10, 10, 10, 10, 10, 10, 10, 10, 10, 10, 10, 10, 
53: 10, 0, 10, 10, 0, 10, 4, 10, 10, 0, 10, 10, 10, 2, 0, 0, 0, 0, 0, 10, 0, 0, 10, 0, 10, 0, 2, 10, 10, 10, 0, 10, 10, 10, 0, 10, 10, 10, 0, 1, 10, 0, 0, 10, 0, 10, 10, 0, 0, 10, 0, 0, 0, 10, 10, 0, 0, 10, 10, 10, 0, 0, 10, 0, 10, 0, 10, 10, 10, 10, 10, 0, 0, 0, 10, 0, 10, 10, 1, 10, : 10, 10, 10, 10, 4, 10, 10, 10, 10, 10, 2, 10, 10, 10, 2, 10, 10, 10, 10, 10, 10, 10, 10, 10, 1, 10, 10, 10, 10, 10, 10, 10, 10, 10, 10, 10, 10, 10, 10, 10, 10, 10, 10, 10, 10, 1, 10, 
179: 0, 10, 10, 0, 10, 0, 0, 0, 10, 10, 10, 0, 10, 0, 10, 0, 0, 10, 0, 3, 0, 0, 10, 0, 10, 0, 0, 0, 10, 0, 0, 0, 0, 0, 13, 0, 10, 10, 0, 10, 10, 0, 10, 0, 10, 0, 0, 0, 10, 0, 10, 10, 10, 10, 10, 0, 0, 0, 10, 10, 10, 0, 0, 0, 10, 0, 0, 10, 10, 1, 10, 10, 10, 10, 10, 10, 10, 0, 0, 10, : 10, 10, 10, 10, 10, 10, 10, 10, 10, 3, 10, 10, 10, 13, 10, 10, 10, 10, 10, 10, 10, 10, 10, 10, 10, 10, 10, 10, 10, 10, 10, 10, 1, 10, 10, 10, 10, 10, 10, 10, 10, 


91: 10, 0, 10, 10, 0, 10, 0, 0, 0, 0, 0, 0, 0, 0, 0, 0, 10, 1, 1, 10, 0, 5, 10, 10, 1, 10, 10, 10, 0, 10, 0, 0, 10, 0, 1, 10, 0, 10, 10, 0, 0, 10, 10, 0, 10, 10, 0, 0, 10, 0, 0, 10, 0, 10, 10, 0, 0, 0, 0, 10, 0, 0, 0, 0, 0, 10, 10, 2, 0, 10, 10, 10, 10, 10, 10, 20, 0, 10, 10, 0, : 10, 10, 10, 10, 10, 1, 1, 10, 5, 10, 10, 1, 10, 10, 10, 10, 10, 1, 10, 10, 10, 10, 10, 10, 10, 10, 10, 10, 10, 10, 10, 10, 2, 10, 10, 10, 10, 10, 10, 20, 10, 10, 
86: 0, 12, 10, 10, 0, 10, 0, 0, 10, 0, 0, 10, 10, 0, 12, 0, 10, 0, 10, 0, 0, 0, 10, 0, 10, 0, 10, 10, 10, 10, 0, 0, 0, 0, 0, 10, 0, 0, 10, 10, 0, 10, 10, 10, 10, 10, 10, 0, 10, 0, 10, 0, 0, 10, 10, 10, 10, 10, 0, 0, 10, 10, 0, 10, 1, 0, 0, 10, 10, 10, 0, 10, 10, 0, 0, 10, 0, 10, 10, 0, : 12, 10, 10, 10, 10, 10, 10, 12, 10, 10, 10, 10, 10, 10, 10, 10, 10, 10, 10, 10, 10, 10, 10, 10, 10, 10, 10, 10, 10, 10, 10, 10, 10, 10, 10, 1, 10, 10, 10, 10, 10, 10, 10, 10, 
168: 10, 0, 0, 10, 10, 0, 10, 0, 10, 10, 10, 0, 10, 0, 0, 0, 10, 0, 0, 0, 0, 10, 0, 10, 0, 10, 10, 10, 0, 10, 10, 0, 0, 10, 10, 10, 10, 0, 0, 10, 0, 10, 10, 10, 3, 10, 0, 0, 10, 10, 10, 10, 0, 0, 10, 10, 13, 0, 10, 0, 0, 0, 1, 10, 0, 1, 10, 0, 0, 0, 0, 10, 10, 10, 0, 0, 10, 10, 0, 10, : 10, 10, 10, 10, 10, 10, 10, 10, 10, 10, 10, 10, 10, 10, 10, 10, 10, 10, 10, 10, 10, 10, 10, 10, 3, 10, 10, 10, 10, 10, 10, 10, 13, 10, 1, 10, 1, 10, 10, 10, 10, 10, 10, 10, 
78: 0, 1, 0, 10, 10, 1, 10, 10, 1, 10, 0, 10, 10, 0, 0, 0, 0, 10, 10, 0, 10, 10, 10, 0, 10, 0, 10, 0, 0, 10, 0, 10, 10, 10, 0, 0, 0, 0, 10, 0, 0, 0, 0, 10, 0, 10, 0, 10, 10, 0, 10, 0, 10, 10, 0, 1, 10, 10, 10, 10, 0, 0, 3, 0, 0, 10, 4, 0, 0, 0, 0, 10, 10, 10, 0, 0, 10, 10, 0, 10, : 1, 10, 10, 1, 10, 10, 1, 10, 10, 10, 10, 10, 10, 10, 10, 10, 10, 10, 10, 10, 10, 10, 10, 10, 10, 10, 10, 10, 10, 1, 10, 10, 10, 10, 3, 10, 4, 10, 10, 10, 10, 10, 10, 
42: 10, 10, 1, 10, 2, 10, 0, 0, 10, 10, 10, 10, 0, 10, 0, 10, 10, 0, 0, 10, 10, 0, 10, 0, 10, 10, 10, 0, 1, 0, 2, 10, 10, 10, 10, 10, 0, 0, 0, 10, 10, 10, 0, 0, 0, 0, 0, 10, 0, 4, 0, 10, 0, 0, 0, 0, 10, 0, 0, 10, 0, 0, 10, 10, 10, 10, 0, 0, 10, 0, 0, 5, 0, 1, 10, 10, 0, 0, 10, 0, : 10, 10, 1, 10, 2, 10, 10, 10, 10, 10, 10, 10, 10, 10, 10, 10, 10, 10, 10, 1, 2, 10, 10, 10, 10, 10, 10, 10, 10, 10, 4, 10, 10, 10, 10, 10, 10, 10, 10, 5, 1, 10, 10, 10, 
171: 10, 0, 10, 10, 1, 0, 1, 0, 0, 0, 2, 10, 1, 10, 10, 0, 10, 10, 0, 0, 0, 10, 0, 10, 1, 0, 10, 0, 10, 10, 10, 10, 10, 10, 0, 10, 0, 0, 10, 10, 10, 0, 0, 10, 10, 10, 10, 0, 0, 20, 10, 0, 10, 10, 0, 10, 0, 10, 10, 0, 0, 0, 10, 0, 10, 10, 0, 10, 0, 0, 0, 0, 10, 10, 0, 0, 0, 10, 0, 2, : 10, 10, 10, 1, 1, 2, 10, 1, 10, 10, 10, 10, 10, 10, 1, 10, 10, 10, 10, 10, 10, 10, 10, 10, 10, 10, 10, 10, 10, 10, 20, 10, 10, 10, 10, 10, 10, 10, 10, 10, 10, 10, 10, 10, 2, 
77: 10, 0, 10, 10, 0, 10, 10, 10, 0, 0, 10, 0, 10, 0, 0, 10, 10, 0, 10, 10, 0, 10, 2, 10, 0, 0, 0, 10, 10, 1, 0, 10, 0, 10, 10, 0, 10, 0, 0, 10, 10, 10, 10, 10, 10, 0, 0, 0, 0, 10, 0, 10, 0, 0, 0, 10, 0, 0, 10, 0, 10, 17, 10, 0, 10, 0, 10, 10, 10, 10, 0, 0, 0, 0, 0, 10, 10, 0, 0, 10, : 10, 10, 10, 10, 10, 10, 10, 10, 10, 10, 10, 10, 10, 2, 10, 10, 10, 1, 10, 10, 10, 10, 10, 10, 10, 10, 10, 10, 10, 10, 10, 10, 10, 17, 10, 10, 10, 10, 10, 10, 10, 10, 10, 
159: 0, 0, 10, 0, 0, 0, 10, 10, 0, 10, 0, 0, 0, 0, 10, 10, 0, 0, 0, 0, 9, 0, 10, 0, 0, 10, 0, 1, 1, 0, 0, 0, 0, 10, 10, 1, 0, 10, 10, 0, 10, 0, 0, 10, 10, 10, 10, 10, 0, 0, 15, 2, 10, 0, 10, 10, 10, 0, 0, 10, 1, 10, 10, 10, 0, 10, 10, 10, 10, 10, 0, 10, 10, 10, 0, 0, 0, 10, 10, 10, : 10, 10, 10, 10, 10, 10, 9, 10, 10, 1, 1, 10, 10, 1, 10, 10, 10, 10, 10, 10, 10, 10, 15, 2, 10, 10, 10, 10, 10, 1, 10, 10, 10, 10, 10, 10, 10, 10, 10, 10, 10, 10, 10, 10, 
146: 10, 1, 10, 0, 0, 1, 4, 0, 0, 10, 10, 10, 10, 0, 0, 4, 10, 0, 10, 0, 0, 10, 0, 3, 10, 1, 0, 0, 0, 10, 10, 0, 10, 10, 0, 0, 0, 0, 0, 10, 0, 0, 10, 10, 0, 5, 10, 10, 10, 0, 10, 10, 0, 0, 10, 0, 0, 0, 0, 0, 0, 10, 10, 0, 0, 10, 0, 0, 10, 0, 10, 10, 10, 10, 10, 0, 10, 10, 0, 10, : 10, 1, 10, 1, 4, 10, 10, 10, 10, 4, 10, 10, 10, 3, 10, 1, 10, 10, 10, 10, 10, 10, 10, 5, 10, 10, 10, 10, 10, 10, 10, 10, 10, 10, 10, 10, 10, 10, 10, 10, 10, 10, 
130: 0, 10, 0, 10, 0, 10, 5, 10, 10, 0, 10, 0, 0, 0, 10, 10, 10, 10, 0, 10, 0, 0, 0, 10, 10, 10, 2, 0, 0, 0, 10, 10, 0, 0, 10, 1, 10, 10, 10, 10, 10, 10, 10, 10, 0, 0, 10, 0, 9, 10, 0, 0, 0, 10, 0, 10, 10, 3, 2, 0, 10, 0, 0, 10, 10, 10, 10, 10, 0, 10, 0, 0, 0, 10, 10, 1, 0, 0, 4, 10, : 10, 10, 10, 5, 10, 10, 10, 10, 10, 10, 10, 10, 10, 10, 10, 2, 10, 10, 10, 1, 10, 10, 10, 10, 10, 10, 10, 10, 10, 9, 10, 10, 10, 10, 3, 2, 10, 10, 10, 10, 10, 10, 10, 10, 10, 1, 4, 10, 
38: 0, 0, 0, 0, 10, 10, 0, 10, 0, 0, 0, 10, 10, 0, 0, 10, 1, 10, 2, 0, 0, 0, 10, 10, 0, 4, 0, 0, 0, 10, 0, 0, 10, 0, 0, 10, 4, 0, 10, 0, 10, 0, 10, 0, 0, 0, 10, 10, 10, 0, 10, 10, 10, 0, 0, 0, 0, 10, 10, 0, 0, 10, 10, 10, 0, 0, 0, 10, 0, 0, 10, 0, 0, 0, 10, 10, 0, 10, 10, 10, : 10, 10, 10, 10, 10, 10, 1, 10, 2, 10, 10, 4, 10, 10, 10, 4, 10, 10, 10, 10, 10, 10, 10, 10, 10, 10, 10, 10, 10, 10, 10, 10, 10, 10, 10, 10, 10, 
4: 11, 10, 10, 10, 10, 10, 0, 0, 10, 10, 10, 10, 0, 10, 0, 0, 0, 0, 10, 10, 0, 10, 10, 10, 10, 10, 10, 10, 10, 10, 0, 10, 10, 10, 10, 0, 10, 10, 10, 0, 10, 10, 10, 10, 0, 0, 10, 0, 0, 10, 0, 10, 10, 10, 10, 0, 0, 0, 0, 10, 10, 10, 10, 10, 10, 0, 0, 10, 1, 0, 0, 10, 0, 9, 10, 10, 0, 0, 10, 0, : 11, 10, 10, 10, 10, 10, 10, 10, 10, 10, 10, 10, 10, 10, 10, 10, 10, 10, 10, 10, 10, 10, 10, 10, 10, 10, 10, 10, 10, 10, 10, 10, 10, 10, 10, 10, 10, 10, 10, 10, 10, 10, 10, 10, 10, 10, 1, 10, 9, 10, 10, 10, 
102: 10, 0, 10, 14, 10, 0, 0, 0, 0, 3, 10, 10, 10, 0, 10, 5, 10, 10, 10, 10, 0, 10, 0, 10, 0, 0, 0, 0, 10, 10, 10, 10, 0, 0, 10, 0, 10, 0, 10, 0, 0, 0, 0, 0, 10, 10, 10, 10, 10, 0, 10, 10, 10, 10, 0, 10, 10, 0, 10, 10, 0, 0, 10, 0, 10, 1, 10, 10, 10, 0, 0, 0, 10, 0, 10, 10, 10, 10, 1, 0, : 10, 10, 14, 10, 3, 10, 10, 10, 10, 5, 10, 10, 10, 10, 10, 10, 10, 10, 10, 10, 10, 10, 10, 10, 10, 10, 10, 10, 10, 10, 10, 10, 10, 10, 10, 10, 10, 10, 1, 10, 10, 10, 10, 10, 10, 10, 10, 1, 
140: 0, 10, 0, 0, 10, 0, 0, 6, 0, 10, 12, 10, 20, 10, 0, 10, 10, 10, 10, 10, 10, 10, 0, 10, 10, 10, 0, 10, 10, 10, 0, 10, 0, 0, 0, 0, 10, 0, 0, 10, 5, 15, 0, 0, 10, 0, 10, 0, 10, 10, 0, 0, 10, 0, 10, 0, 10, 10, 8, 0, 10, 10, 0, 0, 0, 10, 10, 0, 10, 5, 10, 0, 0, 1, 10, 10, 0, 10, 0, 10, : 10, 10, 6, 10, 12, 10, 20, 10, 10, 10, 10, 10, 10, 10, 10, 10, 10, 10, 10, 10, 10, 10, 10, 10, 5, 15, 10, 10, 10, 10, 10, 10, 10, 10, 8, 10, 10, 10, 10, 10, 5, 10, 1, 10, 10, 10, 10, 
138: 0, 0, 4, 10, 10, 0, 0, 0, 0, 10, 10, 0, 10, 10, 10, 6, 0, 10, 0, 5, 0, 0, 10, 10, 0, 10, 0, 0, 10, 10, 4, 0, 0, 10, 10, 0, 0, 0, 5, 0, 0, 0, 0, 10, 0, 0, 0, 10, 10, 10, 10, 2, 0, 10, 0, 10, 0, 0, 10, 0, 10, 10, 10, 10, 10, 10, 10, 0, 10, 0, 0, 0, 10, 0, 10, 10, 10, 0, 10, 0, : 4, 10, 10, 10, 10, 10, 10, 10, 6, 10, 5, 10, 10, 10, 10, 10, 4, 10, 10, 5, 10, 10, 10, 10, 10, 2, 10, 10, 10, 10, 10, 10, 10, 10, 10, 10, 10, 10, 10, 10, 10, 10, 
89: 10, 0, 14, 0, 0, 0, 0, 10, 10, 10, 0, 0, 10, 10, 10, 10, 10, 0, 10, 10, 0, 10, 10, 0, 10, 0, 10, 10, 10, 0, 10, 10, 10, 10, 10, 10, 10, 10, 0, 0, 0, 0, 10, 10, 0, 10, 3, 0, 0, 10, 10, 0, 10, 0, 0, 0, 10, 10, 10, 0, 10, 0, 0, 0, 1, 10, 0, 0, 0, 0, 0, 0, 0, 0, 0, 0, 10, 2, 10, 10, : 10, 14, 10, 10, 10, 10, 10, 10, 10, 10, 10, 10, 10, 10, 10, 10, 10, 10, 10, 10, 10, 10, 10, 10, 10, 10, 10, 10, 10, 3, 10, 10, 10, 10, 10, 10, 10, 1, 10, 10, 2, 10, 10, 
196: 0, 10, 10, 10, 10, 0, 10, 0, 10, 0, 10, 0, 0, 0, 0, 0, 0, 0, 0, 0, 10, 10, 10, 10, 0, 0, 0, 0, 10, 0, 10, 0, 0, 0, 10, 0, 0, 10, 0, 10, 0, 10, 10, 10, 10, 0, 1, 0, 10, 8, 0, 0, 10, 0, 10, 10, 1, 10, 10, 0, 1, 0, 10, 10, 10, 0, 0, 10, 10, 0, 0, 10, 0, 0, 10, 0, 10, 0, 0, 0, : 10, 10, 10, 10, 10, 10, 10, 10, 10, 10, 10, 10, 10, 10, 10, 10, 10, 10, 10, 10, 1, 10, 8, 10, 10, 10, 1, 10, 10, 1, 10, 10, 10, 10, 10, 10, 10, 10, 
145: 10, 10, 10, 10, 10, 10, 10, 10, 10, 10, 0, 10, 0, 10, 10, 0, 10, 13, 10, 1, 0, 10, 10, 10, 10, 0, 0, 0, 0, 10, 10, 10, 10, 0, 2, 10, 10, 10, 10, 10, 0, 10, 10, 0, 10, 10, 10, 0, 10, 10, 0, 10, 0, 10, 10, 10, 0, 10, 5, 10, 0, 0, 0, 0, 10, 0, 0, 10, 10, 0, 10, 0, 10, 0, 0, 10, 10, 10, 10, 10, : 10, 10, 10, 10, 10, 10, 10, 10, 10, 10, 10, 10, 10, 10, 13, 10, 1, 10, 10, 10, 10, 10, 10, 10, 10, 2, 10, 10, 10, 10, 10, 10, 10, 10, 10, 10, 10, 10, 10, 10, 10, 10, 10, 5, 10, 10, 10, 10, 10, 10, 10, 10, 10, 10, 10, 
107: 4, 10, 4, 0, 10, 0, 0, 10, 10, 0, 0, 10, 1, 10, 0, 0, 10, 10, 7, 0, 10, 10, 0, 10, 10, 10, 0, 10, 0, 10, 10, 0, 0, 0, 0, 10, 0, 10, 0, 10, 19, 0, 10, 0, 10, 10, 0, 10, 10, 10, 0, 0, 10, 10, 0, 10, 10, 10, 0, 10, 10, 2, 1, 0, 10, 0, 0, 10, 0, 0, 20, 0, 0, 0, 10, 10, 0, 10, 10, 0, : 4, 10, 4, 10, 10, 10, 10, 1, 10, 10, 10, 7, 10, 10, 10, 10, 10, 10, 10, 10, 10, 10, 10, 19, 10, 10, 10, 10, 10, 10, 10, 10, 10, 10, 10, 10, 10, 2, 1, 10, 10, 20, 10, 10, 10, 10, 
88: 10, 10, 10, 1, 10, 10, 10, 0, 10, 0, 10, 10, 0, 10, 0, 0, 2, 10, 10, 10, 10, 10, 0, 0, 10, 10, 0, 10, 10, 0, 10, 10, 10, 10, 10, 10, 10, 10, 0, 10, 0, 10, 10, 10, 2, 10, 10, 10, 0, 10, 0, 0, 0, 0, 10, 0, 10, 0, 10, 5, 0, 12, 0, 2, 10, 10, 10, 10, 0, 10, 10, 0, 0, 10, 0, 0, 0, 0, 0, 0, : 10, 10, 10, 1, 10, 10, 10, 10, 10, 10, 10, 2, 10, 10, 10, 10, 10, 10, 10, 10, 10, 10, 10, 10, 10, 10, 10, 10, 10, 10, 10, 10, 10, 2, 10, 10, 10, 10, 10, 10, 10, 5, 12, 2, 10, 10, 10, 10, 10, 10, 10, 
151: 10, 1, 10, 0, 0, 10, 10, 10, 0, 10, 0, 0, 0, 10, 10, 0, 0, 10, 0, 10, 10, 10, 10, 0, 0, 0, 10, 0, 10, 0, 10, 10, 0, 10, 10, 0, 0, 10, 0, 0, 0, 0, 10, 0, 10, 0, 10, 10, 0, 0, 1, 0, 10, 1, 0, 0, 0, 10, 0, 10, 0, 0, 0, 10, 10, 0, 10, 10, 10, 0, 10, 9, 0, 0, 0, 0, 10, 0, 10, 10, : 10, 1, 10, 10, 10, 10, 10, 10, 10, 10, 10, 10, 10, 10, 10, 10, 10, 10, 10, 10, 10, 10, 10, 10, 10, 1, 10, 1, 10, 10, 10, 10, 10, 10, 10, 10, 9, 10, 10, 10, 
33: 10, 0, 0, 0, 10, 10, 10, 7, 10, 0, 10, 10, 0, 10, 10, 10, 0, 11, 0, 10, 0, 0, 10, 0, 0, 0, 10, 10, 0, 0, 0, 10, 0, 10, 0, 2, 0, 10, 10, 10, 0, 0, 0, 0, 0, 0, 10, 10, 0, 10, 0, 10, 0, 0, 10, 0, 1, 10, 10, 10, 10, 0, 0, 10, 10, 0, 0, 10, 10, 0, 0, 0, 0, 2, 10, 0, 10, 10, 10, 10, : 10, 10, 10, 10, 7, 10, 10, 10, 10, 10, 10, 11, 10, 10, 10, 10, 10, 10, 2, 10, 10, 10, 10, 10, 10, 10, 10, 1, 10, 10, 10, 10, 10, 10, 10, 10, 2, 10, 10, 10, 10, 10, 
95: 10, 0, 10, 10, 0, 10, 0, 10, 10, 0, 0, 10, 0, 1, 3, 0, 0, 10, 0, 10, 10, 0, 0, 10, 0, 10, 2, 0, 0, 0, 0, 1, 0, 1, 10, 10, 10, 0, 0, 0, 10, 10, 0, 10, 10, 0, 0, 10, 0, 0, 10, 10, 10, 0, 10, 10, 10, 0, 10, 10, 0, 0, 10, 0, 0, 10, 10, 0, 0, 0, 10, 10, 0, 10, 10, 10, 10, 0, 10, 10, : 10, 10, 10, 10, 10, 10, 10, 1, 3, 10, 10, 10, 10, 10, 2, 1, 1, 10, 10, 10, 10, 10, 10, 10, 10, 10, 10, 10, 10, 10, 10, 10, 10, 10, 10, 10, 10, 10, 10, 10, 10, 10, 10, 10, 
6: 0, 0, 0, 10, 0, 0, 10, 0, 0, 10, 0, 10, 10, 10, 0, 0, 0, 10, 10, 10, 10, 10, 0, 10, 10, 0, 10, 2, 10, 0, 10, 0, 0, 0, 0, 0, 10, 10, 0, 0, 10, 10, 0, 0, 0, 0, 10, 10, 5, 10, 0, 0, 10, 0, 0, 10, 10, 10, 10, 10, 0, 4, 0, 10, 10, 10, 10, 0, 8, 10, 10, 10, 0, 2, 5, 10, 0, 0, 0, 0, : 10, 10, 10, 10, 10, 10, 10, 10, 10, 10, 10, 10, 10, 10, 2, 10, 10, 10, 10, 10, 10, 10, 10, 5, 10, 10, 10, 10, 10, 10, 10, 4, 10, 10, 10, 10, 8, 10, 10, 10, 2, 5, 10, 
115: 10, 10, 0, 0, 10, 10, 5, 10, 10, 0, 10, 0, 0, 10, 10, 10, 0, 10, 0, 0, 10, 0, 0, 10, 10, 0, 1, 0, 0, 0, 10, 0, 0, 10, 7, 10, 10, 0, 10, 10, 10, 0, 1, 10, 0, 10, 10, 0, 0, 0, 10, 10, 0, 10, 0, 10, 0, 0, 10, 0, 10, 10, 0, 0, 0, 0, 10, 0, 1, 10, 10, 0, 0, 10, 0, 10, 0, 10, 10, 0, : 10, 10, 10, 10, 5, 10, 10, 10, 10, 10, 10, 10, 10, 10, 10, 1, 10, 10, 7, 10, 10, 10, 10, 10, 1, 10, 10, 10, 10, 10, 10, 10, 10, 10, 10, 10, 1, 10, 10, 10, 10, 10, 10, 
34: 0, 10, 0, 0, 2, 10, 10, 0, 0, 10, 0, 0, 0, 0, 0, 10, 1, 0, 5, 10, 18, 10, 0, 0, 0, 10, 0, 10, 0, 10, 0, 10, 0, 0, 0, 0, 10, 0, 10, 10, 0, 10, 0, 0, 10, 0, 10, 10, 0, 0, 0, 0, 10, 10, 10, 0, 10, 10, 0, 10, 10, 10, 10, 1, 0, 0, 10, 0, 0, 10, 0, 1, 7, 0, 0, 12, 5, 10, 0, 0, : 10, 2, 10, 10, 10, 10, 1, 5, 10, 18, 10, 10, 10, 10, 10, 10, 10, 10, 10, 10, 10, 10, 10, 10, 10, 10, 10, 10, 10, 10, 10, 1, 10, 10, 1, 7, 12, 5, 10, 
65: 0, 10, 10, 10, 10, 1, 10, 10, 10, 0, 10, 10, 10, 0, 10, 0, 0, 0, 0, 0, 10, 0, 0, 0, 0, 0, 10, 10, 10, 10, 10, 1, 0, 10, 0, 0, 10, 10, 0, 0, 10, 10, 10, 0, 0, 10, 10, 0, 0, 0, 0, 0, 0, 10, 0, 10, 0, 2, 10, 10, 10, 10, 0, 10, 0, 10, 10, 10, 10, 10, 0, 0, 10, 0, 10, 0, 10, 2, 0, 0, : 10, 10, 10, 10, 1, 10, 10, 10, 10, 10, 10, 10, 10, 10, 10, 10, 10, 10, 1, 10, 10, 10, 10, 10, 10, 10, 10, 10, 10, 2, 10, 10, 10, 10, 10, 10, 10, 10, 10, 10, 10, 10, 10, 2, 
93: 0, 0, 0, 0, 0, 0, 10, 10, 10, 0, 10, 0, 0, 10, 10, 10, 10, 0, 0, 0, 0, 0, 10, 0, 10, 10, 10, 0, 10, 10, 0, 3, 10, 10, 1, 1, 10, 10, 10, 0, 0, 0, 0, 0, 10, 0, 0, 0, 0, 10, 0, 10, 0, 10, 0, 0, 0, 0, 0, 0, 0, 10, 0, 0, 1, 2, 0, 0, 10, 0, 10, 10, 10, 10, 0, 0, 0, 1, 0, 0, : 10, 10, 10, 10, 10, 10, 10, 10, 10, 10, 10, 10, 10, 10, 3, 10, 10, 1, 1, 10, 10, 10, 10, 10, 10, 10, 10, 1, 2, 10, 10, 10, 10, 10, 1, 
198: 0, 0, 0, 10, 10, 0, 10, 10, 10, 10, 10, 0, 11, 0, 0, 10, 10, 0, 0, 0, 0, 0, 0, 0, 0, 10, 10, 10, 10, 0, 13, 10, 10, 10, 10, 0, 1, 10, 0, 0, 10, 10, 1, 10, 10, 10, 10, 10, 0, 0, 0, 10, 0, 0, 10, 1, 0, 10, 10, 10, 10, 10, 0, 10, 1, 10, 0, 10, 10, 10, 10, 0, 10, 10, 10, 2, 10, 0, 0, 10, : 10, 10, 10, 10, 10, 10, 10, 11, 10, 10, 10, 10, 10, 10, 13, 10, 10, 10, 10, 1, 10, 10, 10, 1, 10, 10, 10, 10, 10, 10, 10, 1, 10, 10, 10, 10, 10, 10, 1, 10, 10, 10, 10, 10, 10, 10, 10, 2, 10, 10, 
50: 0, 10, 0, 10, 10, 10, 10, 10, 10, 10, 10, 10, 0, 10, 10, 10, 1, 0, 10, 0, 10, 0, 10, 0, 10, 0, 0, 10, 0, 0, 0, 0, 15, 3, 10, 10, 0, 0, 0, 10, 1, 0, 1, 0, 10, 10, 1, 0, 10, 10, 10, 10, 0, 9, 4, 10, 10, 0, 0, 10, 10, 0, 0, 10, 0, 10, 0, 0, 0, 10, 0, 10, 2, 10, 0, 0, 10, 0, 10, 10, : 10, 10, 10, 10, 10, 10, 10, 10, 10, 10, 10, 10, 10, 1, 10, 10, 10, 10, 10, 15, 3, 10, 10, 10, 1, 1, 10, 10, 1, 10, 10, 10, 10, 9, 4, 10, 10, 10, 10, 10, 10, 10, 10, 2, 10, 10, 10, 10, 
36: 0, 10, 0, 0, 10, 0, 0, 0, 4, 0, 0, 0, 0, 0, 10, 10, 0, 10, 0, 1, 7, 0, 0, 2, 10, 10, 10, 0, 10, 0, 0, 10, 0, 10, 0, 0, 10, 0, 0, 0, 0, 10, 10, 10, 10, 0, 0, 0, 10, 13, 10, 10, 3, 0, 1, 10, 0, 0, 0, 0, 10, 10, 10, 0, 10, 0, 10, 10, 1, 10, 0, 10, 10, 10, 0, 0, 0, 0, 0, 0, : 10, 10, 4, 10, 10, 10, 1, 7, 2, 10, 10, 10, 10, 10, 10, 10, 10, 10, 10, 10, 10, 13, 10, 10, 3, 1, 10, 10, 10, 10, 10, 10, 10, 1, 10, 10, 10, 10, 
133: 0, 0, 10, 0, 0, 2, 20, 0, 0, 10, 1, 5, 1, 1, 10, 0, 0, 10, 10, 10, 0, 10, 10, 0, 0, 10, 0, 0, 0, 10, 10, 0, 10, 0, 0, 10, 0, 10, 10, 0, 0, 0, 10, 10, 0, 10, 0, 10, 0, 10, 0, 10, 10, 10, 10, 0, 0, 10, 0, 10, 0, 10, 10, 0, 0, 10, 0, 0, 1, 0, 0, 0, 10, 10, 0, 0, 10, 0, 10, 0, : 10, 2, 20, 10, 1, 5, 1, 1, 10, 10, 10, 10, 10, 10, 10, 10, 10, 10, 10, 10, 10, 10, 10, 10, 10, 10, 10, 10, 10, 10, 10, 10, 10, 10, 10, 1, 10, 10, 10, 10, 
131: 0, 0, 2, 10, 0, 10, 0, 12, 0, 2, 10, 10, 10, 13, 0, 0, 10, 0, 10, 0, 10, 10, 0, 0, 10, 0, 10, 10, 0, 0, 10, 0, 0, 1, 10, 0, 10, 0, 10, 0, 10, 0, 0, 0, 10, 10, 0, 10, 0, 0, 0, 0, 2, 0, 10, 0, 10, 0, 10, 10, 10, 0, 10, 2, 0, 0, 10, 0, 10, 10, 0, 10, 0, 10, 10, 0, 10, 0, 0, 2, : 2, 10, 10, 12, 2, 10, 10, 10, 13, 10, 10, 10, 10, 10, 10, 10, 10, 1, 10, 10, 10, 10, 10, 10, 10, 2, 10, 10, 10, 10, 10, 10, 2, 10, 10, 10, 10, 10, 10, 10, 2, 
41: 10, 10, 0, 0, 0, 0, 0, 0, 0, 0, 0, 0, 10, 0, 10, 0, 0, 0, 10, 10, 10, 0, 10, 0, 0, 0, 0, 10, 10, 0, 10, 0, 0, 0, 10, 10, 10, 1, 0, 10, 10, 0, 10, 5, 10, 10, 0, 10, 0, 0, 10, 10, 0, 10, 0, 0, 10, 10, 0, 0, 10, 0, 10, 10, 10, 0, 10, 3, 10, 10, 10, 10, 0, 0, 0, 0, 10, 10, 0, 10, : 10, 10, 10, 10, 10, 10, 10, 10, 10, 10, 10, 10, 10, 10, 1, 10, 10, 10, 5, 10, 10, 10, 10, 10, 10, 10, 10, 10, 10, 10, 10, 10, 3, 10, 10, 10, 10, 10, 10, 10, 
195: 0, 10, 0, 0, 10, 10, 10, 0, 0, 10, 10, 10, 10, 0, 0, 10, 10, 0, 10, 10, 0, 10, 2, 10, 10, 0, 0, 10, 10, 10, 0, 10, 10, 0, 0, 7, 0, 16, 0, 0, 10, 10, 2, 10, 0, 10, 0, 1, 10, 0, 0, 10, 10, 5, 10, 0, 10, 0, 0, 0, 0, 0, 10, 10, 0, 0, 10, 0, 2, 0, 10, 0, 16, 0, 10, 0, 10, 10, 0, 0, : 10, 10, 10, 10, 10, 10, 10, 10, 10, 10, 10, 10, 10, 2, 10, 10, 10, 10, 10, 10, 10, 7, 16, 10, 10, 2, 10, 10, 1, 10, 10, 10, 5, 10, 10, 10, 10, 10, 2, 10, 16, 10, 10, 10, 
29: 0, 10, 0, 0, 0, 10, 0, 0, 10, 0, 10, 0, 10, 10, 10, 10, 0, 0, 0, 0, 10, 0, 0, 0, 0, 0, 10, 0, 0, 0, 0, 0, 10, 0, 10, 10, 10, 5, 0, 0, 10, 10, 0, 10, 0, 0, 0, 1, 1, 0, 19, 10, 10, 10, 0, 10, 0, 10, 0, 0, 15, 10, 0, 10, 10, 0, 0, 10, 10, 10, 0, 0, 10, 10, 0, 10, 0, 10, 10, 10, : 10, 10, 10, 10, 10, 10, 10, 10, 10, 10, 10, 10, 10, 10, 5, 10, 10, 10, 1, 1, 19, 10, 10, 10, 10, 10, 15, 10, 10, 10, 10, 10, 10, 10, 10, 10, 10, 10, 10, 
79: 10, 0, 10, 0, 10, 0, 0, 0, 0, 10, 0, 0, 10, 0, 0, 0, 10, 10, 10, 0, 10, 10, 10, 10, 10, 10, 10, 10, 1, 10, 16, 10, 10, 0, 10, 3, 0, 10, 10, 5, 10, 10, 10, 0, 0, 0, 10, 3, 10, 0, 10, 1, 0, 10, 10, 10, 10, 10, 10, 0, 3, 10, 0, 0, 10, 10, 1, 0, 1, 10, 10, 10, 0, 10, 10, 0, 0, 0, 10, 10, : 10, 10, 10, 10, 10, 10, 10, 10, 10, 10, 10, 10, 10, 10, 10, 10, 1, 10, 16, 10, 10, 10, 3, 10, 10, 5, 10, 10, 10, 10, 3, 10, 10, 1, 10, 10, 10, 10, 10, 10, 3, 10, 10, 10, 1, 1, 10, 10, 10, 10, 10, 10, 10, 
177: 10, 10, 10, 0, 0, 10, 10, 10, 10, 10, 0, 10, 1, 10, 10, 10, 10, 10, 10, 10, 10, 0, 10, 0, 3, 10, 0, 2, 10, 10, 0, 10, 10, 0, 3, 10, 0, 10, 10, 10, 10, 0, 0, 0, 10, 10, 0, 10, 10, 10, 10, 0, 10, 0, 10, 10, 0, 10, 0, 0, 5, 10, 10, 10, 10, 10, 0, 10, 10, 10, 15, 10, 0, 10, 0, 10, 0, 10, 0, 10, : 10, 10, 10, 10, 10, 10, 10, 10, 10, 1, 10, 10, 10, 10, 10, 10, 10, 10, 10, 3, 10, 2, 10, 10, 10, 10, 3, 10, 10, 10, 10, 10, 10, 10, 10, 10, 10, 10, 10, 10, 10, 10, 5, 10, 10, 10, 10, 10, 10, 10, 10, 15, 10, 10, 10, 10, 10, 
166: 10, 10, 0, 0, 0, 10, 0, 10, 10, 0, 0, 0, 0, 10, 10, 10, 0, 0, 0, 8, 1, 0, 10, 10, 0, 10, 10, 10, 10, 4, 0, 0, 10, 10, 1, 10, 0, 3, 10, 10, 0, 0, 0, 0, 0, 0, 0, 0, 10, 0, 10, 0, 10, 10, 0, 0, 10, 0, 10, 10, 10, 0, 10, 0, 10, 10, 10, 10, 0, 10, 10, 10, 10, 0, 10, 10, 10, 0, 10, 1, : 10, 10, 10, 10, 10, 10, 10, 10, 8, 1, 10, 10, 10, 10, 10, 10, 4, 10, 10, 1, 10, 3, 10, 10, 10, 10, 10, 10, 10, 10, 10, 10, 10, 10, 10, 10, 10, 10, 10, 10, 10, 10, 10, 10, 10, 1, 
3: 10, 10, 10, 10, 10, 0, 0, 10, 0, 10, 0, 0, 10, 10, 0, 10, 10, 10, 10, 10, 0, 0, 1, 10, 10, 10, 10, 10, 2, 0, 0, 10, 10, 10, 0, 10, 10, 0, 10, 10, 0, 0, 10, 0, 0, 0, 10, 10, 10, 0, 0, 0, 10, 0, 10, 3, 0, 10, 0, 10, 0, 0, 10, 10, 1, 1, 0, 0, 0, 10, 10, 10, 10, 0, 10, 10, 0, 10, 10, 10, : 10, 10, 10, 10, 10, 10, 10, 10, 10, 10, 10, 10, 10, 10, 1, 10, 10, 10, 10, 10, 2, 10, 10, 10, 10, 10, 10, 10, 10, 10, 10, 10, 10, 10, 3, 10, 10, 10, 10, 1, 1, 10, 10, 10, 10, 10, 10, 10, 10, 10, 


44: 10, 0, 0, 0, 0, 0, 10, 10, 0, 10, 0, 0, 10, 10, 1, 10, 10, 0, 0, 10, 0, 10, 0, 0, 0, 10, 0, 10, 10, 0, 2, 0, 0, 0, 0, 10, 0, 10, 1, 0, 0, 10, 10, 1, 10, 10, 0, 0, 10, 10, 10, 10, 1, 10, 0, 10, 10, 0, 10, 0, 0, 10, 10, 0, 10, 0, 10, 0, 10, 0, 0, 10, 0, 0, 0, 10, 0, 10, 12, 0, : 10, 10, 10, 10, 10, 10, 1, 10, 10, 10, 10, 10, 10, 10, 2, 10, 10, 1, 10, 10, 1, 10, 10, 10, 10, 10, 10, 1, 10, 10, 10, 10, 10, 10, 10, 10, 10, 10, 10, 10, 12, 
172: 0, 0, 10, 10, 10, 0, 0, 0, 10, 10, 0, 0, 10, 10, 0, 0, 10, 0, 0, 0, 0, 0, 10, 10, 0, 10, 0, 0, 0, 10, 10, 10, 10, 10, 10, 0, 0, 0, 10, 0, 0, 0, 0, 0, 10, 0, 0, 10, 10, 0, 10, 1, 10, 0, 10, 10, 1, 10, 10, 0, 0, 10, 0, 10, 10, 0, 0, 0, 0, 0, 5, 10, 7, 0, 10, 0, 7, 10, 0, 0, : 10, 10, 10, 10, 10, 10, 10, 10, 10, 10, 10, 10, 10, 10, 10, 10, 10, 10, 10, 10, 10, 10, 1, 10, 10, 10, 1, 10, 10, 10, 10, 10, 5, 10, 7, 10, 7, 10, 
70: 1, 10, 0, 10, 0, 0, 10, 0, 0, 10, 10, 0, 0, 10, 0, 0, 14, 0, 10, 10, 0, 0, 0, 10, 10, 0, 3, 10, 10, 0, 0, 10, 10, 0, 0, 0, 10, 0, 10, 15, 0, 2, 10, 0, 10, 0, 10, 0, 0, 10, 0, 0, 0, 0, 10, 10, 0, 10, 0, 0, 0, 10, 2, 0, 0, 10, 0, 10, 10, 0, 0, 3, 0, 10, 0, 10, 10, 0, 0, 0, : 1, 10, 10, 10, 10, 10, 10, 14, 10, 10, 10, 10, 3, 10, 10, 10, 10, 10, 10, 15, 2, 10, 10, 10, 10, 10, 10, 10, 10, 2, 10, 10, 10, 3, 10, 10, 10, 
66: 10, 10, 0, 10, 0, 0, 0, 10, 10, 0, 0, 10, 0, 0, 10, 10, 0, 3, 1, 0, 10, 10, 10, 1, 10, 0, 10, 10, 10, 10, 0, 10, 0, 0, 1, 0, 0, 10, 10, 10, 10, 10, 0, 0, 10, 10, 10, 10, 0, 10, 10, 13, 10, 10, 0, 0, 10, 0, 10, 10, 10, 2, 10, 10, 0, 10, 10, 0, 0, 3, 10, 0, 0, 0, 0, 3, 0, 10, 0, 10, : 10, 10, 10, 10, 10, 10, 10, 10, 3, 1, 10, 10, 10, 1, 10, 10, 10, 10, 10, 10, 1, 10, 10, 10, 10, 10, 10, 10, 10, 10, 10, 10, 13, 10, 10, 10, 10, 10, 10, 2, 10, 10, 10, 10, 3, 10, 3, 10, 10, 
194: 10, 0, 10, 10, 0, 10, 10, 2, 10, 10, 0, 0, 0, 10, 4, 0, 10, 0, 0, 0, 10, 10, 10, 2, 10, 10, 10, 10, 10, 10, 10, 10, 10, 0, 10, 0, 10, 0, 0, 10, 0, 10, 18, 0, 0, 10, 10, 0, 10, 10, 0, 10, 1, 10, 0, 0, 10, 0, 10, 0, 10, 0, 0, 0, 10, 0, 10, 0, 10, 0, 0, 10, 0, 0, 10, 0, 0, 0, 10, 0, : 10, 10, 10, 10, 10, 2, 10, 10, 10, 4, 10, 10, 10, 10, 2, 10, 10, 10, 10, 10, 10, 10, 10, 10, 10, 10, 10, 10, 18, 10, 10, 10, 10, 10, 1, 10, 10, 10, 10, 10, 10, 10, 10, 10, 10, 
120: 10, 10, 0, 10, 0, 10, 10, 0, 0, 0, 10, 9, 0, 0, 10, 0, 10, 1, 12, 10, 0, 10, 0, 10, 10, 0, 0, 0, 3, 10, 10, 0, 10, 10, 10, 10, 10, 10, 10, 0, 1, 0, 0, 10, 10, 10, 10, 0, 10, 10, 10, 10, 0, 0, 0, 10, 0, 0, 10, 0, 0, 0, 10, 10, 10, 1, 10, 10, 0, 0, 10, 10, 0, 0, 0, 10, 0, 0, 10, 0, : 10, 10, 10, 10, 10, 10, 9, 10, 10, 1, 12, 10, 10, 10, 10, 3, 10, 10, 10, 10, 10, 10, 10, 10, 10, 1, 10, 10, 10, 10, 10, 10, 10, 10, 10, 10, 10, 10, 10, 1, 10, 10, 10, 10, 10, 10, 
16: 10, 10, 0, 10, 0, 10, 10, 10, 10, 0, 0, 0, 0, 10, 10, 0, 0, 10, 0, 0, 10, 0, 10, 0, 0, 0, 0, 10, 10, 10, 10, 10, 0, 10, 1, 10, 10, 10, 0, 0, 10, 10, 0, 0, 0, 0, 1, 10, 10, 2, 0, 0, 10, 10, 10, 10, 10, 10, 0, 10, 10, 0, 10, 0, 0, 10, 10, 0, 0, 10, 0, 0, 10, 0, 10, 10, 0, 0, 0, 10, : 10, 10, 10, 10, 10, 10, 10, 10, 10, 10, 10, 10, 10, 10, 10, 10, 10, 10, 1, 10, 10, 10, 10, 10, 1, 10, 10, 2, 10, 10, 10, 10, 10, 10, 10, 10, 10, 10, 10, 10, 10, 10, 10, 10, 
186: 0, 0, 10, 2, 0, 10, 10, 10, 0, 6, 10, 10, 10, 0, 0, 10, 0, 0, 10, 10, 0, 10, 10, 10, 10, 10, 0, 10, 0, 0, 0, 10, 4, 10, 10, 0, 0, 10, 0, 0, 10, 10, 10, 10, 10, 10, 0, 10, 10, 10, 0, 10, 10, 0, 0, 10, 3, 10, 10, 10, 0, 0, 10, 10, 0, 0, 10, 10, 0, 10, 0, 0, 10, 10, 10, 0, 10, 0, 10, 10, : 10, 2, 10, 10, 10, 6, 10, 10, 10, 10, 10, 10, 10, 10, 10, 10, 10, 10, 10, 4, 10, 10, 10, 10, 10, 10, 10, 10, 10, 10, 10, 10, 10, 10, 10, 3, 10, 10, 10, 10, 10, 10, 10, 10, 10, 10, 10, 10, 10, 10, 
92: 0, 0, 10, 10, 0, 0, 3, 0, 0, 0, 10, 10, 10, 10, 0, 0, 0, 10, 10, 10, 0, 10, 0, 10, 10, 0, 10, 1, 10, 2, 0, 10, 10, 0, 0, 10, 10, 0, 10, 0, 0, 10, 10, 10, 10, 0, 0, 10, 0, 0, 10, 10, 0, 10, 0, 0, 0, 1, 10, 0, 10, 0, 0, 0, 2, 10, 10, 0, 0, 10, 10, 0, 10, 14, 0, 0, 0, 10, 0, 0, : 10, 10, 3, 10, 10, 10, 10, 10, 10, 10, 10, 10, 10, 10, 1, 10, 2, 10, 10, 10, 10, 10, 10, 10, 10, 10, 10, 10, 10, 10, 1, 10, 10, 2, 10, 10, 10, 10, 10, 14, 10, 
5: 0, 10, 10, 0, 10, 10, 0, 10, 10, 7, 10, 10, 10, 10, 0, 10, 0, 10, 10, 10, 10, 0, 0, 0, 10, 10, 10, 10, 10, 10, 1, 0, 10, 10, 10, 0, 0, 8, 0, 10, 0, 10, 0, 10, 0, 10, 10, 0, 0, 0, 0, 10, 10, 10, 0, 0, 10, 10, 0, 10, 10, 10, 10, 10, 10, 10, 0, 10, 0, 10, 10, 10, 0, 10, 10, 0, 0, 1, 0, 0, : 10, 10, 10, 10, 10, 10, 7, 10, 10, 10, 10, 10, 10, 10, 10, 10, 10, 10, 10, 10, 10, 10, 1, 10, 10, 10, 8, 10, 10, 10, 10, 10, 10, 10, 10, 10, 10, 10, 10, 10, 10, 10, 10, 10, 10, 10, 10, 10, 10, 10, 1, 
43: 0, 10, 10, 10, 2, 0, 0, 0, 3, 10, 10, 4, 10, 0, 0, 0, 0, 10, 10, 13, 0, 10, 2, 0, 10, 0, 0, 10, 10, 0, 0, 0, 0, 0, 0, 10, 0, 0, 6, 10, 0, 10, 0, 0, 0, 0, 0, 10, 0, 0, 10, 10, 11, 10, 10, 10, 10, 10, 10, 10, 10, 10, 0, 0, 10, 0, 0, 10, 10, 0, 10, 10, 10, 0, 0, 10, 8, 0, 10, 10, : 10, 10, 10, 2, 3, 10, 10, 4, 10, 10, 10, 13, 10, 2, 10, 10, 10, 10, 6, 10, 10, 10, 10, 10, 11, 10, 10, 10, 10, 10, 10, 10, 10, 10, 10, 10, 10, 10, 10, 10, 10, 8, 10, 10, 
19: 0, 0, 0, 10, 0, 10, 0, 10, 0, 0, 0, 10, 10, 10, 10, 10, 10, 0, 0, 10, 0, 0, 10, 0, 0, 10, 10, 0, 0, 0, 10, 0, 0, 0, 10, 10, 0, 10, 0, 4, 0, 0, 10, 10, 10, 16, 10, 2, 1, 0, 10, 0, 10, 10, 1, 1, 10, 10, 1, 10, 2, 10, 10, 0, 0, 10, 0, 0, 0, 10, 10, 10, 0, 10, 10, 10, 0, 10, 10, 10, : 10, 10, 10, 10, 10, 10, 10, 10, 10, 10, 10, 10, 10, 10, 10, 10, 10, 4, 10, 10, 10, 16, 10, 2, 1, 10, 10, 10, 1, 1, 10, 10, 1, 10, 2, 10, 10, 10, 10, 10, 10, 10, 10, 10, 10, 10, 10, 
74: 10, 0, 10, 0, 10, 0, 10, 0, 10, 0, 0, 0, 0, 10, 0, 0, 10, 0, 10, 0, 0, 10, 10, 0, 10, 0, 1, 0, 0, 0, 10, 0, 0, 0, 0, 10, 10, 0, 10, 1, 10, 10, 2, 10, 4, 0, 0, 10, 0, 0, 0, 0, 0, 0, 0, 0, 10, 4, 10, 0, 0, 0, 0, 0, 10, 0, 10, 10, 10, 10, 10, 10, 1, 0, 10, 10, 10, 10, 10, 0, : 10, 10, 10, 10, 10, 10, 10, 10, 10, 10, 10, 1, 10, 10, 10, 10, 1, 10, 10, 2, 10, 4, 10, 10, 4, 10, 10, 10, 10, 10, 10, 10, 10, 1, 10, 10, 10, 10, 10, 
2: 10, 0, 10, 10, 10, 10, 0, 0, 10, 10, 0, 0, 10, 0, 0, 0, 0, 10, 10, 0, 10, 10, 0, 10, 4, 0, 10, 0, 0, 10, 0, 0, 10, 0, 2, 0, 10, 0, 10, 10, 10, 10, 10, 0, 0, 10, 10, 0, 10, 2, 2, 0, 0, 3, 10, 0, 0, 10, 0, 10, 3, 10, 10, 12, 10, 0, 0, 0, 10, 10, 10, 10, 2, 10, 10, 0, 0, 10, 10, 0, : 10, 10, 10, 10, 10, 10, 10, 10, 10, 10, 10, 10, 10, 4, 10, 10, 10, 2, 10, 10, 10, 10, 10, 10, 10, 10, 10, 2, 2, 3, 10, 10, 10, 3, 10, 10, 12, 10, 10, 10, 10, 10, 2, 10, 10, 10, 10, 
1: 0, 10, 10, 0, 10, 10, 10, 10, 10, 10, 10, 10, 10, 10, 10, 10, 0, 1, 0, 10, 10, 0, 10, 0, 10, 10, 10, 10, 10, 10, 10, 10, 0, 10, 0, 0, 10, 0, 10, 10, 0, 0, 10, 10, 0, 0, 10, 10, 0, 0, 0, 0, 0, 0, 0, 10, 0, 0, 0, 10, 10, 10, 10, 10, 0, 0, 10, 10, 10, 0, 0, 10, 10, 10, 10, 10, 10, 0, 0, 5, : 10, 10, 10, 10, 10, 10, 10, 10, 10, 10, 10, 10, 10, 10, 1, 10, 10, 10, 10, 10, 10, 10, 10, 10, 10, 10, 10, 10, 10, 10, 10, 10, 10, 10, 10, 10, 10, 10, 10, 10, 10, 10, 10, 10, 10, 10, 10, 10, 10, 5, 
27: 10, 10, 0, 0, 0, 10, 0, 0, 0, 0, 0, 10, 0, 1, 0, 0, 0, 0, 0, 10, 0, 10, 10, 10, 1, 10, 0, 10, 0, 0, 0, 10, 0, 0, 10, 10, 10, 10, 10, 10, 0, 0, 0, 0, 10, 10, 0, 0, 10, 0, 10, 1, 0, 1, 0, 0, 0, 10, 0, 10, 10, 10, 0, 10, 10, 10, 10, 8, 10, 10, 0, 10, 10, 10, 0, 10, 10, 10, 10, 10, : 10, 10, 10, 10, 1, 10, 10, 10, 10, 1, 10, 10, 10, 10, 10, 10, 10, 10, 10, 10, 10, 10, 10, 1, 1, 10, 10, 10, 10, 10, 10, 10, 10, 8, 10, 10, 10, 10, 10, 10, 10, 10, 10, 10, 
23: 1, 10, 0, 10, 1, 10, 0, 0, 0, 0, 10, 10, 0, 0, 10, 0, 0, 10, 10, 0, 0, 1, 10, 2, 0, 10, 10, 10, 0, 6, 0, 0, 0, 10, 10, 2, 0, 0, 0, 0, 0, 0, 0, 0, 0, 10, 0, 0, 7, 10, 0, 0, 10, 10, 10, 10, 0, 0, 10, 0, 0, 0, 10, 0, 10, 4, 0, 0, 4, 10, 10, 0, 0, 0, 10, 10, 10, 0, 10, 10, : 1, 10, 10, 1, 10, 10, 10, 10, 10, 10, 1, 10, 2, 10, 10, 10, 6, 10, 10, 2, 10, 7, 10, 10, 10, 10, 10, 10, 10, 10, 4, 4, 10, 10, 10, 10, 10, 10, 10, 
39: 0, 0, 10, 0, 1, 0, 0, 10, 0, 0, 10, 0, 0, 10, 10, 0, 10, 0, 0, 10, 10, 0, 0, 0, 10, 10, 0, 0, 0, 0, 0, 10, 10, 10, 1, 1, 0, 10, 10, 10, 10, 0, 0, 0, 0, 10, 10, 10, 10, 10, 10, 0, 10, 10, 10, 10, 10, 10, 0, 0, 10, 0, 0, 0, 0, 10, 10, 0, 0, 0, 10, 10, 0, 0, 10, 0, 10, 15, 0, 0, : 10, 1, 10, 10, 10, 10, 10, 10, 10, 10, 10, 10, 10, 10, 1, 1, 10, 10, 10, 10, 10, 10, 10, 10, 10, 10, 10, 10, 10, 10, 10, 10, 10, 10, 10, 10, 10, 10, 10, 15, 
149: 0, 0, 0, 0, 10, 0, 0, 0, 10, 0, 0, 0, 10, 0, 0, 10, 10, 10, 10, 0, 0, 1, 0, 0, 10, 10, 10, 0, 0, 7, 12, 0, 10, 10, 10, 10, 10, 10, 10, 10, 10, 0, 10, 0, 10, 0, 10, 10, 0, 0, 0, 10, 10, 0, 10, 10, 10, 0, 0, 3, 10, 10, 0, 10, 10, 17, 10, 10, 0, 0, 0, 10, 10, 0, 0, 10, 10, 0, 10, 10, : 10, 10, 10, 10, 10, 10, 10, 1, 10, 10, 10, 7, 12, 10, 10, 10, 10, 10, 10, 10, 10, 10, 10, 10, 10, 10, 10, 10, 10, 10, 10, 3, 10, 10, 10, 10, 17, 10, 10, 10, 10, 10, 10, 10, 10, 
47: 10, 2, 0, 0, 1, 1, 0, 10, 10, 0, 5, 10, 0, 0, 0, 10, 10, 0, 10, 0, 0, 10, 0, 10, 0, 10, 1, 10, 0, 0, 10, 10, 0, 10, 0, 0, 10, 10, 0, 0, 10, 10, 5, 0, 0, 10, 0, 0, 0, 0, 10, 10, 10, 0, 10, 3, 10, 0, 10, 8, 10, 0, 10, 10, 0, 0, 10, 10, 10, 0, 10, 1, 0, 1, 0, 5, 3, 10, 0, 10, : 10, 2, 1, 1, 10, 10, 5, 10, 10, 10, 10, 10, 10, 10, 1, 10, 10, 10, 10, 10, 10, 10, 10, 5, 10, 10, 10, 10, 10, 3, 10, 10, 8, 10, 10, 10, 10, 10, 10, 10, 1, 1, 5, 3, 10, 10, 
197: 10, 10, 10, 0, 0, 0, 0, 0, 10, 0, 10, 10, 10, 10, 0, 10, 10, 10, 10, 10, 10, 0, 10, 0, 10, 0, 10, 0, 10, 10, 0, 2, 1, 10, 10, 10, 10, 10, 10, 10, 0, 0, 0, 10, 0, 0, 3, 10, 7, 10, 10, 0, 0, 10, 10, 0, 10, 10, 0, 0, 10, 0, 10, 10, 0, 0, 1, 0, 0, 0, 10, 10, 10, 10, 0, 0, 10, 10, 0, 0, : 10, 10, 10, 10, 10, 10, 10, 10, 10, 10, 10, 10, 10, 10, 10, 10, 10, 10, 10, 2, 1, 10, 10, 10, 10, 10, 10, 10, 10, 3, 10, 7, 10, 10, 10, 10, 10, 10, 10, 10, 10, 1, 10, 10, 10, 10, 10, 10, 
170: 0, 0, 0, 10, 10, 10, 10, 0, 10, 0, 10, 10, 10, 0, 10, 10, 0, 10, 10, 0, 1, 10, 0, 10, 0, 0, 0, 0, 0, 10, 10, 10, 0, 0, 0, 0, 2, 0, 10, 0, 10, 0, 0, 10, 0, 0, 10, 0, 0, 0, 10, 0, 0, 0, 0, 0, 10, 10, 0, 10, 0, 10, 10, 10, 10, 0, 10, 6, 0, 10, 0, 10, 5, 10, 0, 10, 10, 10, 10, 10, : 10, 10, 10, 10, 10, 10, 10, 10, 10, 10, 10, 10, 1, 10, 10, 10, 10, 10, 2, 10, 10, 10, 10, 10, 10, 10, 10, 10, 10, 10, 10, 10, 6, 10, 10, 5, 10, 10, 10, 10, 10, 10, 
17: 0, 0, 10, 10, 10, 10, 10, 10, 1, 1, 10, 0, 0, 10, 10, 10, 0, 0, 10, 0, 10, 2, 0, 0, 0, 0, 10, 0, 10, 0, 10, 10, 10, 10, 10, 10, 3, 0, 0, 0, 10, 0, 10, 0, 0, 0, 10, 0, 0, 10, 10, 10, 10, 0, 0, 0, 0, 10, 0, 0, 10, 10, 0, 10, 10, 10, 10, 2, 10, 10, 10, 0, 10, 10, 10, 10, 0, 1, 1, 10, : 10, 10, 10, 10, 10, 10, 1, 1, 10, 10, 10, 10, 10, 10, 2, 10, 10, 10, 10, 10, 10, 10, 10, 3, 10, 10, 10, 10, 10, 10, 10, 10, 10, 10, 10, 10, 10, 10, 2, 10, 10, 10, 10, 10, 10, 10, 1, 1, 10, 
136: 10, 10, 0, 0, 10, 10, 0, 10, 0, 10, 10, 1, 0, 10, 10, 10, 0, 0, 0, 10, 0, 0, 10, 10, 0, 1, 0, 1, 10, 0, 10, 1, 10, 0, 10, 0, 0, 0, 14, 10, 10, 10, 10, 0, 10, 10, 10, 10, 10, 0, 0, 10, 0, 0, 0, 10, 0, 0, 0, 0, 10, 0, 11, 10, 0, 10, 0, 10, 0, 10, 10, 10, 0, 0, 10, 0, 0, 3, 10, 10, : 10, 10, 10, 10, 10, 10, 10, 1, 10, 10, 10, 10, 10, 10, 1, 1, 10, 10, 1, 10, 10, 14, 10, 10, 10, 10, 10, 10, 10, 10, 10, 10, 10, 10, 11, 10, 10, 10, 10, 10, 10, 10, 3, 10, 10, 
180: 0, 0, 0, 0, 10, 1, 10, 13, 5, 10, 0, 0, 10, 10, 10, 10, 10, 10, 0, 10, 0, 0, 0, 10, 0, 10, 10, 1, 10, 0, 0, 10, 10, 0, 10, 10, 10, 0, 0, 0, 0, 0, 10, 0, 1, 0, 0, 0, 0, 0, 10, 10, 0, 0, 0, 10, 0, 10, 0, 0, 10, 10, 10, 0, 10, 10, 1, 0, 0, 0, 0, 0, 0, 10, 0, 10, 0, 10, 0, 10, : 10, 1, 10, 13, 5, 10, 10, 10, 10, 10, 10, 10, 10, 10, 10, 10, 1, 10, 10, 10, 10, 10, 10, 10, 1, 10, 10, 10, 10, 10, 10, 10, 10, 10, 1, 10, 10, 10, 10, 
110: 10, 0, 10, 10, 0, 10, 10, 10, 5, 10, 0, 0, 10, 2, 10, 10, 0, 10, 10, 0, 10, 0, 0, 0, 0, 10, 10, 0, 0, 0, 10, 0, 0, 10, 10, 0, 0, 0, 0, 0, 10, 1, 9, 10, 10, 0, 10, 10, 10, 10, 10, 10, 0, 10, 0, 0, 0, 0, 10, 10, 0, 1, 0, 0, 0, 0, 3, 1, 0, 0, 0, 0, 10, 0, 0, 0, 0, 10, 10, 0, : 10, 10, 10, 10, 10, 10, 5, 10, 10, 2, 10, 10, 10, 10, 10, 10, 10, 10, 10, 10, 10, 1, 9, 10, 10, 10, 10, 10, 10, 10, 10, 10, 10, 10, 1, 3, 1, 10, 10, 10, 
7: 10, 10, 0, 0, 10, 10, 10, 0, 10, 10, 10, 0, 0, 0, 10, 1, 10, 10, 10, 10, 0, 10, 0, 0, 10, 10, 0, 10, 2, 10, 10, 0, 0, 0, 0, 0, 10, 0, 0, 10, 4, 0, 10, 10, 10, 10, 0, 10, 0, 1, 0, 10, 10, 0, 14, 10, 10, 0, 0, 0, 0, 10, 0, 10, 0, 3, 0, 0, 10, 1, 0, 0, 0, 0, 0, 0, 0, 0, 0, 0, : 10, 10, 10, 10, 10, 10, 10, 10, 10, 1, 10, 10, 10, 10, 10, 10, 10, 10, 2, 10, 10, 10, 10, 4, 10, 10, 10, 10, 10, 1, 10, 10, 14, 10, 10, 10, 10, 3, 10, 1, 
153: 10, 10, 10, 0, 10, 0, 10, 0, 0, 1, 0, 10, 3, 10, 0, 10, 10, 10, 1, 0, 0, 10, 10, 10, 10, 0, 10, 0, 10, 0, 0, 0, 10, 1, 0, 0, 10, 0, 0, 1, 10, 0, 10, 10, 10, 1, 10, 1, 10, 10, 0, 0, 10, 1, 0, 10, 10, 0, 0, 10, 10, 0, 0, 2, 0, 0, 0, 0, 10, 0, 10, 0, 10, 10, 10, 7, 10, 0, 0, 0, : 10, 10, 10, 10, 10, 1, 10, 3, 10, 10, 10, 10, 1, 10, 10, 10, 10, 10, 10, 10, 1, 10, 1, 10, 10, 10, 10, 1, 10, 1, 10, 10, 10, 1, 10, 10, 10, 10, 2, 10, 10, 10, 10, 10, 7, 10, 
142: 10, 10, 2, 10, 10, 0, 10, 0, 0, 0, 10, 10, 0, 0, 0, 0, 10, 0, 0, 0, 4, 10, 0, 10, 10, 0, 0, 10, 10, 10, 10, 10, 10, 0, 0, 2, 0, 2, 0, 10, 10, 0, 0, 11, 10, 0, 10, 10, 10, 10, 0, 10, 1, 10, 10, 10, 10, 0, 10, 10, 0, 0, 10, 0, 10, 10, 0, 10, 10, 0, 10, 0, 10, 10, 0, 10, 10, 0, 0, 0, : 10, 10, 2, 10, 10, 10, 10, 10, 10, 4, 10, 10, 10, 10, 10, 10, 10, 10, 10, 2, 2, 10, 10, 11, 10, 10, 10, 10, 10, 10, 1, 10, 10, 10, 10, 10, 10, 10, 10, 10, 10, 10, 10, 10, 10, 10, 10, 
45: 10, 10, 10, 0, 10, 12, 0, 10, 1, 0, 10, 10, 0, 0, 0, 0, 0, 10, 0, 0, 10, 10, 10, 10, 0, 10, 0, 0, 0, 10, 0, 10, 10, 0, 10, 10, 10, 10, 3, 10, 10, 10, 1, 0, 10, 10, 0, 0, 0, 0, 10, 0, 0, 0, 0, 0, 0, 10, 10, 10, 10, 0, 0, 10, 10, 10, 0, 10, 10, 10, 10, 10, 0, 10, 10, 0, 7, 10, 10, 10, : 10, 10, 10, 10, 12, 10, 1, 10, 10, 10, 10, 10, 10, 10, 10, 10, 10, 10, 10, 10, 10, 10, 3, 10, 10, 10, 1, 10, 10, 10, 10, 10, 10, 10, 10, 10, 10, 10, 10, 10, 10, 10, 10, 10, 7, 10, 10, 10, 
94: 10, 10, 10, 0, 0, 10, 10, 10, 10, 10, 0, 10, 10, 10, 0, 0, 1, 10, 10, 10, 7, 10, 3, 10, 0, 10, 10, 10, 0, 0, 0, 0, 0, 10, 10, 10, 0, 10, 10, 10, 10, 0, 0, 10, 0, 0, 10, 10, 0, 10, 10, 0, 0, 10, 10, 0, 0, 0, 0, 10, 0, 0, 2, 0, 0, 10, 10, 10, 0, 10, 0, 0, 10, 10, 1, 10, 0, 0, 10, 10, : 10, 10, 10, 10, 10, 10, 10, 10, 10, 10, 10, 1, 10, 10, 10, 7, 10, 3, 10, 10, 10, 10, 10, 10, 10, 10, 10, 10, 10, 10, 10, 10, 10, 10, 10, 10, 10, 2, 10, 10, 10, 10, 10, 10, 1, 10, 10, 10, 
200: 0, 10, 0, 1, 10, 0, 0, 10, 0, 10, 10, 0, 2, 10, 10, 10, 10, 10, 10, 0, 4, 0, 0, 0, 0, 0, 0, 0, 10, 0, 10, 10, 10, 10, 0, 10, 0, 0, 10, 1, 0, 10, 10, 10, 10, 0, 0, 0, 10, 0, 0, 0, 10, 10, 0, 0, 1, 0, 10, 10, 0, 10, 10, 10, 0, 0, 10, 0, 1, 10, 10, 10, 0, 10, 0, 0, 10, 0, 2, 10, : 10, 1, 10, 10, 10, 10, 2, 10, 10, 10, 10, 10, 10, 4, 10, 10, 10, 10, 10, 10, 10, 1, 10, 10, 10, 10, 10, 10, 10, 1, 10, 10, 10, 10, 10, 10, 1, 10, 10, 10, 10, 10, 2, 10, 
87: 10, 0, 1, 0, 10, 10, 0, 0, 10, 0, 0, 10, 10, 0, 0, 4, 10, 10, 0, 0, 10, 0, 10, 0, 10, 4, 10, 0, 10, 10, 10, 10, 10, 4, 10, 10, 10, 0, 10, 3, 0, 10, 0, 10, 10, 10, 0, 0, 0, 10, 0, 0, 10, 0, 10, 10, 0, 10, 10, 3, 0, 2, 10, 0, 10, 0, 10, 1, 0, 10, 0, 10, 0, 10, 4, 0, 20, 0, 10, 0, : 10, 1, 10, 10, 10, 10, 10, 4, 10, 10, 10, 10, 10, 4, 10, 10, 10, 10, 10, 10, 4, 10, 10, 10, 10, 3, 10, 10, 10, 10, 10, 10, 10, 10, 10, 10, 3, 2, 10, 10, 10, 1, 10, 10, 10, 4, 20, 10, 
176: 0, 2, 10, 10, 10, 1, 2, 0, 0, 10, 0, 10, 10, 0, 10, 0, 10, 0, 10, 0, 19, 10, 10, 10, 0, 0, 10, 10, 10, 10, 10, 0, 0, 0, 10, 0, 0, 10, 0, 10, 0, 10, 0, 10, 10, 8, 0, 0, 10, 10, 10, 10, 1, 10, 10, 0, 0, 0, 0, 0, 10, 10, 0, 10, 0, 0, 0, 10, 10, 0, 0, 0, 10, 0, 10, 10, 0, 5, 0, 10, : 2, 10, 10, 10, 1, 2, 10, 10, 10, 10, 10, 10, 19, 10, 10, 10, 10, 10, 10, 10, 10, 10, 10, 10, 10, 10, 10, 8, 10, 10, 10, 10, 1, 10, 10, 10, 10, 10, 10, 10, 10, 10, 10, 5, 10, 
59: 0, 1, 0, 10, 10, 0, 10, 10, 10, 10, 10, 0, 0, 10, 0, 10, 10, 0, 0, 0, 10, 0, 10, 10, 10, 0, 10, 10, 0, 10, 10, 1, 0, 10, 0, 10, 10, 10, 11, 0, 10, 2, 0, 2, 0, 10, 10, 10, 10, 10, 1, 0, 10, 10, 10, 10, 10, 10, 10, 1, 0, 10, 10, 10, 0, 10, 0, 0, 10, 10, 0, 0, 10, 0, 10, 10, 0, 10, 10, 10, : 1, 10, 10, 10, 10, 10, 10, 10, 10, 10, 10, 10, 10, 10, 10, 10, 10, 10, 10, 1, 10, 10, 10, 10, 11, 10, 2, 2, 10, 10, 10, 10, 10, 1, 10, 10, 10, 10, 10, 10, 10, 1, 10, 10, 10, 10, 10, 10, 10, 10, 10, 10, 10, 10, 
12: 10, 10, 0, 0, 0, 0, 0, 10, 0, 10, 10, 3, 0, 0, 10, 10, 0, 0, 10, 10, 10, 10, 10, 10, 10, 10, 0, 10, 10, 0, 0, 10, 0, 10, 0, 0, 0, 10, 0, 10, 0, 10, 10, 0, 0, 10, 1, 0, 0, 10, 2, 10, 10, 10, 0, 0, 10, 0, 4, 10, 0, 0, 10, 1, 0, 10, 0, 10, 10, 10, 10, 0, 10, 10, 10, 0, 10, 10, 0, 0, : 10, 10, 10, 10, 10, 3, 10, 10, 10, 10, 10, 10, 10, 10, 10, 10, 10, 10, 10, 10, 10, 10, 10, 10, 10, 1, 10, 2, 10, 10, 10, 10, 4, 10, 10, 1, 10, 10, 10, 10, 10, 10, 10, 10, 10, 10, 
54: 1, 10, 10, 10, 10, 10, 0, 10, 10, 10, 0, 8, 0, 10, 10, 10, 0, 10, 0, 2, 0, 10, 10, 0, 0, 0, 0, 10, 10, 10, 10, 0, 10, 10, 10, 10, 10, 10, 0, 10, 10, 10, 0, 10, 0, 0, 10, 10, 10, 0, 10, 10, 0, 0, 10, 0, 10, 10, 10, 10, 0, 10, 0, 10, 3, 0, 10, 0, 10, 10, 0, 0, 10, 0, 10, 0, 10, 10, 0, 10, : 1, 10, 10, 10, 10, 10, 10, 10, 10, 8, 10, 10, 10, 10, 2, 10, 10, 10, 10, 10, 10, 10, 10, 10, 10, 10, 10, 10, 10, 10, 10, 10, 10, 10, 10, 10, 10, 10, 10, 10, 10, 10, 10, 3, 10, 10, 10, 10, 10, 10, 10, 10, 
64: 0, 0, 2, 10, 0, 10, 10, 10, 0, 0, 0, 0, 10, 0, 10, 0, 0, 10, 0, 10, 10, 0, 0, 10, 0, 10, 10, 0, 0, 0, 0, 0, 10, 0, 0, 10, 10, 10, 0, 0, 10, 10, 10, 10, 0, 10, 0, 10, 10, 0, 0, 0, 0, 10, 10, 10, 0, 10, 0, 0, 10, 0, 0, 0, 10, 0, 10, 10, 10, 0, 0, 1, 0, 10, 10, 10, 0, 10, 10, 0, : 2, 10, 10, 10, 10, 10, 10, 10, 10, 10, 10, 10, 10, 10, 10, 10, 10, 10, 10, 10, 10, 10, 10, 10, 10, 10, 10, 10, 10, 10, 10, 10, 10, 1, 10, 10, 10, 10, 10, 
35: 2, 0, 10, 10, 0, 0, 10, 0, 10, 10, 0, 10, 10, 2, 10, 10, 0, 10, 0, 10, 10, 0, 0, 0, 10, 0, 0, 10, 0, 10, 0, 1, 0, 10, 0, 10, 0, 5, 10, 0, 10, 0, 10, 1, 10, 0, 0, 2, 10, 10, 10, 0, 10, 10, 10, 1, 10, 10, 10, 0, 0, 10, 0, 0, 10, 10, 0, 17, 0, 1, 0, 0, 10, 0, 0, 0, 10, 0, 10, 10, : 2, 10, 10, 10, 10, 10, 10, 10, 2, 10, 10, 10, 10, 10, 10, 10, 10, 1, 10, 10, 5, 10, 10, 10, 1, 10, 2, 10, 10, 10, 10, 10, 10, 1, 10, 10, 10, 10, 10, 10, 17, 1, 10, 10, 10, 10, 
185: 10, 10, 10, 2, 10, 0, 10, 0, 10, 10, 10, 0, 10, 0, 10, 0, 10, 0, 1, 10, 10, 1, 10, 10, 0, 10, 10, 2, 0, 10, 0, 10, 10, 10, 10, 0, 0, 10, 0, 0, 0, 10, 0, 10, 0, 0, 10, 10, 0, 10, 0, 10, 10, 0, 10, 10, 0, 0, 10, 10, 10, 10, 0, 0, 10, 10, 0, 10, 10, 10, 10, 10, 10, 0, 0, 0, 0, 0, 0, 0, : 10, 10, 10, 2, 10, 10, 10, 10, 10, 10, 10, 10, 1, 10, 10, 1, 10, 10, 10, 10, 2, 10, 10, 10, 10, 10, 10, 10, 10, 10, 10, 10, 10, 10, 10, 10, 10, 10, 10, 10, 10, 10, 10, 10, 10, 10, 10, 10, 


90: 0, 0, 10, 10, 0, 10, 1, 0, 1, 0, 0, 10, 10, 10, 0, 10, 0, 10, 0, 0, 0, 10, 0, 0, 10, 10, 0, 10, 10, 0, 10, 0, 0, 0, 10, 10, 10, 10, 10, 0, 0, 10, 0, 10, 10, 10, 10, 0, 0, 10, 10, 10, 10, 0, 10, 10, 0, 0, 0, 8, 10, 0, 0, 10, 10, 0, 10, 0, 0, 0, 10, 2, 10, 0, 10, 0, 6, 0, 0, 0, : 10, 10, 10, 1, 1, 10, 10, 10, 10, 10, 10, 10, 10, 10, 10, 10, 10, 10, 10, 10, 10, 10, 10, 10, 10, 10, 10, 10, 10, 10, 10, 10, 8, 10, 10, 10, 10, 10, 2, 10, 10, 6, 
129: 10, 0, 10, 0, 10, 0, 10, 1, 10, 0, 10, 10, 10, 1, 0, 10, 15, 0, 10, 0, 10, 2, 0, 0, 10, 10, 10, 0, 0, 14, 0, 10, 0, 10, 10, 10, 10, 0, 10, 10, 10, 0, 0, 10, 10, 10, 10, 3, 10, 0, 10, 10, 0, 0, 10, 0, 0, 0, 0, 0, 0, 0, 0, 10, 0, 0, 0, 0, 0, 1, 0, 0, 10, 0, 10, 10, 10, 0, 10, 10, : 10, 10, 10, 10, 1, 10, 10, 10, 10, 1, 10, 15, 10, 10, 2, 10, 10, 10, 14, 10, 10, 10, 10, 10, 10, 10, 10, 10, 10, 10, 10, 3, 10, 10, 10, 10, 10, 1, 10, 10, 10, 10, 10, 10, 
141: 10, 10, 10, 2, 0, 0, 0, 0, 0, 10, 10, 0, 0, 10, 10, 10, 0, 10, 0, 10, 0, 10, 0, 0, 10, 10, 0, 10, 0, 10, 0, 0, 0, 10, 10, 10, 0, 10, 0, 0, 10, 10, 4, 0, 1, 10, 10, 0, 10, 0, 10, 0, 0, 0, 10, 10, 10, 0, 10, 0, 10, 10, 10, 10, 0, 0, 0, 10, 0, 10, 1, 0, 10, 10, 0, 10, 3, 0, 0, 0, : 10, 10, 10, 2, 10, 10, 10, 10, 10, 10, 10, 10, 10, 10, 10, 10, 10, 10, 10, 10, 10, 10, 4, 1, 10, 10, 10, 10, 10, 10, 10, 10, 10, 10, 10, 10, 10, 10, 1, 10, 10, 10, 3, 
40: 0, 0, 10, 10, 10, 10, 0, 4, 0, 10, 10, 0, 0, 0, 1, 10, 0, 0, 10, 10, 0, 10, 10, 0, 0, 0, 10, 0, 10, 10, 0, 0, 10, 10, 0, 0, 0, 17, 0, 10, 0, 10, 10, 0, 10, 0, 10, 0, 0, 0, 10, 0, 10, 0, 0, 10, 0, 0, 10, 0, 0, 10, 10, 0, 10, 10, 10, 0, 0, 10, 0, 1, 0, 10, 10, 0, 0, 10, 0, 6, : 10, 10, 10, 10, 4, 10, 10, 1, 10, 10, 10, 10, 10, 10, 10, 10, 10, 10, 17, 10, 10, 10, 10, 10, 10, 10, 10, 10, 10, 10, 10, 10, 10, 10, 1, 10, 10, 10, 6, 
56: 10, 10, 0, 0, 5, 0, 0, 0, 10, 10, 10, 10, 1, 8, 10, 0, 3, 0, 0, 10, 0, 10, 0, 10, 0, 1, 10, 0, 0, 0, 10, 10, 0, 0, 10, 0, 10, 10, 10, 0, 14, 10, 0, 10, 10, 0, 0, 1, 0, 0, 0, 0, 0, 10, 10, 0, 10, 0, 10, 10, 0, 0, 0, 10, 10, 10, 10, 0, 0, 0, 0, 0, 0, 10, 12, 10, 10, 10, 10, 0, : 10, 10, 5, 10, 10, 10, 10, 1, 8, 10, 3, 10, 10, 10, 1, 10, 10, 10, 10, 10, 10, 10, 14, 10, 10, 10, 1, 10, 10, 10, 10, 10, 10, 10, 10, 10, 10, 12, 10, 10, 10, 10, 
75: 10, 0, 10, 1, 10, 10, 0, 0, 0, 5, 10, 0, 10, 10, 11, 0, 10, 0, 10, 10, 10, 0, 10, 0, 1, 1, 10, 10, 10, 0, 0, 10, 10, 3, 0, 0, 0, 0, 4, 1, 1, 6, 0, 10, 0, 10, 0, 10, 10, 10, 0, 10, 10, 10, 0, 10, 0, 10, 0, 0, 0, 10, 10, 10, 0, 0, 0, 10, 0, 10, 0, 10, 10, 0, 10, 0, 0, 0, 0, 10, : 10, 10, 1, 10, 10, 5, 10, 10, 10, 11, 10, 10, 10, 10, 10, 1, 1, 10, 10, 10, 10, 10, 3, 4, 1, 1, 6, 10, 10, 10, 10, 10, 10, 10, 10, 10, 10, 10, 10, 10, 10, 10, 10, 10, 10, 10, 
187: 0, 10, 10, 0, 0, 0, 10, 10, 10, 10, 0, 10, 10, 10, 10, 0, 10, 10, 10, 3, 10, 1, 0, 10, 10, 10, 10, 10, 0, 0, 10, 0, 1, 10, 10, 0, 0, 1, 10, 0, 10, 0, 0, 10, 0, 0, 10, 0, 10, 10, 0, 10, 10, 5, 10, 4, 10, 10, 10, 4, 2, 0, 10, 0, 0, 10, 10, 0, 12, 0, 10, 10, 10, 10, 0, 10, 0, 10, 0, 0, : 10, 10, 10, 10, 10, 10, 10, 10, 10, 10, 10, 10, 10, 3, 10, 1, 10, 10, 10, 10, 10, 10, 1, 10, 10, 1, 10, 10, 10, 10, 10, 10, 10, 10, 5, 10, 4, 10, 10, 10, 4, 2, 10, 10, 10, 12, 10, 10, 10, 10, 10, 10, 
154: 0, 10, 10, 10, 10, 0, 0, 0, 0, 10, 0, 0, 10, 10, 0, 0, 4, 0, 10, 10, 0, 10, 0, 10, 0, 10, 0, 10, 0, 0, 10, 0, 10, 0, 0, 10, 0, 4, 10, 8, 10, 0, 0, 0, 0, 10, 10, 0, 0, 10, 0, 10, 0, 10, 0, 0, 10, 0, 10, 10, 1, 10, 10, 0, 0, 10, 0, 0, 0, 10, 10, 10, 0, 0, 10, 0, 0, 0, 10, 0, : 10, 10, 10, 10, 10, 10, 10, 4, 10, 10, 10, 10, 10, 10, 10, 10, 10, 4, 10, 8, 10, 10, 10, 10, 10, 10, 10, 10, 10, 1, 10, 10, 10, 10, 10, 10, 10, 10, 
144: 0, 0, 0, 0, 0, 10, 10, 10, 10, 10, 10, 0, 0, 0, 10, 10, 1, 10, 10, 0, 0, 0, 0, 10, 0, 10, 0, 10, 10, 0, 10, 10, 10, 10, 10, 0, 10, 10, 10, 0, 0, 10, 0, 10, 10, 10, 0, 0, 10, 0, 0, 10, 10, 0, 10, 0, 10, 0, 10, 10, 10, 10, 10, 0, 10, 0, 10, 0, 0, 0, 2, 0, 0, 0, 10, 0, 0, 0, 10, 0, : 10, 10, 10, 10, 10, 10, 10, 10, 1, 10, 10, 10, 10, 10, 10, 10, 10, 10, 10, 10, 10, 10, 10, 10, 10, 10, 10, 10, 10, 10, 10, 10, 10, 10, 10, 10, 10, 10, 10, 2, 10, 10, 
184: 1, 10, 0, 10, 0, 0, 10, 10, 0, 0, 1, 10, 0, 0, 10, 0, 0, 10, 10, 0, 0, 10, 0, 0, 10, 0, 0, 10, 10, 1, 10, 18, 0, 0, 0, 0, 10, 10, 10, 10, 10, 1, 0, 10, 10, 10, 1, 0, 0, 0, 10, 10, 10, 0, 0, 10, 10, 1, 0, 0, 0, 0, 10, 0, 10, 10, 10, 10, 0, 0, 0, 10, 0, 0, 3, 0, 10, 0, 0, 10, : 1, 10, 10, 10, 10, 1, 10, 10, 10, 10, 10, 10, 10, 10, 1, 10, 18, 10, 10, 10, 10, 10, 1, 10, 10, 10, 1, 10, 10, 10, 10, 10, 1, 10, 10, 10, 10, 10, 10, 3, 10, 10, 
48: 1, 10, 10, 0, 10, 0, 10, 10, 10, 10, 0, 0, 10, 10, 0, 2, 0, 10, 0, 3, 0, 1, 0, 10, 0, 10, 0, 0, 3, 0, 10, 0, 10, 10, 0, 10, 0, 10, 0, 0, 0, 0, 10, 10, 10, 10, 10, 1, 10, 10, 10, 10, 0, 10, 10, 10, 0, 10, 3, 0, 0, 10, 0, 10, 0, 10, 10, 10, 0, 1, 0, 5, 3, 10, 0, 0, 0, 6, 10, 10, : 1, 10, 10, 10, 10, 10, 10, 10, 10, 10, 2, 10, 3, 1, 10, 10, 3, 10, 10, 10, 10, 10, 10, 10, 10, 10, 10, 1, 10, 10, 10, 10, 10, 10, 10, 10, 3, 10, 10, 10, 10, 10, 1, 5, 3, 10, 6, 10, 10, 
97: 0, 10, 0, 10, 0, 10, 0, 0, 10, 10, 10, 10, 4, 10, 10, 0, 10, 10, 10, 10, 3, 10, 10, 0, 10, 10, 10, 10, 5, 10, 2, 0, 1, 10, 10, 10, 0, 0, 0, 0, 0, 0, 10, 2, 10, 0, 10, 0, 10, 0, 0, 0, 10, 0, 10, 0, 10, 10, 10, 0, 10, 0, 10, 0, 10, 10, 0, 0, 10, 10, 10, 0, 10, 10, 0, 0, 10, 10, 2, 10, : 10, 10, 10, 10, 10, 10, 10, 4, 10, 10, 10, 10, 10, 10, 3, 10, 10, 10, 10, 10, 10, 5, 10, 2, 1, 10, 10, 10, 10, 2, 10, 10, 10, 10, 10, 10, 10, 10, 10, 10, 10, 10, 10, 10, 10, 10, 10, 10, 10, 2, 10, 
109: 0, 10, 0, 10, 10, 0, 10, 10, 0, 10, 10, 10, 10, 0, 0, 0, 10, 10, 0, 10, 10, 10, 10, 5, 0, 0, 0, 0, 10, 0, 0, 10, 10, 0, 10, 10, 4, 10, 0, 10, 0, 0, 0, 0, 0, 0, 0, 10, 0, 0, 10, 10, 10, 0, 3, 10, 0, 0, 0, 10, 0, 0, 0, 9, 0, 0, 10, 0, 10, 0, 10, 0, 10, 2, 0, 0, 10, 10, 10, 10, : 10, 10, 10, 10, 10, 10, 10, 10, 10, 10, 10, 10, 10, 10, 10, 5, 10, 10, 10, 10, 10, 4, 10, 10, 10, 10, 10, 10, 3, 10, 10, 9, 10, 10, 10, 10, 2, 10, 10, 10, 10, 
13: 0, 0, 0, 0, 10, 12, 0, 0, 11, 0, 7, 10, 0, 0, 0, 0, 10, 10, 0, 10, 10, 0, 0, 0, 0, 0, 10, 0, 10, 0, 0, 10, 1, 0, 10, 10, 10, 10, 0, 0, 10, 15, 0, 2, 0, 10, 0, 10, 10, 10, 0, 10, 0, 0, 0, 10, 10, 10, 0, 0, 10, 10, 0, 0, 0, 0, 10, 10, 0, 10, 0, 10, 0, 0, 0, 10, 0, 1, 0, 8, : 10, 12, 11, 7, 10, 10, 10, 10, 10, 10, 10, 10, 1, 10, 10, 10, 10, 10, 15, 2, 10, 10, 10, 10, 10, 10, 10, 10, 10, 10, 10, 10, 10, 10, 10, 1, 8, 
121: 0, 10, 10, 10, 0, 0, 0, 0, 10, 0, 2, 10, 0, 10, 0, 0, 10, 0, 0, 10, 10, 0, 10, 10, 0, 2, 2, 10, 10, 10, 0, 0, 10, 10, 10, 0, 0, 10, 0, 0, 0, 0, 0, 10, 0, 0, 10, 10, 0, 0, 10, 10, 12, 0, 0, 0, 10, 0, 2, 10, 1, 10, 10, 10, 0, 0, 0, 10, 18, 0, 4, 0, 10, 10, 10, 10, 10, 0, 0, 0, : 10, 10, 10, 10, 2, 10, 10, 10, 10, 10, 10, 10, 2, 2, 10, 10, 10, 10, 10, 10, 10, 10, 10, 10, 10, 10, 12, 10, 2, 10, 1, 10, 10, 10, 10, 18, 4, 10, 10, 10, 10, 10, 
25: 8, 10, 10, 10, 10, 0, 0, 10, 0, 0, 10, 10, 10, 10, 0, 0, 10, 10, 10, 0, 10, 0, 0, 0, 0, 0, 0, 10, 10, 10, 0, 3, 10, 10, 0, 10, 0, 10, 1, 0, 0, 0, 10, 10, 2, 10, 0, 10, 0, 3, 0, 1, 0, 10, 12, 1, 10, 10, 10, 10, 0, 10, 10, 10, 10, 10, 0, 0, 10, 10, 0, 10, 10, 10, 10, 0, 0, 0, 10, 10, : 8, 10, 10, 10, 10, 10, 10, 10, 10, 10, 10, 10, 10, 10, 10, 10, 10, 3, 10, 10, 10, 10, 1, 10, 10, 2, 10, 10, 3, 1, 10, 12, 1, 10, 10, 10, 10, 10, 10, 10, 10, 10, 10, 10, 10, 10, 10, 10, 10, 10, 
123: 10, 10, 0, 10, 0, 0, 1, 10, 10, 10, 10, 10, 0, 10, 0, 0, 0, 0, 10, 0, 10, 0, 10, 10, 0, 0, 0, 0, 10, 0, 0, 0, 10, 10, 0, 10, 1, 3, 10, 0, 10, 0, 10, 0, 0, 0, 2, 0, 0, 10, 10, 0, 10, 0, 10, 0, 10, 10, 0, 10, 10, 10, 10, 0, 10, 10, 10, 0, 10, 0, 0, 10, 10, 0, 10, 0, 0, 10, 10, 10, : 10, 10, 10, 1, 10, 10, 10, 10, 10, 10, 10, 10, 10, 10, 10, 10, 10, 10, 1, 3, 10, 10, 10, 2, 10, 10, 10, 10, 10, 10, 10, 10, 10, 10, 10, 10, 10, 10, 10, 10, 10, 10, 10, 10, 
10: 0, 10, 10, 0, 0, 0, 0, 10, 0, 2, 10, 0, 10, 10, 10, 10, 0, 10, 10, 0, 0, 10, 1, 10, 10, 0, 10, 1, 0, 10, 10, 10, 10, 10, 10, 10, 10, 10, 10, 10, 10, 0, 10, 10, 10, 10, 0, 10, 0, 10, 0, 0, 10, 0, 10, 0, 10, 10, 10, 0, 10, 10, 0, 0, 10, 1, 10, 10, 0, 10, 10, 10, 0, 10, 0, 10, 10, 7, 0, 0, : 10, 10, 10, 2, 10, 10, 10, 10, 10, 10, 10, 10, 1, 10, 10, 10, 1, 10, 10, 10, 10, 10, 10, 10, 10, 10, 10, 10, 10, 10, 10, 10, 10, 10, 10, 10, 10, 10, 10, 10, 10, 10, 10, 1, 10, 10, 10, 10, 10, 10, 10, 10, 7, 
21: 10, 10, 0, 0, 0, 10, 0, 10, 0, 10, 0, 10, 0, 2, 0, 0, 1, 0, 0, 10, 0, 0, 10, 0, 10, 10, 2, 0, 0, 10, 10, 3, 10, 0, 10, 0, 0, 10, 1, 10, 10, 10, 0, 0, 10, 4, 10, 0, 0, 0, 10, 0, 10, 0, 10, 0, 0, 10, 10, 10, 10, 10, 0, 10, 0, 0, 10, 0, 10, 10, 0, 6, 10, 0, 10, 0, 10, 0, 10, 0, : 10, 10, 10, 10, 10, 10, 2, 1, 10, 10, 10, 10, 2, 10, 10, 3, 10, 10, 10, 1, 10, 10, 10, 10, 4, 10, 10, 10, 10, 10, 10, 10, 10, 10, 10, 10, 10, 10, 6, 10, 10, 10, 10, 
111: 10, 0, 0, 0, 0, 10, 10, 0, 0, 10, 0, 10, 0, 0, 10, 10, 10, 10, 0, 0, 10, 10, 10, 0, 0, 0, 10, 10, 0, 0, 3, 0, 10, 0, 0, 0, 0, 0, 10, 0, 10, 10, 10, 0, 0, 10, 0, 0, 1, 0, 0, 0, 10, 10, 0, 10, 0, 9, 0, 10, 0, 2, 0, 10, 0, 10, 10, 0, 10, 10, 10, 10, 10, 10, 10, 10, 10, 0, 10, 0, : 10, 10, 10, 10, 10, 10, 10, 10, 10, 10, 10, 10, 10, 10, 3, 10, 10, 10, 10, 10, 10, 1, 10, 10, 10, 9, 10, 2, 10, 10, 10, 10, 10, 10, 10, 10, 10, 10, 10, 10, 10, 
114: 0, 0, 1, 10, 10, 10, 10, 0, 10, 0, 0, 0, 0, 0, 10, 10, 0, 0, 0, 10, 0, 0, 10, 0, 10, 10, 0, 10, 0, 10, 10, 10, 0, 10, 0, 10, 0, 0, 10, 10, 0, 0, 10, 10, 0, 0, 10, 0, 0, 0, 2, 10, 10, 10, 10, 0, 1, 0, 0, 0, 10, 0, 0, 10, 10, 0, 10, 10, 10, 10, 0, 0, 2, 0, 10, 0, 0, 10, 10, 10, : 1, 10, 10, 10, 10, 10, 10, 10, 10, 10, 10, 10, 10, 10, 10, 10, 10, 10, 10, 10, 10, 10, 10, 2, 10, 10, 10, 10, 1, 10, 10, 10, 10, 10, 10, 10, 2, 10, 10, 10, 10, 
189: 10, 0, 10, 0, 10, 0, 0, 10, 0, 0, 10, 2, 10, 10, 10, 10, 10, 10, 0, 10, 10, 10, 0, 10, 4, 0, 10, 10, 10, 0, 10, 10, 0, 10, 1, 10, 10, 0, 10, 10, 10, 10, 10, 0, 0, 0, 0, 10, 10, 10, 0, 1, 10, 0, 0, 10, 0, 0, 10, 0, 10, 0, 0, 10, 0, 10, 0, 10, 0, 0, 0, 10, 3, 0, 0, 10, 0, 10, 10, 0, : 10, 10, 10, 10, 10, 2, 10, 10, 10, 10, 10, 10, 10, 10, 10, 10, 4, 10, 10, 10, 10, 10, 10, 1, 10, 10, 10, 10, 10, 10, 10, 10, 10, 10, 1, 10, 10, 10, 10, 10, 10, 10, 10, 3, 10, 10, 10, 
37: 10, 10, 0, 0, 0, 10, 10, 0, 10, 0, 0, 0, 10, 10, 12, 10, 10, 0, 0, 10, 0, 10, 10, 0, 10, 0, 10, 2, 0, 10, 0, 0, 10, 0, 0, 1, 10, 0, 0, 10, 0, 10, 11, 0, 2, 10, 10, 10, 10, 10, 0, 2, 10, 10, 0, 10, 0, 10, 0, 10, 10, 0, 10, 10, 10, 0, 10, 10, 0, 0, 0, 10, 0, 10, 0, 18, 10, 0, 0, 0, : 10, 10, 10, 10, 10, 10, 10, 12, 10, 10, 10, 10, 10, 10, 10, 2, 10, 10, 1, 10, 10, 10, 11, 2, 10, 10, 10, 10, 10, 2, 10, 10, 10, 10, 10, 10, 10, 10, 10, 10, 10, 10, 10, 18, 10, 
124: 0, 0, 10, 10, 0, 0, 10, 0, 0, 7, 10, 0, 0, 0, 0, 16, 0, 0, 10, 0, 0, 1, 10, 0, 10, 10, 10, 0, 0, 10, 10, 10, 0, 10, 0, 0, 0, 10, 0, 10, 0, 10, 0, 10, 10, 0, 10, 10, 0, 10, 0, 0, 0, 10, 0, 10, 0, 0, 10, 10, 10, 10, 0, 10, 10, 4, 0, 10, 10, 0, 0, 0, 0, 10, 0, 10, 10, 10, 0, 1, : 10, 10, 10, 7, 10, 16, 10, 1, 10, 10, 10, 10, 10, 10, 10, 10, 10, 10, 10, 10, 10, 10, 10, 10, 10, 10, 10, 10, 10, 10, 10, 10, 4, 10, 10, 10, 10, 10, 10, 1, 
175: 10, 10, 0, 10, 10, 10, 3, 10, 0, 0, 0, 0, 0, 1, 10, 0, 10, 10, 5, 10, 10, 0, 10, 0, 10, 1, 0, 0, 10, 0, 0, 10, 0, 0, 0, 10, 10, 0, 10, 0, 0, 0, 10, 1, 0, 4, 10, 10, 0, 10, 0, 10, 1, 10, 10, 0, 10, 0, 0, 0, 0, 1, 0, 0, 10, 0, 0, 0, 10, 0, 10, 0, 0, 0, 0, 0, 0, 10, 0, 10, : 10, 10, 10, 10, 10, 3, 10, 1, 10, 10, 10, 5, 10, 10, 10, 10, 1, 10, 10, 10, 10, 10, 10, 1, 4, 10, 10, 10, 10, 1, 10, 10, 10, 1, 10, 10, 10, 10, 10, 
9: 10, 0, 10, 2, 10, 10, 10, 10, 0, 10, 10, 10, 10, 10, 10, 0, 1, 0, 10, 0, 10, 10, 0, 0, 10, 0, 0, 10, 10, 0, 10, 0, 10, 0, 0, 10, 10, 0, 0, 6, 0, 0, 10, 10, 10, 0, 0, 10, 0, 10, 10, 0, 10, 0, 10, 0, 4, 10, 10, 2, 0, 10, 0, 0, 10, 0, 0, 10, 0, 10, 10, 0, 0, 0, 10, 0, 10, 10, 10, 0, : 10, 10, 2, 10, 10, 10, 10, 10, 10, 10, 10, 10, 10, 1, 10, 10, 10, 10, 10, 10, 10, 10, 10, 10, 6, 10, 10, 10, 10, 10, 10, 10, 10, 4, 10, 10, 2, 10, 10, 10, 10, 10, 10, 10, 10, 10, 
22: 15, 10, 10, 10, 0, 10, 10, 0, 10, 10, 0, 10, 10, 10, 0, 0, 0, 10, 0, 0, 0, 10, 10, 10, 10, 10, 10, 10, 0, 0, 10, 0, 0, 0, 10, 0, 10, 10, 10, 10, 0, 0, 0, 0, 0, 0, 0, 10, 10, 10, 0, 0, 0, 0, 0, 0, 0, 10, 0, 0, 0, 0, 2, 0, 10, 10, 0, 0, 0, 10, 10, 10, 1, 3, 10, 10, 0, 10, 0, 0, : 15, 10, 10, 10, 10, 10, 10, 10, 10, 10, 10, 10, 10, 10, 10, 10, 10, 10, 10, 10, 10, 10, 10, 10, 10, 10, 10, 10, 10, 2, 10, 10, 10, 10, 10, 1, 3, 10, 10, 10, 
96: 0, 0, 10, 10, 10, 10, 10, 0, 0, 10, 0, 0, 10, 1, 0, 10, 10, 3, 0, 0, 10, 0, 10, 10, 0, 0, 10, 10, 10, 10, 0, 10, 10, 0, 4, 10, 10, 0, 0, 10, 10, 10, 0, 0, 10, 0, 0, 10, 17, 10, 10, 10, 0, 10, 0, 10, 10, 10, 10, 10, 10, 0, 10, 0, 10, 0, 4, 10, 1, 10, 0, 10, 0, 0, 0, 0, 16, 10, 0, 10, : 10, 10, 10, 10, 10, 10, 10, 1, 10, 10, 3, 10, 10, 10, 10, 10, 10, 10, 10, 10, 4, 10, 10, 10, 10, 10, 10, 10, 17, 10, 10, 10, 10, 10, 10, 10, 10, 10, 10, 10, 10, 4, 10, 1, 10, 10, 16, 10, 10, 
150: 0, 1, 10, 0, 10, 0, 10, 10, 10, 0, 0, 0, 0, 0, 0, 10, 10, 0, 10, 0, 10, 0, 4, 10, 0, 10, 10, 0, 10, 10, 10, 10, 0, 0, 10, 0, 10, 10, 10, 0, 0, 0, 10, 6, 0, 10, 0, 0, 10, 10, 2, 10, 0, 10, 10, 0, 0, 10, 0, 0, 10, 0, 0, 6, 10, 0, 10, 10, 10, 10, 0, 10, 0, 10, 0, 10, 0, 10, 10, 0, : 1, 10, 10, 10, 10, 10, 10, 10, 10, 10, 4, 10, 10, 10, 10, 10, 10, 10, 10, 10, 10, 10, 10, 6, 10, 10, 10, 2, 10, 10, 10, 10, 10, 6, 10, 10, 10, 10, 10, 10, 10, 10, 10, 10, 
18: 0, 10, 10, 0, 0, 10, 10, 10, 10, 0, 0, 10, 10, 0, 10, 10, 10, 1, 10, 10, 0, 10, 10, 10, 10, 10, 10, 0, 14, 10, 10, 10, 10, 0, 10, 1, 10, 0, 10, 0, 10, 10, 0, 4, 10, 10, 10, 0, 10, 0, 10, 0, 0, 0, 0, 10, 10, 5, 10, 10, 10, 0, 0, 0, 0, 10, 0, 0, 10, 8, 10, 10, 6, 10, 0, 10, 0, 10, 10, 0, : 10, 10, 10, 10, 10, 10, 10, 10, 10, 10, 10, 1, 10, 10, 10, 10, 10, 10, 10, 10, 14, 10, 10, 10, 10, 10, 1, 10, 10, 10, 10, 4, 10, 10, 10, 10, 10, 10, 10, 5, 10, 10, 10, 10, 10, 8, 10, 10, 6, 10, 10, 10, 10, 
76: 0, 0, 2, 10, 10, 10, 10, 10, 10, 0, 0, 0, 0, 2, 0, 0, 0, 0, 0, 19, 10, 10, 10, 0, 10, 10, 10, 0, 0, 10, 0, 0, 0, 10, 10, 10, 0, 0, 0, 10, 10, 10, 10, 0, 10, 10, 10, 0, 7, 0, 10, 10, 0, 0, 0, 10, 0, 0, 10, 10, 10, 0, 10, 0, 0, 10, 10, 10, 10, 10, 10, 10, 10, 10, 10, 0, 10, 10, 0, 0, : 2, 10, 10, 10, 10, 10, 10, 2, 19, 10, 10, 10, 10, 10, 10, 10, 10, 10, 10, 10, 10, 10, 10, 10, 10, 10, 7, 10, 10, 10, 10, 10, 10, 10, 10, 10, 10, 10, 10, 10, 10, 10, 10, 10, 10, 10, 
152: 10, 0, 10, 10, 0, 0, 10, 10, 10, 0, 5, 0, 10, 10, 10, 0, 10, 10, 0, 0, 0, 0, 10, 0, 10, 0, 10, 10, 10, 10, 0, 10, 0, 10, 0, 10, 10, 0, 0, 10, 0, 10, 10, 0, 10, 0, 0, 10, 0, 0, 0, 1, 10, 10, 0, 0, 10, 0, 10, 0, 10, 10, 0, 0, 3, 0, 0, 10, 0, 0, 0, 1, 0, 10, 10, 7, 10, 0, 10, 10, : 10, 10, 10, 10, 10, 10, 5, 10, 10, 10, 10, 10, 10, 10, 10, 10, 10, 10, 10, 10, 10, 10, 10, 10, 10, 10, 10, 1, 10, 10, 10, 10, 10, 10, 3, 10, 1, 10, 10, 7, 10, 10, 10, 
193: 10, 10, 1, 10, 10, 10, 0, 0, 2, 10, 0, 1, 0, 10, 0, 0, 0, 0, 10, 10, 10, 10, 0, 10, 10, 10, 0, 10, 7, 0, 0, 10, 10, 0, 10, 10, 10, 10, 0, 0, 10, 0, 10, 10, 10, 10, 0, 10, 10, 2, 10, 10, 10, 10, 0, 10, 10, 10, 0, 10, 10, 0, 10, 0, 0, 10, 0, 10, 10, 0, 10, 0, 0, 10, 0, 0, 10, 0, 8, 10, : 10, 10, 1, 10, 10, 10, 2, 10, 1, 10, 10, 10, 10, 10, 10, 10, 10, 10, 7, 10, 10, 10, 10, 10, 10, 10, 10, 10, 10, 10, 10, 10, 2, 10, 10, 10, 10, 10, 10, 10, 10, 10, 10, 10, 10, 10, 10, 10, 10, 8, 10, 
85: 0, 0, 0, 10, 0, 0, 0, 10, 0, 0, 10, 2, 0, 10, 0, 1, 10, 0, 0, 10, 10, 10, 10, 10, 0, 10, 1, 0, 0, 10, 0, 1, 10, 0, 10, 0, 0, 0, 9, 10, 1, 0, 10, 0, 10, 10, 0, 10, 10, 0, 10, 10, 1, 10, 0, 0, 0, 10, 0, 10, 0, 10, 10, 0, 0, 10, 1, 0, 0, 0, 18, 0, 0, 10, 10, 10, 0, 0, 10, 0, : 10, 10, 10, 2, 10, 1, 10, 10, 10, 10, 10, 10, 10, 1, 10, 1, 10, 10, 9, 10, 1, 10, 10, 10, 10, 10, 10, 10, 1, 10, 10, 10, 10, 10, 10, 1, 18, 10, 10, 10, 10, 
143: 10, 10, 0, 10, 0, 10, 0, 0, 0, 0, 10, 10, 10, 0, 1, 10, 0, 10, 10, 10, 10, 20, 0, 10, 0, 10, 0, 0, 0, 10, 10, 10, 12, 10, 0, 2, 0, 10, 0, 0, 0, 0, 10, 10, 10, 7, 10, 10, 0, 0, 10, 0, 10, 10, 10, 10, 10, 0, 10, 10, 0, 10, 10, 10, 0, 10, 0, 0, 10, 15, 10, 0, 10, 0, 0, 0, 10, 1, 5, 10, : 10, 10, 10, 10, 10, 10, 10, 1, 10, 10, 10, 10, 10, 20, 10, 10, 10, 10, 10, 12, 10, 2, 10, 10, 10, 10, 7, 10, 10, 10, 10, 10, 10, 10, 10, 10, 10, 10, 10, 10, 10, 10, 15, 10, 10, 10, 1, 5, 10, 
20: 10, 0, 10, 0, 10, 10, 10, 10, 10, 11, 0, 0, 10, 0, 20, 0, 10, 10, 10, 0, 2, 0, 0, 10, 10, 10, 0, 10, 10, 10, 10, 0, 0, 2, 0, 1, 0, 10, 10, 10, 0, 13, 10, 0, 0, 0, 10, 10, 10, 10, 10, 10, 1, 10, 0, 0, 0, 0, 0, 0, 10, 19, 3, 0, 0, 10, 10, 10, 10, 10, 10, 10, 10, 0, 0, 10, 10, 0, 10, 10, : 10, 10, 10, 10, 10, 10, 10, 11, 10, 20, 10, 10, 10, 2, 10, 10, 10, 10, 10, 10, 10, 2, 1, 10, 10, 10, 13, 10, 10, 10, 10, 10, 10, 10, 1, 10, 10, 19, 3, 10, 10, 10, 10, 10, 10, 10, 10, 10, 10, 10, 10, 
126: 0, 10, 1, 10, 10, 0, 0, 0, 10, 10, 10, 10, 0, 0, 10, 10, 0, 10, 0, 0, 0, 0, 0, 10, 0, 0, 10, 0, 0, 0, 0, 10, 0, 10, 10, 0, 0, 0, 10, 10, 0, 10, 10, 10, 0, 10, 2, 0, 10, 10, 10, 0, 0, 0, 0, 10, 10, 10, 0, 10, 0, 3, 0, 10, 10, 10, 0, 5, 10, 0, 10, 0, 10, 0, 0, 0, 0, 10, 10, 10, : 10, 1, 10, 10, 10, 10, 10, 10, 10, 10, 10, 10, 10, 10, 10, 10, 10, 10, 10, 10, 10, 10, 2, 10, 10, 10, 10, 10, 10, 10, 3, 10, 10, 10, 5, 10, 10, 10, 10, 10, 10, 
113: 10, 1, 0, 0, 10, 10, 10, 10, 1, 0, 10, 0, 10, 0, 10, 10, 10, 0, 10, 0, 0, 0, 10, 10, 0, 0, 10, 10, 0, 0, 10, 0, 0, 0, 0, 0, 10, 0, 0, 10, 10, 10, 0, 10, 0, 0, 10, 10, 10, 10, 0, 0, 0, 10, 10, 0, 0, 10, 10, 0, 10, 0, 10, 10, 10, 0, 10, 10, 4, 0, 10, 0, 10, 0, 10, 10, 0, 0, 0, 10, : 10, 1, 10, 10, 10, 10, 1, 10, 10, 10, 10, 10, 10, 10, 10, 10, 10, 10, 10, 10, 10, 10, 10, 10, 10, 10, 10, 10, 10, 10, 10, 10, 10, 10, 10, 10, 10, 4, 10, 10, 10, 10, 10, 
139: 10, 3, 0, 0, 0, 0, 0, 0, 10, 10, 10, 10, 0, 10, 0, 10, 0, 1, 10, 0, 10, 0, 0, 0, 0, 10, 0, 2, 6, 0, 0, 0, 0, 10, 0, 10, 10, 0, 10, 0, 19, 0, 0, 10, 10, 0, 10, 0, 0, 0, 10, 10, 0, 10, 10, 10, 10, 10, 0, 10, 1, 0, 10, 10, 10, 10, 10, 10, 0, 0, 10, 10, 10, 10, 10, 10, 0, 10, 0, 10, : 10, 3, 10, 10, 10, 10, 10, 10, 1, 10, 10, 10, 2, 6, 10, 10, 10, 10, 19, 10, 10, 10, 10, 10, 10, 10, 10, 10, 10, 10, 1, 10, 10, 10, 10, 10, 10, 10, 10, 10, 10, 10, 10, 10, 10, 
81: 10, 0, 0, 0, 10, 3, 10, 10, 10, 0, 0, 10, 10, 0, 0, 16, 0, 10, 0, 0, 10, 0, 10, 10, 10, 0, 0, 0, 0, 10, 10, 0, 10, 10, 10, 0, 10, 0, 0, 10, 10, 10, 0, 0, 0, 0, 0, 10, 0, 10, 1, 0, 0, 10, 10, 10, 0, 0, 10, 1, 0, 10, 10, 10, 2, 0, 0, 0, 10, 10, 0, 10, 10, 10, 0, 10, 10, 10, 0, 10, : 10, 10, 3, 10, 10, 10, 10, 10, 16, 10, 10, 10, 10, 10, 10, 10, 10, 10, 10, 10, 10, 10, 10, 10, 10, 1, 10, 10, 10, 10, 1, 10, 10, 10, 2, 10, 10, 10, 10, 10, 10, 10, 10, 10, 


101: 0, 1, 0, 10, 10, 10, 10, 10, 10, 0, 0, 0, 10, 0, 10, 14, 10, 10, 1, 2, 0, 10, 2, 10, 10, 10, 0, 0, 0, 10, 10, 0, 0, 0, 10, 0, 10, 10, 10, 10, 0, 10, 10, 0, 0, 1, 4, 0, 10, 0, 10, 10, 10, 10, 10, 0, 0, 0, 10, 1, 10, 10, 10, 0, 0, 0, 0, 10, 10, 10, 0, 10, 10, 10, 10, 0, 8, 0, 10, 10, : 1, 10, 10, 10, 10, 10, 10, 10, 10, 14, 10, 10, 1, 2, 10, 2, 10, 10, 10, 10, 10, 10, 10, 10, 10, 10, 10, 10, 1, 4, 10, 10, 10, 10, 10, 10, 10, 1, 10, 10, 10, 10, 10, 10, 10, 10, 10, 10, 8, 10, 10, 
60: 0, 10, 0, 0, 10, 10, 10, 0, 10, 0, 0, 0, 5, 0, 0, 10, 10, 10, 10, 16, 0, 0, 0, 0, 10, 0, 0, 10, 0, 10, 0, 0, 0, 0, 10, 0, 10, 0, 10, 10, 0, 0, 10, 10, 10, 10, 10, 0, 10, 10, 0, 0, 10, 10, 5, 10, 10, 10, 0, 10, 10, 0, 1, 0, 0, 0, 10, 0, 0, 0, 10, 0, 10, 0, 0, 0, 0, 0, 10, 0, : 10, 10, 10, 10, 10, 5, 10, 10, 10, 10, 16, 10, 10, 10, 10, 10, 10, 10, 10, 10, 10, 10, 10, 10, 10, 10, 10, 5, 10, 10, 10, 10, 10, 1, 10, 10, 10, 10, 
28: 10, 0, 10, 0, 0, 0, 10, 0, 10, 10, 0, 10, 10, 10, 0, 10, 10, 0, 10, 10, 10, 0, 0, 0, 0, 0, 0, 0, 15, 10, 0, 0, 10, 10, 2, 10, 10, 9, 0, 0, 4, 10, 0, 10, 0, 10, 10, 1, 10, 1, 0, 10, 0, 0, 10, 1, 0, 10, 10, 10, 0, 0, 10, 10, 0, 0, 10, 0, 2, 10, 0, 0, 0, 0, 10, 0, 7, 0, 0, 10, : 10, 10, 10, 10, 10, 10, 10, 10, 10, 10, 10, 10, 10, 15, 10, 10, 10, 2, 10, 10, 9, 4, 10, 10, 10, 10, 1, 10, 1, 10, 10, 1, 10, 10, 10, 10, 10, 10, 2, 10, 10, 7, 10, 
14: 10, 10, 9, 10, 10, 0, 0, 0, 10, 0, 10, 0, 0, 1, 0, 0, 10, 10, 0, 10, 0, 10, 0, 0, 0, 10, 0, 0, 10, 10, 1, 10, 0, 10, 10, 1, 10, 0, 10, 10, 10, 0, 10, 0, 0, 0, 10, 10, 0, 10, 0, 0, 0, 10, 0, 10, 11, 10, 10, 10, 10, 10, 10, 0, 10, 0, 0, 10, 10, 0, 0, 0, 10, 10, 10, 0, 10, 0, 0, 0, : 10, 10, 9, 10, 10, 10, 10, 1, 10, 10, 10, 10, 10, 10, 10, 1, 10, 10, 10, 1, 10, 10, 10, 10, 10, 10, 10, 10, 10, 10, 11, 10, 10, 10, 10, 10, 10, 10, 10, 10, 10, 10, 10, 10, 
199: 0, 10, 10, 0, 10, 0, 1, 0, 0, 10, 0, 10, 0, 0, 0, 0, 0, 0, 10, 10, 10, 10, 10, 0, 0, 0, 10, 2, 10, 10, 10, 10, 18, 10, 0, 10, 0, 0, 1, 0, 10, 10, 10, 10, 10, 10, 2, 4, 0, 10, 10, 0, 4, 10, 3, 6, 10, 0, 10, 10, 0, 0, 6, 10, 0, 0, 10, 10, 10, 10, 0, 6, 10, 0, 10, 10, 10, 0, 0, 0, : 10, 10, 10, 1, 10, 10, 10, 10, 10, 10, 10, 10, 2, 10, 10, 10, 10, 18, 10, 10, 1, 10, 10, 10, 10, 10, 10, 2, 4, 10, 10, 4, 10, 3, 6, 10, 10, 10, 6, 10, 10, 10, 10, 10, 6, 10, 10, 10, 10, 
51: 1, 0, 0, 0, 10, 10, 10, 10, 0, 0, 10, 10, 0, 0, 0, 10, 10, 2, 0, 0, 0, 10, 0, 0, 10, 0, 0, 10, 10, 0, 10, 10, 10, 5, 10, 0, 0, 10, 10, 0, 0, 0, 0, 0, 1, 0, 10, 10, 0, 10, 10, 10, 10, 0, 10, 9, 0, 0, 10, 3, 10, 2, 0, 10, 10, 10, 10, 10, 0, 10, 1, 10, 0, 10, 0, 0, 10, 0, 2, 10, : 1, 10, 10, 10, 10, 10, 10, 10, 10, 2, 10, 10, 10, 10, 10, 10, 10, 5, 10, 10, 10, 1, 10, 10, 10, 10, 10, 10, 10, 9, 10, 3, 10, 2, 10, 10, 10, 10, 10, 10, 1, 10, 10, 10, 2, 10, 
178: 0, 0, 0, 0, 10, 0, 10, 10, 0, 0, 10, 10, 0, 10, 0, 10, 3, 10, 0, 0, 10, 10, 10, 10, 0, 3, 10, 0, 10, 10, 0, 0, 10, 10, 10, 13, 4, 0, 10, 0, 0, 0, 0, 10, 10, 10, 0, 10, 0, 10, 0, 10, 10, 0, 0, 10, 17, 10, 0, 10, 0, 10, 10, 0, 10, 10, 10, 0, 10, 10, 14, 0, 10, 0, 10, 10, 10, 10, 10, 0, : 10, 10, 10, 10, 10, 10, 10, 3, 10, 10, 10, 10, 10, 3, 10, 10, 10, 10, 10, 10, 13, 4, 10, 10, 10, 10, 10, 10, 10, 10, 10, 17, 10, 10, 10, 10, 10, 10, 10, 10, 10, 14, 10, 10, 10, 10, 10, 10, 
99: 10, 10, 10, 0, 10, 10, 10, 0, 12, 0, 10, 10, 0, 10, 0, 10, 12, 10, 0, 10, 10, 10, 10, 0, 10, 1, 1, 10, 0, 2, 10, 10, 10, 10, 0, 10, 10, 0, 10, 0, 10, 10, 10, 0, 10, 10, 0, 10, 3, 10, 0, 5, 18, 10, 10, 10, 10, 10, 0, 0, 10, 10, 10, 10, 0, 0, 0, 10, 10, 10, 0, 0, 6, 10, 5, 10, 0, 10, 9, 0, : 10, 10, 10, 10, 10, 10, 12, 10, 10, 10, 10, 12, 10, 10, 10, 10, 10, 10, 1, 1, 10, 2, 10, 10, 10, 10, 10, 10, 10, 10, 10, 10, 10, 10, 10, 3, 10, 5, 18, 10, 10, 10, 10, 10, 10, 10, 10, 10, 10, 10, 10, 6, 10, 5, 10, 10, 9, 
119: 10, 0, 0, 0, 10, 1, 10, 0, 10, 0, 0, 0, 0, 11, 0, 0, 0, 0, 10, 10, 10, 10, 3, 4, 0, 0, 0, 0, 10, 10, 10, 10, 10, 0, 10, 1, 10, 10, 0, 0, 10, 10, 10, 10, 0, 10, 10, 10, 1, 10, 0, 0, 10, 0, 0, 0, 10, 0, 0, 0, 10, 10, 10, 0, 10, 20, 0, 10, 0, 0, 0, 10, 0, 0, 0, 0, 0, 10, 10, 10, : 10, 10, 1, 10, 10, 11, 10, 10, 10, 10, 3, 4, 10, 10, 10, 10, 10, 10, 1, 10, 10, 10, 10, 10, 10, 10, 10, 10, 1, 10, 10, 10, 10, 10, 10, 10, 20, 10, 10, 10, 10, 10, 
100: 0, 0, 0, 10, 0, 0, 0, 0, 10, 10, 10, 0, 10, 10, 10, 10, 0, 0, 10, 0, 10, 10, 10, 10, 10, 0, 10, 0, 3, 0, 0, 10, 0, 0, 0, 0, 0, 0, 0, 0, 0, 0, 4, 0, 10, 0, 10, 0, 10, 10, 0, 10, 0, 0, 0, 0, 1, 10, 10, 10, 0, 0, 10, 10, 10, 10, 0, 0, 0, 0, 10, 0, 0, 0, 0, 10, 10, 10, 10, 0, : 10, 10, 10, 10, 10, 10, 10, 10, 10, 10, 10, 10, 10, 10, 10, 3, 10, 4, 10, 10, 10, 10, 10, 1, 10, 10, 10, 10, 10, 10, 10, 10, 10, 10, 10, 10, 
11: 10, 10, 0, 10, 10, 10, 10, 10, 10, 10, 0, 10, 0, 0, 0, 0, 0, 0, 7, 10, 10, 10, 0, 0, 10, 0, 10, 0, 10, 10, 0, 10, 0, 0, 0, 0, 10, 0, 0, 0, 0, 8, 10, 0, 0, 0, 9, 10, 1, 3, 10, 0, 0, 0, 10, 10, 0, 0, 1, 0, 5, 0, 0, 10, 0, 10, 10, 10, 10, 10, 10, 0, 0, 5, 0, 10, 10, 10, 10, 10, : 10, 10, 10, 10, 10, 10, 10, 10, 10, 10, 7, 10, 10, 10, 10, 10, 10, 10, 10, 10, 8, 10, 9, 10, 1, 3, 10, 10, 10, 1, 5, 10, 10, 10, 10, 10, 10, 10, 5, 10, 10, 10, 10, 10, 
52: 3, 10, 0, 10, 10, 10, 0, 10, 0, 10, 10, 10, 10, 10, 0, 0, 0, 0, 1, 10, 10, 0, 0, 0, 0, 0, 10, 10, 0, 10, 10, 10, 10, 10, 10, 10, 10, 10, 2, 10, 10, 10, 10, 10, 0, 10, 10, 0, 0, 0, 3, 10, 10, 10, 10, 0, 10, 0, 0, 0, 10, 10, 0, 0, 0, 10, 0, 10, 0, 0, 0, 2, 0, 10, 0, 10, 0, 10, 0, 10, : 3, 10, 10, 10, 10, 10, 10, 10, 10, 10, 10, 1, 10, 10, 10, 10, 10, 10, 10, 10, 10, 10, 10, 10, 10, 2, 10, 10, 10, 10, 10, 10, 10, 3, 10, 10, 10, 10, 10, 10, 10, 10, 10, 2, 10, 10, 10, 10, 
148: 2, 1, 0, 10, 1, 0, 10, 0, 0, 10, 0, 0, 10, 0, 10, 0, 0, 10, 0, 0, 10, 0, 0, 3, 0, 10, 12, 10, 0, 1, 10, 0, 0, 0, 10, 10, 0, 0, 10, 4, 10, 10, 0, 10, 0, 1, 0, 10, 10, 0, 10, 0, 10, 10, 0, 1, 5, 0, 10, 10, 0, 0, 10, 10, 10, 0, 0, 10, 1, 10, 0, 10, 1, 10, 10, 0, 0, 10, 10, 10, : 2, 1, 10, 1, 10, 10, 10, 10, 10, 10, 3, 10, 12, 10, 1, 10, 10, 10, 10, 4, 10, 10, 10, 1, 10, 10, 10, 10, 10, 1, 5, 10, 10, 10, 10, 10, 10, 1, 10, 10, 1, 10, 10, 10, 10, 10, 
98: 10, 10, 10, 10, 10, 10, 10, 10, 10, 10, 1, 0, 0, 0, 0, 0, 10, 10, 0, 10, 0, 1, 0, 0, 10, 0, 0, 0, 1, 1, 10, 10, 10, 10, 0, 0, 10, 10, 10, 10, 10, 10, 0, 1, 10, 0, 0, 0, 10, 0, 10, 0, 0, 10, 0, 10, 10, 10, 0, 0, 10, 10, 10, 0, 10, 10, 0, 0, 0, 0, 10, 10, 0, 0, 0, 0, 10, 2, 10, 2, : 10, 10, 10, 10, 10, 10, 10, 10, 10, 10, 1, 10, 10, 10, 1, 10, 1, 1, 10, 10, 10, 10, 10, 10, 10, 10, 10, 10, 1, 10, 10, 10, 10, 10, 10, 10, 10, 10, 10, 10, 10, 10, 10, 10, 2, 10, 2, 
122: 10, 10, 0, 0, 0, 10, 0, 10, 0, 10, 10, 0, 10, 0, 10, 0, 0, 1, 0, 10, 0, 10, 0, 10, 10, 10, 1, 10, 0, 0, 0, 10, 10, 10, 0, 0, 1, 10, 2, 10, 0, 0, 10, 0, 0, 10, 10, 10, 0, 10, 0, 0, 10, 10, 0, 0, 10, 10, 0, 10, 10, 0, 0, 10, 10, 0, 0, 0, 10, 0, 0, 0, 0, 10, 0, 1, 0, 0, 0, 10, : 10, 10, 10, 10, 10, 10, 10, 10, 1, 10, 10, 10, 10, 10, 1, 10, 10, 10, 10, 1, 10, 2, 10, 10, 10, 10, 10, 10, 10, 10, 10, 10, 10, 10, 10, 10, 10, 10, 1, 10, 
155: 0, 0, 10, 10, 0, 10, 0, 10, 10, 0, 0, 10, 0, 10, 10, 0, 0, 0, 0, 10, 0, 10, 10, 0, 10, 10, 10, 0, 0, 0, 0, 0, 1, 0, 0, 0, 10, 0, 0, 10, 10, 0, 10, 0, 0, 0, 10, 10, 10, 0, 11, 0, 0, 0, 0, 10, 10, 10, 0, 0, 0, 1, 10, 0, 10, 10, 10, 0, 0, 0, 0, 0, 17, 0, 0, 10, 10, 3, 0, 10, : 10, 10, 10, 10, 10, 10, 10, 10, 10, 10, 10, 10, 10, 10, 1, 10, 10, 10, 10, 10, 10, 10, 11, 10, 10, 10, 1, 10, 10, 10, 10, 17, 10, 10, 3, 10, 
192: 15, 0, 10, 0, 0, 10, 0, 10, 3, 10, 1, 10, 10, 10, 0, 10, 0, 10, 10, 11, 0, 0, 0, 10, 0, 0, 10, 10, 10, 10, 10, 0, 0, 10, 0, 10, 0, 0, 10, 0, 0, 0, 0, 0, 10, 10, 0, 10, 10, 10, 0, 0, 0, 10, 10, 0, 10, 0, 10, 0, 0, 10, 0, 0, 0, 10, 0, 10, 0, 10, 10, 10, 10, 10, 10, 10, 10, 10, 0, 0, : 15, 10, 10, 10, 3, 10, 1, 10, 10, 10, 10, 10, 10, 11, 10, 10, 10, 10, 10, 10, 10, 10, 10, 10, 10, 10, 10, 10, 10, 10, 10, 10, 10, 10, 10, 10, 10, 10, 10, 10, 10, 10, 10, 10, 
82: 0, 10, 10, 0, 0, 1, 10, 10, 10, 1, 10, 10, 0, 10, 10, 10, 0, 10, 10, 0, 10, 0, 10, 10, 10, 10, 0, 3, 10, 0, 10, 10, 0, 0, 10, 10, 10, 10, 10, 0, 0, 10, 0, 10, 0, 0, 0, 10, 0, 0, 10, 10, 0, 0, 10, 10, 0, 10, 0, 0, 1, 10, 0, 10, 0, 0, 10, 0, 10, 10, 10, 10, 10, 10, 10, 0, 0, 10, 10, 0, : 10, 10, 1, 10, 10, 10, 1, 10, 10, 10, 10, 10, 10, 10, 10, 10, 10, 10, 10, 3, 10, 10, 10, 10, 10, 10, 10, 10, 10, 10, 10, 10, 10, 10, 10, 10, 1, 10, 10, 10, 10, 10, 10, 10, 10, 10, 10, 10, 10, 
57: 10, 2, 10, 0, 0, 0, 0, 0, 0, 0, 0, 0, 10, 0, 10, 0, 10, 0, 2, 2, 0, 0, 10, 10, 10, 0, 1, 10, 0, 0, 10, 0, 0, 0, 10, 10, 10, 10, 10, 10, 0, 1, 10, 1, 1, 10, 0, 0, 10, 0, 0, 10, 3, 0, 10, 10, 0, 0, 0, 10, 10, 10, 1, 10, 0, 10, 0, 4, 10, 0, 10, 10, 0, 0, 10, 10, 10, 10, 10, 10, : 10, 2, 10, 10, 10, 10, 2, 2, 10, 10, 10, 1, 10, 10, 10, 10, 10, 10, 10, 10, 1, 10, 1, 1, 10, 10, 10, 3, 10, 10, 10, 10, 10, 1, 10, 10, 4, 10, 10, 10, 10, 10, 10, 10, 10, 10, 
188: 10, 10, 11, 10, 10, 0, 10, 10, 0, 10, 10, 10, 10, 10, 10, 10, 0, 10, 0, 1, 10, 0, 10, 0, 2, 10, 10, 17, 10, 0, 0, 0, 10, 10, 0, 0, 0, 10, 0, 0, 10, 10, 0, 11, 0, 0, 0, 10, 0, 0, 10, 10, 0, 10, 10, 0, 10, 10, 10, 0, 10, 0, 0, 10, 0, 0, 10, 10, 10, 10, 10, 10, 10, 10, 10, 10, 0, 0, 0, 10, : 10, 10, 11, 10, 10, 10, 10, 10, 10, 10, 10, 10, 10, 10, 10, 1, 10, 10, 2, 10, 10, 17, 10, 10, 10, 10, 10, 10, 11, 10, 10, 10, 10, 10, 10, 10, 10, 10, 10, 10, 10, 10, 10, 10, 10, 10, 10, 10, 10, 10, 
125: 10, 0, 0, 10, 10, 0, 0, 0, 0, 0, 10, 10, 0, 0, 10, 10, 0, 9, 10, 3, 10, 10, 10, 0, 10, 10, 0, 0, 10, 10, 1, 10, 0, 10, 0, 10, 0, 10, 0, 10, 0, 10, 0, 0, 10, 10, 0, 10, 10, 0, 0, 0, 10, 0, 10, 0, 0, 0, 0, 10, 10, 1, 10, 0, 10, 0, 0, 10, 10, 10, 10, 0, 10, 10, 10, 0, 10, 0, 10, 0, : 10, 10, 10, 10, 10, 10, 10, 9, 10, 3, 10, 10, 10, 10, 10, 10, 10, 1, 10, 10, 10, 10, 10, 10, 10, 10, 10, 10, 10, 10, 10, 10, 1, 10, 10, 10, 10, 10, 10, 10, 10, 10, 10, 10, 
147: 10, 10, 10, 10, 0, 10, 10, 0, 10, 10, 10, 0, 0, 0, 10, 10, 10, 10, 10, 10, 10, 0, 10, 0, 10, 10, 0, 10, 10, 0, 10, 10, 0, 0, 0, 10, 0, 0, 0, 0, 10, 10, 0, 10, 10, 0, 10, 10, 10, 0, 10, 0, 0, 10, 0, 0, 0, 5, 10, 0, 10, 10, 0, 10, 10, 0, 5, 10, 10, 10, 0, 10, 0, 0, 0, 10, 0, 0, 3, 10, : 10, 10, 10, 10, 10, 10, 10, 10, 10, 10, 10, 10, 10, 10, 10, 10, 10, 10, 10, 10, 10, 10, 10, 10, 10, 10, 10, 10, 10, 10, 10, 10, 10, 5, 10, 10, 10, 10, 10, 5, 10, 10, 10, 10, 10, 3, 10, 
61: 0, 10, 10, 0, 10, 10, 0, 0, 10, 0, 3, 10, 0, 10, 10, 0, 10, 0, 0, 10, 0, 10, 0, 0, 0, 0, 0, 0, 2, 0, 10, 10, 0, 10, 10, 0, 10, 0, 10, 10, 10, 1, 0, 10, 0, 0, 0, 10, 10, 10, 0, 10, 0, 0, 0, 10, 0, 0, 10, 10, 0, 10, 0, 5, 1, 0, 0, 0, 10, 0, 10, 1, 0, 0, 0, 0, 0, 10, 10, 0, : 10, 10, 10, 10, 10, 3, 10, 10, 10, 10, 10, 10, 2, 10, 10, 10, 10, 10, 10, 10, 10, 1, 10, 10, 10, 10, 10, 10, 10, 10, 10, 5, 1, 10, 10, 1, 10, 10, 
46: 0, 10, 1, 10, 1, 10, 10, 0, 0, 10, 0, 0, 10, 10, 1, 10, 10, 0, 0, 0, 10, 0, 10, 10, 10, 0, 10, 0, 0, 0, 10, 0, 0, 0, 10, 10, 10, 0, 10, 0, 1, 0, 10, 10, 10, 10, 0, 0, 0, 0, 10, 0, 1, 5, 10, 0, 0, 10, 10, 0, 0, 10, 0, 10, 12, 10, 10, 0, 0, 0, 0, 0, 10, 10, 0, 1, 0, 10, 10, 10, : 10, 1, 10, 1, 10, 10, 10, 10, 10, 1, 10, 10, 10, 10, 10, 10, 10, 10, 10, 10, 10, 10, 1, 10, 10, 10, 10, 10, 1, 5, 10, 10, 10, 10, 10, 12, 10, 10, 10, 10, 1, 10, 10, 10, 
84: 0, 10, 10, 10, 10, 1, 10, 0, 0, 10, 10, 0, 10, 10, 14, 10, 0, 0, 10, 0, 10, 10, 0, 0, 0, 0, 10, 0, 0, 10, 0, 0, 10, 10, 0, 0, 10, 16, 10, 0, 0, 0, 10, 0, 0, 0, 10, 10, 0, 10, 0, 10, 0, 10, 0, 10, 0, 0, 10, 10, 0, 0, 7, 0, 2, 10, 10, 10, 10, 10, 10, 10, 1, 10, 10, 10, 10, 0, 10, 0, : 10, 10, 10, 10, 1, 10, 10, 10, 10, 10, 14, 10, 10, 10, 10, 10, 10, 10, 10, 10, 16, 10, 10, 10, 10, 10, 10, 10, 10, 10, 10, 7, 2, 10, 10, 10, 10, 10, 10, 10, 1, 10, 10, 10, 10, 10, 
62: 10, 0, 1, 10, 10, 2, 10, 10, 10, 1, 10, 0, 0, 10, 10, 10, 10, 0, 0, 0, 0, 0, 10, 0, 1, 10, 0, 0, 0, 0, 10, 1, 10, 0, 10, 10, 0, 0, 0, 10, 0, 10, 10, 0, 0, 0, 0, 10, 0, 10, 10, 0, 10, 10, 10, 18, 0, 10, 0, 0, 10, 10, 0, 0, 10, 0, 10, 10, 0, 10, 0, 0, 10, 10, 15, 1, 0, 10, 1, 0, : 10, 1, 10, 10, 2, 10, 10, 10, 1, 10, 10, 10, 10, 10, 10, 1, 10, 10, 1, 10, 10, 10, 10, 10, 10, 10, 10, 10, 10, 10, 10, 18, 10, 10, 10, 10, 10, 10, 10, 10, 10, 15, 1, 10, 1, 
26: 0, 0, 0, 10, 0, 10, 4, 0, 10, 10, 0, 0, 10, 0, 10, 0, 10, 0, 10, 0, 10, 2, 10, 0, 10, 10, 0, 10, 0, 10, 10, 0, 2, 20, 10, 10, 0, 0, 0, 10, 0, 10, 10, 0, 0, 0, 10, 0, 10, 0, 0, 0, 10, 10, 0, 10, 0, 10, 10, 10, 0, 10, 10, 10, 0, 0, 10, 0, 0, 0, 0, 10, 10, 10, 0, 10, 10, 0, 0, 10, : 10, 10, 4, 10, 10, 10, 10, 10, 10, 10, 2, 10, 10, 10, 10, 10, 10, 2, 20, 10, 10, 10, 10, 10, 10, 10, 10, 10, 10, 10, 10, 10, 10, 10, 10, 10, 10, 10, 10, 10, 10, 10, 
32: 10, 0, 10, 1, 10, 0, 0, 0, 0, 3, 10, 10, 10, 10, 10, 0, 0, 10, 0, 0, 5, 0, 10, 10, 10, 0, 0, 13, 10, 0, 3, 10, 10, 0, 10, 0, 10, 0, 10, 10, 10, 10, 0, 10, 10, 10, 0, 0, 0, 0, 10, 10, 1, 0, 0, 0, 10, 0, 10, 0, 0, 0, 10, 10, 0, 0, 0, 0, 10, 10, 10, 10, 10, 10, 0, 10, 0, 10, 10, 10, : 10, 10, 1, 10, 3, 10, 10, 10, 10, 10, 10, 5, 10, 10, 10, 13, 10, 3, 10, 10, 10, 10, 10, 10, 10, 10, 10, 10, 10, 10, 10, 1, 10, 10, 10, 10, 10, 10, 10, 10, 10, 10, 10, 10, 10, 10, 
83: 0, 1, 0, 10, 10, 10, 0, 0, 0, 10, 0, 0, 10, 1, 10, 10, 10, 12, 10, 10, 10, 10, 10, 10, 11, 10, 0, 0, 10, 10, 10, 10, 4, 2, 10, 10, 0, 0, 10, 3, 0, 10, 0, 10, 10, 1, 10, 0, 20, 10, 10, 10, 10, 0, 0, 10, 10, 10, 10, 0, 1, 10, 0, 10, 0, 10, 10, 0, 10, 10, 0, 10, 10, 0, 10, 10, 0, 0, 10, 10, : 1, 10, 10, 10, 10, 10, 1, 10, 10, 10, 12, 10, 10, 10, 10, 10, 10, 11, 10, 10, 10, 10, 10, 4, 2, 10, 10, 10, 3, 10, 10, 10, 1, 10, 20, 10, 10, 10, 10, 10, 10, 10, 10, 1, 10, 10, 10, 10, 10, 10, 10, 10, 10, 10, 10, 10, 
118: 10, 0, 10, 10, 0, 10, 0, 10, 10, 0, 0, 10, 0, 10, 0, 0, 0, 10, 10, 10, 10, 10, 0, 8, 0, 10, 10, 0, 0, 0, 0, 10, 0, 10, 0, 10, 10, 10, 0, 0, 0, 0, 0, 0, 10, 0, 10, 0, 0, 0, 10, 0, 0, 10, 6, 10, 0, 0, 0, 10, 10, 0, 0, 0, 0, 0, 0, 0, 0, 10, 0, 10, 0, 0, 0, 10, 0, 0, 0, 0, : 10, 10, 10, 10, 10, 10, 10, 10, 10, 10, 10, 10, 10, 8, 10, 10, 10, 10, 10, 10, 10, 10, 10, 10, 10, 6, 10, 10, 10, 10, 10, 10, 
163: 1, 10, 10, 0, 0, 10, 10, 5, 10, 10, 0, 0, 0, 0, 0, 0, 0, 10, 10, 0, 0, 10, 0, 10, 0, 0, 10, 0, 10, 10, 0, 10, 0, 10, 0, 0, 0, 10, 10, 0, 10, 5, 0, 10, 10, 0, 0, 0, 10, 10, 10, 10, 0, 0, 10, 10, 0, 0, 0, 10, 0, 10, 10, 0, 10, 0, 0, 0, 0, 0, 10, 10, 0, 0, 0, 0, 10, 0, 0, 0, : 1, 10, 10, 10, 10, 5, 10, 10, 10, 10, 10, 10, 10, 10, 10, 10, 10, 10, 10, 10, 5, 10, 10, 10, 10, 10, 10, 10, 10, 10, 10, 10, 10, 10, 10, 10, 
80: 10, 10, 3, 0, 10, 0, 0, 10, 10, 10, 0, 0, 0, 10, 10, 0, 0, 10, 10, 0, 0, 0, 10, 10, 0, 10, 10, 10, 0, 0, 10, 10, 10, 0, 3, 0, 0, 10, 10, 10, 10, 0, 0, 10, 10, 2, 10, 10, 10, 0, 10, 0, 10, 10, 10, 10, 1, 10, 3, 0, 10, 1, 10, 10, 0, 0, 10, 10, 2, 0, 0, 10, 0, 10, 10, 10, 10, 10, 0, 10, : 10, 10, 3, 10, 10, 10, 10, 10, 10, 10, 10, 10, 10, 10, 10, 10, 10, 10, 10, 3, 10, 10, 10, 10, 10, 10, 2, 10, 10, 10, 10, 10, 10, 10, 10, 1, 10, 3, 10, 1, 10, 10, 10, 10, 2, 10, 10, 10, 10, 10, 10, 10, 
127: 10, 0, 0, 0, 1, 0, 0, 0, 0, 10, 10, 13, 10, 0, 0, 0, 0, 1, 0, 0, 0, 2, 10, 0, 10, 10, 10, 10, 0, 10, 0, 0, 10, 8, 10, 10, 0, 0, 10, 10, 10, 10, 10, 0, 10, 10, 0, 0, 10, 10, 0, 10, 0, 0, 0, 0, 10, 0, 1, 1, 0, 0, 0, 0, 10, 0, 0, 0, 10, 2, 10, 0, 10, 0, 0, 10, 0, 10, 10, 0, : 10, 1, 10, 10, 13, 10, 1, 2, 10, 10, 10, 10, 10, 10, 10, 8, 10, 10, 10, 10, 10, 10, 10, 10, 10, 10, 10, 10, 10, 1, 1, 10, 10, 2, 10, 10, 10, 10, 10, 
72: 0, 10, 10, 3, 0, 0, 10, 10, 0, 10, 0, 10, 10, 0, 10, 10, 10, 0, 0, 0, 0, 10, 10, 10, 10, 10, 10, 10, 0, 0, 10, 0, 0, 10, 0, 0, 0, 10, 0, 7, 10, 10, 0, 0, 1, 10, 10, 0, 0, 10, 10, 10, 0, 0, 0, 0, 10, 0, 0, 10, 1, 10, 10, 0, 10, 10, 10, 0, 10, 1, 10, 10, 0, 0, 10, 0, 10, 0, 0, 10, : 10, 10, 3, 10, 10, 10, 10, 10, 10, 10, 10, 10, 10, 10, 10, 10, 10, 10, 10, 10, 10, 7, 10, 10, 1, 10, 10, 10, 10, 10, 10, 10, 1, 10, 10, 10, 10, 10, 10, 1, 10, 10, 10, 10, 10, 
161: 0, 10, 10, 10, 0, 10, 0, 10, 0, 0, 0, 2, 0, 0, 0, 0, 10, 10, 10, 0, 0, 10, 10, 10, 0, 10, 10, 10, 10, 10, 0, 1, 0, 0, 0, 10, 0, 0, 0, 11, 10, 0, 0, 10, 10, 10, 10, 0, 0, 10, 0, 0, 10, 10, 1, 0, 0, 10, 10, 10, 10, 10, 0, 10, 0, 5, 0, 0, 0, 0, 10, 0, 10, 0, 10, 0, 0, 10, 0, 10, : 10, 10, 10, 10, 10, 2, 10, 10, 10, 10, 10, 10, 10, 10, 10, 10, 10, 1, 10, 11, 10, 10, 10, 10, 10, 10, 10, 10, 1, 10, 10, 10, 10, 10, 10, 5, 10, 10, 10, 10, 10, 
164: 10, 10, 0, 10, 0, 10, 10, 10, 0, 0, 10, 0, 0, 2, 10, 10, 10, 10, 14, 10, 0, 0, 0, 10, 1, 10, 10, 10, 10, 10, 0, 0, 10, 10, 10, 0, 0, 10, 0, 0, 10, 0, 10, 10, 10, 10, 0, 0, 0, 0, 10, 10, 10, 10, 10, 0, 10, 0, 0, 10, 7, 10, 10, 0, 10, 10, 0, 11, 10, 2, 0, 0, 0, 10, 4, 10, 10, 10, 0, 10, : 10, 10, 10, 10, 10, 10, 10, 2, 10, 10, 10, 10, 14, 10, 10, 1, 10, 10, 10, 10, 10, 10, 10, 10, 10, 10, 10, 10, 10, 10, 10, 10, 10, 10, 10, 10, 10, 7, 10, 10, 10, 10, 11, 10, 2, 10, 4, 10, 10, 10, 10, 
73: 3, 10, 0, 0, 0, 0, 0, 10, 0, 0, 10, 10, 10, 10, 0, 10, 10, 0, 0, 10, 10, 10, 0, 10, 0, 0, 0, 0, 10, 1, 10, 10, 10, 0, 10, 10, 10, 10, 0, 10, 0, 0, 10, 10, 10, 10, 10, 10, 0, 0, 0, 0, 0, 0, 0, 0, 10, 10, 10, 10, 10, 0, 0, 0, 10, 10, 10, 0, 0, 10, 10, 16, 10, 0, 1, 1, 10, 10, 0, 3, : 3, 10, 10, 10, 10, 10, 10, 10, 10, 10, 10, 10, 10, 10, 1, 10, 10, 10, 10, 10, 10, 10, 10, 10, 10, 10, 10, 10, 10, 10, 10, 10, 10, 10, 10, 10, 10, 10, 10, 16, 10, 1, 1, 10, 10, 3, 
173: 0, 0, 10, 0, 1, 10, 10, 0, 0, 10, 10, 10, 10, 10, 0, 10, 10, 0, 10, 10, 0, 0, 0, 10, 0, 10, 0, 0, 10, 10, 0, 0, 10, 0, 0, 0, 0, 10, 0, 10, 10, 0, 10, 0, 10, 10, 10, 10, 10, 10, 0, 10, 18, 10, 10, 0, 10, 0, 10, 0, 0, 0, 10, 0, 0, 10, 10, 10, 0, 0, 0, 0, 10, 10, 0, 0, 0, 0, 0, 0, : 10, 1, 10, 10, 10, 10, 10, 10, 10, 10, 10, 10, 10, 10, 10, 10, 10, 10, 10, 10, 10, 10, 10, 10, 10, 10, 10, 10, 10, 18, 10, 10, 10, 10, 10, 10, 10, 10, 10, 10, 
108: 0, 0, 0, 1, 1, 0, 0, 10, 10, 0, 10, 10, 10, 10, 0, 1, 10, 0, 10, 0, 0, 0, 10, 10, 10, 10, 10, 10, 4, 0, 0, 0, 10, 0, 10, 0, 10, 10, 0, 10, 0, 0, 1, 2, 2, 10, 0, 0, 10, 11, 10, 10, 10, 0, 10, 0, 0, 10, 0, 0, 0, 0, 0, 10, 10, 10, 10, 10, 0, 0, 10, 0, 0, 10, 10, 1, 0, 10, 10, 0, : 1, 1, 10, 10, 10, 10, 10, 10, 1, 10, 10, 10, 10, 10, 10, 10, 10, 4, 10, 10, 10, 10, 10, 1, 2, 2, 10, 10, 11, 10, 10, 10, 10, 10, 10, 10, 10, 10, 10, 10, 10, 10, 1, 10, 10, 
182: 10, 0, 10, 10, 10, 0, 0, 10, 10, 0, 10, 0, 10, 0, 10, 0, 0, 10, 0, 0, 10, 0, 0, 10, 0, 1, 10, 10, 0, 10, 0, 3, 0, 0, 0, 10, 10, 0, 10, 0, 10, 10, 10, 10, 0, 0, 0, 0, 0, 0, 1, 10, 0, 0, 10, 10, 0, 10, 10, 10, 10, 0, 10, 10, 10, 10, 10, 10, 10, 10, 10, 0, 0, 0, 10, 10, 10, 0, 10, 0, : 10, 10, 10, 10, 10, 10, 10, 10, 10, 10, 10, 10, 1, 10, 10, 10, 3, 10, 10, 10, 10, 10, 10, 10, 1, 10, 10, 10, 10, 10, 10, 10, 10, 10, 10, 10, 10, 10, 10, 10, 10, 10, 10, 10, 10, 


