
40
20
95
1

11: 10, 0, 0, 10, 10, 10, 0, 0, 0, 10, 10, 2, 10, 1, 0, 0, 0, 10, 10, 10, 10, 10, 4, 10, 0, 10, 2, 10, 0, 0, 10, 0, 0, 0, 0, 10, 0, 0, 1, 0, : 10, 10, 10, 10, 10, 10, 2, 10, 1, 10, 10, 10, 10, 10, 4, 10, 10, 2, 10, 10, 10, 1, 
15: 10, 0, 10, 0, 10, 10, 0, 10, 10, 10, 10, 0, 0, 18, 10, 10, 10, 0, 0, 0, 0, 1, 0, 10, 10, 10, 19, 0, 10, 10, 0, 0, 10, 10, 10, 0, 0, 10, 0, 10, : 10, 10, 10, 10, 10, 10, 10, 10, 18, 10, 10, 10, 1, 10, 10, 10, 19, 10, 10, 10, 10, 10, 10, 10, 
7: 0, 10, 1, 10, 7, 0, 0, 0, 0, 0, 10, 0, 0, 0, 10, 0, 0, 0, 3, 0, 2, 10, 10, 0, 0, 0, 0, 10, 0, 3, 0, 0, 10, 10, 10, 3, 10, 0, 0, 0, : 10, 1, 10, 7, 10, 10, 3, 2, 10, 10, 10, 3, 10, 10, 10, 3, 10, 
8: 0, 10, 10, 0, 10, 0, 0, 0, 0, 0, 10, 10, 10, 0, 0, 10, 10, 10, 0, 1, 1, 0, 0, 0, 0, 10, 0, 1, 10, 10, 10, 0, 0, 10, 0, 10, 0, 10, 0, 10, : 10, 10, 10, 10, 10, 10, 10, 10, 10, 1, 1, 10, 1, 10, 10, 10, 10, 10, 10, 10, 
12: 10, 0, 1, 5, 10, 0, 10, 4, 3, 10, 0, 0, 10, 0, 5, 0, 10, 10, 0, 10, 10, 10, 0, 0, 10, 0, 10, 0, 0, 0, 0, 0, 3, 0, 10, 10, 1, 0, 10, 10, : 10, 1, 5, 10, 10, 4, 3, 10, 10, 5, 10, 10, 10, 10, 10, 10, 10, 3, 10, 10, 1, 10, 10, 
5: 0, 0, 10, 0, 0, 10, 10, 10, 0, 10, 11, 0, 0, 10, 0, 10, 10, 10, 10, 0, 10, 0, 0, 3, 10, 0, 10, 10, 0, 12, 10, 3, 0, 10, 10, 0, 10, 10, 10, 10, : 10, 10, 10, 10, 10, 11, 10, 10, 10, 10, 10, 10, 3, 10, 10, 10, 12, 10, 3, 10, 10, 10, 10, 10, 10, 
1: 13, 0, 10, 0, 4, 4, 0, 10, 10, 10, 0, 0, 7, 0, 10, 0, 10, 10, 0, 0, 0, 10, 0, 10, 0, 10, 10, 10, 5, 10, 0, 0, 10, 0, 10, 0, 0, 10, 0, 0, : 13, 10, 4, 4, 10, 10, 10, 7, 10, 10, 10, 10, 10, 10, 10, 10, 5, 10, 10, 10, 10, 
6: 0, 10, 10, 0, 0, 0, 10, 10, 0, 0, 0, 0, 0, 1, 0, 0, 0, 0, 10, 10, 10, 0, 10, 0, 0, 3, 0, 10, 0, 0, 2, 10, 2, 10, 0, 0, 0, 0, 10, 0, : 10, 10, 10, 10, 1, 10, 10, 10, 10, 3, 10, 2, 10, 2, 10, 10, 
17: 0, 10, 0, 10, 0, 0, 10, 0, 19, 10, 10, 0, 0, 0, 0, 10, 10, 0, 0, 10, 0, 11, 1, 10, 0, 10, 4, 0, 0, 0, 0, 10, 10, 0, 2, 0, 10, 10, 0, 10, : 10, 10, 10, 19, 10, 10, 10, 10, 10, 11, 1, 10, 10, 4, 10, 10, 2, 10, 10, 10, 
14: 0, 1, 10, 0, 2, 10, 4, 0, 0, 0, 2, 1, 0, 11, 10, 10, 0, 0, 0, 0, 0, 0, 0, 2, 0, 0, 0, 2, 0, 0, 1, 0, 10, 10, 0, 2, 10, 0, 0, 0, : 1, 10, 2, 10, 4, 2, 1, 11, 10, 10, 2, 2, 1, 10, 10, 2, 10, 
10: 10, 10, 10, 0, 1, 10, 0, 0, 0, 0, 10, 10, 10, 10, 0, 0, 10, 1, 10, 10, 10, 0, 0, 0, 10, 0, 10, 10, 10, 10, 0, 17, 0, 0, 0, 10, 10, 10, 10, 0, : 10, 10, 10, 1, 10, 10, 10, 10, 10, 10, 1, 10, 10, 10, 10, 10, 10, 10, 10, 17, 10, 10, 10, 10, 
9: 0, 1, 3, 10, 10, 0, 10, 1, 3, 2, 10, 10, 10, 0, 0, 0, 10, 10, 0, 10, 0, 10, 0, 0, 10, 0, 0, 10, 10, 0, 2, 15, 10, 0, 3, 10, 0, 4, 0, 10, : 1, 3, 10, 10, 10, 1, 3, 2, 10, 10, 10, 10, 10, 10, 10, 10, 10, 10, 2, 15, 10, 3, 10, 4, 10, 
4: 0, 0, 0, 0, 1, 10, 10, 10, 10, 0, 1, 10, 10, 1, 10, 14, 0, 2, 10, 0, 2, 0, 10, 10, 0, 10, 0, 0, 0, 10, 0, 0, 0, 0, 0, 0, 2, 0, 3, 10, : 1, 10, 10, 10, 10, 1, 10, 10, 1, 10, 14, 2, 10, 2, 10, 10, 10, 10, 2, 3, 10, 
19: 10, 10, 0, 0, 10, 0, 10, 0, 0, 2, 0, 10, 0, 10, 0, 0, 0, 0, 10, 10, 0, 8, 10, 10, 0, 0, 0, 0, 10, 10, 10, 0, 0, 0, 10, 0, 10, 1, 10, 0, : 10, 10, 10, 10, 2, 10, 10, 10, 10, 8, 10, 10, 10, 10, 10, 10, 10, 1, 10, 
13: 10, 10, 0, 0, 0, 10, 0, 10, 10, 0, 0, 12, 0, 2, 10, 0, 0, 0, 10, 0, 10, 2, 10, 0, 10, 0, 10, 2, 0, 0, 10, 10, 0, 0, 0, 10, 0, 0, 10, 0, : 10, 10, 10, 10, 10, 12, 2, 10, 10, 10, 2, 10, 10, 10, 2, 10, 10, 10, 10, 
16: 0, 10, 0, 10, 0, 10, 0, 0, 10, 10, 1, 10, 18, 1, 10, 0, 1, 0, 0, 10, 0, 10, 10, 0, 10, 1, 0, 10, 10, 10, 10, 0, 10, 5, 10, 10, 1, 0, 10, 10, : 10, 10, 10, 10, 10, 1, 10, 18, 1, 10, 1, 10, 10, 10, 10, 1, 10, 10, 10, 10, 10, 5, 10, 10, 1, 10, 10, 
20: 10, 10, 10, 10, 10, 0, 0, 10, 10, 10, 0, 10, 0, 10, 0, 10, 1, 10, 0, 10, 10, 3, 0, 10, 0, 10, 0, 0, 10, 0, 10, 10, 0, 10, 0, 0, 1, 4, 1, 1, : 10, 10, 10, 10, 10, 10, 10, 10, 10, 10, 10, 1, 10, 10, 10, 3, 10, 10, 10, 10, 10, 10, 1, 4, 1, 1, 
3: 10, 0, 10, 10, 0, 1, 1, 10, 0, 1, 10, 10, 10, 0, 0, 10, 0, 10, 10, 0, 0, 10, 10, 10, 10, 10, 10, 0, 10, 0, 10, 0, 0, 10, 10, 10, 10, 1, 10, 10, : 10, 10, 10, 1, 1, 10, 1, 10, 10, 10, 10, 10, 10, 10, 10, 10, 10, 10, 10, 10, 10, 10, 10, 10, 10, 1, 10, 10, 
2: 2, 3, 0, 10, 0, 10, 10, 0, 10, 10, 0, 0, 0, 10, 10, 1, 3, 2, 10, 4, 10, 0, 10, 10, 10, 10, 0, 10, 10, 10, 0, 10, 10, 10, 10, 0, 10, 6, 10, 3, : 2, 3, 10, 10, 10, 10, 10, 10, 10, 1, 3, 2, 10, 4, 10, 10, 10, 10, 10, 10, 10, 10, 10, 10, 10, 10, 10, 6, 10, 3, 
18: 0, 0, 0, 10, 10, 0, 10, 10, 0, 0, 0, 0, 0, 10, 10, 10, 10, 10, 2, 0, 10, 0, 10, 0, 5, 1, 10, 0, 0, 0, 10, 10, 10, 0, 0, 10, 10, 19, 0, 1, : 10, 10, 10, 10, 10, 10, 10, 10, 10, 2, 10, 10, 5, 1, 10, 10, 10, 10, 10, 10, 19, 1, 


