
80
40
205
1

6: 0, 0, 10, 10, 10, 0, 0, 0, 0, 0, 0, 0, 0, 0, 10, 1, 0, 10, 10, 0, 10, 0, 1, 0, 10, 0, 0, 0, 2, 0, 10, 10, 10, 10, 10, 10, 0, 0, 0, 10, 10, 0, 0, 10, 2, 0, 0, 2, 10, 0, 0, 0, 0, 0, 10, 0, 0, 0, 0, 10, 10, 0, 0, 0, 0, 0, 10, 10, 10, 0, 10, 10, 0, 10, 0, 3, 0, 0, 0, 10, : 10, 10, 10, 10, 1, 10, 10, 10, 1, 10, 2, 10, 10, 10, 10, 10, 10, 10, 10, 10, 2, 2, 10, 10, 10, 10, 10, 10, 10, 10, 10, 10, 3, 10, 
21: 0, 0, 0, 10, 10, 10, 10, 10, 0, 10, 7, 0, 10, 0, 0, 0, 10, 0, 0, 0, 10, 10, 10, 10, 15, 10, 0, 0, 10, 0, 0, 10, 0, 10, 10, 10, 10, 10, 10, 0, 0, 0, 0, 0, 0, 0, 0, 10, 0, 2, 0, 10, 0, 6, 0, 18, 10, 0, 10, 0, 1, 10, 10, 10, 0, 10, 0, 1, 0, 10, 0, 0, 0, 10, 10, 2, 10, 10, 10, 10, : 10, 10, 10, 10, 10, 10, 7, 10, 10, 10, 10, 10, 10, 15, 10, 10, 10, 10, 10, 10, 10, 10, 10, 10, 2, 10, 6, 18, 10, 10, 1, 10, 10, 10, 10, 1, 10, 10, 10, 2, 10, 10, 10, 10, 
38: 10, 10, 10, 0, 0, 10, 10, 10, 0, 10, 0, 0, 10, 10, 10, 10, 10, 10, 0, 10, 0, 10, 0, 10, 10, 0, 10, 1, 10, 10, 10, 1, 0, 6, 10, 0, 10, 0, 10, 0, 0, 0, 0, 2, 10, 0, 0, 10, 10, 10, 0, 0, 10, 10, 10, 10, 10, 0, 10, 10, 2, 0, 0, 10, 0, 0, 10, 10, 0, 0, 10, 0, 0, 1, 0, 10, 0, 10, 1, 0, : 10, 10, 10, 10, 10, 10, 10, 10, 10, 10, 10, 10, 10, 10, 10, 10, 10, 10, 1, 10, 10, 10, 1, 6, 10, 10, 10, 2, 10, 10, 10, 10, 10, 10, 10, 10, 10, 10, 10, 2, 10, 10, 10, 10, 1, 10, 10, 1, 
33: 0, 10, 10, 0, 10, 0, 10, 10, 10, 0, 10, 10, 10, 10, 0, 10, 10, 10, 10, 10, 10, 0, 0, 10, 10, 0, 0, 10, 10, 0, 0, 10, 0, 1, 0, 0, 0, 10, 4, 0, 10, 1, 10, 10, 10, 0, 10, 10, 0, 0, 0, 0, 13, 0, 0, 0, 0, 0, 10, 0, 0, 10, 10, 1, 10, 10, 10, 10, 10, 0, 0, 10, 10, 10, 10, 0, 10, 0, 0, 0, : 10, 10, 10, 10, 10, 10, 10, 10, 10, 10, 10, 10, 10, 10, 10, 10, 10, 10, 10, 10, 10, 1, 10, 4, 10, 1, 10, 10, 10, 10, 10, 13, 10, 10, 10, 1, 10, 10, 10, 10, 10, 10, 10, 10, 10, 10, 
34: 0, 10, 10, 0, 10, 10, 0, 10, 10, 10, 10, 0, 10, 0, 0, 10, 1, 10, 1, 0, 0, 10, 0, 10, 10, 0, 0, 10, 0, 0, 0, 10, 0, 10, 0, 0, 10, 10, 0, 10, 10, 0, 10, 0, 10, 10, 0, 0, 10, 0, 10, 0, 10, 0, 0, 10, 10, 10, 10, 0, 10, 0, 10, 0, 1, 0, 10, 0, 0, 10, 0, 10, 10, 0, 10, 0, 10, 5, 0, 10, : 10, 10, 10, 10, 10, 10, 10, 10, 10, 10, 1, 10, 1, 10, 10, 10, 10, 10, 10, 10, 10, 10, 10, 10, 10, 10, 10, 10, 10, 10, 10, 10, 10, 10, 10, 1, 10, 10, 10, 10, 10, 10, 5, 10, 
27: 0, 0, 10, 10, 0, 3, 0, 10, 10, 10, 10, 0, 0, 0, 10, 10, 10, 0, 10, 0, 0, 10, 10, 0, 0, 0, 10, 10, 0, 0, 10, 1, 0, 10, 10, 10, 10, 10, 10, 0, 0, 10, 9, 0, 1, 10, 10, 10, 10, 10, 10, 5, 10, 0, 10, 1, 0, 0, 0, 0, 10, 0, 0, 0, 0, 10, 1, 10, 10, 10, 5, 0, 10, 10, 10, 10, 10, 10, 10, 0, : 10, 10, 3, 10, 10, 10, 10, 10, 10, 10, 10, 10, 10, 10, 10, 10, 1, 10, 10, 10, 10, 10, 10, 10, 9, 1, 10, 10, 10, 10, 10, 10, 5, 10, 10, 1, 10, 10, 1, 10, 10, 10, 5, 10, 10, 10, 10, 10, 10, 10, 
37: 10, 0, 10, 10, 10, 10, 4, 0, 0, 10, 10, 10, 10, 10, 0, 10, 10, 10, 10, 10, 0, 0, 0, 10, 0, 10, 0, 10, 0, 10, 10, 0, 10, 10, 0, 10, 0, 0, 10, 0, 0, 0, 6, 10, 10, 10, 10, 10, 0, 0, 0, 0, 5, 0, 1, 0, 0, 10, 0, 3, 1, 0, 0, 10, 0, 0, 0, 0, 0, 0, 10, 10, 0, 10, 0, 10, 10, 10, 10, 10, : 10, 10, 10, 10, 10, 4, 10, 10, 10, 10, 10, 10, 10, 10, 10, 10, 10, 10, 10, 10, 10, 10, 10, 10, 10, 6, 10, 10, 10, 10, 10, 5, 1, 10, 3, 1, 10, 10, 10, 10, 10, 10, 10, 10, 10, 
29: 0, 10, 0, 0, 10, 0, 10, 10, 0, 0, 10, 10, 0, 0, 10, 0, 1, 10, 2, 0, 10, 0, 0, 0, 10, 0, 0, 10, 0, 10, 0, 0, 10, 10, 10, 10, 10, 10, 0, 0, 0, 10, 10, 0, 0, 10, 0, 10, 10, 10, 0, 10, 0, 10, 0, 6, 10, 0, 0, 0, 10, 10, 0, 0, 10, 10, 0, 10, 10, 0, 10, 10, 10, 10, 10, 10, 10, 0, 13, 0, : 10, 10, 10, 10, 10, 10, 10, 1, 10, 2, 10, 10, 10, 10, 10, 10, 10, 10, 10, 10, 10, 10, 10, 10, 10, 10, 10, 10, 6, 10, 10, 10, 10, 10, 10, 10, 10, 10, 10, 10, 10, 10, 10, 13, 
19: 0, 0, 0, 0, 0, 10, 10, 10, 0, 0, 0, 10, 4, 0, 0, 10, 0, 4, 0, 10, 0, 0, 10, 0, 10, 0, 0, 0, 0, 0, 10, 10, 10, 0, 0, 10, 0, 10, 1, 0, 10, 0, 0, 0, 0, 0, 10, 0, 0, 0, 10, 0, 0, 0, 0, 10, 10, 10, 0, 10, 0, 1, 10, 10, 10, 10, 0, 10, 0, 0, 0, 0, 10, 0, 10, 0, 2, 10, 10, 10, : 10, 10, 10, 10, 4, 10, 4, 10, 10, 10, 10, 10, 10, 10, 10, 1, 10, 10, 10, 10, 10, 10, 10, 1, 10, 10, 10, 10, 10, 10, 10, 2, 10, 10, 10, 
26: 0, 0, 10, 0, 0, 10, 10, 10, 10, 0, 10, 0, 0, 0, 10, 10, 2, 0, 0, 10, 10, 10, 0, 10, 0, 0, 10, 10, 10, 10, 0, 10, 10, 10, 10, 0, 10, 10, 10, 10, 10, 10, 0, 10, 0, 0, 0, 0, 0, 10, 0, 10, 1, 10, 0, 10, 10, 10, 0, 0, 10, 10, 0, 0, 10, 10, 10, 10, 0, 0, 10, 0, 10, 10, 0, 10, 0, 0, 0, 0, : 10, 10, 10, 10, 10, 10, 10, 10, 2, 10, 10, 10, 10, 10, 10, 10, 10, 10, 10, 10, 10, 10, 10, 10, 10, 10, 10, 10, 10, 10, 1, 10, 10, 10, 10, 10, 10, 10, 10, 10, 10, 10, 10, 10, 10, 
10: 0, 0, 0, 0, 10, 0, 1, 0, 2, 10, 0, 10, 10, 10, 10, 0, 10, 10, 10, 0, 0, 10, 10, 10, 0, 10, 10, 0, 0, 10, 0, 0, 0, 10, 10, 1, 10, 0, 0, 0, 0, 10, 0, 10, 10, 0, 10, 10, 10, 0, 0, 0, 0, 10, 10, 5, 10, 0, 10, 10, 0, 0, 4, 10, 2, 0, 10, 0, 10, 10, 0, 0, 0, 0, 0, 0, 0, 10, 0, 0, : 10, 1, 2, 10, 10, 10, 10, 10, 10, 10, 10, 10, 10, 10, 10, 10, 10, 10, 10, 1, 10, 10, 10, 10, 10, 10, 10, 10, 10, 5, 10, 10, 10, 4, 10, 2, 10, 10, 10, 10, 
28: 10, 10, 0, 10, 10, 12, 0, 0, 10, 0, 10, 1, 10, 10, 10, 10, 0, 0, 10, 1, 0, 10, 0, 10, 0, 10, 10, 10, 0, 5, 0, 10, 10, 0, 0, 10, 10, 0, 0, 10, 0, 10, 9, 10, 1, 0, 10, 0, 0, 0, 10, 10, 10, 10, 2, 10, 0, 10, 10, 0, 10, 0, 3, 10, 0, 10, 0, 10, 10, 10, 10, 0, 0, 2, 10, 10, 10, 10, 0, 10, : 10, 10, 10, 10, 12, 10, 10, 1, 10, 10, 10, 10, 10, 1, 10, 10, 10, 10, 10, 5, 10, 10, 10, 10, 10, 10, 9, 10, 1, 10, 10, 10, 10, 10, 2, 10, 10, 10, 10, 3, 10, 10, 10, 10, 10, 10, 2, 10, 10, 10, 10, 10, 
35: 10, 10, 0, 0, 10, 0, 10, 0, 10, 10, 10, 10, 10, 10, 10, 0, 0, 0, 10, 10, 0, 10, 10, 0, 0, 0, 0, 0, 0, 10, 10, 2, 0, 0, 10, 0, 0, 10, 10, 10, 10, 0, 10, 2, 10, 10, 10, 10, 0, 1, 0, 10, 0, 0, 10, 0, 0, 0, 10, 0, 5, 10, 0, 10, 10, 0, 0, 10, 10, 0, 10, 10, 0, 0, 0, 0, 10, 10, 10, 0, : 10, 10, 10, 10, 10, 10, 10, 10, 10, 10, 10, 10, 10, 10, 10, 10, 10, 2, 10, 10, 10, 10, 10, 10, 2, 10, 10, 10, 10, 1, 10, 10, 10, 5, 10, 10, 10, 10, 10, 10, 10, 10, 10, 10, 
18: 5, 10, 10, 10, 0, 10, 0, 10, 10, 10, 0, 0, 0, 10, 0, 10, 0, 10, 0, 0, 0, 10, 0, 0, 10, 0, 10, 10, 0, 0, 0, 10, 10, 10, 0, 0, 10, 10, 0, 1, 10, 10, 10, 0, 10, 2, 0, 1, 10, 10, 10, 10, 0, 0, 10, 10, 10, 10, 0, 0, 0, 10, 10, 10, 10, 10, 10, 5, 0, 10, 0, 0, 0, 0, 0, 10, 0, 0, 0, 10, : 5, 10, 10, 10, 10, 10, 10, 10, 10, 10, 10, 10, 10, 10, 10, 10, 10, 10, 10, 10, 1, 10, 10, 10, 10, 2, 1, 10, 10, 10, 10, 10, 10, 10, 10, 10, 10, 10, 10, 10, 10, 5, 10, 10, 10, 
40: 0, 10, 10, 10, 2, 10, 0, 0, 0, 0, 1, 10, 10, 10, 0, 0, 0, 0, 18, 0, 0, 10, 15, 0, 0, 0, 7, 10, 0, 10, 10, 10, 10, 7, 10, 0, 0, 0, 10, 0, 0, 10, 0, 0, 1, 10, 10, 10, 10, 2, 0, 10, 1, 0, 10, 0, 0, 0, 0, 10, 0, 10, 10, 0, 0, 10, 10, 5, 0, 10, 0, 10, 10, 10, 10, 10, 10, 0, 10, 10, : 10, 10, 10, 2, 10, 1, 10, 10, 10, 18, 10, 15, 7, 10, 10, 10, 10, 10, 7, 10, 10, 10, 1, 10, 10, 10, 10, 2, 10, 1, 10, 10, 10, 10, 10, 10, 5, 10, 10, 10, 10, 10, 10, 10, 10, 10, 
2: 10, 0, 10, 2, 1, 0, 0, 13, 0, 10, 0, 10, 10, 20, 10, 0, 10, 0, 0, 0, 10, 0, 10, 2, 1, 0, 8, 0, 10, 0, 10, 1, 0, 0, 0, 0, 10, 10, 0, 0, 10, 10, 10, 0, 10, 0, 0, 0, 0, 0, 10, 0, 0, 10, 10, 0, 0, 0, 10, 0, 0, 10, 0, 0, 0, 0, 0, 0, 0, 10, 0, 5, 10, 4, 10, 10, 10, 10, 0, 10, : 10, 10, 2, 1, 13, 10, 10, 10, 20, 10, 10, 10, 10, 2, 1, 8, 10, 10, 1, 10, 10, 10, 10, 10, 10, 10, 10, 10, 10, 10, 10, 5, 10, 4, 10, 10, 10, 10, 10, 
32: 10, 0, 10, 10, 0, 10, 0, 10, 10, 10, 6, 0, 0, 10, 1, 10, 0, 10, 1, 10, 10, 0, 10, 0, 10, 10, 10, 0, 10, 0, 0, 0, 10, 10, 0, 0, 10, 3, 0, 10, 0, 1, 10, 0, 0, 10, 0, 0, 10, 10, 3, 10, 18, 10, 10, 0, 10, 0, 10, 10, 0, 10, 10, 1, 0, 0, 10, 10, 0, 0, 10, 10, 2, 10, 0, 0, 10, 10, 0, 8, : 10, 10, 10, 10, 10, 10, 10, 6, 10, 1, 10, 10, 1, 10, 10, 10, 10, 10, 10, 10, 10, 10, 10, 3, 10, 1, 10, 10, 10, 10, 3, 10, 18, 10, 10, 10, 10, 10, 10, 10, 1, 10, 10, 10, 10, 2, 10, 10, 10, 8, 
25: 10, 10, 0, 0, 0, 0, 10, 5, 10, 0, 10, 0, 10, 10, 10, 0, 0, 0, 10, 10, 0, 0, 10, 0, 6, 0, 10, 10, 10, 0, 0, 0, 10, 0, 0, 2, 10, 10, 10, 10, 10, 0, 10, 10, 10, 10, 10, 0, 10, 10, 10, 10, 10, 10, 10, 2, 4, 10, 0, 0, 1, 1, 10, 1, 10, 0, 0, 0, 10, 10, 0, 0, 1, 0, 10, 10, 10, 10, 10, 0, : 10, 10, 10, 5, 10, 10, 10, 10, 10, 10, 10, 10, 6, 10, 10, 10, 10, 2, 10, 10, 10, 10, 10, 10, 10, 10, 10, 10, 10, 10, 10, 10, 10, 10, 10, 2, 4, 10, 1, 1, 10, 1, 10, 10, 10, 1, 10, 10, 10, 10, 10, 
1: 10, 0, 0, 0, 10, 10, 0, 10, 10, 10, 10, 10, 0, 3, 10, 1, 10, 10, 0, 0, 10, 0, 0, 0, 0, 10, 10, 10, 10, 10, 0, 10, 10, 0, 0, 1, 0, 0, 0, 10, 0, 10, 1, 10, 0, 10, 0, 10, 0, 0, 10, 10, 10, 10, 10, 0, 0, 10, 10, 0, 10, 10, 0, 10, 10, 10, 10, 10, 10, 10, 10, 10, 10, 10, 0, 0, 10, 0, 0, 10, : 10, 10, 10, 10, 10, 10, 10, 10, 3, 10, 1, 10, 10, 10, 10, 10, 10, 10, 10, 10, 10, 1, 10, 10, 1, 10, 10, 10, 10, 10, 10, 10, 10, 10, 10, 10, 10, 10, 10, 10, 10, 10, 10, 10, 10, 10, 10, 10, 10, 10, 
15: 0, 0, 1, 0, 0, 0, 10, 0, 10, 0, 1, 0, 10, 10, 0, 10, 10, 10, 0, 10, 0, 10, 0, 1, 10, 10, 10, 0, 10, 0, 10, 0, 0, 10, 0, 10, 0, 10, 10, 0, 0, 0, 0, 0, 10, 10, 10, 10, 0, 0, 1, 0, 0, 10, 10, 0, 0, 0, 0, 2, 10, 0, 0, 10, 10, 10, 0, 0, 10, 10, 10, 10, 19, 0, 5, 0, 0, 10, 10, 2, : 1, 10, 10, 1, 10, 10, 10, 10, 10, 10, 10, 1, 10, 10, 10, 10, 10, 10, 10, 10, 10, 10, 10, 10, 10, 1, 10, 10, 2, 10, 10, 10, 10, 10, 10, 10, 10, 19, 5, 10, 10, 2, 
4: 0, 0, 0, 0, 0, 0, 10, 0, 10, 3, 10, 10, 0, 0, 0, 10, 10, 0, 0, 9, 10, 10, 0, 0, 0, 10, 0, 10, 10, 10, 10, 10, 10, 0, 3, 10, 10, 0, 10, 10, 5, 0, 0, 0, 10, 10, 0, 0, 10, 10, 10, 0, 5, 10, 0, 10, 1, 10, 10, 10, 10, 1, 0, 0, 10, 0, 10, 0, 0, 10, 10, 0, 0, 10, 10, 0, 0, 0, 10, 10, : 10, 10, 3, 10, 10, 10, 10, 9, 10, 10, 10, 10, 10, 10, 10, 10, 10, 3, 10, 10, 10, 10, 5, 10, 10, 10, 10, 10, 5, 10, 10, 1, 10, 10, 10, 10, 1, 10, 10, 10, 10, 10, 10, 10, 10, 
16: 0, 10, 10, 0, 10, 10, 0, 10, 0, 0, 0, 0, 0, 0, 10, 0, 10, 0, 10, 0, 0, 1, 0, 10, 10, 10, 10, 0, 10, 10, 10, 0, 10, 10, 0, 10, 10, 0, 10, 0, 10, 10, 10, 10, 0, 0, 10, 10, 10, 10, 10, 10, 10, 2, 0, 2, 10, 0, 10, 10, 0, 10, 0, 10, 10, 3, 0, 4, 2, 0, 0, 0, 10, 10, 10, 0, 0, 10, 10, 2, : 10, 10, 10, 10, 10, 10, 10, 10, 1, 10, 10, 10, 10, 10, 10, 10, 10, 10, 10, 10, 10, 10, 10, 10, 10, 10, 10, 10, 10, 10, 10, 10, 2, 2, 10, 10, 10, 10, 10, 10, 3, 4, 2, 10, 10, 10, 10, 10, 2, 
14: 10, 0, 0, 0, 0, 0, 10, 10, 0, 10, 0, 10, 0, 0, 10, 10, 0, 0, 10, 10, 0, 10, 10, 0, 0, 0, 0, 0, 10, 10, 10, 0, 0, 10, 0, 0, 10, 0, 10, 10, 0, 10, 10, 10, 10, 10, 10, 10, 0, 10, 10, 10, 0, 10, 0, 10, 0, 0, 0, 10, 10, 10, 10, 10, 0, 10, 10, 0, 10, 3, 0, 0, 10, 0, 1, 0, 10, 0, 0, 10, : 10, 10, 10, 10, 10, 10, 10, 10, 10, 10, 10, 10, 10, 10, 10, 10, 10, 10, 10, 10, 10, 10, 10, 10, 10, 10, 10, 10, 10, 10, 10, 10, 10, 10, 10, 10, 10, 10, 3, 10, 1, 10, 10, 
20: 0, 0, 10, 10, 0, 0, 10, 0, 0, 0, 10, 10, 0, 0, 0, 0, 10, 10, 0, 1, 5, 10, 10, 0, 12, 10, 0, 10, 10, 10, 0, 10, 0, 0, 10, 0, 10, 0, 10, 0, 10, 10, 0, 1, 10, 0, 10, 10, 5, 0, 0, 10, 0, 0, 10, 10, 10, 10, 10, 10, 10, 0, 10, 10, 10, 10, 0, 10, 0, 15, 10, 10, 0, 0, 10, 10, 1, 0, 10, 10, : 10, 10, 10, 10, 10, 10, 10, 1, 5, 10, 10, 12, 10, 10, 10, 10, 10, 10, 10, 10, 10, 10, 1, 10, 10, 10, 5, 10, 10, 10, 10, 10, 10, 10, 10, 10, 10, 10, 10, 10, 15, 10, 10, 10, 10, 1, 10, 10, 
36: 10, 10, 0, 10, 10, 10, 10, 10, 10, 0, 10, 0, 0, 10, 10, 10, 10, 1, 0, 10, 10, 0, 10, 10, 10, 10, 0, 10, 10, 0, 1, 10, 10, 0, 0, 10, 0, 0, 10, 10, 0, 10, 10, 10, 10, 0, 10, 0, 0, 0, 10, 0, 10, 10, 10, 0, 10, 10, 0, 10, 0, 10, 0, 10, 2, 10, 10, 10, 0, 0, 9, 10, 0, 0, 0, 10, 10, 0, 0, 0, : 10, 10, 10, 10, 10, 10, 10, 10, 10, 10, 10, 10, 10, 1, 10, 10, 10, 10, 10, 10, 10, 10, 1, 10, 10, 10, 10, 10, 10, 10, 10, 10, 10, 10, 10, 10, 10, 10, 10, 10, 10, 10, 2, 10, 10, 10, 9, 10, 10, 10, 
17: 10, 0, 0, 10, 0, 10, 0, 0, 10, 10, 0, 10, 0, 0, 4, 10, 0, 10, 3, 10, 10, 0, 0, 0, 1, 0, 10, 0, 0, 10, 3, 0, 10, 0, 10, 10, 0, 0, 10, 10, 10, 10, 0, 10, 0, 0, 5, 10, 10, 10, 10, 10, 10, 0, 0, 0, 10, 10, 0, 0, 0, 10, 10, 0, 10, 0, 0, 0, 10, 0, 1, 0, 0, 0, 10, 0, 1, 0, 10, 0, : 10, 10, 10, 10, 10, 10, 4, 10, 10, 3, 10, 10, 1, 10, 10, 3, 10, 10, 10, 10, 10, 10, 10, 10, 5, 10, 10, 10, 10, 10, 10, 10, 10, 10, 10, 10, 10, 1, 10, 1, 10, 
23: 10, 0, 10, 3, 0, 0, 0, 0, 0, 0, 10, 1, 10, 0, 10, 0, 0, 10, 10, 0, 10, 0, 0, 10, 0, 10, 0, 10, 0, 10, 10, 0, 0, 10, 0, 10, 0, 0, 0, 0, 10, 1, 0, 0, 10, 10, 0, 0, 0, 10, 10, 10, 10, 0, 10, 10, 0, 4, 14, 10, 10, 2, 10, 10, 10, 10, 2, 0, 10, 0, 0, 10, 10, 0, 10, 10, 10, 0, 0, 3, : 10, 10, 3, 10, 1, 10, 10, 10, 10, 10, 10, 10, 10, 10, 10, 10, 10, 10, 1, 10, 10, 10, 10, 10, 10, 10, 10, 4, 14, 10, 10, 2, 10, 10, 10, 10, 2, 10, 10, 10, 10, 10, 10, 3, 
31: 10, 10, 1, 10, 10, 0, 0, 10, 10, 0, 0, 1, 10, 1, 0, 0, 0, 0, 10, 0, 0, 2, 0, 10, 0, 10, 10, 4, 1, 0, 10, 10, 0, 1, 10, 10, 0, 10, 10, 10, 0, 10, 10, 0, 10, 0, 0, 0, 0, 10, 10, 0, 12, 0, 10, 0, 10, 10, 1, 0, 0, 0, 10, 0, 10, 0, 0, 0, 10, 10, 0, 10, 0, 10, 10, 10, 0, 0, 10, 0, : 10, 10, 1, 10, 10, 10, 10, 1, 10, 1, 10, 2, 10, 10, 10, 4, 1, 10, 10, 1, 10, 10, 10, 10, 10, 10, 10, 10, 10, 10, 12, 10, 10, 10, 1, 10, 10, 10, 10, 10, 10, 10, 10, 10, 
7: 0, 10, 0, 10, 0, 10, 10, 10, 0, 10, 0, 10, 10, 0, 0, 10, 10, 0, 10, 0, 10, 0, 10, 10, 0, 0, 0, 0, 10, 10, 10, 0, 10, 10, 10, 1, 0, 10, 0, 0, 10, 0, 0, 10, 10, 10, 0, 10, 0, 0, 0, 0, 10, 0, 10, 10, 0, 10, 0, 10, 0, 10, 0, 0, 0, 0, 10, 10, 0, 0, 10, 0, 10, 0, 0, 0, 0, 0, 0, 0, : 10, 10, 10, 10, 10, 10, 10, 10, 10, 10, 10, 10, 10, 10, 10, 10, 10, 10, 10, 10, 1, 10, 10, 10, 10, 10, 10, 10, 10, 10, 10, 10, 10, 10, 10, 10, 10, 
22: 10, 10, 10, 0, 10, 10, 0, 6, 10, 10, 10, 10, 0, 0, 10, 0, 0, 10, 0, 10, 0, 10, 0, 0, 0, 0, 10, 0, 0, 10, 0, 0, 5, 10, 0, 0, 2, 1, 0, 1, 0, 10, 10, 10, 0, 10, 10, 0, 10, 10, 10, 10, 10, 10, 10, 10, 0, 0, 10, 0, 10, 10, 10, 10, 0, 1, 0, 0, 10, 10, 10, 10, 0, 10, 0, 0, 0, 10, 0, 0, : 10, 10, 10, 10, 10, 6, 10, 10, 10, 10, 10, 10, 10, 10, 10, 10, 5, 10, 2, 1, 1, 10, 10, 10, 10, 10, 10, 10, 10, 10, 10, 10, 10, 10, 10, 10, 10, 10, 10, 1, 10, 10, 10, 10, 10, 10, 
11: 10, 10, 0, 0, 7, 10, 10, 10, 10, 10, 10, 0, 0, 10, 0, 10, 10, 10, 0, 4, 0, 10, 10, 10, 10, 10, 10, 0, 2, 10, 10, 0, 0, 0, 10, 0, 0, 10, 0, 10, 10, 1, 0, 0, 0, 10, 0, 1, 0, 10, 0, 0, 0, 0, 0, 10, 10, 10, 0, 10, 0, 0, 10, 0, 0, 0, 0, 10, 10, 0, 10, 0, 10, 10, 10, 10, 0, 10, 10, 10, : 10, 10, 7, 10, 10, 10, 10, 10, 10, 10, 10, 10, 10, 4, 10, 10, 10, 10, 10, 10, 2, 10, 10, 10, 10, 10, 10, 1, 10, 1, 10, 10, 10, 10, 10, 10, 10, 10, 10, 10, 10, 10, 10, 10, 10, 10, 
8: 0, 0, 0, 10, 10, 10, 0, 0, 10, 0, 0, 10, 0, 10, 0, 0, 10, 10, 0, 10, 10, 10, 10, 10, 0, 10, 10, 0, 0, 0, 10, 0, 0, 10, 10, 10, 0, 10, 0, 10, 10, 1, 10, 10, 0, 0, 0, 1, 10, 10, 0, 0, 0, 0, 10, 10, 0, 10, 0, 10, 0, 0, 10, 0, 10, 0, 0, 10, 0, 10, 0, 0, 0, 7, 0, 0, 0, 10, 0, 10, : 10, 10, 10, 10, 10, 10, 10, 10, 10, 10, 10, 10, 10, 10, 10, 10, 10, 10, 10, 10, 10, 10, 1, 10, 10, 1, 10, 10, 10, 10, 10, 10, 10, 10, 10, 10, 7, 10, 10, 
3: 0, 10, 10, 10, 15, 0, 10, 0, 10, 10, 0, 0, 0, 0, 10, 0, 1, 0, 17, 10, 0, 0, 10, 10, 10, 0, 0, 0, 10, 10, 0, 10, 0, 10, 10, 10, 10, 10, 10, 10, 0, 10, 0, 10, 10, 0, 10, 0, 10, 10, 10, 0, 0, 10, 0, 10, 0, 10, 10, 10, 0, 0, 8, 10, 10, 10, 10, 10, 10, 10, 0, 0, 10, 0, 0, 10, 0, 10, 10, 0, : 10, 10, 10, 15, 10, 10, 10, 10, 1, 17, 10, 10, 10, 10, 10, 10, 10, 10, 10, 10, 10, 10, 10, 10, 10, 10, 10, 10, 10, 10, 10, 10, 10, 10, 10, 10, 8, 10, 10, 10, 10, 10, 10, 10, 10, 10, 10, 10, 
13: 0, 0, 0, 10, 0, 0, 0, 0, 0, 10, 10, 10, 10, 0, 0, 3, 10, 10, 0, 10, 10, 10, 0, 0, 10, 13, 0, 0, 10, 0, 10, 0, 0, 10, 0, 0, 10, 10, 10, 10, 10, 0, 0, 10, 0, 10, 0, 0, 10, 0, 0, 0, 0, 10, 0, 0, 10, 0, 0, 0, 10, 0, 0, 10, 0, 1, 2, 0, 0, 0, 10, 0, 0, 0, 0, 10, 0, 0, 10, 10, : 10, 10, 10, 10, 10, 3, 10, 10, 10, 10, 10, 10, 13, 10, 10, 10, 10, 10, 10, 10, 10, 10, 10, 10, 10, 10, 10, 10, 1, 2, 10, 10, 10, 10, 
39: 10, 10, 3, 0, 10, 10, 0, 10, 0, 2, 0, 10, 10, 10, 10, 10, 10, 10, 0, 10, 10, 2, 7, 10, 0, 10, 0, 10, 0, 0, 10, 10, 0, 0, 10, 0, 1, 0, 0, 10, 0, 10, 10, 0, 0, 0, 0, 10, 10, 0, 10, 10, 0, 10, 2, 0, 10, 10, 10, 0, 10, 10, 0, 10, 10, 10, 10, 10, 0, 7, 10, 10, 10, 10, 0, 0, 10, 10, 10, 10, : 10, 10, 3, 10, 10, 10, 2, 10, 10, 10, 10, 10, 10, 10, 10, 10, 2, 7, 10, 10, 10, 10, 10, 10, 1, 10, 10, 10, 10, 10, 10, 10, 10, 2, 10, 10, 10, 10, 10, 10, 10, 10, 10, 10, 7, 10, 10, 10, 10, 10, 10, 10, 10, 
9: 10, 10, 0, 10, 0, 0, 10, 0, 3, 0, 10, 0, 1, 10, 10, 10, 10, 0, 10, 0, 10, 0, 0, 10, 10, 10, 10, 10, 10, 10, 0, 10, 10, 0, 10, 0, 10, 0, 10, 10, 10, 10, 10, 10, 0, 10, 0, 10, 0, 0, 0, 10, 10, 0, 0, 10, 10, 0, 10, 10, 10, 10, 0, 0, 10, 10, 10, 0, 10, 0, 10, 0, 0, 0, 10, 10, 10, 0, 10, 0, : 10, 10, 10, 10, 3, 10, 1, 10, 10, 10, 10, 10, 10, 10, 10, 10, 10, 10, 10, 10, 10, 10, 10, 10, 10, 10, 10, 10, 10, 10, 10, 10, 10, 10, 10, 10, 10, 10, 10, 10, 10, 10, 10, 10, 10, 10, 10, 10, 10, 
5: 10, 5, 10, 10, 10, 10, 10, 0, 0, 0, 0, 10, 10, 10, 0, 0, 0, 10, 10, 10, 10, 0, 10, 10, 10, 2, 0, 10, 0, 0, 1, 0, 0, 0, 10, 10, 10, 10, 10, 0, 10, 10, 10, 0, 10, 1, 10, 0, 10, 0, 10, 0, 0, 10, 0, 1, 0, 0, 0, 0, 14, 10, 10, 2, 0, 0, 10, 0, 10, 10, 0, 10, 10, 10, 10, 0, 1, 10, 0, 0, : 10, 5, 10, 10, 10, 10, 10, 10, 10, 10, 10, 10, 10, 10, 10, 10, 10, 2, 10, 1, 10, 10, 10, 10, 10, 10, 10, 10, 10, 1, 10, 10, 10, 10, 1, 14, 10, 10, 2, 10, 10, 10, 10, 10, 10, 10, 1, 10, 
24: 0, 10, 10, 0, 10, 0, 10, 0, 10, 10, 10, 10, 10, 0, 0, 0, 0, 0, 0, 0, 10, 10, 2, 10, 10, 10, 0, 10, 10, 0, 10, 10, 10, 0, 0, 10, 0, 0, 0, 0, 10, 0, 0, 10, 10, 2, 10, 10, 10, 10, 1, 10, 10, 17, 0, 0, 0, 10, 0, 10, 0, 0, 10, 10, 0, 0, 10, 10, 0, 10, 10, 10, 3, 1, 9, 0, 10, 10, 0, 0, : 10, 10, 10, 10, 10, 10, 10, 10, 10, 10, 10, 2, 10, 10, 10, 10, 10, 10, 10, 10, 10, 10, 10, 10, 2, 10, 10, 10, 10, 1, 10, 10, 17, 10, 10, 10, 10, 10, 10, 10, 10, 10, 3, 1, 9, 10, 10, 
30: 20, 0, 10, 10, 0, 0, 10, 1, 0, 10, 0, 2, 0, 1, 0, 10, 0, 0, 3, 0, 0, 10, 10, 0, 0, 10, 10, 0, 10, 10, 0, 10, 10, 0, 2, 10, 0, 11, 0, 3, 0, 0, 0, 0, 0, 10, 10, 0, 0, 10, 0, 10, 10, 0, 10, 10, 10, 0, 10, 10, 11, 10, 0, 0, 0, 10, 10, 0, 10, 0, 0, 10, 10, 10, 0, 10, 10, 0, 1, 10, : 20, 10, 10, 10, 1, 10, 2, 1, 10, 3, 10, 10, 10, 10, 10, 10, 10, 10, 2, 10, 11, 3, 10, 10, 10, 10, 10, 10, 10, 10, 10, 10, 11, 10, 10, 10, 10, 10, 10, 10, 10, 10, 1, 10, 
12: 0, 10, 10, 10, 0, 0, 0, 0, 0, 0, 0, 0, 10, 10, 10, 0, 10, 0, 10, 10, 10, 0, 10, 2, 0, 0, 10, 10, 0, 0, 0, 10, 10, 0, 10, 10, 2, 0, 0, 10, 0, 0, 10, 10, 0, 10, 10, 10, 0, 10, 10, 0, 0, 0, 0, 0, 10, 11, 10, 10, 10, 0, 10, 0, 10, 10, 0, 0, 3, 0, 0, 10, 0, 10, 0, 10, 0, 0, 10, 10, : 10, 10, 10, 10, 10, 10, 10, 10, 10, 10, 10, 2, 10, 10, 10, 10, 10, 10, 2, 10, 10, 10, 10, 10, 10, 10, 10, 10, 11, 10, 10, 10, 10, 10, 10, 3, 10, 10, 10, 10, 10, 


