
20
20
95
1

8: 10, 10, 1, 10, 0, 3, 0, 10, 0, 10, 10, 0, 5, 1, 0, 0, 10, 10, 10, 0, : 10, 10, 1, 10, 3, 10, 10, 10, 5, 1, 10, 10, 10, 
15: 0, 0, 0, 0, 10, 0, 0, 10, 10, 10, 3, 10, 10, 0, 10, 0, 10, 0, 0, 10, : 10, 10, 10, 10, 3, 10, 10, 10, 10, 10, 
4: 1, 10, 10, 10, 10, 10, 10, 0, 10, 0, 10, 10, 10, 0, 1, 0, 10, 0, 10, 0, : 1, 10, 10, 10, 10, 10, 10, 10, 10, 10, 10, 1, 10, 10, 
9: 0, 4, 0, 10, 10, 10, 1, 10, 0, 10, 0, 1, 0, 1, 10, 0, 0, 3, 2, 1, : 4, 10, 10, 10, 1, 10, 10, 1, 1, 10, 3, 2, 1, 
5: 10, 0, 3, 0, 3, 10, 10, 10, 10, 5, 2, 10, 0, 10, 1, 10, 0, 10, 10, 10, : 10, 3, 3, 10, 10, 10, 10, 5, 2, 10, 10, 1, 10, 10, 10, 10, 
1: 10, 0, 10, 1, 1, 1, 0, 4, 0, 0, 0, 0, 0, 10, 0, 10, 0, 10, 10, 10, : 10, 10, 1, 1, 1, 4, 10, 10, 10, 10, 10, 
12: 0, 0, 10, 0, 10, 0, 10, 10, 0, 10, 0, 10, 10, 10, 1, 10, 10, 0, 0, 0, : 10, 10, 10, 10, 10, 10, 10, 10, 1, 10, 10, 
6: 0, 10, 10, 0, 0, 0, 10, 0, 1, 10, 10, 10, 10, 10, 10, 10, 5, 0, 10, 10, : 10, 10, 10, 1, 10, 10, 10, 10, 10, 10, 10, 5, 10, 10, 
16: 0, 0, 10, 10, 0, 0, 0, 0, 10, 10, 0, 10, 10, 0, 10, 10, 10, 0, 0, 0, : 10, 10, 10, 10, 10, 10, 10, 10, 10, 
14: 10, 10, 10, 10, 10, 10, 0, 0, 0, 0, 0, 4, 10, 10, 0, 0, 0, 10, 1, 0, : 10, 10, 10, 10, 10, 10, 4, 10, 10, 10, 1, 
2: 0, 10, 0, 0, 10, 10, 0, 0, 10, 0, 10, 10, 10, 10, 10, 0, 0, 1, 0, 10, : 10, 10, 10, 10, 10, 10, 10, 10, 10, 1, 10, 
3: 10, 0, 0, 3, 1, 10, 10, 0, 10, 0, 10, 0, 0, 1, 2, 10, 0, 0, 10, 10, : 10, 3, 1, 10, 10, 10, 10, 1, 2, 10, 10, 10, 
10: 0, 1, 10, 0, 10, 0, 0, 10, 0, 10, 0, 0, 0, 0, 0, 10, 10, 1, 0, 0, : 1, 10, 10, 10, 10, 10, 10, 1, 
11: 4, 10, 0, 0, 0, 10, 10, 1, 10, 10, 0, 0, 0, 2, 10, 0, 10, 10, 10, 3, : 4, 10, 10, 10, 1, 10, 10, 2, 10, 10, 10, 10, 3, 
17: 0, 0, 10, 10, 0, 10, 0, 0, 10, 0, 10, 10, 0, 0, 0, 10, 0, 0, 2, 0, : 10, 10, 10, 10, 10, 10, 10, 2, 
19: 10, 0, 0, 10, 10, 0, 3, 10, 4, 0, 10, 0, 10, 0, 10, 10, 0, 10, 10, 10, : 10, 10, 10, 3, 10, 4, 10, 10, 10, 10, 10, 10, 10, 
7: 0, 10, 10, 0, 0, 0, 11, 10, 0, 0, 10, 0, 0, 10, 0, 0, 10, 10, 0, 1, : 10, 10, 11, 10, 10, 10, 10, 10, 1, 
20: 10, 10, 0, 10, 0, 0, 10, 0, 0, 10, 0, 0, 10, 0, 10, 1, 0, 0, 10, 10, : 10, 10, 10, 10, 10, 10, 10, 1, 10, 10, 
13: 10, 0, 0, 10, 0, 10, 0, 10, 10, 0, 10, 0, 0, 10, 0, 0, 10, 10, 0, 0, : 10, 10, 10, 10, 10, 10, 10, 10, 10, 
18: 10, 10, 1, 1, 10, 1, 10, 0, 0, 0, 0, 10, 0, 10, 10, 4, 0, 10, 0, 10, : 10, 10, 1, 1, 10, 1, 10, 10, 10, 10, 4, 10, 10, 


