
80
80
205
2

62: 10, 10, 0, 10, 10, 5, 0, 10, 10, 0, 10, 10, 10, 10, 10, 10, 0, 10, 10, 10, 10, 0, 0, 0, 0, 0, 0, 0, 10, 10, 0, 0, 10, 10, 0, 0, 0, 0, 0, 10, 10, 0, 10, 0, 10, 10, 10, 10, 0, 10, 0, 10, 10, 10, 4, 0, 10, 10, 10, 10, 1, 0, 10, 10, 0, 0, 0, 0, 0, 10, 10, 10, 0, 10, 0, 1, 0, 10, 0, 10, : 10, 10, 10, 10, 5, 10, 10, 10, 10, 10, 10, 10, 10, 10, 10, 10, 10, 10, 10, 10, 10, 10, 10, 10, 10, 10, 10, 10, 10, 10, 10, 10, 4, 10, 10, 10, 10, 1, 10, 10, 10, 10, 10, 10, 1, 10, 10, 
38: 0, 10, 0, 0, 10, 10, 0, 0, 10, 0, 10, 0, 0, 0, 10, 10, 10, 10, 0, 10, 5, 10, 0, 0, 0, 0, 10, 10, 0, 10, 0, 10, 0, 0, 0, 10, 0, 0, 10, 0, 0, 10, 10, 0, 4, 1, 16, 10, 10, 0, 10, 0, 0, 0, 2, 0, 10, 0, 10, 0, 0, 10, 0, 0, 0, 0, 0, 0, 2, 10, 10, 0, 0, 15, 5, 0, 0, 0, 10, 6, : 10, 10, 10, 10, 10, 10, 10, 10, 10, 10, 5, 10, 10, 10, 10, 10, 10, 10, 10, 10, 4, 1, 16, 10, 10, 10, 2, 10, 10, 10, 2, 10, 10, 15, 5, 10, 6, 
77: 0, 10, 0, 10, 10, 0, 10, 10, 0, 10, 0, 10, 0, 10, 0, 10, 1, 2, 10, 1, 10, 10, 10, 0, 10, 0, 0, 10, 10, 0, 0, 0, 0, 0, 10, 10, 0, 10, 10, 10, 0, 10, 0, 3, 0, 0, 0, 10, 0, 1, 10, 10, 0, 10, 10, 10, 10, 0, 0, 2, 10, 2, 1, 13, 0, 0, 0, 10, 0, 10, 10, 0, 0, 10, 10, 0, 10, 10, 10, 0, : 10, 10, 10, 10, 10, 10, 10, 10, 10, 1, 2, 10, 1, 10, 10, 10, 10, 10, 10, 10, 10, 10, 10, 10, 10, 3, 10, 1, 10, 10, 10, 10, 10, 10, 2, 10, 2, 1, 13, 10, 10, 10, 10, 10, 10, 10, 10, 
54: 0, 9, 10, 0, 0, 10, 10, 0, 10, 10, 2, 0, 10, 0, 1, 10, 0, 10, 0, 0, 0, 10, 10, 0, 10, 0, 10, 0, 0, 0, 0, 0, 1, 10, 0, 10, 0, 0, 2, 10, 0, 10, 10, 0, 0, 10, 0, 0, 6, 0, 10, 0, 1, 0, 0, 0, 0, 10, 0, 10, 10, 10, 10, 0, 0, 10, 0, 0, 10, 10, 10, 0, 0, 0, 0, 0, 2, 10, 3, 0, : 9, 10, 10, 10, 10, 10, 2, 10, 1, 10, 10, 10, 10, 10, 10, 1, 10, 10, 2, 10, 10, 10, 10, 6, 10, 1, 10, 10, 10, 10, 10, 10, 10, 10, 10, 2, 10, 3, 
37: 10, 0, 3, 10, 10, 0, 0, 10, 0, 0, 0, 0, 10, 0, 0, 10, 0, 10, 10, 0, 0, 1, 0, 10, 10, 0, 10, 0, 10, 0, 10, 10, 0, 4, 0, 0, 0, 10, 10, 10, 0, 0, 0, 10, 0, 10, 10, 0, 0, 10, 10, 10, 0, 10, 10, 0, 10, 0, 0, 0, 0, 0, 0, 0, 1, 0, 10, 10, 10, 0, 0, 10, 0, 10, 10, 10, 0, 1, 0, 10, : 10, 3, 10, 10, 10, 10, 10, 10, 10, 1, 10, 10, 10, 10, 10, 10, 4, 10, 10, 10, 10, 10, 10, 10, 10, 10, 10, 10, 10, 1, 10, 10, 10, 10, 10, 10, 10, 1, 10, 
13: 0, 10, 10, 0, 0, 10, 10, 10, 0, 0, 0, 0, 0, 0, 0, 10, 0, 0, 10, 0, 0, 10, 0, 10, 0, 10, 0, 10, 10, 10, 10, 0, 0, 10, 0, 0, 10, 4, 0, 10, 10, 10, 10, 0, 10, 0, 10, 0, 10, 0, 10, 0, 10, 10, 0, 0, 10, 10, 10, 10, 0, 2, 0, 0, 10, 10, 10, 0, 10, 0, 0, 10, 0, 10, 0, 0, 10, 0, 10, 0, : 10, 10, 10, 10, 10, 10, 10, 10, 10, 10, 10, 10, 10, 10, 10, 10, 4, 10, 10, 10, 10, 10, 10, 10, 10, 10, 10, 10, 10, 10, 10, 2, 10, 10, 10, 10, 10, 10, 10, 10, 
15: 10, 0, 0, 0, 10, 0, 0, 0, 0, 10, 0, 10, 0, 0, 17, 10, 0, 0, 10, 10, 0, 10, 0, 0, 0, 10, 10, 10, 1, 4, 10, 10, 10, 10, 0, 10, 2, 10, 10, 0, 10, 0, 0, 0, 0, 0, 10, 0, 4, 0, 0, 0, 10, 0, 0, 0, 0, 10, 10, 10, 0, 0, 0, 0, 10, 10, 10, 0, 10, 0, 0, 10, 10, 10, 10, 0, 10, 0, 10, 0, : 10, 10, 10, 10, 17, 10, 10, 10, 10, 10, 10, 10, 1, 4, 10, 10, 10, 10, 10, 2, 10, 10, 10, 10, 4, 10, 10, 10, 10, 10, 10, 10, 10, 10, 10, 10, 10, 10, 10, 
27: 0, 0, 10, 10, 10, 0, 10, 10, 10, 0, 0, 10, 0, 0, 10, 0, 10, 10, 10, 10, 0, 0, 10, 0, 0, 0, 10, 1, 10, 10, 0, 10, 0, 1, 10, 10, 0, 0, 1, 0, 1, 0, 10, 10, 0, 10, 10, 0, 10, 10, 0, 0, 0, 10, 10, 10, 10, 0, 10, 10, 10, 10, 10, 0, 10, 10, 0, 0, 0, 0, 0, 0, 10, 5, 10, 10, 10, 10, 0, 0, : 10, 10, 10, 10, 10, 10, 10, 10, 10, 10, 10, 10, 10, 10, 1, 10, 10, 10, 1, 10, 10, 1, 1, 10, 10, 10, 10, 10, 10, 10, 10, 10, 10, 10, 10, 10, 10, 10, 10, 10, 10, 5, 10, 10, 10, 10, 
26: 10, 10, 0, 10, 0, 10, 0, 0, 0, 0, 0, 0, 0, 10, 10, 10, 10, 10, 10, 0, 0, 0, 0, 10, 10, 10, 0, 0, 10, 10, 18, 0, 0, 10, 10, 10, 5, 10, 10, 0, 0, 0, 1, 10, 0, 0, 10, 4, 0, 10, 0, 10, 10, 10, 7, 6, 0, 0, 0, 10, 0, 10, 10, 0, 10, 0, 10, 10, 2, 0, 0, 0, 10, 0, 0, 0, 8, 0, 10, 0, : 10, 10, 10, 10, 10, 10, 10, 10, 10, 10, 10, 10, 10, 10, 10, 18, 10, 10, 10, 5, 10, 10, 1, 10, 10, 4, 10, 10, 10, 10, 7, 6, 10, 10, 10, 10, 10, 10, 2, 10, 8, 10, 
12: 0, 1, 0, 17, 0, 10, 10, 0, 0, 10, 10, 10, 0, 10, 1, 0, 0, 10, 0, 10, 0, 10, 1, 0, 0, 10, 10, 0, 10, 10, 10, 1, 17, 10, 10, 10, 10, 0, 0, 0, 9, 10, 10, 10, 10, 10, 10, 10, 0, 10, 10, 0, 10, 0, 0, 10, 0, 10, 0, 10, 0, 0, 0, 10, 0, 10, 0, 10, 10, 0, 10, 0, 0, 10, 0, 10, 0, 10, 0, 10, : 1, 17, 10, 10, 10, 10, 10, 10, 1, 10, 10, 10, 1, 10, 10, 10, 10, 10, 1, 17, 10, 10, 10, 10, 9, 10, 10, 10, 10, 10, 10, 10, 10, 10, 10, 10, 10, 10, 10, 10, 10, 10, 10, 10, 10, 10, 10, 
33: 0, 0, 10, 10, 9, 0, 0, 10, 10, 10, 10, 0, 10, 10, 10, 0, 0, 0, 0, 10, 0, 2, 0, 10, 10, 0, 0, 0, 0, 10, 10, 0, 0, 10, 0, 0, 10, 10, 0, 10, 0, 10, 0, 0, 10, 10, 0, 3, 0, 10, 10, 0, 10, 10, 0, 0, 0, 10, 10, 0, 0, 1, 10, 0, 10, 2, 10, 0, 0, 0, 0, 10, 0, 0, 0, 10, 10, 10, 7, 10, : 10, 10, 9, 10, 10, 10, 10, 10, 10, 10, 10, 2, 10, 10, 10, 10, 10, 10, 10, 10, 10, 10, 10, 3, 10, 10, 10, 10, 10, 10, 1, 10, 10, 2, 10, 10, 10, 10, 10, 7, 10, 
43: 0, 0, 10, 0, 10, 0, 10, 10, 0, 10, 0, 0, 0, 10, 10, 10, 10, 10, 10, 0, 10, 19, 0, 10, 10, 10, 0, 10, 0, 0, 10, 10, 10, 10, 10, 0, 10, 10, 0, 4, 0, 10, 0, 10, 0, 0, 0, 0, 10, 0, 0, 10, 10, 0, 10, 10, 10, 0, 0, 0, 10, 0, 0, 10, 10, 0, 10, 0, 0, 0, 10, 3, 1, 0, 10, 10, 10, 10, 10, 10, : 10, 10, 10, 10, 10, 10, 10, 10, 10, 10, 10, 10, 19, 10, 10, 10, 10, 10, 10, 10, 10, 10, 10, 10, 4, 10, 10, 10, 10, 10, 10, 10, 10, 10, 10, 10, 10, 10, 3, 1, 10, 10, 10, 10, 10, 10, 
7: 0, 0, 10, 0, 0, 0, 0, 0, 0, 10, 10, 10, 0, 19, 0, 0, 0, 0, 10, 0, 0, 0, 10, 10, 10, 0, 10, 0, 12, 10, 10, 10, 0, 0, 0, 10, 10, 0, 0, 0, 10, 0, 0, 10, 0, 10, 0, 0, 10, 10, 10, 10, 0, 0, 0, 11, 0, 10, 10, 10, 0, 0, 10, 10, 1, 0, 10, 0, 0, 9, 10, 0, 10, 10, 0, 0, 2, 0, 10, 10, : 10, 10, 10, 10, 19, 10, 10, 10, 10, 10, 12, 10, 10, 10, 10, 10, 10, 10, 10, 10, 10, 10, 10, 11, 10, 10, 10, 10, 10, 1, 10, 9, 10, 10, 10, 2, 10, 10, 
66: 0, 10, 0, 0, 10, 10, 0, 0, 0, 10, 0, 10, 10, 0, 0, 10, 10, 0, 10, 0, 10, 0, 10, 0, 10, 10, 2, 10, 10, 10, 0, 10, 10, 0, 10, 0, 10, 10, 0, 0, 10, 0, 0, 0, 10, 0, 10, 10, 0, 10, 0, 0, 10, 10, 0, 10, 10, 10, 10, 0, 0, 0, 10, 0, 0, 10, 0, 7, 10, 0, 0, 0, 10, 10, 10, 0, 0, 10, 10, 10, : 10, 10, 10, 10, 10, 10, 10, 10, 10, 10, 10, 10, 10, 2, 10, 10, 10, 10, 10, 10, 10, 10, 10, 10, 10, 10, 10, 10, 10, 10, 10, 10, 10, 10, 10, 7, 10, 10, 10, 10, 10, 10, 10, 
22: 10, 0, 0, 0, 0, 10, 0, 3, 10, 10, 10, 10, 0, 0, 10, 10, 10, 10, 3, 0, 10, 10, 10, 10, 10, 10, 10, 10, 0, 10, 10, 0, 10, 0, 0, 0, 0, 10, 10, 10, 10, 0, 10, 17, 10, 0, 10, 7, 0, 0, 10, 10, 0, 0, 2, 0, 10, 0, 1, 0, 10, 0, 0, 10, 3, 0, 0, 0, 10, 0, 0, 0, 10, 10, 10, 4, 0, 0, 2, 0, : 10, 10, 3, 10, 10, 10, 10, 10, 10, 10, 10, 3, 10, 10, 10, 10, 10, 10, 10, 10, 10, 10, 10, 10, 10, 10, 10, 10, 17, 10, 10, 7, 10, 10, 2, 10, 1, 10, 10, 3, 10, 10, 10, 10, 4, 2, 
75: 10, 0, 10, 10, 0, 0, 10, 10, 10, 4, 0, 0, 0, 10, 10, 0, 10, 0, 0, 10, 0, 0, 10, 0, 0, 0, 10, 10, 0, 10, 15, 10, 10, 10, 10, 10, 10, 0, 10, 0, 10, 10, 10, 0, 10, 10, 0, 10, 10, 0, 1, 10, 0, 10, 0, 0, 0, 0, 0, 10, 10, 0, 10, 0, 0, 0, 10, 10, 0, 0, 10, 10, 10, 0, 0, 10, 0, 0, 10, 0, : 10, 10, 10, 10, 10, 10, 4, 10, 10, 10, 10, 10, 10, 10, 10, 15, 10, 10, 10, 10, 10, 10, 10, 10, 10, 10, 10, 10, 10, 10, 1, 10, 10, 10, 10, 10, 10, 10, 10, 10, 10, 10, 10, 
78: 10, 10, 0, 10, 1, 10, 0, 0, 0, 10, 10, 10, 10, 10, 2, 10, 10, 10, 2, 10, 10, 10, 0, 0, 10, 10, 0, 10, 0, 10, 1, 10, 0, 0, 10, 10, 10, 0, 0, 0, 0, 0, 10, 0, 10, 10, 10, 10, 10, 0, 0, 12, 0, 10, 0, 10, 10, 10, 0, 10, 10, 10, 10, 10, 0, 10, 10, 0, 10, 0, 10, 10, 0, 10, 0, 10, 10, 10, 0, 0, : 10, 10, 10, 1, 10, 10, 10, 10, 10, 10, 2, 10, 10, 10, 2, 10, 10, 10, 10, 10, 10, 10, 1, 10, 10, 10, 10, 10, 10, 10, 10, 10, 10, 12, 10, 10, 10, 10, 10, 10, 10, 10, 10, 10, 10, 10, 10, 10, 10, 10, 10, 10, 
39: 0, 0, 0, 1, 10, 0, 10, 0, 10, 10, 0, 0, 10, 0, 0, 10, 10, 10, 10, 10, 10, 2, 10, 0, 0, 10, 10, 0, 10, 1, 0, 0, 10, 0, 1, 0, 10, 10, 10, 0, 10, 0, 0, 0, 10, 0, 10, 1, 10, 10, 10, 10, 10, 0, 10, 0, 0, 0, 0, 0, 0, 0, 0, 10, 10, 10, 0, 10, 10, 10, 0, 10, 0, 0, 0, 0, 0, 10, 10, 10, : 1, 10, 10, 10, 10, 10, 10, 10, 10, 10, 10, 10, 2, 10, 10, 10, 10, 1, 10, 1, 10, 10, 10, 10, 10, 10, 1, 10, 10, 10, 10, 10, 10, 10, 10, 10, 10, 10, 10, 10, 10, 10, 10, 
42: 10, 10, 10, 10, 10, 0, 10, 10, 9, 1, 10, 10, 5, 5, 0, 3, 0, 0, 0, 0, 0, 10, 0, 10, 10, 10, 0, 10, 10, 10, 0, 0, 10, 10, 0, 10, 10, 0, 10, 10, 0, 0, 10, 10, 0, 0, 10, 10, 0, 1, 2, 0, 0, 10, 0, 10, 0, 10, 10, 10, 10, 10, 0, 0, 10, 10, 10, 0, 0, 10, 10, 0, 10, 0, 10, 10, 10, 10, 10, 8, : 10, 10, 10, 10, 10, 10, 10, 9, 1, 10, 10, 5, 5, 3, 10, 10, 10, 10, 10, 10, 10, 10, 10, 10, 10, 10, 10, 10, 10, 10, 10, 1, 2, 10, 10, 10, 10, 10, 10, 10, 10, 10, 10, 10, 10, 10, 10, 10, 10, 10, 10, 8, 
51: 10, 0, 10, 10, 1, 10, 10, 10, 0, 10, 19, 1, 10, 0, 10, 10, 10, 0, 10, 10, 0, 0, 10, 10, 10, 10, 0, 0, 0, 0, 0, 0, 10, 0, 10, 10, 0, 1, 0, 10, 0, 0, 0, 0, 0, 10, 0, 0, 0, 0, 0, 10, 10, 10, 10, 10, 0, 0, 0, 0, 10, 10, 0, 0, 10, 10, 10, 10, 0, 10, 3, 10, 10, 10, 10, 0, 10, 0, 0, 10, : 10, 10, 10, 1, 10, 10, 10, 10, 19, 1, 10, 10, 10, 10, 10, 10, 10, 10, 10, 10, 10, 10, 10, 1, 10, 10, 10, 10, 10, 10, 10, 10, 10, 10, 10, 10, 10, 10, 3, 10, 10, 10, 10, 10, 10, 
63: 0, 0, 10, 0, 10, 0, 10, 0, 10, 10, 10, 10, 0, 10, 10, 10, 10, 0, 0, 10, 10, 10, 10, 0, 0, 0, 10, 0, 0, 0, 10, 0, 0, 10, 0, 10, 10, 10, 0, 10, 10, 10, 10, 10, 0, 10, 0, 0, 0, 0, 0, 0, 10, 2, 10, 2, 0, 10, 10, 0, 10, 0, 10, 9, 10, 0, 10, 0, 10, 10, 10, 10, 10, 10, 10, 10, 0, 10, 10, 1, : 10, 10, 10, 10, 10, 10, 10, 10, 10, 10, 10, 10, 10, 10, 10, 10, 10, 10, 10, 10, 10, 10, 10, 10, 10, 10, 10, 10, 2, 10, 2, 10, 10, 10, 10, 9, 10, 10, 10, 10, 10, 10, 10, 10, 10, 10, 10, 10, 1, 
57: 10, 0, 0, 0, 10, 10, 3, 0, 10, 10, 10, 10, 0, 10, 0, 0, 10, 0, 10, 0, 10, 10, 10, 7, 0, 0, 10, 0, 0, 0, 10, 10, 10, 0, 0, 10, 10, 10, 0, 0, 10, 10, 0, 0, 0, 0, 10, 10, 10, 0, 10, 0, 0, 0, 0, 0, 10, 0, 0, 0, 10, 0, 0, 0, 0, 1, 0, 0, 10, 16, 2, 2, 0, 0, 0, 0, 0, 0, 0, 0, : 10, 10, 10, 3, 10, 10, 10, 10, 10, 10, 10, 10, 10, 10, 7, 10, 10, 10, 10, 10, 10, 10, 10, 10, 10, 10, 10, 10, 10, 10, 1, 10, 16, 2, 2, 
11: 10, 0, 10, 10, 10, 0, 0, 0, 0, 0, 0, 0, 10, 0, 0, 0, 10, 10, 10, 0, 0, 10, 10, 10, 0, 5, 0, 10, 10, 0, 10, 4, 0, 8, 10, 0, 10, 0, 0, 0, 10, 11, 0, 0, 10, 3, 10, 0, 0, 10, 10, 0, 10, 0, 10, 10, 10, 0, 10, 3, 0, 0, 0, 0, 10, 10, 0, 10, 10, 10, 10, 10, 14, 0, 0, 10, 10, 0, 0, 10, : 10, 10, 10, 10, 10, 10, 10, 10, 10, 10, 10, 5, 10, 10, 10, 4, 8, 10, 10, 10, 11, 10, 3, 10, 10, 10, 10, 10, 10, 10, 10, 3, 10, 10, 10, 10, 10, 10, 10, 14, 10, 10, 10, 
55: 10, 10, 0, 0, 0, 10, 10, 3, 10, 10, 10, 10, 0, 0, 10, 10, 0, 0, 10, 10, 10, 0, 10, 0, 10, 0, 0, 0, 10, 10, 10, 10, 10, 0, 10, 0, 8, 0, 10, 0, 10, 1, 10, 10, 0, 10, 0, 0, 10, 10, 0, 10, 10, 10, 10, 0, 10, 10, 10, 10, 10, 0, 3, 10, 0, 0, 10, 10, 10, 10, 0, 10, 10, 0, 10, 10, 0, 10, 10, 10, : 10, 10, 10, 10, 3, 10, 10, 10, 10, 10, 10, 10, 10, 10, 10, 10, 10, 10, 10, 10, 10, 10, 8, 10, 10, 1, 10, 10, 10, 10, 10, 10, 10, 10, 10, 10, 10, 10, 10, 10, 3, 10, 10, 10, 10, 10, 10, 10, 10, 10, 10, 10, 10, 
46: 10, 10, 10, 10, 10, 10, 10, 10, 0, 0, 0, 10, 10, 10, 0, 0, 0, 10, 10, 0, 0, 0, 0, 0, 3, 10, 10, 10, 0, 0, 0, 10, 0, 0, 0, 0, 0, 0, 10, 10, 0, 10, 0, 10, 0, 0, 10, 10, 10, 10, 0, 10, 10, 10, 10, 0, 5, 1, 0, 0, 0, 10, 10, 0, 10, 10, 10, 0, 0, 10, 10, 10, 0, 10, 10, 10, 10, 0, 0, 10, : 10, 10, 10, 10, 10, 10, 10, 10, 10, 10, 10, 10, 10, 3, 10, 10, 10, 10, 10, 10, 10, 10, 10, 10, 10, 10, 10, 10, 10, 10, 5, 1, 10, 10, 10, 10, 10, 10, 10, 10, 10, 10, 10, 10, 10, 
71: 10, 0, 10, 0, 4, 0, 10, 0, 0, 0, 10, 0, 10, 10, 10, 0, 0, 2, 10, 10, 10, 10, 10, 0, 0, 0, 0, 10, 2, 0, 0, 0, 10, 10, 2, 0, 0, 0, 0, 10, 10, 10, 0, 10, 10, 0, 0, 10, 0, 10, 0, 10, 10, 0, 10, 0, 0, 10, 10, 0, 7, 0, 0, 10, 10, 0, 1, 10, 10, 10, 10, 0, 10, 0, 0, 10, 10, 1, 10, 0, : 10, 10, 4, 10, 10, 10, 10, 10, 2, 10, 10, 10, 10, 10, 10, 2, 10, 10, 2, 10, 10, 10, 10, 10, 10, 10, 10, 10, 10, 10, 10, 7, 10, 10, 1, 10, 10, 10, 10, 10, 10, 10, 1, 10, 
59: 0, 0, 10, 0, 0, 0, 1, 0, 10, 0, 0, 10, 10, 0, 0, 0, 0, 10, 0, 10, 0, 10, 0, 10, 0, 0, 10, 10, 0, 0, 10, 10, 0, 10, 10, 10, 0, 0, 2, 10, 0, 0, 10, 10, 0, 0, 10, 10, 10, 10, 0, 10, 10, 10, 0, 10, 10, 0, 10, 0, 10, 10, 0, 10, 10, 10, 0, 10, 10, 10, 0, 10, 0, 0, 0, 0, 10, 1, 10, 10, : 10, 1, 10, 10, 10, 10, 10, 10, 10, 10, 10, 10, 10, 10, 10, 10, 2, 10, 10, 10, 10, 10, 10, 10, 10, 10, 10, 10, 10, 10, 10, 10, 10, 10, 10, 10, 10, 10, 10, 10, 1, 10, 10, 
79: 10, 10, 1, 0, 10, 10, 0, 10, 0, 0, 10, 0, 0, 10, 0, 0, 2, 1, 0, 0, 0, 10, 0, 10, 0, 0, 0, 0, 10, 10, 0, 0, 10, 10, 0, 0, 0, 10, 10, 1, 10, 10, 10, 0, 10, 0, 1, 0, 0, 10, 10, 0, 2, 0, 0, 0, 0, 10, 0, 10, 0, 0, 10, 0, 0, 10, 4, 10, 0, 0, 10, 10, 0, 10, 0, 10, 2, 10, 0, 0, : 10, 10, 1, 10, 10, 10, 10, 10, 2, 1, 10, 10, 10, 10, 10, 10, 10, 10, 1, 10, 10, 10, 10, 1, 10, 10, 2, 10, 10, 10, 10, 4, 10, 10, 10, 10, 10, 2, 10, 
69: 0, 0, 10, 7, 0, 0, 0, 14, 10, 0, 10, 10, 0, 0, 10, 10, 0, 10, 0, 2, 0, 0, 0, 0, 10, 10, 0, 0, 0, 0, 1, 0, 7, 0, 10, 10, 0, 10, 10, 10, 10, 0, 0, 0, 0, 0, 0, 10, 10, 0, 10, 0, 0, 10, 0, 10, 0, 0, 0, 10, 10, 10, 0, 10, 10, 10, 10, 10, 0, 10, 0, 0, 10, 0, 10, 0, 0, 0, 0, 0, : 10, 7, 14, 10, 10, 10, 10, 10, 10, 2, 10, 10, 1, 7, 10, 10, 10, 10, 10, 10, 10, 10, 10, 10, 10, 10, 10, 10, 10, 10, 10, 10, 10, 10, 10, 10, 
34: 10, 10, 1, 0, 0, 10, 10, 10, 0, 10, 0, 0, 10, 10, 10, 0, 2, 10, 0, 10, 10, 0, 0, 10, 10, 0, 10, 10, 10, 0, 0, 10, 0, 0, 10, 10, 10, 10, 10, 10, 10, 10, 10, 10, 10, 10, 0, 10, 5, 10, 10, 0, 1, 0, 10, 10, 0, 13, 0, 0, 2, 10, 0, 3, 0, 10, 0, 10, 0, 10, 10, 0, 0, 0, 0, 10, 10, 10, 10, 0, : 10, 10, 1, 10, 10, 10, 10, 10, 10, 10, 2, 10, 10, 10, 10, 10, 10, 10, 10, 10, 10, 10, 10, 10, 10, 10, 10, 10, 10, 10, 10, 10, 10, 5, 10, 10, 1, 10, 10, 13, 2, 10, 3, 10, 10, 10, 10, 10, 10, 10, 10, 
80: 10, 10, 0, 10, 0, 10, 1, 0, 16, 10, 10, 0, 10, 10, 0, 0, 10, 10, 0, 10, 10, 0, 10, 7, 10, 10, 1, 0, 10, 0, 0, 0, 0, 0, 2, 10, 0, 10, 0, 10, 10, 1, 0, 10, 10, 0, 0, 0, 10, 0, 10, 10, 10, 10, 10, 0, 10, 10, 10, 0, 10, 10, 10, 10, 10, 0, 10, 0, 0, 10, 10, 10, 10, 10, 10, 0, 10, 10, 0, 0, : 10, 10, 10, 10, 1, 16, 10, 10, 10, 10, 10, 10, 10, 10, 10, 7, 10, 10, 1, 10, 2, 10, 10, 10, 10, 1, 10, 10, 10, 10, 10, 10, 10, 10, 10, 10, 10, 10, 10, 10, 10, 10, 10, 10, 10, 10, 10, 10, 10, 10, 10, 
20: 0, 7, 10, 0, 0, 10, 10, 5, 0, 10, 0, 0, 0, 0, 10, 0, 10, 0, 0, 0, 10, 10, 10, 10, 10, 10, 0, 4, 0, 10, 0, 10, 10, 0, 0, 0, 10, 0, 10, 0, 0, 0, 1, 10, 10, 10, 0, 10, 0, 0, 10, 10, 10, 10, 10, 10, 10, 10, 10, 10, 0, 10, 10, 10, 0, 0, 10, 0, 10, 0, 0, 10, 10, 10, 0, 0, 0, 10, 0, 10, : 7, 10, 10, 10, 5, 10, 10, 10, 10, 10, 10, 10, 10, 10, 4, 10, 10, 10, 10, 10, 1, 10, 10, 10, 10, 10, 10, 10, 10, 10, 10, 10, 10, 10, 10, 10, 10, 10, 10, 10, 10, 10, 10, 10, 10, 
14: 0, 10, 0, 10, 10, 0, 0, 10, 10, 0, 0, 0, 0, 10, 10, 1, 10, 0, 0, 0, 10, 0, 0, 10, 0, 10, 0, 10, 10, 10, 0, 10, 10, 10, 10, 10, 0, 0, 0, 10, 5, 10, 10, 10, 0, 5, 0, 0, 10, 10, 0, 0, 10, 10, 10, 10, 0, 0, 10, 0, 5, 20, 10, 10, 0, 10, 10, 0, 10, 0, 0, 10, 0, 0, 10, 10, 0, 0, 1, 10, : 10, 10, 10, 10, 10, 10, 10, 1, 10, 10, 10, 10, 10, 10, 10, 10, 10, 10, 10, 10, 10, 5, 10, 10, 10, 5, 10, 10, 10, 10, 10, 10, 10, 5, 20, 10, 10, 10, 10, 10, 10, 10, 10, 1, 10, 
25: 5, 18, 10, 0, 10, 10, 10, 0, 10, 0, 17, 0, 10, 0, 0, 10, 10, 0, 0, 10, 10, 0, 4, 0, 10, 10, 10, 10, 0, 0, 10, 10, 0, 0, 10, 0, 10, 10, 10, 0, 0, 10, 2, 3, 10, 10, 1, 10, 0, 2, 10, 0, 0, 0, 10, 0, 0, 10, 4, 10, 10, 10, 1, 10, 0, 0, 0, 18, 1, 0, 10, 0, 10, 10, 10, 10, 10, 0, 1, 0, : 5, 18, 10, 10, 10, 10, 10, 17, 10, 10, 10, 10, 10, 4, 10, 10, 10, 10, 10, 10, 10, 10, 10, 10, 10, 2, 3, 10, 10, 1, 10, 2, 10, 10, 10, 4, 10, 10, 10, 1, 10, 18, 1, 10, 10, 10, 10, 10, 10, 1, 
56: 10, 10, 0, 10, 10, 10, 10, 10, 0, 0, 6, 10, 10, 10, 0, 0, 0, 0, 0, 0, 10, 0, 10, 10, 10, 0, 10, 0, 0, 0, 10, 0, 0, 10, 0, 0, 10, 10, 10, 10, 0, 0, 0, 10, 1, 0, 0, 10, 10, 10, 2, 3, 0, 10, 10, 10, 0, 0, 10, 10, 10, 0, 0, 10, 10, 0, 10, 0, 10, 0, 0, 10, 10, 0, 10, 0, 10, 0, 1, 10, : 10, 10, 10, 10, 10, 10, 10, 6, 10, 10, 10, 10, 10, 10, 10, 10, 10, 10, 10, 10, 10, 10, 10, 1, 10, 10, 10, 2, 3, 10, 10, 10, 10, 10, 10, 10, 10, 10, 10, 10, 10, 10, 10, 1, 10, 
18: 0, 0, 0, 10, 10, 0, 0, 0, 10, 10, 10, 10, 10, 0, 0, 10, 10, 0, 10, 0, 10, 10, 10, 0, 0, 0, 10, 0, 10, 10, 0, 10, 10, 10, 10, 10, 0, 10, 10, 10, 0, 0, 1, 0, 10, 0, 0, 10, 0, 10, 0, 10, 0, 0, 0, 10, 10, 0, 10, 10, 10, 10, 10, 0, 10, 10, 10, 10, 0, 10, 0, 0, 10, 0, 10, 0, 10, 10, 10, 0, : 10, 10, 10, 10, 10, 10, 10, 10, 10, 10, 10, 10, 10, 10, 10, 10, 10, 10, 10, 10, 10, 10, 10, 10, 1, 10, 10, 10, 10, 10, 10, 10, 10, 10, 10, 10, 10, 10, 10, 10, 10, 10, 10, 10, 10, 10, 
73: 10, 0, 10, 0, 0, 10, 0, 10, 10, 10, 0, 0, 10, 1, 0, 0, 10, 0, 10, 10, 10, 0, 10, 1, 2, 10, 0, 10, 10, 0, 10, 0, 0, 10, 10, 5, 10, 10, 0, 0, 10, 0, 10, 0, 0, 10, 0, 0, 10, 0, 0, 10, 10, 3, 10, 0, 10, 10, 0, 0, 0, 0, 10, 10, 0, 10, 0, 10, 0, 10, 0, 0, 0, 0, 0, 10, 10, 1, 0, 0, : 10, 10, 10, 10, 10, 10, 10, 1, 10, 10, 10, 10, 10, 1, 2, 10, 10, 10, 10, 10, 10, 5, 10, 10, 10, 10, 10, 10, 10, 10, 3, 10, 10, 10, 10, 10, 10, 10, 10, 10, 10, 1, 
50: 0, 10, 10, 0, 0, 10, 0, 10, 0, 0, 1, 0, 0, 10, 4, 1, 10, 10, 0, 10, 0, 10, 10, 10, 10, 10, 10, 10, 0, 10, 10, 10, 10, 0, 10, 0, 10, 0, 10, 0, 0, 12, 10, 1, 10, 10, 10, 0, 0, 1, 0, 0, 0, 0, 10, 0, 10, 10, 0, 0, 10, 10, 10, 0, 10, 0, 0, 10, 10, 0, 0, 0, 0, 0, 10, 10, 1, 10, 10, 10, : 10, 10, 10, 10, 1, 10, 4, 1, 10, 10, 10, 10, 10, 10, 10, 10, 10, 10, 10, 10, 10, 10, 10, 10, 10, 12, 10, 1, 10, 10, 10, 1, 10, 10, 10, 10, 10, 10, 10, 10, 10, 10, 10, 1, 10, 10, 10, 
6: 0, 0, 0, 10, 0, 0, 10, 0, 0, 0, 0, 14, 10, 0, 10, 0, 0, 10, 0, 2, 0, 0, 0, 10, 0, 0, 2, 10, 0, 0, 0, 10, 0, 12, 0, 0, 0, 0, 10, 0, 10, 10, 10, 10, 10, 16, 7, 0, 10, 10, 10, 10, 0, 0, 0, 10, 0, 0, 0, 10, 0, 10, 10, 10, 10, 10, 0, 0, 10, 0, 10, 10, 10, 10, 0, 10, 0, 1, 10, 10, : 10, 10, 14, 10, 10, 10, 2, 10, 2, 10, 10, 12, 10, 10, 10, 10, 10, 10, 16, 7, 10, 10, 10, 10, 10, 10, 10, 10, 10, 10, 10, 10, 10, 10, 10, 10, 10, 1, 10, 10, 
64: 10, 10, 10, 10, 0, 0, 10, 10, 10, 0, 0, 10, 10, 0, 10, 10, 0, 10, 10, 10, 10, 1, 0, 10, 0, 10, 10, 0, 10, 10, 0, 0, 10, 0, 10, 0, 0, 10, 0, 10, 0, 10, 10, 1, 10, 10, 10, 10, 10, 0, 10, 0, 1, 0, 0, 16, 10, 1, 10, 10, 0, 10, 10, 0, 0, 2, 0, 10, 0, 0, 10, 0, 0, 5, 10, 0, 0, 10, 0, 10, : 10, 10, 10, 10, 10, 10, 10, 10, 10, 10, 10, 10, 10, 10, 10, 1, 10, 10, 10, 10, 10, 10, 10, 10, 10, 10, 10, 1, 10, 10, 10, 10, 10, 10, 1, 16, 10, 1, 10, 10, 10, 10, 2, 10, 10, 5, 10, 10, 10, 


10: 10, 0, 0, 0, 10, 10, 10, 0, 10, 0, 0, 10, 0, 0, 0, 10, 0, 10, 0, 0, 0, 1, 10, 10, 10, 0, 10, 10, 10, 0, 0, 10, 0, 10, 0, 10, 0, 0, 0, 10, 0, 10, 3, 10, 0, 7, 0, 10, 10, 0, 0, 10, 10, 10, 10, 0, 0, 10, 10, 10, 0, 10, 10, 10, 0, 0, 6, 0, 0, 0, 10, 0, 1, 10, 0, 5, 0, 0, 10, 0, : 10, 10, 10, 10, 10, 10, 10, 10, 1, 10, 10, 10, 10, 10, 10, 10, 10, 10, 10, 10, 3, 10, 7, 10, 10, 10, 10, 10, 10, 10, 10, 10, 10, 10, 10, 6, 10, 1, 10, 5, 10, 
8: 10, 10, 0, 0, 10, 0, 0, 10, 0, 0, 0, 0, 10, 10, 0, 10, 10, 0, 10, 0, 10, 10, 0, 0, 10, 10, 0, 0, 0, 10, 1, 0, 0, 0, 10, 10, 10, 10, 10, 0, 10, 10, 0, 10, 0, 0, 10, 0, 10, 10, 0, 10, 5, 0, 0, 10, 10, 10, 0, 0, 0, 10, 10, 10, 10, 0, 10, 10, 10, 10, 10, 0, 10, 10, 10, 10, 1, 0, 0, 0, : 10, 10, 10, 10, 10, 10, 10, 10, 10, 10, 10, 10, 10, 10, 1, 10, 10, 10, 10, 10, 10, 10, 10, 10, 10, 10, 10, 5, 10, 10, 10, 10, 10, 10, 10, 10, 10, 10, 10, 10, 10, 10, 10, 10, 1, 
65: 0, 10, 10, 10, 10, 0, 10, 10, 0, 10, 10, 0, 13, 0, 2, 0, 10, 10, 0, 10, 10, 0, 0, 0, 10, 10, 0, 0, 5, 0, 10, 10, 0, 10, 0, 5, 0, 0, 1, 0, 0, 0, 10, 0, 0, 0, 10, 0, 10, 0, 10, 0, 10, 0, 0, 0, 0, 0, 10, 0, 10, 10, 10, 0, 10, 0, 13, 2, 0, 1, 0, 10, 0, 10, 10, 0, 10, 10, 10, 0, : 10, 10, 10, 10, 10, 10, 10, 10, 13, 2, 10, 10, 10, 10, 10, 10, 5, 10, 10, 10, 5, 1, 10, 10, 10, 10, 10, 10, 10, 10, 10, 10, 13, 2, 1, 10, 10, 10, 10, 10, 10, 
24: 0, 10, 0, 10, 0, 10, 10, 10, 10, 0, 10, 0, 0, 10, 10, 0, 0, 10, 10, 10, 0, 0, 10, 10, 0, 10, 13, 0, 0, 10, 0, 0, 10, 10, 0, 10, 10, 10, 10, 10, 10, 0, 10, 0, 20, 10, 0, 10, 0, 0, 10, 0, 0, 10, 10, 10, 10, 0, 0, 0, 0, 10, 0, 10, 0, 10, 10, 0, 10, 10, 10, 1, 10, 10, 0, 10, 0, 10, 0, 0, : 10, 10, 10, 10, 10, 10, 10, 10, 10, 10, 10, 10, 10, 10, 10, 13, 10, 10, 10, 10, 10, 10, 10, 10, 10, 10, 20, 10, 10, 10, 10, 10, 10, 10, 10, 10, 10, 10, 10, 10, 10, 1, 10, 10, 10, 10, 
68: 0, 0, 0, 10, 0, 0, 0, 10, 10, 10, 10, 10, 10, 0, 10, 0, 10, 0, 0, 0, 0, 10, 0, 0, 1, 10, 10, 10, 0, 0, 10, 0, 10, 0, 10, 10, 10, 10, 0, 10, 10, 10, 10, 10, 0, 10, 10, 0, 10, 10, 10, 10, 10, 4, 0, 10, 7, 0, 0, 10, 10, 10, 0, 2, 10, 10, 0, 10, 0, 1, 0, 10, 10, 2, 10, 0, 10, 10, 10, 10, : 10, 10, 10, 10, 10, 10, 10, 10, 10, 10, 1, 10, 10, 10, 10, 10, 10, 10, 10, 10, 10, 10, 10, 10, 10, 10, 10, 10, 10, 10, 10, 10, 4, 10, 7, 10, 10, 10, 2, 10, 10, 10, 1, 10, 10, 2, 10, 10, 10, 10, 10, 
61: 0, 10, 10, 10, 0, 10, 0, 0, 4, 0, 0, 10, 12, 10, 0, 0, 10, 10, 0, 10, 0, 10, 10, 10, 10, 10, 10, 0, 10, 10, 0, 10, 10, 0, 4, 10, 0, 10, 10, 1, 10, 0, 1, 10, 10, 0, 10, 0, 10, 0, 0, 1, 10, 0, 0, 0, 0, 10, 10, 0, 0, 0, 10, 0, 0, 0, 10, 0, 10, 0, 10, 0, 0, 0, 10, 10, 2, 0, 0, 10, : 10, 10, 10, 10, 4, 10, 12, 10, 10, 10, 10, 10, 10, 10, 10, 10, 10, 10, 10, 10, 10, 4, 10, 10, 10, 1, 10, 1, 10, 10, 10, 10, 1, 10, 10, 10, 10, 10, 10, 10, 10, 10, 2, 10, 
41: 10, 10, 10, 0, 10, 0, 10, 10, 0, 10, 10, 10, 0, 0, 10, 0, 0, 10, 0, 10, 0, 10, 10, 10, 10, 0, 0, 10, 10, 10, 0, 10, 10, 0, 10, 0, 10, 10, 10, 10, 10, 10, 0, 10, 10, 10, 10, 10, 10, 2, 10, 4, 10, 0, 10, 0, 10, 10, 6, 0, 10, 1, 10, 10, 0, 10, 0, 0, 10, 10, 0, 10, 0, 0, 10, 10, 0, 10, 10, 10, : 10, 10, 10, 10, 10, 10, 10, 10, 10, 10, 10, 10, 10, 10, 10, 10, 10, 10, 10, 10, 10, 10, 10, 10, 10, 10, 10, 10, 10, 10, 10, 10, 10, 10, 2, 10, 4, 10, 10, 10, 10, 6, 10, 1, 10, 10, 10, 10, 10, 10, 10, 10, 10, 10, 10, 
2: 10, 0, 10, 10, 0, 9, 0, 0, 0, 10, 10, 12, 10, 0, 10, 0, 10, 0, 10, 0, 1, 0, 20, 2, 0, 10, 0, 0, 10, 10, 10, 0, 0, 10, 10, 10, 0, 10, 10, 0, 0, 10, 10, 10, 0, 0, 1, 5, 1, 10, 0, 10, 10, 0, 10, 10, 0, 0, 10, 10, 0, 0, 0, 0, 3, 0, 10, 0, 0, 0, 0, 0, 0, 0, 10, 10, 10, 0, 10, 0, : 10, 10, 10, 9, 10, 10, 12, 10, 10, 10, 10, 1, 20, 2, 10, 10, 10, 10, 10, 10, 10, 10, 10, 10, 10, 10, 1, 5, 1, 10, 10, 10, 10, 10, 10, 10, 3, 10, 10, 10, 10, 10, 
19: 10, 0, 10, 10, 2, 0, 10, 0, 0, 10, 10, 0, 0, 0, 0, 0, 9, 0, 10, 10, 10, 10, 0, 10, 0, 10, 1, 10, 10, 0, 0, 0, 0, 10, 0, 0, 0, 10, 0, 10, 0, 0, 0, 0, 4, 0, 0, 0, 0, 10, 10, 10, 0, 0, 10, 0, 0, 10, 10, 0, 10, 0, 10, 10, 0, 10, 0, 0, 4, 10, 0, 10, 10, 0, 10, 10, 10, 17, 0, 10, : 10, 10, 10, 2, 10, 10, 10, 9, 10, 10, 10, 10, 10, 10, 1, 10, 10, 10, 10, 10, 4, 10, 10, 10, 10, 10, 10, 10, 10, 10, 10, 4, 10, 10, 10, 10, 10, 10, 17, 10, 
45: 0, 0, 10, 0, 10, 0, 10, 0, 10, 10, 0, 10, 10, 4, 10, 10, 19, 0, 10, 0, 10, 0, 0, 0, 10, 0, 0, 0, 0, 10, 10, 10, 10, 10, 0, 0, 0, 0, 0, 10, 4, 0, 0, 1, 0, 10, 10, 0, 0, 0, 0, 10, 0, 0, 10, 14, 10, 10, 0, 0, 0, 0, 10, 0, 10, 0, 0, 10, 10, 10, 10, 10, 10, 5, 10, 0, 0, 10, 10, 0, : 10, 10, 10, 10, 10, 10, 10, 4, 10, 10, 19, 10, 10, 10, 10, 10, 10, 10, 10, 10, 4, 1, 10, 10, 10, 10, 14, 10, 10, 10, 10, 10, 10, 10, 10, 10, 10, 5, 10, 10, 10, 
72: 10, 0, 10, 0, 10, 0, 0, 0, 0, 0, 10, 0, 10, 0, 0, 10, 6, 0, 0, 10, 0, 0, 10, 0, 10, 0, 10, 0, 0, 18, 0, 10, 10, 10, 0, 0, 0, 0, 10, 10, 0, 0, 0, 0, 10, 0, 0, 0, 0, 10, 0, 0, 0, 10, 10, 10, 10, 0, 10, 10, 0, 10, 0, 1, 10, 10, 10, 0, 10, 10, 5, 0, 10, 10, 0, 0, 0, 2, 0, 0, : 10, 10, 10, 10, 10, 10, 6, 10, 10, 10, 10, 18, 10, 10, 10, 10, 10, 10, 10, 10, 10, 10, 10, 10, 10, 10, 1, 10, 10, 10, 10, 10, 5, 10, 10, 2, 
9: 10, 10, 10, 0, 10, 10, 0, 10, 10, 10, 0, 10, 10, 10, 10, 10, 10, 10, 0, 0, 0, 10, 0, 0, 1, 10, 1, 0, 0, 10, 0, 10, 0, 0, 0, 10, 10, 0, 10, 10, 10, 10, 10, 0, 0, 10, 0, 0, 0, 10, 0, 0, 0, 0, 10, 0, 10, 10, 0, 10, 10, 1, 10, 0, 10, 10, 1, 10, 0, 0, 0, 0, 0, 10, 0, 10, 10, 0, 10, 0, : 10, 10, 10, 10, 10, 10, 10, 10, 10, 10, 10, 10, 10, 10, 10, 10, 1, 10, 1, 10, 10, 10, 10, 10, 10, 10, 10, 10, 10, 10, 10, 10, 10, 10, 10, 1, 10, 10, 10, 1, 10, 10, 10, 10, 10, 
48: 8, 0, 0, 0, 10, 0, 0, 10, 10, 10, 0, 10, 0, 10, 3, 0, 0, 0, 4, 10, 0, 10, 10, 10, 10, 0, 0, 0, 0, 0, 10, 0, 10, 0, 10, 10, 0, 10, 0, 10, 10, 10, 0, 10, 0, 0, 0, 0, 0, 0, 0, 0, 0, 10, 10, 10, 0, 0, 10, 0, 0, 0, 2, 10, 0, 0, 0, 10, 10, 0, 10, 0, 1, 10, 0, 10, 10, 10, 10, 10, : 8, 10, 10, 10, 10, 10, 10, 3, 4, 10, 10, 10, 10, 10, 10, 10, 10, 10, 10, 10, 10, 10, 10, 10, 10, 10, 10, 2, 10, 10, 10, 10, 1, 10, 10, 10, 10, 10, 10, 
5: 10, 10, 0, 0, 10, 10, 10, 10, 0, 0, 10, 10, 0, 0, 10, 0, 10, 0, 10, 0, 10, 10, 10, 10, 10, 0, 10, 10, 0, 0, 0, 10, 10, 0, 10, 10, 10, 0, 10, 0, 10, 0, 10, 10, 0, 0, 10, 10, 10, 10, 10, 0, 0, 0, 0, 10, 14, 10, 10, 10, 10, 0, 0, 10, 0, 10, 10, 2, 10, 10, 0, 10, 10, 10, 0, 10, 0, 14, 0, 10, : 10, 10, 10, 10, 10, 10, 10, 10, 10, 10, 10, 10, 10, 10, 10, 10, 10, 10, 10, 10, 10, 10, 10, 10, 10, 10, 10, 10, 10, 10, 10, 10, 10, 14, 10, 10, 10, 10, 10, 10, 10, 2, 10, 10, 10, 10, 10, 10, 14, 10, 
52: 0, 0, 10, 0, 10, 10, 10, 0, 10, 1, 0, 0, 6, 0, 0, 10, 0, 0, 3, 10, 0, 10, 10, 10, 10, 10, 0, 0, 10, 0, 10, 0, 0, 0, 0, 0, 10, 10, 0, 0, 10, 10, 10, 0, 10, 10, 10, 10, 0, 10, 10, 0, 0, 0, 1, 10, 10, 10, 0, 10, 1, 0, 0, 10, 2, 0, 0, 10, 1, 10, 10, 0, 0, 0, 10, 10, 10, 0, 0, 10, : 10, 10, 10, 10, 10, 1, 6, 10, 3, 10, 10, 10, 10, 10, 10, 10, 10, 10, 10, 10, 10, 10, 10, 10, 10, 10, 10, 10, 1, 10, 10, 10, 10, 1, 10, 2, 10, 1, 10, 10, 10, 10, 10, 10, 
32: 7, 10, 2, 10, 0, 0, 10, 10, 0, 10, 10, 0, 0, 10, 10, 0, 0, 0, 10, 10, 10, 0, 0, 0, 10, 0, 10, 9, 10, 0, 0, 10, 10, 2, 10, 0, 0, 10, 0, 0, 0, 0, 0, 10, 10, 0, 0, 0, 0, 10, 10, 0, 0, 0, 10, 0, 1, 10, 0, 0, 10, 10, 1, 10, 10, 10, 2, 10, 0, 10, 10, 0, 10, 0, 0, 0, 2, 10, 10, 0, : 7, 10, 2, 10, 10, 10, 10, 10, 10, 10, 10, 10, 10, 10, 10, 9, 10, 10, 10, 2, 10, 10, 10, 10, 10, 10, 10, 1, 10, 10, 10, 1, 10, 10, 10, 2, 10, 10, 10, 10, 2, 10, 10, 
47: 0, 10, 0, 0, 10, 10, 10, 10, 10, 4, 0, 0, 0, 0, 0, 10, 10, 0, 10, 0, 10, 10, 0, 0, 0, 0, 0, 10, 10, 0, 18, 10, 10, 0, 10, 0, 10, 10, 10, 0, 0, 10, 10, 0, 10, 10, 4, 10, 0, 0, 0, 10, 0, 10, 10, 10, 0, 10, 10, 0, 0, 0, 0, 0, 10, 10, 10, 10, 10, 10, 10, 2, 10, 10, 10, 0, 10, 0, 10, 17, : 10, 10, 10, 10, 10, 10, 4, 10, 10, 10, 10, 10, 10, 10, 18, 10, 10, 10, 10, 10, 10, 10, 10, 10, 10, 4, 10, 10, 10, 10, 10, 10, 10, 10, 10, 10, 10, 10, 10, 10, 2, 10, 10, 10, 10, 10, 17, 
70: 0, 10, 0, 10, 10, 0, 0, 0, 10, 10, 0, 10, 0, 10, 0, 10, 10, 0, 10, 0, 10, 0, 10, 0, 0, 10, 10, 0, 10, 0, 0, 10, 10, 0, 10, 0, 10, 10, 0, 0, 0, 10, 0, 0, 0, 0, 0, 0, 0, 0, 0, 0, 0, 10, 0, 10, 2, 10, 10, 0, 0, 10, 0, 10, 0, 10, 10, 0, 10, 0, 0, 10, 0, 1, 0, 0, 10, 10, 10, 10, : 10, 10, 10, 10, 10, 10, 10, 10, 10, 10, 10, 10, 10, 10, 10, 10, 10, 10, 10, 10, 10, 10, 10, 2, 10, 10, 10, 10, 10, 10, 10, 10, 1, 10, 10, 10, 10, 
35: 10, 10, 0, 0, 0, 10, 10, 0, 10, 0, 0, 16, 10, 10, 10, 10, 0, 7, 0, 0, 10, 1, 10, 0, 10, 10, 0, 10, 0, 0, 10, 0, 0, 0, 0, 10, 3, 10, 10, 10, 10, 10, 10, 0, 10, 10, 0, 10, 2, 0, 2, 0, 10, 0, 1, 0, 0, 0, 0, 10, 10, 10, 0, 10, 0, 0, 10, 0, 0, 10, 0, 10, 0, 10, 14, 10, 0, 2, 5, 10, : 10, 10, 10, 10, 10, 16, 10, 10, 10, 10, 7, 10, 1, 10, 10, 10, 10, 10, 10, 3, 10, 10, 10, 10, 10, 10, 10, 10, 10, 2, 2, 10, 1, 10, 10, 10, 10, 10, 10, 10, 10, 14, 10, 2, 5, 10, 
67: 10, 0, 10, 10, 0, 10, 0, 10, 10, 10, 0, 10, 3, 0, 0, 1, 0, 10, 10, 0, 4, 0, 0, 0, 10, 3, 0, 0, 10, 10, 0, 10, 0, 0, 0, 0, 0, 10, 4, 10, 0, 0, 10, 10, 0, 10, 10, 10, 10, 0, 10, 0, 10, 0, 0, 1, 10, 0, 0, 10, 17, 0, 10, 0, 0, 0, 0, 0, 10, 0, 10, 0, 0, 10, 0, 10, 10, 10, 0, 0, : 10, 10, 10, 10, 10, 10, 10, 10, 3, 1, 10, 10, 4, 10, 3, 10, 10, 10, 10, 4, 10, 10, 10, 10, 10, 10, 10, 10, 10, 1, 10, 10, 17, 10, 10, 10, 10, 10, 10, 10, 
31: 0, 10, 10, 10, 0, 0, 5, 11, 10, 0, 10, 0, 0, 10, 10, 0, 10, 10, 10, 0, 0, 0, 10, 10, 10, 0, 10, 0, 10, 10, 0, 12, 10, 0, 10, 10, 1, 0, 10, 10, 10, 10, 2, 2, 10, 4, 10, 10, 10, 3, 10, 10, 10, 0, 2, 20, 0, 10, 0, 10, 0, 10, 10, 0, 10, 10, 0, 10, 0, 10, 0, 10, 10, 0, 0, 0, 10, 0, 0, 1, : 10, 10, 10, 5, 11, 10, 10, 10, 10, 10, 10, 10, 10, 10, 10, 10, 10, 10, 12, 10, 10, 10, 1, 10, 10, 10, 10, 2, 2, 10, 4, 10, 10, 10, 3, 10, 10, 10, 2, 20, 10, 10, 10, 10, 10, 10, 10, 10, 10, 10, 10, 1, 
30: 0, 10, 0, 0, 10, 2, 0, 0, 10, 10, 13, 0, 0, 0, 0, 0, 0, 0, 10, 0, 0, 0, 0, 10, 0, 10, 0, 10, 10, 0, 1, 12, 10, 10, 10, 0, 10, 0, 0, 0, 10, 10, 10, 10, 1, 0, 0, 10, 10, 10, 0, 10, 0, 10, 0, 0, 10, 10, 10, 10, 0, 10, 0, 0, 10, 10, 0, 10, 10, 0, 10, 10, 0, 10, 10, 0, 10, 10, 10, 10, : 10, 10, 2, 10, 10, 13, 10, 10, 10, 10, 10, 1, 12, 10, 10, 10, 10, 10, 10, 10, 10, 1, 10, 10, 10, 10, 10, 10, 10, 10, 10, 10, 10, 10, 10, 10, 10, 10, 10, 10, 10, 10, 10, 10, 
58: 0, 5, 10, 6, 0, 10, 0, 2, 10, 10, 10, 0, 10, 10, 10, 0, 0, 10, 10, 10, 0, 0, 0, 10, 10, 0, 10, 0, 0, 0, 10, 0, 0, 0, 10, 0, 10, 10, 10, 10, 10, 7, 10, 0, 0, 0, 0, 10, 10, 10, 0, 0, 10, 0, 0, 0, 0, 10, 10, 15, 0, 0, 0, 10, 0, 3, 10, 10, 10, 0, 10, 10, 0, 10, 0, 0, 10, 0, 0, 10, : 5, 10, 6, 10, 2, 10, 10, 10, 10, 10, 10, 10, 10, 10, 10, 10, 10, 10, 10, 10, 10, 10, 10, 10, 7, 10, 10, 10, 10, 10, 10, 10, 15, 10, 3, 10, 10, 10, 10, 10, 10, 10, 10, 
23: 0, 10, 10, 10, 0, 0, 10, 0, 0, 0, 10, 10, 10, 1, 0, 10, 10, 10, 0, 0, 10, 10, 10, 0, 10, 10, 0, 10, 0, 10, 10, 0, 10, 10, 10, 0, 10, 10, 10, 10, 0, 10, 0, 10, 10, 0, 0, 0, 0, 10, 10, 0, 10, 10, 10, 10, 0, 0, 10, 10, 10, 0, 10, 10, 0, 0, 0, 10, 0, 10, 10, 10, 10, 1, 0, 0, 0, 10, 10, 0, : 10, 10, 10, 10, 10, 10, 10, 1, 10, 10, 10, 10, 10, 10, 10, 10, 10, 10, 10, 10, 10, 10, 10, 10, 10, 10, 10, 10, 10, 10, 10, 10, 10, 10, 10, 10, 10, 10, 10, 10, 10, 10, 10, 10, 10, 1, 10, 10, 
3: 10, 10, 0, 10, 10, 10, 10, 10, 0, 10, 10, 0, 0, 10, 10, 10, 0, 10, 0, 10, 10, 10, 0, 10, 1, 2, 0, 10, 0, 0, 10, 0, 10, 0, 10, 0, 0, 10, 0, 0, 0, 0, 0, 10, 10, 10, 0, 10, 10, 0, 0, 10, 10, 10, 10, 0, 12, 11, 0, 0, 10, 0, 0, 0, 10, 10, 3, 10, 10, 0, 10, 10, 10, 0, 10, 10, 0, 0, 10, 0, : 10, 10, 10, 10, 10, 10, 10, 10, 10, 10, 10, 10, 10, 10, 10, 10, 10, 1, 2, 10, 10, 10, 10, 10, 10, 10, 10, 10, 10, 10, 10, 10, 10, 12, 11, 10, 10, 10, 3, 10, 10, 10, 10, 10, 10, 10, 10, 
60: 10, 0, 10, 10, 10, 0, 0, 0, 0, 0, 0, 10, 0, 10, 0, 10, 10, 10, 8, 0, 0, 10, 10, 3, 0, 0, 10, 10, 0, 0, 10, 0, 0, 3, 0, 10, 10, 3, 10, 1, 0, 7, 2, 10, 10, 0, 0, 10, 0, 0, 1, 0, 10, 10, 10, 0, 9, 3, 10, 10, 10, 3, 0, 0, 10, 0, 10, 0, 0, 0, 0, 0, 0, 0, 0, 10, 10, 10, 0, 10, : 10, 10, 10, 10, 10, 10, 10, 10, 10, 8, 10, 10, 3, 10, 10, 10, 3, 10, 10, 3, 10, 1, 7, 2, 10, 10, 10, 1, 10, 10, 10, 9, 3, 10, 10, 10, 3, 10, 10, 10, 10, 10, 10, 
16: 10, 0, 10, 10, 0, 0, 0, 10, 19, 10, 0, 10, 0, 10, 10, 0, 0, 10, 0, 0, 10, 0, 0, 0, 0, 10, 10, 15, 10, 10, 0, 10, 10, 10, 0, 10, 10, 0, 10, 0, 0, 0, 0, 0, 10, 10, 10, 10, 10, 10, 0, 10, 10, 5, 0, 0, 0, 0, 10, 10, 10, 10, 10, 0, 0, 10, 10, 10, 0, 10, 10, 10, 0, 0, 10, 10, 10, 0, 0, 0, : 10, 10, 10, 10, 19, 10, 10, 10, 10, 10, 10, 10, 10, 15, 10, 10, 10, 10, 10, 10, 10, 10, 10, 10, 10, 10, 10, 10, 10, 10, 5, 10, 10, 10, 10, 10, 10, 10, 10, 10, 10, 10, 10, 10, 10, 
17: 10, 0, 0, 0, 10, 10, 0, 10, 0, 10, 0, 0, 10, 10, 0, 10, 0, 0, 0, 10, 10, 10, 10, 10, 0, 10, 0, 0, 10, 10, 0, 10, 5, 10, 0, 10, 10, 0, 10, 0, 10, 10, 10, 0, 0, 10, 10, 0, 10, 10, 0, 0, 10, 10, 10, 0, 10, 0, 0, 0, 0, 0, 10, 0, 10, 10, 10, 10, 0, 0, 0, 10, 0, 1, 0, 10, 0, 0, 0, 10, : 10, 10, 10, 10, 10, 10, 10, 10, 10, 10, 10, 10, 10, 10, 10, 10, 10, 5, 10, 10, 10, 10, 10, 10, 10, 10, 10, 10, 10, 10, 10, 10, 10, 10, 10, 10, 10, 10, 10, 1, 10, 10, 
36: 10, 0, 0, 0, 0, 0, 10, 10, 0, 10, 0, 0, 0, 0, 0, 10, 10, 10, 10, 0, 10, 10, 10, 0, 0, 10, 10, 10, 0, 0, 10, 10, 0, 10, 0, 0, 0, 10, 0, 10, 0, 0, 10, 10, 0, 2, 10, 0, 10, 0, 10, 10, 0, 0, 10, 0, 10, 10, 10, 0, 1, 10, 2, 0, 10, 10, 0, 0, 10, 10, 10, 10, 10, 0, 0, 10, 10, 0, 0, 10, : 10, 10, 10, 10, 10, 10, 10, 10, 10, 10, 10, 10, 10, 10, 10, 10, 10, 10, 10, 10, 10, 2, 10, 10, 10, 10, 10, 10, 10, 10, 1, 10, 2, 10, 10, 10, 10, 10, 10, 10, 10, 10, 10, 
28: 0, 0, 0, 10, 11, 1, 10, 0, 0, 0, 10, 0, 11, 0, 10, 10, 10, 10, 10, 0, 10, 10, 0, 10, 0, 10, 0, 10, 10, 0, 10, 10, 0, 0, 10, 0, 0, 0, 0, 10, 10, 0, 10, 10, 0, 10, 0, 0, 0, 10, 10, 10, 0, 10, 10, 10, 0, 0, 10, 10, 6, 10, 10, 10, 10, 10, 0, 0, 0, 2, 0, 0, 0, 0, 0, 10, 0, 10, 0, 10, : 10, 11, 1, 10, 10, 11, 10, 10, 10, 10, 10, 10, 10, 10, 10, 10, 10, 10, 10, 10, 10, 10, 10, 10, 10, 10, 10, 10, 10, 10, 10, 10, 10, 6, 10, 10, 10, 10, 10, 2, 10, 10, 10, 
40: 0, 0, 10, 6, 10, 10, 0, 10, 10, 10, 10, 10, 0, 10, 10, 10, 10, 10, 0, 10, 10, 0, 0, 0, 10, 10, 0, 10, 10, 10, 0, 10, 10, 10, 10, 10, 10, 0, 10, 10, 0, 10, 0, 10, 10, 10, 10, 10, 2, 10, 10, 10, 0, 0, 0, 10, 0, 0, 0, 10, 0, 0, 10, 10, 10, 0, 10, 10, 0, 10, 10, 0, 10, 4, 1, 0, 10, 10, 0, 0, : 10, 6, 10, 10, 10, 10, 10, 10, 10, 10, 10, 10, 10, 10, 10, 10, 10, 10, 10, 10, 10, 10, 10, 10, 10, 10, 10, 10, 10, 10, 10, 10, 10, 10, 10, 2, 10, 10, 10, 10, 10, 10, 10, 10, 10, 10, 10, 10, 10, 4, 1, 10, 10, 
53: 10, 10, 0, 2, 10, 10, 10, 10, 0, 0, 0, 0, 0, 10, 0, 4, 0, 0, 10, 10, 0, 1, 10, 10, 0, 0, 10, 0, 10, 10, 10, 0, 0, 10, 0, 10, 10, 1, 10, 10, 10, 10, 10, 0, 10, 10, 10, 10, 0, 0, 10, 10, 0, 10, 10, 0, 10, 10, 10, 0, 10, 10, 0, 0, 10, 1, 0, 0, 10, 10, 0, 1, 10, 0, 10, 0, 10, 0, 0, 10, : 10, 10, 2, 10, 10, 10, 10, 10, 4, 10, 10, 1, 10, 10, 10, 10, 10, 10, 10, 10, 10, 1, 10, 10, 10, 10, 10, 10, 10, 10, 10, 10, 10, 10, 10, 10, 10, 10, 10, 10, 10, 1, 10, 10, 1, 10, 10, 10, 10, 
74: 0, 10, 0, 10, 2, 10, 10, 10, 10, 0, 10, 6, 0, 0, 0, 10, 0, 10, 0, 10, 0, 0, 10, 10, 0, 10, 10, 0, 10, 0, 10, 0, 0, 10, 0, 10, 0, 0, 10, 10, 10, 10, 0, 10, 10, 10, 10, 10, 0, 0, 10, 0, 0, 10, 0, 10, 0, 1, 1, 0, 0, 0, 0, 18, 0, 0, 0, 10, 10, 10, 0, 0, 10, 10, 10, 0, 0, 0, 10, 0, : 10, 10, 2, 10, 10, 10, 10, 10, 6, 10, 10, 10, 10, 10, 10, 10, 10, 10, 10, 10, 10, 10, 10, 10, 10, 10, 10, 10, 10, 10, 10, 10, 1, 1, 18, 10, 10, 10, 10, 10, 10, 10, 
4: 10, 10, 10, 0, 0, 10, 10, 0, 10, 0, 10, 0, 0, 10, 10, 0, 0, 0, 0, 10, 10, 10, 5, 10, 10, 10, 0, 10, 0, 16, 4, 0, 0, 10, 10, 0, 10, 1, 0, 0, 10, 0, 7, 0, 10, 2, 0, 10, 10, 0, 10, 0, 0, 10, 0, 0, 10, 0, 0, 0, 0, 10, 10, 4, 10, 0, 10, 1, 0, 10, 0, 1, 0, 1, 10, 0, 0, 10, 10, 0, : 10, 10, 10, 10, 10, 10, 10, 10, 10, 10, 10, 10, 5, 10, 10, 10, 10, 16, 4, 10, 10, 10, 1, 10, 7, 10, 2, 10, 10, 10, 10, 10, 10, 10, 4, 10, 10, 1, 10, 1, 1, 10, 10, 10, 
76: 0, 0, 10, 10, 0, 10, 0, 10, 0, 10, 10, 0, 10, 0, 0, 0, 10, 11, 10, 10, 0, 10, 0, 0, 1, 0, 10, 10, 0, 0, 10, 0, 0, 10, 0, 0, 10, 0, 0, 3, 1, 0, 0, 0, 10, 10, 0, 0, 10, 10, 10, 10, 10, 0, 10, 10, 10, 0, 0, 0, 10, 10, 0, 10, 0, 0, 10, 0, 10, 0, 0, 10, 0, 10, 0, 0, 10, 10, 10, 0, : 10, 10, 10, 10, 10, 10, 10, 10, 11, 10, 10, 10, 1, 10, 10, 10, 10, 10, 3, 1, 10, 10, 10, 10, 10, 10, 10, 10, 10, 10, 10, 10, 10, 10, 10, 10, 10, 10, 10, 10, 
29: 0, 0, 10, 10, 0, 0, 0, 2, 2, 0, 0, 10, 10, 10, 0, 0, 0, 0, 0, 3, 10, 0, 0, 10, 0, 0, 10, 1, 10, 10, 1, 0, 0, 0, 10, 10, 0, 10, 0, 0, 10, 0, 10, 10, 0, 10, 10, 0, 10, 10, 10, 0, 10, 10, 10, 0, 0, 10, 0, 10, 0, 10, 10, 0, 0, 10, 0, 0, 10, 10, 0, 0, 10, 10, 10, 10, 0, 0, 10, 10, : 10, 10, 2, 2, 10, 10, 10, 3, 10, 10, 10, 1, 10, 10, 1, 10, 10, 10, 10, 10, 10, 10, 10, 10, 10, 10, 10, 10, 10, 10, 10, 10, 10, 10, 10, 10, 10, 10, 10, 10, 10, 10, 
1: 10, 0, 1, 10, 0, 3, 0, 0, 1, 0, 0, 0, 10, 0, 10, 10, 0, 0, 0, 10, 10, 0, 0, 10, 0, 0, 0, 10, 0, 10, 10, 10, 10, 0, 1, 10, 10, 0, 0, 10, 0, 0, 0, 2, 0, 0, 0, 10, 10, 0, 10, 10, 10, 16, 1, 0, 10, 10, 17, 10, 10, 10, 10, 0, 0, 0, 10, 10, 0, 1, 10, 0, 10, 0, 0, 10, 10, 0, 0, 1, : 10, 1, 10, 3, 1, 10, 10, 10, 10, 10, 10, 10, 10, 10, 10, 10, 1, 10, 10, 10, 2, 10, 10, 10, 10, 10, 16, 1, 10, 10, 17, 10, 10, 10, 10, 10, 10, 1, 10, 10, 10, 10, 1, 
21: 0, 10, 10, 1, 0, 10, 10, 0, 9, 0, 2, 11, 10, 0, 10, 0, 0, 10, 10, 10, 10, 10, 0, 0, 10, 0, 10, 0, 10, 1, 0, 0, 0, 10, 10, 0, 0, 10, 0, 0, 0, 0, 0, 10, 0, 0, 10, 10, 0, 0, 0, 10, 0, 0, 0, 10, 0, 0, 0, 10, 10, 10, 10, 10, 10, 10, 0, 10, 0, 0, 10, 10, 3, 10, 0, 0, 0, 0, 10, 6, : 10, 10, 1, 10, 10, 9, 2, 11, 10, 10, 10, 10, 10, 10, 10, 10, 10, 10, 1, 10, 10, 10, 10, 10, 10, 10, 10, 10, 10, 10, 10, 10, 10, 10, 10, 10, 10, 3, 10, 10, 6, 
44: 0, 10, 2, 0, 10, 0, 0, 0, 0, 10, 0, 0, 10, 10, 10, 10, 11, 7, 0, 2, 0, 2, 10, 0, 10, 0, 10, 10, 0, 0, 0, 0, 10, 10, 10, 0, 1, 0, 0, 0, 0, 1, 10, 0, 10, 10, 10, 0, 10, 20, 2, 10, 10, 10, 0, 10, 0, 0, 1, 0, 10, 0, 10, 10, 10, 10, 0, 10, 0, 0, 0, 10, 10, 10, 10, 0, 0, 0, 10, 0, : 10, 2, 10, 10, 10, 10, 10, 10, 11, 7, 2, 2, 10, 10, 10, 10, 10, 10, 10, 1, 1, 10, 10, 10, 10, 10, 20, 2, 10, 10, 10, 10, 1, 10, 10, 10, 10, 10, 10, 10, 10, 10, 10, 10, 
49: 10, 0, 0, 0, 0, 10, 10, 0, 0, 0, 10, 10, 10, 10, 10, 10, 0, 0, 10, 10, 0, 10, 0, 10, 1, 0, 10, 0, 0, 10, 10, 1, 10, 10, 0, 10, 0, 0, 10, 0, 10, 10, 10, 0, 0, 0, 10, 0, 0, 0, 0, 10, 10, 10, 0, 0, 10, 0, 0, 0, 10, 0, 0, 0, 0, 1, 10, 0, 10, 0, 10, 10, 10, 10, 10, 0, 0, 10, 0, 10, : 10, 10, 10, 10, 10, 10, 10, 10, 10, 10, 10, 10, 10, 1, 10, 10, 10, 1, 10, 10, 10, 10, 10, 10, 10, 10, 10, 10, 10, 10, 10, 1, 10, 10, 10, 10, 10, 10, 10, 10, 10, 


