
80
200
205
5

152: 0, 0, 10, 0, 2, 0, 0, 1, 10, 10, 1, 0, 0, 10, 10, 10, 1, 3, 10, 10, 0, 10, 0, 10, 10, 0, 0, 10, 0, 10, 10, 0, 10, 0, 10, 1, 10, 10, 10, 5, 10, 0, 0, 10, 0, 1, 10, 10, 3, 10, 10, 0, 0, 10, 10, 0, 0, 10, 10, 0, 0, 10, 0, 0, 0, 0, 0, 10, 0, 14, 0, 0, 0, 0, 0, 0, 10, 0, 10, 10, : 10, 2, 1, 10, 10, 1, 10, 10, 10, 1, 3, 10, 10, 10, 10, 10, 10, 10, 10, 10, 10, 1, 10, 10, 10, 5, 10, 10, 1, 10, 10, 3, 10, 10, 10, 10, 10, 10, 10, 10, 14, 10, 10, 10, 
118: 0, 0, 10, 0, 0, 10, 10, 0, 0, 10, 10, 0, 10, 0, 10, 0, 0, 10, 0, 2, 0, 10, 10, 0, 0, 0, 10, 1, 0, 10, 10, 10, 10, 10, 0, 0, 10, 10, 10, 10, 10, 1, 10, 10, 0, 10, 10, 10, 10, 10, 10, 10, 10, 0, 10, 0, 10, 10, 0, 0, 10, 2, 0, 10, 0, 0, 0, 10, 0, 10, 0, 0, 0, 10, 0, 10, 0, 0, 10, 20, : 10, 10, 10, 10, 10, 10, 10, 10, 2, 10, 10, 10, 1, 10, 10, 10, 10, 10, 10, 10, 10, 10, 10, 1, 10, 10, 10, 10, 10, 10, 10, 10, 10, 10, 10, 10, 10, 10, 2, 10, 10, 10, 10, 10, 10, 20, 
196: 0, 0, 10, 9, 10, 10, 0, 10, 10, 10, 0, 10, 10, 10, 10, 10, 10, 0, 0, 0, 0, 0, 0, 10, 0, 10, 10, 10, 0, 0, 10, 0, 0, 0, 10, 0, 0, 0, 10, 10, 10, 0, 10, 0, 10, 0, 10, 1, 0, 0, 10, 0, 0, 10, 0, 0, 0, 10, 0, 10, 0, 10, 0, 0, 10, 10, 10, 10, 10, 0, 0, 10, 10, 0, 10, 10, 0, 10, 0, 10, : 10, 9, 10, 10, 10, 10, 10, 10, 10, 10, 10, 10, 10, 10, 10, 10, 10, 10, 10, 10, 10, 10, 10, 10, 10, 1, 10, 10, 10, 10, 10, 10, 10, 10, 10, 10, 10, 10, 10, 10, 10, 10, 
167: 0, 10, 0, 10, 10, 0, 10, 10, 10, 5, 10, 10, 10, 0, 10, 0, 10, 0, 10, 0, 10, 10, 10, 10, 0, 10, 10, 2, 10, 0, 10, 0, 10, 0, 0, 0, 8, 0, 0, 0, 0, 0, 0, 10, 0, 10, 10, 10, 10, 0, 0, 0, 0, 10, 10, 10, 0, 0, 10, 2, 0, 10, 10, 10, 10, 10, 0, 10, 10, 10, 10, 0, 10, 10, 0, 0, 0, 0, 10, 10, : 10, 10, 10, 10, 10, 10, 5, 10, 10, 10, 10, 10, 10, 10, 10, 10, 10, 10, 10, 2, 10, 10, 10, 8, 10, 10, 10, 10, 10, 10, 10, 10, 10, 2, 10, 10, 10, 10, 10, 10, 10, 10, 10, 10, 10, 10, 10, 
175: 0, 0, 10, 15, 10, 0, 0, 0, 10, 0, 10, 0, 0, 4, 10, 10, 0, 10, 10, 0, 1, 10, 1, 10, 10, 10, 10, 0, 10, 5, 1, 10, 10, 0, 0, 0, 0, 0, 10, 0, 10, 10, 0, 10, 10, 10, 1, 0, 10, 0, 10, 10, 0, 10, 10, 10, 10, 10, 10, 0, 10, 0, 10, 12, 10, 10, 11, 0, 0, 10, 10, 10, 10, 5, 10, 1, 10, 10, 10, 0, : 10, 15, 10, 10, 10, 4, 10, 10, 10, 10, 1, 10, 1, 10, 10, 10, 10, 10, 5, 1, 10, 10, 10, 10, 10, 10, 10, 10, 1, 10, 10, 10, 10, 10, 10, 10, 10, 10, 10, 10, 12, 10, 10, 11, 10, 10, 10, 10, 5, 10, 1, 10, 10, 10, 
8: 0, 10, 0, 10, 10, 0, 0, 10, 2, 10, 6, 1, 10, 0, 10, 10, 6, 0, 10, 10, 10, 10, 0, 0, 0, 0, 3, 0, 10, 0, 0, 0, 0, 17, 10, 0, 10, 10, 10, 10, 10, 10, 10, 10, 0, 10, 10, 0, 0, 10, 10, 10, 2, 10, 10, 10, 0, 0, 10, 10, 0, 0, 0, 1, 10, 10, 10, 0, 10, 0, 10, 10, 0, 0, 0, 0, 0, 10, 0, 10, : 10, 10, 10, 10, 2, 10, 6, 1, 10, 10, 10, 6, 10, 10, 10, 10, 3, 10, 17, 10, 10, 10, 10, 10, 10, 10, 10, 10, 10, 10, 10, 10, 10, 2, 10, 10, 10, 10, 10, 1, 10, 10, 10, 10, 10, 10, 10, 10, 
71: 0, 0, 0, 0, 0, 1, 0, 10, 0, 0, 10, 10, 10, 10, 0, 10, 0, 0, 0, 0, 1, 0, 0, 10, 10, 10, 10, 0, 0, 0, 10, 10, 1, 10, 10, 0, 10, 10, 10, 10, 0, 0, 0, 10, 0, 0, 11, 0, 0, 0, 0, 0, 0, 0, 0, 10, 10, 1, 0, 10, 0, 10, 0, 0, 10, 0, 10, 10, 0, 0, 1, 0, 0, 0, 0, 0, 10, 0, 0, 0, : 1, 10, 10, 10, 10, 10, 10, 1, 10, 10, 10, 10, 10, 10, 1, 10, 10, 10, 10, 10, 10, 10, 11, 10, 10, 1, 10, 10, 10, 10, 10, 1, 10, 
58: 10, 10, 0, 10, 0, 20, 10, 0, 1, 0, 0, 0, 10, 0, 0, 10, 0, 10, 10, 10, 10, 0, 10, 0, 10, 10, 0, 0, 10, 0, 0, 10, 0, 0, 10, 10, 0, 10, 10, 0, 10, 10, 0, 10, 10, 10, 0, 1, 0, 10, 10, 10, 0, 0, 10, 10, 0, 10, 10, 0, 10, 10, 10, 0, 10, 8, 0, 10, 10, 10, 10, 0, 10, 0, 10, 10, 0, 0, 10, 0, : 10, 10, 10, 20, 10, 1, 10, 10, 10, 10, 10, 10, 10, 10, 10, 10, 10, 10, 10, 10, 10, 10, 10, 10, 10, 10, 1, 10, 10, 10, 10, 10, 10, 10, 10, 10, 10, 10, 8, 10, 10, 10, 10, 10, 10, 10, 10, 
81: 0, 0, 10, 10, 10, 0, 10, 0, 1, 0, 10, 0, 10, 10, 10, 10, 0, 10, 10, 0, 0, 0, 1, 10, 0, 0, 10, 1, 10, 10, 0, 0, 10, 10, 10, 20, 0, 0, 0, 10, 0, 10, 0, 10, 0, 0, 0, 10, 0, 0, 10, 0, 10, 2, 0, 10, 5, 0, 10, 1, 0, 0, 0, 0, 10, 10, 10, 0, 0, 10, 10, 10, 10, 0, 0, 0, 10, 10, 0, 0, : 10, 10, 10, 10, 1, 10, 10, 10, 10, 10, 10, 10, 1, 10, 10, 1, 10, 10, 10, 10, 10, 20, 10, 10, 10, 10, 10, 10, 2, 10, 5, 10, 1, 10, 10, 10, 10, 10, 10, 10, 10, 10, 
55: 10, 2, 10, 10, 0, 10, 13, 10, 10, 10, 10, 10, 0, 0, 10, 0, 10, 10, 10, 10, 10, 0, 0, 0, 0, 0, 10, 10, 0, 10, 0, 10, 10, 10, 10, 10, 0, 0, 10, 10, 1, 10, 0, 10, 0, 10, 0, 0, 0, 10, 0, 10, 10, 10, 10, 0, 0, 10, 0, 10, 0, 10, 10, 10, 1, 1, 10, 0, 10, 10, 10, 10, 0, 10, 10, 10, 0, 10, 10, 0, : 10, 2, 10, 10, 10, 13, 10, 10, 10, 10, 10, 10, 10, 10, 10, 10, 10, 10, 10, 10, 10, 10, 10, 10, 10, 10, 10, 1, 10, 10, 10, 10, 10, 10, 10, 10, 10, 10, 10, 10, 10, 1, 1, 10, 10, 10, 10, 10, 10, 10, 10, 10, 10, 
142: 10, 0, 10, 10, 0, 10, 0, 10, 10, 10, 10, 10, 0, 10, 0, 10, 0, 10, 0, 0, 2, 20, 2, 10, 10, 0, 0, 0, 3, 10, 10, 0, 10, 10, 0, 0, 10, 10, 0, 10, 0, 0, 0, 10, 10, 0, 0, 10, 10, 10, 10, 0, 0, 10, 10, 10, 10, 10, 0, 0, 10, 0, 1, 10, 0, 15, 10, 0, 10, 0, 0, 10, 10, 10, 0, 0, 0, 2, 10, 10, : 10, 10, 10, 10, 10, 10, 10, 10, 10, 10, 10, 10, 2, 20, 2, 10, 10, 3, 10, 10, 10, 10, 10, 10, 10, 10, 10, 10, 10, 10, 10, 10, 10, 10, 10, 10, 10, 1, 10, 15, 10, 10, 10, 10, 10, 2, 10, 10, 
112: 0, 10, 10, 0, 0, 2, 0, 10, 0, 0, 0, 10, 10, 10, 0, 2, 10, 2, 10, 10, 10, 0, 10, 10, 5, 0, 0, 10, 0, 0, 0, 10, 1, 10, 0, 10, 6, 0, 10, 10, 0, 10, 10, 10, 0, 0, 10, 10, 10, 0, 0, 10, 0, 0, 10, 0, 0, 0, 0, 10, 0, 0, 10, 10, 0, 10, 10, 10, 10, 0, 0, 0, 0, 10, 10, 0, 0, 10, 10, 0, : 10, 10, 2, 10, 10, 10, 10, 2, 10, 2, 10, 10, 10, 10, 10, 5, 10, 10, 1, 10, 10, 6, 10, 10, 10, 10, 10, 10, 10, 10, 10, 10, 10, 10, 10, 10, 10, 10, 10, 10, 10, 10, 10, 
10: 0, 10, 0, 0, 0, 10, 10, 0, 10, 0, 7, 8, 10, 0, 10, 0, 10, 10, 10, 0, 10, 0, 10, 10, 0, 5, 10, 0, 10, 10, 10, 10, 0, 10, 10, 0, 10, 0, 10, 0, 10, 0, 10, 0, 10, 0, 0, 0, 10, 10, 0, 0, 10, 0, 10, 10, 0, 0, 10, 0, 0, 0, 1, 10, 0, 0, 2, 10, 10, 0, 2, 0, 0, 0, 10, 0, 10, 0, 10, 10, : 10, 10, 10, 10, 7, 8, 10, 10, 10, 10, 10, 10, 10, 10, 5, 10, 10, 10, 10, 10, 10, 10, 10, 10, 10, 10, 10, 10, 10, 10, 10, 10, 10, 1, 10, 2, 10, 10, 2, 10, 10, 10, 10, 
17: 10, 10, 10, 10, 0, 10, 0, 10, 0, 10, 0, 0, 0, 0, 0, 10, 0, 0, 0, 10, 5, 5, 0, 10, 0, 0, 10, 10, 0, 10, 4, 1, 10, 0, 0, 10, 0, 3, 0, 0, 3, 2, 10, 0, 0, 10, 0, 0, 0, 10, 10, 10, 10, 0, 10, 10, 10, 0, 10, 10, 2, 1, 10, 0, 0, 0, 2, 10, 10, 0, 0, 10, 0, 10, 10, 10, 10, 10, 0, 10, : 10, 10, 10, 10, 10, 10, 10, 10, 10, 5, 5, 10, 10, 10, 10, 4, 1, 10, 10, 3, 3, 2, 10, 10, 10, 10, 10, 10, 10, 10, 10, 10, 10, 2, 1, 10, 2, 10, 10, 10, 10, 10, 10, 10, 10, 10, 
150: 0, 10, 10, 10, 0, 0, 0, 3, 0, 0, 10, 0, 10, 0, 10, 0, 10, 10, 0, 0, 10, 0, 10, 0, 10, 3, 0, 10, 10, 10, 0, 0, 0, 0, 10, 0, 10, 0, 0, 0, 0, 2, 0, 0, 10, 10, 10, 0, 0, 0, 0, 0, 3, 0, 0, 0, 0, 0, 10, 0, 0, 10, 10, 0, 0, 10, 0, 10, 0, 10, 0, 10, 10, 0, 10, 0, 10, 10, 0, 10, : 10, 10, 10, 3, 10, 10, 10, 10, 10, 10, 10, 10, 3, 10, 10, 10, 10, 10, 2, 10, 10, 10, 3, 10, 10, 10, 10, 10, 10, 10, 10, 10, 10, 10, 10, 
126: 0, 10, 4, 0, 10, 0, 10, 1, 10, 0, 0, 6, 0, 0, 0, 0, 10, 10, 0, 0, 10, 0, 1, 0, 0, 10, 0, 0, 10, 16, 10, 0, 0, 0, 10, 10, 0, 10, 0, 0, 0, 10, 0, 10, 10, 10, 10, 0, 10, 10, 0, 0, 10, 0, 10, 10, 0, 10, 10, 10, 10, 1, 1, 0, 10, 0, 0, 10, 10, 10, 0, 3, 16, 0, 10, 10, 0, 0, 0, 0, : 10, 4, 10, 10, 1, 10, 6, 10, 10, 10, 1, 10, 10, 16, 10, 10, 10, 10, 10, 10, 10, 10, 10, 10, 10, 10, 10, 10, 10, 10, 10, 10, 1, 1, 10, 10, 10, 10, 3, 16, 10, 10, 
72: 10, 10, 0, 10, 0, 0, 10, 10, 10, 10, 10, 0, 10, 0, 2, 10, 10, 0, 10, 10, 10, 0, 10, 0, 10, 10, 10, 15, 2, 0, 0, 10, 0, 10, 0, 0, 10, 0, 0, 10, 10, 10, 0, 0, 0, 10, 0, 0, 0, 2, 10, 0, 0, 0, 0, 0, 10, 10, 10, 10, 10, 0, 10, 1, 10, 0, 0, 0, 10, 0, 0, 0, 10, 10, 10, 10, 0, 10, 10, 0, : 10, 10, 10, 10, 10, 10, 10, 10, 10, 2, 10, 10, 10, 10, 10, 10, 10, 10, 10, 15, 2, 10, 10, 10, 10, 10, 10, 10, 2, 10, 10, 10, 10, 10, 10, 10, 1, 10, 10, 10, 10, 10, 10, 10, 10, 
198: 10, 0, 0, 1, 10, 0, 0, 0, 10, 0, 10, 10, 10, 10, 10, 0, 10, 10, 0, 10, 0, 10, 0, 0, 10, 10, 0, 0, 10, 0, 10, 10, 10, 0, 0, 0, 0, 1, 0, 0, 10, 0, 0, 0, 0, 0, 10, 10, 10, 2, 0, 0, 10, 3, 10, 10, 10, 10, 10, 2, 0, 2, 0, 0, 0, 0, 10, 0, 0, 1, 10, 10, 0, 10, 0, 10, 0, 10, 10, 10, : 10, 1, 10, 10, 10, 10, 10, 10, 10, 10, 10, 10, 10, 10, 10, 10, 10, 10, 10, 1, 10, 10, 10, 10, 2, 10, 3, 10, 10, 10, 10, 10, 2, 2, 10, 1, 10, 10, 10, 10, 10, 10, 10, 
135: 0, 10, 10, 10, 10, 0, 0, 0, 10, 0, 0, 10, 0, 10, 0, 0, 10, 10, 0, 10, 10, 0, 0, 10, 0, 10, 0, 0, 10, 10, 10, 19, 0, 10, 0, 0, 0, 0, 0, 0, 10, 0, 10, 2, 5, 10, 10, 0, 10, 10, 0, 10, 10, 0, 0, 0, 10, 10, 0, 0, 10, 0, 0, 10, 10, 10, 10, 2, 0, 0, 10, 3, 10, 0, 10, 10, 1, 0, 5, 4, : 10, 10, 10, 10, 10, 10, 10, 10, 10, 10, 10, 10, 10, 10, 10, 10, 19, 10, 10, 10, 2, 5, 10, 10, 10, 10, 10, 10, 10, 10, 10, 10, 10, 10, 10, 2, 10, 3, 10, 10, 10, 1, 5, 4, 
91: 10, 10, 0, 0, 0, 10, 10, 10, 0, 10, 0, 0, 0, 0, 0, 0, 7, 0, 0, 10, 3, 0, 10, 0, 10, 0, 10, 10, 10, 10, 0, 0, 0, 10, 10, 0, 0, 0, 10, 10, 0, 0, 10, 0, 0, 0, 10, 0, 0, 10, 0, 10, 10, 10, 10, 10, 0, 10, 0, 0, 0, 0, 10, 10, 0, 2, 10, 10, 0, 10, 10, 0, 10, 10, 5, 0, 10, 0, 10, 0, : 10, 10, 10, 10, 10, 10, 7, 10, 3, 10, 10, 10, 10, 10, 10, 10, 10, 10, 10, 10, 10, 10, 10, 10, 10, 10, 10, 10, 10, 10, 2, 10, 10, 10, 10, 10, 10, 5, 10, 10, 
99: 0, 10, 0, 10, 0, 0, 2, 5, 10, 10, 10, 10, 0, 0, 0, 0, 0, 0, 0, 0, 0, 0, 10, 0, 10, 0, 10, 10, 0, 0, 10, 10, 0, 0, 0, 10, 10, 0, 10, 0, 0, 0, 10, 0, 0, 0, 0, 10, 10, 0, 10, 0, 10, 0, 10, 0, 10, 0, 10, 10, 0, 0, 10, 1, 0, 0, 10, 10, 0, 10, 10, 10, 10, 10, 0, 0, 2, 10, 10, 10, : 10, 10, 2, 5, 10, 10, 10, 10, 10, 10, 10, 10, 10, 10, 10, 10, 10, 10, 10, 10, 10, 10, 10, 10, 10, 10, 10, 1, 10, 10, 10, 10, 10, 10, 10, 2, 10, 10, 10, 
180: 10, 1, 0, 10, 10, 10, 10, 10, 10, 0, 10, 0, 10, 10, 10, 0, 10, 0, 0, 0, 10, 10, 10, 10, 10, 0, 10, 0, 0, 0, 10, 10, 0, 0, 0, 10, 0, 10, 1, 10, 0, 0, 10, 10, 0, 0, 0, 10, 0, 0, 0, 10, 0, 10, 10, 0, 10, 0, 10, 10, 10, 10, 10, 10, 0, 0, 0, 0, 0, 10, 0, 0, 0, 0, 0, 10, 0, 14, 10, 0, : 10, 1, 10, 10, 10, 10, 10, 10, 10, 10, 10, 10, 10, 10, 10, 10, 10, 10, 10, 10, 10, 10, 10, 1, 10, 10, 10, 10, 10, 10, 10, 10, 10, 10, 10, 10, 10, 10, 10, 10, 14, 10, 
192: 10, 2, 1, 0, 10, 10, 10, 10, 0, 10, 10, 0, 10, 10, 0, 10, 0, 0, 10, 10, 10, 1, 0, 0, 0, 0, 0, 1, 0, 0, 10, 0, 10, 0, 10, 4, 1, 10, 0, 0, 10, 3, 10, 0, 0, 4, 10, 10, 1, 0, 0, 0, 10, 10, 0, 0, 10, 0, 0, 10, 6, 0, 10, 0, 0, 10, 10, 10, 10, 10, 10, 0, 1, 10, 10, 10, 10, 10, 0, 0, : 10, 2, 1, 10, 10, 10, 10, 10, 10, 10, 10, 10, 10, 10, 10, 1, 1, 10, 10, 10, 4, 1, 10, 10, 3, 10, 4, 10, 10, 1, 10, 10, 10, 10, 6, 10, 10, 10, 10, 10, 10, 10, 1, 10, 10, 10, 10, 10, 
16: 10, 0, 0, 0, 10, 10, 10, 10, 0, 0, 0, 0, 0, 10, 10, 0, 10, 10, 1, 10, 0, 0, 0, 0, 10, 0, 0, 0, 10, 10, 10, 10, 10, 0, 10, 0, 0, 0, 10, 10, 10, 10, 10, 10, 10, 10, 10, 0, 10, 10, 10, 0, 10, 10, 10, 0, 0, 0, 0, 0, 2, 0, 1, 0, 1, 9, 0, 1, 10, 0, 0, 10, 0, 10, 0, 10, 10, 0, 0, 1, : 10, 10, 10, 10, 10, 10, 10, 10, 10, 1, 10, 10, 10, 10, 10, 10, 10, 10, 10, 10, 10, 10, 10, 10, 10, 10, 10, 10, 10, 10, 10, 10, 10, 2, 1, 1, 9, 1, 10, 10, 10, 10, 10, 1, 
156: 10, 0, 0, 10, 10, 0, 10, 10, 0, 10, 0, 10, 1, 10, 0, 10, 10, 10, 10, 10, 10, 0, 0, 10, 10, 10, 10, 10, 10, 0, 0, 0, 0, 10, 0, 0, 0, 2, 10, 0, 0, 10, 10, 0, 0, 10, 0, 3, 10, 0, 10, 10, 10, 10, 0, 10, 10, 10, 2, 10, 10, 10, 10, 10, 0, 0, 10, 6, 0, 3, 0, 10, 15, 0, 10, 10, 0, 0, 0, 0, : 10, 10, 10, 10, 10, 10, 10, 1, 10, 10, 10, 10, 10, 10, 10, 10, 10, 10, 10, 10, 10, 10, 2, 10, 10, 10, 10, 3, 10, 10, 10, 10, 10, 10, 10, 10, 2, 10, 10, 10, 10, 10, 10, 6, 3, 10, 15, 10, 10, 
43: 10, 0, 10, 0, 0, 0, 0, 0, 10, 0, 0, 10, 0, 1, 10, 0, 0, 0, 0, 3, 0, 10, 10, 0, 10, 10, 10, 4, 10, 2, 10, 0, 10, 10, 10, 10, 0, 10, 0, 0, 10, 10, 15, 3, 10, 10, 0, 0, 10, 0, 0, 10, 0, 0, 10, 0, 10, 0, 10, 0, 10, 10, 10, 10, 10, 10, 10, 0, 10, 5, 10, 10, 0, 0, 10, 10, 10, 2, 0, 0, : 10, 10, 10, 10, 1, 10, 3, 10, 10, 10, 10, 10, 4, 10, 2, 10, 10, 10, 10, 10, 10, 10, 10, 15, 3, 10, 10, 10, 10, 10, 10, 10, 10, 10, 10, 10, 10, 10, 10, 10, 5, 10, 10, 10, 10, 10, 2, 
74: 2, 10, 0, 0, 10, 10, 0, 0, 10, 0, 0, 10, 10, 10, 0, 0, 10, 0, 1, 0, 10, 0, 10, 10, 10, 0, 10, 10, 10, 10, 0, 1, 10, 10, 10, 10, 10, 0, 0, 10, 0, 0, 10, 0, 10, 0, 0, 0, 0, 10, 10, 10, 0, 10, 2, 0, 0, 10, 0, 10, 0, 0, 10, 0, 10, 10, 0, 1, 10, 10, 0, 10, 10, 10, 10, 10, 18, 10, 0, 0, : 2, 10, 10, 10, 10, 10, 10, 10, 10, 1, 10, 10, 10, 10, 10, 10, 10, 10, 1, 10, 10, 10, 10, 10, 10, 10, 10, 10, 10, 10, 10, 2, 10, 10, 10, 10, 10, 1, 10, 10, 10, 10, 10, 10, 10, 18, 10, 
177: 0, 10, 10, 0, 0, 0, 10, 10, 0, 10, 0, 10, 0, 10, 10, 10, 10, 0, 10, 10, 10, 2, 10, 10, 10, 10, 0, 10, 0, 10, 10, 10, 10, 10, 0, 10, 0, 16, 10, 10, 10, 10, 10, 10, 10, 10, 0, 10, 0, 10, 0, 1, 10, 10, 10, 1, 0, 15, 10, 10, 10, 10, 10, 0, 10, 10, 0, 0, 0, 0, 0, 0, 10, 0, 0, 4, 10, 10, 0, 10, : 10, 10, 10, 10, 10, 10, 10, 10, 10, 10, 10, 10, 10, 2, 10, 10, 10, 10, 10, 10, 10, 10, 10, 10, 10, 16, 10, 10, 10, 10, 10, 10, 10, 10, 10, 10, 1, 10, 10, 10, 1, 15, 10, 10, 10, 10, 10, 10, 10, 10, 4, 10, 10, 10, 
149: 10, 0, 0, 0, 0, 0, 10, 0, 0, 0, 1, 0, 4, 10, 16, 0, 0, 10, 10, 10, 10, 10, 10, 10, 10, 10, 1, 10, 10, 0, 0, 0, 10, 2, 2, 10, 0, 10, 0, 10, 0, 10, 0, 0, 10, 10, 2, 0, 10, 10, 10, 10, 0, 10, 0, 0, 10, 0, 10, 10, 10, 10, 10, 0, 10, 10, 0, 10, 0, 0, 10, 0, 0, 10, 10, 0, 0, 0, 0, 10, : 10, 10, 1, 4, 10, 16, 10, 10, 10, 10, 10, 10, 10, 10, 10, 1, 10, 10, 10, 2, 2, 10, 10, 10, 10, 10, 10, 2, 10, 10, 10, 10, 10, 10, 10, 10, 10, 10, 10, 10, 10, 10, 10, 10, 10, 10, 
14: 10, 10, 10, 0, 0, 0, 0, 10, 0, 10, 10, 10, 10, 10, 10, 2, 10, 0, 10, 10, 10, 4, 0, 10, 0, 0, 10, 0, 0, 0, 0, 10, 0, 10, 10, 0, 10, 10, 10, 0, 10, 7, 0, 0, 0, 0, 10, 0, 10, 0, 10, 10, 10, 0, 0, 10, 0, 0, 0, 0, 0, 10, 0, 10, 3, 0, 0, 10, 10, 0, 0, 10, 10, 10, 10, 0, 18, 0, 0, 10, : 10, 10, 10, 10, 10, 10, 10, 10, 10, 10, 2, 10, 10, 10, 10, 4, 10, 10, 10, 10, 10, 10, 10, 10, 10, 7, 10, 10, 10, 10, 10, 10, 10, 10, 3, 10, 10, 10, 10, 10, 10, 18, 10, 
137: 10, 10, 10, 0, 3, 0, 10, 0, 0, 10, 10, 10, 10, 0, 7, 10, 0, 10, 0, 10, 0, 10, 10, 0, 10, 10, 0, 0, 10, 0, 10, 0, 12, 0, 10, 0, 10, 0, 0, 0, 0, 10, 3, 10, 10, 10, 0, 10, 10, 10, 0, 10, 10, 0, 0, 0, 10, 0, 0, 0, 15, 0, 0, 0, 0, 10, 10, 10, 10, 10, 10, 10, 0, 10, 10, 10, 0, 7, 0, 0, : 10, 10, 10, 3, 10, 10, 10, 10, 10, 7, 10, 10, 10, 10, 10, 10, 10, 10, 10, 12, 10, 10, 10, 3, 10, 10, 10, 10, 10, 10, 10, 10, 10, 15, 10, 10, 10, 10, 10, 10, 10, 10, 10, 10, 7, 
164: 0, 0, 0, 0, 10, 10, 10, 1, 10, 10, 10, 0, 10, 0, 10, 10, 0, 0, 10, 10, 1, 10, 10, 1, 10, 17, 0, 0, 10, 0, 10, 0, 10, 10, 1, 10, 10, 10, 10, 0, 0, 0, 0, 0, 0, 0, 10, 10, 10, 10, 0, 10, 10, 10, 1, 10, 0, 0, 0, 0, 10, 10, 0, 10, 0, 0, 1, 0, 10, 10, 10, 0, 0, 10, 0, 10, 10, 10, 10, 0, : 10, 10, 10, 1, 10, 10, 10, 10, 10, 10, 10, 10, 1, 10, 10, 1, 10, 17, 10, 10, 10, 10, 1, 10, 10, 10, 10, 10, 10, 10, 10, 10, 10, 10, 1, 10, 10, 10, 10, 1, 10, 10, 10, 10, 10, 10, 10, 10, 
131: 10, 10, 10, 0, 0, 10, 0, 10, 0, 0, 10, 0, 0, 0, 0, 0, 1, 0, 10, 0, 2, 3, 10, 0, 0, 10, 1, 10, 0, 10, 10, 2, 10, 0, 10, 10, 10, 3, 0, 0, 10, 0, 0, 10, 10, 10, 10, 10, 10, 0, 10, 1, 10, 0, 0, 0, 10, 0, 10, 0, 0, 19, 0, 10, 0, 0, 0, 0, 10, 0, 0, 0, 3, 10, 10, 10, 0, 0, 10, 0, : 10, 10, 10, 10, 10, 10, 1, 10, 2, 3, 10, 10, 1, 10, 10, 10, 2, 10, 10, 10, 10, 3, 10, 10, 10, 10, 10, 10, 10, 10, 1, 10, 10, 10, 19, 10, 10, 3, 10, 10, 10, 10, 
76: 1, 0, 0, 10, 10, 2, 10, 0, 10, 10, 10, 10, 0, 10, 0, 0, 0, 0, 0, 0, 0, 10, 0, 0, 0, 0, 10, 1, 0, 0, 0, 10, 10, 5, 0, 10, 10, 10, 10, 10, 10, 10, 10, 10, 10, 0, 10, 10, 0, 1, 0, 10, 0, 10, 10, 0, 10, 0, 0, 10, 10, 10, 0, 10, 10, 0, 0, 0, 5, 10, 10, 0, 0, 0, 10, 10, 6, 10, 0, 10, : 1, 10, 10, 2, 10, 10, 10, 10, 10, 10, 10, 10, 1, 10, 10, 5, 10, 10, 10, 10, 10, 10, 10, 10, 10, 10, 10, 10, 1, 10, 10, 10, 10, 10, 10, 10, 10, 10, 5, 10, 10, 10, 10, 6, 10, 10, 
59: 10, 0, 10, 0, 10, 10, 0, 4, 10, 0, 0, 10, 10, 10, 0, 10, 10, 10, 10, 0, 0, 10, 10, 4, 10, 10, 0, 10, 0, 0, 0, 10, 1, 1, 0, 0, 10, 0, 0, 0, 0, 10, 7, 0, 10, 0, 1, 10, 0, 0, 0, 0, 0, 10, 0, 10, 10, 10, 10, 10, 0, 0, 0, 0, 10, 0, 10, 5, 0, 0, 10, 9, 10, 0, 0, 0, 0, 10, 10, 10, : 10, 10, 10, 10, 4, 10, 10, 10, 10, 10, 10, 10, 10, 10, 10, 4, 10, 10, 10, 10, 1, 1, 10, 10, 7, 10, 1, 10, 10, 10, 10, 10, 10, 10, 10, 10, 5, 10, 9, 10, 10, 10, 10, 
176: 10, 0, 10, 0, 10, 10, 0, 10, 0, 10, 0, 0, 0, 10, 0, 10, 10, 10, 0, 0, 0, 10, 0, 10, 0, 10, 10, 10, 0, 10, 0, 10, 0, 10, 10, 0, 0, 10, 0, 0, 10, 10, 10, 0, 10, 10, 0, 10, 10, 0, 10, 10, 0, 10, 0, 10, 0, 1, 0, 0, 10, 10, 10, 10, 10, 0, 9, 0, 0, 1, 2, 10, 0, 10, 0, 0, 10, 0, 10, 10, : 10, 10, 10, 10, 10, 10, 10, 10, 10, 10, 10, 10, 10, 10, 10, 10, 10, 10, 10, 10, 10, 10, 10, 10, 10, 10, 10, 10, 10, 10, 10, 1, 10, 10, 10, 10, 10, 9, 1, 2, 10, 10, 10, 10, 10, 
31: 10, 10, 0, 10, 10, 10, 0, 0, 10, 0, 10, 10, 10, 0, 0, 10, 0, 10, 10, 10, 0, 0, 10, 10, 0, 10, 0, 10, 0, 10, 0, 2, 10, 10, 1, 10, 0, 0, 10, 10, 11, 0, 0, 0, 0, 0, 10, 10, 0, 0, 10, 0, 0, 0, 2, 10, 10, 18, 10, 10, 10, 10, 10, 10, 10, 0, 0, 10, 0, 1, 10, 0, 10, 10, 0, 0, 10, 0, 0, 0, : 10, 10, 10, 10, 10, 10, 10, 10, 10, 10, 10, 10, 10, 10, 10, 10, 10, 10, 2, 10, 10, 1, 10, 10, 10, 11, 10, 10, 10, 2, 10, 10, 18, 10, 10, 10, 10, 10, 10, 10, 10, 1, 10, 10, 10, 10, 
73: 0, 0, 10, 10, 10, 0, 10, 0, 1, 0, 0, 10, 0, 0, 10, 6, 10, 10, 10, 10, 0, 10, 10, 10, 0, 0, 0, 10, 0, 10, 10, 0, 0, 0, 0, 10, 10, 10, 0, 10, 0, 10, 10, 0, 10, 0, 0, 10, 1, 10, 0, 3, 0, 10, 0, 10, 10, 10, 0, 10, 10, 10, 0, 10, 10, 10, 0, 0, 10, 0, 10, 10, 10, 0, 0, 0, 0, 0, 0, 10, : 10, 10, 10, 10, 1, 10, 10, 6, 10, 10, 10, 10, 10, 10, 10, 10, 10, 10, 10, 10, 10, 10, 10, 10, 10, 10, 1, 10, 3, 10, 10, 10, 10, 10, 10, 10, 10, 10, 10, 10, 10, 10, 10, 10, 
53: 10, 10, 0, 10, 0, 10, 10, 10, 10, 10, 0, 0, 0, 10, 0, 5, 0, 10, 0, 0, 10, 10, 0, 0, 0, 0, 0, 0, 10, 2, 0, 10, 0, 0, 10, 10, 10, 10, 4, 10, 10, 10, 0, 10, 10, 10, 10, 10, 10, 10, 10, 10, 10, 0, 0, 4, 0, 0, 2, 10, 10, 0, 1, 0, 10, 10, 10, 0, 0, 10, 0, 10, 0, 0, 0, 10, 0, 0, 10, 10, : 10, 10, 10, 10, 10, 10, 10, 10, 10, 5, 10, 10, 10, 10, 2, 10, 10, 10, 10, 10, 4, 10, 10, 10, 10, 10, 10, 10, 10, 10, 10, 10, 10, 10, 4, 2, 10, 10, 1, 10, 10, 10, 10, 10, 10, 10, 10, 
103: 2, 10, 10, 10, 10, 10, 0, 0, 0, 10, 0, 0, 0, 0, 0, 10, 0, 0, 3, 0, 10, 10, 0, 0, 0, 0, 10, 10, 10, 10, 0, 0, 0, 0, 1, 10, 10, 10, 10, 10, 0, 0, 0, 10, 10, 0, 0, 0, 0, 10, 5, 0, 10, 0, 0, 10, 0, 10, 1, 0, 0, 0, 10, 10, 0, 10, 10, 10, 0, 10, 10, 0, 0, 0, 0, 0, 10, 10, 10, 0, : 2, 10, 10, 10, 10, 10, 10, 10, 3, 10, 10, 10, 10, 10, 10, 1, 10, 10, 10, 10, 10, 10, 10, 10, 5, 10, 10, 10, 1, 10, 10, 10, 10, 10, 10, 10, 10, 10, 10, 


69: 10, 0, 10, 0, 0, 10, 0, 10, 10, 0, 0, 0, 10, 10, 10, 10, 0, 10, 0, 0, 10, 0, 10, 0, 0, 0, 1, 0, 10, 10, 10, 1, 0, 10, 0, 0, 10, 0, 10, 0, 10, 10, 10, 10, 0, 0, 10, 10, 10, 0, 0, 10, 0, 0, 0, 0, 0, 0, 0, 0, 0, 10, 8, 0, 0, 10, 10, 10, 1, 0, 10, 0, 10, 0, 0, 10, 3, 0, 0, 10, : 10, 10, 10, 10, 10, 10, 10, 10, 10, 10, 10, 10, 1, 10, 10, 10, 1, 10, 10, 10, 10, 10, 10, 10, 10, 10, 10, 10, 10, 8, 10, 10, 10, 1, 10, 10, 10, 3, 10, 
107: 0, 0, 10, 10, 0, 1, 10, 0, 10, 10, 0, 0, 10, 0, 10, 10, 0, 10, 0, 0, 10, 0, 0, 0, 10, 4, 10, 0, 10, 2, 10, 3, 0, 10, 10, 0, 0, 0, 0, 0, 10, 10, 0, 5, 10, 10, 10, 10, 10, 3, 0, 10, 10, 0, 10, 10, 10, 10, 0, 10, 10, 10, 10, 2, 0, 10, 0, 10, 0, 10, 0, 0, 0, 0, 0, 10, 0, 0, 1, 0, : 10, 10, 1, 10, 10, 10, 10, 10, 10, 10, 10, 10, 4, 10, 10, 2, 10, 3, 10, 10, 10, 10, 5, 10, 10, 10, 10, 10, 3, 10, 10, 10, 10, 10, 10, 10, 10, 10, 10, 2, 10, 10, 10, 10, 1, 
155: 17, 10, 10, 0, 0, 0, 10, 10, 0, 0, 0, 0, 0, 10, 0, 0, 10, 1, 0, 10, 0, 10, 10, 10, 10, 0, 0, 0, 0, 0, 0, 0, 0, 0, 10, 0, 10, 10, 0, 0, 0, 0, 0, 0, 10, 0, 10, 10, 0, 10, 10, 0, 10, 2, 0, 0, 0, 0, 0, 10, 0, 10, 0, 10, 10, 0, 0, 10, 10, 10, 10, 10, 0, 11, 5, 10, 0, 4, 10, 0, : 17, 10, 10, 10, 10, 10, 10, 1, 10, 10, 10, 10, 10, 10, 10, 10, 10, 10, 10, 10, 10, 10, 2, 10, 10, 10, 10, 10, 10, 10, 10, 10, 11, 5, 10, 4, 10, 
75: 0, 10, 0, 3, 10, 0, 10, 10, 0, 10, 10, 10, 0, 0, 10, 0, 0, 10, 0, 18, 0, 0, 0, 10, 10, 0, 10, 10, 10, 0, 0, 1, 10, 0, 10, 10, 10, 10, 0, 10, 10, 10, 10, 10, 0, 10, 10, 10, 7, 0, 10, 10, 0, 0, 10, 0, 10, 1, 10, 0, 10, 0, 10, 0, 10, 10, 3, 10, 0, 0, 0, 10, 0, 10, 10, 2, 10, 10, 10, 0, : 10, 3, 10, 10, 10, 10, 10, 10, 10, 10, 18, 10, 10, 10, 10, 10, 1, 10, 10, 10, 10, 10, 10, 10, 10, 10, 10, 10, 10, 10, 7, 10, 10, 10, 10, 1, 10, 10, 10, 10, 10, 3, 10, 10, 10, 10, 2, 10, 10, 10, 
116: 0, 10, 0, 10, 10, 10, 10, 0, 0, 0, 10, 0, 10, 10, 1, 10, 0, 10, 10, 10, 0, 10, 10, 0, 0, 10, 0, 0, 10, 10, 0, 10, 0, 0, 10, 10, 0, 10, 10, 10, 10, 0, 10, 0, 0, 10, 0, 0, 10, 0, 10, 10, 0, 10, 10, 10, 10, 10, 10, 0, 10, 10, 10, 0, 0, 10, 0, 10, 10, 10, 10, 0, 0, 0, 10, 10, 1, 10, 0, 10, : 10, 10, 10, 10, 10, 10, 10, 10, 1, 10, 10, 10, 10, 10, 10, 10, 10, 10, 10, 10, 10, 10, 10, 10, 10, 10, 10, 10, 10, 10, 10, 10, 10, 10, 10, 10, 10, 10, 10, 10, 10, 10, 10, 10, 10, 10, 1, 10, 10, 
65: 10, 0, 0, 4, 10, 10, 5, 10, 0, 10, 1, 10, 0, 10, 10, 10, 0, 10, 4, 10, 10, 10, 10, 10, 10, 10, 10, 2, 0, 10, 0, 10, 0, 0, 0, 10, 0, 0, 10, 10, 10, 10, 0, 0, 0, 10, 0, 0, 0, 0, 0, 10, 12, 0, 0, 10, 0, 0, 10, 10, 10, 0, 0, 10, 10, 0, 0, 10, 10, 0, 0, 10, 0, 10, 0, 0, 10, 10, 0, 10, : 10, 4, 10, 10, 5, 10, 10, 1, 10, 10, 10, 10, 10, 4, 10, 10, 10, 10, 10, 10, 10, 10, 2, 10, 10, 10, 10, 10, 10, 10, 10, 10, 12, 10, 10, 10, 10, 10, 10, 10, 10, 10, 10, 10, 10, 10, 
68: 0, 0, 0, 0, 10, 10, 10, 10, 0, 10, 10, 10, 10, 0, 0, 0, 10, 0, 0, 0, 0, 10, 10, 0, 10, 10, 10, 0, 10, 10, 0, 10, 0, 10, 0, 0, 10, 1, 0, 10, 10, 10, 10, 11, 10, 0, 0, 10, 0, 10, 10, 0, 0, 10, 0, 10, 10, 0, 0, 0, 10, 10, 0, 10, 0, 10, 2, 1, 10, 0, 10, 0, 10, 10, 10, 10, 0, 0, 10, 10, : 10, 10, 10, 10, 10, 10, 10, 10, 10, 10, 10, 10, 10, 10, 10, 10, 10, 10, 10, 1, 10, 10, 10, 10, 11, 10, 10, 10, 10, 10, 10, 10, 10, 10, 10, 10, 2, 1, 10, 10, 10, 10, 10, 10, 10, 10, 
52: 0, 0, 10, 0, 10, 0, 0, 0, 0, 10, 0, 0, 9, 10, 20, 10, 0, 10, 0, 10, 10, 0, 10, 10, 0, 10, 10, 0, 0, 10, 10, 0, 0, 0, 10, 10, 0, 10, 10, 10, 10, 10, 10, 0, 0, 10, 0, 10, 0, 0, 10, 0, 0, 10, 10, 10, 0, 10, 0, 10, 10, 10, 0, 1, 0, 10, 10, 10, 1, 10, 10, 10, 0, 10, 0, 0, 0, 0, 10, 1, : 10, 10, 10, 9, 10, 20, 10, 10, 10, 10, 10, 10, 10, 10, 10, 10, 10, 10, 10, 10, 10, 10, 10, 10, 10, 10, 10, 10, 10, 10, 10, 10, 10, 10, 1, 10, 10, 10, 1, 10, 10, 10, 10, 10, 1, 
45: 10, 10, 10, 10, 0, 0, 0, 0, 10, 10, 10, 10, 0, 10, 10, 0, 0, 10, 10, 10, 0, 0, 0, 12, 3, 10, 10, 10, 0, 0, 0, 0, 0, 0, 5, 10, 2, 10, 10, 10, 0, 10, 10, 0, 0, 10, 0, 0, 10, 0, 10, 10, 0, 10, 0, 10, 10, 10, 0, 0, 10, 10, 10, 10, 0, 0, 0, 10, 0, 10, 10, 10, 0, 10, 0, 0, 0, 0, 10, 10, : 10, 10, 10, 10, 10, 10, 10, 10, 10, 10, 10, 10, 10, 12, 3, 10, 10, 10, 5, 10, 2, 10, 10, 10, 10, 10, 10, 10, 10, 10, 10, 10, 10, 10, 10, 10, 10, 10, 10, 10, 10, 10, 10, 10, 10, 
182: 0, 0, 0, 10, 10, 10, 0, 0, 3, 4, 10, 0, 0, 10, 10, 10, 0, 10, 10, 10, 2, 10, 10, 0, 10, 0, 10, 10, 10, 0, 0, 0, 10, 0, 0, 0, 10, 0, 0, 0, 0, 0, 0, 0, 10, 0, 10, 10, 0, 10, 9, 10, 10, 0, 10, 10, 10, 0, 0, 0, 10, 0, 0, 0, 0, 0, 0, 10, 0, 10, 0, 10, 0, 0, 10, 0, 10, 10, 0, 10, : 10, 10, 10, 3, 4, 10, 10, 10, 10, 10, 10, 10, 2, 10, 10, 10, 10, 10, 10, 10, 10, 10, 10, 10, 10, 9, 10, 10, 10, 10, 10, 10, 10, 10, 10, 10, 10, 10, 10, 
62: 10, 0, 0, 0, 1, 10, 10, 10, 10, 0, 0, 10, 10, 10, 10, 0, 10, 0, 0, 0, 10, 10, 0, 10, 1, 10, 0, 10, 10, 10, 10, 10, 0, 0, 0, 0, 10, 0, 10, 10, 1, 0, 2, 0, 0, 10, 1, 0, 10, 10, 0, 0, 10, 0, 0, 0, 10, 0, 0, 10, 0, 0, 10, 10, 10, 0, 10, 10, 10, 18, 10, 0, 10, 10, 10, 0, 0, 10, 0, 10, : 10, 1, 10, 10, 10, 10, 10, 10, 10, 10, 10, 10, 10, 10, 1, 10, 10, 10, 10, 10, 10, 10, 10, 10, 1, 2, 10, 1, 10, 10, 10, 10, 10, 10, 10, 10, 10, 10, 10, 18, 10, 10, 10, 10, 10, 10, 
108: 10, 0, 10, 10, 0, 2, 0, 10, 10, 0, 10, 0, 10, 10, 0, 10, 0, 10, 0, 0, 0, 0, 0, 0, 0, 10, 0, 10, 10, 10, 10, 0, 10, 0, 10, 10, 10, 10, 0, 0, 4, 0, 10, 0, 10, 10, 0, 0, 10, 10, 0, 0, 0, 10, 10, 1, 10, 10, 0, 10, 10, 0, 0, 10, 10, 0, 10, 0, 0, 10, 1, 0, 10, 10, 10, 0, 0, 10, 0, 0, : 10, 10, 10, 2, 10, 10, 10, 10, 10, 10, 10, 10, 10, 10, 10, 10, 10, 10, 10, 10, 10, 4, 10, 10, 10, 10, 10, 10, 10, 1, 10, 10, 10, 10, 10, 10, 10, 10, 1, 10, 10, 10, 10, 
128: 0, 10, 10, 0, 0, 10, 0, 0, 10, 10, 10, 0, 0, 10, 2, 10, 0, 10, 10, 0, 10, 10, 10, 10, 10, 10, 6, 0, 0, 1, 10, 10, 10, 10, 0, 0, 2, 10, 0, 10, 10, 1, 0, 10, 1, 0, 10, 0, 10, 0, 0, 0, 10, 0, 0, 0, 0, 10, 1, 10, 10, 3, 17, 10, 0, 0, 10, 10, 10, 0, 0, 10, 0, 10, 0, 10, 10, 0, 10, 10, : 10, 10, 10, 10, 10, 10, 10, 2, 10, 10, 10, 10, 10, 10, 10, 10, 10, 6, 1, 10, 10, 10, 10, 2, 10, 10, 10, 1, 10, 1, 10, 10, 10, 10, 1, 10, 10, 3, 17, 10, 10, 10, 10, 10, 10, 10, 10, 10, 10, 
122: 10, 0, 1, 10, 10, 10, 0, 0, 10, 0, 10, 0, 10, 4, 0, 10, 0, 10, 10, 0, 10, 10, 0, 10, 10, 10, 14, 10, 10, 10, 0, 0, 10, 0, 10, 0, 10, 0, 10, 2, 0, 0, 0, 0, 10, 2, 10, 10, 0, 0, 0, 0, 0, 0, 0, 10, 10, 10, 13, 10, 0, 0, 0, 10, 0, 0, 10, 0, 10, 10, 0, 0, 0, 10, 0, 4, 10, 10, 3, 10, : 10, 1, 10, 10, 10, 10, 10, 10, 4, 10, 10, 10, 10, 10, 10, 10, 10, 14, 10, 10, 10, 10, 10, 10, 10, 2, 10, 2, 10, 10, 10, 10, 10, 13, 10, 10, 10, 10, 10, 10, 4, 10, 10, 3, 10, 
184: 10, 5, 0, 10, 10, 0, 0, 0, 10, 10, 0, 10, 0, 0, 0, 0, 0, 0, 0, 0, 0, 0, 3, 0, 0, 10, 0, 3, 0, 10, 8, 10, 10, 0, 0, 10, 10, 0, 10, 2, 0, 1, 10, 10, 1, 10, 10, 0, 0, 10, 10, 10, 10, 10, 10, 4, 10, 0, 10, 10, 3, 0, 10, 10, 0, 10, 0, 10, 10, 0, 0, 0, 10, 10, 10, 1, 10, 0, 10, 0, : 10, 5, 10, 10, 10, 10, 10, 3, 10, 3, 10, 8, 10, 10, 10, 10, 10, 2, 1, 10, 10, 1, 10, 10, 10, 10, 10, 10, 10, 10, 4, 10, 10, 10, 3, 10, 10, 10, 10, 10, 10, 10, 10, 1, 10, 10, 
56: 0, 0, 10, 0, 10, 0, 10, 10, 0, 10, 4, 13, 10, 0, 0, 10, 10, 0, 0, 0, 0, 0, 0, 10, 10, 0, 10, 10, 1, 0, 10, 10, 0, 10, 0, 0, 10, 3, 0, 0, 10, 0, 10, 0, 10, 10, 0, 0, 10, 10, 0, 10, 10, 1, 0, 0, 10, 10, 10, 10, 0, 10, 0, 0, 1, 0, 10, 0, 0, 3, 0, 0, 10, 10, 19, 10, 10, 10, 0, 0, : 10, 10, 10, 10, 10, 4, 13, 10, 10, 10, 10, 10, 10, 10, 1, 10, 10, 10, 10, 3, 10, 10, 10, 10, 10, 10, 10, 10, 1, 10, 10, 10, 10, 10, 1, 10, 3, 10, 10, 19, 10, 10, 10, 
12: 0, 10, 0, 1, 10, 10, 0, 0, 10, 0, 10, 10, 0, 0, 10, 10, 10, 0, 10, 0, 10, 0, 10, 10, 0, 1, 0, 0, 0, 10, 0, 0, 10, 0, 0, 10, 10, 10, 0, 10, 10, 0, 10, 0, 10, 10, 0, 0, 10, 0, 0, 10, 10, 0, 10, 0, 10, 0, 2, 3, 0, 5, 0, 10, 1, 0, 0, 0, 10, 10, 0, 0, 10, 0, 10, 17, 10, 10, 10, 3, : 10, 1, 10, 10, 10, 10, 10, 10, 10, 10, 10, 10, 10, 10, 1, 10, 10, 10, 10, 10, 10, 10, 10, 10, 10, 10, 10, 10, 10, 10, 2, 3, 5, 10, 1, 10, 10, 10, 10, 17, 10, 10, 10, 3, 
86: 0, 10, 10, 10, 10, 10, 0, 0, 10, 10, 0, 10, 10, 10, 10, 10, 10, 0, 10, 0, 2, 0, 0, 0, 10, 0, 0, 0, 10, 0, 0, 10, 0, 10, 10, 10, 0, 1, 0, 10, 10, 10, 13, 10, 0, 1, 0, 4, 10, 5, 18, 0, 10, 10, 0, 0, 10, 4, 10, 0, 1, 0, 0, 0, 10, 10, 0, 0, 10, 3, 0, 10, 10, 10, 0, 10, 10, 0, 10, 0, : 10, 10, 10, 10, 10, 10, 10, 10, 10, 10, 10, 10, 10, 10, 2, 10, 10, 10, 10, 10, 10, 1, 10, 10, 10, 13, 10, 1, 4, 10, 5, 18, 10, 10, 10, 4, 10, 1, 10, 10, 10, 3, 10, 10, 10, 10, 10, 10, 
109: 10, 0, 0, 10, 10, 10, 0, 10, 0, 0, 0, 2, 10, 10, 10, 1, 1, 10, 10, 10, 10, 10, 0, 10, 0, 10, 0, 10, 3, 0, 10, 10, 10, 10, 10, 0, 0, 0, 10, 0, 10, 10, 0, 10, 10, 10, 10, 0, 10, 10, 10, 0, 0, 0, 0, 0, 0, 10, 0, 10, 0, 5, 0, 0, 0, 14, 10, 0, 10, 10, 10, 10, 0, 10, 0, 0, 0, 1, 10, 10, : 10, 10, 10, 10, 10, 2, 10, 10, 10, 1, 1, 10, 10, 10, 10, 10, 10, 10, 10, 3, 10, 10, 10, 10, 10, 10, 10, 10, 10, 10, 10, 10, 10, 10, 10, 10, 10, 5, 14, 10, 10, 10, 10, 10, 10, 1, 10, 10, 
79: 0, 0, 10, 0, 0, 10, 0, 0, 10, 10, 10, 0, 0, 10, 0, 10, 0, 0, 10, 0, 0, 0, 0, 0, 10, 0, 0, 0, 1, 0, 0, 0, 10, 10, 10, 10, 0, 0, 0, 10, 10, 10, 0, 0, 10, 10, 10, 10, 0, 10, 10, 0, 10, 10, 0, 0, 2, 0, 0, 0, 10, 0, 10, 10, 0, 0, 0, 0, 10, 0, 10, 10, 0, 10, 1, 0, 1, 10, 10, 10, : 10, 10, 10, 10, 10, 10, 10, 10, 10, 1, 10, 10, 10, 10, 10, 10, 10, 10, 10, 10, 10, 10, 10, 10, 10, 2, 10, 10, 10, 10, 10, 10, 10, 1, 1, 10, 10, 10, 
190: 10, 10, 0, 10, 0, 10, 10, 3, 9, 10, 0, 0, 10, 10, 0, 0, 0, 10, 10, 10, 0, 0, 10, 0, 0, 10, 10, 10, 10, 0, 10, 0, 10, 0, 10, 0, 10, 10, 10, 0, 10, 10, 0, 0, 0, 10, 0, 10, 0, 0, 0, 10, 10, 10, 10, 10, 1, 10, 0, 10, 1, 10, 10, 10, 10, 0, 10, 10, 0, 0, 0, 1, 0, 0, 0, 10, 10, 10, 0, 10, : 10, 10, 10, 10, 10, 3, 9, 10, 10, 10, 10, 10, 10, 10, 10, 10, 10, 10, 10, 10, 10, 10, 10, 10, 10, 10, 10, 10, 10, 10, 10, 10, 10, 1, 10, 10, 1, 10, 10, 10, 10, 10, 10, 1, 10, 10, 10, 10, 
67: 10, 10, 0, 10, 0, 0, 10, 1, 0, 10, 10, 10, 3, 10, 0, 2, 10, 0, 0, 10, 10, 10, 10, 10, 10, 10, 0, 10, 10, 2, 10, 0, 0, 10, 10, 10, 0, 10, 10, 0, 10, 0, 0, 0, 0, 10, 0, 10, 10, 10, 10, 0, 0, 10, 10, 0, 1, 10, 10, 0, 0, 0, 0, 0, 10, 10, 10, 10, 3, 0, 10, 0, 10, 0, 10, 0, 0, 10, 10, 0, : 10, 10, 10, 10, 1, 10, 10, 10, 3, 10, 2, 10, 10, 10, 10, 10, 10, 10, 10, 10, 10, 2, 10, 10, 10, 10, 10, 10, 10, 10, 10, 10, 10, 10, 10, 10, 1, 10, 10, 10, 10, 10, 10, 3, 10, 10, 10, 10, 10, 
84: 0, 10, 10, 0, 10, 10, 10, 10, 10, 0, 10, 0, 0, 0, 10, 0, 0, 0, 10, 0, 0, 0, 0, 0, 10, 0, 1, 10, 0, 0, 10, 10, 3, 10, 0, 0, 10, 10, 10, 0, 10, 0, 0, 0, 2, 0, 0, 0, 0, 0, 10, 10, 0, 10, 10, 10, 10, 0, 10, 0, 0, 10, 10, 0, 10, 0, 10, 0, 0, 10, 0, 10, 10, 10, 0, 1, 0, 0, 0, 10, : 10, 10, 10, 10, 10, 10, 10, 10, 10, 10, 10, 1, 10, 10, 10, 3, 10, 10, 10, 10, 10, 2, 10, 10, 10, 10, 10, 10, 10, 10, 10, 10, 10, 10, 10, 10, 10, 1, 10, 
77: 8, 10, 0, 10, 0, 0, 10, 0, 10, 0, 10, 0, 0, 0, 0, 0, 10, 0, 13, 0, 0, 10, 0, 10, 10, 10, 10, 0, 0, 0, 0, 10, 10, 10, 10, 0, 0, 0, 0, 10, 0, 10, 10, 5, 10, 0, 0, 0, 16, 0, 0, 3, 0, 10, 0, 10, 0, 0, 0, 10, 10, 10, 0, 0, 10, 0, 10, 10, 10, 10, 0, 0, 10, 1, 10, 10, 0, 10, 10, 0, : 8, 10, 10, 10, 10, 10, 10, 13, 10, 10, 10, 10, 10, 10, 10, 10, 10, 10, 10, 10, 5, 10, 16, 3, 10, 10, 10, 10, 10, 10, 10, 10, 10, 10, 10, 1, 10, 10, 10, 10, 
23: 0, 10, 10, 0, 10, 0, 0, 0, 0, 10, 10, 0, 10, 0, 10, 10, 10, 0, 1, 10, 10, 2, 10, 10, 10, 0, 0, 10, 10, 10, 0, 0, 10, 10, 0, 10, 0, 0, 10, 10, 0, 10, 0, 10, 10, 10, 10, 10, 0, 10, 10, 0, 10, 10, 10, 0, 0, 0, 0, 1, 0, 10, 0, 0, 10, 10, 0, 0, 10, 0, 1, 1, 0, 0, 10, 0, 10, 10, 10, 0, : 10, 10, 10, 10, 10, 10, 10, 10, 10, 1, 10, 10, 2, 10, 10, 10, 10, 10, 10, 10, 10, 10, 10, 10, 10, 10, 10, 10, 10, 10, 10, 10, 10, 10, 10, 1, 10, 10, 10, 10, 1, 1, 10, 10, 10, 10, 
169: 0, 0, 10, 10, 0, 0, 0, 10, 0, 10, 0, 10, 10, 10, 10, 10, 10, 2, 10, 0, 10, 10, 0, 6, 0, 0, 10, 10, 10, 0, 10, 10, 10, 0, 0, 0, 10, 0, 10, 10, 0, 0, 10, 3, 0, 10, 10, 10, 0, 12, 0, 10, 10, 0, 0, 0, 0, 0, 10, 10, 10, 0, 10, 0, 1, 0, 10, 10, 10, 0, 0, 0, 0, 0, 0, 10, 10, 10, 10, 0, : 10, 10, 10, 10, 10, 10, 10, 10, 10, 10, 2, 10, 10, 10, 6, 10, 10, 10, 10, 10, 10, 10, 10, 10, 10, 3, 10, 10, 10, 12, 10, 10, 10, 10, 10, 10, 1, 10, 10, 10, 10, 10, 10, 10, 
15: 0, 0, 0, 0, 4, 0, 0, 10, 0, 10, 0, 10, 0, 0, 0, 0, 0, 0, 10, 0, 10, 0, 10, 13, 10, 0, 0, 0, 0, 0, 0, 10, 0, 10, 0, 0, 0, 10, 0, 0, 0, 10, 0, 10, 10, 0, 10, 10, 0, 10, 0, 10, 0, 0, 0, 10, 10, 10, 0, 10, 10, 10, 10, 0, 0, 10, 0, 10, 10, 0, 0, 10, 0, 10, 10, 10, 10, 0, 0, 0, : 4, 10, 10, 10, 10, 10, 10, 13, 10, 10, 10, 10, 10, 10, 10, 10, 10, 10, 10, 10, 10, 10, 10, 10, 10, 10, 10, 10, 10, 10, 10, 10, 10, 10, 
161: 0, 10, 0, 10, 0, 2, 10, 10, 0, 0, 0, 0, 10, 0, 0, 2, 10, 0, 10, 0, 0, 0, 10, 0, 0, 0, 10, 10, 0, 10, 0, 10, 2, 10, 10, 10, 0, 10, 10, 10, 0, 10, 0, 10, 0, 0, 10, 1, 10, 10, 0, 2, 10, 1, 3, 10, 10, 10, 0, 10, 10, 2, 10, 10, 10, 0, 10, 10, 0, 0, 1, 0, 0, 0, 0, 0, 10, 0, 0, 0, : 10, 10, 2, 10, 10, 10, 2, 10, 10, 10, 10, 10, 10, 10, 2, 10, 10, 10, 10, 10, 10, 10, 10, 10, 1, 10, 10, 2, 10, 1, 3, 10, 10, 10, 10, 10, 2, 10, 10, 10, 10, 10, 1, 10, 
39: 0, 10, 0, 1, 19, 0, 10, 10, 2, 0, 10, 0, 0, 0, 0, 0, 10, 10, 10, 10, 10, 10, 10, 0, 10, 10, 10, 10, 10, 10, 10, 10, 0, 10, 0, 0, 10, 0, 0, 0, 0, 0, 10, 10, 10, 0, 10, 0, 10, 10, 0, 10, 0, 10, 10, 10, 0, 0, 17, 0, 0, 0, 10, 10, 10, 10, 0, 4, 0, 10, 0, 0, 10, 0, 0, 0, 10, 10, 10, 10, : 10, 1, 19, 10, 10, 2, 10, 10, 10, 10, 10, 10, 10, 10, 10, 10, 10, 10, 10, 10, 10, 10, 10, 10, 10, 10, 10, 10, 10, 10, 10, 10, 10, 10, 17, 10, 10, 10, 10, 4, 10, 10, 10, 10, 10, 10, 
158: 0, 0, 10, 10, 10, 10, 0, 10, 0, 10, 0, 10, 0, 0, 0, 0, 10, 10, 0, 10, 0, 0, 10, 0, 0, 0, 0, 10, 0, 10, 0, 10, 10, 10, 0, 10, 10, 10, 0, 0, 10, 10, 0, 10, 10, 0, 0, 0, 0, 0, 0, 0, 10, 10, 0, 10, 1, 0, 10, 10, 0, 0, 10, 2, 0, 1, 0, 0, 0, 10, 10, 3, 10, 0, 0, 10, 10, 10, 0, 10, : 10, 10, 10, 10, 10, 10, 10, 10, 10, 10, 10, 10, 10, 10, 10, 10, 10, 10, 10, 10, 10, 10, 10, 10, 10, 10, 1, 10, 10, 10, 2, 1, 10, 10, 3, 10, 10, 10, 10, 10, 
170: 0, 0, 10, 0, 1, 0, 0, 0, 10, 10, 10, 0, 2, 10, 10, 0, 0, 0, 4, 0, 10, 10, 0, 10, 10, 10, 0, 0, 0, 10, 0, 0, 10, 0, 0, 10, 10, 0, 0, 0, 0, 0, 10, 0, 0, 10, 0, 10, 10, 0, 10, 10, 2, 0, 10, 0, 0, 10, 10, 1, 10, 0, 10, 0, 10, 0, 0, 0, 10, 10, 10, 10, 10, 0, 0, 0, 0, 0, 0, 10, : 10, 1, 10, 10, 10, 2, 10, 10, 4, 10, 10, 10, 10, 10, 10, 10, 10, 10, 10, 10, 10, 10, 10, 10, 2, 10, 10, 10, 1, 10, 10, 10, 10, 10, 10, 10, 10, 10, 
95: 10, 10, 10, 10, 0, 10, 10, 10, 10, 0, 10, 10, 1, 1, 10, 10, 10, 0, 0, 7, 1, 10, 0, 4, 10, 0, 0, 0, 0, 10, 8, 10, 0, 10, 0, 0, 10, 0, 0, 10, 0, 10, 10, 10, 10, 1, 0, 0, 0, 10, 0, 0, 0, 1, 10, 0, 0, 0, 10, 0, 0, 10, 0, 10, 10, 10, 10, 0, 10, 0, 10, 10, 14, 0, 10, 10, 10, 10, 10, 1, : 10, 10, 10, 10, 10, 10, 10, 10, 10, 10, 1, 1, 10, 10, 10, 7, 1, 10, 4, 10, 10, 8, 10, 10, 10, 10, 10, 10, 10, 10, 1, 10, 1, 10, 10, 10, 10, 10, 10, 10, 10, 10, 10, 14, 10, 10, 10, 10, 10, 1, 
185: 10, 0, 10, 6, 0, 0, 0, 10, 0, 10, 0, 0, 10, 0, 10, 10, 10, 0, 0, 0, 0, 1, 10, 0, 10, 0, 0, 0, 0, 0, 10, 0, 10, 10, 0, 10, 0, 0, 10, 1, 0, 0, 10, 10, 0, 0, 10, 10, 0, 10, 0, 0, 0, 10, 10, 0, 10, 10, 10, 0, 10, 0, 10, 10, 0, 10, 10, 0, 10, 10, 2, 10, 0, 10, 0, 10, 0, 0, 10, 10, : 10, 10, 6, 10, 10, 10, 10, 10, 10, 1, 10, 10, 10, 10, 10, 10, 10, 1, 10, 10, 10, 10, 10, 10, 10, 10, 10, 10, 10, 10, 10, 10, 10, 10, 10, 2, 10, 10, 10, 10, 10, 
90: 10, 10, 10, 10, 0, 10, 10, 10, 1, 0, 0, 10, 0, 10, 0, 10, 10, 0, 10, 10, 10, 0, 12, 0, 0, 0, 0, 10, 10, 10, 0, 10, 10, 0, 0, 0, 0, 10, 5, 10, 0, 10, 0, 10, 10, 0, 0, 10, 2, 10, 0, 0, 10, 0, 10, 10, 0, 10, 10, 10, 0, 10, 0, 0, 10, 10, 10, 10, 0, 0, 10, 0, 10, 0, 10, 10, 0, 0, 1, 0, : 10, 10, 10, 10, 10, 10, 10, 1, 10, 10, 10, 10, 10, 10, 10, 12, 10, 10, 10, 10, 10, 10, 5, 10, 10, 10, 10, 10, 2, 10, 10, 10, 10, 10, 10, 10, 10, 10, 10, 10, 10, 10, 10, 10, 10, 1, 
4: 10, 10, 0, 10, 10, 10, 10, 0, 10, 0, 10, 10, 10, 0, 2, 0, 10, 10, 10, 10, 0, 10, 0, 0, 1, 10, 10, 10, 10, 10, 19, 0, 0, 10, 10, 7, 0, 0, 10, 10, 0, 10, 10, 0, 0, 1, 10, 0, 0, 10, 10, 0, 10, 10, 10, 10, 10, 10, 10, 10, 0, 0, 0, 0, 10, 0, 10, 0, 10, 0, 10, 10, 1, 10, 10, 10, 0, 0, 0, 0, : 10, 10, 10, 10, 10, 10, 10, 10, 10, 10, 2, 10, 10, 10, 10, 10, 1, 10, 10, 10, 10, 10, 19, 10, 10, 7, 10, 10, 10, 10, 1, 10, 10, 10, 10, 10, 10, 10, 10, 10, 10, 10, 10, 10, 10, 10, 10, 1, 10, 10, 10, 
28: 10, 0, 10, 0, 0, 10, 10, 0, 0, 0, 0, 10, 10, 10, 10, 10, 4, 10, 0, 0, 0, 2, 0, 0, 0, 10, 10, 10, 10, 0, 10, 10, 0, 0, 10, 10, 10, 10, 10, 0, 0, 0, 10, 10, 10, 0, 0, 10, 10, 0, 8, 10, 10, 0, 10, 0, 0, 0, 8, 10, 10, 10, 0, 0, 0, 0, 0, 0, 0, 1, 10, 10, 10, 10, 10, 0, 0, 0, 0, 0, : 10, 10, 10, 10, 10, 10, 10, 10, 10, 4, 10, 2, 10, 10, 10, 10, 10, 10, 10, 10, 10, 10, 10, 10, 10, 10, 10, 10, 8, 10, 10, 10, 8, 10, 10, 10, 1, 10, 10, 10, 10, 10, 
50: 10, 10, 0, 0, 10, 0, 10, 10, 0, 0, 10, 0, 10, 0, 10, 0, 0, 10, 0, 10, 10, 10, 0, 0, 0, 0, 10, 0, 0, 10, 0, 0, 10, 5, 10, 18, 10, 10, 0, 10, 10, 3, 0, 10, 10, 0, 4, 0, 10, 4, 10, 10, 0, 0, 0, 10, 10, 10, 4, 0, 0, 0, 10, 10, 10, 10, 0, 0, 0, 10, 10, 0, 10, 0, 10, 0, 0, 10, 0, 10, : 10, 10, 10, 10, 10, 10, 10, 10, 10, 10, 10, 10, 10, 10, 10, 5, 10, 18, 10, 10, 10, 10, 3, 10, 10, 4, 10, 4, 10, 10, 10, 10, 10, 4, 10, 10, 10, 10, 10, 10, 10, 10, 10, 10, 
7: 0, 0, 0, 0, 0, 0, 10, 10, 10, 0, 10, 10, 0, 0, 0, 10, 10, 10, 10, 10, 10, 10, 10, 10, 0, 0, 3, 10, 0, 0, 10, 0, 10, 10, 10, 0, 0, 10, 0, 10, 0, 10, 0, 10, 1, 10, 10, 10, 0, 0, 0, 10, 1, 10, 2, 0, 0, 10, 10, 0, 0, 10, 0, 10, 10, 10, 10, 0, 0, 0, 10, 10, 0, 3, 0, 0, 10, 10, 0, 10, : 10, 10, 10, 10, 10, 10, 10, 10, 10, 10, 10, 10, 10, 10, 3, 10, 10, 10, 10, 10, 10, 10, 10, 10, 1, 10, 10, 10, 10, 1, 10, 2, 10, 10, 10, 10, 10, 10, 10, 10, 10, 3, 10, 10, 10, 
26: 10, 10, 10, 0, 10, 0, 10, 0, 10, 1, 0, 10, 10, 10, 0, 0, 10, 2, 3, 10, 10, 10, 10, 10, 0, 10, 10, 0, 10, 0, 10, 10, 10, 0, 10, 10, 0, 10, 10, 0, 10, 0, 10, 1, 10, 0, 10, 10, 10, 0, 10, 0, 0, 10, 10, 10, 0, 0, 0, 0, 10, 10, 10, 10, 10, 10, 0, 0, 0, 10, 10, 10, 10, 0, 0, 10, 10, 0, 10, 0, : 10, 10, 10, 10, 10, 10, 1, 10, 10, 10, 10, 2, 3, 10, 10, 10, 10, 10, 10, 10, 10, 10, 10, 10, 10, 10, 10, 10, 10, 10, 1, 10, 10, 10, 10, 10, 10, 10, 10, 10, 10, 10, 10, 10, 10, 10, 10, 10, 10, 10, 10, 10, 
173: 10, 10, 4, 10, 0, 10, 0, 1, 10, 10, 0, 10, 0, 0, 0, 0, 10, 10, 0, 10, 10, 10, 0, 10, 0, 10, 10, 0, 10, 10, 0, 0, 0, 0, 10, 0, 1, 10, 10, 0, 10, 0, 0, 10, 0, 10, 10, 0, 0, 1, 10, 10, 10, 10, 0, 10, 10, 10, 0, 0, 10, 10, 0, 10, 2, 10, 10, 10, 0, 0, 10, 10, 10, 0, 10, 0, 10, 0, 10, 10, : 10, 10, 4, 10, 10, 1, 10, 10, 10, 10, 10, 10, 10, 10, 10, 10, 10, 10, 10, 10, 1, 10, 10, 10, 10, 10, 10, 1, 10, 10, 10, 10, 10, 10, 10, 10, 10, 10, 2, 10, 10, 10, 10, 10, 10, 10, 10, 10, 10, 


154: 10, 0, 10, 10, 10, 11, 10, 0, 0, 10, 0, 0, 10, 0, 10, 10, 1, 1, 10, 2, 0, 0, 10, 0, 10, 10, 10, 10, 0, 0, 1, 0, 0, 10, 10, 0, 0, 0, 0, 10, 10, 0, 0, 0, 10, 0, 0, 10, 10, 6, 0, 1, 10, 0, 0, 10, 0, 0, 0, 10, 0, 10, 0, 10, 0, 0, 0, 10, 10, 10, 0, 0, 10, 10, 0, 10, 0, 10, 13, 0, : 10, 10, 10, 10, 11, 10, 10, 10, 10, 10, 1, 1, 10, 2, 10, 10, 10, 10, 10, 1, 10, 10, 10, 10, 10, 10, 10, 6, 1, 10, 10, 10, 10, 10, 10, 10, 10, 10, 10, 10, 10, 13, 
191: 0, 0, 0, 0, 10, 10, 0, 0, 0, 10, 10, 0, 0, 0, 10, 0, 0, 0, 10, 0, 10, 0, 0, 10, 10, 10, 0, 10, 10, 10, 2, 0, 0, 10, 10, 10, 10, 0, 10, 0, 10, 10, 0, 0, 0, 10, 10, 10, 10, 0, 0, 0, 0, 0, 10, 0, 2, 0, 0, 0, 10, 0, 10, 10, 0, 0, 10, 10, 3, 10, 0, 0, 2, 0, 10, 10, 10, 10, 10, 1, : 10, 10, 10, 10, 10, 10, 10, 10, 10, 10, 10, 10, 10, 2, 10, 10, 10, 10, 10, 10, 10, 10, 10, 10, 10, 10, 2, 10, 10, 10, 10, 10, 3, 10, 2, 10, 10, 10, 10, 10, 1, 
159: 0, 10, 5, 0, 0, 1, 10, 10, 0, 0, 0, 2, 10, 2, 0, 10, 10, 10, 0, 10, 10, 0, 10, 10, 0, 0, 10, 0, 10, 10, 0, 3, 0, 10, 0, 0, 0, 0, 0, 0, 0, 10, 0, 12, 10, 10, 2, 0, 10, 0, 10, 10, 10, 0, 10, 10, 0, 0, 1, 10, 0, 10, 10, 0, 0, 10, 11, 10, 0, 0, 10, 1, 10, 0, 10, 0, 10, 0, 0, 10, : 10, 5, 1, 10, 10, 2, 10, 2, 10, 10, 10, 10, 10, 10, 10, 10, 10, 10, 3, 10, 10, 12, 10, 10, 2, 10, 10, 10, 10, 10, 10, 1, 10, 10, 10, 10, 11, 10, 10, 1, 10, 10, 10, 10, 
178: 0, 10, 10, 10, 0, 0, 0, 10, 7, 0, 0, 2, 0, 10, 10, 0, 18, 0, 0, 0, 10, 0, 0, 10, 0, 0, 10, 0, 10, 0, 10, 10, 0, 10, 0, 0, 0, 0, 0, 10, 0, 0, 0, 10, 0, 0, 10, 10, 0, 10, 10, 10, 10, 10, 0, 0, 10, 10, 10, 0, 10, 0, 10, 10, 10, 0, 0, 0, 10, 0, 10, 0, 0, 10, 0, 10, 0, 0, 0, 10, : 10, 10, 10, 10, 7, 2, 10, 10, 18, 10, 10, 10, 10, 10, 10, 10, 10, 10, 10, 10, 10, 10, 10, 10, 10, 10, 10, 10, 10, 10, 10, 10, 10, 10, 10, 10, 10, 
117: 10, 0, 0, 10, 0, 10, 10, 0, 10, 10, 10, 0, 10, 10, 0, 0, 0, 0, 3, 10, 11, 10, 0, 0, 10, 0, 0, 0, 10, 0, 0, 10, 10, 10, 10, 10, 5, 0, 10, 0, 0, 10, 0, 0, 10, 0, 10, 10, 2, 0, 0, 1, 10, 10, 10, 0, 3, 0, 10, 10, 0, 0, 0, 0, 0, 0, 10, 0, 10, 10, 0, 10, 10, 5, 10, 0, 10, 6, 10, 1, : 10, 10, 10, 10, 10, 10, 10, 10, 10, 3, 10, 11, 10, 10, 10, 10, 10, 10, 10, 10, 5, 10, 10, 10, 10, 10, 2, 1, 10, 10, 10, 3, 10, 10, 10, 10, 10, 10, 10, 5, 10, 10, 6, 10, 1, 
151: 0, 0, 0, 2, 4, 0, 1, 10, 10, 10, 10, 0, 10, 10, 3, 0, 10, 10, 0, 10, 10, 0, 0, 10, 0, 0, 0, 0, 0, 0, 10, 0, 10, 10, 10, 10, 0, 0, 0, 0, 10, 0, 10, 0, 0, 10, 10, 4, 10, 10, 0, 0, 2, 10, 0, 10, 10, 10, 10, 10, 10, 10, 10, 0, 10, 0, 0, 10, 10, 10, 10, 10, 0, 10, 10, 1, 10, 10, 0, 10, : 2, 4, 1, 10, 10, 10, 10, 10, 10, 3, 10, 10, 10, 10, 10, 10, 10, 10, 10, 10, 10, 10, 10, 10, 4, 10, 10, 2, 10, 10, 10, 10, 10, 10, 10, 10, 10, 10, 10, 10, 10, 10, 10, 10, 10, 1, 10, 10, 10, 
2: 0, 10, 0, 10, 0, 10, 10, 10, 10, 0, 20, 0, 0, 10, 10, 10, 10, 10, 10, 10, 0, 10, 10, 10, 3, 14, 2, 10, 0, 0, 0, 0, 10, 0, 10, 10, 10, 10, 0, 10, 10, 10, 0, 0, 0, 10, 16, 10, 0, 1, 0, 10, 0, 0, 10, 10, 0, 10, 0, 0, 10, 1, 0, 10, 10, 10, 0, 10, 0, 0, 0, 10, 10, 0, 10, 10, 10, 10, 0, 10, : 10, 10, 10, 10, 10, 10, 20, 10, 10, 10, 10, 10, 10, 10, 10, 10, 10, 3, 14, 2, 10, 10, 10, 10, 10, 10, 10, 10, 10, 10, 16, 10, 1, 10, 10, 10, 10, 10, 1, 10, 10, 10, 10, 10, 10, 10, 10, 10, 10, 10, 
29: 0, 10, 10, 10, 0, 0, 10, 0, 6, 3, 0, 0, 10, 10, 10, 0, 10, 10, 10, 2, 8, 0, 10, 19, 0, 0, 10, 0, 8, 0, 0, 0, 10, 0, 1, 10, 10, 10, 0, 10, 4, 10, 10, 0, 0, 0, 10, 0, 10, 0, 0, 10, 10, 10, 0, 0, 10, 10, 10, 10, 10, 0, 0, 4, 10, 0, 0, 0, 10, 0, 0, 10, 10, 10, 0, 10, 0, 10, 0, 0, : 10, 10, 10, 10, 6, 3, 10, 10, 10, 10, 10, 10, 2, 8, 10, 19, 10, 8, 10, 1, 10, 10, 10, 10, 4, 10, 10, 10, 10, 10, 10, 10, 10, 10, 10, 10, 10, 4, 10, 10, 10, 10, 10, 10, 10, 
123: 0, 0, 0, 0, 10, 0, 10, 0, 12, 0, 10, 0, 0, 10, 0, 0, 0, 10, 0, 0, 0, 10, 10, 10, 10, 10, 10, 10, 10, 10, 0, 10, 10, 10, 10, 0, 0, 10, 0, 0, 10, 0, 0, 10, 10, 1, 10, 10, 10, 0, 0, 10, 0, 0, 10, 0, 10, 10, 10, 0, 0, 0, 0, 0, 10, 0, 0, 0, 4, 0, 1, 10, 10, 0, 0, 0, 0, 0, 0, 0, : 10, 10, 12, 10, 10, 10, 10, 10, 10, 10, 10, 10, 10, 10, 10, 10, 10, 10, 10, 10, 10, 10, 10, 1, 10, 10, 10, 10, 10, 10, 10, 10, 10, 4, 1, 10, 10, 
168: 0, 10, 0, 10, 10, 10, 0, 10, 0, 0, 14, 10, 10, 0, 10, 0, 0, 0, 0, 10, 0, 10, 0, 0, 0, 10, 0, 10, 0, 10, 10, 10, 10, 10, 0, 0, 0, 0, 10, 0, 0, 10, 10, 10, 10, 0, 10, 0, 10, 10, 10, 10, 0, 0, 0, 10, 0, 0, 0, 10, 10, 0, 0, 10, 10, 6, 0, 0, 10, 0, 10, 10, 0, 10, 0, 10, 10, 0, 10, 0, : 10, 10, 10, 10, 10, 14, 10, 10, 10, 10, 10, 10, 10, 10, 10, 10, 10, 10, 10, 10, 10, 10, 10, 10, 10, 10, 10, 10, 10, 10, 10, 10, 10, 6, 10, 10, 10, 10, 10, 10, 10, 
92: 10, 10, 0, 3, 0, 10, 10, 10, 0, 0, 2, 10, 0, 10, 10, 0, 0, 10, 10, 0, 0, 10, 0, 0, 10, 0, 10, 0, 0, 10, 10, 10, 1, 0, 0, 0, 10, 1, 0, 10, 10, 1, 10, 3, 10, 10, 0, 10, 0, 0, 0, 20, 16, 10, 0, 10, 0, 10, 2, 0, 10, 10, 0, 0, 0, 10, 7, 3, 10, 0, 10, 10, 10, 10, 10, 10, 0, 0, 0, 10, : 10, 10, 3, 10, 10, 10, 2, 10, 10, 10, 10, 10, 10, 10, 10, 10, 10, 10, 1, 10, 1, 10, 10, 1, 10, 3, 10, 10, 10, 20, 16, 10, 10, 10, 2, 10, 10, 10, 7, 3, 10, 10, 10, 10, 10, 10, 10, 10, 
96: 0, 0, 0, 0, 10, 0, 10, 10, 10, 0, 0, 10, 0, 10, 10, 10, 10, 10, 0, 0, 10, 0, 10, 1, 10, 0, 10, 0, 10, 10, 0, 10, 10, 10, 2, 10, 10, 10, 10, 10, 0, 0, 10, 10, 0, 10, 10, 10, 0, 0, 0, 5, 0, 10, 10, 10, 10, 10, 10, 10, 10, 0, 0, 10, 10, 10, 10, 10, 0, 0, 0, 0, 9, 10, 10, 10, 10, 0, 0, 10, : 10, 10, 10, 10, 10, 10, 10, 10, 10, 10, 10, 10, 1, 10, 10, 10, 10, 10, 10, 10, 2, 10, 10, 10, 10, 10, 10, 10, 10, 10, 10, 5, 10, 10, 10, 10, 10, 10, 10, 10, 10, 10, 10, 10, 10, 9, 10, 10, 10, 10, 10, 
22: 0, 10, 0, 10, 10, 10, 10, 11, 0, 10, 10, 0, 1, 2, 10, 0, 0, 0, 0, 0, 0, 10, 10, 10, 10, 0, 0, 3, 0, 0, 10, 10, 0, 0, 10, 0, 0, 0, 0, 10, 0, 0, 10, 0, 10, 10, 10, 10, 0, 0, 0, 10, 10, 10, 0, 10, 10, 10, 10, 10, 10, 0, 10, 10, 10, 10, 10, 10, 0, 0, 10, 10, 0, 0, 0, 0, 0, 10, 10, 10, : 10, 10, 10, 10, 10, 11, 10, 10, 1, 2, 10, 10, 10, 10, 10, 3, 10, 10, 10, 10, 10, 10, 10, 10, 10, 10, 10, 10, 10, 10, 10, 10, 10, 10, 10, 10, 10, 10, 10, 10, 10, 10, 10, 10, 10, 
140: 0, 0, 0, 0, 0, 0, 0, 0, 0, 7, 0, 0, 10, 10, 0, 10, 10, 10, 0, 10, 10, 10, 10, 0, 10, 0, 0, 0, 10, 10, 0, 10, 10, 0, 0, 10, 0, 0, 10, 10, 0, 10, 0, 0, 0, 0, 2, 10, 0, 10, 0, 0, 0, 10, 0, 10, 10, 0, 0, 10, 0, 10, 0, 10, 10, 0, 10, 10, 10, 4, 0, 10, 2, 10, 3, 10, 2, 10, 0, 0, : 7, 10, 10, 10, 10, 10, 10, 10, 10, 10, 10, 10, 10, 10, 10, 10, 10, 10, 10, 2, 10, 10, 10, 10, 10, 10, 10, 10, 10, 10, 10, 10, 4, 10, 2, 10, 3, 10, 2, 10, 
21: 1, 10, 10, 0, 1, 10, 10, 10, 0, 0, 0, 0, 10, 0, 0, 10, 10, 10, 10, 10, 0, 10, 10, 10, 0, 0, 0, 0, 0, 1, 10, 6, 1, 10, 0, 10, 10, 1, 0, 0, 10, 0, 10, 0, 10, 10, 0, 3, 0, 0, 10, 0, 0, 1, 10, 10, 10, 10, 0, 0, 0, 10, 2, 0, 0, 10, 0, 10, 0, 10, 0, 10, 10, 10, 0, 0, 10, 10, 0, 0, : 1, 10, 10, 1, 10, 10, 10, 10, 10, 10, 10, 10, 10, 10, 10, 10, 1, 10, 6, 1, 10, 10, 10, 1, 10, 10, 10, 10, 3, 10, 1, 10, 10, 10, 10, 10, 2, 10, 10, 10, 10, 10, 10, 10, 10, 
100: 0, 10, 1, 10, 10, 10, 0, 0, 0, 10, 17, 10, 10, 0, 10, 10, 0, 10, 0, 10, 0, 3, 0, 10, 10, 10, 10, 10, 10, 0, 10, 13, 0, 10, 10, 10, 10, 10, 18, 0, 10, 10, 10, 0, 0, 10, 0, 10, 10, 10, 0, 0, 0, 10, 4, 10, 0, 5, 0, 10, 0, 10, 0, 0, 10, 10, 0, 0, 1, 0, 10, 4, 10, 10, 10, 14, 0, 10, 10, 10, : 10, 1, 10, 10, 10, 10, 17, 10, 10, 10, 10, 10, 10, 3, 10, 10, 10, 10, 10, 10, 10, 13, 10, 10, 10, 10, 10, 18, 10, 10, 10, 10, 10, 10, 10, 10, 4, 10, 5, 10, 10, 10, 10, 1, 10, 4, 10, 10, 10, 14, 10, 10, 10, 
125: 10, 0, 10, 0, 10, 10, 0, 0, 0, 0, 1, 10, 0, 0, 10, 10, 0, 4, 10, 0, 10, 0, 0, 10, 0, 0, 0, 0, 0, 10, 10, 10, 10, 10, 10, 10, 10, 10, 0, 0, 10, 10, 10, 10, 3, 0, 0, 0, 0, 0, 10, 10, 10, 3, 10, 10, 0, 10, 10, 0, 1, 10, 10, 0, 10, 10, 10, 0, 0, 0, 10, 10, 10, 0, 1, 0, 10, 19, 10, 0, : 10, 10, 10, 10, 1, 10, 10, 10, 4, 10, 10, 10, 10, 10, 10, 10, 10, 10, 10, 10, 10, 10, 10, 10, 10, 3, 10, 10, 10, 3, 10, 10, 10, 10, 1, 10, 10, 10, 10, 10, 10, 10, 10, 1, 10, 19, 10, 
64: 10, 10, 0, 10, 0, 0, 0, 10, 20, 0, 10, 10, 10, 0, 20, 10, 10, 0, 0, 10, 0, 0, 0, 0, 10, 10, 10, 10, 10, 0, 10, 10, 0, 0, 10, 10, 10, 0, 10, 10, 10, 0, 10, 10, 0, 0, 10, 10, 10, 10, 0, 2, 0, 10, 0, 10, 10, 0, 0, 10, 0, 10, 10, 0, 10, 10, 0, 0, 10, 0, 0, 0, 10, 10, 0, 10, 10, 10, 10, 0, : 10, 10, 10, 10, 20, 10, 10, 10, 20, 10, 10, 10, 10, 10, 10, 10, 10, 10, 10, 10, 10, 10, 10, 10, 10, 10, 10, 10, 10, 10, 10, 2, 10, 10, 10, 10, 10, 10, 10, 10, 10, 10, 10, 10, 10, 10, 10, 
171: 0, 10, 10, 10, 0, 0, 10, 0, 0, 0, 10, 10, 10, 0, 0, 10, 10, 0, 10, 0, 0, 10, 5, 10, 0, 10, 0, 10, 0, 0, 0, 0, 10, 0, 10, 0, 0, 0, 10, 0, 0, 0, 0, 0, 0, 10, 2, 0, 2, 10, 10, 10, 10, 10, 10, 10, 10, 10, 0, 2, 10, 14, 10, 0, 10, 0, 0, 0, 10, 10, 0, 0, 10, 0, 0, 0, 2, 10, 10, 10, : 10, 10, 10, 10, 10, 10, 10, 10, 10, 10, 10, 5, 10, 10, 10, 10, 10, 10, 10, 2, 2, 10, 10, 10, 10, 10, 10, 10, 10, 10, 2, 10, 14, 10, 10, 10, 10, 10, 2, 10, 10, 10, 
19: 0, 0, 5, 0, 10, 10, 10, 0, 10, 10, 10, 0, 0, 10, 0, 10, 10, 0, 0, 10, 10, 0, 0, 0, 10, 0, 10, 0, 0, 0, 1, 10, 0, 0, 0, 0, 10, 3, 0, 10, 10, 0, 10, 0, 10, 10, 10, 10, 10, 10, 0, 10, 10, 0, 0, 0, 0, 10, 0, 10, 10, 0, 10, 0, 10, 10, 10, 10, 0, 0, 10, 0, 10, 10, 0, 10, 0, 10, 3, 10, : 5, 10, 10, 10, 10, 10, 10, 10, 10, 10, 10, 10, 10, 10, 1, 10, 10, 3, 10, 10, 10, 10, 10, 10, 10, 10, 10, 10, 10, 10, 10, 10, 10, 10, 10, 10, 10, 10, 10, 10, 10, 10, 3, 10, 
82: 10, 0, 10, 10, 10, 0, 0, 0, 0, 0, 10, 10, 0, 10, 0, 2, 0, 0, 0, 10, 10, 10, 0, 10, 0, 4, 10, 10, 0, 10, 10, 0, 0, 0, 10, 0, 10, 0, 10, 0, 0, 10, 10, 10, 10, 0, 0, 0, 10, 0, 10, 0, 10, 10, 10, 10, 10, 0, 10, 0, 10, 0, 10, 10, 10, 0, 5, 0, 10, 0, 1, 0, 0, 10, 10, 1, 0, 10, 18, 10, : 10, 10, 10, 10, 10, 10, 10, 2, 10, 10, 10, 10, 4, 10, 10, 10, 10, 10, 10, 10, 10, 10, 10, 10, 10, 10, 10, 10, 10, 10, 10, 10, 10, 10, 10, 10, 5, 10, 1, 10, 10, 1, 10, 18, 10, 
32: 10, 10, 0, 0, 0, 10, 0, 0, 0, 10, 0, 1, 10, 0, 0, 10, 10, 0, 10, 0, 0, 2, 0, 0, 10, 0, 10, 10, 1, 0, 10, 10, 0, 10, 10, 0, 0, 10, 10, 10, 0, 10, 10, 10, 0, 0, 10, 10, 0, 10, 0, 10, 0, 10, 0, 0, 0, 10, 10, 10, 10, 10, 10, 10, 0, 0, 0, 10, 10, 10, 0, 10, 0, 0, 0, 10, 10, 0, 10, 10, : 10, 10, 10, 10, 1, 10, 10, 10, 10, 2, 10, 10, 10, 1, 10, 10, 10, 10, 10, 10, 10, 10, 10, 10, 10, 10, 10, 10, 10, 10, 10, 10, 10, 10, 10, 10, 10, 10, 10, 10, 10, 10, 10, 10, 
130: 10, 10, 10, 10, 10, 0, 0, 10, 10, 10, 0, 10, 0, 10, 10, 0, 10, 10, 10, 10, 10, 0, 0, 0, 0, 14, 0, 10, 10, 10, 7, 0, 0, 10, 0, 0, 10, 0, 10, 0, 0, 0, 0, 10, 10, 0, 10, 10, 0, 10, 10, 1, 0, 10, 1, 10, 0, 10, 10, 10, 0, 10, 0, 10, 0, 10, 0, 5, 10, 10, 10, 0, 0, 10, 0, 0, 10, 0, 0, 0, : 10, 10, 10, 10, 10, 10, 10, 10, 10, 10, 10, 10, 10, 10, 10, 10, 14, 10, 10, 10, 7, 10, 10, 10, 10, 10, 10, 10, 10, 10, 1, 10, 1, 10, 10, 10, 10, 10, 10, 10, 5, 10, 10, 10, 10, 10, 
60: 10, 10, 10, 0, 0, 10, 10, 0, 0, 10, 1, 10, 10, 0, 10, 10, 10, 0, 10, 0, 10, 10, 10, 10, 10, 0, 10, 10, 0, 10, 0, 10, 0, 10, 0, 10, 0, 10, 0, 10, 10, 0, 10, 10, 10, 10, 10, 10, 10, 0, 10, 1, 10, 0, 10, 0, 0, 0, 0, 10, 10, 10, 3, 0, 0, 10, 10, 0, 0, 0, 10, 10, 10, 10, 0, 0, 0, 0, 10, 10, : 10, 10, 10, 10, 10, 10, 1, 10, 10, 10, 10, 10, 10, 10, 10, 10, 10, 10, 10, 10, 10, 10, 10, 10, 10, 10, 10, 10, 10, 10, 10, 10, 10, 10, 10, 1, 10, 10, 10, 10, 10, 3, 10, 10, 10, 10, 10, 10, 10, 10, 
141: 0, 0, 10, 0, 0, 10, 10, 0, 10, 0, 10, 10, 0, 0, 0, 10, 3, 10, 10, 1, 10, 10, 10, 3, 0, 0, 10, 1, 10, 0, 10, 0, 10, 0, 1, 0, 10, 10, 0, 10, 10, 2, 0, 10, 0, 10, 0, 0, 10, 0, 10, 0, 0, 10, 10, 5, 0, 0, 0, 0, 10, 0, 10, 10, 0, 10, 10, 10, 0, 10, 10, 0, 0, 0, 10, 10, 0, 0, 0, 10, : 10, 10, 10, 10, 10, 10, 10, 3, 10, 10, 1, 10, 10, 10, 3, 10, 1, 10, 10, 10, 1, 10, 10, 10, 10, 2, 10, 10, 10, 10, 10, 10, 5, 10, 10, 10, 10, 10, 10, 10, 10, 10, 10, 10, 
147: 0, 10, 10, 0, 0, 10, 0, 0, 0, 10, 0, 10, 3, 0, 0, 0, 0, 0, 2, 0, 0, 10, 0, 10, 10, 0, 0, 10, 0, 14, 0, 0, 10, 0, 10, 10, 10, 10, 0, 0, 10, 10, 1, 10, 1, 0, 2, 0, 10, 0, 10, 10, 4, 0, 0, 10, 0, 0, 0, 0, 0, 0, 0, 10, 4, 1, 10, 10, 0, 10, 10, 0, 0, 0, 0, 10, 0, 10, 0, 0, : 10, 10, 10, 10, 10, 3, 2, 10, 10, 10, 10, 14, 10, 10, 10, 10, 10, 10, 10, 1, 10, 1, 2, 10, 10, 10, 4, 10, 10, 4, 1, 10, 10, 10, 10, 10, 10, 
25: 10, 0, 10, 10, 10, 10, 4, 10, 10, 10, 0, 10, 10, 10, 1, 10, 0, 10, 0, 0, 10, 0, 10, 0, 0, 3, 10, 0, 0, 10, 0, 10, 10, 0, 10, 10, 10, 0, 10, 10, 0, 10, 0, 10, 10, 0, 10, 0, 10, 10, 10, 0, 0, 0, 10, 0, 10, 10, 2, 10, 0, 10, 10, 10, 10, 0, 0, 0, 0, 0, 10, 10, 0, 0, 1, 10, 10, 10, 0, 0, : 10, 10, 10, 10, 10, 4, 10, 10, 10, 10, 10, 10, 1, 10, 10, 10, 10, 3, 10, 10, 10, 10, 10, 10, 10, 10, 10, 10, 10, 10, 10, 10, 10, 10, 10, 10, 10, 2, 10, 10, 10, 10, 10, 10, 10, 1, 10, 10, 10, 
24: 10, 0, 10, 0, 10, 0, 10, 10, 10, 10, 0, 0, 0, 10, 0, 10, 0, 0, 0, 0, 6, 0, 10, 0, 9, 0, 0, 1, 0, 10, 0, 0, 0, 10, 0, 0, 10, 10, 10, 10, 0, 0, 0, 0, 0, 3, 10, 0, 10, 0, 10, 10, 10, 0, 0, 0, 10, 10, 0, 10, 0, 0, 0, 10, 0, 8, 0, 0, 10, 0, 0, 0, 0, 10, 0, 3, 0, 0, 10, 0, : 10, 10, 10, 10, 10, 10, 10, 10, 10, 6, 10, 9, 1, 10, 10, 10, 10, 10, 10, 3, 10, 10, 10, 10, 10, 10, 10, 10, 10, 8, 10, 10, 3, 10, 
195: 10, 10, 13, 10, 10, 10, 10, 10, 0, 0, 10, 10, 10, 0, 0, 10, 0, 10, 10, 10, 10, 10, 10, 0, 0, 10, 0, 0, 10, 10, 0, 0, 10, 0, 0, 10, 0, 0, 10, 0, 10, 10, 0, 0, 10, 10, 0, 0, 0, 10, 10, 0, 1, 10, 10, 0, 0, 0, 0, 0, 0, 0, 0, 10, 10, 10, 0, 0, 0, 10, 10, 10, 10, 0, 10, 1, 10, 0, 10, 10, : 10, 10, 13, 10, 10, 10, 10, 10, 10, 10, 10, 10, 10, 10, 10, 10, 10, 10, 10, 10, 10, 10, 10, 10, 10, 10, 10, 10, 10, 10, 1, 10, 10, 10, 10, 10, 10, 10, 10, 10, 10, 1, 10, 10, 10, 
111: 0, 10, 0, 10, 0, 10, 0, 0, 0, 0, 0, 10, 0, 10, 10, 0, 0, 0, 0, 0, 0, 10, 10, 10, 10, 10, 3, 0, 10, 0, 0, 0, 10, 1, 0, 0, 0, 10, 0, 10, 0, 0, 10, 10, 0, 0, 0, 2, 10, 0, 10, 10, 10, 0, 10, 0, 0, 10, 10, 0, 10, 0, 10, 0, 10, 0, 2, 12, 0, 1, 0, 0, 0, 10, 10, 0, 0, 0, 0, 0, : 10, 10, 10, 10, 10, 10, 10, 10, 10, 10, 10, 3, 10, 10, 1, 10, 10, 10, 10, 2, 10, 10, 10, 10, 10, 10, 10, 10, 10, 10, 2, 12, 1, 10, 10, 
121: 10, 0, 1, 0, 0, 1, 10, 10, 0, 10, 0, 0, 10, 10, 0, 0, 3, 10, 10, 10, 0, 0, 10, 12, 0, 10, 0, 10, 10, 0, 10, 10, 10, 3, 1, 10, 10, 10, 10, 0, 10, 0, 10, 10, 10, 10, 10, 10, 10, 10, 0, 1, 0, 10, 10, 10, 10, 0, 10, 2, 0, 0, 0, 10, 0, 10, 10, 10, 10, 10, 0, 10, 0, 0, 10, 4, 0, 10, 1, 10, : 10, 1, 1, 10, 10, 10, 10, 10, 3, 10, 10, 10, 10, 12, 10, 10, 10, 10, 10, 10, 3, 1, 10, 10, 10, 10, 10, 10, 10, 10, 10, 10, 10, 10, 10, 1, 10, 10, 10, 10, 10, 2, 10, 10, 10, 10, 10, 10, 10, 10, 4, 10, 1, 10, 
6: 3, 10, 10, 10, 10, 0, 0, 0, 0, 0, 0, 0, 1, 10, 0, 10, 10, 10, 10, 10, 0, 10, 10, 0, 10, 0, 0, 10, 0, 0, 0, 10, 10, 10, 0, 0, 0, 10, 0, 10, 0, 10, 0, 0, 0, 10, 1, 10, 0, 0, 10, 10, 10, 10, 0, 0, 0, 0, 10, 0, 10, 10, 0, 0, 0, 10, 10, 10, 7, 10, 10, 0, 10, 10, 10, 0, 0, 0, 0, 0, : 3, 10, 10, 10, 10, 1, 10, 10, 10, 10, 10, 10, 10, 10, 10, 10, 10, 10, 10, 10, 10, 10, 10, 1, 10, 10, 10, 10, 10, 10, 10, 10, 10, 10, 10, 7, 10, 10, 10, 10, 10, 
114: 0, 0, 10, 10, 0, 0, 10, 10, 10, 10, 0, 10, 0, 10, 0, 3, 0, 0, 10, 10, 0, 10, 10, 10, 0, 10, 10, 10, 10, 0, 12, 0, 0, 10, 0, 10, 0, 10, 5, 5, 10, 0, 0, 0, 10, 0, 0, 1, 0, 18, 10, 10, 10, 0, 0, 0, 0, 0, 0, 10, 2, 0, 0, 10, 0, 0, 10, 5, 0, 10, 0, 10, 0, 0, 0, 0, 10, 0, 10, 0, : 10, 10, 10, 10, 10, 10, 10, 10, 3, 10, 10, 10, 10, 10, 10, 10, 10, 10, 12, 10, 10, 10, 5, 5, 10, 10, 1, 18, 10, 10, 10, 10, 2, 10, 10, 5, 10, 10, 10, 10, 
165: 2, 0, 0, 10, 10, 2, 0, 0, 10, 15, 10, 10, 10, 10, 10, 0, 10, 10, 10, 10, 0, 10, 0, 10, 0, 10, 0, 10, 10, 10, 10, 0, 3, 10, 0, 10, 10, 0, 10, 0, 1, 10, 10, 10, 0, 10, 0, 4, 1, 10, 0, 0, 10, 10, 10, 0, 10, 10, 10, 10, 10, 10, 10, 0, 0, 10, 10, 10, 0, 0, 0, 10, 0, 10, 10, 0, 10, 0, 0, 10, : 2, 10, 10, 2, 10, 15, 10, 10, 10, 10, 10, 10, 10, 10, 10, 10, 10, 10, 10, 10, 10, 10, 3, 10, 10, 10, 10, 1, 10, 10, 10, 10, 4, 1, 10, 10, 10, 10, 10, 10, 10, 10, 10, 10, 10, 10, 10, 10, 10, 10, 10, 10, 10, 
30: 19, 0, 0, 0, 10, 10, 0, 10, 0, 0, 10, 0, 10, 0, 10, 0, 0, 0, 10, 0, 0, 0, 0, 0, 10, 10, 10, 10, 10, 0, 2, 0, 0, 10, 10, 4, 0, 10, 0, 0, 0, 10, 10, 0, 11, 10, 0, 0, 0, 0, 0, 3, 10, 1, 0, 0, 10, 10, 10, 0, 10, 10, 10, 0, 1, 0, 10, 0, 0, 10, 10, 0, 0, 0, 10, 1, 10, 10, 0, 20, : 19, 10, 10, 10, 10, 10, 10, 10, 10, 10, 10, 10, 10, 2, 10, 10, 4, 10, 10, 10, 11, 10, 3, 10, 1, 10, 10, 10, 10, 10, 10, 1, 10, 10, 10, 10, 1, 10, 10, 20, 
47: 10, 10, 10, 0, 0, 0, 10, 10, 10, 0, 0, 10, 10, 0, 10, 10, 0, 10, 0, 0, 0, 0, 10, 0, 0, 10, 0, 0, 10, 10, 0, 10, 10, 0, 10, 10, 10, 0, 10, 10, 0, 10, 0, 10, 10, 10, 0, 0, 0, 10, 10, 0, 0, 0, 10, 10, 10, 0, 10, 0, 0, 10, 10, 0, 10, 0, 10, 0, 0, 10, 10, 0, 10, 10, 10, 10, 10, 0, 10, 10, : 10, 10, 10, 10, 10, 10, 10, 10, 10, 10, 10, 10, 10, 10, 10, 10, 10, 10, 10, 10, 10, 10, 10, 10, 10, 10, 10, 10, 10, 10, 10, 10, 10, 10, 10, 10, 10, 10, 10, 10, 10, 10, 10, 10, 10, 
101: 10, 0, 0, 0, 0, 0, 10, 10, 10, 10, 0, 10, 10, 1, 1, 0, 10, 0, 0, 0, 10, 10, 10, 0, 10, 0, 10, 10, 0, 10, 10, 2, 10, 0, 0, 0, 0, 10, 0, 10, 10, 10, 10, 10, 10, 0, 0, 1, 0, 10, 0, 10, 10, 10, 0, 10, 10, 0, 0, 0, 12, 10, 10, 1, 0, 0, 0, 10, 10, 10, 3, 10, 1, 0, 0, 0, 0, 0, 10, 0, : 10, 10, 10, 10, 10, 10, 10, 1, 1, 10, 10, 10, 10, 10, 10, 10, 10, 10, 2, 10, 10, 10, 10, 10, 10, 10, 10, 1, 10, 10, 10, 10, 10, 10, 12, 10, 10, 1, 10, 10, 10, 3, 10, 1, 10, 
80: 10, 0, 10, 10, 10, 10, 0, 0, 10, 10, 0, 0, 0, 0, 10, 10, 10, 0, 10, 10, 10, 10, 0, 0, 3, 10, 10, 10, 10, 10, 10, 0, 10, 1, 10, 0, 0, 10, 10, 0, 0, 0, 0, 10, 0, 1, 10, 0, 10, 10, 10, 0, 0, 0, 0, 0, 10, 0, 10, 1, 0, 0, 10, 10, 10, 10, 10, 0, 10, 10, 0, 10, 1, 0, 10, 10, 1, 0, 0, 2, : 10, 10, 10, 10, 10, 10, 10, 10, 10, 10, 10, 10, 10, 10, 3, 10, 10, 10, 10, 10, 10, 10, 1, 10, 10, 10, 10, 1, 10, 10, 10, 10, 10, 10, 1, 10, 10, 10, 10, 10, 10, 10, 10, 1, 10, 10, 1, 2, 
188: 10, 10, 0, 10, 10, 0, 0, 10, 10, 0, 10, 10, 0, 0, 0, 0, 0, 10, 10, 10, 10, 0, 0, 0, 0, 10, 10, 0, 6, 10, 10, 10, 0, 0, 10, 1, 0, 10, 2, 0, 10, 2, 4, 0, 0, 0, 0, 0, 10, 10, 10, 0, 0, 0, 10, 0, 0, 0, 10, 10, 0, 0, 10, 0, 0, 0, 0, 0, 10, 10, 10, 0, 10, 0, 10, 0, 10, 0, 10, 0, : 10, 10, 10, 10, 10, 10, 10, 10, 10, 10, 10, 10, 10, 10, 6, 10, 10, 10, 10, 1, 10, 2, 10, 2, 4, 10, 10, 10, 10, 10, 10, 10, 10, 10, 10, 10, 10, 10, 10, 
94: 10, 5, 10, 0, 10, 0, 0, 4, 10, 10, 10, 0, 0, 10, 0, 0, 10, 10, 0, 10, 10, 0, 0, 0, 10, 10, 0, 0, 0, 0, 10, 1, 0, 0, 10, 10, 10, 10, 10, 10, 10, 10, 10, 0, 10, 10, 0, 10, 0, 0, 5, 0, 2, 0, 10, 0, 10, 10, 10, 0, 0, 10, 0, 10, 0, 10, 10, 10, 10, 10, 10, 0, 10, 0, 10, 10, 10, 10, 10, 1, : 10, 5, 10, 10, 4, 10, 10, 10, 10, 10, 10, 10, 10, 10, 10, 10, 1, 10, 10, 10, 10, 10, 10, 10, 10, 10, 10, 10, 10, 5, 2, 10, 10, 10, 10, 10, 10, 10, 10, 10, 10, 10, 10, 10, 10, 10, 10, 10, 10, 1, 


89: 0, 0, 0, 0, 0, 0, 10, 10, 10, 0, 10, 10, 0, 10, 0, 10, 10, 10, 10, 0, 10, 10, 0, 10, 0, 0, 0, 10, 0, 10, 0, 10, 10, 10, 0, 0, 10, 0, 0, 10, 10, 10, 0, 10, 0, 0, 10, 10, 0, 0, 10, 0, 10, 10, 10, 0, 0, 10, 0, 10, 0, 10, 14, 0, 10, 0, 0, 0, 0, 0, 10, 10, 0, 0, 10, 3, 0, 10, 10, 0, : 10, 10, 10, 10, 10, 10, 10, 10, 10, 10, 10, 10, 10, 10, 10, 10, 10, 10, 10, 10, 10, 10, 10, 10, 10, 10, 10, 10, 10, 10, 10, 10, 14, 10, 10, 10, 10, 3, 10, 10, 
42: 10, 0, 10, 10, 0, 10, 10, 0, 0, 0, 0, 0, 10, 10, 10, 10, 0, 0, 0, 5, 0, 0, 0, 3, 10, 14, 6, 10, 10, 0, 0, 0, 10, 0, 10, 10, 10, 0, 10, 0, 2, 0, 10, 0, 10, 10, 10, 0, 10, 0, 1, 0, 10, 0, 10, 0, 5, 0, 10, 0, 0, 0, 0, 10, 0, 0, 0, 10, 10, 2, 0, 0, 0, 10, 10, 10, 0, 0, 10, 10, : 10, 10, 10, 10, 10, 10, 10, 10, 10, 5, 3, 10, 14, 6, 10, 10, 10, 10, 10, 10, 10, 2, 10, 10, 10, 10, 10, 1, 10, 10, 5, 10, 10, 10, 10, 2, 10, 10, 10, 10, 10, 
102: 0, 10, 0, 0, 0, 0, 10, 0, 10, 10, 0, 10, 10, 10, 10, 0, 10, 0, 10, 0, 10, 10, 1, 0, 10, 0, 10, 0, 10, 0, 10, 10, 0, 10, 10, 0, 0, 0, 10, 10, 2, 10, 0, 0, 0, 3, 10, 0, 0, 0, 0, 0, 10, 0, 10, 0, 0, 10, 2, 0, 0, 10, 0, 3, 0, 2, 0, 0, 0, 0, 0, 10, 0, 0, 10, 0, 10, 10, 10, 0, : 10, 10, 10, 10, 10, 10, 10, 10, 10, 10, 10, 10, 1, 10, 10, 10, 10, 10, 10, 10, 10, 10, 2, 10, 3, 10, 10, 10, 10, 2, 10, 3, 2, 10, 10, 10, 10, 10, 
106: 0, 10, 0, 0, 10, 10, 10, 10, 10, 10, 0, 10, 10, 0, 10, 0, 10, 10, 10, 10, 0, 0, 0, 10, 10, 10, 0, 0, 4, 0, 0, 10, 10, 0, 0, 10, 0, 10, 10, 10, 0, 10, 0, 0, 0, 10, 10, 0, 0, 10, 1, 10, 0, 10, 10, 10, 10, 0, 0, 10, 10, 10, 0, 2, 0, 1, 0, 0, 0, 0, 0, 5, 0, 0, 4, 0, 10, 15, 0, 0, : 10, 10, 10, 10, 10, 10, 10, 10, 10, 10, 10, 10, 10, 10, 10, 10, 10, 4, 10, 10, 10, 10, 10, 10, 10, 10, 10, 10, 1, 10, 10, 10, 10, 10, 10, 10, 10, 2, 1, 5, 4, 10, 15, 
38: 15, 10, 10, 0, 10, 10, 10, 10, 0, 10, 0, 10, 0, 10, 10, 10, 0, 0, 10, 0, 10, 0, 2, 0, 0, 0, 0, 0, 0, 2, 10, 10, 0, 0, 1, 0, 8, 1, 10, 0, 0, 0, 10, 10, 10, 10, 0, 0, 0, 10, 10, 10, 0, 0, 0, 10, 10, 0, 0, 0, 10, 0, 0, 0, 10, 0, 10, 10, 10, 0, 0, 0, 10, 10, 10, 10, 15, 0, 10, 10, : 15, 10, 10, 10, 10, 10, 10, 10, 10, 10, 10, 10, 10, 10, 2, 2, 10, 10, 1, 8, 1, 10, 10, 10, 10, 10, 10, 10, 10, 10, 10, 10, 10, 10, 10, 10, 10, 10, 10, 10, 15, 10, 10, 
27: 10, 1, 0, 0, 0, 10, 0, 0, 20, 10, 0, 10, 10, 10, 10, 10, 0, 0, 10, 10, 0, 0, 10, 0, 1, 0, 0, 0, 10, 0, 0, 10, 10, 1, 10, 10, 0, 10, 0, 0, 0, 0, 10, 0, 0, 0, 0, 10, 10, 10, 10, 10, 3, 0, 0, 0, 10, 10, 10, 1, 0, 10, 0, 10, 10, 10, 10, 10, 0, 10, 10, 0, 0, 0, 0, 10, 0, 10, 0, 0, : 10, 1, 10, 20, 10, 10, 10, 10, 10, 10, 10, 10, 10, 1, 10, 10, 10, 1, 10, 10, 10, 10, 10, 10, 10, 10, 10, 3, 10, 10, 10, 1, 10, 10, 10, 10, 10, 10, 10, 10, 10, 10, 
146: 0, 0, 10, 10, 0, 0, 0, 0, 0, 10, 10, 10, 10, 10, 0, 0, 10, 0, 10, 0, 0, 0, 0, 10, 0, 0, 10, 5, 0, 0, 0, 0, 0, 10, 10, 0, 10, 0, 0, 0, 10, 10, 10, 0, 10, 10, 0, 0, 0, 0, 0, 10, 0, 2, 10, 0, 0, 16, 10, 0, 10, 0, 10, 0, 10, 0, 0, 0, 5, 0, 0, 10, 0, 10, 0, 10, 10, 0, 0, 0, : 10, 10, 10, 10, 10, 10, 10, 10, 10, 10, 10, 5, 10, 10, 10, 10, 10, 10, 10, 10, 10, 2, 10, 16, 10, 10, 10, 10, 5, 10, 10, 10, 10, 
33: 10, 10, 1, 10, 10, 0, 10, 10, 10, 0, 10, 0, 0, 0, 10, 10, 10, 10, 10, 0, 10, 0, 0, 0, 0, 15, 10, 10, 10, 10, 10, 0, 0, 10, 10, 10, 10, 1, 0, 0, 10, 0, 10, 0, 10, 0, 0, 0, 0, 10, 0, 0, 0, 0, 0, 0, 10, 0, 10, 10, 10, 10, 6, 0, 10, 10, 0, 0, 10, 10, 0, 0, 0, 0, 10, 10, 0, 10, 10, 0, : 10, 10, 1, 10, 10, 10, 10, 10, 10, 10, 10, 10, 10, 10, 10, 15, 10, 10, 10, 10, 10, 10, 10, 10, 10, 1, 10, 10, 10, 10, 10, 10, 10, 10, 10, 6, 10, 10, 10, 10, 10, 10, 10, 10, 
40: 10, 10, 10, 0, 0, 0, 10, 0, 10, 0, 10, 0, 10, 10, 10, 1, 10, 0, 0, 0, 0, 10, 10, 10, 10, 10, 0, 0, 10, 10, 0, 0, 10, 0, 0, 0, 0, 0, 0, 10, 0, 2, 0, 0, 10, 10, 10, 0, 10, 0, 10, 10, 0, 10, 0, 0, 0, 10, 10, 0, 10, 4, 10, 0, 0, 0, 10, 10, 10, 0, 0, 0, 0, 0, 10, 10, 8, 10, 10, 10, : 10, 10, 10, 10, 10, 10, 10, 10, 10, 1, 10, 10, 10, 10, 10, 10, 10, 10, 10, 10, 2, 10, 10, 10, 10, 10, 10, 10, 10, 10, 10, 4, 10, 10, 10, 10, 10, 10, 8, 10, 10, 10, 
1: 10, 0, 1, 10, 10, 10, 10, 0, 0, 10, 0, 0, 10, 0, 5, 0, 1, 10, 10, 0, 10, 0, 10, 0, 0, 10, 10, 0, 10, 13, 0, 10, 10, 0, 10, 10, 10, 10, 10, 10, 0, 10, 10, 0, 10, 0, 0, 10, 4, 0, 0, 10, 9, 10, 0, 0, 0, 10, 0, 10, 10, 10, 9, 10, 0, 10, 10, 10, 10, 0, 10, 0, 10, 10, 0, 0, 10, 0, 10, 10, : 10, 1, 10, 10, 10, 10, 10, 10, 5, 1, 10, 10, 10, 10, 10, 10, 10, 13, 10, 10, 10, 10, 10, 10, 10, 10, 10, 10, 10, 10, 4, 10, 9, 10, 10, 10, 10, 10, 9, 10, 10, 10, 10, 10, 10, 10, 10, 10, 10, 10, 
172: 5, 17, 0, 10, 10, 10, 0, 10, 0, 0, 10, 10, 0, 10, 0, 0, 2, 0, 0, 0, 0, 10, 10, 0, 10, 0, 0, 10, 10, 0, 0, 0, 0, 10, 0, 10, 10, 10, 10, 0, 0, 10, 10, 10, 0, 10, 0, 10, 0, 0, 10, 10, 0, 10, 0, 13, 1, 6, 10, 0, 10, 0, 10, 0, 10, 1, 0, 2, 10, 10, 0, 0, 0, 0, 0, 10, 10, 10, 10, 10, : 5, 17, 10, 10, 10, 10, 10, 10, 10, 2, 10, 10, 10, 10, 10, 10, 10, 10, 10, 10, 10, 10, 10, 10, 10, 10, 10, 10, 13, 1, 6, 10, 10, 10, 10, 1, 2, 10, 10, 10, 10, 10, 10, 10, 
44: 0, 10, 18, 10, 10, 10, 10, 0, 10, 10, 10, 0, 10, 0, 0, 0, 1, 9, 10, 0, 0, 10, 0, 10, 10, 0, 10, 0, 0, 0, 10, 10, 10, 0, 0, 10, 10, 10, 0, 0, 0, 0, 10, 10, 10, 10, 0, 0, 10, 0, 0, 0, 0, 10, 10, 10, 10, 0, 0, 10, 10, 10, 10, 10, 0, 1, 10, 10, 10, 10, 1, 10, 10, 0, 10, 0, 0, 10, 0, 10, : 10, 18, 10, 10, 10, 10, 10, 10, 10, 10, 1, 9, 10, 10, 10, 10, 10, 10, 10, 10, 10, 10, 10, 10, 10, 10, 10, 10, 10, 10, 10, 10, 10, 10, 10, 10, 10, 1, 10, 10, 10, 10, 1, 10, 10, 10, 10, 10, 
13: 10, 10, 0, 10, 0, 0, 0, 10, 10, 10, 0, 10, 10, 10, 0, 10, 0, 10, 0, 0, 10, 10, 0, 10, 0, 10, 0, 0, 1, 0, 0, 0, 10, 10, 10, 10, 0, 10, 10, 10, 10, 10, 0, 10, 0, 0, 10, 0, 10, 0, 10, 10, 0, 10, 10, 0, 10, 0, 0, 0, 10, 10, 0, 0, 0, 10, 4, 0, 0, 0, 4, 10, 0, 0, 10, 0, 0, 10, 0, 10, : 10, 10, 10, 10, 10, 10, 10, 10, 10, 10, 10, 10, 10, 10, 10, 1, 10, 10, 10, 10, 10, 10, 10, 10, 10, 10, 10, 10, 10, 10, 10, 10, 10, 10, 10, 10, 4, 4, 10, 10, 10, 10, 
66: 10, 0, 0, 0, 10, 10, 10, 0, 0, 0, 10, 0, 10, 0, 0, 10, 0, 10, 0, 0, 0, 6, 0, 0, 10, 2, 10, 10, 0, 10, 0, 2, 0, 0, 0, 0, 0, 0, 0, 10, 10, 0, 0, 0, 2, 10, 10, 0, 10, 10, 0, 0, 10, 10, 10, 10, 0, 0, 10, 0, 10, 0, 0, 0, 10, 10, 10, 10, 0, 3, 10, 10, 10, 0, 0, 10, 10, 0, 0, 0, : 10, 10, 10, 10, 10, 10, 10, 10, 6, 10, 2, 10, 10, 10, 2, 10, 10, 2, 10, 10, 10, 10, 10, 10, 10, 10, 10, 10, 10, 10, 10, 10, 3, 10, 10, 10, 10, 10, 
61: 10, 10, 0, 0, 0, 10, 0, 10, 10, 10, 10, 10, 0, 0, 0, 10, 10, 0, 0, 10, 0, 14, 0, 10, 0, 10, 0, 2, 0, 10, 10, 0, 0, 10, 10, 0, 0, 10, 0, 10, 10, 0, 0, 0, 10, 0, 10, 10, 10, 0, 0, 10, 0, 0, 0, 10, 10, 10, 10, 10, 10, 0, 10, 0, 0, 10, 10, 10, 10, 10, 10, 0, 10, 10, 0, 10, 0, 0, 0, 10, : 10, 10, 10, 10, 10, 10, 10, 10, 10, 10, 10, 14, 10, 10, 2, 10, 10, 10, 10, 10, 10, 10, 10, 10, 10, 10, 10, 10, 10, 10, 10, 10, 10, 10, 10, 10, 10, 10, 10, 10, 10, 10, 10, 10, 
148: 0, 10, 0, 0, 10, 10, 0, 0, 10, 0, 10, 0, 1, 10, 0, 0, 0, 10, 10, 10, 0, 0, 10, 10, 0, 0, 10, 0, 0, 10, 10, 0, 0, 10, 2, 10, 0, 0, 10, 10, 0, 10, 10, 10, 10, 10, 10, 0, 10, 10, 10, 10, 10, 0, 0, 10, 7, 10, 0, 10, 0, 0, 10, 0, 10, 10, 0, 10, 0, 10, 0, 0, 10, 10, 10, 0, 0, 10, 0, 0, : 10, 10, 10, 10, 10, 1, 10, 10, 10, 10, 10, 10, 10, 10, 10, 10, 2, 10, 10, 10, 10, 10, 10, 10, 10, 10, 10, 10, 10, 10, 10, 10, 7, 10, 10, 10, 10, 10, 10, 10, 10, 10, 10, 10, 
143: 0, 0, 10, 0, 0, 10, 0, 0, 10, 10, 10, 0, 10, 0, 10, 4, 0, 10, 0, 10, 10, 10, 10, 0, 1, 10, 10, 10, 10, 10, 0, 1, 0, 0, 10, 0, 0, 10, 1, 0, 0, 0, 10, 0, 0, 10, 10, 0, 10, 0, 10, 10, 0, 0, 0, 10, 0, 10, 10, 10, 10, 10, 10, 10, 10, 10, 10, 10, 10, 0, 10, 10, 0, 10, 0, 0, 10, 0, 10, 10, : 10, 10, 10, 10, 10, 10, 10, 4, 10, 10, 10, 10, 10, 1, 10, 10, 10, 10, 10, 1, 10, 10, 1, 10, 10, 10, 10, 10, 10, 10, 10, 10, 10, 10, 10, 10, 10, 10, 10, 10, 10, 10, 10, 10, 10, 10, 10, 10, 
88: 10, 0, 0, 10, 10, 0, 10, 0, 0, 10, 0, 0, 0, 10, 0, 0, 10, 10, 0, 10, 10, 1, 10, 10, 10, 10, 0, 10, 0, 0, 0, 10, 10, 0, 10, 0, 10, 0, 10, 0, 0, 10, 0, 10, 10, 0, 10, 10, 0, 10, 10, 10, 10, 0, 10, 10, 10, 10, 0, 0, 0, 0, 10, 0, 10, 0, 10, 10, 0, 0, 10, 0, 10, 0, 1, 10, 10, 0, 0, 4, : 10, 10, 10, 10, 10, 10, 10, 10, 10, 10, 1, 10, 10, 10, 10, 10, 10, 10, 10, 10, 10, 10, 10, 10, 10, 10, 10, 10, 10, 10, 10, 10, 10, 10, 10, 10, 10, 10, 10, 10, 1, 10, 10, 4, 
98: 0, 10, 3, 0, 10, 1, 0, 0, 0, 1, 0, 0, 10, 10, 10, 10, 10, 0, 0, 0, 10, 2, 0, 10, 1, 10, 10, 10, 0, 10, 10, 0, 2, 10, 10, 10, 0, 10, 0, 10, 10, 0, 0, 10, 0, 10, 10, 0, 10, 10, 10, 0, 0, 10, 0, 0, 0, 10, 10, 10, 0, 6, 0, 0, 0, 0, 10, 10, 10, 10, 0, 10, 3, 10, 0, 10, 10, 0, 10, 1, : 10, 3, 10, 1, 1, 10, 10, 10, 10, 10, 10, 2, 10, 1, 10, 10, 10, 10, 10, 2, 10, 10, 10, 10, 10, 10, 10, 10, 10, 10, 10, 10, 10, 10, 10, 10, 6, 10, 10, 10, 10, 10, 3, 10, 10, 10, 10, 1, 
133: 0, 10, 10, 10, 0, 0, 10, 10, 0, 10, 10, 0, 0, 0, 0, 0, 10, 10, 0, 10, 0, 0, 10, 10, 10, 0, 10, 0, 10, 0, 0, 10, 10, 10, 0, 0, 10, 10, 10, 0, 10, 0, 10, 10, 0, 1, 0, 10, 1, 10, 0, 0, 10, 0, 10, 12, 0, 0, 0, 10, 0, 10, 0, 10, 0, 10, 10, 0, 0, 10, 10, 10, 10, 0, 0, 1, 0, 10, 0, 0, : 10, 10, 10, 10, 10, 10, 10, 10, 10, 10, 10, 10, 10, 10, 10, 10, 10, 10, 10, 10, 10, 10, 10, 10, 1, 10, 1, 10, 10, 10, 12, 10, 10, 10, 10, 10, 10, 10, 10, 10, 1, 10, 
37: 0, 10, 10, 10, 0, 10, 0, 6, 10, 2, 10, 0, 10, 10, 10, 10, 10, 10, 0, 10, 0, 10, 10, 2, 0, 10, 0, 10, 10, 0, 10, 0, 0, 10, 0, 14, 0, 10, 0, 0, 10, 10, 0, 10, 10, 10, 10, 0, 10, 10, 10, 10, 10, 10, 0, 0, 0, 0, 10, 10, 2, 0, 0, 10, 0, 10, 2, 0, 10, 0, 10, 10, 10, 10, 0, 10, 10, 0, 0, 3, : 10, 10, 10, 10, 6, 10, 2, 10, 10, 10, 10, 10, 10, 10, 10, 10, 10, 2, 10, 10, 10, 10, 10, 14, 10, 10, 10, 10, 10, 10, 10, 10, 10, 10, 10, 10, 10, 10, 10, 2, 10, 10, 2, 10, 10, 10, 10, 10, 10, 10, 3, 
145: 10, 10, 0, 10, 1, 10, 0, 10, 10, 0, 1, 10, 0, 0, 0, 10, 10, 0, 0, 10, 10, 10, 0, 0, 10, 9, 10, 0, 10, 10, 10, 0, 0, 5, 10, 0, 10, 10, 10, 10, 10, 10, 0, 10, 10, 0, 0, 10, 10, 4, 10, 10, 10, 10, 0, 0, 0, 0, 10, 0, 10, 0, 0, 10, 0, 10, 10, 0, 0, 10, 10, 0, 0, 10, 10, 10, 10, 10, 17, 0, : 10, 10, 10, 1, 10, 10, 10, 1, 10, 10, 10, 10, 10, 10, 10, 9, 10, 10, 10, 10, 5, 10, 10, 10, 10, 10, 10, 10, 10, 10, 10, 10, 4, 10, 10, 10, 10, 10, 10, 10, 10, 10, 10, 10, 10, 10, 10, 10, 10, 17, 
187: 0, 10, 10, 0, 1, 0, 10, 0, 10, 0, 0, 10, 10, 0, 10, 10, 10, 10, 10, 0, 0, 10, 10, 10, 10, 0, 10, 10, 0, 10, 10, 10, 0, 10, 0, 0, 10, 0, 0, 10, 0, 0, 10, 0, 0, 0, 10, 10, 10, 10, 0, 10, 0, 10, 10, 10, 10, 2, 0, 10, 0, 10, 17, 10, 10, 10, 19, 10, 10, 10, 10, 10, 10, 0, 0, 0, 0, 10, 0, 10, : 10, 10, 1, 10, 10, 10, 10, 10, 10, 10, 10, 10, 10, 10, 10, 10, 10, 10, 10, 10, 10, 10, 10, 10, 10, 10, 10, 10, 10, 10, 10, 10, 10, 10, 2, 10, 10, 17, 10, 10, 10, 19, 10, 10, 10, 10, 10, 10, 10, 10, 
87: 4, 10, 10, 10, 0, 0, 0, 10, 0, 0, 10, 10, 4, 0, 10, 0, 0, 0, 0, 0, 0, 0, 0, 4, 0, 0, 0, 8, 10, 10, 10, 10, 10, 0, 0, 0, 10, 10, 10, 0, 10, 0, 0, 10, 10, 10, 0, 0, 10, 0, 10, 0, 10, 10, 0, 10, 10, 0, 10, 10, 0, 5, 0, 10, 0, 10, 0, 10, 0, 10, 0, 10, 10, 0, 10, 10, 0, 10, 0, 10, : 4, 10, 10, 10, 10, 10, 10, 4, 10, 4, 8, 10, 10, 10, 10, 10, 10, 10, 10, 10, 10, 10, 10, 10, 10, 10, 10, 10, 10, 10, 10, 5, 10, 10, 10, 10, 10, 10, 10, 10, 10, 10, 
134: 0, 5, 0, 0, 1, 10, 10, 0, 0, 4, 0, 10, 10, 3, 10, 10, 0, 0, 0, 0, 4, 0, 10, 10, 10, 10, 10, 10, 10, 0, 10, 10, 0, 0, 10, 0, 0, 0, 10, 10, 10, 10, 0, 10, 0, 10, 10, 10, 0, 10, 10, 10, 1, 2, 0, 10, 0, 0, 10, 10, 0, 0, 0, 10, 0, 0, 0, 0, 0, 10, 0, 10, 10, 10, 0, 0, 0, 6, 10, 0, : 5, 1, 10, 10, 4, 10, 10, 3, 10, 10, 4, 10, 10, 10, 10, 10, 10, 10, 10, 10, 10, 10, 10, 10, 10, 10, 10, 10, 10, 10, 10, 10, 1, 2, 10, 10, 10, 10, 10, 10, 10, 10, 6, 10, 
9: 10, 0, 0, 10, 0, 10, 5, 0, 0, 10, 0, 10, 0, 10, 10, 10, 10, 10, 0, 0, 10, 0, 10, 0, 0, 10, 0, 10, 0, 0, 10, 0, 0, 10, 10, 10, 0, 10, 0, 0, 0, 0, 10, 10, 0, 10, 0, 0, 0, 0, 10, 10, 10, 10, 0, 0, 0, 0, 10, 10, 0, 0, 10, 0, 2, 0, 0, 0, 10, 0, 6, 10, 10, 10, 10, 10, 10, 0, 10, 2, : 10, 10, 10, 5, 10, 10, 10, 10, 10, 10, 10, 10, 10, 10, 10, 10, 10, 10, 10, 10, 10, 10, 10, 10, 10, 10, 10, 10, 10, 10, 2, 10, 6, 10, 10, 10, 10, 10, 10, 10, 2, 
139: 10, 0, 2, 0, 0, 10, 0, 0, 0, 1, 10, 0, 0, 10, 0, 0, 10, 10, 10, 10, 10, 0, 0, 0, 10, 10, 10, 10, 10, 10, 0, 10, 10, 0, 0, 0, 2, 0, 10, 15, 0, 10, 10, 0, 3, 0, 1, 10, 10, 10, 1, 0, 0, 3, 10, 0, 0, 0, 0, 0, 10, 10, 0, 10, 0, 10, 10, 0, 10, 0, 0, 10, 10, 0, 10, 0, 0, 0, 10, 10, : 10, 2, 10, 1, 10, 10, 10, 10, 10, 10, 10, 10, 10, 10, 10, 10, 10, 10, 10, 2, 10, 15, 10, 10, 3, 1, 10, 10, 10, 1, 3, 10, 10, 10, 10, 10, 10, 10, 10, 10, 10, 10, 10, 
18: 0, 0, 10, 0, 0, 0, 0, 10, 0, 10, 0, 1, 0, 10, 0, 0, 10, 0, 10, 10, 0, 0, 0, 6, 10, 0, 0, 0, 0, 10, 10, 10, 0, 18, 10, 0, 0, 10, 2, 7, 10, 10, 10, 9, 10, 0, 0, 10, 10, 1, 0, 0, 10, 10, 10, 0, 10, 0, 0, 0, 0, 10, 0, 10, 10, 0, 0, 0, 10, 0, 10, 0, 0, 5, 10, 0, 0, 0, 2, 5, : 10, 10, 10, 1, 10, 10, 10, 10, 6, 10, 10, 10, 10, 18, 10, 10, 2, 7, 10, 10, 10, 9, 10, 10, 10, 1, 10, 10, 10, 10, 10, 10, 10, 10, 10, 5, 10, 2, 5, 
85: 0, 0, 10, 10, 5, 10, 0, 10, 10, 0, 0, 10, 0, 10, 0, 0, 10, 0, 10, 10, 0, 10, 10, 0, 10, 0, 10, 10, 10, 10, 10, 10, 0, 10, 10, 0, 10, 0, 0, 0, 10, 10, 0, 10, 10, 10, 0, 10, 10, 10, 0, 0, 10, 0, 0, 10, 10, 10, 10, 10, 10, 20, 0, 10, 3, 0, 0, 2, 0, 10, 0, 0, 0, 0, 10, 10, 0, 0, 0, 10, : 10, 10, 5, 10, 10, 10, 10, 10, 10, 10, 10, 10, 10, 10, 10, 10, 10, 10, 10, 10, 10, 10, 10, 10, 10, 10, 10, 10, 10, 10, 10, 10, 10, 10, 10, 10, 10, 10, 20, 10, 3, 2, 10, 10, 10, 10, 
200: 0, 2, 10, 10, 10, 0, 10, 0, 0, 0, 10, 0, 10, 0, 0, 10, 0, 0, 10, 10, 10, 10, 10, 0, 0, 0, 0, 0, 10, 0, 15, 10, 10, 0, 0, 10, 10, 0, 0, 0, 10, 0, 0, 0, 0, 1, 0, 10, 0, 0, 0, 10, 0, 0, 0, 0, 10, 10, 0, 10, 10, 10, 10, 10, 0, 0, 10, 0, 0, 10, 19, 0, 2, 10, 0, 10, 10, 0, 0, 10, : 2, 10, 10, 10, 10, 10, 10, 10, 10, 10, 10, 10, 10, 10, 15, 10, 10, 10, 10, 10, 1, 10, 10, 10, 10, 10, 10, 10, 10, 10, 10, 10, 19, 2, 10, 10, 10, 10, 
186: 10, 0, 0, 10, 10, 10, 0, 8, 10, 0, 10, 0, 0, 10, 0, 0, 0, 0, 10, 10, 10, 0, 10, 10, 0, 10, 0, 10, 10, 10, 10, 10, 10, 10, 10, 0, 10, 3, 10, 10, 10, 10, 2, 0, 0, 0, 10, 10, 0, 0, 10, 0, 10, 10, 10, 10, 0, 10, 10, 10, 0, 0, 0, 10, 10, 10, 0, 10, 0, 10, 10, 0, 0, 10, 0, 1, 10, 10, 10, 0, : 10, 10, 10, 10, 8, 10, 10, 10, 10, 10, 10, 10, 10, 10, 10, 10, 10, 10, 10, 10, 10, 10, 10, 3, 10, 10, 10, 10, 2, 10, 10, 10, 10, 10, 10, 10, 10, 10, 10, 10, 10, 10, 10, 10, 10, 10, 1, 10, 10, 10, 
46: 1, 0, 10, 10, 0, 4, 10, 10, 10, 10, 0, 0, 0, 0, 0, 10, 0, 10, 10, 10, 0, 2, 10, 0, 10, 10, 10, 10, 0, 0, 0, 0, 10, 10, 10, 10, 15, 10, 10, 0, 0, 10, 10, 10, 10, 0, 10, 10, 10, 10, 10, 0, 10, 0, 10, 0, 0, 10, 0, 0, 10, 0, 10, 10, 0, 10, 0, 0, 10, 0, 0, 10, 10, 10, 0, 0, 10, 4, 10, 10, : 1, 10, 10, 4, 10, 10, 10, 10, 10, 10, 10, 10, 2, 10, 10, 10, 10, 10, 10, 10, 10, 10, 15, 10, 10, 10, 10, 10, 10, 10, 10, 10, 10, 10, 10, 10, 10, 10, 10, 10, 10, 10, 10, 10, 10, 10, 4, 10, 10, 
189: 0, 0, 10, 0, 10, 10, 0, 10, 0, 0, 0, 0, 10, 10, 10, 10, 0, 0, 0, 0, 10, 10, 2, 10, 0, 10, 0, 0, 10, 10, 10, 0, 3, 1, 1, 1, 0, 0, 10, 15, 1, 0, 10, 0, 0, 10, 0, 0, 0, 10, 10, 4, 0, 0, 5, 0, 10, 10, 0, 0, 0, 0, 10, 0, 0, 10, 0, 0, 0, 0, 10, 10, 10, 0, 10, 10, 10, 0, 0, 0, : 10, 10, 10, 10, 10, 10, 10, 10, 10, 10, 2, 10, 10, 10, 10, 10, 3, 1, 1, 1, 10, 15, 1, 10, 10, 10, 10, 4, 5, 10, 10, 10, 10, 10, 10, 10, 10, 10, 10, 
93: 10, 10, 10, 0, 10, 0, 10, 10, 0, 10, 10, 10, 10, 0, 0, 0, 1, 10, 10, 0, 10, 0, 10, 0, 10, 0, 9, 10, 0, 10, 10, 10, 10, 0, 0, 0, 10, 10, 0, 0, 10, 0, 10, 0, 10, 0, 10, 10, 0, 10, 10, 0, 0, 10, 10, 10, 10, 0, 0, 2, 10, 0, 10, 10, 10, 0, 10, 10, 0, 0, 10, 0, 0, 10, 0, 0, 0, 10, 0, 10, : 10, 10, 10, 10, 10, 10, 10, 10, 10, 10, 1, 10, 10, 10, 10, 10, 9, 10, 10, 10, 10, 10, 10, 10, 10, 10, 10, 10, 10, 10, 10, 10, 10, 10, 10, 2, 10, 10, 10, 10, 10, 10, 10, 10, 10, 10, 
34: 0, 0, 0, 10, 10, 0, 10, 0, 2, 7, 10, 2, 0, 0, 10, 0, 0, 10, 10, 10, 10, 0, 10, 10, 0, 0, 0, 10, 10, 0, 10, 10, 10, 10, 10, 10, 10, 10, 10, 10, 0, 10, 10, 10, 10, 10, 0, 10, 10, 0, 0, 0, 1, 0, 0, 10, 0, 10, 0, 10, 10, 10, 0, 10, 10, 10, 10, 10, 0, 10, 0, 10, 0, 0, 10, 10, 0, 10, 2, 10, : 10, 10, 10, 2, 7, 10, 2, 10, 10, 10, 10, 10, 10, 10, 10, 10, 10, 10, 10, 10, 10, 10, 10, 10, 10, 10, 10, 10, 10, 10, 10, 10, 10, 1, 10, 10, 10, 10, 10, 10, 10, 10, 10, 10, 10, 10, 10, 10, 10, 2, 10, 
181: 10, 0, 0, 0, 17, 0, 0, 1, 0, 10, 10, 10, 10, 2, 10, 0, 0, 10, 0, 10, 10, 10, 0, 10, 1, 10, 10, 0, 0, 10, 0, 10, 10, 0, 0, 10, 0, 10, 1, 0, 0, 0, 3, 5, 0, 10, 4, 10, 10, 0, 0, 1, 10, 10, 0, 10, 10, 10, 3, 0, 10, 0, 10, 10, 10, 10, 0, 10, 0, 10, 2, 10, 0, 10, 0, 0, 0, 0, 4, 0, : 10, 17, 1, 10, 10, 10, 10, 2, 10, 10, 10, 10, 10, 10, 1, 10, 10, 10, 10, 10, 10, 10, 1, 3, 5, 10, 4, 10, 10, 1, 10, 10, 10, 10, 10, 3, 10, 10, 10, 10, 10, 10, 10, 2, 10, 10, 4, 
105: 10, 0, 10, 10, 10, 0, 0, 10, 3, 0, 10, 10, 10, 0, 10, 10, 10, 0, 0, 10, 0, 10, 0, 10, 10, 0, 0, 0, 0, 0, 0, 0, 10, 10, 0, 10, 10, 0, 0, 0, 10, 0, 10, 0, 10, 10, 10, 10, 0, 10, 2, 10, 10, 0, 10, 10, 10, 0, 10, 0, 0, 10, 0, 0, 10, 10, 10, 0, 10, 10, 10, 0, 10, 10, 10, 10, 0, 10, 0, 0, : 10, 10, 10, 10, 10, 3, 10, 10, 10, 10, 10, 10, 10, 10, 10, 10, 10, 10, 10, 10, 10, 10, 10, 10, 10, 10, 10, 2, 10, 10, 10, 10, 10, 10, 10, 10, 10, 10, 10, 10, 10, 10, 10, 10, 10, 10, 
83: 0, 10, 10, 5, 0, 0, 0, 10, 0, 10, 4, 10, 0, 0, 0, 10, 0, 16, 10, 10, 10, 10, 10, 10, 10, 0, 10, 0, 0, 0, 0, 0, 0, 0, 0, 10, 0, 0, 1, 0, 10, 10, 0, 10, 0, 0, 0, 0, 0, 10, 0, 0, 1, 0, 10, 0, 10, 0, 10, 0, 3, 0, 9, 0, 10, 0, 0, 1, 10, 0, 0, 0, 10, 10, 0, 0, 10, 0, 10, 10, : 10, 10, 5, 10, 10, 4, 10, 10, 16, 10, 10, 10, 10, 10, 10, 10, 10, 10, 1, 10, 10, 10, 10, 1, 10, 10, 10, 3, 9, 10, 1, 10, 10, 10, 10, 10, 10, 
199: 10, 10, 10, 10, 10, 10, 10, 10, 10, 10, 0, 2, 0, 0, 10, 0, 10, 0, 0, 10, 10, 10, 10, 0, 1, 1, 10, 10, 10, 10, 0, 2, 0, 0, 1, 10, 0, 10, 10, 17, 0, 10, 0, 10, 0, 0, 0, 0, 0, 0, 0, 10, 10, 8, 10, 10, 2, 1, 0, 2, 0, 10, 10, 0, 10, 0, 10, 10, 10, 10, 0, 10, 10, 10, 10, 0, 0, 0, 10, 10, : 10, 10, 10, 10, 10, 10, 10, 10, 10, 10, 2, 10, 10, 10, 10, 10, 10, 1, 1, 10, 10, 10, 10, 2, 1, 10, 10, 10, 17, 10, 10, 10, 10, 8, 10, 10, 2, 1, 2, 10, 10, 10, 10, 10, 10, 10, 10, 10, 10, 10, 10, 10, 
179: 10, 0, 0, 0, 10, 0, 10, 10, 10, 0, 0, 10, 0, 10, 10, 10, 10, 0, 5, 0, 1, 10, 0, 0, 10, 4, 0, 0, 0, 0, 0, 0, 10, 0, 10, 10, 0, 0, 10, 1, 10, 3, 0, 1, 10, 0, 10, 5, 0, 10, 10, 0, 10, 10, 10, 0, 10, 10, 10, 10, 0, 0, 0, 0, 10, 0, 0, 10, 10, 10, 13, 0, 10, 0, 10, 0, 12, 10, 10, 0, : 10, 10, 10, 10, 10, 10, 10, 10, 10, 10, 5, 1, 10, 10, 4, 10, 10, 10, 10, 1, 10, 3, 1, 10, 10, 5, 10, 10, 10, 10, 10, 10, 10, 10, 10, 10, 10, 10, 10, 13, 10, 10, 12, 10, 10, 


162: 10, 0, 0, 0, 10, 10, 10, 1, 0, 10, 2, 10, 0, 0, 10, 10, 10, 10, 10, 0, 0, 10, 0, 10, 10, 10, 0, 10, 0, 0, 10, 0, 0, 0, 10, 0, 10, 0, 10, 0, 0, 10, 10, 0, 10, 0, 10, 0, 0, 10, 0, 0, 0, 0, 10, 10, 0, 10, 0, 10, 10, 0, 0, 10, 0, 0, 0, 0, 0, 0, 14, 10, 0, 1, 10, 10, 0, 0, 0, 0, : 10, 10, 10, 10, 1, 10, 2, 10, 10, 10, 10, 10, 10, 10, 10, 10, 10, 10, 10, 10, 10, 10, 10, 10, 10, 10, 10, 10, 10, 10, 10, 10, 10, 14, 10, 1, 10, 10, 
129: 10, 10, 0, 0, 1, 0, 10, 10, 0, 10, 10, 10, 10, 10, 10, 10, 10, 10, 0, 0, 10, 2, 0, 0, 10, 0, 10, 0, 10, 10, 0, 0, 1, 10, 18, 10, 10, 0, 0, 0, 10, 0, 0, 10, 10, 10, 0, 10, 0, 0, 10, 0, 0, 10, 0, 0, 10, 0, 0, 0, 10, 10, 10, 10, 10, 0, 0, 0, 10, 10, 10, 10, 10, 10, 0, 0, 10, 10, 0, 1, : 10, 10, 1, 10, 10, 10, 10, 10, 10, 10, 10, 10, 10, 10, 10, 2, 10, 10, 10, 10, 1, 10, 18, 10, 10, 10, 10, 10, 10, 10, 10, 10, 10, 10, 10, 10, 10, 10, 10, 10, 10, 10, 10, 10, 10, 10, 1, 
124: 10, 10, 0, 10, 10, 10, 10, 0, 0, 0, 0, 0, 0, 10, 10, 10, 10, 0, 10, 15, 10, 10, 0, 8, 0, 10, 0, 1, 10, 2, 0, 10, 10, 0, 0, 10, 10, 10, 0, 10, 0, 10, 10, 10, 0, 10, 10, 10, 10, 0, 0, 0, 10, 0, 10, 10, 0, 10, 1, 4, 0, 1, 10, 0, 10, 0, 0, 0, 10, 10, 0, 10, 10, 0, 10, 10, 10, 0, 0, 10, : 10, 10, 10, 10, 10, 10, 10, 10, 10, 10, 10, 15, 10, 10, 8, 10, 1, 10, 2, 10, 10, 10, 10, 10, 10, 10, 10, 10, 10, 10, 10, 10, 10, 10, 10, 10, 1, 4, 1, 10, 10, 10, 10, 10, 10, 10, 10, 10, 10, 
163: 0, 0, 0, 0, 1, 0, 0, 10, 10, 10, 10, 10, 10, 10, 10, 0, 10, 0, 10, 2, 10, 10, 10, 0, 1, 10, 2, 0, 0, 10, 0, 1, 10, 0, 0, 10, 10, 10, 10, 0, 0, 0, 10, 0, 10, 10, 0, 0, 10, 0, 0, 0, 0, 10, 0, 0, 15, 0, 0, 0, 10, 10, 0, 10, 0, 10, 1, 10, 10, 0, 0, 10, 0, 10, 10, 10, 2, 10, 2, 0, : 1, 10, 10, 10, 10, 10, 10, 10, 10, 10, 10, 2, 10, 10, 10, 1, 10, 2, 10, 1, 10, 10, 10, 10, 10, 10, 10, 10, 10, 10, 15, 10, 10, 10, 10, 1, 10, 10, 10, 10, 10, 10, 2, 10, 2, 
48: 10, 10, 0, 0, 0, 0, 0, 0, 10, 0, 10, 0, 0, 10, 3, 10, 0, 0, 0, 10, 1, 0, 10, 0, 10, 8, 10, 10, 10, 0, 6, 2, 10, 0, 10, 10, 10, 10, 10, 10, 10, 0, 0, 0, 0, 10, 10, 0, 10, 0, 10, 0, 10, 10, 0, 3, 10, 0, 10, 0, 10, 10, 10, 10, 0, 0, 0, 10, 0, 10, 0, 10, 0, 10, 0, 10, 0, 10, 0, 0, : 10, 10, 10, 10, 10, 3, 10, 10, 1, 10, 10, 8, 10, 10, 10, 6, 2, 10, 10, 10, 10, 10, 10, 10, 10, 10, 10, 10, 10, 10, 10, 3, 10, 10, 10, 10, 10, 10, 10, 10, 10, 10, 10, 10, 
138: 13, 10, 10, 10, 10, 10, 0, 10, 10, 0, 0, 0, 0, 0, 0, 2, 0, 1, 4, 10, 10, 0, 10, 0, 0, 0, 10, 0, 10, 3, 10, 0, 10, 10, 0, 0, 10, 10, 0, 10, 10, 0, 0, 0, 10, 0, 0, 10, 0, 10, 10, 0, 0, 10, 10, 10, 10, 0, 0, 0, 10, 0, 10, 10, 10, 10, 10, 0, 10, 0, 0, 1, 10, 0, 10, 10, 10, 1, 0, 0, : 13, 10, 10, 10, 10, 10, 10, 10, 2, 1, 4, 10, 10, 10, 10, 10, 3, 10, 10, 10, 10, 10, 10, 10, 10, 10, 10, 10, 10, 10, 10, 10, 10, 10, 10, 10, 10, 10, 10, 1, 10, 10, 10, 10, 1, 
20: 10, 0, 10, 10, 0, 0, 10, 0, 0, 10, 0, 0, 10, 10, 0, 0, 10, 10, 10, 7, 10, 0, 0, 0, 10, 10, 0, 10, 10, 0, 0, 0, 0, 0, 0, 0, 0, 0, 0, 10, 10, 10, 10, 10, 0, 10, 0, 0, 0, 0, 0, 0, 10, 10, 10, 0, 0, 0, 1, 10, 10, 0, 10, 0, 0, 0, 0, 10, 0, 10, 0, 0, 0, 0, 0, 0, 10, 6, 10, 0, : 10, 10, 10, 10, 10, 10, 10, 10, 10, 10, 7, 10, 10, 10, 10, 10, 10, 10, 10, 10, 10, 10, 10, 10, 10, 1, 10, 10, 10, 10, 10, 10, 6, 10, 
115: 10, 0, 10, 0, 0, 10, 10, 10, 0, 0, 0, 0, 10, 0, 0, 0, 10, 10, 10, 10, 10, 10, 0, 0, 0, 0, 10, 10, 10, 0, 0, 0, 10, 10, 10, 0, 0, 10, 10, 5, 10, 2, 0, 1, 0, 0, 10, 0, 10, 7, 0, 0, 10, 0, 0, 10, 10, 0, 10, 0, 10, 0, 0, 0, 0, 0, 0, 10, 0, 10, 0, 0, 10, 10, 10, 0, 10, 10, 10, 0, : 10, 10, 10, 10, 10, 10, 10, 10, 10, 10, 10, 10, 10, 10, 10, 10, 10, 10, 10, 10, 5, 10, 2, 1, 10, 10, 7, 10, 10, 10, 10, 10, 10, 10, 10, 10, 10, 10, 10, 10, 
104: 10, 10, 10, 10, 2, 10, 0, 0, 10, 0, 0, 0, 10, 0, 10, 0, 0, 10, 1, 0, 0, 10, 10, 10, 10, 0, 10, 10, 10, 0, 10, 0, 0, 1, 0, 10, 10, 10, 0, 0, 0, 10, 0, 10, 10, 10, 10, 0, 0, 10, 10, 0, 0, 10, 0, 0, 0, 0, 0, 10, 10, 10, 0, 10, 10, 10, 10, 10, 0, 10, 0, 0, 1, 4, 0, 10, 0, 0, 0, 0, : 10, 10, 10, 10, 2, 10, 10, 10, 10, 10, 1, 10, 10, 10, 10, 10, 10, 10, 10, 1, 10, 10, 10, 10, 10, 10, 10, 10, 10, 10, 10, 10, 10, 10, 10, 10, 10, 10, 10, 10, 1, 4, 10, 
36: 1, 0, 0, 0, 0, 0, 0, 10, 0, 1, 10, 10, 0, 10, 10, 0, 0, 10, 0, 0, 10, 0, 4, 10, 10, 10, 10, 0, 10, 10, 10, 2, 10, 0, 0, 10, 2, 10, 0, 0, 0, 10, 10, 0, 10, 10, 10, 10, 0, 0, 10, 10, 10, 0, 0, 0, 10, 10, 10, 10, 0, 10, 0, 10, 10, 10, 0, 0, 10, 1, 0, 4, 10, 10, 10, 10, 0, 0, 10, 10, : 1, 10, 1, 10, 10, 10, 10, 10, 10, 4, 10, 10, 10, 10, 10, 10, 10, 2, 10, 10, 2, 10, 10, 10, 10, 10, 10, 10, 10, 10, 10, 10, 10, 10, 10, 10, 10, 10, 10, 10, 1, 4, 10, 10, 10, 10, 10, 10, 
113: 0, 10, 0, 0, 10, 10, 10, 10, 10, 0, 0, 10, 5, 10, 10, 10, 0, 0, 10, 10, 10, 0, 0, 10, 0, 0, 0, 10, 10, 0, 0, 0, 0, 10, 10, 0, 10, 10, 10, 0, 10, 0, 3, 10, 10, 0, 10, 10, 10, 0, 10, 1, 7, 10, 0, 10, 10, 10, 0, 10, 0, 0, 0, 0, 0, 10, 10, 0, 0, 10, 0, 10, 10, 10, 0, 3, 0, 2, 0, 10, : 10, 10, 10, 10, 10, 10, 10, 5, 10, 10, 10, 10, 10, 10, 10, 10, 10, 10, 10, 10, 10, 10, 10, 3, 10, 10, 10, 10, 10, 10, 1, 7, 10, 10, 10, 10, 10, 10, 10, 10, 10, 10, 10, 3, 2, 10, 
3: 0, 0, 10, 8, 0, 10, 10, 1, 0, 10, 0, 2, 0, 10, 10, 0, 10, 0, 10, 10, 0, 10, 10, 13, 10, 10, 0, 1, 0, 10, 10, 10, 0, 10, 0, 10, 0, 10, 0, 0, 10, 0, 10, 0, 0, 0, 10, 10, 0, 10, 10, 0, 10, 0, 10, 0, 0, 10, 10, 10, 1, 10, 0, 0, 10, 0, 0, 0, 0, 10, 10, 10, 0, 0, 0, 10, 10, 0, 10, 0, : 10, 8, 10, 10, 1, 10, 2, 10, 10, 10, 10, 10, 10, 10, 13, 10, 10, 1, 10, 10, 10, 10, 10, 10, 10, 10, 10, 10, 10, 10, 10, 10, 10, 10, 10, 1, 10, 10, 10, 10, 10, 10, 10, 10, 
97: 0, 10, 0, 10, 10, 10, 10, 10, 10, 10, 0, 0, 10, 10, 0, 0, 10, 1, 10, 10, 0, 10, 0, 0, 10, 10, 10, 0, 10, 10, 10, 10, 10, 10, 0, 0, 0, 0, 0, 0, 10, 10, 0, 10, 10, 0, 10, 10, 10, 0, 10, 10, 7, 0, 10, 10, 0, 10, 10, 0, 0, 10, 0, 0, 0, 2, 10, 10, 0, 0, 10, 0, 10, 0, 0, 10, 10, 10, 10, 0, : 10, 10, 10, 10, 10, 10, 10, 10, 10, 10, 10, 1, 10, 10, 10, 10, 10, 10, 10, 10, 10, 10, 10, 10, 10, 10, 10, 10, 10, 10, 10, 10, 10, 7, 10, 10, 10, 10, 10, 2, 10, 10, 10, 10, 10, 10, 10, 10, 
11: 10, 0, 0, 10, 1, 10, 0, 10, 10, 10, 0, 0, 10, 0, 0, 0, 0, 10, 0, 10, 0, 0, 0, 0, 10, 10, 0, 10, 0, 10, 0, 0, 0, 0, 0, 10, 10, 10, 0, 10, 10, 0, 0, 0, 0, 10, 0, 0, 10, 10, 10, 0, 0, 0, 10, 0, 0, 10, 0, 0, 0, 0, 10, 10, 0, 0, 10, 18, 10, 0, 0, 0, 10, 10, 10, 10, 10, 10, 10, 10, : 10, 10, 1, 10, 10, 10, 10, 10, 10, 10, 10, 10, 10, 10, 10, 10, 10, 10, 10, 10, 10, 10, 10, 10, 10, 10, 10, 10, 18, 10, 10, 10, 10, 10, 10, 10, 10, 10, 
49: 10, 0, 10, 0, 10, 0, 0, 10, 0, 10, 10, 0, 0, 0, 10, 10, 0, 10, 0, 10, 10, 10, 0, 1, 10, 10, 10, 10, 0, 0, 10, 10, 0, 3, 0, 0, 0, 10, 0, 0, 0, 18, 0, 10, 10, 0, 10, 0, 10, 10, 10, 0, 10, 10, 10, 1, 0, 10, 0, 10, 0, 10, 0, 0, 0, 10, 10, 0, 5, 10, 10, 0, 10, 10, 10, 10, 10, 0, 10, 10, : 10, 10, 10, 10, 10, 10, 10, 10, 10, 10, 10, 10, 1, 10, 10, 10, 10, 10, 10, 3, 10, 18, 10, 10, 10, 10, 10, 10, 10, 10, 10, 1, 10, 10, 10, 10, 10, 5, 10, 10, 10, 10, 10, 10, 10, 10, 10, 
127: 10, 10, 10, 10, 10, 10, 1, 0, 0, 0, 10, 0, 0, 0, 0, 0, 0, 10, 10, 10, 10, 0, 0, 1, 0, 0, 10, 10, 10, 10, 10, 0, 10, 19, 8, 0, 0, 0, 0, 0, 1, 0, 10, 0, 0, 0, 10, 0, 10, 10, 0, 10, 10, 0, 9, 0, 10, 10, 10, 0, 10, 0, 0, 10, 2, 0, 10, 10, 10, 10, 0, 0, 10, 10, 0, 0, 10, 2, 10, 10, : 10, 10, 10, 10, 10, 10, 1, 10, 10, 10, 10, 10, 1, 10, 10, 10, 10, 10, 10, 19, 8, 1, 10, 10, 10, 10, 10, 10, 9, 10, 10, 10, 10, 10, 2, 10, 10, 10, 10, 10, 10, 10, 2, 10, 10, 
183: 10, 0, 10, 0, 10, 2, 10, 0, 10, 10, 0, 10, 10, 0, 0, 0, 10, 10, 0, 0, 10, 10, 0, 10, 8, 10, 10, 10, 0, 10, 0, 10, 0, 10, 0, 10, 0, 0, 10, 0, 10, 10, 0, 0, 0, 1, 10, 3, 10, 10, 0, 10, 0, 10, 0, 10, 0, 0, 10, 10, 0, 1, 10, 10, 10, 10, 1, 10, 10, 0, 0, 0, 0, 0, 10, 0, 10, 2, 10, 4, : 10, 10, 10, 2, 10, 10, 10, 10, 10, 10, 10, 10, 10, 10, 8, 10, 10, 10, 10, 10, 10, 10, 10, 10, 10, 1, 10, 3, 10, 10, 10, 10, 10, 10, 10, 1, 10, 10, 10, 10, 1, 10, 10, 10, 10, 2, 10, 4, 
174: 0, 10, 0, 10, 10, 10, 0, 0, 10, 10, 10, 10, 0, 4, 10, 0, 0, 10, 0, 10, 0, 10, 10, 10, 0, 0, 10, 10, 5, 10, 0, 0, 10, 0, 10, 0, 0, 10, 10, 5, 0, 10, 10, 0, 0, 10, 0, 10, 0, 10, 0, 10, 0, 0, 0, 0, 0, 0, 10, 10, 0, 10, 0, 0, 10, 0, 10, 2, 0, 10, 0, 10, 0, 0, 0, 10, 0, 10, 0, 10, : 10, 10, 10, 10, 10, 10, 10, 10, 4, 10, 10, 10, 10, 10, 10, 10, 10, 5, 10, 10, 10, 10, 10, 5, 10, 10, 10, 10, 10, 10, 10, 10, 10, 10, 10, 2, 10, 10, 10, 10, 10, 
51: 1, 1, 10, 3, 10, 10, 10, 0, 10, 0, 10, 10, 0, 10, 10, 0, 10, 0, 10, 0, 10, 0, 2, 0, 10, 10, 10, 0, 10, 0, 10, 0, 0, 10, 10, 10, 0, 0, 0, 0, 0, 10, 10, 11, 10, 10, 10, 0, 3, 0, 10, 10, 10, 10, 2, 10, 0, 10, 10, 10, 10, 0, 3, 0, 10, 10, 10, 0, 0, 0, 10, 0, 0, 0, 10, 10, 10, 10, 0, 0, : 1, 1, 10, 3, 10, 10, 10, 10, 10, 10, 10, 10, 10, 10, 10, 2, 10, 10, 10, 10, 10, 10, 10, 10, 10, 10, 11, 10, 10, 10, 3, 10, 10, 10, 10, 2, 10, 10, 10, 10, 10, 3, 10, 10, 10, 10, 10, 10, 10, 10, 
70: 0, 0, 10, 0, 10, 10, 0, 0, 10, 10, 10, 10, 0, 0, 0, 0, 0, 10, 0, 10, 10, 10, 10, 10, 10, 10, 0, 10, 10, 0, 0, 10, 10, 0, 0, 0, 0, 0, 0, 10, 0, 10, 10, 0, 4, 10, 10, 0, 0, 10, 0, 10, 0, 0, 10, 0, 0, 0, 10, 0, 0, 0, 10, 0, 10, 0, 0, 0, 0, 10, 10, 10, 10, 10, 10, 10, 10, 0, 1, 10, : 10, 10, 10, 10, 10, 10, 10, 10, 10, 10, 10, 10, 10, 10, 10, 10, 10, 10, 10, 10, 10, 10, 4, 10, 10, 10, 10, 10, 10, 10, 10, 10, 10, 10, 10, 10, 10, 10, 10, 1, 10, 
57: 0, 10, 0, 0, 0, 0, 10, 0, 0, 10, 12, 10, 10, 10, 0, 0, 10, 0, 0, 10, 0, 10, 0, 10, 1, 10, 0, 10, 10, 10, 0, 10, 0, 0, 2, 3, 0, 0, 0, 0, 0, 4, 18, 10, 0, 10, 0, 10, 0, 10, 0, 10, 10, 10, 10, 10, 10, 10, 0, 0, 1, 0, 10, 0, 0, 0, 3, 0, 10, 0, 10, 0, 0, 10, 10, 0, 1, 10, 10, 10, : 10, 10, 10, 12, 10, 10, 10, 10, 10, 10, 10, 1, 10, 10, 10, 10, 10, 2, 3, 4, 18, 10, 10, 10, 10, 10, 10, 10, 10, 10, 10, 10, 1, 10, 3, 10, 10, 10, 10, 1, 10, 10, 10, 
194: 0, 0, 10, 10, 0, 10, 0, 10, 0, 10, 10, 0, 10, 10, 0, 10, 10, 0, 10, 1, 10, 10, 10, 0, 0, 10, 0, 7, 0, 0, 0, 0, 0, 10, 10, 0, 0, 0, 10, 10, 10, 0, 0, 10, 10, 0, 0, 10, 10, 0, 0, 10, 0, 10, 10, 0, 0, 0, 2, 10, 0, 10, 10, 10, 0, 10, 10, 0, 10, 0, 10, 10, 10, 0, 0, 10, 0, 10, 10, 10, : 10, 10, 10, 10, 10, 10, 10, 10, 10, 10, 10, 1, 10, 10, 10, 10, 7, 10, 10, 10, 10, 10, 10, 10, 10, 10, 10, 10, 10, 2, 10, 10, 10, 10, 10, 10, 10, 10, 10, 10, 10, 10, 10, 10, 
35: 10, 10, 10, 19, 10, 10, 0, 10, 10, 0, 0, 10, 0, 0, 10, 10, 10, 0, 0, 0, 0, 10, 0, 0, 10, 10, 0, 10, 0, 10, 0, 10, 10, 10, 10, 10, 10, 0, 10, 10, 1, 0, 0, 0, 10, 10, 0, 10, 0, 10, 10, 10, 10, 0, 0, 10, 0, 10, 10, 1, 2, 1, 10, 0, 10, 10, 0, 10, 10, 10, 0, 0, 10, 10, 0, 0, 1, 10, 0, 0, : 10, 10, 10, 19, 10, 10, 10, 10, 10, 10, 10, 10, 10, 10, 10, 10, 10, 10, 10, 10, 10, 10, 10, 10, 10, 1, 10, 10, 10, 10, 10, 10, 10, 10, 10, 10, 1, 2, 1, 10, 10, 10, 10, 10, 10, 10, 10, 1, 10, 
120: 10, 10, 10, 0, 0, 0, 10, 1, 10, 10, 0, 10, 0, 0, 10, 10, 0, 0, 0, 10, 10, 10, 10, 10, 0, 0, 10, 0, 0, 10, 10, 1, 0, 10, 0, 10, 10, 0, 10, 10, 16, 10, 0, 10, 10, 10, 0, 10, 10, 17, 10, 0, 0, 10, 10, 0, 10, 0, 10, 0, 10, 10, 10, 0, 0, 0, 0, 2, 0, 2, 0, 0, 0, 0, 10, 0, 0, 10, 10, 10, : 10, 10, 10, 10, 1, 10, 10, 10, 10, 10, 10, 10, 10, 10, 10, 10, 10, 10, 1, 10, 10, 10, 10, 10, 16, 10, 10, 10, 10, 10, 10, 17, 10, 10, 10, 10, 10, 10, 10, 10, 2, 2, 10, 10, 10, 10, 
157: 10, 0, 10, 10, 10, 10, 0, 10, 0, 10, 0, 10, 10, 0, 0, 10, 0, 0, 0, 10, 0, 10, 10, 0, 10, 7, 10, 10, 0, 0, 0, 3, 10, 10, 0, 0, 0, 10, 5, 0, 0, 0, 0, 0, 10, 0, 0, 0, 10, 10, 0, 0, 10, 0, 1, 0, 10, 10, 0, 0, 10, 10, 2, 0, 10, 0, 10, 10, 10, 0, 0, 10, 0, 10, 0, 0, 10, 10, 10, 10, : 10, 10, 10, 10, 10, 10, 10, 10, 10, 10, 10, 10, 10, 10, 7, 10, 10, 3, 10, 10, 10, 5, 10, 10, 10, 10, 1, 10, 10, 10, 10, 2, 10, 10, 10, 10, 10, 10, 10, 10, 10, 10, 
197: 0, 0, 0, 10, 0, 1, 10, 0, 0, 0, 0, 0, 0, 0, 10, 10, 1, 0, 10, 0, 10, 10, 0, 10, 10, 0, 10, 10, 0, 10, 10, 0, 0, 10, 10, 2, 10, 0, 10, 0, 10, 0, 0, 10, 10, 0, 10, 2, 10, 0, 0, 10, 0, 0, 0, 10, 0, 0, 10, 0, 0, 0, 10, 10, 10, 10, 0, 0, 0, 0, 10, 19, 0, 0, 10, 7, 0, 0, 10, 0, : 10, 1, 10, 10, 10, 1, 10, 10, 10, 10, 10, 10, 10, 10, 10, 10, 10, 2, 10, 10, 10, 10, 10, 10, 2, 10, 10, 10, 10, 10, 10, 10, 10, 10, 19, 10, 7, 10, 
144: 10, 0, 10, 0, 0, 2, 10, 10, 4, 0, 10, 10, 10, 0, 10, 10, 0, 10, 10, 0, 10, 2, 0, 10, 0, 0, 10, 0, 0, 10, 8, 10, 10, 0, 7, 0, 10, 0, 10, 10, 10, 10, 10, 10, 0, 0, 10, 0, 0, 0, 10, 10, 10, 0, 0, 0, 10, 2, 0, 0, 10, 10, 0, 0, 0, 10, 0, 0, 10, 0, 10, 0, 10, 10, 5, 2, 10, 10, 0, 10, : 10, 10, 2, 10, 10, 4, 10, 10, 10, 10, 10, 10, 10, 10, 2, 10, 10, 10, 8, 10, 10, 7, 10, 10, 10, 10, 10, 10, 10, 10, 10, 10, 10, 10, 2, 10, 10, 10, 10, 10, 10, 10, 5, 2, 10, 10, 10, 
119: 0, 0, 10, 0, 10, 10, 10, 10, 10, 0, 10, 0, 10, 0, 0, 10, 1, 10, 10, 10, 0, 0, 0, 0, 10, 0, 10, 0, 0, 10, 10, 10, 10, 10, 10, 0, 3, 10, 10, 10, 10, 10, 10, 0, 0, 10, 10, 10, 12, 10, 10, 10, 0, 4, 0, 10, 10, 10, 10, 0, 10, 2, 0, 10, 3, 0, 0, 10, 10, 0, 0, 0, 0, 0, 10, 10, 10, 2, 0, 10, : 10, 10, 10, 10, 10, 10, 10, 10, 10, 1, 10, 10, 10, 10, 10, 10, 10, 10, 10, 10, 10, 3, 10, 10, 10, 10, 10, 10, 10, 10, 10, 12, 10, 10, 10, 4, 10, 10, 10, 10, 10, 2, 10, 3, 10, 10, 10, 10, 10, 2, 10, 
5: 10, 0, 0, 10, 10, 0, 0, 10, 0, 0, 10, 10, 10, 10, 0, 10, 10, 0, 0, 0, 0, 0, 10, 10, 0, 0, 10, 0, 0, 0, 10, 6, 10, 10, 10, 10, 10, 0, 10, 0, 0, 0, 0, 0, 10, 0, 1, 0, 0, 0, 2, 1, 0, 10, 0, 10, 0, 10, 0, 10, 0, 10, 10, 10, 10, 0, 10, 0, 10, 10, 0, 10, 0, 0, 0, 0, 1, 0, 10, 0, : 10, 10, 10, 10, 10, 10, 10, 10, 10, 10, 10, 10, 10, 10, 6, 10, 10, 10, 10, 10, 10, 10, 1, 2, 1, 10, 10, 10, 10, 10, 10, 10, 10, 10, 10, 10, 10, 1, 10, 
193: 0, 20, 0, 0, 10, 10, 0, 10, 10, 0, 10, 10, 2, 0, 0, 0, 0, 0, 10, 0, 0, 10, 10, 10, 0, 0, 3, 0, 0, 0, 10, 10, 1, 2, 10, 10, 10, 10, 10, 10, 0, 10, 1, 10, 10, 0, 1, 0, 10, 0, 10, 10, 0, 10, 0, 10, 10, 10, 10, 10, 10, 10, 0, 10, 0, 10, 0, 10, 10, 12, 10, 10, 0, 0, 10, 1, 0, 10, 0, 10, : 20, 10, 10, 10, 10, 10, 10, 2, 10, 10, 10, 10, 3, 10, 10, 1, 2, 10, 10, 10, 10, 10, 10, 10, 1, 10, 10, 1, 10, 10, 10, 10, 10, 10, 10, 10, 10, 10, 10, 10, 10, 10, 10, 12, 10, 10, 10, 1, 10, 10, 
160: 0, 10, 0, 10, 0, 0, 10, 10, 10, 10, 0, 0, 6, 10, 2, 10, 0, 0, 10, 10, 10, 0, 4, 10, 4, 10, 0, 0, 10, 0, 10, 0, 10, 0, 0, 10, 0, 10, 10, 10, 0, 10, 10, 10, 0, 4, 10, 0, 0, 10, 2, 10, 10, 0, 0, 13, 10, 10, 10, 10, 0, 0, 10, 1, 0, 10, 0, 0, 0, 10, 10, 0, 0, 10, 10, 10, 0, 0, 10, 10, : 10, 10, 10, 10, 10, 10, 6, 10, 2, 10, 10, 10, 10, 4, 10, 4, 10, 10, 10, 10, 10, 10, 10, 10, 10, 10, 10, 4, 10, 10, 2, 10, 10, 13, 10, 10, 10, 10, 10, 1, 10, 10, 10, 10, 10, 10, 10, 10, 
136: 0, 10, 10, 0, 0, 0, 0, 10, 0, 10, 10, 0, 10, 10, 0, 0, 10, 10, 10, 0, 10, 0, 10, 10, 0, 0, 0, 0, 0, 0, 0, 10, 0, 10, 0, 10, 0, 10, 10, 15, 4, 0, 0, 0, 0, 0, 3, 10, 0, 11, 10, 0, 10, 1, 10, 10, 10, 0, 0, 10, 10, 0, 10, 10, 10, 3, 10, 10, 0, 10, 10, 1, 10, 10, 10, 0, 0, 0, 0, 0, : 10, 10, 10, 10, 10, 10, 10, 10, 10, 10, 10, 10, 10, 10, 10, 10, 10, 10, 15, 4, 3, 10, 11, 10, 10, 1, 10, 10, 10, 10, 10, 10, 10, 10, 3, 10, 10, 10, 10, 1, 10, 10, 10, 
78: 0, 10, 0, 10, 0, 0, 4, 0, 0, 3, 0, 0, 10, 0, 0, 0, 10, 0, 0, 0, 0, 0, 10, 10, 10, 0, 0, 0, 0, 0, 1, 10, 2, 0, 0, 10, 0, 5, 10, 0, 0, 10, 10, 0, 10, 10, 10, 10, 10, 0, 10, 10, 0, 10, 10, 0, 0, 10, 10, 10, 1, 10, 10, 0, 0, 10, 10, 0, 0, 0, 10, 0, 10, 0, 0, 2, 0, 0, 10, 0, : 10, 10, 4, 3, 10, 10, 10, 10, 10, 1, 10, 2, 10, 5, 10, 10, 10, 10, 10, 10, 10, 10, 10, 10, 10, 10, 10, 10, 10, 1, 10, 10, 10, 10, 10, 10, 2, 10, 
41: 0, 0, 0, 0, 10, 10, 0, 0, 10, 10, 10, 10, 1, 10, 10, 10, 0, 10, 10, 0, 3, 0, 10, 0, 10, 0, 0, 0, 10, 10, 10, 10, 10, 0, 10, 0, 0, 10, 0, 10, 10, 1, 3, 1, 0, 0, 0, 10, 0, 0, 0, 0, 1, 10, 10, 10, 10, 0, 10, 0, 10, 0, 10, 10, 0, 0, 0, 10, 0, 0, 6, 10, 10, 10, 0, 10, 10, 0, 1, 0, : 10, 10, 10, 10, 10, 10, 1, 10, 10, 10, 10, 10, 3, 10, 10, 10, 10, 10, 10, 10, 10, 10, 10, 10, 1, 3, 1, 10, 1, 10, 10, 10, 10, 10, 10, 10, 10, 10, 6, 10, 10, 10, 10, 10, 1, 
63: 0, 0, 10, 10, 10, 0, 0, 2, 0, 0, 0, 0, 0, 10, 10, 13, 10, 3, 0, 0, 0, 10, 0, 2, 0, 10, 0, 16, 10, 10, 0, 10, 10, 10, 10, 0, 10, 20, 0, 10, 10, 0, 10, 10, 10, 10, 0, 10, 10, 0, 10, 10, 0, 10, 10, 10, 0, 0, 0, 10, 0, 10, 0, 0, 10, 10, 10, 10, 0, 10, 0, 0, 10, 0, 10, 0, 0, 0, 0, 10, : 10, 10, 10, 2, 10, 10, 13, 10, 3, 10, 2, 10, 16, 10, 10, 10, 10, 10, 10, 10, 20, 10, 10, 10, 10, 10, 10, 10, 10, 10, 10, 10, 10, 10, 10, 10, 10, 10, 10, 10, 10, 10, 10, 10, 
54: 10, 10, 1, 10, 10, 0, 10, 0, 10, 0, 10, 10, 10, 10, 10, 10, 10, 10, 10, 10, 0, 0, 0, 10, 1, 10, 0, 0, 10, 10, 10, 0, 10, 0, 10, 10, 10, 0, 10, 0, 0, 10, 0, 10, 0, 10, 0, 10, 10, 0, 0, 10, 10, 0, 10, 6, 0, 10, 1, 10, 10, 10, 10, 4, 10, 10, 10, 10, 10, 0, 10, 10, 10, 10, 0, 10, 10, 10, 0, 10, : 10, 10, 1, 10, 10, 10, 10, 10, 10, 10, 10, 10, 10, 10, 10, 10, 10, 10, 1, 10, 10, 10, 10, 10, 10, 10, 10, 10, 10, 10, 10, 10, 10, 10, 10, 10, 6, 10, 1, 10, 10, 10, 10, 4, 10, 10, 10, 10, 10, 10, 10, 10, 10, 10, 10, 10, 10, 
153: 0, 4, 0, 3, 10, 0, 0, 0, 1, 10, 10, 10, 1, 1, 10, 0, 3, 10, 0, 10, 0, 1, 10, 0, 0, 0, 10, 10, 0, 0, 10, 10, 0, 0, 10, 10, 10, 0, 0, 0, 3, 0, 0, 10, 1, 0, 0, 0, 0, 0, 10, 10, 10, 10, 13, 2, 10, 3, 10, 0, 0, 0, 10, 10, 10, 0, 10, 0, 10, 10, 5, 10, 0, 10, 10, 0, 0, 10, 1, 10, : 4, 3, 10, 1, 10, 10, 10, 1, 1, 10, 3, 10, 10, 1, 10, 10, 10, 10, 10, 10, 10, 10, 3, 10, 1, 10, 10, 10, 10, 13, 2, 10, 3, 10, 10, 10, 10, 10, 10, 10, 5, 10, 10, 10, 10, 1, 10, 
132: 10, 10, 10, 0, 0, 0, 10, 0, 10, 10, 10, 0, 10, 0, 0, 10, 10, 10, 0, 0, 0, 0, 10, 10, 0, 10, 0, 10, 10, 10, 0, 10, 1, 0, 0, 0, 10, 0, 0, 10, 0, 10, 10, 10, 0, 10, 10, 10, 0, 10, 0, 0, 10, 10, 0, 0, 0, 0, 0, 10, 0, 10, 0, 0, 10, 10, 20, 9, 0, 10, 10, 0, 10, 10, 0, 0, 10, 0, 10, 10, : 10, 10, 10, 10, 10, 10, 10, 10, 10, 10, 10, 10, 10, 10, 10, 10, 10, 10, 1, 10, 10, 10, 10, 10, 10, 10, 10, 10, 10, 10, 10, 10, 10, 10, 20, 9, 10, 10, 10, 10, 10, 10, 10, 
110: 10, 0, 4, 10, 0, 0, 10, 10, 10, 0, 0, 3, 10, 10, 0, 0, 10, 0, 10, 0, 10, 10, 15, 0, 0, 0, 10, 0, 10, 10, 0, 10, 0, 0, 10, 0, 10, 0, 10, 10, 10, 0, 10, 2, 10, 10, 0, 10, 0, 0, 1, 3, 0, 0, 0, 0, 10, 0, 10, 0, 10, 0, 0, 10, 0, 10, 0, 10, 10, 0, 10, 10, 0, 0, 0, 0, 0, 10, 10, 0, : 10, 4, 10, 10, 10, 10, 3, 10, 10, 10, 10, 10, 10, 15, 10, 10, 10, 10, 10, 10, 10, 10, 10, 10, 2, 10, 10, 10, 1, 3, 10, 10, 10, 10, 10, 10, 10, 10, 10, 10, 10, 
166: 0, 10, 10, 2, 0, 10, 10, 10, 0, 1, 1, 10, 0, 10, 10, 10, 0, 10, 0, 0, 1, 0, 10, 0, 10, 0, 0, 0, 0, 0, 10, 10, 10, 10, 0, 10, 0, 0, 0, 10, 10, 0, 10, 10, 0, 0, 0, 0, 10, 10, 0, 10, 10, 0, 10, 10, 10, 10, 0, 10, 10, 10, 0, 10, 10, 10, 10, 4, 10, 0, 10, 10, 4, 0, 0, 0, 10, 10, 10, 0, : 10, 10, 2, 10, 10, 10, 1, 1, 10, 10, 10, 10, 10, 1, 10, 10, 10, 10, 10, 10, 10, 10, 10, 10, 10, 10, 10, 10, 10, 10, 10, 10, 10, 10, 10, 10, 10, 10, 10, 10, 4, 10, 10, 10, 4, 10, 10, 10, 


