
40
40
95
2

10: 10, 0, 10, 10, 10, 10, 0, 10, 1, 0, 10, 0, 0, 10, 0, 0, 0, 10, 0, 10, 10, 0, 0, 10, 10, 10, 1, 0, 1, 0, 0, 0, 0, 1, 0, 0, 0, 1, 0, 10, : 10, 10, 10, 10, 10, 10, 1, 10, 10, 10, 10, 10, 10, 10, 10, 1, 1, 1, 1, 10, 
15: 0, 0, 10, 1, 0, 10, 7, 10, 10, 0, 1, 0, 0, 0, 10, 0, 10, 0, 10, 0, 1, 0, 10, 0, 0, 10, 10, 0, 10, 0, 0, 10, 0, 1, 10, 0, 0, 10, 10, 0, : 10, 1, 10, 7, 10, 10, 1, 10, 10, 10, 1, 10, 10, 10, 10, 10, 1, 10, 10, 10, 
37: 0, 0, 10, 1, 7, 10, 4, 0, 1, 0, 10, 0, 10, 0, 0, 10, 10, 10, 10, 2, 1, 10, 5, 10, 0, 10, 0, 10, 2, 10, 10, 10, 0, 0, 10, 0, 0, 0, 10, 0, : 10, 1, 7, 10, 4, 1, 10, 10, 10, 10, 10, 10, 2, 1, 10, 5, 10, 10, 10, 2, 10, 10, 10, 10, 10, 
17: 1, 10, 0, 0, 10, 10, 0, 10, 0, 0, 10, 3, 5, 0, 10, 0, 10, 0, 10, 0, 0, 0, 0, 0, 4, 0, 10, 0, 1, 10, 10, 10, 0, 0, 4, 10, 10, 1, 10, 10, : 1, 10, 10, 10, 10, 10, 3, 5, 10, 10, 10, 4, 10, 1, 10, 10, 10, 4, 10, 10, 1, 10, 10, 
9: 0, 10, 4, 0, 0, 0, 0, 10, 0, 0, 10, 0, 10, 10, 10, 10, 10, 10, 2, 10, 10, 10, 10, 10, 0, 0, 2, 0, 10, 0, 15, 0, 10, 10, 10, 10, 10, 0, 0, 0, : 10, 4, 10, 10, 10, 10, 10, 10, 10, 10, 2, 10, 10, 10, 10, 10, 2, 10, 15, 10, 10, 10, 10, 10, 
3: 10, 10, 0, 0, 2, 10, 1, 2, 0, 0, 0, 0, 0, 10, 0, 6, 10, 0, 0, 10, 2, 1, 0, 1, 0, 10, 1, 10, 10, 0, 0, 10, 0, 10, 11, 0, 0, 0, 0, 0, : 10, 10, 2, 10, 1, 2, 10, 6, 10, 10, 2, 1, 1, 10, 1, 10, 10, 10, 10, 11, 
26: 0, 10, 10, 10, 0, 10, 10, 0, 10, 5, 10, 0, 10, 0, 10, 0, 0, 0, 0, 0, 0, 0, 0, 1, 0, 10, 0, 10, 0, 10, 0, 10, 10, 10, 0, 2, 10, 0, 0, 10, : 10, 10, 10, 10, 10, 10, 5, 10, 10, 10, 1, 10, 10, 10, 10, 10, 10, 2, 10, 10, 
22: 0, 0, 0, 0, 10, 10, 2, 0, 1, 0, 0, 10, 0, 0, 5, 10, 10, 0, 0, 0, 10, 0, 10, 0, 10, 0, 10, 10, 10, 10, 10, 0, 0, 10, 10, 10, 0, 0, 10, 0, : 10, 10, 2, 1, 10, 5, 10, 10, 10, 10, 10, 10, 10, 10, 10, 10, 10, 10, 10, 10, 
19: 10, 10, 10, 3, 10, 0, 10, 0, 10, 10, 10, 0, 10, 0, 0, 0, 0, 0, 10, 0, 0, 0, 0, 10, 10, 0, 10, 0, 0, 0, 0, 0, 1, 0, 0, 0, 10, 10, 10, 0, : 10, 10, 10, 3, 10, 10, 10, 10, 10, 10, 10, 10, 10, 10, 1, 10, 10, 10, 
18: 2, 0, 0, 10, 10, 0, 10, 0, 10, 0, 1, 0, 10, 0, 0, 0, 2, 0, 0, 0, 0, 10, 0, 10, 0, 10, 0, 10, 0, 0, 0, 2, 10, 10, 0, 10, 10, 0, 0, 0, : 2, 10, 10, 10, 10, 1, 10, 2, 10, 10, 10, 10, 2, 10, 10, 10, 10, 
39: 0, 10, 0, 10, 0, 0, 0, 0, 10, 10, 10, 10, 10, 9, 0, 10, 0, 10, 10, 10, 10, 10, 10, 10, 0, 1, 10, 10, 0, 2, 10, 0, 0, 0, 0, 10, 10, 10, 10, 10, : 10, 10, 10, 10, 10, 10, 10, 9, 10, 10, 10, 10, 10, 10, 10, 10, 1, 10, 10, 2, 10, 10, 10, 10, 10, 10, 
24: 0, 0, 10, 10, 15, 5, 10, 10, 0, 10, 0, 10, 10, 10, 0, 0, 2, 10, 10, 3, 10, 0, 0, 0, 1, 10, 1, 0, 0, 14, 0, 10, 0, 3, 10, 0, 10, 10, 0, 10, : 10, 10, 15, 5, 10, 10, 10, 10, 10, 10, 2, 10, 10, 3, 10, 1, 10, 1, 14, 10, 3, 10, 10, 10, 10, 
34: 10, 10, 0, 10, 1, 0, 10, 0, 0, 10, 0, 11, 0, 10, 0, 10, 10, 10, 0, 10, 0, 13, 10, 10, 0, 10, 0, 10, 0, 10, 0, 0, 0, 10, 10, 0, 3, 10, 0, 0, : 10, 10, 10, 1, 10, 10, 11, 10, 10, 10, 10, 10, 13, 10, 10, 10, 10, 10, 10, 10, 3, 10, 
1: 10, 0, 1, 0, 0, 0, 0, 10, 1, 10, 0, 10, 10, 0, 10, 10, 0, 0, 10, 10, 0, 10, 10, 10, 10, 3, 10, 0, 1, 10, 0, 2, 10, 0, 0, 10, 1, 2, 0, 10, : 10, 1, 10, 1, 10, 10, 10, 10, 10, 10, 10, 10, 10, 10, 10, 3, 10, 1, 10, 2, 10, 10, 1, 2, 10, 
25: 10, 0, 0, 0, 10, 10, 10, 10, 10, 0, 1, 10, 0, 10, 0, 10, 10, 5, 0, 0, 1, 1, 0, 2, 10, 10, 0, 0, 10, 0, 0, 10, 10, 0, 0, 3, 10, 10, 10, 10, : 10, 10, 10, 10, 10, 10, 1, 10, 10, 10, 10, 5, 1, 1, 2, 10, 10, 10, 10, 10, 3, 10, 10, 10, 10, 
31: 2, 0, 10, 10, 10, 0, 0, 0, 10, 10, 10, 10, 10, 0, 0, 0, 0, 10, 2, 0, 0, 0, 0, 0, 0, 0, 10, 10, 10, 0, 10, 0, 10, 0, 0, 10, 0, 0, 0, 5, : 2, 10, 10, 10, 10, 10, 10, 10, 10, 10, 2, 10, 10, 10, 10, 10, 10, 5, 
7: 10, 0, 10, 10, 0, 10, 10, 3, 0, 10, 2, 11, 0, 0, 10, 0, 0, 0, 1, 10, 10, 10, 10, 0, 10, 1, 10, 1, 10, 10, 0, 0, 10, 10, 0, 0, 1, 10, 1, 0, : 10, 10, 10, 10, 10, 3, 10, 2, 11, 10, 1, 10, 10, 10, 10, 10, 1, 10, 1, 10, 10, 10, 10, 1, 10, 1, 
2: 10, 10, 10, 10, 0, 0, 1, 10, 1, 10, 10, 10, 0, 10, 10, 10, 0, 0, 0, 10, 10, 10, 10, 0, 10, 0, 0, 3, 10, 0, 10, 10, 10, 10, 10, 10, 0, 10, 4, 10, : 10, 10, 10, 10, 1, 10, 1, 10, 10, 10, 10, 10, 10, 10, 10, 10, 10, 10, 3, 10, 10, 10, 10, 10, 10, 10, 10, 4, 10, 
33: 10, 10, 0, 0, 0, 0, 10, 0, 10, 10, 0, 0, 0, 10, 10, 0, 1, 10, 10, 0, 10, 0, 10, 10, 10, 0, 10, 10, 0, 8, 10, 1, 4, 10, 0, 0, 0, 10, 10, 10, : 10, 10, 10, 10, 10, 10, 10, 1, 10, 10, 10, 10, 10, 10, 10, 10, 8, 10, 1, 4, 10, 10, 10, 10, 
30: 0, 5, 0, 0, 0, 0, 0, 10, 10, 0, 0, 0, 0, 6, 10, 9, 10, 10, 10, 10, 10, 10, 0, 1, 10, 0, 0, 1, 10, 1, 10, 10, 10, 0, 10, 10, 10, 1, 10, 0, : 5, 10, 10, 6, 10, 9, 10, 10, 10, 10, 10, 10, 1, 10, 1, 10, 1, 10, 10, 10, 10, 10, 10, 1, 10, 


38: 0, 0, 0, 10, 1, 0, 10, 0, 0, 0, 10, 10, 10, 10, 10, 10, 0, 0, 2, 10, 10, 0, 10, 10, 0, 10, 1, 0, 0, 0, 14, 0, 10, 10, 10, 10, 10, 0, 0, 10, : 10, 1, 10, 10, 10, 10, 10, 10, 10, 2, 10, 10, 10, 10, 10, 1, 14, 10, 10, 10, 10, 10, 10, 
20: 10, 0, 10, 0, 1, 5, 4, 0, 0, 10, 0, 0, 10, 10, 1, 0, 0, 0, 0, 0, 0, 10, 0, 10, 1, 10, 10, 10, 0, 0, 10, 0, 10, 0, 10, 10, 10, 0, 10, 10, : 10, 10, 1, 5, 4, 10, 10, 10, 1, 10, 10, 1, 10, 10, 10, 10, 10, 10, 10, 10, 10, 10, 
12: 1, 0, 0, 10, 0, 10, 0, 0, 10, 0, 1, 0, 5, 10, 0, 0, 10, 10, 0, 1, 10, 0, 10, 10, 10, 0, 1, 10, 10, 0, 8, 0, 1, 0, 0, 10, 4, 10, 10, 10, : 1, 10, 10, 10, 1, 5, 10, 10, 10, 1, 10, 10, 10, 10, 1, 10, 10, 8, 1, 10, 4, 10, 10, 10, 
6: 10, 0, 10, 10, 0, 0, 10, 10, 2, 10, 10, 0, 0, 0, 10, 0, 10, 10, 3, 0, 0, 0, 10, 3, 0, 1, 10, 10, 10, 20, 10, 0, 10, 10, 3, 0, 0, 0, 0, 10, : 10, 10, 10, 10, 10, 2, 10, 10, 10, 10, 10, 3, 10, 3, 1, 10, 10, 10, 20, 10, 10, 10, 3, 10, 
35: 10, 5, 0, 1, 10, 0, 0, 1, 10, 2, 0, 10, 0, 0, 0, 10, 10, 0, 0, 0, 10, 0, 0, 10, 10, 10, 0, 0, 9, 0, 10, 10, 10, 10, 0, 0, 0, 10, 10, 6, : 10, 5, 1, 10, 1, 10, 2, 10, 10, 10, 10, 10, 10, 10, 9, 10, 10, 10, 10, 10, 10, 6, 
8: 10, 10, 0, 0, 10, 0, 0, 10, 10, 10, 0, 5, 0, 0, 10, 10, 10, 5, 0, 0, 3, 10, 0, 0, 10, 10, 1, 10, 1, 0, 0, 10, 0, 2, 0, 0, 10, 10, 0, 0, : 10, 10, 10, 10, 10, 10, 5, 10, 10, 10, 5, 3, 10, 10, 10, 1, 10, 1, 10, 2, 10, 10, 
16: 0, 10, 1, 0, 0, 10, 0, 0, 10, 10, 10, 0, 0, 19, 0, 10, 0, 0, 0, 0, 0, 10, 10, 0, 1, 1, 1, 10, 0, 10, 0, 10, 10, 10, 0, 10, 1, 10, 0, 0, : 10, 1, 10, 10, 10, 10, 19, 10, 10, 10, 1, 1, 1, 10, 10, 10, 10, 10, 10, 1, 10, 
32: 4, 0, 0, 10, 1, 0, 10, 10, 10, 0, 0, 10, 0, 0, 10, 0, 0, 10, 10, 4, 10, 0, 0, 0, 1, 10, 10, 10, 10, 0, 0, 10, 0, 10, 10, 10, 1, 10, 3, 10, : 4, 10, 1, 10, 10, 10, 10, 10, 10, 10, 4, 10, 1, 10, 10, 10, 10, 10, 10, 10, 10, 1, 10, 3, 10, 
23: 0, 0, 0, 10, 0, 0, 10, 4, 0, 10, 10, 0, 10, 2, 0, 0, 10, 0, 10, 0, 10, 10, 10, 10, 0, 10, 10, 0, 10, 10, 0, 0, 10, 0, 10, 10, 0, 1, 0, 0, : 10, 10, 4, 10, 10, 10, 2, 10, 10, 10, 10, 10, 10, 10, 10, 10, 10, 10, 10, 10, 1, 
11: 10, 0, 1, 0, 0, 10, 10, 0, 10, 0, 1, 10, 10, 10, 0, 0, 13, 0, 10, 10, 10, 0, 10, 0, 0, 2, 10, 10, 0, 1, 0, 0, 0, 0, 0, 10, 0, 10, 10, 0, : 10, 1, 10, 10, 10, 1, 10, 10, 10, 13, 10, 10, 10, 10, 2, 10, 10, 1, 10, 10, 10, 
14: 0, 10, 10, 1, 6, 10, 0, 10, 1, 10, 0, 10, 10, 0, 0, 2, 10, 10, 0, 10, 0, 5, 0, 0, 1, 0, 10, 3, 10, 10, 0, 10, 0, 10, 10, 0, 0, 10, 1, 0, : 10, 10, 1, 6, 10, 10, 1, 10, 10, 10, 2, 10, 10, 10, 5, 1, 10, 3, 10, 10, 10, 10, 10, 10, 1, 
13: 10, 10, 0, 10, 10, 0, 10, 0, 0, 0, 10, 0, 0, 10, 10, 10, 10, 0, 0, 0, 10, 0, 10, 0, 10, 0, 1, 0, 0, 10, 1, 0, 10, 0, 10, 0, 10, 0, 0, 0, : 10, 10, 10, 10, 10, 10, 10, 10, 10, 10, 10, 10, 10, 1, 10, 1, 10, 10, 10, 
4: 0, 0, 10, 0, 16, 10, 0, 0, 10, 0, 3, 0, 10, 0, 10, 3, 0, 10, 10, 0, 0, 10, 0, 0, 10, 10, 0, 0, 10, 10, 10, 0, 3, 10, 1, 10, 10, 0, 10, 1, : 10, 16, 10, 10, 3, 10, 10, 3, 10, 10, 10, 10, 10, 10, 10, 10, 3, 10, 1, 10, 10, 10, 1, 
36: 0, 10, 10, 0, 10, 0, 10, 0, 0, 10, 10, 10, 0, 10, 4, 0, 1, 10, 0, 10, 0, 10, 10, 10, 1, 10, 0, 10, 10, 0, 2, 1, 10, 0, 1, 0, 10, 3, 0, 10, : 10, 10, 10, 10, 10, 10, 10, 10, 4, 1, 10, 10, 10, 10, 10, 1, 10, 10, 10, 2, 1, 10, 1, 10, 3, 10, 
29: 0, 10, 10, 10, 10, 0, 1, 19, 10, 3, 0, 10, 10, 0, 0, 10, 10, 0, 0, 10, 2, 0, 0, 0, 10, 10, 10, 0, 0, 4, 0, 4, 0, 10, 10, 0, 0, 0, 10, 0, : 10, 10, 10, 10, 1, 19, 10, 3, 10, 10, 10, 10, 10, 2, 10, 10, 10, 4, 4, 10, 10, 10, 
28: 10, 10, 3, 3, 10, 0, 0, 10, 10, 10, 10, 10, 0, 0, 0, 0, 0, 10, 10, 10, 0, 0, 0, 0, 0, 1, 0, 0, 10, 0, 0, 0, 1, 0, 10, 10, 8, 10, 7, 8, : 10, 10, 3, 3, 10, 10, 10, 10, 10, 10, 10, 10, 10, 1, 10, 1, 10, 10, 8, 10, 7, 8, 
21: 0, 10, 10, 0, 0, 10, 10, 0, 0, 10, 0, 0, 0, 10, 10, 10, 0, 0, 10, 0, 0, 10, 10, 2, 10, 0, 0, 0, 0, 0, 0, 10, 0, 10, 0, 3, 1, 10, 4, 0, : 10, 10, 10, 10, 10, 10, 10, 10, 10, 10, 10, 2, 10, 10, 10, 3, 1, 10, 4, 
5: 10, 10, 10, 10, 0, 10, 10, 10, 0, 0, 10, 0, 10, 1, 10, 10, 0, 0, 10, 10, 0, 10, 0, 10, 10, 0, 10, 10, 4, 0, 10, 10, 0, 0, 0, 0, 10, 1, 10, 0, : 10, 10, 10, 10, 10, 10, 10, 10, 10, 1, 10, 10, 10, 10, 10, 10, 10, 10, 10, 4, 10, 10, 10, 1, 10, 
27: 10, 0, 0, 10, 10, 10, 0, 10, 2, 0, 10, 0, 0, 1, 10, 10, 0, 10, 10, 10, 10, 0, 0, 10, 10, 0, 0, 2, 0, 10, 10, 10, 0, 3, 0, 0, 0, 0, 10, 10, : 10, 10, 10, 10, 10, 2, 10, 1, 10, 10, 10, 10, 10, 10, 10, 10, 2, 10, 10, 10, 3, 10, 10, 
40: 0, 0, 10, 0, 0, 10, 0, 1, 0, 0, 0, 10, 10, 2, 0, 0, 1, 10, 10, 10, 10, 10, 5, 10, 0, 0, 10, 0, 1, 10, 10, 10, 10, 0, 10, 2, 10, 0, 0, 10, : 10, 10, 1, 10, 10, 2, 1, 10, 10, 10, 10, 10, 5, 10, 10, 1, 10, 10, 10, 10, 10, 2, 10, 10, 


