
20
40
95
2

26: 0, 0, 0, 0, 1, 10, 10, 0, 10, 0, 0, 0, 10, 10, 0, 10, 0, 0, 0, 0, : 1, 10, 10, 10, 10, 10, 10, 
33: 10, 10, 6, 0, 10, 0, 10, 0, 0, 0, 0, 10, 0, 10, 1, 0, 10, 0, 0, 0, : 10, 10, 6, 10, 10, 10, 10, 1, 10, 
25: 0, 8, 10, 10, 10, 10, 2, 0, 10, 10, 0, 0, 10, 10, 4, 0, 10, 10, 10, 10, : 8, 10, 10, 10, 10, 2, 10, 10, 10, 10, 4, 10, 10, 10, 10, 
40: 10, 0, 10, 2, 10, 0, 10, 10, 0, 0, 0, 10, 10, 4, 10, 19, 0, 0, 0, 10, : 10, 10, 2, 10, 10, 10, 10, 10, 4, 10, 19, 10, 
3: 10, 0, 10, 0, 0, 1, 10, 10, 10, 10, 0, 5, 0, 0, 10, 10, 10, 0, 0, 0, : 10, 10, 1, 10, 10, 10, 10, 5, 10, 10, 10, 
31: 0, 10, 10, 2, 10, 0, 0, 0, 0, 0, 10, 0, 10, 10, 0, 10, 10, 10, 0, 0, : 10, 10, 2, 10, 10, 10, 10, 10, 10, 10, 
13: 10, 0, 0, 10, 10, 0, 10, 3, 4, 10, 10, 0, 10, 10, 0, 0, 10, 1, 0, 0, : 10, 10, 10, 10, 3, 4, 10, 10, 10, 10, 10, 1, 
29: 5, 0, 3, 10, 0, 10, 3, 10, 0, 10, 10, 10, 10, 0, 10, 0, 0, 0, 10, 10, : 5, 3, 10, 10, 3, 10, 10, 10, 10, 10, 10, 10, 10, 
34: 10, 0, 0, 0, 10, 10, 0, 10, 0, 10, 10, 10, 10, 0, 10, 10, 0, 10, 10, 10, : 10, 10, 10, 10, 10, 10, 10, 10, 10, 10, 10, 10, 10, 
10: 0, 10, 0, 10, 0, 13, 0, 0, 1, 0, 10, 0, 10, 0, 10, 1, 10, 10, 0, 16, : 10, 10, 13, 1, 10, 10, 10, 1, 10, 10, 16, 
38: 10, 10, 10, 10, 0, 10, 0, 0, 0, 2, 0, 10, 1, 10, 0, 2, 5, 4, 10, 10, : 10, 10, 10, 10, 10, 2, 10, 1, 10, 2, 5, 4, 10, 10, 
1: 0, 10, 0, 10, 10, 1, 0, 10, 0, 2, 0, 0, 0, 0, 10, 0, 10, 10, 10, 10, : 10, 10, 10, 1, 10, 2, 10, 10, 10, 10, 10, 
16: 10, 10, 0, 10, 10, 0, 0, 0, 10, 10, 10, 0, 0, 10, 10, 10, 0, 0, 5, 10, : 10, 10, 10, 10, 10, 10, 10, 10, 10, 10, 5, 10, 
19: 10, 0, 10, 0, 0, 10, 10, 10, 10, 0, 4, 0, 10, 0, 10, 10, 0, 0, 0, 0, : 10, 10, 10, 10, 10, 10, 4, 10, 10, 10, 
30: 0, 7, 10, 0, 1, 10, 10, 10, 10, 10, 10, 10, 0, 10, 0, 0, 10, 10, 0, 3, : 7, 10, 1, 10, 10, 10, 10, 10, 10, 10, 10, 10, 10, 3, 
21: 10, 10, 0, 0, 10, 0, 0, 0, 0, 1, 1, 10, 0, 0, 0, 1, 0, 10, 0, 1, : 10, 10, 10, 1, 1, 10, 1, 10, 1, 
5: 0, 0, 6, 1, 1, 0, 10, 2, 10, 10, 0, 10, 0, 10, 0, 1, 0, 0, 10, 5, : 6, 1, 1, 10, 2, 10, 10, 10, 10, 1, 10, 5, 
18: 0, 10, 0, 0, 1, 0, 0, 10, 10, 0, 0, 0, 0, 0, 0, 0, 10, 10, 10, 0, : 10, 1, 10, 10, 10, 10, 10, 
24: 0, 0, 10, 10, 0, 0, 10, 0, 10, 0, 10, 10, 4, 1, 0, 1, 0, 0, 10, 0, : 10, 10, 10, 10, 10, 10, 4, 1, 1, 10, 
8: 0, 0, 0, 10, 1, 10, 0, 10, 0, 10, 10, 0, 0, 0, 10, 10, 0, 10, 10, 0, : 10, 1, 10, 10, 10, 10, 10, 10, 10, 10, 


39: 10, 1, 10, 10, 0, 0, 0, 1, 10, 10, 0, 10, 0, 10, 10, 0, 1, 0, 10, 1, : 10, 1, 10, 10, 1, 10, 10, 10, 10, 10, 1, 10, 1, 
14: 10, 10, 10, 10, 0, 0, 0, 10, 0, 1, 10, 10, 10, 0, 0, 0, 0, 10, 10, 0, : 10, 10, 10, 10, 10, 1, 10, 10, 10, 10, 10, 
22: 0, 0, 10, 10, 10, 10, 0, 10, 0, 10, 10, 10, 10, 0, 10, 10, 1, 1, 10, 10, : 10, 10, 10, 10, 10, 10, 10, 10, 10, 10, 10, 1, 1, 10, 10, 
4: 4, 0, 0, 1, 10, 0, 0, 10, 0, 2, 10, 0, 0, 10, 0, 0, 10, 0, 10, 10, : 4, 1, 10, 10, 2, 10, 10, 10, 10, 10, 
20: 0, 4, 1, 10, 0, 10, 2, 0, 10, 0, 10, 0, 1, 2, 10, 10, 0, 10, 10, 0, : 4, 1, 10, 10, 2, 10, 10, 1, 2, 10, 10, 10, 10, 
36: 0, 10, 0, 0, 0, 2, 10, 0, 0, 10, 1, 0, 10, 0, 0, 10, 0, 0, 0, 0, : 10, 2, 10, 10, 1, 10, 10, 
12: 10, 0, 4, 0, 0, 10, 10, 0, 10, 1, 10, 0, 10, 0, 10, 0, 10, 10, 0, 10, : 10, 4, 10, 10, 10, 1, 10, 10, 10, 10, 10, 10, 
37: 0, 10, 0, 0, 10, 0, 10, 10, 0, 10, 0, 0, 10, 10, 10, 0, 0, 3, 0, 10, : 10, 10, 10, 10, 10, 10, 10, 10, 3, 10, 
28: 10, 10, 0, 10, 0, 10, 10, 0, 10, 0, 10, 10, 0, 13, 0, 0, 10, 0, 10, 0, : 10, 10, 10, 10, 10, 10, 10, 10, 13, 10, 10, 
35: 1, 0, 0, 1, 3, 0, 10, 0, 10, 10, 10, 0, 10, 10, 10, 0, 10, 0, 0, 1, : 1, 1, 3, 10, 10, 10, 10, 10, 10, 10, 10, 1, 
11: 0, 0, 10, 10, 0, 10, 2, 10, 0, 10, 0, 0, 3, 0, 0, 1, 10, 10, 10, 10, : 10, 10, 10, 2, 10, 10, 3, 1, 10, 10, 10, 10, 
32: 10, 0, 0, 0, 10, 10, 0, 0, 0, 0, 0, 10, 1, 10, 10, 10, 0, 10, 10, 10, : 10, 10, 10, 10, 1, 10, 10, 10, 10, 10, 10, 
15: 10, 10, 0, 10, 10, 10, 10, 10, 2, 0, 10, 0, 10, 10, 3, 1, 10, 10, 0, 0, : 10, 10, 10, 10, 10, 10, 10, 2, 10, 10, 10, 3, 1, 10, 10, 
23: 0, 10, 10, 2, 1, 10, 0, 0, 3, 10, 0, 10, 0, 10, 2, 10, 0, 0, 0, 3, : 10, 10, 2, 1, 10, 3, 10, 10, 10, 2, 10, 3, 
6: 0, 10, 0, 0, 0, 10, 10, 3, 10, 0, 0, 10, 10, 0, 0, 10, 3, 0, 0, 10, : 10, 10, 10, 3, 10, 10, 10, 10, 3, 10, 
2: 10, 0, 10, 10, 1, 1, 0, 1, 10, 0, 0, 0, 0, 0, 10, 10, 10, 10, 5, 10, : 10, 10, 10, 1, 1, 1, 10, 10, 10, 10, 10, 5, 10, 
27: 10, 10, 0, 0, 10, 0, 10, 10, 0, 1, 0, 10, 0, 0, 10, 3, 0, 10, 10, 0, : 10, 10, 10, 10, 10, 1, 10, 10, 3, 10, 10, 
17: 0, 0, 10, 0, 10, 0, 10, 10, 0, 0, 0, 0, 0, 0, 0, 0, 10, 1, 0, 0, : 10, 10, 10, 10, 10, 1, 
7: 10, 10, 10, 10, 10, 0, 1, 10, 10, 10, 4, 5, 0, 10, 0, 10, 0, 0, 0, 10, : 10, 10, 10, 10, 10, 1, 10, 10, 10, 4, 5, 10, 10, 10, 
9: 0, 0, 10, 1, 10, 2, 0, 0, 10, 10, 10, 10, 10, 0, 0, 10, 10, 10, 0, 0, : 10, 1, 10, 2, 10, 10, 10, 10, 10, 10, 10, 10, 


