
20
200
95
10

111: 10, 10, 0, 0, 0, 10, 0, 10, 0, 0, 10, 10, 0, 0, 0, 10, 0, 3, 0, 0, : 10, 10, 10, 10, 10, 10, 10, 3, 
63: 0, 10, 0, 10, 0, 2, 4, 2, 0, 0, 1, 0, 0, 10, 10, 10, 0, 0, 0, 1, : 10, 10, 2, 4, 2, 1, 10, 10, 10, 1, 
3: 5, 10, 0, 10, 10, 10, 10, 10, 10, 10, 0, 0, 0, 0, 1, 0, 2, 0, 0, 2, : 5, 10, 10, 10, 10, 10, 10, 10, 10, 1, 2, 2, 
105: 10, 0, 10, 10, 10, 10, 1, 0, 0, 0, 0, 0, 1, 10, 10, 10, 10, 0, 10, 10, : 10, 10, 10, 10, 10, 1, 1, 10, 10, 10, 10, 10, 10, 
170: 0, 10, 0, 0, 0, 0, 10, 10, 10, 10, 0, 10, 0, 10, 10, 0, 0, 2, 0, 0, : 10, 10, 10, 10, 10, 10, 10, 10, 2, 
125: 0, 0, 0, 10, 0, 0, 10, 10, 0, 10, 10, 10, 10, 10, 0, 0, 0, 10, 0, 10, : 10, 10, 10, 10, 10, 10, 10, 10, 10, 10, 
7: 10, 2, 10, 10, 10, 0, 0, 10, 10, 0, 2, 0, 10, 10, 0, 10, 1, 10, 10, 10, : 10, 2, 10, 10, 10, 10, 10, 2, 10, 10, 10, 1, 10, 10, 10, 
90: 10, 10, 10, 0, 10, 10, 10, 0, 0, 0, 0, 10, 0, 0, 10, 10, 10, 10, 10, 0, : 10, 10, 10, 10, 10, 10, 10, 10, 10, 10, 10, 10, 
114: 10, 10, 1, 10, 10, 0, 0, 10, 10, 0, 10, 2, 10, 0, 0, 10, 10, 10, 10, 2, : 10, 10, 1, 10, 10, 10, 10, 10, 2, 10, 10, 10, 10, 10, 2, 
200: 10, 1, 10, 4, 3, 0, 0, 1, 10, 10, 10, 0, 0, 10, 10, 0, 10, 0, 0, 0, : 10, 1, 10, 4, 3, 1, 10, 10, 10, 10, 10, 10, 
149: 0, 2, 0, 0, 2, 0, 0, 0, 10, 5, 10, 2, 0, 4, 10, 0, 4, 10, 0, 10, : 2, 2, 10, 5, 10, 2, 4, 10, 4, 10, 10, 
49: 0, 0, 10, 0, 0, 10, 10, 0, 10, 5, 1, 10, 10, 0, 3, 1, 0, 10, 0, 10, : 10, 10, 10, 10, 5, 1, 10, 10, 3, 1, 10, 10, 
175: 0, 0, 10, 0, 10, 0, 0, 10, 0, 5, 9, 10, 10, 10, 10, 0, 8, 0, 16, 0, : 10, 10, 10, 5, 9, 10, 10, 10, 10, 8, 16, 
195: 0, 10, 10, 0, 0, 10, 10, 0, 0, 0, 10, 0, 0, 0, 10, 10, 0, 0, 10, 0, : 10, 10, 10, 10, 10, 10, 10, 10, 
28: 0, 0, 0, 10, 0, 10, 10, 0, 10, 0, 10, 10, 10, 0, 0, 0, 10, 0, 0, 0, : 10, 10, 10, 10, 10, 10, 10, 10, 
55: 0, 10, 10, 10, 0, 0, 0, 0, 3, 10, 2, 10, 10, 10, 10, 0, 10, 0, 10, 10, : 10, 10, 10, 3, 10, 2, 10, 10, 10, 10, 10, 10, 10, 
12: 10, 10, 10, 10, 0, 2, 0, 0, 10, 0, 10, 1, 10, 1, 0, 0, 0, 10, 0, 0, : 10, 10, 10, 10, 2, 10, 10, 1, 10, 1, 10, 
40: 10, 0, 3, 0, 10, 1, 10, 0, 1, 10, 0, 0, 3, 10, 1, 10, 0, 0, 10, 10, : 10, 3, 10, 1, 10, 1, 10, 3, 10, 1, 10, 10, 10, 
85: 0, 0, 1, 1, 10, 10, 0, 6, 1, 10, 0, 0, 10, 0, 0, 10, 10, 10, 9, 10, : 1, 1, 10, 10, 6, 1, 10, 10, 10, 10, 10, 9, 10, 
93: 10, 0, 0, 0, 10, 10, 10, 16, 0, 10, 0, 10, 1, 0, 0, 4, 10, 10, 0, 10, : 10, 10, 10, 10, 16, 10, 10, 1, 4, 10, 10, 10, 


116: 10, 0, 0, 7, 19, 0, 10, 10, 10, 13, 0, 0, 10, 0, 0, 0, 10, 10, 0, 10, : 10, 7, 19, 10, 10, 10, 13, 10, 10, 10, 10, 
159: 10, 0, 0, 10, 0, 1, 10, 0, 0, 0, 0, 2, 0, 10, 0, 10, 10, 0, 0, 10, : 10, 10, 1, 10, 2, 10, 10, 10, 10, 
57: 0, 0, 0, 0, 10, 10, 0, 0, 0, 0, 10, 1, 0, 0, 10, 10, 0, 0, 10, 10, : 10, 10, 10, 1, 10, 10, 10, 10, 
32: 1, 10, 10, 10, 1, 10, 0, 0, 10, 2, 10, 0, 10, 0, 10, 1, 10, 10, 5, 10, : 1, 10, 10, 10, 1, 10, 10, 2, 10, 10, 10, 1, 10, 10, 5, 10, 
83: 10, 10, 0, 10, 0, 0, 0, 0, 10, 10, 3, 0, 1, 0, 0, 0, 10, 1, 10, 0, : 10, 10, 10, 10, 10, 3, 1, 10, 1, 10, 
152: 10, 10, 0, 10, 10, 10, 5, 10, 0, 10, 2, 10, 0, 10, 1, 0, 0, 0, 10, 0, : 10, 10, 10, 10, 10, 5, 10, 10, 2, 10, 10, 1, 10, 
130: 10, 0, 10, 1, 10, 10, 0, 0, 0, 10, 10, 10, 10, 10, 10, 0, 0, 0, 0, 0, : 10, 10, 1, 10, 10, 10, 10, 10, 10, 10, 10, 
120: 0, 0, 10, 1, 1, 0, 10, 10, 0, 0, 10, 0, 0, 0, 10, 10, 0, 0, 10, 5, : 10, 1, 1, 10, 10, 10, 10, 10, 10, 5, 
146: 0, 0, 0, 1, 0, 10, 0, 0, 10, 0, 0, 10, 10, 10, 10, 4, 10, 10, 0, 10, : 1, 10, 10, 10, 10, 10, 10, 4, 10, 10, 10, 
77: 2, 0, 10, 0, 10, 10, 0, 10, 5, 0, 10, 0, 0, 0, 10, 10, 10, 10, 0, 10, : 2, 10, 10, 10, 10, 5, 10, 10, 10, 10, 10, 10, 
87: 0, 0, 0, 0, 10, 10, 10, 10, 10, 10, 10, 10, 1, 0, 2, 10, 5, 10, 10, 0, : 10, 10, 10, 10, 10, 10, 10, 10, 1, 2, 10, 5, 10, 10, 
48: 0, 7, 10, 0, 0, 10, 10, 10, 10, 0, 0, 0, 0, 0, 10, 0, 0, 10, 10, 10, : 7, 10, 10, 10, 10, 10, 10, 10, 10, 10, 
124: 10, 10, 0, 5, 0, 3, 0, 1, 0, 10, 0, 0, 10, 10, 2, 10, 0, 1, 0, 10, : 10, 10, 5, 3, 1, 10, 10, 10, 2, 10, 1, 10, 
27: 0, 10, 0, 0, 0, 0, 0, 10, 0, 0, 10, 10, 3, 10, 0, 0, 10, 0, 0, 0, : 10, 10, 10, 10, 3, 10, 10, 
25: 10, 10, 4, 10, 10, 10, 10, 0, 0, 10, 10, 10, 10, 0, 0, 0, 10, 10, 0, 0, : 10, 10, 4, 10, 10, 10, 10, 10, 10, 10, 10, 10, 10, 
67: 1, 6, 10, 0, 0, 0, 10, 0, 10, 10, 0, 0, 10, 10, 0, 0, 10, 10, 10, 0, : 1, 6, 10, 10, 10, 10, 10, 10, 10, 10, 10, 
74: 10, 2, 10, 10, 0, 0, 0, 16, 0, 0, 0, 3, 0, 0, 10, 10, 0, 0, 0, 0, : 10, 2, 10, 10, 16, 3, 10, 10, 
45: 0, 0, 10, 10, 10, 0, 10, 4, 10, 0, 0, 0, 10, 10, 0, 10, 0, 0, 10, 10, : 10, 10, 10, 10, 4, 10, 10, 10, 10, 10, 10, 
144: 10, 10, 10, 0, 0, 1, 0, 3, 0, 10, 10, 19, 10, 5, 10, 10, 0, 10, 0, 0, : 10, 10, 10, 1, 3, 10, 10, 19, 10, 5, 10, 10, 10, 
36: 1, 10, 1, 10, 4, 0, 10, 1, 10, 0, 0, 10, 0, 10, 0, 0, 0, 3, 10, 0, : 1, 10, 1, 10, 4, 10, 1, 10, 10, 10, 3, 10, 


13: 0, 0, 0, 0, 10, 10, 0, 0, 10, 0, 0, 10, 0, 10, 10, 10, 3, 10, 0, 0, : 10, 10, 10, 10, 10, 10, 10, 3, 10, 
137: 10, 0, 0, 10, 10, 0, 10, 0, 10, 0, 0, 5, 6, 0, 10, 0, 1, 10, 0, 0, : 10, 10, 10, 10, 10, 5, 6, 10, 1, 10, 
193: 0, 0, 0, 0, 10, 0, 0, 10, 0, 1, 0, 0, 10, 0, 10, 0, 10, 10, 0, 0, : 10, 10, 1, 10, 10, 10, 10, 
52: 3, 10, 10, 10, 10, 10, 10, 0, 0, 0, 10, 0, 0, 10, 0, 0, 10, 10, 2, 0, : 3, 10, 10, 10, 10, 10, 10, 10, 10, 10, 10, 2, 
136: 0, 0, 0, 0, 10, 10, 10, 0, 10, 10, 0, 10, 0, 10, 0, 0, 1, 2, 3, 0, : 10, 10, 10, 10, 10, 10, 10, 1, 2, 3, 
69: 0, 0, 0, 10, 1, 10, 10, 5, 0, 0, 10, 10, 0, 10, 0, 10, 0, 0, 10, 10, : 10, 1, 10, 10, 5, 10, 10, 10, 10, 10, 10, 
109: 10, 0, 10, 10, 0, 3, 0, 10, 0, 10, 10, 0, 10, 0, 10, 10, 10, 10, 0, 0, : 10, 10, 10, 3, 10, 10, 10, 10, 10, 10, 10, 10, 
190: 1, 10, 10, 10, 0, 10, 2, 0, 10, 0, 0, 10, 10, 0, 10, 0, 10, 0, 10, 5, : 1, 10, 10, 10, 10, 2, 10, 10, 10, 10, 10, 10, 5, 
191: 10, 0, 3, 0, 0, 0, 1, 0, 10, 10, 10, 10, 0, 10, 0, 10, 0, 10, 10, 0, : 10, 3, 1, 10, 10, 10, 10, 10, 10, 10, 10, 
172: 11, 10, 0, 0, 10, 10, 10, 10, 10, 10, 0, 10, 0, 10, 10, 0, 0, 0, 10, 10, : 11, 10, 10, 10, 10, 10, 10, 10, 10, 10, 10, 10, 10, 
34: 0, 10, 2, 0, 10, 0, 0, 0, 0, 10, 10, 10, 3, 10, 4, 0, 0, 0, 10, 0, : 10, 2, 10, 10, 10, 10, 3, 10, 4, 10, 
179: 10, 10, 10, 10, 0, 0, 0, 10, 1, 0, 1, 2, 10, 10, 10, 10, 0, 0, 0, 10, : 10, 10, 10, 10, 10, 1, 1, 2, 10, 10, 10, 10, 10, 
54: 0, 3, 0, 1, 1, 10, 10, 0, 0, 1, 10, 0, 10, 0, 0, 10, 0, 0, 10, 10, : 3, 1, 1, 10, 10, 1, 10, 10, 10, 10, 10, 
132: 0, 0, 10, 10, 0, 10, 0, 0, 0, 3, 10, 10, 0, 4, 0, 1, 10, 3, 0, 10, : 10, 10, 10, 3, 10, 10, 4, 1, 10, 3, 10, 
60: 10, 0, 4, 10, 2, 0, 10, 10, 10, 10, 0, 0, 0, 0, 0, 0, 0, 0, 0, 0, : 10, 4, 10, 2, 10, 10, 10, 10, 
139: 0, 10, 0, 1, 0, 1, 0, 10, 4, 0, 10, 0, 15, 1, 10, 4, 10, 0, 0, 10, : 10, 1, 1, 10, 4, 10, 15, 1, 10, 4, 10, 10, 
178: 0, 2, 6, 10, 10, 0, 1, 10, 10, 10, 0, 0, 1, 10, 0, 0, 10, 0, 10, 0, : 2, 6, 10, 10, 1, 10, 10, 10, 1, 10, 10, 10, 
89: 10, 10, 10, 3, 1, 10, 1, 10, 0, 10, 10, 0, 0, 0, 0, 10, 10, 10, 0, 10, : 10, 10, 10, 3, 1, 10, 1, 10, 10, 10, 10, 10, 10, 10, 
82: 10, 10, 10, 0, 10, 1, 10, 0, 0, 0, 0, 8, 10, 0, 1, 10, 10, 10, 10, 10, : 10, 10, 10, 10, 1, 10, 8, 10, 1, 10, 10, 10, 10, 10, 
99: 10, 10, 10, 0, 0, 0, 10, 10, 10, 10, 4, 0, 10, 0, 10, 10, 0, 10, 10, 10, : 10, 10, 10, 10, 10, 10, 10, 4, 10, 10, 10, 10, 10, 10, 


141: 0, 10, 0, 0, 10, 1, 10, 0, 10, 1, 0, 4, 10, 0, 0, 10, 10, 1, 10, 0, : 10, 10, 1, 10, 10, 1, 4, 10, 10, 10, 1, 10, 
70: 10, 0, 10, 10, 10, 10, 10, 10, 10, 1, 10, 0, 0, 0, 0, 10, 2, 10, 0, 10, : 10, 10, 10, 10, 10, 10, 10, 10, 1, 10, 10, 2, 10, 10, 
122: 10, 4, 10, 0, 10, 10, 10, 20, 10, 0, 2, 0, 0, 10, 0, 1, 0, 10, 10, 10, : 10, 4, 10, 10, 10, 10, 20, 10, 2, 10, 1, 10, 10, 10, 
91: 1, 0, 4, 0, 10, 0, 10, 10, 3, 0, 10, 10, 0, 0, 0, 10, 0, 10, 0, 0, : 1, 4, 10, 10, 10, 3, 10, 10, 10, 10, 
31: 10, 10, 0, 10, 10, 10, 0, 0, 0, 0, 0, 0, 10, 0, 10, 2, 0, 1, 0, 10, : 10, 10, 10, 10, 10, 10, 10, 2, 1, 10, 
43: 10, 10, 0, 0, 0, 0, 0, 0, 0, 0, 10, 0, 10, 1, 10, 0, 10, 0, 0, 0, : 10, 10, 10, 10, 1, 10, 10, 
143: 0, 0, 10, 10, 0, 4, 10, 0, 2, 0, 10, 0, 0, 10, 1, 10, 10, 10, 10, 10, : 10, 10, 4, 10, 2, 10, 10, 1, 10, 10, 10, 10, 10, 
112: 0, 10, 0, 2, 0, 10, 2, 10, 10, 1, 0, 10, 10, 10, 0, 0, 0, 0, 10, 10, : 10, 2, 10, 2, 10, 10, 1, 10, 10, 10, 10, 10, 
11: 1, 10, 0, 0, 1, 10, 2, 5, 10, 10, 0, 0, 0, 3, 10, 0, 10, 0, 0, 2, : 1, 10, 1, 10, 2, 5, 10, 10, 3, 10, 10, 2, 
23: 10, 10, 0, 1, 10, 0, 0, 10, 10, 0, 10, 10, 4, 10, 10, 0, 0, 10, 10, 10, : 10, 10, 1, 10, 10, 10, 10, 10, 4, 10, 10, 10, 10, 10, 
148: 0, 0, 10, 2, 0, 0, 0, 0, 0, 0, 0, 10, 10, 10, 0, 10, 10, 0, 10, 10, : 10, 2, 10, 10, 10, 10, 10, 10, 10, 
108: 10, 10, 0, 10, 10, 0, 10, 0, 10, 10, 0, 0, 10, 0, 3, 0, 10, 0, 0, 10, : 10, 10, 10, 10, 10, 10, 10, 10, 3, 10, 10, 
142: 10, 0, 10, 10, 0, 10, 0, 10, 0, 10, 1, 10, 10, 10, 10, 10, 0, 0, 0, 0, : 10, 10, 10, 10, 10, 10, 1, 10, 10, 10, 10, 10, 
19: 0, 0, 0, 10, 10, 0, 0, 0, 10, 10, 0, 10, 10, 10, 10, 1, 10, 1, 10, 0, : 10, 10, 10, 10, 10, 10, 10, 10, 1, 10, 1, 10, 
118: 0, 10, 0, 0, 10, 0, 0, 10, 0, 2, 2, 10, 0, 0, 0, 10, 0, 0, 4, 0, : 10, 10, 10, 2, 2, 10, 10, 4, 
169: 10, 1, 10, 10, 3, 0, 10, 0, 0, 10, 10, 0, 0, 0, 10, 1, 2, 10, 10, 0, : 10, 1, 10, 10, 3, 10, 10, 10, 10, 1, 2, 10, 10, 
26: 0, 0, 1, 10, 0, 0, 10, 0, 0, 10, 10, 0, 1, 10, 1, 10, 10, 10, 10, 10, : 1, 10, 10, 10, 10, 1, 10, 1, 10, 10, 10, 10, 10, 
88: 10, 10, 10, 0, 1, 10, 1, 10, 0, 10, 10, 1, 0, 1, 10, 10, 0, 10, 0, 0, : 10, 10, 10, 1, 10, 1, 10, 10, 10, 1, 1, 10, 10, 10, 
95: 0, 0, 10, 10, 0, 10, 10, 0, 0, 10, 10, 10, 0, 10, 10, 0, 1, 2, 1, 0, : 10, 10, 10, 10, 10, 10, 10, 10, 10, 1, 2, 1, 
53: 3, 0, 10, 0, 0, 10, 0, 0, 10, 10, 0, 10, 10, 0, 0, 0, 10, 10, 0, 3, : 3, 10, 10, 10, 10, 10, 10, 10, 10, 3, 


155: 10, 0, 10, 0, 0, 16, 10, 10, 0, 0, 10, 3, 0, 1, 0, 0, 1, 0, 0, 3, : 10, 10, 16, 10, 10, 10, 3, 1, 1, 3, 
92: 0, 0, 0, 10, 0, 0, 0, 10, 10, 10, 3, 0, 0, 10, 3, 0, 0, 10, 10, 10, : 10, 10, 10, 10, 3, 10, 3, 10, 10, 10, 
44: 10, 10, 10, 0, 10, 10, 10, 0, 0, 0, 1, 10, 0, 10, 0, 2, 0, 0, 10, 0, : 10, 10, 10, 10, 10, 10, 1, 10, 10, 2, 10, 
168: 0, 0, 0, 10, 10, 10, 8, 10, 10, 10, 0, 2, 0, 0, 1, 10, 6, 1, 0, 10, : 10, 10, 10, 8, 10, 10, 10, 2, 1, 10, 6, 1, 10, 
126: 10, 0, 0, 10, 10, 10, 10, 10, 10, 10, 0, 10, 10, 0, 0, 0, 10, 10, 2, 0, : 10, 10, 10, 10, 10, 10, 10, 10, 10, 10, 10, 10, 2, 
166: 0, 10, 0, 10, 0, 0, 1, 10, 10, 10, 1, 10, 1, 0, 0, 10, 0, 10, 0, 10, : 10, 10, 1, 10, 10, 10, 1, 10, 1, 10, 10, 10, 
161: 0, 10, 2, 10, 10, 0, 10, 10, 10, 0, 10, 10, 0, 0, 0, 0, 10, 0, 0, 10, : 10, 2, 10, 10, 10, 10, 10, 10, 10, 10, 10, 
66: 0, 10, 0, 10, 10, 10, 1, 0, 10, 10, 10, 0, 10, 10, 1, 10, 0, 0, 3, 10, : 10, 10, 10, 10, 1, 10, 10, 10, 10, 10, 1, 10, 3, 10, 
150: 10, 5, 0, 0, 10, 0, 0, 0, 0, 10, 0, 0, 10, 0, 0, 0, 0, 10, 10, 0, : 10, 5, 10, 10, 10, 10, 10, 
140: 5, 6, 10, 0, 3, 10, 2, 1, 10, 10, 10, 0, 1, 10, 10, 10, 1, 10, 0, 0, : 5, 6, 10, 3, 10, 2, 1, 10, 10, 10, 1, 10, 10, 10, 1, 10, 
186: 10, 0, 0, 10, 0, 9, 10, 0, 0, 0, 10, 0, 0, 0, 0, 0, 16, 0, 10, 0, : 10, 10, 9, 10, 10, 16, 10, 
199: 0, 0, 0, 0, 0, 0, 0, 0, 1, 10, 10, 10, 0, 10, 0, 10, 0, 10, 10, 0, : 1, 10, 10, 10, 10, 10, 10, 10, 
37: 10, 14, 10, 1, 1, 10, 10, 0, 0, 0, 0, 10, 14, 0, 10, 10, 10, 10, 0, 0, : 10, 14, 10, 1, 1, 10, 10, 10, 14, 10, 10, 10, 10, 
71: 10, 0, 10, 0, 0, 0, 10, 3, 0, 0, 0, 0, 10, 0, 10, 0, 0, 10, 0, 10, : 10, 10, 10, 3, 10, 10, 10, 10, 
56: 0, 10, 0, 3, 1, 0, 0, 0, 0, 0, 0, 0, 0, 10, 10, 10, 10, 0, 10, 10, : 10, 3, 1, 10, 10, 10, 10, 10, 10, 
22: 10, 0, 10, 10, 0, 0, 3, 10, 10, 0, 10, 10, 10, 0, 10, 0, 10, 0, 0, 2, : 10, 10, 10, 3, 10, 10, 10, 10, 10, 10, 10, 2, 
154: 0, 10, 3, 0, 10, 0, 0, 1, 0, 0, 0, 10, 10, 10, 10, 10, 10, 10, 0, 0, : 10, 3, 10, 1, 10, 10, 10, 10, 10, 10, 10, 
181: 0, 0, 10, 10, 10, 10, 0, 0, 2, 0, 10, 0, 5, 4, 10, 3, 0, 0, 10, 10, : 10, 10, 10, 10, 2, 10, 5, 4, 10, 3, 10, 10, 
196: 10, 0, 10, 0, 0, 0, 10, 10, 2, 10, 10, 0, 10, 10, 10, 0, 10, 3, 10, 0, : 10, 10, 10, 10, 2, 10, 10, 10, 10, 10, 10, 3, 10, 
101: 0, 10, 10, 1, 10, 0, 0, 10, 10, 5, 0, 10, 4, 10, 10, 10, 1, 1, 10, 10, : 10, 10, 1, 10, 10, 10, 5, 10, 4, 10, 10, 10, 1, 1, 10, 10, 


135: 10, 10, 0, 10, 0, 0, 10, 3, 10, 10, 10, 10, 0, 1, 10, 10, 10, 10, 1, 0, : 10, 10, 10, 10, 3, 10, 10, 10, 10, 1, 10, 10, 10, 10, 1, 
164: 10, 2, 10, 10, 0, 5, 3, 10, 10, 0, 0, 3, 10, 0, 10, 0, 10, 10, 7, 0, : 10, 2, 10, 10, 5, 3, 10, 10, 3, 10, 10, 10, 10, 7, 
20: 10, 1, 10, 0, 10, 0, 10, 0, 0, 0, 10, 10, 10, 10, 10, 10, 0, 10, 0, 10, : 10, 1, 10, 10, 10, 10, 10, 10, 10, 10, 10, 10, 10, 
21: 3, 10, 10, 0, 0, 10, 10, 0, 0, 0, 0, 0, 7, 0, 2, 0, 10, 2, 10, 0, : 3, 10, 10, 10, 10, 7, 2, 10, 2, 10, 
128: 0, 10, 0, 2, 0, 0, 0, 10, 0, 0, 6, 0, 0, 10, 10, 10, 10, 0, 10, 0, : 10, 2, 10, 6, 10, 10, 10, 10, 10, 
9: 1, 0, 0, 10, 10, 0, 0, 0, 10, 10, 0, 10, 0, 10, 1, 0, 2, 10, 10, 10, : 1, 10, 10, 10, 10, 10, 10, 1, 2, 10, 10, 10, 
97: 10, 10, 10, 0, 2, 10, 1, 10, 1, 0, 0, 10, 10, 0, 0, 10, 10, 0, 10, 10, : 10, 10, 10, 2, 10, 1, 10, 1, 10, 10, 10, 10, 10, 10, 
145: 10, 0, 0, 10, 10, 10, 0, 0, 10, 0, 10, 1, 0, 0, 0, 0, 1, 0, 10, 3, : 10, 10, 10, 10, 10, 10, 1, 1, 10, 3, 
79: 0, 0, 10, 10, 10, 10, 10, 0, 0, 10, 0, 0, 0, 10, 0, 9, 0, 0, 0, 0, : 10, 10, 10, 10, 10, 10, 10, 9, 
189: 0, 2, 0, 1, 0, 0, 10, 10, 10, 0, 1, 4, 10, 10, 0, 0, 0, 0, 10, 0, : 2, 1, 10, 10, 10, 1, 4, 10, 10, 10, 
14: 0, 10, 10, 1, 10, 10, 10, 2, 10, 0, 0, 10, 0, 10, 10, 10, 10, 10, 0, 10, : 10, 10, 1, 10, 10, 10, 2, 10, 10, 10, 10, 10, 10, 10, 10, 
104: 0, 10, 10, 0, 10, 0, 10, 10, 0, 10, 6, 1, 5, 0, 10, 10, 10, 2, 6, 10, : 10, 10, 10, 10, 10, 10, 6, 1, 5, 10, 10, 10, 2, 6, 10, 
151: 10, 0, 0, 1, 0, 10, 0, 10, 0, 10, 10, 10, 0, 0, 10, 10, 0, 0, 0, 10, : 10, 1, 10, 10, 10, 10, 10, 10, 10, 10, 
115: 0, 0, 10, 10, 10, 10, 0, 0, 0, 10, 10, 0, 0, 0, 0, 0, 2, 10, 0, 0, : 10, 10, 10, 10, 10, 10, 2, 10, 
134: 0, 0, 0, 10, 0, 10, 10, 0, 10, 4, 10, 0, 10, 10, 0, 0, 0, 0, 0, 10, : 10, 10, 10, 10, 4, 10, 10, 10, 10, 
162: 10, 0, 0, 10, 10, 0, 0, 0, 0, 1, 10, 6, 10, 0, 10, 0, 0, 10, 0, 1, : 10, 10, 10, 1, 10, 6, 10, 10, 10, 1, 
117: 1, 10, 12, 0, 2, 10, 0, 10, 4, 0, 2, 0, 3, 10, 10, 0, 10, 1, 10, 1, : 1, 10, 12, 2, 10, 10, 4, 2, 3, 10, 10, 10, 1, 10, 1, 
80: 0, 10, 3, 0, 0, 0, 1, 10, 10, 10, 10, 0, 10, 0, 1, 14, 10, 10, 0, 10, : 10, 3, 1, 10, 10, 10, 10, 10, 1, 14, 10, 10, 10, 
107: 10, 0, 0, 0, 1, 0, 10, 10, 10, 10, 0, 10, 0, 4, 1, 0, 0, 0, 10, 10, : 10, 1, 10, 10, 10, 10, 10, 4, 1, 10, 10, 
156: 10, 10, 0, 10, 10, 0, 0, 0, 0, 10, 0, 10, 10, 10, 0, 2, 0, 10, 1, 0, : 10, 10, 10, 10, 10, 10, 10, 10, 2, 10, 1, 


187: 0, 10, 10, 0, 0, 0, 0, 0, 0, 10, 0, 10, 0, 10, 10, 0, 10, 0, 10, 10, : 10, 10, 10, 10, 10, 10, 10, 10, 10, 
17: 10, 10, 2, 0, 1, 10, 0, 10, 10, 0, 10, 10, 10, 0, 0, 0, 0, 10, 10, 15, : 10, 10, 2, 1, 10, 10, 10, 10, 10, 10, 10, 10, 15, 
133: 10, 5, 10, 1, 10, 0, 10, 0, 10, 0, 0, 0, 10, 0, 0, 10, 10, 10, 0, 10, : 10, 5, 10, 1, 10, 10, 10, 10, 10, 10, 10, 10, 
51: 0, 7, 0, 10, 0, 0, 10, 0, 2, 0, 10, 0, 0, 1, 18, 0, 3, 0, 10, 0, : 7, 10, 10, 2, 10, 1, 18, 3, 10, 
119: 10, 10, 10, 0, 9, 0, 0, 10, 0, 1, 0, 10, 10, 10, 10, 10, 10, 5, 10, 5, : 10, 10, 10, 9, 10, 1, 10, 10, 10, 10, 10, 10, 5, 10, 5, 
98: 0, 0, 10, 10, 10, 10, 10, 0, 10, 10, 10, 0, 0, 0, 10, 0, 10, 0, 10, 0, : 10, 10, 10, 10, 10, 10, 10, 10, 10, 10, 10, 
58: 0, 0, 10, 1, 0, 1, 2, 10, 4, 0, 10, 10, 0, 10, 0, 1, 10, 0, 10, 0, : 10, 1, 1, 2, 10, 4, 10, 10, 10, 1, 10, 10, 
113: 10, 10, 0, 0, 0, 10, 1, 0, 0, 10, 0, 0, 10, 0, 0, 1, 10, 0, 0, 10, : 10, 10, 10, 1, 10, 10, 1, 10, 10, 
102: 7, 0, 11, 0, 0, 10, 10, 10, 0, 0, 10, 0, 0, 10, 0, 16, 10, 0, 0, 0, : 7, 11, 10, 10, 10, 10, 10, 16, 10, 
81: 10, 0, 0, 0, 10, 14, 0, 10, 10, 0, 10, 10, 0, 0, 1, 3, 1, 10, 0, 0, : 10, 10, 14, 10, 10, 10, 10, 1, 3, 1, 10, 
42: 0, 10, 10, 10, 10, 10, 10, 0, 10, 0, 0, 0, 10, 10, 0, 10, 0, 10, 1, 0, : 10, 10, 10, 10, 10, 10, 10, 10, 10, 10, 10, 1, 
41: 6, 1, 10, 3, 7, 0, 0, 10, 0, 10, 0, 10, 10, 4, 10, 0, 0, 0, 1, 1, : 6, 1, 10, 3, 7, 10, 10, 10, 10, 4, 10, 1, 1, 
30: 10, 10, 2, 0, 2, 0, 10, 0, 19, 10, 0, 1, 0, 10, 0, 0, 0, 10, 10, 0, : 10, 10, 2, 2, 10, 19, 10, 1, 10, 10, 10, 
158: 0, 1, 10, 0, 0, 10, 0, 0, 0, 10, 14, 10, 0, 10, 0, 10, 1, 0, 0, 4, : 1, 10, 10, 10, 14, 10, 10, 10, 1, 4, 
173: 10, 10, 0, 10, 10, 10, 0, 5, 10, 10, 1, 1, 5, 0, 0, 0, 0, 10, 1, 10, : 10, 10, 10, 10, 10, 5, 10, 10, 1, 1, 5, 10, 1, 10, 
10: 0, 1, 0, 10, 10, 0, 10, 10, 0, 1, 0, 1, 10, 0, 10, 10, 0, 10, 1, 10, : 1, 10, 10, 10, 10, 1, 1, 10, 10, 10, 10, 1, 10, 
177: 0, 0, 0, 10, 0, 0, 2, 10, 0, 10, 0, 10, 0, 0, 6, 4, 10, 10, 10, 0, : 10, 2, 10, 10, 10, 6, 4, 10, 10, 10, 
180: 2, 0, 0, 10, 0, 10, 10, 0, 0, 3, 10, 10, 10, 10, 0, 0, 10, 0, 0, 10, : 2, 10, 10, 10, 3, 10, 10, 10, 10, 10, 10, 
4: 10, 10, 0, 10, 6, 0, 0, 0, 0, 0, 10, 2, 10, 10, 10, 10, 0, 0, 1, 0, : 10, 10, 10, 6, 10, 2, 10, 10, 10, 10, 1, 
103: 0, 0, 0, 10, 10, 0, 10, 10, 10, 10, 0, 0, 0, 0, 10, 10, 0, 10, 10, 10, : 10, 10, 10, 10, 10, 10, 10, 10, 10, 10, 10, 


2: 10, 2, 10, 10, 0, 10, 10, 0, 0, 10, 0, 5, 0, 0, 0, 0, 10, 10, 10, 10, : 10, 2, 10, 10, 10, 10, 10, 5, 10, 10, 10, 10, 
33: 0, 0, 0, 0, 10, 0, 10, 1, 2, 0, 10, 0, 10, 16, 10, 0, 10, 0, 10, 10, : 10, 10, 1, 2, 10, 10, 16, 10, 10, 10, 10, 
110: 10, 10, 10, 10, 0, 10, 10, 10, 0, 4, 0, 0, 5, 10, 0, 0, 10, 0, 10, 10, : 10, 10, 10, 10, 10, 10, 10, 4, 5, 10, 10, 10, 10, 
192: 0, 10, 7, 0, 0, 10, 0, 1, 10, 10, 10, 0, 0, 0, 0, 10, 10, 10, 0, 0, : 10, 7, 10, 1, 10, 10, 10, 10, 10, 10, 
62: 2, 10, 0, 10, 10, 10, 0, 10, 2, 10, 10, 10, 4, 5, 10, 0, 0, 10, 10, 0, : 2, 10, 10, 10, 10, 10, 2, 10, 10, 10, 4, 5, 10, 10, 10, 
6: 0, 10, 10, 0, 10, 10, 0, 10, 0, 1, 0, 0, 0, 0, 1, 10, 10, 0, 1, 10, : 10, 10, 10, 10, 10, 1, 1, 10, 10, 1, 10, 
72: 10, 3, 0, 10, 0, 10, 0, 0, 10, 0, 0, 0, 10, 0, 10, 10, 10, 10, 0, 0, : 10, 3, 10, 10, 10, 10, 10, 10, 10, 10, 
127: 0, 0, 13, 0, 10, 0, 0, 2, 0, 10, 5, 10, 10, 10, 10, 10, 10, 3, 10, 0, : 13, 10, 2, 10, 5, 10, 10, 10, 10, 10, 10, 3, 10, 
163: 2, 0, 10, 0, 10, 0, 0, 0, 0, 10, 0, 0, 0, 0, 10, 1, 0, 10, 10, 0, : 2, 10, 10, 10, 10, 1, 10, 10, 
182: 0, 0, 1, 0, 10, 10, 10, 10, 10, 10, 0, 0, 5, 0, 0, 0, 0, 2, 0, 10, : 1, 10, 10, 10, 10, 10, 10, 5, 2, 10, 
153: 10, 10, 0, 0, 10, 0, 10, 10, 10, 10, 0, 10, 0, 10, 10, 10, 0, 0, 0, 10, : 10, 10, 10, 10, 10, 10, 10, 10, 10, 10, 10, 10, 
46: 0, 10, 0, 10, 2, 0, 0, 10, 10, 10, 10, 0, 10, 1, 0, 0, 10, 0, 0, 10, : 10, 10, 2, 10, 10, 10, 10, 10, 1, 10, 10, 
174: 0, 10, 0, 10, 0, 4, 10, 10, 0, 0, 10, 10, 1, 0, 0, 4, 10, 10, 0, 2, : 10, 10, 4, 10, 10, 10, 10, 1, 4, 10, 10, 2, 
15: 10, 10, 0, 0, 2, 1, 0, 1, 10, 0, 10, 0, 10, 3, 0, 0, 3, 0, 0, 0, : 10, 10, 2, 1, 1, 10, 10, 10, 3, 3, 
171: 0, 0, 10, 0, 0, 10, 5, 0, 10, 0, 0, 10, 0, 0, 20, 10, 0, 0, 10, 10, : 10, 10, 5, 10, 10, 20, 10, 10, 10, 
198: 1, 0, 10, 5, 0, 10, 0, 0, 10, 10, 10, 0, 10, 10, 10, 0, 0, 0, 0, 10, : 1, 10, 5, 10, 10, 10, 10, 10, 10, 10, 10, 
138: 10, 0, 10, 10, 10, 0, 0, 0, 0, 0, 0, 10, 10, 10, 4, 10, 0, 10, 2, 0, : 10, 10, 10, 10, 10, 10, 10, 4, 10, 10, 2, 
78: 20, 0, 4, 10, 1, 0, 10, 0, 0, 0, 0, 10, 10, 0, 0, 0, 0, 10, 10, 0, : 20, 4, 10, 1, 10, 10, 10, 10, 10, 
100: 10, 10, 0, 0, 0, 0, 10, 10, 1, 0, 10, 10, 0, 10, 0, 10, 0, 10, 10, 0, : 10, 10, 10, 10, 1, 10, 10, 10, 10, 10, 10, 
94: 0, 0, 0, 10, 10, 0, 10, 10, 10, 0, 10, 10, 0, 10, 0, 10, 2, 0, 2, 3, : 10, 10, 10, 10, 10, 10, 10, 10, 10, 2, 2, 3, 


147: 10, 10, 0, 0, 1, 1, 0, 10, 10, 0, 0, 0, 0, 10, 10, 10, 3, 10, 10, 10, : 10, 10, 1, 1, 10, 10, 10, 10, 10, 3, 10, 10, 10, 
121: 10, 0, 10, 10, 0, 10, 7, 3, 13, 10, 12, 1, 0, 0, 10, 10, 10, 0, 10, 0, : 10, 10, 10, 10, 7, 3, 13, 10, 12, 1, 10, 10, 10, 10, 
73: 0, 0, 0, 0, 10, 0, 1, 10, 2, 0, 10, 10, 0, 10, 0, 10, 0, 10, 4, 9, : 10, 1, 10, 2, 10, 10, 10, 10, 10, 4, 9, 
167: 1, 10, 10, 0, 0, 0, 10, 10, 10, 5, 10, 1, 10, 0, 0, 0, 10, 0, 10, 0, : 1, 10, 10, 10, 10, 10, 5, 10, 1, 10, 10, 10, 
59: 2, 10, 0, 9, 10, 3, 10, 10, 10, 0, 0, 10, 0, 0, 3, 0, 0, 5, 0, 10, : 2, 10, 9, 10, 3, 10, 10, 10, 10, 3, 5, 10, 
64: 0, 10, 10, 10, 10, 0, 10, 10, 0, 0, 0, 0, 0, 0, 0, 0, 0, 20, 0, 0, : 10, 10, 10, 10, 10, 10, 20, 
129: 1, 10, 1, 0, 1, 10, 0, 10, 0, 0, 0, 0, 10, 10, 10, 10, 10, 0, 0, 2, : 1, 10, 1, 1, 10, 10, 10, 10, 10, 10, 10, 2, 
197: 10, 10, 10, 10, 3, 10, 0, 0, 0, 10, 3, 2, 10, 1, 1, 10, 0, 0, 1, 4, : 10, 10, 10, 10, 3, 10, 10, 3, 2, 10, 1, 1, 10, 1, 4, 
188: 0, 0, 10, 0, 0, 0, 0, 0, 10, 10, 0, 0, 0, 0, 10, 10, 10, 0, 0, 0, : 10, 10, 10, 10, 10, 10, 
160: 10, 0, 10, 10, 10, 0, 10, 10, 10, 0, 0, 16, 10, 14, 10, 10, 10, 0, 0, 10, : 10, 10, 10, 10, 10, 10, 10, 16, 10, 14, 10, 10, 10, 10, 
50: 0, 0, 0, 0, 0, 0, 6, 10, 0, 10, 0, 10, 10, 0, 0, 0, 0, 0, 0, 10, : 6, 10, 10, 10, 10, 10, 
35: 0, 10, 0, 10, 0, 10, 10, 2, 10, 0, 0, 0, 0, 0, 10, 5, 0, 0, 0, 0, : 10, 10, 10, 10, 2, 10, 10, 5, 
47: 0, 0, 10, 1, 0, 1, 10, 0, 10, 10, 10, 5, 10, 0, 10, 0, 2, 10, 10, 0, : 10, 1, 1, 10, 10, 10, 10, 5, 10, 10, 2, 10, 10, 
39: 10, 3, 4, 10, 0, 5, 1, 10, 0, 0, 10, 10, 10, 0, 8, 0, 0, 10, 10, 0, : 10, 3, 4, 10, 5, 1, 10, 10, 10, 10, 8, 10, 10, 
75: 10, 1, 10, 10, 10, 15, 0, 0, 0, 0, 0, 10, 10, 10, 0, 0, 10, 0, 10, 0, : 10, 1, 10, 10, 10, 15, 10, 10, 10, 10, 10, 
24: 10, 0, 0, 5, 10, 10, 10, 0, 0, 10, 10, 0, 1, 10, 3, 10, 10, 0, 10, 10, : 10, 5, 10, 10, 10, 10, 10, 1, 10, 3, 10, 10, 10, 10, 
38: 10, 10, 0, 0, 0, 10, 0, 0, 10, 10, 10, 0, 0, 10, 0, 0, 10, 0, 0, 10, : 10, 10, 10, 10, 10, 10, 10, 10, 10, 
185: 10, 1, 10, 10, 10, 0, 0, 0, 0, 0, 10, 10, 0, 10, 0, 0, 10, 10, 0, 0, : 10, 1, 10, 10, 10, 10, 10, 10, 10, 10, 
5: 1, 10, 0, 0, 10, 0, 10, 0, 0, 10, 10, 0, 10, 10, 0, 0, 0, 10, 10, 10, : 1, 10, 10, 10, 10, 10, 10, 10, 10, 10, 10, 
165: 0, 0, 0, 0, 10, 10, 0, 0, 0, 10, 0, 10, 4, 0, 10, 10, 0, 10, 10, 10, : 10, 10, 10, 10, 4, 10, 10, 10, 10, 10, 


76: 10, 1, 0, 10, 10, 10, 10, 10, 10, 0, 0, 10, 0, 10, 10, 10, 10, 10, 10, 0, : 10, 1, 10, 10, 10, 10, 10, 10, 10, 10, 10, 10, 10, 10, 10, 
8: 10, 1, 0, 0, 10, 10, 0, 10, 0, 0, 10, 10, 0, 10, 10, 0, 0, 0, 0, 0, : 10, 1, 10, 10, 10, 10, 10, 10, 10, 
68: 0, 10, 4, 10, 0, 10, 0, 0, 10, 0, 0, 2, 1, 0, 0, 10, 10, 0, 10, 10, : 10, 4, 10, 10, 10, 2, 1, 10, 10, 10, 10, 
1: 0, 10, 10, 0, 10, 10, 10, 10, 5, 0, 10, 0, 10, 0, 0, 0, 10, 10, 0, 0, : 10, 10, 10, 10, 10, 10, 5, 10, 10, 10, 10, 
184: 10, 3, 1, 10, 0, 10, 0, 0, 10, 0, 10, 0, 0, 0, 10, 0, 1, 10, 0, 10, : 10, 3, 1, 10, 10, 10, 10, 10, 1, 10, 10, 
176: 0, 0, 0, 0, 0, 0, 3, 0, 0, 3, 10, 10, 10, 10, 10, 0, 0, 10, 0, 0, : 3, 3, 10, 10, 10, 10, 10, 10, 
123: 2, 0, 10, 0, 10, 10, 0, 4, 0, 10, 10, 10, 0, 0, 10, 10, 0, 0, 0, 0, : 2, 10, 10, 10, 4, 10, 10, 10, 10, 10, 
18: 0, 10, 0, 0, 0, 0, 10, 0, 0, 10, 4, 0, 10, 10, 0, 10, 0, 10, 10, 1, : 10, 10, 10, 4, 10, 10, 10, 10, 10, 1, 
183: 10, 0, 0, 0, 0, 0, 0, 10, 10, 10, 0, 0, 0, 2, 0, 0, 10, 0, 4, 0, : 10, 10, 10, 10, 2, 10, 4, 
84: 10, 10, 0, 2, 0, 0, 0, 0, 10, 0, 10, 0, 10, 10, 1, 10, 0, 10, 10, 10, : 10, 10, 2, 10, 10, 10, 10, 1, 10, 10, 10, 10, 
96: 0, 10, 10, 0, 2, 0, 4, 1, 10, 1, 10, 10, 1, 3, 10, 10, 11, 10, 10, 10, : 10, 10, 2, 4, 1, 10, 1, 10, 10, 1, 3, 10, 10, 11, 10, 10, 10, 
131: 3, 0, 10, 0, 0, 10, 10, 0, 0, 1, 0, 0, 0, 0, 10, 10, 0, 1, 0, 10, : 3, 10, 10, 10, 1, 10, 10, 1, 10, 
157: 0, 0, 10, 10, 10, 10, 0, 0, 10, 10, 0, 13, 0, 0, 0, 0, 0, 0, 0, 10, : 10, 10, 10, 10, 10, 10, 13, 10, 
29: 0, 0, 10, 3, 10, 10, 18, 10, 0, 10, 10, 10, 0, 10, 1, 0, 1, 0, 10, 10, : 10, 3, 10, 10, 18, 10, 10, 10, 10, 10, 1, 1, 10, 10, 
194: 10, 10, 0, 10, 10, 4, 10, 0, 10, 0, 0, 0, 10, 0, 10, 10, 10, 4, 10, 2, : 10, 10, 10, 10, 4, 10, 10, 10, 10, 10, 10, 4, 10, 2, 
106: 0, 10, 0, 10, 0, 0, 0, 10, 0, 10, 1, 0, 10, 10, 2, 10, 10, 0, 0, 10, : 10, 10, 10, 10, 1, 10, 10, 2, 10, 10, 10, 
65: 0, 10, 10, 10, 10, 1, 0, 10, 0, 10, 10, 10, 3, 10, 0, 0, 10, 10, 10, 2, : 10, 10, 10, 10, 1, 10, 10, 10, 10, 3, 10, 10, 10, 10, 2, 
16: 10, 0, 10, 10, 0, 0, 10, 0, 10, 10, 0, 0, 10, 0, 1, 5, 10, 0, 10, 0, : 10, 10, 10, 10, 10, 10, 10, 1, 5, 10, 10, 
86: 10, 0, 0, 10, 3, 0, 10, 10, 0, 10, 0, 0, 10, 0, 0, 0, 0, 0, 1, 0, : 10, 10, 3, 10, 10, 10, 10, 1, 
61: 10, 10, 10, 0, 10, 0, 0, 10, 0, 0, 0, 10, 10, 10, 10, 0, 2, 10, 0, 10, : 10, 10, 10, 10, 10, 10, 10, 10, 10, 2, 10, 10, 


