
200
40
95
2

5: 10, 10, 10, 10, 7, 0, 10, 10, 10, 0, 10, 10, 1, 10, 0, 10, 0, 10, 0, 1, 2, 10, 10, 0, 10, 0, 0, 0, 10, 0, 0, 0, 10, 4, 0, 0, 10, 0, 0, 10, 10, 0, 0, 0, 10, 10, 1, 0, 1, 0, 0, 1, 10, 10, 10, 10, 0, 0, 10, 10, 10, 7, 10, 0, 10, 0, 19, 10, 0, 10, 4, 0, 10, 0, 10, 0, 10, 10, 3, 10, 10, 0, 0, 10, 10, 0, 0, 10, 10, 10, 0, 0, 3, 0, 9, 10, 4, 3, 10, 0, 10, 10, 10, 0, 0, 0, 0, 10, 0, 10, 2, 1, 0, 10, 0, 10, 10, 10, 0, 10, 10, 0, 3, 0, 10, 3, 3, 10, 10, 10, 10, 0, 0, 10, 0, 0, 10, 20, 10, 0, 10, 0, 4, 1, 2, 10, 0, 0, 0, 3, 10, 2, 2, 0, 10, 10, 10, 3, 10, 1, 10, 0, 1, 0, 10, 0, 10, 0, 0, 2, 0, 2, 0, 0, 10, 0, 10, 0, 10, 0, 10, 12, 0, 0, 7, 0, 10, 0, 0, 10, 10, 10, 10, 10, 10, 0, 0, 5, 10, 4, : 10, 10, 10, 10, 7, 10, 10, 10, 10, 10, 1, 10, 10, 10, 1, 2, 10, 10, 10, 10, 10, 4, 10, 10, 10, 10, 10, 1, 1, 1, 10, 10, 10, 10, 10, 10, 10, 7, 10, 10, 19, 10, 10, 4, 10, 10, 10, 10, 3, 10, 10, 10, 10, 10, 10, 10, 3, 9, 10, 4, 3, 10, 10, 10, 10, 10, 10, 2, 1, 10, 10, 10, 10, 10, 10, 3, 10, 3, 3, 10, 10, 10, 10, 10, 10, 20, 10, 10, 4, 1, 2, 10, 3, 10, 2, 2, 10, 10, 10, 3, 10, 1, 10, 1, 10, 10, 2, 2, 10, 10, 10, 10, 12, 7, 10, 10, 10, 10, 10, 10, 10, 5, 10, 4, 
33: 3, 10, 0, 0, 0, 10, 0, 0, 10, 0, 10, 1, 10, 10, 10, 10, 1, 0, 0, 10, 10, 10, 10, 10, 10, 10, 0, 3, 1, 10, 0, 6, 10, 1, 0, 10, 0, 0, 0, 10, 0, 0, 10, 10, 10, 2, 0, 10, 0, 0, 10, 10, 0, 10, 10, 10, 0, 10, 10, 10, 10, 0, 10, 0, 10, 0, 0, 10, 0, 3, 0, 6, 0, 0, 10, 10, 10, 10, 0, 10, 0, 0, 4, 10, 0, 10, 0, 0, 10, 1, 0, 3, 10, 10, 0, 8, 10, 10, 0, 10, 0, 3, 0, 0, 0, 10, 10, 10, 10, 10, 0, 10, 0, 10, 10, 10, 10, 3, 10, 10, 10, 1, 1, 0, 10, 10, 0, 0, 0, 0, 10, 0, 3, 0, 0, 2, 10, 10, 0, 10, 10, 10, 10, 10, 10, 0, 0, 10, 10, 0, 10, 0, 0, 10, 1, 0, 0, 0, 0, 10, 4, 10, 0, 10, 0, 10, 4, 10, 0, 10, 0, 12, 10, 10, 0, 0, 10, 0, 0, 1, 0, 10, 0, 10, 10, 2, 10, 0, 0, 10, 10, 0, 1, 0, 10, 0, 0, 0, 10, 10, : 3, 10, 10, 10, 10, 1, 10, 10, 10, 10, 1, 10, 10, 10, 10, 10, 10, 10, 3, 1, 10, 6, 10, 1, 10, 10, 10, 10, 10, 2, 10, 10, 10, 10, 10, 10, 10, 10, 10, 10, 10, 10, 10, 3, 6, 10, 10, 10, 10, 10, 4, 10, 10, 10, 1, 3, 10, 10, 8, 10, 10, 10, 3, 10, 10, 10, 10, 10, 10, 10, 10, 10, 10, 3, 10, 10, 10, 1, 1, 10, 10, 10, 3, 2, 10, 10, 10, 10, 10, 10, 10, 10, 10, 10, 10, 10, 1, 10, 4, 10, 10, 10, 4, 10, 10, 12, 10, 10, 10, 1, 10, 10, 10, 2, 10, 10, 10, 1, 10, 10, 10, 
3: 10, 10, 10, 0, 0, 0, 0, 10, 10, 0, 10, 1, 10, 0, 0, 0, 10, 10, 10, 10, 10, 10, 0, 10, 0, 10, 6, 10, 0, 0, 10, 10, 1, 6, 0, 10, 0, 10, 10, 0, 0, 10, 0, 0, 2, 0, 0, 0, 2, 10, 10, 0, 0, 10, 2, 10, 10, 0, 0, 1, 0, 10, 0, 10, 10, 10, 1, 10, 10, 0, 0, 10, 10, 3, 10, 10, 0, 0, 10, 2, 0, 4, 10, 0, 10, 0, 0, 10, 10, 10, 0, 0, 10, 0, 0, 10, 0, 0, 10, 10, 10, 0, 10, 10, 0, 10, 10, 3, 10, 2, 10, 0, 10, 0, 0, 0, 0, 10, 0, 10, 0, 10, 10, 0, 0, 1, 10, 10, 0, 2, 0, 0, 0, 0, 0, 0, 10, 0, 10, 0, 0, 0, 10, 10, 1, 10, 10, 0, 10, 10, 10, 0, 10, 10, 10, 0, 1, 10, 10, 0, 1, 4, 10, 0, 10, 0, 10, 10, 10, 10, 10, 10, 10, 10, 0, 10, 10, 10, 10, 10, 0, 10, 10, 0, 10, 10, 0, 14, 10, 10, 8, 0, 10, 1, 0, 10, 0, 0, 0, 1, : 10, 10, 10, 10, 10, 10, 1, 10, 10, 10, 10, 10, 10, 10, 10, 10, 6, 10, 10, 10, 1, 6, 10, 10, 10, 10, 2, 2, 10, 10, 10, 2, 10, 10, 1, 10, 10, 10, 10, 1, 10, 10, 10, 10, 3, 10, 10, 10, 2, 4, 10, 10, 10, 10, 10, 10, 10, 10, 10, 10, 10, 10, 10, 10, 3, 10, 2, 10, 10, 10, 10, 10, 10, 1, 10, 10, 2, 10, 10, 10, 10, 1, 10, 10, 10, 10, 10, 10, 10, 10, 1, 10, 10, 1, 4, 10, 10, 10, 10, 10, 10, 10, 10, 10, 10, 10, 10, 10, 10, 10, 10, 10, 10, 10, 14, 10, 10, 8, 10, 1, 10, 1, 
12: 3, 0, 0, 10, 0, 0, 0, 10, 10, 2, 0, 0, 0, 0, 5, 0, 1, 10, 0, 0, 10, 0, 10, 0, 0, 0, 0, 0, 10, 10, 5, 10, 0, 10, 10, 10, 0, 0, 5, 0, 10, 10, 0, 0, 10, 10, 10, 0, 10, 0, 10, 0, 0, 0, 0, 0, 0, 0, 10, 0, 2, 10, 0, 0, 0, 3, 0, 0, 0, 10, 0, 0, 10, 17, 10, 10, 0, 10, 10, 10, 0, 0, 10, 0, 1, 1, 10, 0, 1, 10, 10, 10, 10, 2, 19, 10, 0, 0, 0, 10, 0, 0, 0, 10, 10, 10, 0, 0, 4, 10, 0, 0, 0, 1, 10, 0, 10, 10, 10, 10, 0, 4, 10, 10, 10, 10, 0, 10, 10, 0, 0, 0, 10, 10, 0, 3, 0, 0, 3, 0, 0, 10, 0, 10, 0, 0, 10, 0, 0, 0, 11, 10, 0, 10, 10, 10, 10, 0, 0, 4, 0, 0, 0, 0, 0, 0, 10, 10, 0, 1, 1, 10, 1, 0, 0, 0, 1, 10, 3, 1, 10, 1, 10, 0, 2, 0, 0, 20, 10, 0, 10, 0, 0, 0, 0, 10, 0, 0, 10, 0, : 3, 10, 10, 10, 2, 5, 1, 10, 10, 10, 10, 10, 5, 10, 10, 10, 10, 5, 10, 10, 10, 10, 10, 10, 10, 10, 2, 10, 3, 10, 10, 17, 10, 10, 10, 10, 10, 10, 1, 1, 10, 1, 10, 10, 10, 10, 2, 19, 10, 10, 10, 10, 10, 4, 10, 1, 10, 10, 10, 10, 10, 4, 10, 10, 10, 10, 10, 10, 10, 10, 3, 3, 10, 10, 10, 11, 10, 10, 10, 10, 10, 4, 10, 10, 1, 1, 10, 1, 1, 10, 3, 1, 10, 1, 10, 2, 20, 10, 10, 10, 10, 
27: 0, 0, 10, 1, 0, 10, 10, 0, 0, 0, 0, 2, 10, 10, 0, 10, 10, 10, 10, 3, 0, 1, 10, 10, 4, 10, 10, 10, 10, 0, 0, 0, 0, 0, 7, 0, 0, 10, 0, 10, 10, 7, 10, 0, 0, 10, 1, 10, 3, 10, 3, 10, 1, 5, 10, 0, 0, 0, 2, 10, 10, 10, 4, 10, 10, 0, 0, 10, 0, 10, 10, 10, 10, 0, 10, 0, 0, 0, 2, 0, 10, 0, 0, 0, 0, 10, 0, 0, 0, 0, 10, 0, 0, 0, 10, 0, 10, 0, 0, 0, 10, 10, 10, 5, 0, 3, 10, 0, 0, 10, 10, 10, 10, 1, 0, 2, 10, 0, 10, 0, 1, 10, 10, 0, 0, 1, 10, 10, 0, 0, 10, 2, 10, 10, 0, 0, 1, 10, 0, 0, 10, 0, 0, 0, 10, 10, 0, 10, 0, 0, 0, 10, 0, 0, 0, 0, 10, 0, 0, 10, 10, 0, 10, 10, 10, 0, 10, 0, 10, 0, 0, 0, 0, 10, 0, 10, 10, 10, 0, 0, 10, 0, 0, 10, 10, 0, 0, 0, 1, 0, 1, 0, 10, 0, 10, 0, 0, 10, 10, 10, : 10, 1, 10, 10, 2, 10, 10, 10, 10, 10, 10, 3, 1, 10, 10, 4, 10, 10, 10, 10, 7, 10, 10, 10, 7, 10, 10, 1, 10, 3, 10, 3, 10, 1, 5, 10, 2, 10, 10, 10, 4, 10, 10, 10, 10, 10, 10, 10, 10, 2, 10, 10, 10, 10, 10, 10, 10, 10, 5, 3, 10, 10, 10, 10, 10, 1, 2, 10, 10, 1, 10, 10, 1, 10, 10, 10, 2, 10, 10, 1, 10, 10, 10, 10, 10, 10, 10, 10, 10, 10, 10, 10, 10, 10, 10, 10, 10, 10, 10, 10, 10, 1, 1, 10, 10, 10, 10, 10, 
31: 0, 0, 0, 0, 10, 12, 10, 0, 0, 10, 10, 10, 10, 10, 10, 0, 10, 0, 10, 10, 0, 0, 0, 10, 10, 10, 0, 10, 10, 0, 10, 10, 10, 10, 10, 10, 10, 10, 0, 10, 0, 10, 1, 10, 10, 0, 0, 10, 11, 10, 0, 10, 10, 10, 0, 0, 10, 10, 1, 0, 10, 10, 10, 10, 0, 0, 0, 0, 10, 2, 0, 0, 0, 0, 0, 0, 9, 4, 0, 0, 10, 10, 1, 10, 10, 10, 0, 0, 0, 10, 10, 10, 0, 0, 10, 11, 10, 10, 2, 2, 10, 0, 0, 10, 0, 0, 10, 6, 0, 0, 10, 0, 10, 10, 0, 10, 0, 10, 10, 0, 0, 0, 0, 10, 3, 10, 0, 0, 0, 0, 0, 1, 0, 0, 3, 10, 10, 0, 10, 10, 0, 0, 10, 10, 1, 0, 0, 1, 0, 10, 0, 10, 10, 10, 0, 10, 10, 10, 10, 0, 10, 0, 10, 10, 0, 0, 0, 0, 10, 10, 10, 0, 0, 10, 10, 10, 10, 0, 10, 10, 10, 0, 1, 10, 0, 10, 10, 10, 1, 10, 1, 10, 0, 0, 0, 10, 10, 10, 10, 0, : 10, 12, 10, 10, 10, 10, 10, 10, 10, 10, 10, 10, 10, 10, 10, 10, 10, 10, 10, 10, 10, 10, 10, 10, 10, 10, 10, 1, 10, 10, 10, 11, 10, 10, 10, 10, 10, 10, 1, 10, 10, 10, 10, 10, 2, 9, 4, 10, 10, 1, 10, 10, 10, 10, 10, 10, 10, 11, 10, 10, 2, 2, 10, 10, 10, 6, 10, 10, 10, 10, 10, 10, 10, 3, 10, 1, 3, 10, 10, 10, 10, 10, 10, 1, 1, 10, 10, 10, 10, 10, 10, 10, 10, 10, 10, 10, 10, 10, 10, 10, 10, 10, 10, 10, 10, 10, 1, 10, 10, 10, 10, 1, 10, 1, 10, 10, 10, 10, 10, 
40: 0, 10, 0, 10, 0, 0, 10, 3, 0, 10, 10, 10, 0, 10, 10, 0, 10, 0, 0, 0, 2, 0, 1, 0, 0, 10, 10, 0, 10, 0, 0, 10, 10, 0, 10, 0, 4, 0, 10, 10, 10, 10, 10, 0, 1, 0, 10, 3, 10, 10, 10, 0, 10, 0, 1, 5, 0, 0, 10, 10, 10, 0, 10, 10, 0, 0, 10, 0, 0, 0, 0, 0, 0, 0, 0, 2, 0, 1, 10, 10, 10, 10, 0, 10, 2, 10, 0, 10, 0, 1, 4, 10, 0, 0, 0, 0, 0, 2, 10, 10, 10, 0, 10, 0, 10, 2, 0, 0, 0, 10, 0, 10, 10, 10, 10, 0, 1, 10, 0, 10, 0, 0, 10, 10, 10, 10, 10, 10, 10, 10, 10, 10, 0, 0, 2, 10, 0, 0, 10, 10, 10, 0, 10, 10, 0, 10, 0, 10, 10, 0, 10, 7, 0, 0, 1, 10, 10, 10, 0, 10, 10, 0, 0, 0, 10, 10, 1, 0, 10, 0, 1, 0, 10, 2, 0, 10, 10, 2, 10, 0, 10, 0, 10, 5, 0, 0, 0, 0, 10, 2, 5, 10, 0, 1, 10, 0, 10, 0, 0, 10, : 10, 10, 10, 3, 10, 10, 10, 10, 10, 10, 2, 1, 10, 10, 10, 10, 10, 10, 4, 10, 10, 10, 10, 10, 1, 10, 3, 10, 10, 10, 10, 1, 5, 10, 10, 10, 10, 10, 10, 2, 1, 10, 10, 10, 10, 10, 2, 10, 10, 1, 4, 10, 2, 10, 10, 10, 10, 10, 2, 10, 10, 10, 10, 10, 1, 10, 10, 10, 10, 10, 10, 10, 10, 10, 10, 10, 10, 2, 10, 10, 10, 10, 10, 10, 10, 10, 10, 10, 7, 1, 10, 10, 10, 10, 10, 10, 10, 1, 10, 1, 10, 2, 10, 10, 2, 10, 10, 10, 5, 10, 2, 5, 10, 1, 10, 10, 10, 
39: 0, 0, 0, 10, 0, 3, 10, 0, 0, 10, 3, 0, 10, 0, 10, 10, 0, 10, 0, 0, 10, 10, 0, 1, 10, 0, 0, 0, 0, 10, 10, 2, 0, 4, 10, 10, 10, 2, 10, 0, 0, 0, 0, 10, 0, 0, 0, 0, 10, 0, 1, 10, 0, 10, 10, 10, 10, 10, 0, 10, 10, 0, 0, 5, 1, 10, 0, 0, 0, 10, 0, 10, 0, 10, 10, 10, 0, 10, 0, 10, 0, 10, 10, 0, 0, 3, 6, 0, 10, 10, 10, 10, 0, 0, 0, 0, 10, 10, 10, 10, 10, 0, 13, 0, 10, 2, 10, 0, 10, 0, 10, 10, 0, 0, 4, 10, 0, 0, 0, 0, 10, 0, 0, 10, 10, 0, 0, 10, 17, 13, 10, 10, 20, 10, 10, 0, 0, 0, 0, 0, 2, 10, 10, 10, 0, 10, 10, 0, 10, 0, 0, 0, 0, 10, 10, 12, 10, 0, 0, 5, 0, 10, 10, 10, 0, 10, 0, 10, 10, 0, 10, 10, 10, 0, 10, 4, 0, 10, 0, 10, 5, 0, 0, 10, 0, 10, 10, 0, 3, 0, 10, 10, 0, 3, 0, 15, 10, 0, 0, 0, : 10, 3, 10, 10, 3, 10, 10, 10, 10, 10, 10, 1, 10, 10, 10, 2, 4, 10, 10, 10, 2, 10, 10, 10, 1, 10, 10, 10, 10, 10, 10, 10, 10, 5, 1, 10, 10, 10, 10, 10, 10, 10, 10, 10, 10, 3, 6, 10, 10, 10, 10, 10, 10, 10, 10, 10, 13, 10, 2, 10, 10, 10, 10, 4, 10, 10, 10, 10, 10, 17, 13, 10, 10, 20, 10, 10, 2, 10, 10, 10, 10, 10, 10, 10, 10, 12, 10, 5, 10, 10, 10, 10, 10, 10, 10, 10, 10, 10, 4, 10, 10, 5, 10, 10, 10, 3, 10, 10, 3, 15, 10, 
17: 18, 0, 0, 10, 10, 10, 10, 10, 0, 0, 0, 10, 10, 0, 10, 10, 10, 8, 10, 10, 10, 10, 1, 10, 10, 0, 0, 0, 10, 3, 10, 0, 10, 10, 0, 0, 10, 1, 10, 10, 0, 10, 0, 0, 10, 0, 10, 10, 17, 4, 0, 0, 2, 0, 0, 0, 10, 4, 0, 0, 0, 0, 0, 0, 10, 10, 8, 1, 10, 0, 0, 10, 10, 0, 3, 4, 0, 0, 10, 3, 10, 0, 10, 0, 10, 0, 10, 1, 10, 0, 0, 10, 10, 0, 0, 1, 0, 0, 10, 1, 0, 10, 0, 0, 2, 0, 10, 8, 0, 0, 0, 10, 0, 0, 10, 13, 0, 0, 10, 10, 10, 10, 0, 10, 10, 10, 10, 2, 10, 0, 0, 10, 10, 1, 10, 0, 0, 0, 2, 10, 0, 0, 0, 0, 0, 10, 0, 10, 10, 10, 10, 10, 0, 0, 10, 10, 3, 10, 1, 10, 0, 10, 0, 10, 10, 10, 10, 0, 0, 10, 10, 10, 0, 10, 10, 0, 10, 1, 0, 0, 0, 0, 10, 0, 1, 10, 10, 0, 0, 0, 10, 4, 10, 10, 10, 5, 1, 10, 2, 10, : 18, 10, 10, 10, 10, 10, 10, 10, 10, 10, 10, 8, 10, 10, 10, 10, 1, 10, 10, 10, 3, 10, 10, 10, 10, 1, 10, 10, 10, 10, 10, 10, 17, 4, 2, 10, 4, 10, 10, 8, 1, 10, 10, 10, 3, 4, 10, 3, 10, 10, 10, 10, 1, 10, 10, 10, 1, 10, 1, 10, 2, 10, 8, 10, 10, 13, 10, 10, 10, 10, 10, 10, 10, 10, 2, 10, 10, 10, 1, 10, 2, 10, 10, 10, 10, 10, 10, 10, 10, 10, 3, 10, 1, 10, 10, 10, 10, 10, 10, 10, 10, 10, 10, 10, 10, 1, 10, 1, 10, 10, 10, 4, 10, 10, 10, 5, 1, 10, 2, 10, 
11: 0, 0, 0, 10, 10, 10, 0, 0, 10, 10, 10, 0, 10, 10, 0, 0, 10, 0, 10, 0, 0, 10, 0, 0, 10, 10, 0, 0, 0, 10, 0, 10, 0, 10, 7, 10, 0, 10, 10, 3, 5, 0, 0, 10, 0, 10, 1, 0, 0, 0, 0, 0, 10, 0, 10, 10, 0, 0, 1, 0, 0, 10, 10, 0, 10, 0, 10, 0, 10, 10, 0, 9, 10, 10, 0, 4, 0, 0, 10, 0, 14, 0, 0, 0, 0, 10, 0, 0, 0, 0, 0, 0, 0, 10, 0, 0, 0, 10, 0, 0, 0, 0, 10, 0, 10, 10, 0, 10, 0, 0, 10, 1, 10, 10, 0, 10, 0, 10, 10, 10, 2, 20, 0, 0, 0, 10, 10, 0, 0, 0, 10, 1, 0, 10, 0, 0, 0, 10, 0, 0, 1, 0, 0, 10, 10, 10, 10, 1, 1, 0, 0, 0, 10, 0, 10, 1, 0, 10, 0, 0, 10, 0, 0, 10, 10, 10, 10, 0, 10, 10, 10, 10, 10, 0, 0, 0, 1, 0, 10, 10, 10, 0, 0, 0, 10, 0, 10, 0, 10, 10, 0, 10, 0, 10, 5, 0, 0, 0, 0, 0, : 10, 10, 10, 10, 10, 10, 10, 10, 10, 10, 10, 10, 10, 10, 10, 10, 7, 10, 10, 10, 3, 5, 10, 10, 1, 10, 10, 10, 1, 10, 10, 10, 10, 10, 10, 9, 10, 10, 4, 10, 14, 10, 10, 10, 10, 10, 10, 10, 10, 1, 10, 10, 10, 10, 10, 10, 2, 20, 10, 10, 10, 1, 10, 10, 1, 10, 10, 10, 10, 1, 1, 10, 10, 1, 10, 10, 10, 10, 10, 10, 10, 10, 10, 10, 10, 1, 10, 10, 10, 10, 10, 10, 10, 10, 10, 5, 
24: 0, 10, 0, 1, 0, 0, 4, 10, 0, 10, 0, 10, 0, 10, 0, 10, 10, 10, 1, 10, 0, 1, 0, 0, 1, 0, 10, 10, 0, 0, 0, 0, 10, 0, 0, 0, 0, 2, 0, 0, 10, 0, 10, 1, 0, 0, 10, 10, 0, 0, 0, 0, 10, 0, 10, 0, 10, 10, 0, 0, 10, 10, 0, 10, 0, 1, 0, 10, 10, 0, 0, 0, 10, 10, 0, 0, 0, 0, 0, 0, 0, 10, 0, 10, 0, 0, 8, 0, 10, 0, 10, 0, 10, 10, 9, 10, 10, 10, 10, 0, 0, 10, 1, 10, 10, 0, 0, 10, 10, 10, 0, 0, 0, 10, 10, 0, 2, 0, 11, 0, 10, 0, 0, 10, 0, 0, 10, 1, 7, 10, 0, 10, 4, 1, 0, 10, 3, 4, 0, 10, 10, 10, 10, 0, 10, 10, 0, 3, 0, 0, 10, 10, 10, 0, 10, 1, 0, 10, 0, 10, 0, 0, 10, 10, 0, 0, 0, 0, 0, 0, 10, 1, 10, 0, 2, 0, 10, 10, 0, 5, 0, 10, 6, 10, 0, 0, 2, 10, 0, 0, 10, 10, 3, 17, 10, 0, 0, 10, 10, 10, : 10, 1, 4, 10, 10, 10, 10, 10, 10, 10, 1, 10, 1, 1, 10, 10, 10, 2, 10, 10, 1, 10, 10, 10, 10, 10, 10, 10, 10, 10, 1, 10, 10, 10, 10, 10, 10, 8, 10, 10, 10, 10, 9, 10, 10, 10, 10, 10, 1, 10, 10, 10, 10, 10, 10, 10, 2, 11, 10, 10, 10, 1, 7, 10, 10, 4, 1, 10, 3, 4, 10, 10, 10, 10, 10, 10, 3, 10, 10, 10, 10, 1, 10, 10, 10, 10, 10, 1, 10, 2, 10, 10, 5, 10, 6, 10, 2, 10, 10, 10, 3, 17, 10, 10, 10, 10, 
20: 10, 7, 10, 10, 10, 10, 10, 0, 10, 0, 10, 0, 10, 10, 0, 0, 0, 0, 10, 1, 1, 0, 10, 1, 10, 5, 0, 0, 0, 10, 10, 10, 10, 10, 0, 10, 10, 10, 0, 0, 10, 8, 0, 10, 0, 0, 0, 10, 1, 0, 10, 2, 0, 0, 10, 10, 0, 10, 0, 0, 0, 3, 0, 10, 0, 17, 0, 10, 5, 0, 10, 0, 4, 4, 0, 0, 10, 10, 0, 10, 1, 0, 0, 0, 0, 1, 10, 10, 10, 10, 0, 0, 0, 1, 0, 0, 10, 0, 10, 0, 4, 10, 0, 0, 10, 0, 0, 0, 1, 10, 0, 1, 1, 10, 0, 0, 2, 0, 0, 10, 10, 10, 10, 10, 0, 0, 0, 10, 0, 10, 0, 1, 8, 10, 10, 0, 10, 0, 10, 10, 10, 0, 1, 0, 10, 0, 3, 10, 10, 10, 0, 0, 3, 0, 0, 0, 0, 1, 0, 10, 0, 0, 2, 0, 0, 16, 0, 0, 10, 10, 0, 0, 0, 10, 10, 10, 0, 10, 10, 0, 0, 10, 0, 10, 0, 10, 0, 0, 10, 0, 0, 0, 10, 2, 10, 0, 0, 10, 10, 10, : 10, 7, 10, 10, 10, 10, 10, 10, 10, 10, 10, 10, 1, 1, 10, 1, 10, 5, 10, 10, 10, 10, 10, 10, 10, 10, 10, 8, 10, 10, 1, 10, 2, 10, 10, 10, 3, 10, 17, 10, 5, 10, 4, 4, 10, 10, 10, 1, 1, 10, 10, 10, 10, 1, 10, 10, 4, 10, 10, 1, 10, 1, 1, 10, 2, 10, 10, 10, 10, 10, 10, 10, 1, 8, 10, 10, 10, 10, 10, 10, 1, 10, 3, 10, 10, 10, 3, 1, 10, 2, 16, 10, 10, 10, 10, 10, 10, 10, 10, 10, 10, 10, 10, 2, 10, 10, 10, 10, 
34: 1, 0, 3, 2, 0, 0, 0, 2, 0, 10, 1, 10, 0, 0, 10, 5, 1, 5, 2, 0, 0, 1, 0, 10, 0, 10, 10, 10, 10, 10, 10, 0, 10, 0, 1, 0, 1, 10, 0, 1, 10, 0, 0, 0, 10, 0, 10, 0, 0, 10, 0, 10, 0, 0, 0, 0, 10, 10, 10, 10, 10, 0, 10, 0, 0, 10, 0, 0, 0, 10, 10, 10, 0, 10, 10, 13, 10, 0, 0, 10, 10, 10, 10, 0, 10, 0, 0, 0, 0, 10, 0, 0, 10, 6, 0, 0, 0, 10, 0, 10, 0, 0, 10, 0, 10, 18, 0, 0, 0, 0, 1, 0, 0, 1, 10, 10, 10, 2, 0, 3, 0, 0, 0, 10, 0, 10, 10, 0, 0, 10, 0, 10, 0, 10, 20, 10, 0, 0, 0, 0, 1, 2, 0, 0, 0, 2, 10, 0, 0, 10, 0, 0, 10, 10, 0, 10, 0, 10, 10, 0, 10, 10, 0, 4, 0, 0, 0, 10, 1, 0, 10, 0, 10, 0, 0, 10, 2, 0, 0, 10, 0, 10, 12, 0, 0, 10, 0, 1, 10, 0, 10, 10, 1, 0, 0, 10, 10, 0, 10, 10, : 1, 3, 2, 2, 10, 1, 10, 10, 5, 1, 5, 2, 1, 10, 10, 10, 10, 10, 10, 10, 10, 1, 1, 10, 1, 10, 10, 10, 10, 10, 10, 10, 10, 10, 10, 10, 10, 10, 10, 10, 10, 10, 13, 10, 10, 10, 10, 10, 10, 10, 10, 6, 10, 10, 10, 10, 18, 1, 1, 10, 10, 10, 2, 3, 10, 10, 10, 10, 10, 10, 20, 10, 1, 2, 2, 10, 10, 10, 10, 10, 10, 10, 10, 10, 4, 10, 1, 10, 10, 10, 2, 10, 10, 12, 10, 1, 10, 10, 10, 1, 10, 10, 10, 10, 
4: 0, 18, 10, 0, 14, 0, 10, 10, 10, 0, 0, 10, 2, 0, 0, 10, 2, 10, 0, 10, 0, 10, 3, 10, 0, 0, 0, 10, 0, 10, 10, 2, 4, 10, 10, 0, 0, 10, 10, 10, 0, 0, 4, 4, 0, 1, 10, 10, 0, 10, 0, 10, 0, 0, 0, 10, 0, 1, 0, 0, 0, 0, 1, 0, 10, 1, 10, 0, 0, 0, 10, 10, 10, 0, 0, 0, 10, 10, 10, 0, 0, 10, 10, 5, 2, 10, 10, 10, 0, 0, 0, 5, 0, 0, 10, 10, 10, 0, 0, 0, 1, 1, 0, 10, 0, 0, 10, 0, 0, 10, 10, 10, 1, 0, 1, 10, 0, 0, 0, 1, 0, 10, 10, 0, 0, 10, 10, 10, 0, 10, 0, 0, 0, 0, 10, 0, 0, 0, 10, 10, 10, 10, 0, 0, 1, 0, 10, 0, 0, 10, 2, 10, 10, 0, 10, 1, 0, 0, 10, 0, 10, 10, 0, 0, 0, 0, 10, 2, 10, 0, 1, 10, 0, 0, 0, 0, 10, 0, 0, 0, 0, 0, 10, 0, 0, 10, 10, 10, 10, 3, 10, 10, 10, 10, 10, 10, 0, 0, 7, 0, : 18, 10, 14, 10, 10, 10, 10, 2, 10, 2, 10, 10, 10, 3, 10, 10, 10, 10, 2, 4, 10, 10, 10, 10, 10, 4, 4, 1, 10, 10, 10, 10, 10, 1, 1, 10, 1, 10, 10, 10, 10, 10, 10, 10, 10, 10, 5, 2, 10, 10, 10, 5, 10, 10, 10, 1, 1, 10, 10, 10, 10, 10, 1, 1, 10, 1, 10, 10, 10, 10, 10, 10, 10, 10, 10, 10, 10, 1, 10, 10, 2, 10, 10, 10, 1, 10, 10, 10, 10, 2, 10, 1, 10, 10, 10, 10, 10, 10, 10, 3, 10, 10, 10, 10, 10, 10, 7, 
8: 10, 10, 2, 10, 10, 10, 0, 10, 0, 0, 0, 0, 0, 10, 10, 0, 10, 0, 0, 10, 10, 0, 10, 0, 10, 0, 10, 0, 0, 0, 0, 0, 0, 0, 0, 1, 10, 0, 0, 0, 0, 10, 10, 0, 2, 10, 0, 0, 10, 10, 10, 10, 2, 10, 0, 0, 0, 10, 10, 0, 0, 10, 0, 10, 0, 10, 10, 0, 0, 0, 10, 0, 0, 10, 10, 10, 10, 10, 0, 10, 10, 0, 10, 10, 10, 0, 1, 10, 4, 2, 1, 0, 10, 0, 10, 0, 10, 0, 10, 0, 10, 10, 1, 10, 1, 10, 0, 10, 10, 0, 0, 2, 3, 1, 0, 0, 10, 0, 10, 0, 10, 10, 10, 0, 10, 10, 0, 0, 10, 0, 10, 10, 10, 1, 10, 10, 10, 10, 0, 0, 0, 10, 0, 0, 10, 1, 0, 0, 0, 10, 0, 3, 10, 0, 0, 0, 1, 1, 10, 0, 0, 10, 2, 0, 10, 10, 0, 10, 3, 2, 2, 10, 0, 0, 10, 1, 0, 2, 10, 0, 10, 10, 0, 10, 10, 10, 3, 0, 0, 0, 0, 0, 0, 1, 0, 2, 10, 0, 0, 10, : 10, 10, 2, 10, 10, 10, 10, 10, 10, 10, 10, 10, 10, 10, 10, 1, 10, 10, 10, 2, 10, 10, 10, 10, 10, 2, 10, 10, 10, 10, 10, 10, 10, 10, 10, 10, 10, 10, 10, 10, 10, 10, 10, 10, 1, 10, 4, 2, 1, 10, 10, 10, 10, 10, 10, 1, 10, 1, 10, 10, 10, 2, 3, 1, 10, 10, 10, 10, 10, 10, 10, 10, 10, 10, 10, 1, 10, 10, 10, 10, 10, 10, 1, 10, 3, 10, 1, 1, 10, 10, 2, 10, 10, 10, 3, 2, 2, 10, 10, 1, 2, 10, 10, 10, 10, 10, 10, 3, 1, 2, 10, 10, 
9: 10, 0, 10, 10, 10, 10, 0, 0, 0, 1, 0, 10, 0, 5, 0, 0, 0, 10, 0, 0, 0, 1, 10, 0, 0, 0, 0, 0, 0, 10, 0, 0, 0, 10, 0, 10, 10, 0, 0, 0, 0, 10, 10, 10, 0, 10, 2, 10, 0, 10, 0, 0, 10, 10, 10, 10, 5, 0, 10, 10, 0, 2, 10, 0, 10, 1, 0, 10, 10, 0, 10, 0, 1, 0, 0, 10, 10, 10, 10, 0, 0, 10, 0, 0, 0, 10, 10, 10, 0, 10, 10, 0, 0, 10, 1, 10, 0, 10, 0, 10, 0, 0, 0, 0, 10, 10, 10, 10, 10, 10, 10, 0, 0, 0, 10, 0, 10, 10, 10, 0, 10, 0, 0, 0, 0, 0, 0, 0, 0, 0, 10, 10, 0, 10, 0, 10, 10, 10, 10, 5, 0, 2, 0, 10, 10, 0, 1, 10, 0, 10, 10, 0, 10, 10, 0, 0, 0, 0, 10, 0, 0, 10, 10, 10, 0, 0, 0, 10, 0, 10, 0, 0, 3, 3, 3, 10, 0, 0, 0, 18, 10, 10, 1, 10, 0, 10, 0, 10, 10, 10, 0, 0, 10, 10, 0, 10, 4, 10, 0, 0, : 10, 10, 10, 10, 10, 1, 10, 5, 10, 1, 10, 10, 10, 10, 10, 10, 10, 10, 10, 2, 10, 10, 10, 10, 10, 10, 5, 10, 10, 2, 10, 10, 1, 10, 10, 10, 1, 10, 10, 10, 10, 10, 10, 10, 10, 10, 10, 10, 1, 10, 10, 10, 10, 10, 10, 10, 10, 10, 10, 10, 10, 10, 10, 10, 10, 10, 10, 10, 10, 10, 10, 5, 2, 10, 10, 1, 10, 10, 10, 10, 10, 10, 10, 10, 10, 10, 10, 3, 3, 3, 10, 18, 10, 10, 1, 10, 10, 10, 10, 10, 10, 10, 10, 4, 10, 
26: 0, 0, 10, 0, 4, 0, 10, 10, 0, 10, 10, 10, 10, 0, 0, 0, 0, 2, 10, 10, 0, 1, 10, 10, 0, 10, 10, 10, 3, 0, 10, 5, 0, 10, 10, 0, 0, 10, 10, 0, 0, 10, 0, 10, 10, 10, 0, 0, 10, 10, 10, 0, 10, 10, 0, 0, 0, 10, 10, 4, 0, 1, 0, 10, 0, 2, 10, 0, 10, 10, 10, 0, 10, 10, 0, 2, 1, 10, 10, 0, 0, 1, 10, 0, 10, 10, 0, 10, 0, 1, 10, 10, 10, 10, 7, 0, 0, 0, 0, 7, 0, 10, 10, 10, 0, 10, 1, 0, 0, 1, 1, 10, 10, 0, 0, 0, 0, 0, 0, 1, 10, 10, 10, 4, 10, 0, 1, 10, 0, 10, 1, 0, 0, 2, 0, 10, 10, 1, 10, 0, 10, 10, 10, 10, 0, 0, 1, 10, 10, 10, 10, 10, 0, 3, 1, 0, 10, 10, 4, 10, 10, 1, 10, 0, 10, 10, 10, 10, 1, 10, 0, 10, 10, 10, 10, 0, 1, 10, 0, 0, 0, 0, 10, 0, 10, 0, 10, 0, 0, 10, 0, 10, 10, 0, 10, 10, 10, 10, 0, 0, : 10, 4, 10, 10, 10, 10, 10, 10, 2, 10, 10, 1, 10, 10, 10, 10, 10, 3, 10, 5, 10, 10, 10, 10, 10, 10, 10, 10, 10, 10, 10, 10, 10, 10, 10, 4, 1, 10, 2, 10, 10, 10, 10, 10, 10, 2, 1, 10, 10, 1, 10, 10, 10, 10, 1, 10, 10, 10, 10, 7, 7, 10, 10, 10, 10, 1, 1, 1, 10, 10, 1, 10, 10, 10, 4, 10, 1, 10, 10, 1, 2, 10, 10, 1, 10, 10, 10, 10, 10, 1, 10, 10, 10, 10, 10, 3, 1, 10, 10, 4, 10, 10, 1, 10, 10, 10, 10, 10, 1, 10, 10, 10, 10, 10, 1, 10, 10, 10, 10, 10, 10, 10, 10, 10, 10, 10, 
29: 10, 10, 10, 0, 10, 10, 1, 0, 10, 2, 10, 0, 0, 0, 10, 10, 0, 0, 10, 0, 10, 10, 0, 0, 10, 10, 10, 10, 10, 0, 0, 10, 0, 0, 0, 4, 10, 0, 0, 1, 10, 0, 10, 10, 10, 10, 10, 0, 10, 0, 10, 10, 10, 0, 2, 10, 10, 10, 1, 10, 3, 0, 0, 10, 0, 10, 0, 14, 10, 10, 1, 10, 0, 0, 2, 0, 1, 0, 0, 0, 10, 10, 10, 10, 10, 10, 10, 4, 10, 0, 10, 7, 10, 10, 0, 1, 0, 10, 0, 10, 10, 10, 10, 0, 10, 0, 0, 10, 10, 2, 10, 10, 10, 10, 0, 10, 0, 10, 2, 0, 1, 0, 1, 10, 10, 0, 10, 1, 1, 0, 1, 0, 10, 0, 0, 10, 0, 0, 0, 10, 1, 1, 10, 0, 10, 0, 10, 0, 10, 0, 0, 10, 0, 10, 2, 10, 0, 0, 0, 10, 0, 0, 10, 0, 0, 0, 0, 3, 0, 0, 10, 0, 10, 10, 10, 0, 0, 10, 10, 0, 0, 0, 0, 10, 0, 0, 10, 0, 0, 10, 0, 0, 10, 0, 0, 1, 10, 10, 6, 0, : 10, 10, 10, 10, 10, 1, 10, 2, 10, 10, 10, 10, 10, 10, 10, 10, 10, 10, 10, 10, 4, 10, 1, 10, 10, 10, 10, 10, 10, 10, 10, 10, 10, 2, 10, 10, 10, 1, 10, 3, 10, 10, 14, 10, 10, 1, 10, 2, 1, 10, 10, 10, 10, 10, 10, 10, 4, 10, 10, 7, 10, 10, 1, 10, 10, 10, 10, 10, 10, 10, 10, 2, 10, 10, 10, 10, 10, 10, 2, 1, 1, 10, 10, 10, 1, 1, 1, 10, 10, 10, 1, 1, 10, 10, 10, 10, 10, 10, 2, 10, 10, 10, 3, 10, 10, 10, 10, 10, 10, 10, 10, 10, 10, 1, 10, 10, 6, 
1: 0, 0, 10, 1, 0, 0, 0, 10, 5, 10, 1, 0, 0, 0, 0, 0, 10, 0, 2, 0, 10, 10, 0, 10, 0, 0, 10, 10, 1, 2, 10, 10, 10, 0, 10, 10, 0, 0, 10, 10, 0, 0, 10, 10, 10, 10, 10, 10, 0, 0, 1, 2, 10, 10, 10, 0, 10, 0, 0, 0, 0, 10, 10, 0, 4, 0, 16, 0, 10, 10, 10, 10, 0, 10, 0, 0, 14, 0, 0, 10, 0, 10, 0, 10, 10, 0, 10, 10, 0, 10, 0, 10, 2, 10, 10, 10, 10, 10, 0, 5, 10, 10, 0, 10, 0, 0, 4, 0, 10, 0, 1, 0, 10, 1, 10, 0, 10, 10, 0, 10, 1, 0, 0, 0, 2, 0, 1, 1, 10, 10, 3, 10, 10, 0, 10, 0, 10, 10, 10, 10, 0, 10, 0, 3, 0, 2, 10, 10, 4, 2, 2, 0, 10, 10, 0, 0, 10, 0, 10, 5, 10, 10, 10, 1, 5, 9, 0, 10, 10, 0, 10, 0, 0, 10, 10, 10, 0, 10, 10, 10, 0, 10, 5, 0, 15, 0, 0, 10, 10, 0, 0, 0, 0, 10, 0, 1, 10, 0, 0, 10, : 10, 1, 10, 5, 10, 1, 10, 2, 10, 10, 10, 10, 10, 1, 2, 10, 10, 10, 10, 10, 10, 10, 10, 10, 10, 10, 10, 10, 1, 2, 10, 10, 10, 10, 10, 10, 4, 16, 10, 10, 10, 10, 10, 14, 10, 10, 10, 10, 10, 10, 10, 10, 2, 10, 10, 10, 10, 10, 5, 10, 10, 10, 4, 10, 1, 10, 1, 10, 10, 10, 10, 1, 2, 1, 1, 10, 10, 3, 10, 10, 10, 10, 10, 10, 10, 10, 3, 2, 10, 10, 4, 2, 2, 10, 10, 10, 10, 5, 10, 10, 10, 1, 5, 9, 10, 10, 10, 10, 10, 10, 10, 10, 10, 10, 5, 15, 10, 10, 10, 1, 10, 10, 
18: 10, 0, 0, 0, 0, 0, 0, 0, 10, 10, 0, 1, 2, 0, 10, 10, 0, 0, 10, 10, 10, 0, 10, 3, 0, 0, 9, 2, 10, 10, 0, 0, 0, 0, 10, 0, 10, 10, 10, 10, 10, 0, 10, 0, 0, 2, 10, 2, 0, 1, 10, 10, 0, 0, 0, 0, 10, 0, 10, 10, 10, 2, 10, 0, 10, 10, 1, 10, 0, 0, 10, 0, 0, 1, 10, 10, 0, 0, 10, 0, 0, 0, 0, 10, 0, 0, 10, 0, 10, 0, 10, 10, 0, 16, 0, 4, 1, 0, 13, 0, 0, 1, 0, 10, 2, 0, 10, 8, 10, 0, 10, 10, 10, 10, 10, 0, 10, 0, 2, 0, 0, 0, 10, 1, 0, 0, 0, 0, 10, 0, 10, 10, 0, 10, 10, 10, 1, 10, 0, 0, 10, 10, 10, 1, 10, 10, 10, 10, 10, 0, 0, 3, 0, 2, 10, 10, 10, 10, 10, 0, 0, 10, 0, 10, 10, 0, 10, 0, 0, 10, 0, 0, 1, 0, 0, 10, 0, 0, 2, 10, 10, 2, 10, 0, 10, 3, 0, 10, 0, 10, 0, 1, 0, 10, 0, 1, 10, 10, 0, 0, : 10, 10, 10, 1, 2, 10, 10, 10, 10, 10, 10, 3, 9, 2, 10, 10, 10, 10, 10, 10, 10, 10, 10, 2, 10, 2, 1, 10, 10, 10, 10, 10, 10, 2, 10, 10, 10, 1, 10, 10, 1, 10, 10, 10, 10, 10, 10, 10, 10, 16, 4, 1, 13, 1, 10, 2, 10, 8, 10, 10, 10, 10, 10, 10, 10, 2, 10, 1, 10, 10, 10, 10, 10, 10, 1, 10, 10, 10, 10, 1, 10, 10, 10, 10, 10, 3, 2, 10, 10, 10, 10, 10, 10, 10, 10, 10, 10, 1, 10, 2, 10, 10, 2, 10, 10, 3, 10, 10, 1, 10, 1, 10, 10, 


35: 0, 0, 10, 10, 16, 0, 5, 0, 0, 0, 10, 0, 10, 1, 0, 10, 0, 0, 10, 10, 10, 4, 0, 10, 13, 10, 10, 10, 10, 0, 0, 0, 1, 10, 10, 0, 10, 10, 0, 3, 0, 2, 10, 10, 0, 10, 0, 0, 0, 10, 10, 10, 0, 4, 10, 0, 10, 1, 0, 0, 0, 0, 10, 10, 0, 10, 0, 3, 3, 1, 0, 10, 0, 6, 0, 10, 0, 10, 10, 0, 10, 1, 10, 10, 0, 10, 3, 10, 0, 0, 10, 0, 1, 10, 2, 16, 0, 10, 0, 0, 0, 10, 1, 0, 10, 16, 0, 10, 3, 10, 0, 10, 0, 0, 0, 10, 1, 10, 10, 0, 10, 10, 10, 0, 10, 1, 10, 0, 10, 0, 0, 0, 2, 0, 0, 0, 10, 0, 0, 0, 10, 10, 0, 10, 0, 0, 0, 10, 0, 10, 1, 10, 0, 10, 0, 10, 10, 1, 0, 0, 10, 10, 0, 1, 1, 10, 0, 10, 0, 10, 0, 4, 10, 0, 8, 0, 1, 10, 10, 0, 10, 10, 0, 0, 1, 0, 10, 0, 0, 10, 10, 10, 0, 0, 10, 0, 10, 10, 0, 10, : 10, 10, 16, 5, 10, 10, 1, 10, 10, 10, 10, 4, 10, 13, 10, 10, 10, 10, 1, 10, 10, 10, 10, 3, 2, 10, 10, 10, 10, 10, 10, 4, 10, 10, 1, 10, 10, 10, 3, 3, 1, 10, 6, 10, 10, 10, 10, 1, 10, 10, 10, 3, 10, 10, 1, 10, 2, 16, 10, 10, 1, 10, 16, 10, 3, 10, 10, 10, 1, 10, 10, 10, 10, 10, 10, 1, 10, 10, 2, 10, 10, 10, 10, 10, 10, 1, 10, 10, 10, 10, 1, 10, 10, 1, 1, 10, 10, 10, 4, 10, 8, 1, 10, 10, 10, 10, 1, 10, 10, 10, 10, 10, 10, 10, 10, 
7: 3, 0, 1, 0, 10, 10, 0, 0, 10, 5, 0, 10, 10, 0, 10, 10, 10, 0, 0, 10, 0, 0, 1, 1, 10, 10, 2, 0, 10, 10, 1, 10, 2, 0, 10, 0, 0, 1, 0, 10, 10, 10, 0, 0, 10, 0, 0, 10, 10, 1, 3, 10, 10, 0, 0, 0, 10, 0, 0, 0, 0, 10, 0, 0, 10, 10, 0, 0, 10, 10, 10, 0, 0, 10, 10, 10, 1, 0, 10, 10, 0, 0, 0, 0, 10, 1, 10, 10, 10, 10, 0, 0, 0, 0, 0, 0, 2, 10, 10, 10, 17, 1, 0, 10, 1, 0, 10, 10, 0, 10, 10, 0, 10, 1, 10, 10, 10, 0, 10, 0, 10, 10, 0, 3, 1, 10, 0, 3, 0, 10, 10, 10, 10, 10, 10, 0, 10, 0, 0, 2, 10, 0, 0, 10, 10, 0, 0, 4, 4, 1, 10, 10, 10, 0, 10, 0, 10, 0, 8, 0, 14, 0, 10, 10, 11, 1, 10, 0, 4, 10, 0, 10, 10, 10, 10, 10, 2, 0, 10, 10, 0, 10, 0, 1, 0, 0, 10, 1, 10, 0, 0, 0, 0, 0, 10, 0, 3, 0, 0, 10, : 3, 1, 10, 10, 10, 5, 10, 10, 10, 10, 10, 10, 1, 1, 10, 10, 2, 10, 10, 1, 10, 2, 10, 1, 10, 10, 10, 10, 10, 10, 1, 3, 10, 10, 10, 10, 10, 10, 10, 10, 10, 10, 10, 10, 1, 10, 10, 10, 1, 10, 10, 10, 10, 2, 10, 10, 10, 17, 1, 10, 1, 10, 10, 10, 10, 10, 1, 10, 10, 10, 10, 10, 10, 3, 1, 10, 3, 10, 10, 10, 10, 10, 10, 10, 2, 10, 10, 10, 4, 4, 1, 10, 10, 10, 10, 10, 8, 14, 10, 10, 11, 1, 10, 4, 10, 10, 10, 10, 10, 10, 2, 10, 10, 10, 1, 10, 1, 10, 10, 3, 10, 
23: 10, 0, 0, 10, 10, 10, 0, 10, 10, 0, 0, 1, 0, 0, 10, 0, 0, 1, 10, 0, 1, 0, 0, 0, 10, 10, 10, 10, 0, 10, 10, 10, 0, 0, 1, 0, 10, 0, 10, 0, 0, 10, 10, 10, 10, 10, 10, 0, 1, 10, 0, 0, 10, 0, 10, 0, 0, 10, 2, 0, 0, 10, 10, 0, 10, 10, 0, 0, 10, 10, 0, 0, 2, 10, 10, 10, 10, 10, 10, 10, 0, 15, 0, 10, 3, 10, 0, 3, 10, 3, 10, 10, 10, 0, 0, 10, 10, 10, 10, 1, 0, 0, 10, 10, 10, 10, 0, 2, 0, 4, 10, 0, 0, 10, 10, 10, 0, 10, 10, 10, 0, 0, 10, 10, 0, 0, 10, 10, 0, 10, 0, 10, 10, 0, 0, 10, 0, 0, 10, 10, 10, 10, 0, 10, 0, 10, 10, 0, 0, 10, 10, 10, 10, 0, 10, 2, 3, 1, 0, 10, 0, 0, 10, 0, 0, 10, 10, 10, 0, 10, 10, 10, 0, 10, 0, 0, 1, 0, 0, 10, 0, 10, 0, 0, 10, 10, 0, 10, 0, 0, 10, 0, 10, 10, 0, 0, 10, 10, 10, 0, : 10, 10, 10, 10, 10, 10, 1, 10, 1, 10, 1, 10, 10, 10, 10, 10, 10, 10, 1, 10, 10, 10, 10, 10, 10, 10, 10, 1, 10, 10, 10, 10, 2, 10, 10, 10, 10, 10, 10, 2, 10, 10, 10, 10, 10, 10, 10, 15, 10, 3, 10, 3, 10, 3, 10, 10, 10, 10, 10, 10, 10, 1, 10, 10, 10, 10, 2, 4, 10, 10, 10, 10, 10, 10, 10, 10, 10, 10, 10, 10, 10, 10, 10, 10, 10, 10, 10, 10, 10, 10, 10, 10, 10, 10, 10, 2, 3, 1, 10, 10, 10, 10, 10, 10, 10, 10, 10, 1, 10, 10, 10, 10, 10, 10, 10, 10, 10, 10, 10, 
30: 0, 10, 0, 1, 4, 10, 4, 0, 0, 10, 0, 10, 0, 0, 10, 0, 0, 10, 0, 0, 3, 10, 10, 0, 0, 0, 10, 0, 0, 0, 10, 3, 10, 10, 0, 3, 10, 10, 0, 0, 0, 2, 0, 3, 0, 10, 10, 0, 0, 10, 10, 0, 10, 10, 10, 0, 2, 0, 2, 0, 0, 0, 10, 1, 0, 10, 0, 10, 10, 10, 0, 0, 10, 0, 0, 10, 10, 2, 0, 0, 0, 0, 1, 10, 10, 1, 6, 0, 10, 10, 0, 0, 0, 3, 10, 0, 10, 0, 0, 0, 10, 3, 10, 10, 10, 10, 10, 10, 0, 0, 0, 10, 1, 10, 0, 0, 0, 10, 10, 0, 0, 10, 10, 10, 0, 10, 10, 0, 0, 10, 10, 10, 10, 10, 10, 10, 0, 0, 10, 0, 10, 10, 3, 0, 0, 0, 1, 1, 10, 0, 0, 10, 0, 10, 0, 0, 10, 1, 10, 0, 10, 10, 0, 10, 10, 0, 1, 10, 6, 1, 10, 10, 0, 10, 0, 10, 10, 10, 0, 10, 0, 10, 0, 10, 10, 0, 10, 10, 10, 10, 0, 10, 0, 10, 3, 10, 10, 0, 0, 0, : 10, 1, 4, 10, 4, 10, 10, 10, 10, 3, 10, 10, 10, 10, 3, 10, 10, 3, 10, 10, 2, 3, 10, 10, 10, 10, 10, 10, 10, 2, 2, 10, 1, 10, 10, 10, 10, 10, 10, 10, 2, 1, 10, 10, 1, 6, 10, 10, 3, 10, 10, 10, 3, 10, 10, 10, 10, 10, 10, 10, 1, 10, 10, 10, 10, 10, 10, 10, 10, 10, 10, 10, 10, 10, 10, 10, 10, 10, 10, 3, 1, 1, 10, 10, 10, 10, 1, 10, 10, 10, 10, 10, 1, 10, 6, 1, 10, 10, 10, 10, 10, 10, 10, 10, 10, 10, 10, 10, 10, 10, 10, 10, 3, 10, 10, 
19: 0, 0, 10, 4, 0, 2, 10, 10, 0, 10, 0, 0, 10, 10, 10, 0, 0, 0, 4, 10, 10, 10, 0, 3, 10, 0, 10, 0, 0, 0, 10, 0, 0, 0, 0, 0, 0, 10, 0, 0, 10, 0, 0, 1, 10, 0, 10, 10, 10, 10, 0, 0, 0, 0, 0, 10, 0, 10, 10, 10, 0, 10, 0, 3, 0, 10, 0, 0, 10, 10, 10, 10, 10, 10, 10, 10, 4, 0, 10, 0, 10, 10, 0, 0, 0, 0, 0, 10, 0, 10, 0, 0, 1, 0, 10, 10, 10, 0, 10, 10, 10, 10, 0, 0, 10, 10, 0, 0, 10, 0, 1, 10, 0, 0, 0, 1, 1, 8, 0, 10, 10, 0, 10, 0, 10, 10, 2, 0, 0, 10, 10, 10, 10, 0, 0, 0, 0, 1, 0, 0, 10, 10, 10, 0, 10, 10, 0, 10, 0, 10, 10, 0, 10, 0, 1, 0, 10, 0, 0, 10, 10, 0, 10, 0, 10, 1, 1, 0, 10, 10, 0, 0, 10, 0, 0, 10, 1, 0, 10, 10, 10, 0, 10, 0, 1, 5, 10, 10, 0, 4, 10, 10, 0, 3, 10, 10, 16, 10, 0, 10, : 10, 4, 2, 10, 10, 10, 10, 10, 10, 4, 10, 10, 10, 3, 10, 10, 10, 10, 10, 1, 10, 10, 10, 10, 10, 10, 10, 10, 10, 10, 3, 10, 10, 10, 10, 10, 10, 10, 10, 10, 4, 10, 10, 10, 10, 10, 1, 10, 10, 10, 10, 10, 10, 10, 10, 10, 10, 1, 10, 1, 1, 8, 10, 10, 10, 10, 10, 2, 10, 10, 10, 10, 1, 10, 10, 10, 10, 10, 10, 10, 10, 10, 1, 10, 10, 10, 10, 10, 1, 1, 10, 10, 10, 10, 1, 10, 10, 10, 10, 1, 5, 10, 10, 4, 10, 10, 3, 10, 10, 16, 10, 10, 
22: 0, 10, 10, 0, 2, 1, 0, 0, 0, 10, 10, 10, 0, 10, 10, 0, 0, 0, 0, 1, 0, 0, 10, 10, 10, 10, 0, 10, 0, 0, 10, 15, 1, 0, 1, 0, 0, 2, 2, 10, 10, 0, 10, 10, 0, 0, 10, 0, 10, 10, 10, 10, 0, 10, 2, 10, 10, 0, 0, 10, 10, 10, 10, 1, 10, 10, 0, 0, 0, 10, 1, 0, 0, 0, 10, 0, 10, 0, 1, 10, 10, 10, 10, 0, 10, 0, 3, 0, 0, 0, 10, 0, 10, 0, 0, 10, 0, 2, 10, 0, 10, 0, 0, 0, 6, 0, 0, 0, 10, 0, 0, 0, 10, 0, 10, 10, 0, 10, 10, 0, 10, 0, 10, 10, 0, 10, 0, 10, 10, 10, 0, 0, 0, 3, 0, 10, 3, 10, 10, 0, 0, 10, 10, 9, 10, 12, 10, 10, 0, 1, 10, 0, 0, 10, 10, 0, 0, 10, 0, 0, 0, 0, 0, 10, 0, 0, 0, 10, 3, 1, 10, 0, 2, 10, 0, 2, 10, 10, 10, 2, 10, 10, 4, 10, 0, 10, 0, 0, 4, 1, 10, 0, 0, 1, 10, 0, 0, 0, 10, 0, : 10, 10, 2, 1, 10, 10, 10, 10, 10, 1, 10, 10, 10, 10, 10, 10, 15, 1, 1, 2, 2, 10, 10, 10, 10, 10, 10, 10, 10, 10, 10, 2, 10, 10, 10, 10, 10, 10, 1, 10, 10, 10, 1, 10, 10, 1, 10, 10, 10, 10, 10, 3, 10, 10, 10, 2, 10, 10, 6, 10, 10, 10, 10, 10, 10, 10, 10, 10, 10, 10, 10, 10, 3, 10, 3, 10, 10, 10, 10, 9, 10, 12, 10, 10, 1, 10, 10, 10, 10, 10, 10, 3, 1, 10, 2, 10, 2, 10, 10, 10, 2, 10, 10, 4, 10, 10, 4, 1, 10, 1, 10, 10, 
2: 2, 5, 0, 0, 1, 0, 10, 3, 0, 10, 10, 1, 18, 0, 4, 0, 10, 10, 10, 0, 10, 0, 10, 10, 10, 0, 0, 10, 0, 0, 0, 0, 0, 10, 0, 10, 0, 0, 10, 0, 0, 0, 10, 0, 10, 10, 10, 10, 1, 0, 10, 17, 0, 10, 0, 0, 10, 0, 10, 10, 1, 10, 0, 0, 10, 0, 10, 11, 0, 0, 0, 0, 10, 0, 0, 1, 0, 0, 1, 10, 10, 10, 10, 10, 2, 10, 11, 0, 10, 0, 0, 10, 2, 10, 10, 0, 0, 0, 1, 0, 0, 10, 10, 0, 10, 10, 0, 10, 0, 0, 10, 10, 10, 10, 0, 0, 0, 0, 0, 0, 10, 10, 0, 10, 1, 4, 10, 10, 0, 0, 0, 10, 2, 10, 0, 0, 10, 10, 0, 10, 10, 0, 10, 10, 10, 0, 0, 0, 0, 10, 3, 10, 10, 0, 3, 10, 10, 10, 10, 10, 10, 0, 1, 10, 0, 10, 10, 10, 10, 0, 10, 10, 0, 0, 10, 0, 0, 0, 0, 0, 10, 10, 0, 10, 10, 10, 10, 10, 10, 10, 10, 0, 10, 7, 2, 0, 0, 10, 15, 0, : 2, 5, 1, 10, 3, 10, 10, 1, 18, 4, 10, 10, 10, 10, 10, 10, 10, 10, 10, 10, 10, 10, 10, 10, 10, 10, 1, 10, 17, 10, 10, 10, 10, 1, 10, 10, 10, 11, 10, 1, 1, 10, 10, 10, 10, 10, 2, 10, 11, 10, 10, 2, 10, 10, 1, 10, 10, 10, 10, 10, 10, 10, 10, 10, 10, 10, 10, 1, 4, 10, 10, 10, 2, 10, 10, 10, 10, 10, 10, 10, 10, 10, 3, 10, 10, 3, 10, 10, 10, 10, 10, 10, 1, 10, 10, 10, 10, 10, 10, 10, 10, 10, 10, 10, 10, 10, 10, 10, 10, 10, 10, 10, 7, 2, 10, 15, 
37: 0, 0, 0, 10, 0, 0, 10, 10, 10, 0, 10, 10, 0, 1, 0, 1, 5, 0, 0, 0, 0, 1, 2, 0, 10, 10, 10, 0, 10, 0, 10, 10, 10, 11, 1, 10, 0, 2, 0, 10, 5, 10, 0, 10, 4, 0, 0, 10, 2, 1, 0, 10, 0, 0, 0, 10, 10, 0, 0, 0, 2, 10, 0, 10, 10, 10, 0, 10, 0, 4, 0, 10, 10, 0, 0, 1, 10, 16, 10, 0, 10, 1, 10, 0, 0, 10, 10, 10, 0, 10, 4, 3, 10, 2, 5, 0, 10, 10, 0, 4, 0, 0, 0, 0, 0, 0, 10, 20, 10, 10, 0, 0, 10, 1, 10, 4, 10, 1, 0, 0, 0, 14, 10, 0, 0, 0, 0, 0, 0, 10, 10, 0, 0, 10, 0, 0, 1, 3, 1, 10, 0, 10, 10, 0, 1, 0, 0, 10, 1, 0, 1, 0, 2, 4, 0, 10, 10, 10, 2, 10, 0, 0, 10, 10, 1, 0, 10, 0, 10, 0, 4, 10, 10, 0, 0, 0, 0, 2, 10, 0, 10, 1, 10, 0, 0, 10, 10, 0, 1, 10, 0, 0, 1, 10, 0, 10, 2, 10, 3, 0, : 10, 10, 10, 10, 10, 10, 1, 1, 5, 1, 2, 10, 10, 10, 10, 10, 10, 10, 11, 1, 10, 2, 10, 5, 10, 10, 4, 10, 2, 1, 10, 10, 10, 2, 10, 10, 10, 10, 10, 4, 10, 10, 1, 10, 16, 10, 10, 1, 10, 10, 10, 10, 10, 4, 3, 10, 2, 5, 10, 10, 4, 10, 20, 10, 10, 10, 1, 10, 4, 10, 1, 14, 10, 10, 10, 10, 1, 3, 1, 10, 10, 10, 1, 10, 1, 1, 2, 4, 10, 10, 10, 2, 10, 10, 10, 1, 10, 10, 4, 10, 10, 2, 10, 10, 1, 10, 10, 10, 1, 10, 1, 10, 10, 2, 10, 3, 
38: 20, 10, 10, 0, 0, 10, 0, 10, 5, 0, 0, 0, 0, 0, 0, 0, 0, 10, 0, 0, 10, 0, 0, 0, 0, 0, 11, 0, 3, 10, 10, 10, 10, 0, 10, 0, 0, 0, 10, 10, 10, 10, 0, 10, 0, 10, 5, 10, 10, 0, 0, 10, 0, 10, 10, 10, 0, 10, 10, 4, 10, 0, 10, 10, 10, 10, 10, 10, 2, 10, 10, 10, 18, 0, 0, 0, 10, 1, 0, 0, 0, 2, 10, 0, 10, 0, 0, 0, 0, 0, 10, 1, 1, 0, 10, 10, 2, 11, 0, 0, 0, 10, 0, 10, 10, 0, 10, 0, 0, 0, 0, 10, 0, 10, 13, 0, 10, 0, 10, 0, 0, 0, 0, 0, 2, 10, 10, 10, 10, 0, 0, 10, 1, 0, 0, 0, 0, 0, 3, 10, 10, 0, 10, 0, 10, 10, 10, 0, 10, 10, 0, 0, 10, 10, 0, 1, 10, 0, 10, 0, 10, 10, 10, 0, 10, 3, 0, 1, 1, 10, 10, 10, 10, 4, 10, 0, 10, 10, 0, 10, 10, 0, 10, 0, 10, 0, 0, 1, 10, 0, 0, 2, 10, 0, 10, 10, 10, 10, 0, 10, : 20, 10, 10, 10, 10, 5, 10, 10, 11, 3, 10, 10, 10, 10, 10, 10, 10, 10, 10, 10, 10, 5, 10, 10, 10, 10, 10, 10, 10, 10, 4, 10, 10, 10, 10, 10, 10, 10, 2, 10, 10, 10, 18, 10, 1, 2, 10, 10, 10, 1, 1, 10, 10, 2, 11, 10, 10, 10, 10, 10, 10, 13, 10, 10, 2, 10, 10, 10, 10, 10, 1, 3, 10, 10, 10, 10, 10, 10, 10, 10, 10, 10, 1, 10, 10, 10, 10, 10, 10, 3, 1, 1, 10, 10, 10, 10, 4, 10, 10, 10, 10, 10, 10, 10, 1, 10, 2, 10, 10, 10, 10, 10, 10, 
15: 0, 0, 6, 10, 0, 10, 0, 10, 10, 0, 0, 1, 0, 0, 0, 10, 0, 10, 0, 2, 10, 0, 10, 10, 0, 0, 2, 10, 0, 10, 0, 2, 0, 10, 0, 10, 0, 10, 10, 10, 10, 10, 0, 0, 0, 0, 0, 0, 10, 0, 10, 7, 0, 0, 0, 0, 0, 1, 0, 10, 0, 0, 0, 10, 1, 2, 10, 9, 0, 0, 20, 1, 0, 0, 0, 10, 0, 10, 0, 10, 10, 0, 10, 10, 0, 10, 10, 0, 10, 0, 0, 10, 10, 10, 4, 10, 0, 10, 10, 0, 0, 10, 10, 4, 0, 0, 0, 0, 10, 10, 10, 10, 10, 11, 0, 0, 0, 16, 10, 0, 0, 1, 10, 0, 10, 0, 2, 10, 4, 0, 10, 0, 0, 0, 1, 10, 10, 0, 10, 10, 0, 10, 0, 0, 0, 0, 10, 0, 0, 10, 10, 0, 10, 0, 10, 10, 2, 10, 0, 10, 0, 0, 0, 0, 10, 0, 10, 10, 10, 10, 10, 0, 0, 0, 0, 10, 0, 10, 10, 10, 10, 10, 2, 4, 10, 10, 0, 10, 0, 8, 10, 0, 10, 2, 10, 0, 0, 2, 4, 10, : 6, 10, 10, 10, 10, 1, 10, 10, 2, 10, 10, 10, 2, 10, 10, 2, 10, 10, 10, 10, 10, 10, 10, 10, 10, 7, 1, 10, 10, 1, 2, 10, 9, 20, 1, 10, 10, 10, 10, 10, 10, 10, 10, 10, 10, 10, 10, 4, 10, 10, 10, 10, 10, 4, 10, 10, 10, 10, 10, 11, 16, 10, 1, 10, 10, 2, 10, 4, 10, 1, 10, 10, 10, 10, 10, 10, 10, 10, 10, 10, 10, 2, 10, 10, 10, 10, 10, 10, 10, 10, 10, 10, 10, 10, 10, 10, 2, 4, 10, 10, 10, 8, 10, 10, 2, 10, 2, 4, 10, 
6: 0, 0, 1, 10, 10, 10, 10, 10, 10, 10, 3, 0, 0, 0, 10, 10, 10, 10, 10, 2, 10, 0, 0, 0, 0, 0, 10, 10, 10, 0, 0, 0, 10, 0, 0, 10, 10, 10, 0, 0, 0, 0, 10, 1, 10, 10, 0, 0, 0, 0, 1, 0, 7, 1, 0, 17, 2, 10, 10, 10, 0, 2, 3, 0, 0, 0, 10, 0, 0, 9, 10, 4, 0, 0, 10, 0, 10, 0, 0, 10, 10, 10, 0, 0, 0, 0, 0, 10, 10, 10, 0, 10, 0, 10, 0, 0, 1, 0, 10, 10, 0, 0, 0, 10, 0, 1, 10, 10, 10, 0, 0, 0, 0, 0, 10, 0, 7, 0, 0, 10, 7, 0, 10, 0, 10, 0, 0, 0, 0, 10, 0, 0, 0, 0, 10, 5, 10, 0, 10, 10, 1, 10, 0, 0, 0, 10, 10, 10, 2, 10, 10, 10, 0, 0, 0, 10, 0, 0, 0, 0, 0, 10, 0, 0, 0, 10, 0, 0, 0, 0, 0, 1, 0, 0, 10, 10, 0, 3, 0, 0, 0, 10, 8, 20, 0, 10, 0, 0, 0, 10, 4, 10, 10, 10, 10, 5, 0, 0, 10, 0, : 1, 10, 10, 10, 10, 10, 10, 10, 3, 10, 10, 10, 10, 10, 2, 10, 10, 10, 10, 10, 10, 10, 10, 10, 1, 10, 10, 1, 7, 1, 17, 2, 10, 10, 10, 2, 3, 10, 9, 10, 4, 10, 10, 10, 10, 10, 10, 10, 10, 10, 10, 1, 10, 10, 10, 1, 10, 10, 10, 10, 7, 10, 7, 10, 10, 10, 10, 5, 10, 10, 10, 1, 10, 10, 10, 10, 2, 10, 10, 10, 10, 10, 10, 1, 10, 10, 3, 10, 8, 20, 10, 10, 4, 10, 10, 10, 10, 5, 10, 
13: 0, 10, 10, 0, 0, 10, 0, 0, 0, 10, 2, 0, 10, 10, 0, 10, 0, 1, 1, 10, 0, 10, 10, 1, 0, 10, 10, 0, 0, 10, 10, 0, 0, 10, 10, 0, 0, 10, 3, 0, 0, 10, 0, 10, 0, 0, 10, 4, 0, 0, 0, 0, 0, 10, 3, 0, 1, 10, 10, 1, 0, 0, 0, 10, 10, 0, 10, 10, 0, 0, 0, 0, 10, 10, 0, 0, 0, 10, 1, 0, 10, 0, 10, 0, 10, 0, 10, 10, 0, 10, 0, 10, 10, 10, 10, 0, 10, 0, 10, 10, 10, 0, 0, 10, 10, 0, 10, 0, 0, 10, 0, 0, 10, 0, 0, 10, 10, 0, 0, 10, 0, 0, 10, 2, 0, 0, 1, 0, 10, 0, 10, 0, 10, 10, 10, 10, 0, 10, 10, 10, 10, 0, 10, 10, 0, 1, 10, 10, 0, 0, 0, 10, 0, 1, 0, 0, 10, 7, 10, 10, 0, 10, 10, 0, 0, 10, 0, 10, 0, 0, 0, 0, 2, 1, 0, 1, 10, 10, 0, 0, 4, 0, 10, 10, 0, 0, 10, 0, 10, 10, 0, 0, 10, 10, 0, 0, 4, 0, 10, 1, : 10, 10, 10, 10, 2, 10, 10, 10, 1, 1, 10, 10, 10, 1, 10, 10, 10, 10, 10, 10, 10, 3, 10, 10, 10, 4, 10, 3, 1, 10, 10, 1, 10, 10, 10, 10, 10, 10, 10, 1, 10, 10, 10, 10, 10, 10, 10, 10, 10, 10, 10, 10, 10, 10, 10, 10, 10, 10, 10, 10, 10, 10, 10, 2, 1, 10, 10, 10, 10, 10, 10, 10, 10, 10, 10, 10, 10, 1, 10, 10, 10, 1, 10, 7, 10, 10, 10, 10, 10, 10, 2, 1, 1, 10, 10, 4, 10, 10, 10, 10, 10, 10, 10, 4, 10, 1, 
25: 10, 10, 2, 10, 0, 10, 0, 10, 0, 0, 10, 10, 4, 12, 0, 2, 10, 10, 10, 0, 0, 10, 0, 10, 0, 5, 0, 1, 10, 10, 0, 10, 0, 0, 0, 0, 0, 10, 10, 1, 0, 1, 10, 0, 0, 4, 0, 10, 1, 10, 10, 0, 17, 10, 10, 6, 10, 10, 0, 0, 10, 0, 10, 0, 10, 1, 0, 10, 0, 0, 10, 10, 4, 0, 0, 0, 10, 4, 0, 0, 5, 10, 1, 0, 0, 10, 10, 10, 10, 0, 10, 0, 10, 0, 4, 0, 0, 0, 0, 10, 10, 10, 10, 0, 0, 2, 5, 0, 0, 0, 0, 4, 10, 0, 10, 0, 3, 10, 0, 10, 0, 10, 0, 0, 0, 10, 10, 2, 10, 10, 0, 10, 10, 10, 1, 10, 0, 10, 0, 1, 3, 0, 10, 0, 10, 10, 1, 10, 0, 10, 10, 0, 3, 0, 10, 2, 0, 10, 0, 0, 0, 10, 10, 10, 0, 0, 10, 0, 10, 2, 10, 10, 0, 10, 10, 10, 10, 10, 10, 0, 10, 0, 0, 0, 0, 0, 0, 1, 0, 10, 10, 0, 0, 10, 10, 10, 0, 3, 10, 0, : 10, 10, 2, 10, 10, 10, 10, 10, 4, 12, 2, 10, 10, 10, 10, 10, 5, 1, 10, 10, 10, 10, 10, 1, 1, 10, 4, 10, 1, 10, 10, 17, 10, 10, 6, 10, 10, 10, 10, 10, 1, 10, 10, 10, 4, 10, 4, 5, 10, 1, 10, 10, 10, 10, 10, 10, 4, 10, 10, 10, 10, 2, 5, 4, 10, 10, 3, 10, 10, 10, 10, 10, 2, 10, 10, 10, 10, 10, 1, 10, 10, 1, 3, 10, 10, 10, 1, 10, 10, 10, 3, 10, 2, 10, 10, 10, 10, 10, 10, 2, 10, 10, 10, 10, 10, 10, 10, 10, 10, 1, 10, 10, 10, 10, 10, 3, 10, 
32: 10, 0, 10, 10, 2, 10, 10, 10, 0, 0, 10, 10, 1, 10, 0, 10, 0, 10, 0, 10, 10, 0, 10, 10, 0, 10, 0, 10, 10, 0, 0, 10, 10, 5, 10, 0, 10, 0, 10, 10, 0, 10, 4, 0, 0, 0, 0, 10, 10, 0, 1, 0, 1, 10, 0, 2, 0, 0, 10, 10, 10, 0, 0, 10, 0, 10, 0, 0, 10, 10, 10, 10, 0, 10, 10, 10, 0, 10, 10, 0, 0, 10, 3, 10, 10, 0, 10, 10, 2, 1, 10, 10, 10, 0, 10, 0, 0, 10, 0, 0, 10, 0, 10, 10, 8, 4, 0, 10, 10, 10, 6, 0, 2, 0, 0, 0, 10, 0, 0, 5, 8, 0, 2, 0, 10, 0, 10, 0, 0, 0, 10, 10, 10, 5, 10, 10, 10, 2, 10, 2, 0, 0, 0, 6, 0, 1, 0, 0, 0, 0, 10, 4, 0, 0, 10, 0, 0, 0, 0, 0, 0, 3, 0, 0, 10, 10, 0, 10, 1, 10, 0, 0, 1, 10, 10, 0, 0, 0, 0, 2, 0, 0, 1, 0, 10, 0, 10, 10, 10, 0, 0, 0, 0, 10, 0, 10, 10, 0, 11, 10, : 10, 10, 10, 2, 10, 10, 10, 10, 10, 1, 10, 10, 10, 10, 10, 10, 10, 10, 10, 10, 10, 10, 5, 10, 10, 10, 10, 10, 4, 10, 10, 1, 1, 10, 2, 10, 10, 10, 10, 10, 10, 10, 10, 10, 10, 10, 10, 10, 10, 10, 3, 10, 10, 10, 10, 2, 1, 10, 10, 10, 10, 10, 10, 10, 10, 8, 4, 10, 10, 10, 6, 2, 10, 5, 8, 2, 10, 10, 10, 10, 10, 5, 10, 10, 10, 2, 10, 2, 6, 1, 10, 4, 10, 3, 10, 10, 10, 1, 10, 1, 10, 10, 2, 1, 10, 10, 10, 10, 10, 10, 10, 11, 10, 
21: 0, 10, 14, 0, 10, 0, 6, 0, 10, 0, 0, 10, 0, 10, 10, 10, 10, 0, 0, 10, 1, 10, 0, 0, 0, 0, 0, 0, 0, 10, 0, 0, 10, 2, 10, 10, 10, 0, 10, 1, 10, 0, 10, 0, 10, 0, 10, 1, 10, 13, 5, 1, 10, 0, 10, 10, 10, 17, 10, 0, 10, 0, 2, 10, 10, 2, 10, 2, 10, 10, 2, 0, 0, 10, 0, 0, 10, 10, 0, 0, 0, 2, 0, 0, 0, 0, 0, 2, 4, 1, 10, 10, 0, 10, 10, 10, 10, 10, 0, 10, 1, 0, 10, 3, 0, 10, 10, 1, 10, 5, 0, 10, 10, 10, 10, 0, 0, 10, 10, 0, 10, 10, 1, 10, 10, 10, 0, 10, 10, 0, 0, 0, 10, 0, 2, 10, 0, 10, 10, 10, 10, 0, 10, 0, 0, 10, 3, 0, 10, 0, 0, 10, 10, 10, 10, 10, 0, 0, 10, 1, 10, 10, 0, 0, 2, 0, 10, 1, 0, 0, 0, 0, 0, 0, 0, 10, 10, 10, 5, 0, 10, 0, 10, 10, 0, 0, 0, 1, 10, 0, 0, 10, 10, 0, 0, 0, 0, 0, 0, 0, : 10, 14, 10, 6, 10, 10, 10, 10, 10, 10, 10, 1, 10, 10, 10, 2, 10, 10, 10, 10, 1, 10, 10, 10, 10, 1, 10, 13, 5, 1, 10, 10, 10, 10, 17, 10, 10, 2, 10, 10, 2, 10, 2, 10, 10, 2, 10, 10, 10, 2, 2, 4, 1, 10, 10, 10, 10, 10, 10, 10, 10, 1, 10, 3, 10, 10, 1, 10, 5, 10, 10, 10, 10, 10, 10, 10, 10, 1, 10, 10, 10, 10, 10, 10, 2, 10, 10, 10, 10, 10, 10, 10, 3, 10, 10, 10, 10, 10, 10, 10, 1, 10, 10, 2, 10, 1, 10, 10, 10, 5, 10, 10, 10, 1, 10, 10, 10, 
16: 0, 10, 0, 0, 10, 0, 10, 0, 0, 10, 10, 0, 10, 0, 1, 2, 0, 0, 0, 10, 0, 10, 10, 0, 0, 0, 0, 4, 10, 1, 0, 0, 10, 10, 0, 2, 10, 10, 10, 10, 0, 0, 1, 0, 10, 10, 10, 10, 10, 10, 10, 0, 0, 0, 0, 0, 0, 0, 0, 0, 10, 0, 10, 10, 0, 0, 5, 0, 0, 0, 0, 10, 0, 0, 0, 3, 0, 0, 0, 10, 0, 10, 10, 10, 0, 0, 10, 0, 0, 0, 10, 0, 10, 10, 0, 0, 10, 1, 3, 0, 0, 10, 10, 0, 0, 0, 0, 0, 2, 10, 0, 1, 0, 0, 0, 10, 0, 0, 0, 10, 0, 10, 0, 10, 0, 0, 0, 10, 10, 10, 4, 0, 10, 0, 1, 0, 10, 0, 0, 10, 0, 0, 2, 10, 10, 1, 0, 0, 10, 10, 0, 1, 10, 10, 1, 10, 0, 0, 5, 10, 0, 10, 10, 10, 10, 5, 10, 0, 0, 0, 10, 0, 2, 10, 15, 10, 0, 0, 10, 0, 0, 0, 10, 0, 0, 10, 10, 10, 0, 10, 1, 10, 0, 10, 0, 10, 0, 10, 1, 2, : 10, 10, 10, 10, 10, 10, 1, 2, 10, 10, 10, 4, 10, 1, 10, 10, 2, 10, 10, 10, 10, 1, 10, 10, 10, 10, 10, 10, 10, 10, 10, 10, 5, 10, 3, 10, 10, 10, 10, 10, 10, 10, 10, 10, 1, 3, 10, 10, 2, 10, 1, 10, 10, 10, 10, 10, 10, 10, 4, 10, 1, 10, 10, 2, 10, 10, 1, 10, 10, 1, 10, 10, 1, 10, 5, 10, 10, 10, 10, 10, 5, 10, 10, 2, 10, 15, 10, 10, 10, 10, 10, 10, 10, 1, 10, 10, 10, 10, 1, 2, 
14: 10, 10, 1, 10, 0, 0, 0, 10, 10, 0, 10, 0, 1, 10, 0, 0, 10, 0, 10, 0, 0, 10, 10, 10, 2, 0, 10, 0, 2, 3, 10, 0, 10, 10, 0, 10, 5, 0, 0, 0, 0, 0, 10, 10, 10, 1, 0, 0, 0, 0, 1, 0, 10, 10, 10, 0, 0, 5, 1, 10, 10, 10, 10, 0, 1, 0, 0, 10, 10, 0, 0, 10, 10, 0, 10, 0, 0, 10, 9, 4, 0, 0, 0, 10, 0, 3, 0, 10, 0, 0, 0, 10, 0, 0, 10, 9, 0, 1, 0, 10, 0, 1, 4, 0, 10, 10, 10, 0, 0, 0, 10, 10, 0, 10, 10, 10, 10, 1, 1, 10, 10, 10, 0, 10, 10, 0, 10, 10, 10, 0, 10, 0, 0, 0, 10, 10, 10, 19, 0, 0, 1, 10, 0, 0, 0, 10, 10, 10, 10, 0, 0, 0, 0, 0, 0, 0, 0, 10, 10, 3, 10, 10, 3, 0, 10, 2, 0, 0, 10, 0, 1, 10, 8, 10, 0, 1, 10, 0, 0, 0, 0, 1, 10, 10, 3, 0, 1, 0, 10, 2, 10, 3, 4, 0, 10, 0, 0, 0, 0, 10, : 10, 10, 1, 10, 10, 10, 10, 1, 10, 10, 10, 10, 10, 10, 2, 10, 2, 3, 10, 10, 10, 10, 5, 10, 10, 10, 1, 1, 10, 10, 10, 5, 1, 10, 10, 10, 10, 1, 10, 10, 10, 10, 10, 10, 9, 4, 10, 3, 10, 10, 10, 9, 1, 10, 1, 4, 10, 10, 10, 10, 10, 10, 10, 10, 10, 1, 1, 10, 10, 10, 10, 10, 10, 10, 10, 10, 10, 10, 10, 19, 1, 10, 10, 10, 10, 10, 10, 10, 3, 10, 10, 3, 10, 2, 10, 1, 10, 8, 10, 1, 10, 1, 10, 10, 3, 1, 10, 2, 10, 3, 4, 10, 10, 
28: 10, 0, 0, 0, 10, 1, 10, 0, 0, 0, 0, 10, 10, 1, 10, 10, 10, 10, 10, 10, 10, 10, 2, 10, 10, 10, 0, 10, 0, 10, 10, 0, 0, 0, 12, 10, 0, 10, 0, 0, 10, 10, 0, 0, 10, 10, 0, 0, 0, 0, 10, 10, 10, 0, 10, 0, 10, 10, 0, 10, 10, 10, 10, 10, 1, 0, 10, 10, 0, 0, 2, 10, 0, 0, 10, 10, 10, 0, 3, 10, 0, 4, 10, 5, 10, 10, 0, 0, 0, 10, 10, 1, 0, 10, 0, 0, 10, 0, 10, 0, 0, 10, 0, 10, 0, 2, 0, 1, 10, 0, 18, 0, 0, 2, 2, 10, 10, 0, 10, 0, 10, 0, 0, 10, 10, 0, 0, 0, 0, 0, 1, 5, 0, 0, 10, 0, 0, 10, 10, 0, 0, 0, 0, 0, 10, 10, 0, 0, 10, 3, 0, 10, 0, 10, 10, 10, 10, 0, 10, 10, 1, 2, 0, 4, 10, 0, 3, 0, 10, 10, 0, 0, 10, 0, 10, 10, 0, 10, 0, 10, 0, 3, 0, 0, 10, 0, 0, 10, 0, 0, 0, 10, 10, 0, 0, 10, 0, 10, 0, 10, : 10, 10, 1, 10, 10, 10, 1, 10, 10, 10, 10, 10, 10, 10, 10, 2, 10, 10, 10, 10, 10, 10, 12, 10, 10, 10, 10, 10, 10, 10, 10, 10, 10, 10, 10, 10, 10, 10, 10, 10, 1, 10, 10, 2, 10, 10, 10, 10, 3, 10, 4, 10, 5, 10, 10, 10, 10, 1, 10, 10, 10, 10, 10, 2, 1, 10, 18, 2, 2, 10, 10, 10, 10, 10, 10, 1, 5, 10, 10, 10, 10, 10, 10, 3, 10, 10, 10, 10, 10, 10, 10, 1, 2, 4, 10, 3, 10, 10, 10, 10, 10, 10, 10, 3, 10, 10, 10, 10, 10, 10, 10, 
10: 10, 10, 0, 10, 0, 0, 0, 1, 10, 10, 10, 10, 1, 10, 0, 0, 10, 13, 10, 0, 0, 0, 0, 0, 10, 10, 0, 10, 10, 10, 4, 5, 1, 0, 10, 10, 10, 0, 10, 10, 10, 10, 0, 10, 1, 0, 10, 10, 10, 0, 4, 10, 0, 0, 0, 10, 10, 1, 10, 0, 2, 10, 0, 0, 0, 0, 10, 0, 10, 0, 0, 0, 10, 10, 10, 0, 0, 0, 10, 10, 0, 0, 0, 0, 10, 10, 0, 0, 10, 10, 0, 0, 10, 0, 0, 0, 0, 10, 1, 10, 10, 0, 0, 8, 0, 10, 10, 10, 0, 0, 10, 0, 2, 10, 0, 10, 10, 0, 0, 10, 0, 0, 2, 0, 10, 10, 0, 10, 1, 3, 0, 0, 0, 17, 10, 0, 1, 0, 1, 0, 0, 0, 10, 10, 4, 0, 10, 10, 10, 0, 10, 0, 0, 10, 0, 10, 0, 15, 0, 1, 10, 0, 10, 10, 0, 10, 10, 10, 0, 1, 0, 10, 10, 0, 2, 1, 10, 0, 0, 10, 1, 0, 10, 10, 10, 10, 0, 1, 10, 0, 0, 10, 10, 0, 0, 10, 10, 0, 10, 10, : 10, 10, 10, 1, 10, 10, 10, 10, 1, 10, 10, 13, 10, 10, 10, 10, 10, 10, 4, 5, 1, 10, 10, 10, 10, 10, 10, 10, 10, 1, 10, 10, 10, 4, 10, 10, 10, 1, 10, 2, 10, 10, 10, 10, 10, 10, 10, 10, 10, 10, 10, 10, 10, 10, 1, 10, 10, 8, 10, 10, 10, 10, 2, 10, 10, 10, 10, 2, 10, 10, 10, 1, 3, 17, 10, 1, 1, 10, 10, 4, 10, 10, 10, 10, 10, 10, 15, 1, 10, 10, 10, 10, 10, 10, 1, 10, 10, 2, 1, 10, 10, 1, 10, 10, 10, 10, 1, 10, 10, 10, 10, 10, 10, 10, 
36: 10, 0, 10, 0, 10, 1, 10, 1, 10, 10, 0, 2, 10, 10, 10, 10, 10, 0, 10, 10, 10, 10, 10, 10, 0, 0, 0, 0, 10, 1, 0, 10, 10, 7, 10, 10, 10, 0, 0, 10, 10, 0, 10, 10, 0, 10, 0, 0, 0, 10, 0, 0, 10, 10, 10, 10, 0, 0, 10, 10, 10, 3, 0, 0, 2, 0, 10, 0, 10, 1, 10, 0, 1, 19, 5, 10, 0, 2, 10, 1, 10, 0, 0, 10, 10, 10, 2, 0, 9, 10, 1, 10, 0, 10, 0, 10, 10, 0, 10, 10, 7, 10, 10, 0, 0, 0, 0, 1, 10, 16, 10, 10, 10, 10, 0, 0, 3, 9, 4, 10, 0, 0, 0, 10, 1, 10, 10, 0, 10, 2, 10, 10, 0, 10, 10, 0, 10, 10, 0, 0, 0, 5, 0, 10, 10, 0, 10, 0, 18, 0, 0, 0, 10, 10, 10, 0, 0, 10, 10, 10, 0, 0, 1, 10, 0, 13, 0, 3, 10, 10, 10, 0, 10, 10, 0, 0, 10, 0, 10, 11, 0, 10, 0, 0, 10, 10, 4, 10, 0, 0, 10, 10, 0, 2, 0, 0, 10, 10, 1, 2, : 10, 10, 10, 1, 10, 1, 10, 10, 2, 10, 10, 10, 10, 10, 10, 10, 10, 10, 10, 10, 10, 1, 10, 10, 7, 10, 10, 10, 10, 10, 10, 10, 10, 10, 10, 10, 10, 10, 10, 10, 10, 3, 2, 10, 10, 1, 10, 1, 19, 5, 10, 2, 10, 1, 10, 10, 10, 10, 2, 9, 10, 1, 10, 10, 10, 10, 10, 10, 7, 10, 10, 1, 10, 16, 10, 10, 10, 10, 3, 9, 4, 10, 10, 1, 10, 10, 10, 2, 10, 10, 10, 10, 10, 10, 5, 10, 10, 10, 18, 10, 10, 10, 10, 10, 10, 1, 10, 13, 3, 10, 10, 10, 10, 10, 10, 10, 11, 10, 10, 10, 4, 10, 10, 10, 2, 10, 10, 1, 2, 


