
20
40
95
2

6: 10, 10, 0, 0, 10, 1, 10, 0, 0, 0, 0, 0, 10, 10, 10, 10, 0, 0, 0, 0, : 10, 10, 10, 1, 10, 10, 10, 10, 10, 
13: 10, 0, 10, 10, 0, 10, 0, 0, 0, 0, 10, 10, 0, 0, 0, 0, 10, 1, 0, 10, : 10, 10, 10, 10, 10, 10, 10, 1, 10, 
36: 0, 10, 0, 10, 1, 10, 10, 10, 10, 10, 0, 10, 0, 10, 0, 10, 10, 0, 10, 0, : 10, 10, 1, 10, 10, 10, 10, 10, 10, 10, 10, 10, 10, 
1: 10, 10, 10, 10, 0, 0, 1, 10, 0, 0, 1, 0, 0, 0, 10, 0, 0, 10, 0, 4, : 10, 10, 10, 10, 1, 10, 1, 10, 10, 4, 
4: 10, 10, 10, 8, 0, 10, 10, 0, 10, 0, 3, 0, 10, 10, 10, 10, 10, 8, 10, 10, : 10, 10, 10, 8, 10, 10, 10, 3, 10, 10, 10, 10, 10, 8, 10, 10, 
38: 0, 0, 0, 10, 10, 10, 10, 2, 10, 10, 10, 10, 10, 0, 10, 2, 0, 10, 10, 10, : 10, 10, 10, 10, 2, 10, 10, 10, 10, 10, 10, 2, 10, 10, 10, 
31: 0, 10, 0, 0, 10, 10, 1, 1, 10, 10, 6, 0, 1, 16, 0, 10, 0, 0, 0, 0, : 10, 10, 10, 1, 1, 10, 10, 6, 1, 16, 10, 
3: 1, 10, 1, 10, 0, 1, 0, 10, 1, 5, 1, 10, 0, 0, 10, 0, 10, 10, 0, 10, : 1, 10, 1, 10, 1, 10, 1, 5, 1, 10, 10, 10, 10, 10, 
23: 0, 10, 10, 0, 1, 0, 0, 0, 10, 0, 10, 5, 0, 0, 0, 0, 0, 0, 10, 0, : 10, 10, 1, 10, 10, 5, 10, 
10: 3, 10, 0, 8, 10, 0, 10, 10, 0, 10, 0, 0, 10, 0, 0, 0, 0, 0, 10, 0, : 3, 10, 8, 10, 10, 10, 10, 10, 10, 
21: 0, 0, 2, 0, 0, 0, 10, 0, 0, 10, 10, 0, 13, 1, 0, 10, 10, 10, 0, 0, : 2, 10, 10, 10, 13, 1, 10, 10, 10, 
29: 10, 3, 10, 0, 2, 0, 10, 0, 1, 10, 0, 10, 0, 10, 0, 10, 0, 0, 0, 10, : 10, 3, 10, 2, 10, 1, 10, 10, 10, 10, 10, 
17: 10, 0, 10, 2, 1, 3, 0, 0, 0, 0, 10, 10, 10, 10, 10, 0, 0, 0, 10, 0, : 10, 10, 2, 1, 3, 10, 10, 10, 10, 10, 10, 
2: 0, 0, 10, 0, 10, 10, 3, 10, 10, 10, 0, 0, 0, 1, 10, 10, 10, 10, 10, 10, : 10, 10, 10, 3, 10, 10, 10, 1, 10, 10, 10, 10, 10, 10, 
18: 0, 10, 10, 0, 10, 0, 0, 10, 0, 0, 10, 10, 10, 0, 3, 10, 0, 10, 5, 0, : 10, 10, 10, 10, 10, 10, 10, 3, 10, 10, 5, 
5: 0, 0, 2, 10, 10, 10, 0, 0, 10, 10, 0, 10, 10, 0, 2, 0, 10, 0, 0, 10, : 2, 10, 10, 10, 10, 10, 10, 10, 2, 10, 10, 
9: 10, 2, 10, 0, 10, 0, 10, 10, 0, 10, 0, 10, 0, 0, 10, 0, 0, 10, 0, 10, : 10, 2, 10, 10, 10, 10, 10, 10, 10, 10, 10, 
27: 10, 0, 0, 10, 10, 10, 10, 10, 3, 0, 10, 0, 0, 10, 0, 3, 10, 0, 0, 10, : 10, 10, 10, 10, 10, 10, 3, 10, 10, 3, 10, 10, 
15: 1, 0, 0, 0, 0, 10, 0, 10, 10, 0, 4, 0, 10, 7, 10, 10, 10, 16, 10, 1, : 1, 10, 10, 10, 4, 10, 7, 10, 10, 10, 16, 10, 1, 
14: 10, 0, 0, 7, 0, 0, 0, 2, 10, 0, 10, 0, 1, 10, 0, 0, 5, 0, 10, 0, : 10, 7, 2, 10, 10, 1, 10, 5, 10, 


39: 0, 6, 0, 10, 0, 10, 0, 0, 2, 10, 10, 10, 0, 0, 10, 0, 0, 10, 0, 0, : 6, 10, 10, 2, 10, 10, 10, 10, 10, 
12: 0, 10, 0, 10, 0, 0, 10, 0, 10, 10, 2, 10, 2, 18, 10, 0, 10, 1, 10, 0, : 10, 10, 10, 10, 10, 2, 10, 2, 18, 10, 10, 1, 10, 
16: 0, 0, 10, 1, 10, 0, 10, 10, 0, 0, 10, 0, 10, 0, 2, 10, 0, 0, 0, 10, : 10, 1, 10, 10, 10, 10, 10, 2, 10, 10, 
7: 0, 0, 10, 0, 10, 2, 10, 16, 0, 10, 10, 10, 3, 10, 10, 2, 10, 10, 10, 10, : 10, 10, 2, 10, 16, 10, 10, 10, 3, 10, 10, 2, 10, 10, 10, 10, 
32: 10, 10, 10, 0, 0, 0, 0, 0, 0, 10, 1, 0, 0, 0, 0, 0, 0, 3, 10, 1, : 10, 10, 10, 10, 1, 3, 10, 1, 
24: 10, 0, 0, 10, 10, 3, 10, 11, 0, 0, 0, 10, 0, 10, 0, 10, 0, 0, 0, 10, : 10, 10, 10, 3, 10, 11, 10, 10, 10, 10, 
28: 0, 10, 0, 4, 0, 0, 10, 10, 0, 10, 0, 10, 0, 10, 0, 10, 10, 1, 0, 10, : 10, 4, 10, 10, 10, 10, 10, 10, 10, 1, 10, 
11: 1, 0, 10, 10, 1, 0, 0, 10, 3, 3, 10, 0, 10, 0, 10, 0, 10, 0, 0, 0, : 1, 10, 10, 1, 10, 3, 3, 10, 10, 10, 10, 
34: 0, 0, 0, 6, 10, 10, 0, 10, 10, 10, 0, 0, 0, 0, 1, 0, 10, 10, 1, 10, : 6, 10, 10, 10, 10, 10, 1, 10, 10, 1, 10, 
8: 0, 2, 0, 10, 10, 0, 10, 0, 10, 10, 10, 10, 10, 0, 10, 10, 10, 10, 10, 10, : 2, 10, 10, 10, 10, 10, 10, 10, 10, 10, 10, 10, 10, 10, 10, 
35: 10, 0, 10, 0, 4, 10, 0, 0, 10, 0, 10, 5, 0, 10, 10, 0, 1, 0, 1, 0, : 10, 10, 4, 10, 10, 10, 5, 10, 10, 1, 1, 
33: 0, 10, 0, 0, 0, 0, 10, 5, 10, 0, 10, 0, 0, 10, 2, 10, 10, 10, 10, 0, : 10, 10, 5, 10, 10, 10, 2, 10, 10, 10, 10, 
37: 10, 10, 10, 0, 10, 10, 10, 0, 10, 0, 0, 0, 0, 1, 0, 10, 0, 0, 10, 0, : 10, 10, 10, 10, 10, 10, 10, 1, 10, 10, 
22: 10, 10, 0, 0, 0, 10, 1, 10, 10, 0, 0, 0, 10, 10, 0, 0, 0, 0, 1, 10, : 10, 10, 10, 1, 10, 10, 10, 10, 1, 10, 
20: 10, 0, 5, 10, 10, 0, 0, 3, 0, 2, 0, 10, 10, 0, 10, 0, 0, 10, 10, 4, : 10, 5, 10, 10, 3, 2, 10, 10, 10, 10, 10, 4, 
26: 10, 0, 10, 10, 10, 10, 0, 0, 0, 0, 0, 0, 10, 5, 0, 3, 3, 10, 1, 0, : 10, 10, 10, 10, 10, 10, 5, 3, 3, 10, 1, 
30: 10, 10, 0, 0, 10, 10, 0, 10, 10, 10, 2, 0, 10, 10, 10, 10, 1, 10, 1, 0, : 10, 10, 10, 10, 10, 10, 10, 2, 10, 10, 10, 10, 1, 10, 1, 
19: 0, 7, 10, 2, 0, 0, 4, 0, 0, 0, 0, 10, 0, 0, 0, 0, 10, 0, 10, 10, : 7, 10, 2, 4, 10, 10, 10, 10, 
40: 4, 0, 0, 10, 0, 10, 10, 0, 10, 0, 10, 0, 10, 0, 10, 10, 0, 0, 10, 10, : 4, 10, 10, 10, 10, 10, 10, 10, 10, 10, 10, 
25: 10, 10, 10, 2, 0, 10, 0, 0, 0, 10, 10, 10, 10, 1, 0, 10, 10, 10, 0, 0, : 10, 10, 10, 2, 10, 10, 10, 10, 10, 1, 10, 10, 10, 


