
80
160
405
2

3: 10, 10, 10, 0, 0, 0, 10, 4, 0, 0, 0, 0, 10, 10, 0, 0, 1, 16, 10, 0, 0, 0, 10, 0, 10, 0, 10, 10, 10, 10, 10, 10, 10, 10, 10, 10, 0, 0, 10, 10, 10, 10, 10, 0, 0, 0, 10, 0, 0, 0, 10, 10, 0, 10, 10, 10, 0, 10, 0, 0, 10, 0, 0, 10, 0, 10, 0, 10, 10, 0, 10, 10, 10, 10, 0, 0, 10, 0, 10, 0, : 10, 10, 10, 10, 4, 10, 10, 1, 16, 10, 10, 10, 10, 10, 10, 10, 10, 10, 10, 10, 10, 10, 10, 10, 10, 10, 10, 10, 10, 10, 10, 10, 10, 10, 10, 10, 10, 10, 10, 10, 10, 10, 10, 10, 10, 
70: 0, 10, 0, 10, 0, 10, 10, 0, 10, 10, 0, 3, 6, 0, 2, 0, 10, 0, 0, 0, 10, 0, 10, 10, 0, 10, 0, 0, 10, 0, 10, 0, 10, 10, 9, 10, 0, 10, 0, 7, 0, 0, 0, 0, 10, 10, 0, 0, 0, 10, 0, 0, 10, 10, 10, 0, 0, 10, 10, 0, 0, 0, 10, 0, 0, 0, 0, 0, 0, 0, 10, 0, 0, 10, 4, 0, 0, 0, 0, 10, : 10, 10, 10, 10, 10, 10, 3, 6, 2, 10, 10, 10, 10, 10, 10, 10, 10, 10, 9, 10, 10, 7, 10, 10, 10, 10, 10, 10, 10, 10, 10, 10, 10, 4, 10, 
2: 0, 0, 10, 10, 10, 10, 0, 10, 10, 0, 2, 0, 10, 10, 10, 10, 0, 8, 10, 10, 0, 0, 0, 10, 10, 0, 10, 0, 0, 10, 0, 10, 0, 0, 10, 10, 0, 0, 10, 0, 10, 10, 10, 10, 0, 0, 10, 10, 0, 1, 10, 2, 0, 0, 0, 10, 0, 10, 0, 0, 10, 10, 10, 10, 10, 10, 10, 5, 0, 10, 10, 0, 0, 0, 0, 4, 10, 0, 10, 0, : 10, 10, 10, 10, 10, 10, 2, 10, 10, 10, 10, 8, 10, 10, 10, 10, 10, 10, 10, 10, 10, 10, 10, 10, 10, 10, 10, 10, 1, 10, 2, 10, 10, 10, 10, 10, 10, 10, 10, 10, 5, 10, 10, 4, 10, 10, 
102: 10, 10, 10, 0, 10, 10, 10, 10, 0, 0, 10, 1, 0, 10, 10, 0, 0, 0, 0, 0, 10, 0, 0, 0, 10, 0, 10, 0, 3, 0, 10, 10, 0, 0, 0, 0, 10, 10, 0, 7, 10, 10, 0, 10, 0, 0, 10, 0, 10, 10, 10, 10, 10, 10, 0, 10, 10, 0, 10, 0, 10, 0, 0, 0, 10, 0, 10, 0, 10, 0, 0, 0, 0, 0, 0, 0, 10, 0, 0, 0, : 10, 10, 10, 10, 10, 10, 10, 10, 1, 10, 10, 10, 10, 10, 3, 10, 10, 10, 10, 7, 10, 10, 10, 10, 10, 10, 10, 10, 10, 10, 10, 10, 10, 10, 10, 10, 10, 10, 
135: 0, 0, 10, 10, 10, 0, 10, 10, 0, 10, 0, 10, 0, 0, 0, 12, 10, 12, 10, 0, 10, 0, 0, 10, 10, 10, 0, 20, 0, 0, 0, 10, 10, 0, 0, 10, 10, 10, 10, 10, 10, 10, 0, 10, 0, 10, 10, 10, 0, 10, 0, 0, 10, 10, 0, 0, 10, 10, 0, 0, 0, 10, 10, 0, 0, 13, 10, 10, 10, 0, 10, 0, 0, 0, 10, 1, 0, 0, 10, 10, : 10, 10, 10, 10, 10, 10, 10, 12, 10, 12, 10, 10, 10, 10, 10, 20, 10, 10, 10, 10, 10, 10, 10, 10, 10, 10, 10, 10, 10, 10, 10, 10, 10, 10, 10, 10, 13, 10, 10, 10, 10, 10, 1, 10, 10, 
153: 0, 10, 0, 10, 10, 0, 0, 10, 0, 10, 10, 0, 10, 10, 10, 10, 10, 0, 10, 10, 10, 10, 0, 0, 0, 0, 10, 1, 0, 10, 10, 10, 10, 10, 10, 10, 0, 10, 10, 0, 0, 0, 0, 0, 0, 0, 10, 0, 10, 0, 10, 0, 10, 0, 0, 10, 10, 0, 10, 10, 0, 1, 10, 0, 10, 0, 0, 10, 10, 10, 0, 10, 0, 0, 0, 10, 10, 0, 10, 2, : 10, 10, 10, 10, 10, 10, 10, 10, 10, 10, 10, 10, 10, 10, 10, 10, 1, 10, 10, 10, 10, 10, 10, 10, 10, 10, 10, 10, 10, 10, 10, 10, 10, 10, 1, 10, 10, 10, 10, 10, 10, 10, 10, 10, 2, 
117: 10, 10, 0, 10, 0, 10, 0, 0, 10, 10, 10, 10, 10, 0, 0, 10, 10, 16, 0, 0, 0, 0, 10, 0, 2, 0, 0, 10, 10, 0, 10, 10, 0, 10, 10, 9, 10, 10, 4, 10, 0, 5, 0, 0, 0, 0, 0, 10, 10, 0, 10, 2, 0, 11, 10, 10, 10, 0, 0, 0, 0, 0, 0, 10, 0, 10, 0, 10, 0, 0, 10, 0, 10, 10, 0, 0, 10, 0, 0, 10, : 10, 10, 10, 10, 10, 10, 10, 10, 10, 10, 10, 16, 10, 2, 10, 10, 10, 10, 10, 10, 9, 10, 10, 4, 10, 5, 10, 10, 10, 2, 11, 10, 10, 10, 10, 10, 10, 10, 10, 10, 10, 10, 
57: 0, 10, 10, 10, 1, 0, 16, 0, 0, 10, 10, 0, 10, 10, 0, 10, 10, 10, 0, 10, 10, 0, 10, 1, 10, 10, 0, 10, 6, 10, 0, 10, 0, 0, 10, 0, 10, 0, 0, 10, 10, 0, 0, 0, 10, 10, 0, 10, 10, 10, 10, 10, 0, 0, 0, 10, 10, 0, 0, 10, 10, 10, 0, 10, 0, 10, 10, 0, 0, 2, 10, 0, 10, 10, 10, 10, 0, 10, 10, 10, : 10, 10, 10, 1, 16, 10, 10, 10, 10, 10, 10, 10, 10, 10, 10, 1, 10, 10, 10, 6, 10, 10, 10, 10, 10, 10, 10, 10, 10, 10, 10, 10, 10, 10, 10, 10, 10, 10, 10, 10, 10, 2, 10, 10, 10, 10, 10, 10, 10, 10, 
130: 0, 0, 0, 0, 10, 0, 7, 10, 0, 18, 0, 0, 0, 0, 0, 10, 10, 0, 0, 0, 0, 0, 0, 1, 10, 0, 10, 10, 0, 10, 0, 0, 0, 0, 0, 0, 10, 1, 10, 0, 0, 0, 0, 0, 10, 0, 0, 10, 0, 10, 0, 10, 10, 10, 0, 10, 0, 0, 0, 10, 10, 10, 10, 0, 0, 10, 10, 10, 0, 1, 10, 10, 10, 0, 10, 10, 10, 0, 0, 10, : 10, 7, 10, 18, 10, 10, 1, 10, 10, 10, 10, 10, 1, 10, 10, 10, 10, 10, 10, 10, 10, 10, 10, 10, 10, 10, 10, 10, 1, 10, 10, 10, 10, 10, 10, 10, 
22: 0, 0, 0, 0, 10, 0, 10, 10, 0, 0, 0, 0, 10, 0, 1, 10, 10, 10, 10, 10, 10, 0, 10, 0, 0, 0, 0, 10, 10, 10, 10, 0, 0, 10, 0, 10, 10, 10, 0, 10, 0, 10, 10, 10, 10, 10, 0, 0, 0, 10, 10, 0, 10, 0, 10, 0, 10, 10, 10, 0, 0, 10, 10, 0, 10, 10, 0, 10, 10, 0, 10, 0, 0, 10, 0, 10, 10, 10, 10, 0, : 10, 10, 10, 10, 1, 10, 10, 10, 10, 10, 10, 10, 10, 10, 10, 10, 10, 10, 10, 10, 10, 10, 10, 10, 10, 10, 10, 10, 10, 10, 10, 10, 10, 10, 10, 10, 10, 10, 10, 10, 10, 10, 10, 10, 10, 
24: 0, 10, 10, 0, 0, 0, 0, 0, 10, 0, 10, 0, 10, 10, 0, 0, 10, 0, 10, 4, 10, 10, 0, 0, 0, 10, 10, 10, 0, 10, 0, 0, 10, 0, 0, 0, 10, 0, 0, 10, 0, 0, 0, 0, 0, 10, 0, 10, 10, 0, 0, 0, 0, 0, 10, 10, 10, 0, 0, 10, 10, 10, 0, 10, 10, 0, 10, 0, 0, 10, 0, 0, 0, 10, 10, 10, 0, 0, 0, 0, : 10, 10, 10, 10, 10, 10, 10, 10, 4, 10, 10, 10, 10, 10, 10, 10, 10, 10, 10, 10, 10, 10, 10, 10, 10, 10, 10, 10, 10, 10, 10, 10, 10, 10, 
112: 0, 10, 10, 0, 0, 10, 2, 0, 10, 10, 10, 0, 5, 10, 0, 0, 0, 10, 10, 10, 10, 10, 10, 1, 0, 10, 0, 0, 10, 0, 0, 10, 10, 10, 0, 0, 0, 10, 0, 10, 0, 0, 10, 10, 10, 10, 10, 1, 10, 0, 0, 0, 10, 0, 10, 10, 0, 10, 0, 3, 10, 0, 0, 0, 10, 0, 10, 0, 10, 10, 0, 0, 10, 10, 10, 0, 16, 0, 15, 0, : 10, 10, 10, 2, 10, 10, 10, 5, 10, 10, 10, 10, 10, 10, 10, 1, 10, 10, 10, 10, 10, 10, 10, 10, 10, 10, 10, 10, 1, 10, 10, 10, 10, 10, 3, 10, 10, 10, 10, 10, 10, 10, 10, 16, 15, 
129: 10, 0, 0, 0, 0, 10, 0, 10, 0, 10, 10, 10, 0, 0, 0, 10, 0, 10, 0, 0, 10, 0, 10, 0, 0, 10, 10, 10, 2, 10, 10, 10, 0, 10, 0, 10, 10, 0, 0, 10, 0, 10, 10, 10, 0, 0, 10, 0, 2, 14, 2, 10, 0, 0, 10, 10, 10, 0, 10, 10, 0, 0, 10, 10, 0, 0, 0, 0, 0, 0, 1, 10, 10, 0, 0, 0, 0, 0, 0, 10, : 10, 10, 10, 10, 10, 10, 10, 10, 10, 10, 10, 10, 10, 2, 10, 10, 10, 10, 10, 10, 10, 10, 10, 10, 10, 2, 14, 2, 10, 10, 10, 10, 10, 10, 10, 10, 1, 10, 10, 10, 
20: 0, 10, 0, 10, 10, 4, 10, 10, 10, 0, 0, 10, 0, 10, 0, 10, 0, 10, 0, 1, 0, 0, 0, 10, 0, 13, 0, 0, 0, 0, 10, 10, 10, 0, 0, 0, 10, 0, 10, 2, 0, 10, 0, 0, 0, 0, 10, 9, 0, 0, 0, 10, 0, 10, 0, 10, 10, 10, 0, 10, 0, 0, 10, 1, 10, 10, 0, 10, 0, 0, 10, 0, 0, 0, 10, 0, 0, 0, 0, 10, : 10, 10, 10, 4, 10, 10, 10, 10, 10, 10, 10, 1, 10, 13, 10, 10, 10, 10, 10, 2, 10, 10, 9, 10, 10, 10, 10, 10, 10, 10, 1, 10, 10, 10, 10, 10, 10, 
66: 0, 13, 6, 0, 0, 0, 0, 2, 10, 0, 10, 0, 0, 0, 0, 10, 0, 0, 10, 0, 10, 10, 10, 0, 10, 10, 10, 10, 10, 0, 10, 10, 10, 0, 10, 0, 10, 10, 0, 10, 10, 9, 10, 0, 10, 0, 0, 2, 10, 10, 10, 1, 10, 10, 10, 10, 19, 0, 0, 0, 0, 0, 10, 10, 10, 0, 0, 10, 10, 10, 10, 10, 6, 10, 0, 10, 0, 10, 0, 0, : 13, 6, 2, 10, 10, 10, 10, 10, 10, 10, 10, 10, 10, 10, 10, 10, 10, 10, 10, 10, 10, 10, 10, 9, 10, 10, 2, 10, 10, 10, 1, 10, 10, 10, 10, 19, 10, 10, 10, 10, 10, 10, 10, 10, 6, 10, 10, 10, 
17: 10, 10, 0, 3, 0, 10, 0, 10, 10, 0, 0, 0, 10, 0, 0, 10, 10, 10, 0, 10, 10, 10, 10, 10, 0, 10, 0, 10, 10, 0, 0, 0, 10, 10, 10, 10, 0, 10, 10, 0, 10, 0, 0, 10, 10, 0, 10, 10, 10, 10, 0, 0, 10, 0, 0, 10, 0, 19, 0, 0, 0, 10, 0, 0, 0, 0, 0, 0, 10, 0, 10, 10, 10, 10, 10, 0, 10, 0, 0, 0, : 10, 10, 3, 10, 10, 10, 10, 10, 10, 10, 10, 10, 10, 10, 10, 10, 10, 10, 10, 10, 10, 10, 10, 10, 10, 10, 10, 10, 10, 10, 10, 10, 10, 19, 10, 10, 10, 10, 10, 10, 10, 10, 
61: 10, 0, 10, 10, 0, 0, 10, 10, 10, 10, 0, 0, 0, 10, 10, 10, 0, 0, 10, 10, 10, 10, 10, 0, 10, 0, 7, 10, 0, 10, 10, 10, 0, 10, 10, 0, 0, 10, 10, 10, 0, 10, 10, 0, 10, 10, 1, 10, 0, 0, 10, 10, 10, 0, 0, 10, 10, 10, 10, 0, 10, 0, 0, 0, 10, 10, 10, 10, 0, 10, 0, 10, 10, 10, 10, 10, 0, 10, 10, 10, : 10, 10, 10, 10, 10, 10, 10, 10, 10, 10, 10, 10, 10, 10, 10, 10, 7, 10, 10, 10, 10, 10, 10, 10, 10, 10, 10, 10, 10, 10, 1, 10, 10, 10, 10, 10, 10, 10, 10, 10, 10, 10, 10, 10, 10, 10, 10, 10, 10, 10, 10, 10, 10, 
89: 0, 10, 10, 0, 10, 10, 0, 0, 0, 10, 10, 0, 10, 10, 10, 10, 0, 0, 0, 10, 0, 0, 10, 10, 0, 10, 10, 10, 10, 10, 10, 0, 1, 0, 1, 10, 0, 10, 10, 10, 0, 0, 10, 3, 10, 10, 0, 10, 0, 0, 10, 10, 0, 0, 10, 10, 4, 0, 0, 0, 10, 0, 0, 10, 0, 10, 10, 10, 0, 10, 0, 0, 10, 0, 0, 0, 0, 10, 10, 0, : 10, 10, 10, 10, 10, 10, 10, 10, 10, 10, 10, 10, 10, 10, 10, 10, 10, 10, 10, 1, 1, 10, 10, 10, 10, 10, 3, 10, 10, 10, 10, 10, 10, 10, 4, 10, 10, 10, 10, 10, 10, 10, 10, 10, 
53: 10, 10, 10, 10, 0, 0, 0, 10, 10, 0, 10, 10, 0, 10, 10, 10, 10, 10, 0, 0, 10, 0, 10, 0, 0, 0, 0, 0, 10, 0, 0, 0, 0, 10, 10, 0, 10, 0, 10, 0, 0, 0, 10, 0, 10, 0, 10, 0, 0, 10, 0, 0, 0, 0, 1, 10, 0, 0, 10, 0, 0, 0, 0, 10, 0, 10, 0, 0, 10, 0, 0, 10, 10, 10, 10, 0, 0, 0, 10, 10, : 10, 10, 10, 10, 10, 10, 10, 10, 10, 10, 10, 10, 10, 10, 10, 10, 10, 10, 10, 10, 10, 10, 10, 10, 1, 10, 10, 10, 10, 10, 10, 10, 10, 10, 10, 10, 
45: 10, 0, 10, 4, 0, 0, 0, 10, 10, 0, 0, 10, 10, 0, 10, 0, 10, 0, 10, 10, 0, 10, 0, 0, 0, 10, 0, 10, 10, 1, 10, 18, 10, 10, 0, 10, 19, 0, 10, 10, 10, 10, 10, 10, 0, 10, 1, 0, 0, 0, 0, 0, 10, 0, 10, 10, 0, 12, 0, 10, 10, 0, 10, 0, 10, 0, 10, 0, 10, 0, 0, 0, 0, 0, 0, 0, 10, 0, 10, 10, : 10, 10, 4, 10, 10, 10, 10, 10, 10, 10, 10, 10, 10, 10, 10, 1, 10, 18, 10, 10, 10, 19, 10, 10, 10, 10, 10, 10, 10, 1, 10, 10, 10, 12, 10, 10, 10, 10, 10, 10, 10, 10, 10, 
27: 10, 10, 10, 10, 10, 10, 10, 10, 0, 0, 10, 0, 10, 0, 0, 0, 10, 10, 10, 3, 0, 10, 10, 0, 10, 10, 4, 3, 0, 10, 10, 10, 0, 0, 17, 10, 10, 0, 0, 10, 10, 0, 10, 0, 3, 10, 0, 0, 10, 10, 10, 0, 10, 10, 0, 0, 10, 0, 0, 10, 0, 0, 0, 0, 0, 10, 0, 10, 0, 10, 10, 10, 1, 0, 0, 10, 10, 0, 10, 10, : 10, 10, 10, 10, 10, 10, 10, 10, 10, 10, 10, 10, 10, 3, 10, 10, 10, 10, 4, 3, 10, 10, 10, 17, 10, 10, 10, 10, 10, 3, 10, 10, 10, 10, 10, 10, 10, 10, 10, 10, 10, 10, 10, 1, 10, 10, 10, 10, 
107: 0, 0, 0, 10, 10, 10, 0, 10, 0, 0, 10, 10, 0, 10, 10, 7, 2, 0, 10, 10, 10, 10, 0, 1, 10, 19, 1, 10, 0, 0, 10, 10, 0, 0, 10, 10, 6, 4, 0, 10, 0, 0, 0, 0, 10, 10, 10, 0, 0, 0, 10, 0, 10, 10, 10, 10, 0, 10, 0, 10, 0, 3, 10, 0, 10, 10, 0, 10, 0, 7, 0, 0, 0, 10, 0, 0, 10, 10, 10, 0, : 10, 10, 10, 10, 10, 10, 10, 10, 7, 2, 10, 10, 10, 10, 1, 10, 19, 1, 10, 10, 10, 10, 10, 6, 4, 10, 10, 10, 10, 10, 10, 10, 10, 10, 10, 10, 3, 10, 10, 10, 10, 7, 10, 10, 10, 10, 
13: 10, 0, 0, 10, 0, 10, 10, 10, 0, 0, 10, 10, 10, 10, 0, 0, 10, 10, 0, 10, 10, 10, 10, 10, 0, 0, 10, 10, 0, 0, 13, 10, 2, 10, 10, 0, 10, 0, 10, 10, 10, 0, 10, 10, 10, 0, 0, 10, 0, 0, 0, 10, 10, 10, 10, 0, 10, 0, 10, 10, 10, 0, 0, 10, 0, 0, 10, 0, 10, 10, 10, 0, 0, 10, 0, 0, 0, 0, 0, 0, : 10, 10, 10, 10, 10, 10, 10, 10, 10, 10, 10, 10, 10, 10, 10, 10, 10, 10, 13, 10, 2, 10, 10, 10, 10, 10, 10, 10, 10, 10, 10, 10, 10, 10, 10, 10, 10, 10, 10, 10, 10, 10, 10, 10, 10, 
131: 0, 0, 0, 10, 10, 10, 16, 10, 5, 10, 10, 0, 10, 0, 2, 10, 8, 10, 10, 0, 0, 0, 10, 10, 10, 10, 0, 10, 0, 0, 10, 10, 10, 0, 10, 0, 0, 10, 0, 0, 0, 10, 10, 10, 10, 0, 0, 10, 0, 10, 10, 10, 0, 1, 10, 10, 10, 13, 10, 0, 10, 10, 10, 10, 10, 0, 0, 0, 10, 0, 0, 0, 0, 0, 0, 10, 10, 10, 10, 0, : 10, 10, 10, 16, 10, 5, 10, 10, 10, 2, 10, 8, 10, 10, 10, 10, 10, 10, 10, 10, 10, 10, 10, 10, 10, 10, 10, 10, 10, 10, 10, 10, 1, 10, 10, 10, 13, 10, 10, 10, 10, 10, 10, 10, 10, 10, 10, 10, 
32: 0, 0, 10, 0, 10, 10, 0, 0, 10, 0, 0, 2, 0, 0, 10, 4, 10, 0, 10, 0, 0, 0, 10, 10, 10, 10, 0, 0, 0, 10, 1, 10, 0, 2, 10, 0, 10, 10, 0, 10, 10, 0, 0, 10, 0, 0, 0, 0, 10, 10, 10, 0, 0, 0, 0, 10, 0, 0, 10, 0, 10, 10, 10, 10, 10, 0, 0, 0, 10, 10, 3, 10, 10, 10, 0, 10, 10, 0, 10, 10, : 10, 10, 10, 10, 2, 10, 4, 10, 10, 10, 10, 10, 10, 10, 1, 10, 2, 10, 10, 10, 10, 10, 10, 10, 10, 10, 10, 10, 10, 10, 10, 10, 10, 10, 10, 3, 10, 10, 10, 10, 10, 10, 10, 
63: 0, 10, 10, 10, 0, 10, 10, 0, 0, 10, 0, 10, 10, 10, 10, 10, 10, 0, 10, 0, 0, 10, 0, 10, 0, 10, 10, 10, 10, 0, 10, 0, 0, 10, 0, 0, 10, 0, 0, 0, 2, 10, 0, 0, 10, 0, 0, 10, 0, 10, 10, 10, 0, 10, 10, 0, 0, 10, 10, 0, 0, 10, 10, 10, 0, 10, 0, 10, 0, 10, 10, 0, 10, 10, 1, 10, 10, 0, 2, 10, : 10, 10, 10, 10, 10, 10, 10, 10, 10, 10, 10, 10, 10, 10, 10, 10, 10, 10, 10, 10, 10, 10, 2, 10, 10, 10, 10, 10, 10, 10, 10, 10, 10, 10, 10, 10, 10, 10, 10, 10, 10, 10, 1, 10, 10, 2, 10, 
16: 10, 0, 0, 10, 10, 0, 10, 10, 0, 0, 0, 0, 10, 10, 0, 10, 10, 0, 10, 10, 0, 12, 0, 10, 0, 10, 0, 0, 10, 0, 0, 10, 0, 0, 0, 0, 0, 0, 0, 0, 10, 0, 10, 0, 0, 10, 0, 0, 10, 10, 10, 0, 0, 0, 0, 0, 0, 0, 10, 10, 10, 10, 0, 10, 0, 10, 10, 10, 0, 0, 0, 10, 0, 0, 10, 10, 10, 10, 0, 10, : 10, 10, 10, 10, 10, 10, 10, 10, 10, 10, 10, 12, 10, 10, 10, 10, 10, 10, 10, 10, 10, 10, 10, 10, 10, 10, 10, 10, 10, 10, 10, 10, 10, 10, 10, 10, 
105: 10, 0, 10, 0, 10, 0, 10, 0, 0, 0, 10, 10, 0, 0, 10, 0, 10, 0, 0, 0, 0, 0, 10, 0, 0, 0, 10, 0, 0, 0, 17, 0, 0, 10, 0, 0, 0, 10, 0, 0, 10, 0, 0, 10, 10, 1, 10, 10, 10, 0, 10, 0, 10, 0, 0, 0, 0, 0, 10, 0, 0, 10, 10, 10, 0, 10, 10, 10, 0, 0, 0, 10, 10, 10, 0, 10, 1, 10, 0, 10, : 10, 10, 10, 10, 10, 10, 10, 10, 10, 10, 17, 10, 10, 10, 10, 10, 1, 10, 10, 10, 10, 10, 10, 10, 10, 10, 10, 10, 10, 10, 10, 10, 10, 1, 10, 10, 
149: 0, 0, 0, 0, 1, 14, 0, 0, 0, 0, 0, 10, 10, 0, 10, 0, 10, 0, 10, 10, 0, 0, 0, 0, 0, 1, 10, 10, 0, 0, 0, 0, 10, 0, 0, 0, 10, 0, 0, 10, 10, 0, 10, 10, 10, 10, 0, 10, 0, 10, 0, 0, 10, 0, 10, 0, 10, 10, 0, 0, 0, 0, 10, 0, 0, 0, 3, 10, 0, 0, 10, 10, 10, 10, 7, 10, 0, 10, 10, 0, : 1, 14, 10, 10, 10, 10, 10, 10, 1, 10, 10, 10, 10, 10, 10, 10, 10, 10, 10, 10, 10, 10, 10, 10, 10, 10, 3, 10, 10, 10, 10, 10, 7, 10, 10, 10, 
59: 0, 0, 10, 10, 10, 0, 1, 0, 10, 10, 10, 10, 0, 0, 10, 10, 0, 0, 10, 0, 0, 0, 0, 10, 6, 0, 0, 0, 0, 0, 10, 0, 10, 10, 10, 10, 0, 0, 0, 0, 10, 10, 10, 10, 10, 10, 10, 10, 10, 0, 0, 0, 10, 0, 0, 0, 10, 0, 10, 0, 0, 10, 0, 10, 10, 0, 10, 0, 0, 10, 0, 10, 10, 10, 0, 10, 10, 10, 10, 10, : 10, 10, 10, 1, 10, 10, 10, 10, 10, 10, 10, 10, 6, 10, 10, 10, 10, 10, 10, 10, 10, 10, 10, 10, 10, 10, 10, 10, 10, 10, 10, 10, 10, 10, 10, 10, 10, 10, 10, 10, 10, 10, 10, 
72: 10, 10, 12, 10, 0, 4, 0, 10, 0, 0, 0, 10, 0, 0, 0, 10, 0, 10, 10, 10, 4, 10, 10, 10, 10, 10, 0, 0, 10, 0, 0, 0, 10, 0, 4, 1, 0, 0, 0, 0, 0, 0, 10, 0, 0, 10, 10, 0, 1, 0, 10, 0, 0, 10, 10, 0, 10, 0, 10, 0, 0, 0, 0, 0, 0, 1, 10, 10, 10, 10, 10, 10, 0, 10, 2, 10, 0, 0, 0, 0, : 10, 10, 12, 10, 4, 10, 10, 10, 10, 10, 10, 4, 10, 10, 10, 10, 10, 10, 10, 4, 1, 10, 10, 10, 1, 10, 10, 10, 10, 10, 1, 10, 10, 10, 10, 10, 10, 10, 2, 10, 
67: 10, 10, 10, 10, 0, 0, 0, 0, 10, 10, 10, 10, 10, 0, 10, 0, 0, 0, 0, 10, 10, 10, 0, 0, 10, 0, 10, 0, 0, 0, 0, 0, 0, 10, 0, 10, 0, 0, 0, 10, 10, 0, 0, 10, 10, 1, 0, 0, 10, 10, 10, 0, 10, 10, 10, 4, 0, 0, 0, 10, 0, 0, 10, 10, 0, 0, 0, 0, 10, 10, 10, 10, 0, 10, 10, 0, 0, 3, 0, 0, : 10, 10, 10, 10, 10, 10, 10, 10, 10, 10, 10, 10, 10, 10, 10, 10, 10, 10, 10, 10, 10, 1, 10, 10, 10, 10, 10, 10, 4, 10, 10, 10, 10, 10, 10, 10, 10, 10, 3, 
42: 2, 10, 10, 10, 10, 0, 10, 0, 10, 10, 0, 10, 10, 0, 0, 0, 0, 10, 0, 10, 0, 10, 0, 0, 10, 0, 0, 0, 10, 0, 0, 10, 0, 1, 11, 0, 0, 0, 10, 10, 10, 10, 10, 0, 10, 0, 0, 0, 0, 10, 10, 0, 10, 0, 0, 10, 10, 0, 10, 10, 0, 10, 10, 10, 10, 0, 0, 10, 0, 10, 0, 0, 0, 0, 3, 10, 0, 10, 0, 0, : 2, 10, 10, 10, 10, 10, 10, 10, 10, 10, 10, 10, 10, 10, 10, 10, 1, 11, 10, 10, 10, 10, 10, 10, 10, 10, 10, 10, 10, 10, 10, 10, 10, 10, 10, 10, 10, 3, 10, 10, 
73: 0, 10, 10, 0, 0, 0, 10, 0, 0, 0, 0, 0, 10, 0, 9, 0, 0, 10, 0, 0, 0, 10, 10, 0, 0, 10, 10, 10, 0, 10, 0, 10, 0, 0, 10, 0, 0, 10, 10, 10, 10, 0, 10, 0, 0, 0, 10, 0, 10, 10, 0, 10, 0, 10, 10, 0, 0, 0, 10, 10, 0, 0, 1, 10, 10, 0, 10, 0, 0, 0, 0, 10, 0, 0, 0, 10, 0, 1, 0, 0, : 10, 10, 10, 10, 9, 10, 10, 10, 10, 10, 10, 10, 10, 10, 10, 10, 10, 10, 10, 10, 10, 10, 10, 10, 10, 10, 10, 1, 10, 10, 10, 10, 10, 1, 
125: 10, 1, 0, 0, 2, 10, 0, 10, 0, 0, 10, 0, 10, 0, 0, 0, 2, 10, 0, 10, 10, 10, 0, 10, 0, 10, 10, 0, 0, 0, 0, 6, 10, 0, 10, 0, 0, 0, 10, 10, 0, 0, 0, 10, 10, 10, 0, 0, 10, 10, 10, 10, 10, 0, 0, 10, 10, 10, 0, 0, 10, 10, 10, 0, 0, 0, 0, 0, 10, 10, 10, 10, 0, 10, 0, 10, 0, 10, 10, 0, : 10, 1, 2, 10, 10, 10, 10, 2, 10, 10, 10, 10, 10, 10, 10, 6, 10, 10, 10, 10, 10, 10, 10, 10, 10, 10, 10, 10, 10, 10, 10, 10, 10, 10, 10, 10, 10, 10, 10, 10, 10, 10, 
139: 1, 0, 0, 0, 10, 0, 1, 0, 0, 10, 0, 10, 10, 0, 10, 1, 10, 10, 10, 10, 10, 0, 0, 10, 10, 0, 0, 10, 10, 0, 10, 0, 2, 0, 0, 10, 10, 10, 0, 0, 0, 10, 10, 10, 0, 10, 0, 10, 0, 0, 0, 10, 10, 10, 0, 10, 0, 10, 0, 10, 10, 0, 0, 0, 10, 10, 0, 0, 0, 10, 10, 0, 5, 0, 10, 10, 0, 1, 10, 0, : 1, 10, 1, 10, 10, 10, 10, 1, 10, 10, 10, 10, 10, 10, 10, 10, 10, 10, 2, 10, 10, 10, 10, 10, 10, 10, 10, 10, 10, 10, 10, 10, 10, 10, 10, 10, 10, 10, 5, 10, 10, 1, 10, 
55: 10, 1, 10, 0, 10, 0, 5, 10, 0, 10, 0, 10, 0, 10, 0, 0, 10, 10, 10, 0, 10, 0, 0, 0, 0, 10, 10, 0, 10, 10, 0, 0, 0, 10, 20, 10, 0, 0, 0, 10, 10, 0, 0, 10, 10, 10, 3, 0, 10, 10, 0, 10, 10, 0, 0, 0, 0, 10, 10, 0, 10, 10, 0, 0, 10, 10, 10, 10, 0, 10, 0, 10, 10, 0, 10, 0, 0, 0, 0, 0, : 10, 1, 10, 10, 5, 10, 10, 10, 10, 10, 10, 10, 10, 10, 10, 10, 10, 10, 20, 10, 10, 10, 10, 10, 10, 3, 10, 10, 10, 10, 10, 10, 10, 10, 10, 10, 10, 10, 10, 10, 10, 10, 
4: 10, 10, 0, 11, 10, 10, 0, 10, 10, 0, 10, 0, 10, 4, 2, 10, 0, 0, 10, 10, 0, 10, 0, 10, 0, 0, 0, 10, 10, 10, 10, 10, 10, 0, 0, 0, 0, 0, 0, 10, 0, 10, 0, 1, 0, 0, 10, 10, 10, 0, 0, 10, 0, 0, 10, 0, 0, 0, 10, 10, 10, 10, 0, 0, 0, 0, 0, 0, 2, 10, 10, 0, 0, 0, 10, 0, 13, 10, 10, 0, : 10, 10, 11, 10, 10, 10, 10, 10, 10, 4, 2, 10, 10, 10, 10, 10, 10, 10, 10, 10, 10, 10, 10, 10, 1, 10, 10, 10, 10, 10, 10, 10, 10, 10, 2, 10, 10, 10, 13, 10, 10, 
74: 0, 0, 10, 0, 10, 0, 10, 10, 10, 10, 10, 10, 3, 0, 0, 0, 20, 0, 0, 0, 0, 0, 0, 0, 10, 10, 10, 0, 4, 10, 0, 0, 0, 10, 0, 0, 10, 10, 10, 0, 0, 0, 10, 0, 10, 0, 10, 0, 0, 10, 10, 0, 0, 10, 0, 0, 10, 0, 10, 10, 0, 10, 10, 0, 10, 0, 10, 10, 0, 10, 0, 0, 0, 10, 0, 10, 10, 10, 10, 10, : 10, 10, 10, 10, 10, 10, 10, 10, 3, 20, 10, 10, 10, 4, 10, 10, 10, 10, 10, 10, 10, 10, 10, 10, 10, 10, 10, 10, 10, 10, 10, 10, 10, 10, 10, 10, 10, 10, 10, 10, 
106: 0, 0, 0, 0, 0, 10, 0, 0, 10, 0, 10, 0, 10, 0, 10, 10, 10, 0, 10, 0, 10, 0, 10, 10, 10, 0, 10, 10, 10, 10, 0, 10, 0, 0, 10, 0, 0, 0, 10, 0, 0, 2, 10, 10, 0, 0, 10, 0, 10, 0, 0, 10, 4, 10, 10, 10, 0, 10, 0, 10, 1, 10, 0, 10, 0, 10, 10, 10, 10, 0, 10, 10, 10, 8, 0, 10, 10, 0, 0, 10, : 10, 10, 10, 10, 10, 10, 10, 10, 10, 10, 10, 10, 10, 10, 10, 10, 10, 10, 10, 2, 10, 10, 10, 10, 10, 4, 10, 10, 10, 10, 10, 1, 10, 10, 10, 10, 10, 10, 10, 10, 10, 8, 10, 10, 10, 
98: 10, 0, 0, 0, 0, 10, 10, 0, 0, 0, 10, 10, 0, 0, 0, 10, 10, 0, 0, 19, 10, 10, 0, 10, 10, 10, 0, 10, 10, 10, 10, 0, 10, 10, 10, 10, 10, 10, 10, 0, 10, 0, 0, 0, 0, 10, 10, 0, 10, 0, 0, 10, 0, 10, 10, 10, 0, 10, 0, 0, 0, 10, 0, 0, 0, 10, 10, 10, 1, 10, 0, 15, 10, 0, 0, 0, 0, 10, 12, 0, : 10, 10, 10, 10, 10, 10, 10, 19, 10, 10, 10, 10, 10, 10, 10, 10, 10, 10, 10, 10, 10, 10, 10, 10, 10, 10, 10, 10, 10, 10, 10, 10, 10, 10, 10, 10, 10, 1, 10, 15, 10, 10, 12, 
145: 10, 10, 10, 5, 0, 10, 0, 0, 10, 0, 10, 10, 0, 0, 0, 0, 10, 10, 10, 10, 0, 10, 0, 10, 10, 0, 10, 10, 0, 0, 0, 0, 10, 10, 0, 0, 10, 0, 0, 10, 10, 10, 10, 10, 10, 10, 10, 10, 0, 10, 10, 10, 0, 10, 0, 10, 10, 0, 10, 10, 10, 10, 10, 10, 0, 0, 10, 0, 10, 10, 10, 10, 10, 0, 10, 0, 10, 10, 10, 0, : 10, 10, 10, 5, 10, 10, 10, 10, 10, 10, 10, 10, 10, 10, 10, 10, 10, 10, 10, 10, 10, 10, 10, 10, 10, 10, 10, 10, 10, 10, 10, 10, 10, 10, 10, 10, 10, 10, 10, 10, 10, 10, 10, 10, 10, 10, 10, 10, 10, 10, 10, 
26: 0, 10, 2, 11, 10, 0, 10, 0, 10, 10, 0, 10, 10, 10, 10, 0, 0, 0, 7, 0, 10, 0, 0, 10, 0, 9, 10, 0, 0, 10, 0, 0, 10, 10, 10, 0, 0, 10, 0, 0, 0, 0, 0, 10, 10, 10, 10, 10, 0, 10, 0, 10, 0, 0, 3, 1, 0, 10, 0, 10, 12, 10, 10, 10, 10, 0, 10, 10, 10, 0, 0, 10, 0, 10, 10, 0, 20, 10, 0, 0, : 10, 2, 11, 10, 10, 10, 10, 10, 10, 10, 10, 7, 10, 10, 9, 10, 10, 10, 10, 10, 10, 10, 10, 10, 10, 10, 10, 10, 3, 1, 10, 10, 12, 10, 10, 10, 10, 10, 10, 10, 10, 10, 10, 20, 10, 
79: 10, 10, 1, 0, 10, 10, 10, 0, 10, 3, 10, 0, 10, 10, 0, 10, 0, 10, 10, 10, 10, 0, 10, 10, 0, 10, 10, 10, 10, 0, 7, 0, 10, 0, 10, 10, 10, 0, 0, 2, 10, 0, 0, 10, 0, 0, 0, 10, 10, 0, 0, 10, 1, 0, 10, 0, 0, 10, 10, 10, 12, 0, 10, 10, 10, 0, 10, 0, 10, 10, 10, 10, 10, 0, 0, 10, 10, 10, 0, 0, : 10, 10, 1, 10, 10, 10, 10, 3, 10, 10, 10, 10, 10, 10, 10, 10, 10, 10, 10, 10, 10, 10, 7, 10, 10, 10, 10, 2, 10, 10, 10, 10, 10, 1, 10, 10, 10, 10, 12, 10, 10, 10, 10, 10, 10, 10, 10, 10, 10, 10, 10, 
77: 0, 10, 0, 10, 10, 0, 0, 0, 0, 10, 2, 0, 0, 1, 10, 0, 0, 4, 10, 10, 10, 10, 10, 10, 0, 0, 0, 0, 0, 10, 0, 0, 0, 0, 0, 0, 10, 10, 10, 0, 10, 10, 10, 10, 10, 10, 10, 0, 10, 0, 3, 0, 0, 0, 10, 10, 0, 0, 0, 10, 10, 0, 0, 10, 0, 10, 0, 0, 10, 0, 0, 0, 10, 10, 0, 10, 10, 0, 10, 0, : 10, 10, 10, 10, 2, 1, 10, 4, 10, 10, 10, 10, 10, 10, 10, 10, 10, 10, 10, 10, 10, 10, 10, 10, 10, 10, 3, 10, 10, 10, 10, 10, 10, 10, 10, 10, 10, 10, 10, 
35: 10, 0, 10, 10, 0, 0, 10, 0, 10, 0, 0, 0, 0, 10, 0, 0, 10, 10, 10, 0, 10, 10, 10, 10, 0, 10, 0, 10, 10, 10, 10, 10, 10, 10, 10, 10, 0, 0, 0, 0, 0, 1, 15, 10, 10, 0, 0, 0, 2, 0, 10, 10, 10, 10, 10, 0, 10, 0, 10, 10, 0, 0, 10, 10, 10, 0, 0, 10, 0, 0, 10, 10, 10, 10, 10, 10, 10, 0, 0, 10, : 10, 10, 10, 10, 10, 10, 10, 10, 10, 10, 10, 10, 10, 10, 10, 10, 10, 10, 10, 10, 10, 10, 10, 1, 15, 10, 10, 2, 10, 10, 10, 10, 10, 10, 10, 10, 10, 10, 10, 10, 10, 10, 10, 10, 10, 10, 10, 10, 
76: 10, 10, 0, 10, 0, 0, 0, 10, 0, 0, 10, 10, 0, 10, 10, 10, 0, 10, 10, 10, 0, 10, 10, 10, 0, 10, 0, 0, 0, 0, 10, 10, 10, 10, 10, 0, 0, 0, 1, 0, 0, 19, 0, 1, 0, 0, 10, 0, 10, 0, 10, 0, 10, 0, 10, 0, 0, 10, 10, 0, 10, 10, 10, 0, 10, 0, 0, 10, 2, 10, 0, 0, 0, 0, 0, 0, 0, 0, 0, 0, : 10, 10, 10, 10, 10, 10, 10, 10, 10, 10, 10, 10, 10, 10, 10, 10, 10, 10, 10, 10, 10, 1, 19, 1, 10, 10, 10, 10, 10, 10, 10, 10, 10, 10, 10, 10, 2, 10, 
134: 10, 0, 1, 0, 10, 10, 10, 10, 0, 0, 0, 0, 10, 10, 0, 10, 10, 0, 0, 10, 0, 0, 0, 0, 10, 0, 10, 0, 0, 0, 0, 10, 10, 0, 10, 10, 0, 10, 10, 10, 10, 10, 0, 10, 10, 10, 10, 10, 10, 10, 10, 10, 0, 10, 0, 0, 10, 0, 0, 10, 0, 10, 10, 0, 10, 0, 0, 0, 0, 10, 10, 1, 0, 0, 0, 10, 0, 0, 10, 10, : 10, 1, 10, 10, 10, 10, 10, 10, 10, 10, 10, 10, 10, 10, 10, 10, 10, 10, 10, 10, 10, 10, 10, 10, 10, 10, 10, 10, 10, 10, 10, 10, 10, 10, 10, 10, 10, 10, 10, 1, 10, 10, 10, 
110: 10, 0, 10, 0, 10, 10, 0, 0, 10, 0, 10, 10, 10, 10, 0, 10, 0, 10, 10, 10, 10, 4, 10, 0, 10, 3, 3, 0, 10, 10, 10, 10, 10, 10, 0, 10, 0, 10, 0, 0, 10, 10, 0, 0, 0, 0, 0, 0, 10, 0, 10, 0, 10, 3, 10, 0, 2, 0, 10, 10, 0, 0, 0, 0, 10, 10, 10, 0, 10, 10, 0, 10, 10, 0, 0, 10, 10, 10, 0, 10, : 10, 10, 10, 10, 10, 10, 10, 10, 10, 10, 10, 10, 10, 10, 4, 10, 10, 3, 3, 10, 10, 10, 10, 10, 10, 10, 10, 10, 10, 10, 10, 10, 3, 10, 2, 10, 10, 10, 10, 10, 10, 10, 10, 10, 10, 10, 10, 10, 
81: 10, 0, 10, 0, 10, 0, 10, 3, 0, 10, 10, 0, 10, 10, 10, 10, 0, 0, 0, 10, 10, 0, 10, 10, 10, 0, 0, 0, 0, 10, 0, 10, 0, 0, 0, 0, 10, 0, 10, 10, 0, 10, 0, 5, 0, 0, 0, 10, 10, 10, 10, 10, 0, 0, 0, 0, 0, 0, 10, 2, 0, 0, 10, 10, 0, 10, 10, 10, 10, 0, 0, 0, 1, 0, 10, 0, 0, 10, 0, 17, : 10, 10, 10, 10, 3, 10, 10, 10, 10, 10, 10, 10, 10, 10, 10, 10, 10, 10, 10, 10, 10, 10, 5, 10, 10, 10, 10, 10, 10, 2, 10, 10, 10, 10, 10, 10, 1, 10, 10, 17, 
60: 0, 10, 1, 10, 10, 10, 0, 0, 0, 10, 0, 0, 10, 0, 10, 0, 10, 10, 0, 10, 0, 0, 0, 10, 0, 0, 10, 10, 0, 0, 10, 0, 10, 10, 0, 0, 0, 0, 10, 10, 10, 0, 0, 0, 0, 0, 10, 10, 10, 10, 0, 10, 10, 0, 0, 10, 0, 0, 0, 10, 0, 10, 10, 10, 0, 10, 0, 10, 0, 10, 10, 0, 10, 0, 10, 0, 10, 0, 0, 0, : 10, 1, 10, 10, 10, 10, 10, 10, 10, 10, 10, 10, 10, 10, 10, 10, 10, 10, 10, 10, 10, 10, 10, 10, 10, 10, 10, 10, 10, 10, 10, 10, 10, 10, 10, 10, 10, 10, 
83: 7, 10, 0, 10, 0, 0, 10, 10, 0, 10, 10, 10, 10, 10, 10, 0, 0, 10, 0, 10, 16, 10, 0, 0, 7, 0, 0, 10, 10, 0, 10, 0, 0, 0, 0, 10, 10, 10, 10, 0, 10, 10, 0, 0, 0, 0, 6, 10, 10, 0, 0, 0, 0, 10, 10, 0, 10, 10, 10, 0, 0, 0, 0, 0, 0, 10, 2, 10, 10, 0, 0, 10, 10, 10, 10, 0, 0, 10, 0, 0, : 7, 10, 10, 10, 10, 10, 10, 10, 10, 10, 10, 10, 10, 16, 10, 7, 10, 10, 10, 10, 10, 10, 10, 10, 10, 6, 10, 10, 10, 10, 10, 10, 10, 10, 2, 10, 10, 10, 10, 10, 10, 10, 
148: 4, 0, 10, 0, 0, 0, 0, 0, 0, 10, 0, 10, 0, 0, 2, 0, 10, 0, 0, 0, 0, 10, 0, 1, 10, 10, 0, 0, 0, 10, 10, 0, 10, 0, 0, 15, 10, 10, 10, 0, 0, 10, 0, 10, 10, 0, 0, 10, 0, 0, 0, 10, 0, 0, 10, 0, 10, 0, 10, 10, 10, 10, 0, 1, 0, 0, 10, 10, 10, 0, 0, 10, 10, 10, 0, 10, 0, 10, 0, 0, : 4, 10, 10, 10, 2, 10, 10, 1, 10, 10, 10, 10, 10, 15, 10, 10, 10, 10, 10, 10, 10, 10, 10, 10, 10, 10, 10, 10, 1, 10, 10, 10, 10, 10, 10, 10, 10, 
50: 10, 10, 10, 10, 10, 10, 10, 10, 0, 10, 1, 0, 0, 0, 0, 1, 0, 0, 0, 10, 10, 10, 0, 10, 10, 0, 10, 1, 0, 10, 10, 10, 10, 0, 10, 10, 10, 0, 10, 0, 10, 10, 0, 0, 10, 10, 0, 0, 0, 0, 10, 0, 10, 0, 10, 0, 0, 0, 0, 10, 10, 10, 10, 10, 10, 0, 0, 0, 0, 0, 0, 0, 10, 1, 0, 0, 10, 10, 10, 0, : 10, 10, 10, 10, 10, 10, 10, 10, 10, 1, 1, 10, 10, 10, 10, 10, 10, 1, 10, 10, 10, 10, 10, 10, 10, 10, 10, 10, 10, 10, 10, 10, 10, 10, 10, 10, 10, 10, 10, 10, 1, 10, 10, 10, 
25: 0, 0, 10, 0, 10, 0, 10, 0, 10, 10, 10, 10, 10, 10, 0, 0, 0, 10, 10, 10, 0, 10, 0, 10, 10, 0, 0, 0, 10, 10, 0, 0, 10, 10, 10, 0, 0, 0, 10, 0, 10, 10, 10, 0, 10, 10, 0, 10, 0, 10, 10, 10, 10, 10, 10, 10, 10, 10, 1, 0, 10, 0, 10, 0, 0, 0, 0, 10, 10, 0, 0, 0, 0, 10, 10, 0, 0, 10, 10, 10, : 10, 10, 10, 10, 10, 10, 10, 10, 10, 10, 10, 10, 10, 10, 10, 10, 10, 10, 10, 10, 10, 10, 10, 10, 10, 10, 10, 10, 10, 10, 10, 10, 10, 10, 10, 10, 1, 10, 10, 10, 10, 10, 10, 10, 10, 10, 
132: 0, 0, 0, 0, 10, 0, 10, 0, 10, 10, 10, 0, 10, 0, 10, 10, 0, 0, 10, 0, 10, 10, 10, 0, 10, 0, 0, 0, 0, 10, 0, 0, 0, 0, 10, 0, 10, 10, 0, 0, 10, 10, 0, 0, 0, 0, 0, 0, 10, 3, 10, 0, 0, 0, 10, 10, 10, 0, 0, 0, 10, 10, 0, 10, 3, 0, 10, 0, 10, 10, 1, 0, 10, 0, 0, 10, 0, 0, 0, 0, : 10, 10, 10, 10, 10, 10, 10, 10, 10, 10, 10, 10, 10, 10, 10, 10, 10, 10, 10, 10, 3, 10, 10, 10, 10, 10, 10, 10, 3, 10, 10, 10, 1, 10, 10, 
147: 10, 0, 0, 0, 0, 10, 10, 10, 10, 0, 0, 0, 0, 10, 17, 0, 10, 10, 10, 0, 0, 10, 10, 10, 0, 10, 0, 10, 10, 10, 0, 0, 9, 0, 0, 0, 10, 0, 0, 4, 3, 0, 10, 5, 0, 7, 10, 10, 0, 10, 0, 10, 0, 10, 0, 0, 10, 10, 10, 0, 10, 0, 0, 10, 10, 0, 0, 0, 10, 0, 0, 0, 0, 10, 10, 0, 0, 0, 0, 10, : 10, 10, 10, 10, 10, 10, 17, 10, 10, 10, 10, 10, 10, 10, 10, 10, 10, 9, 10, 4, 3, 10, 5, 7, 10, 10, 10, 10, 10, 10, 10, 10, 10, 10, 10, 10, 10, 10, 10, 
159: 0, 10, 10, 0, 0, 10, 1, 0, 10, 10, 10, 10, 0, 10, 0, 0, 2, 0, 10, 0, 0, 10, 10, 0, 0, 10, 10, 10, 10, 0, 10, 0, 0, 10, 0, 10, 10, 0, 10, 10, 0, 10, 0, 10, 0, 10, 0, 10, 10, 0, 0, 10, 10, 0, 0, 0, 10, 10, 0, 0, 10, 10, 0, 10, 0, 10, 0, 0, 0, 0, 10, 10, 0, 0, 10, 10, 10, 10, 0, 10, : 10, 10, 10, 1, 10, 10, 10, 10, 10, 2, 10, 10, 10, 10, 10, 10, 10, 10, 10, 10, 10, 10, 10, 10, 10, 10, 10, 10, 10, 10, 10, 10, 10, 10, 10, 10, 10, 10, 10, 10, 10, 10, 10, 
152: 10, 10, 10, 10, 0, 0, 0, 0, 0, 10, 10, 0, 0, 10, 10, 10, 0, 6, 0, 0, 10, 0, 4, 10, 10, 10, 0, 0, 10, 0, 10, 10, 10, 17, 10, 10, 0, 0, 10, 10, 0, 0, 10, 10, 0, 6, 0, 15, 10, 18, 0, 0, 0, 10, 0, 10, 0, 0, 10, 10, 0, 0, 4, 10, 10, 10, 10, 0, 0, 10, 10, 10, 10, 0, 10, 0, 0, 0, 0, 0, : 10, 10, 10, 10, 10, 10, 10, 10, 10, 6, 10, 4, 10, 10, 10, 10, 10, 10, 10, 17, 10, 10, 10, 10, 10, 10, 6, 15, 10, 18, 10, 10, 10, 10, 4, 10, 10, 10, 10, 10, 10, 10, 10, 10, 
46: 0, 0, 10, 10, 0, 0, 0, 10, 10, 0, 0, 0, 0, 0, 0, 10, 0, 10, 0, 0, 10, 9, 10, 0, 10, 0, 10, 0, 0, 0, 0, 10, 0, 10, 0, 0, 0, 0, 10, 10, 0, 0, 10, 0, 10, 0, 0, 10, 0, 0, 0, 10, 0, 10, 10, 0, 10, 10, 10, 0, 0, 10, 0, 10, 10, 10, 0, 0, 10, 10, 0, 0, 10, 16, 10, 10, 10, 10, 0, 10, : 10, 10, 10, 10, 10, 10, 10, 9, 10, 10, 10, 10, 10, 10, 10, 10, 10, 10, 10, 10, 10, 10, 10, 10, 10, 10, 10, 10, 10, 10, 10, 16, 10, 10, 10, 10, 10, 
126: 10, 10, 10, 0, 1, 10, 0, 0, 0, 0, 10, 10, 0, 10, 0, 0, 10, 0, 10, 18, 0, 0, 0, 10, 0, 10, 0, 0, 0, 0, 0, 0, 10, 0, 10, 0, 0, 0, 10, 10, 0, 0, 0, 10, 0, 0, 0, 0, 10, 0, 10, 0, 0, 10, 10, 10, 10, 10, 3, 0, 10, 0, 10, 0, 10, 10, 10, 0, 10, 0, 0, 10, 10, 0, 10, 10, 0, 10, 0, 5, : 10, 10, 10, 1, 10, 10, 10, 10, 10, 10, 18, 10, 10, 10, 10, 10, 10, 10, 10, 10, 10, 10, 10, 10, 10, 3, 10, 10, 10, 10, 10, 10, 10, 10, 10, 10, 10, 5, 
29: 10, 10, 0, 0, 0, 1, 10, 10, 10, 0, 0, 10, 10, 10, 10, 0, 0, 10, 0, 0, 0, 0, 10, 10, 0, 0, 0, 0, 10, 0, 10, 10, 10, 10, 0, 0, 0, 10, 0, 10, 10, 0, 0, 10, 10, 10, 0, 10, 10, 10, 0, 0, 10, 10, 0, 10, 10, 0, 0, 10, 0, 0, 0, 0, 10, 0, 10, 0, 0, 0, 0, 6, 0, 10, 10, 0, 0, 0, 0, 10, : 10, 10, 1, 10, 10, 10, 10, 10, 10, 10, 10, 10, 10, 10, 10, 10, 10, 10, 10, 10, 10, 10, 10, 10, 10, 10, 10, 10, 10, 10, 10, 10, 10, 10, 6, 10, 10, 10, 
142: 10, 0, 10, 10, 0, 10, 10, 10, 10, 10, 0, 0, 10, 0, 0, 10, 10, 10, 0, 0, 0, 10, 0, 0, 0, 0, 10, 0, 10, 10, 0, 10, 10, 0, 0, 10, 0, 10, 0, 0, 10, 0, 10, 10, 1, 10, 10, 0, 0, 0, 0, 10, 10, 10, 10, 0, 10, 1, 0, 10, 0, 10, 0, 10, 10, 0, 10, 0, 10, 15, 0, 10, 0, 0, 0, 10, 0, 10, 10, 10, : 10, 10, 10, 10, 10, 10, 10, 10, 10, 10, 10, 10, 10, 10, 10, 10, 10, 10, 10, 10, 10, 10, 10, 1, 10, 10, 10, 10, 10, 10, 10, 1, 10, 10, 10, 10, 10, 10, 15, 10, 10, 10, 10, 10, 
18: 0, 10, 0, 1, 0, 0, 0, 10, 0, 10, 10, 10, 0, 10, 10, 0, 10, 10, 0, 10, 0, 0, 5, 0, 10, 0, 0, 10, 10, 10, 0, 0, 0, 0, 10, 10, 10, 10, 0, 0, 10, 10, 6, 10, 10, 0, 0, 0, 0, 10, 0, 10, 10, 10, 0, 0, 0, 0, 10, 0, 0, 10, 10, 0, 10, 0, 0, 10, 0, 0, 10, 0, 10, 10, 10, 10, 10, 0, 10, 10, : 10, 1, 10, 10, 10, 10, 10, 10, 10, 10, 10, 5, 10, 10, 10, 10, 10, 10, 10, 10, 10, 10, 6, 10, 10, 10, 10, 10, 10, 10, 10, 10, 10, 10, 10, 10, 10, 10, 10, 10, 10, 10, 
95: 10, 0, 0, 0, 10, 2, 10, 0, 0, 10, 10, 0, 10, 10, 10, 10, 0, 10, 0, 10, 10, 10, 0, 10, 0, 0, 0, 0, 10, 10, 0, 1, 0, 2, 0, 10, 0, 10, 10, 0, 10, 10, 0, 0, 10, 10, 10, 0, 0, 0, 10, 10, 10, 10, 0, 0, 0, 10, 10, 10, 0, 10, 0, 1, 0, 10, 10, 0, 0, 10, 10, 10, 10, 10, 0, 10, 10, 10, 10, 10, : 10, 10, 2, 10, 10, 10, 10, 10, 10, 10, 10, 10, 10, 10, 10, 10, 10, 1, 2, 10, 10, 10, 10, 10, 10, 10, 10, 10, 10, 10, 10, 10, 10, 10, 10, 1, 10, 10, 10, 10, 10, 10, 10, 10, 10, 10, 10, 10, 
113: 11, 0, 2, 0, 10, 0, 10, 0, 10, 10, 0, 0, 10, 10, 10, 10, 0, 0, 0, 0, 0, 0, 10, 0, 0, 0, 10, 10, 10, 10, 11, 10, 10, 10, 0, 0, 0, 10, 0, 10, 10, 10, 10, 0, 0, 10, 0, 18, 10, 0, 0, 10, 0, 1, 0, 0, 10, 0, 10, 10, 0, 10, 0, 0, 10, 10, 0, 0, 10, 0, 10, 10, 10, 0, 10, 0, 0, 10, 0, 1, : 11, 2, 10, 10, 10, 10, 10, 10, 10, 10, 10, 10, 10, 10, 10, 11, 10, 10, 10, 10, 10, 10, 10, 10, 10, 18, 10, 10, 1, 10, 10, 10, 10, 10, 10, 10, 10, 10, 10, 10, 10, 1, 
123: 0, 10, 0, 10, 10, 10, 10, 0, 0, 0, 0, 10, 0, 10, 10, 10, 10, 10, 0, 10, 0, 0, 10, 0, 10, 0, 10, 0, 10, 10, 0, 0, 0, 0, 10, 10, 0, 10, 10, 0, 10, 19, 10, 10, 0, 10, 10, 10, 0, 0, 0, 0, 10, 0, 10, 0, 0, 10, 10, 0, 10, 0, 0, 10, 10, 1, 0, 0, 0, 10, 10, 0, 2, 10, 10, 0, 0, 10, 0, 0, : 10, 10, 10, 10, 10, 10, 10, 10, 10, 10, 10, 10, 10, 10, 10, 10, 10, 10, 10, 10, 10, 10, 19, 10, 10, 10, 10, 10, 10, 10, 10, 10, 10, 10, 10, 1, 10, 10, 2, 10, 10, 10, 
69: 10, 10, 0, 10, 0, 10, 0, 10, 10, 10, 0, 10, 0, 10, 10, 10, 10, 10, 8, 0, 10, 0, 10, 0, 10, 10, 10, 0, 10, 0, 10, 1, 0, 0, 10, 10, 0, 10, 0, 0, 0, 10, 10, 10, 10, 0, 10, 0, 0, 10, 10, 0, 10, 10, 0, 10, 0, 10, 10, 10, 0, 10, 0, 1, 0, 0, 0, 10, 0, 0, 10, 0, 0, 0, 10, 10, 0, 10, 10, 10, : 10, 10, 10, 10, 10, 10, 10, 10, 10, 10, 10, 10, 10, 8, 10, 10, 10, 10, 10, 10, 10, 1, 10, 10, 10, 10, 10, 10, 10, 10, 10, 10, 10, 10, 10, 10, 10, 10, 10, 1, 10, 10, 10, 10, 10, 10, 10, 
85: 10, 10, 0, 10, 10, 10, 0, 0, 10, 0, 10, 0, 0, 10, 0, 10, 0, 1, 10, 0, 10, 10, 6, 0, 0, 10, 10, 10, 10, 2, 0, 0, 1, 10, 10, 10, 10, 0, 10, 10, 0, 10, 0, 0, 0, 10, 10, 0, 0, 0, 0, 10, 0, 19, 0, 0, 10, 0, 10, 10, 10, 10, 10, 10, 0, 10, 10, 0, 10, 0, 10, 10, 0, 10, 0, 10, 0, 10, 0, 10, : 10, 10, 10, 10, 10, 10, 10, 10, 10, 1, 10, 10, 10, 6, 10, 10, 10, 10, 2, 1, 10, 10, 10, 10, 10, 10, 10, 10, 10, 10, 19, 10, 10, 10, 10, 10, 10, 10, 10, 10, 10, 10, 10, 10, 10, 10, 10, 
6: 0, 0, 10, 10, 10, 10, 10, 0, 0, 14, 0, 0, 10, 0, 10, 0, 10, 0, 0, 10, 10, 0, 10, 10, 10, 0, 10, 10, 10, 4, 0, 3, 0, 10, 0, 0, 0, 10, 10, 3, 10, 10, 0, 10, 1, 0, 0, 10, 0, 10, 0, 0, 0, 0, 10, 10, 10, 0, 10, 0, 0, 10, 0, 0, 10, 0, 10, 0, 10, 10, 10, 0, 0, 10, 10, 0, 0, 0, 10, 0, : 10, 10, 10, 10, 10, 14, 10, 10, 10, 10, 10, 10, 10, 10, 10, 10, 10, 4, 3, 10, 10, 10, 3, 10, 10, 10, 1, 10, 10, 10, 10, 10, 10, 10, 10, 10, 10, 10, 10, 10, 10, 10, 
150: 10, 10, 10, 10, 0, 10, 0, 8, 10, 0, 0, 10, 0, 0, 10, 0, 0, 10, 10, 0, 14, 10, 0, 10, 10, 10, 10, 0, 0, 10, 0, 1, 10, 10, 0, 10, 10, 0, 10, 0, 10, 10, 10, 10, 0, 0, 10, 10, 0, 0, 0, 10, 10, 10, 10, 0, 0, 0, 10, 10, 10, 0, 10, 0, 0, 10, 0, 10, 10, 10, 10, 0, 0, 0, 0, 0, 0, 10, 10, 10, : 10, 10, 10, 10, 10, 8, 10, 10, 10, 10, 10, 14, 10, 10, 10, 10, 10, 10, 1, 10, 10, 10, 10, 10, 10, 10, 10, 10, 10, 10, 10, 10, 10, 10, 10, 10, 10, 10, 10, 10, 10, 10, 10, 10, 10, 10, 
8: 10, 10, 0, 10, 0, 0, 1, 0, 10, 0, 10, 0, 0, 10, 0, 10, 10, 10, 0, 10, 10, 10, 0, 0, 0, 0, 0, 10, 10, 0, 10, 0, 0, 0, 0, 10, 10, 0, 10, 0, 0, 0, 1, 0, 0, 0, 10, 0, 10, 10, 0, 10, 10, 10, 0, 10, 10, 10, 0, 0, 10, 10, 0, 0, 10, 10, 0, 10, 10, 0, 10, 0, 0, 0, 10, 0, 10, 0, 0, 0, : 10, 10, 10, 1, 10, 10, 10, 10, 10, 10, 10, 10, 10, 10, 10, 10, 10, 10, 10, 1, 10, 10, 10, 10, 10, 10, 10, 10, 10, 10, 10, 10, 10, 10, 10, 10, 10, 10, 
58: 0, 0, 10, 10, 10, 10, 0, 0, 10, 0, 0, 0, 10, 0, 10, 10, 10, 0, 0, 10, 0, 10, 10, 10, 0, 10, 0, 0, 0, 0, 10, 0, 0, 0, 0, 0, 0, 10, 0, 0, 0, 0, 0, 0, 10, 10, 10, 10, 10, 9, 0, 10, 0, 10, 0, 0, 10, 10, 0, 10, 10, 0, 10, 1, 0, 10, 10, 0, 10, 0, 0, 0, 10, 0, 10, 10, 3, 10, 0, 10, : 10, 10, 10, 10, 10, 10, 10, 10, 10, 10, 10, 10, 10, 10, 10, 10, 10, 10, 10, 10, 10, 9, 10, 10, 10, 10, 10, 10, 10, 1, 10, 10, 10, 10, 10, 10, 3, 10, 10, 
158: 10, 0, 0, 0, 10, 10, 10, 10, 10, 10, 0, 10, 10, 10, 10, 0, 0, 0, 0, 0, 0, 10, 10, 0, 10, 0, 10, 0, 0, 10, 0, 0, 10, 10, 0, 0, 0, 10, 0, 10, 0, 0, 0, 10, 10, 10, 10, 0, 10, 10, 10, 10, 0, 0, 0, 0, 0, 10, 0, 0, 10, 10, 10, 10, 0, 10, 0, 10, 10, 10, 10, 10, 10, 10, 0, 0, 2, 10, 0, 10, : 10, 10, 10, 10, 10, 10, 10, 10, 10, 10, 10, 10, 10, 10, 10, 10, 10, 10, 10, 10, 10, 10, 10, 10, 10, 10, 10, 10, 10, 10, 10, 10, 10, 10, 10, 10, 10, 10, 10, 10, 10, 2, 10, 10, 
31: 10, 10, 0, 0, 0, 10, 10, 8, 0, 10, 10, 10, 0, 10, 10, 0, 0, 0, 10, 0, 0, 10, 10, 10, 0, 0, 0, 0, 0, 10, 0, 10, 10, 0, 3, 10, 10, 10, 10, 0, 0, 0, 3, 0, 0, 10, 0, 0, 10, 0, 10, 0, 0, 0, 0, 10, 0, 0, 10, 10, 10, 10, 10, 10, 0, 0, 10, 10, 0, 10, 10, 10, 0, 0, 18, 0, 10, 0, 10, 10, : 10, 10, 10, 10, 8, 10, 10, 10, 10, 10, 10, 10, 10, 10, 10, 10, 10, 3, 10, 10, 10, 10, 3, 10, 10, 10, 10, 10, 10, 10, 10, 10, 10, 10, 10, 10, 10, 10, 18, 10, 10, 10, 
122: 0, 0, 0, 0, 10, 10, 0, 10, 0, 10, 0, 19, 1, 0, 0, 0, 0, 0, 10, 0, 1, 0, 0, 10, 10, 10, 0, 10, 0, 10, 0, 10, 10, 10, 10, 10, 10, 10, 10, 10, 10, 0, 10, 10, 10, 10, 4, 0, 0, 0, 10, 10, 10, 0, 1, 0, 10, 10, 1, 10, 10, 1, 0, 0, 10, 10, 10, 0, 10, 10, 0, 11, 0, 10, 0, 0, 10, 10, 10, 10, : 10, 10, 10, 10, 19, 1, 10, 1, 10, 10, 10, 10, 10, 10, 10, 10, 10, 10, 10, 10, 10, 10, 10, 10, 10, 10, 10, 4, 10, 10, 10, 1, 10, 10, 1, 10, 10, 1, 10, 10, 10, 10, 10, 11, 10, 10, 10, 10, 10, 
155: 0, 0, 0, 0, 10, 10, 15, 10, 0, 10, 10, 10, 0, 10, 10, 0, 0, 2, 0, 0, 10, 0, 0, 10, 10, 0, 10, 10, 0, 10, 10, 10, 0, 10, 10, 10, 10, 10, 10, 0, 0, 10, 10, 0, 0, 10, 10, 10, 10, 10, 0, 0, 10, 10, 0, 10, 0, 10, 0, 0, 10, 0, 0, 0, 10, 10, 10, 10, 10, 0, 10, 10, 0, 0, 0, 10, 0, 10, 10, 0, : 10, 10, 15, 10, 10, 10, 10, 10, 10, 2, 10, 10, 10, 10, 10, 10, 10, 10, 10, 10, 10, 10, 10, 10, 10, 10, 10, 10, 10, 10, 10, 10, 10, 10, 10, 10, 10, 10, 10, 10, 10, 10, 10, 10, 10, 10, 
7: 0, 0, 10, 0, 10, 0, 0, 10, 10, 0, 0, 0, 0, 0, 0, 0, 10, 0, 0, 0, 0, 0, 0, 10, 10, 10, 10, 10, 10, 10, 0, 0, 0, 13, 0, 10, 10, 0, 0, 0, 0, 0, 10, 0, 10, 10, 10, 0, 0, 0, 10, 0, 0, 0, 10, 0, 0, 10, 0, 10, 10, 0, 10, 0, 1, 10, 10, 10, 0, 0, 0, 0, 10, 10, 10, 10, 10, 0, 16, 0, : 10, 10, 10, 10, 10, 10, 10, 10, 10, 10, 10, 10, 13, 10, 10, 10, 10, 10, 10, 10, 10, 10, 10, 10, 10, 1, 10, 10, 10, 10, 10, 10, 10, 10, 16, 
41: 0, 10, 10, 10, 0, 0, 0, 10, 10, 0, 0, 10, 0, 0, 10, 10, 0, 0, 10, 0, 0, 0, 0, 0, 0, 0, 10, 10, 0, 8, 0, 0, 10, 10, 0, 0, 0, 10, 10, 10, 10, 10, 10, 0, 0, 0, 10, 10, 0, 10, 10, 0, 10, 0, 10, 10, 0, 10, 0, 0, 0, 0, 10, 10, 10, 10, 0, 10, 0, 0, 0, 0, 10, 0, 10, 0, 10, 10, 10, 10, : 10, 10, 10, 10, 10, 10, 10, 10, 10, 10, 10, 8, 10, 10, 10, 10, 10, 10, 10, 10, 10, 10, 10, 10, 10, 10, 10, 10, 10, 10, 10, 10, 10, 10, 10, 10, 10, 10, 10, 
111: 0, 0, 0, 10, 0, 0, 0, 10, 10, 0, 10, 10, 0, 0, 0, 0, 0, 0, 0, 0, 0, 10, 10, 0, 10, 10, 10, 0, 10, 0, 16, 15, 10, 0, 0, 10, 10, 10, 0, 10, 0, 0, 10, 10, 10, 10, 10, 0, 10, 0, 10, 0, 0, 10, 10, 10, 0, 10, 0, 0, 0, 0, 10, 10, 1, 0, 10, 10, 0, 10, 0, 2, 10, 0, 10, 0, 10, 0, 10, 10, : 10, 10, 10, 10, 10, 10, 10, 10, 10, 10, 10, 16, 15, 10, 10, 10, 10, 10, 10, 10, 10, 10, 10, 10, 10, 10, 10, 10, 10, 10, 10, 1, 10, 10, 10, 2, 10, 10, 10, 10, 10, 


137: 0, 0, 0, 10, 0, 0, 0, 10, 0, 0, 10, 0, 0, 10, 0, 10, 10, 0, 0, 10, 0, 0, 10, 10, 2, 0, 0, 10, 10, 10, 0, 0, 0, 0, 0, 0, 10, 10, 0, 10, 10, 0, 10, 10, 0, 0, 0, 10, 0, 0, 10, 0, 0, 10, 0, 10, 10, 9, 10, 10, 10, 10, 0, 10, 10, 0, 5, 10, 0, 10, 10, 0, 0, 0, 10, 10, 0, 0, 0, 0, : 10, 10, 10, 10, 10, 10, 10, 10, 10, 2, 10, 10, 10, 10, 10, 10, 10, 10, 10, 10, 10, 10, 10, 10, 9, 10, 10, 10, 10, 10, 10, 5, 10, 10, 10, 10, 10, 
19: 0, 10, 0, 0, 0, 10, 0, 0, 1, 0, 0, 10, 10, 0, 16, 10, 0, 1, 10, 0, 10, 0, 0, 10, 10, 0, 10, 10, 10, 10, 0, 0, 0, 10, 10, 0, 10, 0, 10, 0, 0, 0, 0, 0, 0, 0, 10, 10, 0, 0, 0, 10, 10, 10, 0, 10, 10, 0, 10, 10, 10, 10, 0, 10, 0, 10, 0, 10, 0, 0, 0, 10, 10, 0, 0, 0, 10, 10, 0, 10, : 10, 10, 1, 10, 10, 16, 10, 1, 10, 10, 10, 10, 10, 10, 10, 10, 10, 10, 10, 10, 10, 10, 10, 10, 10, 10, 10, 10, 10, 10, 10, 10, 10, 10, 10, 10, 10, 10, 10, 
116: 10, 0, 0, 10, 10, 10, 10, 10, 10, 10, 10, 10, 0, 10, 0, 5, 10, 0, 10, 10, 0, 10, 10, 10, 0, 0, 0, 0, 0, 0, 10, 10, 10, 0, 1, 10, 10, 10, 0, 0, 10, 0, 10, 0, 10, 0, 10, 0, 0, 10, 0, 10, 10, 10, 0, 10, 0, 10, 0, 10, 10, 10, 0, 0, 10, 10, 10, 0, 0, 10, 10, 0, 10, 0, 10, 10, 0, 0, 10, 10, : 10, 10, 10, 10, 10, 10, 10, 10, 10, 10, 10, 5, 10, 10, 10, 10, 10, 10, 10, 10, 10, 1, 10, 10, 10, 10, 10, 10, 10, 10, 10, 10, 10, 10, 10, 10, 10, 10, 10, 10, 10, 10, 10, 10, 10, 10, 10, 10, 
157: 10, 10, 10, 10, 10, 10, 10, 0, 0, 0, 0, 10, 10, 0, 10, 10, 0, 10, 10, 0, 10, 0, 10, 10, 0, 0, 0, 10, 10, 0, 10, 10, 0, 0, 10, 0, 0, 0, 10, 10, 0, 10, 0, 0, 0, 0, 0, 0, 10, 0, 0, 10, 10, 10, 10, 0, 0, 0, 1, 10, 0, 0, 0, 1, 0, 0, 10, 10, 10, 10, 10, 10, 10, 0, 0, 0, 0, 10, 10, 0, : 10, 10, 10, 10, 10, 10, 10, 10, 10, 10, 10, 10, 10, 10, 10, 10, 10, 10, 10, 10, 10, 10, 10, 10, 10, 10, 10, 10, 10, 1, 10, 1, 10, 10, 10, 10, 10, 10, 10, 10, 10, 
109: 10, 10, 5, 10, 0, 0, 10, 0, 0, 10, 0, 10, 10, 0, 0, 10, 0, 10, 0, 10, 0, 10, 0, 0, 0, 10, 10, 0, 10, 10, 0, 1, 0, 10, 1, 2, 10, 10, 0, 0, 10, 0, 0, 10, 0, 10, 10, 0, 10, 0, 10, 0, 0, 10, 10, 10, 10, 10, 0, 10, 0, 10, 10, 10, 0, 10, 0, 10, 10, 0, 10, 10, 0, 10, 10, 0, 0, 10, 0, 0, : 10, 10, 5, 10, 10, 10, 10, 10, 10, 10, 10, 10, 10, 10, 10, 10, 1, 10, 1, 2, 10, 10, 10, 10, 10, 10, 10, 10, 10, 10, 10, 10, 10, 10, 10, 10, 10, 10, 10, 10, 10, 10, 10, 10, 10, 
108: 0, 0, 10, 10, 0, 10, 0, 4, 10, 0, 10, 0, 0, 20, 10, 10, 10, 10, 0, 10, 10, 10, 10, 10, 0, 10, 0, 1, 10, 10, 0, 10, 0, 10, 10, 0, 10, 0, 10, 10, 10, 0, 10, 10, 0, 10, 12, 0, 10, 0, 10, 10, 0, 10, 10, 0, 0, 0, 10, 10, 10, 0, 10, 0, 0, 10, 2, 10, 0, 10, 10, 10, 10, 10, 0, 0, 0, 0, 0, 10, : 10, 10, 10, 4, 10, 10, 20, 10, 10, 10, 10, 10, 10, 10, 10, 10, 10, 1, 10, 10, 10, 10, 10, 10, 10, 10, 10, 10, 10, 10, 12, 10, 10, 10, 10, 10, 10, 10, 10, 10, 10, 2, 10, 10, 10, 10, 10, 10, 10, 
43: 10, 0, 10, 10, 10, 10, 1, 0, 18, 0, 0, 0, 0, 0, 10, 0, 0, 10, 10, 10, 10, 10, 10, 0, 0, 0, 10, 10, 10, 13, 10, 0, 0, 10, 0, 0, 0, 10, 0, 0, 10, 0, 5, 10, 0, 0, 1, 10, 10, 0, 0, 0, 0, 0, 10, 0, 0, 0, 0, 10, 10, 0, 0, 0, 10, 10, 10, 0, 10, 10, 0, 0, 10, 10, 0, 10, 0, 10, 0, 10, : 10, 10, 10, 10, 10, 1, 18, 10, 10, 10, 10, 10, 10, 10, 10, 10, 10, 13, 10, 10, 10, 10, 5, 10, 1, 10, 10, 10, 10, 10, 10, 10, 10, 10, 10, 10, 10, 10, 10, 10, 
15: 10, 0, 10, 0, 10, 1, 0, 0, 10, 10, 0, 10, 10, 0, 10, 10, 10, 10, 10, 0, 10, 10, 10, 10, 0, 10, 0, 0, 10, 0, 0, 0, 0, 1, 10, 10, 10, 0, 10, 10, 0, 19, 10, 0, 10, 10, 0, 0, 10, 10, 0, 0, 10, 10, 0, 0, 0, 0, 10, 10, 0, 10, 10, 10, 5, 0, 0, 10, 0, 10, 0, 0, 0, 10, 0, 0, 0, 10, 11, 10, : 10, 10, 10, 1, 10, 10, 10, 10, 10, 10, 10, 10, 10, 10, 10, 10, 10, 10, 10, 1, 10, 10, 10, 10, 10, 19, 10, 10, 10, 10, 10, 10, 10, 10, 10, 10, 10, 10, 5, 10, 10, 10, 10, 11, 10, 
119: 10, 10, 10, 10, 10, 10, 0, 10, 0, 10, 10, 10, 0, 0, 10, 10, 10, 0, 0, 10, 10, 10, 0, 0, 0, 10, 0, 10, 10, 10, 0, 0, 10, 0, 10, 0, 0, 0, 10, 10, 0, 0, 0, 10, 0, 0, 10, 10, 10, 0, 0, 10, 0, 10, 0, 0, 10, 0, 10, 10, 10, 0, 0, 0, 10, 0, 10, 0, 10, 0, 0, 0, 0, 0, 10, 0, 10, 9, 0, 10, : 10, 10, 10, 10, 10, 10, 10, 10, 10, 10, 10, 10, 10, 10, 10, 10, 10, 10, 10, 10, 10, 10, 10, 10, 10, 10, 10, 10, 10, 10, 10, 10, 10, 10, 10, 10, 10, 10, 10, 9, 10, 
5: 0, 10, 0, 0, 10, 10, 10, 0, 10, 10, 0, 10, 0, 0, 10, 0, 0, 0, 0, 10, 10, 2, 10, 0, 10, 10, 10, 10, 10, 0, 0, 10, 10, 10, 10, 0, 0, 10, 10, 10, 0, 0, 0, 0, 0, 10, 10, 10, 0, 10, 0, 10, 0, 0, 0, 10, 10, 0, 10, 0, 10, 10, 0, 0, 10, 0, 0, 10, 0, 13, 15, 10, 10, 0, 0, 10, 0, 10, 10, 0, : 10, 10, 10, 10, 10, 10, 10, 10, 10, 10, 2, 10, 10, 10, 10, 10, 10, 10, 10, 10, 10, 10, 10, 10, 10, 10, 10, 10, 10, 10, 10, 10, 10, 10, 10, 10, 13, 15, 10, 10, 10, 10, 10, 
39: 10, 10, 10, 10, 10, 10, 0, 10, 10, 0, 0, 10, 0, 10, 10, 10, 10, 10, 10, 10, 0, 10, 0, 0, 0, 10, 10, 10, 10, 0, 10, 10, 10, 10, 0, 10, 10, 1, 0, 10, 10, 10, 10, 0, 0, 0, 0, 0, 10, 10, 10, 0, 10, 10, 0, 10, 10, 10, 0, 10, 10, 10, 7, 10, 0, 10, 0, 0, 10, 0, 10, 0, 0, 0, 10, 0, 10, 0, 10, 1, : 10, 10, 10, 10, 10, 10, 10, 10, 10, 10, 10, 10, 10, 10, 10, 10, 10, 10, 10, 10, 10, 10, 10, 10, 10, 10, 10, 1, 10, 10, 10, 10, 10, 10, 10, 10, 10, 10, 10, 10, 10, 10, 10, 7, 10, 10, 10, 10, 10, 10, 10, 1, 
133: 10, 10, 10, 0, 0, 10, 10, 0, 10, 10, 10, 0, 10, 10, 0, 0, 3, 0, 0, 10, 0, 0, 0, 0, 10, 0, 0, 0, 10, 0, 0, 0, 10, 0, 0, 0, 10, 0, 10, 0, 0, 0, 10, 10, 0, 10, 10, 0, 0, 10, 10, 0, 10, 10, 10, 0, 10, 0, 0, 10, 10, 0, 10, 10, 10, 10, 10, 0, 10, 10, 10, 10, 0, 0, 0, 10, 10, 0, 10, 0, : 10, 10, 10, 10, 10, 10, 10, 10, 10, 10, 3, 10, 10, 10, 10, 10, 10, 10, 10, 10, 10, 10, 10, 10, 10, 10, 10, 10, 10, 10, 10, 10, 10, 10, 10, 10, 10, 10, 10, 10, 10, 
94: 0, 0, 0, 10, 0, 0, 10, 10, 10, 10, 10, 10, 10, 0, 10, 10, 2, 10, 10, 0, 2, 0, 10, 0, 0, 0, 0, 10, 0, 10, 10, 10, 10, 0, 0, 0, 10, 0, 10, 0, 0, 0, 0, 10, 0, 10, 0, 10, 0, 10, 0, 10, 0, 0, 2, 0, 0, 10, 0, 0, 0, 2, 10, 0, 10, 10, 0, 0, 10, 0, 0, 3, 10, 10, 0, 10, 10, 10, 0, 0, : 10, 10, 10, 10, 10, 10, 10, 10, 10, 10, 2, 10, 10, 2, 10, 10, 10, 10, 10, 10, 10, 10, 10, 10, 10, 10, 10, 2, 10, 2, 10, 10, 10, 10, 3, 10, 10, 10, 10, 10, 
120: 10, 10, 10, 0, 10, 0, 0, 10, 10, 0, 10, 0, 10, 0, 10, 10, 10, 10, 0, 10, 10, 0, 10, 0, 0, 0, 10, 10, 10, 0, 10, 10, 0, 10, 0, 10, 0, 0, 10, 0, 0, 0, 0, 0, 0, 0, 10, 10, 0, 10, 0, 0, 0, 0, 0, 10, 0, 5, 0, 10, 0, 10, 10, 10, 0, 10, 10, 0, 10, 0, 0, 10, 0, 10, 10, 10, 10, 10, 10, 0, : 10, 10, 10, 10, 10, 10, 10, 10, 10, 10, 10, 10, 10, 10, 10, 10, 10, 10, 10, 10, 10, 10, 10, 10, 10, 10, 10, 5, 10, 10, 10, 10, 10, 10, 10, 10, 10, 10, 10, 10, 10, 10, 
136: 10, 0, 0, 10, 0, 10, 0, 0, 0, 10, 10, 10, 0, 4, 0, 0, 10, 0, 0, 0, 10, 10, 0, 10, 0, 10, 0, 0, 0, 10, 10, 10, 0, 0, 0, 10, 10, 10, 10, 10, 0, 10, 0, 10, 10, 0, 10, 10, 0, 10, 10, 0, 10, 0, 0, 10, 0, 10, 0, 0, 0, 3, 0, 0, 10, 0, 0, 0, 0, 0, 0, 10, 0, 0, 10, 15, 0, 10, 0, 0, : 10, 10, 10, 10, 10, 10, 4, 10, 10, 10, 10, 10, 10, 10, 10, 10, 10, 10, 10, 10, 10, 10, 10, 10, 10, 10, 10, 10, 10, 10, 3, 10, 10, 10, 15, 10, 
154: 0, 0, 0, 0, 0, 0, 10, 0, 10, 1, 10, 0, 10, 10, 10, 0, 10, 0, 10, 0, 0, 0, 10, 10, 10, 1, 0, 0, 0, 0, 10, 0, 10, 10, 0, 2, 0, 10, 0, 10, 10, 10, 0, 10, 10, 0, 10, 0, 0, 10, 10, 10, 10, 10, 10, 0, 0, 10, 0, 10, 0, 10, 10, 10, 0, 2, 10, 10, 0, 10, 0, 0, 0, 0, 10, 10, 10, 0, 10, 10, : 10, 10, 1, 10, 10, 10, 10, 10, 10, 10, 10, 10, 1, 10, 10, 10, 2, 10, 10, 10, 10, 10, 10, 10, 10, 10, 10, 10, 10, 10, 10, 10, 10, 10, 10, 2, 10, 10, 10, 10, 10, 10, 10, 10, 
9: 10, 5, 0, 10, 10, 0, 0, 0, 10, 10, 0, 10, 0, 0, 10, 0, 0, 10, 10, 0, 0, 0, 0, 0, 0, 10, 10, 0, 5, 10, 10, 0, 0, 0, 10, 0, 0, 10, 0, 10, 10, 10, 10, 10, 10, 10, 0, 0, 0, 10, 10, 10, 10, 1, 3, 10, 10, 0, 0, 10, 0, 0, 0, 0, 10, 10, 0, 10, 0, 0, 0, 10, 0, 0, 10, 0, 0, 10, 0, 0, : 10, 5, 10, 10, 10, 10, 10, 10, 10, 10, 10, 10, 5, 10, 10, 10, 10, 10, 10, 10, 10, 10, 10, 10, 10, 10, 10, 10, 1, 3, 10, 10, 10, 10, 10, 10, 10, 10, 10, 
92: 0, 0, 10, 0, 10, 0, 0, 0, 10, 10, 0, 0, 10, 0, 0, 0, 0, 10, 0, 4, 10, 10, 10, 10, 0, 0, 10, 3, 10, 0, 0, 10, 0, 0, 10, 0, 10, 0, 0, 17, 10, 10, 10, 0, 0, 6, 0, 10, 0, 0, 0, 10, 5, 10, 10, 10, 10, 10, 10, 0, 0, 10, 1, 0, 0, 0, 0, 0, 10, 10, 0, 0, 0, 10, 10, 10, 0, 10, 10, 0, : 10, 10, 10, 10, 10, 10, 4, 10, 10, 10, 10, 10, 3, 10, 10, 10, 10, 17, 10, 10, 10, 6, 10, 10, 5, 10, 10, 10, 10, 10, 10, 10, 1, 10, 10, 10, 10, 10, 10, 10, 
124: 0, 10, 0, 10, 0, 10, 0, 10, 0, 10, 0, 10, 0, 10, 0, 0, 0, 0, 10, 10, 10, 10, 1, 0, 10, 0, 10, 10, 0, 10, 10, 0, 10, 10, 10, 0, 10, 10, 10, 0, 10, 0, 10, 0, 3, 10, 10, 10, 0, 10, 10, 10, 0, 10, 10, 0, 10, 0, 10, 10, 0, 10, 10, 10, 10, 0, 10, 10, 0, 10, 10, 10, 0, 0, 10, 10, 0, 0, 10, 10, : 10, 10, 10, 10, 10, 10, 10, 10, 10, 10, 10, 1, 10, 10, 10, 10, 10, 10, 10, 10, 10, 10, 10, 10, 10, 3, 10, 10, 10, 10, 10, 10, 10, 10, 10, 10, 10, 10, 10, 10, 10, 10, 10, 10, 10, 10, 10, 10, 10, 10, 
1: 0, 10, 10, 1, 0, 0, 10, 0, 0, 0, 0, 0, 0, 10, 10, 0, 10, 0, 0, 10, 10, 0, 10, 0, 0, 0, 10, 0, 0, 10, 10, 10, 10, 10, 1, 10, 0, 0, 0, 0, 10, 0, 0, 10, 0, 10, 0, 10, 0, 0, 0, 0, 0, 10, 10, 0, 0, 10, 0, 10, 0, 10, 10, 0, 0, 10, 6, 10, 0, 10, 0, 0, 4, 10, 10, 0, 4, 10, 0, 0, : 10, 10, 1, 10, 10, 10, 10, 10, 10, 10, 10, 10, 10, 10, 10, 10, 1, 10, 10, 10, 10, 10, 10, 10, 10, 10, 10, 10, 10, 6, 10, 10, 4, 10, 10, 4, 10, 
12: 0, 0, 10, 0, 0, 10, 0, 10, 0, 10, 10, 10, 0, 0, 10, 0, 10, 10, 0, 0, 0, 10, 10, 10, 10, 10, 10, 0, 0, 0, 1, 0, 1, 0, 0, 0, 10, 0, 0, 0, 0, 0, 0, 10, 10, 0, 10, 10, 10, 0, 10, 10, 0, 0, 10, 15, 0, 10, 2, 10, 10, 10, 0, 3, 0, 0, 0, 0, 0, 10, 0, 10, 10, 0, 10, 10, 10, 0, 10, 10, : 10, 10, 10, 10, 10, 10, 10, 10, 10, 10, 10, 10, 10, 10, 10, 1, 1, 10, 10, 10, 10, 10, 10, 10, 10, 10, 15, 10, 2, 10, 10, 10, 3, 10, 10, 10, 10, 10, 10, 10, 10, 
90: 10, 10, 0, 10, 10, 0, 0, 10, 0, 0, 10, 10, 0, 0, 0, 10, 10, 0, 0, 10, 0, 0, 0, 10, 0, 0, 0, 10, 10, 0, 0, 10, 10, 0, 2, 1, 10, 0, 0, 10, 0, 10, 10, 10, 0, 10, 10, 0, 10, 0, 10, 10, 0, 10, 12, 0, 10, 0, 0, 10, 0, 0, 0, 10, 0, 0, 0, 0, 10, 10, 0, 10, 10, 0, 10, 0, 0, 0, 10, 10, : 10, 10, 10, 10, 10, 10, 10, 10, 10, 10, 10, 10, 10, 10, 10, 2, 1, 10, 10, 10, 10, 10, 10, 10, 10, 10, 10, 10, 12, 10, 10, 10, 10, 10, 10, 10, 10, 10, 10, 
52: 0, 0, 0, 10, 10, 10, 16, 10, 0, 0, 10, 10, 0, 10, 0, 0, 0, 10, 10, 10, 0, 10, 0, 10, 0, 10, 10, 10, 10, 0, 0, 0, 0, 0, 10, 0, 10, 0, 10, 0, 1, 5, 10, 10, 0, 4, 10, 10, 10, 0, 0, 10, 10, 10, 0, 10, 0, 10, 10, 0, 10, 0, 10, 10, 10, 10, 10, 10, 0, 0, 10, 2, 0, 10, 0, 0, 0, 10, 0, 10, : 10, 10, 10, 16, 10, 10, 10, 10, 10, 10, 10, 10, 10, 10, 10, 10, 10, 10, 10, 10, 1, 5, 10, 10, 4, 10, 10, 10, 10, 10, 10, 10, 10, 10, 10, 10, 10, 10, 10, 10, 10, 10, 2, 10, 10, 10, 
75: 10, 10, 10, 11, 10, 10, 0, 10, 0, 10, 10, 10, 10, 10, 1, 0, 10, 0, 0, 10, 0, 10, 10, 1, 10, 0, 10, 10, 10, 0, 10, 0, 0, 0, 10, 10, 1, 0, 10, 0, 0, 10, 0, 10, 10, 0, 4, 0, 0, 0, 0, 10, 10, 0, 0, 0, 0, 10, 10, 0, 0, 0, 3, 0, 10, 0, 10, 10, 0, 0, 10, 0, 10, 10, 0, 0, 0, 1, 10, 10, : 10, 10, 10, 11, 10, 10, 10, 10, 10, 10, 10, 10, 1, 10, 10, 10, 10, 1, 10, 10, 10, 10, 10, 10, 10, 1, 10, 10, 10, 10, 4, 10, 10, 10, 10, 3, 10, 10, 10, 10, 10, 10, 1, 10, 10, 
86: 10, 0, 0, 7, 0, 0, 10, 10, 0, 10, 10, 10, 0, 10, 0, 10, 0, 0, 0, 0, 10, 10, 0, 10, 0, 10, 0, 0, 0, 0, 10, 0, 0, 0, 0, 0, 10, 0, 0, 0, 0, 10, 0, 0, 10, 10, 10, 10, 10, 0, 10, 10, 0, 0, 0, 0, 0, 10, 10, 10, 0, 10, 0, 10, 10, 10, 10, 10, 0, 10, 10, 10, 0, 10, 0, 0, 1, 10, 0, 10, : 10, 7, 10, 10, 10, 10, 10, 10, 10, 10, 10, 10, 10, 10, 10, 10, 10, 10, 10, 10, 10, 10, 10, 10, 10, 10, 10, 10, 10, 10, 10, 10, 10, 10, 10, 10, 1, 10, 10, 
128: 10, 0, 10, 4, 0, 0, 14, 0, 10, 0, 10, 0, 10, 10, 0, 0, 0, 0, 0, 0, 0, 0, 10, 0, 0, 10, 0, 0, 10, 10, 10, 10, 10, 0, 0, 10, 0, 10, 10, 0, 0, 10, 10, 10, 10, 10, 0, 10, 0, 0, 0, 10, 10, 6, 10, 10, 10, 0, 1, 10, 10, 10, 0, 0, 0, 0, 10, 0, 10, 16, 10, 0, 10, 0, 0, 0, 10, 0, 10, 10, : 10, 10, 4, 14, 10, 10, 10, 10, 10, 10, 10, 10, 10, 10, 10, 10, 10, 10, 10, 10, 10, 10, 10, 10, 10, 10, 6, 10, 10, 10, 1, 10, 10, 10, 10, 10, 16, 10, 10, 10, 10, 10, 
40: 10, 10, 10, 10, 0, 0, 10, 0, 10, 10, 10, 0, 0, 0, 10, 0, 10, 0, 10, 10, 10, 0, 0, 10, 0, 5, 0, 10, 0, 10, 0, 0, 10, 10, 10, 0, 0, 10, 0, 10, 10, 10, 10, 10, 10, 10, 10, 10, 10, 0, 10, 0, 10, 10, 0, 3, 10, 0, 0, 0, 10, 0, 0, 0, 10, 10, 0, 10, 10, 10, 0, 0, 10, 10, 0, 10, 10, 10, 0, 0, : 10, 10, 10, 10, 10, 10, 10, 10, 10, 10, 10, 10, 10, 10, 5, 10, 10, 10, 10, 10, 10, 10, 10, 10, 10, 10, 10, 10, 10, 10, 10, 10, 10, 10, 3, 10, 10, 10, 10, 10, 10, 10, 10, 10, 10, 10, 10, 
65: 10, 10, 0, 0, 0, 0, 10, 0, 0, 0, 0, 0, 0, 0, 10, 0, 0, 0, 0, 10, 5, 1, 0, 0, 10, 0, 10, 10, 0, 10, 10, 0, 10, 0, 10, 10, 10, 10, 10, 0, 17, 10, 0, 0, 1, 0, 10, 10, 0, 10, 10, 10, 0, 0, 10, 10, 0, 10, 10, 10, 10, 10, 10, 0, 0, 10, 0, 3, 10, 10, 0, 0, 0, 0, 0, 0, 10, 0, 0, 0, : 10, 10, 10, 10, 10, 5, 1, 10, 10, 10, 10, 10, 10, 10, 10, 10, 10, 10, 17, 10, 1, 10, 10, 10, 10, 10, 10, 10, 10, 10, 10, 10, 10, 10, 10, 3, 10, 10, 10, 
87: 0, 10, 0, 10, 10, 10, 10, 10, 10, 13, 10, 10, 10, 10, 0, 10, 0, 10, 1, 0, 0, 0, 0, 10, 0, 0, 10, 0, 10, 16, 1, 0, 10, 0, 10, 10, 0, 0, 4, 0, 10, 0, 0, 10, 0, 10, 0, 0, 0, 2, 10, 0, 10, 0, 0, 10, 10, 0, 10, 10, 0, 10, 10, 10, 10, 0, 0, 10, 0, 10, 10, 0, 0, 10, 10, 10, 10, 0, 10, 0, : 10, 10, 10, 10, 10, 10, 10, 13, 10, 10, 10, 10, 10, 10, 1, 10, 10, 10, 16, 1, 10, 10, 10, 4, 10, 10, 10, 2, 10, 10, 10, 10, 10, 10, 10, 10, 10, 10, 10, 10, 10, 10, 10, 10, 10, 10, 
104: 3, 0, 0, 0, 10, 0, 0, 10, 0, 10, 10, 0, 10, 10, 0, 0, 10, 0, 10, 1, 10, 10, 2, 0, 10, 0, 0, 0, 0, 0, 0, 10, 10, 10, 0, 0, 0, 10, 1, 0, 0, 0, 10, 10, 10, 4, 10, 0, 0, 10, 10, 10, 0, 0, 10, 10, 10, 10, 10, 0, 10, 0, 0, 10, 1, 10, 10, 0, 10, 0, 10, 0, 10, 10, 10, 0, 0, 0, 0, 0, : 3, 10, 10, 10, 10, 10, 10, 10, 10, 1, 10, 10, 2, 10, 10, 10, 10, 10, 1, 10, 10, 10, 4, 10, 10, 10, 10, 10, 10, 10, 10, 10, 10, 10, 1, 10, 10, 10, 10, 10, 10, 10, 
138: 0, 0, 0, 0, 10, 10, 10, 0, 10, 10, 0, 10, 0, 10, 10, 10, 10, 10, 0, 0, 0, 0, 10, 0, 0, 0, 10, 10, 0, 10, 0, 0, 10, 10, 0, 10, 0, 9, 10, 10, 10, 10, 10, 0, 0, 0, 10, 10, 0, 10, 0, 10, 0, 0, 0, 10, 10, 10, 0, 10, 0, 10, 0, 0, 10, 10, 10, 0, 10, 10, 10, 0, 10, 10, 0, 10, 10, 0, 1, 7, : 10, 10, 10, 10, 10, 10, 10, 10, 10, 10, 10, 10, 10, 10, 10, 10, 10, 10, 9, 10, 10, 10, 10, 10, 10, 10, 10, 10, 10, 10, 10, 10, 10, 10, 10, 10, 10, 10, 10, 10, 10, 10, 10, 1, 7, 
141: 0, 0, 10, 0, 10, 10, 10, 0, 10, 10, 0, 0, 0, 10, 18, 10, 10, 10, 10, 0, 0, 0, 10, 0, 10, 0, 10, 10, 0, 10, 0, 0, 0, 0, 0, 10, 0, 0, 10, 10, 3, 0, 0, 0, 10, 0, 0, 0, 0, 0, 0, 0, 0, 10, 10, 0, 10, 10, 0, 0, 0, 0, 10, 0, 0, 10, 10, 0, 0, 10, 1, 10, 10, 0, 10, 10, 10, 0, 0, 0, : 10, 10, 10, 10, 10, 10, 10, 18, 10, 10, 10, 10, 10, 10, 10, 10, 10, 10, 10, 10, 3, 10, 10, 10, 10, 10, 10, 10, 10, 10, 1, 10, 10, 10, 10, 10, 
99: 10, 0, 0, 1, 10, 10, 10, 0, 10, 0, 0, 10, 0, 10, 0, 10, 10, 0, 9, 1, 10, 10, 10, 10, 0, 0, 10, 10, 0, 0, 10, 0, 10, 10, 0, 10, 10, 0, 0, 0, 10, 10, 10, 10, 0, 10, 0, 0, 0, 0, 10, 10, 0, 0, 10, 10, 10, 10, 10, 10, 0, 4, 0, 10, 10, 10, 0, 10, 10, 0, 0, 10, 10, 10, 0, 0, 0, 10, 0, 0, : 10, 1, 10, 10, 10, 10, 10, 10, 10, 10, 9, 1, 10, 10, 10, 10, 10, 10, 10, 10, 10, 10, 10, 10, 10, 10, 10, 10, 10, 10, 10, 10, 10, 10, 10, 10, 4, 10, 10, 10, 10, 10, 10, 10, 10, 10, 
68: 0, 0, 0, 0, 0, 0, 10, 10, 10, 0, 10, 0, 10, 10, 10, 0, 10, 10, 0, 10, 10, 0, 0, 10, 10, 10, 0, 10, 0, 0, 10, 0, 10, 0, 0, 0, 0, 10, 10, 10, 10, 10, 0, 10, 10, 10, 10, 10, 10, 10, 10, 0, 0, 10, 10, 10, 10, 10, 0, 11, 13, 10, 0, 10, 10, 0, 0, 10, 0, 0, 0, 0, 10, 10, 10, 10, 0, 0, 10, 0, : 10, 10, 10, 10, 10, 10, 10, 10, 10, 10, 10, 10, 10, 10, 10, 10, 10, 10, 10, 10, 10, 10, 10, 10, 10, 10, 10, 10, 10, 10, 10, 10, 10, 10, 10, 11, 13, 10, 10, 10, 10, 10, 10, 10, 10, 10, 
33: 10, 10, 0, 10, 0, 1, 10, 0, 10, 10, 0, 0, 10, 0, 0, 0, 0, 0, 10, 0, 10, 10, 0, 0, 10, 0, 0, 0, 0, 10, 10, 0, 0, 0, 10, 10, 10, 0, 10, 10, 0, 10, 0, 0, 0, 0, 10, 0, 0, 0, 0, 0, 0, 10, 10, 10, 10, 0, 10, 0, 10, 10, 0, 0, 0, 0, 0, 10, 0, 10, 10, 10, 0, 10, 10, 0, 10, 0, 10, 0, : 10, 10, 10, 1, 10, 10, 10, 10, 10, 10, 10, 10, 10, 10, 10, 10, 10, 10, 10, 10, 10, 10, 10, 10, 10, 10, 10, 10, 10, 10, 10, 10, 10, 10, 10, 10, 
127: 0, 0, 10, 10, 3, 0, 10, 10, 0, 0, 10, 0, 10, 0, 10, 10, 0, 0, 0, 0, 0, 0, 19, 10, 1, 6, 10, 10, 10, 10, 10, 10, 10, 0, 0, 10, 0, 10, 0, 0, 0, 0, 0, 10, 0, 0, 0, 2, 0, 10, 0, 10, 10, 10, 0, 0, 0, 1, 10, 0, 10, 10, 0, 0, 0, 10, 0, 10, 10, 0, 0, 0, 10, 10, 10, 0, 0, 0, 10, 10, : 10, 10, 3, 10, 10, 10, 10, 10, 10, 19, 10, 1, 6, 10, 10, 10, 10, 10, 10, 10, 10, 10, 10, 2, 10, 10, 10, 10, 1, 10, 10, 10, 10, 10, 10, 10, 10, 10, 10, 10, 
160: 0, 10, 10, 0, 10, 0, 10, 0, 0, 10, 10, 0, 0, 10, 10, 0, 0, 10, 10, 0, 0, 10, 10, 10, 5, 0, 10, 0, 10, 0, 0, 10, 10, 19, 0, 0, 0, 0, 0, 10, 10, 10, 10, 10, 10, 0, 0, 10, 10, 10, 1, 0, 0, 0, 10, 10, 0, 0, 10, 0, 10, 0, 0, 0, 10, 10, 0, 0, 0, 0, 0, 0, 10, 0, 10, 0, 10, 10, 0, 10, : 10, 10, 10, 10, 10, 10, 10, 10, 10, 10, 10, 10, 10, 5, 10, 10, 10, 10, 19, 10, 10, 10, 10, 10, 10, 10, 10, 10, 1, 10, 10, 10, 10, 10, 10, 10, 10, 10, 10, 10, 
47: 10, 10, 10, 10, 10, 10, 0, 10, 3, 10, 10, 0, 10, 10, 10, 0, 10, 10, 0, 10, 10, 15, 0, 10, 10, 0, 10, 0, 10, 10, 0, 10, 0, 0, 10, 10, 0, 10, 0, 10, 0, 0, 10, 0, 0, 10, 0, 10, 0, 10, 13, 10, 10, 0, 10, 0, 10, 10, 0, 10, 10, 10, 0, 10, 10, 0, 10, 10, 10, 0, 0, 0, 0, 0, 1, 10, 0, 0, 0, 10, : 10, 10, 10, 10, 10, 10, 10, 3, 10, 10, 10, 10, 10, 10, 10, 10, 10, 15, 10, 10, 10, 10, 10, 10, 10, 10, 10, 10, 10, 10, 10, 10, 13, 10, 10, 10, 10, 10, 10, 10, 10, 10, 10, 10, 10, 10, 1, 10, 10, 
14: 16, 10, 10, 10, 0, 10, 10, 10, 10, 0, 0, 0, 0, 10, 0, 0, 0, 10, 0, 10, 5, 10, 10, 4, 10, 3, 0, 6, 10, 10, 0, 10, 10, 10, 10, 0, 10, 10, 10, 0, 10, 0, 0, 0, 10, 0, 0, 10, 0, 0, 0, 0, 10, 10, 10, 0, 0, 10, 5, 2, 0, 10, 10, 10, 10, 0, 10, 10, 0, 0, 10, 0, 10, 0, 0, 10, 10, 10, 0, 0, : 16, 10, 10, 10, 10, 10, 10, 10, 10, 10, 10, 5, 10, 10, 4, 10, 3, 6, 10, 10, 10, 10, 10, 10, 10, 10, 10, 10, 10, 10, 10, 10, 10, 10, 5, 2, 10, 10, 10, 10, 10, 10, 10, 10, 10, 10, 10, 
143: 0, 10, 10, 10, 10, 0, 0, 0, 0, 0, 0, 0, 0, 0, 0, 10, 0, 0, 10, 0, 0, 10, 0, 10, 0, 0, 10, 0, 0, 10, 0, 4, 10, 10, 10, 0, 2, 0, 0, 10, 0, 10, 0, 0, 0, 10, 10, 0, 10, 10, 0, 10, 10, 0, 0, 0, 10, 10, 10, 10, 10, 0, 9, 10, 0, 0, 1, 10, 10, 0, 0, 0, 10, 0, 10, 0, 0, 10, 0, 0, : 10, 10, 10, 10, 10, 10, 10, 10, 10, 10, 4, 10, 10, 10, 2, 10, 10, 10, 10, 10, 10, 10, 10, 10, 10, 10, 10, 10, 9, 10, 1, 10, 10, 10, 10, 10, 
34: 10, 0, 10, 10, 10, 9, 0, 10, 0, 0, 0, 10, 10, 0, 0, 10, 10, 0, 10, 2, 0, 0, 0, 10, 0, 10, 10, 0, 0, 10, 0, 10, 10, 1, 0, 0, 10, 10, 10, 10, 10, 10, 13, 5, 10, 0, 0, 2, 10, 10, 0, 10, 10, 10, 10, 10, 10, 0, 0, 0, 10, 0, 10, 10, 0, 0, 0, 0, 1, 0, 0, 10, 10, 10, 0, 0, 0, 10, 0, 10, : 10, 10, 10, 10, 9, 10, 10, 10, 10, 10, 10, 2, 10, 10, 10, 10, 10, 10, 1, 10, 10, 10, 10, 10, 10, 13, 5, 10, 2, 10, 10, 10, 10, 10, 10, 10, 10, 10, 10, 10, 1, 10, 10, 10, 10, 10, 
51: 10, 10, 0, 0, 0, 0, 10, 0, 1, 10, 0, 0, 10, 10, 0, 0, 10, 10, 0, 0, 10, 0, 10, 0, 10, 10, 0, 10, 0, 10, 0, 10, 0, 4, 10, 10, 10, 10, 0, 0, 10, 0, 0, 10, 10, 0, 0, 10, 4, 0, 10, 0, 0, 0, 10, 0, 0, 0, 0, 10, 6, 0, 0, 10, 10, 10, 10, 10, 10, 10, 10, 10, 10, 10, 0, 10, 10, 0, 0, 10, : 10, 10, 10, 1, 10, 10, 10, 10, 10, 10, 10, 10, 10, 10, 10, 10, 4, 10, 10, 10, 10, 10, 10, 10, 10, 4, 10, 10, 10, 6, 10, 10, 10, 10, 10, 10, 10, 10, 10, 10, 10, 10, 10, 10, 
140: 0, 10, 0, 10, 10, 10, 0, 0, 10, 0, 10, 0, 10, 0, 10, 0, 0, 0, 10, 0, 0, 10, 10, 10, 10, 10, 0, 10, 10, 10, 10, 0, 10, 0, 10, 10, 10, 0, 10, 0, 10, 0, 0, 10, 0, 10, 0, 0, 10, 10, 10, 0, 10, 0, 10, 0, 0, 0, 0, 0, 0, 0, 10, 0, 10, 10, 0, 10, 1, 0, 10, 0, 1, 17, 0, 10, 10, 10, 0, 10, : 10, 10, 10, 10, 10, 10, 10, 10, 10, 10, 10, 10, 10, 10, 10, 10, 10, 10, 10, 10, 10, 10, 10, 10, 10, 10, 10, 10, 10, 10, 10, 10, 10, 10, 10, 1, 10, 1, 17, 10, 10, 10, 10, 
30: 0, 0, 10, 0, 0, 0, 10, 10, 10, 10, 0, 10, 0, 0, 0, 10, 10, 10, 10, 0, 0, 10, 0, 0, 10, 10, 10, 3, 10, 0, 10, 0, 10, 10, 0, 10, 0, 10, 2, 0, 0, 10, 0, 0, 10, 10, 10, 0, 0, 1, 10, 0, 10, 10, 10, 0, 10, 10, 10, 0, 10, 10, 0, 10, 0, 10, 0, 0, 0, 0, 0, 10, 10, 8, 10, 0, 0, 10, 10, 0, : 10, 10, 10, 10, 10, 10, 10, 10, 10, 10, 10, 10, 10, 10, 3, 10, 10, 10, 10, 10, 10, 2, 10, 10, 10, 10, 1, 10, 10, 10, 10, 10, 10, 10, 10, 10, 10, 10, 10, 10, 8, 10, 10, 10, 
54: 0, 0, 10, 0, 10, 0, 0, 0, 0, 0, 10, 10, 10, 0, 0, 10, 0, 10, 0, 10, 10, 0, 10, 0, 0, 10, 0, 0, 2, 0, 0, 0, 10, 10, 10, 10, 10, 10, 8, 0, 10, 10, 0, 0, 1, 10, 0, 10, 0, 0, 10, 0, 0, 10, 10, 0, 10, 0, 0, 0, 0, 10, 10, 10, 0, 10, 10, 1, 0, 0, 10, 0, 0, 0, 10, 10, 10, 0, 10, 10, : 10, 10, 10, 10, 10, 10, 10, 10, 10, 10, 10, 2, 10, 10, 10, 10, 10, 10, 8, 10, 10, 1, 10, 10, 10, 10, 10, 10, 10, 10, 10, 10, 10, 1, 10, 10, 10, 10, 10, 10, 
156: 0, 10, 0, 0, 0, 10, 0, 0, 10, 10, 10, 0, 10, 10, 0, 0, 0, 13, 18, 10, 10, 0, 10, 0, 0, 10, 0, 10, 10, 0, 10, 10, 0, 10, 10, 0, 0, 0, 0, 0, 0, 10, 10, 0, 0, 0, 0, 1, 10, 10, 10, 10, 0, 0, 0, 14, 0, 10, 10, 10, 0, 0, 10, 10, 10, 0, 0, 10, 10, 0, 10, 0, 0, 10, 10, 19, 17, 10, 0, 10, : 10, 10, 10, 10, 10, 10, 10, 13, 18, 10, 10, 10, 10, 10, 10, 10, 10, 10, 10, 10, 10, 1, 10, 10, 10, 10, 14, 10, 10, 10, 10, 10, 10, 10, 10, 10, 10, 10, 19, 17, 10, 10, 
118: 10, 10, 0, 10, 0, 0, 10, 0, 10, 0, 10, 2, 11, 0, 10, 10, 10, 0, 0, 10, 10, 10, 0, 10, 10, 10, 10, 10, 10, 10, 0, 10, 10, 0, 0, 10, 0, 2, 0, 0, 10, 10, 10, 10, 10, 0, 10, 0, 10, 3, 10, 0, 10, 10, 10, 10, 0, 0, 10, 10, 10, 0, 10, 1, 10, 0, 10, 10, 0, 10, 0, 10, 0, 0, 0, 10, 10, 10, 10, 10, : 10, 10, 10, 10, 10, 10, 2, 11, 10, 10, 10, 10, 10, 10, 10, 10, 10, 10, 10, 10, 10, 10, 10, 10, 2, 10, 10, 10, 10, 10, 10, 10, 3, 10, 10, 10, 10, 10, 10, 10, 10, 10, 1, 10, 10, 10, 10, 10, 10, 10, 10, 10, 10, 
36: 0, 10, 10, 0, 10, 10, 10, 10, 10, 10, 10, 10, 10, 0, 10, 0, 10, 10, 10, 10, 10, 10, 0, 0, 10, 0, 10, 10, 0, 10, 0, 0, 0, 0, 10, 10, 10, 10, 10, 0, 10, 0, 0, 0, 10, 10, 0, 10, 10, 10, 0, 10, 0, 0, 10, 10, 10, 10, 10, 10, 0, 0, 15, 0, 10, 10, 10, 10, 0, 0, 1, 0, 10, 0, 10, 10, 10, 10, 10, 0, : 10, 10, 10, 10, 10, 10, 10, 10, 10, 10, 10, 10, 10, 10, 10, 10, 10, 10, 10, 10, 10, 10, 10, 10, 10, 10, 10, 10, 10, 10, 10, 10, 10, 10, 10, 10, 10, 10, 10, 10, 15, 10, 10, 10, 10, 1, 10, 10, 10, 10, 10, 10, 
28: 10, 10, 0, 10, 10, 0, 10, 0, 10, 10, 10, 10, 10, 10, 10, 0, 0, 0, 0, 0, 10, 0, 0, 10, 10, 10, 0, 10, 10, 0, 10, 10, 10, 10, 0, 10, 10, 0, 10, 0, 10, 0, 10, 0, 0, 10, 0, 0, 10, 10, 0, 10, 0, 0, 10, 10, 10, 10, 0, 10, 0, 10, 10, 10, 0, 10, 10, 0, 0, 0, 0, 0, 0, 10, 0, 10, 10, 5, 0, 0, : 10, 10, 10, 10, 10, 10, 10, 10, 10, 10, 10, 10, 10, 10, 10, 10, 10, 10, 10, 10, 10, 10, 10, 10, 10, 10, 10, 10, 10, 10, 10, 10, 10, 10, 10, 10, 10, 10, 10, 10, 10, 10, 10, 10, 5, 
21: 10, 0, 10, 0, 10, 10, 0, 10, 0, 0, 10, 10, 10, 0, 10, 0, 0, 10, 0, 5, 10, 0, 0, 0, 0, 0, 10, 0, 6, 10, 3, 0, 0, 0, 10, 10, 0, 10, 10, 10, 0, 0, 10, 0, 10, 0, 0, 0, 10, 0, 0, 0, 10, 0, 10, 0, 10, 10, 0, 10, 0, 10, 0, 0, 10, 10, 0, 0, 10, 0, 2, 10, 0, 0, 10, 0, 10, 10, 10, 0, : 10, 10, 10, 10, 10, 10, 10, 10, 10, 10, 5, 10, 10, 6, 10, 3, 10, 10, 10, 10, 10, 10, 10, 10, 10, 10, 10, 10, 10, 10, 10, 10, 10, 2, 10, 10, 10, 10, 10, 
114: 10, 10, 10, 10, 0, 10, 0, 10, 10, 0, 0, 10, 10, 0, 0, 10, 0, 0, 10, 10, 10, 0, 10, 0, 0, 0, 0, 10, 0, 0, 10, 0, 0, 10, 10, 0, 10, 0, 10, 10, 10, 0, 0, 10, 0, 0, 10, 0, 1, 10, 0, 0, 0, 10, 0, 0, 10, 0, 10, 0, 0, 0, 10, 0, 10, 0, 0, 0, 10, 1, 10, 10, 0, 10, 10, 10, 10, 10, 10, 10, : 10, 10, 10, 10, 10, 10, 10, 10, 10, 10, 10, 10, 10, 10, 10, 10, 10, 10, 10, 10, 10, 10, 10, 10, 1, 10, 10, 10, 10, 10, 10, 10, 1, 10, 10, 10, 10, 10, 10, 10, 10, 10, 
97: 0, 10, 10, 10, 10, 10, 0, 10, 0, 1, 0, 10, 10, 10, 0, 0, 0, 10, 10, 10, 0, 0, 3, 0, 10, 10, 0, 0, 0, 0, 0, 0, 10, 10, 0, 0, 5, 0, 10, 10, 10, 0, 10, 0, 0, 0, 4, 0, 10, 0, 10, 0, 10, 0, 0, 0, 10, 0, 10, 10, 10, 10, 10, 0, 10, 10, 10, 10, 10, 0, 10, 0, 0, 0, 0, 0, 0, 0, 10, 17, : 10, 10, 10, 10, 10, 10, 1, 10, 10, 10, 10, 10, 10, 3, 10, 10, 10, 10, 5, 10, 10, 10, 10, 4, 10, 10, 10, 10, 10, 10, 10, 10, 10, 10, 10, 10, 10, 10, 10, 10, 17, 
121: 10, 10, 0, 0, 0, 10, 0, 10, 1, 0, 0, 10, 10, 0, 0, 10, 10, 10, 10, 10, 10, 0, 10, 0, 10, 10, 10, 0, 0, 10, 10, 0, 0, 10, 0, 0, 0, 0, 0, 15, 0, 10, 10, 10, 0, 0, 3, 0, 10, 10, 0, 10, 0, 10, 0, 0, 0, 0, 10, 10, 10, 0, 0, 0, 10, 0, 10, 0, 10, 10, 0, 10, 10, 10, 0, 10, 0, 0, 10, 0, : 10, 10, 10, 10, 1, 10, 10, 10, 10, 10, 10, 10, 10, 10, 10, 10, 10, 10, 10, 10, 15, 10, 10, 10, 3, 10, 10, 10, 10, 10, 10, 10, 10, 10, 10, 10, 10, 10, 10, 10, 10, 
48: 0, 0, 0, 0, 10, 0, 10, 1, 0, 10, 10, 10, 0, 0, 10, 0, 10, 10, 0, 10, 10, 10, 0, 0, 0, 0, 0, 10, 0, 0, 0, 0, 0, 10, 10, 10, 0, 10, 0, 0, 10, 10, 0, 0, 10, 10, 10, 10, 10, 0, 10, 0, 10, 0, 0, 10, 0, 10, 10, 0, 0, 10, 10, 0, 0, 3, 10, 10, 10, 0, 10, 10, 10, 0, 4, 0, 10, 0, 10, 0, : 10, 10, 1, 10, 10, 10, 10, 10, 10, 10, 10, 10, 10, 10, 10, 10, 10, 10, 10, 10, 10, 10, 10, 10, 10, 10, 10, 10, 10, 10, 10, 3, 10, 10, 10, 10, 10, 10, 4, 10, 10, 
71: 0, 0, 10, 10, 0, 0, 10, 0, 0, 0, 10, 10, 0, 1, 0, 0, 10, 10, 0, 0, 0, 0, 0, 10, 10, 10, 0, 0, 10, 10, 10, 10, 0, 10, 10, 10, 0, 10, 10, 0, 10, 0, 10, 10, 10, 10, 10, 0, 10, 0, 10, 10, 0, 0, 0, 10, 10, 0, 0, 2, 0, 0, 0, 0, 0, 10, 10, 10, 10, 0, 3, 0, 0, 10, 0, 0, 10, 10, 10, 10, : 10, 10, 10, 10, 10, 1, 10, 10, 10, 10, 10, 10, 10, 10, 10, 10, 10, 10, 10, 10, 10, 10, 10, 10, 10, 10, 10, 10, 10, 10, 10, 2, 10, 10, 10, 10, 3, 10, 10, 10, 10, 10, 
91: 0, 10, 0, 10, 0, 10, 10, 10, 0, 0, 0, 1, 0, 10, 0, 0, 10, 10, 10, 0, 0, 10, 10, 0, 0, 10, 0, 0, 2, 0, 0, 0, 10, 10, 0, 10, 0, 0, 0, 0, 10, 1, 0, 10, 0, 10, 10, 10, 0, 0, 10, 0, 10, 0, 0, 10, 0, 10, 0, 0, 10, 0, 10, 10, 0, 0, 0, 10, 10, 0, 10, 10, 10, 0, 2, 10, 0, 10, 0, 20, : 10, 10, 10, 10, 10, 1, 10, 10, 10, 10, 10, 10, 10, 2, 10, 10, 10, 10, 1, 10, 10, 10, 10, 10, 10, 10, 10, 10, 10, 10, 10, 10, 10, 10, 10, 2, 10, 10, 20, 
37: 10, 0, 10, 1, 0, 0, 10, 10, 1, 10, 10, 10, 0, 0, 0, 10, 0, 1, 0, 0, 3, 10, 10, 0, 10, 10, 10, 10, 10, 0, 10, 10, 0, 10, 10, 10, 10, 0, 10, 0, 10, 10, 10, 0, 0, 0, 0, 10, 10, 0, 0, 1, 10, 0, 0, 0, 0, 10, 2, 0, 0, 10, 0, 10, 0, 10, 0, 0, 10, 10, 10, 10, 10, 10, 0, 10, 0, 0, 10, 10, : 10, 10, 1, 10, 10, 1, 10, 10, 10, 10, 1, 3, 10, 10, 10, 10, 10, 10, 10, 10, 10, 10, 10, 10, 10, 10, 10, 10, 10, 10, 10, 1, 10, 10, 2, 10, 10, 10, 10, 10, 10, 10, 10, 10, 10, 10, 10, 
62: 0, 10, 0, 0, 0, 10, 2, 10, 0, 10, 0, 10, 0, 10, 10, 10, 10, 0, 10, 0, 0, 10, 0, 0, 0, 10, 10, 0, 10, 0, 0, 0, 0, 0, 10, 0, 10, 0, 10, 10, 0, 10, 0, 0, 10, 0, 0, 0, 10, 10, 10, 0, 10, 10, 3, 0, 0, 3, 10, 0, 0, 0, 0, 10, 10, 0, 10, 0, 0, 0, 0, 0, 10, 0, 8, 0, 0, 0, 10, 10, : 10, 10, 2, 10, 10, 10, 10, 10, 10, 10, 10, 10, 10, 10, 10, 10, 10, 10, 10, 10, 10, 10, 10, 10, 10, 10, 3, 3, 10, 10, 10, 10, 10, 8, 10, 10, 
115: 0, 0, 10, 0, 0, 0, 0, 10, 10, 0, 10, 0, 10, 10, 10, 0, 0, 10, 10, 10, 10, 0, 0, 10, 10, 0, 0, 2, 10, 10, 0, 0, 0, 10, 0, 10, 0, 10, 0, 0, 4, 10, 0, 0, 0, 0, 10, 10, 0, 0, 10, 0, 0, 10, 0, 0, 0, 10, 10, 0, 10, 10, 10, 10, 10, 10, 0, 0, 10, 0, 10, 10, 10, 0, 0, 0, 10, 10, 0, 10, : 10, 10, 10, 10, 10, 10, 10, 10, 10, 10, 10, 10, 10, 2, 10, 10, 10, 10, 10, 4, 10, 10, 10, 10, 10, 10, 10, 10, 10, 10, 10, 10, 10, 10, 10, 10, 10, 10, 10, 10, 
100: 10, 0, 0, 10, 10, 10, 0, 0, 10, 0, 0, 2, 3, 10, 0, 10, 0, 0, 0, 10, 0, 0, 10, 10, 10, 10, 10, 10, 0, 10, 10, 10, 0, 0, 10, 10, 0, 0, 10, 10, 0, 0, 10, 10, 10, 10, 1, 10, 10, 9, 0, 0, 0, 10, 10, 0, 0, 10, 0, 10, 10, 10, 0, 0, 0, 10, 10, 0, 0, 10, 10, 10, 10, 0, 0, 9, 0, 0, 10, 0, : 10, 10, 10, 10, 10, 2, 3, 10, 10, 10, 10, 10, 10, 10, 10, 10, 10, 10, 10, 10, 10, 10, 10, 10, 10, 10, 10, 1, 10, 10, 9, 10, 10, 10, 10, 10, 10, 10, 10, 10, 10, 10, 10, 9, 10, 
84: 0, 10, 10, 0, 10, 0, 10, 0, 10, 10, 0, 10, 10, 10, 0, 10, 0, 10, 10, 10, 10, 0, 0, 0, 10, 0, 0, 10, 0, 0, 10, 0, 0, 10, 10, 10, 0, 10, 0, 0, 0, 0, 0, 10, 0, 10, 0, 0, 10, 0, 0, 0, 0, 10, 10, 0, 0, 7, 0, 0, 6, 0, 10, 10, 0, 10, 0, 10, 0, 10, 10, 10, 0, 10, 10, 0, 0, 10, 0, 0, : 10, 10, 10, 10, 10, 10, 10, 10, 10, 10, 10, 10, 10, 10, 10, 10, 10, 10, 10, 10, 10, 10, 10, 10, 10, 10, 7, 6, 10, 10, 10, 10, 10, 10, 10, 10, 10, 10, 
23: 0, 0, 10, 0, 0, 0, 0, 0, 10, 0, 10, 0, 0, 0, 10, 10, 0, 0, 10, 0, 0, 0, 10, 0, 0, 0, 0, 10, 0, 10, 0, 10, 10, 0, 10, 0, 10, 10, 0, 10, 10, 10, 10, 10, 10, 0, 10, 0, 0, 10, 0, 0, 0, 10, 0, 10, 10, 10, 10, 10, 0, 1, 0, 0, 7, 0, 0, 10, 10, 10, 0, 0, 10, 0, 10, 10, 20, 10, 10, 0, : 10, 10, 10, 10, 10, 10, 10, 10, 10, 10, 10, 10, 10, 10, 10, 10, 10, 10, 10, 10, 10, 10, 10, 10, 10, 10, 10, 10, 1, 7, 10, 10, 10, 10, 10, 10, 20, 10, 10, 
96: 0, 10, 10, 10, 0, 10, 0, 10, 0, 0, 0, 0, 10, 10, 10, 10, 0, 10, 0, 0, 0, 10, 10, 10, 10, 10, 10, 0, 10, 0, 0, 10, 0, 0, 10, 0, 0, 10, 10, 10, 0, 10, 10, 0, 10, 10, 0, 10, 10, 10, 0, 10, 10, 3, 10, 0, 10, 0, 0, 0, 10, 5, 10, 0, 10, 0, 0, 0, 10, 0, 0, 10, 10, 0, 10, 0, 10, 0, 10, 10, : 10, 10, 10, 10, 10, 10, 10, 10, 10, 10, 10, 10, 10, 10, 10, 10, 10, 10, 10, 10, 10, 10, 10, 10, 10, 10, 10, 10, 10, 10, 10, 3, 10, 10, 10, 5, 10, 10, 10, 10, 10, 10, 10, 10, 10, 
56: 0, 0, 0, 0, 0, 10, 0, 0, 0, 10, 0, 0, 0, 0, 10, 10, 0, 0, 10, 0, 10, 0, 0, 0, 10, 10, 0, 0, 10, 10, 10, 10, 0, 0, 10, 10, 2, 0, 0, 0, 0, 10, 7, 0, 10, 10, 10, 10, 0, 10, 10, 0, 0, 10, 10, 3, 0, 0, 10, 0, 0, 10, 10, 10, 10, 0, 10, 10, 0, 0, 3, 10, 0, 10, 0, 0, 0, 10, 0, 0, : 10, 10, 10, 10, 10, 10, 10, 10, 10, 10, 10, 10, 10, 10, 2, 10, 7, 10, 10, 10, 10, 10, 10, 10, 10, 3, 10, 10, 10, 10, 10, 10, 10, 3, 10, 10, 10, 
88: 10, 0, 0, 10, 0, 0, 0, 10, 0, 10, 0, 10, 0, 0, 0, 10, 10, 0, 0, 0, 10, 0, 10, 10, 10, 0, 10, 0, 0, 0, 0, 10, 10, 10, 0, 10, 0, 0, 10, 0, 0, 0, 10, 10, 0, 0, 10, 0, 10, 0, 10, 0, 0, 0, 10, 10, 0, 0, 0, 0, 10, 10, 10, 10, 0, 10, 10, 0, 10, 0, 0, 0, 0, 0, 0, 0, 0, 0, 0, 0, : 10, 10, 10, 10, 10, 10, 10, 10, 10, 10, 10, 10, 10, 10, 10, 10, 10, 10, 10, 10, 10, 10, 10, 10, 10, 10, 10, 10, 10, 10, 10, 
78: 10, 0, 0, 0, 10, 10, 10, 10, 0, 10, 10, 0, 10, 0, 0, 10, 0, 10, 0, 10, 10, 10, 10, 10, 17, 10, 0, 0, 0, 0, 10, 0, 0, 0, 10, 10, 10, 0, 0, 0, 0, 0, 0, 10, 10, 10, 0, 0, 0, 10, 1, 10, 10, 0, 10, 0, 10, 0, 10, 0, 0, 10, 0, 0, 0, 0, 10, 0, 0, 4, 10, 10, 0, 10, 10, 10, 0, 0, 0, 0, : 10, 10, 10, 10, 10, 10, 10, 10, 10, 10, 10, 10, 10, 10, 10, 17, 10, 10, 10, 10, 10, 10, 10, 10, 10, 1, 10, 10, 10, 10, 10, 10, 10, 4, 10, 10, 10, 10, 10, 
64: 12, 10, 0, 0, 0, 10, 10, 10, 0, 0, 0, 10, 10, 10, 10, 0, 10, 0, 10, 10, 10, 10, 0, 0, 10, 10, 0, 10, 0, 10, 10, 0, 0, 10, 0, 0, 10, 10, 0, 12, 0, 10, 10, 0, 10, 1, 10, 10, 0, 0, 0, 10, 0, 4, 10, 0, 0, 10, 0, 10, 10, 0, 10, 10, 0, 0, 10, 0, 10, 0, 0, 10, 0, 0, 10, 0, 10, 10, 10, 10, : 12, 10, 10, 10, 10, 10, 10, 10, 10, 10, 10, 10, 10, 10, 10, 10, 10, 10, 10, 10, 10, 10, 12, 10, 10, 10, 1, 10, 10, 10, 4, 10, 10, 10, 10, 10, 10, 10, 10, 10, 10, 10, 10, 10, 10, 
93: 2, 0, 0, 10, 10, 1, 10, 0, 10, 0, 0, 0, 10, 10, 0, 10, 0, 10, 10, 10, 0, 10, 10, 10, 10, 10, 10, 10, 10, 0, 0, 10, 0, 0, 10, 10, 0, 10, 0, 1, 0, 10, 10, 10, 0, 0, 0, 0, 10, 10, 0, 10, 10, 10, 0, 0, 5, 10, 10, 0, 10, 0, 10, 0, 10, 0, 10, 0, 0, 10, 10, 10, 10, 10, 10, 0, 0, 0, 10, 10, : 2, 10, 10, 1, 10, 10, 10, 10, 10, 10, 10, 10, 10, 10, 10, 10, 10, 10, 10, 10, 10, 10, 10, 10, 1, 10, 10, 10, 10, 10, 10, 10, 10, 5, 10, 10, 10, 10, 10, 10, 10, 10, 10, 10, 10, 10, 10, 10, 
44: 10, 0, 0, 10, 0, 10, 0, 0, 0, 10, 0, 0, 10, 0, 0, 10, 0, 10, 10, 10, 0, 10, 0, 10, 10, 0, 10, 0, 0, 0, 10, 0, 10, 0, 10, 0, 0, 0, 0, 0, 10, 0, 0, 0, 10, 10, 10, 10, 0, 10, 0, 10, 10, 0, 0, 10, 10, 0, 10, 0, 10, 0, 0, 0, 0, 10, 10, 20, 3, 10, 10, 10, 0, 0, 0, 10, 10, 0, 0, 10, : 10, 10, 10, 10, 10, 10, 10, 10, 10, 10, 10, 10, 10, 10, 10, 10, 10, 10, 10, 10, 10, 10, 10, 10, 10, 10, 10, 10, 10, 10, 20, 3, 10, 10, 10, 10, 10, 10, 
101: 10, 0, 10, 10, 10, 10, 10, 0, 10, 0, 0, 0, 10, 10, 10, 10, 10, 0, 0, 10, 10, 7, 10, 10, 0, 0, 0, 0, 0, 6, 10, 10, 10, 10, 0, 10, 10, 10, 10, 10, 10, 0, 0, 0, 0, 10, 0, 0, 0, 0, 10, 0, 10, 10, 0, 10, 0, 0, 0, 0, 10, 0, 0, 0, 10, 0, 10, 0, 10, 1, 0, 0, 0, 10, 0, 0, 0, 0, 0, 0, : 10, 10, 10, 10, 10, 10, 10, 10, 10, 10, 10, 10, 10, 10, 7, 10, 10, 6, 10, 10, 10, 10, 10, 10, 10, 10, 10, 10, 10, 10, 10, 10, 10, 10, 10, 10, 10, 1, 10, 
82: 0, 10, 10, 0, 0, 10, 0, 10, 0, 0, 0, 0, 0, 10, 10, 10, 0, 10, 10, 0, 10, 10, 0, 0, 10, 10, 10, 0, 10, 10, 10, 10, 10, 0, 10, 0, 0, 10, 10, 10, 0, 10, 10, 10, 10, 10, 10, 2, 10, 10, 10, 10, 10, 0, 10, 0, 10, 0, 0, 0, 0, 10, 0, 0, 0, 0, 0, 1, 0, 10, 10, 0, 0, 0, 10, 0, 10, 0, 3, 10, : 10, 10, 10, 10, 10, 10, 10, 10, 10, 10, 10, 10, 10, 10, 10, 10, 10, 10, 10, 10, 10, 10, 10, 10, 10, 10, 10, 10, 10, 2, 10, 10, 10, 10, 10, 10, 10, 10, 1, 10, 10, 10, 10, 3, 10, 
146: 0, 0, 10, 0, 10, 0, 10, 10, 0, 10, 5, 10, 10, 0, 10, 0, 10, 10, 0, 10, 0, 10, 10, 10, 0, 10, 10, 0, 10, 10, 0, 10, 0, 0, 0, 0, 0, 0, 0, 10, 0, 10, 0, 10, 10, 0, 10, 10, 10, 0, 10, 10, 10, 1, 0, 10, 0, 10, 3, 10, 0, 0, 10, 0, 0, 0, 0, 10, 10, 10, 10, 0, 0, 10, 0, 6, 10, 0, 10, 0, : 10, 10, 10, 10, 10, 5, 10, 10, 10, 10, 10, 10, 10, 10, 10, 10, 10, 10, 10, 10, 10, 10, 10, 10, 10, 10, 10, 10, 10, 10, 1, 10, 10, 3, 10, 10, 10, 10, 10, 10, 10, 6, 10, 10, 
151: 12, 0, 0, 0, 10, 0, 2, 0, 10, 0, 10, 10, 0, 10, 10, 0, 10, 10, 10, 0, 0, 0, 10, 0, 10, 10, 0, 10, 0, 0, 10, 10, 0, 10, 0, 10, 10, 10, 0, 10, 0, 0, 10, 0, 10, 0, 10, 10, 10, 0, 0, 0, 10, 10, 0, 10, 10, 10, 0, 10, 10, 0, 0, 10, 2, 10, 0, 0, 10, 10, 10, 10, 10, 10, 10, 10, 0, 10, 10, 10, : 12, 10, 2, 10, 10, 10, 10, 10, 10, 10, 10, 10, 10, 10, 10, 10, 10, 10, 10, 10, 10, 10, 10, 10, 10, 10, 10, 10, 10, 10, 10, 10, 10, 10, 10, 2, 10, 10, 10, 10, 10, 10, 10, 10, 10, 10, 10, 10, 
11: 10, 10, 10, 0, 0, 11, 0, 10, 0, 0, 0, 0, 0, 10, 0, 10, 10, 0, 10, 10, 0, 0, 0, 10, 10, 0, 10, 10, 0, 0, 0, 10, 4, 0, 0, 10, 10, 0, 0, 10, 0, 10, 0, 0, 10, 0, 0, 3, 10, 10, 10, 10, 10, 10, 0, 10, 10, 0, 0, 0, 0, 10, 0, 10, 10, 0, 10, 0, 10, 0, 0, 10, 10, 10, 0, 0, 10, 0, 0, 0, : 10, 10, 10, 11, 10, 10, 10, 10, 10, 10, 10, 10, 10, 10, 10, 4, 10, 10, 10, 10, 10, 3, 10, 10, 10, 10, 10, 10, 10, 10, 10, 10, 10, 10, 10, 10, 10, 10, 10, 
80: 10, 10, 0, 0, 0, 2, 10, 10, 0, 0, 0, 10, 10, 0, 0, 0, 10, 10, 0, 0, 0, 10, 10, 0, 0, 10, 10, 10, 0, 0, 10, 10, 0, 10, 10, 0, 10, 10, 10, 0, 10, 0, 0, 0, 10, 10, 0, 0, 10, 0, 0, 10, 0, 0, 0, 0, 0, 0, 10, 0, 0, 0, 10, 10, 0, 0, 0, 0, 0, 0, 10, 0, 0, 0, 0, 0, 0, 0, 10, 0, : 10, 10, 2, 10, 10, 10, 10, 10, 10, 10, 10, 10, 10, 10, 10, 10, 10, 10, 10, 10, 10, 10, 10, 10, 10, 10, 10, 10, 10, 10, 10, 
38: 0, 10, 0, 0, 12, 0, 0, 10, 10, 10, 10, 0, 10, 10, 0, 10, 10, 0, 0, 0, 0, 0, 0, 10, 10, 0, 0, 0, 0, 0, 10, 10, 10, 10, 0, 0, 10, 10, 0, 10, 10, 10, 10, 10, 10, 0, 0, 10, 0, 10, 10, 0, 10, 0, 5, 10, 10, 0, 10, 0, 10, 0, 10, 10, 10, 10, 10, 0, 10, 10, 10, 10, 10, 0, 10, 6, 10, 0, 0, 0, : 10, 12, 10, 10, 10, 10, 10, 10, 10, 10, 10, 10, 10, 10, 10, 10, 10, 10, 10, 10, 10, 10, 10, 10, 10, 10, 10, 10, 5, 10, 10, 10, 10, 10, 10, 10, 10, 10, 10, 10, 10, 10, 10, 10, 6, 10, 
49: 0, 10, 10, 10, 0, 0, 10, 0, 10, 0, 0, 0, 0, 10, 0, 0, 0, 0, 0, 0, 0, 10, 0, 10, 0, 0, 5, 10, 10, 10, 10, 0, 10, 10, 10, 0, 0, 10, 10, 10, 0, 0, 0, 0, 10, 10, 0, 10, 10, 10, 10, 0, 0, 10, 0, 0, 0, 10, 10, 0, 0, 10, 10, 10, 0, 0, 0, 10, 0, 10, 0, 0, 0, 10, 10, 10, 0, 10, 0, 0, : 10, 10, 10, 10, 10, 10, 10, 10, 5, 10, 10, 10, 10, 10, 10, 10, 10, 10, 10, 10, 10, 10, 10, 10, 10, 10, 10, 10, 10, 10, 10, 10, 10, 10, 10, 10, 10, 
103: 0, 0, 10, 10, 10, 0, 0, 10, 10, 10, 10, 0, 0, 0, 0, 10, 10, 0, 0, 10, 0, 10, 0, 10, 0, 10, 10, 0, 10, 0, 10, 10, 10, 0, 0, 10, 0, 3, 10, 0, 10, 0, 10, 0, 10, 10, 0, 5, 10, 0, 10, 0, 0, 0, 0, 10, 0, 0, 10, 0, 0, 10, 0, 10, 0, 0, 1, 0, 10, 10, 0, 0, 10, 10, 0, 10, 3, 10, 0, 0, : 10, 10, 10, 10, 10, 10, 10, 10, 10, 10, 10, 10, 10, 10, 10, 10, 10, 10, 10, 3, 10, 10, 10, 10, 10, 5, 10, 10, 10, 10, 10, 10, 1, 10, 10, 10, 10, 10, 3, 10, 
144: 0, 0, 0, 0, 10, 10, 0, 10, 10, 10, 10, 10, 0, 0, 10, 0, 0, 0, 0, 2, 10, 0, 0, 10, 0, 0, 0, 10, 0, 0, 0, 10, 10, 10, 0, 10, 10, 10, 0, 10, 0, 0, 10, 10, 0, 10, 10, 0, 0, 10, 0, 4, 10, 0, 10, 0, 0, 0, 10, 0, 10, 0, 10, 10, 10, 10, 10, 10, 0, 10, 0, 10, 0, 0, 0, 0, 10, 10, 10, 10, : 10, 10, 10, 10, 10, 10, 10, 10, 2, 10, 10, 10, 10, 10, 10, 10, 10, 10, 10, 10, 10, 10, 10, 10, 4, 10, 10, 10, 10, 10, 10, 10, 10, 10, 10, 10, 10, 10, 10, 10, 10, 
10: 10, 10, 10, 10, 10, 0, 0, 0, 0, 10, 10, 0, 1, 0, 0, 0, 10, 0, 17, 0, 10, 0, 0, 0, 10, 10, 0, 0, 10, 10, 0, 10, 10, 10, 0, 0, 15, 10, 10, 10, 10, 10, 10, 0, 10, 10, 10, 10, 0, 10, 0, 10, 10, 0, 0, 10, 10, 10, 1, 0, 10, 0, 10, 0, 0, 10, 10, 0, 0, 10, 10, 10, 10, 10, 10, 10, 0, 10, 10, 10, : 10, 10, 10, 10, 10, 10, 10, 1, 10, 17, 10, 10, 10, 10, 10, 10, 10, 10, 15, 10, 10, 10, 10, 10, 10, 10, 10, 10, 10, 10, 10, 10, 10, 10, 10, 1, 10, 10, 10, 10, 10, 10, 10, 10, 10, 10, 10, 10, 10, 10, 


