
40
200
95
10

180: 0, 0, 10, 10, 0, 10, 10, 10, 10, 0, 0, 5, 0, 10, 0, 0, 1, 0, 0, 0, 10, 10, 5, 10, 10, 0, 0, 10, 10, 0, 1, 0, 0, 0, 0, 10, 0, 0, 0, 10, : 10, 10, 10, 10, 10, 10, 5, 10, 1, 10, 10, 5, 10, 10, 10, 10, 1, 10, 10, 
148: 0, 0, 10, 10, 10, 0, 2, 0, 0, 10, 10, 0, 0, 0, 10, 0, 10, 4, 10, 0, 0, 0, 0, 10, 10, 10, 10, 10, 0, 0, 10, 10, 0, 10, 0, 0, 0, 10, 0, 0, : 10, 10, 10, 2, 10, 10, 10, 10, 4, 10, 10, 10, 10, 10, 10, 10, 10, 10, 10, 
4: 10, 10, 1, 2, 0, 0, 10, 10, 10, 0, 10, 10, 10, 0, 10, 0, 0, 10, 5, 0, 0, 0, 0, 10, 1, 3, 10, 10, 0, 10, 4, 10, 10, 10, 0, 10, 10, 13, 0, 0, : 10, 10, 1, 2, 10, 10, 10, 10, 10, 10, 10, 10, 5, 10, 1, 3, 10, 10, 10, 4, 10, 10, 10, 10, 10, 13, 
198: 10, 10, 10, 0, 10, 1, 10, 0, 0, 0, 0, 0, 10, 10, 2, 0, 10, 10, 0, 0, 10, 10, 10, 0, 0, 0, 10, 0, 0, 10, 10, 1, 0, 0, 0, 10, 0, 10, 10, 10, : 10, 10, 10, 10, 1, 10, 10, 10, 2, 10, 10, 10, 10, 10, 10, 10, 10, 1, 10, 10, 10, 10, 
83: 0, 10, 10, 10, 0, 10, 10, 0, 0, 10, 0, 0, 0, 0, 0, 10, 0, 10, 10, 10, 1, 10, 10, 0, 0, 0, 10, 10, 10, 10, 10, 20, 11, 10, 10, 9, 10, 3, 7, 10, : 10, 10, 10, 10, 10, 10, 10, 10, 10, 10, 1, 10, 10, 10, 10, 10, 10, 10, 20, 11, 10, 10, 9, 10, 3, 7, 10, 
45: 18, 0, 10, 10, 10, 0, 10, 0, 0, 10, 10, 10, 10, 0, 0, 0, 10, 4, 10, 10, 10, 10, 1, 0, 0, 10, 0, 1, 0, 5, 0, 0, 0, 0, 10, 0, 0, 10, 10, 0, : 18, 10, 10, 10, 10, 10, 10, 10, 10, 10, 4, 10, 10, 10, 10, 1, 10, 1, 5, 10, 10, 10, 
147: 7, 0, 0, 10, 0, 10, 10, 0, 10, 10, 10, 10, 10, 0, 0, 10, 10, 10, 0, 10, 10, 10, 15, 10, 10, 0, 1, 1, 3, 0, 0, 0, 13, 1, 10, 10, 10, 0, 0, 10, : 7, 10, 10, 10, 10, 10, 10, 10, 10, 10, 10, 10, 10, 10, 10, 15, 10, 10, 1, 1, 3, 13, 1, 10, 10, 10, 10, 
121: 0, 10, 10, 0, 10, 1, 0, 1, 0, 0, 0, 10, 0, 0, 10, 10, 10, 0, 10, 6, 10, 0, 0, 10, 0, 10, 10, 8, 10, 0, 0, 1, 0, 10, 0, 0, 10, 0, 2, 10, : 10, 10, 10, 1, 1, 10, 10, 10, 10, 10, 6, 10, 10, 10, 10, 8, 10, 1, 10, 10, 2, 10, 
136: 10, 10, 10, 0, 0, 0, 10, 10, 0, 0, 0, 0, 10, 15, 10, 0, 10, 0, 10, 15, 0, 0, 4, 0, 3, 0, 0, 10, 0, 0, 10, 0, 0, 1, 0, 0, 10, 0, 15, 10, : 10, 10, 10, 10, 10, 10, 15, 10, 10, 10, 15, 4, 3, 10, 10, 1, 10, 15, 10, 
183: 0, 2, 0, 0, 0, 0, 0, 0, 10, 10, 0, 0, 10, 0, 0, 0, 10, 10, 0, 0, 10, 0, 10, 0, 6, 0, 0, 10, 0, 0, 10, 3, 0, 0, 10, 10, 0, 10, 10, 0, : 2, 10, 10, 10, 10, 10, 10, 10, 6, 10, 10, 3, 10, 10, 10, 10, 
135: 10, 0, 0, 3, 0, 10, 0, 10, 10, 0, 10, 0, 10, 10, 0, 10, 0, 0, 10, 0, 1, 10, 0, 0, 3, 10, 10, 3, 10, 10, 0, 10, 10, 0, 10, 0, 3, 10, 0, 0, : 10, 3, 10, 10, 10, 10, 10, 10, 10, 10, 1, 10, 3, 10, 10, 3, 10, 10, 10, 10, 10, 3, 10, 
13: 0, 10, 0, 0, 10, 0, 1, 10, 10, 10, 9, 0, 0, 0, 10, 1, 10, 0, 0, 10, 3, 3, 0, 0, 10, 1, 0, 1, 10, 10, 10, 10, 10, 0, 10, 10, 2, 0, 10, 0, : 10, 10, 1, 10, 10, 10, 9, 10, 1, 10, 10, 3, 3, 10, 1, 1, 10, 10, 10, 10, 10, 10, 10, 2, 10, 
190: 0, 0, 10, 10, 10, 0, 0, 0, 10, 0, 10, 10, 0, 10, 0, 10, 4, 10, 0, 3, 10, 10, 10, 1, 1, 10, 0, 0, 0, 10, 0, 10, 10, 10, 3, 10, 10, 0, 10, 0, : 10, 10, 10, 10, 10, 10, 10, 10, 4, 10, 3, 10, 10, 10, 1, 1, 10, 10, 10, 10, 10, 3, 10, 10, 10, 
21: 10, 0, 0, 10, 1, 10, 10, 0, 1, 0, 3, 10, 0, 10, 10, 10, 0, 0, 10, 10, 0, 0, 10, 10, 0, 10, 10, 0, 0, 0, 0, 0, 0, 10, 0, 0, 10, 10, 1, 0, : 10, 10, 1, 10, 10, 1, 3, 10, 10, 10, 10, 10, 10, 10, 10, 10, 10, 10, 10, 10, 1, 
54: 10, 0, 0, 10, 10, 2, 1, 0, 0, 1, 10, 10, 1, 0, 0, 10, 0, 14, 10, 10, 10, 0, 0, 0, 10, 0, 10, 1, 10, 10, 10, 0, 10, 10, 10, 4, 10, 0, 10, 0, : 10, 10, 10, 2, 1, 1, 10, 10, 1, 10, 14, 10, 10, 10, 10, 10, 1, 10, 10, 10, 10, 10, 10, 4, 10, 10, 
116: 10, 10, 0, 0, 0, 10, 0, 10, 10, 10, 10, 10, 0, 10, 8, 0, 0, 0, 0, 0, 0, 10, 0, 0, 1, 0, 10, 10, 10, 0, 10, 10, 10, 10, 1, 2, 0, 0, 10, 10, : 10, 10, 10, 10, 10, 10, 10, 10, 10, 8, 10, 1, 10, 10, 10, 10, 10, 10, 10, 1, 2, 10, 10, 
170: 0, 0, 0, 0, 0, 10, 0, 4, 0, 10, 2, 0, 10, 0, 10, 0, 0, 10, 0, 10, 0, 0, 10, 4, 10, 10, 0, 0, 2, 0, 0, 10, 0, 0, 18, 10, 0, 0, 0, 5, : 10, 4, 10, 2, 10, 10, 10, 10, 10, 4, 10, 10, 2, 10, 18, 10, 5, 
12: 0, 10, 10, 10, 10, 1, 1, 10, 10, 0, 0, 0, 0, 10, 10, 4, 0, 2, 0, 1, 0, 0, 10, 10, 0, 10, 0, 10, 0, 10, 0, 0, 10, 3, 0, 0, 10, 19, 0, 10, : 10, 10, 10, 10, 1, 1, 10, 10, 10, 10, 4, 2, 1, 10, 10, 10, 10, 10, 10, 3, 10, 19, 10, 
156: 0, 4, 0, 0, 10, 10, 0, 10, 0, 0, 1, 10, 4, 10, 0, 10, 0, 0, 0, 0, 0, 10, 0, 10, 10, 1, 1, 0, 10, 0, 10, 0, 0, 0, 0, 0, 0, 0, 0, 0, : 4, 10, 10, 10, 1, 10, 4, 10, 10, 10, 10, 10, 1, 1, 10, 10, 
131: 0, 9, 4, 0, 4, 10, 10, 10, 4, 14, 0, 0, 10, 0, 5, 10, 10, 1, 10, 0, 10, 2, 0, 10, 10, 10, 3, 0, 10, 10, 0, 0, 1, 10, 3, 0, 0, 0, 0, 10, : 9, 4, 4, 10, 10, 10, 4, 14, 10, 5, 10, 10, 1, 10, 10, 2, 10, 10, 10, 3, 10, 10, 1, 10, 3, 10, 


128: 10, 10, 10, 0, 4, 10, 10, 2, 0, 10, 0, 10, 2, 0, 0, 10, 0, 10, 4, 10, 10, 0, 0, 10, 0, 10, 0, 0, 0, 0, 0, 0, 0, 0, 0, 10, 0, 0, 10, 0, : 10, 10, 10, 4, 10, 10, 2, 10, 10, 2, 10, 10, 4, 10, 10, 10, 10, 10, 10, 
81: 0, 0, 0, 10, 0, 0, 10, 0, 0, 0, 0, 10, 1, 0, 10, 10, 10, 10, 0, 10, 3, 10, 10, 0, 0, 0, 0, 10, 1, 10, 0, 0, 0, 0, 0, 10, 0, 0, 10, 0, : 10, 10, 10, 1, 10, 10, 10, 10, 10, 3, 10, 10, 10, 1, 10, 10, 10, 
152: 0, 0, 0, 2, 0, 4, 0, 10, 10, 0, 0, 1, 0, 10, 10, 0, 3, 0, 0, 0, 10, 0, 10, 10, 10, 1, 0, 0, 10, 0, 10, 10, 10, 10, 10, 0, 1, 0, 10, 10, : 2, 4, 10, 10, 1, 10, 10, 3, 10, 10, 10, 10, 1, 10, 10, 10, 10, 10, 10, 1, 10, 10, 
76: 10, 0, 0, 11, 0, 0, 10, 1, 0, 0, 10, 0, 0, 0, 10, 10, 0, 10, 0, 16, 1, 0, 2, 10, 10, 10, 0, 10, 0, 0, 0, 10, 0, 2, 10, 0, 10, 10, 10, 0, : 10, 11, 10, 1, 10, 10, 10, 10, 16, 1, 2, 10, 10, 10, 10, 10, 2, 10, 10, 10, 10, 
99: 10, 10, 10, 10, 0, 0, 0, 10, 10, 10, 10, 10, 0, 10, 0, 0, 10, 10, 10, 0, 0, 0, 10, 0, 10, 0, 10, 0, 10, 0, 0, 10, 10, 0, 10, 0, 0, 10, 10, 0, : 10, 10, 10, 10, 10, 10, 10, 10, 10, 10, 10, 10, 10, 10, 10, 10, 10, 10, 10, 10, 10, 10, 
139: 10, 0, 0, 0, 10, 0, 10, 0, 10, 2, 5, 10, 0, 10, 1, 10, 10, 0, 1, 0, 0, 0, 10, 10, 0, 0, 10, 0, 0, 10, 0, 10, 10, 1, 3, 0, 4, 0, 0, 10, : 10, 10, 10, 10, 2, 5, 10, 10, 1, 10, 10, 1, 10, 10, 10, 10, 10, 10, 1, 3, 4, 10, 
189: 0, 10, 0, 0, 10, 10, 0, 10, 0, 0, 0, 10, 0, 0, 0, 10, 0, 1, 3, 0, 0, 1, 0, 10, 10, 1, 3, 10, 0, 0, 10, 0, 1, 10, 0, 10, 10, 10, 0, 10, : 10, 10, 10, 10, 10, 10, 1, 3, 1, 10, 10, 1, 3, 10, 10, 1, 10, 10, 10, 10, 10, 
109: 5, 0, 10, 0, 0, 10, 0, 10, 0, 20, 0, 0, 0, 1, 10, 0, 10, 0, 10, 10, 0, 10, 0, 0, 0, 10, 10, 10, 10, 10, 0, 10, 0, 0, 10, 10, 0, 5, 0, 10, : 5, 10, 10, 10, 20, 1, 10, 10, 10, 10, 10, 10, 10, 10, 10, 10, 10, 10, 10, 5, 10, 
63: 0, 0, 10, 0, 10, 0, 10, 10, 0, 0, 10, 10, 0, 10, 10, 10, 0, 4, 10, 8, 10, 0, 0, 0, 0, 10, 0, 0, 0, 0, 10, 0, 10, 10, 10, 0, 10, 10, 0, 0, : 10, 10, 10, 10, 10, 10, 10, 10, 10, 4, 10, 8, 10, 10, 10, 10, 10, 10, 10, 10, 
61: 0, 10, 0, 0, 10, 10, 0, 10, 10, 0, 10, 10, 10, 0, 10, 10, 10, 0, 10, 10, 0, 1, 10, 10, 0, 10, 0, 10, 3, 10, 10, 0, 10, 10, 0, 10, 10, 0, 0, 0, : 10, 10, 10, 10, 10, 10, 10, 10, 10, 10, 10, 10, 10, 1, 10, 10, 10, 10, 3, 10, 10, 10, 10, 10, 10, 
69: 10, 2, 5, 1, 0, 10, 10, 0, 10, 10, 0, 0, 10, 10, 10, 0, 1, 10, 10, 10, 10, 10, 1, 10, 0, 0, 0, 10, 0, 10, 0, 2, 3, 10, 0, 6, 10, 10, 0, 10, : 10, 2, 5, 1, 10, 10, 10, 10, 10, 10, 10, 1, 10, 10, 10, 10, 10, 1, 10, 10, 10, 2, 3, 10, 6, 10, 10, 10, 
163: 0, 10, 0, 0, 10, 10, 10, 0, 0, 3, 10, 0, 10, 0, 0, 0, 10, 10, 0, 0, 0, 10, 10, 0, 10, 0, 10, 0, 10, 0, 0, 10, 0, 10, 2, 1, 0, 0, 0, 19, : 10, 10, 10, 10, 3, 10, 10, 10, 10, 10, 10, 10, 10, 10, 10, 10, 2, 1, 19, 
73: 10, 10, 10, 10, 6, 0, 0, 0, 0, 10, 0, 0, 10, 10, 0, 10, 10, 0, 0, 1, 10, 0, 0, 16, 10, 3, 0, 0, 10, 3, 10, 0, 10, 0, 10, 0, 0, 10, 0, 1, : 10, 10, 10, 10, 6, 10, 10, 10, 10, 10, 1, 10, 16, 10, 3, 10, 3, 10, 10, 10, 10, 1, 
167: 10, 0, 10, 10, 10, 10, 0, 0, 10, 0, 10, 0, 2, 1, 10, 0, 0, 0, 1, 10, 1, 10, 0, 0, 10, 0, 10, 5, 0, 10, 0, 0, 10, 10, 0, 10, 10, 0, 10, 0, : 10, 10, 10, 10, 10, 10, 10, 2, 1, 10, 1, 10, 1, 10, 10, 10, 5, 10, 10, 10, 10, 10, 10, 
94: 0, 0, 0, 10, 10, 0, 4, 2, 10, 0, 10, 10, 10, 10, 0, 5, 10, 0, 0, 0, 10, 10, 0, 0, 0, 0, 10, 10, 0, 10, 10, 10, 10, 0, 0, 0, 0, 0, 10, 1, : 10, 10, 4, 2, 10, 10, 10, 10, 10, 5, 10, 10, 10, 10, 10, 10, 10, 10, 10, 10, 1, 
100: 0, 10, 0, 1, 0, 0, 10, 10, 2, 10, 0, 0, 0, 3, 4, 0, 1, 10, 10, 0, 10, 10, 2, 0, 10, 10, 10, 8, 10, 0, 5, 10, 0, 1, 10, 10, 10, 0, 10, 11, : 10, 1, 10, 10, 2, 10, 3, 4, 1, 10, 10, 10, 10, 2, 10, 10, 10, 8, 10, 5, 10, 1, 10, 10, 10, 10, 11, 
1: 10, 10, 10, 10, 0, 10, 10, 0, 10, 0, 10, 0, 10, 0, 0, 0, 10, 10, 10, 0, 10, 10, 0, 0, 0, 10, 10, 0, 10, 10, 10, 10, 1, 0, 0, 0, 10, 0, 10, 0, : 10, 10, 10, 10, 10, 10, 10, 10, 10, 10, 10, 10, 10, 10, 10, 10, 10, 10, 10, 10, 1, 10, 10, 
196: 0, 10, 0, 10, 0, 10, 1, 10, 1, 10, 0, 4, 10, 10, 0, 0, 0, 10, 0, 10, 0, 0, 10, 5, 1, 10, 2, 10, 10, 2, 10, 3, 10, 10, 0, 0, 0, 10, 0, 0, : 10, 10, 10, 1, 10, 1, 10, 4, 10, 10, 10, 10, 10, 5, 1, 10, 2, 10, 10, 2, 10, 3, 10, 10, 10, 
6: 0, 0, 10, 0, 5, 0, 0, 0, 10, 10, 0, 10, 10, 0, 0, 10, 0, 0, 15, 0, 10, 3, 10, 2, 4, 10, 0, 2, 10, 0, 10, 0, 0, 10, 10, 10, 10, 10, 5, 10, : 10, 5, 10, 10, 10, 10, 10, 15, 10, 3, 10, 2, 4, 10, 2, 10, 10, 10, 10, 10, 10, 10, 5, 10, 
193: 10, 3, 10, 10, 10, 1, 0, 10, 2, 0, 10, 0, 10, 10, 10, 0, 0, 0, 1, 0, 0, 10, 10, 2, 10, 0, 10, 0, 1, 10, 0, 0, 0, 1, 10, 8, 0, 10, 0, 3, : 10, 3, 10, 10, 10, 1, 10, 2, 10, 10, 10, 10, 1, 10, 10, 2, 10, 10, 1, 10, 1, 10, 8, 10, 3, 


185: 0, 10, 10, 10, 0, 0, 10, 1, 10, 0, 2, 10, 0, 0, 0, 0, 0, 0, 0, 0, 10, 0, 0, 10, 0, 0, 10, 10, 0, 10, 10, 10, 10, 10, 2, 0, 0, 10, 0, 10, : 10, 10, 10, 10, 1, 10, 2, 10, 10, 10, 10, 10, 10, 10, 10, 10, 10, 2, 10, 10, 
90: 10, 0, 0, 10, 3, 10, 10, 10, 0, 5, 3, 10, 10, 5, 10, 0, 0, 10, 0, 0, 0, 0, 10, 10, 10, 0, 3, 0, 5, 10, 0, 10, 0, 0, 0, 10, 10, 10, 5, 10, : 10, 10, 3, 10, 10, 10, 5, 3, 10, 10, 5, 10, 10, 10, 10, 10, 3, 5, 10, 10, 10, 10, 10, 5, 10, 
26: 0, 10, 10, 10, 10, 1, 10, 10, 0, 0, 10, 1, 0, 10, 0, 0, 10, 2, 0, 0, 10, 0, 0, 0, 0, 10, 0, 0, 0, 0, 10, 1, 10, 10, 7, 0, 10, 10, 0, 0, : 10, 10, 10, 10, 1, 10, 10, 10, 1, 10, 10, 2, 10, 10, 10, 1, 10, 10, 7, 10, 10, 
58: 0, 3, 0, 0, 0, 0, 0, 0, 10, 0, 10, 1, 1, 0, 12, 10, 0, 0, 10, 5, 10, 0, 10, 10, 10, 10, 0, 0, 10, 0, 0, 0, 10, 1, 0, 10, 10, 0, 10, 0, : 3, 10, 10, 1, 1, 12, 10, 10, 5, 10, 10, 10, 10, 10, 10, 10, 1, 10, 10, 10, 
138: 10, 10, 10, 0, 10, 10, 5, 1, 5, 0, 0, 0, 10, 10, 10, 10, 0, 0, 0, 0, 2, 0, 9, 0, 3, 0, 10, 0, 10, 10, 0, 10, 0, 0, 10, 0, 0, 0, 10, 0, : 10, 10, 10, 10, 10, 5, 1, 5, 10, 10, 10, 10, 2, 9, 3, 10, 10, 10, 10, 10, 10, 
84: 0, 0, 10, 3, 10, 10, 0, 10, 10, 10, 0, 0, 0, 2, 0, 0, 10, 0, 10, 0, 0, 10, 0, 0, 10, 10, 0, 0, 0, 0, 0, 0, 0, 10, 10, 10, 0, 10, 10, 0, : 10, 3, 10, 10, 10, 10, 10, 2, 10, 10, 10, 10, 10, 10, 10, 10, 10, 10, 
60: 10, 0, 0, 0, 10, 10, 0, 0, 0, 10, 10, 3, 10, 10, 10, 10, 10, 0, 10, 10, 10, 10, 5, 10, 1, 10, 10, 5, 0, 10, 0, 10, 0, 10, 10, 10, 0, 0, 10, 0, : 10, 10, 10, 10, 10, 3, 10, 10, 10, 10, 10, 10, 10, 10, 10, 5, 10, 1, 10, 10, 5, 10, 10, 10, 10, 10, 10, 
17: 1, 0, 0, 0, 10, 0, 10, 3, 10, 10, 10, 10, 0, 3, 0, 10, 0, 2, 0, 0, 0, 10, 10, 0, 10, 1, 0, 10, 0, 10, 0, 0, 1, 10, 0, 8, 10, 0, 0, 10, : 1, 10, 10, 3, 10, 10, 10, 10, 3, 10, 2, 10, 10, 10, 1, 10, 10, 1, 10, 8, 10, 10, 
176: 0, 2, 14, 0, 0, 1, 10, 0, 0, 0, 0, 10, 10, 10, 0, 10, 10, 0, 0, 0, 0, 10, 1, 0, 0, 0, 0, 10, 0, 0, 10, 0, 0, 0, 16, 10, 0, 10, 10, 0, : 2, 14, 1, 10, 10, 10, 10, 10, 10, 10, 1, 10, 10, 16, 10, 10, 10, 
50: 10, 0, 10, 0, 10, 0, 0, 0, 10, 10, 0, 1, 10, 0, 10, 0, 15, 10, 0, 0, 0, 10, 0, 0, 0, 0, 10, 10, 0, 10, 10, 10, 10, 0, 0, 10, 0, 1, 0, 0, : 10, 10, 10, 10, 10, 1, 10, 10, 15, 10, 10, 10, 10, 10, 10, 10, 10, 10, 1, 
137: 0, 0, 10, 0, 0, 0, 10, 10, 0, 0, 0, 10, 0, 10, 0, 0, 3, 10, 10, 10, 1, 0, 10, 10, 0, 10, 10, 10, 0, 0, 2, 10, 10, 0, 0, 10, 0, 0, 0, 5, : 10, 10, 10, 10, 10, 3, 10, 10, 10, 1, 10, 10, 10, 10, 10, 2, 10, 10, 10, 5, 
134: 10, 10, 10, 10, 10, 10, 0, 10, 0, 10, 10, 10, 0, 0, 10, 0, 0, 10, 10, 10, 1, 0, 0, 10, 0, 3, 10, 0, 10, 4, 0, 10, 10, 0, 10, 0, 10, 0, 0, 0, : 10, 10, 10, 10, 10, 10, 10, 10, 10, 10, 10, 10, 10, 10, 1, 10, 3, 10, 10, 4, 10, 10, 10, 10, 
28: 0, 10, 0, 10, 0, 10, 0, 0, 0, 0, 10, 0, 14, 0, 0, 3, 0, 10, 5, 0, 10, 0, 0, 10, 0, 10, 0, 1, 0, 10, 3, 10, 0, 10, 10, 0, 5, 0, 0, 10, : 10, 10, 10, 10, 14, 3, 10, 5, 10, 10, 10, 1, 10, 3, 10, 10, 10, 5, 10, 
96: 0, 10, 0, 10, 0, 10, 0, 0, 10, 10, 10, 10, 0, 5, 0, 10, 0, 0, 0, 10, 0, 0, 0, 0, 10, 0, 10, 1, 0, 0, 10, 0, 4, 10, 0, 0, 10, 10, 0, 0, : 10, 10, 10, 10, 10, 10, 10, 5, 10, 10, 10, 10, 1, 10, 4, 10, 10, 10, 
142: 1, 10, 0, 0, 0, 10, 10, 10, 10, 10, 0, 0, 0, 0, 2, 0, 10, 0, 10, 0, 10, 1, 10, 0, 10, 0, 0, 0, 10, 10, 0, 0, 0, 1, 0, 10, 10, 1, 0, 0, : 1, 10, 10, 10, 10, 10, 10, 2, 10, 10, 10, 1, 10, 10, 10, 10, 1, 10, 10, 1, 
29: 3, 0, 1, 10, 1, 0, 10, 10, 0, 0, 10, 0, 10, 0, 1, 0, 0, 10, 0, 10, 0, 10, 10, 10, 0, 10, 0, 16, 10, 1, 10, 0, 10, 0, 10, 0, 0, 10, 10, 10, : 3, 1, 10, 1, 10, 10, 10, 10, 1, 10, 10, 10, 10, 10, 10, 16, 10, 1, 10, 10, 10, 10, 10, 10, 
98: 10, 10, 0, 10, 10, 1, 0, 0, 0, 0, 0, 1, 10, 0, 10, 10, 0, 1, 0, 10, 10, 10, 10, 0, 1, 0, 2, 2, 10, 0, 10, 0, 10, 10, 0, 0, 0, 2, 10, 10, : 10, 10, 10, 10, 1, 1, 10, 10, 10, 1, 10, 10, 10, 10, 1, 2, 2, 10, 10, 10, 10, 2, 10, 10, 
42: 10, 0, 0, 0, 0, 10, 0, 10, 10, 0, 0, 8, 0, 10, 0, 2, 17, 10, 10, 10, 10, 10, 10, 10, 10, 10, 10, 10, 10, 0, 0, 0, 10, 1, 0, 4, 10, 1, 10, 10, : 10, 10, 10, 10, 8, 10, 2, 17, 10, 10, 10, 10, 10, 10, 10, 10, 10, 10, 10, 10, 10, 1, 4, 10, 1, 10, 10, 
118: 10, 10, 10, 2, 10, 1, 0, 0, 10, 10, 0, 0, 0, 10, 10, 10, 0, 10, 10, 10, 10, 4, 0, 5, 10, 10, 10, 0, 10, 0, 10, 14, 0, 2, 0, 0, 0, 10, 10, 10, : 10, 10, 10, 2, 10, 1, 10, 10, 10, 10, 10, 10, 10, 10, 10, 4, 5, 10, 10, 10, 10, 10, 14, 2, 10, 10, 10, 
77: 10, 0, 0, 10, 1, 1, 10, 10, 0, 10, 10, 10, 10, 10, 10, 10, 10, 10, 10, 10, 1, 10, 0, 0, 10, 1, 0, 10, 10, 10, 10, 0, 0, 10, 10, 3, 10, 10, 0, 10, : 10, 10, 1, 1, 10, 10, 10, 10, 10, 10, 10, 10, 10, 10, 10, 10, 10, 1, 10, 10, 1, 10, 10, 10, 10, 10, 10, 3, 10, 10, 10, 


186: 10, 10, 10, 0, 0, 0, 0, 0, 10, 0, 3, 0, 0, 0, 0, 0, 0, 10, 10, 0, 10, 10, 10, 10, 10, 10, 0, 10, 0, 0, 0, 0, 10, 2, 1, 10, 10, 10, 10, 10, : 10, 10, 10, 10, 3, 10, 10, 10, 10, 10, 10, 10, 10, 10, 10, 2, 1, 10, 10, 10, 10, 10, 
53: 10, 1, 10, 10, 0, 10, 0, 10, 10, 2, 1, 10, 0, 10, 10, 10, 10, 0, 10, 1, 10, 1, 10, 10, 10, 1, 0, 0, 0, 1, 10, 0, 10, 0, 0, 0, 4, 0, 6, 0, : 10, 1, 10, 10, 10, 10, 10, 2, 1, 10, 10, 10, 10, 10, 10, 1, 10, 1, 10, 10, 10, 1, 1, 10, 10, 4, 6, 
65: 0, 10, 10, 10, 0, 0, 0, 10, 2, 10, 10, 0, 0, 10, 0, 1, 0, 0, 0, 10, 10, 0, 3, 1, 0, 10, 0, 10, 0, 10, 0, 10, 10, 0, 0, 2, 10, 0, 0, 0, : 10, 10, 10, 10, 2, 10, 10, 10, 1, 10, 10, 3, 1, 10, 10, 10, 10, 10, 2, 10, 
178: 10, 0, 0, 10, 0, 10, 10, 10, 0, 1, 0, 10, 0, 10, 0, 10, 4, 0, 10, 0, 0, 10, 0, 0, 10, 2, 0, 0, 10, 0, 10, 1, 2, 0, 10, 0, 10, 10, 10, 0, : 10, 10, 10, 10, 10, 1, 10, 10, 10, 4, 10, 10, 10, 2, 10, 10, 1, 2, 10, 10, 10, 10, 
132: 10, 0, 0, 0, 10, 10, 10, 0, 10, 10, 10, 0, 10, 0, 10, 1, 0, 10, 10, 0, 10, 14, 10, 5, 0, 10, 2, 3, 1, 1, 10, 10, 10, 0, 0, 10, 0, 10, 0, 0, : 10, 10, 10, 10, 10, 10, 10, 10, 10, 1, 10, 10, 10, 14, 10, 5, 10, 2, 3, 1, 1, 10, 10, 10, 10, 10, 
2: 0, 10, 10, 10, 10, 0, 0, 0, 10, 10, 10, 0, 10, 10, 0, 10, 0, 0, 0, 10, 10, 0, 10, 10, 0, 0, 10, 1, 10, 10, 10, 0, 0, 0, 10, 10, 0, 0, 0, 10, : 10, 10, 10, 10, 10, 10, 10, 10, 10, 10, 10, 10, 10, 10, 10, 1, 10, 10, 10, 10, 10, 10, 
43: 10, 10, 5, 10, 0, 0, 10, 0, 10, 1, 0, 0, 10, 0, 0, 0, 10, 10, 0, 10, 10, 0, 0, 16, 10, 0, 10, 0, 3, 10, 10, 10, 10, 0, 10, 0, 0, 0, 0, 3, : 10, 10, 5, 10, 10, 10, 1, 10, 10, 10, 10, 10, 16, 10, 10, 3, 10, 10, 10, 10, 10, 3, 
9: 2, 0, 0, 2, 5, 0, 2, 10, 0, 10, 11, 0, 10, 0, 0, 0, 10, 1, 5, 10, 2, 0, 1, 10, 10, 0, 0, 2, 0, 0, 0, 4, 0, 10, 0, 0, 10, 0, 1, 0, : 2, 2, 5, 2, 10, 10, 11, 10, 10, 1, 5, 10, 2, 1, 10, 10, 2, 4, 10, 10, 1, 
71: 10, 10, 10, 0, 0, 10, 10, 0, 10, 10, 10, 10, 8, 0, 0, 7, 0, 0, 10, 10, 0, 10, 1, 0, 0, 0, 10, 10, 10, 0, 0, 0, 0, 10, 0, 0, 0, 0, 2, 2, : 10, 10, 10, 10, 10, 10, 10, 10, 10, 8, 7, 10, 10, 10, 1, 10, 10, 10, 10, 2, 2, 
104: 0, 10, 10, 0, 10, 0, 10, 4, 1, 0, 10, 10, 0, 10, 10, 10, 1, 10, 0, 0, 10, 10, 10, 0, 0, 10, 10, 1, 0, 0, 0, 0, 0, 0, 0, 0, 10, 13, 0, 10, : 10, 10, 10, 10, 4, 1, 10, 10, 10, 10, 10, 1, 10, 10, 10, 10, 10, 10, 1, 10, 13, 10, 
75: 1, 0, 0, 0, 0, 10, 10, 10, 2, 0, 0, 1, 10, 0, 0, 3, 10, 10, 10, 10, 0, 0, 10, 0, 10, 2, 0, 10, 10, 10, 0, 10, 0, 10, 10, 10, 0, 10, 1, 10, : 1, 10, 10, 10, 2, 1, 10, 3, 10, 10, 10, 10, 10, 10, 2, 10, 10, 10, 10, 10, 10, 10, 10, 1, 10, 
91: 0, 10, 0, 10, 10, 0, 10, 0, 10, 10, 10, 10, 10, 10, 2, 0, 10, 1, 0, 0, 0, 0, 10, 10, 10, 0, 10, 10, 0, 2, 4, 10, 10, 10, 13, 3, 10, 0, 0, 0, : 10, 10, 10, 10, 10, 10, 10, 10, 10, 10, 2, 10, 1, 10, 10, 10, 10, 10, 2, 4, 10, 10, 10, 13, 3, 10, 
47: 10, 0, 0, 0, 10, 5, 0, 0, 0, 10, 0, 10, 17, 10, 0, 10, 10, 0, 0, 10, 0, 0, 0, 0, 0, 0, 10, 0, 10, 10, 3, 0, 0, 18, 0, 0, 0, 4, 10, 0, : 10, 10, 5, 10, 10, 17, 10, 10, 10, 10, 10, 10, 10, 3, 18, 4, 10, 
161: 0, 0, 0, 10, 10, 0, 0, 1, 0, 1, 0, 3, 10, 10, 13, 10, 0, 11, 0, 0, 3, 10, 0, 0, 0, 10, 3, 0, 10, 10, 10, 0, 0, 0, 0, 10, 0, 4, 10, 10, : 10, 10, 1, 1, 3, 10, 10, 13, 10, 11, 3, 10, 10, 3, 10, 10, 10, 10, 4, 10, 10, 
39: 1, 0, 10, 10, 10, 0, 10, 10, 10, 0, 0, 0, 0, 0, 10, 3, 10, 10, 0, 10, 0, 10, 10, 10, 10, 10, 10, 10, 0, 0, 0, 0, 0, 0, 10, 0, 10, 0, 0, 0, : 1, 10, 10, 10, 10, 10, 10, 10, 3, 10, 10, 10, 10, 10, 10, 10, 10, 10, 10, 10, 10, 
130: 0, 4, 10, 0, 0, 0, 0, 10, 0, 10, 0, 10, 0, 0, 10, 0, 0, 10, 10, 0, 0, 0, 0, 0, 0, 0, 10, 10, 10, 10, 0, 10, 10, 5, 10, 10, 0, 11, 15, 10, : 4, 10, 10, 10, 10, 10, 10, 10, 10, 10, 10, 10, 10, 10, 5, 10, 10, 11, 15, 10, 
160: 10, 0, 10, 2, 10, 10, 0, 0, 0, 0, 10, 0, 0, 0, 10, 0, 10, 0, 10, 10, 10, 0, 0, 10, 0, 0, 0, 8, 0, 1, 10, 10, 0, 10, 10, 0, 0, 0, 10, 10, : 10, 10, 2, 10, 10, 10, 10, 10, 10, 10, 10, 10, 8, 1, 10, 10, 10, 10, 10, 10, 
7: 1, 10, 0, 1, 10, 10, 3, 10, 10, 0, 10, 10, 0, 0, 10, 10, 10, 0, 10, 0, 10, 10, 0, 0, 5, 10, 10, 10, 1, 10, 13, 10, 3, 10, 0, 10, 10, 13, 10, 10, : 1, 10, 1, 10, 10, 3, 10, 10, 10, 10, 10, 10, 10, 10, 10, 10, 5, 10, 10, 10, 1, 10, 13, 10, 3, 10, 10, 10, 13, 10, 10, 
44: 0, 10, 0, 0, 0, 10, 0, 10, 0, 0, 0, 10, 0, 5, 0, 10, 0, 2, 0, 4, 0, 10, 0, 3, 0, 10, 0, 0, 10, 10, 0, 10, 10, 10, 1, 10, 10, 10, 10, 10, : 10, 10, 10, 10, 5, 10, 2, 4, 10, 3, 10, 10, 10, 10, 10, 10, 1, 10, 10, 10, 10, 10, 
165: 10, 0, 0, 10, 0, 10, 10, 0, 0, 10, 0, 1, 0, 10, 10, 0, 0, 10, 0, 0, 0, 0, 10, 0, 10, 10, 0, 0, 10, 0, 5, 0, 10, 0, 10, 10, 1, 0, 0, 0, : 10, 10, 10, 10, 10, 1, 10, 10, 10, 10, 10, 10, 10, 5, 10, 10, 10, 1, 


78: 10, 10, 0, 10, 0, 0, 0, 0, 0, 0, 0, 0, 0, 0, 0, 10, 0, 10, 0, 0, 0, 0, 10, 4, 10, 1, 0, 10, 10, 7, 10, 10, 0, 5, 1, 0, 0, 10, 0, 10, : 10, 10, 10, 10, 10, 10, 4, 10, 1, 10, 10, 7, 10, 10, 5, 1, 10, 10, 
164: 3, 0, 1, 10, 10, 1, 10, 0, 1, 1, 0, 1, 11, 10, 10, 10, 10, 0, 0, 1, 10, 0, 10, 1, 0, 0, 20, 0, 0, 10, 0, 0, 10, 0, 0, 10, 10, 0, 10, 10, : 3, 1, 10, 10, 1, 10, 1, 1, 1, 11, 10, 10, 10, 10, 1, 10, 10, 1, 20, 10, 10, 10, 10, 10, 10, 
49: 0, 0, 3, 3, 10, 0, 0, 0, 1, 3, 10, 10, 2, 10, 0, 0, 0, 0, 10, 0, 10, 5, 0, 0, 1, 19, 0, 0, 10, 10, 0, 0, 10, 0, 10, 0, 0, 10, 10, 10, : 3, 3, 10, 1, 3, 10, 10, 2, 10, 10, 10, 5, 1, 19, 10, 10, 10, 10, 10, 10, 10, 
107: 0, 10, 10, 10, 0, 7, 10, 10, 10, 10, 0, 10, 10, 0, 10, 10, 10, 0, 0, 10, 0, 10, 0, 0, 0, 10, 0, 10, 1, 0, 10, 0, 10, 10, 1, 0, 0, 0, 10, 0, : 10, 10, 10, 7, 10, 10, 10, 10, 10, 10, 10, 10, 10, 10, 10, 10, 10, 1, 10, 10, 10, 1, 10, 
112: 10, 10, 0, 10, 10, 0, 10, 0, 10, 10, 10, 0, 10, 0, 0, 2, 0, 10, 10, 10, 1, 10, 10, 10, 5, 0, 0, 10, 0, 0, 0, 2, 0, 10, 1, 10, 0, 0, 0, 10, : 10, 10, 10, 10, 10, 10, 10, 10, 10, 2, 10, 10, 10, 1, 10, 10, 10, 5, 10, 2, 10, 1, 10, 10, 
124: 10, 0, 10, 0, 0, 5, 10, 10, 10, 10, 10, 1, 10, 10, 1, 0, 10, 10, 0, 10, 10, 10, 10, 0, 0, 0, 10, 2, 0, 0, 10, 3, 0, 0, 0, 10, 0, 10, 0, 0, : 10, 10, 5, 10, 10, 10, 10, 10, 1, 10, 10, 1, 10, 10, 10, 10, 10, 10, 10, 2, 10, 3, 10, 10, 
181: 10, 0, 10, 0, 10, 10, 10, 10, 10, 10, 0, 0, 10, 10, 0, 0, 0, 0, 10, 0, 1, 10, 0, 0, 8, 0, 0, 0, 2, 0, 10, 10, 15, 10, 10, 0, 10, 0, 0, 1, : 10, 10, 10, 10, 10, 10, 10, 10, 10, 10, 10, 1, 10, 8, 2, 10, 10, 15, 10, 10, 10, 1, 
5: 10, 0, 0, 10, 0, 10, 1, 0, 0, 0, 0, 4, 10, 0, 0, 10, 10, 0, 2, 1, 10, 0, 10, 10, 0, 0, 10, 10, 0, 1, 2, 10, 0, 0, 10, 10, 10, 10, 7, 10, : 10, 10, 10, 1, 4, 10, 10, 10, 2, 1, 10, 10, 10, 10, 10, 1, 2, 10, 10, 10, 10, 10, 7, 10, 
80: 0, 10, 10, 0, 0, 10, 10, 10, 10, 1, 0, 0, 0, 10, 10, 10, 1, 10, 10, 10, 10, 10, 0, 0, 0, 10, 3, 1, 10, 10, 0, 0, 10, 0, 0, 0, 4, 0, 2, 10, : 10, 10, 10, 10, 10, 10, 1, 10, 10, 10, 1, 10, 10, 10, 10, 10, 10, 3, 1, 10, 10, 10, 4, 2, 10, 
32: 0, 10, 10, 0, 10, 10, 10, 0, 10, 0, 10, 10, 10, 10, 1, 10, 0, 10, 10, 0, 10, 10, 10, 0, 10, 0, 0, 10, 10, 10, 10, 10, 0, 10, 10, 5, 0, 0, 10, 0, : 10, 10, 10, 10, 10, 10, 10, 10, 10, 10, 1, 10, 10, 10, 10, 10, 10, 10, 10, 10, 10, 10, 10, 10, 10, 5, 10, 
72: 0, 0, 10, 0, 10, 0, 4, 10, 1, 10, 0, 0, 10, 4, 10, 3, 10, 0, 1, 3, 10, 0, 3, 10, 10, 10, 0, 1, 1, 10, 0, 1, 0, 10, 1, 0, 0, 10, 1, 1, : 10, 10, 4, 10, 1, 10, 10, 4, 10, 3, 10, 1, 3, 10, 3, 10, 10, 10, 1, 1, 10, 1, 10, 1, 10, 1, 1, 
150: 0, 0, 10, 0, 0, 10, 0, 0, 0, 0, 0, 17, 1, 10, 10, 0, 10, 2, 0, 10, 1, 0, 10, 0, 0, 0, 10, 0, 0, 10, 0, 1, 0, 10, 0, 10, 10, 10, 0, 1, : 10, 10, 17, 1, 10, 10, 10, 2, 10, 1, 10, 10, 10, 1, 10, 10, 10, 10, 1, 
93: 10, 0, 10, 10, 10, 0, 10, 0, 10, 10, 10, 0, 10, 0, 10, 10, 3, 10, 0, 10, 1, 0, 0, 10, 0, 0, 10, 1, 10, 0, 0, 0, 0, 0, 0, 0, 10, 0, 5, 0, : 10, 10, 10, 10, 10, 10, 10, 10, 10, 10, 10, 3, 10, 10, 1, 10, 10, 1, 10, 10, 5, 
10: 2, 5, 0, 10, 10, 0, 0, 10, 0, 10, 10, 10, 0, 0, 10, 0, 1, 1, 0, 10, 0, 0, 0, 0, 10, 10, 0, 10, 0, 2, 10, 10, 9, 0, 0, 10, 1, 14, 0, 10, : 2, 5, 10, 10, 10, 10, 10, 10, 10, 1, 1, 10, 10, 10, 10, 2, 10, 10, 9, 10, 1, 14, 10, 
146: 10, 10, 0, 10, 0, 0, 0, 10, 2, 0, 10, 10, 0, 1, 3, 0, 0, 0, 10, 0, 10, 10, 10, 10, 0, 0, 0, 0, 10, 0, 10, 10, 11, 10, 10, 10, 10, 0, 0, 10, : 10, 10, 10, 10, 2, 10, 10, 1, 3, 10, 10, 10, 10, 10, 10, 10, 10, 11, 10, 10, 10, 10, 10, 
51: 10, 10, 0, 10, 4, 0, 0, 0, 0, 10, 0, 10, 1, 0, 0, 10, 0, 10, 10, 0, 10, 0, 1, 0, 10, 10, 6, 0, 1, 0, 10, 0, 10, 0, 10, 0, 0, 1, 10, 2, : 10, 10, 10, 4, 10, 10, 1, 10, 10, 10, 10, 1, 10, 10, 6, 1, 10, 10, 10, 1, 10, 2, 
194: 0, 10, 0, 0, 10, 10, 0, 10, 10, 0, 0, 0, 0, 0, 0, 0, 0, 10, 10, 0, 0, 0, 0, 10, 10, 10, 10, 10, 10, 5, 10, 10, 10, 0, 1, 0, 10, 10, 10, 0, : 10, 10, 10, 10, 10, 10, 10, 10, 10, 10, 10, 10, 10, 5, 10, 10, 10, 1, 10, 10, 10, 
110: 0, 10, 0, 1, 0, 10, 0, 10, 10, 10, 10, 10, 0, 0, 10, 0, 10, 0, 10, 0, 0, 10, 1, 10, 1, 1, 16, 10, 0, 10, 0, 0, 0, 10, 10, 10, 10, 0, 0, 0, : 10, 1, 10, 10, 10, 10, 10, 10, 10, 10, 10, 10, 1, 10, 1, 1, 16, 10, 10, 10, 10, 10, 10, 
64: 10, 0, 10, 1, 0, 2, 0, 0, 0, 0, 5, 2, 0, 10, 10, 0, 10, 10, 2, 10, 1, 0, 10, 10, 10, 4, 0, 0, 10, 0, 1, 10, 0, 10, 10, 10, 10, 0, 10, 0, : 10, 10, 1, 2, 5, 2, 10, 10, 10, 10, 2, 10, 1, 10, 10, 10, 4, 10, 1, 10, 10, 10, 10, 10, 10, 
182: 0, 0, 1, 0, 1, 10, 10, 5, 0, 0, 10, 0, 0, 10, 0, 10, 10, 2, 0, 10, 0, 10, 0, 10, 10, 10, 0, 10, 10, 10, 2, 8, 0, 0, 10, 0, 0, 10, 10, 10, : 1, 1, 10, 10, 5, 10, 10, 10, 10, 2, 10, 10, 10, 10, 10, 10, 10, 10, 2, 8, 10, 10, 10, 10, 


158: 10, 0, 10, 10, 10, 1, 10, 0, 10, 0, 10, 0, 0, 10, 0, 0, 10, 0, 10, 12, 0, 10, 0, 3, 0, 0, 0, 0, 10, 0, 10, 10, 0, 0, 3, 0, 10, 10, 0, 10, : 10, 10, 10, 10, 1, 10, 10, 10, 10, 10, 10, 12, 10, 3, 10, 10, 10, 3, 10, 10, 10, 
30: 0, 10, 10, 0, 1, 10, 0, 10, 1, 10, 0, 10, 10, 0, 0, 0, 10, 0, 10, 0, 10, 10, 1, 0, 10, 2, 10, 0, 10, 10, 0, 0, 0, 10, 10, 10, 0, 10, 10, 10, : 10, 10, 1, 10, 10, 1, 10, 10, 10, 10, 10, 10, 10, 1, 10, 2, 10, 10, 10, 10, 10, 10, 10, 10, 10, 
92: 0, 10, 0, 0, 10, 0, 10, 0, 10, 0, 1, 10, 0, 0, 1, 0, 3, 0, 0, 10, 10, 10, 10, 10, 0, 10, 0, 10, 0, 10, 0, 10, 1, 10, 0, 2, 0, 10, 10, 10, : 10, 10, 10, 10, 1, 10, 1, 3, 10, 10, 10, 10, 10, 10, 10, 10, 10, 1, 10, 2, 10, 10, 10, 
79: 10, 0, 0, 1, 0, 0, 10, 0, 10, 0, 10, 10, 10, 10, 0, 10, 10, 10, 0, 1, 0, 0, 10, 10, 0, 0, 0, 2, 0, 0, 0, 10, 0, 2, 0, 10, 10, 5, 10, 10, : 10, 1, 10, 10, 10, 10, 10, 10, 10, 10, 10, 1, 10, 10, 2, 10, 2, 10, 10, 5, 10, 10, 
155: 16, 0, 10, 0, 10, 10, 10, 10, 0, 10, 10, 10, 10, 2, 0, 10, 10, 10, 0, 1, 10, 1, 10, 0, 18, 0, 0, 10, 10, 5, 1, 0, 0, 0, 10, 0, 0, 10, 10, 0, : 16, 10, 10, 10, 10, 10, 10, 10, 10, 10, 2, 10, 10, 10, 1, 10, 1, 10, 18, 10, 10, 5, 1, 10, 10, 10, 
11: 7, 10, 0, 0, 10, 0, 1, 10, 0, 10, 0, 10, 10, 2, 1, 4, 0, 0, 0, 10, 10, 10, 10, 10, 0, 1, 10, 10, 0, 10, 10, 10, 0, 10, 0, 10, 10, 0, 10, 0, : 7, 10, 10, 1, 10, 10, 10, 10, 2, 1, 4, 10, 10, 10, 10, 10, 1, 10, 10, 10, 10, 10, 10, 10, 10, 10, 
133: 0, 0, 0, 10, 0, 4, 0, 0, 0, 10, 0, 1, 4, 0, 0, 10, 10, 10, 0, 10, 3, 2, 0, 10, 0, 10, 0, 0, 0, 0, 4, 10, 0, 10, 10, 10, 0, 0, 0, 10, : 10, 4, 10, 1, 4, 10, 10, 10, 10, 3, 2, 10, 10, 4, 10, 10, 10, 10, 10, 
169: 10, 2, 0, 0, 0, 10, 10, 10, 0, 10, 15, 4, 10, 4, 10, 10, 1, 0, 0, 0, 1, 0, 10, 0, 10, 10, 10, 0, 0, 0, 10, 0, 10, 0, 10, 0, 2, 10, 0, 10, : 10, 2, 10, 10, 10, 10, 15, 4, 10, 4, 10, 10, 1, 1, 10, 10, 10, 10, 10, 10, 10, 2, 10, 10, 
16: 10, 10, 0, 10, 10, 0, 10, 0, 0, 0, 1, 0, 0, 10, 10, 10, 0, 10, 5, 0, 0, 10, 10, 0, 10, 2, 2, 0, 2, 0, 0, 0, 10, 12, 10, 10, 10, 0, 0, 3, : 10, 10, 10, 10, 10, 1, 10, 10, 10, 10, 5, 10, 10, 10, 2, 2, 2, 10, 12, 10, 10, 10, 3, 
87: 0, 0, 10, 10, 0, 10, 0, 0, 10, 10, 12, 0, 10, 0, 10, 10, 10, 4, 10, 10, 0, 0, 4, 12, 7, 10, 10, 10, 3, 0, 10, 0, 0, 0, 10, 10, 1, 0, 0, 0, : 10, 10, 10, 10, 10, 12, 10, 10, 10, 10, 4, 10, 10, 4, 12, 7, 10, 10, 10, 3, 10, 10, 10, 1, 
162: 0, 1, 5, 0, 10, 10, 0, 0, 10, 10, 10, 0, 1, 10, 10, 1, 4, 10, 10, 0, 1, 0, 10, 0, 10, 0, 10, 10, 0, 10, 0, 3, 0, 0, 1, 0, 10, 0, 0, 0, : 1, 5, 10, 10, 10, 10, 10, 1, 10, 10, 1, 4, 10, 10, 1, 10, 10, 10, 10, 10, 3, 1, 10, 
129: 0, 0, 10, 0, 0, 10, 0, 10, 10, 0, 6, 10, 10, 0, 10, 0, 2, 0, 10, 1, 0, 10, 0, 0, 10, 0, 1, 10, 0, 10, 10, 2, 0, 0, 0, 0, 10, 10, 10, 1, : 10, 10, 10, 10, 6, 10, 10, 10, 2, 10, 1, 10, 10, 1, 10, 10, 10, 2, 10, 10, 10, 1, 
120: 2, 10, 10, 0, 4, 10, 0, 10, 10, 0, 10, 0, 0, 0, 0, 10, 5, 1, 0, 10, 0, 2, 0, 0, 0, 10, 0, 0, 0, 10, 10, 10, 10, 10, 10, 1, 2, 0, 10, 1, : 2, 10, 10, 4, 10, 10, 10, 10, 10, 5, 1, 10, 2, 10, 10, 10, 10, 10, 10, 10, 1, 2, 10, 1, 
195: 0, 10, 0, 10, 10, 0, 10, 5, 10, 0, 0, 10, 0, 16, 0, 2, 10, 10, 10, 0, 10, 0, 0, 10, 10, 10, 0, 10, 10, 0, 0, 10, 0, 0, 10, 2, 10, 10, 0, 0, : 10, 10, 10, 10, 5, 10, 10, 16, 2, 10, 10, 10, 10, 10, 10, 10, 10, 10, 10, 10, 2, 10, 10, 
56: 0, 10, 10, 14, 10, 0, 1, 0, 0, 0, 10, 0, 0, 0, 10, 8, 0, 10, 0, 10, 10, 0, 0, 0, 0, 10, 0, 0, 10, 10, 0, 0, 10, 10, 0, 0, 0, 10, 0, 0, : 10, 10, 14, 10, 1, 10, 10, 8, 10, 10, 10, 10, 10, 10, 10, 10, 10, 
103: 0, 10, 0, 10, 0, 10, 10, 0, 0, 10, 0, 10, 0, 10, 0, 10, 0, 0, 10, 10, 10, 0, 0, 10, 0, 10, 10, 0, 0, 10, 0, 0, 14, 0, 10, 0, 10, 0, 10, 0, : 10, 10, 10, 10, 10, 10, 10, 10, 10, 10, 10, 10, 10, 10, 10, 14, 10, 10, 10, 
192: 10, 10, 0, 10, 0, 0, 0, 10, 0, 0, 0, 0, 0, 1, 10, 0, 10, 0, 10, 0, 10, 0, 10, 0, 10, 0, 10, 0, 10, 0, 10, 10, 10, 1, 0, 10, 0, 0, 3, 0, : 10, 10, 10, 10, 1, 10, 10, 10, 10, 10, 10, 10, 10, 10, 10, 10, 1, 10, 3, 
62: 10, 1, 10, 0, 0, 10, 0, 0, 4, 10, 0, 10, 10, 10, 10, 0, 0, 10, 0, 0, 10, 10, 0, 0, 0, 10, 10, 3, 10, 0, 0, 0, 10, 10, 0, 10, 10, 0, 0, 10, : 10, 1, 10, 10, 4, 10, 10, 10, 10, 10, 10, 10, 10, 10, 10, 3, 10, 10, 10, 10, 10, 10, 
14: 10, 0, 0, 10, 0, 0, 3, 10, 10, 0, 0, 0, 10, 10, 3, 0, 0, 0, 0, 10, 0, 10, 10, 10, 0, 0, 10, 10, 10, 0, 10, 0, 10, 10, 0, 10, 0, 10, 2, 10, : 10, 10, 3, 10, 10, 10, 10, 3, 10, 10, 10, 10, 10, 10, 10, 10, 10, 10, 10, 10, 2, 10, 
174: 0, 1, 10, 0, 10, 0, 10, 10, 0, 5, 0, 0, 0, 0, 10, 0, 0, 10, 10, 0, 0, 10, 0, 10, 0, 0, 2, 10, 10, 10, 10, 10, 10, 0, 1, 0, 0, 0, 10, 10, : 1, 10, 10, 10, 10, 5, 10, 10, 10, 10, 10, 2, 10, 10, 10, 10, 10, 10, 1, 10, 10, 


117: 10, 1, 0, 10, 10, 10, 0, 0, 1, 10, 10, 10, 0, 1, 0, 1, 10, 0, 10, 0, 1, 0, 0, 10, 2, 10, 10, 0, 0, 10, 10, 3, 10, 0, 10, 0, 0, 0, 10, 10, : 10, 1, 10, 10, 10, 1, 10, 10, 10, 1, 1, 10, 10, 1, 10, 2, 10, 10, 10, 10, 3, 10, 10, 10, 10, 
197: 1, 1, 0, 0, 10, 0, 10, 0, 10, 10, 0, 0, 10, 10, 0, 0, 10, 1, 10, 0, 0, 0, 0, 2, 10, 10, 0, 10, 0, 0, 0, 0, 10, 10, 10, 0, 10, 0, 0, 0, : 1, 1, 10, 10, 10, 10, 10, 10, 10, 1, 10, 2, 10, 10, 10, 10, 10, 10, 10, 
8: 0, 0, 2, 10, 0, 10, 0, 1, 10, 10, 0, 0, 10, 10, 10, 10, 0, 0, 10, 0, 10, 0, 10, 10, 0, 0, 10, 0, 0, 0, 0, 10, 10, 10, 0, 10, 1, 10, 0, 0, : 2, 10, 10, 1, 10, 10, 10, 10, 10, 10, 10, 10, 10, 10, 10, 10, 10, 10, 10, 1, 10, 
173: 10, 10, 0, 0, 10, 10, 10, 0, 10, 10, 1, 1, 10, 0, 8, 0, 0, 10, 4, 10, 1, 0, 0, 0, 1, 1, 10, 10, 10, 10, 10, 0, 0, 10, 10, 10, 4, 10, 10, 0, : 10, 10, 10, 10, 10, 10, 10, 1, 1, 10, 8, 10, 4, 10, 1, 1, 1, 10, 10, 10, 10, 10, 10, 10, 10, 4, 10, 10, 
175: 0, 10, 0, 0, 0, 0, 0, 10, 1, 0, 10, 10, 0, 0, 10, 0, 10, 0, 0, 0, 0, 0, 5, 10, 0, 10, 1, 5, 10, 10, 8, 0, 0, 0, 9, 0, 10, 0, 10, 0, : 10, 10, 1, 10, 10, 10, 10, 5, 10, 10, 1, 5, 10, 10, 8, 9, 10, 10, 
3: 0, 10, 0, 0, 10, 0, 10, 10, 10, 2, 10, 2, 10, 0, 10, 0, 2, 10, 10, 2, 10, 0, 0, 0, 10, 0, 10, 0, 10, 0, 0, 0, 0, 3, 10, 10, 0, 0, 0, 10, : 10, 10, 10, 10, 10, 2, 10, 2, 10, 10, 2, 10, 10, 2, 10, 10, 10, 10, 3, 10, 10, 10, 
82: 0, 10, 13, 0, 10, 10, 10, 10, 0, 1, 10, 0, 0, 10, 0, 0, 10, 0, 0, 10, 0, 10, 0, 10, 0, 10, 0, 10, 0, 10, 10, 0, 2, 10, 3, 6, 10, 10, 10, 3, : 10, 13, 10, 10, 10, 10, 1, 10, 10, 10, 10, 10, 10, 10, 10, 10, 10, 2, 10, 3, 6, 10, 10, 10, 3, 
57: 10, 0, 0, 0, 0, 1, 0, 0, 10, 0, 10, 0, 10, 1, 0, 10, 0, 10, 0, 0, 0, 0, 10, 0, 10, 0, 0, 10, 0, 10, 10, 10, 10, 0, 0, 1, 10, 10, 0, 10, : 10, 1, 10, 10, 10, 1, 10, 10, 10, 10, 10, 10, 10, 10, 10, 1, 10, 10, 10, 
59: 10, 1, 0, 0, 10, 10, 0, 0, 0, 1, 0, 10, 10, 10, 0, 4, 10, 10, 0, 0, 0, 10, 0, 0, 10, 10, 0, 0, 4, 0, 10, 10, 10, 0, 0, 10, 0, 0, 1, 10, : 10, 1, 10, 10, 1, 10, 10, 10, 4, 10, 10, 10, 10, 10, 4, 10, 10, 10, 10, 1, 10, 
19: 10, 10, 10, 10, 0, 0, 4, 1, 10, 10, 0, 10, 10, 2, 0, 10, 10, 1, 10, 10, 10, 5, 10, 10, 0, 10, 2, 0, 0, 2, 7, 10, 0, 10, 10, 0, 10, 0, 10, 0, : 10, 10, 10, 10, 4, 1, 10, 10, 10, 10, 2, 10, 10, 1, 10, 10, 10, 5, 10, 10, 10, 2, 2, 7, 10, 10, 10, 10, 10, 
144: 10, 10, 10, 0, 0, 0, 0, 3, 0, 1, 10, 10, 10, 0, 10, 0, 0, 10, 0, 10, 0, 10, 10, 0, 1, 13, 10, 10, 0, 10, 0, 1, 0, 0, 10, 10, 10, 0, 10, 0, : 10, 10, 10, 3, 1, 10, 10, 10, 10, 10, 10, 10, 10, 1, 13, 10, 10, 10, 1, 10, 10, 10, 10, 
37: 0, 10, 10, 10, 5, 4, 1, 10, 0, 0, 0, 10, 10, 0, 10, 10, 0, 2, 0, 10, 10, 0, 0, 0, 10, 0, 0, 0, 10, 2, 0, 10, 10, 10, 0, 3, 0, 4, 1, 10, : 10, 10, 10, 5, 4, 1, 10, 10, 10, 10, 10, 2, 10, 10, 10, 10, 2, 10, 10, 10, 3, 4, 1, 10, 
184: 10, 0, 10, 10, 10, 0, 10, 10, 2, 0, 14, 0, 0, 10, 7, 10, 3, 1, 0, 10, 10, 0, 0, 10, 10, 0, 10, 0, 10, 10, 0, 10, 0, 10, 0, 1, 10, 1, 0, 10, : 10, 10, 10, 10, 10, 10, 2, 14, 10, 7, 10, 3, 1, 10, 10, 10, 10, 10, 10, 10, 10, 10, 1, 10, 1, 10, 
38: 2, 0, 10, 10, 0, 10, 0, 10, 10, 0, 0, 10, 0, 10, 0, 1, 0, 0, 10, 10, 10, 10, 10, 0, 0, 0, 0, 0, 0, 0, 0, 0, 0, 0, 3, 10, 10, 0, 10, 10, : 2, 10, 10, 10, 10, 10, 10, 10, 1, 10, 10, 10, 10, 10, 3, 10, 10, 10, 10, 
168: 1, 0, 0, 0, 0, 0, 10, 0, 0, 10, 0, 0, 4, 10, 10, 10, 10, 10, 10, 0, 10, 10, 10, 0, 10, 0, 2, 0, 0, 0, 0, 10, 10, 10, 10, 0, 0, 10, 10, 0, : 1, 10, 10, 4, 10, 10, 10, 10, 10, 10, 10, 10, 10, 10, 2, 10, 10, 10, 10, 10, 10, 
36: 1, 10, 10, 0, 10, 10, 10, 0, 0, 0, 0, 0, 0, 1, 0, 9, 0, 10, 0, 0, 10, 10, 10, 10, 0, 0, 10, 10, 10, 1, 20, 10, 1, 10, 0, 4, 0, 0, 3, 0, : 1, 10, 10, 10, 10, 10, 1, 9, 10, 10, 10, 10, 10, 10, 10, 10, 1, 20, 10, 1, 10, 4, 3, 
24: 0, 0, 10, 10, 10, 0, 0, 5, 0, 10, 0, 10, 0, 10, 0, 0, 0, 10, 1, 0, 1, 0, 10, 0, 0, 10, 10, 10, 10, 10, 0, 0, 0, 0, 0, 0, 10, 10, 10, 2, : 10, 10, 10, 5, 10, 10, 10, 10, 1, 1, 10, 10, 10, 10, 10, 10, 10, 10, 10, 2, 
68: 10, 10, 0, 10, 0, 0, 10, 10, 20, 10, 10, 0, 0, 10, 10, 10, 0, 0, 10, 10, 10, 10, 0, 3, 1, 1, 10, 0, 10, 10, 0, 0, 10, 0, 0, 10, 0, 10, 0, 10, : 10, 10, 10, 10, 10, 20, 10, 10, 10, 10, 10, 10, 10, 10, 10, 3, 1, 1, 10, 10, 10, 10, 10, 10, 10, 
149: 0, 0, 0, 10, 0, 10, 10, 10, 0, 10, 0, 2, 1, 0, 10, 0, 10, 10, 10, 0, 0, 15, 10, 10, 10, 0, 0, 10, 1, 0, 0, 10, 0, 0, 0, 0, 0, 10, 0, 10, : 10, 10, 10, 10, 10, 2, 1, 10, 10, 10, 10, 15, 10, 10, 10, 10, 1, 10, 10, 10, 
23: 10, 2, 10, 5, 0, 10, 0, 5, 1, 0, 10, 10, 0, 0, 0, 10, 10, 0, 0, 13, 2, 5, 0, 10, 10, 10, 0, 10, 10, 0, 10, 1, 12, 2, 10, 10, 0, 10, 0, 0, : 10, 2, 10, 5, 10, 5, 1, 10, 10, 10, 10, 13, 2, 5, 10, 10, 10, 10, 10, 10, 1, 12, 2, 10, 10, 10, 


166: 10, 0, 0, 0, 0, 0, 10, 0, 10, 0, 16, 10, 0, 0, 10, 10, 10, 10, 0, 10, 10, 0, 10, 0, 10, 0, 1, 15, 10, 10, 0, 0, 10, 10, 10, 1, 0, 10, 0, 0, : 10, 10, 10, 16, 10, 10, 10, 10, 10, 10, 10, 10, 10, 1, 15, 10, 10, 10, 10, 10, 1, 10, 
89: 5, 10, 3, 0, 0, 10, 10, 0, 10, 10, 3, 10, 10, 0, 10, 10, 0, 4, 10, 0, 10, 0, 0, 10, 0, 1, 10, 10, 10, 0, 10, 10, 10, 1, 5, 6, 10, 1, 10, 10, : 5, 10, 3, 10, 10, 10, 10, 3, 10, 10, 10, 10, 4, 10, 10, 10, 1, 10, 10, 10, 10, 10, 10, 1, 5, 6, 10, 1, 10, 10, 
20: 0, 0, 10, 10, 0, 0, 10, 0, 0, 0, 0, 10, 0, 10, 0, 0, 10, 0, 10, 0, 3, 10, 10, 10, 0, 0, 0, 10, 0, 0, 10, 0, 10, 10, 10, 1, 0, 0, 10, 0, : 10, 10, 10, 10, 10, 10, 10, 3, 10, 10, 10, 10, 10, 10, 10, 10, 1, 10, 
108: 10, 10, 10, 0, 10, 0, 0, 0, 0, 0, 0, 0, 0, 0, 10, 0, 1, 0, 2, 0, 10, 0, 0, 10, 10, 10, 1, 0, 10, 10, 0, 0, 1, 10, 10, 0, 10, 0, 0, 10, : 10, 10, 10, 10, 10, 1, 2, 10, 10, 10, 10, 1, 10, 10, 1, 10, 10, 10, 10, 
52: 10, 3, 0, 0, 10, 10, 10, 10, 0, 10, 0, 0, 10, 10, 3, 0, 2, 10, 0, 0, 0, 0, 0, 10, 0, 10, 10, 10, 0, 0, 10, 10, 0, 14, 0, 0, 10, 10, 10, 0, : 10, 3, 10, 10, 10, 10, 10, 10, 10, 3, 2, 10, 10, 10, 10, 10, 10, 10, 14, 10, 10, 10, 
31: 10, 10, 0, 10, 10, 10, 10, 0, 10, 0, 10, 0, 10, 15, 0, 0, 10, 10, 10, 10, 0, 0, 0, 0, 10, 1, 1, 0, 0, 10, 2, 10, 0, 0, 0, 10, 10, 10, 0, 10, : 10, 10, 10, 10, 10, 10, 10, 10, 10, 15, 10, 10, 10, 10, 10, 1, 1, 10, 2, 10, 10, 10, 10, 10, 
171: 10, 0, 0, 0, 0, 0, 1, 10, 5, 10, 10, 0, 10, 10, 0, 1, 10, 1, 0, 5, 0, 1, 0, 0, 10, 2, 0, 8, 10, 10, 0, 10, 0, 0, 0, 0, 0, 2, 0, 0, : 10, 1, 10, 5, 10, 10, 10, 10, 1, 10, 1, 5, 1, 10, 2, 8, 10, 10, 10, 2, 
191: 10, 0, 10, 1, 10, 10, 2, 10, 10, 10, 10, 1, 10, 0, 10, 0, 2, 10, 10, 0, 10, 2, 0, 0, 10, 0, 1, 0, 10, 0, 0, 0, 0, 0, 0, 10, 0, 2, 0, 0, : 10, 10, 1, 10, 10, 2, 10, 10, 10, 10, 1, 10, 10, 2, 10, 10, 10, 2, 10, 1, 10, 10, 2, 
113: 0, 0, 2, 0, 10, 0, 0, 0, 10, 11, 1, 10, 0, 8, 2, 10, 10, 0, 10, 0, 0, 10, 10, 10, 0, 0, 10, 10, 0, 10, 2, 10, 0, 0, 0, 10, 1, 10, 10, 10, : 2, 10, 10, 11, 1, 10, 8, 2, 10, 10, 10, 10, 10, 10, 10, 10, 10, 2, 10, 10, 1, 10, 10, 10, 
40: 0, 10, 0, 10, 0, 10, 0, 4, 10, 4, 0, 0, 0, 10, 10, 10, 10, 0, 0, 10, 0, 0, 10, 10, 1, 10, 0, 0, 10, 10, 10, 0, 10, 10, 10, 10, 10, 10, 0, 10, : 10, 10, 10, 4, 10, 4, 10, 10, 10, 10, 10, 10, 10, 1, 10, 10, 10, 10, 10, 10, 10, 10, 10, 10, 10, 
122: 10, 10, 0, 3, 10, 10, 0, 1, 0, 10, 0, 0, 10, 0, 10, 10, 0, 0, 0, 0, 10, 10, 0, 5, 4, 10, 1, 2, 10, 1, 0, 10, 2, 0, 10, 0, 0, 10, 0, 0, : 10, 10, 3, 10, 10, 1, 10, 10, 10, 10, 10, 10, 5, 4, 10, 1, 2, 10, 1, 10, 2, 10, 10, 
141: 10, 10, 10, 0, 1, 0, 10, 10, 10, 0, 0, 10, 0, 0, 0, 10, 0, 0, 0, 10, 0, 10, 10, 0, 10, 1, 10, 10, 0, 10, 0, 10, 0, 10, 0, 10, 0, 10, 3, 0, : 10, 10, 10, 1, 10, 10, 10, 10, 10, 10, 10, 10, 10, 1, 10, 10, 10, 10, 10, 10, 10, 3, 
101: 0, 10, 10, 1, 0, 0, 0, 0, 0, 10, 10, 4, 10, 10, 0, 10, 0, 10, 3, 0, 0, 1, 10, 0, 10, 10, 10, 10, 0, 0, 10, 0, 0, 0, 0, 0, 0, 0, 10, 10, : 10, 10, 1, 10, 10, 4, 10, 10, 10, 10, 3, 1, 10, 10, 10, 10, 10, 10, 10, 10, 
126: 0, 10, 10, 10, 1, 0, 0, 10, 0, 0, 10, 10, 0, 0, 0, 10, 0, 0, 0, 10, 0, 10, 10, 10, 10, 10, 10, 10, 10, 0, 1, 1, 10, 10, 0, 0, 10, 10, 10, 10, : 10, 10, 10, 1, 10, 10, 10, 10, 10, 10, 10, 10, 10, 10, 10, 10, 10, 1, 1, 10, 10, 10, 10, 10, 10, 
143: 0, 10, 0, 10, 1, 0, 2, 10, 0, 10, 0, 0, 0, 10, 10, 9, 0, 0, 10, 0, 10, 10, 0, 10, 10, 10, 10, 0, 0, 10, 10, 10, 10, 0, 0, 10, 10, 10, 0, 0, : 10, 10, 1, 2, 10, 10, 10, 10, 9, 10, 10, 10, 10, 10, 10, 10, 10, 10, 10, 10, 10, 10, 10, 
154: 0, 0, 10, 10, 10, 5, 0, 10, 0, 10, 0, 10, 10, 2, 10, 4, 0, 10, 0, 10, 0, 10, 0, 0, 0, 0, 10, 0, 2, 10, 0, 0, 10, 10, 10, 10, 10, 0, 2, 10, : 10, 10, 10, 5, 10, 10, 10, 10, 2, 10, 4, 10, 10, 10, 10, 2, 10, 10, 10, 10, 10, 10, 2, 10, 
102: 0, 0, 0, 10, 10, 10, 10, 10, 10, 0, 0, 10, 0, 0, 0, 0, 0, 10, 10, 10, 10, 1, 10, 0, 0, 0, 10, 0, 10, 0, 10, 10, 10, 0, 10, 7, 0, 0, 10, 5, : 10, 10, 10, 10, 10, 10, 10, 10, 10, 10, 10, 1, 10, 10, 10, 10, 10, 10, 10, 7, 10, 5, 
115: 0, 0, 0, 0, 10, 10, 10, 0, 0, 0, 10, 10, 1, 0, 0, 1, 10, 10, 10, 10, 10, 0, 5, 0, 0, 10, 0, 0, 1, 0, 0, 0, 2, 0, 10, 10, 4, 0, 10, 0, : 10, 10, 10, 10, 10, 1, 1, 10, 10, 10, 10, 10, 5, 10, 1, 2, 10, 10, 4, 10, 
41: 0, 0, 10, 10, 0, 10, 0, 10, 0, 0, 5, 0, 10, 0, 10, 0, 10, 10, 0, 0, 10, 10, 0, 2, 0, 0, 0, 0, 0, 0, 10, 0, 0, 10, 10, 0, 0, 0, 10, 0, : 10, 10, 10, 10, 5, 10, 10, 10, 10, 10, 10, 2, 10, 10, 10, 10, 
25: 10, 2, 10, 10, 2, 0, 10, 0, 10, 0, 10, 0, 4, 10, 0, 0, 10, 0, 10, 10, 2, 10, 10, 8, 0, 10, 0, 0, 2, 4, 10, 4, 10, 0, 0, 0, 10, 0, 0, 10, : 10, 2, 10, 10, 2, 10, 10, 10, 4, 10, 10, 10, 10, 2, 10, 10, 8, 10, 2, 4, 10, 4, 10, 10, 10, 


199: 0, 0, 0, 0, 0, 2, 0, 0, 10, 10, 0, 10, 10, 0, 10, 3, 0, 10, 0, 1, 0, 10, 10, 10, 2, 10, 1, 0, 10, 0, 0, 10, 10, 0, 0, 10, 0, 10, 10, 10, : 2, 10, 10, 10, 10, 10, 3, 10, 1, 10, 10, 10, 2, 10, 1, 10, 10, 10, 10, 10, 10, 10, 
74: 5, 10, 10, 4, 10, 10, 0, 0, 0, 10, 0, 10, 1, 10, 10, 10, 3, 10, 10, 0, 0, 10, 0, 0, 0, 10, 10, 10, 0, 0, 10, 10, 10, 2, 0, 10, 18, 10, 1, 10, : 5, 10, 10, 4, 10, 10, 10, 10, 1, 10, 10, 10, 3, 10, 10, 10, 10, 10, 10, 10, 10, 10, 2, 10, 18, 10, 1, 10, 
127: 1, 10, 10, 10, 1, 0, 10, 10, 0, 0, 10, 10, 10, 0, 0, 0, 10, 0, 10, 10, 10, 10, 0, 10, 10, 0, 10, 0, 0, 10, 0, 10, 10, 0, 10, 1, 4, 10, 10, 10, : 1, 10, 10, 10, 1, 10, 10, 10, 10, 10, 10, 10, 10, 10, 10, 10, 10, 10, 10, 10, 10, 10, 1, 4, 10, 10, 10, 
88: 10, 0, 0, 0, 0, 10, 0, 10, 10, 10, 10, 0, 10, 0, 0, 10, 10, 0, 10, 0, 0, 0, 0, 0, 1, 0, 0, 10, 10, 10, 10, 0, 10, 10, 1, 10, 0, 10, 4, 10, : 10, 10, 10, 10, 10, 10, 10, 10, 10, 10, 1, 10, 10, 10, 10, 10, 10, 1, 10, 10, 4, 10, 
187: 10, 10, 10, 1, 4, 1, 0, 3, 0, 0, 0, 0, 4, 10, 0, 10, 10, 10, 0, 0, 10, 0, 1, 10, 0, 10, 0, 10, 10, 10, 10, 10, 0, 1, 10, 0, 0, 0, 10, 0, : 10, 10, 10, 1, 4, 1, 3, 4, 10, 10, 10, 10, 10, 1, 10, 10, 10, 10, 10, 10, 10, 1, 10, 10, 
33: 8, 10, 0, 0, 10, 0, 4, 10, 0, 1, 10, 10, 0, 0, 0, 10, 0, 10, 10, 1, 0, 0, 0, 10, 10, 0, 10, 10, 0, 1, 0, 10, 2, 10, 0, 0, 1, 8, 10, 0, : 8, 10, 10, 4, 10, 1, 10, 10, 10, 10, 10, 1, 10, 10, 10, 10, 1, 10, 2, 10, 1, 8, 10, 
55: 0, 10, 0, 10, 10, 10, 10, 0, 5, 0, 1, 0, 0, 10, 0, 10, 0, 10, 0, 0, 0, 2, 0, 0, 10, 1, 10, 10, 0, 0, 10, 3, 10, 2, 10, 1, 10, 10, 0, 0, : 10, 10, 10, 10, 10, 5, 1, 10, 10, 10, 2, 10, 1, 10, 10, 10, 3, 10, 2, 10, 1, 10, 10, 
22: 0, 10, 0, 10, 0, 0, 10, 10, 10, 0, 10, 0, 0, 11, 10, 0, 0, 0, 0, 0, 3, 0, 10, 10, 1, 0, 0, 10, 10, 0, 0, 0, 1, 0, 0, 10, 0, 0, 10, 10, : 10, 10, 10, 10, 10, 10, 11, 10, 3, 10, 10, 1, 10, 10, 1, 10, 10, 10, 
66: 10, 1, 0, 10, 10, 0, 1, 10, 10, 0, 0, 10, 0, 0, 10, 10, 0, 10, 0, 10, 10, 10, 10, 19, 10, 10, 10, 10, 10, 10, 0, 2, 1, 10, 0, 0, 0, 5, 0, 10, : 10, 1, 10, 10, 1, 10, 10, 10, 10, 10, 10, 10, 10, 10, 10, 19, 10, 10, 10, 10, 10, 10, 2, 1, 10, 5, 10, 
18: 10, 10, 10, 0, 10, 10, 0, 0, 0, 10, 10, 10, 0, 10, 0, 10, 10, 0, 10, 0, 10, 0, 10, 10, 0, 10, 10, 1, 0, 0, 10, 0, 0, 0, 0, 0, 0, 0, 0, 0, : 10, 10, 10, 10, 10, 10, 10, 10, 10, 10, 10, 10, 10, 10, 10, 10, 10, 1, 10, 
86: 0, 10, 0, 0, 0, 10, 0, 0, 10, 0, 10, 0, 10, 2, 0, 2, 10, 10, 0, 10, 0, 10, 3, 0, 10, 0, 0, 1, 10, 10, 0, 0, 10, 0, 10, 0, 10, 0, 10, 0, : 10, 10, 10, 10, 10, 2, 2, 10, 10, 10, 10, 3, 10, 1, 10, 10, 10, 10, 10, 10, 
111: 1, 0, 10, 10, 0, 10, 0, 10, 0, 12, 0, 0, 0, 2, 0, 0, 0, 0, 10, 10, 0, 0, 0, 6, 10, 10, 0, 0, 1, 4, 10, 10, 1, 10, 17, 0, 10, 0, 10, 0, : 1, 10, 10, 10, 10, 12, 2, 10, 10, 6, 10, 10, 1, 4, 10, 10, 1, 10, 17, 10, 10, 
177: 0, 2, 10, 0, 0, 0, 0, 0, 0, 2, 0, 10, 10, 10, 14, 0, 10, 0, 10, 0, 10, 10, 1, 0, 1, 4, 10, 0, 10, 10, 10, 10, 10, 10, 6, 0, 10, 10, 0, 10, : 2, 10, 2, 10, 10, 10, 14, 10, 10, 10, 10, 1, 1, 4, 10, 10, 10, 10, 10, 10, 10, 6, 10, 10, 10, 
85: 10, 1, 5, 0, 10, 10, 10, 10, 0, 10, 0, 10, 10, 0, 0, 0, 10, 10, 10, 10, 10, 0, 0, 0, 0, 0, 0, 0, 4, 0, 0, 0, 0, 0, 10, 0, 0, 0, 10, 2, : 10, 1, 5, 10, 10, 10, 10, 10, 10, 10, 10, 10, 10, 10, 10, 4, 10, 10, 2, 
123: 0, 0, 0, 10, 10, 10, 10, 10, 10, 0, 8, 1, 0, 10, 10, 0, 0, 0, 0, 10, 10, 0, 10, 0, 10, 0, 0, 2, 0, 0, 10, 10, 10, 0, 0, 10, 10, 2, 0, 10, : 10, 10, 10, 10, 10, 10, 8, 1, 10, 10, 10, 10, 10, 10, 2, 10, 10, 10, 10, 10, 2, 10, 
67: 0, 0, 10, 10, 0, 1, 0, 0, 0, 10, 0, 4, 10, 10, 10, 0, 2, 0, 0, 10, 11, 3, 10, 10, 0, 10, 10, 1, 0, 10, 3, 0, 10, 10, 0, 10, 10, 10, 0, 0, : 10, 10, 1, 10, 4, 10, 10, 10, 2, 10, 11, 3, 10, 10, 10, 10, 1, 10, 3, 10, 10, 10, 10, 10, 
157: 10, 1, 0, 0, 10, 0, 10, 0, 0, 10, 0, 0, 0, 0, 0, 0, 10, 0, 1, 3, 0, 0, 10, 0, 10, 0, 10, 10, 0, 10, 0, 0, 0, 10, 10, 10, 0, 0, 10, 0, : 10, 1, 10, 10, 10, 10, 1, 3, 10, 10, 10, 10, 10, 10, 10, 10, 10, 
34: 10, 10, 0, 10, 0, 10, 10, 0, 10, 0, 0, 0, 10, 0, 10, 0, 0, 10, 2, 10, 1, 10, 10, 0, 10, 10, 4, 0, 0, 0, 1, 10, 0, 0, 0, 10, 0, 0, 0, 3, : 10, 10, 10, 10, 10, 10, 10, 10, 10, 2, 10, 1, 10, 10, 10, 10, 4, 1, 10, 10, 3, 
114: 0, 0, 10, 0, 10, 1, 10, 2, 10, 10, 16, 0, 10, 0, 10, 10, 0, 5, 10, 0, 0, 10, 0, 0, 0, 10, 0, 10, 10, 10, 1, 0, 0, 10, 1, 10, 10, 10, 0, 10, : 10, 10, 1, 10, 2, 10, 10, 16, 10, 10, 10, 5, 10, 10, 10, 10, 10, 10, 1, 10, 1, 10, 10, 10, 10, 
151: 10, 0, 10, 10, 0, 0, 10, 10, 10, 0, 10, 10, 0, 10, 1, 10, 10, 0, 2, 10, 10, 10, 10, 0, 0, 0, 0, 0, 10, 0, 10, 0, 0, 10, 10, 3, 2, 0, 0, 0, : 10, 10, 10, 10, 10, 10, 10, 10, 10, 1, 10, 10, 2, 10, 10, 10, 10, 10, 10, 10, 10, 3, 2, 


70: 10, 10, 10, 10, 10, 10, 0, 10, 0, 10, 0, 0, 10, 10, 10, 1, 0, 0, 0, 10, 10, 1, 10, 10, 0, 0, 0, 0, 0, 0, 1, 10, 10, 10, 2, 10, 4, 0, 6, 0, : 10, 10, 10, 10, 10, 10, 10, 10, 10, 10, 10, 1, 10, 10, 1, 10, 10, 1, 10, 10, 10, 2, 10, 4, 6, 
97: 10, 0, 0, 10, 0, 0, 10, 10, 5, 10, 0, 10, 0, 10, 10, 0, 20, 10, 10, 0, 3, 10, 10, 8, 0, 10, 0, 10, 10, 0, 10, 0, 0, 10, 0, 10, 10, 0, 1, 0, : 10, 10, 10, 10, 5, 10, 10, 10, 10, 20, 10, 10, 3, 10, 10, 8, 10, 10, 10, 10, 10, 10, 10, 1, 
153: 10, 0, 0, 10, 0, 10, 10, 10, 10, 0, 10, 0, 0, 0, 10, 0, 0, 10, 1, 0, 0, 0, 10, 10, 10, 0, 10, 0, 2, 0, 0, 5, 2, 0, 10, 0, 10, 0, 10, 0, : 10, 10, 10, 10, 10, 10, 10, 10, 10, 1, 10, 10, 10, 10, 2, 5, 2, 10, 10, 10, 
35: 0, 0, 0, 0, 10, 0, 0, 10, 0, 0, 10, 3, 0, 0, 0, 10, 15, 0, 0, 10, 0, 10, 1, 10, 2, 10, 10, 0, 10, 0, 10, 0, 20, 10, 10, 10, 10, 0, 10, 10, : 10, 10, 10, 3, 10, 15, 10, 10, 1, 10, 2, 10, 10, 10, 10, 20, 10, 10, 10, 10, 10, 10, 
145: 10, 0, 1, 0, 10, 0, 0, 0, 0, 1, 10, 0, 0, 10, 0, 10, 10, 10, 3, 10, 0, 0, 10, 10, 10, 10, 0, 2, 3, 0, 10, 10, 0, 10, 0, 10, 0, 0, 1, 10, : 10, 1, 10, 1, 10, 10, 10, 10, 10, 3, 10, 10, 10, 10, 10, 2, 3, 10, 10, 10, 10, 1, 10, 
48: 10, 4, 10, 10, 10, 10, 0, 10, 0, 4, 0, 0, 0, 0, 0, 0, 1, 0, 0, 2, 10, 0, 4, 7, 10, 0, 0, 0, 10, 10, 4, 3, 0, 0, 10, 10, 0, 10, 10, 0, : 10, 4, 10, 10, 10, 10, 10, 4, 1, 2, 10, 4, 7, 10, 10, 10, 4, 3, 10, 10, 10, 10, 
172: 10, 0, 7, 0, 1, 10, 10, 0, 0, 0, 0, 10, 10, 0, 1, 0, 0, 10, 6, 0, 10, 0, 10, 0, 0, 0, 10, 0, 10, 10, 0, 10, 0, 0, 10, 10, 10, 0, 10, 10, : 10, 7, 1, 10, 10, 10, 10, 1, 10, 6, 10, 10, 10, 10, 10, 10, 10, 10, 10, 10, 10, 
15: 1, 10, 10, 0, 0, 0, 0, 10, 10, 10, 0, 10, 10, 10, 0, 0, 10, 0, 10, 0, 0, 0, 10, 0, 0, 0, 10, 13, 19, 1, 10, 0, 10, 10, 2, 0, 0, 0, 0, 10, : 1, 10, 10, 10, 10, 10, 10, 10, 10, 10, 10, 10, 10, 13, 19, 1, 10, 10, 10, 2, 10, 
27: 0, 10, 10, 10, 10, 10, 10, 1, 10, 10, 0, 10, 0, 0, 10, 0, 0, 0, 0, 0, 10, 1, 5, 0, 0, 10, 0, 10, 0, 0, 10, 0, 10, 1, 0, 0, 1, 10, 5, 0, : 10, 10, 10, 10, 10, 10, 1, 10, 10, 10, 10, 10, 1, 5, 10, 10, 10, 10, 1, 1, 10, 5, 
188: 10, 0, 0, 0, 4, 19, 10, 10, 10, 0, 10, 10, 10, 2, 10, 10, 10, 5, 0, 1, 10, 0, 0, 10, 1, 0, 10, 0, 10, 10, 10, 10, 0, 0, 1, 0, 0, 10, 10, 10, : 10, 4, 19, 10, 10, 10, 10, 10, 10, 2, 10, 10, 10, 5, 1, 10, 10, 1, 10, 10, 10, 10, 10, 1, 10, 10, 10, 
119: 0, 10, 10, 0, 10, 1, 10, 0, 10, 0, 4, 10, 10, 0, 10, 10, 0, 0, 0, 0, 10, 10, 2, 10, 0, 4, 3, 10, 0, 10, 0, 0, 0, 10, 10, 10, 10, 0, 0, 3, : 10, 10, 10, 1, 10, 10, 4, 10, 10, 10, 10, 10, 10, 2, 10, 4, 3, 10, 10, 10, 10, 10, 10, 3, 
46: 0, 1, 10, 10, 0, 0, 0, 0, 0, 0, 10, 0, 0, 10, 17, 0, 10, 0, 10, 10, 0, 10, 2, 0, 10, 10, 10, 10, 0, 0, 10, 15, 10, 10, 0, 0, 18, 10, 0, 10, : 1, 10, 10, 10, 10, 17, 10, 10, 10, 10, 2, 10, 10, 10, 10, 10, 15, 10, 10, 18, 10, 10, 
140: 0, 10, 0, 5, 0, 5, 0, 0, 10, 10, 10, 0, 5, 0, 0, 0, 0, 10, 10, 1, 0, 0, 0, 0, 0, 1, 1, 10, 10, 18, 0, 0, 0, 0, 10, 0, 0, 10, 1, 10, : 10, 5, 5, 10, 10, 10, 5, 10, 10, 1, 1, 1, 10, 10, 18, 10, 10, 1, 10, 
105: 10, 0, 0, 0, 0, 0, 10, 0, 0, 10, 10, 0, 10, 10, 7, 10, 10, 10, 10, 0, 0, 10, 0, 0, 10, 10, 0, 10, 0, 10, 0, 10, 0, 0, 10, 4, 10, 0, 10, 10, : 10, 10, 10, 10, 10, 10, 7, 10, 10, 10, 10, 10, 10, 10, 10, 10, 10, 10, 4, 10, 10, 10, 
95: 1, 0, 0, 10, 10, 10, 2, 0, 10, 10, 7, 10, 10, 3, 0, 10, 0, 10, 10, 1, 1, 10, 1, 10, 10, 0, 0, 0, 1, 0, 0, 10, 0, 0, 0, 0, 1, 10, 10, 0, : 1, 10, 10, 10, 2, 10, 10, 7, 10, 10, 3, 10, 10, 10, 1, 1, 10, 1, 10, 10, 1, 10, 1, 10, 10, 
179: 0, 10, 3, 10, 0, 10, 0, 0, 0, 0, 10, 10, 0, 0, 0, 10, 0, 10, 0, 10, 10, 10, 10, 0, 2, 10, 10, 0, 0, 10, 10, 0, 10, 2, 0, 0, 0, 10, 0, 12, : 10, 3, 10, 10, 10, 10, 10, 10, 10, 10, 10, 10, 2, 10, 10, 10, 10, 10, 2, 10, 12, 
106: 3, 10, 0, 0, 0, 0, 10, 10, 0, 0, 0, 0, 10, 0, 0, 10, 0, 10, 1, 10, 10, 0, 0, 0, 0, 10, 10, 10, 0, 0, 0, 10, 10, 10, 0, 1, 1, 5, 0, 0, : 3, 10, 10, 10, 10, 10, 10, 1, 10, 10, 10, 10, 10, 10, 10, 10, 1, 1, 5, 
125: 0, 10, 10, 0, 0, 0, 0, 10, 0, 10, 0, 2, 0, 10, 0, 4, 9, 0, 4, 10, 1, 3, 10, 0, 10, 0, 0, 0, 10, 0, 0, 2, 13, 10, 10, 10, 0, 10, 1, 0, : 10, 10, 10, 10, 2, 10, 4, 9, 4, 10, 1, 3, 10, 10, 10, 2, 13, 10, 10, 10, 10, 1, 
159: 10, 10, 10, 10, 10, 0, 3, 1, 10, 0, 4, 0, 10, 10, 10, 0, 0, 0, 10, 10, 0, 10, 0, 10, 10, 10, 10, 0, 0, 0, 10, 0, 0, 0, 0, 10, 0, 10, 10, 0, : 10, 10, 10, 10, 10, 3, 1, 10, 4, 10, 10, 10, 10, 10, 10, 10, 10, 10, 10, 10, 10, 10, 10, 
200: 0, 0, 4, 0, 10, 0, 10, 3, 10, 10, 0, 10, 0, 10, 0, 10, 0, 0, 10, 10, 10, 10, 0, 0, 10, 0, 1, 10, 0, 16, 0, 0, 0, 2, 10, 0, 10, 0, 0, 0, : 4, 10, 10, 3, 10, 10, 10, 10, 10, 10, 10, 10, 10, 10, 1, 10, 16, 2, 10, 10, 


