
20
20
95
1

13: 10, 0, 10, 0, 2, 10, 10, 1, 0, 10, 0, 10, 0, 10, 0, 0, 10, 0, 0, 10, : 10, 10, 2, 10, 10, 1, 10, 10, 10, 10, 10, 
4: 0, 0, 0, 0, 10, 0, 4, 10, 10, 0, 0, 0, 10, 10, 2, 10, 0, 0, 13, 0, : 10, 4, 10, 10, 10, 10, 2, 10, 13, 
6: 10, 10, 0, 10, 10, 0, 0, 10, 0, 0, 10, 10, 10, 0, 10, 0, 10, 1, 0, 0, : 10, 10, 10, 10, 10, 10, 10, 10, 10, 10, 1, 
2: 1, 0, 0, 10, 0, 0, 10, 0, 0, 0, 10, 1, 0, 10, 0, 0, 0, 10, 0, 2, : 1, 10, 10, 10, 1, 10, 10, 2, 
17: 10, 10, 10, 0, 0, 0, 10, 0, 0, 2, 10, 0, 0, 10, 10, 0, 0, 0, 10, 10, : 10, 10, 10, 10, 2, 10, 10, 10, 10, 10, 
11: 0, 0, 0, 10, 0, 0, 10, 10, 1, 10, 0, 10, 0, 0, 0, 10, 10, 0, 1, 10, : 10, 10, 10, 1, 10, 10, 10, 10, 1, 10, 
16: 0, 0, 0, 10, 0, 0, 0, 10, 2, 10, 0, 10, 10, 0, 1, 0, 10, 10, 0, 0, : 10, 10, 2, 10, 10, 10, 1, 10, 10, 
18: 4, 10, 0, 5, 10, 20, 10, 10, 10, 11, 1, 10, 10, 2, 10, 0, 0, 0, 0, 10, : 4, 10, 5, 10, 20, 10, 10, 10, 11, 1, 10, 10, 2, 10, 10, 
12: 0, 4, 10, 10, 0, 0, 10, 0, 10, 1, 10, 0, 0, 0, 10, 10, 10, 0, 10, 10, : 4, 10, 10, 10, 10, 1, 10, 10, 10, 10, 10, 10, 
1: 10, 10, 10, 0, 5, 0, 0, 10, 10, 0, 0, 4, 0, 10, 10, 0, 0, 10, 10, 0, : 10, 10, 10, 5, 10, 10, 4, 10, 10, 10, 10, 
7: 10, 0, 10, 0, 10, 0, 10, 10, 10, 10, 0, 0, 10, 0, 0, 10, 4, 0, 0, 0, : 10, 10, 10, 10, 10, 10, 10, 10, 10, 4, 
10: 0, 10, 10, 10, 6, 10, 0, 0, 10, 0, 10, 10, 5, 0, 0, 10, 10, 10, 10, 10, : 10, 10, 10, 6, 10, 10, 10, 10, 5, 10, 10, 10, 10, 10, 
14: 0, 1, 3, 0, 10, 1, 1, 2, 1, 10, 10, 10, 0, 1, 1, 10, 1, 0, 10, 0, : 1, 3, 10, 1, 1, 2, 1, 10, 10, 10, 1, 1, 10, 1, 10, 
8: 10, 10, 0, 0, 0, 10, 0, 0, 0, 0, 0, 0, 10, 0, 0, 0, 10, 10, 10, 1, : 10, 10, 10, 10, 10, 10, 10, 1, 
15: 0, 19, 1, 0, 10, 4, 10, 0, 10, 0, 0, 0, 0, 10, 1, 15, 0, 3, 0, 10, : 19, 1, 10, 4, 10, 10, 10, 1, 15, 3, 10, 
19: 10, 10, 10, 0, 0, 10, 0, 0, 10, 10, 10, 10, 10, 10, 10, 0, 10, 1, 0, 2, : 10, 10, 10, 10, 10, 10, 10, 10, 10, 10, 10, 10, 1, 2, 
20: 0, 1, 1, 10, 2, 0, 10, 10, 10, 10, 0, 0, 0, 2, 10, 10, 0, 10, 15, 10, : 1, 1, 10, 2, 10, 10, 10, 10, 2, 10, 10, 10, 15, 10, 
3: 10, 0, 0, 0, 10, 10, 0, 10, 0, 10, 10, 0, 10, 10, 10, 0, 0, 10, 0, 0, : 10, 10, 10, 10, 10, 10, 10, 10, 10, 10, 
5: 0, 0, 10, 10, 0, 10, 0, 2, 0, 1, 4, 0, 10, 0, 10, 0, 0, 10, 2, 0, : 10, 10, 10, 2, 1, 4, 10, 10, 10, 2, 
9: 10, 0, 10, 10, 10, 10, 0, 0, 1, 0, 10, 10, 0, 10, 0, 10, 10, 10, 4, 10, : 10, 10, 10, 10, 10, 1, 10, 10, 10, 10, 10, 10, 4, 10, 


