
200
40
95
2

1: 1, 10, 13, 0, 2, 0, 0, 10, 10, 1, 10, 1, 10, 10, 0, 10, 0, 0, 10, 9, 0, 10, 2, 0, 0, 10, 10, 10, 10, 0, 10, 10, 10, 0, 0, 10, 3, 10, 10, 10, 10, 10, 0, 10, 10, 0, 0, 0, 10, 4, 0, 0, 10, 10, 0, 0, 1, 1, 10, 1, 0, 10, 10, 10, 0, 0, 0, 0, 0, 10, 10, 0, 10, 10, 10, 12, 10, 0, 0, 1, 10, 16, 1, 0, 5, 10, 0, 0, 10, 10, 0, 10, 10, 10, 0, 0, 0, 0, 13, 0, 10, 1, 10, 10, 0, 2, 10, 1, 1, 10, 1, 0, 0, 10, 10, 0, 10, 10, 0, 4, 1, 10, 0, 0, 10, 0, 0, 0, 0, 10, 0, 10, 10, 10, 10, 10, 1, 0, 0, 10, 0, 0, 0, 0, 10, 1, 10, 11, 1, 0, 0, 0, 0, 10, 0, 0, 10, 0, 5, 0, 0, 0, 0, 0, 10, 10, 0, 0, 0, 2, 10, 0, 0, 0, 0, 0, 10, 0, 0, 10, 0, 10, 0, 0, 10, 2, 10, 10, 10, 0, 0, 0, 0, 0, 10, 0, 0, 10, 10, 3, : 1, 10, 13, 2, 10, 10, 1, 10, 1, 10, 10, 10, 10, 9, 10, 2, 10, 10, 10, 10, 10, 10, 10, 10, 3, 10, 10, 10, 10, 10, 10, 10, 10, 4, 10, 10, 1, 1, 10, 1, 10, 10, 10, 10, 10, 10, 10, 10, 12, 10, 1, 10, 16, 1, 5, 10, 10, 10, 10, 10, 10, 13, 10, 1, 10, 10, 2, 10, 1, 1, 10, 1, 10, 10, 10, 10, 4, 1, 10, 10, 10, 10, 10, 10, 10, 10, 1, 10, 10, 1, 10, 11, 1, 10, 10, 5, 10, 10, 2, 10, 10, 10, 10, 10, 2, 10, 10, 10, 10, 10, 10, 3, 
27: 10, 10, 0, 10, 0, 0, 10, 0, 0, 0, 10, 0, 0, 0, 10, 17, 10, 0, 10, 0, 7, 0, 10, 0, 1, 0, 0, 0, 10, 10, 10, 4, 0, 0, 0, 0, 10, 10, 0, 10, 19, 2, 4, 0, 0, 10, 10, 10, 10, 0, 10, 10, 0, 0, 10, 10, 10, 0, 10, 0, 0, 10, 0, 10, 1, 10, 10, 10, 10, 10, 10, 4, 10, 0, 10, 10, 2, 10, 10, 10, 0, 0, 0, 0, 0, 2, 10, 10, 0, 10, 10, 10, 10, 0, 10, 10, 0, 0, 0, 0, 0, 10, 10, 10, 0, 10, 19, 10, 0, 9, 0, 10, 10, 10, 10, 0, 0, 10, 10, 10, 1, 8, 2, 10, 10, 10, 0, 0, 10, 0, 10, 3, 0, 10, 10, 5, 2, 0, 0, 10, 4, 10, 0, 10, 10, 10, 0, 10, 0, 0, 0, 10, 4, 0, 10, 10, 1, 10, 0, 0, 10, 10, 0, 0, 0, 10, 0, 10, 10, 10, 10, 10, 10, 13, 10, 10, 4, 2, 0, 0, 0, 10, 0, 10, 10, 10, 0, 10, 10, 10, 10, 10, 0, 0, 10, 0, 1, 0, 10, 10, : 10, 10, 10, 10, 10, 10, 17, 10, 10, 7, 10, 1, 10, 10, 10, 4, 10, 10, 10, 19, 2, 4, 10, 10, 10, 10, 10, 10, 10, 10, 10, 10, 10, 10, 1, 10, 10, 10, 10, 10, 10, 4, 10, 10, 10, 2, 10, 10, 10, 2, 10, 10, 10, 10, 10, 10, 10, 10, 10, 10, 10, 10, 19, 10, 9, 10, 10, 10, 10, 10, 10, 10, 1, 8, 2, 10, 10, 10, 10, 10, 3, 10, 10, 5, 2, 10, 4, 10, 10, 10, 10, 10, 10, 4, 10, 10, 1, 10, 10, 10, 10, 10, 10, 10, 10, 10, 10, 13, 10, 10, 4, 2, 10, 10, 10, 10, 10, 10, 10, 10, 10, 10, 1, 10, 10, 
33: 0, 10, 10, 10, 10, 0, 0, 0, 10, 10, 0, 0, 10, 6, 0, 0, 10, 11, 0, 10, 1, 2, 10, 10, 0, 10, 10, 10, 10, 10, 10, 10, 10, 10, 10, 10, 10, 0, 0, 10, 0, 15, 10, 1, 10, 9, 0, 0, 0, 0, 10, 0, 10, 0, 0, 10, 1, 10, 0, 0, 0, 0, 1, 0, 10, 10, 10, 1, 7, 0, 0, 10, 1, 0, 10, 0, 3, 0, 10, 10, 0, 0, 0, 0, 10, 3, 10, 10, 0, 0, 0, 16, 10, 10, 19, 10, 10, 10, 10, 0, 0, 0, 0, 0, 2, 0, 0, 13, 10, 0, 0, 10, 10, 10, 0, 10, 10, 0, 1, 10, 0, 10, 10, 18, 0, 0, 0, 0, 10, 5, 10, 1, 0, 3, 0, 10, 0, 10, 10, 10, 8, 10, 10, 10, 10, 2, 10, 0, 0, 10, 10, 2, 10, 1, 10, 10, 0, 0, 10, 10, 0, 0, 0, 0, 0, 10, 0, 0, 10, 0, 0, 10, 0, 2, 0, 0, 0, 0, 0, 0, 10, 3, 10, 10, 0, 10, 1, 3, 0, 10, 10, 10, 1, 10, 0, 0, 10, 10, 0, 0, : 10, 10, 10, 10, 10, 10, 10, 6, 10, 11, 10, 1, 2, 10, 10, 10, 10, 10, 10, 10, 10, 10, 10, 10, 10, 10, 10, 10, 15, 10, 1, 10, 9, 10, 10, 10, 1, 10, 1, 10, 10, 10, 1, 7, 10, 1, 10, 3, 10, 10, 10, 3, 10, 10, 16, 10, 10, 19, 10, 10, 10, 10, 2, 13, 10, 10, 10, 10, 10, 10, 1, 10, 10, 10, 18, 10, 5, 10, 1, 3, 10, 10, 10, 10, 8, 10, 10, 10, 10, 2, 10, 10, 10, 2, 10, 1, 10, 10, 10, 10, 10, 10, 10, 2, 10, 3, 10, 10, 10, 1, 3, 10, 10, 10, 1, 10, 10, 10, 
28: 19, 0, 0, 0, 1, 4, 1, 10, 10, 10, 10, 10, 0, 10, 1, 10, 0, 2, 10, 0, 0, 10, 0, 10, 10, 10, 0, 10, 0, 10, 10, 0, 0, 10, 0, 5, 0, 0, 0, 0, 0, 10, 10, 10, 0, 0, 0, 0, 10, 10, 10, 0, 2, 0, 10, 0, 0, 0, 10, 0, 10, 0, 3, 10, 10, 10, 0, 10, 10, 0, 3, 0, 10, 10, 10, 0, 0, 0, 10, 1, 10, 10, 10, 1, 0, 10, 0, 10, 0, 10, 10, 1, 10, 0, 0, 1, 10, 0, 10, 0, 2, 10, 10, 4, 10, 2, 0, 0, 1, 0, 10, 0, 0, 1, 0, 3, 10, 2, 10, 0, 10, 10, 0, 0, 10, 0, 10, 4, 0, 0, 0, 10, 0, 2, 10, 10, 1, 0, 10, 0, 3, 0, 2, 10, 0, 0, 3, 10, 9, 10, 0, 0, 10, 6, 10, 1, 10, 10, 10, 0, 10, 0, 10, 3, 0, 0, 10, 0, 10, 7, 10, 10, 10, 10, 10, 10, 10, 0, 10, 10, 3, 0, 10, 10, 10, 10, 0, 0, 10, 10, 0, 10, 0, 0, 10, 0, 0, 10, 0, 10, : 19, 1, 4, 1, 10, 10, 10, 10, 10, 10, 1, 10, 2, 10, 10, 10, 10, 10, 10, 10, 10, 10, 5, 10, 10, 10, 10, 10, 10, 2, 10, 10, 10, 3, 10, 10, 10, 10, 10, 3, 10, 10, 10, 10, 1, 10, 10, 10, 1, 10, 10, 10, 10, 1, 10, 1, 10, 10, 2, 10, 10, 4, 10, 2, 1, 10, 1, 3, 10, 2, 10, 10, 10, 10, 10, 4, 10, 2, 10, 10, 1, 10, 3, 2, 10, 3, 10, 9, 10, 10, 6, 10, 1, 10, 10, 10, 10, 10, 3, 10, 10, 7, 10, 10, 10, 10, 10, 10, 10, 10, 10, 3, 10, 10, 10, 10, 10, 10, 10, 10, 10, 10, 
31: 10, 0, 2, 1, 0, 0, 0, 10, 10, 10, 0, 0, 1, 10, 0, 0, 0, 0, 10, 0, 10, 10, 0, 10, 0, 0, 10, 0, 0, 1, 0, 0, 10, 0, 0, 0, 10, 10, 10, 1, 10, 0, 0, 10, 0, 0, 0, 10, 0, 0, 0, 0, 0, 10, 0, 0, 10, 0, 0, 0, 0, 0, 0, 5, 10, 0, 0, 0, 8, 8, 0, 0, 10, 10, 0, 0, 0, 10, 0, 10, 10, 10, 10, 10, 10, 10, 0, 10, 10, 14, 10, 0, 10, 0, 0, 0, 10, 0, 0, 0, 0, 0, 10, 0, 0, 10, 0, 0, 10, 10, 10, 0, 0, 10, 2, 10, 0, 0, 10, 0, 10, 2, 10, 0, 0, 0, 10, 0, 4, 10, 10, 10, 0, 10, 10, 0, 10, 10, 0, 0, 10, 0, 10, 0, 0, 0, 10, 1, 10, 1, 10, 0, 10, 0, 3, 0, 10, 10, 0, 0, 0, 0, 0, 0, 0, 0, 10, 10, 3, 0, 1, 0, 5, 0, 0, 0, 10, 10, 0, 10, 10, 10, 0, 10, 0, 0, 10, 10, 0, 10, 10, 0, 2, 10, 10, 10, 0, 10, 0, 10, : 10, 2, 1, 10, 10, 10, 1, 10, 10, 10, 10, 10, 10, 1, 10, 10, 10, 10, 1, 10, 10, 10, 10, 10, 5, 10, 8, 8, 10, 10, 10, 10, 10, 10, 10, 10, 10, 10, 10, 10, 14, 10, 10, 10, 10, 10, 10, 10, 10, 10, 2, 10, 10, 10, 2, 10, 10, 4, 10, 10, 10, 10, 10, 10, 10, 10, 10, 10, 1, 10, 1, 10, 10, 3, 10, 10, 10, 10, 3, 1, 5, 10, 10, 10, 10, 10, 10, 10, 10, 10, 10, 2, 10, 10, 10, 10, 10, 
14: 0, 1, 0, 10, 0, 10, 10, 0, 0, 10, 10, 1, 10, 0, 18, 0, 0, 1, 10, 0, 0, 10, 0, 1, 10, 0, 0, 0, 10, 0, 0, 10, 10, 10, 0, 0, 10, 10, 1, 10, 10, 0, 10, 10, 4, 10, 10, 10, 10, 0, 0, 10, 10, 10, 0, 0, 10, 10, 0, 10, 1, 0, 1, 0, 10, 2, 10, 0, 10, 0, 0, 10, 0, 0, 10, 0, 0, 2, 1, 0, 10, 2, 0, 0, 0, 0, 0, 0, 1, 0, 13, 10, 0, 10, 0, 10, 10, 1, 10, 10, 10, 0, 0, 10, 3, 0, 10, 10, 10, 0, 10, 0, 10, 0, 0, 1, 1, 1, 0, 10, 10, 10, 10, 2, 0, 10, 0, 10, 0, 0, 0, 0, 10, 10, 10, 10, 10, 10, 10, 10, 10, 10, 0, 0, 10, 0, 0, 10, 0, 0, 10, 0, 10, 10, 10, 10, 0, 10, 0, 3, 10, 0, 10, 0, 3, 0, 0, 0, 0, 10, 1, 10, 10, 0, 10, 10, 10, 10, 0, 0, 0, 0, 10, 10, 0, 0, 10, 10, 4, 10, 0, 10, 10, 0, 10, 0, 10, 10, 0, 10, : 1, 10, 10, 10, 10, 10, 1, 10, 18, 1, 10, 10, 1, 10, 10, 10, 10, 10, 10, 10, 1, 10, 10, 10, 10, 4, 10, 10, 10, 10, 10, 10, 10, 10, 10, 10, 1, 1, 10, 2, 10, 10, 10, 10, 2, 1, 10, 2, 1, 13, 10, 10, 10, 10, 1, 10, 10, 10, 10, 3, 10, 10, 10, 10, 10, 1, 1, 1, 10, 10, 10, 10, 2, 10, 10, 10, 10, 10, 10, 10, 10, 10, 10, 10, 10, 10, 10, 10, 10, 10, 10, 10, 10, 3, 10, 10, 3, 10, 1, 10, 10, 10, 10, 10, 10, 10, 10, 10, 10, 4, 10, 10, 10, 10, 10, 10, 10, 
3: 0, 1, 10, 0, 10, 1, 0, 0, 10, 10, 10, 0, 0, 0, 1, 5, 0, 10, 10, 0, 10, 0, 10, 10, 0, 17, 10, 0, 0, 1, 3, 0, 10, 0, 2, 0, 10, 10, 0, 0, 2, 0, 0, 0, 0, 10, 0, 0, 5, 10, 0, 10, 10, 10, 10, 2, 0, 12, 10, 20, 10, 10, 10, 10, 1, 10, 0, 10, 10, 0, 2, 0, 0, 10, 0, 0, 10, 10, 0, 0, 0, 10, 2, 10, 1, 10, 0, 5, 0, 10, 10, 0, 0, 0, 0, 0, 10, 10, 1, 0, 10, 0, 0, 0, 10, 0, 0, 0, 1, 0, 10, 5, 0, 10, 0, 0, 10, 0, 0, 10, 10, 0, 2, 0, 15, 10, 10, 0, 10, 10, 0, 10, 2, 0, 0, 10, 10, 0, 1, 10, 10, 0, 2, 0, 0, 10, 0, 10, 10, 1, 0, 10, 0, 10, 0, 10, 0, 10, 10, 10, 0, 10, 0, 10, 0, 10, 4, 0, 0, 10, 0, 1, 0, 0, 10, 0, 0, 0, 10, 5, 0, 1, 0, 0, 10, 10, 0, 10, 0, 0, 0, 10, 10, 0, 0, 0, 10, 10, 1, 10, : 1, 10, 10, 1, 10, 10, 10, 1, 5, 10, 10, 10, 10, 10, 17, 10, 1, 3, 10, 2, 10, 10, 2, 10, 5, 10, 10, 10, 10, 10, 2, 12, 10, 20, 10, 10, 10, 10, 1, 10, 10, 10, 2, 10, 10, 10, 10, 2, 10, 1, 10, 5, 10, 10, 10, 10, 1, 10, 10, 1, 10, 5, 10, 10, 10, 10, 2, 15, 10, 10, 10, 10, 10, 2, 10, 10, 1, 10, 10, 2, 10, 10, 10, 1, 10, 10, 10, 10, 10, 10, 10, 10, 10, 4, 10, 1, 10, 10, 5, 1, 10, 10, 10, 10, 10, 10, 10, 1, 10, 
17: 4, 10, 10, 0, 0, 10, 10, 10, 14, 0, 0, 3, 1, 0, 10, 0, 0, 10, 0, 0, 10, 10, 0, 0, 7, 0, 10, 3, 0, 2, 0, 10, 0, 0, 10, 0, 0, 0, 0, 2, 10, 0, 0, 2, 0, 0, 1, 2, 10, 0, 10, 10, 0, 0, 10, 0, 10, 0, 0, 10, 10, 10, 10, 10, 10, 0, 10, 0, 10, 10, 10, 0, 0, 4, 0, 0, 0, 10, 10, 0, 10, 10, 0, 10, 10, 0, 10, 0, 0, 0, 0, 10, 0, 0, 1, 0, 0, 0, 1, 10, 0, 10, 10, 0, 10, 10, 6, 10, 0, 0, 0, 10, 0, 0, 0, 0, 10, 10, 0, 0, 10, 0, 10, 10, 10, 10, 0, 0, 0, 10, 1, 0, 0, 0, 0, 0, 10, 10, 0, 4, 10, 10, 0, 0, 0, 10, 0, 10, 11, 1, 0, 10, 10, 0, 2, 0, 10, 1, 0, 0, 0, 10, 0, 10, 0, 4, 0, 4, 10, 10, 1, 10, 0, 10, 0, 2, 10, 10, 10, 10, 0, 10, 5, 0, 0, 1, 0, 0, 1, 10, 0, 0, 0, 5, 0, 10, 0, 0, 10, 10, : 4, 10, 10, 10, 10, 10, 14, 3, 1, 10, 10, 10, 10, 7, 10, 3, 2, 10, 10, 2, 10, 2, 1, 2, 10, 10, 10, 10, 10, 10, 10, 10, 10, 10, 10, 10, 10, 10, 10, 4, 10, 10, 10, 10, 10, 10, 10, 10, 1, 1, 10, 10, 10, 10, 10, 6, 10, 10, 10, 10, 10, 10, 10, 10, 10, 10, 1, 10, 10, 4, 10, 10, 10, 10, 11, 1, 10, 10, 2, 10, 1, 10, 10, 4, 4, 10, 10, 1, 10, 10, 2, 10, 10, 10, 10, 10, 5, 1, 1, 10, 5, 10, 10, 10, 
29: 0, 10, 0, 10, 0, 10, 0, 10, 0, 0, 0, 10, 2, 0, 0, 10, 0, 10, 10, 10, 10, 10, 0, 0, 0, 0, 0, 0, 0, 1, 10, 10, 10, 0, 10, 10, 1, 2, 0, 0, 10, 0, 1, 0, 0, 0, 0, 10, 0, 0, 10, 0, 2, 0, 10, 0, 0, 0, 10, 10, 10, 0, 10, 10, 0, 1, 0, 1, 0, 10, 10, 10, 10, 10, 0, 10, 10, 0, 10, 10, 0, 1, 10, 0, 10, 0, 0, 0, 10, 0, 0, 2, 0, 10, 10, 0, 3, 3, 10, 10, 0, 10, 10, 0, 10, 10, 0, 0, 10, 10, 10, 0, 0, 0, 10, 10, 10, 10, 4, 0, 0, 2, 0, 4, 10, 1, 10, 0, 0, 0, 0, 10, 10, 10, 0, 10, 0, 10, 10, 0, 0, 0, 10, 10, 0, 0, 10, 10, 10, 10, 0, 1, 0, 10, 10, 0, 0, 0, 0, 10, 0, 0, 10, 0, 0, 0, 10, 10, 0, 0, 3, 0, 10, 10, 10, 10, 11, 3, 10, 10, 10, 10, 10, 0, 10, 10, 0, 0, 10, 10, 10, 0, 0, 0, 0, 10, 0, 0, 10, 10, : 10, 10, 10, 10, 10, 2, 10, 10, 10, 10, 10, 10, 1, 10, 10, 10, 10, 10, 1, 2, 10, 1, 10, 10, 2, 10, 10, 10, 10, 10, 10, 1, 1, 10, 10, 10, 10, 10, 10, 10, 10, 10, 1, 10, 10, 10, 2, 10, 10, 3, 3, 10, 10, 10, 10, 10, 10, 10, 10, 10, 10, 10, 10, 10, 4, 2, 4, 10, 1, 10, 10, 10, 10, 10, 10, 10, 10, 10, 10, 10, 10, 10, 1, 10, 10, 10, 10, 10, 10, 3, 10, 10, 10, 10, 11, 3, 10, 10, 10, 10, 10, 10, 10, 10, 10, 10, 10, 10, 10, 
22: 0, 10, 10, 10, 2, 10, 10, 10, 10, 3, 10, 10, 10, 10, 10, 10, 10, 0, 10, 0, 0, 10, 0, 10, 0, 10, 10, 10, 10, 0, 2, 1, 0, 0, 3, 0, 1, 0, 0, 10, 10, 2, 10, 10, 0, 0, 0, 1, 10, 0, 0, 10, 10, 4, 8, 10, 0, 10, 0, 0, 0, 10, 10, 10, 2, 10, 2, 10, 10, 1, 0, 10, 4, 10, 10, 0, 10, 0, 4, 10, 10, 0, 10, 10, 10, 0, 0, 0, 0, 0, 1, 10, 0, 0, 10, 10, 10, 10, 10, 10, 10, 0, 2, 1, 10, 10, 10, 10, 0, 10, 0, 10, 10, 10, 10, 10, 0, 0, 10, 0, 0, 3, 10, 10, 7, 10, 10, 10, 10, 0, 8, 0, 2, 10, 4, 0, 0, 0, 4, 0, 0, 10, 0, 10, 10, 0, 0, 0, 0, 10, 0, 0, 0, 7, 0, 0, 0, 0, 0, 1, 10, 0, 4, 0, 10, 0, 10, 0, 0, 0, 10, 0, 0, 0, 3, 0, 10, 0, 10, 10, 10, 0, 10, 0, 4, 10, 10, 1, 10, 10, 10, 0, 0, 10, 4, 0, 10, 10, 0, 0, : 10, 10, 10, 2, 10, 10, 10, 10, 3, 10, 10, 10, 10, 10, 10, 10, 10, 10, 10, 10, 10, 10, 10, 2, 1, 3, 1, 10, 10, 2, 10, 10, 1, 10, 10, 10, 4, 8, 10, 10, 10, 10, 10, 2, 10, 2, 10, 10, 1, 10, 4, 10, 10, 10, 4, 10, 10, 10, 10, 10, 1, 10, 10, 10, 10, 10, 10, 10, 10, 2, 1, 10, 10, 10, 10, 10, 10, 10, 10, 10, 10, 10, 3, 10, 10, 7, 10, 10, 10, 10, 8, 2, 10, 4, 4, 10, 10, 10, 10, 7, 1, 10, 4, 10, 10, 10, 3, 10, 10, 10, 10, 10, 4, 10, 10, 1, 10, 10, 10, 10, 4, 10, 10, 
2: 0, 0, 0, 4, 10, 10, 10, 10, 10, 10, 0, 10, 10, 0, 10, 1, 0, 10, 0, 10, 1, 0, 2, 10, 10, 0, 2, 10, 0, 10, 0, 10, 10, 10, 10, 0, 10, 0, 10, 10, 1, 10, 0, 2, 4, 10, 0, 10, 0, 0, 10, 10, 0, 0, 10, 10, 6, 10, 0, 4, 10, 10, 0, 0, 0, 0, 0, 0, 10, 1, 10, 10, 10, 0, 10, 3, 0, 10, 10, 10, 0, 10, 0, 10, 1, 10, 14, 0, 1, 10, 0, 1, 10, 0, 0, 0, 0, 0, 0, 10, 10, 1, 10, 10, 0, 9, 5, 10, 10, 1, 4, 0, 10, 0, 10, 10, 0, 4, 10, 10, 1, 0, 0, 10, 0, 0, 10, 0, 0, 10, 10, 0, 10, 10, 0, 10, 10, 10, 0, 0, 10, 0, 1, 0, 5, 10, 0, 2, 10, 0, 4, 11, 1, 1, 0, 4, 10, 0, 0, 10, 11, 10, 3, 10, 10, 0, 10, 10, 10, 0, 0, 0, 10, 10, 10, 10, 0, 0, 10, 10, 10, 0, 0, 0, 0, 1, 10, 0, 0, 1, 0, 0, 10, 10, 1, 0, 10, 10, 0, 1, : 4, 10, 10, 10, 10, 10, 10, 10, 10, 10, 1, 10, 10, 1, 2, 10, 10, 2, 10, 10, 10, 10, 10, 10, 10, 10, 10, 1, 10, 2, 4, 10, 10, 10, 10, 10, 10, 6, 10, 4, 10, 10, 10, 1, 10, 10, 10, 10, 3, 10, 10, 10, 10, 10, 1, 10, 14, 1, 10, 1, 10, 10, 10, 1, 10, 10, 9, 5, 10, 10, 1, 4, 10, 10, 10, 4, 10, 10, 1, 10, 10, 10, 10, 10, 10, 10, 10, 10, 10, 1, 5, 10, 2, 10, 4, 11, 1, 1, 4, 10, 10, 11, 10, 3, 10, 10, 10, 10, 10, 10, 10, 10, 10, 10, 10, 10, 1, 10, 1, 10, 10, 1, 10, 10, 1, 
38: 1, 0, 10, 0, 0, 10, 0, 10, 0, 10, 0, 0, 0, 10, 0, 0, 5, 0, 0, 1, 0, 0, 0, 0, 0, 6, 10, 10, 10, 0, 10, 0, 10, 10, 0, 0, 0, 2, 10, 1, 10, 0, 10, 10, 0, 6, 1, 0, 10, 10, 4, 10, 0, 10, 0, 0, 10, 10, 5, 10, 0, 4, 0, 0, 0, 0, 10, 10, 0, 1, 0, 0, 10, 0, 10, 10, 10, 1, 10, 0, 4, 1, 10, 10, 0, 0, 10, 10, 0, 0, 0, 0, 0, 13, 2, 10, 1, 10, 0, 10, 2, 0, 10, 10, 10, 10, 0, 0, 10, 10, 10, 0, 10, 2, 0, 10, 1, 10, 0, 0, 0, 0, 10, 0, 2, 0, 0, 10, 0, 0, 10, 10, 0, 10, 0, 0, 1, 10, 0, 10, 10, 0, 10, 0, 0, 6, 10, 0, 0, 0, 8, 0, 0, 10, 10, 0, 0, 0, 10, 10, 0, 10, 0, 10, 0, 10, 0, 10, 0, 0, 0, 0, 0, 0, 10, 10, 0, 10, 5, 0, 0, 10, 0, 0, 1, 10, 10, 1, 10, 0, 10, 0, 10, 0, 10, 10, 0, 0, 0, 0, : 1, 10, 10, 10, 10, 10, 5, 1, 6, 10, 10, 10, 10, 10, 10, 2, 10, 1, 10, 10, 10, 6, 1, 10, 10, 4, 10, 10, 10, 10, 5, 10, 4, 10, 10, 1, 10, 10, 10, 10, 1, 10, 4, 1, 10, 10, 10, 10, 13, 2, 10, 1, 10, 10, 2, 10, 10, 10, 10, 10, 10, 10, 10, 2, 10, 1, 10, 10, 2, 10, 10, 10, 10, 1, 10, 10, 10, 10, 6, 10, 8, 10, 10, 10, 10, 10, 10, 10, 10, 10, 10, 10, 5, 10, 1, 10, 10, 1, 10, 10, 10, 10, 10, 
34: 0, 0, 0, 0, 10, 0, 10, 10, 0, 10, 10, 10, 10, 3, 0, 10, 0, 10, 0, 10, 0, 10, 10, 0, 0, 10, 0, 10, 0, 10, 0, 0, 10, 10, 0, 10, 0, 0, 10, 0, 2, 0, 10, 0, 10, 0, 16, 10, 10, 10, 0, 3, 10, 0, 7, 10, 10, 2, 0, 10, 10, 0, 10, 0, 0, 0, 10, 0, 0, 10, 10, 10, 0, 0, 0, 10, 0, 10, 10, 10, 0, 4, 1, 10, 0, 0, 0, 0, 10, 10, 10, 0, 0, 2, 10, 0, 0, 10, 0, 10, 10, 10, 0, 0, 10, 0, 0, 0, 0, 0, 0, 0, 0, 10, 3, 10, 2, 7, 10, 10, 10, 10, 10, 0, 0, 0, 10, 10, 10, 10, 10, 1, 10, 0, 0, 0, 0, 0, 10, 0, 0, 2, 10, 0, 0, 0, 10, 0, 10, 10, 0, 0, 0, 0, 10, 10, 4, 10, 0, 10, 10, 10, 13, 10, 10, 10, 10, 10, 0, 0, 10, 0, 0, 10, 0, 0, 0, 10, 0, 0, 10, 0, 0, 10, 10, 0, 0, 0, 0, 10, 10, 10, 10, 10, 10, 10, 0, 10, 10, 0, : 10, 10, 10, 10, 10, 10, 10, 3, 10, 10, 10, 10, 10, 10, 10, 10, 10, 10, 10, 10, 2, 10, 10, 16, 10, 10, 10, 3, 10, 7, 10, 10, 2, 10, 10, 10, 10, 10, 10, 10, 10, 10, 10, 10, 4, 1, 10, 10, 10, 10, 2, 10, 10, 10, 10, 10, 10, 10, 3, 10, 2, 7, 10, 10, 10, 10, 10, 10, 10, 10, 10, 10, 1, 10, 10, 2, 10, 10, 10, 10, 10, 10, 4, 10, 10, 10, 10, 13, 10, 10, 10, 10, 10, 10, 10, 10, 10, 10, 10, 10, 10, 10, 10, 10, 10, 10, 10, 10, 
21: 10, 0, 0, 0, 0, 0, 0, 0, 10, 1, 0, 10, 0, 0, 0, 0, 10, 10, 10, 10, 6, 0, 10, 2, 0, 0, 2, 0, 0, 10, 0, 0, 0, 10, 0, 0, 0, 10, 10, 0, 0, 10, 10, 0, 20, 10, 7, 0, 0, 0, 0, 0, 10, 10, 0, 10, 5, 10, 0, 0, 10, 0, 0, 0, 0, 10, 1, 0, 0, 0, 10, 10, 0, 0, 0, 0, 10, 10, 0, 3, 10, 10, 10, 0, 10, 10, 10, 10, 0, 0, 1, 0, 10, 0, 0, 2, 0, 10, 0, 10, 0, 10, 0, 10, 10, 10, 15, 0, 10, 0, 10, 10, 0, 10, 10, 10, 10, 10, 0, 1, 0, 10, 1, 0, 0, 10, 0, 10, 0, 10, 10, 10, 10, 0, 0, 0, 0, 0, 10, 0, 10, 10, 0, 2, 10, 0, 2, 0, 10, 0, 10, 10, 0, 10, 0, 0, 10, 4, 10, 10, 10, 0, 5, 10, 10, 10, 10, 1, 0, 0, 15, 0, 0, 10, 2, 0, 0, 0, 10, 0, 0, 10, 10, 5, 0, 0, 0, 10, 0, 0, 0, 0, 10, 0, 0, 4, 10, 0, 10, 10, : 10, 10, 1, 10, 10, 10, 10, 10, 6, 10, 2, 2, 10, 10, 10, 10, 10, 10, 20, 10, 7, 10, 10, 10, 5, 10, 10, 10, 1, 10, 10, 10, 10, 3, 10, 10, 10, 10, 10, 10, 10, 1, 10, 2, 10, 10, 10, 10, 10, 10, 15, 10, 10, 10, 10, 10, 10, 10, 10, 1, 10, 1, 10, 10, 10, 10, 10, 10, 10, 10, 10, 2, 10, 2, 10, 10, 10, 10, 10, 4, 10, 10, 10, 5, 10, 10, 10, 10, 1, 15, 10, 2, 10, 10, 10, 5, 10, 10, 4, 10, 10, 10, 
12: 10, 10, 10, 10, 10, 0, 10, 5, 1, 0, 0, 0, 0, 10, 10, 2, 10, 0, 0, 10, 10, 0, 10, 0, 17, 0, 1, 0, 0, 10, 0, 0, 0, 0, 10, 0, 0, 10, 4, 10, 0, 10, 0, 10, 1, 0, 10, 10, 0, 0, 0, 0, 10, 10, 0, 0, 0, 0, 10, 0, 0, 10, 10, 0, 11, 1, 10, 10, 0, 10, 10, 10, 0, 10, 0, 0, 10, 0, 0, 10, 0, 0, 10, 3, 0, 0, 10, 0, 10, 0, 0, 10, 10, 10, 0, 0, 10, 10, 10, 0, 10, 0, 0, 10, 0, 0, 10, 0, 0, 0, 0, 0, 2, 2, 10, 0, 0, 0, 0, 0, 0, 0, 0, 10, 1, 0, 2, 0, 10, 10, 4, 10, 0, 0, 0, 0, 0, 0, 10, 10, 0, 10, 0, 10, 0, 10, 10, 0, 10, 10, 10, 10, 0, 10, 0, 0, 0, 10, 10, 0, 10, 0, 0, 0, 10, 0, 1, 10, 0, 10, 10, 10, 0, 10, 0, 0, 10, 0, 0, 10, 10, 0, 10, 10, 10, 10, 2, 10, 0, 0, 0, 10, 10, 0, 10, 10, 4, 5, 10, 0, : 10, 10, 10, 10, 10, 10, 5, 1, 10, 10, 2, 10, 10, 10, 10, 17, 1, 10, 10, 10, 4, 10, 10, 10, 1, 10, 10, 10, 10, 10, 10, 10, 11, 1, 10, 10, 10, 10, 10, 10, 10, 10, 10, 3, 10, 10, 10, 10, 10, 10, 10, 10, 10, 10, 10, 2, 2, 10, 10, 1, 2, 10, 10, 4, 10, 10, 10, 10, 10, 10, 10, 10, 10, 10, 10, 10, 10, 10, 10, 10, 1, 10, 10, 10, 10, 10, 10, 10, 10, 10, 10, 10, 10, 2, 10, 10, 10, 10, 10, 4, 5, 10, 
23: 0, 10, 10, 10, 10, 10, 0, 0, 0, 0, 10, 10, 1, 0, 2, 0, 10, 10, 4, 0, 10, 0, 10, 0, 10, 2, 0, 0, 10, 10, 10, 10, 2, 0, 0, 10, 0, 1, 10, 10, 0, 0, 10, 0, 16, 0, 10, 10, 0, 10, 0, 0, 1, 10, 0, 0, 0, 0, 0, 0, 10, 0, 0, 0, 10, 10, 1, 10, 0, 10, 0, 0, 0, 0, 3, 0, 10, 10, 0, 10, 0, 0, 0, 0, 18, 0, 1, 0, 10, 10, 0, 5, 5, 0, 10, 10, 1, 0, 0, 0, 1, 0, 0, 10, 0, 10, 10, 10, 2, 0, 0, 10, 10, 0, 0, 0, 0, 1, 0, 10, 10, 0, 10, 10, 0, 10, 0, 10, 10, 0, 0, 0, 10, 0, 8, 10, 10, 10, 10, 1, 0, 0, 10, 3, 0, 5, 10, 0, 0, 0, 10, 10, 10, 0, 10, 10, 10, 0, 1, 0, 0, 10, 10, 10, 10, 0, 0, 0, 10, 16, 0, 10, 10, 0, 0, 3, 10, 10, 0, 10, 0, 10, 0, 0, 0, 0, 10, 10, 0, 0, 0, 10, 0, 10, 0, 10, 0, 0, 0, 1, : 10, 10, 10, 10, 10, 10, 10, 1, 2, 10, 10, 4, 10, 10, 10, 2, 10, 10, 10, 10, 2, 10, 1, 10, 10, 10, 16, 10, 10, 10, 1, 10, 10, 10, 10, 1, 10, 10, 3, 10, 10, 10, 18, 1, 10, 10, 5, 5, 10, 10, 1, 1, 10, 10, 10, 10, 2, 10, 10, 1, 10, 10, 10, 10, 10, 10, 10, 10, 8, 10, 10, 10, 10, 1, 10, 3, 5, 10, 10, 10, 10, 10, 10, 10, 1, 10, 10, 10, 10, 10, 16, 10, 10, 3, 10, 10, 10, 10, 10, 10, 10, 10, 10, 1, 
8: 10, 13, 0, 10, 10, 10, 10, 0, 0, 0, 0, 10, 0, 6, 3, 0, 0, 0, 1, 5, 0, 10, 1, 10, 10, 0, 0, 10, 0, 0, 0, 0, 0, 10, 10, 10, 0, 0, 10, 0, 0, 10, 10, 0, 0, 10, 10, 0, 0, 10, 10, 10, 0, 0, 10, 18, 10, 0, 10, 0, 0, 0, 10, 10, 0, 1, 10, 2, 0, 10, 0, 1, 0, 10, 2, 10, 0, 1, 10, 0, 0, 1, 10, 0, 0, 10, 0, 0, 4, 0, 10, 0, 0, 0, 0, 5, 0, 10, 10, 10, 0, 10, 0, 10, 10, 0, 0, 1, 0, 0, 0, 10, 0, 10, 0, 0, 0, 0, 10, 10, 10, 0, 10, 10, 10, 10, 10, 10, 1, 0, 0, 10, 1, 0, 10, 10, 10, 10, 0, 0, 0, 3, 0, 10, 10, 10, 0, 10, 2, 12, 10, 0, 0, 0, 0, 0, 0, 10, 0, 0, 2, 0, 10, 10, 10, 1, 10, 10, 10, 0, 4, 0, 10, 0, 10, 10, 0, 10, 10, 0, 2, 10, 10, 0, 0, 10, 0, 0, 10, 1, 10, 0, 0, 10, 0, 10, 0, 0, 0, 0, : 10, 13, 10, 10, 10, 10, 10, 6, 3, 1, 5, 10, 1, 10, 10, 10, 10, 10, 10, 10, 10, 10, 10, 10, 10, 10, 10, 10, 18, 10, 10, 10, 10, 1, 10, 2, 10, 1, 10, 2, 10, 1, 10, 1, 10, 10, 4, 10, 5, 10, 10, 10, 10, 10, 10, 1, 10, 10, 10, 10, 10, 10, 10, 10, 10, 10, 10, 1, 10, 1, 10, 10, 10, 10, 3, 10, 10, 10, 10, 2, 12, 10, 10, 2, 10, 10, 10, 1, 10, 10, 10, 4, 10, 10, 10, 10, 10, 2, 10, 10, 10, 10, 1, 10, 10, 10, 
5: 0, 0, 10, 0, 10, 10, 0, 0, 0, 10, 10, 0, 10, 10, 0, 0, 10, 0, 0, 10, 10, 0, 10, 2, 10, 10, 0, 0, 10, 0, 10, 10, 0, 3, 10, 10, 10, 0, 0, 1, 0, 10, 0, 10, 10, 10, 10, 2, 0, 10, 10, 0, 0, 1, 10, 1, 10, 10, 0, 0, 0, 1, 0, 0, 0, 10, 0, 10, 0, 2, 0, 0, 10, 10, 10, 10, 0, 0, 0, 0, 9, 10, 10, 10, 10, 0, 0, 10, 0, 1, 10, 0, 0, 10, 10, 10, 0, 10, 0, 5, 10, 3, 0, 0, 0, 0, 0, 10, 0, 10, 10, 0, 3, 0, 0, 0, 10, 0, 10, 0, 10, 10, 0, 0, 0, 3, 3, 10, 10, 10, 2, 0, 10, 0, 10, 0, 10, 0, 0, 10, 0, 0, 10, 0, 10, 1, 10, 10, 2, 10, 1, 1, 19, 0, 0, 10, 10, 10, 19, 10, 2, 5, 10, 0, 0, 0, 10, 10, 10, 10, 10, 4, 0, 0, 0, 0, 0, 10, 0, 0, 10, 0, 0, 0, 10, 1, 10, 0, 0, 3, 0, 5, 2, 10, 10, 10, 10, 0, 0, 0, : 10, 10, 10, 10, 10, 10, 10, 10, 10, 10, 10, 2, 10, 10, 10, 10, 10, 3, 10, 10, 10, 1, 10, 10, 10, 10, 10, 2, 10, 10, 1, 10, 1, 10, 10, 1, 10, 10, 2, 10, 10, 10, 10, 9, 10, 10, 10, 10, 10, 1, 10, 10, 10, 10, 10, 5, 10, 3, 10, 10, 10, 3, 10, 10, 10, 10, 3, 3, 10, 10, 10, 2, 10, 10, 10, 10, 10, 10, 1, 10, 10, 2, 10, 1, 1, 19, 10, 10, 10, 19, 10, 2, 5, 10, 10, 10, 10, 10, 10, 4, 10, 10, 10, 1, 10, 3, 5, 2, 10, 10, 10, 10, 
25: 10, 0, 0, 10, 10, 0, 10, 0, 0, 0, 0, 0, 10, 10, 10, 10, 10, 10, 0, 0, 10, 3, 0, 10, 10, 10, 10, 2, 10, 10, 0, 0, 0, 12, 10, 10, 10, 10, 10, 10, 1, 6, 0, 0, 0, 0, 10, 0, 0, 11, 1, 10, 0, 0, 0, 4, 0, 10, 10, 10, 4, 10, 10, 10, 10, 0, 1, 10, 10, 2, 10, 10, 10, 1, 0, 10, 10, 10, 0, 0, 10, 0, 0, 1, 0, 10, 10, 10, 10, 10, 10, 10, 10, 10, 3, 7, 10, 1, 10, 0, 10, 10, 3, 0, 0, 2, 0, 0, 10, 15, 10, 20, 10, 0, 10, 10, 10, 10, 0, 10, 1, 10, 0, 1, 10, 1, 0, 10, 0, 0, 10, 0, 0, 0, 10, 0, 0, 0, 10, 0, 0, 10, 10, 10, 0, 10, 0, 1, 0, 0, 2, 10, 10, 0, 10, 10, 10, 0, 10, 1, 0, 10, 0, 10, 2, 10, 0, 0, 12, 10, 0, 10, 10, 0, 10, 10, 0, 10, 0, 0, 0, 1, 0, 10, 0, 0, 2, 10, 10, 0, 10, 0, 10, 0, 0, 1, 10, 0, 14, 10, : 10, 10, 10, 10, 10, 10, 10, 10, 10, 10, 10, 3, 10, 10, 10, 10, 2, 10, 10, 12, 10, 10, 10, 10, 10, 10, 1, 6, 10, 11, 1, 10, 4, 10, 10, 10, 4, 10, 10, 10, 10, 1, 10, 10, 2, 10, 10, 10, 1, 10, 10, 10, 10, 1, 10, 10, 10, 10, 10, 10, 10, 10, 10, 3, 7, 10, 1, 10, 10, 10, 3, 2, 10, 15, 10, 20, 10, 10, 10, 10, 10, 10, 1, 10, 1, 10, 1, 10, 10, 10, 10, 10, 10, 10, 10, 1, 2, 10, 10, 10, 10, 10, 10, 1, 10, 10, 2, 10, 12, 10, 10, 10, 10, 10, 10, 1, 10, 2, 10, 10, 10, 10, 1, 10, 14, 10, 
10: 10, 0, 0, 0, 0, 0, 4, 0, 0, 0, 5, 10, 10, 0, 10, 10, 10, 1, 0, 10, 0, 0, 10, 10, 0, 0, 10, 10, 5, 0, 10, 10, 3, 0, 10, 10, 10, 10, 0, 0, 0, 0, 0, 10, 10, 10, 0, 10, 10, 10, 10, 2, 10, 10, 0, 10, 2, 0, 10, 10, 10, 10, 0, 0, 10, 10, 10, 1, 0, 0, 0, 0, 0, 0, 0, 10, 0, 1, 0, 0, 2, 0, 1, 10, 0, 10, 10, 10, 19, 0, 0, 0, 0, 10, 10, 10, 10, 0, 0, 0, 0, 10, 10, 0, 0, 0, 0, 10, 10, 10, 0, 0, 10, 0, 10, 1, 1, 10, 10, 0, 1, 0, 0, 0, 0, 10, 10, 1, 10, 0, 0, 0, 10, 10, 3, 0, 10, 5, 0, 10, 10, 10, 10, 10, 10, 10, 0, 0, 0, 10, 10, 10, 1, 10, 0, 10, 0, 0, 0, 10, 10, 10, 10, 2, 10, 10, 0, 0, 0, 0, 0, 10, 10, 10, 0, 10, 0, 0, 10, 0, 10, 0, 10, 10, 10, 0, 10, 0, 10, 0, 5, 10, 10, 10, 0, 0, 10, 0, 10, 0, : 10, 4, 5, 10, 10, 10, 10, 10, 1, 10, 10, 10, 10, 10, 5, 10, 10, 3, 10, 10, 10, 10, 10, 10, 10, 10, 10, 10, 10, 2, 10, 10, 10, 2, 10, 10, 10, 10, 10, 10, 10, 1, 10, 1, 2, 1, 10, 10, 10, 10, 19, 10, 10, 10, 10, 10, 10, 10, 10, 10, 10, 10, 1, 1, 10, 10, 1, 10, 10, 1, 10, 10, 10, 3, 10, 5, 10, 10, 10, 10, 10, 10, 10, 10, 10, 10, 1, 10, 10, 10, 10, 10, 10, 2, 10, 10, 10, 10, 10, 10, 10, 10, 10, 10, 10, 10, 10, 5, 10, 10, 10, 10, 10, 


24: 10, 1, 0, 10, 10, 10, 10, 0, 0, 10, 0, 3, 10, 0, 0, 1, 0, 10, 10, 10, 10, 10, 10, 0, 0, 10, 0, 3, 0, 10, 0, 10, 10, 10, 10, 3, 10, 0, 0, 10, 5, 10, 1, 10, 0, 12, 10, 1, 0, 0, 10, 10, 10, 0, 0, 10, 10, 1, 0, 3, 17, 10, 0, 10, 0, 2, 0, 1, 0, 0, 5, 0, 10, 10, 0, 0, 10, 0, 10, 0, 10, 1, 10, 0, 0, 0, 8, 0, 10, 0, 10, 10, 0, 0, 0, 0, 0, 0, 0, 10, 1, 10, 2, 0, 10, 10, 10, 0, 10, 10, 0, 10, 10, 10, 10, 10, 10, 10, 10, 10, 0, 10, 10, 10, 0, 10, 0, 7, 0, 0, 0, 1, 10, 0, 0, 10, 10, 10, 10, 10, 0, 4, 2, 0, 10, 0, 1, 0, 6, 1, 10, 10, 0, 1, 10, 0, 0, 0, 1, 1, 10, 10, 0, 0, 0, 10, 2, 10, 10, 10, 10, 0, 10, 0, 10, 10, 0, 0, 0, 10, 2, 0, 10, 10, 10, 10, 10, 0, 10, 0, 0, 10, 0, 10, 2, 0, 0, 0, 3, 0, : 10, 1, 10, 10, 10, 10, 10, 3, 10, 1, 10, 10, 10, 10, 10, 10, 10, 3, 10, 10, 10, 10, 10, 3, 10, 10, 5, 10, 1, 10, 12, 10, 1, 10, 10, 10, 10, 10, 1, 3, 17, 10, 10, 2, 1, 5, 10, 10, 10, 10, 10, 1, 10, 8, 10, 10, 10, 10, 1, 10, 2, 10, 10, 10, 10, 10, 10, 10, 10, 10, 10, 10, 10, 10, 10, 10, 10, 10, 10, 7, 1, 10, 10, 10, 10, 10, 10, 4, 2, 10, 1, 6, 1, 10, 10, 1, 10, 1, 1, 10, 10, 10, 2, 10, 10, 10, 10, 10, 10, 10, 10, 2, 10, 10, 10, 10, 10, 10, 10, 10, 2, 3, 
35: 10, 1, 0, 10, 0, 10, 10, 10, 10, 10, 10, 10, 0, 10, 0, 0, 10, 0, 0, 1, 0, 0, 1, 3, 0, 1, 10, 0, 0, 10, 0, 3, 0, 0, 0, 10, 3, 0, 10, 0, 0, 0, 0, 10, 0, 0, 0, 0, 10, 0, 0, 10, 0, 10, 0, 10, 10, 10, 0, 0, 0, 10, 10, 10, 0, 10, 3, 0, 10, 10, 10, 1, 10, 4, 10, 0, 10, 10, 10, 10, 10, 0, 10, 0, 10, 4, 10, 10, 10, 10, 10, 0, 0, 2, 10, 0, 0, 0, 10, 10, 4, 0, 0, 10, 10, 10, 10, 5, 0, 10, 10, 0, 0, 3, 0, 4, 0, 10, 10, 0, 0, 0, 4, 0, 10, 0, 0, 10, 2, 4, 0, 10, 10, 10, 10, 0, 10, 10, 0, 10, 10, 10, 0, 1, 10, 10, 10, 10, 10, 0, 0, 10, 0, 16, 0, 10, 0, 0, 2, 2, 10, 2, 10, 0, 10, 0, 0, 0, 10, 1, 1, 0, 0, 10, 0, 2, 0, 10, 0, 10, 10, 0, 1, 0, 10, 0, 0, 0, 10, 10, 0, 10, 0, 0, 0, 10, 0, 0, 13, 0, : 10, 1, 10, 10, 10, 10, 10, 10, 10, 10, 10, 10, 1, 1, 3, 1, 10, 10, 3, 10, 3, 10, 10, 10, 10, 10, 10, 10, 10, 10, 10, 10, 10, 3, 10, 10, 10, 1, 10, 4, 10, 10, 10, 10, 10, 10, 10, 10, 4, 10, 10, 10, 10, 10, 2, 10, 10, 10, 4, 10, 10, 10, 10, 5, 10, 10, 3, 4, 10, 10, 4, 10, 10, 2, 4, 10, 10, 10, 10, 10, 10, 10, 10, 10, 1, 10, 10, 10, 10, 10, 10, 16, 10, 2, 2, 10, 2, 10, 10, 10, 1, 1, 10, 2, 10, 10, 10, 1, 10, 10, 10, 10, 10, 13, 
32: 0, 0, 10, 0, 0, 0, 10, 0, 0, 0, 10, 0, 0, 10, 0, 0, 3, 0, 10, 10, 10, 10, 10, 20, 10, 10, 0, 10, 10, 10, 0, 0, 0, 10, 2, 10, 0, 10, 10, 0, 0, 0, 10, 0, 1, 10, 0, 0, 10, 10, 0, 10, 0, 0, 10, 10, 0, 0, 10, 10, 10, 10, 4, 0, 10, 0, 0, 0, 3, 10, 0, 10, 0, 0, 10, 16, 10, 10, 10, 0, 0, 10, 0, 10, 4, 10, 0, 9, 3, 1, 0, 0, 10, 0, 10, 10, 5, 0, 0, 0, 10, 0, 0, 0, 0, 0, 4, 10, 0, 0, 3, 10, 10, 0, 10, 0, 0, 10, 0, 0, 0, 10, 10, 10, 10, 0, 10, 10, 0, 10, 10, 10, 0, 0, 10, 10, 10, 0, 0, 0, 10, 0, 10, 10, 10, 0, 0, 0, 0, 0, 0, 10, 0, 0, 0, 10, 0, 0, 10, 10, 10, 10, 10, 10, 10, 10, 10, 0, 0, 0, 2, 10, 10, 0, 10, 10, 10, 10, 0, 0, 0, 10, 10, 0, 10, 0, 10, 10, 0, 0, 0, 10, 10, 10, 10, 10, 1, 10, 0, 5, : 10, 10, 10, 10, 3, 10, 10, 10, 10, 10, 20, 10, 10, 10, 10, 10, 10, 2, 10, 10, 10, 10, 1, 10, 10, 10, 10, 10, 10, 10, 10, 10, 10, 4, 10, 3, 10, 10, 10, 16, 10, 10, 10, 10, 10, 4, 10, 9, 3, 1, 10, 10, 10, 5, 10, 4, 10, 3, 10, 10, 10, 10, 10, 10, 10, 10, 10, 10, 10, 10, 10, 10, 10, 10, 10, 10, 10, 10, 10, 10, 10, 10, 10, 10, 10, 10, 10, 10, 10, 2, 10, 10, 10, 10, 10, 10, 10, 10, 10, 10, 10, 10, 10, 10, 10, 10, 1, 10, 5, 
7: 10, 10, 10, 5, 0, 10, 0, 10, 0, 10, 0, 0, 0, 0, 0, 0, 0, 0, 10, 1, 2, 0, 0, 10, 0, 0, 0, 10, 10, 0, 10, 0, 10, 0, 2, 0, 10, 0, 2, 0, 10, 10, 1, 0, 4, 0, 10, 5, 4, 10, 0, 10, 1, 0, 0, 4, 4, 0, 10, 10, 0, 3, 2, 4, 10, 10, 10, 10, 1, 0, 10, 0, 10, 1, 0, 10, 10, 0, 0, 0, 0, 10, 0, 1, 0, 0, 10, 0, 10, 10, 2, 10, 10, 3, 10, 1, 10, 10, 2, 10, 10, 0, 10, 0, 10, 1, 10, 0, 16, 0, 0, 10, 10, 10, 0, 0, 1, 10, 0, 5, 2, 0, 10, 0, 0, 10, 10, 10, 0, 0, 0, 10, 10, 10, 0, 10, 0, 10, 10, 2, 10, 10, 0, 10, 10, 1, 10, 0, 0, 10, 3, 0, 0, 10, 0, 0, 10, 0, 10, 10, 10, 0, 0, 10, 10, 0, 0, 10, 10, 10, 0, 0, 0, 18, 0, 0, 0, 0, 0, 0, 0, 0, 0, 0, 0, 2, 10, 10, 0, 10, 0, 0, 0, 10, 0, 10, 10, 2, 1, 10, : 10, 10, 10, 5, 10, 10, 10, 10, 1, 2, 10, 10, 10, 10, 10, 2, 10, 2, 10, 10, 1, 4, 10, 5, 4, 10, 10, 1, 4, 4, 10, 10, 3, 2, 4, 10, 10, 10, 10, 1, 10, 10, 1, 10, 10, 10, 1, 10, 10, 10, 2, 10, 10, 3, 10, 1, 10, 10, 2, 10, 10, 10, 10, 1, 10, 16, 10, 10, 10, 1, 10, 5, 2, 10, 10, 10, 10, 10, 10, 10, 10, 10, 10, 2, 10, 10, 10, 10, 1, 10, 10, 3, 10, 10, 10, 10, 10, 10, 10, 10, 10, 10, 18, 2, 10, 10, 10, 10, 10, 10, 2, 1, 10, 
11: 0, 18, 10, 0, 10, 0, 0, 10, 10, 10, 10, 0, 10, 10, 0, 10, 10, 3, 10, 0, 0, 0, 10, 0, 0, 10, 10, 0, 0, 1, 0, 0, 10, 10, 0, 0, 10, 10, 0, 0, 10, 0, 0, 10, 10, 0, 10, 0, 10, 10, 0, 10, 10, 0, 0, 0, 0, 10, 10, 2, 0, 0, 1, 10, 0, 10, 2, 10, 10, 0, 10, 10, 0, 0, 10, 0, 0, 10, 0, 3, 10, 10, 10, 10, 0, 10, 10, 0, 1, 1, 0, 10, 0, 10, 0, 0, 10, 0, 0, 10, 10, 10, 1, 10, 3, 11, 10, 10, 0, 10, 5, 0, 0, 0, 10, 10, 3, 10, 0, 10, 0, 9, 0, 0, 0, 10, 1, 0, 10, 0, 0, 10, 10, 0, 10, 10, 2, 10, 0, 0, 0, 0, 0, 19, 0, 0, 10, 10, 0, 0, 0, 10, 0, 0, 10, 3, 0, 0, 0, 0, 0, 10, 1, 10, 0, 10, 3, 0, 10, 0, 0, 10, 9, 0, 0, 0, 11, 0, 10, 10, 0, 10, 0, 1, 2, 10, 10, 10, 0, 0, 10, 0, 10, 10, 0, 0, 0, 10, 0, 0, : 18, 10, 10, 10, 10, 10, 10, 10, 10, 10, 10, 3, 10, 10, 10, 10, 1, 10, 10, 10, 10, 10, 10, 10, 10, 10, 10, 10, 10, 10, 10, 2, 1, 10, 10, 2, 10, 10, 10, 10, 10, 10, 3, 10, 10, 10, 10, 10, 10, 1, 1, 10, 10, 10, 10, 10, 10, 1, 10, 3, 11, 10, 10, 10, 5, 10, 10, 3, 10, 10, 9, 10, 1, 10, 10, 10, 10, 10, 2, 10, 19, 10, 10, 10, 10, 3, 10, 1, 10, 10, 3, 10, 10, 9, 11, 10, 10, 10, 1, 2, 10, 10, 10, 10, 10, 10, 10, 
15: 10, 10, 10, 10, 10, 2, 0, 0, 0, 0, 3, 10, 10, 0, 10, 0, 10, 2, 10, 10, 0, 10, 10, 0, 0, 3, 0, 0, 3, 0, 10, 0, 0, 2, 10, 0, 10, 0, 0, 6, 10, 10, 10, 0, 10, 10, 12, 10, 0, 10, 0, 0, 11, 10, 0, 10, 10, 0, 0, 10, 10, 10, 0, 0, 0, 10, 0, 1, 0, 10, 0, 10, 0, 0, 0, 10, 0, 10, 5, 10, 9, 10, 0, 6, 10, 0, 0, 0, 0, 10, 0, 0, 0, 0, 10, 2, 10, 10, 0, 0, 0, 0, 10, 0, 10, 0, 0, 10, 0, 10, 0, 10, 6, 0, 5, 0, 10, 0, 10, 10, 10, 10, 10, 0, 1, 4, 0, 3, 10, 10, 10, 0, 0, 10, 0, 3, 10, 0, 0, 10, 0, 0, 10, 10, 2, 10, 10, 17, 0, 0, 10, 0, 0, 0, 0, 1, 10, 10, 0, 0, 0, 0, 10, 0, 10, 0, 0, 10, 5, 0, 10, 0, 0, 0, 10, 10, 10, 1, 10, 0, 10, 0, 10, 10, 0, 1, 0, 10, 1, 10, 10, 0, 0, 0, 10, 0, 10, 10, 5, 10, : 10, 10, 10, 10, 10, 2, 3, 10, 10, 10, 10, 2, 10, 10, 10, 10, 3, 3, 10, 2, 10, 10, 6, 10, 10, 10, 10, 10, 12, 10, 10, 11, 10, 10, 10, 10, 10, 10, 10, 1, 10, 10, 10, 10, 5, 10, 9, 10, 6, 10, 10, 10, 2, 10, 10, 10, 10, 10, 10, 10, 6, 5, 10, 10, 10, 10, 10, 10, 1, 4, 3, 10, 10, 10, 10, 3, 10, 10, 10, 10, 2, 10, 10, 17, 10, 1, 10, 10, 10, 10, 10, 5, 10, 10, 10, 10, 1, 10, 10, 10, 10, 1, 10, 1, 10, 10, 10, 10, 10, 5, 10, 
4: 0, 10, 10, 10, 2, 0, 10, 10, 10, 0, 10, 10, 10, 0, 0, 10, 10, 10, 0, 0, 10, 0, 0, 0, 0, 10, 0, 0, 0, 2, 0, 10, 10, 10, 10, 10, 0, 3, 10, 10, 0, 4, 2, 10, 0, 0, 0, 0, 10, 0, 0, 5, 0, 10, 0, 0, 0, 0, 10, 0, 8, 0, 6, 1, 10, 10, 0, 0, 10, 0, 0, 0, 0, 10, 10, 0, 10, 0, 0, 0, 7, 10, 5, 10, 10, 10, 10, 10, 0, 2, 10, 0, 10, 0, 0, 0, 0, 10, 10, 5, 10, 2, 1, 10, 10, 10, 0, 6, 10, 10, 0, 0, 10, 8, 0, 10, 10, 0, 10, 1, 0, 0, 10, 1, 10, 10, 2, 0, 0, 0, 10, 0, 0, 0, 0, 0, 0, 0, 2, 0, 10, 10, 1, 0, 10, 10, 0, 0, 10, 3, 10, 0, 3, 10, 10, 0, 1, 4, 0, 0, 0, 0, 0, 10, 0, 0, 10, 10, 0, 0, 10, 0, 10, 0, 10, 0, 0, 0, 0, 10, 0, 0, 0, 1, 0, 10, 0, 4, 0, 0, 5, 10, 0, 10, 10, 0, 0, 0, 0, 0, : 10, 10, 10, 2, 10, 10, 10, 10, 10, 10, 10, 10, 10, 10, 10, 2, 10, 10, 10, 10, 10, 3, 10, 10, 4, 2, 10, 10, 5, 10, 10, 8, 6, 1, 10, 10, 10, 10, 10, 10, 7, 10, 5, 10, 10, 10, 10, 10, 2, 10, 10, 10, 10, 5, 10, 2, 1, 10, 10, 10, 6, 10, 10, 10, 8, 10, 10, 10, 1, 10, 1, 10, 10, 2, 10, 2, 10, 10, 1, 10, 10, 10, 3, 10, 3, 10, 10, 1, 4, 10, 10, 10, 10, 10, 10, 10, 1, 10, 4, 5, 10, 10, 10, 
9: 0, 10, 10, 10, 0, 10, 0, 0, 0, 10, 0, 0, 0, 0, 10, 10, 0, 10, 10, 10, 0, 0, 0, 10, 10, 0, 10, 0, 7, 11, 2, 0, 0, 10, 10, 0, 10, 0, 10, 10, 10, 10, 10, 10, 10, 2, 0, 10, 10, 0, 0, 0, 0, 3, 0, 10, 0, 10, 0, 10, 10, 0, 10, 10, 0, 0, 10, 10, 0, 0, 0, 0, 10, 10, 10, 0, 0, 0, 0, 0, 19, 0, 0, 0, 10, 0, 0, 10, 0, 0, 10, 10, 1, 0, 10, 10, 10, 3, 0, 10, 10, 2, 0, 0, 1, 1, 0, 1, 0, 0, 10, 0, 0, 10, 0, 10, 10, 0, 0, 0, 0, 10, 0, 0, 10, 1, 10, 0, 0, 10, 0, 10, 10, 10, 0, 0, 0, 0, 3, 1, 0, 0, 0, 0, 10, 4, 0, 0, 0, 0, 18, 10, 0, 10, 0, 10, 10, 10, 10, 0, 10, 0, 10, 10, 0, 10, 0, 0, 10, 10, 1, 0, 10, 10, 0, 10, 0, 5, 10, 0, 1, 16, 5, 0, 2, 0, 1, 10, 0, 0, 0, 0, 0, 1, 0, 10, 10, 10, 0, 10, : 10, 10, 10, 10, 10, 10, 10, 10, 10, 10, 10, 10, 10, 7, 11, 2, 10, 10, 10, 10, 10, 10, 10, 10, 10, 10, 2, 10, 10, 3, 10, 10, 10, 10, 10, 10, 10, 10, 10, 10, 10, 19, 10, 10, 10, 10, 1, 10, 10, 10, 3, 10, 10, 2, 1, 1, 1, 10, 10, 10, 10, 10, 10, 1, 10, 10, 10, 10, 10, 3, 1, 10, 4, 18, 10, 10, 10, 10, 10, 10, 10, 10, 10, 10, 10, 10, 1, 10, 10, 10, 5, 10, 1, 16, 5, 2, 1, 10, 1, 10, 10, 10, 10, 
39: 10, 2, 0, 0, 0, 0, 0, 10, 0, 10, 10, 0, 0, 10, 10, 10, 10, 10, 0, 1, 2, 0, 0, 0, 1, 10, 0, 10, 12, 10, 0, 10, 0, 0, 10, 10, 0, 0, 10, 10, 0, 10, 0, 0, 0, 20, 0, 0, 10, 0, 10, 0, 10, 10, 10, 0, 0, 10, 0, 10, 0, 0, 10, 10, 10, 0, 10, 10, 10, 10, 0, 0, 0, 0, 10, 10, 10, 0, 10, 10, 0, 2, 10, 10, 0, 1, 10, 10, 10, 10, 7, 10, 0, 10, 10, 0, 0, 10, 0, 0, 10, 0, 1, 10, 1, 10, 10, 1, 19, 10, 10, 1, 10, 0, 0, 1, 0, 0, 10, 8, 2, 10, 0, 10, 10, 8, 10, 0, 10, 1, 10, 0, 0, 0, 10, 0, 0, 1, 0, 10, 0, 10, 10, 10, 0, 0, 10, 8, 10, 0, 0, 0, 0, 0, 0, 10, 10, 0, 12, 0, 0, 10, 1, 0, 10, 10, 10, 0, 0, 0, 10, 10, 3, 0, 10, 0, 0, 10, 10, 10, 10, 0, 10, 10, 10, 0, 10, 0, 0, 10, 0, 0, 10, 1, 10, 10, 0, 3, 10, 10, : 10, 2, 10, 10, 10, 10, 10, 10, 10, 10, 1, 2, 1, 10, 10, 12, 10, 10, 10, 10, 10, 10, 10, 20, 10, 10, 10, 10, 10, 10, 10, 10, 10, 10, 10, 10, 10, 10, 10, 10, 10, 10, 10, 2, 10, 10, 1, 10, 10, 10, 10, 7, 10, 10, 10, 10, 10, 1, 10, 1, 10, 10, 1, 19, 10, 10, 1, 10, 1, 10, 8, 2, 10, 10, 10, 8, 10, 10, 1, 10, 10, 1, 10, 10, 10, 10, 10, 8, 10, 10, 10, 12, 10, 1, 10, 10, 10, 10, 10, 3, 10, 10, 10, 10, 10, 10, 10, 10, 10, 10, 10, 1, 10, 10, 3, 10, 10, 
37: 1, 0, 0, 0, 10, 10, 10, 1, 0, 10, 10, 10, 10, 10, 0, 0, 0, 10, 0, 0, 0, 9, 10, 0, 10, 10, 10, 10, 3, 0, 10, 10, 10, 10, 0, 2, 0, 0, 10, 0, 0, 0, 10, 0, 0, 0, 0, 10, 1, 10, 0, 0, 10, 10, 4, 0, 10, 10, 10, 0, 0, 10, 10, 0, 10, 10, 0, 0, 0, 10, 10, 10, 0, 0, 0, 7, 0, 5, 10, 10, 0, 0, 10, 1, 10, 10, 4, 0, 0, 10, 0, 0, 0, 1, 10, 10, 10, 0, 13, 10, 0, 0, 10, 0, 0, 10, 0, 0, 2, 5, 10, 0, 0, 10, 10, 0, 0, 0, 10, 10, 1, 10, 0, 0, 1, 10, 0, 10, 10, 10, 1, 0, 0, 10, 14, 0, 0, 1, 10, 2, 10, 10, 0, 0, 0, 10, 1, 0, 10, 10, 10, 0, 10, 7, 10, 0, 10, 0, 0, 10, 10, 0, 10, 0, 10, 4, 0, 10, 10, 0, 0, 0, 10, 0, 0, 0, 10, 10, 0, 10, 10, 10, 10, 0, 10, 10, 0, 1, 0, 0, 10, 10, 10, 0, 0, 3, 0, 0, 10, 0, : 1, 10, 10, 10, 1, 10, 10, 10, 10, 10, 10, 9, 10, 10, 10, 10, 10, 3, 10, 10, 10, 10, 2, 10, 10, 10, 1, 10, 10, 10, 4, 10, 10, 10, 10, 10, 10, 10, 10, 10, 10, 7, 5, 10, 10, 10, 1, 10, 10, 4, 10, 1, 10, 10, 10, 13, 10, 10, 10, 2, 5, 10, 10, 10, 10, 10, 1, 10, 1, 10, 10, 10, 10, 1, 10, 14, 1, 10, 2, 10, 10, 10, 1, 10, 10, 10, 10, 7, 10, 10, 10, 10, 10, 10, 4, 10, 10, 10, 10, 10, 10, 10, 10, 10, 10, 10, 1, 10, 10, 10, 3, 10, 
6: 10, 10, 0, 10, 0, 10, 0, 0, 10, 0, 0, 2, 0, 1, 0, 8, 10, 0, 2, 1, 0, 0, 0, 0, 0, 10, 10, 10, 10, 0, 0, 0, 4, 0, 10, 10, 10, 10, 10, 10, 10, 0, 0, 10, 0, 0, 0, 0, 0, 0, 10, 0, 0, 0, 10, 0, 0, 0, 0, 0, 0, 10, 2, 0, 10, 0, 0, 10, 0, 0, 0, 10, 0, 10, 0, 10, 5, 0, 10, 10, 0, 2, 10, 10, 1, 10, 2, 10, 10, 10, 0, 10, 10, 18, 0, 1, 10, 2, 0, 0, 0, 10, 10, 1, 0, 1, 0, 2, 0, 0, 0, 4, 9, 0, 0, 0, 10, 0, 1, 10, 10, 0, 0, 2, 0, 0, 2, 10, 10, 10, 0, 4, 10, 0, 10, 0, 0, 10, 0, 0, 4, 1, 0, 0, 0, 0, 0, 10, 0, 0, 18, 0, 10, 0, 0, 0, 0, 0, 10, 10, 0, 2, 0, 10, 0, 10, 0, 0, 0, 10, 0, 10, 0, 0, 0, 10, 0, 7, 0, 0, 10, 10, 2, 10, 0, 10, 0, 10, 10, 10, 10, 1, 10, 10, 2, 0, 10, 0, 10, 10, : 10, 10, 10, 10, 10, 2, 1, 8, 10, 2, 1, 10, 10, 10, 10, 4, 10, 10, 10, 10, 10, 10, 10, 10, 10, 10, 10, 2, 10, 10, 10, 10, 10, 5, 10, 10, 2, 10, 10, 1, 10, 2, 10, 10, 10, 10, 10, 18, 1, 10, 2, 10, 10, 1, 1, 2, 4, 9, 10, 1, 10, 10, 2, 2, 10, 10, 10, 4, 10, 10, 10, 4, 1, 10, 18, 10, 10, 10, 2, 10, 10, 10, 10, 10, 7, 10, 10, 2, 10, 10, 10, 10, 10, 10, 1, 10, 10, 2, 10, 10, 10, 
26: 10, 0, 1, 10, 3, 0, 0, 4, 0, 0, 0, 10, 0, 0, 10, 0, 0, 0, 0, 10, 10, 0, 0, 8, 0, 0, 0, 10, 0, 0, 10, 1, 0, 10, 0, 10, 10, 0, 0, 0, 0, 0, 10, 10, 10, 0, 10, 0, 0, 2, 1, 0, 0, 0, 0, 0, 10, 0, 0, 10, 0, 0, 0, 0, 0, 10, 0, 10, 0, 10, 10, 10, 10, 0, 1, 0, 0, 0, 10, 10, 0, 10, 10, 0, 0, 10, 0, 15, 0, 10, 0, 14, 1, 0, 10, 10, 0, 0, 10, 0, 10, 10, 0, 0, 0, 0, 0, 0, 10, 0, 10, 10, 0, 0, 0, 10, 10, 5, 0, 1, 10, 0, 0, 10, 10, 10, 0, 0, 0, 0, 10, 10, 1, 10, 1, 10, 0, 0, 0, 10, 0, 10, 10, 10, 3, 10, 10, 10, 0, 10, 0, 10, 10, 0, 10, 1, 10, 10, 0, 0, 2, 10, 10, 0, 0, 0, 0, 10, 10, 4, 0, 10, 10, 7, 0, 10, 10, 2, 0, 10, 0, 0, 10, 0, 1, 10, 10, 10, 10, 10, 0, 10, 0, 10, 0, 0, 10, 10, 10, 10, : 10, 1, 10, 3, 4, 10, 10, 10, 10, 8, 10, 10, 1, 10, 10, 10, 10, 10, 10, 10, 2, 1, 10, 10, 10, 10, 10, 10, 10, 10, 1, 10, 10, 10, 10, 10, 15, 10, 14, 1, 10, 10, 10, 10, 10, 10, 10, 10, 10, 10, 5, 1, 10, 10, 10, 10, 10, 10, 1, 10, 1, 10, 10, 10, 10, 10, 3, 10, 10, 10, 10, 10, 10, 10, 1, 10, 10, 2, 10, 10, 10, 10, 4, 10, 10, 7, 10, 10, 2, 10, 10, 1, 10, 10, 10, 10, 10, 10, 10, 10, 10, 10, 10, 
40: 0, 0, 10, 0, 10, 10, 10, 0, 10, 0, 1, 10, 10, 10, 3, 1, 10, 0, 10, 0, 0, 0, 0, 10, 10, 0, 10, 0, 10, 10, 0, 0, 0, 0, 10, 0, 10, 10, 0, 0, 10, 0, 1, 0, 10, 10, 10, 0, 10, 2, 10, 0, 0, 0, 10, 10, 0, 3, 0, 10, 10, 2, 0, 10, 1, 0, 10, 0, 10, 4, 0, 10, 0, 3, 0, 1, 0, 3, 0, 10, 10, 0, 0, 0, 0, 0, 1, 0, 0, 0, 0, 1, 10, 10, 0, 10, 10, 10, 0, 10, 0, 5, 10, 4, 0, 0, 10, 0, 0, 0, 7, 0, 10, 10, 10, 0, 10, 10, 10, 0, 10, 0, 10, 10, 3, 2, 0, 10, 0, 0, 3, 0, 0, 0, 10, 10, 10, 10, 10, 10, 0, 10, 10, 0, 0, 0, 3, 0, 0, 10, 10, 0, 10, 0, 0, 0, 0, 10, 10, 0, 10, 0, 0, 0, 1, 0, 10, 10, 10, 10, 10, 10, 0, 10, 10, 10, 0, 0, 5, 10, 0, 10, 0, 0, 0, 0, 10, 0, 0, 0, 0, 3, 10, 0, 0, 0, 0, 0, 0, 10, : 10, 10, 10, 10, 10, 1, 10, 10, 10, 3, 1, 10, 10, 10, 10, 10, 10, 10, 10, 10, 10, 10, 1, 10, 10, 10, 10, 2, 10, 10, 10, 3, 10, 10, 2, 10, 1, 10, 10, 4, 10, 3, 1, 3, 10, 10, 1, 1, 10, 10, 10, 10, 10, 10, 5, 10, 4, 10, 7, 10, 10, 10, 10, 10, 10, 10, 10, 10, 3, 2, 10, 3, 10, 10, 10, 10, 10, 10, 10, 10, 3, 10, 10, 10, 10, 10, 10, 1, 10, 10, 10, 10, 10, 10, 10, 10, 10, 5, 10, 10, 10, 3, 10, 10, 
30: 1, 0, 0, 0, 10, 0, 0, 10, 10, 0, 0, 0, 3, 0, 10, 1, 2, 0, 0, 10, 10, 10, 10, 10, 10, 1, 10, 0, 10, 10, 10, 10, 0, 0, 10, 0, 0, 8, 0, 10, 0, 10, 0, 0, 10, 2, 0, 10, 10, 1, 10, 10, 10, 2, 1, 0, 0, 10, 0, 0, 0, 0, 0, 0, 10, 0, 10, 12, 0, 10, 10, 0, 0, 10, 0, 0, 0, 0, 0, 0, 0, 10, 0, 0, 10, 0, 0, 0, 10, 10, 0, 0, 10, 10, 0, 10, 10, 0, 10, 10, 0, 10, 10, 10, 0, 10, 0, 10, 0, 10, 0, 10, 0, 10, 10, 0, 0, 0, 0, 0, 0, 0, 0, 0, 10, 0, 0, 0, 0, 0, 10, 10, 10, 10, 0, 10, 10, 0, 10, 0, 10, 10, 10, 10, 0, 9, 0, 10, 10, 10, 0, 10, 10, 0, 10, 10, 0, 10, 10, 10, 10, 10, 0, 10, 2, 0, 0, 0, 0, 10, 1, 10, 0, 0, 10, 0, 4, 10, 10, 0, 0, 3, 0, 10, 10, 10, 3, 10, 0, 10, 10, 0, 10, 0, 10, 1, 10, 10, 10, 0, : 1, 10, 10, 10, 3, 10, 1, 2, 10, 10, 10, 10, 10, 10, 1, 10, 10, 10, 10, 10, 10, 8, 10, 10, 10, 2, 10, 10, 1, 10, 10, 10, 2, 1, 10, 10, 10, 12, 10, 10, 10, 10, 10, 10, 10, 10, 10, 10, 10, 10, 10, 10, 10, 10, 10, 10, 10, 10, 10, 10, 10, 10, 10, 10, 10, 10, 10, 10, 10, 10, 10, 10, 9, 10, 10, 10, 10, 10, 10, 10, 10, 10, 10, 10, 10, 10, 2, 10, 1, 10, 10, 4, 10, 10, 3, 10, 10, 10, 3, 10, 10, 10, 10, 10, 1, 10, 10, 10, 
18: 0, 10, 10, 10, 10, 2, 0, 0, 0, 10, 0, 10, 10, 10, 2, 4, 0, 0, 3, 10, 1, 10, 10, 0, 3, 0, 0, 10, 0, 10, 10, 1, 10, 0, 0, 0, 10, 6, 10, 10, 0, 10, 10, 10, 10, 10, 10, 10, 0, 10, 10, 10, 0, 0, 10, 10, 10, 10, 10, 8, 0, 0, 10, 10, 0, 10, 10, 0, 10, 0, 0, 10, 10, 10, 10, 1, 10, 10, 10, 0, 0, 0, 0, 0, 0, 0, 10, 0, 10, 1, 10, 10, 2, 0, 10, 10, 0, 10, 0, 10, 0, 10, 10, 10, 10, 10, 10, 10, 6, 0, 0, 0, 0, 3, 0, 10, 10, 0, 2, 0, 10, 1, 1, 10, 0, 0, 10, 0, 0, 10, 10, 10, 0, 0, 0, 10, 0, 10, 10, 10, 0, 0, 10, 4, 10, 10, 0, 10, 10, 9, 6, 0, 10, 10, 10, 0, 10, 10, 0, 0, 0, 1, 0, 0, 10, 1, 10, 0, 0, 0, 10, 10, 3, 10, 0, 2, 0, 0, 10, 10, 0, 10, 5, 20, 0, 0, 0, 0, 14, 0, 0, 10, 0, 2, 10, 10, 8, 10, 0, 0, : 10, 10, 10, 10, 2, 10, 10, 10, 10, 2, 4, 3, 10, 1, 10, 10, 3, 10, 10, 10, 1, 10, 10, 6, 10, 10, 10, 10, 10, 10, 10, 10, 10, 10, 10, 10, 10, 10, 10, 10, 10, 8, 10, 10, 10, 10, 10, 10, 10, 10, 10, 1, 10, 10, 10, 10, 10, 1, 10, 10, 2, 10, 10, 10, 10, 10, 10, 10, 10, 10, 10, 10, 6, 3, 10, 10, 2, 10, 1, 1, 10, 10, 10, 10, 10, 10, 10, 10, 10, 10, 4, 10, 10, 10, 10, 9, 6, 10, 10, 10, 10, 10, 1, 10, 1, 10, 10, 10, 3, 10, 2, 10, 10, 10, 5, 20, 14, 10, 2, 10, 10, 8, 10, 
16: 0, 0, 0, 0, 0, 0, 0, 10, 10, 1, 1, 10, 10, 3, 10, 10, 10, 0, 10, 0, 10, 5, 10, 0, 10, 0, 0, 2, 0, 0, 10, 0, 1, 0, 10, 5, 0, 10, 0, 8, 10, 1, 0, 0, 0, 3, 0, 0, 0, 10, 0, 0, 10, 10, 10, 10, 1, 0, 10, 2, 10, 10, 10, 0, 1, 2, 0, 1, 10, 10, 0, 4, 10, 10, 0, 10, 0, 10, 0, 10, 0, 0, 10, 0, 10, 0, 10, 1, 0, 10, 0, 0, 10, 10, 0, 10, 0, 10, 10, 0, 10, 10, 10, 0, 10, 0, 0, 10, 0, 0, 10, 10, 10, 0, 0, 10, 10, 10, 2, 0, 10, 5, 10, 10, 0, 0, 10, 10, 10, 10, 0, 10, 0, 3, 0, 2, 10, 0, 10, 10, 10, 0, 10, 10, 10, 0, 10, 0, 0, 10, 0, 5, 10, 10, 10, 10, 10, 10, 0, 10, 0, 10, 10, 0, 10, 10, 10, 10, 0, 0, 0, 0, 0, 10, 5, 10, 10, 10, 10, 5, 10, 6, 2, 1, 10, 0, 0, 0, 0, 10, 10, 10, 2, 10, 10, 0, 10, 0, 10, 10, : 10, 10, 1, 1, 10, 10, 3, 10, 10, 10, 10, 10, 5, 10, 10, 2, 10, 1, 10, 5, 10, 8, 10, 1, 3, 10, 10, 10, 10, 10, 1, 10, 2, 10, 10, 10, 1, 2, 1, 10, 10, 4, 10, 10, 10, 10, 10, 10, 10, 10, 1, 10, 10, 10, 10, 10, 10, 10, 10, 10, 10, 10, 10, 10, 10, 10, 10, 10, 2, 10, 5, 10, 10, 10, 10, 10, 10, 10, 3, 2, 10, 10, 10, 10, 10, 10, 10, 10, 10, 5, 10, 10, 10, 10, 10, 10, 10, 10, 10, 10, 10, 10, 10, 10, 5, 10, 10, 10, 10, 5, 10, 6, 2, 1, 10, 10, 10, 10, 2, 10, 10, 10, 10, 10, 
13: 0, 0, 0, 0, 0, 10, 0, 10, 10, 4, 0, 0, 2, 1, 10, 10, 0, 10, 0, 0, 0, 10, 9, 10, 10, 0, 10, 0, 0, 0, 10, 10, 0, 0, 1, 5, 0, 10, 0, 0, 10, 0, 10, 0, 0, 6, 4, 10, 0, 10, 10, 0, 13, 0, 10, 10, 10, 10, 10, 10, 10, 10, 0, 0, 1, 10, 10, 0, 0, 10, 10, 0, 5, 0, 0, 10, 0, 16, 0, 2, 0, 0, 0, 17, 10, 10, 10, 0, 10, 0, 6, 10, 10, 1, 2, 10, 10, 10, 10, 0, 10, 10, 0, 10, 0, 1, 10, 10, 0, 0, 0, 10, 0, 0, 10, 0, 0, 0, 0, 10, 10, 0, 10, 10, 10, 10, 10, 0, 13, 10, 10, 0, 14, 1, 10, 10, 3, 3, 10, 0, 1, 10, 0, 1, 0, 0, 0, 0, 7, 10, 0, 10, 0, 0, 0, 10, 0, 0, 0, 0, 0, 10, 10, 10, 10, 0, 10, 10, 0, 10, 0, 10, 0, 0, 0, 0, 10, 10, 0, 0, 3, 0, 10, 2, 0, 10, 1, 0, 10, 0, 10, 0, 3, 0, 1, 10, 10, 10, 0, 0, : 10, 10, 10, 4, 2, 1, 10, 10, 10, 10, 9, 10, 10, 10, 10, 10, 1, 5, 10, 10, 10, 6, 4, 10, 10, 10, 13, 10, 10, 10, 10, 10, 10, 10, 10, 1, 10, 10, 10, 10, 5, 10, 16, 2, 17, 10, 10, 10, 10, 6, 10, 10, 1, 2, 10, 10, 10, 10, 10, 10, 10, 1, 10, 10, 10, 10, 10, 10, 10, 10, 10, 10, 10, 13, 10, 10, 14, 1, 10, 10, 3, 3, 10, 1, 10, 1, 7, 10, 10, 10, 10, 10, 10, 10, 10, 10, 10, 10, 10, 10, 3, 10, 2, 10, 1, 10, 10, 3, 1, 10, 10, 10, 
19: 10, 3, 3, 0, 0, 0, 6, 0, 10, 10, 10, 0, 0, 10, 10, 10, 10, 10, 0, 1, 10, 10, 0, 2, 10, 10, 4, 10, 0, 10, 3, 10, 10, 10, 0, 10, 0, 10, 0, 0, 0, 0, 10, 0, 10, 10, 0, 19, 10, 10, 10, 10, 0, 10, 0, 1, 0, 0, 10, 0, 0, 10, 10, 0, 2, 0, 0, 10, 1, 0, 10, 10, 0, 7, 10, 10, 10, 10, 0, 10, 0, 0, 0, 0, 0, 10, 0, 10, 10, 0, 10, 0, 1, 0, 1, 0, 0, 0, 10, 0, 0, 5, 0, 10, 10, 0, 1, 10, 10, 0, 10, 0, 0, 10, 0, 0, 1, 0, 10, 0, 10, 10, 0, 10, 10, 0, 0, 10, 10, 10, 10, 0, 10, 1, 0, 0, 0, 10, 0, 10, 10, 0, 0, 0, 0, 10, 10, 0, 2, 0, 0, 10, 2, 10, 0, 0, 4, 1, 0, 10, 3, 0, 0, 10, 0, 10, 10, 0, 0, 10, 10, 0, 10, 0, 10, 1, 10, 10, 0, 0, 19, 10, 0, 10, 10, 2, 10, 0, 10, 5, 0, 10, 10, 10, 10, 10, 0, 0, 0, 10, : 10, 3, 3, 6, 10, 10, 10, 10, 10, 10, 10, 10, 1, 10, 10, 2, 10, 10, 4, 10, 10, 3, 10, 10, 10, 10, 10, 10, 10, 10, 19, 10, 10, 10, 10, 10, 1, 10, 10, 10, 2, 10, 1, 10, 10, 7, 10, 10, 10, 10, 10, 10, 10, 10, 10, 1, 1, 10, 5, 10, 10, 1, 10, 10, 10, 10, 1, 10, 10, 10, 10, 10, 10, 10, 10, 10, 10, 1, 10, 10, 10, 10, 10, 2, 10, 2, 10, 4, 1, 10, 3, 10, 10, 10, 10, 10, 10, 10, 1, 10, 10, 19, 10, 10, 10, 2, 10, 10, 5, 10, 10, 10, 10, 10, 10, 
20: 10, 10, 10, 0, 10, 10, 10, 0, 0, 0, 10, 10, 10, 10, 0, 10, 0, 10, 10, 10, 10, 1, 5, 10, 1, 0, 10, 10, 10, 0, 10, 10, 10, 3, 0, 0, 2, 8, 3, 1, 0, 10, 10, 10, 10, 0, 19, 10, 0, 0, 10, 0, 10, 10, 10, 0, 10, 1, 0, 0, 0, 0, 0, 10, 10, 0, 10, 0, 10, 1, 10, 0, 10, 0, 14, 0, 10, 1, 10, 0, 10, 10, 10, 10, 0, 10, 0, 10, 0, 0, 10, 0, 10, 10, 2, 1, 0, 0, 10, 0, 0, 0, 0, 0, 0, 0, 10, 0, 2, 10, 0, 0, 10, 1, 10, 10, 0, 10, 0, 10, 0, 10, 0, 2, 0, 0, 10, 5, 0, 0, 1, 0, 0, 10, 0, 0, 10, 10, 0, 0, 0, 0, 10, 0, 10, 1, 0, 0, 10, 2, 0, 0, 10, 1, 5, 10, 10, 10, 10, 12, 10, 10, 10, 2, 2, 10, 0, 0, 10, 10, 10, 0, 0, 10, 10, 0, 0, 0, 10, 0, 0, 0, 0, 0, 0, 0, 0, 0, 10, 10, 10, 0, 0, 0, 0, 10, 1, 0, 10, 0, : 10, 10, 10, 10, 10, 10, 10, 10, 10, 10, 10, 10, 10, 10, 10, 1, 5, 10, 1, 10, 10, 10, 10, 10, 10, 3, 2, 8, 3, 1, 10, 10, 10, 10, 19, 10, 10, 10, 10, 10, 10, 1, 10, 10, 10, 10, 1, 10, 10, 14, 10, 1, 10, 10, 10, 10, 10, 10, 10, 10, 10, 10, 2, 1, 10, 10, 2, 10, 10, 1, 10, 10, 10, 10, 10, 2, 10, 5, 1, 10, 10, 10, 10, 10, 1, 10, 2, 10, 1, 5, 10, 10, 10, 10, 12, 10, 10, 10, 2, 2, 10, 10, 10, 10, 10, 10, 10, 10, 10, 10, 10, 1, 10, 
36: 3, 0, 1, 10, 10, 1, 19, 10, 5, 0, 10, 0, 0, 0, 10, 0, 0, 10, 0, 10, 10, 10, 0, 2, 10, 10, 1, 0, 10, 1, 0, 10, 10, 10, 0, 10, 0, 0, 10, 10, 10, 10, 0, 5, 0, 0, 0, 0, 0, 0, 4, 10, 0, 10, 10, 0, 10, 10, 5, 0, 10, 0, 10, 10, 10, 1, 10, 10, 10, 0, 0, 0, 10, 10, 0, 0, 0, 0, 0, 0, 10, 10, 0, 10, 10, 0, 0, 0, 1, 0, 10, 0, 0, 10, 0, 0, 0, 10, 0, 0, 0, 1, 10, 10, 10, 10, 0, 0, 10, 10, 10, 10, 0, 10, 10, 10, 0, 10, 10, 10, 10, 0, 10, 0, 0, 10, 10, 0, 10, 0, 0, 0, 0, 10, 10, 0, 10, 0, 10, 0, 10, 0, 2, 0, 0, 10, 10, 10, 10, 10, 0, 0, 10, 10, 10, 10, 0, 10, 10, 10, 0, 0, 3, 3, 0, 0, 10, 5, 0, 0, 10, 5, 10, 10, 0, 10, 10, 0, 10, 0, 10, 0, 10, 10, 10, 10, 10, 10, 10, 0, 10, 1, 10, 1, 10, 1, 5, 10, 3, 0, : 3, 1, 10, 10, 1, 19, 10, 5, 10, 10, 10, 10, 10, 10, 2, 10, 10, 1, 10, 1, 10, 10, 10, 10, 10, 10, 10, 10, 5, 4, 10, 10, 10, 10, 10, 5, 10, 10, 10, 10, 1, 10, 10, 10, 10, 10, 10, 10, 10, 10, 1, 10, 10, 10, 1, 10, 10, 10, 10, 10, 10, 10, 10, 10, 10, 10, 10, 10, 10, 10, 10, 10, 10, 10, 10, 10, 10, 10, 10, 2, 10, 10, 10, 10, 10, 10, 10, 10, 10, 10, 10, 10, 3, 3, 10, 5, 10, 5, 10, 10, 10, 10, 10, 10, 10, 10, 10, 10, 10, 10, 10, 10, 1, 10, 1, 10, 1, 5, 10, 3, 


