
20
200
95
10

100: 10, 10, 0, 0, 10, 0, 10, 0, 10, 10, 10, 10, 1, 10, 10, 10, 10, 10, 0, 10, : 10, 10, 10, 10, 10, 10, 10, 10, 1, 10, 10, 10, 10, 10, 10, 
87: 0, 10, 10, 10, 0, 3, 0, 10, 10, 3, 0, 0, 0, 10, 0, 0, 0, 10, 5, 10, : 10, 10, 10, 3, 10, 10, 3, 10, 10, 5, 10, 
137: 10, 2, 0, 10, 0, 0, 10, 10, 0, 10, 10, 10, 1, 10, 0, 18, 10, 10, 10, 10, : 10, 2, 10, 10, 10, 10, 10, 10, 1, 10, 18, 10, 10, 10, 10, 
98: 0, 0, 0, 0, 4, 0, 0, 0, 1, 10, 0, 10, 0, 10, 0, 10, 0, 10, 0, 0, : 4, 1, 10, 10, 10, 10, 10, 
152: 0, 10, 1, 10, 10, 10, 10, 0, 10, 10, 0, 10, 2, 10, 2, 2, 0, 1, 0, 10, : 10, 1, 10, 10, 10, 10, 10, 10, 10, 2, 10, 2, 2, 1, 10, 
104: 0, 0, 1, 0, 10, 0, 10, 0, 10, 0, 10, 0, 0, 10, 0, 0, 0, 10, 10, 10, : 1, 10, 10, 10, 10, 10, 10, 10, 10, 
6: 10, 0, 0, 10, 0, 10, 0, 0, 20, 10, 0, 1, 10, 0, 0, 0, 0, 1, 0, 10, : 10, 10, 10, 20, 10, 1, 10, 1, 10, 
96: 10, 10, 10, 0, 10, 0, 0, 0, 0, 0, 0, 0, 1, 10, 10, 10, 10, 10, 10, 0, : 10, 10, 10, 10, 1, 10, 10, 10, 10, 10, 10, 
60: 10, 10, 10, 0, 0, 0, 10, 10, 0, 10, 0, 0, 0, 0, 10, 10, 10, 0, 0, 0, : 10, 10, 10, 10, 10, 10, 10, 10, 10, 
16: 10, 10, 0, 10, 0, 0, 0, 10, 0, 10, 0, 0, 0, 1, 10, 0, 10, 10, 10, 0, : 10, 10, 10, 10, 10, 1, 10, 10, 10, 10, 
27: 2, 0, 10, 10, 16, 10, 0, 10, 0, 0, 5, 10, 10, 1, 0, 0, 0, 1, 10, 10, : 2, 10, 10, 16, 10, 10, 5, 10, 10, 1, 1, 10, 10, 
158: 10, 2, 10, 10, 5, 10, 0, 0, 4, 10, 10, 10, 10, 1, 3, 10, 1, 2, 0, 0, : 10, 2, 10, 10, 5, 10, 4, 10, 10, 10, 10, 1, 3, 10, 1, 2, 
127: 10, 0, 10, 0, 0, 0, 10, 0, 0, 0, 0, 0, 0, 0, 0, 4, 0, 0, 10, 5, : 10, 10, 10, 4, 10, 5, 
155: 0, 10, 1, 0, 10, 12, 10, 10, 0, 10, 0, 4, 10, 10, 0, 1, 12, 0, 0, 10, : 10, 1, 10, 12, 10, 10, 10, 4, 10, 10, 1, 12, 10, 
164: 0, 1, 10, 0, 0, 10, 0, 5, 0, 2, 10, 10, 10, 1, 0, 10, 0, 0, 0, 0, : 1, 10, 10, 5, 2, 10, 10, 10, 1, 10, 
160: 0, 10, 0, 0, 0, 0, 0, 10, 10, 0, 10, 0, 10, 0, 10, 0, 10, 0, 10, 0, : 10, 10, 10, 10, 10, 10, 10, 10, 
184: 10, 10, 2, 10, 0, 10, 10, 10, 10, 0, 10, 0, 10, 10, 10, 10, 2, 10, 0, 10, : 10, 10, 2, 10, 10, 10, 10, 10, 10, 10, 10, 10, 10, 2, 10, 10, 
143: 0, 0, 10, 0, 10, 0, 10, 0, 0, 0, 0, 10, 10, 1, 10, 0, 10, 10, 0, 0, : 10, 10, 10, 10, 10, 1, 10, 10, 10, 
128: 3, 0, 10, 5, 10, 10, 0, 10, 10, 0, 10, 0, 0, 0, 10, 0, 10, 0, 10, 0, : 3, 10, 5, 10, 10, 10, 10, 10, 10, 10, 10, 
71: 0, 0, 0, 10, 0, 10, 5, 0, 0, 0, 10, 10, 10, 0, 10, 0, 0, 0, 10, 0, : 10, 10, 5, 10, 10, 10, 10, 10, 


194: 10, 0, 0, 1, 10, 0, 2, 10, 10, 0, 10, 0, 0, 0, 10, 0, 1, 1, 0, 10, : 10, 1, 10, 2, 10, 10, 10, 10, 1, 1, 10, 
29: 0, 0, 10, 10, 0, 0, 0, 10, 0, 0, 0, 10, 10, 10, 10, 0, 0, 10, 10, 10, : 10, 10, 10, 10, 10, 10, 10, 10, 10, 10, 
80: 10, 10, 0, 10, 10, 0, 0, 0, 10, 0, 10, 10, 0, 1, 0, 0, 1, 3, 0, 0, : 10, 10, 10, 10, 10, 10, 10, 1, 1, 3, 
106: 0, 0, 10, 10, 10, 10, 10, 0, 0, 10, 10, 0, 10, 0, 10, 0, 10, 10, 10, 0, : 10, 10, 10, 10, 10, 10, 10, 10, 10, 10, 10, 10, 
39: 10, 0, 0, 10, 0, 10, 10, 10, 0, 10, 3, 0, 0, 0, 0, 0, 10, 10, 0, 0, : 10, 10, 10, 10, 10, 10, 3, 10, 10, 
191: 10, 10, 0, 10, 0, 10, 10, 12, 0, 10, 10, 10, 0, 0, 5, 0, 0, 0, 0, 0, : 10, 10, 10, 10, 10, 12, 10, 10, 10, 5, 
167: 10, 0, 10, 5, 10, 10, 10, 10, 3, 3, 0, 0, 10, 0, 10, 10, 10, 10, 10, 10, : 10, 10, 5, 10, 10, 10, 10, 3, 3, 10, 10, 10, 10, 10, 10, 10, 
183: 10, 0, 10, 0, 10, 0, 0, 0, 10, 1, 2, 10, 10, 10, 0, 10, 10, 1, 0, 1, : 10, 10, 10, 10, 1, 2, 10, 10, 10, 10, 10, 1, 1, 
44: 1, 10, 0, 0, 0, 5, 10, 10, 0, 10, 0, 3, 10, 0, 0, 0, 0, 10, 0, 10, : 1, 10, 5, 10, 10, 10, 3, 10, 10, 10, 
180: 2, 2, 10, 10, 0, 0, 0, 0, 0, 10, 0, 1, 10, 10, 10, 10, 10, 10, 0, 10, : 2, 2, 10, 10, 10, 1, 10, 10, 10, 10, 10, 10, 10, 
4: 4, 10, 10, 0, 10, 10, 0, 10, 10, 0, 10, 0, 4, 10, 0, 1, 10, 0, 0, 0, : 4, 10, 10, 10, 10, 10, 10, 10, 4, 10, 1, 10, 
1: 10, 10, 0, 10, 0, 0, 10, 0, 1, 0, 10, 10, 1, 0, 0, 10, 2, 10, 0, 10, : 10, 10, 10, 10, 1, 10, 10, 1, 10, 2, 10, 10, 
65: 0, 0, 10, 7, 4, 10, 10, 0, 0, 1, 0, 10, 0, 10, 10, 10, 10, 10, 5, 6, : 10, 7, 4, 10, 10, 1, 10, 10, 10, 10, 10, 10, 5, 6, 
48: 6, 10, 4, 2, 1, 0, 10, 10, 10, 0, 10, 10, 0, 4, 0, 0, 1, 0, 10, 7, : 6, 10, 4, 2, 1, 10, 10, 10, 10, 10, 4, 1, 10, 7, 
171: 0, 10, 0, 0, 10, 10, 0, 10, 10, 0, 0, 0, 10, 10, 10, 4, 0, 0, 10, 0, : 10, 10, 10, 10, 10, 10, 10, 10, 4, 10, 
118: 10, 10, 1, 0, 10, 0, 3, 0, 10, 0, 10, 1, 0, 10, 0, 0, 0, 0, 10, 10, : 10, 10, 1, 10, 3, 10, 10, 1, 10, 10, 10, 
163: 0, 10, 0, 0, 0, 10, 0, 3, 1, 10, 0, 0, 0, 10, 10, 10, 10, 0, 10, 10, : 10, 10, 3, 1, 10, 10, 10, 10, 10, 10, 10, 
84: 2, 2, 10, 10, 10, 0, 10, 0, 10, 10, 0, 0, 0, 0, 0, 10, 0, 0, 10, 0, : 2, 2, 10, 10, 10, 10, 10, 10, 10, 10, 
12: 0, 0, 0, 0, 0, 10, 0, 0, 10, 10, 0, 10, 10, 0, 10, 10, 10, 10, 0, 1, : 10, 10, 10, 10, 10, 10, 10, 10, 10, 1, 
185: 0, 1, 10, 0, 0, 0, 0, 0, 0, 10, 10, 10, 10, 10, 0, 10, 0, 0, 10, 0, : 1, 10, 10, 10, 10, 10, 10, 10, 10, 


197: 0, 10, 10, 1, 1, 10, 10, 10, 0, 1, 10, 10, 10, 10, 0, 0, 10, 5, 10, 10, : 10, 10, 1, 1, 10, 10, 10, 1, 10, 10, 10, 10, 10, 5, 10, 10, 
133: 10, 0, 10, 10, 10, 0, 1, 10, 0, 4, 3, 10, 0, 0, 0, 10, 0, 10, 0, 0, : 10, 10, 10, 10, 1, 10, 4, 3, 10, 10, 10, 
22: 0, 0, 2, 10, 10, 0, 0, 1, 0, 0, 2, 0, 10, 0, 0, 0, 10, 0, 10, 10, : 2, 10, 10, 1, 2, 10, 10, 10, 10, 
13: 0, 7, 0, 0, 0, 10, 0, 8, 4, 10, 0, 10, 10, 10, 10, 0, 0, 0, 10, 10, : 7, 10, 8, 4, 10, 10, 10, 10, 10, 10, 10, 
79: 10, 0, 0, 0, 10, 0, 0, 2, 10, 0, 0, 0, 10, 10, 10, 2, 10, 10, 10, 0, : 10, 10, 2, 10, 10, 10, 10, 2, 10, 10, 10, 
131: 10, 0, 10, 9, 0, 10, 0, 0, 10, 0, 10, 0, 0, 10, 10, 10, 10, 0, 0, 10, : 10, 10, 9, 10, 10, 10, 10, 10, 10, 10, 10, 
111: 0, 10, 0, 0, 10, 10, 10, 10, 0, 0, 0, 0, 1, 0, 0, 0, 0, 0, 0, 10, : 10, 10, 10, 10, 10, 1, 10, 
136: 0, 10, 0, 0, 0, 1, 0, 0, 0, 10, 10, 10, 0, 0, 1, 0, 10, 10, 10, 5, : 10, 1, 10, 10, 10, 1, 10, 10, 10, 5, 
59: 10, 0, 0, 10, 10, 0, 10, 10, 10, 10, 0, 10, 10, 0, 1, 0, 1, 0, 10, 0, : 10, 10, 10, 10, 10, 10, 10, 10, 10, 1, 1, 10, 
36: 10, 10, 3, 10, 10, 0, 10, 0, 0, 10, 10, 10, 10, 0, 0, 10, 3, 10, 1, 10, : 10, 10, 3, 10, 10, 10, 10, 10, 10, 10, 10, 3, 10, 1, 10, 
68: 10, 8, 10, 4, 1, 0, 0, 10, 10, 10, 10, 2, 0, 10, 2, 10, 10, 10, 0, 0, : 10, 8, 10, 4, 1, 10, 10, 10, 10, 2, 10, 2, 10, 10, 10, 
34: 10, 0, 10, 10, 2, 0, 0, 10, 10, 0, 10, 0, 0, 0, 10, 10, 1, 10, 0, 0, : 10, 10, 10, 2, 10, 10, 10, 10, 10, 1, 10, 
196: 1, 10, 10, 10, 0, 10, 10, 0, 0, 0, 0, 10, 10, 10, 2, 0, 0, 0, 0, 10, : 1, 10, 10, 10, 10, 10, 10, 10, 10, 2, 10, 
20: 10, 0, 10, 10, 10, 10, 10, 10, 10, 0, 10, 0, 0, 0, 3, 3, 0, 0, 0, 10, : 10, 10, 10, 10, 10, 10, 10, 10, 10, 3, 3, 10, 
38: 0, 10, 0, 1, 10, 0, 0, 0, 0, 0, 0, 0, 4, 0, 12, 0, 10, 10, 10, 0, : 10, 1, 10, 4, 12, 10, 10, 10, 
147: 10, 10, 0, 0, 0, 4, 0, 0, 0, 10, 0, 0, 0, 10, 10, 0, 10, 0, 4, 0, : 10, 10, 4, 10, 10, 10, 10, 4, 
189: 0, 0, 0, 10, 0, 0, 4, 0, 10, 10, 0, 10, 10, 10, 10, 10, 10, 0, 0, 0, : 10, 4, 10, 10, 10, 10, 10, 10, 10, 10, 
153: 2, 0, 0, 0, 0, 10, 10, 4, 1, 10, 10, 10, 0, 7, 0, 10, 0, 10, 10, 10, : 2, 10, 10, 4, 1, 10, 10, 10, 7, 10, 10, 10, 10, 
25: 2, 0, 10, 0, 10, 10, 10, 0, 10, 0, 0, 2, 0, 8, 14, 10, 0, 10, 10, 0, : 2, 10, 10, 10, 10, 10, 2, 8, 14, 10, 10, 10, 
190: 0, 10, 10, 0, 1, 10, 10, 10, 10, 10, 10, 1, 10, 0, 0, 10, 0, 0, 0, 0, : 10, 10, 1, 10, 10, 10, 10, 10, 10, 1, 10, 10, 


124: 10, 1, 1, 10, 1, 0, 0, 0, 10, 10, 0, 10, 0, 0, 1, 10, 3, 1, 10, 1, : 10, 1, 1, 10, 1, 10, 10, 10, 1, 10, 3, 1, 10, 1, 
7: 0, 10, 10, 10, 10, 0, 0, 0, 0, 10, 1, 0, 0, 10, 0, 10, 10, 5, 0, 10, : 10, 10, 10, 10, 10, 1, 10, 10, 10, 5, 10, 
8: 15, 0, 10, 0, 0, 3, 1, 7, 0, 10, 0, 10, 10, 0, 0, 0, 0, 10, 0, 10, : 15, 10, 3, 1, 7, 10, 10, 10, 10, 10, 
14: 8, 10, 0, 10, 10, 1, 10, 0, 10, 1, 10, 0, 0, 0, 0, 0, 0, 10, 1, 10, : 8, 10, 10, 10, 1, 10, 10, 1, 10, 10, 1, 10, 
198: 0, 4, 1, 10, 10, 10, 0, 10, 0, 4, 0, 0, 0, 10, 10, 0, 10, 1, 10, 10, : 4, 1, 10, 10, 10, 10, 4, 10, 10, 10, 1, 10, 10, 
105: 10, 10, 0, 0, 10, 0, 10, 0, 10, 0, 10, 4, 0, 10, 0, 10, 0, 0, 0, 0, : 10, 10, 10, 10, 10, 10, 4, 10, 10, 
172: 0, 10, 0, 0, 4, 10, 10, 19, 10, 0, 0, 0, 10, 0, 0, 0, 10, 0, 0, 10, : 10, 4, 10, 10, 19, 10, 10, 10, 10, 
135: 0, 10, 0, 0, 10, 10, 10, 0, 10, 0, 0, 0, 10, 10, 10, 0, 0, 1, 10, 0, : 10, 10, 10, 10, 10, 10, 10, 10, 1, 10, 
182: 0, 0, 10, 10, 10, 10, 10, 10, 1, 10, 10, 10, 1, 10, 10, 10, 10, 10, 10, 0, : 10, 10, 10, 10, 10, 10, 1, 10, 10, 10, 1, 10, 10, 10, 10, 10, 10, 
83: 10, 0, 10, 0, 10, 10, 0, 0, 10, 10, 10, 1, 0, 10, 10, 0, 1, 0, 10, 10, : 10, 10, 10, 10, 10, 10, 10, 1, 10, 10, 1, 10, 10, 
178: 0, 0, 10, 4, 0, 1, 1, 16, 0, 0, 0, 10, 10, 10, 10, 0, 0, 0, 10, 0, : 10, 4, 1, 1, 16, 10, 10, 10, 10, 10, 
37: 10, 0, 10, 0, 0, 0, 10, 2, 0, 0, 0, 10, 4, 0, 0, 0, 0, 0, 10, 0, : 10, 10, 10, 2, 10, 4, 10, 
50: 10, 0, 10, 1, 0, 0, 0, 0, 10, 0, 8, 10, 10, 1, 0, 0, 10, 10, 0, 1, : 10, 10, 1, 10, 8, 10, 10, 1, 10, 10, 1, 
192: 0, 0, 0, 0, 0, 10, 0, 1, 0, 0, 0, 0, 10, 0, 10, 10, 10, 7, 0, 10, : 10, 1, 10, 10, 10, 10, 7, 10, 
195: 10, 10, 0, 0, 0, 0, 0, 0, 3, 0, 10, 10, 10, 0, 0, 10, 0, 0, 0, 0, : 10, 10, 3, 10, 10, 10, 10, 
112: 0, 10, 2, 10, 0, 10, 3, 20, 0, 10, 6, 0, 10, 4, 10, 0, 0, 10, 14, 3, : 10, 2, 10, 10, 3, 20, 10, 6, 10, 4, 10, 10, 14, 3, 
154: 0, 0, 1, 10, 10, 0, 10, 0, 0, 10, 10, 0, 0, 10, 0, 10, 10, 10, 0, 10, : 1, 10, 10, 10, 10, 10, 10, 10, 10, 10, 10, 
175: 10, 0, 10, 10, 0, 10, 10, 0, 10, 0, 0, 0, 10, 10, 10, 10, 10, 10, 0, 0, : 10, 10, 10, 10, 10, 10, 10, 10, 10, 10, 10, 10, 
52: 2, 10, 0, 0, 0, 0, 10, 10, 10, 10, 10, 10, 0, 0, 10, 10, 1, 10, 0, 0, : 2, 10, 10, 10, 10, 10, 10, 10, 10, 10, 1, 10, 
46: 0, 10, 10, 10, 10, 10, 0, 0, 1, 10, 10, 10, 0, 0, 4, 5, 10, 0, 10, 10, : 10, 10, 10, 10, 10, 1, 10, 10, 10, 4, 5, 10, 10, 10, 


149: 0, 1, 1, 10, 2, 0, 10, 10, 13, 10, 0, 10, 0, 0, 10, 0, 0, 10, 10, 10, : 1, 1, 10, 2, 10, 10, 13, 10, 10, 10, 10, 10, 10, 
57: 0, 0, 0, 0, 0, 10, 10, 10, 10, 10, 10, 10, 10, 10, 0, 0, 0, 0, 0, 10, : 10, 10, 10, 10, 10, 10, 10, 10, 10, 10, 
159: 3, 10, 7, 10, 0, 0, 10, 10, 10, 10, 2, 10, 0, 0, 10, 0, 10, 0, 10, 0, : 3, 10, 7, 10, 10, 10, 10, 10, 2, 10, 10, 10, 10, 
55: 0, 10, 10, 10, 10, 0, 0, 10, 1, 1, 0, 10, 12, 0, 10, 0, 0, 10, 5, 10, : 10, 10, 10, 10, 10, 1, 1, 10, 12, 10, 10, 5, 10, 
17: 0, 1, 10, 10, 10, 0, 0, 0, 10, 10, 0, 0, 0, 2, 10, 0, 7, 10, 10, 10, : 1, 10, 10, 10, 10, 10, 2, 10, 7, 10, 10, 10, 
30: 10, 0, 0, 10, 0, 3, 0, 0, 0, 0, 10, 0, 0, 1, 0, 0, 10, 10, 0, 0, : 10, 10, 3, 10, 1, 10, 10, 
129: 10, 0, 10, 0, 10, 10, 0, 10, 0, 0, 10, 0, 10, 0, 0, 10, 0, 0, 10, 10, : 10, 10, 10, 10, 10, 10, 10, 10, 10, 10, 
181: 10, 10, 10, 0, 10, 2, 0, 10, 10, 0, 10, 0, 0, 0, 0, 10, 10, 10, 0, 10, : 10, 10, 10, 10, 2, 10, 10, 10, 10, 10, 10, 10, 
116: 10, 0, 10, 5, 0, 0, 10, 10, 0, 0, 10, 10, 10, 0, 5, 0, 0, 0, 0, 10, : 10, 10, 5, 10, 10, 10, 10, 10, 5, 10, 
93: 0, 0, 5, 0, 0, 0, 10, 0, 10, 7, 10, 10, 0, 10, 10, 10, 10, 10, 10, 10, : 5, 10, 10, 7, 10, 10, 10, 10, 10, 10, 10, 10, 10, 
150: 0, 10, 1, 0, 10, 10, 0, 0, 0, 10, 10, 0, 0, 10, 0, 10, 0, 10, 0, 0, : 10, 1, 10, 10, 10, 10, 10, 10, 10, 
157: 0, 10, 10, 10, 12, 10, 0, 10, 0, 17, 0, 4, 0, 10, 0, 0, 0, 0, 0, 0, : 10, 10, 10, 12, 10, 10, 17, 4, 10, 
91: 2, 0, 10, 0, 2, 10, 10, 2, 10, 10, 10, 10, 0, 3, 10, 10, 7, 10, 0, 0, : 2, 10, 2, 10, 10, 2, 10, 10, 10, 10, 3, 10, 10, 7, 10, 
199: 0, 3, 0, 0, 8, 0, 10, 0, 10, 0, 0, 0, 1, 10, 0, 10, 10, 3, 0, 0, : 3, 8, 10, 10, 1, 10, 10, 10, 3, 
166: 10, 10, 0, 10, 10, 20, 0, 0, 0, 10, 10, 0, 10, 10, 0, 10, 10, 0, 10, 0, : 10, 10, 10, 10, 20, 10, 10, 10, 10, 10, 10, 10, 
78: 10, 10, 0, 0, 1, 10, 0, 1, 0, 0, 3, 0, 10, 0, 0, 1, 0, 0, 10, 0, : 10, 10, 1, 10, 1, 3, 10, 1, 10, 
108: 10, 10, 10, 10, 0, 10, 10, 10, 0, 0, 0, 0, 2, 0, 10, 10, 1, 2, 10, 0, : 10, 10, 10, 10, 10, 10, 10, 2, 10, 10, 1, 2, 10, 
102: 10, 10, 0, 0, 0, 0, 0, 2, 10, 0, 0, 10, 10, 0, 10, 4, 0, 0, 10, 10, : 10, 10, 2, 10, 10, 10, 10, 4, 10, 10, 
177: 10, 0, 1, 0, 0, 0, 5, 0, 0, 0, 0, 1, 10, 10, 10, 0, 10, 0, 0, 2, : 10, 1, 5, 1, 10, 10, 10, 10, 2, 
21: 0, 0, 0, 10, 10, 0, 10, 0, 1, 0, 0, 10, 10, 19, 0, 10, 10, 10, 0, 3, : 10, 10, 10, 1, 10, 10, 19, 10, 10, 10, 3, 


168: 0, 0, 10, 10, 10, 0, 0, 14, 10, 0, 0, 10, 10, 1, 14, 0, 10, 10, 1, 1, : 10, 10, 10, 14, 10, 10, 10, 1, 14, 10, 10, 1, 1, 
47: 4, 0, 0, 0, 10, 10, 10, 0, 1, 10, 0, 0, 0, 0, 0, 10, 0, 10, 0, 10, : 4, 10, 10, 10, 1, 10, 10, 10, 10, 
67: 1, 10, 0, 0, 10, 10, 0, 10, 0, 10, 10, 1, 10, 10, 10, 7, 10, 10, 3, 10, : 1, 10, 10, 10, 10, 10, 10, 1, 10, 10, 10, 7, 10, 10, 3, 10, 
174: 10, 0, 0, 0, 0, 0, 2, 0, 6, 0, 10, 0, 10, 0, 0, 0, 10, 3, 0, 0, : 10, 2, 6, 10, 10, 10, 3, 
132: 0, 10, 10, 0, 13, 10, 10, 0, 2, 0, 10, 0, 10, 10, 10, 0, 5, 1, 0, 0, : 10, 10, 13, 10, 10, 2, 10, 10, 10, 10, 5, 1, 
33: 10, 11, 10, 2, 0, 5, 10, 0, 0, 10, 0, 10, 10, 4, 0, 0, 10, 0, 10, 0, : 10, 11, 10, 2, 5, 10, 10, 10, 10, 4, 10, 10, 
28: 10, 0, 2, 10, 10, 0, 10, 10, 10, 0, 0, 0, 0, 0, 10, 1, 0, 0, 0, 0, : 10, 2, 10, 10, 10, 10, 10, 10, 1, 
125: 0, 0, 10, 0, 2, 10, 10, 1, 0, 6, 0, 10, 0, 10, 0, 10, 0, 0, 10, 0, : 10, 2, 10, 10, 1, 6, 10, 10, 10, 10, 
144: 0, 2, 0, 0, 0, 0, 0, 0, 0, 10, 1, 10, 0, 0, 0, 10, 10, 10, 0, 10, : 2, 10, 1, 10, 10, 10, 10, 10, 
43: 0, 10, 0, 10, 0, 0, 0, 10, 10, 8, 2, 10, 3, 10, 10, 10, 0, 0, 10, 10, : 10, 10, 10, 10, 8, 2, 10, 3, 10, 10, 10, 10, 10, 
94: 10, 10, 0, 10, 0, 0, 10, 10, 0, 10, 0, 0, 10, 0, 0, 10, 10, 10, 10, 1, : 10, 10, 10, 10, 10, 10, 10, 10, 10, 10, 10, 1, 
138: 0, 0, 10, 10, 10, 10, 10, 0, 16, 0, 10, 0, 0, 0, 0, 10, 0, 0, 0, 0, : 10, 10, 10, 10, 10, 16, 10, 10, 
9: 10, 0, 10, 10, 0, 10, 10, 10, 0, 1, 2, 1, 10, 10, 0, 6, 10, 0, 1, 10, : 10, 10, 10, 10, 10, 10, 1, 2, 1, 10, 10, 6, 10, 1, 10, 
130: 10, 0, 0, 2, 10, 10, 0, 10, 0, 0, 10, 0, 2, 0, 10, 10, 0, 10, 0, 10, : 10, 2, 10, 10, 10, 10, 2, 10, 10, 10, 10, 
77: 10, 0, 3, 1, 10, 10, 0, 0, 10, 10, 10, 0, 0, 10, 0, 0, 0, 0, 10, 10, : 10, 3, 1, 10, 10, 10, 10, 10, 10, 10, 10, 
15: 0, 10, 0, 0, 0, 0, 3, 0, 10, 0, 10, 10, 0, 10, 10, 0, 0, 10, 10, 0, : 10, 3, 10, 10, 10, 10, 10, 10, 10, 
188: 0, 10, 0, 10, 0, 0, 0, 0, 0, 10, 10, 10, 10, 10, 10, 1, 10, 0, 0, 3, : 10, 10, 10, 10, 10, 10, 10, 10, 1, 10, 3, 
32: 10, 10, 10, 0, 0, 10, 0, 10, 10, 0, 0, 10, 10, 10, 0, 0, 0, 1, 10, 0, : 10, 10, 10, 10, 10, 10, 10, 10, 10, 1, 10, 
64: 0, 2, 10, 10, 10, 0, 10, 10, 10, 10, 10, 3, 0, 0, 1, 10, 0, 10, 10, 10, : 2, 10, 10, 10, 10, 10, 10, 10, 10, 3, 1, 10, 10, 10, 10, 
24: 10, 10, 10, 10, 0, 0, 0, 0, 0, 0, 0, 10, 0, 0, 10, 0, 10, 10, 10, 10, : 10, 10, 10, 10, 10, 10, 10, 10, 10, 10, 


120: 10, 0, 10, 0, 10, 0, 4, 10, 10, 10, 10, 10, 0, 5, 10, 10, 10, 10, 10, 10, : 10, 10, 10, 4, 10, 10, 10, 10, 10, 5, 10, 10, 10, 10, 10, 10, 
63: 10, 3, 10, 10, 10, 1, 0, 0, 0, 10, 10, 0, 10, 0, 0, 10, 10, 2, 10, 10, : 10, 3, 10, 10, 10, 1, 10, 10, 10, 10, 10, 2, 10, 10, 
115: 10, 10, 5, 0, 2, 0, 10, 2, 10, 0, 1, 0, 0, 0, 10, 3, 10, 0, 1, 0, : 10, 10, 5, 2, 10, 2, 10, 1, 10, 3, 10, 1, 
101: 2, 0, 0, 10, 0, 10, 0, 0, 10, 10, 1, 0, 0, 0, 1, 10, 2, 0, 0, 0, : 2, 10, 10, 10, 10, 1, 1, 10, 2, 
85: 0, 2, 10, 0, 10, 0, 0, 10, 10, 10, 10, 0, 0, 10, 0, 10, 10, 10, 10, 0, : 2, 10, 10, 10, 10, 10, 10, 10, 10, 10, 10, 10, 
3: 0, 10, 0, 0, 10, 0, 0, 0, 10, 10, 10, 10, 1, 0, 10, 1, 0, 10, 5, 10, : 10, 10, 10, 10, 10, 10, 1, 10, 1, 10, 5, 10, 
72: 0, 10, 0, 10, 1, 10, 0, 10, 10, 0, 0, 1, 10, 10, 0, 10, 0, 10, 10, 0, : 10, 10, 1, 10, 10, 10, 1, 10, 10, 10, 10, 10, 
49: 5, 0, 0, 10, 10, 10, 10, 0, 10, 0, 0, 0, 0, 10, 0, 1, 0, 10, 0, 4, : 5, 10, 10, 10, 10, 10, 10, 1, 10, 4, 
74: 10, 10, 0, 15, 0, 10, 10, 0, 4, 0, 0, 0, 4, 0, 10, 0, 10, 10, 17, 0, : 10, 10, 15, 10, 10, 4, 4, 10, 10, 10, 17, 
69: 2, 10, 0, 3, 0, 10, 0, 3, 0, 0, 2, 1, 10, 10, 0, 5, 10, 0, 0, 1, : 2, 10, 3, 10, 3, 2, 1, 10, 10, 5, 10, 1, 
126: 4, 10, 10, 10, 0, 0, 10, 10, 10, 1, 0, 1, 10, 10, 0, 10, 0, 10, 0, 10, : 4, 10, 10, 10, 10, 10, 10, 1, 1, 10, 10, 10, 10, 10, 
109: 0, 0, 0, 0, 10, 10, 0, 0, 0, 0, 10, 2, 0, 0, 10, 0, 0, 10, 0, 10, : 10, 10, 10, 2, 10, 10, 10, 
90: 1, 10, 0, 16, 10, 0, 10, 10, 10, 8, 0, 10, 10, 0, 10, 0, 0, 0, 10, 0, : 1, 10, 16, 10, 10, 10, 10, 8, 10, 10, 10, 10, 
2: 0, 0, 10, 0, 0, 10, 10, 10, 0, 10, 0, 10, 0, 10, 10, 10, 0, 0, 2, 0, : 10, 10, 10, 10, 10, 10, 10, 10, 10, 2, 
53: 0, 10, 10, 10, 1, 0, 10, 0, 1, 0, 10, 0, 10, 10, 0, 4, 0, 0, 0, 10, : 10, 10, 10, 1, 10, 1, 10, 10, 10, 4, 10, 
31: 1, 10, 10, 0, 0, 10, 1, 10, 0, 6, 1, 10, 0, 0, 0, 0, 10, 1, 0, 10, : 1, 10, 10, 10, 1, 10, 6, 1, 10, 10, 1, 10, 
173: 10, 0, 10, 1, 0, 0, 0, 10, 0, 10, 10, 10, 10, 0, 10, 10, 0, 2, 0, 10, : 10, 10, 1, 10, 10, 10, 10, 10, 10, 10, 2, 10, 
10: 10, 0, 0, 0, 10, 10, 10, 0, 0, 0, 10, 10, 10, 0, 4, 0, 10, 0, 10, 10, : 10, 10, 10, 10, 10, 10, 10, 4, 10, 10, 10, 
58: 10, 0, 10, 0, 1, 1, 0, 0, 0, 0, 10, 10, 10, 10, 10, 1, 10, 10, 10, 0, : 10, 10, 1, 1, 10, 10, 10, 10, 10, 1, 10, 10, 10, 
61: 10, 0, 0, 0, 10, 3, 10, 10, 0, 10, 0, 10, 0, 10, 0, 0, 3, 0, 0, 0, : 10, 10, 3, 10, 10, 10, 10, 10, 3, 


113: 10, 0, 0, 2, 0, 0, 1, 10, 10, 0, 10, 0, 10, 10, 10, 10, 10, 1, 0, 10, : 10, 2, 1, 10, 10, 10, 10, 10, 10, 10, 10, 1, 10, 
76: 10, 1, 0, 0, 0, 5, 0, 0, 0, 10, 8, 10, 0, 0, 0, 10, 0, 0, 10, 3, : 10, 1, 5, 10, 8, 10, 10, 10, 3, 
134: 0, 0, 0, 0, 0, 10, 0, 0, 2, 0, 0, 10, 10, 10, 10, 0, 10, 10, 10, 0, : 10, 2, 10, 10, 10, 10, 10, 10, 10, 
139: 1, 10, 0, 0, 4, 0, 3, 10, 0, 1, 1, 0, 10, 0, 0, 10, 0, 0, 1, 10, : 1, 10, 4, 3, 10, 1, 1, 10, 10, 1, 10, 
35: 0, 0, 0, 10, 1, 10, 10, 0, 13, 0, 10, 0, 0, 10, 0, 10, 0, 0, 10, 10, : 10, 1, 10, 10, 13, 10, 10, 10, 10, 10, 
122: 0, 0, 10, 10, 10, 10, 10, 0, 10, 0, 0, 10, 0, 0, 4, 0, 0, 0, 10, 0, : 10, 10, 10, 10, 10, 10, 10, 4, 10, 
142: 10, 10, 10, 10, 0, 0, 10, 0, 0, 10, 0, 10, 10, 0, 10, 10, 13, 0, 10, 0, : 10, 10, 10, 10, 10, 10, 10, 10, 10, 10, 13, 10, 
145: 18, 10, 10, 11, 10, 10, 0, 0, 10, 10, 0, 0, 10, 0, 10, 0, 0, 0, 10, 0, : 18, 10, 10, 11, 10, 10, 10, 10, 10, 10, 10, 
140: 0, 10, 0, 10, 0, 0, 1, 5, 0, 10, 0, 3, 10, 5, 10, 0, 10, 10, 10, 0, : 10, 10, 1, 5, 10, 3, 10, 5, 10, 10, 10, 10, 
156: 0, 10, 0, 10, 10, 0, 10, 10, 0, 0, 10, 10, 10, 0, 10, 0, 0, 10, 0, 0, : 10, 10, 10, 10, 10, 10, 10, 10, 10, 10, 
179: 10, 0, 10, 1, 0, 10, 10, 10, 0, 4, 0, 0, 0, 10, 0, 0, 0, 0, 0, 10, : 10, 10, 1, 10, 10, 10, 4, 10, 10, 
45: 5, 0, 10, 10, 0, 0, 0, 10, 10, 10, 0, 0, 10, 10, 0, 10, 10, 3, 0, 10, : 5, 10, 10, 10, 10, 10, 10, 10, 10, 10, 3, 10, 
148: 1, 0, 10, 0, 10, 10, 0, 0, 10, 0, 10, 10, 0, 10, 0, 0, 2, 10, 0, 0, : 1, 10, 10, 10, 10, 10, 10, 10, 2, 10, 
193: 10, 0, 0, 10, 10, 0, 0, 10, 0, 10, 10, 0, 0, 10, 0, 0, 10, 0, 0, 10, : 10, 10, 10, 10, 10, 10, 10, 10, 10, 
70: 0, 3, 4, 10, 0, 0, 10, 10, 0, 0, 0, 10, 10, 0, 0, 5, 0, 1, 10, 10, : 3, 4, 10, 10, 10, 10, 10, 5, 1, 10, 10, 
161: 0, 10, 1, 0, 0, 0, 0, 0, 0, 10, 16, 0, 5, 0, 0, 0, 0, 10, 1, 0, : 10, 1, 10, 16, 5, 10, 1, 
88: 0, 10, 10, 0, 10, 0, 10, 10, 10, 10, 10, 0, 0, 10, 10, 10, 0, 10, 0, 1, : 10, 10, 10, 10, 10, 10, 10, 10, 10, 10, 10, 10, 1, 
165: 10, 10, 10, 1, 10, 10, 0, 0, 10, 0, 0, 12, 0, 0, 1, 10, 10, 10, 3, 10, : 10, 10, 10, 1, 10, 10, 10, 12, 1, 10, 10, 10, 3, 10, 
169: 0, 1, 10, 0, 10, 10, 10, 0, 0, 10, 10, 0, 0, 10, 10, 10, 10, 10, 10, 1, : 1, 10, 10, 10, 10, 10, 10, 10, 10, 10, 10, 10, 10, 1, 
81: 10, 10, 0, 0, 10, 10, 10, 10, 10, 0, 0, 10, 0, 0, 10, 0, 10, 10, 0, 10, : 10, 10, 10, 10, 10, 10, 10, 10, 10, 10, 10, 10, 


186: 0, 4, 0, 0, 10, 10, 0, 0, 0, 0, 10, 10, 10, 2, 10, 0, 3, 10, 0, 0, : 4, 10, 10, 10, 10, 10, 2, 10, 3, 10, 
66: 0, 0, 1, 0, 10, 10, 10, 0, 0, 1, 10, 0, 10, 10, 10, 0, 10, 0, 1, 10, : 1, 10, 10, 10, 1, 10, 10, 10, 10, 10, 1, 10, 
54: 0, 0, 10, 0, 10, 0, 10, 0, 0, 0, 10, 10, 4, 10, 1, 0, 0, 0, 10, 10, : 10, 10, 10, 10, 10, 4, 10, 1, 10, 10, 
176: 2, 10, 0, 10, 10, 0, 10, 0, 0, 10, 0, 0, 0, 10, 10, 0, 0, 0, 10, 10, : 2, 10, 10, 10, 10, 10, 10, 10, 10, 10, 
40: 1, 0, 10, 10, 0, 10, 0, 10, 0, 10, 0, 10, 0, 0, 10, 10, 10, 10, 0, 0, : 1, 10, 10, 10, 10, 10, 10, 10, 10, 10, 10, 
121: 10, 10, 10, 0, 1, 10, 0, 10, 10, 1, 7, 3, 10, 2, 3, 0, 10, 10, 0, 0, : 10, 10, 10, 1, 10, 10, 10, 1, 7, 3, 10, 2, 3, 10, 10, 
86: 0, 0, 10, 10, 0, 10, 0, 0, 0, 10, 0, 0, 0, 10, 0, 10, 10, 10, 10, 10, : 10, 10, 10, 10, 10, 10, 10, 10, 10, 10, 
103: 10, 10, 10, 10, 0, 1, 3, 0, 1, 0, 13, 2, 0, 0, 0, 8, 0, 10, 10, 0, : 10, 10, 10, 10, 1, 3, 1, 13, 2, 8, 10, 10, 
110: 0, 0, 0, 0, 1, 0, 2, 10, 0, 0, 15, 10, 10, 1, 0, 1, 10, 0, 6, 10, : 1, 2, 10, 15, 10, 10, 1, 1, 10, 6, 10, 
82: 10, 10, 0, 0, 3, 0, 0, 10, 10, 10, 0, 10, 0, 0, 0, 0, 0, 0, 8, 0, : 10, 10, 3, 10, 10, 10, 10, 8, 
107: 1, 10, 4, 0, 10, 0, 0, 0, 2, 10, 0, 0, 10, 0, 0, 10, 0, 1, 0, 2, : 1, 10, 4, 10, 2, 10, 10, 10, 1, 2, 
18: 10, 10, 10, 0, 0, 0, 10, 10, 10, 3, 10, 0, 1, 0, 10, 10, 2, 10, 0, 10, : 10, 10, 10, 10, 10, 10, 3, 10, 1, 10, 10, 2, 10, 10, 
123: 10, 10, 10, 10, 0, 0, 10, 0, 10, 10, 0, 0, 0, 0, 10, 0, 1, 10, 10, 0, : 10, 10, 10, 10, 10, 10, 10, 10, 1, 10, 10, 
187: 1, 0, 10, 10, 0, 1, 0, 10, 0, 10, 0, 0, 0, 0, 1, 0, 10, 0, 10, 0, : 1, 10, 10, 1, 10, 10, 1, 10, 10, 
42: 10, 0, 0, 0, 10, 10, 10, 2, 2, 0, 10, 10, 10, 10, 10, 16, 6, 1, 0, 0, : 10, 10, 10, 10, 2, 2, 10, 10, 10, 10, 10, 16, 6, 1, 
41: 10, 1, 0, 5, 0, 10, 0, 10, 10, 0, 0, 10, 10, 10, 0, 10, 10, 10, 10, 10, : 10, 1, 5, 10, 10, 10, 10, 10, 10, 10, 10, 10, 10, 10, 
5: 0, 10, 0, 0, 0, 10, 10, 10, 10, 10, 0, 10, 0, 10, 10, 0, 10, 10, 0, 10, : 10, 10, 10, 10, 10, 10, 10, 10, 10, 10, 10, 10, 
95: 0, 0, 0, 10, 10, 3, 10, 3, 10, 0, 0, 10, 10, 10, 0, 10, 1, 3, 0, 1, : 10, 10, 3, 10, 3, 10, 10, 10, 10, 10, 1, 3, 1, 
26: 10, 10, 10, 10, 10, 0, 10, 10, 10, 10, 10, 0, 10, 10, 0, 0, 0, 0, 0, 10, : 10, 10, 10, 10, 10, 10, 10, 10, 10, 10, 10, 10, 10, 
99: 10, 0, 0, 10, 10, 10, 0, 0, 10, 0, 0, 0, 0, 0, 10, 10, 2, 0, 10, 2, : 10, 10, 10, 10, 10, 10, 10, 2, 10, 2, 


19: 10, 0, 0, 0, 0, 10, 3, 4, 10, 10, 10, 10, 0, 1, 10, 0, 0, 10, 0, 10, : 10, 10, 3, 4, 10, 10, 10, 10, 1, 10, 10, 10, 
51: 10, 10, 0, 0, 10, 0, 0, 0, 0, 0, 0, 10, 0, 7, 1, 10, 0, 4, 0, 0, : 10, 10, 10, 10, 7, 1, 10, 4, 
11: 10, 0, 0, 0, 0, 0, 0, 10, 10, 0, 10, 10, 10, 10, 0, 10, 0, 10, 10, 10, : 10, 10, 10, 10, 10, 10, 10, 10, 10, 10, 10, 
119: 10, 3, 0, 0, 10, 0, 10, 0, 0, 0, 0, 0, 10, 10, 0, 10, 0, 0, 10, 1, : 10, 3, 10, 10, 10, 10, 10, 10, 1, 
62: 0, 0, 0, 0, 10, 3, 10, 10, 10, 10, 10, 0, 10, 5, 0, 1, 10, 1, 10, 0, : 10, 3, 10, 10, 10, 10, 10, 10, 5, 1, 10, 1, 10, 
92: 3, 0, 10, 1, 0, 4, 0, 10, 0, 10, 1, 0, 10, 1, 0, 10, 10, 0, 10, 0, : 3, 10, 1, 4, 10, 10, 1, 10, 1, 10, 10, 10, 
56: 1, 10, 10, 0, 10, 8, 0, 0, 10, 10, 0, 10, 0, 0, 10, 0, 10, 0, 10, 10, : 1, 10, 10, 10, 8, 10, 10, 10, 10, 10, 10, 10, 
141: 0, 0, 10, 2, 1, 10, 0, 10, 0, 1, 0, 10, 10, 0, 0, 0, 0, 0, 10, 10, : 10, 2, 1, 10, 10, 1, 10, 10, 10, 10, 
23: 0, 10, 0, 10, 10, 0, 10, 10, 10, 10, 0, 10, 0, 0, 10, 3, 10, 10, 0, 0, : 10, 10, 10, 10, 10, 10, 10, 10, 10, 3, 10, 10, 
170: 0, 10, 4, 6, 0, 10, 10, 0, 4, 3, 0, 0, 10, 10, 0, 10, 0, 10, 0, 1, : 10, 4, 6, 10, 10, 4, 3, 10, 10, 10, 10, 1, 
200: 10, 0, 10, 10, 10, 10, 0, 0, 10, 0, 10, 0, 0, 0, 0, 0, 0, 0, 1, 10, : 10, 10, 10, 10, 10, 10, 10, 1, 10, 
151: 0, 10, 1, 15, 1, 0, 0, 0, 0, 0, 10, 10, 0, 10, 16, 10, 10, 0, 0, 10, : 10, 1, 15, 1, 10, 10, 10, 16, 10, 10, 10, 
97: 10, 10, 10, 1, 10, 0, 10, 10, 0, 1, 10, 0, 3, 10, 0, 10, 5, 0, 0, 0, : 10, 10, 10, 1, 10, 10, 10, 1, 10, 3, 10, 10, 5, 
73: 1, 10, 10, 0, 3, 10, 0, 10, 1, 10, 8, 0, 10, 0, 10, 0, 0, 10, 0, 1, : 1, 10, 10, 3, 10, 10, 1, 10, 8, 10, 10, 10, 1, 
89: 10, 10, 0, 10, 10, 0, 10, 0, 10, 10, 0, 10, 2, 10, 8, 10, 10, 0, 4, 10, : 10, 10, 10, 10, 10, 10, 10, 10, 2, 10, 8, 10, 10, 4, 10, 
117: 0, 0, 10, 10, 0, 0, 10, 0, 0, 0, 10, 0, 10, 1, 10, 10, 10, 10, 0, 0, : 10, 10, 10, 10, 10, 1, 10, 10, 10, 10, 
114: 0, 0, 10, 10, 0, 10, 0, 1, 0, 0, 0, 2, 0, 10, 10, 0, 10, 10, 0, 10, : 10, 10, 10, 1, 2, 10, 10, 10, 10, 10, 
75: 0, 10, 10, 0, 10, 10, 10, 0, 10, 0, 10, 3, 10, 0, 0, 1, 10, 0, 10, 0, : 10, 10, 10, 10, 10, 10, 10, 3, 10, 1, 10, 10, 
162: 10, 0, 0, 10, 0, 0, 10, 10, 0, 10, 0, 0, 0, 0, 0, 0, 0, 10, 10, 10, : 10, 10, 10, 10, 10, 10, 10, 10, 
146: 10, 2, 0, 10, 0, 10, 2, 10, 10, 10, 6, 10, 0, 10, 10, 0, 0, 10, 10, 2, : 10, 2, 10, 10, 2, 10, 10, 10, 6, 10, 10, 10, 10, 10, 2, 


