
40
200
95
10

168: 0, 0, 0, 0, 10, 10, 10, 0, 2, 10, 10, 10, 1, 0, 0, 10, 0, 10, 0, 0, 10, 0, 0, 4, 10, 0, 10, 10, 10, 1, 0, 1, 10, 10, 5, 1, 0, 0, 10, 10, : 10, 10, 10, 2, 10, 10, 10, 1, 10, 10, 10, 4, 10, 10, 10, 10, 1, 1, 10, 10, 5, 1, 10, 10, 
91: 0, 0, 10, 10, 10, 10, 2, 0, 0, 0, 0, 0, 10, 0, 0, 0, 10, 1, 0, 1, 10, 0, 10, 0, 0, 4, 10, 3, 0, 10, 10, 10, 10, 10, 0, 10, 4, 0, 0, 10, : 10, 10, 10, 10, 2, 10, 10, 1, 1, 10, 10, 4, 10, 3, 10, 10, 10, 10, 10, 10, 4, 10, 
150: 10, 0, 0, 10, 10, 0, 10, 10, 10, 1, 10, 0, 0, 10, 1, 10, 10, 10, 10, 0, 10, 10, 1, 0, 0, 0, 2, 2, 10, 0, 10, 10, 10, 10, 0, 3, 10, 10, 10, 0, : 10, 10, 10, 10, 10, 10, 1, 10, 10, 1, 10, 10, 10, 10, 10, 10, 1, 2, 2, 10, 10, 10, 10, 10, 3, 10, 10, 10, 
84: 10, 10, 0, 1, 0, 10, 10, 10, 0, 10, 0, 0, 3, 0, 10, 10, 10, 0, 0, 0, 0, 0, 10, 10, 10, 10, 10, 0, 0, 10, 0, 3, 0, 0, 0, 0, 0, 2, 0, 0, : 10, 10, 1, 10, 10, 10, 10, 3, 10, 10, 10, 10, 10, 10, 10, 10, 10, 3, 2, 
163: 0, 10, 10, 10, 10, 0, 0, 0, 10, 0, 10, 0, 0, 0, 10, 0, 10, 0, 2, 0, 10, 0, 10, 10, 0, 10, 0, 0, 0, 10, 10, 0, 0, 0, 0, 10, 0, 10, 10, 10, : 10, 10, 10, 10, 10, 10, 10, 10, 2, 10, 10, 10, 10, 10, 10, 10, 10, 10, 10, 
167: 0, 0, 0, 0, 1, 0, 10, 0, 0, 0, 0, 2, 0, 4, 10, 0, 10, 0, 10, 0, 0, 0, 10, 0, 10, 10, 0, 10, 2, 10, 0, 10, 0, 0, 10, 1, 1, 0, 0, 0, : 1, 10, 2, 4, 10, 10, 10, 10, 10, 10, 10, 2, 10, 10, 10, 1, 1, 
109: 10, 10, 10, 0, 0, 0, 10, 10, 0, 0, 5, 0, 10, 10, 0, 2, 10, 10, 10, 10, 0, 10, 10, 8, 10, 0, 0, 0, 10, 0, 0, 0, 0, 10, 10, 0, 0, 0, 10, 10, : 10, 10, 10, 10, 10, 5, 10, 10, 2, 10, 10, 10, 10, 10, 10, 8, 10, 10, 10, 10, 10, 10, 
36: 0, 10, 0, 10, 10, 10, 0, 10, 10, 10, 10, 0, 0, 10, 0, 10, 0, 0, 14, 1, 0, 10, 0, 0, 0, 0, 10, 10, 10, 0, 10, 0, 10, 10, 0, 10, 10, 0, 10, 0, : 10, 10, 10, 10, 10, 10, 10, 10, 10, 10, 14, 1, 10, 10, 10, 10, 10, 10, 10, 10, 10, 10, 
192: 10, 0, 0, 10, 0, 2, 10, 10, 10, 10, 0, 10, 10, 0, 0, 3, 0, 0, 0, 10, 10, 5, 0, 10, 10, 0, 1, 10, 0, 4, 0, 0, 10, 0, 0, 0, 10, 2, 0, 0, : 10, 10, 2, 10, 10, 10, 10, 10, 10, 3, 10, 10, 5, 10, 10, 1, 10, 4, 10, 10, 2, 
61: 0, 0, 10, 2, 10, 1, 0, 0, 0, 10, 0, 10, 10, 10, 10, 10, 10, 10, 10, 10, 0, 10, 10, 1, 10, 0, 0, 10, 0, 10, 2, 10, 10, 5, 10, 0, 0, 10, 10, 0, : 10, 2, 10, 1, 10, 10, 10, 10, 10, 10, 10, 10, 10, 10, 10, 10, 1, 10, 10, 10, 2, 10, 10, 5, 10, 10, 10, 
74: 10, 0, 5, 2, 0, 10, 0, 10, 10, 0, 10, 0, 10, 10, 0, 0, 0, 10, 10, 10, 0, 10, 0, 0, 0, 10, 10, 10, 10, 0, 2, 10, 0, 0, 10, 0, 0, 10, 10, 10, : 10, 5, 2, 10, 10, 10, 10, 10, 10, 10, 10, 10, 10, 10, 10, 10, 10, 2, 10, 10, 10, 10, 10, 
59: 10, 0, 10, 0, 0, 10, 0, 0, 0, 0, 0, 0, 10, 10, 10, 10, 0, 1, 0, 0, 1, 0, 0, 10, 0, 0, 10, 0, 0, 0, 10, 1, 0, 1, 10, 10, 10, 1, 5, 10, : 10, 10, 10, 10, 10, 10, 10, 1, 1, 10, 10, 10, 1, 1, 10, 10, 10, 1, 5, 10, 
135: 10, 5, 0, 10, 0, 10, 10, 0, 0, 10, 10, 10, 0, 1, 10, 0, 10, 0, 10, 10, 0, 10, 0, 1, 10, 10, 0, 0, 0, 10, 0, 0, 10, 0, 10, 10, 10, 0, 0, 5, : 10, 5, 10, 10, 10, 10, 10, 10, 1, 10, 10, 10, 10, 10, 1, 10, 10, 10, 10, 10, 10, 10, 5, 
58: 0, 0, 10, 0, 10, 10, 0, 10, 10, 0, 0, 0, 0, 0, 0, 0, 4, 10, 0, 10, 10, 0, 0, 0, 10, 10, 0, 0, 13, 0, 1, 0, 5, 10, 10, 10, 0, 10, 0, 0, : 10, 10, 10, 10, 10, 4, 10, 10, 10, 10, 10, 13, 1, 5, 10, 10, 10, 10, 
154: 0, 10, 0, 0, 0, 1, 3, 0, 3, 0, 0, 10, 0, 10, 4, 0, 0, 3, 0, 0, 10, 0, 0, 10, 10, 10, 10, 10, 10, 0, 0, 0, 0, 8, 0, 10, 10, 10, 10, 10, : 10, 1, 3, 3, 10, 10, 4, 3, 10, 10, 10, 10, 10, 10, 10, 8, 10, 10, 10, 10, 10, 
122: 5, 10, 10, 10, 10, 0, 0, 5, 0, 4, 10, 10, 10, 0, 10, 10, 0, 0, 7, 10, 0, 10, 10, 1, 0, 10, 10, 10, 0, 10, 10, 10, 10, 1, 10, 0, 0, 0, 0, 0, : 5, 10, 10, 10, 10, 5, 4, 10, 10, 10, 10, 10, 7, 10, 10, 10, 1, 10, 10, 10, 10, 10, 10, 10, 1, 10, 
13: 10, 0, 10, 0, 4, 1, 0, 0, 10, 10, 0, 10, 10, 10, 0, 10, 1, 0, 0, 2, 10, 10, 10, 10, 0, 1, 10, 0, 0, 0, 10, 10, 0, 10, 0, 0, 0, 10, 0, 0, : 10, 10, 4, 1, 10, 10, 10, 10, 10, 10, 1, 2, 10, 10, 10, 10, 1, 10, 10, 10, 10, 10, 
199: 0, 10, 10, 10, 0, 0, 10, 10, 0, 10, 0, 3, 0, 0, 0, 0, 0, 10, 0, 1, 0, 10, 4, 10, 3, 0, 0, 10, 10, 10, 10, 0, 10, 0, 10, 10, 10, 0, 0, 10, : 10, 10, 10, 10, 10, 10, 3, 10, 1, 10, 4, 10, 3, 10, 10, 10, 10, 10, 10, 10, 10, 10, 
1: 10, 10, 0, 0, 10, 10, 10, 0, 10, 10, 10, 10, 10, 0, 10, 10, 10, 10, 2, 10, 0, 0, 10, 10, 2, 0, 1, 0, 10, 10, 0, 10, 0, 10, 0, 10, 10, 10, 0, 10, : 10, 10, 10, 10, 10, 10, 10, 10, 10, 10, 10, 10, 10, 10, 2, 10, 10, 10, 2, 1, 10, 10, 10, 10, 10, 10, 10, 10, 
157: 0, 10, 0, 10, 0, 0, 0, 10, 10, 0, 10, 10, 1, 10, 10, 0, 0, 10, 10, 10, 14, 0, 0, 0, 0, 10, 1, 0, 0, 0, 10, 10, 0, 0, 0, 0, 10, 10, 10, 0, : 10, 10, 10, 10, 10, 10, 1, 10, 10, 10, 10, 10, 14, 10, 1, 10, 10, 10, 10, 10, 


198: 0, 10, 16, 1, 10, 10, 10, 10, 10, 10, 0, 10, 0, 10, 10, 0, 10, 0, 0, 0, 10, 10, 0, 10, 0, 10, 10, 0, 0, 10, 0, 2, 0, 2, 0, 0, 10, 3, 0, 0, : 10, 16, 1, 10, 10, 10, 10, 10, 10, 10, 10, 10, 10, 10, 10, 10, 10, 10, 10, 2, 2, 10, 3, 
52: 10, 1, 0, 0, 0, 10, 0, 10, 0, 0, 0, 0, 3, 0, 10, 0, 0, 10, 10, 0, 0, 0, 0, 0, 10, 10, 0, 0, 0, 0, 1, 0, 2, 0, 10, 0, 0, 0, 10, 10, : 10, 1, 10, 10, 3, 10, 10, 10, 10, 10, 1, 2, 10, 10, 10, 
88: 1, 10, 0, 10, 10, 0, 0, 0, 10, 10, 10, 10, 10, 10, 0, 0, 10, 10, 1, 0, 10, 10, 10, 10, 1, 10, 10, 0, 10, 10, 10, 0, 0, 10, 4, 4, 10, 10, 0, 1, : 1, 10, 10, 10, 10, 10, 10, 10, 10, 10, 10, 10, 1, 10, 10, 10, 10, 1, 10, 10, 10, 10, 10, 10, 4, 4, 10, 10, 1, 
171: 10, 10, 0, 10, 10, 0, 1, 0, 10, 10, 2, 0, 0, 2, 0, 10, 10, 0, 10, 0, 0, 0, 5, 0, 0, 0, 0, 0, 0, 10, 10, 0, 2, 10, 0, 1, 10, 10, 10, 0, : 10, 10, 10, 10, 1, 10, 10, 2, 2, 10, 10, 10, 5, 10, 10, 2, 10, 1, 10, 10, 10, 
196: 0, 0, 2, 4, 2, 0, 1, 0, 0, 10, 0, 10, 10, 0, 10, 10, 1, 10, 0, 10, 10, 10, 0, 10, 0, 10, 10, 10, 2, 0, 0, 0, 10, 0, 10, 10, 10, 10, 0, 0, : 2, 4, 2, 1, 10, 10, 10, 10, 10, 1, 10, 10, 10, 10, 10, 10, 10, 10, 2, 10, 10, 10, 10, 10, 
38: 0, 1, 0, 0, 3, 10, 0, 0, 10, 1, 0, 0, 10, 3, 0, 14, 0, 0, 1, 5, 4, 10, 0, 3, 1, 10, 0, 0, 0, 10, 10, 10, 10, 10, 0, 10, 0, 10, 10, 10, : 1, 3, 10, 10, 1, 10, 3, 14, 1, 5, 4, 10, 3, 1, 10, 10, 10, 10, 10, 10, 10, 10, 10, 10, 
172: 10, 10, 0, 0, 10, 0, 10, 10, 0, 10, 10, 10, 0, 0, 10, 10, 1, 0, 10, 10, 10, 0, 10, 10, 1, 0, 10, 0, 10, 1, 10, 10, 10, 0, 10, 0, 1, 0, 10, 10, : 10, 10, 10, 10, 10, 10, 10, 10, 10, 10, 1, 10, 10, 10, 10, 10, 1, 10, 10, 1, 10, 10, 10, 10, 1, 10, 10, 
57: 0, 0, 0, 0, 0, 0, 10, 10, 0, 0, 0, 0, 10, 10, 10, 10, 0, 10, 0, 10, 10, 10, 10, 0, 0, 0, 10, 0, 10, 10, 0, 10, 0, 10, 0, 0, 4, 0, 0, 10, : 10, 10, 10, 10, 10, 10, 10, 10, 10, 10, 10, 10, 10, 10, 10, 10, 4, 10, 
141: 10, 10, 10, 0, 10, 0, 0, 0, 0, 10, 10, 10, 0, 0, 5, 10, 10, 10, 0, 10, 0, 10, 0, 0, 0, 2, 0, 10, 10, 0, 10, 0, 10, 10, 0, 10, 10, 10, 10, 0, : 10, 10, 10, 10, 10, 10, 10, 5, 10, 10, 10, 10, 10, 2, 10, 10, 10, 10, 10, 10, 10, 10, 10, 
183: 0, 0, 1, 10, 0, 10, 10, 10, 0, 1, 0, 10, 10, 0, 0, 0, 0, 10, 0, 10, 0, 0, 0, 0, 2, 10, 10, 0, 0, 10, 0, 0, 0, 0, 0, 10, 10, 10, 10, 10, : 1, 10, 10, 10, 10, 1, 10, 10, 10, 10, 2, 10, 10, 10, 10, 10, 10, 10, 10, 
130: 0, 0, 10, 10, 0, 3, 10, 0, 2, 0, 7, 0, 10, 19, 0, 0, 3, 0, 10, 0, 0, 0, 6, 0, 10, 0, 1, 10, 10, 10, 0, 3, 0, 10, 0, 10, 0, 10, 0, 10, : 10, 10, 3, 10, 2, 7, 10, 19, 3, 10, 6, 10, 1, 10, 10, 10, 3, 10, 10, 10, 10, 
178: 0, 3, 10, 10, 10, 10, 10, 0, 10, 0, 10, 5, 0, 10, 10, 0, 0, 10, 0, 10, 0, 0, 0, 10, 10, 0, 0, 0, 0, 10, 10, 10, 10, 0, 1, 0, 0, 2, 10, 0, : 3, 10, 10, 10, 10, 10, 10, 10, 5, 10, 10, 10, 10, 10, 10, 10, 10, 10, 10, 1, 2, 10, 
140: 10, 10, 0, 0, 0, 10, 10, 10, 2, 0, 10, 0, 10, 0, 0, 10, 10, 10, 2, 10, 0, 10, 0, 0, 10, 0, 0, 10, 0, 0, 0, 0, 10, 0, 10, 0, 10, 0, 0, 4, : 10, 10, 10, 10, 10, 2, 10, 10, 10, 10, 10, 2, 10, 10, 10, 10, 10, 10, 10, 4, 
62: 10, 10, 10, 10, 0, 0, 2, 0, 0, 10, 1, 0, 0, 0, 10, 10, 0, 0, 1, 10, 10, 2, 3, 2, 0, 10, 0, 10, 10, 0, 0, 10, 0, 0, 10, 0, 0, 0, 10, 0, : 10, 10, 10, 10, 2, 10, 1, 10, 10, 1, 10, 10, 2, 3, 2, 10, 10, 10, 10, 10, 10, 
120: 0, 10, 10, 10, 0, 2, 0, 10, 10, 10, 0, 0, 10, 1, 10, 10, 10, 10, 10, 0, 0, 1, 11, 10, 10, 10, 0, 5, 10, 1, 4, 0, 1, 3, 10, 0, 0, 0, 5, 0, : 10, 10, 10, 2, 10, 10, 10, 10, 1, 10, 10, 10, 10, 10, 1, 11, 10, 10, 10, 5, 10, 1, 4, 1, 3, 10, 5, 
16: 0, 0, 6, 0, 0, 10, 10, 4, 10, 0, 15, 10, 0, 0, 0, 0, 10, 0, 10, 10, 1, 10, 10, 0, 0, 0, 10, 0, 3, 2, 10, 10, 10, 10, 0, 10, 10, 0, 10, 0, : 6, 10, 10, 4, 10, 15, 10, 10, 10, 10, 1, 10, 10, 10, 3, 2, 10, 10, 10, 10, 10, 10, 10, 
86: 14, 10, 10, 0, 10, 0, 1, 10, 0, 2, 10, 10, 10, 10, 0, 0, 0, 0, 10, 0, 10, 10, 10, 0, 10, 1, 14, 10, 10, 1, 0, 10, 10, 10, 10, 10, 0, 10, 0, 0, : 14, 10, 10, 10, 1, 10, 2, 10, 10, 10, 10, 10, 10, 10, 10, 10, 1, 14, 10, 10, 1, 10, 10, 10, 10, 10, 10, 
117: 0, 0, 0, 0, 0, 10, 8, 10, 10, 0, 10, 10, 2, 10, 0, 0, 0, 5, 0, 0, 0, 0, 10, 10, 10, 10, 0, 10, 0, 10, 10, 10, 0, 0, 10, 0, 0, 10, 0, 10, : 10, 8, 10, 10, 10, 10, 2, 10, 5, 10, 10, 10, 10, 10, 10, 10, 10, 10, 10, 10, 
71: 10, 0, 0, 10, 10, 10, 2, 1, 10, 1, 0, 0, 0, 10, 10, 0, 10, 0, 10, 0, 10, 0, 0, 10, 10, 1, 10, 10, 0, 0, 10, 10, 0, 0, 10, 10, 10, 0, 0, 10, : 10, 10, 10, 10, 2, 1, 10, 1, 10, 10, 10, 10, 10, 10, 10, 1, 10, 10, 10, 10, 10, 10, 10, 10, 
7: 10, 0, 10, 10, 10, 0, 0, 0, 1, 10, 0, 0, 0, 0, 0, 1, 10, 0, 10, 0, 10, 2, 10, 10, 10, 1, 0, 10, 10, 0, 0, 0, 10, 10, 0, 10, 0, 0, 0, 10, : 10, 10, 10, 10, 1, 10, 1, 10, 10, 10, 2, 10, 10, 10, 1, 10, 10, 10, 10, 10, 10, 


22: 0, 0, 0, 4, 1, 0, 2, 0, 0, 1, 10, 10, 10, 10, 0, 10, 10, 0, 0, 5, 0, 0, 10, 10, 0, 10, 10, 10, 10, 0, 0, 1, 0, 10, 0, 0, 10, 5, 0, 10, : 4, 1, 2, 1, 10, 10, 10, 10, 10, 10, 5, 10, 10, 10, 10, 10, 10, 1, 10, 10, 5, 10, 
129: 10, 10, 4, 10, 10, 10, 0, 0, 0, 0, 10, 0, 10, 10, 10, 10, 10, 0, 10, 10, 10, 10, 10, 10, 0, 10, 10, 0, 10, 0, 10, 10, 2, 0, 10, 0, 0, 0, 10, 0, : 10, 10, 4, 10, 10, 10, 10, 10, 10, 10, 10, 10, 10, 10, 10, 10, 10, 10, 10, 10, 10, 10, 10, 2, 10, 10, 
181: 3, 10, 0, 10, 14, 10, 10, 0, 0, 0, 10, 5, 4, 10, 10, 0, 0, 0, 10, 0, 10, 10, 0, 2, 0, 0, 10, 0, 10, 10, 10, 0, 1, 0, 10, 0, 2, 0, 0, 10, : 3, 10, 10, 14, 10, 10, 10, 5, 4, 10, 10, 10, 10, 10, 2, 10, 10, 10, 10, 1, 10, 2, 10, 
156: 0, 10, 0, 0, 0, 0, 10, 0, 10, 10, 0, 0, 10, 0, 1, 10, 0, 10, 10, 10, 0, 10, 10, 0, 10, 0, 2, 0, 10, 0, 0, 10, 10, 10, 10, 0, 10, 0, 0, 10, : 10, 10, 10, 10, 10, 1, 10, 10, 10, 10, 10, 10, 10, 2, 10, 10, 10, 10, 10, 10, 10, 
197: 10, 10, 10, 10, 0, 10, 0, 0, 10, 0, 18, 3, 0, 0, 2, 0, 0, 10, 0, 0, 10, 0, 0, 10, 10, 6, 0, 0, 0, 10, 1, 10, 0, 10, 10, 0, 1, 10, 10, 0, : 10, 10, 10, 10, 10, 10, 18, 3, 2, 10, 10, 10, 10, 6, 10, 1, 10, 10, 10, 1, 10, 10, 
30: 0, 0, 10, 0, 10, 1, 10, 0, 10, 10, 0, 10, 10, 0, 1, 10, 2, 10, 0, 0, 10, 2, 5, 0, 0, 10, 0, 10, 0, 2, 0, 10, 10, 0, 0, 10, 0, 0, 10, 10, : 10, 10, 1, 10, 10, 10, 10, 10, 1, 10, 2, 10, 10, 2, 5, 10, 10, 2, 10, 10, 10, 10, 10, 
5: 10, 10, 0, 0, 0, 0, 0, 10, 0, 0, 10, 0, 0, 10, 0, 10, 2, 0, 10, 0, 0, 1, 10, 10, 0, 0, 0, 0, 0, 0, 10, 0, 0, 10, 0, 10, 0, 10, 8, 0, : 10, 10, 10, 10, 10, 10, 2, 10, 1, 10, 10, 10, 10, 10, 10, 8, 
93: 10, 0, 10, 10, 10, 0, 1, 10, 0, 0, 0, 1, 10, 10, 0, 0, 0, 0, 0, 10, 0, 10, 10, 0, 0, 10, 0, 10, 10, 0, 0, 0, 10, 10, 2, 10, 2, 10, 2, 0, : 10, 10, 10, 10, 1, 10, 1, 10, 10, 10, 10, 10, 10, 10, 10, 10, 10, 2, 10, 2, 10, 2, 
50: 0, 10, 10, 10, 10, 10, 0, 10, 0, 10, 0, 1, 10, 10, 2, 10, 10, 5, 10, 0, 0, 0, 0, 0, 5, 9, 0, 0, 10, 0, 4, 10, 16, 10, 10, 0, 0, 0, 0, 10, : 10, 10, 10, 10, 10, 10, 10, 1, 10, 10, 2, 10, 10, 5, 10, 5, 9, 10, 4, 10, 16, 10, 10, 10, 
125: 0, 10, 10, 1, 10, 0, 10, 10, 0, 0, 0, 3, 0, 0, 10, 10, 10, 10, 10, 0, 4, 10, 0, 10, 0, 0, 0, 0, 10, 10, 0, 0, 10, 0, 1, 10, 10, 10, 10, 0, : 10, 10, 1, 10, 10, 10, 3, 10, 10, 10, 10, 10, 4, 10, 10, 10, 10, 10, 1, 10, 10, 10, 10, 
34: 10, 0, 0, 15, 10, 0, 1, 1, 0, 0, 5, 10, 0, 0, 10, 0, 0, 10, 10, 10, 1, 10, 10, 10, 10, 0, 4, 10, 0, 10, 0, 0, 10, 0, 2, 10, 10, 20, 10, 10, : 10, 15, 10, 1, 1, 5, 10, 10, 10, 10, 10, 1, 10, 10, 10, 10, 4, 10, 10, 10, 2, 10, 10, 20, 10, 10, 
115: 10, 0, 10, 10, 0, 1, 10, 10, 1, 10, 2, 0, 0, 1, 0, 2, 11, 10, 1, 10, 0, 0, 10, 3, 10, 0, 19, 10, 0, 10, 0, 0, 0, 0, 0, 10, 10, 0, 10, 10, : 10, 10, 10, 1, 10, 10, 1, 10, 2, 1, 2, 11, 10, 1, 10, 10, 3, 10, 19, 10, 10, 10, 10, 10, 10, 
166: 0, 0, 0, 0, 10, 0, 10, 10, 10, 0, 10, 10, 0, 10, 16, 0, 10, 10, 4, 0, 10, 0, 0, 0, 10, 0, 0, 5, 0, 0, 10, 10, 1, 0, 10, 0, 0, 0, 10, 10, : 10, 10, 10, 10, 10, 10, 10, 16, 10, 10, 4, 10, 10, 5, 10, 10, 1, 10, 10, 10, 
186: 1, 10, 1, 0, 0, 10, 0, 10, 10, 10, 0, 10, 10, 10, 10, 0, 10, 0, 10, 10, 0, 1, 0, 0, 0, 10, 10, 8, 10, 0, 10, 10, 0, 10, 10, 0, 0, 10, 10, 0, : 1, 10, 1, 10, 10, 10, 10, 10, 10, 10, 10, 10, 10, 10, 1, 10, 10, 8, 10, 10, 10, 10, 10, 10, 10, 
20: 10, 5, 0, 0, 0, 0, 0, 10, 10, 10, 10, 0, 1, 4, 1, 0, 0, 0, 0, 10, 10, 0, 0, 0, 10, 10, 10, 1, 0, 0, 10, 1, 10, 10, 0, 10, 10, 0, 0, 0, : 10, 5, 10, 10, 10, 10, 1, 4, 1, 10, 10, 10, 10, 10, 1, 10, 1, 10, 10, 10, 10, 
3: 10, 0, 0, 3, 0, 10, 1, 10, 0, 0, 0, 10, 0, 10, 0, 0, 0, 10, 0, 10, 0, 10, 10, 10, 0, 0, 10, 1, 2, 10, 10, 10, 0, 0, 0, 0, 10, 10, 0, 0, : 10, 3, 10, 1, 10, 10, 10, 10, 10, 10, 10, 10, 10, 1, 2, 10, 10, 10, 10, 10, 
35: 0, 0, 10, 10, 0, 10, 10, 3, 1, 10, 0, 0, 0, 0, 10, 0, 10, 10, 0, 0, 10, 0, 0, 10, 10, 10, 10, 10, 3, 10, 0, 1, 10, 10, 10, 10, 10, 0, 0, 0, : 10, 10, 10, 10, 3, 1, 10, 10, 10, 10, 10, 10, 10, 10, 10, 10, 3, 10, 1, 10, 10, 10, 10, 10, 
124: 10, 10, 10, 0, 0, 3, 0, 1, 10, 4, 0, 2, 10, 0, 10, 10, 10, 0, 0, 0, 0, 10, 0, 0, 10, 0, 0, 0, 10, 3, 10, 10, 2, 0, 10, 3, 10, 0, 5, 10, : 10, 10, 10, 3, 1, 10, 4, 2, 10, 10, 10, 10, 10, 10, 10, 3, 10, 10, 2, 10, 3, 10, 5, 10, 
111: 1, 0, 0, 2, 0, 10, 10, 0, 13, 10, 10, 10, 10, 0, 2, 10, 0, 0, 10, 0, 10, 1, 10, 0, 0, 0, 0, 10, 0, 10, 0, 2, 0, 2, 0, 10, 0, 0, 0, 0, : 1, 2, 10, 10, 13, 10, 10, 10, 10, 2, 10, 10, 10, 1, 10, 10, 10, 2, 2, 10, 
177: 0, 0, 10, 0, 10, 10, 10, 0, 10, 10, 0, 10, 0, 0, 0, 3, 0, 0, 0, 10, 10, 10, 0, 10, 10, 10, 0, 10, 0, 10, 10, 0, 3, 3, 0, 2, 0, 10, 0, 5, : 10, 10, 10, 10, 10, 10, 10, 3, 10, 10, 10, 10, 10, 10, 10, 10, 10, 3, 3, 2, 10, 5, 


151: 10, 10, 0, 0, 1, 10, 10, 10, 0, 10, 10, 10, 4, 0, 10, 0, 10, 0, 10, 5, 10, 10, 0, 10, 0, 10, 1, 0, 0, 10, 10, 0, 10, 2, 0, 10, 4, 10, 10, 10, : 10, 10, 1, 10, 10, 10, 10, 10, 10, 4, 10, 10, 10, 5, 10, 10, 10, 10, 1, 10, 10, 10, 2, 10, 4, 10, 10, 10, 
56: 0, 10, 10, 10, 0, 0, 1, 10, 10, 0, 0, 10, 10, 3, 10, 1, 0, 0, 2, 10, 10, 10, 10, 2, 1, 13, 1, 5, 0, 0, 10, 0, 1, 0, 0, 10, 10, 10, 0, 0, : 10, 10, 10, 1, 10, 10, 10, 10, 3, 10, 1, 2, 10, 10, 10, 10, 2, 1, 13, 1, 5, 10, 1, 10, 10, 10, 
175: 10, 5, 0, 3, 15, 0, 0, 0, 10, 0, 0, 1, 10, 10, 10, 0, 0, 16, 10, 10, 10, 0, 10, 10, 0, 11, 0, 10, 0, 10, 3, 0, 0, 10, 0, 0, 0, 1, 10, 10, : 10, 5, 3, 15, 10, 1, 10, 10, 10, 16, 10, 10, 10, 10, 10, 11, 10, 10, 3, 10, 1, 10, 10, 
132: 10, 10, 10, 12, 0, 10, 0, 0, 1, 10, 0, 10, 10, 0, 10, 10, 10, 10, 0, 0, 10, 0, 2, 10, 10, 10, 10, 10, 10, 10, 0, 0, 1, 4, 0, 10, 10, 0, 10, 0, : 10, 10, 10, 12, 10, 1, 10, 10, 10, 10, 10, 10, 10, 10, 2, 10, 10, 10, 10, 10, 10, 10, 1, 4, 10, 10, 10, 
128: 0, 7, 0, 10, 0, 10, 10, 0, 10, 0, 1, 0, 19, 10, 1, 10, 0, 10, 10, 0, 0, 0, 10, 10, 10, 10, 10, 0, 10, 1, 7, 10, 10, 0, 10, 10, 0, 0, 10, 3, : 7, 10, 10, 10, 10, 1, 19, 10, 1, 10, 10, 10, 10, 10, 10, 10, 10, 10, 1, 7, 10, 10, 10, 10, 10, 3, 
184: 0, 0, 10, 0, 0, 0, 10, 10, 10, 10, 0, 0, 0, 10, 10, 0, 10, 10, 0, 10, 5, 10, 0, 0, 0, 0, 10, 0, 0, 0, 10, 10, 0, 10, 10, 0, 0, 0, 0, 10, : 10, 10, 10, 10, 10, 10, 10, 10, 10, 10, 5, 10, 10, 10, 10, 10, 10, 10, 
149: 10, 0, 0, 0, 10, 0, 8, 10, 0, 10, 10, 10, 0, 1, 0, 0, 0, 10, 3, 1, 0, 10, 0, 0, 0, 10, 10, 0, 10, 0, 10, 2, 10, 0, 10, 0, 10, 10, 10, 0, : 10, 10, 8, 10, 10, 10, 10, 1, 10, 3, 1, 10, 10, 10, 10, 10, 2, 10, 10, 10, 10, 10, 
103: 0, 10, 0, 10, 10, 1, 10, 1, 0, 0, 0, 0, 10, 10, 10, 1, 10, 10, 0, 10, 10, 10, 0, 10, 10, 0, 0, 10, 0, 0, 10, 7, 10, 1, 0, 10, 10, 0, 10, 1, : 10, 10, 10, 1, 10, 1, 10, 10, 10, 1, 10, 10, 10, 10, 10, 10, 10, 10, 10, 7, 10, 1, 10, 10, 10, 1, 
2: 10, 10, 0, 0, 10, 0, 0, 3, 10, 7, 9, 0, 10, 0, 0, 10, 0, 0, 0, 0, 10, 0, 15, 0, 0, 0, 3, 0, 10, 1, 10, 0, 1, 10, 0, 10, 10, 7, 0, 10, : 10, 10, 10, 3, 10, 7, 9, 10, 10, 10, 15, 3, 10, 1, 10, 1, 10, 10, 10, 7, 10, 
73: 10, 2, 0, 0, 0, 1, 0, 0, 0, 0, 0, 0, 0, 10, 0, 1, 10, 4, 0, 10, 10, 3, 12, 3, 10, 1, 10, 10, 0, 10, 0, 1, 0, 0, 1, 0, 0, 7, 0, 10, : 10, 2, 1, 10, 1, 10, 4, 10, 10, 3, 12, 3, 10, 1, 10, 10, 10, 1, 1, 7, 10, 
17: 0, 0, 10, 0, 10, 10, 10, 0, 10, 10, 0, 10, 0, 10, 10, 2, 10, 0, 10, 0, 0, 0, 1, 0, 1, 0, 10, 5, 10, 10, 0, 0, 10, 10, 10, 5, 0, 0, 0, 1, : 10, 10, 10, 10, 10, 10, 10, 10, 10, 2, 10, 10, 1, 1, 10, 5, 10, 10, 10, 10, 10, 5, 1, 
105: 0, 0, 10, 10, 10, 0, 0, 0, 0, 4, 10, 1, 0, 0, 0, 0, 0, 10, 10, 9, 0, 0, 5, 10, 0, 10, 10, 10, 10, 0, 0, 10, 0, 16, 0, 10, 10, 10, 10, 10, : 10, 10, 10, 4, 10, 1, 10, 10, 9, 5, 10, 10, 10, 10, 10, 10, 16, 10, 10, 10, 10, 10, 
29: 10, 0, 10, 10, 0, 10, 6, 0, 0, 4, 10, 2, 0, 10, 0, 10, 10, 0, 17, 0, 10, 0, 0, 0, 0, 0, 0, 0, 0, 10, 0, 10, 10, 0, 10, 0, 0, 0, 1, 10, : 10, 10, 10, 10, 6, 4, 10, 2, 10, 10, 10, 17, 10, 10, 10, 10, 10, 1, 10, 
104: 0, 10, 0, 0, 0, 0, 10, 10, 0, 0, 0, 0, 0, 0, 0, 10, 0, 10, 10, 10, 0, 10, 0, 0, 10, 0, 10, 1, 0, 3, 0, 0, 1, 0, 10, 0, 10, 10, 10, 10, : 10, 10, 10, 10, 10, 10, 10, 10, 10, 10, 1, 3, 1, 10, 10, 10, 10, 10, 
173: 0, 1, 10, 10, 0, 13, 10, 10, 10, 0, 10, 1, 10, 10, 0, 10, 10, 0, 0, 0, 0, 2, 0, 10, 3, 0, 0, 10, 1, 10, 0, 10, 10, 2, 10, 0, 10, 10, 4, 0, : 1, 10, 10, 13, 10, 10, 10, 10, 1, 10, 10, 10, 10, 2, 10, 3, 10, 1, 10, 10, 10, 2, 10, 10, 10, 4, 
118: 10, 0, 10, 10, 10, 0, 0, 10, 4, 10, 0, 10, 2, 0, 10, 10, 10, 2, 10, 0, 0, 10, 0, 0, 0, 10, 0, 2, 10, 0, 0, 0, 10, 10, 4, 0, 1, 0, 0, 0, : 10, 10, 10, 10, 10, 4, 10, 10, 2, 10, 10, 10, 2, 10, 10, 10, 2, 10, 10, 10, 4, 1, 
75: 0, 0, 4, 0, 8, 10, 0, 1, 0, 10, 10, 10, 0, 0, 1, 0, 5, 0, 0, 0, 0, 10, 10, 10, 10, 0, 0, 1, 0, 10, 10, 10, 0, 0, 10, 0, 10, 10, 0, 0, : 4, 8, 10, 1, 10, 10, 10, 1, 5, 10, 10, 10, 10, 1, 10, 10, 10, 10, 10, 10, 
76: 10, 10, 0, 10, 0, 10, 0, 10, 0, 0, 0, 10, 0, 10, 10, 0, 0, 0, 3, 0, 0, 10, 10, 0, 10, 0, 0, 1, 0, 0, 5, 15, 1, 10, 0, 0, 0, 0, 0, 0, : 10, 10, 10, 10, 10, 10, 10, 10, 3, 10, 10, 10, 1, 5, 15, 1, 10, 
43: 5, 0, 1, 0, 11, 10, 10, 10, 10, 0, 10, 0, 10, 0, 3, 10, 0, 0, 0, 10, 10, 0, 10, 0, 10, 10, 0, 10, 10, 0, 10, 0, 0, 0, 0, 10, 0, 10, 0, 10, : 5, 1, 11, 10, 10, 10, 10, 10, 10, 3, 10, 10, 10, 10, 10, 10, 10, 10, 10, 10, 10, 10, 
12: 0, 10, 10, 0, 0, 0, 0, 0, 10, 10, 15, 10, 0, 1, 0, 10, 0, 3, 0, 10, 0, 0, 0, 10, 10, 0, 10, 10, 14, 10, 0, 10, 10, 10, 10, 10, 0, 0, 10, 0, : 10, 10, 10, 10, 15, 10, 1, 10, 3, 10, 10, 10, 10, 10, 14, 10, 10, 10, 10, 10, 10, 10, 


80: 10, 0, 10, 0, 10, 0, 4, 10, 0, 2, 10, 0, 0, 5, 0, 1, 4, 10, 10, 10, 1, 10, 10, 4, 10, 0, 10, 10, 10, 10, 10, 0, 10, 7, 0, 0, 1, 0, 10, 0, : 10, 10, 10, 4, 10, 2, 10, 5, 1, 4, 10, 10, 10, 1, 10, 10, 4, 10, 10, 10, 10, 10, 10, 10, 7, 1, 10, 
10: 10, 3, 10, 0, 10, 0, 0, 0, 1, 10, 0, 10, 0, 10, 0, 10, 6, 10, 0, 0, 0, 0, 10, 0, 10, 0, 8, 10, 10, 0, 10, 10, 0, 0, 19, 10, 10, 0, 0, 0, : 10, 3, 10, 10, 1, 10, 10, 10, 10, 6, 10, 10, 10, 8, 10, 10, 10, 10, 19, 10, 10, 
46: 10, 10, 10, 10, 0, 10, 10, 10, 10, 0, 0, 0, 0, 0, 0, 10, 10, 10, 10, 0, 10, 0, 0, 0, 10, 10, 10, 0, 0, 10, 5, 0, 0, 0, 10, 10, 0, 10, 0, 10, : 10, 10, 10, 10, 10, 10, 10, 10, 10, 10, 10, 10, 10, 10, 10, 10, 10, 5, 10, 10, 10, 10, 
69: 0, 10, 0, 10, 0, 10, 10, 10, 0, 1, 10, 10, 0, 0, 6, 10, 0, 0, 1, 10, 2, 1, 10, 0, 10, 0, 0, 10, 0, 10, 0, 1, 0, 0, 0, 0, 0, 0, 10, 4, : 10, 10, 10, 10, 10, 1, 10, 10, 6, 10, 1, 10, 2, 1, 10, 10, 10, 10, 1, 10, 4, 
164: 10, 0, 0, 0, 0, 10, 1, 10, 0, 0, 0, 0, 10, 0, 10, 10, 0, 10, 0, 0, 10, 18, 0, 0, 0, 1, 10, 0, 0, 10, 10, 0, 0, 0, 1, 0, 10, 0, 10, 0, : 10, 10, 1, 10, 10, 10, 10, 10, 10, 18, 1, 10, 10, 10, 1, 10, 10, 
174: 10, 10, 0, 1, 0, 0, 0, 0, 1, 1, 10, 10, 10, 18, 0, 1, 0, 10, 10, 10, 10, 10, 4, 10, 0, 10, 14, 5, 10, 0, 10, 10, 10, 10, 0, 10, 0, 10, 10, 5, : 10, 10, 1, 1, 1, 10, 10, 10, 18, 1, 10, 10, 10, 10, 10, 4, 10, 10, 14, 5, 10, 10, 10, 10, 10, 10, 10, 10, 5, 
60: 0, 17, 10, 0, 10, 0, 0, 0, 10, 10, 0, 0, 10, 0, 0, 0, 0, 1, 0, 0, 10, 10, 10, 0, 1, 14, 0, 0, 10, 0, 0, 0, 10, 5, 0, 0, 0, 4, 0, 0, : 17, 10, 10, 10, 10, 10, 1, 10, 10, 10, 1, 14, 10, 10, 5, 4, 
147: 3, 0, 10, 10, 10, 10, 0, 10, 10, 10, 10, 10, 1, 0, 10, 0, 0, 0, 0, 0, 0, 0, 0, 10, 10, 0, 3, 0, 0, 0, 0, 10, 0, 3, 10, 0, 2, 10, 0, 10, : 3, 10, 10, 10, 10, 10, 10, 10, 10, 10, 1, 10, 10, 10, 3, 10, 3, 10, 2, 10, 10, 
6: 0, 0, 0, 0, 0, 0, 0, 0, 3, 10, 10, 10, 4, 10, 10, 5, 0, 0, 1, 18, 5, 10, 0, 0, 0, 0, 0, 0, 10, 10, 0, 12, 0, 10, 0, 0, 0, 10, 10, 10, : 3, 10, 10, 10, 4, 10, 10, 5, 1, 18, 5, 10, 10, 10, 12, 10, 10, 10, 10, 
180: 10, 0, 10, 10, 2, 0, 10, 0, 0, 1, 10, 10, 10, 0, 10, 10, 10, 0, 0, 0, 0, 0, 0, 0, 0, 10, 10, 10, 0, 10, 10, 10, 10, 0, 10, 0, 10, 10, 0, 10, : 10, 10, 10, 2, 10, 1, 10, 10, 10, 10, 10, 10, 10, 10, 10, 10, 10, 10, 10, 10, 10, 10, 10, 
95: 10, 0, 0, 10, 10, 0, 10, 10, 10, 10, 10, 0, 0, 0, 0, 0, 10, 0, 0, 0, 0, 10, 10, 10, 0, 10, 10, 0, 10, 0, 10, 0, 10, 0, 14, 1, 0, 0, 10, 10, : 10, 10, 10, 10, 10, 10, 10, 10, 10, 10, 10, 10, 10, 10, 10, 10, 10, 14, 1, 10, 10, 
134: 0, 10, 0, 1, 10, 2, 0, 10, 0, 10, 0, 13, 0, 10, 13, 10, 5, 10, 10, 10, 10, 0, 0, 1, 10, 0, 0, 10, 10, 4, 10, 0, 0, 10, 0, 10, 10, 1, 0, 0, : 10, 1, 10, 2, 10, 10, 13, 10, 13, 10, 5, 10, 10, 10, 10, 1, 10, 10, 10, 4, 10, 10, 10, 10, 1, 
153: 10, 0, 0, 1, 10, 10, 0, 1, 0, 10, 3, 0, 10, 0, 10, 0, 10, 0, 0, 0, 6, 0, 10, 10, 0, 0, 0, 10, 2, 1, 0, 1, 5, 0, 10, 10, 10, 0, 10, 0, : 10, 1, 10, 10, 1, 10, 3, 10, 10, 10, 6, 10, 10, 10, 2, 1, 1, 5, 10, 10, 10, 10, 
55: 0, 10, 0, 10, 10, 0, 0, 0, 10, 0, 0, 0, 10, 10, 10, 0, 10, 10, 0, 10, 0, 1, 0, 0, 10, 0, 0, 0, 10, 0, 10, 0, 0, 10, 0, 10, 10, 0, 10, 10, : 10, 10, 10, 10, 10, 10, 10, 10, 10, 10, 1, 10, 10, 10, 10, 10, 10, 10, 10, 
70: 2, 0, 5, 10, 0, 10, 10, 10, 0, 0, 10, 10, 0, 10, 6, 10, 0, 10, 10, 0, 10, 10, 0, 10, 2, 10, 0, 10, 10, 0, 0, 10, 10, 10, 0, 4, 10, 10, 0, 10, : 2, 5, 10, 10, 10, 10, 10, 10, 10, 6, 10, 10, 10, 10, 10, 10, 2, 10, 10, 10, 10, 10, 10, 4, 10, 10, 10, 
15: 0, 10, 0, 10, 0, 0, 10, 3, 10, 10, 0, 0, 10, 10, 0, 5, 0, 3, 10, 10, 0, 4, 10, 10, 1, 0, 10, 10, 0, 10, 0, 1, 0, 0, 0, 10, 2, 10, 4, 0, : 10, 10, 10, 3, 10, 10, 10, 10, 5, 3, 10, 10, 4, 10, 10, 1, 10, 10, 10, 1, 10, 2, 10, 4, 
96: 0, 0, 10, 0, 1, 10, 0, 10, 10, 0, 0, 10, 0, 10, 0, 0, 0, 0, 13, 10, 7, 1, 10, 10, 0, 10, 0, 0, 0, 10, 10, 10, 10, 10, 10, 0, 0, 0, 1, 0, : 10, 1, 10, 10, 10, 10, 10, 13, 10, 7, 1, 10, 10, 10, 10, 10, 10, 10, 10, 10, 1, 
64: 0, 10, 10, 0, 2, 10, 10, 1, 10, 0, 10, 0, 0, 0, 0, 3, 10, 10, 10, 3, 4, 0, 1, 10, 10, 10, 0, 10, 3, 0, 0, 10, 0, 10, 10, 0, 0, 0, 0, 0, : 10, 10, 2, 10, 10, 1, 10, 10, 3, 10, 10, 10, 3, 4, 1, 10, 10, 10, 10, 3, 10, 10, 10, 
112: 10, 5, 9, 10, 0, 3, 10, 0, 10, 0, 0, 2, 10, 2, 0, 0, 10, 1, 0, 4, 10, 10, 10, 10, 10, 0, 0, 0, 0, 10, 0, 10, 10, 10, 0, 10, 10, 10, 10, 0, : 10, 5, 9, 10, 3, 10, 10, 2, 10, 2, 10, 1, 4, 10, 10, 10, 10, 10, 10, 10, 10, 10, 10, 10, 10, 10, 
191: 0, 0, 1, 2, 10, 10, 10, 0, 0, 10, 2, 0, 10, 0, 10, 10, 10, 0, 10, 0, 0, 0, 0, 0, 1, 10, 10, 0, 0, 0, 0, 0, 10, 0, 1, 10, 10, 10, 0, 16, : 1, 2, 10, 10, 10, 10, 2, 10, 10, 10, 10, 10, 1, 10, 10, 10, 1, 10, 10, 10, 16, 


92: 0, 10, 1, 0, 0, 0, 10, 0, 10, 10, 10, 1, 0, 10, 10, 0, 0, 0, 10, 0, 10, 0, 0, 10, 10, 0, 0, 0, 0, 0, 10, 2, 10, 0, 10, 10, 10, 0, 0, 0, : 10, 1, 10, 10, 10, 10, 1, 10, 10, 10, 10, 10, 10, 10, 2, 10, 10, 10, 10, 
98: 0, 10, 10, 0, 10, 10, 0, 10, 0, 0, 1, 10, 0, 0, 10, 1, 10, 0, 0, 10, 10, 0, 0, 0, 0, 1, 0, 10, 0, 0, 0, 10, 2, 10, 2, 0, 10, 10, 10, 1, : 10, 10, 10, 10, 10, 1, 10, 10, 1, 10, 10, 10, 1, 10, 10, 2, 10, 2, 10, 10, 10, 1, 
39: 0, 0, 10, 10, 0, 10, 10, 0, 10, 10, 10, 0, 10, 10, 2, 1, 1, 10, 10, 0, 0, 10, 3, 2, 10, 10, 10, 10, 10, 10, 0, 10, 10, 1, 10, 10, 10, 1, 10, 0, : 10, 10, 10, 10, 10, 10, 10, 10, 10, 2, 1, 1, 10, 10, 10, 3, 2, 10, 10, 10, 10, 10, 10, 10, 10, 1, 10, 10, 10, 1, 10, 
32: 10, 0, 10, 2, 10, 10, 10, 2, 10, 0, 10, 10, 0, 0, 10, 10, 0, 1, 5, 10, 0, 10, 18, 2, 0, 0, 10, 0, 10, 2, 5, 2, 10, 10, 0, 10, 0, 10, 0, 10, : 10, 10, 2, 10, 10, 10, 2, 10, 10, 10, 10, 10, 1, 5, 10, 10, 18, 2, 10, 10, 2, 5, 2, 10, 10, 10, 10, 10, 
139: 10, 10, 10, 7, 10, 0, 10, 10, 0, 10, 10, 3, 5, 10, 0, 2, 0, 4, 0, 0, 10, 9, 0, 3, 0, 19, 10, 0, 0, 10, 10, 10, 0, 0, 0, 4, 10, 10, 2, 0, : 10, 10, 10, 7, 10, 10, 10, 10, 10, 3, 5, 10, 2, 4, 10, 9, 3, 19, 10, 10, 10, 10, 4, 10, 10, 2, 
97: 0, 0, 10, 10, 0, 0, 0, 0, 10, 1, 4, 10, 10, 10, 1, 10, 10, 0, 0, 10, 0, 10, 1, 10, 10, 0, 2, 0, 1, 1, 10, 10, 10, 10, 10, 1, 10, 10, 10, 1, : 10, 10, 10, 1, 4, 10, 10, 10, 1, 10, 10, 10, 10, 1, 10, 10, 2, 1, 1, 10, 10, 10, 10, 10, 1, 10, 10, 10, 1, 
68: 10, 2, 0, 0, 10, 0, 0, 10, 10, 10, 10, 0, 10, 10, 10, 0, 10, 0, 10, 20, 10, 10, 1, 0, 10, 0, 10, 0, 0, 10, 0, 0, 10, 0, 0, 10, 2, 0, 10, 0, : 10, 2, 10, 10, 10, 10, 10, 10, 10, 10, 10, 10, 20, 10, 10, 1, 10, 10, 10, 10, 10, 2, 10, 
31: 5, 0, 0, 0, 10, 0, 0, 0, 0, 4, 10, 10, 0, 10, 2, 1, 10, 0, 10, 10, 0, 10, 1, 10, 1, 0, 10, 0, 10, 1, 0, 0, 0, 0, 10, 0, 10, 0, 0, 0, : 5, 10, 4, 10, 10, 10, 2, 1, 10, 10, 10, 10, 1, 10, 1, 10, 10, 1, 10, 10, 
188: 10, 10, 10, 0, 10, 10, 10, 0, 0, 0, 10, 0, 2, 0, 0, 0, 0, 10, 0, 0, 0, 10, 10, 10, 1, 10, 0, 10, 2, 10, 4, 0, 0, 10, 0, 10, 2, 0, 10, 8, : 10, 10, 10, 10, 10, 10, 10, 2, 10, 10, 10, 10, 1, 10, 10, 2, 10, 4, 10, 10, 2, 10, 8, 
126: 0, 10, 10, 10, 10, 0, 0, 13, 10, 0, 0, 0, 0, 5, 10, 10, 2, 0, 0, 4, 0, 2, 10, 0, 10, 1, 10, 10, 1, 10, 0, 10, 0, 0, 0, 0, 10, 0, 10, 10, : 10, 10, 10, 10, 13, 10, 5, 10, 10, 2, 4, 2, 10, 10, 1, 10, 10, 1, 10, 10, 10, 10, 10, 
137: 0, 0, 0, 15, 0, 0, 10, 10, 2, 10, 0, 10, 0, 0, 10, 10, 10, 10, 0, 10, 10, 0, 0, 0, 10, 10, 0, 0, 0, 10, 10, 0, 1, 10, 10, 0, 0, 0, 0, 1, : 15, 10, 10, 2, 10, 10, 10, 10, 10, 10, 10, 10, 10, 10, 10, 10, 1, 10, 10, 1, 
40: 10, 10, 0, 0, 0, 0, 0, 0, 0, 0, 10, 1, 10, 10, 0, 10, 0, 10, 0, 10, 10, 0, 1, 0, 0, 0, 7, 1, 10, 1, 2, 10, 10, 1, 10, 0, 0, 0, 10, 6, : 10, 10, 10, 1, 10, 10, 10, 10, 10, 10, 1, 7, 1, 10, 1, 2, 10, 10, 1, 10, 10, 6, 
108: 10, 0, 0, 0, 0, 0, 0, 0, 1, 10, 10, 0, 10, 0, 0, 10, 0, 10, 0, 10, 5, 0, 8, 10, 10, 7, 0, 10, 0, 0, 0, 10, 10, 0, 0, 0, 0, 10, 0, 10, : 10, 1, 10, 10, 10, 10, 10, 10, 5, 8, 10, 10, 7, 10, 10, 10, 10, 10, 
23: 10, 10, 0, 10, 0, 10, 10, 0, 0, 10, 0, 0, 10, 10, 0, 0, 0, 0, 0, 1, 0, 10, 10, 10, 3, 0, 0, 1, 0, 10, 10, 10, 1, 10, 1, 0, 11, 0, 0, 10, : 10, 10, 10, 10, 10, 10, 10, 10, 1, 10, 10, 10, 3, 1, 10, 10, 10, 1, 10, 1, 11, 10, 
110: 10, 2, 4, 0, 1, 0, 5, 0, 0, 0, 0, 10, 2, 10, 10, 0, 10, 0, 10, 0, 0, 1, 0, 16, 10, 0, 0, 10, 10, 0, 10, 0, 0, 3, 0, 10, 10, 4, 0, 10, : 10, 2, 4, 1, 5, 10, 2, 10, 10, 10, 10, 1, 16, 10, 10, 10, 10, 3, 10, 10, 4, 10, 
187: 10, 1, 10, 10, 13, 10, 0, 10, 2, 0, 0, 10, 0, 0, 10, 0, 0, 10, 10, 0, 0, 3, 0, 0, 0, 10, 10, 3, 1, 10, 0, 0, 0, 10, 2, 0, 0, 10, 3, 18, : 10, 1, 10, 10, 13, 10, 10, 2, 10, 10, 10, 10, 3, 10, 10, 3, 1, 10, 10, 2, 10, 3, 18, 
121: 0, 10, 0, 10, 0, 10, 10, 10, 10, 0, 0, 0, 0, 0, 0, 10, 10, 10, 10, 0, 10, 10, 10, 10, 0, 0, 6, 10, 10, 10, 10, 1, 10, 10, 0, 0, 0, 0, 10, 10, : 10, 10, 10, 10, 10, 10, 10, 10, 10, 10, 10, 10, 10, 10, 6, 10, 10, 10, 10, 1, 10, 10, 10, 10, 
195: 0, 10, 0, 0, 0, 10, 0, 10, 10, 10, 0, 0, 10, 0, 10, 10, 10, 10, 0, 0, 0, 0, 2, 1, 10, 10, 10, 10, 10, 0, 10, 0, 10, 0, 10, 10, 0, 10, 0, 0, : 10, 10, 10, 10, 10, 10, 10, 10, 10, 10, 2, 1, 10, 10, 10, 10, 10, 10, 10, 10, 10, 10, 
131: 0, 0, 10, 10, 1, 5, 0, 10, 10, 10, 0, 10, 0, 0, 0, 0, 10, 0, 10, 0, 10, 0, 10, 1, 0, 7, 0, 0, 10, 0, 4, 10, 1, 10, 10, 10, 0, 10, 0, 0, : 10, 10, 1, 5, 10, 10, 10, 10, 10, 10, 10, 10, 1, 7, 10, 4, 10, 1, 10, 10, 10, 10, 
193: 0, 0, 0, 1, 10, 10, 10, 0, 0, 0, 0, 10, 16, 0, 0, 10, 2, 10, 10, 0, 10, 0, 10, 0, 0, 10, 0, 10, 10, 0, 0, 0, 0, 0, 10, 10, 0, 10, 10, 0, : 1, 10, 10, 10, 10, 16, 10, 2, 10, 10, 10, 10, 10, 10, 10, 10, 10, 10, 10, 


179: 0, 0, 0, 3, 0, 0, 0, 2, 10, 10, 0, 0, 5, 10, 0, 0, 0, 10, 3, 0, 10, 10, 0, 1, 1, 0, 0, 5, 10, 10, 0, 0, 0, 0, 1, 4, 0, 5, 10, 0, : 3, 2, 10, 10, 5, 10, 10, 3, 10, 10, 1, 1, 5, 10, 10, 1, 4, 5, 10, 
99: 0, 0, 10, 0, 0, 0, 10, 0, 0, 0, 10, 0, 7, 18, 4, 1, 0, 0, 10, 0, 10, 1, 10, 1, 0, 4, 10, 10, 10, 4, 0, 10, 10, 1, 10, 10, 1, 0, 10, 0, : 10, 10, 10, 7, 18, 4, 1, 10, 10, 1, 10, 1, 4, 10, 10, 10, 4, 10, 10, 1, 10, 10, 1, 10, 
113: 10, 10, 10, 10, 2, 0, 0, 0, 0, 3, 1, 10, 10, 4, 10, 0, 0, 10, 10, 10, 0, 10, 10, 10, 0, 10, 0, 9, 0, 10, 4, 0, 2, 0, 0, 0, 0, 0, 10, 0, : 10, 10, 10, 10, 2, 3, 1, 10, 10, 4, 10, 10, 10, 10, 10, 10, 10, 10, 9, 10, 4, 2, 10, 
116: 10, 10, 10, 10, 0, 0, 0, 0, 0, 10, 0, 0, 0, 0, 0, 0, 0, 0, 0, 0, 10, 0, 10, 10, 10, 10, 0, 10, 1, 10, 10, 10, 0, 3, 10, 0, 0, 10, 0, 0, : 10, 10, 10, 10, 10, 10, 10, 10, 10, 10, 10, 1, 10, 10, 10, 3, 10, 10, 
138: 0, 10, 0, 10, 0, 10, 10, 10, 2, 0, 0, 0, 0, 0, 0, 10, 0, 0, 0, 10, 4, 10, 0, 0, 0, 10, 0, 0, 0, 10, 10, 2, 2, 10, 10, 10, 0, 10, 0, 10, : 10, 10, 10, 10, 10, 2, 10, 10, 4, 10, 10, 10, 10, 2, 2, 10, 10, 10, 10, 10, 
158: 10, 0, 12, 0, 10, 2, 10, 10, 0, 0, 10, 10, 0, 10, 10, 10, 10, 10, 0, 0, 0, 0, 10, 10, 10, 10, 10, 10, 2, 0, 0, 0, 0, 10, 10, 0, 0, 10, 10, 0, : 10, 12, 10, 2, 10, 10, 10, 10, 10, 10, 10, 10, 10, 10, 10, 10, 10, 10, 10, 2, 10, 10, 10, 10, 
148: 10, 0, 10, 0, 10, 0, 2, 0, 10, 10, 0, 10, 0, 0, 0, 10, 0, 0, 0, 0, 0, 10, 10, 0, 13, 0, 10, 0, 10, 10, 0, 10, 19, 10, 0, 10, 10, 10, 0, 10, : 10, 10, 10, 2, 10, 10, 10, 10, 10, 10, 13, 10, 10, 10, 10, 19, 10, 10, 10, 10, 10, 
26: 0, 4, 10, 10, 0, 10, 10, 10, 0, 10, 0, 0, 10, 0, 10, 0, 0, 10, 0, 10, 10, 10, 0, 0, 10, 0, 0, 10, 10, 10, 0, 10, 10, 10, 0, 10, 10, 0, 0, 10, : 4, 10, 10, 10, 10, 10, 10, 10, 10, 10, 10, 10, 10, 10, 10, 10, 10, 10, 10, 10, 10, 10, 10, 
53: 10, 0, 0, 0, 10, 0, 0, 10, 10, 0, 1, 10, 10, 0, 1, 10, 10, 10, 10, 1, 0, 10, 10, 10, 0, 0, 0, 10, 10, 0, 10, 10, 1, 10, 0, 0, 0, 0, 0, 0, : 10, 10, 10, 10, 1, 10, 10, 1, 10, 10, 10, 10, 1, 10, 10, 10, 10, 10, 10, 10, 1, 10, 
143: 0, 10, 0, 10, 0, 0, 2, 0, 10, 0, 10, 10, 10, 10, 0, 10, 10, 0, 2, 10, 10, 0, 0, 10, 0, 0, 0, 1, 1, 1, 0, 10, 10, 0, 10, 10, 0, 0, 0, 1, : 10, 10, 2, 10, 10, 10, 10, 10, 10, 10, 2, 10, 10, 10, 1, 1, 1, 10, 10, 10, 10, 1, 
169: 0, 10, 3, 10, 0, 1, 10, 2, 0, 10, 10, 10, 10, 10, 10, 2, 10, 10, 0, 0, 10, 0, 0, 10, 10, 10, 10, 0, 10, 0, 0, 10, 10, 2, 0, 10, 10, 10, 10, 10, : 10, 3, 10, 1, 10, 2, 10, 10, 10, 10, 10, 10, 2, 10, 10, 10, 10, 10, 10, 10, 10, 10, 10, 2, 10, 10, 10, 10, 10, 
101: 10, 0, 0, 10, 1, 2, 0, 1, 0, 10, 10, 0, 0, 1, 10, 0, 0, 10, 0, 2, 0, 10, 0, 1, 10, 10, 0, 10, 10, 0, 0, 10, 0, 0, 3, 10, 10, 10, 10, 10, : 10, 10, 1, 2, 1, 10, 10, 1, 10, 10, 2, 10, 1, 10, 10, 10, 10, 10, 3, 10, 10, 10, 10, 10, 
78: 10, 0, 0, 0, 10, 10, 10, 0, 3, 0, 0, 0, 0, 0, 0, 10, 10, 2, 10, 12, 0, 0, 0, 0, 1, 0, 10, 10, 0, 0, 10, 0, 10, 0, 1, 10, 0, 0, 10, 0, : 10, 10, 10, 10, 3, 10, 10, 2, 10, 12, 1, 10, 10, 10, 10, 1, 10, 10, 
161: 0, 10, 10, 2, 10, 10, 0, 0, 10, 2, 3, 10, 0, 1, 0, 1, 0, 10, 10, 10, 1, 0, 10, 0, 10, 0, 10, 10, 10, 10, 10, 1, 1, 17, 10, 0, 0, 10, 10, 10, : 10, 10, 2, 10, 10, 10, 2, 3, 10, 1, 1, 10, 10, 10, 1, 10, 10, 10, 10, 10, 10, 10, 1, 1, 17, 10, 10, 10, 10, 
49: 0, 0, 0, 0, 10, 10, 10, 0, 10, 10, 10, 7, 10, 0, 10, 10, 10, 0, 0, 10, 0, 0, 0, 10, 0, 0, 10, 0, 0, 10, 1, 1, 10, 0, 10, 10, 0, 0, 5, 0, : 10, 10, 10, 10, 10, 10, 7, 10, 10, 10, 10, 10, 10, 10, 10, 1, 1, 10, 10, 10, 5, 
51: 5, 0, 0, 0, 10, 10, 0, 10, 10, 10, 10, 2, 0, 0, 10, 10, 10, 10, 10, 10, 10, 10, 5, 10, 10, 1, 5, 0, 0, 10, 10, 10, 0, 0, 0, 0, 16, 10, 0, 10, : 5, 10, 10, 10, 10, 10, 10, 2, 10, 10, 10, 10, 10, 10, 10, 10, 5, 10, 10, 1, 5, 10, 10, 10, 16, 10, 10, 
165: 10, 10, 10, 10, 2, 10, 1, 10, 0, 0, 0, 6, 10, 10, 10, 0, 10, 0, 0, 0, 10, 0, 0, 2, 0, 10, 8, 0, 0, 0, 10, 1, 0, 0, 10, 0, 10, 10, 0, 0, : 10, 10, 10, 10, 2, 10, 1, 10, 6, 10, 10, 10, 10, 10, 2, 10, 8, 10, 1, 10, 10, 10, 
190: 0, 10, 10, 0, 0, 10, 10, 10, 0, 0, 0, 10, 0, 10, 0, 10, 5, 3, 10, 0, 10, 0, 10, 0, 10, 10, 1, 0, 10, 0, 10, 0, 10, 2, 10, 0, 10, 0, 0, 10, : 10, 10, 10, 10, 10, 10, 10, 10, 5, 3, 10, 10, 10, 10, 10, 1, 10, 10, 10, 2, 10, 10, 10, 
176: 0, 10, 0, 0, 10, 10, 0, 10, 10, 10, 10, 0, 10, 1, 0, 1, 0, 0, 10, 0, 0, 4, 0, 10, 0, 10, 10, 0, 1, 0, 10, 0, 0, 10, 0, 0, 8, 0, 10, 4, : 10, 10, 10, 10, 10, 10, 10, 10, 1, 1, 10, 4, 10, 10, 10, 1, 10, 10, 8, 10, 4, 
200: 10, 1, 0, 10, 10, 0, 10, 10, 10, 0, 10, 0, 3, 10, 10, 0, 10, 0, 10, 10, 0, 10, 10, 0, 0, 0, 1, 0, 0, 0, 0, 0, 0, 10, 0, 1, 10, 0, 0, 10, : 10, 1, 10, 10, 10, 10, 10, 10, 3, 10, 10, 10, 10, 10, 10, 10, 1, 10, 1, 10, 10, 


14: 10, 0, 10, 3, 10, 0, 0, 10, 0, 0, 10, 10, 0, 10, 13, 1, 2, 10, 0, 10, 0, 0, 0, 9, 10, 10, 10, 4, 10, 10, 10, 4, 0, 0, 0, 0, 3, 10, 10, 10, : 10, 10, 3, 10, 10, 10, 10, 10, 13, 1, 2, 10, 10, 9, 10, 10, 10, 4, 10, 10, 10, 4, 3, 10, 10, 10, 
89: 3, 10, 0, 1, 0, 10, 0, 0, 10, 10, 10, 10, 0, 5, 0, 0, 0, 10, 0, 10, 10, 0, 10, 10, 0, 10, 0, 0, 0, 10, 0, 10, 10, 0, 0, 0, 1, 0, 10, 0, : 3, 10, 1, 10, 10, 10, 10, 10, 5, 10, 10, 10, 10, 10, 10, 10, 10, 10, 1, 10, 
162: 0, 0, 0, 0, 0, 0, 10, 0, 1, 10, 10, 10, 0, 0, 0, 10, 0, 0, 0, 10, 10, 10, 10, 0, 0, 18, 0, 10, 10, 0, 3, 10, 0, 1, 10, 0, 0, 2, 0, 0, : 10, 1, 10, 10, 10, 10, 10, 10, 10, 10, 18, 10, 10, 3, 10, 1, 10, 2, 
189: 10, 2, 0, 1, 10, 0, 2, 10, 2, 10, 0, 0, 5, 0, 10, 1, 10, 0, 10, 0, 0, 10, 0, 0, 0, 0, 0, 3, 10, 0, 0, 0, 1, 0, 3, 10, 10, 0, 10, 10, : 10, 2, 1, 10, 2, 10, 2, 10, 5, 10, 1, 10, 10, 10, 3, 10, 1, 3, 10, 10, 10, 10, 
94: 10, 0, 0, 10, 10, 10, 10, 0, 0, 10, 0, 0, 10, 10, 10, 0, 0, 0, 0, 10, 10, 10, 0, 0, 0, 0, 1, 0, 10, 10, 10, 10, 10, 10, 3, 10, 0, 10, 10, 10, : 10, 10, 10, 10, 10, 10, 10, 10, 10, 10, 10, 10, 1, 10, 10, 10, 10, 10, 10, 3, 10, 10, 10, 10, 
33: 1, 0, 10, 0, 10, 0, 0, 10, 10, 0, 0, 0, 10, 10, 0, 10, 10, 0, 10, 0, 7, 0, 10, 10, 10, 0, 10, 0, 10, 10, 0, 0, 10, 10, 0, 0, 10, 10, 0, 4, : 1, 10, 10, 10, 10, 10, 10, 10, 10, 10, 7, 10, 10, 10, 10, 10, 10, 10, 10, 10, 10, 4, 
45: 0, 10, 10, 10, 0, 10, 10, 10, 10, 0, 1, 0, 10, 0, 10, 10, 2, 0, 10, 10, 10, 0, 0, 0, 10, 10, 0, 10, 2, 0, 0, 0, 10, 0, 4, 10, 0, 10, 10, 0, : 10, 10, 10, 10, 10, 10, 10, 1, 10, 10, 10, 2, 10, 10, 10, 10, 10, 10, 2, 10, 4, 10, 10, 10, 
142: 10, 10, 0, 10, 0, 10, 10, 0, 2, 0, 10, 2, 0, 0, 0, 1, 0, 10, 0, 0, 0, 3, 10, 1, 0, 0, 10, 0, 0, 10, 10, 0, 10, 0, 0, 0, 0, 0, 0, 1, : 10, 10, 10, 10, 10, 2, 10, 2, 1, 10, 3, 10, 1, 10, 10, 10, 10, 1, 
42: 0, 10, 10, 10, 0, 10, 0, 0, 0, 1, 0, 0, 10, 0, 0, 0, 10, 1, 0, 10, 0, 2, 10, 10, 0, 10, 10, 3, 0, 0, 10, 9, 10, 10, 1, 10, 0, 10, 0, 0, : 10, 10, 10, 10, 1, 10, 10, 1, 10, 2, 10, 10, 10, 10, 3, 10, 9, 10, 10, 1, 10, 10, 
65: 0, 0, 10, 0, 0, 0, 2, 0, 10, 10, 0, 10, 10, 0, 0, 0, 10, 1, 10, 0, 10, 10, 10, 15, 0, 1, 10, 0, 10, 0, 10, 0, 0, 10, 10, 5, 10, 10, 0, 10, : 10, 2, 10, 10, 10, 10, 10, 1, 10, 10, 10, 10, 15, 1, 10, 10, 10, 10, 10, 5, 10, 10, 10, 
152: 10, 0, 10, 0, 5, 0, 10, 0, 0, 10, 0, 10, 0, 0, 10, 0, 10, 10, 1, 0, 10, 4, 0, 0, 10, 10, 0, 15, 10, 4, 10, 0, 0, 0, 10, 0, 10, 0, 0, 0, : 10, 10, 5, 10, 10, 10, 10, 10, 10, 1, 10, 4, 10, 10, 15, 10, 4, 10, 10, 10, 
194: 0, 10, 4, 10, 0, 10, 0, 10, 10, 9, 10, 10, 10, 0, 0, 10, 0, 10, 10, 0, 10, 0, 0, 0, 0, 10, 10, 4, 3, 0, 10, 6, 10, 0, 10, 0, 10, 10, 0, 10, : 10, 4, 10, 10, 10, 10, 9, 10, 10, 10, 10, 10, 10, 10, 10, 10, 4, 3, 10, 6, 10, 10, 10, 10, 10, 
8: 10, 10, 10, 10, 10, 10, 10, 10, 10, 0, 0, 10, 10, 0, 10, 10, 0, 10, 10, 0, 0, 10, 0, 0, 0, 0, 10, 10, 0, 0, 0, 0, 2, 10, 0, 10, 0, 0, 10, 0, : 10, 10, 10, 10, 10, 10, 10, 10, 10, 10, 10, 10, 10, 10, 10, 10, 10, 10, 2, 10, 10, 10, 
133: 10, 0, 0, 10, 0, 1, 1, 5, 10, 0, 10, 0, 10, 10, 0, 10, 10, 10, 10, 10, 0, 10, 4, 10, 10, 0, 10, 0, 10, 0, 2, 0, 0, 10, 10, 10, 10, 0, 10, 0, : 10, 10, 1, 1, 5, 10, 10, 10, 10, 10, 10, 10, 10, 10, 10, 4, 10, 10, 10, 10, 2, 10, 10, 10, 10, 10, 
107: 10, 2, 10, 0, 0, 10, 0, 10, 0, 10, 10, 0, 10, 20, 0, 1, 10, 10, 0, 0, 10, 10, 10, 0, 10, 10, 10, 0, 0, 10, 0, 0, 10, 0, 0, 0, 10, 0, 2, 0, : 10, 2, 10, 10, 10, 10, 10, 10, 20, 1, 10, 10, 10, 10, 10, 10, 10, 10, 10, 10, 10, 2, 
182: 1, 10, 0, 0, 10, 0, 0, 0, 10, 0, 10, 2, 0, 0, 10, 0, 10, 0, 0, 0, 0, 1, 10, 0, 10, 0, 0, 13, 10, 10, 0, 10, 0, 0, 1, 10, 10, 1, 2, 10, : 1, 10, 10, 10, 10, 2, 10, 10, 1, 10, 10, 13, 10, 10, 10, 1, 10, 10, 1, 2, 10, 
77: 0, 0, 1, 10, 0, 0, 10, 10, 10, 0, 0, 1, 0, 10, 2, 10, 10, 0, 4, 10, 0, 14, 10, 10, 5, 6, 0, 10, 0, 1, 10, 10, 10, 10, 13, 10, 0, 0, 10, 10, : 1, 10, 10, 10, 10, 1, 10, 2, 10, 10, 4, 10, 14, 10, 10, 5, 6, 10, 1, 10, 10, 10, 10, 13, 10, 10, 10, 
48: 0, 10, 10, 10, 10, 0, 10, 10, 0, 5, 3, 0, 0, 0, 10, 10, 1, 3, 0, 0, 0, 1, 1, 10, 0, 0, 0, 3, 0, 10, 0, 10, 2, 10, 10, 0, 0, 2, 10, 0, : 10, 10, 10, 10, 10, 10, 5, 3, 10, 10, 1, 3, 1, 1, 10, 3, 10, 10, 2, 10, 10, 2, 10, 
41: 10, 10, 0, 0, 10, 4, 10, 0, 0, 10, 10, 10, 0, 10, 10, 10, 0, 10, 10, 10, 2, 0, 0, 10, 10, 0, 4, 0, 0, 0, 10, 6, 0, 14, 0, 10, 10, 10, 1, 10, : 10, 10, 10, 4, 10, 10, 10, 10, 10, 10, 10, 10, 10, 10, 2, 10, 10, 4, 10, 6, 14, 10, 10, 10, 1, 10, 
4: 0, 1, 0, 0, 10, 10, 0, 0, 0, 0, 1, 10, 0, 10, 0, 1, 0, 0, 10, 5, 6, 0, 0, 0, 10, 0, 0, 10, 0, 10, 0, 10, 0, 0, 10, 0, 1, 10, 0, 10, : 1, 10, 10, 1, 10, 10, 1, 10, 5, 6, 10, 10, 10, 10, 10, 1, 10, 10, 


87: 0, 0, 10, 10, 3, 0, 10, 10, 2, 0, 0, 10, 0, 10, 10, 10, 10, 10, 0, 10, 0, 0, 10, 0, 0, 10, 0, 0, 10, 0, 0, 1, 10, 0, 0, 0, 10, 10, 10, 0, : 10, 10, 3, 10, 10, 2, 10, 10, 10, 10, 10, 10, 10, 10, 10, 10, 1, 10, 10, 10, 10, 
67: 0, 10, 2, 10, 1, 0, 0, 10, 0, 0, 2, 0, 0, 0, 10, 10, 0, 10, 10, 10, 0, 1, 0, 4, 0, 5, 1, 10, 2, 10, 10, 10, 0, 10, 10, 3, 0, 10, 10, 0, : 10, 2, 10, 1, 10, 2, 10, 10, 10, 10, 10, 1, 4, 5, 1, 10, 2, 10, 10, 10, 10, 10, 3, 10, 10, 
119: 0, 10, 10, 10, 0, 10, 10, 10, 0, 10, 0, 10, 0, 10, 10, 10, 0, 0, 10, 10, 10, 10, 10, 0, 0, 0, 0, 0, 0, 10, 10, 10, 7, 0, 10, 10, 0, 10, 10, 10, : 10, 10, 10, 10, 10, 10, 10, 10, 10, 10, 10, 10, 10, 10, 10, 10, 10, 10, 10, 7, 10, 10, 10, 10, 10, 
44: 1, 0, 0, 0, 0, 10, 10, 10, 10, 0, 10, 1, 10, 0, 0, 10, 0, 10, 0, 0, 0, 2, 0, 10, 10, 10, 1, 0, 0, 10, 0, 10, 10, 10, 10, 0, 0, 0, 10, 0, : 1, 10, 10, 10, 10, 10, 1, 10, 10, 10, 2, 10, 10, 10, 1, 10, 10, 10, 10, 10, 10, 
21: 10, 10, 10, 0, 0, 10, 10, 10, 1, 0, 10, 10, 0, 0, 0, 10, 10, 0, 0, 2, 1, 0, 0, 10, 0, 0, 10, 10, 0, 0, 10, 10, 0, 10, 1, 0, 0, 0, 1, 0, : 10, 10, 10, 10, 10, 10, 1, 10, 10, 10, 10, 2, 1, 10, 10, 10, 10, 10, 10, 1, 1, 
54: 10, 0, 0, 0, 10, 10, 10, 0, 10, 0, 1, 0, 0, 0, 0, 0, 0, 0, 10, 10, 10, 0, 10, 10, 10, 3, 10, 2, 10, 0, 0, 5, 10, 10, 0, 0, 0, 10, 10, 0, : 10, 10, 10, 10, 10, 1, 10, 10, 10, 10, 10, 10, 3, 10, 2, 10, 5, 10, 10, 10, 10, 
82: 0, 10, 0, 0, 0, 10, 0, 0, 2, 0, 0, 10, 0, 0, 2, 10, 10, 5, 0, 0, 1, 2, 0, 0, 2, 0, 10, 10, 10, 10, 0, 0, 10, 0, 0, 10, 0, 10, 0, 10, : 10, 10, 2, 10, 2, 10, 10, 5, 1, 2, 2, 10, 10, 10, 10, 10, 10, 10, 10, 
66: 10, 4, 3, 0, 10, 0, 0, 10, 0, 10, 0, 0, 10, 10, 10, 0, 0, 10, 0, 10, 0, 10, 10, 0, 0, 0, 0, 0, 2, 10, 5, 2, 1, 10, 10, 0, 10, 0, 2, 10, : 10, 4, 3, 10, 10, 10, 10, 10, 10, 10, 10, 10, 10, 2, 10, 5, 2, 1, 10, 10, 10, 2, 10, 
123: 10, 0, 0, 10, 10, 0, 10, 0, 0, 10, 0, 10, 10, 10, 10, 0, 10, 0, 2, 2, 0, 10, 0, 0, 0, 6, 1, 0, 10, 10, 0, 0, 0, 0, 0, 1, 4, 0, 0, 0, : 10, 10, 10, 10, 10, 10, 10, 10, 10, 10, 2, 2, 10, 6, 1, 10, 10, 1, 4, 
24: 0, 1, 10, 0, 1, 0, 0, 0, 0, 3, 10, 10, 2, 0, 13, 10, 0, 0, 10, 1, 0, 0, 5, 0, 10, 1, 10, 10, 0, 10, 10, 0, 0, 0, 10, 0, 10, 0, 1, 10, : 1, 10, 1, 3, 10, 10, 2, 13, 10, 10, 1, 5, 10, 1, 10, 10, 10, 10, 10, 10, 1, 10, 
11: 10, 0, 0, 1, 9, 10, 10, 1, 10, 10, 0, 0, 10, 10, 0, 0, 0, 0, 0, 0, 10, 0, 10, 0, 10, 0, 10, 10, 1, 0, 0, 0, 0, 0, 10, 10, 10, 0, 1, 10, : 10, 1, 9, 10, 10, 1, 10, 10, 10, 10, 10, 10, 10, 10, 10, 1, 10, 10, 10, 1, 10, 
114: 10, 0, 10, 10, 10, 0, 10, 10, 0, 10, 0, 0, 10, 10, 10, 0, 0, 10, 10, 5, 10, 0, 10, 0, 10, 10, 0, 10, 10, 0, 10, 1, 3, 0, 0, 10, 10, 0, 0, 0, : 10, 10, 10, 10, 10, 10, 10, 10, 10, 10, 10, 10, 5, 10, 10, 10, 10, 10, 10, 10, 1, 3, 10, 10, 
47: 10, 10, 0, 10, 0, 0, 0, 0, 10, 0, 10, 0, 10, 10, 10, 0, 10, 0, 2, 0, 3, 10, 10, 0, 6, 0, 2, 0, 0, 5, 10, 0, 3, 0, 4, 3, 10, 1, 0, 10, : 10, 10, 10, 10, 10, 10, 10, 10, 10, 2, 3, 10, 10, 6, 2, 5, 10, 3, 4, 3, 10, 1, 10, 
106: 10, 10, 0, 10, 10, 10, 4, 4, 0, 2, 2, 0, 2, 0, 0, 10, 10, 10, 0, 1, 10, 10, 0, 10, 0, 10, 0, 10, 10, 10, 10, 10, 10, 10, 10, 20, 10, 10, 10, 1, : 10, 10, 10, 10, 10, 4, 4, 2, 2, 2, 10, 10, 10, 1, 10, 10, 10, 10, 10, 10, 10, 10, 10, 10, 10, 10, 20, 10, 10, 10, 1, 
9: 10, 0, 10, 0, 10, 4, 1, 0, 10, 10, 10, 10, 0, 0, 10, 5, 10, 10, 3, 0, 10, 0, 0, 10, 3, 0, 10, 0, 0, 0, 0, 0, 0, 10, 10, 10, 0, 0, 10, 10, : 10, 10, 10, 4, 1, 10, 10, 10, 10, 10, 5, 10, 10, 3, 10, 10, 3, 10, 10, 10, 10, 10, 10, 
19: 0, 10, 10, 4, 0, 0, 0, 10, 10, 10, 10, 10, 10, 0, 0, 0, 10, 0, 10, 0, 10, 10, 0, 3, 10, 10, 10, 10, 10, 0, 0, 10, 0, 1, 0, 0, 1, 10, 0, 3, : 10, 10, 4, 10, 10, 10, 10, 10, 10, 10, 10, 10, 10, 3, 10, 10, 10, 10, 10, 10, 1, 1, 10, 3, 
127: 0, 10, 10, 0, 10, 1, 10, 0, 10, 0, 0, 10, 10, 10, 0, 0, 0, 0, 10, 10, 10, 10, 0, 0, 0, 0, 0, 0, 0, 0, 10, 0, 1, 4, 0, 0, 0, 0, 0, 1, : 10, 10, 10, 1, 10, 10, 10, 10, 10, 10, 10, 10, 10, 10, 1, 4, 1, 
146: 0, 10, 0, 10, 10, 10, 0, 10, 10, 0, 10, 4, 0, 10, 0, 0, 0, 10, 10, 4, 10, 0, 0, 15, 14, 10, 10, 0, 10, 0, 0, 6, 10, 0, 0, 18, 10, 10, 0, 10, : 10, 10, 10, 10, 10, 10, 10, 4, 10, 10, 10, 4, 10, 15, 14, 10, 10, 10, 6, 10, 18, 10, 10, 10, 
79: 4, 0, 0, 10, 0, 10, 0, 0, 0, 10, 10, 0, 10, 3, 0, 10, 5, 10, 0, 10, 0, 10, 10, 13, 0, 10, 10, 10, 10, 10, 10, 10, 10, 10, 0, 0, 10, 4, 10, 10, : 4, 10, 10, 10, 10, 10, 3, 10, 5, 10, 10, 10, 10, 13, 10, 10, 10, 10, 10, 10, 10, 10, 10, 10, 4, 10, 10, 
81: 0, 0, 10, 0, 1, 0, 0, 0, 10, 10, 10, 0, 1, 2, 0, 0, 10, 0, 8, 10, 0, 10, 10, 10, 10, 10, 0, 3, 0, 0, 0, 10, 10, 10, 10, 0, 0, 10, 10, 0, : 10, 1, 10, 10, 10, 1, 2, 10, 8, 10, 10, 10, 10, 10, 10, 3, 10, 10, 10, 10, 10, 10, 


102: 0, 10, 0, 0, 10, 0, 0, 0, 0, 0, 10, 10, 10, 0, 10, 10, 0, 0, 10, 0, 10, 0, 1, 0, 10, 10, 10, 10, 10, 0, 10, 0, 10, 0, 1, 0, 0, 10, 10, 10, : 10, 10, 10, 10, 10, 10, 10, 10, 10, 1, 10, 10, 10, 10, 10, 10, 10, 1, 10, 10, 10, 
136: 10, 1, 0, 0, 0, 0, 0, 10, 10, 10, 0, 10, 0, 0, 10, 0, 3, 10, 0, 10, 0, 0, 0, 0, 10, 6, 0, 0, 10, 2, 10, 10, 3, 4, 3, 10, 0, 1, 0, 10, : 10, 1, 10, 10, 10, 10, 10, 3, 10, 10, 10, 6, 10, 2, 10, 10, 3, 4, 3, 10, 1, 10, 
90: 0, 10, 0, 1, 10, 10, 10, 10, 10, 10, 0, 10, 10, 10, 10, 10, 10, 10, 10, 1, 0, 0, 0, 10, 10, 0, 10, 10, 10, 0, 0, 0, 0, 10, 10, 5, 10, 10, 0, 10, : 10, 1, 10, 10, 10, 10, 10, 10, 10, 10, 10, 10, 10, 10, 10, 10, 1, 10, 10, 10, 10, 10, 10, 10, 5, 10, 10, 10, 
72: 0, 0, 10, 10, 4, 10, 10, 0, 10, 10, 10, 10, 2, 0, 0, 0, 0, 2, 10, 0, 3, 10, 10, 10, 0, 0, 10, 0, 10, 10, 10, 0, 0, 0, 10, 0, 10, 0, 10, 0, : 10, 10, 4, 10, 10, 10, 10, 10, 10, 2, 2, 10, 3, 10, 10, 10, 10, 10, 10, 10, 10, 10, 10, 
18: 0, 10, 0, 10, 10, 10, 10, 10, 10, 0, 0, 2, 0, 10, 10, 12, 10, 1, 0, 10, 10, 0, 10, 10, 10, 0, 10, 10, 10, 10, 0, 10, 1, 0, 0, 0, 0, 2, 0, 0, : 10, 10, 10, 10, 10, 10, 10, 2, 10, 10, 12, 10, 1, 10, 10, 10, 10, 10, 10, 10, 10, 10, 10, 1, 2, 
28: 10, 0, 1, 0, 10, 0, 10, 10, 10, 0, 10, 0, 10, 10, 0, 0, 10, 0, 5, 10, 10, 0, 10, 10, 10, 0, 10, 0, 1, 0, 2, 0, 10, 10, 10, 10, 0, 0, 10, 0, : 10, 1, 10, 10, 10, 10, 10, 10, 10, 10, 5, 10, 10, 10, 10, 10, 10, 1, 2, 10, 10, 10, 10, 10, 
145: 3, 10, 10, 0, 1, 0, 10, 0, 0, 0, 0, 10, 10, 0, 10, 0, 0, 10, 10, 0, 0, 0, 10, 10, 10, 0, 0, 0, 10, 10, 0, 1, 0, 10, 10, 0, 0, 2, 10, 1, : 3, 10, 10, 1, 10, 10, 10, 10, 10, 10, 10, 10, 10, 10, 10, 1, 10, 10, 2, 10, 1, 
185: 10, 0, 0, 10, 0, 0, 10, 10, 0, 10, 0, 10, 0, 10, 10, 10, 10, 0, 10, 10, 0, 10, 10, 10, 0, 10, 0, 10, 0, 10, 10, 0, 10, 0, 0, 10, 0, 10, 3, 0, : 10, 10, 10, 10, 10, 10, 10, 10, 10, 10, 10, 10, 10, 10, 10, 10, 10, 10, 10, 10, 10, 10, 3, 
85: 0, 0, 0, 10, 0, 0, 0, 10, 10, 10, 10, 2, 10, 10, 10, 0, 10, 0, 10, 0, 10, 5, 10, 0, 0, 0, 0, 1, 0, 3, 0, 10, 10, 0, 10, 0, 0, 0, 0, 10, : 10, 10, 10, 10, 10, 2, 10, 10, 10, 10, 10, 10, 5, 10, 1, 3, 10, 10, 10, 10, 
155: 0, 1, 10, 0, 10, 10, 10, 0, 1, 10, 10, 0, 10, 5, 0, 0, 0, 0, 0, 0, 2, 0, 0, 0, 2, 0, 0, 10, 0, 10, 1, 1, 1, 10, 0, 10, 10, 0, 10, 1, : 1, 10, 10, 10, 10, 1, 10, 10, 10, 5, 2, 2, 10, 10, 1, 1, 1, 10, 10, 10, 10, 1, 
100: 10, 0, 4, 0, 0, 14, 0, 10, 10, 0, 0, 1, 0, 0, 0, 0, 0, 10, 15, 10, 0, 0, 4, 10, 0, 10, 0, 10, 0, 10, 0, 0, 10, 0, 0, 0, 0, 10, 0, 10, : 10, 4, 14, 10, 10, 1, 10, 15, 10, 4, 10, 10, 10, 10, 10, 10, 10, 
159: 0, 0, 0, 10, 10, 0, 0, 1, 0, 10, 10, 0, 3, 10, 0, 10, 10, 0, 0, 10, 10, 10, 10, 2, 0, 10, 0, 0, 10, 10, 0, 10, 0, 10, 1, 10, 5, 10, 10, 10, : 10, 10, 1, 10, 10, 3, 10, 10, 10, 10, 10, 10, 10, 2, 10, 10, 10, 10, 10, 1, 10, 5, 10, 10, 10, 
160: 2, 0, 10, 10, 10, 10, 2, 10, 0, 0, 10, 0, 0, 0, 0, 0, 1, 0, 10, 0, 10, 0, 10, 0, 10, 0, 10, 0, 0, 0, 10, 10, 0, 10, 0, 0, 10, 10, 0, 2, : 2, 10, 10, 10, 10, 2, 10, 10, 1, 10, 10, 10, 10, 10, 10, 10, 10, 10, 10, 2, 
63: 10, 13, 10, 0, 0, 10, 0, 0, 0, 10, 2, 10, 10, 0, 0, 5, 10, 10, 0, 0, 10, 10, 0, 1, 3, 10, 3, 1, 3, 0, 10, 10, 0, 10, 10, 10, 10, 0, 1, 10, : 10, 13, 10, 10, 10, 2, 10, 10, 5, 10, 10, 10, 10, 1, 3, 10, 3, 1, 3, 10, 10, 10, 10, 10, 10, 1, 10, 
170: 0, 10, 0, 0, 0, 10, 0, 0, 2, 10, 0, 10, 10, 0, 0, 8, 0, 10, 4, 10, 0, 10, 0, 10, 0, 0, 10, 3, 10, 10, 0, 1, 10, 10, 10, 10, 0, 10, 10, 10, : 10, 10, 2, 10, 10, 10, 8, 10, 4, 10, 10, 10, 10, 3, 10, 10, 1, 10, 10, 10, 10, 10, 10, 10, 
83: 10, 10, 10, 10, 0, 0, 2, 0, 0, 0, 2, 0, 0, 10, 0, 10, 10, 0, 0, 10, 0, 10, 0, 2, 0, 10, 2, 10, 0, 0, 10, 2, 10, 1, 10, 0, 0, 0, 1, 0, : 10, 10, 10, 10, 2, 2, 10, 10, 10, 10, 10, 2, 10, 2, 10, 10, 2, 10, 1, 10, 1, 
25: 10, 0, 10, 10, 0, 1, 10, 4, 10, 0, 10, 0, 10, 10, 10, 10, 0, 2, 0, 0, 0, 10, 0, 10, 0, 1, 10, 0, 10, 10, 10, 10, 0, 10, 10, 10, 10, 10, 10, 10, : 10, 10, 10, 1, 10, 4, 10, 10, 10, 10, 10, 10, 2, 10, 10, 1, 10, 10, 10, 10, 10, 10, 10, 10, 10, 10, 10, 10, 
27: 10, 10, 0, 4, 10, 0, 1, 0, 10, 5, 0, 0, 0, 0, 5, 0, 1, 10, 0, 10, 0, 0, 0, 0, 10, 18, 0, 10, 1, 0, 0, 0, 10, 0, 0, 0, 10, 10, 10, 1, : 10, 10, 4, 10, 1, 10, 5, 5, 1, 10, 10, 10, 18, 10, 1, 10, 10, 10, 10, 1, 
144: 0, 0, 10, 0, 0, 0, 0, 0, 2, 0, 10, 10, 0, 10, 10, 0, 10, 10, 1, 0, 10, 10, 0, 0, 0, 10, 10, 10, 0, 0, 2, 10, 10, 0, 0, 10, 10, 0, 0, 0, : 10, 2, 10, 10, 10, 10, 10, 10, 1, 10, 10, 10, 10, 10, 2, 10, 10, 10, 10, 
37: 10, 10, 10, 10, 10, 10, 10, 10, 0, 0, 1, 0, 0, 0, 0, 10, 0, 10, 0, 4, 10, 10, 10, 0, 10, 0, 0, 0, 0, 0, 10, 10, 0, 0, 0, 0, 10, 0, 0, 0, : 10, 10, 10, 10, 10, 10, 10, 10, 1, 10, 10, 4, 10, 10, 10, 10, 10, 10, 10, 


