200
80
1: 23, 1, 6, 9, 1, 8, 10, 7, 32, 5, 2, 23, 17, 11, 19, 10, 8, 5, 8, 14, 21, 7, 14, 3, 8, 1, 18, 3, 34, 6, 3, 5, 11, 9, 18, 8, 1, 11, 1, 10, 34, 2, 3, 30, 7, 23, 1, 10, 5, 4, 12, 15, 1, 20, 3, 25, 14, 15, 14, 1, 7, 15, 3, 15, 7, 5, 21, 22, 11, 1, 23, 25, 12, 9, 24, 1, 7, 5, 2, 13, 11, 1, 5, 36, 3, 37, 1, 16, 3, 2, 8, 3, 17, 16, 1, 8, 17, 9, 1, 2, 9, 21, 0, 0, 0, 0, 0, 0, 0, 0, 0, 0, 0, 0, 0, 0, 0, 0, 0, 0, 0, 0, 0, 0, 0, 0, 0, 0, 0, 0, 0, 0, 0, 0, 0, 0, 0, 0, 0, 0, 0, 0, 0, 0, 0, 0, 0, 0, 0, 0, 0, 0, 0, 0, 0, 0, 0, 0, 0, 0, 0, 0, 0, 0, 0, 0, 0, 0, 0, 0, 0, 0, 0, 0, 0, 0, 0, 0, 0, 0, 0, 0, 0, 0, 0, 0, 0, 0, 0, 0, 0, 0, 0, 0, 0, 0, 0, 0, 0, 0, : 23, 1, 6, 9, 1, 8, 10, 7, 32, 5, 2, 23, 17, 11, 19, 10, 8, 5, 8, 14, 21, 7, 14, 3, 8, 1, 18, 3, 34, 6, 3, 5, 11, 9, 18, 8, 1, 11, 1, 10, 34, 2, 3, 30, 7, 23, 1, 10, 5, 4, 12, 15, 1, 20, 3, 25, 14, 15, 14, 1, 7, 15, 3, 15, 7, 5, 21, 22, 11, 1, 23, 25, 12, 9, 24, 1, 7, 5, 2, 13, 11, 1, 5, 36, 3, 37, 1, 16, 3, 2, 8, 3, 17, 16, 1, 8, 17, 9, 1, 2, 9, 21, 
2: 3, 7, 1, 30, 12, 5, 20, 18, 7, 32, 9, 19, 4, 24, 2, 1, 4, 8, 1, 6, 3, 18, 2, 27, 23, 27, 4, 3, 15, 1, 2, 2, 3, 8, 1, 5, 5, 10, 4, 2, 16, 3, 7, 5, 5, 5, 6, 1, 1, 12, 3, 8, 2, 7, 2, 1, 2, 6, 23, 4, 20, 1, 11, 4, 20, 2, 1, 2, 8, 3, 12, 10, 16, 2, 7, 25, 2, 5, 23, 4, 0, 0, 0, 0, 0, 0, 0, 0, 0, 0, 0, 0, 0, 0, 0, 0, 0, 0, 0, 0, 0, 0, 0, 0, 0, 0, 0, 0, 0, 0, 0, 0, 0, 0, 0, 0, 0, 0, 0, 0, 0, 0, 0, 0, 0, 0, 0, 0, 0, 0, 0, 0, 0, 0, 0, 0, 0, 0, 0, 0, 0, 0, 0, 0, 0, 0, 0, 0, 0, 0, 0, 0, 0, 0, 0, 0, 0, 0, 0, 0, 0, 0, 0, 0, 0, 0, 0, 0, 0, 0, 0, 0, 0, 0, 0, 0, 0, 0, 0, 0, 0, 0, 0, 0, 0, 0, 0, 0, 0, 0, 0, 0, 0, 0, 0, 0, 0, 0, 0, 0, : 3, 7, 1, 30, 12, 5, 20, 18, 7, 32, 9, 19, 4, 24, 2, 1, 4, 8, 1, 6, 3, 18, 2, 27, 23, 27, 4, 3, 15, 1, 2, 2, 3, 8, 1, 5, 5, 10, 4, 2, 16, 3, 7, 5, 5, 5, 6, 1, 1, 12, 3, 8, 2, 7, 2, 1, 2, 6, 23, 4, 20, 1, 11, 4, 20, 2, 1, 2, 8, 3, 12, 10, 16, 2, 7, 25, 2, 5, 23, 4, 
3: 2, 1, 19, 8, 1, 9, 3, 6, 25, 12, 5, 11, 7, 2, 9, 2, 9, 21, 2, 3, 11, 12, 15, 4, 1, 7, 14, 1, 12, 5, 15, 9, 1, 10, 3, 7, 13, 19, 3, 2, 6, 4, 9, 2, 16, 26, 13, 33, 7, 7, 8, 7, 3, 8, 17, 4, 19, 2, 2, 2, 5, 6, 4, 18, 30, 6, 7, 4, 23, 7, 32, 1, 1, 5, 21, 10, 4, 1, 28, 4, 2, 16, 2, 2, 12, 2, 6, 5, 16, 1, 3, 12, 16, 24, 0, 0, 0, 0, 0, 0, 0, 0, 0, 0, 0, 0, 0, 0, 0, 0, 0, 0, 0, 0, 0, 0, 0, 0, 0, 0, 0, 0, 0, 0, 0, 0, 0, 0, 0, 0, 0, 0, 0, 0, 0, 0, 0, 0, 0, 0, 0, 0, 0, 0, 0, 0, 0, 0, 0, 0, 0, 0, 0, 0, 0, 0, 0, 0, 0, 0, 0, 0, 0, 0, 0, 0, 0, 0, 0, 0, 0, 0, 0, 0, 0, 0, 0, 0, 0, 0, 0, 0, 0, 0, 0, 0, 0, 0, 0, 0, 0, 0, 0, 0, 0, 0, 0, 0, 0, 0, : 2, 1, 19, 8, 1, 9, 3, 6, 25, 12, 5, 11, 7, 2, 9, 2, 9, 21, 2, 3, 11, 12, 15, 4, 1, 7, 14, 1, 12, 5, 15, 9, 1, 10, 3, 7, 13, 19, 3, 2, 6, 4, 9, 2, 16, 26, 13, 33, 7, 7, 8, 7, 3, 8, 17, 4, 19, 2, 2, 2, 5, 6, 4, 18, 30, 6, 7, 4, 23, 7, 32, 1, 1, 5, 21, 10, 4, 1, 28, 4, 2, 16, 2, 2, 12, 2, 6, 5, 16, 1, 3, 12, 16, 24, 
4: 4, 21, 7, 9, 20, 4, 33, 1, 2, 13, 11, 1, 6, 3, 8, 17, 11, 5, 12, 3, 2, 5, 9, 1, 3, 1, 16, 4, 24, 8, 4, 6, 10, 3, 2, 25, 2, 15, 6, 1, 3, 9, 4, 23, 17, 9, 13, 7, 11, 15, 3, 5, 26, 4, 9, 2, 14, 2, 4, 8, 13, 4, 2, 1, 8, 1, 14, 1, 1, 13, 1, 4, 14, 1, 16, 10, 14, 17, 22, 10, 2, 6, 7, 7, 2, 12, 1, 7, 1, 2, 3, 2, 3, 2, 13, 17, 1, 21, 1, 1, 1, 2, 24, 26, 35, 10, 0, 0, 0, 0, 0, 0, 0, 0, 0, 0, 0, 0, 0, 0, 0, 0, 0, 0, 0, 0, 0, 0, 0, 0, 0, 0, 0, 0, 0, 0, 0, 0, 0, 0, 0, 0, 0, 0, 0, 0, 0, 0, 0, 0, 0, 0, 0, 0, 0, 0, 0, 0, 0, 0, 0, 0, 0, 0, 0, 0, 0, 0, 0, 0, 0, 0, 0, 0, 0, 0, 0, 0, 0, 0, 0, 0, 0, 0, 0, 0, 0, 0, 0, 0, 0, 0, 0, 0, 0, 0, 0, 0, 0, 0, : 4, 21, 7, 9, 20, 4, 33, 1, 2, 13, 11, 1, 6, 3, 8, 17, 11, 5, 12, 3, 2, 5, 9, 1, 3, 1, 16, 4, 24, 8, 4, 6, 10, 3, 2, 25, 2, 15, 6, 1, 3, 9, 4, 23, 17, 9, 13, 7, 11, 15, 3, 5, 26, 4, 9, 2, 14, 2, 4, 8, 13, 4, 2, 1, 8, 1, 14, 1, 1, 13, 1, 4, 14, 1, 16, 10, 14, 17, 22, 10, 2, 6, 7, 7, 2, 12, 1, 7, 1, 2, 3, 2, 3, 2, 13, 17, 1, 21, 1, 1, 1, 2, 24, 26, 35, 10, 
5: 2, 2, 6, 4, 1, 1, 2, 6, 14, 2, 1, 1, 17, 4, 14, 8, 5, 1, 4, 5, 2, 3, 5, 2, 4, 2, 4, 3, 10, 10, 1, 2, 1, 3, 2, 5, 1, 1, 5, 1, 22, 6, 4, 2, 1, 5, 17, 1, 9, 10, 13, 5, 8, 13, 25, 2, 1, 8, 1, 6, 17, 1, 13, 4, 1, 1, 4, 13, 1, 2, 3, 4, 10, 10, 2, 7, 2, 21, 2, 31, 19, 2, 5, 17, 12, 1, 15, 1, 1, 2, 2, 1, 5, 6, 2, 3, 2, 2, 11, 2, 3, 2, 3, 12, 3, 17, 6, 3, 4, 4, 18, 8, 1, 4, 0, 0, 0, 0, 0, 0, 0, 0, 0, 0, 0, 0, 0, 0, 0, 0, 0, 0, 0, 0, 0, 0, 0, 0, 0, 0, 0, 0, 0, 0, 0, 0, 0, 0, 0, 0, 0, 0, 0, 0, 0, 0, 0, 0, 0, 0, 0, 0, 0, 0, 0, 0, 0, 0, 0, 0, 0, 0, 0, 0, 0, 0, 0, 0, 0, 0, 0, 0, 0, 0, 0, 0, 0, 0, 0, 0, 0, 0, 0, 0, 0, 0, 0, 0, 0, 0, : 2, 2, 6, 4, 1, 1, 2, 6, 14, 2, 1, 1, 17, 4, 14, 8, 5, 1, 4, 5, 2, 3, 5, 2, 4, 2, 4, 3, 10, 10, 1, 2, 1, 3, 2, 5, 1, 1, 5, 1, 22, 6, 4, 2, 1, 5, 17, 1, 9, 10, 13, 5, 8, 13, 25, 2, 1, 8, 1, 6, 17, 1, 13, 4, 1, 1, 4, 13, 1, 2, 3, 4, 10, 10, 2, 7, 2, 21, 2, 31, 19, 2, 5, 17, 12, 1, 15, 1, 1, 2, 2, 1, 5, 6, 2, 3, 2, 2, 11, 2, 3, 2, 3, 12, 3, 17, 6, 3, 4, 4, 18, 8, 1, 4, 
6: 10, 16, 4, 3, 4, 25, 3, 34, 12, 12, 1, 1, 1, 2, 20, 1, 5, 2, 5, 7, 11, 25, 5, 6, 9, 6, 2, 8, 2, 5, 1, 5, 6, 6, 1, 1, 12, 7, 1, 6, 11, 1, 15, 11, 1, 1, 5, 4, 2, 17, 3, 6, 1, 27, 5, 4, 1, 13, 1, 22, 5, 10, 6, 14, 3, 4, 3, 3, 20, 36, 1, 10, 2, 26, 7, 3, 3, 3, 3, 13, 4, 10, 12, 5, 5, 25, 19, 10, 4, 20, 5, 8, 7, 4, 22, 24, 8, 4, 6, 2, 6, 31, 14, 11, 7, 11, 10, 22, 0, 0, 0, 0, 0, 0, 0, 0, 0, 0, 0, 0, 0, 0, 0, 0, 0, 0, 0, 0, 0, 0, 0, 0, 0, 0, 0, 0, 0, 0, 0, 0, 0, 0, 0, 0, 0, 0, 0, 0, 0, 0, 0, 0, 0, 0, 0, 0, 0, 0, 0, 0, 0, 0, 0, 0, 0, 0, 0, 0, 0, 0, 0, 0, 0, 0, 0, 0, 0, 0, 0, 0, 0, 0, 0, 0, 0, 0, 0, 0, 0, 0, 0, 0, 0, 0, 0, 0, 0, 0, 0, 0, : 10, 16, 4, 3, 4, 25, 3, 34, 12, 12, 1, 1, 1, 2, 20, 1, 5, 2, 5, 7, 11, 25, 5, 6, 9, 6, 2, 8, 2, 5, 1, 5, 6, 6, 1, 1, 12, 7, 1, 6, 11, 1, 15, 11, 1, 1, 5, 4, 2, 17, 3, 6, 1, 27, 5, 4, 1, 13, 1, 22, 5, 10, 6, 14, 3, 4, 3, 3, 20, 36, 1, 10, 2, 26, 7, 3, 3, 3, 3, 13, 4, 10, 12, 5, 5, 25, 19, 10, 4, 20, 5, 8, 7, 4, 22, 24, 8, 4, 6, 2, 6, 31, 14, 11, 7, 11, 10, 22, 
7: 12, 23, 3, 9, 5, 7, 3, 2, 7, 1, 6, 13, 3, 1, 21, 1, 11, 2, 11, 1, 9, 11, 11, 2, 3, 6, 16, 4, 16, 11, 8, 8, 9, 2, 3, 1, 9, 1, 8, 1, 17, 17, 27, 1, 5, 1, 3, 5, 6, 14, 7, 6, 1, 12, 8, 2, 1, 10, 2, 4, 10, 20, 27, 14, 1, 1, 11, 11, 10, 1, 1, 1, 1, 11, 3, 1, 0, 0, 0, 0, 0, 0, 0, 0, 0, 0, 0, 0, 0, 0, 0, 0, 0, 0, 0, 0, 0, 0, 0, 0, 0, 0, 0, 0, 0, 0, 0, 0, 0, 0, 0, 0, 0, 0, 0, 0, 0, 0, 0, 0, 0, 0, 0, 0, 0, 0, 0, 0, 0, 0, 0, 0, 0, 0, 0, 0, 0, 0, 0, 0, 0, 0, 0, 0, 0, 0, 0, 0, 0, 0, 0, 0, 0, 0, 0, 0, 0, 0, 0, 0, 0, 0, 0, 0, 0, 0, 0, 0, 0, 0, 0, 0, 0, 0, 0, 0, 0, 0, 0, 0, 0, 0, 0, 0, 0, 0, 0, 0, 0, 0, 0, 0, 0, 0, 0, 0, 0, 0, 0, 0, : 12, 23, 3, 9, 5, 7, 3, 2, 7, 1, 6, 13, 3, 1, 21, 1, 11, 2, 11, 1, 9, 11, 11, 2, 3, 6, 16, 4, 16, 11, 8, 8, 9, 2, 3, 1, 9, 1, 8, 1, 17, 17, 27, 1, 5, 1, 3, 5, 6, 14, 7, 6, 1, 12, 8, 2, 1, 10, 2, 4, 10, 20, 27, 14, 1, 1, 11, 11, 10, 1, 1, 1, 1, 11, 3, 1, 
8: 16, 1, 7, 28, 7, 10, 12, 5, 8, 7, 8, 7, 8, 1, 13, 10, 4, 3, 3, 24, 4, 2, 7, 6, 4, 6, 1, 10, 4, 13, 1, 1, 21, 5, 25, 2, 10, 4, 24, 7, 6, 1, 7, 15, 6, 4, 1, 5, 2, 14, 23, 5, 3, 3, 2, 8, 9, 3, 15, 5, 13, 9, 5, 4, 5, 29, 3, 12, 35, 6, 4, 1, 12, 6, 5, 7, 2, 5, 4, 1, 10, 1, 8, 3, 5, 4, 3, 2, 5, 28, 1, 1, 26, 26, 13, 2, 4, 10, 4, 11, 6, 9, 12, 2, 17, 7, 8, 5, 3, 21, 3, 4, 3, 1, 13, 1, 16, 3, 3, 1, 15, 16, 5, 2, 4, 0, 0, 0, 0, 0, 0, 0, 0, 0, 0, 0, 0, 0, 0, 0, 0, 0, 0, 0, 0, 0, 0, 0, 0, 0, 0, 0, 0, 0, 0, 0, 0, 0, 0, 0, 0, 0, 0, 0, 0, 0, 0, 0, 0, 0, 0, 0, 0, 0, 0, 0, 0, 0, 0, 0, 0, 0, 0, 0, 0, 0, 0, 0, 0, 0, 0, 0, 0, 0, 0, 0, 0, 0, 0, 0, : 16, 1, 7, 28, 7, 10, 12, 5, 8, 7, 8, 7, 8, 1, 13, 10, 4, 3, 3, 24, 4, 2, 7, 6, 4, 6, 1, 10, 4, 13, 1, 1, 21, 5, 25, 2, 10, 4, 24, 7, 6, 1, 7, 15, 6, 4, 1, 5, 2, 14, 23, 5, 3, 3, 2, 8, 9, 3, 15, 5, 13, 9, 5, 4, 5, 29, 3, 12, 35, 6, 4, 1, 12, 6, 5, 7, 2, 5, 4, 1, 10, 1, 8, 3, 5, 4, 3, 2, 5, 28, 1, 1, 26, 26, 13, 2, 4, 10, 4, 11, 6, 9, 12, 2, 17, 7, 8, 5, 3, 21, 3, 4, 3, 1, 13, 1, 16, 3, 3, 1, 15, 16, 5, 2, 4, 
9: 3, 6, 20, 1, 19, 4, 30, 16, 5, 26, 1, 6, 1, 23, 2, 3, 9, 10, 7, 16, 3, 1, 1, 8, 3, 7, 2, 3, 13, 5, 34, 1, 16, 18, 3, 5, 6, 9, 3, 5, 13, 16, 16, 3, 9, 10, 4, 8, 19, 9, 6, 13, 13, 10, 2, 9, 4, 11, 8, 3, 12, 4, 1, 3, 2, 3, 30, 2, 1, 21, 4, 1, 1, 4, 2, 4, 1, 2, 1, 2, 10, 25, 1, 1, 5, 4, 4, 3, 9, 3, 1, 8, 17, 1, 3, 14, 7, 2, 6, 4, 19, 3, 6, 4, 0, 0, 0, 0, 0, 0, 0, 0, 0, 0, 0, 0, 0, 0, 0, 0, 0, 0, 0, 0, 0, 0, 0, 0, 0, 0, 0, 0, 0, 0, 0, 0, 0, 0, 0, 0, 0, 0, 0, 0, 0, 0, 0, 0, 0, 0, 0, 0, 0, 0, 0, 0, 0, 0, 0, 0, 0, 0, 0, 0, 0, 0, 0, 0, 0, 0, 0, 0, 0, 0, 0, 0, 0, 0, 0, 0, 0, 0, 0, 0, 0, 0, 0, 0, 0, 0, 0, 0, 0, 0, 0, 0, 0, 0, 0, 0, : 3, 6, 20, 1, 19, 4, 30, 16, 5, 26, 1, 6, 1, 23, 2, 3, 9, 10, 7, 16, 3, 1, 1, 8, 3, 7, 2, 3, 13, 5, 34, 1, 16, 18, 3, 5, 6, 9, 3, 5, 13, 16, 16, 3, 9, 10, 4, 8, 19, 9, 6, 13, 13, 10, 2, 9, 4, 11, 8, 3, 12, 4, 1, 3, 2, 3, 30, 2, 1, 21, 4, 1, 1, 4, 2, 4, 1, 2, 1, 2, 10, 25, 1, 1, 5, 4, 4, 3, 9, 3, 1, 8, 17, 1, 3, 14, 7, 2, 6, 4, 19, 3, 6, 4, 
10: 3, 2, 4, 21, 7, 6, 5, 6, 5, 6, 1, 23, 6, 1, 2, 25, 28, 1, 2, 20, 12, 7, 7, 1, 3, 28, 13, 2, 1, 2, 1, 30, 5, 1, 7, 6, 1, 18, 5, 5, 9, 5, 5, 17, 15, 7, 11, 3, 4, 1, 14, 24, 1, 1, 1, 11, 2, 11, 1, 8, 10, 12, 2, 21, 5, 1, 25, 25, 14, 11, 5, 7, 3, 1, 6, 3, 10, 3, 2, 4, 3, 2, 2, 13, 8, 1, 8, 6, 1, 3, 10, 8, 15, 6, 3, 19, 5, 5, 3, 8, 17, 4, 1, 3, 1, 2, 6, 2, 9, 21, 10, 18, 1, 13, 1, 14, 5, 3, 2, 1, 17, 7, 4, 7, 3, 6, 4, 14, 0, 0, 0, 0, 0, 0, 0, 0, 0, 0, 0, 0, 0, 0, 0, 0, 0, 0, 0, 0, 0, 0, 0, 0, 0, 0, 0, 0, 0, 0, 0, 0, 0, 0, 0, 0, 0, 0, 0, 0, 0, 0, 0, 0, 0, 0, 0, 0, 0, 0, 0, 0, 0, 0, 0, 0, 0, 0, 0, 0, 0, 0, 0, 0, 0, 0, 0, 0, 0, 0, 0, 0, : 3, 2, 4, 21, 7, 6, 5, 6, 5, 6, 1, 23, 6, 1, 2, 25, 28, 1, 2, 20, 12, 7, 7, 1, 3, 28, 13, 2, 1, 2, 1, 30, 5, 1, 7, 6, 1, 18, 5, 5, 9, 5, 5, 17, 15, 7, 11, 3, 4, 1, 14, 24, 1, 1, 1, 11, 2, 11, 1, 8, 10, 12, 2, 21, 5, 1, 25, 25, 14, 11, 5, 7, 3, 1, 6, 3, 10, 3, 2, 4, 3, 2, 2, 13, 8, 1, 8, 6, 1, 3, 10, 8, 15, 6, 3, 19, 5, 5, 3, 8, 17, 4, 1, 3, 1, 2, 6, 2, 9, 21, 10, 18, 1, 13, 1, 14, 5, 3, 2, 1, 17, 7, 4, 7, 3, 6, 4, 14, 
11: 24, 3, 8, 12, 24, 1, 8, 6, 1, 3, 7, 2, 12, 9, 1, 22, 10, 1, 3, 28, 3, 5, 5, 4, 16, 13, 12, 7, 1, 1, 4, 2, 1, 8, 15, 1, 1, 13, 1, 8, 23, 2, 9, 3, 8, 9, 18, 1, 6, 12, 1, 1, 4, 2, 5, 22, 10, 9, 2, 9, 2, 1, 17, 1, 2, 4, 9, 12, 11, 3, 7, 9, 2, 11, 2, 1, 4, 14, 22, 1, 1, 24, 2, 1, 4, 15, 3, 12, 4, 1, 11, 16, 29, 9, 23, 0, 0, 0, 0, 0, 0, 0, 0, 0, 0, 0, 0, 0, 0, 0, 0, 0, 0, 0, 0, 0, 0, 0, 0, 0, 0, 0, 0, 0, 0, 0, 0, 0, 0, 0, 0, 0, 0, 0, 0, 0, 0, 0, 0, 0, 0, 0, 0, 0, 0, 0, 0, 0, 0, 0, 0, 0, 0, 0, 0, 0, 0, 0, 0, 0, 0, 0, 0, 0, 0, 0, 0, 0, 0, 0, 0, 0, 0, 0, 0, 0, 0, 0, 0, 0, 0, 0, 0, 0, 0, 0, 0, 0, 0, 0, 0, 0, 0, 0, 0, 0, 0, 0, 0, 0, : 24, 3, 8, 12, 24, 1, 8, 6, 1, 3, 7, 2, 12, 9, 1, 22, 10, 1, 3, 28, 3, 5, 5, 4, 16, 13, 12, 7, 1, 1, 4, 2, 1, 8, 15, 1, 1, 13, 1, 8, 23, 2, 9, 3, 8, 9, 18, 1, 6, 12, 1, 1, 4, 2, 5, 22, 10, 9, 2, 9, 2, 1, 17, 1, 2, 4, 9, 12, 11, 3, 7, 9, 2, 11, 2, 1, 4, 14, 22, 1, 1, 24, 2, 1, 4, 15, 3, 12, 4, 1, 11, 16, 29, 9, 23, 
12: 1, 21, 15, 1, 7, 6, 5, 3, 5, 3, 2, 2, 9, 20, 2, 1, 6, 3, 13, 27, 13, 1, 1, 2, 1, 2, 5, 10, 2, 6, 9, 8, 12, 29, 3, 1, 9, 2, 1, 14, 2, 8, 22, 6, 4, 14, 7, 6, 7, 11, 19, 4, 7, 14, 18, 5, 1, 1, 24, 9, 6, 3, 18, 2, 1, 3, 1, 11, 2, 12, 3, 6, 6, 7, 6, 2, 23, 2, 7, 11, 2, 5, 4, 1, 21, 13, 4, 11, 27, 8, 2, 2, 2, 11, 5, 15, 15, 10, 15, 11, 12, 3, 5, 12, 12, 1, 0, 0, 0, 0, 0, 0, 0, 0, 0, 0, 0, 0, 0, 0, 0, 0, 0, 0, 0, 0, 0, 0, 0, 0, 0, 0, 0, 0, 0, 0, 0, 0, 0, 0, 0, 0, 0, 0, 0, 0, 0, 0, 0, 0, 0, 0, 0, 0, 0, 0, 0, 0, 0, 0, 0, 0, 0, 0, 0, 0, 0, 0, 0, 0, 0, 0, 0, 0, 0, 0, 0, 0, 0, 0, 0, 0, 0, 0, 0, 0, 0, 0, 0, 0, 0, 0, 0, 0, 0, 0, 0, 0, 0, 0, : 1, 21, 15, 1, 7, 6, 5, 3, 5, 3, 2, 2, 9, 20, 2, 1, 6, 3, 13, 27, 13, 1, 1, 2, 1, 2, 5, 10, 2, 6, 9, 8, 12, 29, 3, 1, 9, 2, 1, 14, 2, 8, 22, 6, 4, 14, 7, 6, 7, 11, 19, 4, 7, 14, 18, 5, 1, 1, 24, 9, 6, 3, 18, 2, 1, 3, 1, 11, 2, 12, 3, 6, 6, 7, 6, 2, 23, 2, 7, 11, 2, 5, 4, 1, 21, 13, 4, 11, 27, 8, 2, 2, 2, 11, 5, 15, 15, 10, 15, 11, 12, 3, 5, 12, 12, 1, 
13: 23, 3, 6, 5, 3, 2, 30, 6, 26, 7, 3, 1, 11, 6, 8, 7, 4, 4, 8, 15, 1, 4, 3, 3, 1, 4, 1, 4, 1, 25, 17, 8, 2, 5, 6, 2, 7, 28, 1, 2, 21, 11, 11, 1, 15, 18, 4, 12, 21, 1, 1, 4, 2, 14, 1, 14, 9, 2, 8, 9, 13, 4, 3, 9, 9, 2, 1, 11, 2, 8, 11, 30, 2, 7, 4, 4, 9, 6, 3, 14, 2, 20, 34, 4, 4, 11, 1, 5, 4, 1, 4, 7, 1, 15, 15, 20, 1, 8, 12, 3, 2, 1, 11, 0, 0, 0, 0, 0, 0, 0, 0, 0, 0, 0, 0, 0, 0, 0, 0, 0, 0, 0, 0, 0, 0, 0, 0, 0, 0, 0, 0, 0, 0, 0, 0, 0, 0, 0, 0, 0, 0, 0, 0, 0, 0, 0, 0, 0, 0, 0, 0, 0, 0, 0, 0, 0, 0, 0, 0, 0, 0, 0, 0, 0, 0, 0, 0, 0, 0, 0, 0, 0, 0, 0, 0, 0, 0, 0, 0, 0, 0, 0, 0, 0, 0, 0, 0, 0, 0, 0, 0, 0, 0, 0, 0, 0, 0, 0, 0, 0, : 23, 3, 6, 5, 3, 2, 30, 6, 26, 7, 3, 1, 11, 6, 8, 7, 4, 4, 8, 15, 1, 4, 3, 3, 1, 4, 1, 4, 1, 25, 17, 8, 2, 5, 6, 2, 7, 28, 1, 2, 21, 11, 11, 1, 15, 18, 4, 12, 21, 1, 1, 4, 2, 14, 1, 14, 9, 2, 8, 9, 13, 4, 3, 9, 9, 2, 1, 11, 2, 8, 11, 30, 2, 7, 4, 4, 9, 6, 3, 14, 2, 20, 34, 4, 4, 11, 1, 5, 4, 1, 4, 7, 1, 15, 15, 20, 1, 8, 12, 3, 2, 1, 11, 
14: 1, 4, 2, 9, 7, 15, 4, 3, 20, 7, 11, 4, 2, 3, 1, 3, 10, 3, 2, 7, 13, 1, 9, 15, 1, 5, 22, 10, 18, 19, 2, 4, 1, 33, 3, 8, 8, 33, 1, 1, 19, 4, 9, 6, 21, 3, 15, 5, 11, 6, 4, 9, 5, 7, 1, 4, 10, 7, 5, 1, 30, 3, 12, 9, 25, 14, 1, 5, 2, 3, 22, 26, 10, 2, 1, 5, 6, 8, 10, 3, 28, 0, 0, 0, 0, 0, 0, 0, 0, 0, 0, 0, 0, 0, 0, 0, 0, 0, 0, 0, 0, 0, 0, 0, 0, 0, 0, 0, 0, 0, 0, 0, 0, 0, 0, 0, 0, 0, 0, 0, 0, 0, 0, 0, 0, 0, 0, 0, 0, 0, 0, 0, 0, 0, 0, 0, 0, 0, 0, 0, 0, 0, 0, 0, 0, 0, 0, 0, 0, 0, 0, 0, 0, 0, 0, 0, 0, 0, 0, 0, 0, 0, 0, 0, 0, 0, 0, 0, 0, 0, 0, 0, 0, 0, 0, 0, 0, 0, 0, 0, 0, 0, 0, 0, 0, 0, 0, 0, 0, 0, 0, 0, 0, 0, 0, 0, 0, 0, 0, 0, : 1, 4, 2, 9, 7, 15, 4, 3, 20, 7, 11, 4, 2, 3, 1, 3, 10, 3, 2, 7, 13, 1, 9, 15, 1, 5, 22, 10, 18, 19, 2, 4, 1, 33, 3, 8, 8, 33, 1, 1, 19, 4, 9, 6, 21, 3, 15, 5, 11, 6, 4, 9, 5, 7, 1, 4, 10, 7, 5, 1, 30, 3, 12, 9, 25, 14, 1, 5, 2, 3, 22, 26, 10, 2, 1, 5, 6, 8, 10, 3, 28, 
15: 1, 24, 5, 22, 3, 5, 1, 14, 1, 19, 9, 16, 15, 1, 1, 5, 4, 7, 8, 9, 6, 6, 1, 5, 2, 2, 10, 1, 5, 2, 4, 21, 1, 4, 9, 8, 14, 6, 2, 9, 5, 1, 2, 16, 8, 13, 11, 2, 6, 10, 8, 22, 30, 1, 3, 10, 6, 2, 2, 3, 12, 1, 1, 17, 19, 18, 18, 23, 16, 4, 5, 20, 5, 15, 12, 15, 6, 4, 0, 0, 0, 0, 0, 0, 0, 0, 0, 0, 0, 0, 0, 0, 0, 0, 0, 0, 0, 0, 0, 0, 0, 0, 0, 0, 0, 0, 0, 0, 0, 0, 0, 0, 0, 0, 0, 0, 0, 0, 0, 0, 0, 0, 0, 0, 0, 0, 0, 0, 0, 0, 0, 0, 0, 0, 0, 0, 0, 0, 0, 0, 0, 0, 0, 0, 0, 0, 0, 0, 0, 0, 0, 0, 0, 0, 0, 0, 0, 0, 0, 0, 0, 0, 0, 0, 0, 0, 0, 0, 0, 0, 0, 0, 0, 0, 0, 0, 0, 0, 0, 0, 0, 0, 0, 0, 0, 0, 0, 0, 0, 0, 0, 0, 0, 0, 0, 0, 0, 0, 0, 0, : 1, 24, 5, 22, 3, 5, 1, 14, 1, 19, 9, 16, 15, 1, 1, 5, 4, 7, 8, 9, 6, 6, 1, 5, 2, 2, 10, 1, 5, 2, 4, 21, 1, 4, 9, 8, 14, 6, 2, 9, 5, 1, 2, 16, 8, 13, 11, 2, 6, 10, 8, 22, 30, 1, 3, 10, 6, 2, 2, 3, 12, 1, 1, 17, 19, 18, 18, 23, 16, 4, 5, 20, 5, 15, 12, 15, 6, 4, 
16: 20, 7, 14, 2, 7, 18, 22, 1, 1, 18, 7, 6, 17, 12, 2, 1, 6, 3, 20, 9, 2, 4, 9, 2, 6, 21, 1, 15, 29, 16, 6, 2, 6, 6, 11, 20, 30, 5, 1, 37, 3, 2, 8, 2, 4, 9, 4, 1, 4, 2, 1, 1, 2, 15, 8, 8, 8, 7, 1, 2, 10, 7, 3, 6, 1, 11, 9, 39, 25, 4, 3, 23, 3, 4, 1, 1, 14, 0, 0, 0, 0, 0, 0, 0, 0, 0, 0, 0, 0, 0, 0, 0, 0, 0, 0, 0, 0, 0, 0, 0, 0, 0, 0, 0, 0, 0, 0, 0, 0, 0, 0, 0, 0, 0, 0, 0, 0, 0, 0, 0, 0, 0, 0, 0, 0, 0, 0, 0, 0, 0, 0, 0, 0, 0, 0, 0, 0, 0, 0, 0, 0, 0, 0, 0, 0, 0, 0, 0, 0, 0, 0, 0, 0, 0, 0, 0, 0, 0, 0, 0, 0, 0, 0, 0, 0, 0, 0, 0, 0, 0, 0, 0, 0, 0, 0, 0, 0, 0, 0, 0, 0, 0, 0, 0, 0, 0, 0, 0, 0, 0, 0, 0, 0, 0, 0, 0, 0, 0, 0, 0, : 20, 7, 14, 2, 7, 18, 22, 1, 1, 18, 7, 6, 17, 12, 2, 1, 6, 3, 20, 9, 2, 4, 9, 2, 6, 21, 1, 15, 29, 16, 6, 2, 6, 6, 11, 20, 30, 5, 1, 37, 3, 2, 8, 2, 4, 9, 4, 1, 4, 2, 1, 1, 2, 15, 8, 8, 8, 7, 1, 2, 10, 7, 3, 6, 1, 11, 9, 39, 25, 4, 3, 23, 3, 4, 1, 1, 14, 
17: 3, 2, 2, 1, 8, 4, 8, 2, 3, 26, 2, 9, 1, 8, 8, 9, 2, 4, 12, 7, 6, 1, 3, 14, 14, 1, 1, 3, 1, 22, 8, 5, 2, 8, 36, 1, 4, 13, 15, 2, 5, 2, 8, 3, 5, 19, 3, 18, 8, 7, 13, 11, 30, 8, 1, 9, 18, 13, 2, 25, 2, 7, 1, 5, 31, 6, 3, 7, 12, 4, 2, 3, 10, 30, 4, 3, 15, 4, 8, 8, 6, 6, 20, 35, 1, 4, 5, 2, 20, 6, 6, 4, 6, 5, 15, 8, 5, 11, 19, 2, 8, 2, 14, 22, 1, 11, 1, 1, 7, 2, 7, 27, 11, 7, 30, 3, 25, 2, 1, 30, 2, 3, 2, 13, 3, 3, 1, 1, 7, 0, 0, 0, 0, 0, 0, 0, 0, 0, 0, 0, 0, 0, 0, 0, 0, 0, 0, 0, 0, 0, 0, 0, 0, 0, 0, 0, 0, 0, 0, 0, 0, 0, 0, 0, 0, 0, 0, 0, 0, 0, 0, 0, 0, 0, 0, 0, 0, 0, 0, 0, 0, 0, 0, 0, 0, 0, 0, 0, 0, 0, 0, 0, 0, 0, 0, 0, 0, 0, 0, 0, : 3, 2, 2, 1, 8, 4, 8, 2, 3, 26, 2, 9, 1, 8, 8, 9, 2, 4, 12, 7, 6, 1, 3, 14, 14, 1, 1, 3, 1, 22, 8, 5, 2, 8, 36, 1, 4, 13, 15, 2, 5, 2, 8, 3, 5, 19, 3, 18, 8, 7, 13, 11, 30, 8, 1, 9, 18, 13, 2, 25, 2, 7, 1, 5, 31, 6, 3, 7, 12, 4, 2, 3, 10, 30, 4, 3, 15, 4, 8, 8, 6, 6, 20, 35, 1, 4, 5, 2, 20, 6, 6, 4, 6, 5, 15, 8, 5, 11, 19, 2, 8, 2, 14, 22, 1, 11, 1, 1, 7, 2, 7, 27, 11, 7, 30, 3, 25, 2, 1, 30, 2, 3, 2, 13, 3, 3, 1, 1, 7, 
18: 2, 3, 10, 3, 2, 5, 8, 7, 8, 6, 2, 27, 10, 7, 7, 4, 4, 4, 4, 5, 21, 8, 3, 1, 4, 9, 8, 8, 10, 12, 8, 2, 27, 1, 11, 13, 8, 3, 1, 1, 20, 15, 5, 3, 1, 6, 25, 14, 9, 4, 2, 1, 5, 15, 14, 4, 19, 4, 1, 6, 1, 1, 1, 18, 34, 2, 3, 4, 12, 2, 1, 9, 12, 7, 4, 1, 18, 35, 4, 14, 6, 1, 1, 19, 12, 5, 10, 31, 2, 7, 8, 6, 3, 13, 2, 2, 8, 2, 25, 22, 6, 2, 3, 17, 20, 1, 19, 15, 32, 19, 3, 31, 32, 2, 5, 19, 3, 32, 3, 0, 0, 0, 0, 0, 0, 0, 0, 0, 0, 0, 0, 0, 0, 0, 0, 0, 0, 0, 0, 0, 0, 0, 0, 0, 0, 0, 0, 0, 0, 0, 0, 0, 0, 0, 0, 0, 0, 0, 0, 0, 0, 0, 0, 0, 0, 0, 0, 0, 0, 0, 0, 0, 0, 0, 0, 0, 0, 0, 0, 0, 0, 0, 0, 0, 0, 0, 0, 0, 0, 0, 0, 0, 0, 0, 0, 0, 0, 0, 0, 0, : 2, 3, 10, 3, 2, 5, 8, 7, 8, 6, 2, 27, 10, 7, 7, 4, 4, 4, 4, 5, 21, 8, 3, 1, 4, 9, 8, 8, 10, 12, 8, 2, 27, 1, 11, 13, 8, 3, 1, 1, 20, 15, 5, 3, 1, 6, 25, 14, 9, 4, 2, 1, 5, 15, 14, 4, 19, 4, 1, 6, 1, 1, 1, 18, 34, 2, 3, 4, 12, 2, 1, 9, 12, 7, 4, 1, 18, 35, 4, 14, 6, 1, 1, 19, 12, 5, 10, 31, 2, 7, 8, 6, 3, 13, 2, 2, 8, 2, 25, 22, 6, 2, 3, 17, 20, 1, 19, 15, 32, 19, 3, 31, 32, 2, 5, 19, 3, 32, 3, 
19: 5, 5, 7, 6, 5, 22, 1, 1, 2, 7, 2, 2, 4, 3, 12, 10, 6, 24, 30, 7, 1, 7, 4, 5, 1, 22, 1, 6, 3, 2, 20, 2, 5, 5, 26, 6, 3, 2, 1, 1, 1, 14, 3, 3, 6, 1, 7, 8, 28, 6, 4, 2, 12, 7, 6, 17, 5, 5, 10, 5, 13, 12, 8, 17, 17, 3, 5, 4, 10, 9, 1, 3, 2, 3, 5, 6, 25, 1, 3, 19, 4, 3, 5, 7, 3, 2, 1, 3, 20, 14, 1, 3, 6, 5, 10, 1, 18, 5, 31, 6, 3, 5, 0, 0, 0, 0, 0, 0, 0, 0, 0, 0, 0, 0, 0, 0, 0, 0, 0, 0, 0, 0, 0, 0, 0, 0, 0, 0, 0, 0, 0, 0, 0, 0, 0, 0, 0, 0, 0, 0, 0, 0, 0, 0, 0, 0, 0, 0, 0, 0, 0, 0, 0, 0, 0, 0, 0, 0, 0, 0, 0, 0, 0, 0, 0, 0, 0, 0, 0, 0, 0, 0, 0, 0, 0, 0, 0, 0, 0, 0, 0, 0, 0, 0, 0, 0, 0, 0, 0, 0, 0, 0, 0, 0, 0, 0, 0, 0, 0, 0, : 5, 5, 7, 6, 5, 22, 1, 1, 2, 7, 2, 2, 4, 3, 12, 10, 6, 24, 30, 7, 1, 7, 4, 5, 1, 22, 1, 6, 3, 2, 20, 2, 5, 5, 26, 6, 3, 2, 1, 1, 1, 14, 3, 3, 6, 1, 7, 8, 28, 6, 4, 2, 12, 7, 6, 17, 5, 5, 10, 5, 13, 12, 8, 17, 17, 3, 5, 4, 10, 9, 1, 3, 2, 3, 5, 6, 25, 1, 3, 19, 4, 3, 5, 7, 3, 2, 1, 3, 20, 14, 1, 3, 6, 5, 10, 1, 18, 5, 31, 6, 3, 5, 
20: 16, 5, 1, 6, 4, 10, 4, 8, 19, 5, 1, 1, 10, 22, 6, 1, 11, 8, 4, 18, 27, 1, 13, 24, 21, 2, 1, 6, 1, 3, 7, 12, 3, 6, 19, 2, 24, 19, 4, 34, 3, 6, 2, 4, 11, 16, 1, 2, 3, 3, 20, 26, 2, 8, 9, 1, 25, 14, 15, 35, 2, 7, 1, 4, 2, 2, 7, 6, 16, 15, 5, 12, 11, 1, 4, 5, 1, 4, 32, 9, 2, 5, 5, 4, 5, 3, 5, 10, 18, 9, 7, 9, 3, 2, 1, 8, 7, 4, 2, 19, 19, 11, 1, 1, 1, 4, 6, 19, 4, 11, 17, 5, 12, 12, 21, 8, 2, 4, 10, 8, 9, 2, 7, 7, 1, 1, 1, 1, 3, 3, 4, 33, 10, 0, 0, 0, 0, 0, 0, 0, 0, 0, 0, 0, 0, 0, 0, 0, 0, 0, 0, 0, 0, 0, 0, 0, 0, 0, 0, 0, 0, 0, 0, 0, 0, 0, 0, 0, 0, 0, 0, 0, 0, 0, 0, 0, 0, 0, 0, 0, 0, 0, 0, 0, 0, 0, 0, 0, 0, 0, 0, 0, 0, 0, 0, 0, 0, 0, 0, 0, : 16, 5, 1, 6, 4, 10, 4, 8, 19, 5, 1, 1, 10, 22, 6, 1, 11, 8, 4, 18, 27, 1, 13, 24, 21, 2, 1, 6, 1, 3, 7, 12, 3, 6, 19, 2, 24, 19, 4, 34, 3, 6, 2, 4, 11, 16, 1, 2, 3, 3, 20, 26, 2, 8, 9, 1, 25, 14, 15, 35, 2, 7, 1, 4, 2, 2, 7, 6, 16, 15, 5, 12, 11, 1, 4, 5, 1, 4, 32, 9, 2, 5, 5, 4, 5, 3, 5, 10, 18, 9, 7, 9, 3, 2, 1, 8, 7, 4, 2, 19, 19, 11, 1, 1, 1, 4, 6, 19, 4, 11, 17, 5, 12, 12, 21, 8, 2, 4, 10, 8, 9, 2, 7, 7, 1, 1, 1, 1, 3, 3, 4, 33, 10, 
21: 21, 4, 1, 7, 11, 7, 1, 3, 10, 3, 7, 2, 4, 6, 17, 11, 9, 13, 3, 6, 8, 6, 24, 14, 6, 8, 8, 1, 3, 4, 3, 1, 8, 8, 22, 1, 27, 11, 11, 14, 15, 1, 6, 2, 4, 9, 2, 7, 6, 1, 25, 7, 2, 5, 1, 7, 3, 3, 18, 12, 8, 2, 5, 3, 6, 1, 20, 3, 1, 7, 1, 4, 1, 17, 5, 9, 29, 26, 10, 15, 10, 21, 2, 31, 7, 4, 8, 1, 3, 17, 6, 4, 1, 3, 16, 1, 16, 14, 8, 8, 1, 1, 15, 3, 1, 2, 10, 1, 20, 3, 3, 8, 32, 13, 3, 4, 1, 9, 3, 2, 23, 1, 3, 17, 21, 3, 1, 2, 1, 4, 6, 0, 0, 0, 0, 0, 0, 0, 0, 0, 0, 0, 0, 0, 0, 0, 0, 0, 0, 0, 0, 0, 0, 0, 0, 0, 0, 0, 0, 0, 0, 0, 0, 0, 0, 0, 0, 0, 0, 0, 0, 0, 0, 0, 0, 0, 0, 0, 0, 0, 0, 0, 0, 0, 0, 0, 0, 0, 0, 0, 0, 0, 0, 0, 0, 0, 0, 0, 0, 0, : 21, 4, 1, 7, 11, 7, 1, 3, 10, 3, 7, 2, 4, 6, 17, 11, 9, 13, 3, 6, 8, 6, 24, 14, 6, 8, 8, 1, 3, 4, 3, 1, 8, 8, 22, 1, 27, 11, 11, 14, 15, 1, 6, 2, 4, 9, 2, 7, 6, 1, 25, 7, 2, 5, 1, 7, 3, 3, 18, 12, 8, 2, 5, 3, 6, 1, 20, 3, 1, 7, 1, 4, 1, 17, 5, 9, 29, 26, 10, 15, 10, 21, 2, 31, 7, 4, 8, 1, 3, 17, 6, 4, 1, 3, 16, 1, 16, 14, 8, 8, 1, 1, 15, 3, 1, 2, 10, 1, 20, 3, 3, 8, 32, 13, 3, 4, 1, 9, 3, 2, 23, 1, 3, 17, 21, 3, 1, 2, 1, 4, 6, 
22: 2, 1, 8, 3, 14, 1, 5, 2, 12, 2, 1, 22, 7, 4, 6, 4, 3, 11, 9, 1, 3, 1, 3, 7, 1, 10, 4, 5, 23, 3, 13, 4, 7, 7, 3, 13, 31, 2, 11, 1, 3, 1, 11, 10, 14, 13, 3, 6, 14, 26, 2, 14, 10, 4, 18, 8, 5, 15, 3, 7, 5, 11, 16, 3, 2, 9, 2, 18, 20, 25, 5, 2, 0, 0, 0, 0, 0, 0, 0, 0, 0, 0, 0, 0, 0, 0, 0, 0, 0, 0, 0, 0, 0, 0, 0, 0, 0, 0, 0, 0, 0, 0, 0, 0, 0, 0, 0, 0, 0, 0, 0, 0, 0, 0, 0, 0, 0, 0, 0, 0, 0, 0, 0, 0, 0, 0, 0, 0, 0, 0, 0, 0, 0, 0, 0, 0, 0, 0, 0, 0, 0, 0, 0, 0, 0, 0, 0, 0, 0, 0, 0, 0, 0, 0, 0, 0, 0, 0, 0, 0, 0, 0, 0, 0, 0, 0, 0, 0, 0, 0, 0, 0, 0, 0, 0, 0, 0, 0, 0, 0, 0, 0, 0, 0, 0, 0, 0, 0, 0, 0, 0, 0, 0, 0, 0, 0, 0, 0, 0, 0, : 2, 1, 8, 3, 14, 1, 5, 2, 12, 2, 1, 22, 7, 4, 6, 4, 3, 11, 9, 1, 3, 1, 3, 7, 1, 10, 4, 5, 23, 3, 13, 4, 7, 7, 3, 13, 31, 2, 11, 1, 3, 1, 11, 10, 14, 13, 3, 6, 14, 26, 2, 14, 10, 4, 18, 8, 5, 15, 3, 7, 5, 11, 16, 3, 2, 9, 2, 18, 20, 25, 5, 2, 
23: 22, 17, 22, 2, 8, 12, 3, 12, 10, 1, 3, 3, 2, 2, 5, 10, 8, 1, 14, 9, 4, 3, 1, 6, 10, 1, 21, 1, 10, 29, 14, 7, 8, 8, 1, 7, 1, 2, 18, 1, 13, 8, 4, 5, 2, 3, 23, 7, 4, 20, 7, 10, 2, 2, 3, 8, 11, 34, 1, 2, 8, 1, 10, 37, 17, 4, 4, 8, 8, 7, 2, 5, 6, 21, 4, 1, 2, 1, 5, 3, 3, 6, 4, 19, 2, 8, 26, 4, 1, 7, 12, 22, 5, 20, 3, 6, 5, 16, 7, 1, 5, 11, 4, 5, 6, 16, 8, 5, 0, 0, 0, 0, 0, 0, 0, 0, 0, 0, 0, 0, 0, 0, 0, 0, 0, 0, 0, 0, 0, 0, 0, 0, 0, 0, 0, 0, 0, 0, 0, 0, 0, 0, 0, 0, 0, 0, 0, 0, 0, 0, 0, 0, 0, 0, 0, 0, 0, 0, 0, 0, 0, 0, 0, 0, 0, 0, 0, 0, 0, 0, 0, 0, 0, 0, 0, 0, 0, 0, 0, 0, 0, 0, 0, 0, 0, 0, 0, 0, 0, 0, 0, 0, 0, 0, 0, 0, 0, 0, 0, 0, : 22, 17, 22, 2, 8, 12, 3, 12, 10, 1, 3, 3, 2, 2, 5, 10, 8, 1, 14, 9, 4, 3, 1, 6, 10, 1, 21, 1, 10, 29, 14, 7, 8, 8, 1, 7, 1, 2, 18, 1, 13, 8, 4, 5, 2, 3, 23, 7, 4, 20, 7, 10, 2, 2, 3, 8, 11, 34, 1, 2, 8, 1, 10, 37, 17, 4, 4, 8, 8, 7, 2, 5, 6, 21, 4, 1, 2, 1, 5, 3, 3, 6, 4, 19, 2, 8, 26, 4, 1, 7, 12, 22, 5, 20, 3, 6, 5, 16, 7, 1, 5, 11, 4, 5, 6, 16, 8, 5, 
24: 1, 10, 5, 10, 10, 26, 13, 17, 3, 2, 12, 2, 5, 12, 16, 4, 30, 4, 2, 7, 20, 2, 3, 1, 29, 4, 1, 21, 7, 1, 2, 1, 8, 10, 16, 3, 1, 1, 5, 6, 2, 6, 7, 3, 19, 18, 17, 7, 1, 18, 2, 13, 13, 1, 4, 2, 9, 10, 2, 22, 1, 16, 27, 5, 9, 23, 2, 24, 16, 10, 9, 5, 13, 20, 1, 11, 20, 4, 7, 3, 9, 14, 4, 9, 1, 1, 1, 3, 12, 9, 10, 15, 5, 9, 6, 26, 4, 28, 6, 3, 0, 0, 0, 0, 0, 0, 0, 0, 0, 0, 0, 0, 0, 0, 0, 0, 0, 0, 0, 0, 0, 0, 0, 0, 0, 0, 0, 0, 0, 0, 0, 0, 0, 0, 0, 0, 0, 0, 0, 0, 0, 0, 0, 0, 0, 0, 0, 0, 0, 0, 0, 0, 0, 0, 0, 0, 0, 0, 0, 0, 0, 0, 0, 0, 0, 0, 0, 0, 0, 0, 0, 0, 0, 0, 0, 0, 0, 0, 0, 0, 0, 0, 0, 0, 0, 0, 0, 0, 0, 0, 0, 0, 0, 0, 0, 0, 0, 0, 0, 0, : 1, 10, 5, 10, 10, 26, 13, 17, 3, 2, 12, 2, 5, 12, 16, 4, 30, 4, 2, 7, 20, 2, 3, 1, 29, 4, 1, 21, 7, 1, 2, 1, 8, 10, 16, 3, 1, 1, 5, 6, 2, 6, 7, 3, 19, 18, 17, 7, 1, 18, 2, 13, 13, 1, 4, 2, 9, 10, 2, 22, 1, 16, 27, 5, 9, 23, 2, 24, 16, 10, 9, 5, 13, 20, 1, 11, 20, 4, 7, 3, 9, 14, 4, 9, 1, 1, 1, 3, 12, 9, 10, 15, 5, 9, 6, 26, 4, 28, 6, 3, 
25: 2, 7, 5, 29, 2, 5, 10, 18, 1, 8, 1, 5, 4, 1, 19, 2, 9, 4, 2, 1, 4, 3, 32, 7, 6, 4, 5, 1, 1, 23, 10, 6, 8, 1, 12, 1, 13, 11, 3, 4, 2, 9, 13, 1, 17, 16, 7, 9, 16, 6, 9, 1, 5, 6, 16, 24, 9, 10, 2, 24, 3, 4, 16, 3, 14, 6, 31, 7, 4, 2, 2, 1, 1, 17, 4, 10, 2, 4, 3, 7, 1, 2, 7, 1, 4, 23, 11, 12, 3, 10, 20, 4, 1, 19, 13, 5, 0, 0, 0, 0, 0, 0, 0, 0, 0, 0, 0, 0, 0, 0, 0, 0, 0, 0, 0, 0, 0, 0, 0, 0, 0, 0, 0, 0, 0, 0, 0, 0, 0, 0, 0, 0, 0, 0, 0, 0, 0, 0, 0, 0, 0, 0, 0, 0, 0, 0, 0, 0, 0, 0, 0, 0, 0, 0, 0, 0, 0, 0, 0, 0, 0, 0, 0, 0, 0, 0, 0, 0, 0, 0, 0, 0, 0, 0, 0, 0, 0, 0, 0, 0, 0, 0, 0, 0, 0, 0, 0, 0, 0, 0, 0, 0, 0, 0, 0, 0, 0, 0, 0, 0, : 2, 7, 5, 29, 2, 5, 10, 18, 1, 8, 1, 5, 4, 1, 19, 2, 9, 4, 2, 1, 4, 3, 32, 7, 6, 4, 5, 1, 1, 23, 10, 6, 8, 1, 12, 1, 13, 11, 3, 4, 2, 9, 13, 1, 17, 16, 7, 9, 16, 6, 9, 1, 5, 6, 16, 24, 9, 10, 2, 24, 3, 4, 16, 3, 14, 6, 31, 7, 4, 2, 2, 1, 1, 17, 4, 10, 2, 4, 3, 7, 1, 2, 7, 1, 4, 23, 11, 12, 3, 10, 20, 4, 1, 19, 13, 5, 
26: 13, 19, 27, 29, 1, 5, 5, 9, 22, 1, 17, 15, 1, 25, 11, 18, 26, 1, 10, 1, 29, 24, 5, 16, 5, 17, 2, 1, 6, 24, 13, 14, 4, 3, 6, 25, 3, 14, 8, 3, 3, 1, 3, 28, 3, 3, 2, 2, 5, 11, 8, 2, 10, 8, 5, 13, 25, 9, 2, 37, 21, 4, 12, 5, 11, 1, 3, 13, 1, 1, 28, 1, 4, 7, 2, 20, 5, 1, 16, 10, 31, 3, 1, 2, 8, 7, 7, 1, 2, 1, 10, 10, 0, 0, 0, 0, 0, 0, 0, 0, 0, 0, 0, 0, 0, 0, 0, 0, 0, 0, 0, 0, 0, 0, 0, 0, 0, 0, 0, 0, 0, 0, 0, 0, 0, 0, 0, 0, 0, 0, 0, 0, 0, 0, 0, 0, 0, 0, 0, 0, 0, 0, 0, 0, 0, 0, 0, 0, 0, 0, 0, 0, 0, 0, 0, 0, 0, 0, 0, 0, 0, 0, 0, 0, 0, 0, 0, 0, 0, 0, 0, 0, 0, 0, 0, 0, 0, 0, 0, 0, 0, 0, 0, 0, 0, 0, 0, 0, 0, 0, 0, 0, 0, 0, 0, 0, 0, 0, 0, 0, : 13, 19, 27, 29, 1, 5, 5, 9, 22, 1, 17, 15, 1, 25, 11, 18, 26, 1, 10, 1, 29, 24, 5, 16, 5, 17, 2, 1, 6, 24, 13, 14, 4, 3, 6, 25, 3, 14, 8, 3, 3, 1, 3, 28, 3, 3, 2, 2, 5, 11, 8, 2, 10, 8, 5, 13, 25, 9, 2, 37, 21, 4, 12, 5, 11, 1, 3, 13, 1, 1, 28, 1, 4, 7, 2, 20, 5, 1, 16, 10, 31, 3, 1, 2, 8, 7, 7, 1, 2, 1, 10, 10, 
27: 11, 1, 1, 5, 5, 9, 17, 11, 14, 6, 8, 5, 1, 2, 15, 3, 3, 6, 1, 10, 2, 3, 1, 1, 7, 11, 14, 29, 6, 3, 15, 9, 2, 7, 23, 2, 7, 4, 14, 2, 1, 5, 29, 9, 8, 13, 7, 1, 3, 12, 4, 8, 7, 8, 10, 7, 22, 16, 12, 7, 1, 4, 19, 12, 5, 6, 3, 3, 3, 3, 19, 8, 22, 6, 16, 7, 14, 10, 1, 15, 11, 19, 3, 3, 7, 8, 4, 3, 4, 10, 2, 10, 1, 3, 3, 6, 2, 1, 1, 7, 20, 14, 6, 5, 4, 8, 1, 24, 4, 3, 3, 1, 5, 0, 0, 0, 0, 0, 0, 0, 0, 0, 0, 0, 0, 0, 0, 0, 0, 0, 0, 0, 0, 0, 0, 0, 0, 0, 0, 0, 0, 0, 0, 0, 0, 0, 0, 0, 0, 0, 0, 0, 0, 0, 0, 0, 0, 0, 0, 0, 0, 0, 0, 0, 0, 0, 0, 0, 0, 0, 0, 0, 0, 0, 0, 0, 0, 0, 0, 0, 0, 0, 0, 0, 0, 0, 0, 0, 0, 0, 0, 0, 0, 0, 0, 0, 0, 0, 0, 0, : 11, 1, 1, 5, 5, 9, 17, 11, 14, 6, 8, 5, 1, 2, 15, 3, 3, 6, 1, 10, 2, 3, 1, 1, 7, 11, 14, 29, 6, 3, 15, 9, 2, 7, 23, 2, 7, 4, 14, 2, 1, 5, 29, 9, 8, 13, 7, 1, 3, 12, 4, 8, 7, 8, 10, 7, 22, 16, 12, 7, 1, 4, 19, 12, 5, 6, 3, 3, 3, 3, 19, 8, 22, 6, 16, 7, 14, 10, 1, 15, 11, 19, 3, 3, 7, 8, 4, 3, 4, 10, 2, 10, 1, 3, 3, 6, 2, 1, 1, 7, 20, 14, 6, 5, 4, 8, 1, 24, 4, 3, 3, 1, 5, 
28: 5, 5, 14, 2, 24, 7, 4, 4, 1, 29, 1, 4, 6, 1, 10, 6, 10, 15, 5, 1, 14, 10, 2, 3, 36, 12, 2, 1, 3, 20, 4, 1, 4, 1, 2, 12, 3, 28, 1, 16, 6, 8, 19, 27, 1, 4, 9, 4, 5, 14, 4, 6, 8, 6, 9, 18, 2, 2, 6, 12, 10, 10, 5, 18, 15, 1, 31, 11, 10, 9, 11, 1, 2, 5, 2, 12, 33, 2, 4, 4, 16, 27, 13, 0, 0, 0, 0, 0, 0, 0, 0, 0, 0, 0, 0, 0, 0, 0, 0, 0, 0, 0, 0, 0, 0, 0, 0, 0, 0, 0, 0, 0, 0, 0, 0, 0, 0, 0, 0, 0, 0, 0, 0, 0, 0, 0, 0, 0, 0, 0, 0, 0, 0, 0, 0, 0, 0, 0, 0, 0, 0, 0, 0, 0, 0, 0, 0, 0, 0, 0, 0, 0, 0, 0, 0, 0, 0, 0, 0, 0, 0, 0, 0, 0, 0, 0, 0, 0, 0, 0, 0, 0, 0, 0, 0, 0, 0, 0, 0, 0, 0, 0, 0, 0, 0, 0, 0, 0, 0, 0, 0, 0, 0, 0, 0, 0, 0, 0, 0, 0, : 5, 5, 14, 2, 24, 7, 4, 4, 1, 29, 1, 4, 6, 1, 10, 6, 10, 15, 5, 1, 14, 10, 2, 3, 36, 12, 2, 1, 3, 20, 4, 1, 4, 1, 2, 12, 3, 28, 1, 16, 6, 8, 19, 27, 1, 4, 9, 4, 5, 14, 4, 6, 8, 6, 9, 18, 2, 2, 6, 12, 10, 10, 5, 18, 15, 1, 31, 11, 10, 9, 11, 1, 2, 5, 2, 12, 33, 2, 4, 4, 16, 27, 13, 
29: 1, 29, 22, 26, 20, 24, 11, 3, 2, 4, 6, 17, 18, 4, 11, 2, 3, 5, 2, 1, 17, 8, 3, 10, 20, 7, 1, 1, 3, 32, 6, 2, 6, 2, 21, 16, 15, 8, 24, 7, 3, 3, 10, 1, 24, 36, 3, 13, 9, 14, 24, 9, 12, 23, 3, 7, 12, 6, 26, 12, 5, 26, 23, 6, 1, 1, 3, 34, 3, 16, 5, 1, 5, 3, 12, 4, 2, 24, 37, 13, 8, 1, 1, 2, 5, 15, 1, 7, 27, 1, 1, 2, 19, 16, 23, 5, 1, 14, 1, 2, 13, 1, 3, 7, 6, 5, 17, 5, 1, 16, 15, 1, 20, 1, 22, 3, 14, 17, 6, 2, 11, 8, 6, 0, 0, 0, 0, 0, 0, 0, 0, 0, 0, 0, 0, 0, 0, 0, 0, 0, 0, 0, 0, 0, 0, 0, 0, 0, 0, 0, 0, 0, 0, 0, 0, 0, 0, 0, 0, 0, 0, 0, 0, 0, 0, 0, 0, 0, 0, 0, 0, 0, 0, 0, 0, 0, 0, 0, 0, 0, 0, 0, 0, 0, 0, 0, 0, 0, 0, 0, 0, 0, 0, 0, 0, 0, 0, 0, 0, 0, : 1, 29, 22, 26, 20, 24, 11, 3, 2, 4, 6, 17, 18, 4, 11, 2, 3, 5, 2, 1, 17, 8, 3, 10, 20, 7, 1, 1, 3, 32, 6, 2, 6, 2, 21, 16, 15, 8, 24, 7, 3, 3, 10, 1, 24, 36, 3, 13, 9, 14, 24, 9, 12, 23, 3, 7, 12, 6, 26, 12, 5, 26, 23, 6, 1, 1, 3, 34, 3, 16, 5, 1, 5, 3, 12, 4, 2, 24, 37, 13, 8, 1, 1, 2, 5, 15, 1, 7, 27, 1, 1, 2, 19, 16, 23, 5, 1, 14, 1, 2, 13, 1, 3, 7, 6, 5, 17, 5, 1, 16, 15, 1, 20, 1, 22, 3, 14, 17, 6, 2, 11, 8, 6, 
30: 19, 3, 2, 2, 15, 9, 5, 28, 1, 6, 3, 7, 2, 6, 17, 2, 3, 22, 4, 10, 24, 11, 20, 9, 20, 1, 5, 1, 9, 12, 9, 3, 3, 4, 3, 3, 11, 32, 9, 18, 7, 14, 13, 2, 3, 4, 12, 4, 17, 3, 13, 7, 7, 5, 5, 3, 1, 3, 11, 12, 2, 3, 7, 8, 2, 3, 10, 3, 12, 5, 2, 1, 23, 2, 16, 8, 23, 7, 2, 31, 11, 1, 1, 1, 1, 28, 4, 4, 10, 1, 24, 2, 19, 12, 2, 9, 5, 6, 5, 9, 2, 1, 6, 1, 8, 22, 13, 23, 1, 7, 4, 4, 0, 0, 0, 0, 0, 0, 0, 0, 0, 0, 0, 0, 0, 0, 0, 0, 0, 0, 0, 0, 0, 0, 0, 0, 0, 0, 0, 0, 0, 0, 0, 0, 0, 0, 0, 0, 0, 0, 0, 0, 0, 0, 0, 0, 0, 0, 0, 0, 0, 0, 0, 0, 0, 0, 0, 0, 0, 0, 0, 0, 0, 0, 0, 0, 0, 0, 0, 0, 0, 0, 0, 0, 0, 0, 0, 0, 0, 0, 0, 0, 0, 0, 0, 0, 0, 0, 0, 0, : 19, 3, 2, 2, 15, 9, 5, 28, 1, 6, 3, 7, 2, 6, 17, 2, 3, 22, 4, 10, 24, 11, 20, 9, 20, 1, 5, 1, 9, 12, 9, 3, 3, 4, 3, 3, 11, 32, 9, 18, 7, 14, 13, 2, 3, 4, 12, 4, 17, 3, 13, 7, 7, 5, 5, 3, 1, 3, 11, 12, 2, 3, 7, 8, 2, 3, 10, 3, 12, 5, 2, 1, 23, 2, 16, 8, 23, 7, 2, 31, 11, 1, 1, 1, 1, 28, 4, 4, 10, 1, 24, 2, 19, 12, 2, 9, 5, 6, 5, 9, 2, 1, 6, 1, 8, 22, 13, 23, 1, 7, 4, 4, 
31: 27, 7, 1, 12, 7, 4, 1, 5, 8, 4, 1, 22, 19, 23, 13, 7, 2, 10, 4, 30, 9, 11, 3, 18, 5, 6, 33, 11, 3, 13, 1, 1, 30, 14, 1, 1, 6, 12, 16, 20, 27, 8, 3, 3, 13, 3, 15, 9, 10, 29, 5, 23, 1, 5, 36, 6, 10, 12, 11, 2, 6, 13, 10, 1, 1, 2, 30, 2, 19, 0, 0, 0, 0, 0, 0, 0, 0, 0, 0, 0, 0, 0, 0, 0, 0, 0, 0, 0, 0, 0, 0, 0, 0, 0, 0, 0, 0, 0, 0, 0, 0, 0, 0, 0, 0, 0, 0, 0, 0, 0, 0, 0, 0, 0, 0, 0, 0, 0, 0, 0, 0, 0, 0, 0, 0, 0, 0, 0, 0, 0, 0, 0, 0, 0, 0, 0, 0, 0, 0, 0, 0, 0, 0, 0, 0, 0, 0, 0, 0, 0, 0, 0, 0, 0, 0, 0, 0, 0, 0, 0, 0, 0, 0, 0, 0, 0, 0, 0, 0, 0, 0, 0, 0, 0, 0, 0, 0, 0, 0, 0, 0, 0, 0, 0, 0, 0, 0, 0, 0, 0, 0, 0, 0, 0, 0, 0, 0, 0, 0, 0, : 27, 7, 1, 12, 7, 4, 1, 5, 8, 4, 1, 22, 19, 23, 13, 7, 2, 10, 4, 30, 9, 11, 3, 18, 5, 6, 33, 11, 3, 13, 1, 1, 30, 14, 1, 1, 6, 12, 16, 20, 27, 8, 3, 3, 13, 3, 15, 9, 10, 29, 5, 23, 1, 5, 36, 6, 10, 12, 11, 2, 6, 13, 10, 1, 1, 2, 30, 2, 19, 
32: 5, 23, 1, 1, 1, 5, 16, 26, 3, 1, 7, 1, 10, 11, 5, 11, 6, 4, 5, 1, 26, 5, 7, 14, 24, 12, 10, 3, 15, 5, 11, 2, 4, 7, 3, 5, 3, 1, 12, 6, 20, 6, 21, 17, 31, 3, 1, 4, 21, 24, 1, 4, 3, 5, 2, 26, 9, 26, 6, 24, 22, 8, 3, 9, 7, 3, 4, 6, 2, 1, 12, 6, 14, 5, 5, 5, 11, 4, 1, 4, 1, 17, 4, 20, 9, 3, 7, 2, 11, 1, 7, 5, 2, 2, 1, 1, 6, 8, 2, 26, 7, 17, 31, 1, 11, 15, 5, 25, 13, 6, 3, 1, 5, 3, 7, 7, 17, 0, 0, 0, 0, 0, 0, 0, 0, 0, 0, 0, 0, 0, 0, 0, 0, 0, 0, 0, 0, 0, 0, 0, 0, 0, 0, 0, 0, 0, 0, 0, 0, 0, 0, 0, 0, 0, 0, 0, 0, 0, 0, 0, 0, 0, 0, 0, 0, 0, 0, 0, 0, 0, 0, 0, 0, 0, 0, 0, 0, 0, 0, 0, 0, 0, 0, 0, 0, 0, 0, 0, 0, 0, 0, 0, 0, 0, 0, 0, 0, 0, 0, 0, : 5, 23, 1, 1, 1, 5, 16, 26, 3, 1, 7, 1, 10, 11, 5, 11, 6, 4, 5, 1, 26, 5, 7, 14, 24, 12, 10, 3, 15, 5, 11, 2, 4, 7, 3, 5, 3, 1, 12, 6, 20, 6, 21, 17, 31, 3, 1, 4, 21, 24, 1, 4, 3, 5, 2, 26, 9, 26, 6, 24, 22, 8, 3, 9, 7, 3, 4, 6, 2, 1, 12, 6, 14, 5, 5, 5, 11, 4, 1, 4, 1, 17, 4, 20, 9, 3, 7, 2, 11, 1, 7, 5, 2, 2, 1, 1, 6, 8, 2, 26, 7, 17, 31, 1, 11, 15, 5, 25, 13, 6, 3, 1, 5, 3, 7, 7, 17, 
33: 5, 6, 4, 7, 14, 1, 14, 12, 2, 2, 3, 2, 12, 34, 2, 15, 5, 14, 3, 7, 9, 10, 1, 26, 1, 17, 8, 1, 8, 1, 19, 20, 29, 1, 9, 1, 2, 31, 1, 16, 9, 2, 2, 7, 2, 1, 17, 13, 8, 1, 23, 21, 18, 3, 15, 16, 6, 21, 25, 9, 6, 3, 9, 7, 3, 2, 2, 5, 20, 1, 1, 4, 14, 2, 1, 16, 14, 4, 1, 32, 3, 3, 1, 5, 15, 7, 6, 1, 3, 1, 9, 20, 6, 6, 12, 1, 3, 3, 6, 1, 1, 0, 0, 0, 0, 0, 0, 0, 0, 0, 0, 0, 0, 0, 0, 0, 0, 0, 0, 0, 0, 0, 0, 0, 0, 0, 0, 0, 0, 0, 0, 0, 0, 0, 0, 0, 0, 0, 0, 0, 0, 0, 0, 0, 0, 0, 0, 0, 0, 0, 0, 0, 0, 0, 0, 0, 0, 0, 0, 0, 0, 0, 0, 0, 0, 0, 0, 0, 0, 0, 0, 0, 0, 0, 0, 0, 0, 0, 0, 0, 0, 0, 0, 0, 0, 0, 0, 0, 0, 0, 0, 0, 0, 0, 0, 0, 0, 0, 0, 0, : 5, 6, 4, 7, 14, 1, 14, 12, 2, 2, 3, 2, 12, 34, 2, 15, 5, 14, 3, 7, 9, 10, 1, 26, 1, 17, 8, 1, 8, 1, 19, 20, 29, 1, 9, 1, 2, 31, 1, 16, 9, 2, 2, 7, 2, 1, 17, 13, 8, 1, 23, 21, 18, 3, 15, 16, 6, 21, 25, 9, 6, 3, 9, 7, 3, 2, 2, 5, 20, 1, 1, 4, 14, 2, 1, 16, 14, 4, 1, 32, 3, 3, 1, 5, 15, 7, 6, 1, 3, 1, 9, 20, 6, 6, 12, 1, 3, 3, 6, 1, 1, 
34: 5, 17, 32, 6, 3, 7, 13, 8, 3, 2, 1, 14, 9, 4, 10, 1, 2, 4, 7, 16, 2, 17, 2, 4, 3, 20, 16, 10, 10, 7, 7, 5, 7, 13, 12, 1, 11, 6, 2, 12, 6, 2, 10, 8, 2, 2, 1, 15, 4, 3, 24, 1, 20, 9, 4, 3, 15, 2, 4, 4, 12, 1, 2, 2, 1, 5, 4, 1, 13, 14, 9, 1, 3, 4, 17, 18, 7, 2, 16, 14, 19, 23, 26, 0, 0, 0, 0, 0, 0, 0, 0, 0, 0, 0, 0, 0, 0, 0, 0, 0, 0, 0, 0, 0, 0, 0, 0, 0, 0, 0, 0, 0, 0, 0, 0, 0, 0, 0, 0, 0, 0, 0, 0, 0, 0, 0, 0, 0, 0, 0, 0, 0, 0, 0, 0, 0, 0, 0, 0, 0, 0, 0, 0, 0, 0, 0, 0, 0, 0, 0, 0, 0, 0, 0, 0, 0, 0, 0, 0, 0, 0, 0, 0, 0, 0, 0, 0, 0, 0, 0, 0, 0, 0, 0, 0, 0, 0, 0, 0, 0, 0, 0, 0, 0, 0, 0, 0, 0, 0, 0, 0, 0, 0, 0, 0, 0, 0, 0, 0, 0, : 5, 17, 32, 6, 3, 7, 13, 8, 3, 2, 1, 14, 9, 4, 10, 1, 2, 4, 7, 16, 2, 17, 2, 4, 3, 20, 16, 10, 10, 7, 7, 5, 7, 13, 12, 1, 11, 6, 2, 12, 6, 2, 10, 8, 2, 2, 1, 15, 4, 3, 24, 1, 20, 9, 4, 3, 15, 2, 4, 4, 12, 1, 2, 2, 1, 5, 4, 1, 13, 14, 9, 1, 3, 4, 17, 18, 7, 2, 16, 14, 19, 23, 26, 
35: 21, 30, 13, 9, 1, 5, 6, 19, 8, 5, 3, 2, 7, 10, 11, 2, 3, 2, 15, 5, 9, 2, 14, 4, 8, 16, 9, 13, 8, 1, 9, 2, 3, 3, 22, 16, 13, 18, 1, 11, 9, 2, 6, 3, 9, 9, 2, 1, 6, 24, 1, 14, 4, 22, 15, 16, 18, 1, 2, 3, 1, 9, 7, 16, 10, 3, 1, 12, 6, 5, 16, 5, 23, 8, 5, 2, 20, 7, 32, 4, 9, 1, 3, 14, 4, 28, 1, 13, 5, 1, 14, 3, 6, 1, 3, 12, 3, 1, 1, 1, 8, 13, 0, 0, 0, 0, 0, 0, 0, 0, 0, 0, 0, 0, 0, 0, 0, 0, 0, 0, 0, 0, 0, 0, 0, 0, 0, 0, 0, 0, 0, 0, 0, 0, 0, 0, 0, 0, 0, 0, 0, 0, 0, 0, 0, 0, 0, 0, 0, 0, 0, 0, 0, 0, 0, 0, 0, 0, 0, 0, 0, 0, 0, 0, 0, 0, 0, 0, 0, 0, 0, 0, 0, 0, 0, 0, 0, 0, 0, 0, 0, 0, 0, 0, 0, 0, 0, 0, 0, 0, 0, 0, 0, 0, 0, 0, 0, 0, 0, 0, : 21, 30, 13, 9, 1, 5, 6, 19, 8, 5, 3, 2, 7, 10, 11, 2, 3, 2, 15, 5, 9, 2, 14, 4, 8, 16, 9, 13, 8, 1, 9, 2, 3, 3, 22, 16, 13, 18, 1, 11, 9, 2, 6, 3, 9, 9, 2, 1, 6, 24, 1, 14, 4, 22, 15, 16, 18, 1, 2, 3, 1, 9, 7, 16, 10, 3, 1, 12, 6, 5, 16, 5, 23, 8, 5, 2, 20, 7, 32, 4, 9, 1, 3, 14, 4, 28, 1, 13, 5, 1, 14, 3, 6, 1, 3, 12, 3, 1, 1, 1, 8, 13, 
36: 1, 22, 5, 17, 10, 27, 33, 1, 22, 2, 20, 27, 25, 6, 9, 2, 32, 2, 12, 12, 5, 30, 1, 11, 1, 18, 2, 3, 2, 9, 6, 3, 8, 28, 1, 5, 6, 14, 20, 13, 6, 11, 12, 5, 18, 1, 3, 21, 5, 6, 20, 1, 2, 7, 3, 31, 7, 6, 26, 10, 2, 9, 2, 27, 2, 4, 1, 2, 9, 21, 1, 2, 2, 1, 8, 4, 9, 9, 3, 7, 24, 1, 4, 6, 13, 1, 4, 5, 4, 0, 0, 0, 0, 0, 0, 0, 0, 0, 0, 0, 0, 0, 0, 0, 0, 0, 0, 0, 0, 0, 0, 0, 0, 0, 0, 0, 0, 0, 0, 0, 0, 0, 0, 0, 0, 0, 0, 0, 0, 0, 0, 0, 0, 0, 0, 0, 0, 0, 0, 0, 0, 0, 0, 0, 0, 0, 0, 0, 0, 0, 0, 0, 0, 0, 0, 0, 0, 0, 0, 0, 0, 0, 0, 0, 0, 0, 0, 0, 0, 0, 0, 0, 0, 0, 0, 0, 0, 0, 0, 0, 0, 0, 0, 0, 0, 0, 0, 0, 0, 0, 0, 0, 0, 0, 0, 0, 0, 0, 0, 0, : 1, 22, 5, 17, 10, 27, 33, 1, 22, 2, 20, 27, 25, 6, 9, 2, 32, 2, 12, 12, 5, 30, 1, 11, 1, 18, 2, 3, 2, 9, 6, 3, 8, 28, 1, 5, 6, 14, 20, 13, 6, 11, 12, 5, 18, 1, 3, 21, 5, 6, 20, 1, 2, 7, 3, 31, 7, 6, 26, 10, 2, 9, 2, 27, 2, 4, 1, 2, 9, 21, 1, 2, 2, 1, 8, 4, 9, 9, 3, 7, 24, 1, 4, 6, 13, 1, 4, 5, 4, 
37: 1, 14, 18, 1, 1, 2, 24, 8, 19, 1, 13, 1, 30, 20, 2, 1, 10, 6, 3, 2, 20, 18, 10, 33, 21, 8, 7, 5, 6, 14, 7, 21, 9, 10, 10, 21, 3, 14, 21, 3, 30, 3, 3, 9, 10, 7, 9, 2, 22, 25, 2, 29, 14, 2, 5, 34, 17, 8, 1, 17, 19, 8, 14, 7, 24, 3, 5, 4, 5, 28, 1, 2, 5, 13, 28, 0, 0, 0, 0, 0, 0, 0, 0, 0, 0, 0, 0, 0, 0, 0, 0, 0, 0, 0, 0, 0, 0, 0, 0, 0, 0, 0, 0, 0, 0, 0, 0, 0, 0, 0, 0, 0, 0, 0, 0, 0, 0, 0, 0, 0, 0, 0, 0, 0, 0, 0, 0, 0, 0, 0, 0, 0, 0, 0, 0, 0, 0, 0, 0, 0, 0, 0, 0, 0, 0, 0, 0, 0, 0, 0, 0, 0, 0, 0, 0, 0, 0, 0, 0, 0, 0, 0, 0, 0, 0, 0, 0, 0, 0, 0, 0, 0, 0, 0, 0, 0, 0, 0, 0, 0, 0, 0, 0, 0, 0, 0, 0, 0, 0, 0, 0, 0, 0, 0, 0, 0, 0, 0, 0, 0, : 1, 14, 18, 1, 1, 2, 24, 8, 19, 1, 13, 1, 30, 20, 2, 1, 10, 6, 3, 2, 20, 18, 10, 33, 21, 8, 7, 5, 6, 14, 7, 21, 9, 10, 10, 21, 3, 14, 21, 3, 30, 3, 3, 9, 10, 7, 9, 2, 22, 25, 2, 29, 14, 2, 5, 34, 17, 8, 1, 17, 19, 8, 14, 7, 24, 3, 5, 4, 5, 28, 1, 2, 5, 13, 28, 
38: 2, 11, 2, 1, 10, 12, 1, 7, 31, 20, 6, 13, 1, 13, 1, 15, 3, 2, 17, 1, 17, 2, 1, 9, 2, 33, 19, 9, 28, 8, 3, 1, 3, 21, 8, 15, 26, 11, 37, 2, 2, 7, 2, 12, 11, 2, 10, 17, 15, 11, 2, 20, 38, 6, 8, 6, 2, 3, 5, 3, 6, 10, 1, 6, 11, 13, 6, 12, 2, 22, 2, 17, 19, 5, 10, 21, 26, 7, 22, 5, 6, 12, 2, 8, 9, 14, 4, 5, 3, 6, 6, 1, 1, 23, 5, 19, 1, 5, 15, 19, 28, 3, 5, 1, 3, 26, 13, 7, 7, 3, 3, 9, 14, 9, 19, 5, 3, 2, 3, 24, 5, 2, 10, 6, 3, 16, 2, 7, 32, 10, 0, 0, 0, 0, 0, 0, 0, 0, 0, 0, 0, 0, 0, 0, 0, 0, 0, 0, 0, 0, 0, 0, 0, 0, 0, 0, 0, 0, 0, 0, 0, 0, 0, 0, 0, 0, 0, 0, 0, 0, 0, 0, 0, 0, 0, 0, 0, 0, 0, 0, 0, 0, 0, 0, 0, 0, 0, 0, 0, 0, 0, 0, 0, 0, 0, 0, 0, 0, 0, 0, : 2, 11, 2, 1, 10, 12, 1, 7, 31, 20, 6, 13, 1, 13, 1, 15, 3, 2, 17, 1, 17, 2, 1, 9, 2, 33, 19, 9, 28, 8, 3, 1, 3, 21, 8, 15, 26, 11, 37, 2, 2, 7, 2, 12, 11, 2, 10, 17, 15, 11, 2, 20, 38, 6, 8, 6, 2, 3, 5, 3, 6, 10, 1, 6, 11, 13, 6, 12, 2, 22, 2, 17, 19, 5, 10, 21, 26, 7, 22, 5, 6, 12, 2, 8, 9, 14, 4, 5, 3, 6, 6, 1, 1, 23, 5, 19, 1, 5, 15, 19, 28, 3, 5, 1, 3, 26, 13, 7, 7, 3, 3, 9, 14, 9, 19, 5, 3, 2, 3, 24, 5, 2, 10, 6, 3, 16, 2, 7, 32, 10, 
39: 11, 5, 8, 17, 8, 30, 24, 1, 2, 6, 3, 13, 3, 1, 13, 4, 14, 3, 7, 1, 3, 6, 3, 2, 5, 3, 1, 5, 3, 15, 1, 5, 1, 8, 1, 1, 2, 7, 7, 2, 2, 16, 5, 6, 2, 21, 17, 11, 12, 3, 5, 9, 2, 2, 2, 1, 16, 9, 4, 1, 26, 7, 7, 5, 6, 2, 6, 2, 10, 8, 7, 4, 2, 3, 7, 4, 2, 13, 15, 9, 20, 2, 1, 27, 9, 1, 6, 2, 4, 1, 5, 13, 4, 12, 6, 4, 22, 3, 1, 1, 1, 16, 5, 1, 1, 1, 10, 6, 19, 14, 5, 9, 1, 12, 2, 16, 8, 16, 20, 4, 1, 22, 9, 9, 1, 31, 2, 2, 5, 6, 3, 13, 3, 2, 4, 3, 0, 0, 0, 0, 0, 0, 0, 0, 0, 0, 0, 0, 0, 0, 0, 0, 0, 0, 0, 0, 0, 0, 0, 0, 0, 0, 0, 0, 0, 0, 0, 0, 0, 0, 0, 0, 0, 0, 0, 0, 0, 0, 0, 0, 0, 0, 0, 0, 0, 0, 0, 0, 0, 0, 0, 0, 0, 0, 0, 0, 0, 0, 0, 0, : 11, 5, 8, 17, 8, 30, 24, 1, 2, 6, 3, 13, 3, 1, 13, 4, 14, 3, 7, 1, 3, 6, 3, 2, 5, 3, 1, 5, 3, 15, 1, 5, 1, 8, 1, 1, 2, 7, 7, 2, 2, 16, 5, 6, 2, 21, 17, 11, 12, 3, 5, 9, 2, 2, 2, 1, 16, 9, 4, 1, 26, 7, 7, 5, 6, 2, 6, 2, 10, 8, 7, 4, 2, 3, 7, 4, 2, 13, 15, 9, 20, 2, 1, 27, 9, 1, 6, 2, 4, 1, 5, 13, 4, 12, 6, 4, 22, 3, 1, 1, 1, 16, 5, 1, 1, 1, 10, 6, 19, 14, 5, 9, 1, 12, 2, 16, 8, 16, 20, 4, 1, 22, 9, 9, 1, 31, 2, 2, 5, 6, 3, 13, 3, 2, 4, 3, 
40: 4, 3, 15, 3, 5, 11, 1, 3, 3, 4, 4, 1, 20, 8, 7, 11, 33, 3, 5, 7, 1, 22, 3, 1, 29, 26, 3, 4, 5, 5, 5, 6, 21, 9, 8, 9, 5, 9, 7, 5, 1, 7, 1, 11, 27, 9, 6, 2, 6, 17, 19, 2, 4, 33, 2, 13, 4, 12, 14, 1, 4, 28, 13, 1, 2, 1, 13, 3, 7, 20, 5, 6, 3, 12, 5, 12, 16, 4, 0, 0, 0, 0, 0, 0, 0, 0, 0, 0, 0, 0, 0, 0, 0, 0, 0, 0, 0, 0, 0, 0, 0, 0, 0, 0, 0, 0, 0, 0, 0, 0, 0, 0, 0, 0, 0, 0, 0, 0, 0, 0, 0, 0, 0, 0, 0, 0, 0, 0, 0, 0, 0, 0, 0, 0, 0, 0, 0, 0, 0, 0, 0, 0, 0, 0, 0, 0, 0, 0, 0, 0, 0, 0, 0, 0, 0, 0, 0, 0, 0, 0, 0, 0, 0, 0, 0, 0, 0, 0, 0, 0, 0, 0, 0, 0, 0, 0, 0, 0, 0, 0, 0, 0, 0, 0, 0, 0, 0, 0, 0, 0, 0, 0, 0, 0, 0, 0, 0, 0, 0, 0, : 4, 3, 15, 3, 5, 11, 1, 3, 3, 4, 4, 1, 20, 8, 7, 11, 33, 3, 5, 7, 1, 22, 3, 1, 29, 26, 3, 4, 5, 5, 5, 6, 21, 9, 8, 9, 5, 9, 7, 5, 1, 7, 1, 11, 27, 9, 6, 2, 6, 17, 19, 2, 4, 33, 2, 13, 4, 12, 14, 1, 4, 28, 13, 1, 2, 1, 13, 3, 7, 20, 5, 6, 3, 12, 5, 12, 16, 4, 
41: 17, 6, 4, 17, 10, 1, 1, 8, 4, 6, 2, 26, 5, 14, 1, 1, 1, 32, 13, 3, 9, 18, 6, 19, 5, 1, 2, 24, 2, 26, 16, 24, 29, 32, 9, 1, 9, 1, 5, 3, 30, 9, 10, 3, 1, 23, 1, 17, 1, 9, 1, 12, 2, 20, 8, 12, 1, 4, 11, 1, 4, 2, 18, 21, 1, 5, 4, 16, 5, 2, 3, 1, 1, 19, 3, 1, 8, 15, 1, 14, 16, 7, 3, 5, 6, 9, 34, 2, 1, 4, 4, 17, 1, 13, 11, 0, 0, 0, 0, 0, 0, 0, 0, 0, 0, 0, 0, 0, 0, 0, 0, 0, 0, 0, 0, 0, 0, 0, 0, 0, 0, 0, 0, 0, 0, 0, 0, 0, 0, 0, 0, 0, 0, 0, 0, 0, 0, 0, 0, 0, 0, 0, 0, 0, 0, 0, 0, 0, 0, 0, 0, 0, 0, 0, 0, 0, 0, 0, 0, 0, 0, 0, 0, 0, 0, 0, 0, 0, 0, 0, 0, 0, 0, 0, 0, 0, 0, 0, 0, 0, 0, 0, 0, 0, 0, 0, 0, 0, 0, 0, 0, 0, 0, 0, 0, 0, 0, 0, 0, 0, : 17, 6, 4, 17, 10, 1, 1, 8, 4, 6, 2, 26, 5, 14, 1, 1, 1, 32, 13, 3, 9, 18, 6, 19, 5, 1, 2, 24, 2, 26, 16, 24, 29, 32, 9, 1, 9, 1, 5, 3, 30, 9, 10, 3, 1, 23, 1, 17, 1, 9, 1, 12, 2, 20, 8, 12, 1, 4, 11, 1, 4, 2, 18, 21, 1, 5, 4, 16, 5, 2, 3, 1, 1, 19, 3, 1, 8, 15, 1, 14, 16, 7, 3, 5, 6, 9, 34, 2, 1, 4, 4, 17, 1, 13, 11, 
42: 6, 6, 6, 30, 1, 6, 29, 5, 1, 3, 32, 6, 14, 2, 5, 6, 4, 5, 7, 8, 14, 2, 9, 3, 7, 4, 5, 2, 2, 17, 20, 8, 20, 1, 14, 3, 1, 21, 3, 11, 7, 1, 3, 2, 23, 17, 2, 11, 2, 18, 6, 12, 12, 17, 19, 13, 13, 7, 1, 5, 11, 7, 12, 36, 13, 18, 2, 12, 6, 5, 4, 4, 14, 2, 0, 0, 0, 0, 0, 0, 0, 0, 0, 0, 0, 0, 0, 0, 0, 0, 0, 0, 0, 0, 0, 0, 0, 0, 0, 0, 0, 0, 0, 0, 0, 0, 0, 0, 0, 0, 0, 0, 0, 0, 0, 0, 0, 0, 0, 0, 0, 0, 0, 0, 0, 0, 0, 0, 0, 0, 0, 0, 0, 0, 0, 0, 0, 0, 0, 0, 0, 0, 0, 0, 0, 0, 0, 0, 0, 0, 0, 0, 0, 0, 0, 0, 0, 0, 0, 0, 0, 0, 0, 0, 0, 0, 0, 0, 0, 0, 0, 0, 0, 0, 0, 0, 0, 0, 0, 0, 0, 0, 0, 0, 0, 0, 0, 0, 0, 0, 0, 0, 0, 0, 0, 0, 0, 0, 0, 0, : 6, 6, 6, 30, 1, 6, 29, 5, 1, 3, 32, 6, 14, 2, 5, 6, 4, 5, 7, 8, 14, 2, 9, 3, 7, 4, 5, 2, 2, 17, 20, 8, 20, 1, 14, 3, 1, 21, 3, 11, 7, 1, 3, 2, 23, 17, 2, 11, 2, 18, 6, 12, 12, 17, 19, 13, 13, 7, 1, 5, 11, 7, 12, 36, 13, 18, 2, 12, 6, 5, 4, 4, 14, 2, 
43: 5, 14, 7, 5, 22, 5, 11, 2, 13, 1, 5, 3, 7, 1, 10, 1, 4, 20, 7, 3, 7, 7, 2, 27, 5, 1, 3, 23, 5, 5, 2, 5, 15, 2, 9, 11, 33, 18, 3, 2, 12, 8, 20, 16, 29, 3, 2, 18, 22, 4, 12, 23, 22, 11, 10, 9, 7, 1, 6, 3, 1, 3, 15, 18, 2, 8, 4, 14, 2, 11, 6, 8, 25, 1, 15, 19, 6, 1, 3, 2, 1, 2, 8, 7, 11, 4, 4, 6, 1, 3, 10, 10, 1, 2, 1, 0, 0, 0, 0, 0, 0, 0, 0, 0, 0, 0, 0, 0, 0, 0, 0, 0, 0, 0, 0, 0, 0, 0, 0, 0, 0, 0, 0, 0, 0, 0, 0, 0, 0, 0, 0, 0, 0, 0, 0, 0, 0, 0, 0, 0, 0, 0, 0, 0, 0, 0, 0, 0, 0, 0, 0, 0, 0, 0, 0, 0, 0, 0, 0, 0, 0, 0, 0, 0, 0, 0, 0, 0, 0, 0, 0, 0, 0, 0, 0, 0, 0, 0, 0, 0, 0, 0, 0, 0, 0, 0, 0, 0, 0, 0, 0, 0, 0, 0, 0, 0, 0, 0, 0, 0, : 5, 14, 7, 5, 22, 5, 11, 2, 13, 1, 5, 3, 7, 1, 10, 1, 4, 20, 7, 3, 7, 7, 2, 27, 5, 1, 3, 23, 5, 5, 2, 5, 15, 2, 9, 11, 33, 18, 3, 2, 12, 8, 20, 16, 29, 3, 2, 18, 22, 4, 12, 23, 22, 11, 10, 9, 7, 1, 6, 3, 1, 3, 15, 18, 2, 8, 4, 14, 2, 11, 6, 8, 25, 1, 15, 19, 6, 1, 3, 2, 1, 2, 8, 7, 11, 4, 4, 6, 1, 3, 10, 10, 1, 2, 1, 
44: 1, 11, 16, 1, 6, 16, 3, 3, 2, 6, 13, 7, 6, 1, 4, 19, 6, 4, 5, 22, 3, 1, 2, 10, 14, 1, 6, 33, 6, 18, 3, 7, 4, 19, 3, 6, 8, 2, 16, 2, 4, 2, 12, 2, 26, 22, 11, 15, 6, 35, 1, 1, 34, 9, 1, 14, 22, 3, 8, 10, 8, 1, 9, 3, 4, 1, 3, 3, 1, 20, 7, 14, 6, 10, 15, 6, 14, 8, 14, 3, 3, 3, 12, 5, 24, 12, 3, 15, 5, 3, 6, 14, 6, 11, 1, 3, 0, 0, 0, 0, 0, 0, 0, 0, 0, 0, 0, 0, 0, 0, 0, 0, 0, 0, 0, 0, 0, 0, 0, 0, 0, 0, 0, 0, 0, 0, 0, 0, 0, 0, 0, 0, 0, 0, 0, 0, 0, 0, 0, 0, 0, 0, 0, 0, 0, 0, 0, 0, 0, 0, 0, 0, 0, 0, 0, 0, 0, 0, 0, 0, 0, 0, 0, 0, 0, 0, 0, 0, 0, 0, 0, 0, 0, 0, 0, 0, 0, 0, 0, 0, 0, 0, 0, 0, 0, 0, 0, 0, 0, 0, 0, 0, 0, 0, 0, 0, 0, 0, 0, 0, : 1, 11, 16, 1, 6, 16, 3, 3, 2, 6, 13, 7, 6, 1, 4, 19, 6, 4, 5, 22, 3, 1, 2, 10, 14, 1, 6, 33, 6, 18, 3, 7, 4, 19, 3, 6, 8, 2, 16, 2, 4, 2, 12, 2, 26, 22, 11, 15, 6, 35, 1, 1, 34, 9, 1, 14, 22, 3, 8, 10, 8, 1, 9, 3, 4, 1, 3, 3, 1, 20, 7, 14, 6, 10, 15, 6, 14, 8, 14, 3, 3, 3, 12, 5, 24, 12, 3, 15, 5, 3, 6, 14, 6, 11, 1, 3, 
45: 15, 10, 1, 4, 34, 3, 3, 3, 28, 5, 3, 6, 11, 13, 1, 1, 19, 1, 10, 1, 5, 5, 9, 23, 11, 1, 21, 24, 5, 1, 30, 2, 18, 8, 3, 11, 14, 19, 16, 2, 10, 1, 10, 5, 1, 3, 1, 4, 6, 7, 1, 1, 3, 1, 6, 3, 16, 4, 0, 0, 0, 0, 0, 0, 0, 0, 0, 0, 0, 0, 0, 0, 0, 0, 0, 0, 0, 0, 0, 0, 0, 0, 0, 0, 0, 0, 0, 0, 0, 0, 0, 0, 0, 0, 0, 0, 0, 0, 0, 0, 0, 0, 0, 0, 0, 0, 0, 0, 0, 0, 0, 0, 0, 0, 0, 0, 0, 0, 0, 0, 0, 0, 0, 0, 0, 0, 0, 0, 0, 0, 0, 0, 0, 0, 0, 0, 0, 0, 0, 0, 0, 0, 0, 0, 0, 0, 0, 0, 0, 0, 0, 0, 0, 0, 0, 0, 0, 0, 0, 0, 0, 0, 0, 0, 0, 0, 0, 0, 0, 0, 0, 0, 0, 0, 0, 0, 0, 0, 0, 0, 0, 0, 0, 0, 0, 0, 0, 0, 0, 0, 0, 0, 0, 0, 0, 0, 0, 0, 0, 0, : 15, 10, 1, 4, 34, 3, 3, 3, 28, 5, 3, 6, 11, 13, 1, 1, 19, 1, 10, 1, 5, 5, 9, 23, 11, 1, 21, 24, 5, 1, 30, 2, 18, 8, 3, 11, 14, 19, 16, 2, 10, 1, 10, 5, 1, 3, 1, 4, 6, 7, 1, 1, 3, 1, 6, 3, 16, 4, 
46: 19, 2, 6, 8, 2, 7, 14, 7, 1, 4, 5, 6, 6, 15, 5, 7, 1, 1, 2, 13, 2, 8, 3, 1, 3, 2, 3, 8, 29, 6, 15, 19, 15, 2, 8, 16, 9, 2, 11, 1, 1, 3, 4, 20, 3, 3, 1, 4, 2, 1, 6, 1, 2, 7, 8, 17, 10, 4, 15, 3, 3, 5, 3, 1, 18, 13, 2, 3, 2, 2, 10, 17, 1, 4, 12, 3, 8, 2, 13, 11, 1, 8, 11, 3, 6, 20, 2, 13, 2, 1, 23, 3, 1, 16, 1, 11, 9, 2, 22, 10, 17, 0, 0, 0, 0, 0, 0, 0, 0, 0, 0, 0, 0, 0, 0, 0, 0, 0, 0, 0, 0, 0, 0, 0, 0, 0, 0, 0, 0, 0, 0, 0, 0, 0, 0, 0, 0, 0, 0, 0, 0, 0, 0, 0, 0, 0, 0, 0, 0, 0, 0, 0, 0, 0, 0, 0, 0, 0, 0, 0, 0, 0, 0, 0, 0, 0, 0, 0, 0, 0, 0, 0, 0, 0, 0, 0, 0, 0, 0, 0, 0, 0, 0, 0, 0, 0, 0, 0, 0, 0, 0, 0, 0, 0, 0, 0, 0, 0, 0, 0, : 19, 2, 6, 8, 2, 7, 14, 7, 1, 4, 5, 6, 6, 15, 5, 7, 1, 1, 2, 13, 2, 8, 3, 1, 3, 2, 3, 8, 29, 6, 15, 19, 15, 2, 8, 16, 9, 2, 11, 1, 1, 3, 4, 20, 3, 3, 1, 4, 2, 1, 6, 1, 2, 7, 8, 17, 10, 4, 15, 3, 3, 5, 3, 1, 18, 13, 2, 3, 2, 2, 10, 17, 1, 4, 12, 3, 8, 2, 13, 11, 1, 8, 11, 3, 6, 20, 2, 13, 2, 1, 23, 3, 1, 16, 1, 11, 9, 2, 22, 10, 17, 
47: 31, 19, 8, 2, 9, 2, 1, 4, 12, 27, 9, 1, 7, 1, 2, 13, 7, 2, 4, 1, 28, 9, 2, 10, 6, 4, 16, 12, 6, 8, 23, 8, 8, 21, 24, 10, 4, 1, 7, 7, 1, 32, 13, 3, 29, 14, 19, 4, 2, 3, 1, 1, 3, 8, 1, 1, 13, 4, 4, 4, 1, 6, 8, 13, 2, 10, 10, 3, 28, 10, 2, 38, 1, 13, 8, 2, 28, 8, 3, 6, 13, 2, 25, 1, 19, 7, 7, 14, 9, 12, 10, 0, 0, 0, 0, 0, 0, 0, 0, 0, 0, 0, 0, 0, 0, 0, 0, 0, 0, 0, 0, 0, 0, 0, 0, 0, 0, 0, 0, 0, 0, 0, 0, 0, 0, 0, 0, 0, 0, 0, 0, 0, 0, 0, 0, 0, 0, 0, 0, 0, 0, 0, 0, 0, 0, 0, 0, 0, 0, 0, 0, 0, 0, 0, 0, 0, 0, 0, 0, 0, 0, 0, 0, 0, 0, 0, 0, 0, 0, 0, 0, 0, 0, 0, 0, 0, 0, 0, 0, 0, 0, 0, 0, 0, 0, 0, 0, 0, 0, 0, 0, 0, 0, 0, 0, 0, 0, 0, 0, 0, : 31, 19, 8, 2, 9, 2, 1, 4, 12, 27, 9, 1, 7, 1, 2, 13, 7, 2, 4, 1, 28, 9, 2, 10, 6, 4, 16, 12, 6, 8, 23, 8, 8, 21, 24, 10, 4, 1, 7, 7, 1, 32, 13, 3, 29, 14, 19, 4, 2, 3, 1, 1, 3, 8, 1, 1, 13, 4, 4, 4, 1, 6, 8, 13, 2, 10, 10, 3, 28, 10, 2, 38, 1, 13, 8, 2, 28, 8, 3, 6, 13, 2, 25, 1, 19, 7, 7, 14, 9, 12, 10, 
48: 2, 15, 20, 19, 1, 18, 9, 11, 12, 25, 2, 3, 13, 18, 2, 5, 6, 3, 20, 5, 15, 1, 7, 30, 3, 5, 4, 2, 3, 23, 14, 3, 7, 4, 7, 17, 1, 5, 12, 16, 1, 1, 17, 28, 1, 15, 1, 9, 3, 16, 23, 32, 1, 1, 1, 1, 32, 3, 2, 8, 17, 20, 22, 4, 9, 5, 2, 8, 20, 12, 7, 2, 8, 1, 7, 12, 12, 13, 4, 37, 9, 12, 9, 24, 17, 5, 1, 4, 2, 8, 1, 2, 7, 13, 1, 6, 2, 1, 3, 8, 1, 15, 11, 1, 4, 15, 10, 28, 4, 7, 15, 17, 2, 17, 4, 7, 10, 6, 0, 0, 0, 0, 0, 0, 0, 0, 0, 0, 0, 0, 0, 0, 0, 0, 0, 0, 0, 0, 0, 0, 0, 0, 0, 0, 0, 0, 0, 0, 0, 0, 0, 0, 0, 0, 0, 0, 0, 0, 0, 0, 0, 0, 0, 0, 0, 0, 0, 0, 0, 0, 0, 0, 0, 0, 0, 0, 0, 0, 0, 0, 0, 0, 0, 0, 0, 0, 0, 0, 0, 0, 0, 0, 0, 0, 0, 0, 0, 0, 0, 0, : 2, 15, 20, 19, 1, 18, 9, 11, 12, 25, 2, 3, 13, 18, 2, 5, 6, 3, 20, 5, 15, 1, 7, 30, 3, 5, 4, 2, 3, 23, 14, 3, 7, 4, 7, 17, 1, 5, 12, 16, 1, 1, 17, 28, 1, 15, 1, 9, 3, 16, 23, 32, 1, 1, 1, 1, 32, 3, 2, 8, 17, 20, 22, 4, 9, 5, 2, 8, 20, 12, 7, 2, 8, 1, 7, 12, 12, 13, 4, 37, 9, 12, 9, 24, 17, 5, 1, 4, 2, 8, 1, 2, 7, 13, 1, 6, 2, 1, 3, 8, 1, 15, 11, 1, 4, 15, 10, 28, 4, 7, 15, 17, 2, 17, 4, 7, 10, 6, 
49: 4, 7, 5, 3, 5, 2, 1, 11, 14, 1, 3, 6, 6, 10, 10, 3, 20, 1, 3, 2, 3, 3, 8, 14, 12, 6, 6, 1, 9, 6, 17, 7, 1, 15, 18, 15, 8, 9, 1, 9, 3, 22, 31, 4, 8, 11, 10, 33, 16, 13, 24, 1, 27, 1, 22, 9, 18, 13, 6, 4, 12, 8, 1, 1, 31, 5, 4, 12, 2, 11, 10, 4, 3, 12, 1, 16, 1, 21, 8, 2, 1, 10, 1, 9, 21, 12, 23, 2, 10, 10, 8, 3, 29, 7, 1, 1, 6, 2, 1, 24, 2, 0, 0, 0, 0, 0, 0, 0, 0, 0, 0, 0, 0, 0, 0, 0, 0, 0, 0, 0, 0, 0, 0, 0, 0, 0, 0, 0, 0, 0, 0, 0, 0, 0, 0, 0, 0, 0, 0, 0, 0, 0, 0, 0, 0, 0, 0, 0, 0, 0, 0, 0, 0, 0, 0, 0, 0, 0, 0, 0, 0, 0, 0, 0, 0, 0, 0, 0, 0, 0, 0, 0, 0, 0, 0, 0, 0, 0, 0, 0, 0, 0, 0, 0, 0, 0, 0, 0, 0, 0, 0, 0, 0, 0, 0, 0, 0, 0, 0, 0, : 4, 7, 5, 3, 5, 2, 1, 11, 14, 1, 3, 6, 6, 10, 10, 3, 20, 1, 3, 2, 3, 3, 8, 14, 12, 6, 6, 1, 9, 6, 17, 7, 1, 15, 18, 15, 8, 9, 1, 9, 3, 22, 31, 4, 8, 11, 10, 33, 16, 13, 24, 1, 27, 1, 22, 9, 18, 13, 6, 4, 12, 8, 1, 1, 31, 5, 4, 12, 2, 11, 10, 4, 3, 12, 1, 16, 1, 21, 8, 2, 1, 10, 1, 9, 21, 12, 23, 2, 10, 10, 8, 3, 29, 7, 1, 1, 6, 2, 1, 24, 2, 
50: 13, 3, 9, 33, 13, 8, 14, 9, 3, 3, 1, 11, 8, 2, 4, 1, 27, 16, 9, 5, 17, 8, 8, 2, 6, 2, 2, 3, 12, 5, 6, 1, 16, 36, 17, 2, 8, 10, 10, 3, 9, 3, 8, 2, 5, 6, 21, 2, 2, 3, 5, 1, 4, 2, 10, 1, 14, 8, 2, 9, 11, 1, 4, 2, 17, 9, 1, 13, 11, 11, 3, 5, 9, 2, 1, 8, 1, 3, 6, 3, 3, 2, 1, 1, 15, 27, 1, 20, 1, 9, 16, 8, 1, 1, 5, 6, 1, 1, 2, 2, 2, 7, 11, 11, 10, 1, 5, 12, 27, 4, 0, 0, 0, 0, 0, 0, 0, 0, 0, 0, 0, 0, 0, 0, 0, 0, 0, 0, 0, 0, 0, 0, 0, 0, 0, 0, 0, 0, 0, 0, 0, 0, 0, 0, 0, 0, 0, 0, 0, 0, 0, 0, 0, 0, 0, 0, 0, 0, 0, 0, 0, 0, 0, 0, 0, 0, 0, 0, 0, 0, 0, 0, 0, 0, 0, 0, 0, 0, 0, 0, 0, 0, 0, 0, 0, 0, 0, 0, 0, 0, 0, 0, 0, 0, 0, 0, 0, 0, 0, 0, : 13, 3, 9, 33, 13, 8, 14, 9, 3, 3, 1, 11, 8, 2, 4, 1, 27, 16, 9, 5, 17, 8, 8, 2, 6, 2, 2, 3, 12, 5, 6, 1, 16, 36, 17, 2, 8, 10, 10, 3, 9, 3, 8, 2, 5, 6, 21, 2, 2, 3, 5, 1, 4, 2, 10, 1, 14, 8, 2, 9, 11, 1, 4, 2, 17, 9, 1, 13, 11, 11, 3, 5, 9, 2, 1, 8, 1, 3, 6, 3, 3, 2, 1, 1, 15, 27, 1, 20, 1, 9, 16, 8, 1, 1, 5, 6, 1, 1, 2, 2, 2, 7, 11, 11, 10, 1, 5, 12, 27, 4, 
51: 8, 16, 27, 9, 14, 2, 4, 5, 3, 3, 5, 18, 1, 15, 1, 2, 1, 8, 4, 13, 2, 20, 24, 5, 10, 11, 28, 17, 2, 7, 7, 27, 14, 1, 34, 7, 22, 3, 14, 3, 20, 4, 8, 5, 3, 15, 14, 1, 12, 3, 2, 21, 2, 14, 8, 3, 1, 2, 4, 8, 3, 19, 1, 21, 1, 3, 23, 8, 1, 8, 6, 1, 1, 14, 1, 1, 4, 13, 10, 15, 25, 18, 22, 12, 4, 8, 5, 10, 3, 2, 2, 30, 0, 0, 0, 0, 0, 0, 0, 0, 0, 0, 0, 0, 0, 0, 0, 0, 0, 0, 0, 0, 0, 0, 0, 0, 0, 0, 0, 0, 0, 0, 0, 0, 0, 0, 0, 0, 0, 0, 0, 0, 0, 0, 0, 0, 0, 0, 0, 0, 0, 0, 0, 0, 0, 0, 0, 0, 0, 0, 0, 0, 0, 0, 0, 0, 0, 0, 0, 0, 0, 0, 0, 0, 0, 0, 0, 0, 0, 0, 0, 0, 0, 0, 0, 0, 0, 0, 0, 0, 0, 0, 0, 0, 0, 0, 0, 0, 0, 0, 0, 0, 0, 0, 0, 0, 0, 0, 0, 0, : 8, 16, 27, 9, 14, 2, 4, 5, 3, 3, 5, 18, 1, 15, 1, 2, 1, 8, 4, 13, 2, 20, 24, 5, 10, 11, 28, 17, 2, 7, 7, 27, 14, 1, 34, 7, 22, 3, 14, 3, 20, 4, 8, 5, 3, 15, 14, 1, 12, 3, 2, 21, 2, 14, 8, 3, 1, 2, 4, 8, 3, 19, 1, 21, 1, 3, 23, 8, 1, 8, 6, 1, 1, 14, 1, 1, 4, 13, 10, 15, 25, 18, 22, 12, 4, 8, 5, 10, 3, 2, 2, 30, 
52: 2, 5, 4, 34, 3, 3, 6, 1, 1, 1, 6, 7, 15, 3, 1, 7, 1, 10, 2, 8, 3, 3, 3, 3, 10, 2, 4, 3, 1, 26, 17, 1, 12, 3, 1, 5, 15, 8, 3, 10, 18, 11, 3, 2, 3, 1, 8, 1, 1, 2, 13, 1, 6, 4, 4, 5, 13, 3, 16, 10, 19, 5, 1, 2, 5, 2, 27, 1, 2, 3, 3, 1, 13, 2, 14, 1, 14, 1, 11, 3, 23, 5, 2, 1, 1, 10, 5, 5, 5, 4, 18, 13, 8, 4, 10, 11, 8, 5, 5, 2, 7, 2, 12, 3, 4, 6, 3, 4, 1, 0, 0, 0, 0, 0, 0, 0, 0, 0, 0, 0, 0, 0, 0, 0, 0, 0, 0, 0, 0, 0, 0, 0, 0, 0, 0, 0, 0, 0, 0, 0, 0, 0, 0, 0, 0, 0, 0, 0, 0, 0, 0, 0, 0, 0, 0, 0, 0, 0, 0, 0, 0, 0, 0, 0, 0, 0, 0, 0, 0, 0, 0, 0, 0, 0, 0, 0, 0, 0, 0, 0, 0, 0, 0, 0, 0, 0, 0, 0, 0, 0, 0, 0, 0, 0, 0, 0, 0, 0, 0, 0, : 2, 5, 4, 34, 3, 3, 6, 1, 1, 1, 6, 7, 15, 3, 1, 7, 1, 10, 2, 8, 3, 3, 3, 3, 10, 2, 4, 3, 1, 26, 17, 1, 12, 3, 1, 5, 15, 8, 3, 10, 18, 11, 3, 2, 3, 1, 8, 1, 1, 2, 13, 1, 6, 4, 4, 5, 13, 3, 16, 10, 19, 5, 1, 2, 5, 2, 27, 1, 2, 3, 3, 1, 13, 2, 14, 1, 14, 1, 11, 3, 23, 5, 2, 1, 1, 10, 5, 5, 5, 4, 18, 13, 8, 4, 10, 11, 8, 5, 5, 2, 7, 2, 12, 3, 4, 6, 3, 4, 1, 
53: 2, 23, 4, 7, 11, 19, 19, 7, 7, 1, 2, 12, 5, 2, 11, 9, 20, 14, 3, 10, 9, 5, 22, 3, 3, 5, 3, 6, 4, 23, 10, 13, 15, 2, 3, 12, 11, 2, 9, 6, 6, 4, 3, 4, 2, 3, 4, 2, 3, 4, 5, 38, 4, 21, 1, 9, 1, 9, 32, 8, 8, 10, 20, 1, 3, 27, 29, 25, 15, 4, 1, 2, 0, 0, 0, 0, 0, 0, 0, 0, 0, 0, 0, 0, 0, 0, 0, 0, 0, 0, 0, 0, 0, 0, 0, 0, 0, 0, 0, 0, 0, 0, 0, 0, 0, 0, 0, 0, 0, 0, 0, 0, 0, 0, 0, 0, 0, 0, 0, 0, 0, 0, 0, 0, 0, 0, 0, 0, 0, 0, 0, 0, 0, 0, 0, 0, 0, 0, 0, 0, 0, 0, 0, 0, 0, 0, 0, 0, 0, 0, 0, 0, 0, 0, 0, 0, 0, 0, 0, 0, 0, 0, 0, 0, 0, 0, 0, 0, 0, 0, 0, 0, 0, 0, 0, 0, 0, 0, 0, 0, 0, 0, 0, 0, 0, 0, 0, 0, 0, 0, 0, 0, 0, 0, 0, 0, 0, 0, 0, 0, : 2, 23, 4, 7, 11, 19, 19, 7, 7, 1, 2, 12, 5, 2, 11, 9, 20, 14, 3, 10, 9, 5, 22, 3, 3, 5, 3, 6, 4, 23, 10, 13, 15, 2, 3, 12, 11, 2, 9, 6, 6, 4, 3, 4, 2, 3, 4, 2, 3, 4, 5, 38, 4, 21, 1, 9, 1, 9, 32, 8, 8, 10, 20, 1, 3, 27, 29, 25, 15, 4, 1, 2, 
54: 9, 22, 17, 8, 6, 1, 3, 1, 7, 5, 5, 16, 2, 5, 11, 16, 2, 9, 4, 1, 18, 14, 22, 3, 2, 9, 4, 5, 12, 17, 5, 9, 6, 23, 7, 2, 3, 26, 16, 17, 5, 2, 10, 3, 9, 16, 10, 3, 27, 13, 6, 1, 12, 9, 6, 2, 6, 1, 23, 1, 17, 17, 3, 15, 36, 10, 19, 7, 22, 6, 17, 9, 10, 17, 24, 2, 5, 10, 6, 35, 0, 0, 0, 0, 0, 0, 0, 0, 0, 0, 0, 0, 0, 0, 0, 0, 0, 0, 0, 0, 0, 0, 0, 0, 0, 0, 0, 0, 0, 0, 0, 0, 0, 0, 0, 0, 0, 0, 0, 0, 0, 0, 0, 0, 0, 0, 0, 0, 0, 0, 0, 0, 0, 0, 0, 0, 0, 0, 0, 0, 0, 0, 0, 0, 0, 0, 0, 0, 0, 0, 0, 0, 0, 0, 0, 0, 0, 0, 0, 0, 0, 0, 0, 0, 0, 0, 0, 0, 0, 0, 0, 0, 0, 0, 0, 0, 0, 0, 0, 0, 0, 0, 0, 0, 0, 0, 0, 0, 0, 0, 0, 0, 0, 0, 0, 0, 0, 0, 0, 0, : 9, 22, 17, 8, 6, 1, 3, 1, 7, 5, 5, 16, 2, 5, 11, 16, 2, 9, 4, 1, 18, 14, 22, 3, 2, 9, 4, 5, 12, 17, 5, 9, 6, 23, 7, 2, 3, 26, 16, 17, 5, 2, 10, 3, 9, 16, 10, 3, 27, 13, 6, 1, 12, 9, 6, 2, 6, 1, 23, 1, 17, 17, 3, 15, 36, 10, 19, 7, 22, 6, 17, 9, 10, 17, 24, 2, 5, 10, 6, 35, 
55: 14, 5, 14, 1, 10, 21, 5, 25, 9, 3, 8, 1, 3, 5, 4, 1, 7, 3, 1, 1, 16, 7, 7, 2, 5, 2, 2, 3, 18, 9, 1, 5, 1, 11, 25, 18, 8, 15, 10, 2, 1, 18, 14, 14, 20, 25, 2, 6, 2, 8, 8, 2, 4, 25, 1, 7, 2, 1, 8, 2, 1, 29, 1, 11, 6, 3, 4, 2, 10, 1, 2, 0, 0, 0, 0, 0, 0, 0, 0, 0, 0, 0, 0, 0, 0, 0, 0, 0, 0, 0, 0, 0, 0, 0, 0, 0, 0, 0, 0, 0, 0, 0, 0, 0, 0, 0, 0, 0, 0, 0, 0, 0, 0, 0, 0, 0, 0, 0, 0, 0, 0, 0, 0, 0, 0, 0, 0, 0, 0, 0, 0, 0, 0, 0, 0, 0, 0, 0, 0, 0, 0, 0, 0, 0, 0, 0, 0, 0, 0, 0, 0, 0, 0, 0, 0, 0, 0, 0, 0, 0, 0, 0, 0, 0, 0, 0, 0, 0, 0, 0, 0, 0, 0, 0, 0, 0, 0, 0, 0, 0, 0, 0, 0, 0, 0, 0, 0, 0, 0, 0, 0, 0, 0, 0, 0, 0, 0, 0, 0, 0, : 14, 5, 14, 1, 10, 21, 5, 25, 9, 3, 8, 1, 3, 5, 4, 1, 7, 3, 1, 1, 16, 7, 7, 2, 5, 2, 2, 3, 18, 9, 1, 5, 1, 11, 25, 18, 8, 15, 10, 2, 1, 18, 14, 14, 20, 25, 2, 6, 2, 8, 8, 2, 4, 25, 1, 7, 2, 1, 8, 2, 1, 29, 1, 11, 6, 3, 4, 2, 10, 1, 2, 
56: 9, 17, 17, 27, 11, 2, 3, 6, 6, 3, 15, 8, 18, 2, 5, 4, 1, 5, 4, 2, 6, 2, 5, 4, 11, 7, 7, 1, 4, 23, 28, 9, 30, 1, 3, 9, 9, 1, 5, 2, 1, 1, 12, 2, 3, 1, 1, 2, 6, 25, 4, 6, 2, 3, 9, 35, 2, 18, 2, 5, 11, 3, 25, 9, 0, 0, 0, 0, 0, 0, 0, 0, 0, 0, 0, 0, 0, 0, 0, 0, 0, 0, 0, 0, 0, 0, 0, 0, 0, 0, 0, 0, 0, 0, 0, 0, 0, 0, 0, 0, 0, 0, 0, 0, 0, 0, 0, 0, 0, 0, 0, 0, 0, 0, 0, 0, 0, 0, 0, 0, 0, 0, 0, 0, 0, 0, 0, 0, 0, 0, 0, 0, 0, 0, 0, 0, 0, 0, 0, 0, 0, 0, 0, 0, 0, 0, 0, 0, 0, 0, 0, 0, 0, 0, 0, 0, 0, 0, 0, 0, 0, 0, 0, 0, 0, 0, 0, 0, 0, 0, 0, 0, 0, 0, 0, 0, 0, 0, 0, 0, 0, 0, 0, 0, 0, 0, 0, 0, 0, 0, 0, 0, 0, 0, 0, 0, 0, 0, 0, 0, : 9, 17, 17, 27, 11, 2, 3, 6, 6, 3, 15, 8, 18, 2, 5, 4, 1, 5, 4, 2, 6, 2, 5, 4, 11, 7, 7, 1, 4, 23, 28, 9, 30, 1, 3, 9, 9, 1, 5, 2, 1, 1, 12, 2, 3, 1, 1, 2, 6, 25, 4, 6, 2, 3, 9, 35, 2, 18, 2, 5, 11, 3, 25, 9, 
57: 12, 2, 1, 9, 2, 5, 5, 26, 1, 24, 3, 3, 2, 5, 15, 5, 6, 14, 2, 3, 15, 2, 37, 13, 33, 1, 2, 1, 8, 3, 1, 5, 1, 4, 1, 5, 14, 10, 1, 20, 1, 2, 3, 15, 26, 8, 22, 2, 1, 27, 4, 19, 10, 19, 8, 6, 3, 4, 3, 3, 21, 17, 1, 1, 3, 11, 35, 14, 19, 8, 25, 3, 3, 5, 2, 20, 3, 7, 3, 18, 9, 11, 8, 1, 1, 0, 0, 0, 0, 0, 0, 0, 0, 0, 0, 0, 0, 0, 0, 0, 0, 0, 0, 0, 0, 0, 0, 0, 0, 0, 0, 0, 0, 0, 0, 0, 0, 0, 0, 0, 0, 0, 0, 0, 0, 0, 0, 0, 0, 0, 0, 0, 0, 0, 0, 0, 0, 0, 0, 0, 0, 0, 0, 0, 0, 0, 0, 0, 0, 0, 0, 0, 0, 0, 0, 0, 0, 0, 0, 0, 0, 0, 0, 0, 0, 0, 0, 0, 0, 0, 0, 0, 0, 0, 0, 0, 0, 0, 0, 0, 0, 0, 0, 0, 0, 0, 0, 0, 0, 0, 0, 0, 0, 0, 0, 0, 0, 0, 0, 0, : 12, 2, 1, 9, 2, 5, 5, 26, 1, 24, 3, 3, 2, 5, 15, 5, 6, 14, 2, 3, 15, 2, 37, 13, 33, 1, 2, 1, 8, 3, 1, 5, 1, 4, 1, 5, 14, 10, 1, 20, 1, 2, 3, 15, 26, 8, 22, 2, 1, 27, 4, 19, 10, 19, 8, 6, 3, 4, 3, 3, 21, 17, 1, 1, 3, 11, 35, 14, 19, 8, 25, 3, 3, 5, 2, 20, 3, 7, 3, 18, 9, 11, 8, 1, 1, 
58: 3, 1, 2, 5, 6, 6, 3, 8, 7, 13, 4, 4, 23, 19, 3, 2, 10, 3, 23, 9, 6, 4, 5, 8, 12, 35, 3, 3, 2, 12, 16, 1, 10, 12, 4, 1, 2, 2, 1, 29, 1, 2, 14, 6, 5, 29, 9, 11, 2, 1, 3, 2, 9, 2, 4, 27, 24, 17, 6, 4, 9, 28, 9, 8, 11, 4, 16, 5, 1, 5, 3, 6, 7, 19, 2, 14, 0, 0, 0, 0, 0, 0, 0, 0, 0, 0, 0, 0, 0, 0, 0, 0, 0, 0, 0, 0, 0, 0, 0, 0, 0, 0, 0, 0, 0, 0, 0, 0, 0, 0, 0, 0, 0, 0, 0, 0, 0, 0, 0, 0, 0, 0, 0, 0, 0, 0, 0, 0, 0, 0, 0, 0, 0, 0, 0, 0, 0, 0, 0, 0, 0, 0, 0, 0, 0, 0, 0, 0, 0, 0, 0, 0, 0, 0, 0, 0, 0, 0, 0, 0, 0, 0, 0, 0, 0, 0, 0, 0, 0, 0, 0, 0, 0, 0, 0, 0, 0, 0, 0, 0, 0, 0, 0, 0, 0, 0, 0, 0, 0, 0, 0, 0, 0, 0, 0, 0, 0, 0, 0, 0, : 3, 1, 2, 5, 6, 6, 3, 8, 7, 13, 4, 4, 23, 19, 3, 2, 10, 3, 23, 9, 6, 4, 5, 8, 12, 35, 3, 3, 2, 12, 16, 1, 10, 12, 4, 1, 2, 2, 1, 29, 1, 2, 14, 6, 5, 29, 9, 11, 2, 1, 3, 2, 9, 2, 4, 27, 24, 17, 6, 4, 9, 28, 9, 8, 11, 4, 16, 5, 1, 5, 3, 6, 7, 19, 2, 14, 
59: 5, 22, 6, 20, 6, 1, 2, 13, 9, 8, 1, 4, 7, 1, 9, 3, 2, 9, 8, 16, 24, 6, 27, 1, 7, 9, 1, 10, 4, 3, 2, 9, 27, 3, 2, 7, 19, 1, 4, 14, 9, 4, 7, 3, 1, 2, 14, 2, 7, 1, 19, 25, 1, 11, 22, 7, 3, 16, 13, 25, 3, 10, 9, 8, 9, 1, 1, 4, 3, 14, 5, 35, 2, 7, 12, 0, 0, 0, 0, 0, 0, 0, 0, 0, 0, 0, 0, 0, 0, 0, 0, 0, 0, 0, 0, 0, 0, 0, 0, 0, 0, 0, 0, 0, 0, 0, 0, 0, 0, 0, 0, 0, 0, 0, 0, 0, 0, 0, 0, 0, 0, 0, 0, 0, 0, 0, 0, 0, 0, 0, 0, 0, 0, 0, 0, 0, 0, 0, 0, 0, 0, 0, 0, 0, 0, 0, 0, 0, 0, 0, 0, 0, 0, 0, 0, 0, 0, 0, 0, 0, 0, 0, 0, 0, 0, 0, 0, 0, 0, 0, 0, 0, 0, 0, 0, 0, 0, 0, 0, 0, 0, 0, 0, 0, 0, 0, 0, 0, 0, 0, 0, 0, 0, 0, 0, 0, 0, 0, 0, 0, : 5, 22, 6, 20, 6, 1, 2, 13, 9, 8, 1, 4, 7, 1, 9, 3, 2, 9, 8, 16, 24, 6, 27, 1, 7, 9, 1, 10, 4, 3, 2, 9, 27, 3, 2, 7, 19, 1, 4, 14, 9, 4, 7, 3, 1, 2, 14, 2, 7, 1, 19, 25, 1, 11, 22, 7, 3, 16, 13, 25, 3, 10, 9, 8, 9, 1, 1, 4, 3, 14, 5, 35, 2, 7, 12, 
60: 1, 26, 23, 8, 4, 26, 2, 2, 3, 1, 2, 3, 1, 4, 21, 5, 19, 5, 8, 4, 3, 3, 12, 7, 2, 2, 22, 15, 19, 3, 17, 6, 15, 2, 14, 32, 28, 7, 9, 2, 11, 1, 14, 11, 2, 1, 8, 1, 1, 17, 6, 8, 20, 3, 27, 11, 1, 10, 2, 4, 14, 18, 7, 6, 11, 5, 13, 27, 2, 13, 10, 0, 0, 0, 0, 0, 0, 0, 0, 0, 0, 0, 0, 0, 0, 0, 0, 0, 0, 0, 0, 0, 0, 0, 0, 0, 0, 0, 0, 0, 0, 0, 0, 0, 0, 0, 0, 0, 0, 0, 0, 0, 0, 0, 0, 0, 0, 0, 0, 0, 0, 0, 0, 0, 0, 0, 0, 0, 0, 0, 0, 0, 0, 0, 0, 0, 0, 0, 0, 0, 0, 0, 0, 0, 0, 0, 0, 0, 0, 0, 0, 0, 0, 0, 0, 0, 0, 0, 0, 0, 0, 0, 0, 0, 0, 0, 0, 0, 0, 0, 0, 0, 0, 0, 0, 0, 0, 0, 0, 0, 0, 0, 0, 0, 0, 0, 0, 0, 0, 0, 0, 0, 0, 0, 0, 0, 0, 0, 0, 0, : 1, 26, 23, 8, 4, 26, 2, 2, 3, 1, 2, 3, 1, 4, 21, 5, 19, 5, 8, 4, 3, 3, 12, 7, 2, 2, 22, 15, 19, 3, 17, 6, 15, 2, 14, 32, 28, 7, 9, 2, 11, 1, 14, 11, 2, 1, 8, 1, 1, 17, 6, 8, 20, 3, 27, 11, 1, 10, 2, 4, 14, 18, 7, 6, 11, 5, 13, 27, 2, 13, 10, 
61: 2, 1, 12, 21, 9, 2, 10, 4, 7, 10, 3, 16, 13, 14, 2, 32, 4, 2, 3, 5, 1, 8, 16, 3, 6, 1, 1, 4, 1, 4, 23, 5, 10, 1, 5, 2, 6, 3, 30, 1, 3, 2, 17, 7, 13, 7, 13, 9, 5, 15, 12, 1, 5, 18, 10, 3, 2, 4, 12, 18, 1, 11, 4, 8, 9, 8, 31, 2, 18, 2, 1, 5, 13, 24, 6, 5, 7, 9, 7, 5, 8, 15, 30, 3, 2, 2, 35, 9, 26, 3, 6, 25, 4, 4, 6, 6, 1, 13, 5, 24, 24, 1, 4, 3, 18, 4, 3, 4, 8, 0, 0, 0, 0, 0, 0, 0, 0, 0, 0, 0, 0, 0, 0, 0, 0, 0, 0, 0, 0, 0, 0, 0, 0, 0, 0, 0, 0, 0, 0, 0, 0, 0, 0, 0, 0, 0, 0, 0, 0, 0, 0, 0, 0, 0, 0, 0, 0, 0, 0, 0, 0, 0, 0, 0, 0, 0, 0, 0, 0, 0, 0, 0, 0, 0, 0, 0, 0, 0, 0, 0, 0, 0, 0, 0, 0, 0, 0, 0, 0, 0, 0, 0, 0, 0, 0, 0, 0, 0, 0, 0, : 2, 1, 12, 21, 9, 2, 10, 4, 7, 10, 3, 16, 13, 14, 2, 32, 4, 2, 3, 5, 1, 8, 16, 3, 6, 1, 1, 4, 1, 4, 23, 5, 10, 1, 5, 2, 6, 3, 30, 1, 3, 2, 17, 7, 13, 7, 13, 9, 5, 15, 12, 1, 5, 18, 10, 3, 2, 4, 12, 18, 1, 11, 4, 8, 9, 8, 31, 2, 18, 2, 1, 5, 13, 24, 6, 5, 7, 9, 7, 5, 8, 15, 30, 3, 2, 2, 35, 9, 26, 3, 6, 25, 4, 4, 6, 6, 1, 13, 5, 24, 24, 1, 4, 3, 18, 4, 3, 4, 8, 
62: 3, 20, 3, 1, 17, 9, 8, 20, 22, 1, 5, 6, 2, 5, 3, 1, 2, 9, 2, 2, 11, 7, 4, 2, 11, 1, 4, 21, 11, 12, 20, 10, 15, 10, 22, 8, 5, 29, 3, 12, 14, 3, 8, 14, 10, 6, 7, 29, 4, 1, 3, 5, 4, 21, 27, 14, 2, 17, 1, 5, 8, 12, 9, 2, 18, 15, 1, 2, 7, 11, 1, 1, 8, 22, 1, 7, 1, 4, 2, 23, 6, 17, 7, 3, 0, 0, 0, 0, 0, 0, 0, 0, 0, 0, 0, 0, 0, 0, 0, 0, 0, 0, 0, 0, 0, 0, 0, 0, 0, 0, 0, 0, 0, 0, 0, 0, 0, 0, 0, 0, 0, 0, 0, 0, 0, 0, 0, 0, 0, 0, 0, 0, 0, 0, 0, 0, 0, 0, 0, 0, 0, 0, 0, 0, 0, 0, 0, 0, 0, 0, 0, 0, 0, 0, 0, 0, 0, 0, 0, 0, 0, 0, 0, 0, 0, 0, 0, 0, 0, 0, 0, 0, 0, 0, 0, 0, 0, 0, 0, 0, 0, 0, 0, 0, 0, 0, 0, 0, 0, 0, 0, 0, 0, 0, 0, 0, 0, 0, 0, 0, : 3, 20, 3, 1, 17, 9, 8, 20, 22, 1, 5, 6, 2, 5, 3, 1, 2, 9, 2, 2, 11, 7, 4, 2, 11, 1, 4, 21, 11, 12, 20, 10, 15, 10, 22, 8, 5, 29, 3, 12, 14, 3, 8, 14, 10, 6, 7, 29, 4, 1, 3, 5, 4, 21, 27, 14, 2, 17, 1, 5, 8, 12, 9, 2, 18, 15, 1, 2, 7, 11, 1, 1, 8, 22, 1, 7, 1, 4, 2, 23, 6, 17, 7, 3, 
63: 15, 2, 2, 15, 2, 13, 18, 18, 1, 13, 1, 2, 16, 20, 29, 7, 8, 27, 1, 11, 6, 13, 29, 1, 1, 16, 31, 6, 6, 6, 16, 12, 31, 22, 1, 2, 14, 2, 17, 7, 1, 2, 3, 2, 10, 8, 29, 17, 3, 1, 1, 1, 15, 2, 3, 2, 11, 3, 3, 2, 6, 2, 3, 14, 11, 7, 10, 9, 1, 13, 34, 1, 1, 1, 1, 4, 7, 1, 16, 1, 2, 6, 19, 2, 3, 32, 24, 2, 14, 11, 2, 7, 6, 25, 3, 12, 0, 0, 0, 0, 0, 0, 0, 0, 0, 0, 0, 0, 0, 0, 0, 0, 0, 0, 0, 0, 0, 0, 0, 0, 0, 0, 0, 0, 0, 0, 0, 0, 0, 0, 0, 0, 0, 0, 0, 0, 0, 0, 0, 0, 0, 0, 0, 0, 0, 0, 0, 0, 0, 0, 0, 0, 0, 0, 0, 0, 0, 0, 0, 0, 0, 0, 0, 0, 0, 0, 0, 0, 0, 0, 0, 0, 0, 0, 0, 0, 0, 0, 0, 0, 0, 0, 0, 0, 0, 0, 0, 0, 0, 0, 0, 0, 0, 0, 0, 0, 0, 0, 0, 0, : 15, 2, 2, 15, 2, 13, 18, 18, 1, 13, 1, 2, 16, 20, 29, 7, 8, 27, 1, 11, 6, 13, 29, 1, 1, 16, 31, 6, 6, 6, 16, 12, 31, 22, 1, 2, 14, 2, 17, 7, 1, 2, 3, 2, 10, 8, 29, 17, 3, 1, 1, 1, 15, 2, 3, 2, 11, 3, 3, 2, 6, 2, 3, 14, 11, 7, 10, 9, 1, 13, 34, 1, 1, 1, 1, 4, 7, 1, 16, 1, 2, 6, 19, 2, 3, 32, 24, 2, 14, 11, 2, 7, 6, 25, 3, 12, 
64: 10, 1, 7, 2, 17, 3, 3, 11, 3, 15, 4, 9, 9, 2, 18, 3, 13, 4, 2, 4, 11, 38, 10, 20, 3, 10, 7, 5, 1, 1, 5, 11, 2, 4, 5, 27, 16, 23, 17, 5, 2, 2, 3, 27, 7, 13, 19, 1, 1, 1, 19, 1, 12, 2, 5, 1, 1, 21, 6, 4, 8, 7, 4, 30, 32, 5, 5, 7, 4, 9, 1, 19, 14, 5, 28, 0, 0, 0, 0, 0, 0, 0, 0, 0, 0, 0, 0, 0, 0, 0, 0, 0, 0, 0, 0, 0, 0, 0, 0, 0, 0, 0, 0, 0, 0, 0, 0, 0, 0, 0, 0, 0, 0, 0, 0, 0, 0, 0, 0, 0, 0, 0, 0, 0, 0, 0, 0, 0, 0, 0, 0, 0, 0, 0, 0, 0, 0, 0, 0, 0, 0, 0, 0, 0, 0, 0, 0, 0, 0, 0, 0, 0, 0, 0, 0, 0, 0, 0, 0, 0, 0, 0, 0, 0, 0, 0, 0, 0, 0, 0, 0, 0, 0, 0, 0, 0, 0, 0, 0, 0, 0, 0, 0, 0, 0, 0, 0, 0, 0, 0, 0, 0, 0, 0, 0, 0, 0, 0, 0, 0, : 10, 1, 7, 2, 17, 3, 3, 11, 3, 15, 4, 9, 9, 2, 18, 3, 13, 4, 2, 4, 11, 38, 10, 20, 3, 10, 7, 5, 1, 1, 5, 11, 2, 4, 5, 27, 16, 23, 17, 5, 2, 2, 3, 27, 7, 13, 19, 1, 1, 1, 19, 1, 12, 2, 5, 1, 1, 21, 6, 4, 8, 7, 4, 30, 32, 5, 5, 7, 4, 9, 1, 19, 14, 5, 28, 
65: 6, 1, 19, 8, 2, 3, 6, 9, 9, 7, 6, 5, 21, 12, 14, 17, 3, 14, 13, 11, 1, 18, 9, 22, 1, 5, 27, 14, 1, 17, 16, 9, 11, 4, 5, 34, 7, 5, 1, 4, 21, 1, 7, 8, 2, 1, 5, 5, 6, 1, 32, 4, 18, 1, 6, 23, 13, 2, 3, 13, 23, 12, 17, 5, 25, 1, 5, 13, 1, 20, 3, 1, 20, 0, 0, 0, 0, 0, 0, 0, 0, 0, 0, 0, 0, 0, 0, 0, 0, 0, 0, 0, 0, 0, 0, 0, 0, 0, 0, 0, 0, 0, 0, 0, 0, 0, 0, 0, 0, 0, 0, 0, 0, 0, 0, 0, 0, 0, 0, 0, 0, 0, 0, 0, 0, 0, 0, 0, 0, 0, 0, 0, 0, 0, 0, 0, 0, 0, 0, 0, 0, 0, 0, 0, 0, 0, 0, 0, 0, 0, 0, 0, 0, 0, 0, 0, 0, 0, 0, 0, 0, 0, 0, 0, 0, 0, 0, 0, 0, 0, 0, 0, 0, 0, 0, 0, 0, 0, 0, 0, 0, 0, 0, 0, 0, 0, 0, 0, 0, 0, 0, 0, 0, 0, 0, 0, 0, 0, 0, 0, : 6, 1, 19, 8, 2, 3, 6, 9, 9, 7, 6, 5, 21, 12, 14, 17, 3, 14, 13, 11, 1, 18, 9, 22, 1, 5, 27, 14, 1, 17, 16, 9, 11, 4, 5, 34, 7, 5, 1, 4, 21, 1, 7, 8, 2, 1, 5, 5, 6, 1, 32, 4, 18, 1, 6, 23, 13, 2, 3, 13, 23, 12, 17, 5, 25, 1, 5, 13, 1, 20, 3, 1, 20, 
66: 2, 3, 4, 15, 14, 5, 3, 8, 1, 8, 2, 5, 14, 4, 15, 2, 1, 4, 1, 30, 27, 28, 2, 6, 3, 27, 13, 3, 18, 1, 2, 3, 6, 5, 3, 10, 15, 22, 4, 19, 3, 3, 6, 3, 2, 1, 1, 19, 6, 8, 1, 2, 2, 2, 19, 15, 1, 19, 2, 17, 6, 2, 13, 4, 16, 18, 22, 6, 4, 3, 6, 9, 9, 8, 13, 6, 4, 5, 37, 0, 0, 0, 0, 0, 0, 0, 0, 0, 0, 0, 0, 0, 0, 0, 0, 0, 0, 0, 0, 0, 0, 0, 0, 0, 0, 0, 0, 0, 0, 0, 0, 0, 0, 0, 0, 0, 0, 0, 0, 0, 0, 0, 0, 0, 0, 0, 0, 0, 0, 0, 0, 0, 0, 0, 0, 0, 0, 0, 0, 0, 0, 0, 0, 0, 0, 0, 0, 0, 0, 0, 0, 0, 0, 0, 0, 0, 0, 0, 0, 0, 0, 0, 0, 0, 0, 0, 0, 0, 0, 0, 0, 0, 0, 0, 0, 0, 0, 0, 0, 0, 0, 0, 0, 0, 0, 0, 0, 0, 0, 0, 0, 0, 0, 0, 0, 0, 0, 0, 0, 0, : 2, 3, 4, 15, 14, 5, 3, 8, 1, 8, 2, 5, 14, 4, 15, 2, 1, 4, 1, 30, 27, 28, 2, 6, 3, 27, 13, 3, 18, 1, 2, 3, 6, 5, 3, 10, 15, 22, 4, 19, 3, 3, 6, 3, 2, 1, 1, 19, 6, 8, 1, 2, 2, 2, 19, 15, 1, 19, 2, 17, 6, 2, 13, 4, 16, 18, 22, 6, 4, 3, 6, 9, 9, 8, 13, 6, 4, 5, 37, 
67: 7, 20, 1, 1, 5, 1, 3, 9, 12, 2, 3, 11, 7, 1, 13, 4, 3, 6, 4, 1, 9, 7, 9, 7, 7, 15, 4, 9, 20, 1, 13, 5, 2, 2, 21, 2, 2, 12, 5, 9, 12, 12, 4, 2, 11, 2, 7, 26, 25, 15, 33, 28, 4, 2, 15, 1, 9, 4, 4, 5, 4, 7, 10, 7, 1, 3, 2, 8, 6, 10, 14, 1, 9, 3, 4, 21, 33, 21, 2, 1, 16, 2, 1, 7, 5, 6, 6, 3, 7, 14, 7, 1, 2, 19, 19, 7, 32, 7, 29, 1, 29, 16, 6, 3, 11, 9, 1, 14, 9, 2, 4, 22, 7, 13, 2, 25, 28, 4, 21, 2, 18, 6, 1, 34, 21, 27, 19, 22, 27, 11, 16, 5, 2, 17, 1, 4, 4, 14, 23, 3, 6, 1, 17, 2, 6, 2, 5, 7, 3, 3, 1, 0, 0, 0, 0, 0, 0, 0, 0, 0, 0, 0, 0, 0, 0, 0, 0, 0, 0, 0, 0, 0, 0, 0, 0, 0, 0, 0, 0, 0, 0, 0, 0, 0, 0, 0, 0, 0, 0, 0, 0, 0, 0, 0, 0, 0, 0, 0, 0, 0, : 7, 20, 1, 1, 5, 1, 3, 9, 12, 2, 3, 11, 7, 1, 13, 4, 3, 6, 4, 1, 9, 7, 9, 7, 7, 15, 4, 9, 20, 1, 13, 5, 2, 2, 21, 2, 2, 12, 5, 9, 12, 12, 4, 2, 11, 2, 7, 26, 25, 15, 33, 28, 4, 2, 15, 1, 9, 4, 4, 5, 4, 7, 10, 7, 1, 3, 2, 8, 6, 10, 14, 1, 9, 3, 4, 21, 33, 21, 2, 1, 16, 2, 1, 7, 5, 6, 6, 3, 7, 14, 7, 1, 2, 19, 19, 7, 32, 7, 29, 1, 29, 16, 6, 3, 11, 9, 1, 14, 9, 2, 4, 22, 7, 13, 2, 25, 28, 4, 21, 2, 18, 6, 1, 34, 21, 27, 19, 22, 27, 11, 16, 5, 2, 17, 1, 4, 4, 14, 23, 3, 6, 1, 17, 2, 6, 2, 5, 7, 3, 3, 1, 
68: 6, 22, 10, 1, 5, 2, 4, 5, 27, 5, 8, 6, 2, 9, 3, 3, 1, 1, 3, 26, 3, 4, 7, 4, 15, 1, 1, 8, 19, 4, 1, 10, 1, 12, 11, 3, 8, 6, 1, 3, 3, 8, 2, 2, 9, 1, 2, 7, 6, 7, 3, 11, 2, 2, 4, 8, 1, 9, 3, 6, 3, 18, 15, 1, 2, 8, 19, 2, 2, 4, 3, 2, 32, 2, 8, 3, 1, 1, 8, 22, 8, 14, 11, 18, 3, 18, 3, 20, 30, 2, 28, 31, 25, 25, 19, 5, 26, 2, 6, 17, 4, 3, 4, 7, 14, 2, 4, 1, 5, 2, 0, 0, 0, 0, 0, 0, 0, 0, 0, 0, 0, 0, 0, 0, 0, 0, 0, 0, 0, 0, 0, 0, 0, 0, 0, 0, 0, 0, 0, 0, 0, 0, 0, 0, 0, 0, 0, 0, 0, 0, 0, 0, 0, 0, 0, 0, 0, 0, 0, 0, 0, 0, 0, 0, 0, 0, 0, 0, 0, 0, 0, 0, 0, 0, 0, 0, 0, 0, 0, 0, 0, 0, 0, 0, 0, 0, 0, 0, 0, 0, 0, 0, 0, 0, 0, 0, 0, 0, 0, 0, : 6, 22, 10, 1, 5, 2, 4, 5, 27, 5, 8, 6, 2, 9, 3, 3, 1, 1, 3, 26, 3, 4, 7, 4, 15, 1, 1, 8, 19, 4, 1, 10, 1, 12, 11, 3, 8, 6, 1, 3, 3, 8, 2, 2, 9, 1, 2, 7, 6, 7, 3, 11, 2, 2, 4, 8, 1, 9, 3, 6, 3, 18, 15, 1, 2, 8, 19, 2, 2, 4, 3, 2, 32, 2, 8, 3, 1, 1, 8, 22, 8, 14, 11, 18, 3, 18, 3, 20, 30, 2, 28, 31, 25, 25, 19, 5, 26, 2, 6, 17, 4, 3, 4, 7, 14, 2, 4, 1, 5, 2, 
69: 17, 6, 5, 2, 9, 12, 3, 13, 4, 15, 2, 11, 10, 6, 7, 16, 6, 15, 1, 4, 25, 4, 1, 9, 2, 4, 10, 9, 1, 5, 3, 5, 28, 29, 7, 1, 5, 11, 16, 30, 3, 2, 34, 1, 2, 8, 20, 25, 21, 24, 4, 9, 15, 16, 5, 5, 3, 5, 21, 13, 5, 2, 13, 7, 12, 4, 4, 12, 30, 18, 9, 18, 7, 1, 6, 14, 3, 3, 4, 20, 1, 6, 11, 1, 6, 6, 1, 3, 3, 3, 8, 3, 2, 1, 25, 12, 4, 3, 4, 7, 7, 1, 23, 13, 12, 4, 21, 6, 15, 20, 7, 10, 2, 2, 11, 2, 0, 0, 0, 0, 0, 0, 0, 0, 0, 0, 0, 0, 0, 0, 0, 0, 0, 0, 0, 0, 0, 0, 0, 0, 0, 0, 0, 0, 0, 0, 0, 0, 0, 0, 0, 0, 0, 0, 0, 0, 0, 0, 0, 0, 0, 0, 0, 0, 0, 0, 0, 0, 0, 0, 0, 0, 0, 0, 0, 0, 0, 0, 0, 0, 0, 0, 0, 0, 0, 0, 0, 0, 0, 0, 0, 0, 0, 0, 0, 0, 0, 0, 0, 0, : 17, 6, 5, 2, 9, 12, 3, 13, 4, 15, 2, 11, 10, 6, 7, 16, 6, 15, 1, 4, 25, 4, 1, 9, 2, 4, 10, 9, 1, 5, 3, 5, 28, 29, 7, 1, 5, 11, 16, 30, 3, 2, 34, 1, 2, 8, 20, 25, 21, 24, 4, 9, 15, 16, 5, 5, 3, 5, 21, 13, 5, 2, 13, 7, 12, 4, 4, 12, 30, 18, 9, 18, 7, 1, 6, 14, 3, 3, 4, 20, 1, 6, 11, 1, 6, 6, 1, 3, 3, 3, 8, 3, 2, 1, 25, 12, 4, 3, 4, 7, 7, 1, 23, 13, 12, 4, 21, 6, 15, 20, 7, 10, 2, 2, 11, 2, 
70: 9, 2, 10, 30, 3, 24, 11, 4, 19, 1, 4, 11, 5, 3, 12, 1, 2, 11, 7, 14, 2, 2, 18, 17, 8, 1, 9, 18, 2, 4, 7, 15, 6, 31, 1, 2, 1, 2, 6, 9, 14, 1, 37, 18, 15, 18, 1, 1, 5, 7, 3, 1, 1, 18, 5, 10, 1, 16, 1, 2, 5, 2, 8, 3, 4, 1, 11, 2, 1, 27, 2, 11, 11, 3, 4, 2, 16, 7, 38, 1, 1, 13, 3, 22, 14, 6, 2, 1, 3, 4, 3, 25, 14, 4, 4, 18, 2, 0, 0, 0, 0, 0, 0, 0, 0, 0, 0, 0, 0, 0, 0, 0, 0, 0, 0, 0, 0, 0, 0, 0, 0, 0, 0, 0, 0, 0, 0, 0, 0, 0, 0, 0, 0, 0, 0, 0, 0, 0, 0, 0, 0, 0, 0, 0, 0, 0, 0, 0, 0, 0, 0, 0, 0, 0, 0, 0, 0, 0, 0, 0, 0, 0, 0, 0, 0, 0, 0, 0, 0, 0, 0, 0, 0, 0, 0, 0, 0, 0, 0, 0, 0, 0, 0, 0, 0, 0, 0, 0, 0, 0, 0, 0, 0, 0, 0, 0, 0, 0, 0, 0, : 9, 2, 10, 30, 3, 24, 11, 4, 19, 1, 4, 11, 5, 3, 12, 1, 2, 11, 7, 14, 2, 2, 18, 17, 8, 1, 9, 18, 2, 4, 7, 15, 6, 31, 1, 2, 1, 2, 6, 9, 14, 1, 37, 18, 15, 18, 1, 1, 5, 7, 3, 1, 1, 18, 5, 10, 1, 16, 1, 2, 5, 2, 8, 3, 4, 1, 11, 2, 1, 27, 2, 11, 11, 3, 4, 2, 16, 7, 38, 1, 1, 13, 3, 22, 14, 6, 2, 1, 3, 4, 3, 25, 14, 4, 4, 18, 2, 
71: 4, 3, 3, 9, 17, 18, 27, 5, 15, 22, 7, 5, 6, 8, 20, 6, 17, 1, 20, 3, 1, 1, 1, 7, 7, 16, 16, 2, 24, 3, 2, 1, 4, 2, 4, 2, 22, 5, 11, 2, 12, 1, 11, 4, 3, 7, 4, 4, 2, 7, 9, 6, 6, 4, 4, 3, 2, 12, 4, 8, 4, 4, 5, 15, 3, 6, 2, 3, 17, 7, 1, 3, 2, 8, 4, 35, 14, 13, 7, 3, 1, 8, 3, 7, 1, 6, 2, 6, 23, 2, 15, 10, 7, 1, 22, 0, 0, 0, 0, 0, 0, 0, 0, 0, 0, 0, 0, 0, 0, 0, 0, 0, 0, 0, 0, 0, 0, 0, 0, 0, 0, 0, 0, 0, 0, 0, 0, 0, 0, 0, 0, 0, 0, 0, 0, 0, 0, 0, 0, 0, 0, 0, 0, 0, 0, 0, 0, 0, 0, 0, 0, 0, 0, 0, 0, 0, 0, 0, 0, 0, 0, 0, 0, 0, 0, 0, 0, 0, 0, 0, 0, 0, 0, 0, 0, 0, 0, 0, 0, 0, 0, 0, 0, 0, 0, 0, 0, 0, 0, 0, 0, 0, 0, 0, 0, 0, 0, 0, 0, 0, : 4, 3, 3, 9, 17, 18, 27, 5, 15, 22, 7, 5, 6, 8, 20, 6, 17, 1, 20, 3, 1, 1, 1, 7, 7, 16, 16, 2, 24, 3, 2, 1, 4, 2, 4, 2, 22, 5, 11, 2, 12, 1, 11, 4, 3, 7, 4, 4, 2, 7, 9, 6, 6, 4, 4, 3, 2, 12, 4, 8, 4, 4, 5, 15, 3, 6, 2, 3, 17, 7, 1, 3, 2, 8, 4, 35, 14, 13, 7, 3, 1, 8, 3, 7, 1, 6, 2, 6, 23, 2, 15, 10, 7, 1, 22, 
72: 3, 19, 30, 13, 3, 1, 1, 1, 10, 1, 11, 14, 11, 12, 7, 10, 19, 6, 9, 3, 9, 7, 1, 5, 1, 15, 6, 21, 9, 7, 5, 5, 3, 13, 10, 1, 4, 3, 8, 1, 10, 8, 4, 2, 2, 1, 3, 5, 9, 2, 5, 12, 6, 9, 5, 7, 13, 2, 2, 5, 2, 4, 24, 5, 8, 26, 7, 12, 5, 10, 1, 1, 7, 1, 3, 18, 1, 1, 1, 10, 3, 3, 5, 12, 12, 11, 2, 25, 12, 18, 9, 1, 5, 3, 12, 15, 9, 19, 4, 2, 1, 6, 6, 26, 7, 9, 36, 4, 3, 4, 17, 15, 3, 8, 19, 3, 26, 9, 2, 4, 2, 0, 0, 0, 0, 0, 0, 0, 0, 0, 0, 0, 0, 0, 0, 0, 0, 0, 0, 0, 0, 0, 0, 0, 0, 0, 0, 0, 0, 0, 0, 0, 0, 0, 0, 0, 0, 0, 0, 0, 0, 0, 0, 0, 0, 0, 0, 0, 0, 0, 0, 0, 0, 0, 0, 0, 0, 0, 0, 0, 0, 0, 0, 0, 0, 0, 0, 0, 0, 0, 0, 0, 0, 0, 0, 0, 0, 0, 0, 0, : 3, 19, 30, 13, 3, 1, 1, 1, 10, 1, 11, 14, 11, 12, 7, 10, 19, 6, 9, 3, 9, 7, 1, 5, 1, 15, 6, 21, 9, 7, 5, 5, 3, 13, 10, 1, 4, 3, 8, 1, 10, 8, 4, 2, 2, 1, 3, 5, 9, 2, 5, 12, 6, 9, 5, 7, 13, 2, 2, 5, 2, 4, 24, 5, 8, 26, 7, 12, 5, 10, 1, 1, 7, 1, 3, 18, 1, 1, 1, 10, 3, 3, 5, 12, 12, 11, 2, 25, 12, 18, 9, 1, 5, 3, 12, 15, 9, 19, 4, 2, 1, 6, 6, 26, 7, 9, 36, 4, 3, 4, 17, 15, 3, 8, 19, 3, 26, 9, 2, 4, 2, 
73: 2, 4, 5, 4, 8, 3, 2, 9, 39, 18, 2, 33, 3, 8, 14, 2, 25, 7, 9, 2, 3, 1, 2, 28, 4, 11, 4, 4, 8, 8, 3, 24, 14, 25, 5, 13, 5, 26, 6, 37, 7, 3, 21, 1, 4, 2, 1, 8, 2, 2, 9, 1, 9, 16, 4, 5, 9, 4, 39, 12, 9, 10, 13, 2, 5, 19, 10, 1, 2, 18, 2, 4, 7, 9, 1, 5, 4, 9, 2, 21, 0, 0, 0, 0, 0, 0, 0, 0, 0, 0, 0, 0, 0, 0, 0, 0, 0, 0, 0, 0, 0, 0, 0, 0, 0, 0, 0, 0, 0, 0, 0, 0, 0, 0, 0, 0, 0, 0, 0, 0, 0, 0, 0, 0, 0, 0, 0, 0, 0, 0, 0, 0, 0, 0, 0, 0, 0, 0, 0, 0, 0, 0, 0, 0, 0, 0, 0, 0, 0, 0, 0, 0, 0, 0, 0, 0, 0, 0, 0, 0, 0, 0, 0, 0, 0, 0, 0, 0, 0, 0, 0, 0, 0, 0, 0, 0, 0, 0, 0, 0, 0, 0, 0, 0, 0, 0, 0, 0, 0, 0, 0, 0, 0, 0, 0, 0, 0, 0, 0, 0, : 2, 4, 5, 4, 8, 3, 2, 9, 39, 18, 2, 33, 3, 8, 14, 2, 25, 7, 9, 2, 3, 1, 2, 28, 4, 11, 4, 4, 8, 8, 3, 24, 14, 25, 5, 13, 5, 26, 6, 37, 7, 3, 21, 1, 4, 2, 1, 8, 2, 2, 9, 1, 9, 16, 4, 5, 9, 4, 39, 12, 9, 10, 13, 2, 5, 19, 10, 1, 2, 18, 2, 4, 7, 9, 1, 5, 4, 9, 2, 21, 
74: 2, 2, 6, 28, 1, 1, 13, 13, 12, 10, 11, 3, 3, 16, 4, 14, 3, 13, 18, 36, 17, 1, 5, 5, 2, 2, 12, 3, 7, 23, 3, 2, 3, 2, 2, 12, 4, 11, 27, 2, 4, 8, 21, 1, 3, 4, 16, 3, 2, 7, 24, 3, 2, 2, 4, 4, 14, 2, 10, 1, 11, 3, 4, 2, 16, 23, 19, 10, 4, 3, 37, 18, 12, 4, 13, 3, 3, 11, 1, 7, 6, 2, 18, 1, 6, 12, 9, 5, 2, 4, 1, 6, 6, 1, 2, 13, 11, 7, 3, 4, 8, 4, 9, 7, 6, 23, 31, 25, 18, 4, 36, 14, 7, 1, 5, 5, 17, 1, 2, 4, 0, 0, 0, 0, 0, 0, 0, 0, 0, 0, 0, 0, 0, 0, 0, 0, 0, 0, 0, 0, 0, 0, 0, 0, 0, 0, 0, 0, 0, 0, 0, 0, 0, 0, 0, 0, 0, 0, 0, 0, 0, 0, 0, 0, 0, 0, 0, 0, 0, 0, 0, 0, 0, 0, 0, 0, 0, 0, 0, 0, 0, 0, 0, 0, 0, 0, 0, 0, 0, 0, 0, 0, 0, 0, 0, 0, 0, 0, 0, 0, : 2, 2, 6, 28, 1, 1, 13, 13, 12, 10, 11, 3, 3, 16, 4, 14, 3, 13, 18, 36, 17, 1, 5, 5, 2, 2, 12, 3, 7, 23, 3, 2, 3, 2, 2, 12, 4, 11, 27, 2, 4, 8, 21, 1, 3, 4, 16, 3, 2, 7, 24, 3, 2, 2, 4, 4, 14, 2, 10, 1, 11, 3, 4, 2, 16, 23, 19, 10, 4, 3, 37, 18, 12, 4, 13, 3, 3, 11, 1, 7, 6, 2, 18, 1, 6, 12, 9, 5, 2, 4, 1, 6, 6, 1, 2, 13, 11, 7, 3, 4, 8, 4, 9, 7, 6, 23, 31, 25, 18, 4, 36, 14, 7, 1, 5, 5, 17, 1, 2, 4, 
75: 18, 16, 8, 1, 4, 18, 23, 1, 3, 6, 7, 4, 16, 2, 5, 3, 10, 4, 5, 3, 1, 17, 2, 2, 1, 12, 1, 2, 3, 2, 1, 1, 3, 4, 4, 10, 5, 12, 5, 4, 13, 12, 2, 4, 3, 9, 8, 3, 21, 4, 3, 7, 2, 1, 12, 8, 3, 1, 1, 5, 2, 1, 13, 9, 8, 3, 7, 4, 4, 31, 4, 2, 1, 3, 3, 2, 1, 6, 13, 0, 0, 0, 0, 0, 0, 0, 0, 0, 0, 0, 0, 0, 0, 0, 0, 0, 0, 0, 0, 0, 0, 0, 0, 0, 0, 0, 0, 0, 0, 0, 0, 0, 0, 0, 0, 0, 0, 0, 0, 0, 0, 0, 0, 0, 0, 0, 0, 0, 0, 0, 0, 0, 0, 0, 0, 0, 0, 0, 0, 0, 0, 0, 0, 0, 0, 0, 0, 0, 0, 0, 0, 0, 0, 0, 0, 0, 0, 0, 0, 0, 0, 0, 0, 0, 0, 0, 0, 0, 0, 0, 0, 0, 0, 0, 0, 0, 0, 0, 0, 0, 0, 0, 0, 0, 0, 0, 0, 0, 0, 0, 0, 0, 0, 0, 0, 0, 0, 0, 0, 0, : 18, 16, 8, 1, 4, 18, 23, 1, 3, 6, 7, 4, 16, 2, 5, 3, 10, 4, 5, 3, 1, 17, 2, 2, 1, 12, 1, 2, 3, 2, 1, 1, 3, 4, 4, 10, 5, 12, 5, 4, 13, 12, 2, 4, 3, 9, 8, 3, 21, 4, 3, 7, 2, 1, 12, 8, 3, 1, 1, 5, 2, 1, 13, 9, 8, 3, 7, 4, 4, 31, 4, 2, 1, 3, 3, 2, 1, 6, 13, 
76: 32, 5, 5, 6, 3, 18, 5, 5, 4, 6, 1, 1, 8, 3, 10, 30, 10, 7, 3, 18, 16, 26, 6, 5, 1, 19, 19, 7, 8, 2, 6, 12, 22, 13, 4, 4, 2, 2, 6, 3, 2, 4, 19, 2, 5, 4, 14, 9, 2, 6, 3, 15, 12, 19, 9, 7, 3, 8, 17, 27, 22, 28, 3, 12, 11, 3, 10, 4, 23, 6, 8, 14, 5, 11, 5, 33, 4, 2, 5, 6, 2, 1, 19, 13, 6, 7, 8, 4, 5, 28, 2, 1, 2, 10, 8, 4, 6, 12, 16, 25, 23, 2, 10, 1, 3, 2, 1, 21, 4, 1, 11, 7, 11, 19, 1, 10, 6, 21, 9, 2, 2, 2, 6, 30, 0, 0, 0, 0, 0, 0, 0, 0, 0, 0, 0, 0, 0, 0, 0, 0, 0, 0, 0, 0, 0, 0, 0, 0, 0, 0, 0, 0, 0, 0, 0, 0, 0, 0, 0, 0, 0, 0, 0, 0, 0, 0, 0, 0, 0, 0, 0, 0, 0, 0, 0, 0, 0, 0, 0, 0, 0, 0, 0, 0, 0, 0, 0, 0, 0, 0, 0, 0, 0, 0, 0, 0, 0, 0, 0, 0, : 32, 5, 5, 6, 3, 18, 5, 5, 4, 6, 1, 1, 8, 3, 10, 30, 10, 7, 3, 18, 16, 26, 6, 5, 1, 19, 19, 7, 8, 2, 6, 12, 22, 13, 4, 4, 2, 2, 6, 3, 2, 4, 19, 2, 5, 4, 14, 9, 2, 6, 3, 15, 12, 19, 9, 7, 3, 8, 17, 27, 22, 28, 3, 12, 11, 3, 10, 4, 23, 6, 8, 14, 5, 11, 5, 33, 4, 2, 5, 6, 2, 1, 19, 13, 6, 7, 8, 4, 5, 28, 2, 1, 2, 10, 8, 4, 6, 12, 16, 25, 23, 2, 10, 1, 3, 2, 1, 21, 4, 1, 11, 7, 11, 19, 1, 10, 6, 21, 9, 2, 2, 2, 6, 30, 
77: 2, 10, 15, 5, 12, 5, 7, 2, 6, 27, 4, 11, 3, 1, 4, 4, 11, 3, 6, 1, 7, 1, 11, 21, 15, 7, 10, 5, 7, 8, 3, 14, 31, 1, 10, 13, 4, 1, 1, 24, 11, 5, 3, 14, 4, 23, 11, 15, 19, 13, 18, 1, 7, 9, 3, 24, 4, 19, 13, 11, 5, 5, 7, 3, 17, 5, 17, 3, 1, 2, 4, 25, 16, 6, 2, 2, 12, 7, 4, 1, 8, 31, 6, 21, 7, 2, 7, 12, 1, 0, 0, 0, 0, 0, 0, 0, 0, 0, 0, 0, 0, 0, 0, 0, 0, 0, 0, 0, 0, 0, 0, 0, 0, 0, 0, 0, 0, 0, 0, 0, 0, 0, 0, 0, 0, 0, 0, 0, 0, 0, 0, 0, 0, 0, 0, 0, 0, 0, 0, 0, 0, 0, 0, 0, 0, 0, 0, 0, 0, 0, 0, 0, 0, 0, 0, 0, 0, 0, 0, 0, 0, 0, 0, 0, 0, 0, 0, 0, 0, 0, 0, 0, 0, 0, 0, 0, 0, 0, 0, 0, 0, 0, 0, 0, 0, 0, 0, 0, 0, 0, 0, 0, 0, 0, 0, 0, 0, 0, 0, 0, : 2, 10, 15, 5, 12, 5, 7, 2, 6, 27, 4, 11, 3, 1, 4, 4, 11, 3, 6, 1, 7, 1, 11, 21, 15, 7, 10, 5, 7, 8, 3, 14, 31, 1, 10, 13, 4, 1, 1, 24, 11, 5, 3, 14, 4, 23, 11, 15, 19, 13, 18, 1, 7, 9, 3, 24, 4, 19, 13, 11, 5, 5, 7, 3, 17, 5, 17, 3, 1, 2, 4, 25, 16, 6, 2, 2, 12, 7, 4, 1, 8, 31, 6, 21, 7, 2, 7, 12, 1, 
78: 3, 24, 2, 5, 2, 8, 3, 4, 2, 3, 8, 1, 17, 6, 9, 17, 5, 4, 3, 9, 2, 2, 8, 15, 3, 9, 9, 6, 3, 4, 2, 16, 1, 30, 2, 2, 1, 1, 5, 14, 10, 19, 1, 1, 2, 3, 1, 4, 3, 11, 2, 29, 2, 4, 13, 6, 13, 17, 10, 7, 4, 5, 1, 13, 5, 17, 7, 2, 9, 19, 26, 3, 4, 26, 2, 15, 1, 9, 7, 17, 1, 14, 14, 2, 21, 2, 5, 2, 4, 1, 23, 6, 6, 4, 4, 5, 5, 19, 12, 5, 1, 3, 2, 7, 2, 11, 6, 1, 11, 4, 3, 11, 2, 7, 8, 6, 23, 2, 33, 4, 8, 4, 2, 2, 12, 1, 4, 18, 6, 3, 2, 15, 10, 20, 5, 1, 3, 4, 8, 1, 17, 12, 20, 20, 25, 4, 3, 5, 14, 14, 9, 15, 3, 2, 4, 1, 19, 5, 13, 0, 0, 0, 0, 0, 0, 0, 0, 0, 0, 0, 0, 0, 0, 0, 0, 0, 0, 0, 0, 0, 0, 0, 0, 0, 0, 0, 0, 0, 0, 0, 0, 0, 0, 0, 0, 0, 0, 0, 0, 0, : 3, 24, 2, 5, 2, 8, 3, 4, 2, 3, 8, 1, 17, 6, 9, 17, 5, 4, 3, 9, 2, 2, 8, 15, 3, 9, 9, 6, 3, 4, 2, 16, 1, 30, 2, 2, 1, 1, 5, 14, 10, 19, 1, 1, 2, 3, 1, 4, 3, 11, 2, 29, 2, 4, 13, 6, 13, 17, 10, 7, 4, 5, 1, 13, 5, 17, 7, 2, 9, 19, 26, 3, 4, 26, 2, 15, 1, 9, 7, 17, 1, 14, 14, 2, 21, 2, 5, 2, 4, 1, 23, 6, 6, 4, 4, 5, 5, 19, 12, 5, 1, 3, 2, 7, 2, 11, 6, 1, 11, 4, 3, 11, 2, 7, 8, 6, 23, 2, 33, 4, 8, 4, 2, 2, 12, 1, 4, 18, 6, 3, 2, 15, 10, 20, 5, 1, 3, 4, 8, 1, 17, 12, 20, 20, 25, 4, 3, 5, 14, 14, 9, 15, 3, 2, 4, 1, 19, 5, 13, 
79: 1, 2, 11, 7, 6, 3, 9, 8, 16, 18, 4, 7, 7, 6, 34, 4, 1, 14, 1, 3, 2, 8, 3, 6, 3, 11, 23, 5, 4, 7, 18, 11, 10, 16, 6, 4, 4, 1, 13, 7, 4, 24, 25, 18, 1, 5, 1, 15, 1, 1, 24, 1, 7, 2, 5, 2, 1, 4, 1, 1, 2, 2, 15, 1, 4, 13, 1, 2, 5, 8, 7, 1, 10, 6, 5, 3, 1, 11, 22, 18, 16, 2, 4, 1, 8, 16, 2, 12, 13, 3, 4, 6, 2, 5, 2, 5, 9, 4, 10, 2, 7, 12, 1, 5, 17, 16, 4, 6, 4, 6, 1, 5, 12, 2, 9, 14, 13, 11, 15, 8, 12, 12, 2, 2, 2, 7, 11, 19, 7, 3, 4, 2, 0, 0, 0, 0, 0, 0, 0, 0, 0, 0, 0, 0, 0, 0, 0, 0, 0, 0, 0, 0, 0, 0, 0, 0, 0, 0, 0, 0, 0, 0, 0, 0, 0, 0, 0, 0, 0, 0, 0, 0, 0, 0, 0, 0, 0, 0, 0, 0, 0, 0, 0, 0, 0, 0, 0, 0, 0, 0, 0, 0, 0, 0, 0, 0, 0, 0, 0, 0, : 1, 2, 11, 7, 6, 3, 9, 8, 16, 18, 4, 7, 7, 6, 34, 4, 1, 14, 1, 3, 2, 8, 3, 6, 3, 11, 23, 5, 4, 7, 18, 11, 10, 16, 6, 4, 4, 1, 13, 7, 4, 24, 25, 18, 1, 5, 1, 15, 1, 1, 24, 1, 7, 2, 5, 2, 1, 4, 1, 1, 2, 2, 15, 1, 4, 13, 1, 2, 5, 8, 7, 1, 10, 6, 5, 3, 1, 11, 22, 18, 16, 2, 4, 1, 8, 16, 2, 12, 13, 3, 4, 6, 2, 5, 2, 5, 9, 4, 10, 2, 7, 12, 1, 5, 17, 16, 4, 6, 4, 6, 1, 5, 12, 2, 9, 14, 13, 11, 15, 8, 12, 12, 2, 2, 2, 7, 11, 19, 7, 3, 4, 2, 
80: 7, 7, 16, 7, 2, 4, 3, 24, 7, 1, 3, 2, 6, 1, 4, 12, 4, 1, 2, 11, 16, 25, 1, 25, 2, 13, 9, 10, 11, 2, 4, 5, 1, 3, 3, 2, 3, 6, 1, 2, 30, 18, 1, 5, 2, 17, 3, 10, 4, 5, 24, 2, 32, 7, 3, 1, 3, 4, 3, 7, 7, 2, 4, 9, 5, 7, 26, 4, 2, 11, 5, 5, 4, 7, 10, 1, 2, 7, 2, 6, 2, 5, 5, 12, 21, 18, 17, 4, 1, 1, 13, 1, 7, 29, 3, 10, 12, 19, 4, 12, 2, 7, 4, 2, 2, 0, 0, 0, 0, 0, 0, 0, 0, 0, 0, 0, 0, 0, 0, 0, 0, 0, 0, 0, 0, 0, 0, 0, 0, 0, 0, 0, 0, 0, 0, 0, 0, 0, 0, 0, 0, 0, 0, 0, 0, 0, 0, 0, 0, 0, 0, 0, 0, 0, 0, 0, 0, 0, 0, 0, 0, 0, 0, 0, 0, 0, 0, 0, 0, 0, 0, 0, 0, 0, 0, 0, 0, 0, 0, 0, 0, 0, 0, 0, 0, 0, 0, 0, 0, 0, 0, 0, 0, 0, 0, 0, 0, 0, 0, 0, : 7, 7, 16, 7, 2, 4, 3, 24, 7, 1, 3, 2, 6, 1, 4, 12, 4, 1, 2, 11, 16, 25, 1, 25, 2, 13, 9, 10, 11, 2, 4, 5, 1, 3, 3, 2, 3, 6, 1, 2, 30, 18, 1, 5, 2, 17, 3, 10, 4, 5, 24, 2, 32, 7, 3, 1, 3, 4, 3, 7, 7, 2, 4, 9, 5, 7, 26, 4, 2, 11, 5, 5, 4, 7, 10, 1, 2, 7, 2, 6, 2, 5, 5, 12, 21, 18, 17, 4, 1, 1, 13, 1, 7, 29, 3, 10, 12, 19, 4, 12, 2, 7, 4, 2, 2, 


