40
200
1: 1, 18, 23, 5, 1, 3, 1, 8, 1, 27, 5, 4, 1, 2, 10, 1, 0, 0, 0, 0, 0, 0, 0, 0, 0, 0, 0, 0, 0, 0, 0, 0, 0, 0, 0, 0, 0, 0, 0, 0, : 1, 18, 23, 5, 1, 3, 1, 8, 1, 27, 5, 4, 1, 2, 10, 1, 
2: 3, 1, 5, 2, 1, 18, 23, 5, 25, 6, 4, 20, 8, 7, 3, 1, 6, 19, 15, 4, 16, 2, 19, 21, 2, 0, 0, 0, 0, 0, 0, 0, 0, 0, 0, 0, 0, 0, 0, 0, : 3, 1, 5, 2, 1, 18, 23, 5, 25, 6, 4, 20, 8, 7, 3, 1, 6, 19, 15, 4, 16, 2, 19, 21, 2, 
3: 10, 2, 7, 8, 1, 3, 19, 4, 2, 12, 1, 11, 21, 3, 18, 4, 2, 5, 17, 20, 0, 0, 0, 0, 0, 0, 0, 0, 0, 0, 0, 0, 0, 0, 0, 0, 0, 0, 0, 0, : 10, 2, 7, 8, 1, 3, 19, 4, 2, 12, 1, 11, 21, 3, 18, 4, 2, 5, 17, 20, 
4: 10, 4, 16, 6, 2, 13, 3, 2, 2, 2, 1, 19, 25, 8, 18, 7, 2, 18, 5, 4, 9, 0, 0, 0, 0, 0, 0, 0, 0, 0, 0, 0, 0, 0, 0, 0, 0, 0, 0, 0, : 10, 4, 16, 6, 2, 13, 3, 2, 2, 2, 1, 19, 25, 8, 18, 7, 2, 18, 5, 4, 9, 
5: 5, 27, 11, 27, 1, 8, 2, 5, 33, 12, 3, 30, 1, 1, 5, 0, 0, 0, 0, 0, 0, 0, 0, 0, 0, 0, 0, 0, 0, 0, 0, 0, 0, 0, 0, 0, 0, 0, 0, 0, : 5, 27, 11, 27, 1, 8, 2, 5, 33, 12, 3, 30, 1, 1, 5, 
6: 1, 4, 8, 4, 7, 19, 1, 4, 4, 1, 9, 6, 8, 5, 16, 0, 0, 0, 0, 0, 0, 0, 0, 0, 0, 0, 0, 0, 0, 0, 0, 0, 0, 0, 0, 0, 0, 0, 0, 0, : 1, 4, 8, 4, 7, 19, 1, 4, 4, 1, 9, 6, 8, 5, 16, 
7: 21, 22, 2, 4, 8, 1, 26, 6, 23, 16, 4, 15, 4, 12, 8, 12, 1, 24, 2, 4, 0, 0, 0, 0, 0, 0, 0, 0, 0, 0, 0, 0, 0, 0, 0, 0, 0, 0, 0, 0, : 21, 22, 2, 4, 8, 1, 26, 6, 23, 16, 4, 15, 4, 12, 8, 12, 1, 24, 2, 4, 
8: 3, 4, 5, 8, 7, 13, 24, 1, 2, 1, 18, 3, 19, 3, 0, 0, 0, 0, 0, 0, 0, 0, 0, 0, 0, 0, 0, 0, 0, 0, 0, 0, 0, 0, 0, 0, 0, 0, 0, 0, : 3, 4, 5, 8, 7, 13, 24, 1, 2, 1, 18, 3, 19, 3, 
9: 2, 7, 1, 13, 8, 1, 18, 1, 1, 28, 1, 4, 8, 22, 19, 7, 0, 0, 0, 0, 0, 0, 0, 0, 0, 0, 0, 0, 0, 0, 0, 0, 0, 0, 0, 0, 0, 0, 0, 0, : 2, 7, 1, 13, 8, 1, 18, 1, 1, 28, 1, 4, 8, 22, 19, 7, 
10: 3, 9, 8, 9, 17, 24, 1, 22, 27, 3, 2, 15, 8, 4, 8, 17, 13, 3, 24, 5, 0, 0, 0, 0, 0, 0, 0, 0, 0, 0, 0, 0, 0, 0, 0, 0, 0, 0, 0, 0, : 3, 9, 8, 9, 17, 24, 1, 22, 27, 3, 2, 15, 8, 4, 8, 17, 13, 3, 24, 5, 
11: 3, 3, 3, 7, 4, 5, 24, 7, 18, 26, 13, 9, 8, 10, 23, 5, 3, 27, 1, 21, 0, 0, 0, 0, 0, 0, 0, 0, 0, 0, 0, 0, 0, 0, 0, 0, 0, 0, 0, 0, : 3, 3, 3, 7, 4, 5, 24, 7, 18, 26, 13, 9, 8, 10, 23, 5, 3, 27, 1, 21, 
12: 10, 9, 3, 9, 17, 1, 4, 24, 6, 10, 18, 8, 2, 1, 5, 10, 14, 0, 0, 0, 0, 0, 0, 0, 0, 0, 0, 0, 0, 0, 0, 0, 0, 0, 0, 0, 0, 0, 0, 0, : 10, 9, 3, 9, 17, 1, 4, 24, 6, 10, 18, 8, 2, 1, 5, 10, 14, 
13: 35, 10, 14, 15, 4, 1, 16, 1, 1, 3, 25, 10, 34, 9, 11, 22, 2, 1, 2, 0, 0, 0, 0, 0, 0, 0, 0, 0, 0, 0, 0, 0, 0, 0, 0, 0, 0, 0, 0, 0, : 35, 10, 14, 15, 4, 1, 16, 1, 1, 3, 25, 10, 34, 9, 11, 22, 2, 1, 2, 
14: 14, 1, 3, 7, 21, 10, 6, 6, 2, 3, 2, 7, 2, 3, 4, 22, 2, 4, 4, 1, 13, 1, 2, 0, 0, 0, 0, 0, 0, 0, 0, 0, 0, 0, 0, 0, 0, 0, 0, 0, : 14, 1, 3, 7, 21, 10, 6, 6, 2, 3, 2, 7, 2, 3, 4, 22, 2, 4, 4, 1, 13, 1, 2, 
15: 7, 30, 9, 25, 27, 2, 2, 7, 12, 1, 6, 12, 4, 11, 9, 2, 20, 2, 5, 1, 10, 0, 0, 0, 0, 0, 0, 0, 0, 0, 0, 0, 0, 0, 0, 0, 0, 0, 0, 0, : 7, 30, 9, 25, 27, 2, 2, 7, 12, 1, 6, 12, 4, 11, 9, 2, 20, 2, 5, 1, 10, 
16: 6, 32, 14, 18, 6, 4, 5, 5, 14, 7, 19, 2, 16, 8, 33, 5, 8, 2, 2, 5, 1, 6, 5, 2, 10, 5, 0, 0, 0, 0, 0, 0, 0, 0, 0, 0, 0, 0, 0, 0, : 6, 32, 14, 18, 6, 4, 5, 5, 14, 7, 19, 2, 16, 8, 33, 5, 8, 2, 2, 5, 1, 6, 5, 2, 10, 5, 
17: 6, 20, 1, 1, 19, 13, 7, 2, 10, 22, 3, 6, 5, 5, 3, 28, 8, 2, 0, 0, 0, 0, 0, 0, 0, 0, 0, 0, 0, 0, 0, 0, 0, 0, 0, 0, 0, 0, 0, 0, : 6, 20, 1, 1, 19, 13, 7, 2, 10, 22, 3, 6, 5, 5, 3, 28, 8, 2, 
18: 10, 17, 16, 3, 1, 17, 4, 1, 8, 1, 17, 5, 4, 15, 0, 0, 0, 0, 0, 0, 0, 0, 0, 0, 0, 0, 0, 0, 0, 0, 0, 0, 0, 0, 0, 0, 0, 0, 0, 0, : 10, 17, 16, 3, 1, 17, 4, 1, 8, 1, 17, 5, 4, 15, 
19: 9, 4, 2, 31, 10, 29, 12, 1, 12, 2, 13, 7, 1, 4, 5, 14, 3, 4, 17, 5, 2, 4, 4, 8, 5, 1, 24, 0, 0, 0, 0, 0, 0, 0, 0, 0, 0, 0, 0, 0, : 9, 4, 2, 31, 10, 29, 12, 1, 12, 2, 13, 7, 1, 4, 5, 14, 3, 4, 17, 5, 2, 4, 4, 8, 5, 1, 24, 
20: 6, 6, 4, 16, 1, 16, 15, 11, 12, 8, 7, 14, 2, 3, 20, 2, 3, 19, 2, 9, 3, 3, 0, 0, 0, 0, 0, 0, 0, 0, 0, 0, 0, 0, 0, 0, 0, 0, 0, 0, : 6, 6, 4, 16, 1, 16, 15, 11, 12, 8, 7, 14, 2, 3, 20, 2, 3, 19, 2, 9, 3, 3, 
21: 11, 4, 8, 2, 4, 13, 22, 1, 5, 8, 3, 4, 28, 4, 27, 4, 3, 1, 22, 9, 2, 5, 4, 3, 12, 1, 19, 2, 0, 0, 0, 0, 0, 0, 0, 0, 0, 0, 0, 0, : 11, 4, 8, 2, 4, 13, 22, 1, 5, 8, 3, 4, 28, 4, 27, 4, 3, 1, 22, 9, 2, 5, 4, 3, 12, 1, 19, 2, 
22: 1, 7, 4, 2, 2, 1, 9, 2, 1, 2, 13, 12, 10, 1, 1, 2, 4, 0, 0, 0, 0, 0, 0, 0, 0, 0, 0, 0, 0, 0, 0, 0, 0, 0, 0, 0, 0, 0, 0, 0, : 1, 7, 4, 2, 2, 1, 9, 2, 1, 2, 13, 12, 10, 1, 1, 2, 4, 
23: 3, 1, 1, 2, 7, 2, 13, 1, 3, 11, 5, 1, 3, 5, 12, 4, 2, 17, 12, 4, 14, 12, 0, 0, 0, 0, 0, 0, 0, 0, 0, 0, 0, 0, 0, 0, 0, 0, 0, 0, : 3, 1, 1, 2, 7, 2, 13, 1, 3, 11, 5, 1, 3, 5, 12, 4, 2, 17, 12, 4, 14, 12, 
24: 10, 11, 8, 3, 1, 2, 3, 22, 8, 7, 19, 1, 9, 1, 7, 0, 0, 0, 0, 0, 0, 0, 0, 0, 0, 0, 0, 0, 0, 0, 0, 0, 0, 0, 0, 0, 0, 0, 0, 0, : 10, 11, 8, 3, 1, 2, 3, 22, 8, 7, 19, 1, 9, 1, 7, 
25: 3, 7, 3, 18, 17, 2, 2, 11, 22, 11, 2, 7, 2, 1, 12, 11, 18, 34, 2, 12, 5, 2, 0, 0, 0, 0, 0, 0, 0, 0, 0, 0, 0, 0, 0, 0, 0, 0, 0, 0, : 3, 7, 3, 18, 17, 2, 2, 11, 22, 11, 2, 7, 2, 1, 12, 11, 18, 34, 2, 12, 5, 2, 
26: 5, 6, 3, 6, 3, 3, 1, 2, 1, 3, 2, 24, 13, 1, 5, 22, 6, 2, 1, 2, 7, 19, 9, 2, 0, 0, 0, 0, 0, 0, 0, 0, 0, 0, 0, 0, 0, 0, 0, 0, : 5, 6, 3, 6, 3, 3, 1, 2, 1, 3, 2, 24, 13, 1, 5, 22, 6, 2, 1, 2, 7, 19, 9, 2, 
27: 12, 26, 3, 8, 1, 14, 16, 1, 4, 2, 10, 2, 7, 13, 3, 1, 0, 0, 0, 0, 0, 0, 0, 0, 0, 0, 0, 0, 0, 0, 0, 0, 0, 0, 0, 0, 0, 0, 0, 0, : 12, 26, 3, 8, 1, 14, 16, 1, 4, 2, 10, 2, 7, 13, 3, 1, 
28: 9, 2, 15, 30, 2, 28, 5, 11, 2, 13, 6, 13, 18, 25, 3, 2, 6, 3, 1, 1, 5, 0, 0, 0, 0, 0, 0, 0, 0, 0, 0, 0, 0, 0, 0, 0, 0, 0, 0, 0, : 9, 2, 15, 30, 2, 28, 5, 11, 2, 13, 6, 13, 18, 25, 3, 2, 6, 3, 1, 1, 5, 
29: 26, 5, 4, 2, 1, 2, 19, 25, 5, 1, 6, 1, 12, 5, 4, 2, 28, 14, 1, 0, 0, 0, 0, 0, 0, 0, 0, 0, 0, 0, 0, 0, 0, 0, 0, 0, 0, 0, 0, 0, : 26, 5, 4, 2, 1, 2, 19, 25, 5, 1, 6, 1, 12, 5, 4, 2, 28, 14, 1, 
30: 9, 5, 8, 5, 8, 12, 4, 22, 0, 0, 0, 0, 0, 0, 0, 0, 0, 0, 0, 0, 0, 0, 0, 0, 0, 0, 0, 0, 0, 0, 0, 0, 0, 0, 0, 0, 0, 0, 0, 0, : 9, 5, 8, 5, 8, 12, 4, 22, 
31: 8, 13, 8, 1, 9, 4, 2, 22, 1, 3, 3, 3, 3, 1, 5, 1, 2, 11, 2, 7, 0, 0, 0, 0, 0, 0, 0, 0, 0, 0, 0, 0, 0, 0, 0, 0, 0, 0, 0, 0, : 8, 13, 8, 1, 9, 4, 2, 22, 1, 3, 3, 3, 3, 1, 5, 1, 2, 11, 2, 7, 
32: 20, 14, 25, 7, 2, 3, 4, 1, 10, 21, 11, 1, 28, 5, 6, 15, 3, 0, 0, 0, 0, 0, 0, 0, 0, 0, 0, 0, 0, 0, 0, 0, 0, 0, 0, 0, 0, 0, 0, 0, : 20, 14, 25, 7, 2, 3, 4, 1, 10, 21, 11, 1, 28, 5, 6, 15, 3, 
33: 16, 3, 5, 4, 1, 6, 3, 1, 33, 1, 3, 8, 15, 2, 14, 17, 0, 0, 0, 0, 0, 0, 0, 0, 0, 0, 0, 0, 0, 0, 0, 0, 0, 0, 0, 0, 0, 0, 0, 0, : 16, 3, 5, 4, 1, 6, 3, 1, 33, 1, 3, 8, 15, 2, 14, 17, 
34: 16, 34, 1, 4, 11, 10, 30, 4, 26, 1, 1, 1, 20, 14, 4, 1, 2, 2, 13, 2, 0, 0, 0, 0, 0, 0, 0, 0, 0, 0, 0, 0, 0, 0, 0, 0, 0, 0, 0, 0, : 16, 34, 1, 4, 11, 10, 30, 4, 26, 1, 1, 1, 20, 14, 4, 1, 2, 2, 13, 2, 
35: 12, 8, 1, 14, 1, 8, 8, 4, 3, 9, 5, 20, 5, 10, 6, 4, 15, 1, 5, 3, 4, 0, 0, 0, 0, 0, 0, 0, 0, 0, 0, 0, 0, 0, 0, 0, 0, 0, 0, 0, : 12, 8, 1, 14, 1, 8, 8, 4, 3, 9, 5, 20, 5, 10, 6, 4, 15, 1, 5, 3, 4, 
36: 1, 15, 2, 3, 3, 12, 28, 10, 12, 1, 8, 21, 8, 1, 1, 4, 0, 0, 0, 0, 0, 0, 0, 0, 0, 0, 0, 0, 0, 0, 0, 0, 0, 0, 0, 0, 0, 0, 0, 0, : 1, 15, 2, 3, 3, 12, 28, 10, 12, 1, 8, 21, 8, 1, 1, 4, 
37: 3, 15, 8, 5, 17, 6, 4, 3, 3, 2, 20, 13, 1, 2, 26, 2, 2, 10, 5, 3, 7, 5, 6, 6, 0, 0, 0, 0, 0, 0, 0, 0, 0, 0, 0, 0, 0, 0, 0, 0, : 3, 15, 8, 5, 17, 6, 4, 3, 3, 2, 20, 13, 1, 2, 26, 2, 2, 10, 5, 3, 7, 5, 6, 6, 
38: 13, 1, 1, 1, 1, 12, 23, 18, 20, 5, 26, 4, 4, 12, 11, 1, 5, 18, 0, 0, 0, 0, 0, 0, 0, 0, 0, 0, 0, 0, 0, 0, 0, 0, 0, 0, 0, 0, 0, 0, : 13, 1, 1, 1, 1, 12, 23, 18, 20, 5, 26, 4, 4, 12, 11, 1, 5, 18, 
39: 3, 13, 15, 23, 6, 3, 26, 3, 1, 10, 11, 23, 10, 1, 10, 3, 1, 1, 5, 8, 0, 0, 0, 0, 0, 0, 0, 0, 0, 0, 0, 0, 0, 0, 0, 0, 0, 0, 0, 0, : 3, 13, 15, 23, 6, 3, 26, 3, 1, 10, 11, 23, 10, 1, 10, 3, 1, 1, 5, 8, 
40: 7, 4, 5, 9, 12, 4, 4, 7, 5, 2, 15, 28, 4, 15, 7, 3, 11, 24, 0, 0, 0, 0, 0, 0, 0, 0, 0, 0, 0, 0, 0, 0, 0, 0, 0, 0, 0, 0, 0, 0, : 7, 4, 5, 9, 12, 4, 4, 7, 5, 2, 15, 28, 4, 15, 7, 3, 11, 24, 
41: 2, 5, 2, 1, 1, 22, 1, 2, 24, 5, 7, 3, 1, 2, 12, 29, 0, 0, 0, 0, 0, 0, 0, 0, 0, 0, 0, 0, 0, 0, 0, 0, 0, 0, 0, 0, 0, 0, 0, 0, : 2, 5, 2, 1, 1, 22, 1, 2, 24, 5, 7, 3, 1, 2, 12, 29, 
42: 7, 2, 2, 7, 24, 10, 3, 6, 1, 13, 7, 21, 2, 1, 7, 4, 1, 1, 3, 27, 2, 3, 12, 1, 15, 4, 3, 0, 0, 0, 0, 0, 0, 0, 0, 0, 0, 0, 0, 0, : 7, 2, 2, 7, 24, 10, 3, 6, 1, 13, 7, 21, 2, 1, 7, 4, 1, 1, 3, 27, 2, 3, 12, 1, 15, 4, 3, 
43: 5, 2, 1, 18, 5, 1, 1, 17, 8, 1, 3, 2, 5, 6, 1, 0, 0, 0, 0, 0, 0, 0, 0, 0, 0, 0, 0, 0, 0, 0, 0, 0, 0, 0, 0, 0, 0, 0, 0, 0, : 5, 2, 1, 18, 5, 1, 1, 17, 8, 1, 3, 2, 5, 6, 1, 
44: 11, 5, 4, 8, 5, 26, 19, 3, 2, 4, 33, 15, 1, 18, 27, 14, 4, 12, 7, 5, 27, 0, 0, 0, 0, 0, 0, 0, 0, 0, 0, 0, 0, 0, 0, 0, 0, 0, 0, 0, : 11, 5, 4, 8, 5, 26, 19, 3, 2, 4, 33, 15, 1, 18, 27, 14, 4, 12, 7, 5, 27, 
45: 9, 24, 5, 7, 21, 9, 29, 7, 2, 6, 2, 3, 5, 1, 2, 18, 14, 22, 4, 12, 0, 0, 0, 0, 0, 0, 0, 0, 0, 0, 0, 0, 0, 0, 0, 0, 0, 0, 0, 0, : 9, 24, 5, 7, 21, 9, 29, 7, 2, 6, 2, 3, 5, 1, 2, 18, 14, 22, 4, 12, 
46: 6, 2, 18, 1, 4, 1, 2, 10, 12, 29, 2, 7, 5, 1, 20, 7, 12, 10, 4, 13, 12, 9, 9, 2, 15, 2, 0, 0, 0, 0, 0, 0, 0, 0, 0, 0, 0, 0, 0, 0, : 6, 2, 18, 1, 4, 1, 2, 10, 12, 29, 2, 7, 5, 1, 20, 7, 12, 10, 4, 13, 12, 9, 9, 2, 15, 2, 
47: 1, 2, 28, 4, 9, 6, 16, 5, 2, 3, 1, 4, 0, 0, 0, 0, 0, 0, 0, 0, 0, 0, 0, 0, 0, 0, 0, 0, 0, 0, 0, 0, 0, 0, 0, 0, 0, 0, 0, 0, : 1, 2, 28, 4, 9, 6, 16, 5, 2, 3, 1, 4, 
48: 6, 11, 2, 1, 6, 12, 11, 4, 1, 1, 2, 38, 20, 13, 7, 31, 31, 2, 35, 0, 0, 0, 0, 0, 0, 0, 0, 0, 0, 0, 0, 0, 0, 0, 0, 0, 0, 0, 0, 0, : 6, 11, 2, 1, 6, 12, 11, 4, 1, 1, 2, 38, 20, 13, 7, 31, 31, 2, 35, 
49: 8, 9, 3, 12, 3, 2, 24, 5, 5, 1, 7, 1, 3, 5, 4, 33, 3, 1, 4, 2, 3, 1, 24, 24, 0, 0, 0, 0, 0, 0, 0, 0, 0, 0, 0, 0, 0, 0, 0, 0, : 8, 9, 3, 12, 3, 2, 24, 5, 5, 1, 7, 1, 3, 5, 4, 33, 3, 1, 4, 2, 3, 1, 24, 24, 
50: 4, 8, 2, 7, 3, 3, 8, 4, 2, 1, 3, 10, 18, 1, 17, 13, 3, 1, 2, 8, 7, 1, 1, 6, 0, 0, 0, 0, 0, 0, 0, 0, 0, 0, 0, 0, 0, 0, 0, 0, : 4, 8, 2, 7, 3, 3, 8, 4, 2, 1, 3, 10, 18, 1, 17, 13, 3, 1, 2, 8, 7, 1, 1, 6, 
51: 3, 36, 3, 2, 16, 3, 11, 2, 9, 6, 3, 7, 2, 7, 19, 26, 3, 0, 0, 0, 0, 0, 0, 0, 0, 0, 0, 0, 0, 0, 0, 0, 0, 0, 0, 0, 0, 0, 0, 0, : 3, 36, 3, 2, 16, 3, 11, 2, 9, 6, 3, 7, 2, 7, 19, 26, 3, 
52: 4, 8, 2, 35, 1, 8, 5, 1, 1, 11, 17, 17, 6, 1, 2, 4, 6, 3, 5, 13, 0, 0, 0, 0, 0, 0, 0, 0, 0, 0, 0, 0, 0, 0, 0, 0, 0, 0, 0, 0, : 4, 8, 2, 35, 1, 8, 5, 1, 1, 11, 17, 17, 6, 1, 2, 4, 6, 3, 5, 13, 
53: 18, 11, 17, 29, 11, 1, 8, 25, 2, 12, 4, 0, 0, 0, 0, 0, 0, 0, 0, 0, 0, 0, 0, 0, 0, 0, 0, 0, 0, 0, 0, 0, 0, 0, 0, 0, 0, 0, 0, 0, : 18, 11, 17, 29, 11, 1, 8, 25, 2, 12, 4, 
54: 16, 7, 1, 2, 6, 3, 6, 4, 27, 11, 23, 7, 12, 4, 8, 6, 7, 6, 26, 1, 1, 1, 3, 33, 13, 1, 2, 0, 0, 0, 0, 0, 0, 0, 0, 0, 0, 0, 0, 0, : 16, 7, 1, 2, 6, 3, 6, 4, 27, 11, 23, 7, 12, 4, 8, 6, 7, 6, 26, 1, 1, 1, 3, 33, 13, 1, 2, 
55: 6, 5, 4, 1, 2, 2, 7, 20, 2, 16, 2, 2, 1, 1, 5, 3, 2, 8, 6, 20, 8, 5, 8, 34, 7, 0, 0, 0, 0, 0, 0, 0, 0, 0, 0, 0, 0, 0, 0, 0, : 6, 5, 4, 1, 2, 2, 7, 20, 2, 16, 2, 2, 1, 1, 5, 3, 2, 8, 6, 20, 8, 5, 8, 34, 7, 
56: 2, 3, 9, 1, 10, 4, 5, 21, 9, 2, 1, 4, 14, 24, 11, 5, 6, 11, 4, 0, 0, 0, 0, 0, 0, 0, 0, 0, 0, 0, 0, 0, 0, 0, 0, 0, 0, 0, 0, 0, : 2, 3, 9, 1, 10, 4, 5, 21, 9, 2, 1, 4, 14, 24, 11, 5, 6, 11, 4, 
57: 6, 2, 1, 2, 12, 2, 1, 29, 9, 3, 2, 8, 9, 16, 27, 1, 1, 7, 11, 2, 0, 0, 0, 0, 0, 0, 0, 0, 0, 0, 0, 0, 0, 0, 0, 0, 0, 0, 0, 0, : 6, 2, 1, 2, 12, 2, 1, 29, 9, 3, 2, 8, 9, 16, 27, 1, 1, 7, 11, 2, 
58: 27, 14, 13, 4, 1, 22, 3, 2, 1, 1, 10, 6, 1, 2, 11, 2, 16, 9, 2, 2, 2, 3, 0, 0, 0, 0, 0, 0, 0, 0, 0, 0, 0, 0, 0, 0, 0, 0, 0, 0, : 27, 14, 13, 4, 1, 22, 3, 2, 1, 1, 10, 6, 1, 2, 11, 2, 16, 9, 2, 2, 2, 3, 
59: 3, 7, 21, 1, 10, 2, 10, 4, 3, 2, 11, 1, 4, 1, 7, 3, 18, 1, 2, 5, 5, 1, 11, 5, 11, 3, 4, 0, 0, 0, 0, 0, 0, 0, 0, 0, 0, 0, 0, 0, : 3, 7, 21, 1, 10, 2, 10, 4, 3, 2, 11, 1, 4, 1, 7, 3, 18, 1, 2, 5, 5, 1, 11, 5, 11, 3, 4, 
60: 8, 1, 4, 1, 1, 4, 13, 3, 3, 4, 3, 1, 6, 9, 1, 1, 1, 29, 8, 5, 3, 0, 0, 0, 0, 0, 0, 0, 0, 0, 0, 0, 0, 0, 0, 0, 0, 0, 0, 0, : 8, 1, 4, 1, 1, 4, 13, 3, 3, 4, 3, 1, 6, 9, 1, 1, 1, 29, 8, 5, 3, 
61: 4, 7, 9, 6, 8, 10, 13, 1, 17, 9, 26, 2, 1, 7, 6, 3, 5, 10, 4, 6, 8, 1, 17, 15, 2, 1, 1, 6, 4, 21, 0, 0, 0, 0, 0, 0, 0, 0, 0, 0, : 4, 7, 9, 6, 8, 10, 13, 1, 17, 9, 26, 2, 1, 7, 6, 3, 5, 10, 4, 6, 8, 1, 17, 15, 2, 1, 1, 6, 4, 21, 
62: 5, 8, 5, 3, 11, 32, 2, 6, 22, 13, 3, 9, 15, 3, 1, 15, 9, 12, 25, 8, 2, 9, 2, 1, 11, 7, 4, 3, 5, 0, 0, 0, 0, 0, 0, 0, 0, 0, 0, 0, : 5, 8, 5, 3, 11, 32, 2, 6, 22, 13, 3, 9, 15, 3, 1, 15, 9, 12, 25, 8, 2, 9, 2, 1, 11, 7, 4, 3, 5, 
63: 24, 1, 14, 18, 16, 1, 7, 34, 13, 10, 1, 12, 15, 15, 4, 9, 2, 0, 0, 0, 0, 0, 0, 0, 0, 0, 0, 0, 0, 0, 0, 0, 0, 0, 0, 0, 0, 0, 0, 0, : 24, 1, 14, 18, 16, 1, 7, 34, 13, 10, 1, 12, 15, 15, 4, 9, 2, 
64: 29, 12, 25, 22, 23, 4, 2, 5, 32, 3, 12, 4, 6, 12, 19, 5, 6, 5, 4, 21, 17, 7, 2, 17, 0, 0, 0, 0, 0, 0, 0, 0, 0, 0, 0, 0, 0, 0, 0, 0, : 29, 12, 25, 22, 23, 4, 2, 5, 32, 3, 12, 4, 6, 12, 19, 5, 6, 5, 4, 21, 17, 7, 2, 17, 
65: 6, 3, 11, 2, 5, 11, 2, 9, 7, 25, 23, 5, 3, 21, 4, 2, 16, 26, 14, 7, 3, 4, 12, 2, 16, 5, 0, 0, 0, 0, 0, 0, 0, 0, 0, 0, 0, 0, 0, 0, : 6, 3, 11, 2, 5, 11, 2, 9, 7, 25, 23, 5, 3, 21, 4, 2, 16, 26, 14, 7, 3, 4, 12, 2, 16, 5, 
66: 5, 3, 3, 1, 2, 1, 2, 21, 4, 5, 2, 8, 1, 12, 1, 14, 9, 0, 0, 0, 0, 0, 0, 0, 0, 0, 0, 0, 0, 0, 0, 0, 0, 0, 0, 0, 0, 0, 0, 0, : 5, 3, 3, 1, 2, 1, 2, 21, 4, 5, 2, 8, 1, 12, 1, 14, 9, 
67: 16, 8, 2, 3, 8, 2, 6, 1, 20, 1, 3, 14, 4, 8, 14, 4, 21, 12, 30, 9, 2, 1, 5, 2, 4, 12, 27, 1, 0, 0, 0, 0, 0, 0, 0, 0, 0, 0, 0, 0, : 16, 8, 2, 3, 8, 2, 6, 1, 20, 1, 3, 14, 4, 8, 14, 4, 21, 12, 30, 9, 2, 1, 5, 2, 4, 12, 27, 1, 
68: 1, 1, 6, 14, 17, 16, 5, 4, 2, 15, 4, 8, 2, 1, 2, 2, 4, 1, 14, 6, 1, 16, 1, 24, 4, 0, 0, 0, 0, 0, 0, 0, 0, 0, 0, 0, 0, 0, 0, 0, : 1, 1, 6, 14, 17, 16, 5, 4, 2, 15, 4, 8, 2, 1, 2, 2, 4, 1, 14, 6, 1, 16, 1, 24, 4, 
69: 3, 10, 3, 9, 29, 10, 10, 3, 12, 8, 1, 2, 1, 6, 22, 31, 4, 6, 6, 3, 7, 0, 0, 0, 0, 0, 0, 0, 0, 0, 0, 0, 0, 0, 0, 0, 0, 0, 0, 0, : 3, 10, 3, 9, 29, 10, 10, 3, 12, 8, 1, 2, 1, 6, 22, 31, 4, 6, 6, 3, 7, 
70: 7, 10, 1, 9, 6, 2, 11, 27, 2, 1, 7, 5, 16, 12, 12, 31, 11, 6, 3, 21, 1, 37, 5, 3, 1, 0, 0, 0, 0, 0, 0, 0, 0, 0, 0, 0, 0, 0, 0, 0, : 7, 10, 1, 9, 6, 2, 11, 27, 2, 1, 7, 5, 16, 12, 12, 31, 11, 6, 3, 21, 1, 37, 5, 3, 1, 
71: 11, 7, 6, 16, 16, 13, 1, 6, 3, 1, 8, 3, 21, 2, 4, 4, 12, 3, 4, 8, 0, 0, 0, 0, 0, 0, 0, 0, 0, 0, 0, 0, 0, 0, 0, 0, 0, 0, 0, 0, : 11, 7, 6, 16, 16, 13, 1, 6, 3, 1, 8, 3, 21, 2, 4, 4, 12, 3, 4, 8, 
72: 16, 5, 6, 6, 15, 3, 4, 4, 16, 20, 21, 9, 15, 3, 2, 12, 1, 6, 5, 2, 10, 5, 9, 2, 0, 0, 0, 0, 0, 0, 0, 0, 0, 0, 0, 0, 0, 0, 0, 0, : 16, 5, 6, 6, 15, 3, 4, 4, 16, 20, 21, 9, 15, 3, 2, 12, 1, 6, 5, 2, 10, 5, 9, 2, 
73: 8, 5, 1, 6, 13, 12, 11, 12, 4, 2, 9, 2, 0, 0, 0, 0, 0, 0, 0, 0, 0, 0, 0, 0, 0, 0, 0, 0, 0, 0, 0, 0, 0, 0, 0, 0, 0, 0, 0, 0, : 8, 5, 1, 6, 13, 12, 11, 12, 4, 2, 9, 2, 
74: 5, 12, 6, 2, 6, 12, 7, 5, 4, 5, 2, 1, 2, 1, 5, 9, 0, 0, 0, 0, 0, 0, 0, 0, 0, 0, 0, 0, 0, 0, 0, 0, 0, 0, 0, 0, 0, 0, 0, 0, : 5, 12, 6, 2, 6, 12, 7, 5, 4, 5, 2, 1, 2, 1, 5, 9, 
75: 8, 2, 12, 5, 3, 5, 1, 3, 22, 10, 18, 1, 8, 0, 0, 0, 0, 0, 0, 0, 0, 0, 0, 0, 0, 0, 0, 0, 0, 0, 0, 0, 0, 0, 0, 0, 0, 0, 0, 0, : 8, 2, 12, 5, 3, 5, 1, 3, 22, 10, 18, 1, 8, 
76: 1, 8, 3, 31, 2, 16, 16, 10, 3, 1, 6, 7, 7, 5, 22, 5, 15, 17, 5, 8, 2, 26, 5, 0, 0, 0, 0, 0, 0, 0, 0, 0, 0, 0, 0, 0, 0, 0, 0, 0, : 1, 8, 3, 31, 2, 16, 16, 10, 3, 1, 6, 7, 7, 5, 22, 5, 15, 17, 5, 8, 2, 26, 5, 
77: 3, 9, 3, 7, 1, 2, 1, 16, 2, 23, 1, 25, 3, 6, 2, 5, 10, 12, 11, 24, 24, 13, 13, 3, 17, 2, 1, 0, 0, 0, 0, 0, 0, 0, 0, 0, 0, 0, 0, 0, : 3, 9, 3, 7, 1, 2, 1, 16, 2, 23, 1, 25, 3, 6, 2, 5, 10, 12, 11, 24, 24, 13, 13, 3, 17, 2, 1, 
78: 2, 4, 1, 2, 3, 2, 20, 24, 17, 2, 2, 0, 0, 0, 0, 0, 0, 0, 0, 0, 0, 0, 0, 0, 0, 0, 0, 0, 0, 0, 0, 0, 0, 0, 0, 0, 0, 0, 0, 0, : 2, 4, 1, 2, 3, 2, 20, 24, 17, 2, 2, 
79: 18, 6, 10, 25, 18, 1, 10, 22, 3, 13, 2, 4, 14, 4, 14, 3, 16, 10, 19, 29, 2, 0, 0, 0, 0, 0, 0, 0, 0, 0, 0, 0, 0, 0, 0, 0, 0, 0, 0, 0, : 18, 6, 10, 25, 18, 1, 10, 22, 3, 13, 2, 4, 14, 4, 14, 3, 16, 10, 19, 29, 2, 
80: 2, 2, 2, 13, 13, 13, 31, 9, 8, 3, 11, 12, 9, 13, 3, 11, 21, 1, 11, 1, 2, 11, 0, 0, 0, 0, 0, 0, 0, 0, 0, 0, 0, 0, 0, 0, 0, 0, 0, 0, : 2, 2, 2, 13, 13, 13, 31, 9, 8, 3, 11, 12, 9, 13, 3, 11, 21, 1, 11, 1, 2, 11, 
81: 1, 4, 38, 8, 1, 10, 7, 10, 2, 1, 8, 2, 5, 6, 12, 2, 5, 4, 0, 0, 0, 0, 0, 0, 0, 0, 0, 0, 0, 0, 0, 0, 0, 0, 0, 0, 0, 0, 0, 0, : 1, 4, 38, 8, 1, 10, 7, 10, 2, 1, 8, 2, 5, 6, 12, 2, 5, 4, 
82: 1, 2, 1, 14, 20, 5, 2, 27, 14, 13, 5, 3, 1, 21, 10, 2, 6, 4, 4, 0, 0, 0, 0, 0, 0, 0, 0, 0, 0, 0, 0, 0, 0, 0, 0, 0, 0, 0, 0, 0, : 1, 2, 1, 14, 20, 5, 2, 27, 14, 13, 5, 3, 1, 21, 10, 2, 6, 4, 4, 
83: 7, 27, 13, 3, 17, 7, 14, 1, 11, 6, 6, 4, 10, 17, 2, 9, 8, 28, 26, 5, 2, 6, 13, 2, 0, 0, 0, 0, 0, 0, 0, 0, 0, 0, 0, 0, 0, 0, 0, 0, : 7, 27, 13, 3, 17, 7, 14, 1, 11, 6, 6, 4, 10, 17, 2, 9, 8, 28, 26, 5, 2, 6, 13, 2, 
84: 24, 9, 4, 4, 13, 23, 6, 5, 7, 3, 4, 1, 33, 2, 8, 3, 11, 11, 4, 7, 13, 4, 10, 0, 0, 0, 0, 0, 0, 0, 0, 0, 0, 0, 0, 0, 0, 0, 0, 0, : 24, 9, 4, 4, 13, 23, 6, 5, 7, 3, 4, 1, 33, 2, 8, 3, 11, 11, 4, 7, 13, 4, 10, 
85: 10, 14, 2, 11, 2, 1, 26, 8, 8, 10, 2, 4, 6, 0, 0, 0, 0, 0, 0, 0, 0, 0, 0, 0, 0, 0, 0, 0, 0, 0, 0, 0, 0, 0, 0, 0, 0, 0, 0, 0, : 10, 14, 2, 11, 2, 1, 26, 8, 8, 10, 2, 4, 6, 
86: 5, 15, 5, 12, 2, 14, 3, 12, 1, 8, 1, 8, 3, 30, 13, 8, 11, 5, 6, 19, 1, 24, 12, 2, 9, 10, 4, 2, 34, 0, 0, 0, 0, 0, 0, 0, 0, 0, 0, 0, : 5, 15, 5, 12, 2, 14, 3, 12, 1, 8, 1, 8, 3, 30, 13, 8, 11, 5, 6, 19, 1, 24, 12, 2, 9, 10, 4, 2, 34, 
87: 6, 1, 3, 3, 5, 8, 19, 20, 3, 7, 1, 31, 7, 3, 2, 22, 19, 26, 5, 10, 8, 0, 0, 0, 0, 0, 0, 0, 0, 0, 0, 0, 0, 0, 0, 0, 0, 0, 0, 0, : 6, 1, 3, 3, 5, 8, 19, 20, 3, 7, 1, 31, 7, 3, 2, 22, 19, 26, 5, 10, 8, 
88: 1, 22, 26, 6, 3, 1, 5, 4, 7, 3, 13, 31, 6, 1, 12, 4, 7, 9, 4, 33, 19, 22, 12, 0, 0, 0, 0, 0, 0, 0, 0, 0, 0, 0, 0, 0, 0, 0, 0, 0, : 1, 22, 26, 6, 3, 1, 5, 4, 7, 3, 13, 31, 6, 1, 12, 4, 7, 9, 4, 33, 19, 22, 12, 
89: 2, 15, 19, 13, 6, 1, 4, 1, 1, 4, 9, 12, 9, 8, 5, 3, 9, 4, 14, 4, 7, 2, 0, 0, 0, 0, 0, 0, 0, 0, 0, 0, 0, 0, 0, 0, 0, 0, 0, 0, : 2, 15, 19, 13, 6, 1, 4, 1, 1, 4, 9, 12, 9, 8, 5, 3, 9, 4, 14, 4, 7, 2, 
90: 9, 20, 5, 3, 19, 18, 2, 25, 15, 7, 6, 7, 12, 27, 4, 6, 21, 6, 1, 1, 8, 6, 8, 3, 1, 0, 0, 0, 0, 0, 0, 0, 0, 0, 0, 0, 0, 0, 0, 0, : 9, 20, 5, 3, 19, 18, 2, 25, 15, 7, 6, 7, 12, 27, 4, 6, 21, 6, 1, 1, 8, 6, 8, 3, 1, 
91: 30, 1, 4, 2, 6, 2, 34, 39, 1, 8, 9, 2, 1, 9, 5, 0, 0, 0, 0, 0, 0, 0, 0, 0, 0, 0, 0, 0, 0, 0, 0, 0, 0, 0, 0, 0, 0, 0, 0, 0, : 30, 1, 4, 2, 6, 2, 34, 39, 1, 8, 9, 2, 1, 9, 5, 
92: 1, 16, 11, 28, 1, 5, 8, 1, 19, 9, 2, 2, 12, 11, 1, 1, 0, 0, 0, 0, 0, 0, 0, 0, 0, 0, 0, 0, 0, 0, 0, 0, 0, 0, 0, 0, 0, 0, 0, 0, : 1, 16, 11, 28, 1, 5, 8, 1, 19, 9, 2, 2, 12, 11, 1, 1, 
93: 17, 8, 26, 16, 7, 5, 4, 4, 1, 3, 1, 4, 5, 5, 4, 6, 10, 6, 5, 15, 10, 11, 3, 0, 0, 0, 0, 0, 0, 0, 0, 0, 0, 0, 0, 0, 0, 0, 0, 0, : 17, 8, 26, 16, 7, 5, 4, 4, 1, 3, 1, 4, 5, 5, 4, 6, 10, 6, 5, 15, 10, 11, 3, 
94: 27, 31, 1, 2, 14, 9, 13, 4, 4, 1, 17, 25, 5, 11, 2, 32, 2, 1, 3, 21, 9, 3, 0, 0, 0, 0, 0, 0, 0, 0, 0, 0, 0, 0, 0, 0, 0, 0, 0, 0, : 27, 31, 1, 2, 14, 9, 13, 4, 4, 1, 17, 25, 5, 11, 2, 32, 2, 1, 3, 21, 9, 3, 
95: 3, 3, 4, 10, 11, 4, 10, 7, 1, 9, 3, 2, 18, 2, 0, 0, 0, 0, 0, 0, 0, 0, 0, 0, 0, 0, 0, 0, 0, 0, 0, 0, 0, 0, 0, 0, 0, 0, 0, 0, : 3, 3, 4, 10, 11, 4, 10, 7, 1, 9, 3, 2, 18, 2, 
96: 7, 1, 5, 16, 3, 6, 9, 1, 5, 27, 20, 14, 1, 15, 7, 5, 3, 0, 0, 0, 0, 0, 0, 0, 0, 0, 0, 0, 0, 0, 0, 0, 0, 0, 0, 0, 0, 0, 0, 0, : 7, 1, 5, 16, 3, 6, 9, 1, 5, 27, 20, 14, 1, 15, 7, 5, 3, 
97: 15, 11, 1, 5, 27, 9, 3, 8, 23, 2, 8, 9, 3, 10, 1, 11, 1, 3, 1, 1, 6, 3, 3, 28, 1, 1, 0, 0, 0, 0, 0, 0, 0, 0, 0, 0, 0, 0, 0, 0, : 15, 11, 1, 5, 27, 9, 3, 8, 23, 2, 8, 9, 3, 10, 1, 11, 1, 3, 1, 1, 6, 3, 3, 28, 1, 1, 
98: 13, 1, 19, 31, 3, 2, 3, 17, 5, 4, 10, 10, 16, 3, 1, 26, 1, 3, 16, 2, 13, 2, 1, 0, 0, 0, 0, 0, 0, 0, 0, 0, 0, 0, 0, 0, 0, 0, 0, 0, : 13, 1, 19, 31, 3, 2, 3, 17, 5, 4, 10, 10, 16, 3, 1, 26, 1, 3, 16, 2, 13, 2, 1, 
99: 24, 2, 7, 17, 18, 4, 4, 15, 18, 3, 3, 3, 13, 11, 8, 0, 0, 0, 0, 0, 0, 0, 0, 0, 0, 0, 0, 0, 0, 0, 0, 0, 0, 0, 0, 0, 0, 0, 0, 0, : 24, 2, 7, 17, 18, 4, 4, 15, 18, 3, 3, 3, 13, 11, 8, 
100: 5, 8, 19, 7, 9, 11, 17, 38, 3, 35, 2, 1, 4, 1, 4, 2, 1, 0, 0, 0, 0, 0, 0, 0, 0, 0, 0, 0, 0, 0, 0, 0, 0, 0, 0, 0, 0, 0, 0, 0, : 5, 8, 19, 7, 9, 11, 17, 38, 3, 35, 2, 1, 4, 1, 4, 2, 1, 
101: 2, 9, 4, 8, 30, 4, 9, 18, 19, 1, 10, 3, 0, 0, 0, 0, 0, 0, 0, 0, 0, 0, 0, 0, 0, 0, 0, 0, 0, 0, 0, 0, 0, 0, 0, 0, 0, 0, 0, 0, : 2, 9, 4, 8, 30, 4, 9, 18, 19, 1, 10, 3, 
102: 1, 10, 18, 21, 7, 1, 3, 10, 1, 1, 1, 3, 3, 12, 26, 6, 26, 9, 32, 6, 0, 0, 0, 0, 0, 0, 0, 0, 0, 0, 0, 0, 0, 0, 0, 0, 0, 0, 0, 0, : 1, 10, 18, 21, 7, 1, 3, 10, 1, 1, 1, 3, 3, 12, 26, 6, 26, 9, 32, 6, 
103: 14, 5, 6, 13, 1, 1, 11, 1, 10, 23, 15, 15, 3, 1, 4, 21, 1, 0, 0, 0, 0, 0, 0, 0, 0, 0, 0, 0, 0, 0, 0, 0, 0, 0, 0, 0, 0, 0, 0, 0, : 14, 5, 6, 13, 1, 1, 11, 1, 10, 23, 15, 15, 3, 1, 4, 21, 1, 
104: 2, 11, 4, 11, 3, 6, 26, 6, 1, 8, 2, 4, 3, 0, 0, 0, 0, 0, 0, 0, 0, 0, 0, 0, 0, 0, 0, 0, 0, 0, 0, 0, 0, 0, 0, 0, 0, 0, 0, 0, : 2, 11, 4, 11, 3, 6, 26, 6, 1, 8, 2, 4, 3, 
105: 14, 2, 2, 10, 4, 3, 1, 9, 6, 3, 28, 2, 12, 3, 4, 24, 1, 0, 0, 0, 0, 0, 0, 0, 0, 0, 0, 0, 0, 0, 0, 0, 0, 0, 0, 0, 0, 0, 0, 0, : 14, 2, 2, 10, 4, 3, 1, 9, 6, 3, 28, 2, 12, 3, 4, 24, 1, 
106: 7, 33, 1, 16, 15, 8, 10, 6, 3, 8, 15, 1, 8, 10, 1, 7, 0, 0, 0, 0, 0, 0, 0, 0, 0, 0, 0, 0, 0, 0, 0, 0, 0, 0, 0, 0, 0, 0, 0, 0, : 7, 33, 1, 16, 15, 8, 10, 6, 3, 8, 15, 1, 8, 10, 1, 7, 
107: 3, 3, 5, 3, 8, 9, 7, 1, 23, 17, 1, 13, 4, 26, 31, 7, 22, 12, 1, 4, 18, 1, 14, 31, 4, 3, 0, 0, 0, 0, 0, 0, 0, 0, 0, 0, 0, 0, 0, 0, : 3, 3, 5, 3, 8, 9, 7, 1, 23, 17, 1, 13, 4, 26, 31, 7, 22, 12, 1, 4, 18, 1, 14, 31, 4, 3, 
108: 1, 20, 12, 27, 8, 2, 4, 36, 9, 19, 8, 4, 4, 2, 25, 4, 0, 0, 0, 0, 0, 0, 0, 0, 0, 0, 0, 0, 0, 0, 0, 0, 0, 0, 0, 0, 0, 0, 0, 0, : 1, 20, 12, 27, 8, 2, 4, 36, 9, 19, 8, 4, 4, 2, 25, 4, 
109: 11, 6, 5, 13, 9, 2, 1, 8, 2, 16, 6, 30, 1, 8, 6, 6, 1, 0, 0, 0, 0, 0, 0, 0, 0, 0, 0, 0, 0, 0, 0, 0, 0, 0, 0, 0, 0, 0, 0, 0, : 11, 6, 5, 13, 9, 2, 1, 8, 2, 16, 6, 30, 1, 8, 6, 6, 1, 
110: 18, 4, 2, 10, 33, 3, 8, 24, 5, 1, 3, 2, 1, 3, 20, 1, 10, 4, 9, 0, 0, 0, 0, 0, 0, 0, 0, 0, 0, 0, 0, 0, 0, 0, 0, 0, 0, 0, 0, 0, : 18, 4, 2, 10, 33, 3, 8, 24, 5, 1, 3, 2, 1, 3, 20, 1, 10, 4, 9, 
111: 7, 2, 10, 6, 28, 15, 9, 1, 14, 2, 7, 7, 9, 6, 0, 0, 0, 0, 0, 0, 0, 0, 0, 0, 0, 0, 0, 0, 0, 0, 0, 0, 0, 0, 0, 0, 0, 0, 0, 0, : 7, 2, 10, 6, 28, 15, 9, 1, 14, 2, 7, 7, 9, 6, 
112: 18, 1, 1, 15, 11, 1, 16, 21, 20, 5, 11, 12, 37, 10, 3, 2, 2, 6, 6, 7, 0, 0, 0, 0, 0, 0, 0, 0, 0, 0, 0, 0, 0, 0, 0, 0, 0, 0, 0, 0, : 18, 1, 1, 15, 11, 1, 16, 21, 20, 5, 11, 12, 37, 10, 3, 2, 2, 6, 6, 7, 
113: 7, 5, 2, 28, 21, 10, 36, 20, 15, 7, 1, 10, 1, 9, 10, 8, 24, 22, 4, 1, 12, 11, 1, 3, 0, 0, 0, 0, 0, 0, 0, 0, 0, 0, 0, 0, 0, 0, 0, 0, : 7, 5, 2, 28, 21, 10, 36, 20, 15, 7, 1, 10, 1, 9, 10, 8, 24, 22, 4, 1, 12, 11, 1, 3, 
114: 2, 3, 1, 18, 22, 4, 8, 16, 2, 6, 2, 3, 6, 4, 21, 1, 21, 0, 0, 0, 0, 0, 0, 0, 0, 0, 0, 0, 0, 0, 0, 0, 0, 0, 0, 0, 0, 0, 0, 0, : 2, 3, 1, 18, 22, 4, 8, 16, 2, 6, 2, 3, 6, 4, 21, 1, 21, 
115: 15, 2, 4, 7, 25, 14, 4, 2, 4, 11, 12, 2, 12, 12, 4, 2, 1, 13, 1, 4, 5, 0, 0, 0, 0, 0, 0, 0, 0, 0, 0, 0, 0, 0, 0, 0, 0, 0, 0, 0, : 15, 2, 4, 7, 25, 14, 4, 2, 4, 11, 12, 2, 12, 12, 4, 2, 1, 13, 1, 4, 5, 
116: 17, 12, 24, 11, 15, 1, 13, 1, 6, 7, 5, 1, 5, 12, 0, 0, 0, 0, 0, 0, 0, 0, 0, 0, 0, 0, 0, 0, 0, 0, 0, 0, 0, 0, 0, 0, 0, 0, 0, 0, : 17, 12, 24, 11, 15, 1, 13, 1, 6, 7, 5, 1, 5, 12, 
117: 1, 10, 3, 13, 6, 2, 2, 14, 15, 11, 2, 5, 2, 3, 10, 10, 23, 2, 4, 17, 1, 0, 0, 0, 0, 0, 0, 0, 0, 0, 0, 0, 0, 0, 0, 0, 0, 0, 0, 0, : 1, 10, 3, 13, 6, 2, 2, 14, 15, 11, 2, 5, 2, 3, 10, 10, 23, 2, 4, 17, 1, 
118: 5, 22, 17, 9, 1, 8, 10, 1, 2, 3, 2, 13, 11, 9, 22, 8, 2, 3, 1, 5, 8, 9, 0, 0, 0, 0, 0, 0, 0, 0, 0, 0, 0, 0, 0, 0, 0, 0, 0, 0, : 5, 22, 17, 9, 1, 8, 10, 1, 2, 3, 2, 13, 11, 9, 22, 8, 2, 3, 1, 5, 8, 9, 
119: 2, 1, 7, 5, 2, 2, 6, 3, 6, 8, 4, 3, 28, 20, 18, 30, 5, 2, 5, 5, 5, 9, 0, 0, 0, 0, 0, 0, 0, 0, 0, 0, 0, 0, 0, 0, 0, 0, 0, 0, : 2, 1, 7, 5, 2, 2, 6, 3, 6, 8, 4, 3, 28, 20, 18, 30, 5, 2, 5, 5, 5, 9, 
120: 23, 1, 6, 25, 2, 31, 15, 9, 18, 2, 3, 5, 13, 34, 1, 3, 34, 35, 2, 20, 0, 0, 0, 0, 0, 0, 0, 0, 0, 0, 0, 0, 0, 0, 0, 0, 0, 0, 0, 0, : 23, 1, 6, 25, 2, 31, 15, 9, 18, 2, 3, 5, 13, 34, 1, 3, 34, 35, 2, 20, 
121: 9, 3, 13, 1, 5, 28, 2, 8, 24, 33, 12, 2, 1, 13, 1, 14, 15, 28, 19, 6, 0, 0, 0, 0, 0, 0, 0, 0, 0, 0, 0, 0, 0, 0, 0, 0, 0, 0, 0, 0, : 9, 3, 13, 1, 5, 28, 2, 8, 24, 33, 12, 2, 1, 13, 1, 14, 15, 28, 19, 6, 
122: 4, 1, 5, 1, 1, 7, 6, 2, 7, 18, 1, 10, 8, 21, 6, 23, 36, 2, 7, 1, 4, 2, 3, 12, 9, 4, 8, 6, 0, 0, 0, 0, 0, 0, 0, 0, 0, 0, 0, 0, : 4, 1, 5, 1, 1, 7, 6, 2, 7, 18, 1, 10, 8, 21, 6, 23, 36, 2, 7, 1, 4, 2, 3, 12, 9, 4, 8, 6, 
123: 5, 18, 14, 1, 2, 11, 15, 11, 11, 21, 4, 5, 3, 2, 2, 14, 21, 7, 4, 1, 1, 0, 0, 0, 0, 0, 0, 0, 0, 0, 0, 0, 0, 0, 0, 0, 0, 0, 0, 0, : 5, 18, 14, 1, 2, 11, 15, 11, 11, 21, 4, 5, 3, 2, 2, 14, 21, 7, 4, 1, 1, 
124: 4, 6, 13, 4, 10, 17, 19, 4, 5, 9, 4, 4, 4, 7, 17, 14, 5, 1, 1, 5, 2, 6, 2, 0, 0, 0, 0, 0, 0, 0, 0, 0, 0, 0, 0, 0, 0, 0, 0, 0, : 4, 6, 13, 4, 10, 17, 19, 4, 5, 9, 4, 4, 4, 7, 17, 14, 5, 1, 1, 5, 2, 6, 2, 
125: 24, 1, 24, 1, 12, 9, 18, 1, 1, 19, 3, 27, 2, 1, 8, 1, 0, 0, 0, 0, 0, 0, 0, 0, 0, 0, 0, 0, 0, 0, 0, 0, 0, 0, 0, 0, 0, 0, 0, 0, : 24, 1, 24, 1, 12, 9, 18, 1, 1, 19, 3, 27, 2, 1, 8, 1, 
126: 10, 4, 4, 24, 7, 6, 2, 8, 2, 7, 2, 24, 2, 11, 2, 0, 0, 0, 0, 0, 0, 0, 0, 0, 0, 0, 0, 0, 0, 0, 0, 0, 0, 0, 0, 0, 0, 0, 0, 0, : 10, 4, 4, 24, 7, 6, 2, 8, 2, 7, 2, 24, 2, 11, 2, 
127: 13, 4, 5, 3, 20, 3, 33, 1, 2, 7, 1, 5, 1, 5, 1, 1, 9, 5, 5, 12, 2, 0, 0, 0, 0, 0, 0, 0, 0, 0, 0, 0, 0, 0, 0, 0, 0, 0, 0, 0, : 13, 4, 5, 3, 20, 3, 33, 1, 2, 7, 1, 5, 1, 5, 1, 1, 9, 5, 5, 12, 2, 
128: 6, 10, 1, 1, 1, 18, 10, 8, 4, 16, 1, 10, 4, 11, 28, 6, 5, 8, 19, 7, 0, 0, 0, 0, 0, 0, 0, 0, 0, 0, 0, 0, 0, 0, 0, 0, 0, 0, 0, 0, : 6, 10, 1, 1, 1, 18, 10, 8, 4, 16, 1, 10, 4, 11, 28, 6, 5, 8, 19, 7, 
129: 5, 6, 5, 12, 5, 18, 3, 7, 1, 2, 17, 1, 13, 21, 5, 1, 12, 2, 6, 0, 0, 0, 0, 0, 0, 0, 0, 0, 0, 0, 0, 0, 0, 0, 0, 0, 0, 0, 0, 0, : 5, 6, 5, 12, 5, 18, 3, 7, 1, 2, 17, 1, 13, 21, 5, 1, 12, 2, 6, 
130: 22, 9, 24, 7, 26, 1, 8, 14, 3, 13, 5, 1, 4, 1, 3, 8, 4, 10, 14, 16, 8, 0, 0, 0, 0, 0, 0, 0, 0, 0, 0, 0, 0, 0, 0, 0, 0, 0, 0, 0, : 22, 9, 24, 7, 26, 1, 8, 14, 3, 13, 5, 1, 4, 1, 3, 8, 4, 10, 14, 16, 8, 
131: 1, 7, 12, 21, 5, 6, 6, 1, 9, 9, 1, 4, 12, 4, 25, 3, 3, 9, 10, 1, 20, 0, 0, 0, 0, 0, 0, 0, 0, 0, 0, 0, 0, 0, 0, 0, 0, 0, 0, 0, : 1, 7, 12, 21, 5, 6, 6, 1, 9, 9, 1, 4, 12, 4, 25, 3, 3, 9, 10, 1, 20, 
132: 3, 23, 3, 6, 22, 6, 10, 9, 5, 9, 4, 4, 17, 15, 4, 4, 5, 13, 2, 21, 1, 1, 0, 0, 0, 0, 0, 0, 0, 0, 0, 0, 0, 0, 0, 0, 0, 0, 0, 0, : 3, 23, 3, 6, 22, 6, 10, 9, 5, 9, 4, 4, 17, 15, 4, 4, 5, 13, 2, 21, 1, 1, 
133: 5, 28, 18, 14, 1, 3, 19, 19, 2, 3, 5, 1, 10, 0, 0, 0, 0, 0, 0, 0, 0, 0, 0, 0, 0, 0, 0, 0, 0, 0, 0, 0, 0, 0, 0, 0, 0, 0, 0, 0, : 5, 28, 18, 14, 1, 3, 19, 19, 2, 3, 5, 1, 10, 
134: 7, 3, 11, 4, 8, 10, 1, 1, 1, 2, 1, 22, 13, 1, 17, 3, 4, 22, 0, 0, 0, 0, 0, 0, 0, 0, 0, 0, 0, 0, 0, 0, 0, 0, 0, 0, 0, 0, 0, 0, : 7, 3, 11, 4, 8, 10, 1, 1, 1, 2, 1, 22, 13, 1, 17, 3, 4, 22, 
135: 13, 4, 11, 4, 1, 2, 12, 2, 5, 13, 6, 3, 3, 3, 21, 0, 0, 0, 0, 0, 0, 0, 0, 0, 0, 0, 0, 0, 0, 0, 0, 0, 0, 0, 0, 0, 0, 0, 0, 0, : 13, 4, 11, 4, 1, 2, 12, 2, 5, 13, 6, 3, 3, 3, 21, 
136: 26, 7, 6, 3, 23, 11, 12, 3, 2, 5, 4, 5, 8, 7, 2, 11, 2, 15, 5, 0, 0, 0, 0, 0, 0, 0, 0, 0, 0, 0, 0, 0, 0, 0, 0, 0, 0, 0, 0, 0, : 26, 7, 6, 3, 23, 11, 12, 3, 2, 5, 4, 5, 8, 7, 2, 11, 2, 15, 5, 
137: 18, 3, 1, 13, 2, 11, 18, 12, 3, 6, 3, 2, 11, 0, 0, 0, 0, 0, 0, 0, 0, 0, 0, 0, 0, 0, 0, 0, 0, 0, 0, 0, 0, 0, 0, 0, 0, 0, 0, 0, : 18, 3, 1, 13, 2, 11, 18, 12, 3, 6, 3, 2, 11, 
138: 8, 7, 16, 20, 5, 12, 7, 9, 3, 2, 10, 14, 16, 7, 12, 9, 0, 0, 0, 0, 0, 0, 0, 0, 0, 0, 0, 0, 0, 0, 0, 0, 0, 0, 0, 0, 0, 0, 0, 0, : 8, 7, 16, 20, 5, 12, 7, 9, 3, 2, 10, 14, 16, 7, 12, 9, 
139: 26, 5, 13, 4, 2, 17, 13, 10, 1, 2, 2, 9, 18, 3, 14, 5, 5, 12, 0, 0, 0, 0, 0, 0, 0, 0, 0, 0, 0, 0, 0, 0, 0, 0, 0, 0, 0, 0, 0, 0, : 26, 5, 13, 4, 2, 17, 13, 10, 1, 2, 2, 9, 18, 3, 14, 5, 5, 12, 
140: 2, 2, 7, 1, 11, 9, 1, 5, 1, 2, 8, 9, 27, 2, 8, 4, 3, 3, 25, 5, 9, 12, 31, 5, 1, 9, 12, 0, 0, 0, 0, 0, 0, 0, 0, 0, 0, 0, 0, 0, : 2, 2, 7, 1, 11, 9, 1, 5, 1, 2, 8, 9, 27, 2, 8, 4, 3, 3, 25, 5, 9, 12, 31, 5, 1, 9, 12, 
141: 3, 4, 12, 1, 3, 8, 10, 18, 5, 9, 17, 0, 0, 0, 0, 0, 0, 0, 0, 0, 0, 0, 0, 0, 0, 0, 0, 0, 0, 0, 0, 0, 0, 0, 0, 0, 0, 0, 0, 0, : 3, 4, 12, 1, 3, 8, 10, 18, 5, 9, 17, 
142: 3, 19, 4, 12, 4, 14, 11, 30, 9, 1, 6, 4, 3, 11, 0, 0, 0, 0, 0, 0, 0, 0, 0, 0, 0, 0, 0, 0, 0, 0, 0, 0, 0, 0, 0, 0, 0, 0, 0, 0, : 3, 19, 4, 12, 4, 14, 11, 30, 9, 1, 6, 4, 3, 11, 
143: 2, 9, 21, 1, 26, 11, 12, 5, 11, 21, 12, 13, 6, 6, 23, 5, 2, 1, 2, 5, 9, 0, 0, 0, 0, 0, 0, 0, 0, 0, 0, 0, 0, 0, 0, 0, 0, 0, 0, 0, : 2, 9, 21, 1, 26, 11, 12, 5, 11, 21, 12, 13, 6, 6, 23, 5, 2, 1, 2, 5, 9, 
144: 2, 3, 1, 3, 3, 3, 3, 4, 10, 4, 6, 29, 6, 1, 5, 14, 6, 1, 5, 1, 1, 5, 9, 0, 0, 0, 0, 0, 0, 0, 0, 0, 0, 0, 0, 0, 0, 0, 0, 0, : 2, 3, 1, 3, 3, 3, 3, 4, 10, 4, 6, 29, 6, 1, 5, 14, 6, 1, 5, 1, 1, 5, 9, 
145: 1, 1, 6, 1, 9, 4, 4, 7, 29, 18, 1, 17, 14, 2, 13, 5, 4, 25, 8, 2, 34, 10, 7, 0, 0, 0, 0, 0, 0, 0, 0, 0, 0, 0, 0, 0, 0, 0, 0, 0, : 1, 1, 6, 1, 9, 4, 4, 7, 29, 18, 1, 17, 14, 2, 13, 5, 4, 25, 8, 2, 34, 10, 7, 
146: 26, 1, 2, 20, 8, 5, 5, 1, 7, 11, 18, 7, 1, 5, 22, 17, 13, 5, 4, 0, 0, 0, 0, 0, 0, 0, 0, 0, 0, 0, 0, 0, 0, 0, 0, 0, 0, 0, 0, 0, : 26, 1, 2, 20, 8, 5, 5, 1, 7, 11, 18, 7, 1, 5, 22, 17, 13, 5, 4, 
147: 3, 1, 2, 3, 2, 8, 2, 10, 1, 10, 1, 5, 31, 11, 5, 16, 0, 0, 0, 0, 0, 0, 0, 0, 0, 0, 0, 0, 0, 0, 0, 0, 0, 0, 0, 0, 0, 0, 0, 0, : 3, 1, 2, 3, 2, 8, 2, 10, 1, 10, 1, 5, 31, 11, 5, 16, 
148: 2, 16, 11, 3, 5, 8, 10, 3, 1, 1, 1, 32, 11, 3, 12, 0, 0, 0, 0, 0, 0, 0, 0, 0, 0, 0, 0, 0, 0, 0, 0, 0, 0, 0, 0, 0, 0, 0, 0, 0, : 2, 16, 11, 3, 5, 8, 10, 3, 1, 1, 1, 32, 11, 3, 12, 
149: 7, 18, 4, 18, 3, 25, 5, 3, 18, 4, 1, 19, 7, 0, 0, 0, 0, 0, 0, 0, 0, 0, 0, 0, 0, 0, 0, 0, 0, 0, 0, 0, 0, 0, 0, 0, 0, 0, 0, 0, : 7, 18, 4, 18, 3, 25, 5, 3, 18, 4, 1, 19, 7, 
150: 11, 3, 4, 11, 13, 13, 5, 18, 13, 4, 1, 31, 2, 3, 16, 10, 15, 0, 0, 0, 0, 0, 0, 0, 0, 0, 0, 0, 0, 0, 0, 0, 0, 0, 0, 0, 0, 0, 0, 0, : 11, 3, 4, 11, 13, 13, 5, 18, 13, 4, 1, 31, 2, 3, 16, 10, 15, 
151: 9, 18, 2, 1, 7, 1, 1, 1, 20, 3, 3, 11, 10, 12, 2, 1, 2, 2, 2, 1, 2, 5, 6, 6, 19, 7, 13, 6, 1, 22, 22, 0, 0, 0, 0, 0, 0, 0, 0, 0, : 9, 18, 2, 1, 7, 1, 1, 1, 20, 3, 3, 11, 10, 12, 2, 1, 2, 2, 2, 1, 2, 5, 6, 6, 19, 7, 13, 6, 1, 22, 22, 
152: 3, 2, 3, 4, 8, 3, 1, 10, 20, 26, 2, 2, 2, 19, 3, 3, 12, 0, 0, 0, 0, 0, 0, 0, 0, 0, 0, 0, 0, 0, 0, 0, 0, 0, 0, 0, 0, 0, 0, 0, : 3, 2, 3, 4, 8, 3, 1, 10, 20, 26, 2, 2, 2, 19, 3, 3, 12, 
153: 2, 14, 9, 15, 3, 3, 3, 6, 6, 27, 26, 11, 3, 17, 0, 0, 0, 0, 0, 0, 0, 0, 0, 0, 0, 0, 0, 0, 0, 0, 0, 0, 0, 0, 0, 0, 0, 0, 0, 0, : 2, 14, 9, 15, 3, 3, 3, 6, 6, 27, 26, 11, 3, 17, 
154: 21, 5, 2, 3, 8, 3, 6, 13, 10, 11, 3, 3, 0, 0, 0, 0, 0, 0, 0, 0, 0, 0, 0, 0, 0, 0, 0, 0, 0, 0, 0, 0, 0, 0, 0, 0, 0, 0, 0, 0, : 21, 5, 2, 3, 8, 3, 6, 13, 10, 11, 3, 3, 
155: 4, 8, 12, 27, 9, 12, 27, 1, 1, 4, 5, 2, 2, 14, 9, 3, 23, 19, 7, 4, 2, 10, 0, 0, 0, 0, 0, 0, 0, 0, 0, 0, 0, 0, 0, 0, 0, 0, 0, 0, : 4, 8, 12, 27, 9, 12, 27, 1, 1, 4, 5, 2, 2, 14, 9, 3, 23, 19, 7, 4, 2, 10, 
156: 1, 18, 10, 12, 9, 1, 23, 1, 2, 6, 21, 5, 9, 5, 14, 7, 3, 1, 0, 0, 0, 0, 0, 0, 0, 0, 0, 0, 0, 0, 0, 0, 0, 0, 0, 0, 0, 0, 0, 0, : 1, 18, 10, 12, 9, 1, 23, 1, 2, 6, 21, 5, 9, 5, 14, 7, 3, 1, 
157: 3, 9, 1, 5, 1, 20, 4, 10, 4, 4, 2, 26, 4, 1, 3, 11, 5, 0, 0, 0, 0, 0, 0, 0, 0, 0, 0, 0, 0, 0, 0, 0, 0, 0, 0, 0, 0, 0, 0, 0, : 3, 9, 1, 5, 1, 20, 4, 10, 4, 4, 2, 26, 4, 1, 3, 11, 5, 
158: 9, 2, 17, 4, 10, 9, 8, 2, 18, 2, 22, 1, 1, 3, 1, 3, 2, 1, 11, 5, 11, 4, 12, 0, 0, 0, 0, 0, 0, 0, 0, 0, 0, 0, 0, 0, 0, 0, 0, 0, : 9, 2, 17, 4, 10, 9, 8, 2, 18, 2, 22, 1, 1, 3, 1, 3, 2, 1, 11, 5, 11, 4, 12, 
159: 1, 1, 21, 1, 16, 4, 4, 7, 12, 3, 4, 4, 5, 18, 5, 25, 25, 14, 21, 22, 0, 0, 0, 0, 0, 0, 0, 0, 0, 0, 0, 0, 0, 0, 0, 0, 0, 0, 0, 0, : 1, 1, 21, 1, 16, 4, 4, 7, 12, 3, 4, 4, 5, 18, 5, 25, 25, 14, 21, 22, 
160: 11, 16, 1, 26, 19, 8, 3, 1, 3, 9, 5, 1, 12, 13, 2, 12, 1, 1, 5, 28, 10, 21, 5, 16, 2, 0, 0, 0, 0, 0, 0, 0, 0, 0, 0, 0, 0, 0, 0, 0, : 11, 16, 1, 26, 19, 8, 3, 1, 3, 9, 5, 1, 12, 13, 2, 12, 1, 1, 5, 28, 10, 21, 5, 16, 2, 
161: 4, 26, 20, 3, 2, 9, 2, 1, 21, 3, 7, 10, 5, 5, 11, 4, 7, 12, 25, 0, 0, 0, 0, 0, 0, 0, 0, 0, 0, 0, 0, 0, 0, 0, 0, 0, 0, 0, 0, 0, : 4, 26, 20, 3, 2, 9, 2, 1, 21, 3, 7, 10, 5, 5, 11, 4, 7, 12, 25, 
162: 4, 7, 5, 1, 19, 12, 10, 6, 12, 23, 2, 4, 3, 25, 12, 3, 3, 0, 0, 0, 0, 0, 0, 0, 0, 0, 0, 0, 0, 0, 0, 0, 0, 0, 0, 0, 0, 0, 0, 0, : 4, 7, 5, 1, 19, 12, 10, 6, 12, 23, 2, 4, 3, 25, 12, 3, 3, 
163: 4, 6, 1, 14, 3, 1, 1, 6, 10, 24, 6, 5, 4, 7, 3, 17, 2, 3, 0, 0, 0, 0, 0, 0, 0, 0, 0, 0, 0, 0, 0, 0, 0, 0, 0, 0, 0, 0, 0, 0, : 4, 6, 1, 14, 3, 1, 1, 6, 10, 24, 6, 5, 4, 7, 3, 17, 2, 3, 
164: 3, 10, 17, 6, 19, 13, 1, 1, 14, 3, 11, 5, 1, 5, 2, 1, 13, 31, 0, 0, 0, 0, 0, 0, 0, 0, 0, 0, 0, 0, 0, 0, 0, 0, 0, 0, 0, 0, 0, 0, : 3, 10, 17, 6, 19, 13, 1, 1, 14, 3, 11, 5, 1, 5, 2, 1, 13, 31, 
165: 10, 1, 31, 1, 8, 13, 22, 4, 1, 17, 16, 8, 24, 11, 9, 16, 1, 26, 5, 6, 3, 1, 0, 0, 0, 0, 0, 0, 0, 0, 0, 0, 0, 0, 0, 0, 0, 0, 0, 0, : 10, 1, 31, 1, 8, 13, 22, 4, 1, 17, 16, 8, 24, 11, 9, 16, 1, 26, 5, 6, 3, 1, 
166: 12, 6, 1, 20, 13, 3, 5, 8, 13, 2, 2, 9, 23, 25, 1, 13, 1, 1, 0, 0, 0, 0, 0, 0, 0, 0, 0, 0, 0, 0, 0, 0, 0, 0, 0, 0, 0, 0, 0, 0, : 12, 6, 1, 20, 13, 3, 5, 8, 13, 2, 2, 9, 23, 25, 1, 13, 1, 1, 
167: 1, 3, 5, 10, 28, 9, 3, 3, 6, 1, 11, 5, 1, 12, 15, 7, 17, 4, 0, 0, 0, 0, 0, 0, 0, 0, 0, 0, 0, 0, 0, 0, 0, 0, 0, 0, 0, 0, 0, 0, : 1, 3, 5, 10, 28, 9, 3, 3, 6, 1, 11, 5, 1, 12, 15, 7, 17, 4, 
168: 3, 3, 1, 5, 5, 26, 6, 1, 6, 3, 2, 11, 2, 3, 14, 1, 0, 0, 0, 0, 0, 0, 0, 0, 0, 0, 0, 0, 0, 0, 0, 0, 0, 0, 0, 0, 0, 0, 0, 0, : 3, 3, 1, 5, 5, 26, 6, 1, 6, 3, 2, 11, 2, 3, 14, 1, 
169: 3, 15, 2, 2, 2, 1, 1, 20, 7, 28, 4, 1, 4, 7, 28, 33, 8, 13, 0, 0, 0, 0, 0, 0, 0, 0, 0, 0, 0, 0, 0, 0, 0, 0, 0, 0, 0, 0, 0, 0, : 3, 15, 2, 2, 2, 1, 1, 20, 7, 28, 4, 1, 4, 7, 28, 33, 8, 13, 
170: 1, 1, 2, 38, 10, 3, 7, 32, 17, 23, 1, 1, 23, 1, 6, 2, 30, 20, 33, 9, 1, 11, 8, 10, 3, 1, 0, 0, 0, 0, 0, 0, 0, 0, 0, 0, 0, 0, 0, 0, : 1, 1, 2, 38, 10, 3, 7, 32, 17, 23, 1, 1, 23, 1, 6, 2, 30, 20, 33, 9, 1, 11, 8, 10, 3, 1, 
171: 1, 18, 15, 8, 1, 3, 15, 5, 3, 17, 2, 16, 10, 3, 18, 4, 0, 0, 0, 0, 0, 0, 0, 0, 0, 0, 0, 0, 0, 0, 0, 0, 0, 0, 0, 0, 0, 0, 0, 0, : 1, 18, 15, 8, 1, 3, 15, 5, 3, 17, 2, 16, 10, 3, 18, 4, 
172: 22, 26, 2, 4, 1, 14, 1, 6, 10, 20, 1, 6, 5, 18, 2, 1, 2, 0, 0, 0, 0, 0, 0, 0, 0, 0, 0, 0, 0, 0, 0, 0, 0, 0, 0, 0, 0, 0, 0, 0, : 22, 26, 2, 4, 1, 14, 1, 6, 10, 20, 1, 6, 5, 18, 2, 1, 2, 
173: 19, 3, 1, 1, 12, 2, 1, 1, 1, 27, 1, 13, 1, 11, 5, 1, 4, 1, 2, 2, 6, 1, 16, 11, 13, 0, 0, 0, 0, 0, 0, 0, 0, 0, 0, 0, 0, 0, 0, 0, : 19, 3, 1, 1, 12, 2, 1, 1, 1, 27, 1, 13, 1, 11, 5, 1, 4, 1, 2, 2, 6, 1, 16, 11, 13, 
174: 2, 13, 10, 15, 29, 8, 8, 5, 1, 1, 13, 2, 3, 7, 32, 21, 0, 0, 0, 0, 0, 0, 0, 0, 0, 0, 0, 0, 0, 0, 0, 0, 0, 0, 0, 0, 0, 0, 0, 0, : 2, 13, 10, 15, 29, 8, 8, 5, 1, 1, 13, 2, 3, 7, 32, 21, 
175: 1, 24, 36, 13, 3, 17, 8, 10, 2, 10, 11, 6, 13, 4, 2, 8, 2, 2, 8, 0, 0, 0, 0, 0, 0, 0, 0, 0, 0, 0, 0, 0, 0, 0, 0, 0, 0, 0, 0, 0, : 1, 24, 36, 13, 3, 17, 8, 10, 2, 10, 11, 6, 13, 4, 2, 8, 2, 2, 8, 
176: 6, 6, 2, 1, 10, 1, 2, 4, 14, 1, 6, 29, 2, 1, 1, 1, 13, 1, 10, 1, 5, 10, 6, 25, 3, 12, 4, 2, 3, 14, 0, 0, 0, 0, 0, 0, 0, 0, 0, 0, : 6, 6, 2, 1, 10, 1, 2, 4, 14, 1, 6, 29, 2, 1, 1, 1, 13, 1, 10, 1, 5, 10, 6, 25, 3, 12, 4, 2, 3, 14, 
177: 13, 13, 1, 13, 17, 3, 12, 3, 14, 1, 1, 8, 6, 1, 6, 2, 3, 27, 12, 12, 27, 3, 0, 0, 0, 0, 0, 0, 0, 0, 0, 0, 0, 0, 0, 0, 0, 0, 0, 0, : 13, 13, 1, 13, 17, 3, 12, 3, 14, 1, 1, 8, 6, 1, 6, 2, 3, 27, 12, 12, 27, 3, 
178: 1, 1, 11, 18, 35, 22, 14, 8, 14, 7, 19, 5, 25, 1, 9, 3, 7, 6, 12, 2, 23, 4, 7, 6, 0, 0, 0, 0, 0, 0, 0, 0, 0, 0, 0, 0, 0, 0, 0, 0, : 1, 1, 11, 18, 35, 22, 14, 8, 14, 7, 19, 5, 25, 1, 9, 3, 7, 6, 12, 2, 23, 4, 7, 6, 
179: 3, 2, 3, 2, 2, 9, 11, 3, 20, 8, 7, 1, 6, 3, 1, 3, 1, 15, 1, 2, 13, 2, 6, 11, 0, 0, 0, 0, 0, 0, 0, 0, 0, 0, 0, 0, 0, 0, 0, 0, : 3, 2, 3, 2, 2, 9, 11, 3, 20, 8, 7, 1, 6, 3, 1, 3, 1, 15, 1, 2, 13, 2, 6, 11, 
180: 4, 20, 14, 1, 2, 13, 17, 2, 5, 5, 7, 9, 16, 3, 14, 2, 1, 23, 3, 28, 4, 1, 19, 7, 3, 9, 7, 0, 0, 0, 0, 0, 0, 0, 0, 0, 0, 0, 0, 0, : 4, 20, 14, 1, 2, 13, 17, 2, 5, 5, 7, 9, 16, 3, 14, 2, 1, 23, 3, 28, 4, 1, 19, 7, 3, 9, 7, 
181: 1, 1, 1, 14, 5, 1, 2, 17, 8, 3, 1, 16, 1, 4, 1, 15, 7, 4, 5, 11, 8, 4, 13, 14, 7, 1, 8, 3, 0, 0, 0, 0, 0, 0, 0, 0, 0, 0, 0, 0, : 1, 1, 1, 14, 5, 1, 2, 17, 8, 3, 1, 16, 1, 4, 1, 15, 7, 4, 5, 11, 8, 4, 13, 14, 7, 1, 8, 3, 
182: 2, 3, 4, 20, 11, 26, 13, 7, 3, 2, 14, 6, 27, 5, 1, 17, 15, 1, 18, 14, 9, 3, 18, 6, 13, 11, 0, 0, 0, 0, 0, 0, 0, 0, 0, 0, 0, 0, 0, 0, : 2, 3, 4, 20, 11, 26, 13, 7, 3, 2, 14, 6, 27, 5, 1, 17, 15, 1, 18, 14, 9, 3, 18, 6, 13, 11, 
183: 35, 4, 4, 3, 1, 19, 4, 3, 17, 2, 1, 2, 5, 1, 7, 28, 7, 5, 0, 0, 0, 0, 0, 0, 0, 0, 0, 0, 0, 0, 0, 0, 0, 0, 0, 0, 0, 0, 0, 0, : 35, 4, 4, 3, 1, 19, 4, 3, 17, 2, 1, 2, 5, 1, 7, 28, 7, 5, 
184: 23, 13, 2, 20, 37, 3, 3, 3, 1, 4, 4, 6, 9, 2, 13, 21, 4, 1, 7, 7, 0, 0, 0, 0, 0, 0, 0, 0, 0, 0, 0, 0, 0, 0, 0, 0, 0, 0, 0, 0, : 23, 13, 2, 20, 37, 3, 3, 3, 1, 4, 4, 6, 9, 2, 13, 21, 4, 1, 7, 7, 
185: 3, 5, 23, 2, 2, 9, 2, 3, 2, 9, 10, 3, 1, 1, 2, 16, 8, 9, 3, 33, 0, 0, 0, 0, 0, 0, 0, 0, 0, 0, 0, 0, 0, 0, 0, 0, 0, 0, 0, 0, : 3, 5, 23, 2, 2, 9, 2, 3, 2, 9, 10, 3, 1, 1, 2, 16, 8, 9, 3, 33, 
186: 14, 1, 7, 10, 11, 8, 11, 3, 4, 1, 35, 5, 9, 16, 2, 0, 0, 0, 0, 0, 0, 0, 0, 0, 0, 0, 0, 0, 0, 0, 0, 0, 0, 0, 0, 0, 0, 0, 0, 0, : 14, 1, 7, 10, 11, 8, 11, 3, 4, 1, 35, 5, 9, 16, 2, 
187: 3, 3, 4, 23, 9, 17, 12, 2, 6, 1, 1, 1, 2, 6, 6, 1, 7, 27, 17, 14, 12, 3, 22, 35, 4, 6, 2, 3, 12, 4, 0, 0, 0, 0, 0, 0, 0, 0, 0, 0, : 3, 3, 4, 23, 9, 17, 12, 2, 6, 1, 1, 1, 2, 6, 6, 1, 7, 27, 17, 14, 12, 3, 22, 35, 4, 6, 2, 3, 12, 4, 
188: 10, 13, 10, 12, 13, 17, 7, 4, 33, 5, 2, 11, 1, 2, 4, 1, 15, 16, 0, 0, 0, 0, 0, 0, 0, 0, 0, 0, 0, 0, 0, 0, 0, 0, 0, 0, 0, 0, 0, 0, : 10, 13, 10, 12, 13, 17, 7, 4, 33, 5, 2, 11, 1, 2, 4, 1, 15, 16, 
189: 2, 2, 1, 3, 4, 16, 20, 3, 11, 9, 4, 9, 15, 6, 0, 0, 0, 0, 0, 0, 0, 0, 0, 0, 0, 0, 0, 0, 0, 0, 0, 0, 0, 0, 0, 0, 0, 0, 0, 0, : 2, 2, 1, 3, 4, 16, 20, 3, 11, 9, 4, 9, 15, 6, 
190: 2, 3, 13, 9, 12, 3, 6, 27, 16, 2, 5, 1, 22, 18, 2, 3, 6, 6, 7, 6, 0, 0, 0, 0, 0, 0, 0, 0, 0, 0, 0, 0, 0, 0, 0, 0, 0, 0, 0, 0, : 2, 3, 13, 9, 12, 3, 6, 27, 16, 2, 5, 1, 22, 18, 2, 3, 6, 6, 7, 6, 
191: 4, 4, 2, 12, 7, 2, 9, 11, 3, 12, 2, 3, 11, 3, 2, 9, 6, 3, 1, 13, 10, 11, 1, 0, 0, 0, 0, 0, 0, 0, 0, 0, 0, 0, 0, 0, 0, 0, 0, 0, : 4, 4, 2, 12, 7, 2, 9, 11, 3, 12, 2, 3, 11, 3, 2, 9, 6, 3, 1, 13, 10, 11, 1, 
192: 11, 6, 13, 15, 1, 11, 2, 3, 1, 12, 9, 6, 5, 3, 8, 9, 3, 16, 15, 0, 0, 0, 0, 0, 0, 0, 0, 0, 0, 0, 0, 0, 0, 0, 0, 0, 0, 0, 0, 0, : 11, 6, 13, 15, 1, 11, 2, 3, 1, 12, 9, 6, 5, 3, 8, 9, 3, 16, 15, 
193: 10, 7, 8, 3, 16, 1, 9, 7, 1, 5, 7, 2, 7, 4, 3, 1, 19, 4, 1, 3, 0, 0, 0, 0, 0, 0, 0, 0, 0, 0, 0, 0, 0, 0, 0, 0, 0, 0, 0, 0, : 10, 7, 8, 3, 16, 1, 9, 7, 1, 5, 7, 2, 7, 4, 3, 1, 19, 4, 1, 3, 
194: 7, 2, 36, 3, 3, 20, 27, 2, 34, 1, 9, 7, 9, 1, 28, 31, 12, 0, 0, 0, 0, 0, 0, 0, 0, 0, 0, 0, 0, 0, 0, 0, 0, 0, 0, 0, 0, 0, 0, 0, : 7, 2, 36, 3, 3, 20, 27, 2, 34, 1, 9, 7, 9, 1, 28, 31, 12, 
195: 7, 5, 9, 3, 13, 1, 3, 2, 3, 1, 2, 33, 3, 8, 12, 2, 0, 0, 0, 0, 0, 0, 0, 0, 0, 0, 0, 0, 0, 0, 0, 0, 0, 0, 0, 0, 0, 0, 0, 0, : 7, 5, 9, 3, 13, 1, 3, 2, 3, 1, 2, 33, 3, 8, 12, 2, 
196: 8, 8, 11, 4, 1, 4, 2, 15, 3, 5, 2, 1, 5, 0, 0, 0, 0, 0, 0, 0, 0, 0, 0, 0, 0, 0, 0, 0, 0, 0, 0, 0, 0, 0, 0, 0, 0, 0, 0, 0, : 8, 8, 11, 4, 1, 4, 2, 15, 3, 5, 2, 1, 5, 
197: 6, 3, 6, 15, 6, 7, 12, 10, 15, 9, 11, 20, 2, 5, 6, 20, 1, 10, 0, 0, 0, 0, 0, 0, 0, 0, 0, 0, 0, 0, 0, 0, 0, 0, 0, 0, 0, 0, 0, 0, : 6, 3, 6, 15, 6, 7, 12, 10, 15, 9, 11, 20, 2, 5, 6, 20, 1, 10, 
198: 1, 10, 2, 5, 11, 15, 8, 8, 9, 3, 11, 9, 1, 3, 12, 1, 18, 8, 5, 4, 11, 11, 0, 0, 0, 0, 0, 0, 0, 0, 0, 0, 0, 0, 0, 0, 0, 0, 0, 0, : 1, 10, 2, 5, 11, 15, 8, 8, 9, 3, 11, 9, 1, 3, 12, 1, 18, 8, 5, 4, 11, 11, 
199: 3, 22, 2, 3, 2, 3, 1, 6, 15, 9, 1, 23, 2, 9, 3, 17, 0, 0, 0, 0, 0, 0, 0, 0, 0, 0, 0, 0, 0, 0, 0, 0, 0, 0, 0, 0, 0, 0, 0, 0, : 3, 22, 2, 3, 2, 3, 1, 6, 15, 9, 1, 23, 2, 9, 3, 17, 
200: 5, 11, 26, 11, 5, 9, 14, 9, 1, 3, 3, 2, 24, 7, 3, 16, 12, 16, 1, 2, 9, 2, 7, 16, 0, 0, 0, 0, 0, 0, 0, 0, 0, 0, 0, 0, 0, 0, 0, 0, : 5, 11, 26, 11, 5, 9, 14, 9, 1, 3, 3, 2, 24, 7, 3, 16, 12, 16, 1, 2, 9, 2, 7, 16, 


