40
40
1: 3, 6, 6, 10, 4, 2, 24, 17, 8, 1, 4, 3, 4, 5, 1, 7, 31, 9, 16, 11, 5, 3, 1, 0, 0, 0, 0, 0, 0, 0, 0, 0, 0, 0, 0, 0, 0, 0, 0, 0, : 3, 6, 6, 10, 4, 2, 24, 17, 8, 1, 4, 3, 4, 5, 1, 7, 31, 9, 16, 11, 5, 3, 1, 
2: 3, 12, 3, 1, 4, 1, 10, 22, 9, 5, 2, 3, 3, 4, 9, 1, 2, 11, 7, 38, 0, 0, 0, 0, 0, 0, 0, 0, 0, 0, 0, 0, 0, 0, 0, 0, 0, 0, 0, 0, : 3, 12, 3, 1, 4, 1, 10, 22, 9, 5, 2, 3, 3, 4, 9, 1, 2, 11, 7, 38, 
3: 4, 6, 9, 4, 3, 26, 19, 4, 6, 1, 1, 9, 12, 2, 14, 17, 24, 25, 22, 7, 5, 4, 12, 1, 9, 0, 0, 0, 0, 0, 0, 0, 0, 0, 0, 0, 0, 0, 0, 0, : 4, 6, 9, 4, 3, 26, 19, 4, 6, 1, 1, 9, 12, 2, 14, 17, 24, 25, 22, 7, 5, 4, 12, 1, 9, 
4: 23, 2, 32, 23, 9, 2, 4, 6, 2, 1, 5, 7, 3, 27, 6, 15, 30, 9, 0, 0, 0, 0, 0, 0, 0, 0, 0, 0, 0, 0, 0, 0, 0, 0, 0, 0, 0, 0, 0, 0, : 23, 2, 32, 23, 9, 2, 4, 6, 2, 1, 5, 7, 3, 27, 6, 15, 30, 9, 
5: 4, 3, 4, 11, 4, 5, 3, 6, 3, 24, 2, 1, 30, 20, 12, 6, 1, 3, 7, 4, 3, 0, 0, 0, 0, 0, 0, 0, 0, 0, 0, 0, 0, 0, 0, 0, 0, 0, 0, 0, : 4, 3, 4, 11, 4, 5, 3, 6, 3, 24, 2, 1, 30, 20, 12, 6, 1, 3, 7, 4, 3, 
6: 10, 5, 6, 13, 6, 26, 3, 1, 6, 11, 9, 1, 1, 4, 18, 12, 28, 14, 21, 2, 15, 0, 0, 0, 0, 0, 0, 0, 0, 0, 0, 0, 0, 0, 0, 0, 0, 0, 0, 0, : 10, 5, 6, 13, 6, 26, 3, 1, 6, 11, 9, 1, 1, 4, 18, 12, 28, 14, 21, 2, 15, 
7: 24, 1, 2, 10, 19, 23, 1, 8, 18, 10, 7, 6, 37, 2, 28, 4, 0, 0, 0, 0, 0, 0, 0, 0, 0, 0, 0, 0, 0, 0, 0, 0, 0, 0, 0, 0, 0, 0, 0, 0, : 24, 1, 2, 10, 19, 23, 1, 8, 18, 10, 7, 6, 37, 2, 28, 4, 
8: 5, 11, 19, 2, 15, 7, 5, 1, 6, 4, 11, 20, 9, 11, 14, 20, 22, 3, 6, 0, 0, 0, 0, 0, 0, 0, 0, 0, 0, 0, 0, 0, 0, 0, 0, 0, 0, 0, 0, 0, : 5, 11, 19, 2, 15, 7, 5, 1, 6, 4, 11, 20, 9, 11, 14, 20, 22, 3, 6, 
9: 11, 9, 9, 4, 14, 13, 8, 1, 35, 4, 6, 11, 1, 5, 9, 1, 1, 2, 1, 16, 36, 0, 0, 0, 0, 0, 0, 0, 0, 0, 0, 0, 0, 0, 0, 0, 0, 0, 0, 0, : 11, 9, 9, 4, 14, 13, 8, 1, 35, 4, 6, 11, 1, 5, 9, 1, 1, 2, 1, 16, 36, 
10: 11, 7, 7, 3, 3, 15, 16, 4, 1, 4, 5, 32, 13, 7, 12, 4, 4, 4, 2, 6, 1, 3, 0, 0, 0, 0, 0, 0, 0, 0, 0, 0, 0, 0, 0, 0, 0, 0, 0, 0, : 11, 7, 7, 3, 3, 15, 16, 4, 1, 4, 5, 32, 13, 7, 12, 4, 4, 4, 2, 6, 1, 3, 
11: 6, 10, 5, 24, 26, 3, 2, 4, 8, 2, 1, 12, 17, 21, 14, 1, 4, 11, 5, 4, 1, 1, 1, 7, 0, 0, 0, 0, 0, 0, 0, 0, 0, 0, 0, 0, 0, 0, 0, 0, : 6, 10, 5, 24, 26, 3, 2, 4, 8, 2, 1, 12, 17, 21, 14, 1, 4, 11, 5, 4, 1, 1, 1, 7, 
12: 8, 2, 10, 4, 7, 2, 14, 7, 3, 11, 5, 3, 10, 6, 1, 1, 1, 5, 27, 7, 8, 1, 3, 12, 30, 2, 4, 0, 0, 0, 0, 0, 0, 0, 0, 0, 0, 0, 0, 0, : 8, 2, 10, 4, 7, 2, 14, 7, 3, 11, 5, 3, 10, 6, 1, 1, 1, 5, 27, 7, 8, 1, 3, 12, 30, 2, 4, 
13: 1, 1, 21, 3, 25, 6, 3, 8, 3, 6, 5, 7, 10, 1, 10, 9, 9, 3, 2, 13, 3, 20, 7, 0, 0, 0, 0, 0, 0, 0, 0, 0, 0, 0, 0, 0, 0, 0, 0, 0, : 1, 1, 21, 3, 25, 6, 3, 8, 3, 6, 5, 7, 10, 1, 10, 9, 9, 3, 2, 13, 3, 20, 7, 
14: 5, 1, 5, 11, 23, 5, 1, 15, 27, 1, 9, 20, 8, 13, 1, 1, 2, 13, 0, 0, 0, 0, 0, 0, 0, 0, 0, 0, 0, 0, 0, 0, 0, 0, 0, 0, 0, 0, 0, 0, : 5, 1, 5, 11, 23, 5, 1, 15, 27, 1, 9, 20, 8, 13, 1, 1, 2, 13, 
15: 2, 1, 20, 22, 2, 6, 10, 18, 2, 10, 2, 23, 18, 6, 33, 3, 2, 19, 6, 3, 1, 17, 0, 0, 0, 0, 0, 0, 0, 0, 0, 0, 0, 0, 0, 0, 0, 0, 0, 0, : 2, 1, 20, 22, 2, 6, 10, 18, 2, 10, 2, 23, 18, 6, 33, 3, 2, 19, 6, 3, 1, 17, 
16: 9, 2, 14, 15, 4, 30, 6, 6, 8, 7, 11, 2, 2, 9, 7, 4, 1, 17, 7, 17, 4, 1, 5, 8, 15, 23, 2, 0, 0, 0, 0, 0, 0, 0, 0, 0, 0, 0, 0, 0, : 9, 2, 14, 15, 4, 30, 6, 6, 8, 7, 11, 2, 2, 9, 7, 4, 1, 17, 7, 17, 4, 1, 5, 8, 15, 23, 2, 
17: 9, 8, 29, 16, 8, 7, 2, 4, 1, 6, 3, 3, 2, 17, 2, 6, 27, 17, 31, 4, 0, 0, 0, 0, 0, 0, 0, 0, 0, 0, 0, 0, 0, 0, 0, 0, 0, 0, 0, 0, : 9, 8, 29, 16, 8, 7, 2, 4, 1, 6, 3, 3, 2, 17, 2, 6, 27, 17, 31, 4, 
18: 4, 1, 5, 8, 1, 13, 9, 9, 1, 8, 3, 1, 2, 22, 8, 4, 3, 11, 32, 22, 6, 2, 31, 5, 18, 0, 0, 0, 0, 0, 0, 0, 0, 0, 0, 0, 0, 0, 0, 0, : 4, 1, 5, 8, 1, 13, 9, 9, 1, 8, 3, 1, 2, 22, 8, 4, 3, 11, 32, 22, 6, 2, 31, 5, 18, 
19: 8, 2, 2, 8, 9, 3, 8, 11, 33, 1, 2, 10, 13, 4, 1, 9, 13, 23, 6, 0, 0, 0, 0, 0, 0, 0, 0, 0, 0, 0, 0, 0, 0, 0, 0, 0, 0, 0, 0, 0, : 8, 2, 2, 8, 9, 3, 8, 11, 33, 1, 2, 10, 13, 4, 1, 9, 13, 23, 6, 
20: 1, 4, 4, 7, 25, 4, 1, 3, 34, 1, 3, 4, 9, 1, 2, 2, 2, 6, 19, 3, 5, 10, 2, 0, 0, 0, 0, 0, 0, 0, 0, 0, 0, 0, 0, 0, 0, 0, 0, 0, : 1, 4, 4, 7, 25, 4, 1, 3, 34, 1, 3, 4, 9, 1, 2, 2, 2, 6, 19, 3, 5, 10, 2, 
21: 27, 24, 6, 3, 5, 12, 21, 3, 7, 11, 21, 7, 2, 5, 12, 1, 23, 12, 1, 26, 23, 17, 5, 1, 0, 0, 0, 0, 0, 0, 0, 0, 0, 0, 0, 0, 0, 0, 0, 0, : 27, 24, 6, 3, 5, 12, 21, 3, 7, 11, 21, 7, 2, 5, 12, 1, 23, 12, 1, 26, 23, 17, 5, 1, 
22: 10, 9, 1, 1, 5, 30, 3, 2, 26, 7, 5, 10, 3, 1, 3, 12, 4, 13, 0, 0, 0, 0, 0, 0, 0, 0, 0, 0, 0, 0, 0, 0, 0, 0, 0, 0, 0, 0, 0, 0, : 10, 9, 1, 1, 5, 30, 3, 2, 26, 7, 5, 10, 3, 1, 3, 12, 4, 13, 
23: 15, 12, 2, 2, 17, 5, 2, 6, 15, 14, 27, 1, 6, 2, 25, 7, 0, 0, 0, 0, 0, 0, 0, 0, 0, 0, 0, 0, 0, 0, 0, 0, 0, 0, 0, 0, 0, 0, 0, 0, : 15, 12, 2, 2, 17, 5, 2, 6, 15, 14, 27, 1, 6, 2, 25, 7, 
24: 1, 1, 5, 6, 11, 20, 4, 1, 2, 3, 2, 20, 15, 2, 23, 7, 20, 1, 7, 26, 11, 6, 7, 11, 1, 21, 0, 0, 0, 0, 0, 0, 0, 0, 0, 0, 0, 0, 0, 0, : 1, 1, 5, 6, 11, 20, 4, 1, 2, 3, 2, 20, 15, 2, 23, 7, 20, 1, 7, 26, 11, 6, 7, 11, 1, 21, 
25: 32, 1, 2, 17, 9, 18, 29, 1, 20, 1, 8, 1, 1, 3, 1, 28, 31, 0, 0, 0, 0, 0, 0, 0, 0, 0, 0, 0, 0, 0, 0, 0, 0, 0, 0, 0, 0, 0, 0, 0, : 32, 1, 2, 17, 9, 18, 29, 1, 20, 1, 8, 1, 1, 3, 1, 28, 31, 
26: 3, 6, 6, 5, 1, 11, 7, 1, 6, 16, 2, 13, 32, 3, 18, 14, 8, 14, 1, 7, 11, 10, 2, 0, 0, 0, 0, 0, 0, 0, 0, 0, 0, 0, 0, 0, 0, 0, 0, 0, : 3, 6, 6, 5, 1, 11, 7, 1, 6, 16, 2, 13, 32, 3, 18, 14, 8, 14, 1, 7, 11, 10, 2, 
27: 8, 3, 24, 1, 2, 1, 2, 20, 1, 16, 4, 16, 6, 3, 20, 11, 17, 1, 19, 0, 0, 0, 0, 0, 0, 0, 0, 0, 0, 0, 0, 0, 0, 0, 0, 0, 0, 0, 0, 0, : 8, 3, 24, 1, 2, 1, 2, 20, 1, 16, 4, 16, 6, 3, 20, 11, 17, 1, 19, 
28: 4, 4, 3, 3, 1, 5, 4, 2, 12, 1, 1, 7, 1, 23, 21, 0, 0, 0, 0, 0, 0, 0, 0, 0, 0, 0, 0, 0, 0, 0, 0, 0, 0, 0, 0, 0, 0, 0, 0, 0, : 4, 4, 3, 3, 1, 5, 4, 2, 12, 1, 1, 7, 1, 23, 21, 
29: 15, 6, 2, 1, 2, 1, 11, 6, 2, 2, 18, 17, 21, 2, 3, 29, 10, 5, 13, 0, 0, 0, 0, 0, 0, 0, 0, 0, 0, 0, 0, 0, 0, 0, 0, 0, 0, 0, 0, 0, : 15, 6, 2, 1, 2, 1, 11, 6, 2, 2, 18, 17, 21, 2, 3, 29, 10, 5, 13, 
30: 16, 24, 4, 4, 23, 12, 16, 6, 4, 1, 12, 2, 2, 6, 10, 1, 4, 7, 3, 18, 11, 9, 3, 1, 3, 0, 0, 0, 0, 0, 0, 0, 0, 0, 0, 0, 0, 0, 0, 0, : 16, 24, 4, 4, 23, 12, 16, 6, 4, 1, 12, 2, 2, 6, 10, 1, 4, 7, 3, 18, 11, 9, 3, 1, 3, 
31: 1, 2, 27, 1, 21, 19, 17, 1, 4, 2, 10, 5, 2, 1, 4, 5, 0, 0, 0, 0, 0, 0, 0, 0, 0, 0, 0, 0, 0, 0, 0, 0, 0, 0, 0, 0, 0, 0, 0, 0, : 1, 2, 27, 1, 21, 19, 17, 1, 4, 2, 10, 5, 2, 1, 4, 5, 
32: 1, 10, 9, 6, 3, 2, 4, 4, 1, 14, 34, 1, 10, 9, 9, 1, 1, 2, 6, 6, 6, 0, 0, 0, 0, 0, 0, 0, 0, 0, 0, 0, 0, 0, 0, 0, 0, 0, 0, 0, : 1, 10, 9, 6, 3, 2, 4, 4, 1, 14, 34, 1, 10, 9, 9, 1, 1, 2, 6, 6, 6, 
33: 2, 2, 3, 10, 7, 5, 1, 9, 9, 19, 28, 1, 4, 3, 26, 8, 9, 5, 5, 25, 8, 25, 3, 9, 5, 10, 0, 0, 0, 0, 0, 0, 0, 0, 0, 0, 0, 0, 0, 0, : 2, 2, 3, 10, 7, 5, 1, 9, 9, 19, 28, 1, 4, 3, 26, 8, 9, 5, 5, 25, 8, 25, 3, 9, 5, 10, 
34: 18, 17, 1, 35, 1, 6, 12, 4, 17, 8, 10, 20, 4, 17, 10, 4, 10, 7, 4, 8, 2, 5, 19, 16, 8, 6, 0, 0, 0, 0, 0, 0, 0, 0, 0, 0, 0, 0, 0, 0, : 18, 17, 1, 35, 1, 6, 12, 4, 17, 8, 10, 20, 4, 17, 10, 4, 10, 7, 4, 8, 2, 5, 19, 16, 8, 6, 
35: 2, 26, 21, 9, 9, 5, 6, 1, 6, 16, 16, 10, 3, 17, 1, 31, 8, 1, 2, 0, 0, 0, 0, 0, 0, 0, 0, 0, 0, 0, 0, 0, 0, 0, 0, 0, 0, 0, 0, 0, : 2, 26, 21, 9, 9, 5, 6, 1, 6, 16, 16, 10, 3, 17, 1, 31, 8, 1, 2, 
36: 24, 7, 11, 5, 10, 4, 34, 3, 7, 1, 12, 24, 5, 10, 1, 6, 19, 2, 7, 12, 14, 0, 0, 0, 0, 0, 0, 0, 0, 0, 0, 0, 0, 0, 0, 0, 0, 0, 0, 0, : 24, 7, 11, 5, 10, 4, 34, 3, 7, 1, 12, 24, 5, 10, 1, 6, 19, 2, 7, 12, 14, 
37: 3, 5, 11, 4, 4, 1, 5, 9, 7, 17, 1, 6, 2, 3, 32, 1, 8, 0, 0, 0, 0, 0, 0, 0, 0, 0, 0, 0, 0, 0, 0, 0, 0, 0, 0, 0, 0, 0, 0, 0, : 3, 5, 11, 4, 4, 1, 5, 9, 7, 17, 1, 6, 2, 3, 32, 1, 8, 
38: 5, 16, 1, 19, 1, 8, 1, 10, 14, 4, 7, 19, 19, 24, 2, 3, 30, 30, 0, 0, 0, 0, 0, 0, 0, 0, 0, 0, 0, 0, 0, 0, 0, 0, 0, 0, 0, 0, 0, 0, : 5, 16, 1, 19, 1, 8, 1, 10, 14, 4, 7, 19, 19, 24, 2, 3, 30, 30, 
39: 10, 2, 13, 10, 15, 3, 2, 13, 1, 14, 4, 1, 3, 5, 6, 29, 3, 9, 1, 18, 2, 7, 18, 4, 4, 13, 0, 0, 0, 0, 0, 0, 0, 0, 0, 0, 0, 0, 0, 0, : 10, 2, 13, 10, 15, 3, 2, 13, 1, 14, 4, 1, 3, 5, 6, 29, 3, 9, 1, 18, 2, 7, 18, 4, 4, 13, 
40: 32, 15, 21, 3, 12, 3, 4, 4, 1, 11, 3, 5, 17, 5, 28, 4, 2, 3, 24, 10, 25, 0, 0, 0, 0, 0, 0, 0, 0, 0, 0, 0, 0, 0, 0, 0, 0, 0, 0, 0, : 32, 15, 21, 3, 12, 3, 4, 4, 1, 11, 3, 5, 17, 5, 28, 4, 2, 3, 24, 10, 25, 


