200
20
1: 25, 5, 13, 3, 9, 37, 2, 31, 2, 5, 15, 2, 3, 11, 20, 1, 5, 4, 5, 17, 1, 14, 2, 3, 11, 6, 11, 5, 18, 6, 1, 3, 17, 1, 1, 16, 5, 9, 4, 28, 3, 6, 2, 10, 2, 5, 3, 11, 33, 1, 2, 9, 1, 5, 5, 22, 16, 7, 9, 7, 1, 18, 29, 1, 6, 1, 4, 2, 4, 3, 29, 10, 3, 2, 1, 7, 7, 18, 1, 3, 4, 13, 14, 3, 2, 19, 4, 5, 4, 2, 3, 11, 5, 0, 0, 0, 0, 0, 0, 0, 0, 0, 0, 0, 0, 0, 0, 0, 0, 0, 0, 0, 0, 0, 0, 0, 0, 0, 0, 0, 0, 0, 0, 0, 0, 0, 0, 0, 0, 0, 0, 0, 0, 0, 0, 0, 0, 0, 0, 0, 0, 0, 0, 0, 0, 0, 0, 0, 0, 0, 0, 0, 0, 0, 0, 0, 0, 0, 0, 0, 0, 0, 0, 0, 0, 0, 0, 0, 0, 0, 0, 0, 0, 0, 0, 0, 0, 0, 0, 0, 0, 0, 0, 0, 0, 0, 0, 0, 0, 0, 0, 0, 0, 0, 0, 0, 0, 0, 0, 0, : 25, 5, 13, 3, 9, 37, 2, 31, 2, 5, 15, 2, 3, 11, 20, 1, 5, 4, 5, 17, 1, 14, 2, 3, 11, 6, 11, 5, 18, 6, 1, 3, 17, 1, 1, 16, 5, 9, 4, 28, 3, 6, 2, 10, 2, 5, 3, 11, 33, 1, 2, 9, 1, 5, 5, 22, 16, 7, 9, 7, 1, 18, 29, 1, 6, 1, 4, 2, 4, 3, 29, 10, 3, 2, 1, 7, 7, 18, 1, 3, 4, 13, 14, 3, 2, 19, 4, 5, 4, 2, 3, 11, 5, 
2: 2, 4, 1, 5, 9, 3, 6, 34, 6, 23, 2, 4, 1, 8, 2, 6, 2, 36, 1, 3, 2, 11, 5, 1, 1, 12, 3, 3, 13, 15, 12, 12, 1, 4, 19, 13, 27, 9, 1, 3, 21, 3, 5, 4, 1, 5, 2, 4, 11, 18, 8, 4, 14, 8, 4, 11, 1, 3, 1, 15, 14, 13, 1, 3, 19, 3, 16, 9, 5, 19, 12, 7, 2, 4, 5, 4, 20, 5, 1, 15, 1, 3, 24, 1, 3, 9, 13, 1, 18, 0, 0, 0, 0, 0, 0, 0, 0, 0, 0, 0, 0, 0, 0, 0, 0, 0, 0, 0, 0, 0, 0, 0, 0, 0, 0, 0, 0, 0, 0, 0, 0, 0, 0, 0, 0, 0, 0, 0, 0, 0, 0, 0, 0, 0, 0, 0, 0, 0, 0, 0, 0, 0, 0, 0, 0, 0, 0, 0, 0, 0, 0, 0, 0, 0, 0, 0, 0, 0, 0, 0, 0, 0, 0, 0, 0, 0, 0, 0, 0, 0, 0, 0, 0, 0, 0, 0, 0, 0, 0, 0, 0, 0, 0, 0, 0, 0, 0, 0, 0, 0, 0, 0, 0, 0, 0, 0, 0, 0, 0, 0, : 2, 4, 1, 5, 9, 3, 6, 34, 6, 23, 2, 4, 1, 8, 2, 6, 2, 36, 1, 3, 2, 11, 5, 1, 1, 12, 3, 3, 13, 15, 12, 12, 1, 4, 19, 13, 27, 9, 1, 3, 21, 3, 5, 4, 1, 5, 2, 4, 11, 18, 8, 4, 14, 8, 4, 11, 1, 3, 1, 15, 14, 13, 1, 3, 19, 3, 16, 9, 5, 19, 12, 7, 2, 4, 5, 4, 20, 5, 1, 15, 1, 3, 24, 1, 3, 9, 13, 1, 18, 
3: 1, 10, 9, 6, 1, 2, 9, 9, 1, 1, 11, 4, 1, 3, 18, 1, 31, 4, 1, 8, 2, 15, 13, 1, 3, 1, 12, 27, 12, 1, 1, 4, 7, 1, 4, 13, 1, 9, 1, 6, 1, 14, 1, 10, 7, 18, 2, 2, 3, 13, 22, 3, 6, 5, 10, 7, 16, 5, 6, 6, 6, 12, 12, 3, 1, 23, 2, 6, 8, 1, 14, 5, 13, 19, 1, 27, 4, 7, 1, 5, 5, 2, 6, 4, 12, 8, 10, 5, 1, 0, 0, 0, 0, 0, 0, 0, 0, 0, 0, 0, 0, 0, 0, 0, 0, 0, 0, 0, 0, 0, 0, 0, 0, 0, 0, 0, 0, 0, 0, 0, 0, 0, 0, 0, 0, 0, 0, 0, 0, 0, 0, 0, 0, 0, 0, 0, 0, 0, 0, 0, 0, 0, 0, 0, 0, 0, 0, 0, 0, 0, 0, 0, 0, 0, 0, 0, 0, 0, 0, 0, 0, 0, 0, 0, 0, 0, 0, 0, 0, 0, 0, 0, 0, 0, 0, 0, 0, 0, 0, 0, 0, 0, 0, 0, 0, 0, 0, 0, 0, 0, 0, 0, 0, 0, 0, 0, 0, 0, 0, 0, : 1, 10, 9, 6, 1, 2, 9, 9, 1, 1, 11, 4, 1, 3, 18, 1, 31, 4, 1, 8, 2, 15, 13, 1, 3, 1, 12, 27, 12, 1, 1, 4, 7, 1, 4, 13, 1, 9, 1, 6, 1, 14, 1, 10, 7, 18, 2, 2, 3, 13, 22, 3, 6, 5, 10, 7, 16, 5, 6, 6, 6, 12, 12, 3, 1, 23, 2, 6, 8, 1, 14, 5, 13, 19, 1, 27, 4, 7, 1, 5, 5, 2, 6, 4, 12, 8, 10, 5, 1, 
4: 5, 4, 17, 3, 7, 14, 7, 27, 6, 20, 11, 8, 1, 10, 5, 2, 3, 3, 9, 1, 11, 2, 4, 6, 2, 2, 7, 10, 10, 6, 2, 5, 5, 1, 7, 20, 8, 1, 1, 6, 1, 3, 15, 11, 7, 11, 1, 3, 4, 21, 3, 16, 3, 12, 3, 32, 1, 5, 2, 9, 15, 3, 2, 2, 17, 1, 1, 2, 2, 16, 2, 24, 3, 2, 3, 3, 7, 23, 3, 9, 12, 18, 21, 16, 18, 2, 3, 23, 22, 5, 15, 9, 3, 2, 0, 0, 0, 0, 0, 0, 0, 0, 0, 0, 0, 0, 0, 0, 0, 0, 0, 0, 0, 0, 0, 0, 0, 0, 0, 0, 0, 0, 0, 0, 0, 0, 0, 0, 0, 0, 0, 0, 0, 0, 0, 0, 0, 0, 0, 0, 0, 0, 0, 0, 0, 0, 0, 0, 0, 0, 0, 0, 0, 0, 0, 0, 0, 0, 0, 0, 0, 0, 0, 0, 0, 0, 0, 0, 0, 0, 0, 0, 0, 0, 0, 0, 0, 0, 0, 0, 0, 0, 0, 0, 0, 0, 0, 0, 0, 0, 0, 0, 0, 0, 0, 0, 0, 0, 0, 0, : 5, 4, 17, 3, 7, 14, 7, 27, 6, 20, 11, 8, 1, 10, 5, 2, 3, 3, 9, 1, 11, 2, 4, 6, 2, 2, 7, 10, 10, 6, 2, 5, 5, 1, 7, 20, 8, 1, 1, 6, 1, 3, 15, 11, 7, 11, 1, 3, 4, 21, 3, 16, 3, 12, 3, 32, 1, 5, 2, 9, 15, 3, 2, 2, 17, 1, 1, 2, 2, 16, 2, 24, 3, 2, 3, 3, 7, 23, 3, 9, 12, 18, 21, 16, 18, 2, 3, 23, 22, 5, 15, 9, 3, 2, 
5: 4, 1, 7, 3, 7, 3, 18, 9, 1, 6, 5, 8, 12, 3, 9, 5, 2, 1, 13, 8, 7, 6, 1, 4, 1, 9, 12, 7, 21, 30, 3, 7, 18, 1, 1, 2, 2, 2, 2, 13, 1, 3, 9, 4, 13, 10, 15, 5, 8, 2, 8, 6, 1, 19, 20, 33, 1, 9, 18, 25, 10, 9, 1, 7, 7, 4, 14, 2, 11, 7, 6, 22, 15, 6, 8, 4, 3, 5, 9, 2, 27, 4, 1, 3, 1, 19, 13, 3, 1, 14, 3, 15, 4, 3, 1, 5, 10, 22, 4, 1, 2, 16, 7, 7, 21, 15, 12, 14, 24, 2, 1, 4, 12, 1, 1, 17, 5, 14, 19, 2, 6, 3, 12, 16, 2, 2, 0, 0, 0, 0, 0, 0, 0, 0, 0, 0, 0, 0, 0, 0, 0, 0, 0, 0, 0, 0, 0, 0, 0, 0, 0, 0, 0, 0, 0, 0, 0, 0, 0, 0, 0, 0, 0, 0, 0, 0, 0, 0, 0, 0, 0, 0, 0, 0, 0, 0, 0, 0, 0, 0, 0, 0, 0, 0, 0, 0, 0, 0, 0, 0, 0, 0, 0, 0, 0, 0, 0, 0, 0, 0, : 4, 1, 7, 3, 7, 3, 18, 9, 1, 6, 5, 8, 12, 3, 9, 5, 2, 1, 13, 8, 7, 6, 1, 4, 1, 9, 12, 7, 21, 30, 3, 7, 18, 1, 1, 2, 2, 2, 2, 13, 1, 3, 9, 4, 13, 10, 15, 5, 8, 2, 8, 6, 1, 19, 20, 33, 1, 9, 18, 25, 10, 9, 1, 7, 7, 4, 14, 2, 11, 7, 6, 22, 15, 6, 8, 4, 3, 5, 9, 2, 27, 4, 1, 3, 1, 19, 13, 3, 1, 14, 3, 15, 4, 3, 1, 5, 10, 22, 4, 1, 2, 16, 7, 7, 21, 15, 12, 14, 24, 2, 1, 4, 12, 1, 1, 17, 5, 14, 19, 2, 6, 3, 12, 16, 2, 2, 
6: 8, 8, 1, 15, 3, 17, 2, 1, 17, 4, 9, 11, 4, 1, 7, 2, 1, 6, 4, 20, 2, 25, 11, 11, 1, 2, 27, 4, 2, 3, 2, 27, 8, 11, 11, 8, 21, 25, 23, 10, 7, 15, 7, 5, 1, 2, 9, 38, 9, 2, 2, 10, 23, 18, 6, 2, 9, 2, 1, 2, 25, 3, 9, 13, 2, 6, 0, 0, 0, 0, 0, 0, 0, 0, 0, 0, 0, 0, 0, 0, 0, 0, 0, 0, 0, 0, 0, 0, 0, 0, 0, 0, 0, 0, 0, 0, 0, 0, 0, 0, 0, 0, 0, 0, 0, 0, 0, 0, 0, 0, 0, 0, 0, 0, 0, 0, 0, 0, 0, 0, 0, 0, 0, 0, 0, 0, 0, 0, 0, 0, 0, 0, 0, 0, 0, 0, 0, 0, 0, 0, 0, 0, 0, 0, 0, 0, 0, 0, 0, 0, 0, 0, 0, 0, 0, 0, 0, 0, 0, 0, 0, 0, 0, 0, 0, 0, 0, 0, 0, 0, 0, 0, 0, 0, 0, 0, 0, 0, 0, 0, 0, 0, 0, 0, 0, 0, 0, 0, 0, 0, 0, 0, 0, 0, 0, 0, 0, 0, 0, 0, : 8, 8, 1, 15, 3, 17, 2, 1, 17, 4, 9, 11, 4, 1, 7, 2, 1, 6, 4, 20, 2, 25, 11, 11, 1, 2, 27, 4, 2, 3, 2, 27, 8, 11, 11, 8, 21, 25, 23, 10, 7, 15, 7, 5, 1, 2, 9, 38, 9, 2, 2, 10, 23, 18, 6, 2, 9, 2, 1, 2, 25, 3, 9, 13, 2, 6, 
7: 6, 1, 5, 10, 1, 34, 1, 29, 22, 2, 2, 3, 20, 14, 21, 12, 2, 1, 2, 10, 9, 5, 2, 7, 10, 14, 1, 1, 18, 7, 15, 2, 1, 3, 5, 8, 3, 27, 12, 7, 3, 6, 4, 4, 5, 1, 21, 19, 6, 12, 11, 10, 20, 1, 1, 2, 13, 12, 3, 14, 13, 18, 31, 5, 11, 16, 3, 39, 4, 5, 6, 1, 1, 14, 5, 1, 8, 12, 9, 9, 4, 4, 33, 8, 2, 8, 7, 11, 8, 1, 1, 10, 5, 1, 6, 2, 22, 1, 7, 13, 2, 11, 24, 9, 6, 5, 17, 4, 7, 1, 7, 1, 20, 23, 1, 21, 5, 28, 4, 0, 0, 0, 0, 0, 0, 0, 0, 0, 0, 0, 0, 0, 0, 0, 0, 0, 0, 0, 0, 0, 0, 0, 0, 0, 0, 0, 0, 0, 0, 0, 0, 0, 0, 0, 0, 0, 0, 0, 0, 0, 0, 0, 0, 0, 0, 0, 0, 0, 0, 0, 0, 0, 0, 0, 0, 0, 0, 0, 0, 0, 0, 0, 0, 0, 0, 0, 0, 0, 0, 0, 0, 0, 0, 0, 0, 0, 0, 0, 0, 0, : 6, 1, 5, 10, 1, 34, 1, 29, 22, 2, 2, 3, 20, 14, 21, 12, 2, 1, 2, 10, 9, 5, 2, 7, 10, 14, 1, 1, 18, 7, 15, 2, 1, 3, 5, 8, 3, 27, 12, 7, 3, 6, 4, 4, 5, 1, 21, 19, 6, 12, 11, 10, 20, 1, 1, 2, 13, 12, 3, 14, 13, 18, 31, 5, 11, 16, 3, 39, 4, 5, 6, 1, 1, 14, 5, 1, 8, 12, 9, 9, 4, 4, 33, 8, 2, 8, 7, 11, 8, 1, 1, 10, 5, 1, 6, 2, 22, 1, 7, 13, 2, 11, 24, 9, 6, 5, 17, 4, 7, 1, 7, 1, 20, 23, 1, 21, 5, 28, 4, 
8: 2, 9, 1, 1, 7, 35, 5, 23, 14, 5, 9, 1, 17, 2, 9, 4, 6, 13, 4, 4, 34, 20, 1, 10, 5, 17, 8, 1, 5, 1, 1, 1, 1, 19, 2, 7, 22, 16, 9, 21, 3, 31, 20, 14, 4, 25, 11, 1, 1, 4, 10, 1, 1, 20, 2, 3, 6, 4, 3, 3, 23, 2, 7, 14, 27, 1, 6, 4, 3, 2, 2, 12, 37, 5, 1, 5, 1, 7, 2, 3, 4, 8, 1, 4, 2, 17, 12, 19, 10, 5, 6, 4, 6, 7, 12, 8, 17, 14, 4, 2, 2, 13, 0, 0, 0, 0, 0, 0, 0, 0, 0, 0, 0, 0, 0, 0, 0, 0, 0, 0, 0, 0, 0, 0, 0, 0, 0, 0, 0, 0, 0, 0, 0, 0, 0, 0, 0, 0, 0, 0, 0, 0, 0, 0, 0, 0, 0, 0, 0, 0, 0, 0, 0, 0, 0, 0, 0, 0, 0, 0, 0, 0, 0, 0, 0, 0, 0, 0, 0, 0, 0, 0, 0, 0, 0, 0, 0, 0, 0, 0, 0, 0, 0, 0, 0, 0, 0, 0, 0, 0, 0, 0, 0, 0, 0, 0, 0, 0, 0, 0, : 2, 9, 1, 1, 7, 35, 5, 23, 14, 5, 9, 1, 17, 2, 9, 4, 6, 13, 4, 4, 34, 20, 1, 10, 5, 17, 8, 1, 5, 1, 1, 1, 1, 19, 2, 7, 22, 16, 9, 21, 3, 31, 20, 14, 4, 25, 11, 1, 1, 4, 10, 1, 1, 20, 2, 3, 6, 4, 3, 3, 23, 2, 7, 14, 27, 1, 6, 4, 3, 2, 2, 12, 37, 5, 1, 5, 1, 7, 2, 3, 4, 8, 1, 4, 2, 17, 12, 19, 10, 5, 6, 4, 6, 7, 12, 8, 17, 14, 4, 2, 2, 13, 
9: 4, 3, 27, 3, 11, 4, 2, 13, 7, 1, 12, 1, 4, 10, 4, 32, 14, 10, 24, 9, 7, 3, 3, 8, 10, 6, 1, 4, 13, 7, 3, 14, 16, 2, 4, 1, 7, 10, 14, 7, 24, 2, 9, 12, 1, 16, 5, 11, 2, 4, 9, 8, 1, 6, 10, 3, 1, 21, 2, 18, 5, 7, 1, 26, 1, 5, 11, 1, 9, 7, 5, 1, 10, 4, 0, 0, 0, 0, 0, 0, 0, 0, 0, 0, 0, 0, 0, 0, 0, 0, 0, 0, 0, 0, 0, 0, 0, 0, 0, 0, 0, 0, 0, 0, 0, 0, 0, 0, 0, 0, 0, 0, 0, 0, 0, 0, 0, 0, 0, 0, 0, 0, 0, 0, 0, 0, 0, 0, 0, 0, 0, 0, 0, 0, 0, 0, 0, 0, 0, 0, 0, 0, 0, 0, 0, 0, 0, 0, 0, 0, 0, 0, 0, 0, 0, 0, 0, 0, 0, 0, 0, 0, 0, 0, 0, 0, 0, 0, 0, 0, 0, 0, 0, 0, 0, 0, 0, 0, 0, 0, 0, 0, 0, 0, 0, 0, 0, 0, 0, 0, 0, 0, 0, 0, 0, 0, 0, 0, 0, 0, : 4, 3, 27, 3, 11, 4, 2, 13, 7, 1, 12, 1, 4, 10, 4, 32, 14, 10, 24, 9, 7, 3, 3, 8, 10, 6, 1, 4, 13, 7, 3, 14, 16, 2, 4, 1, 7, 10, 14, 7, 24, 2, 9, 12, 1, 16, 5, 11, 2, 4, 9, 8, 1, 6, 10, 3, 1, 21, 2, 18, 5, 7, 1, 26, 1, 5, 11, 1, 9, 7, 5, 1, 10, 4, 
10: 6, 7, 5, 1, 24, 6, 6, 1, 4, 2, 2, 4, 7, 1, 3, 7, 2, 2, 20, 21, 3, 2, 6, 19, 36, 20, 19, 3, 22, 16, 8, 24, 25, 5, 4, 27, 10, 18, 7, 2, 19, 1, 18, 5, 6, 6, 6, 1, 29, 1, 28, 34, 13, 5, 6, 16, 5, 1, 18, 24, 6, 1, 1, 19, 3, 11, 1, 1, 1, 1, 1, 2, 6, 3, 2, 17, 7, 15, 14, 15, 5, 11, 6, 5, 2, 11, 20, 8, 10, 8, 9, 1, 12, 1, 1, 23, 26, 1, 2, 14, 16, 2, 3, 5, 20, 4, 0, 0, 0, 0, 0, 0, 0, 0, 0, 0, 0, 0, 0, 0, 0, 0, 0, 0, 0, 0, 0, 0, 0, 0, 0, 0, 0, 0, 0, 0, 0, 0, 0, 0, 0, 0, 0, 0, 0, 0, 0, 0, 0, 0, 0, 0, 0, 0, 0, 0, 0, 0, 0, 0, 0, 0, 0, 0, 0, 0, 0, 0, 0, 0, 0, 0, 0, 0, 0, 0, 0, 0, 0, 0, 0, 0, 0, 0, 0, 0, 0, 0, 0, 0, 0, 0, 0, 0, 0, 0, 0, 0, 0, 0, : 6, 7, 5, 1, 24, 6, 6, 1, 4, 2, 2, 4, 7, 1, 3, 7, 2, 2, 20, 21, 3, 2, 6, 19, 36, 20, 19, 3, 22, 16, 8, 24, 25, 5, 4, 27, 10, 18, 7, 2, 19, 1, 18, 5, 6, 6, 6, 1, 29, 1, 28, 34, 13, 5, 6, 16, 5, 1, 18, 24, 6, 1, 1, 19, 3, 11, 1, 1, 1, 1, 1, 2, 6, 3, 2, 17, 7, 15, 14, 15, 5, 11, 6, 5, 2, 11, 20, 8, 10, 8, 9, 1, 12, 1, 1, 23, 26, 1, 2, 14, 16, 2, 3, 5, 20, 4, 
11: 9, 1, 2, 5, 1, 34, 7, 2, 1, 31, 11, 12, 2, 7, 11, 5, 2, 1, 34, 2, 3, 3, 6, 8, 4, 2, 1, 12, 11, 20, 5, 12, 1, 5, 2, 14, 2, 7, 3, 2, 5, 2, 15, 6, 19, 8, 3, 9, 1, 28, 8, 22, 2, 7, 9, 1, 8, 7, 9, 6, 5, 5, 14, 7, 4, 9, 10, 12, 2, 2, 2, 4, 19, 2, 13, 5, 1, 2, 3, 0, 0, 0, 0, 0, 0, 0, 0, 0, 0, 0, 0, 0, 0, 0, 0, 0, 0, 0, 0, 0, 0, 0, 0, 0, 0, 0, 0, 0, 0, 0, 0, 0, 0, 0, 0, 0, 0, 0, 0, 0, 0, 0, 0, 0, 0, 0, 0, 0, 0, 0, 0, 0, 0, 0, 0, 0, 0, 0, 0, 0, 0, 0, 0, 0, 0, 0, 0, 0, 0, 0, 0, 0, 0, 0, 0, 0, 0, 0, 0, 0, 0, 0, 0, 0, 0, 0, 0, 0, 0, 0, 0, 0, 0, 0, 0, 0, 0, 0, 0, 0, 0, 0, 0, 0, 0, 0, 0, 0, 0, 0, 0, 0, 0, 0, 0, 0, 0, 0, 0, 0, : 9, 1, 2, 5, 1, 34, 7, 2, 1, 31, 11, 12, 2, 7, 11, 5, 2, 1, 34, 2, 3, 3, 6, 8, 4, 2, 1, 12, 11, 20, 5, 12, 1, 5, 2, 14, 2, 7, 3, 2, 5, 2, 15, 6, 19, 8, 3, 9, 1, 28, 8, 22, 2, 7, 9, 1, 8, 7, 9, 6, 5, 5, 14, 7, 4, 9, 10, 12, 2, 2, 2, 4, 19, 2, 13, 5, 1, 2, 3, 
12: 5, 8, 5, 3, 17, 3, 2, 14, 19, 15, 5, 3, 2, 5, 3, 4, 5, 2, 11, 7, 8, 4, 7, 1, 5, 16, 27, 12, 1, 3, 1, 4, 1, 9, 4, 1, 5, 10, 5, 1, 1, 7, 6, 2, 33, 2, 4, 16, 1, 4, 13, 25, 12, 17, 3, 1, 2, 8, 1, 7, 1, 8, 1, 3, 4, 24, 4, 25, 11, 11, 1, 20, 1, 7, 7, 3, 21, 2, 2, 3, 17, 1, 1, 4, 18, 34, 10, 3, 3, 17, 5, 10, 3, 4, 1, 4, 17, 1, 6, 4, 13, 0, 0, 0, 0, 0, 0, 0, 0, 0, 0, 0, 0, 0, 0, 0, 0, 0, 0, 0, 0, 0, 0, 0, 0, 0, 0, 0, 0, 0, 0, 0, 0, 0, 0, 0, 0, 0, 0, 0, 0, 0, 0, 0, 0, 0, 0, 0, 0, 0, 0, 0, 0, 0, 0, 0, 0, 0, 0, 0, 0, 0, 0, 0, 0, 0, 0, 0, 0, 0, 0, 0, 0, 0, 0, 0, 0, 0, 0, 0, 0, 0, 0, 0, 0, 0, 0, 0, 0, 0, 0, 0, 0, 0, 0, 0, 0, 0, 0, 0, : 5, 8, 5, 3, 17, 3, 2, 14, 19, 15, 5, 3, 2, 5, 3, 4, 5, 2, 11, 7, 8, 4, 7, 1, 5, 16, 27, 12, 1, 3, 1, 4, 1, 9, 4, 1, 5, 10, 5, 1, 1, 7, 6, 2, 33, 2, 4, 16, 1, 4, 13, 25, 12, 17, 3, 1, 2, 8, 1, 7, 1, 8, 1, 3, 4, 24, 4, 25, 11, 11, 1, 20, 1, 7, 7, 3, 21, 2, 2, 3, 17, 1, 1, 4, 18, 34, 10, 3, 3, 17, 5, 10, 3, 4, 1, 4, 17, 1, 6, 4, 13, 
13: 12, 24, 12, 7, 10, 9, 3, 5, 2, 4, 22, 4, 8, 1, 8, 6, 3, 1, 3, 9, 3, 11, 6, 3, 10, 1, 24, 1, 10, 6, 6, 9, 9, 7, 6, 29, 20, 1, 4, 3, 2, 22, 4, 3, 3, 1, 3, 1, 2, 7, 6, 2, 2, 2, 3, 17, 6, 9, 6, 3, 2, 4, 2, 5, 3, 1, 20, 3, 1, 33, 10, 4, 8, 6, 5, 5, 13, 3, 31, 7, 16, 8, 20, 27, 3, 27, 1, 5, 2, 1, 2, 3, 2, 20, 5, 2, 6, 5, 11, 5, 1, 1, 13, 8, 8, 3, 5, 26, 7, 13, 17, 12, 2, 11, 7, 1, 20, 11, 8, 1, 4, 0, 0, 0, 0, 0, 0, 0, 0, 0, 0, 0, 0, 0, 0, 0, 0, 0, 0, 0, 0, 0, 0, 0, 0, 0, 0, 0, 0, 0, 0, 0, 0, 0, 0, 0, 0, 0, 0, 0, 0, 0, 0, 0, 0, 0, 0, 0, 0, 0, 0, 0, 0, 0, 0, 0, 0, 0, 0, 0, 0, 0, 0, 0, 0, 0, 0, 0, 0, 0, 0, 0, 0, 0, 0, 0, 0, 0, 0, 0, : 12, 24, 12, 7, 10, 9, 3, 5, 2, 4, 22, 4, 8, 1, 8, 6, 3, 1, 3, 9, 3, 11, 6, 3, 10, 1, 24, 1, 10, 6, 6, 9, 9, 7, 6, 29, 20, 1, 4, 3, 2, 22, 4, 3, 3, 1, 3, 1, 2, 7, 6, 2, 2, 2, 3, 17, 6, 9, 6, 3, 2, 4, 2, 5, 3, 1, 20, 3, 1, 33, 10, 4, 8, 6, 5, 5, 13, 3, 31, 7, 16, 8, 20, 27, 3, 27, 1, 5, 2, 1, 2, 3, 2, 20, 5, 2, 6, 5, 11, 5, 1, 1, 13, 8, 8, 3, 5, 26, 7, 13, 17, 12, 2, 11, 7, 1, 20, 11, 8, 1, 4, 
14: 16, 27, 1, 1, 4, 6, 1, 26, 12, 3, 3, 1, 17, 14, 1, 6, 28, 16, 20, 24, 4, 23, 2, 1, 1, 1, 8, 5, 6, 1, 2, 5, 5, 1, 11, 4, 4, 32, 9, 1, 23, 14, 5, 1, 5, 2, 1, 29, 3, 1, 5, 3, 33, 17, 6, 35, 26, 1, 1, 18, 3, 21, 4, 13, 1, 16, 5, 8, 23, 21, 34, 9, 11, 4, 12, 1, 17, 3, 4, 1, 7, 27, 8, 3, 1, 4, 22, 5, 1, 4, 3, 9, 4, 18, 1, 13, 4, 6, 1, 24, 7, 13, 1, 7, 6, 3, 2, 5, 1, 0, 0, 0, 0, 0, 0, 0, 0, 0, 0, 0, 0, 0, 0, 0, 0, 0, 0, 0, 0, 0, 0, 0, 0, 0, 0, 0, 0, 0, 0, 0, 0, 0, 0, 0, 0, 0, 0, 0, 0, 0, 0, 0, 0, 0, 0, 0, 0, 0, 0, 0, 0, 0, 0, 0, 0, 0, 0, 0, 0, 0, 0, 0, 0, 0, 0, 0, 0, 0, 0, 0, 0, 0, 0, 0, 0, 0, 0, 0, 0, 0, 0, 0, 0, 0, 0, 0, 0, 0, 0, 0, : 16, 27, 1, 1, 4, 6, 1, 26, 12, 3, 3, 1, 17, 14, 1, 6, 28, 16, 20, 24, 4, 23, 2, 1, 1, 1, 8, 5, 6, 1, 2, 5, 5, 1, 11, 4, 4, 32, 9, 1, 23, 14, 5, 1, 5, 2, 1, 29, 3, 1, 5, 3, 33, 17, 6, 35, 26, 1, 1, 18, 3, 21, 4, 13, 1, 16, 5, 8, 23, 21, 34, 9, 11, 4, 12, 1, 17, 3, 4, 1, 7, 27, 8, 3, 1, 4, 22, 5, 1, 4, 3, 9, 4, 18, 1, 13, 4, 6, 1, 24, 7, 13, 1, 7, 6, 3, 2, 5, 1, 
15: 6, 2, 3, 18, 1, 12, 1, 10, 1, 3, 5, 31, 3, 3, 2, 1, 2, 7, 24, 1, 2, 30, 1, 1, 18, 6, 2, 1, 5, 24, 4, 6, 3, 1, 6, 1, 2, 8, 6, 2, 23, 14, 16, 17, 24, 2, 8, 6, 2, 7, 4, 4, 2, 11, 2, 28, 15, 23, 9, 3, 12, 3, 15, 26, 3, 23, 9, 5, 1, 6, 2, 10, 7, 3, 1, 16, 4, 1, 20, 1, 6, 21, 12, 2, 3, 13, 2, 13, 10, 12, 5, 0, 0, 0, 0, 0, 0, 0, 0, 0, 0, 0, 0, 0, 0, 0, 0, 0, 0, 0, 0, 0, 0, 0, 0, 0, 0, 0, 0, 0, 0, 0, 0, 0, 0, 0, 0, 0, 0, 0, 0, 0, 0, 0, 0, 0, 0, 0, 0, 0, 0, 0, 0, 0, 0, 0, 0, 0, 0, 0, 0, 0, 0, 0, 0, 0, 0, 0, 0, 0, 0, 0, 0, 0, 0, 0, 0, 0, 0, 0, 0, 0, 0, 0, 0, 0, 0, 0, 0, 0, 0, 0, 0, 0, 0, 0, 0, 0, 0, 0, 0, 0, 0, 0, 0, 0, 0, 0, 0, 0, : 6, 2, 3, 18, 1, 12, 1, 10, 1, 3, 5, 31, 3, 3, 2, 1, 2, 7, 24, 1, 2, 30, 1, 1, 18, 6, 2, 1, 5, 24, 4, 6, 3, 1, 6, 1, 2, 8, 6, 2, 23, 14, 16, 17, 24, 2, 8, 6, 2, 7, 4, 4, 2, 11, 2, 28, 15, 23, 9, 3, 12, 3, 15, 26, 3, 23, 9, 5, 1, 6, 2, 10, 7, 3, 1, 16, 4, 1, 20, 1, 6, 21, 12, 2, 3, 13, 2, 13, 10, 12, 5, 
16: 5, 11, 1, 5, 5, 2, 1, 6, 12, 9, 4, 22, 3, 14, 31, 7, 7, 3, 4, 8, 1, 28, 17, 7, 1, 1, 6, 7, 3, 6, 21, 2, 3, 1, 25, 1, 8, 24, 7, 1, 14, 3, 6, 2, 14, 1, 2, 7, 12, 1, 1, 6, 19, 4, 1, 1, 12, 4, 1, 9, 10, 18, 1, 2, 8, 2, 1, 19, 1, 17, 2, 11, 36, 7, 31, 10, 3, 2, 8, 6, 3, 2, 1, 31, 8, 3, 7, 6, 1, 1, 14, 6, 28, 23, 17, 1, 4, 3, 13, 5, 21, 1, 25, 4, 4, 21, 0, 0, 0, 0, 0, 0, 0, 0, 0, 0, 0, 0, 0, 0, 0, 0, 0, 0, 0, 0, 0, 0, 0, 0, 0, 0, 0, 0, 0, 0, 0, 0, 0, 0, 0, 0, 0, 0, 0, 0, 0, 0, 0, 0, 0, 0, 0, 0, 0, 0, 0, 0, 0, 0, 0, 0, 0, 0, 0, 0, 0, 0, 0, 0, 0, 0, 0, 0, 0, 0, 0, 0, 0, 0, 0, 0, 0, 0, 0, 0, 0, 0, 0, 0, 0, 0, 0, 0, 0, 0, 0, 0, 0, 0, : 5, 11, 1, 5, 5, 2, 1, 6, 12, 9, 4, 22, 3, 14, 31, 7, 7, 3, 4, 8, 1, 28, 17, 7, 1, 1, 6, 7, 3, 6, 21, 2, 3, 1, 25, 1, 8, 24, 7, 1, 14, 3, 6, 2, 14, 1, 2, 7, 12, 1, 1, 6, 19, 4, 1, 1, 12, 4, 1, 9, 10, 18, 1, 2, 8, 2, 1, 19, 1, 17, 2, 11, 36, 7, 31, 10, 3, 2, 8, 6, 3, 2, 1, 31, 8, 3, 7, 6, 1, 1, 14, 6, 28, 23, 17, 1, 4, 3, 13, 5, 21, 1, 25, 4, 4, 21, 
17: 3, 4, 3, 5, 4, 2, 12, 10, 6, 9, 24, 13, 18, 2, 10, 10, 6, 2, 18, 6, 2, 1, 5, 11, 2, 4, 12, 4, 1, 30, 6, 14, 6, 1, 2, 12, 10, 10, 16, 5, 9, 6, 4, 14, 3, 15, 11, 15, 10, 3, 8, 5, 6, 9, 25, 1, 16, 1, 8, 27, 8, 7, 4, 7, 1, 8, 32, 4, 2, 3, 21, 1, 19, 3, 5, 1, 11, 6, 1, 7, 10, 1, 33, 2, 2, 1, 1, 9, 11, 1, 1, 4, 21, 1, 13, 8, 0, 0, 0, 0, 0, 0, 0, 0, 0, 0, 0, 0, 0, 0, 0, 0, 0, 0, 0, 0, 0, 0, 0, 0, 0, 0, 0, 0, 0, 0, 0, 0, 0, 0, 0, 0, 0, 0, 0, 0, 0, 0, 0, 0, 0, 0, 0, 0, 0, 0, 0, 0, 0, 0, 0, 0, 0, 0, 0, 0, 0, 0, 0, 0, 0, 0, 0, 0, 0, 0, 0, 0, 0, 0, 0, 0, 0, 0, 0, 0, 0, 0, 0, 0, 0, 0, 0, 0, 0, 0, 0, 0, 0, 0, 0, 0, 0, 0, 0, 0, 0, 0, 0, 0, : 3, 4, 3, 5, 4, 2, 12, 10, 6, 9, 24, 13, 18, 2, 10, 10, 6, 2, 18, 6, 2, 1, 5, 11, 2, 4, 12, 4, 1, 30, 6, 14, 6, 1, 2, 12, 10, 10, 16, 5, 9, 6, 4, 14, 3, 15, 11, 15, 10, 3, 8, 5, 6, 9, 25, 1, 16, 1, 8, 27, 8, 7, 4, 7, 1, 8, 32, 4, 2, 3, 21, 1, 19, 3, 5, 1, 11, 6, 1, 7, 10, 1, 33, 2, 2, 1, 1, 9, 11, 1, 1, 4, 21, 1, 13, 8, 
18: 1, 4, 27, 8, 7, 14, 2, 7, 1, 18, 3, 8, 2, 2, 2, 19, 5, 1, 8, 11, 7, 2, 27, 2, 3, 1, 16, 3, 2, 3, 6, 4, 6, 10, 1, 5, 1, 3, 22, 3, 17, 30, 1, 3, 16, 10, 5, 4, 11, 1, 10, 1, 29, 1, 17, 1, 2, 10, 3, 5, 9, 8, 3, 12, 1, 2, 25, 2, 18, 12, 1, 11, 7, 2, 8, 3, 3, 1, 1, 18, 1, 15, 6, 3, 22, 0, 0, 0, 0, 0, 0, 0, 0, 0, 0, 0, 0, 0, 0, 0, 0, 0, 0, 0, 0, 0, 0, 0, 0, 0, 0, 0, 0, 0, 0, 0, 0, 0, 0, 0, 0, 0, 0, 0, 0, 0, 0, 0, 0, 0, 0, 0, 0, 0, 0, 0, 0, 0, 0, 0, 0, 0, 0, 0, 0, 0, 0, 0, 0, 0, 0, 0, 0, 0, 0, 0, 0, 0, 0, 0, 0, 0, 0, 0, 0, 0, 0, 0, 0, 0, 0, 0, 0, 0, 0, 0, 0, 0, 0, 0, 0, 0, 0, 0, 0, 0, 0, 0, 0, 0, 0, 0, 0, 0, 0, 0, 0, 0, 0, 0, : 1, 4, 27, 8, 7, 14, 2, 7, 1, 18, 3, 8, 2, 2, 2, 19, 5, 1, 8, 11, 7, 2, 27, 2, 3, 1, 16, 3, 2, 3, 6, 4, 6, 10, 1, 5, 1, 3, 22, 3, 17, 30, 1, 3, 16, 10, 5, 4, 11, 1, 10, 1, 29, 1, 17, 1, 2, 10, 3, 5, 9, 8, 3, 12, 1, 2, 25, 2, 18, 12, 1, 11, 7, 2, 8, 3, 3, 1, 1, 18, 1, 15, 6, 3, 22, 
19: 3, 6, 6, 12, 3, 32, 1, 6, 5, 4, 12, 1, 3, 3, 2, 26, 2, 2, 13, 16, 3, 6, 5, 2, 8, 29, 17, 7, 15, 4, 4, 9, 26, 19, 4, 6, 2, 10, 2, 32, 3, 6, 2, 7, 1, 14, 10, 2, 2, 14, 12, 2, 1, 5, 16, 13, 7, 26, 21, 7, 1, 1, 1, 2, 1, 9, 3, 1, 2, 12, 3, 1, 10, 6, 2, 4, 1, 4, 1, 16, 6, 15, 35, 8, 23, 8, 14, 5, 7, 17, 34, 10, 1, 27, 9, 4, 7, 2, 10, 20, 3, 3, 3, 2, 0, 0, 0, 0, 0, 0, 0, 0, 0, 0, 0, 0, 0, 0, 0, 0, 0, 0, 0, 0, 0, 0, 0, 0, 0, 0, 0, 0, 0, 0, 0, 0, 0, 0, 0, 0, 0, 0, 0, 0, 0, 0, 0, 0, 0, 0, 0, 0, 0, 0, 0, 0, 0, 0, 0, 0, 0, 0, 0, 0, 0, 0, 0, 0, 0, 0, 0, 0, 0, 0, 0, 0, 0, 0, 0, 0, 0, 0, 0, 0, 0, 0, 0, 0, 0, 0, 0, 0, 0, 0, 0, 0, 0, 0, 0, 0, : 3, 6, 6, 12, 3, 32, 1, 6, 5, 4, 12, 1, 3, 3, 2, 26, 2, 2, 13, 16, 3, 6, 5, 2, 8, 29, 17, 7, 15, 4, 4, 9, 26, 19, 4, 6, 2, 10, 2, 32, 3, 6, 2, 7, 1, 14, 10, 2, 2, 14, 12, 2, 1, 5, 16, 13, 7, 26, 21, 7, 1, 1, 1, 2, 1, 9, 3, 1, 2, 12, 3, 1, 10, 6, 2, 4, 1, 4, 1, 16, 6, 15, 35, 8, 23, 8, 14, 5, 7, 17, 34, 10, 1, 27, 9, 4, 7, 2, 10, 20, 3, 3, 3, 2, 
20: 1, 9, 22, 1, 28, 1, 7, 2, 1, 12, 5, 2, 22, 1, 11, 17, 22, 13, 12, 3, 3, 9, 1, 8, 2, 6, 5, 3, 27, 4, 2, 8, 1, 21, 5, 1, 6, 17, 28, 35, 4, 13, 1, 1, 11, 1, 16, 14, 23, 13, 9, 8, 2, 19, 4, 1, 2, 8, 1, 17, 11, 5, 6, 2, 7, 8, 14, 6, 4, 6, 21, 3, 3, 10, 28, 15, 2, 7, 2, 1, 25, 5, 14, 4, 3, 2, 5, 19, 9, 9, 7, 16, 1, 2, 6, 23, 11, 13, 28, 0, 0, 0, 0, 0, 0, 0, 0, 0, 0, 0, 0, 0, 0, 0, 0, 0, 0, 0, 0, 0, 0, 0, 0, 0, 0, 0, 0, 0, 0, 0, 0, 0, 0, 0, 0, 0, 0, 0, 0, 0, 0, 0, 0, 0, 0, 0, 0, 0, 0, 0, 0, 0, 0, 0, 0, 0, 0, 0, 0, 0, 0, 0, 0, 0, 0, 0, 0, 0, 0, 0, 0, 0, 0, 0, 0, 0, 0, 0, 0, 0, 0, 0, 0, 0, 0, 0, 0, 0, 0, 0, 0, 0, 0, 0, 0, 0, 0, 0, 0, 0, : 1, 9, 22, 1, 28, 1, 7, 2, 1, 12, 5, 2, 22, 1, 11, 17, 22, 13, 12, 3, 3, 9, 1, 8, 2, 6, 5, 3, 27, 4, 2, 8, 1, 21, 5, 1, 6, 17, 28, 35, 4, 13, 1, 1, 11, 1, 16, 14, 23, 13, 9, 8, 2, 19, 4, 1, 2, 8, 1, 17, 11, 5, 6, 2, 7, 8, 14, 6, 4, 6, 21, 3, 3, 10, 28, 15, 2, 7, 2, 1, 25, 5, 14, 4, 3, 2, 5, 19, 9, 9, 7, 16, 1, 2, 6, 23, 11, 13, 28, 


