120
120
1: 3, 8, 12, 7, 20, 8, 1, 24, 22, 4, 27, 11, 14, 8, 2, 4, 23, 23, 1, 20, 3, 7, 8, 2, 34, 6, 3, 2, 26, 2, 12, 16, 12, 13, 1, 3, 1, 5, 4, 1, 27, 1, 11, 5, 6, 3, 31, 11, 1, 3, 6, 5, 15, 6, 2, 1, 25, 2, 2, 5, 4, 30, 13, 29, 2, 5, 1, 0, 0, 0, 0, 0, 0, 0, 0, 0, 0, 0, 0, 0, 0, 0, 0, 0, 0, 0, 0, 0, 0, 0, 0, 0, 0, 0, 0, 0, 0, 0, 0, 0, 0, 0, 0, 0, 0, 0, 0, 0, 0, 0, 0, 0, 0, 0, 0, 0, 0, 0, 0, 0, : 3, 8, 12, 7, 20, 8, 1, 24, 22, 4, 27, 11, 14, 8, 2, 4, 23, 23, 1, 20, 3, 7, 8, 2, 34, 6, 3, 2, 26, 2, 12, 16, 12, 13, 1, 3, 1, 5, 4, 1, 27, 1, 11, 5, 6, 3, 31, 11, 1, 3, 6, 5, 15, 6, 2, 1, 25, 2, 2, 5, 4, 30, 13, 29, 2, 5, 1, 
2: 19, 10, 2, 1, 34, 1, 6, 12, 1, 2, 4, 5, 11, 11, 1, 14, 12, 1, 11, 23, 15, 12, 6, 2, 4, 13, 9, 7, 2, 18, 11, 14, 10, 5, 1, 1, 8, 12, 5, 15, 1, 1, 7, 2, 1, 2, 1, 1, 4, 2, 3, 3, 28, 8, 35, 5, 4, 16, 4, 2, 1, 1, 1, 6, 0, 0, 0, 0, 0, 0, 0, 0, 0, 0, 0, 0, 0, 0, 0, 0, 0, 0, 0, 0, 0, 0, 0, 0, 0, 0, 0, 0, 0, 0, 0, 0, 0, 0, 0, 0, 0, 0, 0, 0, 0, 0, 0, 0, 0, 0, 0, 0, 0, 0, 0, 0, 0, 0, 0, 0, : 19, 10, 2, 1, 34, 1, 6, 12, 1, 2, 4, 5, 11, 11, 1, 14, 12, 1, 11, 23, 15, 12, 6, 2, 4, 13, 9, 7, 2, 18, 11, 14, 10, 5, 1, 1, 8, 12, 5, 15, 1, 1, 7, 2, 1, 2, 1, 1, 4, 2, 3, 3, 28, 8, 35, 5, 4, 16, 4, 2, 1, 1, 1, 6, 
3: 20, 3, 1, 4, 2, 27, 25, 17, 11, 2, 16, 18, 13, 22, 16, 2, 1, 1, 1, 3, 5, 7, 4, 1, 15, 5, 1, 21, 20, 29, 4, 8, 5, 1, 1, 7, 1, 3, 24, 1, 7, 2, 2, 10, 1, 3, 1, 14, 6, 7, 5, 3, 8, 22, 2, 19, 14, 3, 1, 1, 5, 7, 3, 3, 2, 11, 8, 8, 11, 28, 8, 1, 16, 0, 0, 0, 0, 0, 0, 0, 0, 0, 0, 0, 0, 0, 0, 0, 0, 0, 0, 0, 0, 0, 0, 0, 0, 0, 0, 0, 0, 0, 0, 0, 0, 0, 0, 0, 0, 0, 0, 0, 0, 0, 0, 0, 0, 0, 0, 0, : 20, 3, 1, 4, 2, 27, 25, 17, 11, 2, 16, 18, 13, 22, 16, 2, 1, 1, 1, 3, 5, 7, 4, 1, 15, 5, 1, 21, 20, 29, 4, 8, 5, 1, 1, 7, 1, 3, 24, 1, 7, 2, 2, 10, 1, 3, 1, 14, 6, 7, 5, 3, 8, 22, 2, 19, 14, 3, 1, 1, 5, 7, 3, 3, 2, 11, 8, 8, 11, 28, 8, 1, 16, 
4: 2, 15, 6, 24, 12, 3, 1, 1, 19, 7, 9, 9, 3, 1, 3, 2, 28, 16, 6, 7, 13, 1, 3, 10, 12, 5, 6, 3, 3, 20, 12, 26, 3, 5, 34, 2, 17, 2, 5, 2, 19, 6, 25, 15, 25, 3, 22, 15, 6, 9, 22, 11, 21, 3, 4, 11, 13, 33, 2, 4, 3, 11, 19, 17, 1, 11, 2, 11, 4, 4, 6, 5, 0, 0, 0, 0, 0, 0, 0, 0, 0, 0, 0, 0, 0, 0, 0, 0, 0, 0, 0, 0, 0, 0, 0, 0, 0, 0, 0, 0, 0, 0, 0, 0, 0, 0, 0, 0, 0, 0, 0, 0, 0, 0, 0, 0, 0, 0, 0, 0, : 2, 15, 6, 24, 12, 3, 1, 1, 19, 7, 9, 9, 3, 1, 3, 2, 28, 16, 6, 7, 13, 1, 3, 10, 12, 5, 6, 3, 3, 20, 12, 26, 3, 5, 34, 2, 17, 2, 5, 2, 19, 6, 25, 15, 25, 3, 22, 15, 6, 9, 22, 11, 21, 3, 4, 11, 13, 33, 2, 4, 3, 11, 19, 17, 1, 11, 2, 11, 4, 4, 6, 5, 
5: 22, 7, 29, 1, 11, 12, 14, 6, 32, 3, 9, 10, 28, 6, 11, 19, 26, 2, 4, 17, 1, 8, 7, 12, 2, 4, 15, 11, 4, 1, 5, 9, 2, 8, 4, 4, 9, 25, 2, 7, 11, 9, 6, 1, 29, 11, 12, 1, 10, 7, 3, 1, 10, 0, 0, 0, 0, 0, 0, 0, 0, 0, 0, 0, 0, 0, 0, 0, 0, 0, 0, 0, 0, 0, 0, 0, 0, 0, 0, 0, 0, 0, 0, 0, 0, 0, 0, 0, 0, 0, 0, 0, 0, 0, 0, 0, 0, 0, 0, 0, 0, 0, 0, 0, 0, 0, 0, 0, 0, 0, 0, 0, 0, 0, 0, 0, 0, 0, 0, 0, : 22, 7, 29, 1, 11, 12, 14, 6, 32, 3, 9, 10, 28, 6, 11, 19, 26, 2, 4, 17, 1, 8, 7, 12, 2, 4, 15, 11, 4, 1, 5, 9, 2, 8, 4, 4, 9, 25, 2, 7, 11, 9, 6, 1, 29, 11, 12, 1, 10, 7, 3, 1, 10, 
6: 1, 2, 3, 4, 1, 29, 5, 10, 21, 5, 4, 2, 10, 10, 21, 6, 2, 7, 6, 4, 7, 4, 5, 7, 8, 2, 12, 15, 4, 22, 22, 1, 19, 20, 13, 5, 1, 5, 13, 5, 21, 1, 1, 3, 19, 1, 10, 2, 24, 20, 34, 13, 1, 12, 3, 2, 5, 16, 3, 3, 3, 3, 4, 21, 0, 0, 0, 0, 0, 0, 0, 0, 0, 0, 0, 0, 0, 0, 0, 0, 0, 0, 0, 0, 0, 0, 0, 0, 0, 0, 0, 0, 0, 0, 0, 0, 0, 0, 0, 0, 0, 0, 0, 0, 0, 0, 0, 0, 0, 0, 0, 0, 0, 0, 0, 0, 0, 0, 0, 0, : 1, 2, 3, 4, 1, 29, 5, 10, 21, 5, 4, 2, 10, 10, 21, 6, 2, 7, 6, 4, 7, 4, 5, 7, 8, 2, 12, 15, 4, 22, 22, 1, 19, 20, 13, 5, 1, 5, 13, 5, 21, 1, 1, 3, 19, 1, 10, 2, 24, 20, 34, 13, 1, 12, 3, 2, 5, 16, 3, 3, 3, 3, 4, 21, 
7: 3, 7, 1, 15, 2, 16, 3, 1, 8, 22, 12, 6, 6, 18, 3, 23, 3, 16, 5, 15, 33, 21, 4, 2, 24, 3, 18, 14, 7, 1, 1, 2, 1, 14, 2, 7, 1, 2, 5, 12, 4, 6, 8, 3, 24, 4, 2, 13, 24, 25, 28, 4, 15, 7, 11, 6, 1, 1, 3, 14, 1, 4, 1, 8, 9, 4, 3, 2, 2, 3, 2, 27, 24, 6, 8, 0, 0, 0, 0, 0, 0, 0, 0, 0, 0, 0, 0, 0, 0, 0, 0, 0, 0, 0, 0, 0, 0, 0, 0, 0, 0, 0, 0, 0, 0, 0, 0, 0, 0, 0, 0, 0, 0, 0, 0, 0, 0, 0, 0, 0, : 3, 7, 1, 15, 2, 16, 3, 1, 8, 22, 12, 6, 6, 18, 3, 23, 3, 16, 5, 15, 33, 21, 4, 2, 24, 3, 18, 14, 7, 1, 1, 2, 1, 14, 2, 7, 1, 2, 5, 12, 4, 6, 8, 3, 24, 4, 2, 13, 24, 25, 28, 4, 15, 7, 11, 6, 1, 1, 3, 14, 1, 4, 1, 8, 9, 4, 3, 2, 2, 3, 2, 27, 24, 6, 8, 
8: 17, 14, 1, 13, 6, 1, 7, 13, 2, 13, 4, 15, 1, 6, 1, 5, 2, 2, 15, 8, 5, 6, 11, 1, 28, 5, 10, 10, 12, 4, 18, 3, 2, 1, 5, 32, 5, 1, 11, 20, 2, 2, 25, 26, 15, 2, 1, 13, 1, 5, 6, 23, 7, 24, 3, 4, 12, 9, 8, 8, 5, 3, 11, 19, 7, 8, 15, 7, 12, 1, 0, 0, 0, 0, 0, 0, 0, 0, 0, 0, 0, 0, 0, 0, 0, 0, 0, 0, 0, 0, 0, 0, 0, 0, 0, 0, 0, 0, 0, 0, 0, 0, 0, 0, 0, 0, 0, 0, 0, 0, 0, 0, 0, 0, 0, 0, 0, 0, 0, 0, : 17, 14, 1, 13, 6, 1, 7, 13, 2, 13, 4, 15, 1, 6, 1, 5, 2, 2, 15, 8, 5, 6, 11, 1, 28, 5, 10, 10, 12, 4, 18, 3, 2, 1, 5, 32, 5, 1, 11, 20, 2, 2, 25, 26, 15, 2, 1, 13, 1, 5, 6, 23, 7, 24, 3, 4, 12, 9, 8, 8, 5, 3, 11, 19, 7, 8, 15, 7, 12, 1, 
9: 26, 28, 31, 29, 2, 1, 8, 22, 2, 13, 5, 9, 22, 13, 8, 1, 5, 4, 6, 32, 5, 6, 5, 2, 13, 9, 13, 4, 3, 2, 3, 3, 4, 4, 1, 1, 8, 23, 3, 14, 1, 6, 6, 7, 3, 7, 6, 26, 30, 2, 18, 3, 3, 3, 22, 1, 8, 1, 2, 8, 2, 1, 3, 6, 6, 20, 2, 2, 11, 2, 2, 6, 10, 5, 7, 7, 6, 1, 1, 5, 3, 5, 9, 9, 6, 5, 5, 2, 13, 0, 0, 0, 0, 0, 0, 0, 0, 0, 0, 0, 0, 0, 0, 0, 0, 0, 0, 0, 0, 0, 0, 0, 0, 0, 0, 0, 0, 0, 0, 0, : 26, 28, 31, 29, 2, 1, 8, 22, 2, 13, 5, 9, 22, 13, 8, 1, 5, 4, 6, 32, 5, 6, 5, 2, 13, 9, 13, 4, 3, 2, 3, 3, 4, 4, 1, 1, 8, 23, 3, 14, 1, 6, 6, 7, 3, 7, 6, 26, 30, 2, 18, 3, 3, 3, 22, 1, 8, 1, 2, 8, 2, 1, 3, 6, 6, 20, 2, 2, 11, 2, 2, 6, 10, 5, 7, 7, 6, 1, 1, 5, 3, 5, 9, 9, 6, 5, 5, 2, 13, 
10: 16, 3, 2, 2, 2, 16, 6, 22, 6, 1, 7, 11, 6, 2, 17, 3, 25, 11, 15, 2, 1, 9, 3, 29, 15, 14, 27, 1, 11, 1, 21, 1, 1, 2, 1, 3, 1, 6, 8, 29, 3, 16, 4, 11, 4, 31, 9, 13, 2, 11, 14, 5, 10, 18, 5, 1, 14, 10, 11, 7, 2, 1, 1, 0, 0, 0, 0, 0, 0, 0, 0, 0, 0, 0, 0, 0, 0, 0, 0, 0, 0, 0, 0, 0, 0, 0, 0, 0, 0, 0, 0, 0, 0, 0, 0, 0, 0, 0, 0, 0, 0, 0, 0, 0, 0, 0, 0, 0, 0, 0, 0, 0, 0, 0, 0, 0, 0, 0, 0, 0, : 16, 3, 2, 2, 2, 16, 6, 22, 6, 1, 7, 11, 6, 2, 17, 3, 25, 11, 15, 2, 1, 9, 3, 29, 15, 14, 27, 1, 11, 1, 21, 1, 1, 2, 1, 3, 1, 6, 8, 29, 3, 16, 4, 11, 4, 31, 9, 13, 2, 11, 14, 5, 10, 18, 5, 1, 14, 10, 11, 7, 2, 1, 1, 
11: 1, 13, 7, 1, 11, 6, 1, 2, 2, 2, 4, 2, 4, 14, 17, 30, 8, 3, 10, 9, 6, 8, 27, 2, 11, 5, 4, 22, 4, 2, 29, 2, 6, 8, 21, 5, 2, 2, 19, 8, 12, 6, 5, 13, 19, 1, 7, 9, 7, 8, 21, 5, 3, 4, 5, 2, 1, 2, 3, 5, 1, 37, 5, 11, 1, 14, 22, 9, 11, 15, 16, 8, 2, 4, 6, 7, 8, 4, 1, 3, 4, 1, 1, 18, 5, 29, 7, 4, 2, 0, 0, 0, 0, 0, 0, 0, 0, 0, 0, 0, 0, 0, 0, 0, 0, 0, 0, 0, 0, 0, 0, 0, 0, 0, 0, 0, 0, 0, 0, 0, : 1, 13, 7, 1, 11, 6, 1, 2, 2, 2, 4, 2, 4, 14, 17, 30, 8, 3, 10, 9, 6, 8, 27, 2, 11, 5, 4, 22, 4, 2, 29, 2, 6, 8, 21, 5, 2, 2, 19, 8, 12, 6, 5, 13, 19, 1, 7, 9, 7, 8, 21, 5, 3, 4, 5, 2, 1, 2, 3, 5, 1, 37, 5, 11, 1, 14, 22, 9, 11, 15, 16, 8, 2, 4, 6, 7, 8, 4, 1, 3, 4, 1, 1, 18, 5, 29, 7, 4, 2, 
12: 4, 9, 1, 11, 11, 5, 20, 4, 4, 11, 8, 6, 21, 9, 7, 4, 1, 10, 10, 19, 7, 4, 3, 30, 15, 2, 4, 11, 1, 30, 2, 21, 1, 30, 1, 4, 4, 2, 32, 12, 20, 17, 3, 4, 5, 5, 6, 3, 1, 5, 7, 9, 19, 1, 28, 8, 6, 16, 27, 8, 0, 0, 0, 0, 0, 0, 0, 0, 0, 0, 0, 0, 0, 0, 0, 0, 0, 0, 0, 0, 0, 0, 0, 0, 0, 0, 0, 0, 0, 0, 0, 0, 0, 0, 0, 0, 0, 0, 0, 0, 0, 0, 0, 0, 0, 0, 0, 0, 0, 0, 0, 0, 0, 0, 0, 0, 0, 0, 0, 0, : 4, 9, 1, 11, 11, 5, 20, 4, 4, 11, 8, 6, 21, 9, 7, 4, 1, 10, 10, 19, 7, 4, 3, 30, 15, 2, 4, 11, 1, 30, 2, 21, 1, 30, 1, 4, 4, 2, 32, 12, 20, 17, 3, 4, 5, 5, 6, 3, 1, 5, 7, 9, 19, 1, 28, 8, 6, 16, 27, 8, 
13: 5, 13, 11, 5, 9, 1, 6, 5, 3, 5, 1, 3, 13, 12, 3, 13, 9, 1, 14, 1, 6, 24, 7, 3, 12, 5, 18, 3, 3, 5, 19, 2, 1, 16, 9, 3, 24, 16, 17, 15, 4, 25, 5, 18, 21, 35, 3, 1, 19, 3, 24, 5, 20, 14, 9, 8, 7, 8, 25, 1, 1, 24, 17, 3, 4, 2, 0, 0, 0, 0, 0, 0, 0, 0, 0, 0, 0, 0, 0, 0, 0, 0, 0, 0, 0, 0, 0, 0, 0, 0, 0, 0, 0, 0, 0, 0, 0, 0, 0, 0, 0, 0, 0, 0, 0, 0, 0, 0, 0, 0, 0, 0, 0, 0, 0, 0, 0, 0, 0, 0, : 5, 13, 11, 5, 9, 1, 6, 5, 3, 5, 1, 3, 13, 12, 3, 13, 9, 1, 14, 1, 6, 24, 7, 3, 12, 5, 18, 3, 3, 5, 19, 2, 1, 16, 9, 3, 24, 16, 17, 15, 4, 25, 5, 18, 21, 35, 3, 1, 19, 3, 24, 5, 20, 14, 9, 8, 7, 8, 25, 1, 1, 24, 17, 3, 4, 2, 
14: 1, 10, 20, 8, 8, 23, 1, 15, 2, 9, 22, 7, 7, 19, 18, 3, 4, 3, 26, 14, 1, 5, 1, 1, 17, 2, 5, 16, 5, 3, 8, 1, 1, 19, 21, 16, 9, 1, 4, 2, 4, 17, 17, 1, 2, 1, 2, 5, 14, 28, 6, 3, 7, 1, 7, 16, 3, 1, 0, 0, 0, 0, 0, 0, 0, 0, 0, 0, 0, 0, 0, 0, 0, 0, 0, 0, 0, 0, 0, 0, 0, 0, 0, 0, 0, 0, 0, 0, 0, 0, 0, 0, 0, 0, 0, 0, 0, 0, 0, 0, 0, 0, 0, 0, 0, 0, 0, 0, 0, 0, 0, 0, 0, 0, 0, 0, 0, 0, 0, 0, : 1, 10, 20, 8, 8, 23, 1, 15, 2, 9, 22, 7, 7, 19, 18, 3, 4, 3, 26, 14, 1, 5, 1, 1, 17, 2, 5, 16, 5, 3, 8, 1, 1, 19, 21, 16, 9, 1, 4, 2, 4, 17, 17, 1, 2, 1, 2, 5, 14, 28, 6, 3, 7, 1, 7, 16, 3, 1, 
15: 2, 11, 2, 8, 18, 10, 6, 34, 1, 14, 4, 13, 12, 1, 1, 8, 20, 2, 17, 4, 2, 5, 13, 6, 5, 10, 3, 23, 32, 1, 8, 22, 19, 14, 3, 7, 11, 4, 11, 7, 1, 6, 10, 1, 7, 10, 4, 1, 7, 1, 13, 9, 2, 3, 16, 21, 1, 3, 3, 7, 0, 0, 0, 0, 0, 0, 0, 0, 0, 0, 0, 0, 0, 0, 0, 0, 0, 0, 0, 0, 0, 0, 0, 0, 0, 0, 0, 0, 0, 0, 0, 0, 0, 0, 0, 0, 0, 0, 0, 0, 0, 0, 0, 0, 0, 0, 0, 0, 0, 0, 0, 0, 0, 0, 0, 0, 0, 0, 0, 0, : 2, 11, 2, 8, 18, 10, 6, 34, 1, 14, 4, 13, 12, 1, 1, 8, 20, 2, 17, 4, 2, 5, 13, 6, 5, 10, 3, 23, 32, 1, 8, 22, 19, 14, 3, 7, 11, 4, 11, 7, 1, 6, 10, 1, 7, 10, 4, 1, 7, 1, 13, 9, 2, 3, 16, 21, 1, 3, 3, 7, 
16: 2, 1, 22, 3, 9, 1, 25, 2, 8, 6, 1, 16, 2, 17, 4, 4, 9, 2, 9, 24, 1, 2, 1, 2, 17, 2, 7, 4, 1, 1, 12, 7, 20, 8, 6, 1, 6, 19, 2, 10, 3, 1, 37, 4, 1, 3, 1, 2, 2, 1, 2, 6, 4, 1, 1, 1, 24, 1, 0, 0, 0, 0, 0, 0, 0, 0, 0, 0, 0, 0, 0, 0, 0, 0, 0, 0, 0, 0, 0, 0, 0, 0, 0, 0, 0, 0, 0, 0, 0, 0, 0, 0, 0, 0, 0, 0, 0, 0, 0, 0, 0, 0, 0, 0, 0, 0, 0, 0, 0, 0, 0, 0, 0, 0, 0, 0, 0, 0, 0, 0, : 2, 1, 22, 3, 9, 1, 25, 2, 8, 6, 1, 16, 2, 17, 4, 4, 9, 2, 9, 24, 1, 2, 1, 2, 17, 2, 7, 4, 1, 1, 12, 7, 20, 8, 6, 1, 6, 19, 2, 10, 3, 1, 37, 4, 1, 3, 1, 2, 2, 1, 2, 6, 4, 1, 1, 1, 24, 1, 
17: 13, 8, 4, 5, 1, 5, 2, 10, 4, 6, 32, 2, 3, 7, 1, 26, 6, 10, 15, 5, 17, 2, 8, 2, 2, 2, 21, 23, 24, 1, 6, 12, 1, 6, 8, 5, 18, 10, 5, 9, 2, 7, 3, 4, 15, 0, 0, 0, 0, 0, 0, 0, 0, 0, 0, 0, 0, 0, 0, 0, 0, 0, 0, 0, 0, 0, 0, 0, 0, 0, 0, 0, 0, 0, 0, 0, 0, 0, 0, 0, 0, 0, 0, 0, 0, 0, 0, 0, 0, 0, 0, 0, 0, 0, 0, 0, 0, 0, 0, 0, 0, 0, 0, 0, 0, 0, 0, 0, 0, 0, 0, 0, 0, 0, 0, 0, 0, 0, 0, 0, : 13, 8, 4, 5, 1, 5, 2, 10, 4, 6, 32, 2, 3, 7, 1, 26, 6, 10, 15, 5, 17, 2, 8, 2, 2, 2, 21, 23, 24, 1, 6, 12, 1, 6, 8, 5, 18, 10, 5, 9, 2, 7, 3, 4, 15, 
18: 5, 1, 11, 2, 5, 4, 6, 21, 1, 7, 11, 8, 5, 26, 6, 1, 1, 27, 3, 2, 6, 25, 2, 12, 25, 4, 1, 7, 2, 8, 5, 3, 2, 1, 28, 1, 11, 28, 2, 3, 33, 12, 11, 9, 8, 1, 13, 11, 0, 0, 0, 0, 0, 0, 0, 0, 0, 0, 0, 0, 0, 0, 0, 0, 0, 0, 0, 0, 0, 0, 0, 0, 0, 0, 0, 0, 0, 0, 0, 0, 0, 0, 0, 0, 0, 0, 0, 0, 0, 0, 0, 0, 0, 0, 0, 0, 0, 0, 0, 0, 0, 0, 0, 0, 0, 0, 0, 0, 0, 0, 0, 0, 0, 0, 0, 0, 0, 0, 0, 0, : 5, 1, 11, 2, 5, 4, 6, 21, 1, 7, 11, 8, 5, 26, 6, 1, 1, 27, 3, 2, 6, 25, 2, 12, 25, 4, 1, 7, 2, 8, 5, 3, 2, 1, 28, 1, 11, 28, 2, 3, 33, 12, 11, 9, 8, 1, 13, 11, 
19: 2, 5, 3, 17, 1, 28, 2, 4, 12, 6, 13, 11, 20, 4, 34, 5, 4, 5, 4, 3, 8, 17, 9, 6, 3, 18, 6, 6, 5, 15, 2, 21, 7, 26, 1, 1, 11, 14, 17, 5, 5, 2, 5, 14, 0, 0, 0, 0, 0, 0, 0, 0, 0, 0, 0, 0, 0, 0, 0, 0, 0, 0, 0, 0, 0, 0, 0, 0, 0, 0, 0, 0, 0, 0, 0, 0, 0, 0, 0, 0, 0, 0, 0, 0, 0, 0, 0, 0, 0, 0, 0, 0, 0, 0, 0, 0, 0, 0, 0, 0, 0, 0, 0, 0, 0, 0, 0, 0, 0, 0, 0, 0, 0, 0, 0, 0, 0, 0, 0, 0, : 2, 5, 3, 17, 1, 28, 2, 4, 12, 6, 13, 11, 20, 4, 34, 5, 4, 5, 4, 3, 8, 17, 9, 6, 3, 18, 6, 6, 5, 15, 2, 21, 7, 26, 1, 1, 11, 14, 17, 5, 5, 2, 5, 14, 
20: 4, 4, 4, 1, 14, 2, 3, 5, 4, 20, 8, 1, 3, 1, 6, 4, 2, 5, 2, 1, 8, 7, 13, 2, 5, 1, 6, 5, 14, 11, 13, 2, 35, 3, 6, 1, 10, 12, 18, 8, 21, 4, 0, 0, 0, 0, 0, 0, 0, 0, 0, 0, 0, 0, 0, 0, 0, 0, 0, 0, 0, 0, 0, 0, 0, 0, 0, 0, 0, 0, 0, 0, 0, 0, 0, 0, 0, 0, 0, 0, 0, 0, 0, 0, 0, 0, 0, 0, 0, 0, 0, 0, 0, 0, 0, 0, 0, 0, 0, 0, 0, 0, 0, 0, 0, 0, 0, 0, 0, 0, 0, 0, 0, 0, 0, 0, 0, 0, 0, 0, : 4, 4, 4, 1, 14, 2, 3, 5, 4, 20, 8, 1, 3, 1, 6, 4, 2, 5, 2, 1, 8, 7, 13, 2, 5, 1, 6, 5, 14, 11, 13, 2, 35, 3, 6, 1, 10, 12, 18, 8, 21, 4, 
21: 2, 11, 6, 1, 25, 5, 2, 28, 16, 3, 5, 2, 12, 1, 2, 2, 33, 3, 1, 19, 1, 6, 1, 6, 10, 1, 17, 1, 9, 2, 6, 1, 3, 23, 1, 9, 2, 1, 25, 7, 6, 3, 1, 3, 2, 7, 5, 16, 2, 19, 7, 1, 14, 3, 4, 3, 3, 7, 28, 9, 3, 3, 26, 1, 1, 13, 5, 1, 25, 9, 5, 25, 2, 1, 23, 13, 6, 12, 0, 0, 0, 0, 0, 0, 0, 0, 0, 0, 0, 0, 0, 0, 0, 0, 0, 0, 0, 0, 0, 0, 0, 0, 0, 0, 0, 0, 0, 0, 0, 0, 0, 0, 0, 0, 0, 0, 0, 0, 0, 0, : 2, 11, 6, 1, 25, 5, 2, 28, 16, 3, 5, 2, 12, 1, 2, 2, 33, 3, 1, 19, 1, 6, 1, 6, 10, 1, 17, 1, 9, 2, 6, 1, 3, 23, 1, 9, 2, 1, 25, 7, 6, 3, 1, 3, 2, 7, 5, 16, 2, 19, 7, 1, 14, 3, 4, 3, 3, 7, 28, 9, 3, 3, 26, 1, 1, 13, 5, 1, 25, 9, 5, 25, 2, 1, 23, 13, 6, 12, 
22: 1, 1, 20, 1, 37, 15, 1, 25, 3, 8, 1, 1, 8, 19, 4, 4, 3, 21, 2, 2, 2, 12, 2, 10, 1, 15, 10, 24, 2, 4, 9, 14, 1, 7, 1, 6, 2, 3, 1, 3, 1, 20, 3, 1, 13, 6, 1, 15, 16, 2, 3, 28, 2, 3, 14, 17, 4, 1, 5, 31, 23, 3, 38, 11, 1, 8, 18, 0, 0, 0, 0, 0, 0, 0, 0, 0, 0, 0, 0, 0, 0, 0, 0, 0, 0, 0, 0, 0, 0, 0, 0, 0, 0, 0, 0, 0, 0, 0, 0, 0, 0, 0, 0, 0, 0, 0, 0, 0, 0, 0, 0, 0, 0, 0, 0, 0, 0, 0, 0, 0, : 1, 1, 20, 1, 37, 15, 1, 25, 3, 8, 1, 1, 8, 19, 4, 4, 3, 21, 2, 2, 2, 12, 2, 10, 1, 15, 10, 24, 2, 4, 9, 14, 1, 7, 1, 6, 2, 3, 1, 3, 1, 20, 3, 1, 13, 6, 1, 15, 16, 2, 3, 28, 2, 3, 14, 17, 4, 1, 5, 31, 23, 3, 38, 11, 1, 8, 18, 
23: 1, 5, 1, 3, 9, 1, 3, 2, 13, 2, 3, 5, 8, 2, 3, 1, 2, 5, 3, 8, 12, 4, 2, 22, 2, 11, 15, 4, 18, 10, 7, 7, 2, 8, 10, 1, 6, 1, 18, 1, 1, 6, 3, 14, 6, 1, 10, 1, 17, 17, 1, 10, 5, 15, 14, 11, 6, 6, 14, 15, 14, 2, 21, 36, 11, 10, 5, 18, 7, 17, 2, 3, 1, 4, 2, 1, 4, 9, 8, 11, 1, 5, 0, 0, 0, 0, 0, 0, 0, 0, 0, 0, 0, 0, 0, 0, 0, 0, 0, 0, 0, 0, 0, 0, 0, 0, 0, 0, 0, 0, 0, 0, 0, 0, 0, 0, 0, 0, 0, 0, : 1, 5, 1, 3, 9, 1, 3, 2, 13, 2, 3, 5, 8, 2, 3, 1, 2, 5, 3, 8, 12, 4, 2, 22, 2, 11, 15, 4, 18, 10, 7, 7, 2, 8, 10, 1, 6, 1, 18, 1, 1, 6, 3, 14, 6, 1, 10, 1, 17, 17, 1, 10, 5, 15, 14, 11, 6, 6, 14, 15, 14, 2, 21, 36, 11, 10, 5, 18, 7, 17, 2, 3, 1, 4, 2, 1, 4, 9, 8, 11, 1, 5, 
24: 6, 4, 14, 16, 5, 3, 2, 34, 21, 9, 3, 10, 6, 1, 2, 9, 7, 1, 1, 11, 9, 5, 16, 3, 2, 16, 3, 3, 3, 5, 2, 2, 1, 4, 1, 16, 11, 7, 1, 12, 33, 17, 9, 1, 0, 0, 0, 0, 0, 0, 0, 0, 0, 0, 0, 0, 0, 0, 0, 0, 0, 0, 0, 0, 0, 0, 0, 0, 0, 0, 0, 0, 0, 0, 0, 0, 0, 0, 0, 0, 0, 0, 0, 0, 0, 0, 0, 0, 0, 0, 0, 0, 0, 0, 0, 0, 0, 0, 0, 0, 0, 0, 0, 0, 0, 0, 0, 0, 0, 0, 0, 0, 0, 0, 0, 0, 0, 0, 0, 0, : 6, 4, 14, 16, 5, 3, 2, 34, 21, 9, 3, 10, 6, 1, 2, 9, 7, 1, 1, 11, 9, 5, 16, 3, 2, 16, 3, 3, 3, 5, 2, 2, 1, 4, 1, 16, 11, 7, 1, 12, 33, 17, 9, 1, 
25: 1, 7, 21, 8, 12, 6, 1, 16, 5, 7, 25, 3, 9, 7, 1, 8, 14, 8, 7, 3, 1, 9, 19, 2, 4, 4, 1, 17, 3, 8, 7, 2, 15, 4, 5, 2, 15, 8, 38, 10, 24, 12, 31, 5, 3, 31, 13, 2, 2, 1, 18, 3, 7, 5, 7, 5, 3, 2, 26, 5, 15, 1, 20, 24, 11, 4, 2, 21, 21, 19, 3, 2, 6, 2, 1, 1, 2, 3, 1, 11, 6, 2, 6, 9, 12, 3, 0, 0, 0, 0, 0, 0, 0, 0, 0, 0, 0, 0, 0, 0, 0, 0, 0, 0, 0, 0, 0, 0, 0, 0, 0, 0, 0, 0, 0, 0, 0, 0, 0, 0, : 1, 7, 21, 8, 12, 6, 1, 16, 5, 7, 25, 3, 9, 7, 1, 8, 14, 8, 7, 3, 1, 9, 19, 2, 4, 4, 1, 17, 3, 8, 7, 2, 15, 4, 5, 2, 15, 8, 38, 10, 24, 12, 31, 5, 3, 31, 13, 2, 2, 1, 18, 3, 7, 5, 7, 5, 3, 2, 26, 5, 15, 1, 20, 24, 11, 4, 2, 21, 21, 19, 3, 2, 6, 2, 1, 1, 2, 3, 1, 11, 6, 2, 6, 9, 12, 3, 
26: 1, 3, 6, 2, 3, 1, 4, 4, 26, 7, 13, 7, 4, 11, 2, 1, 6, 6, 29, 9, 5, 1, 3, 6, 6, 6, 1, 13, 1, 19, 17, 18, 1, 3, 2, 14, 3, 2, 1, 8, 20, 5, 1, 1, 12, 4, 3, 2, 3, 0, 0, 0, 0, 0, 0, 0, 0, 0, 0, 0, 0, 0, 0, 0, 0, 0, 0, 0, 0, 0, 0, 0, 0, 0, 0, 0, 0, 0, 0, 0, 0, 0, 0, 0, 0, 0, 0, 0, 0, 0, 0, 0, 0, 0, 0, 0, 0, 0, 0, 0, 0, 0, 0, 0, 0, 0, 0, 0, 0, 0, 0, 0, 0, 0, 0, 0, 0, 0, 0, 0, : 1, 3, 6, 2, 3, 1, 4, 4, 26, 7, 13, 7, 4, 11, 2, 1, 6, 6, 29, 9, 5, 1, 3, 6, 6, 6, 1, 13, 1, 19, 17, 18, 1, 3, 2, 14, 3, 2, 1, 8, 20, 5, 1, 1, 12, 4, 3, 2, 3, 
27: 2, 6, 2, 1, 3, 5, 4, 5, 2, 4, 2, 1, 6, 1, 11, 3, 2, 3, 5, 5, 36, 6, 10, 10, 1, 17, 5, 3, 1, 3, 23, 2, 7, 10, 38, 2, 3, 16, 3, 5, 2, 1, 5, 0, 0, 0, 0, 0, 0, 0, 0, 0, 0, 0, 0, 0, 0, 0, 0, 0, 0, 0, 0, 0, 0, 0, 0, 0, 0, 0, 0, 0, 0, 0, 0, 0, 0, 0, 0, 0, 0, 0, 0, 0, 0, 0, 0, 0, 0, 0, 0, 0, 0, 0, 0, 0, 0, 0, 0, 0, 0, 0, 0, 0, 0, 0, 0, 0, 0, 0, 0, 0, 0, 0, 0, 0, 0, 0, 0, 0, : 2, 6, 2, 1, 3, 5, 4, 5, 2, 4, 2, 1, 6, 1, 11, 3, 2, 3, 5, 5, 36, 6, 10, 10, 1, 17, 5, 3, 1, 3, 23, 2, 7, 10, 38, 2, 3, 16, 3, 5, 2, 1, 5, 
28: 1, 2, 12, 14, 7, 3, 1, 1, 2, 6, 8, 2, 1, 7, 4, 12, 4, 1, 5, 13, 25, 3, 1, 38, 4, 14, 2, 11, 2, 4, 3, 5, 1, 15, 10, 8, 6, 1, 10, 4, 2, 5, 10, 4, 3, 4, 6, 4, 1, 7, 20, 14, 0, 0, 0, 0, 0, 0, 0, 0, 0, 0, 0, 0, 0, 0, 0, 0, 0, 0, 0, 0, 0, 0, 0, 0, 0, 0, 0, 0, 0, 0, 0, 0, 0, 0, 0, 0, 0, 0, 0, 0, 0, 0, 0, 0, 0, 0, 0, 0, 0, 0, 0, 0, 0, 0, 0, 0, 0, 0, 0, 0, 0, 0, 0, 0, 0, 0, 0, 0, : 1, 2, 12, 14, 7, 3, 1, 1, 2, 6, 8, 2, 1, 7, 4, 12, 4, 1, 5, 13, 25, 3, 1, 38, 4, 14, 2, 11, 2, 4, 3, 5, 1, 15, 10, 8, 6, 1, 10, 4, 2, 5, 10, 4, 3, 4, 6, 4, 1, 7, 20, 14, 
29: 6, 34, 9, 9, 10, 4, 1, 1, 32, 15, 2, 10, 5, 19, 5, 22, 9, 32, 14, 12, 8, 6, 23, 9, 20, 13, 7, 8, 9, 1, 4, 2, 1, 2, 17, 32, 5, 17, 31, 2, 7, 2, 16, 31, 1, 18, 1, 5, 4, 1, 12, 0, 0, 0, 0, 0, 0, 0, 0, 0, 0, 0, 0, 0, 0, 0, 0, 0, 0, 0, 0, 0, 0, 0, 0, 0, 0, 0, 0, 0, 0, 0, 0, 0, 0, 0, 0, 0, 0, 0, 0, 0, 0, 0, 0, 0, 0, 0, 0, 0, 0, 0, 0, 0, 0, 0, 0, 0, 0, 0, 0, 0, 0, 0, 0, 0, 0, 0, 0, 0, : 6, 34, 9, 9, 10, 4, 1, 1, 32, 15, 2, 10, 5, 19, 5, 22, 9, 32, 14, 12, 8, 6, 23, 9, 20, 13, 7, 8, 9, 1, 4, 2, 1, 2, 17, 32, 5, 17, 31, 2, 7, 2, 16, 31, 1, 18, 1, 5, 4, 1, 12, 
30: 3, 11, 22, 18, 17, 13, 1, 1, 6, 6, 3, 19, 21, 16, 8, 1, 5, 32, 10, 1, 2, 4, 11, 11, 8, 16, 10, 2, 13, 24, 7, 16, 4, 21, 17, 15, 1, 3, 2, 6, 18, 2, 21, 1, 3, 1, 3, 1, 2, 4, 7, 2, 1, 9, 3, 1, 24, 20, 2, 0, 0, 0, 0, 0, 0, 0, 0, 0, 0, 0, 0, 0, 0, 0, 0, 0, 0, 0, 0, 0, 0, 0, 0, 0, 0, 0, 0, 0, 0, 0, 0, 0, 0, 0, 0, 0, 0, 0, 0, 0, 0, 0, 0, 0, 0, 0, 0, 0, 0, 0, 0, 0, 0, 0, 0, 0, 0, 0, 0, 0, : 3, 11, 22, 18, 17, 13, 1, 1, 6, 6, 3, 19, 21, 16, 8, 1, 5, 32, 10, 1, 2, 4, 11, 11, 8, 16, 10, 2, 13, 24, 7, 16, 4, 21, 17, 15, 1, 3, 2, 6, 18, 2, 21, 1, 3, 1, 3, 1, 2, 4, 7, 2, 1, 9, 3, 1, 24, 20, 2, 
31: 1, 1, 36, 14, 2, 17, 2, 2, 4, 1, 13, 22, 8, 10, 13, 1, 3, 14, 2, 12, 9, 7, 12, 9, 31, 3, 1, 1, 9, 4, 5, 6, 14, 7, 1, 10, 15, 7, 6, 1, 26, 1, 15, 9, 13, 2, 2, 13, 3, 1, 2, 3, 3, 17, 4, 3, 7, 22, 1, 5, 6, 8, 4, 10, 33, 0, 0, 0, 0, 0, 0, 0, 0, 0, 0, 0, 0, 0, 0, 0, 0, 0, 0, 0, 0, 0, 0, 0, 0, 0, 0, 0, 0, 0, 0, 0, 0, 0, 0, 0, 0, 0, 0, 0, 0, 0, 0, 0, 0, 0, 0, 0, 0, 0, 0, 0, 0, 0, 0, 0, : 1, 1, 36, 14, 2, 17, 2, 2, 4, 1, 13, 22, 8, 10, 13, 1, 3, 14, 2, 12, 9, 7, 12, 9, 31, 3, 1, 1, 9, 4, 5, 6, 14, 7, 1, 10, 15, 7, 6, 1, 26, 1, 15, 9, 13, 2, 2, 13, 3, 1, 2, 3, 3, 17, 4, 3, 7, 22, 1, 5, 6, 8, 4, 10, 33, 
32: 5, 1, 1, 3, 2, 4, 4, 17, 1, 9, 14, 1, 10, 25, 4, 13, 8, 12, 18, 4, 3, 4, 11, 12, 13, 1, 13, 35, 2, 7, 1, 11, 1, 22, 4, 2, 5, 6, 1, 4, 28, 12, 8, 1, 6, 20, 11, 10, 25, 5, 9, 11, 8, 2, 5, 7, 34, 6, 9, 8, 35, 15, 7, 2, 1, 30, 5, 3, 6, 5, 8, 7, 4, 6, 4, 2, 2, 6, 7, 2, 3, 6, 1, 1, 26, 1, 27, 1, 13, 0, 0, 0, 0, 0, 0, 0, 0, 0, 0, 0, 0, 0, 0, 0, 0, 0, 0, 0, 0, 0, 0, 0, 0, 0, 0, 0, 0, 0, 0, 0, : 5, 1, 1, 3, 2, 4, 4, 17, 1, 9, 14, 1, 10, 25, 4, 13, 8, 12, 18, 4, 3, 4, 11, 12, 13, 1, 13, 35, 2, 7, 1, 11, 1, 22, 4, 2, 5, 6, 1, 4, 28, 12, 8, 1, 6, 20, 11, 10, 25, 5, 9, 11, 8, 2, 5, 7, 34, 6, 9, 8, 35, 15, 7, 2, 1, 30, 5, 3, 6, 5, 8, 7, 4, 6, 4, 2, 2, 6, 7, 2, 3, 6, 1, 1, 26, 1, 27, 1, 13, 
33: 1, 21, 2, 3, 2, 2, 15, 2, 11, 19, 2, 2, 12, 11, 3, 7, 8, 18, 3, 10, 2, 2, 5, 18, 2, 8, 1, 28, 6, 8, 7, 10, 26, 17, 1, 12, 2, 10, 3, 5, 9, 14, 6, 2, 9, 5, 19, 4, 8, 10, 12, 6, 7, 8, 7, 2, 0, 0, 0, 0, 0, 0, 0, 0, 0, 0, 0, 0, 0, 0, 0, 0, 0, 0, 0, 0, 0, 0, 0, 0, 0, 0, 0, 0, 0, 0, 0, 0, 0, 0, 0, 0, 0, 0, 0, 0, 0, 0, 0, 0, 0, 0, 0, 0, 0, 0, 0, 0, 0, 0, 0, 0, 0, 0, 0, 0, 0, 0, 0, 0, : 1, 21, 2, 3, 2, 2, 15, 2, 11, 19, 2, 2, 12, 11, 3, 7, 8, 18, 3, 10, 2, 2, 5, 18, 2, 8, 1, 28, 6, 8, 7, 10, 26, 17, 1, 12, 2, 10, 3, 5, 9, 14, 6, 2, 9, 5, 19, 4, 8, 10, 12, 6, 7, 8, 7, 2, 
34: 1, 4, 5, 8, 7, 9, 2, 4, 11, 1, 4, 13, 10, 8, 6, 1, 2, 3, 3, 2, 5, 8, 16, 6, 16, 2, 24, 1, 4, 2, 2, 9, 7, 21, 2, 1, 6, 8, 9, 1, 8, 2, 2, 7, 16, 11, 11, 4, 3, 9, 4, 3, 2, 13, 5, 1, 4, 8, 7, 1, 31, 1, 10, 26, 1, 2, 0, 0, 0, 0, 0, 0, 0, 0, 0, 0, 0, 0, 0, 0, 0, 0, 0, 0, 0, 0, 0, 0, 0, 0, 0, 0, 0, 0, 0, 0, 0, 0, 0, 0, 0, 0, 0, 0, 0, 0, 0, 0, 0, 0, 0, 0, 0, 0, 0, 0, 0, 0, 0, 0, : 1, 4, 5, 8, 7, 9, 2, 4, 11, 1, 4, 13, 10, 8, 6, 1, 2, 3, 3, 2, 5, 8, 16, 6, 16, 2, 24, 1, 4, 2, 2, 9, 7, 21, 2, 1, 6, 8, 9, 1, 8, 2, 2, 7, 16, 11, 11, 4, 3, 9, 4, 3, 2, 13, 5, 1, 4, 8, 7, 1, 31, 1, 10, 26, 1, 2, 
35: 1, 15, 4, 2, 2, 2, 19, 1, 8, 1, 12, 7, 7, 1, 1, 5, 20, 12, 3, 19, 2, 6, 7, 7, 24, 7, 2, 3, 3, 30, 3, 10, 2, 18, 4, 9, 3, 9, 2, 25, 2, 6, 18, 1, 13, 12, 7, 15, 17, 30, 6, 0, 0, 0, 0, 0, 0, 0, 0, 0, 0, 0, 0, 0, 0, 0, 0, 0, 0, 0, 0, 0, 0, 0, 0, 0, 0, 0, 0, 0, 0, 0, 0, 0, 0, 0, 0, 0, 0, 0, 0, 0, 0, 0, 0, 0, 0, 0, 0, 0, 0, 0, 0, 0, 0, 0, 0, 0, 0, 0, 0, 0, 0, 0, 0, 0, 0, 0, 0, 0, : 1, 15, 4, 2, 2, 2, 19, 1, 8, 1, 12, 7, 7, 1, 1, 5, 20, 12, 3, 19, 2, 6, 7, 7, 24, 7, 2, 3, 3, 30, 3, 10, 2, 18, 4, 9, 3, 9, 2, 25, 2, 6, 18, 1, 13, 12, 7, 15, 17, 30, 6, 
36: 1, 1, 8, 1, 4, 10, 1, 7, 1, 12, 2, 2, 4, 1, 15, 1, 4, 3, 3, 13, 3, 1, 3, 7, 3, 5, 3, 13, 16, 6, 18, 2, 34, 13, 3, 12, 1, 3, 4, 7, 15, 4, 2, 4, 8, 25, 2, 14, 4, 13, 7, 9, 11, 12, 29, 19, 7, 11, 1, 7, 8, 14, 2, 2, 11, 2, 12, 2, 6, 21, 6, 5, 14, 0, 0, 0, 0, 0, 0, 0, 0, 0, 0, 0, 0, 0, 0, 0, 0, 0, 0, 0, 0, 0, 0, 0, 0, 0, 0, 0, 0, 0, 0, 0, 0, 0, 0, 0, 0, 0, 0, 0, 0, 0, 0, 0, 0, 0, 0, 0, : 1, 1, 8, 1, 4, 10, 1, 7, 1, 12, 2, 2, 4, 1, 15, 1, 4, 3, 3, 13, 3, 1, 3, 7, 3, 5, 3, 13, 16, 6, 18, 2, 34, 13, 3, 12, 1, 3, 4, 7, 15, 4, 2, 4, 8, 25, 2, 14, 4, 13, 7, 9, 11, 12, 29, 19, 7, 11, 1, 7, 8, 14, 2, 2, 11, 2, 12, 2, 6, 21, 6, 5, 14, 
37: 16, 1, 16, 1, 13, 12, 5, 3, 1, 12, 3, 7, 15, 3, 1, 16, 34, 28, 16, 1, 4, 27, 27, 3, 1, 7, 9, 3, 6, 5, 2, 1, 11, 2, 9, 11, 2, 19, 2, 1, 11, 1, 1, 3, 6, 2, 1, 5, 28, 10, 7, 2, 5, 10, 16, 5, 0, 0, 0, 0, 0, 0, 0, 0, 0, 0, 0, 0, 0, 0, 0, 0, 0, 0, 0, 0, 0, 0, 0, 0, 0, 0, 0, 0, 0, 0, 0, 0, 0, 0, 0, 0, 0, 0, 0, 0, 0, 0, 0, 0, 0, 0, 0, 0, 0, 0, 0, 0, 0, 0, 0, 0, 0, 0, 0, 0, 0, 0, 0, 0, : 16, 1, 16, 1, 13, 12, 5, 3, 1, 12, 3, 7, 15, 3, 1, 16, 34, 28, 16, 1, 4, 27, 27, 3, 1, 7, 9, 3, 6, 5, 2, 1, 11, 2, 9, 11, 2, 19, 2, 1, 11, 1, 1, 3, 6, 2, 1, 5, 28, 10, 7, 2, 5, 10, 16, 5, 
38: 21, 4, 1, 6, 33, 9, 6, 9, 5, 1, 7, 9, 4, 27, 2, 2, 17, 30, 4, 3, 14, 9, 4, 5, 37, 2, 3, 7, 1, 7, 17, 8, 1, 4, 1, 2, 3, 1, 25, 10, 6, 6, 4, 1, 2, 3, 18, 5, 14, 1, 9, 19, 4, 6, 24, 8, 20, 2, 2, 1, 18, 2, 2, 15, 0, 0, 0, 0, 0, 0, 0, 0, 0, 0, 0, 0, 0, 0, 0, 0, 0, 0, 0, 0, 0, 0, 0, 0, 0, 0, 0, 0, 0, 0, 0, 0, 0, 0, 0, 0, 0, 0, 0, 0, 0, 0, 0, 0, 0, 0, 0, 0, 0, 0, 0, 0, 0, 0, 0, 0, : 21, 4, 1, 6, 33, 9, 6, 9, 5, 1, 7, 9, 4, 27, 2, 2, 17, 30, 4, 3, 14, 9, 4, 5, 37, 2, 3, 7, 1, 7, 17, 8, 1, 4, 1, 2, 3, 1, 25, 10, 6, 6, 4, 1, 2, 3, 18, 5, 14, 1, 9, 19, 4, 6, 24, 8, 20, 2, 2, 1, 18, 2, 2, 15, 
39: 19, 1, 21, 11, 4, 11, 4, 11, 4, 1, 2, 11, 14, 3, 5, 27, 4, 11, 3, 1, 3, 1, 16, 10, 1, 6, 7, 3, 3, 1, 32, 1, 26, 4, 0, 0, 0, 0, 0, 0, 0, 0, 0, 0, 0, 0, 0, 0, 0, 0, 0, 0, 0, 0, 0, 0, 0, 0, 0, 0, 0, 0, 0, 0, 0, 0, 0, 0, 0, 0, 0, 0, 0, 0, 0, 0, 0, 0, 0, 0, 0, 0, 0, 0, 0, 0, 0, 0, 0, 0, 0, 0, 0, 0, 0, 0, 0, 0, 0, 0, 0, 0, 0, 0, 0, 0, 0, 0, 0, 0, 0, 0, 0, 0, 0, 0, 0, 0, 0, 0, : 19, 1, 21, 11, 4, 11, 4, 11, 4, 1, 2, 11, 14, 3, 5, 27, 4, 11, 3, 1, 3, 1, 16, 10, 1, 6, 7, 3, 3, 1, 32, 1, 26, 4, 
40: 5, 2, 9, 4, 7, 7, 4, 2, 2, 22, 11, 10, 3, 1, 14, 11, 4, 8, 4, 21, 1, 18, 5, 22, 13, 3, 1, 24, 14, 4, 16, 1, 21, 7, 2, 1, 1, 1, 6, 10, 9, 8, 5, 9, 5, 11, 17, 5, 3, 18, 2, 7, 3, 2, 6, 20, 8, 9, 0, 0, 0, 0, 0, 0, 0, 0, 0, 0, 0, 0, 0, 0, 0, 0, 0, 0, 0, 0, 0, 0, 0, 0, 0, 0, 0, 0, 0, 0, 0, 0, 0, 0, 0, 0, 0, 0, 0, 0, 0, 0, 0, 0, 0, 0, 0, 0, 0, 0, 0, 0, 0, 0, 0, 0, 0, 0, 0, 0, 0, 0, : 5, 2, 9, 4, 7, 7, 4, 2, 2, 22, 11, 10, 3, 1, 14, 11, 4, 8, 4, 21, 1, 18, 5, 22, 13, 3, 1, 24, 14, 4, 16, 1, 21, 7, 2, 1, 1, 1, 6, 10, 9, 8, 5, 9, 5, 11, 17, 5, 3, 18, 2, 7, 3, 2, 6, 20, 8, 9, 
41: 11, 29, 5, 5, 1, 23, 30, 26, 1, 10, 8, 8, 3, 1, 1, 20, 6, 2, 26, 9, 2, 4, 1, 13, 19, 7, 7, 4, 28, 1, 2, 16, 4, 2, 6, 4, 1, 1, 17, 28, 16, 9, 6, 3, 3, 10, 2, 3, 16, 9, 4, 3, 16, 22, 19, 2, 3, 23, 10, 11, 3, 23, 0, 0, 0, 0, 0, 0, 0, 0, 0, 0, 0, 0, 0, 0, 0, 0, 0, 0, 0, 0, 0, 0, 0, 0, 0, 0, 0, 0, 0, 0, 0, 0, 0, 0, 0, 0, 0, 0, 0, 0, 0, 0, 0, 0, 0, 0, 0, 0, 0, 0, 0, 0, 0, 0, 0, 0, 0, 0, : 11, 29, 5, 5, 1, 23, 30, 26, 1, 10, 8, 8, 3, 1, 1, 20, 6, 2, 26, 9, 2, 4, 1, 13, 19, 7, 7, 4, 28, 1, 2, 16, 4, 2, 6, 4, 1, 1, 17, 28, 16, 9, 6, 3, 3, 10, 2, 3, 16, 9, 4, 3, 16, 22, 19, 2, 3, 23, 10, 11, 3, 23, 
42: 4, 5, 4, 1, 34, 5, 9, 3, 1, 21, 2, 4, 23, 10, 17, 36, 6, 2, 5, 9, 11, 1, 6, 7, 2, 30, 14, 1, 9, 32, 9, 4, 12, 7, 16, 0, 0, 0, 0, 0, 0, 0, 0, 0, 0, 0, 0, 0, 0, 0, 0, 0, 0, 0, 0, 0, 0, 0, 0, 0, 0, 0, 0, 0, 0, 0, 0, 0, 0, 0, 0, 0, 0, 0, 0, 0, 0, 0, 0, 0, 0, 0, 0, 0, 0, 0, 0, 0, 0, 0, 0, 0, 0, 0, 0, 0, 0, 0, 0, 0, 0, 0, 0, 0, 0, 0, 0, 0, 0, 0, 0, 0, 0, 0, 0, 0, 0, 0, 0, 0, : 4, 5, 4, 1, 34, 5, 9, 3, 1, 21, 2, 4, 23, 10, 17, 36, 6, 2, 5, 9, 11, 1, 6, 7, 2, 30, 14, 1, 9, 32, 9, 4, 12, 7, 16, 
43: 20, 7, 1, 11, 7, 11, 8, 14, 2, 5, 20, 6, 3, 3, 4, 1, 3, 3, 4, 5, 5, 1, 4, 10, 21, 27, 3, 3, 2, 4, 23, 4, 1, 4, 1, 16, 6, 3, 1, 10, 5, 9, 1, 1, 6, 2, 1, 11, 14, 6, 1, 8, 11, 2, 6, 12, 7, 7, 25, 11, 28, 23, 1, 29, 1, 2, 6, 3, 2, 1, 0, 0, 0, 0, 0, 0, 0, 0, 0, 0, 0, 0, 0, 0, 0, 0, 0, 0, 0, 0, 0, 0, 0, 0, 0, 0, 0, 0, 0, 0, 0, 0, 0, 0, 0, 0, 0, 0, 0, 0, 0, 0, 0, 0, 0, 0, 0, 0, 0, 0, : 20, 7, 1, 11, 7, 11, 8, 14, 2, 5, 20, 6, 3, 3, 4, 1, 3, 3, 4, 5, 5, 1, 4, 10, 21, 27, 3, 3, 2, 4, 23, 4, 1, 4, 1, 16, 6, 3, 1, 10, 5, 9, 1, 1, 6, 2, 1, 11, 14, 6, 1, 8, 11, 2, 6, 12, 7, 7, 25, 11, 28, 23, 1, 29, 1, 2, 6, 3, 2, 1, 
44: 30, 1, 12, 2, 11, 35, 31, 1, 3, 1, 2, 7, 12, 1, 7, 1, 17, 18, 8, 3, 8, 2, 3, 4, 30, 6, 2, 1, 2, 7, 2, 8, 1, 30, 2, 1, 2, 4, 7, 4, 20, 25, 1, 2, 4, 5, 20, 7, 21, 9, 3, 1, 0, 0, 0, 0, 0, 0, 0, 0, 0, 0, 0, 0, 0, 0, 0, 0, 0, 0, 0, 0, 0, 0, 0, 0, 0, 0, 0, 0, 0, 0, 0, 0, 0, 0, 0, 0, 0, 0, 0, 0, 0, 0, 0, 0, 0, 0, 0, 0, 0, 0, 0, 0, 0, 0, 0, 0, 0, 0, 0, 0, 0, 0, 0, 0, 0, 0, 0, 0, : 30, 1, 12, 2, 11, 35, 31, 1, 3, 1, 2, 7, 12, 1, 7, 1, 17, 18, 8, 3, 8, 2, 3, 4, 30, 6, 2, 1, 2, 7, 2, 8, 1, 30, 2, 1, 2, 4, 7, 4, 20, 25, 1, 2, 4, 5, 20, 7, 21, 9, 3, 1, 
45: 8, 6, 12, 17, 13, 12, 22, 14, 6, 2, 10, 11, 2, 3, 12, 1, 32, 4, 16, 19, 6, 24, 11, 11, 35, 10, 6, 25, 1, 8, 6, 8, 7, 29, 4, 8, 6, 29, 2, 10, 15, 4, 3, 1, 2, 4, 4, 2, 2, 6, 20, 1, 2, 17, 2, 3, 14, 13, 4, 4, 1, 2, 9, 3, 2, 4, 9, 4, 3, 1, 8, 1, 7, 8, 1, 0, 0, 0, 0, 0, 0, 0, 0, 0, 0, 0, 0, 0, 0, 0, 0, 0, 0, 0, 0, 0, 0, 0, 0, 0, 0, 0, 0, 0, 0, 0, 0, 0, 0, 0, 0, 0, 0, 0, 0, 0, 0, 0, 0, 0, : 8, 6, 12, 17, 13, 12, 22, 14, 6, 2, 10, 11, 2, 3, 12, 1, 32, 4, 16, 19, 6, 24, 11, 11, 35, 10, 6, 25, 1, 8, 6, 8, 7, 29, 4, 8, 6, 29, 2, 10, 15, 4, 3, 1, 2, 4, 4, 2, 2, 6, 20, 1, 2, 17, 2, 3, 14, 13, 4, 4, 1, 2, 9, 3, 2, 4, 9, 4, 3, 1, 8, 1, 7, 8, 1, 
46: 14, 12, 13, 15, 1, 1, 1, 9, 1, 3, 8, 11, 5, 5, 10, 12, 3, 2, 14, 24, 13, 1, 8, 1, 4, 9, 5, 3, 9, 1, 16, 5, 8, 1, 7, 9, 8, 7, 1, 1, 8, 29, 20, 0, 0, 0, 0, 0, 0, 0, 0, 0, 0, 0, 0, 0, 0, 0, 0, 0, 0, 0, 0, 0, 0, 0, 0, 0, 0, 0, 0, 0, 0, 0, 0, 0, 0, 0, 0, 0, 0, 0, 0, 0, 0, 0, 0, 0, 0, 0, 0, 0, 0, 0, 0, 0, 0, 0, 0, 0, 0, 0, 0, 0, 0, 0, 0, 0, 0, 0, 0, 0, 0, 0, 0, 0, 0, 0, 0, 0, : 14, 12, 13, 15, 1, 1, 1, 9, 1, 3, 8, 11, 5, 5, 10, 12, 3, 2, 14, 24, 13, 1, 8, 1, 4, 9, 5, 3, 9, 1, 16, 5, 8, 1, 7, 9, 8, 7, 1, 1, 8, 29, 20, 
47: 22, 1, 21, 1, 7, 13, 25, 4, 3, 3, 1, 11, 2, 3, 2, 9, 1, 10, 15, 7, 1, 6, 12, 8, 12, 1, 3, 7, 11, 6, 4, 31, 14, 15, 4, 26, 3, 15, 32, 6, 2, 6, 6, 13, 3, 25, 4, 29, 7, 4, 9, 8, 1, 1, 4, 34, 30, 6, 7, 1, 1, 3, 11, 5, 0, 0, 0, 0, 0, 0, 0, 0, 0, 0, 0, 0, 0, 0, 0, 0, 0, 0, 0, 0, 0, 0, 0, 0, 0, 0, 0, 0, 0, 0, 0, 0, 0, 0, 0, 0, 0, 0, 0, 0, 0, 0, 0, 0, 0, 0, 0, 0, 0, 0, 0, 0, 0, 0, 0, 0, : 22, 1, 21, 1, 7, 13, 25, 4, 3, 3, 1, 11, 2, 3, 2, 9, 1, 10, 15, 7, 1, 6, 12, 8, 12, 1, 3, 7, 11, 6, 4, 31, 14, 15, 4, 26, 3, 15, 32, 6, 2, 6, 6, 13, 3, 25, 4, 29, 7, 4, 9, 8, 1, 1, 4, 34, 30, 6, 7, 1, 1, 3, 11, 5, 
48: 24, 3, 6, 5, 10, 25, 16, 4, 6, 1, 1, 13, 3, 20, 2, 1, 2, 1, 3, 23, 8, 1, 1, 1, 7, 1, 25, 8, 6, 2, 1, 8, 9, 7, 7, 6, 1, 5, 25, 5, 0, 0, 0, 0, 0, 0, 0, 0, 0, 0, 0, 0, 0, 0, 0, 0, 0, 0, 0, 0, 0, 0, 0, 0, 0, 0, 0, 0, 0, 0, 0, 0, 0, 0, 0, 0, 0, 0, 0, 0, 0, 0, 0, 0, 0, 0, 0, 0, 0, 0, 0, 0, 0, 0, 0, 0, 0, 0, 0, 0, 0, 0, 0, 0, 0, 0, 0, 0, 0, 0, 0, 0, 0, 0, 0, 0, 0, 0, 0, 0, : 24, 3, 6, 5, 10, 25, 16, 4, 6, 1, 1, 13, 3, 20, 2, 1, 2, 1, 3, 23, 8, 1, 1, 1, 7, 1, 25, 8, 6, 2, 1, 8, 9, 7, 7, 6, 1, 5, 25, 5, 
49: 13, 12, 5, 1, 10, 1, 4, 2, 4, 9, 5, 12, 4, 28, 2, 2, 7, 7, 1, 2, 1, 2, 13, 3, 2, 8, 8, 3, 10, 2, 14, 3, 3, 7, 3, 6, 7, 21, 15, 4, 9, 9, 1, 1, 6, 2, 5, 3, 21, 22, 2, 2, 6, 26, 14, 5, 0, 0, 0, 0, 0, 0, 0, 0, 0, 0, 0, 0, 0, 0, 0, 0, 0, 0, 0, 0, 0, 0, 0, 0, 0, 0, 0, 0, 0, 0, 0, 0, 0, 0, 0, 0, 0, 0, 0, 0, 0, 0, 0, 0, 0, 0, 0, 0, 0, 0, 0, 0, 0, 0, 0, 0, 0, 0, 0, 0, 0, 0, 0, 0, : 13, 12, 5, 1, 10, 1, 4, 2, 4, 9, 5, 12, 4, 28, 2, 2, 7, 7, 1, 2, 1, 2, 13, 3, 2, 8, 8, 3, 10, 2, 14, 3, 3, 7, 3, 6, 7, 21, 15, 4, 9, 9, 1, 1, 6, 2, 5, 3, 21, 22, 2, 2, 6, 26, 14, 5, 
50: 2, 14, 8, 29, 2, 3, 2, 5, 4, 33, 1, 11, 14, 2, 29, 25, 3, 11, 11, 1, 1, 2, 13, 3, 8, 10, 4, 16, 5, 4, 5, 2, 2, 2, 6, 18, 13, 17, 20, 7, 8, 6, 5, 2, 5, 11, 5, 2, 1, 26, 0, 0, 0, 0, 0, 0, 0, 0, 0, 0, 0, 0, 0, 0, 0, 0, 0, 0, 0, 0, 0, 0, 0, 0, 0, 0, 0, 0, 0, 0, 0, 0, 0, 0, 0, 0, 0, 0, 0, 0, 0, 0, 0, 0, 0, 0, 0, 0, 0, 0, 0, 0, 0, 0, 0, 0, 0, 0, 0, 0, 0, 0, 0, 0, 0, 0, 0, 0, 0, 0, : 2, 14, 8, 29, 2, 3, 2, 5, 4, 33, 1, 11, 14, 2, 29, 25, 3, 11, 11, 1, 1, 2, 13, 3, 8, 10, 4, 16, 5, 4, 5, 2, 2, 2, 6, 18, 13, 17, 20, 7, 8, 6, 5, 2, 5, 11, 5, 2, 1, 26, 
51: 10, 4, 2, 6, 13, 1, 12, 20, 8, 6, 13, 10, 25, 17, 17, 2, 18, 9, 35, 11, 4, 2, 7, 2, 10, 6, 3, 12, 4, 1, 3, 2, 5, 6, 1, 19, 2, 3, 15, 1, 15, 27, 4, 20, 4, 1, 18, 3, 1, 31, 21, 29, 8, 9, 4, 33, 7, 12, 5, 23, 3, 4, 16, 8, 2, 2, 1, 0, 0, 0, 0, 0, 0, 0, 0, 0, 0, 0, 0, 0, 0, 0, 0, 0, 0, 0, 0, 0, 0, 0, 0, 0, 0, 0, 0, 0, 0, 0, 0, 0, 0, 0, 0, 0, 0, 0, 0, 0, 0, 0, 0, 0, 0, 0, 0, 0, 0, 0, 0, 0, : 10, 4, 2, 6, 13, 1, 12, 20, 8, 6, 13, 10, 25, 17, 17, 2, 18, 9, 35, 11, 4, 2, 7, 2, 10, 6, 3, 12, 4, 1, 3, 2, 5, 6, 1, 19, 2, 3, 15, 1, 15, 27, 4, 20, 4, 1, 18, 3, 1, 31, 21, 29, 8, 9, 4, 33, 7, 12, 5, 23, 3, 4, 16, 8, 2, 2, 1, 
52: 3, 6, 20, 18, 3, 13, 6, 4, 9, 10, 34, 11, 6, 2, 9, 5, 2, 5, 14, 5, 2, 1, 1, 12, 4, 4, 7, 16, 8, 10, 7, 1, 2, 7, 1, 13, 14, 4, 7, 4, 6, 7, 21, 14, 3, 5, 27, 5, 3, 11, 19, 11, 11, 18, 16, 20, 8, 1, 2, 11, 26, 4, 3, 0, 0, 0, 0, 0, 0, 0, 0, 0, 0, 0, 0, 0, 0, 0, 0, 0, 0, 0, 0, 0, 0, 0, 0, 0, 0, 0, 0, 0, 0, 0, 0, 0, 0, 0, 0, 0, 0, 0, 0, 0, 0, 0, 0, 0, 0, 0, 0, 0, 0, 0, 0, 0, 0, 0, 0, 0, : 3, 6, 20, 18, 3, 13, 6, 4, 9, 10, 34, 11, 6, 2, 9, 5, 2, 5, 14, 5, 2, 1, 1, 12, 4, 4, 7, 16, 8, 10, 7, 1, 2, 7, 1, 13, 14, 4, 7, 4, 6, 7, 21, 14, 3, 5, 27, 5, 3, 11, 19, 11, 11, 18, 16, 20, 8, 1, 2, 11, 26, 4, 3, 
53: 3, 7, 1, 20, 4, 16, 2, 1, 7, 30, 14, 15, 3, 26, 8, 4, 1, 9, 1, 15, 1, 4, 3, 12, 14, 21, 20, 1, 3, 5, 3, 6, 1, 12, 2, 2, 1, 2, 4, 14, 23, 2, 14, 4, 24, 12, 2, 3, 29, 5, 8, 3, 11, 4, 22, 26, 1, 22, 1, 6, 15, 19, 30, 4, 3, 7, 1, 16, 10, 37, 7, 1, 5, 2, 13, 1, 0, 0, 0, 0, 0, 0, 0, 0, 0, 0, 0, 0, 0, 0, 0, 0, 0, 0, 0, 0, 0, 0, 0, 0, 0, 0, 0, 0, 0, 0, 0, 0, 0, 0, 0, 0, 0, 0, 0, 0, 0, 0, 0, 0, : 3, 7, 1, 20, 4, 16, 2, 1, 7, 30, 14, 15, 3, 26, 8, 4, 1, 9, 1, 15, 1, 4, 3, 12, 14, 21, 20, 1, 3, 5, 3, 6, 1, 12, 2, 2, 1, 2, 4, 14, 23, 2, 14, 4, 24, 12, 2, 3, 29, 5, 8, 3, 11, 4, 22, 26, 1, 22, 1, 6, 15, 19, 30, 4, 3, 7, 1, 16, 10, 37, 7, 1, 5, 2, 13, 1, 
54: 14, 5, 4, 1, 1, 25, 3, 2, 15, 2, 2, 1, 1, 3, 1, 25, 2, 6, 4, 22, 1, 31, 9, 6, 11, 2, 1, 16, 5, 3, 7, 3, 3, 8, 10, 6, 15, 1, 18, 3, 5, 0, 0, 0, 0, 0, 0, 0, 0, 0, 0, 0, 0, 0, 0, 0, 0, 0, 0, 0, 0, 0, 0, 0, 0, 0, 0, 0, 0, 0, 0, 0, 0, 0, 0, 0, 0, 0, 0, 0, 0, 0, 0, 0, 0, 0, 0, 0, 0, 0, 0, 0, 0, 0, 0, 0, 0, 0, 0, 0, 0, 0, 0, 0, 0, 0, 0, 0, 0, 0, 0, 0, 0, 0, 0, 0, 0, 0, 0, 0, : 14, 5, 4, 1, 1, 25, 3, 2, 15, 2, 2, 1, 1, 3, 1, 25, 2, 6, 4, 22, 1, 31, 9, 6, 11, 2, 1, 16, 5, 3, 7, 3, 3, 8, 10, 6, 15, 1, 18, 3, 5, 
55: 25, 15, 4, 28, 3, 2, 2, 15, 31, 3, 15, 12, 33, 1, 39, 10, 1, 1, 3, 14, 18, 6, 1, 1, 9, 2, 7, 3, 2, 9, 11, 4, 1, 13, 18, 3, 4, 9, 3, 16, 12, 26, 3, 1, 19, 4, 18, 6, 10, 4, 15, 2, 7, 13, 12, 13, 12, 2, 9, 4, 1, 3, 6, 4, 30, 0, 0, 0, 0, 0, 0, 0, 0, 0, 0, 0, 0, 0, 0, 0, 0, 0, 0, 0, 0, 0, 0, 0, 0, 0, 0, 0, 0, 0, 0, 0, 0, 0, 0, 0, 0, 0, 0, 0, 0, 0, 0, 0, 0, 0, 0, 0, 0, 0, 0, 0, 0, 0, 0, 0, : 25, 15, 4, 28, 3, 2, 2, 15, 31, 3, 15, 12, 33, 1, 39, 10, 1, 1, 3, 14, 18, 6, 1, 1, 9, 2, 7, 3, 2, 9, 11, 4, 1, 13, 18, 3, 4, 9, 3, 16, 12, 26, 3, 1, 19, 4, 18, 6, 10, 4, 15, 2, 7, 13, 12, 13, 12, 2, 9, 4, 1, 3, 6, 4, 30, 
56: 3, 23, 3, 2, 1, 2, 11, 8, 8, 4, 13, 5, 4, 7, 2, 1, 15, 1, 8, 6, 1, 2, 28, 21, 10, 6, 7, 5, 3, 1, 1, 24, 25, 25, 2, 6, 5, 2, 7, 2, 9, 13, 0, 0, 0, 0, 0, 0, 0, 0, 0, 0, 0, 0, 0, 0, 0, 0, 0, 0, 0, 0, 0, 0, 0, 0, 0, 0, 0, 0, 0, 0, 0, 0, 0, 0, 0, 0, 0, 0, 0, 0, 0, 0, 0, 0, 0, 0, 0, 0, 0, 0, 0, 0, 0, 0, 0, 0, 0, 0, 0, 0, 0, 0, 0, 0, 0, 0, 0, 0, 0, 0, 0, 0, 0, 0, 0, 0, 0, 0, : 3, 23, 3, 2, 1, 2, 11, 8, 8, 4, 13, 5, 4, 7, 2, 1, 15, 1, 8, 6, 1, 2, 28, 21, 10, 6, 7, 5, 3, 1, 1, 24, 25, 25, 2, 6, 5, 2, 7, 2, 9, 13, 
57: 15, 6, 4, 6, 1, 28, 4, 3, 7, 15, 5, 11, 10, 22, 23, 7, 12, 4, 11, 2, 11, 3, 35, 2, 8, 1, 18, 1, 5, 10, 1, 17, 3, 1, 12, 9, 23, 6, 4, 25, 1, 1, 1, 16, 16, 1, 7, 8, 2, 13, 5, 9, 18, 3, 1, 1, 15, 0, 0, 0, 0, 0, 0, 0, 0, 0, 0, 0, 0, 0, 0, 0, 0, 0, 0, 0, 0, 0, 0, 0, 0, 0, 0, 0, 0, 0, 0, 0, 0, 0, 0, 0, 0, 0, 0, 0, 0, 0, 0, 0, 0, 0, 0, 0, 0, 0, 0, 0, 0, 0, 0, 0, 0, 0, 0, 0, 0, 0, 0, 0, : 15, 6, 4, 6, 1, 28, 4, 3, 7, 15, 5, 11, 10, 22, 23, 7, 12, 4, 11, 2, 11, 3, 35, 2, 8, 1, 18, 1, 5, 10, 1, 17, 3, 1, 12, 9, 23, 6, 4, 25, 1, 1, 1, 16, 16, 1, 7, 8, 2, 13, 5, 9, 18, 3, 1, 1, 15, 
58: 22, 10, 3, 5, 23, 3, 1, 11, 21, 1, 21, 10, 2, 1, 19, 14, 3, 2, 17, 2, 19, 7, 30, 2, 4, 18, 1, 17, 4, 13, 27, 2, 11, 3, 1, 10, 2, 4, 5, 1, 24, 2, 1, 16, 2, 1, 20, 3, 16, 1, 7, 14, 2, 2, 10, 8, 1, 2, 25, 5, 10, 1, 6, 1, 5, 12, 30, 1, 10, 7, 4, 3, 1, 4, 1, 16, 4, 21, 2, 28, 0, 0, 0, 0, 0, 0, 0, 0, 0, 0, 0, 0, 0, 0, 0, 0, 0, 0, 0, 0, 0, 0, 0, 0, 0, 0, 0, 0, 0, 0, 0, 0, 0, 0, 0, 0, 0, 0, 0, 0, : 22, 10, 3, 5, 23, 3, 1, 11, 21, 1, 21, 10, 2, 1, 19, 14, 3, 2, 17, 2, 19, 7, 30, 2, 4, 18, 1, 17, 4, 13, 27, 2, 11, 3, 1, 10, 2, 4, 5, 1, 24, 2, 1, 16, 2, 1, 20, 3, 16, 1, 7, 14, 2, 2, 10, 8, 1, 2, 25, 5, 10, 1, 6, 1, 5, 12, 30, 1, 10, 7, 4, 3, 1, 4, 1, 16, 4, 21, 2, 28, 
59: 2, 1, 10, 20, 1, 2, 4, 1, 1, 31, 6, 1, 3, 7, 6, 8, 20, 1, 4, 6, 17, 5, 7, 2, 9, 3, 16, 9, 1, 25, 8, 1, 1, 7, 1, 3, 6, 6, 1, 4, 14, 22, 1, 4, 31, 5, 2, 3, 0, 0, 0, 0, 0, 0, 0, 0, 0, 0, 0, 0, 0, 0, 0, 0, 0, 0, 0, 0, 0, 0, 0, 0, 0, 0, 0, 0, 0, 0, 0, 0, 0, 0, 0, 0, 0, 0, 0, 0, 0, 0, 0, 0, 0, 0, 0, 0, 0, 0, 0, 0, 0, 0, 0, 0, 0, 0, 0, 0, 0, 0, 0, 0, 0, 0, 0, 0, 0, 0, 0, 0, : 2, 1, 10, 20, 1, 2, 4, 1, 1, 31, 6, 1, 3, 7, 6, 8, 20, 1, 4, 6, 17, 5, 7, 2, 9, 3, 16, 9, 1, 25, 8, 1, 1, 7, 1, 3, 6, 6, 1, 4, 14, 22, 1, 4, 31, 5, 2, 3, 
60: 2, 26, 25, 12, 3, 1, 6, 10, 16, 1, 4, 2, 6, 9, 4, 2, 4, 1, 9, 20, 10, 1, 17, 6, 17, 3, 13, 5, 3, 10, 13, 3, 4, 15, 3, 7, 3, 3, 7, 2, 6, 6, 12, 1, 4, 9, 2, 4, 7, 9, 0, 0, 0, 0, 0, 0, 0, 0, 0, 0, 0, 0, 0, 0, 0, 0, 0, 0, 0, 0, 0, 0, 0, 0, 0, 0, 0, 0, 0, 0, 0, 0, 0, 0, 0, 0, 0, 0, 0, 0, 0, 0, 0, 0, 0, 0, 0, 0, 0, 0, 0, 0, 0, 0, 0, 0, 0, 0, 0, 0, 0, 0, 0, 0, 0, 0, 0, 0, 0, 0, : 2, 26, 25, 12, 3, 1, 6, 10, 16, 1, 4, 2, 6, 9, 4, 2, 4, 1, 9, 20, 10, 1, 17, 6, 17, 3, 13, 5, 3, 10, 13, 3, 4, 15, 3, 7, 3, 3, 7, 2, 6, 6, 12, 1, 4, 9, 2, 4, 7, 9, 
61: 8, 1, 5, 16, 28, 30, 8, 15, 5, 8, 6, 5, 16, 15, 1, 3, 4, 6, 4, 3, 2, 4, 25, 2, 5, 3, 5, 2, 17, 5, 21, 6, 5, 6, 1, 21, 12, 14, 1, 4, 4, 4, 9, 5, 1, 9, 19, 4, 29, 6, 1, 3, 19, 7, 2, 1, 1, 15, 5, 6, 14, 1, 6, 10, 2, 1, 11, 8, 8, 9, 3, 27, 4, 7, 6, 12, 26, 8, 4, 3, 16, 3, 9, 5, 17, 2, 19, 4, 2, 19, 4, 2, 0, 0, 0, 0, 0, 0, 0, 0, 0, 0, 0, 0, 0, 0, 0, 0, 0, 0, 0, 0, 0, 0, 0, 0, 0, 0, 0, 0, : 8, 1, 5, 16, 28, 30, 8, 15, 5, 8, 6, 5, 16, 15, 1, 3, 4, 6, 4, 3, 2, 4, 25, 2, 5, 3, 5, 2, 17, 5, 21, 6, 5, 6, 1, 21, 12, 14, 1, 4, 4, 4, 9, 5, 1, 9, 19, 4, 29, 6, 1, 3, 19, 7, 2, 1, 1, 15, 5, 6, 14, 1, 6, 10, 2, 1, 11, 8, 8, 9, 3, 27, 4, 7, 6, 12, 26, 8, 4, 3, 16, 3, 9, 5, 17, 2, 19, 4, 2, 19, 4, 2, 
62: 6, 2, 14, 3, 8, 1, 8, 6, 25, 10, 11, 28, 1, 4, 24, 12, 1, 3, 3, 8, 9, 9, 19, 2, 1, 2, 4, 1, 3, 15, 1, 18, 3, 4, 6, 12, 12, 2, 1, 3, 1, 6, 5, 7, 2, 6, 1, 4, 7, 3, 25, 3, 19, 10, 5, 23, 5, 15, 23, 2, 13, 4, 1, 2, 4, 1, 9, 16, 5, 8, 5, 0, 0, 0, 0, 0, 0, 0, 0, 0, 0, 0, 0, 0, 0, 0, 0, 0, 0, 0, 0, 0, 0, 0, 0, 0, 0, 0, 0, 0, 0, 0, 0, 0, 0, 0, 0, 0, 0, 0, 0, 0, 0, 0, 0, 0, 0, 0, 0, 0, : 6, 2, 14, 3, 8, 1, 8, 6, 25, 10, 11, 28, 1, 4, 24, 12, 1, 3, 3, 8, 9, 9, 19, 2, 1, 2, 4, 1, 3, 15, 1, 18, 3, 4, 6, 12, 12, 2, 1, 3, 1, 6, 5, 7, 2, 6, 1, 4, 7, 3, 25, 3, 19, 10, 5, 23, 5, 15, 23, 2, 13, 4, 1, 2, 4, 1, 9, 16, 5, 8, 5, 
63: 8, 20, 8, 4, 1, 2, 13, 3, 18, 19, 2, 2, 12, 16, 1, 3, 6, 12, 1, 20, 36, 8, 8, 3, 5, 7, 4, 14, 1, 13, 13, 13, 6, 3, 6, 4, 0, 0, 0, 0, 0, 0, 0, 0, 0, 0, 0, 0, 0, 0, 0, 0, 0, 0, 0, 0, 0, 0, 0, 0, 0, 0, 0, 0, 0, 0, 0, 0, 0, 0, 0, 0, 0, 0, 0, 0, 0, 0, 0, 0, 0, 0, 0, 0, 0, 0, 0, 0, 0, 0, 0, 0, 0, 0, 0, 0, 0, 0, 0, 0, 0, 0, 0, 0, 0, 0, 0, 0, 0, 0, 0, 0, 0, 0, 0, 0, 0, 0, 0, 0, : 8, 20, 8, 4, 1, 2, 13, 3, 18, 19, 2, 2, 12, 16, 1, 3, 6, 12, 1, 20, 36, 8, 8, 3, 5, 7, 4, 14, 1, 13, 13, 13, 6, 3, 6, 4, 
64: 3, 4, 5, 6, 3, 11, 1, 5, 6, 8, 1, 7, 5, 3, 12, 1, 28, 3, 4, 15, 2, 1, 9, 3, 1, 5, 25, 7, 1, 18, 6, 2, 18, 2, 0, 0, 0, 0, 0, 0, 0, 0, 0, 0, 0, 0, 0, 0, 0, 0, 0, 0, 0, 0, 0, 0, 0, 0, 0, 0, 0, 0, 0, 0, 0, 0, 0, 0, 0, 0, 0, 0, 0, 0, 0, 0, 0, 0, 0, 0, 0, 0, 0, 0, 0, 0, 0, 0, 0, 0, 0, 0, 0, 0, 0, 0, 0, 0, 0, 0, 0, 0, 0, 0, 0, 0, 0, 0, 0, 0, 0, 0, 0, 0, 0, 0, 0, 0, 0, 0, : 3, 4, 5, 6, 3, 11, 1, 5, 6, 8, 1, 7, 5, 3, 12, 1, 28, 3, 4, 15, 2, 1, 9, 3, 1, 5, 25, 7, 1, 18, 6, 2, 18, 2, 
65: 6, 4, 9, 12, 16, 11, 4, 17, 10, 2, 10, 3, 7, 4, 7, 5, 5, 8, 1, 11, 2, 1, 28, 4, 1, 12, 17, 10, 1, 3, 8, 19, 25, 4, 8, 13, 14, 1, 1, 6, 2, 6, 2, 0, 0, 0, 0, 0, 0, 0, 0, 0, 0, 0, 0, 0, 0, 0, 0, 0, 0, 0, 0, 0, 0, 0, 0, 0, 0, 0, 0, 0, 0, 0, 0, 0, 0, 0, 0, 0, 0, 0, 0, 0, 0, 0, 0, 0, 0, 0, 0, 0, 0, 0, 0, 0, 0, 0, 0, 0, 0, 0, 0, 0, 0, 0, 0, 0, 0, 0, 0, 0, 0, 0, 0, 0, 0, 0, 0, 0, : 6, 4, 9, 12, 16, 11, 4, 17, 10, 2, 10, 3, 7, 4, 7, 5, 5, 8, 1, 11, 2, 1, 28, 4, 1, 12, 17, 10, 1, 3, 8, 19, 25, 4, 8, 13, 14, 1, 1, 6, 2, 6, 2, 
66: 9, 5, 1, 16, 23, 5, 4, 2, 2, 1, 5, 5, 5, 28, 1, 18, 5, 4, 1, 7, 2, 2, 1, 28, 5, 4, 6, 14, 28, 4, 3, 18, 1, 13, 2, 11, 2, 1, 6, 3, 21, 3, 1, 2, 10, 3, 2, 1, 11, 1, 4, 4, 17, 1, 7, 2, 0, 0, 0, 0, 0, 0, 0, 0, 0, 0, 0, 0, 0, 0, 0, 0, 0, 0, 0, 0, 0, 0, 0, 0, 0, 0, 0, 0, 0, 0, 0, 0, 0, 0, 0, 0, 0, 0, 0, 0, 0, 0, 0, 0, 0, 0, 0, 0, 0, 0, 0, 0, 0, 0, 0, 0, 0, 0, 0, 0, 0, 0, 0, 0, : 9, 5, 1, 16, 23, 5, 4, 2, 2, 1, 5, 5, 5, 28, 1, 18, 5, 4, 1, 7, 2, 2, 1, 28, 5, 4, 6, 14, 28, 4, 3, 18, 1, 13, 2, 11, 2, 1, 6, 3, 21, 3, 1, 2, 10, 3, 2, 1, 11, 1, 4, 4, 17, 1, 7, 2, 
67: 10, 6, 21, 2, 3, 5, 1, 3, 32, 12, 2, 5, 3, 8, 16, 9, 9, 15, 4, 5, 2, 35, 17, 31, 1, 6, 11, 5, 2, 11, 32, 6, 13, 2, 19, 11, 5, 19, 3, 2, 12, 15, 20, 21, 3, 17, 11, 7, 7, 1, 11, 5, 2, 3, 1, 3, 0, 0, 0, 0, 0, 0, 0, 0, 0, 0, 0, 0, 0, 0, 0, 0, 0, 0, 0, 0, 0, 0, 0, 0, 0, 0, 0, 0, 0, 0, 0, 0, 0, 0, 0, 0, 0, 0, 0, 0, 0, 0, 0, 0, 0, 0, 0, 0, 0, 0, 0, 0, 0, 0, 0, 0, 0, 0, 0, 0, 0, 0, 0, 0, : 10, 6, 21, 2, 3, 5, 1, 3, 32, 12, 2, 5, 3, 8, 16, 9, 9, 15, 4, 5, 2, 35, 17, 31, 1, 6, 11, 5, 2, 11, 32, 6, 13, 2, 19, 11, 5, 19, 3, 2, 12, 15, 20, 21, 3, 17, 11, 7, 7, 1, 11, 5, 2, 3, 1, 3, 
68: 6, 10, 1, 5, 18, 27, 1, 4, 9, 4, 12, 3, 2, 6, 4, 4, 17, 7, 6, 1, 2, 9, 29, 5, 2, 4, 14, 6, 1, 2, 27, 4, 1, 1, 2, 3, 14, 8, 19, 13, 16, 6, 8, 3, 12, 1, 0, 0, 0, 0, 0, 0, 0, 0, 0, 0, 0, 0, 0, 0, 0, 0, 0, 0, 0, 0, 0, 0, 0, 0, 0, 0, 0, 0, 0, 0, 0, 0, 0, 0, 0, 0, 0, 0, 0, 0, 0, 0, 0, 0, 0, 0, 0, 0, 0, 0, 0, 0, 0, 0, 0, 0, 0, 0, 0, 0, 0, 0, 0, 0, 0, 0, 0, 0, 0, 0, 0, 0, 0, 0, : 6, 10, 1, 5, 18, 27, 1, 4, 9, 4, 12, 3, 2, 6, 4, 4, 17, 7, 6, 1, 2, 9, 29, 5, 2, 4, 14, 6, 1, 2, 27, 4, 1, 1, 2, 3, 14, 8, 19, 13, 16, 6, 8, 3, 12, 1, 
69: 1, 4, 12, 3, 1, 3, 3, 8, 6, 11, 2, 1, 4, 5, 21, 1, 2, 6, 8, 14, 25, 15, 4, 5, 4, 10, 5, 4, 12, 6, 3, 12, 36, 9, 6, 1, 6, 17, 4, 3, 1, 17, 4, 16, 3, 1, 0, 0, 0, 0, 0, 0, 0, 0, 0, 0, 0, 0, 0, 0, 0, 0, 0, 0, 0, 0, 0, 0, 0, 0, 0, 0, 0, 0, 0, 0, 0, 0, 0, 0, 0, 0, 0, 0, 0, 0, 0, 0, 0, 0, 0, 0, 0, 0, 0, 0, 0, 0, 0, 0, 0, 0, 0, 0, 0, 0, 0, 0, 0, 0, 0, 0, 0, 0, 0, 0, 0, 0, 0, 0, : 1, 4, 12, 3, 1, 3, 3, 8, 6, 11, 2, 1, 4, 5, 21, 1, 2, 6, 8, 14, 25, 15, 4, 5, 4, 10, 5, 4, 12, 6, 3, 12, 36, 9, 6, 1, 6, 17, 4, 3, 1, 17, 4, 16, 3, 1, 
70: 2, 3, 19, 12, 10, 22, 19, 9, 7, 3, 5, 12, 3, 3, 3, 2, 1, 3, 3, 1, 2, 7, 26, 5, 4, 15, 5, 1, 1, 4, 1, 7, 1, 2, 9, 1, 21, 17, 16, 7, 10, 10, 1, 7, 13, 2, 13, 22, 2, 16, 5, 17, 26, 2, 13, 7, 11, 8, 1, 10, 14, 4, 1, 7, 2, 1, 0, 0, 0, 0, 0, 0, 0, 0, 0, 0, 0, 0, 0, 0, 0, 0, 0, 0, 0, 0, 0, 0, 0, 0, 0, 0, 0, 0, 0, 0, 0, 0, 0, 0, 0, 0, 0, 0, 0, 0, 0, 0, 0, 0, 0, 0, 0, 0, 0, 0, 0, 0, 0, 0, : 2, 3, 19, 12, 10, 22, 19, 9, 7, 3, 5, 12, 3, 3, 3, 2, 1, 3, 3, 1, 2, 7, 26, 5, 4, 15, 5, 1, 1, 4, 1, 7, 1, 2, 9, 1, 21, 17, 16, 7, 10, 10, 1, 7, 13, 2, 13, 22, 2, 16, 5, 17, 26, 2, 13, 7, 11, 8, 1, 10, 14, 4, 1, 7, 2, 1, 
71: 11, 2, 4, 22, 4, 3, 1, 14, 2, 10, 16, 9, 10, 5, 4, 22, 1, 27, 1, 2, 1, 27, 10, 3, 6, 1, 8, 1, 2, 19, 9, 9, 4, 9, 12, 7, 2, 2, 9, 1, 18, 6, 9, 1, 5, 1, 4, 26, 34, 1, 0, 0, 0, 0, 0, 0, 0, 0, 0, 0, 0, 0, 0, 0, 0, 0, 0, 0, 0, 0, 0, 0, 0, 0, 0, 0, 0, 0, 0, 0, 0, 0, 0, 0, 0, 0, 0, 0, 0, 0, 0, 0, 0, 0, 0, 0, 0, 0, 0, 0, 0, 0, 0, 0, 0, 0, 0, 0, 0, 0, 0, 0, 0, 0, 0, 0, 0, 0, 0, 0, : 11, 2, 4, 22, 4, 3, 1, 14, 2, 10, 16, 9, 10, 5, 4, 22, 1, 27, 1, 2, 1, 27, 10, 3, 6, 1, 8, 1, 2, 19, 9, 9, 4, 9, 12, 7, 2, 2, 9, 1, 18, 6, 9, 1, 5, 1, 4, 26, 34, 1, 
72: 2, 3, 1, 1, 12, 7, 3, 8, 1, 4, 16, 1, 27, 1, 20, 24, 8, 23, 1, 3, 12, 4, 6, 3, 7, 1, 22, 2, 3, 7, 9, 21, 12, 1, 6, 2, 3, 3, 12, 23, 10, 3, 12, 14, 20, 21, 6, 21, 7, 6, 10, 2, 21, 4, 1, 12, 5, 5, 15, 18, 4, 0, 0, 0, 0, 0, 0, 0, 0, 0, 0, 0, 0, 0, 0, 0, 0, 0, 0, 0, 0, 0, 0, 0, 0, 0, 0, 0, 0, 0, 0, 0, 0, 0, 0, 0, 0, 0, 0, 0, 0, 0, 0, 0, 0, 0, 0, 0, 0, 0, 0, 0, 0, 0, 0, 0, 0, 0, 0, 0, : 2, 3, 1, 1, 12, 7, 3, 8, 1, 4, 16, 1, 27, 1, 20, 24, 8, 23, 1, 3, 12, 4, 6, 3, 7, 1, 22, 2, 3, 7, 9, 21, 12, 1, 6, 2, 3, 3, 12, 23, 10, 3, 12, 14, 20, 21, 6, 21, 7, 6, 10, 2, 21, 4, 1, 12, 5, 5, 15, 18, 4, 
73: 8, 19, 2, 7, 2, 1, 8, 1, 1, 1, 12, 7, 6, 20, 1, 1, 5, 1, 1, 8, 14, 23, 30, 15, 1, 3, 17, 5, 3, 1, 15, 7, 18, 7, 1, 4, 4, 33, 6, 6, 4, 3, 29, 26, 1, 1, 7, 11, 4, 14, 2, 2, 10, 11, 2, 3, 5, 0, 0, 0, 0, 0, 0, 0, 0, 0, 0, 0, 0, 0, 0, 0, 0, 0, 0, 0, 0, 0, 0, 0, 0, 0, 0, 0, 0, 0, 0, 0, 0, 0, 0, 0, 0, 0, 0, 0, 0, 0, 0, 0, 0, 0, 0, 0, 0, 0, 0, 0, 0, 0, 0, 0, 0, 0, 0, 0, 0, 0, 0, 0, : 8, 19, 2, 7, 2, 1, 8, 1, 1, 1, 12, 7, 6, 20, 1, 1, 5, 1, 1, 8, 14, 23, 30, 15, 1, 3, 17, 5, 3, 1, 15, 7, 18, 7, 1, 4, 4, 33, 6, 6, 4, 3, 29, 26, 1, 1, 7, 11, 4, 14, 2, 2, 10, 11, 2, 3, 5, 
74: 8, 11, 8, 29, 8, 14, 15, 7, 15, 5, 5, 22, 4, 1, 10, 4, 6, 5, 2, 3, 4, 5, 1, 6, 3, 17, 1, 4, 6, 2, 30, 2, 4, 1, 1, 8, 2, 4, 1, 6, 7, 7, 4, 4, 7, 1, 7, 18, 32, 2, 0, 0, 0, 0, 0, 0, 0, 0, 0, 0, 0, 0, 0, 0, 0, 0, 0, 0, 0, 0, 0, 0, 0, 0, 0, 0, 0, 0, 0, 0, 0, 0, 0, 0, 0, 0, 0, 0, 0, 0, 0, 0, 0, 0, 0, 0, 0, 0, 0, 0, 0, 0, 0, 0, 0, 0, 0, 0, 0, 0, 0, 0, 0, 0, 0, 0, 0, 0, 0, 0, : 8, 11, 8, 29, 8, 14, 15, 7, 15, 5, 5, 22, 4, 1, 10, 4, 6, 5, 2, 3, 4, 5, 1, 6, 3, 17, 1, 4, 6, 2, 30, 2, 4, 1, 1, 8, 2, 4, 1, 6, 7, 7, 4, 4, 7, 1, 7, 18, 32, 2, 
75: 14, 2, 2, 1, 5, 1, 1, 11, 5, 11, 10, 8, 1, 11, 2, 1, 6, 3, 30, 6, 25, 19, 1, 3, 4, 8, 25, 14, 19, 14, 35, 3, 1, 7, 20, 20, 8, 3, 4, 1, 4, 18, 6, 8, 5, 5, 5, 13, 4, 15, 1, 18, 12, 2, 8, 3, 1, 2, 0, 0, 0, 0, 0, 0, 0, 0, 0, 0, 0, 0, 0, 0, 0, 0, 0, 0, 0, 0, 0, 0, 0, 0, 0, 0, 0, 0, 0, 0, 0, 0, 0, 0, 0, 0, 0, 0, 0, 0, 0, 0, 0, 0, 0, 0, 0, 0, 0, 0, 0, 0, 0, 0, 0, 0, 0, 0, 0, 0, 0, 0, : 14, 2, 2, 1, 5, 1, 1, 11, 5, 11, 10, 8, 1, 11, 2, 1, 6, 3, 30, 6, 25, 19, 1, 3, 4, 8, 25, 14, 19, 14, 35, 3, 1, 7, 20, 20, 8, 3, 4, 1, 4, 18, 6, 8, 5, 5, 5, 13, 4, 15, 1, 18, 12, 2, 8, 3, 1, 2, 
76: 26, 3, 6, 2, 15, 2, 5, 18, 6, 25, 11, 2, 13, 12, 3, 18, 3, 5, 5, 12, 5, 8, 16, 2, 15, 8, 16, 2, 27, 15, 12, 2, 17, 5, 4, 14, 9, 8, 10, 7, 4, 11, 1, 6, 2, 1, 4, 3, 3, 1, 9, 2, 0, 0, 0, 0, 0, 0, 0, 0, 0, 0, 0, 0, 0, 0, 0, 0, 0, 0, 0, 0, 0, 0, 0, 0, 0, 0, 0, 0, 0, 0, 0, 0, 0, 0, 0, 0, 0, 0, 0, 0, 0, 0, 0, 0, 0, 0, 0, 0, 0, 0, 0, 0, 0, 0, 0, 0, 0, 0, 0, 0, 0, 0, 0, 0, 0, 0, 0, 0, : 26, 3, 6, 2, 15, 2, 5, 18, 6, 25, 11, 2, 13, 12, 3, 18, 3, 5, 5, 12, 5, 8, 16, 2, 15, 8, 16, 2, 27, 15, 12, 2, 17, 5, 4, 14, 9, 8, 10, 7, 4, 11, 1, 6, 2, 1, 4, 3, 3, 1, 9, 2, 
77: 10, 4, 9, 13, 5, 12, 12, 6, 3, 29, 37, 2, 6, 5, 1, 2, 4, 1, 2, 26, 1, 2, 24, 16, 15, 1, 14, 2, 3, 1, 7, 1, 3, 1, 5, 3, 14, 4, 3, 6, 2, 12, 5, 7, 10, 1, 6, 8, 19, 1, 1, 10, 7, 14, 1, 7, 11, 5, 5, 4, 3, 8, 2, 17, 8, 15, 2, 7, 3, 6, 5, 4, 21, 3, 4, 31, 15, 2, 3, 20, 7, 1, 3, 17, 25, 1, 26, 1, 8, 11, 2, 0, 0, 0, 0, 0, 0, 0, 0, 0, 0, 0, 0, 0, 0, 0, 0, 0, 0, 0, 0, 0, 0, 0, 0, 0, 0, 0, 0, 0, : 10, 4, 9, 13, 5, 12, 12, 6, 3, 29, 37, 2, 6, 5, 1, 2, 4, 1, 2, 26, 1, 2, 24, 16, 15, 1, 14, 2, 3, 1, 7, 1, 3, 1, 5, 3, 14, 4, 3, 6, 2, 12, 5, 7, 10, 1, 6, 8, 19, 1, 1, 10, 7, 14, 1, 7, 11, 5, 5, 4, 3, 8, 2, 17, 8, 15, 2, 7, 3, 6, 5, 4, 21, 3, 4, 31, 15, 2, 3, 20, 7, 1, 3, 17, 25, 1, 26, 1, 8, 11, 2, 
78: 1, 2, 4, 4, 4, 23, 5, 21, 19, 4, 31, 2, 7, 2, 7, 3, 8, 13, 1, 15, 2, 12, 2, 9, 30, 15, 1, 1, 4, 7, 19, 19, 34, 14, 15, 5, 3, 32, 4, 9, 5, 24, 37, 1, 3, 8, 0, 0, 0, 0, 0, 0, 0, 0, 0, 0, 0, 0, 0, 0, 0, 0, 0, 0, 0, 0, 0, 0, 0, 0, 0, 0, 0, 0, 0, 0, 0, 0, 0, 0, 0, 0, 0, 0, 0, 0, 0, 0, 0, 0, 0, 0, 0, 0, 0, 0, 0, 0, 0, 0, 0, 0, 0, 0, 0, 0, 0, 0, 0, 0, 0, 0, 0, 0, 0, 0, 0, 0, 0, 0, : 1, 2, 4, 4, 4, 23, 5, 21, 19, 4, 31, 2, 7, 2, 7, 3, 8, 13, 1, 15, 2, 12, 2, 9, 30, 15, 1, 1, 4, 7, 19, 19, 34, 14, 15, 5, 3, 32, 4, 9, 5, 24, 37, 1, 3, 8, 
79: 16, 7, 11, 15, 8, 2, 2, 5, 2, 20, 1, 4, 18, 17, 20, 1, 15, 9, 24, 7, 1, 3, 6, 4, 3, 6, 1, 2, 33, 12, 5, 7, 14, 15, 5, 10, 1, 21, 6, 7, 9, 36, 1, 25, 4, 1, 26, 6, 9, 2, 26, 0, 0, 0, 0, 0, 0, 0, 0, 0, 0, 0, 0, 0, 0, 0, 0, 0, 0, 0, 0, 0, 0, 0, 0, 0, 0, 0, 0, 0, 0, 0, 0, 0, 0, 0, 0, 0, 0, 0, 0, 0, 0, 0, 0, 0, 0, 0, 0, 0, 0, 0, 0, 0, 0, 0, 0, 0, 0, 0, 0, 0, 0, 0, 0, 0, 0, 0, 0, 0, : 16, 7, 11, 15, 8, 2, 2, 5, 2, 20, 1, 4, 18, 17, 20, 1, 15, 9, 24, 7, 1, 3, 6, 4, 3, 6, 1, 2, 33, 12, 5, 7, 14, 15, 5, 10, 1, 21, 6, 7, 9, 36, 1, 25, 4, 1, 26, 6, 9, 2, 26, 
80: 2, 1, 9, 7, 1, 1, 6, 11, 22, 13, 4, 10, 3, 27, 33, 14, 6, 2, 3, 2, 3, 1, 10, 16, 17, 1, 18, 7, 7, 22, 20, 9, 1, 1, 1, 2, 7, 4, 7, 17, 3, 13, 21, 1, 22, 1, 1, 18, 14, 9, 7, 22, 13, 14, 3, 3, 13, 12, 7, 1, 5, 3, 1, 1, 0, 0, 0, 0, 0, 0, 0, 0, 0, 0, 0, 0, 0, 0, 0, 0, 0, 0, 0, 0, 0, 0, 0, 0, 0, 0, 0, 0, 0, 0, 0, 0, 0, 0, 0, 0, 0, 0, 0, 0, 0, 0, 0, 0, 0, 0, 0, 0, 0, 0, 0, 0, 0, 0, 0, 0, : 2, 1, 9, 7, 1, 1, 6, 11, 22, 13, 4, 10, 3, 27, 33, 14, 6, 2, 3, 2, 3, 1, 10, 16, 17, 1, 18, 7, 7, 22, 20, 9, 1, 1, 1, 2, 7, 4, 7, 17, 3, 13, 21, 1, 22, 1, 1, 18, 14, 9, 7, 22, 13, 14, 3, 3, 13, 12, 7, 1, 5, 3, 1, 1, 
81: 4, 5, 13, 2, 5, 2, 15, 2, 15, 8, 2, 13, 6, 18, 22, 23, 3, 20, 8, 12, 1, 13, 26, 16, 16, 7, 8, 1, 9, 13, 3, 1, 1, 3, 8, 21, 7, 12, 1, 28, 3, 10, 24, 7, 10, 1, 3, 5, 29, 9, 5, 0, 0, 0, 0, 0, 0, 0, 0, 0, 0, 0, 0, 0, 0, 0, 0, 0, 0, 0, 0, 0, 0, 0, 0, 0, 0, 0, 0, 0, 0, 0, 0, 0, 0, 0, 0, 0, 0, 0, 0, 0, 0, 0, 0, 0, 0, 0, 0, 0, 0, 0, 0, 0, 0, 0, 0, 0, 0, 0, 0, 0, 0, 0, 0, 0, 0, 0, 0, 0, : 4, 5, 13, 2, 5, 2, 15, 2, 15, 8, 2, 13, 6, 18, 22, 23, 3, 20, 8, 12, 1, 13, 26, 16, 16, 7, 8, 1, 9, 13, 3, 1, 1, 3, 8, 21, 7, 12, 1, 28, 3, 10, 24, 7, 10, 1, 3, 5, 29, 9, 5, 
82: 1, 7, 2, 1, 3, 1, 1, 15, 1, 1, 2, 1, 2, 3, 1, 8, 13, 33, 4, 6, 6, 4, 1, 4, 2, 12, 8, 2, 5, 3, 9, 22, 15, 14, 10, 8, 6, 6, 2, 24, 3, 8, 4, 22, 14, 14, 2, 2, 1, 1, 7, 4, 1, 2, 3, 28, 1, 0, 0, 0, 0, 0, 0, 0, 0, 0, 0, 0, 0, 0, 0, 0, 0, 0, 0, 0, 0, 0, 0, 0, 0, 0, 0, 0, 0, 0, 0, 0, 0, 0, 0, 0, 0, 0, 0, 0, 0, 0, 0, 0, 0, 0, 0, 0, 0, 0, 0, 0, 0, 0, 0, 0, 0, 0, 0, 0, 0, 0, 0, 0, : 1, 7, 2, 1, 3, 1, 1, 15, 1, 1, 2, 1, 2, 3, 1, 8, 13, 33, 4, 6, 6, 4, 1, 4, 2, 12, 8, 2, 5, 3, 9, 22, 15, 14, 10, 8, 6, 6, 2, 24, 3, 8, 4, 22, 14, 14, 2, 2, 1, 1, 7, 4, 1, 2, 3, 28, 1, 
83: 5, 2, 2, 1, 16, 1, 4, 3, 3, 6, 17, 3, 7, 9, 10, 16, 2, 18, 8, 9, 5, 5, 12, 4, 31, 24, 11, 15, 3, 3, 13, 2, 4, 1, 5, 2, 15, 13, 4, 5, 1, 22, 9, 16, 7, 19, 19, 1, 2, 1, 16, 5, 5, 3, 4, 17, 6, 2, 19, 18, 1, 6, 6, 13, 14, 2, 17, 6, 7, 6, 17, 6, 0, 0, 0, 0, 0, 0, 0, 0, 0, 0, 0, 0, 0, 0, 0, 0, 0, 0, 0, 0, 0, 0, 0, 0, 0, 0, 0, 0, 0, 0, 0, 0, 0, 0, 0, 0, 0, 0, 0, 0, 0, 0, 0, 0, 0, 0, 0, 0, : 5, 2, 2, 1, 16, 1, 4, 3, 3, 6, 17, 3, 7, 9, 10, 16, 2, 18, 8, 9, 5, 5, 12, 4, 31, 24, 11, 15, 3, 3, 13, 2, 4, 1, 5, 2, 15, 13, 4, 5, 1, 22, 9, 16, 7, 19, 19, 1, 2, 1, 16, 5, 5, 3, 4, 17, 6, 2, 19, 18, 1, 6, 6, 13, 14, 2, 17, 6, 7, 6, 17, 6, 
84: 24, 1, 26, 19, 4, 1, 6, 12, 3, 6, 7, 20, 10, 28, 13, 14, 1, 25, 25, 3, 39, 1, 17, 3, 12, 16, 1, 5, 3, 20, 3, 20, 2, 2, 7, 16, 2, 0, 0, 0, 0, 0, 0, 0, 0, 0, 0, 0, 0, 0, 0, 0, 0, 0, 0, 0, 0, 0, 0, 0, 0, 0, 0, 0, 0, 0, 0, 0, 0, 0, 0, 0, 0, 0, 0, 0, 0, 0, 0, 0, 0, 0, 0, 0, 0, 0, 0, 0, 0, 0, 0, 0, 0, 0, 0, 0, 0, 0, 0, 0, 0, 0, 0, 0, 0, 0, 0, 0, 0, 0, 0, 0, 0, 0, 0, 0, 0, 0, 0, 0, : 24, 1, 26, 19, 4, 1, 6, 12, 3, 6, 7, 20, 10, 28, 13, 14, 1, 25, 25, 3, 39, 1, 17, 3, 12, 16, 1, 5, 3, 20, 3, 20, 2, 2, 7, 16, 2, 
85: 4, 5, 4, 10, 14, 4, 5, 7, 5, 18, 15, 3, 3, 15, 6, 3, 4, 25, 4, 6, 17, 25, 4, 7, 17, 8, 19, 31, 14, 11, 15, 5, 7, 15, 1, 33, 6, 5, 3, 5, 20, 9, 14, 2, 1, 30, 2, 15, 1, 5, 7, 28, 1, 27, 12, 2, 13, 7, 4, 28, 7, 1, 14, 15, 14, 3, 5, 0, 0, 0, 0, 0, 0, 0, 0, 0, 0, 0, 0, 0, 0, 0, 0, 0, 0, 0, 0, 0, 0, 0, 0, 0, 0, 0, 0, 0, 0, 0, 0, 0, 0, 0, 0, 0, 0, 0, 0, 0, 0, 0, 0, 0, 0, 0, 0, 0, 0, 0, 0, 0, : 4, 5, 4, 10, 14, 4, 5, 7, 5, 18, 15, 3, 3, 15, 6, 3, 4, 25, 4, 6, 17, 25, 4, 7, 17, 8, 19, 31, 14, 11, 15, 5, 7, 15, 1, 33, 6, 5, 3, 5, 20, 9, 14, 2, 1, 30, 2, 15, 1, 5, 7, 28, 1, 27, 12, 2, 13, 7, 4, 28, 7, 1, 14, 15, 14, 3, 5, 
86: 3, 2, 5, 2, 7, 3, 1, 5, 7, 1, 9, 2, 8, 2, 19, 2, 2, 3, 3, 2, 4, 4, 5, 1, 6, 17, 6, 26, 8, 10, 4, 30, 3, 11, 6, 1, 1, 6, 12, 4, 9, 6, 29, 14, 1, 10, 15, 2, 9, 2, 3, 4, 2, 12, 5, 5, 1, 10, 2, 6, 6, 1, 0, 0, 0, 0, 0, 0, 0, 0, 0, 0, 0, 0, 0, 0, 0, 0, 0, 0, 0, 0, 0, 0, 0, 0, 0, 0, 0, 0, 0, 0, 0, 0, 0, 0, 0, 0, 0, 0, 0, 0, 0, 0, 0, 0, 0, 0, 0, 0, 0, 0, 0, 0, 0, 0, 0, 0, 0, 0, : 3, 2, 5, 2, 7, 3, 1, 5, 7, 1, 9, 2, 8, 2, 19, 2, 2, 3, 3, 2, 4, 4, 5, 1, 6, 17, 6, 26, 8, 10, 4, 30, 3, 11, 6, 1, 1, 6, 12, 4, 9, 6, 29, 14, 1, 10, 15, 2, 9, 2, 3, 4, 2, 12, 5, 5, 1, 10, 2, 6, 6, 1, 
87: 13, 9, 10, 12, 11, 3, 6, 3, 12, 11, 2, 14, 1, 3, 5, 4, 7, 11, 1, 2, 10, 10, 10, 6, 1, 4, 22, 28, 24, 4, 2, 5, 5, 4, 12, 18, 2, 14, 6, 20, 25, 18, 3, 3, 19, 28, 3, 18, 11, 33, 3, 6, 3, 7, 7, 7, 26, 7, 1, 7, 10, 1, 3, 1, 2, 6, 15, 7, 21, 9, 1, 1, 4, 0, 0, 0, 0, 0, 0, 0, 0, 0, 0, 0, 0, 0, 0, 0, 0, 0, 0, 0, 0, 0, 0, 0, 0, 0, 0, 0, 0, 0, 0, 0, 0, 0, 0, 0, 0, 0, 0, 0, 0, 0, 0, 0, 0, 0, 0, 0, : 13, 9, 10, 12, 11, 3, 6, 3, 12, 11, 2, 14, 1, 3, 5, 4, 7, 11, 1, 2, 10, 10, 10, 6, 1, 4, 22, 28, 24, 4, 2, 5, 5, 4, 12, 18, 2, 14, 6, 20, 25, 18, 3, 3, 19, 28, 3, 18, 11, 33, 3, 6, 3, 7, 7, 7, 26, 7, 1, 7, 10, 1, 3, 1, 2, 6, 15, 7, 21, 9, 1, 1, 4, 
88: 10, 2, 1, 3, 4, 5, 6, 7, 11, 5, 2, 7, 10, 38, 22, 3, 3, 6, 7, 6, 2, 14, 2, 26, 1, 5, 7, 8, 6, 2, 9, 5, 1, 5, 8, 2, 2, 3, 8, 29, 4, 7, 9, 7, 3, 6, 5, 13, 18, 12, 1, 15, 31, 0, 0, 0, 0, 0, 0, 0, 0, 0, 0, 0, 0, 0, 0, 0, 0, 0, 0, 0, 0, 0, 0, 0, 0, 0, 0, 0, 0, 0, 0, 0, 0, 0, 0, 0, 0, 0, 0, 0, 0, 0, 0, 0, 0, 0, 0, 0, 0, 0, 0, 0, 0, 0, 0, 0, 0, 0, 0, 0, 0, 0, 0, 0, 0, 0, 0, 0, : 10, 2, 1, 3, 4, 5, 6, 7, 11, 5, 2, 7, 10, 38, 22, 3, 3, 6, 7, 6, 2, 14, 2, 26, 1, 5, 7, 8, 6, 2, 9, 5, 1, 5, 8, 2, 2, 3, 8, 29, 4, 7, 9, 7, 3, 6, 5, 13, 18, 12, 1, 15, 31, 
89: 4, 4, 11, 9, 1, 7, 1, 2, 5, 1, 7, 3, 3, 5, 13, 1, 7, 1, 6, 11, 5, 8, 8, 10, 12, 17, 14, 17, 2, 2, 3, 2, 14, 3, 1, 17, 17, 3, 2, 4, 16, 2, 1, 4, 1, 8, 20, 8, 1, 4, 6, 12, 4, 14, 3, 11, 22, 11, 3, 1, 7, 1, 20, 14, 6, 13, 0, 0, 0, 0, 0, 0, 0, 0, 0, 0, 0, 0, 0, 0, 0, 0, 0, 0, 0, 0, 0, 0, 0, 0, 0, 0, 0, 0, 0, 0, 0, 0, 0, 0, 0, 0, 0, 0, 0, 0, 0, 0, 0, 0, 0, 0, 0, 0, 0, 0, 0, 0, 0, 0, : 4, 4, 11, 9, 1, 7, 1, 2, 5, 1, 7, 3, 3, 5, 13, 1, 7, 1, 6, 11, 5, 8, 8, 10, 12, 17, 14, 17, 2, 2, 3, 2, 14, 3, 1, 17, 17, 3, 2, 4, 16, 2, 1, 4, 1, 8, 20, 8, 1, 4, 6, 12, 4, 14, 3, 11, 22, 11, 3, 1, 7, 1, 20, 14, 6, 13, 
90: 24, 22, 7, 25, 26, 13, 3, 12, 6, 10, 23, 9, 3, 6, 4, 7, 1, 7, 1, 1, 12, 7, 1, 2, 3, 5, 3, 8, 4, 21, 17, 4, 7, 12, 1, 12, 3, 1, 2, 34, 1, 5, 12, 1, 16, 12, 10, 4, 9, 7, 23, 17, 2, 16, 8, 17, 1, 4, 2, 25, 6, 0, 0, 0, 0, 0, 0, 0, 0, 0, 0, 0, 0, 0, 0, 0, 0, 0, 0, 0, 0, 0, 0, 0, 0, 0, 0, 0, 0, 0, 0, 0, 0, 0, 0, 0, 0, 0, 0, 0, 0, 0, 0, 0, 0, 0, 0, 0, 0, 0, 0, 0, 0, 0, 0, 0, 0, 0, 0, 0, : 24, 22, 7, 25, 26, 13, 3, 12, 6, 10, 23, 9, 3, 6, 4, 7, 1, 7, 1, 1, 12, 7, 1, 2, 3, 5, 3, 8, 4, 21, 17, 4, 7, 12, 1, 12, 3, 1, 2, 34, 1, 5, 12, 1, 16, 12, 10, 4, 9, 7, 23, 17, 2, 16, 8, 17, 1, 4, 2, 25, 6, 
91: 1, 10, 9, 20, 3, 5, 19, 6, 4, 4, 3, 6, 2, 2, 1, 8, 4, 3, 4, 5, 9, 21, 15, 8, 31, 4, 4, 4, 3, 3, 14, 12, 1, 26, 14, 3, 4, 2, 3, 20, 2, 5, 9, 5, 5, 1, 23, 8, 1, 9, 4, 12, 11, 1, 17, 1, 8, 0, 0, 0, 0, 0, 0, 0, 0, 0, 0, 0, 0, 0, 0, 0, 0, 0, 0, 0, 0, 0, 0, 0, 0, 0, 0, 0, 0, 0, 0, 0, 0, 0, 0, 0, 0, 0, 0, 0, 0, 0, 0, 0, 0, 0, 0, 0, 0, 0, 0, 0, 0, 0, 0, 0, 0, 0, 0, 0, 0, 0, 0, 0, : 1, 10, 9, 20, 3, 5, 19, 6, 4, 4, 3, 6, 2, 2, 1, 8, 4, 3, 4, 5, 9, 21, 15, 8, 31, 4, 4, 4, 3, 3, 14, 12, 1, 26, 14, 3, 4, 2, 3, 20, 2, 5, 9, 5, 5, 1, 23, 8, 1, 9, 4, 12, 11, 1, 17, 1, 8, 
92: 18, 5, 1, 14, 5, 2, 11, 5, 8, 1, 6, 22, 27, 5, 1, 1, 3, 2, 12, 6, 15, 11, 11, 2, 18, 2, 5, 1, 13, 4, 2, 21, 9, 25, 2, 3, 13, 1, 7, 10, 2, 2, 1, 1, 22, 2, 6, 2, 10, 1, 33, 7, 2, 4, 21, 4, 25, 1, 1, 0, 0, 0, 0, 0, 0, 0, 0, 0, 0, 0, 0, 0, 0, 0, 0, 0, 0, 0, 0, 0, 0, 0, 0, 0, 0, 0, 0, 0, 0, 0, 0, 0, 0, 0, 0, 0, 0, 0, 0, 0, 0, 0, 0, 0, 0, 0, 0, 0, 0, 0, 0, 0, 0, 0, 0, 0, 0, 0, 0, 0, : 18, 5, 1, 14, 5, 2, 11, 5, 8, 1, 6, 22, 27, 5, 1, 1, 3, 2, 12, 6, 15, 11, 11, 2, 18, 2, 5, 1, 13, 4, 2, 21, 9, 25, 2, 3, 13, 1, 7, 10, 2, 2, 1, 1, 22, 2, 6, 2, 10, 1, 33, 7, 2, 4, 21, 4, 25, 1, 1, 
93: 31, 26, 17, 1, 2, 29, 1, 3, 6, 3, 1, 13, 9, 2, 1, 5, 24, 3, 1, 1, 6, 11, 2, 5, 1, 8, 1, 13, 5, 24, 25, 6, 1, 13, 8, 2, 15, 6, 7, 3, 3, 3, 10, 18, 4, 2, 5, 11, 4, 3, 6, 3, 6, 1, 16, 8, 1, 1, 23, 0, 0, 0, 0, 0, 0, 0, 0, 0, 0, 0, 0, 0, 0, 0, 0, 0, 0, 0, 0, 0, 0, 0, 0, 0, 0, 0, 0, 0, 0, 0, 0, 0, 0, 0, 0, 0, 0, 0, 0, 0, 0, 0, 0, 0, 0, 0, 0, 0, 0, 0, 0, 0, 0, 0, 0, 0, 0, 0, 0, 0, : 31, 26, 17, 1, 2, 29, 1, 3, 6, 3, 1, 13, 9, 2, 1, 5, 24, 3, 1, 1, 6, 11, 2, 5, 1, 8, 1, 13, 5, 24, 25, 6, 1, 13, 8, 2, 15, 6, 7, 3, 3, 3, 10, 18, 4, 2, 5, 11, 4, 3, 6, 3, 6, 1, 16, 8, 1, 1, 23, 
94: 8, 3, 16, 23, 9, 1, 13, 5, 7, 1, 4, 5, 2, 1, 4, 3, 5, 6, 9, 5, 4, 17, 2, 15, 9, 1, 17, 15, 9, 4, 3, 8, 1, 2, 3, 9, 20, 1, 21, 11, 6, 1, 1, 1, 5, 6, 17, 4, 2, 4, 17, 8, 23, 23, 2, 3, 12, 4, 22, 14, 2, 4, 21, 38, 2, 20, 11, 9, 0, 0, 0, 0, 0, 0, 0, 0, 0, 0, 0, 0, 0, 0, 0, 0, 0, 0, 0, 0, 0, 0, 0, 0, 0, 0, 0, 0, 0, 0, 0, 0, 0, 0, 0, 0, 0, 0, 0, 0, 0, 0, 0, 0, 0, 0, 0, 0, 0, 0, 0, 0, : 8, 3, 16, 23, 9, 1, 13, 5, 7, 1, 4, 5, 2, 1, 4, 3, 5, 6, 9, 5, 4, 17, 2, 15, 9, 1, 17, 15, 9, 4, 3, 8, 1, 2, 3, 9, 20, 1, 21, 11, 6, 1, 1, 1, 5, 6, 17, 4, 2, 4, 17, 8, 23, 23, 2, 3, 12, 4, 22, 14, 2, 4, 21, 38, 2, 20, 11, 9, 
95: 2, 5, 6, 17, 7, 2, 3, 3, 5, 2, 7, 4, 11, 5, 1, 7, 1, 2, 6, 2, 8, 19, 3, 4, 18, 24, 7, 3, 5, 7, 25, 5, 3, 2, 30, 9, 2, 1, 24, 5, 8, 8, 5, 13, 17, 1, 4, 2, 12, 29, 2, 2, 13, 13, 19, 4, 1, 2, 6, 12, 14, 7, 2, 2, 14, 1, 2, 2, 1, 1, 4, 16, 5, 1, 10, 7, 7, 15, 6, 7, 0, 0, 0, 0, 0, 0, 0, 0, 0, 0, 0, 0, 0, 0, 0, 0, 0, 0, 0, 0, 0, 0, 0, 0, 0, 0, 0, 0, 0, 0, 0, 0, 0, 0, 0, 0, 0, 0, 0, 0, : 2, 5, 6, 17, 7, 2, 3, 3, 5, 2, 7, 4, 11, 5, 1, 7, 1, 2, 6, 2, 8, 19, 3, 4, 18, 24, 7, 3, 5, 7, 25, 5, 3, 2, 30, 9, 2, 1, 24, 5, 8, 8, 5, 13, 17, 1, 4, 2, 12, 29, 2, 2, 13, 13, 19, 4, 1, 2, 6, 12, 14, 7, 2, 2, 14, 1, 2, 2, 1, 1, 4, 16, 5, 1, 10, 7, 7, 15, 6, 7, 
96: 3, 5, 12, 4, 9, 12, 3, 12, 9, 15, 25, 18, 17, 4, 10, 2, 5, 10, 1, 3, 3, 11, 29, 5, 5, 16, 9, 22, 12, 9, 1, 8, 2, 3, 9, 2, 5, 15, 9, 2, 11, 9, 5, 5, 9, 23, 2, 1, 1, 1, 2, 14, 26, 12, 14, 10, 9, 4, 3, 15, 12, 6, 13, 6, 7, 28, 11, 9, 0, 0, 0, 0, 0, 0, 0, 0, 0, 0, 0, 0, 0, 0, 0, 0, 0, 0, 0, 0, 0, 0, 0, 0, 0, 0, 0, 0, 0, 0, 0, 0, 0, 0, 0, 0, 0, 0, 0, 0, 0, 0, 0, 0, 0, 0, 0, 0, 0, 0, 0, 0, : 3, 5, 12, 4, 9, 12, 3, 12, 9, 15, 25, 18, 17, 4, 10, 2, 5, 10, 1, 3, 3, 11, 29, 5, 5, 16, 9, 22, 12, 9, 1, 8, 2, 3, 9, 2, 5, 15, 9, 2, 11, 9, 5, 5, 9, 23, 2, 1, 1, 1, 2, 14, 26, 12, 14, 10, 9, 4, 3, 15, 12, 6, 13, 6, 7, 28, 11, 9, 
97: 10, 6, 2, 3, 12, 4, 3, 8, 12, 15, 1, 7, 3, 2, 11, 1, 34, 6, 1, 4, 27, 3, 4, 11, 11, 3, 1, 3, 11, 18, 13, 12, 1, 13, 29, 15, 20, 13, 4, 6, 22, 3, 22, 3, 11, 1, 7, 1, 10, 6, 18, 9, 3, 21, 0, 0, 0, 0, 0, 0, 0, 0, 0, 0, 0, 0, 0, 0, 0, 0, 0, 0, 0, 0, 0, 0, 0, 0, 0, 0, 0, 0, 0, 0, 0, 0, 0, 0, 0, 0, 0, 0, 0, 0, 0, 0, 0, 0, 0, 0, 0, 0, 0, 0, 0, 0, 0, 0, 0, 0, 0, 0, 0, 0, 0, 0, 0, 0, 0, 0, : 10, 6, 2, 3, 12, 4, 3, 8, 12, 15, 1, 7, 3, 2, 11, 1, 34, 6, 1, 4, 27, 3, 4, 11, 11, 3, 1, 3, 11, 18, 13, 12, 1, 13, 29, 15, 20, 13, 4, 6, 22, 3, 22, 3, 11, 1, 7, 1, 10, 6, 18, 9, 3, 21, 
98: 3, 1, 31, 13, 5, 3, 5, 13, 4, 19, 1, 1, 7, 2, 1, 4, 4, 15, 30, 3, 1, 1, 8, 11, 2, 1, 1, 1, 12, 1, 3, 8, 5, 5, 5, 1, 3, 13, 1, 5, 4, 1, 5, 13, 1, 14, 22, 1, 6, 8, 6, 5, 1, 11, 3, 10, 7, 10, 11, 0, 0, 0, 0, 0, 0, 0, 0, 0, 0, 0, 0, 0, 0, 0, 0, 0, 0, 0, 0, 0, 0, 0, 0, 0, 0, 0, 0, 0, 0, 0, 0, 0, 0, 0, 0, 0, 0, 0, 0, 0, 0, 0, 0, 0, 0, 0, 0, 0, 0, 0, 0, 0, 0, 0, 0, 0, 0, 0, 0, 0, : 3, 1, 31, 13, 5, 3, 5, 13, 4, 19, 1, 1, 7, 2, 1, 4, 4, 15, 30, 3, 1, 1, 8, 11, 2, 1, 1, 1, 12, 1, 3, 8, 5, 5, 5, 1, 3, 13, 1, 5, 4, 1, 5, 13, 1, 14, 22, 1, 6, 8, 6, 5, 1, 11, 3, 10, 7, 10, 11, 
99: 20, 1, 34, 4, 1, 5, 1, 11, 19, 2, 7, 36, 20, 12, 6, 6, 3, 1, 8, 21, 1, 20, 4, 2, 16, 5, 3, 9, 2, 1, 2, 28, 3, 3, 9, 8, 4, 4, 13, 2, 13, 11, 1, 5, 1, 4, 9, 13, 20, 12, 18, 5, 1, 1, 8, 13, 8, 13, 1, 5, 6, 1, 2, 8, 30, 1, 15, 0, 0, 0, 0, 0, 0, 0, 0, 0, 0, 0, 0, 0, 0, 0, 0, 0, 0, 0, 0, 0, 0, 0, 0, 0, 0, 0, 0, 0, 0, 0, 0, 0, 0, 0, 0, 0, 0, 0, 0, 0, 0, 0, 0, 0, 0, 0, 0, 0, 0, 0, 0, 0, : 20, 1, 34, 4, 1, 5, 1, 11, 19, 2, 7, 36, 20, 12, 6, 6, 3, 1, 8, 21, 1, 20, 4, 2, 16, 5, 3, 9, 2, 1, 2, 28, 3, 3, 9, 8, 4, 4, 13, 2, 13, 11, 1, 5, 1, 4, 9, 13, 20, 12, 18, 5, 1, 1, 8, 13, 8, 13, 1, 5, 6, 1, 2, 8, 30, 1, 15, 
100: 8, 3, 4, 1, 18, 13, 1, 1, 3, 1, 1, 8, 1, 2, 2, 3, 7, 1, 15, 3, 1, 3, 16, 3, 4, 2, 7, 1, 18, 16, 1, 4, 3, 3, 10, 2, 9, 7, 3, 2, 1, 2, 11, 9, 1, 15, 4, 2, 2, 21, 9, 23, 4, 11, 3, 21, 12, 2, 4, 3, 2, 36, 34, 1, 9, 3, 5, 2, 0, 0, 0, 0, 0, 0, 0, 0, 0, 0, 0, 0, 0, 0, 0, 0, 0, 0, 0, 0, 0, 0, 0, 0, 0, 0, 0, 0, 0, 0, 0, 0, 0, 0, 0, 0, 0, 0, 0, 0, 0, 0, 0, 0, 0, 0, 0, 0, 0, 0, 0, 0, : 8, 3, 4, 1, 18, 13, 1, 1, 3, 1, 1, 8, 1, 2, 2, 3, 7, 1, 15, 3, 1, 3, 16, 3, 4, 2, 7, 1, 18, 16, 1, 4, 3, 3, 10, 2, 9, 7, 3, 2, 1, 2, 11, 9, 1, 15, 4, 2, 2, 21, 9, 23, 4, 11, 3, 21, 12, 2, 4, 3, 2, 36, 34, 1, 9, 3, 5, 2, 
101: 7, 4, 8, 4, 19, 1, 16, 18, 7, 21, 13, 1, 3, 23, 4, 20, 7, 19, 5, 1, 20, 5, 2, 2, 16, 10, 6, 3, 1, 23, 8, 25, 19, 2, 21, 10, 13, 8, 29, 1, 18, 6, 4, 6, 21, 24, 20, 3, 4, 3, 2, 1, 16, 2, 6, 2, 0, 0, 0, 0, 0, 0, 0, 0, 0, 0, 0, 0, 0, 0, 0, 0, 0, 0, 0, 0, 0, 0, 0, 0, 0, 0, 0, 0, 0, 0, 0, 0, 0, 0, 0, 0, 0, 0, 0, 0, 0, 0, 0, 0, 0, 0, 0, 0, 0, 0, 0, 0, 0, 0, 0, 0, 0, 0, 0, 0, 0, 0, 0, 0, : 7, 4, 8, 4, 19, 1, 16, 18, 7, 21, 13, 1, 3, 23, 4, 20, 7, 19, 5, 1, 20, 5, 2, 2, 16, 10, 6, 3, 1, 23, 8, 25, 19, 2, 21, 10, 13, 8, 29, 1, 18, 6, 4, 6, 21, 24, 20, 3, 4, 3, 2, 1, 16, 2, 6, 2, 
102: 16, 1, 7, 2, 8, 16, 3, 3, 7, 10, 2, 28, 4, 1, 3, 7, 7, 32, 7, 16, 1, 12, 12, 13, 17, 10, 7, 6, 5, 17, 6, 3, 1, 3, 10, 3, 4, 8, 24, 5, 8, 2, 10, 10, 0, 0, 0, 0, 0, 0, 0, 0, 0, 0, 0, 0, 0, 0, 0, 0, 0, 0, 0, 0, 0, 0, 0, 0, 0, 0, 0, 0, 0, 0, 0, 0, 0, 0, 0, 0, 0, 0, 0, 0, 0, 0, 0, 0, 0, 0, 0, 0, 0, 0, 0, 0, 0, 0, 0, 0, 0, 0, 0, 0, 0, 0, 0, 0, 0, 0, 0, 0, 0, 0, 0, 0, 0, 0, 0, 0, : 16, 1, 7, 2, 8, 16, 3, 3, 7, 10, 2, 28, 4, 1, 3, 7, 7, 32, 7, 16, 1, 12, 12, 13, 17, 10, 7, 6, 5, 17, 6, 3, 1, 3, 10, 3, 4, 8, 24, 5, 8, 2, 10, 10, 
103: 1, 24, 6, 1, 1, 30, 15, 3, 21, 12, 24, 10, 4, 20, 25, 1, 2, 3, 9, 22, 7, 30, 17, 2, 3, 17, 1, 2, 6, 9, 8, 5, 3, 4, 16, 8, 30, 12, 1, 22, 14, 5, 3, 11, 21, 7, 15, 3, 19, 11, 1, 8, 2, 1, 19, 2, 1, 1, 2, 1, 5, 15, 1, 30, 0, 0, 0, 0, 0, 0, 0, 0, 0, 0, 0, 0, 0, 0, 0, 0, 0, 0, 0, 0, 0, 0, 0, 0, 0, 0, 0, 0, 0, 0, 0, 0, 0, 0, 0, 0, 0, 0, 0, 0, 0, 0, 0, 0, 0, 0, 0, 0, 0, 0, 0, 0, 0, 0, 0, 0, : 1, 24, 6, 1, 1, 30, 15, 3, 21, 12, 24, 10, 4, 20, 25, 1, 2, 3, 9, 22, 7, 30, 17, 2, 3, 17, 1, 2, 6, 9, 8, 5, 3, 4, 16, 8, 30, 12, 1, 22, 14, 5, 3, 11, 21, 7, 15, 3, 19, 11, 1, 8, 2, 1, 19, 2, 1, 1, 2, 1, 5, 15, 1, 30, 
104: 24, 7, 7, 19, 5, 14, 7, 2, 3, 12, 6, 22, 24, 13, 17, 8, 1, 15, 6, 2, 14, 6, 8, 4, 1, 1, 2, 2, 2, 5, 3, 2, 4, 10, 5, 0, 0, 0, 0, 0, 0, 0, 0, 0, 0, 0, 0, 0, 0, 0, 0, 0, 0, 0, 0, 0, 0, 0, 0, 0, 0, 0, 0, 0, 0, 0, 0, 0, 0, 0, 0, 0, 0, 0, 0, 0, 0, 0, 0, 0, 0, 0, 0, 0, 0, 0, 0, 0, 0, 0, 0, 0, 0, 0, 0, 0, 0, 0, 0, 0, 0, 0, 0, 0, 0, 0, 0, 0, 0, 0, 0, 0, 0, 0, 0, 0, 0, 0, 0, 0, : 24, 7, 7, 19, 5, 14, 7, 2, 3, 12, 6, 22, 24, 13, 17, 8, 1, 15, 6, 2, 14, 6, 8, 4, 1, 1, 2, 2, 2, 5, 3, 2, 4, 10, 5, 
105: 5, 2, 7, 1, 1, 6, 1, 27, 3, 2, 17, 2, 26, 23, 3, 8, 5, 6, 10, 3, 9, 4, 5, 21, 3, 3, 17, 13, 19, 7, 3, 10, 4, 3, 1, 12, 5, 1, 2, 11, 1, 6, 2, 6, 15, 33, 14, 9, 11, 2, 8, 11, 10, 10, 10, 12, 21, 19, 3, 3, 3, 21, 0, 0, 0, 0, 0, 0, 0, 0, 0, 0, 0, 0, 0, 0, 0, 0, 0, 0, 0, 0, 0, 0, 0, 0, 0, 0, 0, 0, 0, 0, 0, 0, 0, 0, 0, 0, 0, 0, 0, 0, 0, 0, 0, 0, 0, 0, 0, 0, 0, 0, 0, 0, 0, 0, 0, 0, 0, 0, : 5, 2, 7, 1, 1, 6, 1, 27, 3, 2, 17, 2, 26, 23, 3, 8, 5, 6, 10, 3, 9, 4, 5, 21, 3, 3, 17, 13, 19, 7, 3, 10, 4, 3, 1, 12, 5, 1, 2, 11, 1, 6, 2, 6, 15, 33, 14, 9, 11, 2, 8, 11, 10, 10, 10, 12, 21, 19, 3, 3, 3, 21, 
106: 3, 7, 4, 3, 3, 14, 9, 17, 9, 8, 5, 7, 5, 13, 2, 24, 13, 6, 1, 16, 8, 2, 20, 22, 5, 3, 11, 21, 6, 7, 11, 3, 9, 5, 8, 11, 32, 5, 3, 3, 4, 15, 2, 14, 4, 2, 3, 1, 1, 2, 5, 2, 13, 10, 4, 34, 15, 22, 1, 10, 1, 2, 3, 10, 3, 17, 9, 3, 21, 1, 0, 0, 0, 0, 0, 0, 0, 0, 0, 0, 0, 0, 0, 0, 0, 0, 0, 0, 0, 0, 0, 0, 0, 0, 0, 0, 0, 0, 0, 0, 0, 0, 0, 0, 0, 0, 0, 0, 0, 0, 0, 0, 0, 0, 0, 0, 0, 0, 0, 0, : 3, 7, 4, 3, 3, 14, 9, 17, 9, 8, 5, 7, 5, 13, 2, 24, 13, 6, 1, 16, 8, 2, 20, 22, 5, 3, 11, 21, 6, 7, 11, 3, 9, 5, 8, 11, 32, 5, 3, 3, 4, 15, 2, 14, 4, 2, 3, 1, 1, 2, 5, 2, 13, 10, 4, 34, 15, 22, 1, 10, 1, 2, 3, 10, 3, 17, 9, 3, 21, 1, 
107: 24, 1, 1, 4, 3, 17, 15, 9, 16, 4, 6, 10, 15, 1, 1, 2, 11, 27, 4, 11, 5, 18, 4, 2, 27, 1, 1, 2, 5, 6, 9, 8, 3, 6, 3, 1, 3, 20, 3, 8, 15, 3, 18, 11, 1, 6, 21, 20, 5, 3, 10, 4, 7, 22, 4, 4, 1, 15, 1, 11, 17, 1, 5, 4, 1, 1, 0, 0, 0, 0, 0, 0, 0, 0, 0, 0, 0, 0, 0, 0, 0, 0, 0, 0, 0, 0, 0, 0, 0, 0, 0, 0, 0, 0, 0, 0, 0, 0, 0, 0, 0, 0, 0, 0, 0, 0, 0, 0, 0, 0, 0, 0, 0, 0, 0, 0, 0, 0, 0, 0, : 24, 1, 1, 4, 3, 17, 15, 9, 16, 4, 6, 10, 15, 1, 1, 2, 11, 27, 4, 11, 5, 18, 4, 2, 27, 1, 1, 2, 5, 6, 9, 8, 3, 6, 3, 1, 3, 20, 3, 8, 15, 3, 18, 11, 1, 6, 21, 20, 5, 3, 10, 4, 7, 22, 4, 4, 1, 15, 1, 11, 17, 1, 5, 4, 1, 1, 
108: 4, 2, 3, 2, 8, 8, 1, 3, 23, 1, 1, 32, 4, 3, 9, 19, 2, 11, 5, 8, 8, 4, 5, 8, 3, 4, 6, 24, 13, 15, 12, 2, 20, 16, 1, 5, 2, 10, 11, 10, 6, 7, 30, 25, 1, 5, 34, 5, 5, 11, 0, 0, 0, 0, 0, 0, 0, 0, 0, 0, 0, 0, 0, 0, 0, 0, 0, 0, 0, 0, 0, 0, 0, 0, 0, 0, 0, 0, 0, 0, 0, 0, 0, 0, 0, 0, 0, 0, 0, 0, 0, 0, 0, 0, 0, 0, 0, 0, 0, 0, 0, 0, 0, 0, 0, 0, 0, 0, 0, 0, 0, 0, 0, 0, 0, 0, 0, 0, 0, 0, : 4, 2, 3, 2, 8, 8, 1, 3, 23, 1, 1, 32, 4, 3, 9, 19, 2, 11, 5, 8, 8, 4, 5, 8, 3, 4, 6, 24, 13, 15, 12, 2, 20, 16, 1, 5, 2, 10, 11, 10, 6, 7, 30, 25, 1, 5, 34, 5, 5, 11, 
109: 4, 12, 17, 5, 7, 2, 8, 4, 1, 1, 9, 4, 6, 28, 26, 6, 12, 1, 12, 6, 14, 9, 3, 5, 1, 4, 2, 8, 8, 3, 13, 2, 7, 3, 4, 29, 4, 2, 4, 20, 17, 20, 1, 12, 9, 6, 36, 9, 7, 20, 15, 8, 3, 7, 15, 1, 1, 15, 1, 5, 0, 0, 0, 0, 0, 0, 0, 0, 0, 0, 0, 0, 0, 0, 0, 0, 0, 0, 0, 0, 0, 0, 0, 0, 0, 0, 0, 0, 0, 0, 0, 0, 0, 0, 0, 0, 0, 0, 0, 0, 0, 0, 0, 0, 0, 0, 0, 0, 0, 0, 0, 0, 0, 0, 0, 0, 0, 0, 0, 0, : 4, 12, 17, 5, 7, 2, 8, 4, 1, 1, 9, 4, 6, 28, 26, 6, 12, 1, 12, 6, 14, 9, 3, 5, 1, 4, 2, 8, 8, 3, 13, 2, 7, 3, 4, 29, 4, 2, 4, 20, 17, 20, 1, 12, 9, 6, 36, 9, 7, 20, 15, 8, 3, 7, 15, 1, 1, 15, 1, 5, 
110: 3, 3, 7, 5, 4, 11, 1, 32, 6, 5, 12, 34, 4, 8, 6, 10, 1, 11, 12, 1, 5, 32, 3, 21, 18, 5, 7, 21, 6, 14, 1, 1, 16, 28, 8, 5, 7, 4, 10, 4, 5, 32, 22, 16, 4, 9, 9, 4, 11, 30, 3, 30, 7, 11, 7, 2, 2, 18, 2, 19, 1, 18, 23, 15, 9, 1, 0, 0, 0, 0, 0, 0, 0, 0, 0, 0, 0, 0, 0, 0, 0, 0, 0, 0, 0, 0, 0, 0, 0, 0, 0, 0, 0, 0, 0, 0, 0, 0, 0, 0, 0, 0, 0, 0, 0, 0, 0, 0, 0, 0, 0, 0, 0, 0, 0, 0, 0, 0, 0, 0, : 3, 3, 7, 5, 4, 11, 1, 32, 6, 5, 12, 34, 4, 8, 6, 10, 1, 11, 12, 1, 5, 32, 3, 21, 18, 5, 7, 21, 6, 14, 1, 1, 16, 28, 8, 5, 7, 4, 10, 4, 5, 32, 22, 16, 4, 9, 9, 4, 11, 30, 3, 30, 7, 11, 7, 2, 2, 18, 2, 19, 1, 18, 23, 15, 9, 1, 
111: 12, 10, 1, 5, 17, 5, 5, 12, 1, 1, 9, 3, 1, 1, 17, 13, 4, 4, 2, 19, 5, 11, 8, 1, 6, 20, 1, 7, 28, 2, 2, 16, 8, 22, 2, 2, 4, 0, 0, 0, 0, 0, 0, 0, 0, 0, 0, 0, 0, 0, 0, 0, 0, 0, 0, 0, 0, 0, 0, 0, 0, 0, 0, 0, 0, 0, 0, 0, 0, 0, 0, 0, 0, 0, 0, 0, 0, 0, 0, 0, 0, 0, 0, 0, 0, 0, 0, 0, 0, 0, 0, 0, 0, 0, 0, 0, 0, 0, 0, 0, 0, 0, 0, 0, 0, 0, 0, 0, 0, 0, 0, 0, 0, 0, 0, 0, 0, 0, 0, 0, : 12, 10, 1, 5, 17, 5, 5, 12, 1, 1, 9, 3, 1, 1, 17, 13, 4, 4, 2, 19, 5, 11, 8, 1, 6, 20, 1, 7, 28, 2, 2, 16, 8, 22, 2, 2, 4, 
112: 6, 5, 1, 15, 1, 13, 25, 3, 10, 3, 3, 19, 3, 5, 1, 12, 1, 5, 18, 18, 7, 4, 1, 1, 3, 21, 9, 1, 15, 4, 17, 1, 9, 12, 7, 4, 4, 3, 1, 12, 19, 12, 8, 10, 0, 0, 0, 0, 0, 0, 0, 0, 0, 0, 0, 0, 0, 0, 0, 0, 0, 0, 0, 0, 0, 0, 0, 0, 0, 0, 0, 0, 0, 0, 0, 0, 0, 0, 0, 0, 0, 0, 0, 0, 0, 0, 0, 0, 0, 0, 0, 0, 0, 0, 0, 0, 0, 0, 0, 0, 0, 0, 0, 0, 0, 0, 0, 0, 0, 0, 0, 0, 0, 0, 0, 0, 0, 0, 0, 0, : 6, 5, 1, 15, 1, 13, 25, 3, 10, 3, 3, 19, 3, 5, 1, 12, 1, 5, 18, 18, 7, 4, 1, 1, 3, 21, 9, 1, 15, 4, 17, 1, 9, 12, 7, 4, 4, 3, 1, 12, 19, 12, 8, 10, 
113: 8, 1, 3, 2, 5, 13, 1, 39, 6, 8, 12, 1, 2, 7, 11, 5, 6, 5, 8, 12, 1, 8, 3, 18, 1, 11, 7, 4, 25, 2, 5, 7, 38, 1, 18, 2, 16, 5, 12, 10, 19, 10, 1, 15, 3, 7, 4, 1, 1, 11, 16, 12, 4, 19, 1, 9, 5, 1, 1, 6, 3, 9, 9, 8, 7, 1, 1, 5, 4, 4, 1, 15, 1, 10, 1, 18, 1, 4, 1, 5, 27, 12, 0, 0, 0, 0, 0, 0, 0, 0, 0, 0, 0, 0, 0, 0, 0, 0, 0, 0, 0, 0, 0, 0, 0, 0, 0, 0, 0, 0, 0, 0, 0, 0, 0, 0, 0, 0, 0, 0, : 8, 1, 3, 2, 5, 13, 1, 39, 6, 8, 12, 1, 2, 7, 11, 5, 6, 5, 8, 12, 1, 8, 3, 18, 1, 11, 7, 4, 25, 2, 5, 7, 38, 1, 18, 2, 16, 5, 12, 10, 19, 10, 1, 15, 3, 7, 4, 1, 1, 11, 16, 12, 4, 19, 1, 9, 5, 1, 1, 6, 3, 9, 9, 8, 7, 1, 1, 5, 4, 4, 1, 15, 1, 10, 1, 18, 1, 4, 1, 5, 27, 12, 
114: 1, 15, 10, 2, 5, 3, 5, 3, 3, 3, 1, 2, 3, 3, 18, 10, 9, 2, 2, 1, 11, 6, 9, 3, 1, 7, 1, 21, 3, 6, 11, 20, 22, 5, 1, 18, 4, 14, 11, 2, 4, 15, 5, 6, 12, 1, 4, 5, 17, 1, 24, 20, 3, 14, 10, 34, 10, 19, 7, 29, 4, 9, 1, 1, 8, 8, 3, 2, 3, 5, 9, 1, 5, 14, 2, 7, 3, 15, 5, 0, 0, 0, 0, 0, 0, 0, 0, 0, 0, 0, 0, 0, 0, 0, 0, 0, 0, 0, 0, 0, 0, 0, 0, 0, 0, 0, 0, 0, 0, 0, 0, 0, 0, 0, 0, 0, 0, 0, 0, 0, : 1, 15, 10, 2, 5, 3, 5, 3, 3, 3, 1, 2, 3, 3, 18, 10, 9, 2, 2, 1, 11, 6, 9, 3, 1, 7, 1, 21, 3, 6, 11, 20, 22, 5, 1, 18, 4, 14, 11, 2, 4, 15, 5, 6, 12, 1, 4, 5, 17, 1, 24, 20, 3, 14, 10, 34, 10, 19, 7, 29, 4, 9, 1, 1, 8, 8, 3, 2, 3, 5, 9, 1, 5, 14, 2, 7, 3, 15, 5, 
115: 14, 1, 5, 6, 27, 18, 36, 1, 6, 1, 2, 20, 9, 8, 1, 3, 3, 4, 19, 25, 5, 2, 12, 19, 3, 21, 7, 9, 12, 2, 4, 22, 17, 8, 38, 11, 4, 1, 9, 21, 14, 1, 31, 23, 4, 7, 3, 1, 1, 1, 8, 12, 19, 3, 10, 20, 3, 2, 25, 18, 4, 4, 2, 16, 0, 0, 0, 0, 0, 0, 0, 0, 0, 0, 0, 0, 0, 0, 0, 0, 0, 0, 0, 0, 0, 0, 0, 0, 0, 0, 0, 0, 0, 0, 0, 0, 0, 0, 0, 0, 0, 0, 0, 0, 0, 0, 0, 0, 0, 0, 0, 0, 0, 0, 0, 0, 0, 0, 0, 0, : 14, 1, 5, 6, 27, 18, 36, 1, 6, 1, 2, 20, 9, 8, 1, 3, 3, 4, 19, 25, 5, 2, 12, 19, 3, 21, 7, 9, 12, 2, 4, 22, 17, 8, 38, 11, 4, 1, 9, 21, 14, 1, 31, 23, 4, 7, 3, 1, 1, 1, 8, 12, 19, 3, 10, 20, 3, 2, 25, 18, 4, 4, 2, 16, 
116: 2, 1, 18, 1, 1, 15, 5, 25, 13, 14, 20, 1, 22, 1, 3, 10, 2, 25, 4, 6, 3, 3, 8, 1, 1, 19, 8, 11, 7, 36, 6, 3, 8, 11, 10, 10, 1, 3, 7, 18, 34, 1, 14, 21, 9, 6, 6, 2, 5, 22, 2, 0, 0, 0, 0, 0, 0, 0, 0, 0, 0, 0, 0, 0, 0, 0, 0, 0, 0, 0, 0, 0, 0, 0, 0, 0, 0, 0, 0, 0, 0, 0, 0, 0, 0, 0, 0, 0, 0, 0, 0, 0, 0, 0, 0, 0, 0, 0, 0, 0, 0, 0, 0, 0, 0, 0, 0, 0, 0, 0, 0, 0, 0, 0, 0, 0, 0, 0, 0, 0, : 2, 1, 18, 1, 1, 15, 5, 25, 13, 14, 20, 1, 22, 1, 3, 10, 2, 25, 4, 6, 3, 3, 8, 1, 1, 19, 8, 11, 7, 36, 6, 3, 8, 11, 10, 10, 1, 3, 7, 18, 34, 1, 14, 21, 9, 6, 6, 2, 5, 22, 2, 
117: 10, 2, 1, 5, 4, 4, 4, 2, 4, 2, 11, 4, 3, 14, 34, 29, 19, 3, 5, 5, 5, 1, 11, 4, 3, 3, 18, 3, 11, 7, 17, 12, 1, 5, 2, 2, 4, 1, 1, 11, 23, 2, 17, 4, 4, 2, 3, 8, 4, 8, 1, 11, 2, 14, 10, 2, 1, 8, 21, 8, 1, 24, 9, 4, 10, 12, 8, 3, 26, 7, 2, 3, 1, 3, 5, 22, 28, 9, 1, 7, 4, 1, 11, 2, 1, 2, 7, 7, 2, 11, 6, 3, 2, 1, 0, 0, 0, 0, 0, 0, 0, 0, 0, 0, 0, 0, 0, 0, 0, 0, 0, 0, 0, 0, 0, 0, 0, 0, 0, 0, : 10, 2, 1, 5, 4, 4, 4, 2, 4, 2, 11, 4, 3, 14, 34, 29, 19, 3, 5, 5, 5, 1, 11, 4, 3, 3, 18, 3, 11, 7, 17, 12, 1, 5, 2, 2, 4, 1, 1, 11, 23, 2, 17, 4, 4, 2, 3, 8, 4, 8, 1, 11, 2, 14, 10, 2, 1, 8, 21, 8, 1, 24, 9, 4, 10, 12, 8, 3, 26, 7, 2, 3, 1, 3, 5, 22, 28, 9, 1, 7, 4, 1, 11, 2, 1, 2, 7, 7, 2, 11, 6, 3, 2, 1, 
118: 26, 12, 22, 19, 1, 4, 5, 16, 1, 11, 20, 25, 2, 11, 12, 1, 16, 8, 10, 10, 16, 2, 13, 6, 10, 1, 6, 2, 4, 2, 2, 1, 4, 9, 3, 2, 6, 10, 12, 9, 15, 4, 5, 18, 4, 9, 12, 9, 1, 13, 1, 10, 13, 4, 11, 5, 37, 15, 2, 0, 0, 0, 0, 0, 0, 0, 0, 0, 0, 0, 0, 0, 0, 0, 0, 0, 0, 0, 0, 0, 0, 0, 0, 0, 0, 0, 0, 0, 0, 0, 0, 0, 0, 0, 0, 0, 0, 0, 0, 0, 0, 0, 0, 0, 0, 0, 0, 0, 0, 0, 0, 0, 0, 0, 0, 0, 0, 0, 0, 0, : 26, 12, 22, 19, 1, 4, 5, 16, 1, 11, 20, 25, 2, 11, 12, 1, 16, 8, 10, 10, 16, 2, 13, 6, 10, 1, 6, 2, 4, 2, 2, 1, 4, 9, 3, 2, 6, 10, 12, 9, 15, 4, 5, 18, 4, 9, 12, 9, 1, 13, 1, 10, 13, 4, 11, 5, 37, 15, 2, 
119: 8, 8, 18, 6, 7, 1, 13, 14, 1, 8, 5, 2, 2, 10, 8, 7, 6, 6, 27, 2, 27, 6, 22, 1, 5, 2, 3, 27, 4, 6, 14, 8, 4, 1, 4, 2, 2, 3, 14, 4, 2, 12, 1, 3, 2, 9, 10, 35, 1, 3, 16, 2, 25, 1, 0, 0, 0, 0, 0, 0, 0, 0, 0, 0, 0, 0, 0, 0, 0, 0, 0, 0, 0, 0, 0, 0, 0, 0, 0, 0, 0, 0, 0, 0, 0, 0, 0, 0, 0, 0, 0, 0, 0, 0, 0, 0, 0, 0, 0, 0, 0, 0, 0, 0, 0, 0, 0, 0, 0, 0, 0, 0, 0, 0, 0, 0, 0, 0, 0, 0, : 8, 8, 18, 6, 7, 1, 13, 14, 1, 8, 5, 2, 2, 10, 8, 7, 6, 6, 27, 2, 27, 6, 22, 1, 5, 2, 3, 27, 4, 6, 14, 8, 4, 1, 4, 2, 2, 3, 14, 4, 2, 12, 1, 3, 2, 9, 10, 35, 1, 3, 16, 2, 25, 1, 
120: 3, 2, 3, 8, 1, 4, 5, 12, 1, 11, 2, 2, 5, 1, 2, 4, 18, 23, 7, 8, 5, 18, 3, 7, 9, 9, 8, 1, 11, 2, 24, 11, 9, 1, 1, 1, 8, 2, 12, 2, 1, 24, 2, 10, 5, 2, 1, 3, 6, 7, 23, 13, 10, 1, 6, 10, 17, 5, 5, 9, 6, 0, 0, 0, 0, 0, 0, 0, 0, 0, 0, 0, 0, 0, 0, 0, 0, 0, 0, 0, 0, 0, 0, 0, 0, 0, 0, 0, 0, 0, 0, 0, 0, 0, 0, 0, 0, 0, 0, 0, 0, 0, 0, 0, 0, 0, 0, 0, 0, 0, 0, 0, 0, 0, 0, 0, 0, 0, 0, 0, : 3, 2, 3, 8, 1, 4, 5, 12, 1, 11, 2, 2, 5, 1, 2, 4, 18, 23, 7, 8, 5, 18, 3, 7, 9, 9, 8, 1, 11, 2, 24, 11, 9, 1, 1, 1, 8, 2, 12, 2, 1, 24, 2, 10, 5, 2, 1, 3, 6, 7, 23, 13, 10, 1, 6, 10, 17, 5, 5, 9, 6, 


