40
40
1: 16, 3, 4, 3, 1, 22, 14, 6, 10, 10, 2, 0, 0, 0, 0, 0, 0, 0, 0, 0, 0, 0, 0, 0, 0, 0, 0, 0, 0, 0, 0, 0, 0, 0, 0, 0, 0, 0, 0, 0, : 16, 3, 4, 3, 1, 22, 14, 6, 10, 10, 2, 
2: 21, 13, 9, 1, 1, 6, 6, 1, 7, 3, 1, 24, 9, 9, 2, 1, 8, 7, 2, 29, 0, 0, 0, 0, 0, 0, 0, 0, 0, 0, 0, 0, 0, 0, 0, 0, 0, 0, 0, 0, : 21, 13, 9, 1, 1, 6, 6, 1, 7, 3, 1, 24, 9, 9, 2, 1, 8, 7, 2, 29, 
3: 12, 1, 13, 1, 14, 27, 26, 16, 6, 16, 18, 1, 24, 2, 35, 19, 3, 0, 0, 0, 0, 0, 0, 0, 0, 0, 0, 0, 0, 0, 0, 0, 0, 0, 0, 0, 0, 0, 0, 0, : 12, 1, 13, 1, 14, 27, 26, 16, 6, 16, 18, 1, 24, 2, 35, 19, 3, 
4: 2, 2, 3, 14, 5, 7, 1, 8, 13, 6, 21, 17, 2, 21, 5, 8, 13, 2, 1, 10, 4, 0, 0, 0, 0, 0, 0, 0, 0, 0, 0, 0, 0, 0, 0, 0, 0, 0, 0, 0, : 2, 2, 3, 14, 5, 7, 1, 8, 13, 6, 21, 17, 2, 21, 5, 8, 13, 2, 1, 10, 4, 
5: 1, 21, 1, 8, 13, 9, 1, 6, 9, 7, 5, 26, 3, 1, 7, 11, 15, 1, 7, 15, 8, 1, 0, 0, 0, 0, 0, 0, 0, 0, 0, 0, 0, 0, 0, 0, 0, 0, 0, 0, : 1, 21, 1, 8, 13, 9, 1, 6, 9, 7, 5, 26, 3, 1, 7, 11, 15, 1, 7, 15, 8, 1, 
6: 6, 11, 7, 1, 6, 1, 1, 9, 6, 4, 3, 16, 4, 7, 7, 0, 0, 0, 0, 0, 0, 0, 0, 0, 0, 0, 0, 0, 0, 0, 0, 0, 0, 0, 0, 0, 0, 0, 0, 0, : 6, 11, 7, 1, 6, 1, 1, 9, 6, 4, 3, 16, 4, 7, 7, 
7: 6, 4, 29, 3, 7, 11, 10, 5, 3, 2, 3, 23, 26, 8, 1, 18, 12, 8, 3, 0, 0, 0, 0, 0, 0, 0, 0, 0, 0, 0, 0, 0, 0, 0, 0, 0, 0, 0, 0, 0, : 6, 4, 29, 3, 7, 11, 10, 5, 3, 2, 3, 23, 26, 8, 1, 18, 12, 8, 3, 
8: 2, 30, 19, 8, 3, 7, 12, 15, 15, 3, 9, 12, 3, 10, 1, 3, 16, 4, 0, 0, 0, 0, 0, 0, 0, 0, 0, 0, 0, 0, 0, 0, 0, 0, 0, 0, 0, 0, 0, 0, : 2, 30, 19, 8, 3, 7, 12, 15, 15, 3, 9, 12, 3, 10, 1, 3, 16, 4, 
9: 7, 14, 21, 5, 3, 3, 8, 18, 6, 10, 6, 2, 1, 4, 6, 3, 1, 1, 6, 2, 9, 14, 6, 16, 0, 0, 0, 0, 0, 0, 0, 0, 0, 0, 0, 0, 0, 0, 0, 0, : 7, 14, 21, 5, 3, 3, 8, 18, 6, 10, 6, 2, 1, 4, 6, 3, 1, 1, 6, 2, 9, 14, 6, 16, 
10: 2, 2, 7, 14, 5, 4, 13, 6, 22, 3, 19, 4, 4, 9, 8, 9, 1, 4, 2, 7, 13, 10, 1, 12, 2, 7, 2, 18, 1, 12, 7, 0, 0, 0, 0, 0, 0, 0, 0, 0, : 2, 2, 7, 14, 5, 4, 13, 6, 22, 3, 19, 4, 4, 9, 8, 9, 1, 4, 2, 7, 13, 10, 1, 12, 2, 7, 2, 18, 1, 12, 7, 
11: 3, 12, 2, 4, 4, 25, 7, 2, 15, 30, 1, 2, 14, 8, 7, 19, 4, 12, 11, 15, 8, 18, 7, 16, 11, 23, 2, 0, 0, 0, 0, 0, 0, 0, 0, 0, 0, 0, 0, 0, : 3, 12, 2, 4, 4, 25, 7, 2, 15, 30, 1, 2, 14, 8, 7, 19, 4, 12, 11, 15, 8, 18, 7, 16, 11, 23, 2, 
12: 1, 2, 6, 6, 8, 1, 21, 1, 3, 2, 3, 19, 13, 4, 4, 16, 15, 1, 18, 2, 7, 6, 1, 0, 0, 0, 0, 0, 0, 0, 0, 0, 0, 0, 0, 0, 0, 0, 0, 0, : 1, 2, 6, 6, 8, 1, 21, 1, 3, 2, 3, 19, 13, 4, 4, 16, 15, 1, 18, 2, 7, 6, 1, 
13: 7, 21, 4, 7, 10, 30, 2, 3, 16, 2, 2, 3, 2, 19, 0, 0, 0, 0, 0, 0, 0, 0, 0, 0, 0, 0, 0, 0, 0, 0, 0, 0, 0, 0, 0, 0, 0, 0, 0, 0, : 7, 21, 4, 7, 10, 30, 2, 3, 16, 2, 2, 3, 2, 19, 
14: 11, 10, 7, 13, 8, 12, 4, 11, 6, 1, 2, 5, 3, 5, 16, 9, 14, 4, 16, 1, 6, 0, 0, 0, 0, 0, 0, 0, 0, 0, 0, 0, 0, 0, 0, 0, 0, 0, 0, 0, : 11, 10, 7, 13, 8, 12, 4, 11, 6, 1, 2, 5, 3, 5, 16, 9, 14, 4, 16, 1, 6, 
15: 12, 7, 2, 13, 12, 2, 36, 12, 19, 5, 19, 10, 1, 2, 8, 7, 2, 4, 2, 2, 12, 3, 12, 2, 20, 2, 3, 1, 0, 0, 0, 0, 0, 0, 0, 0, 0, 0, 0, 0, : 12, 7, 2, 13, 12, 2, 36, 12, 19, 5, 19, 10, 1, 2, 8, 7, 2, 4, 2, 2, 12, 3, 12, 2, 20, 2, 3, 1, 
16: 1, 24, 8, 10, 20, 16, 3, 1, 10, 10, 7, 20, 19, 22, 8, 10, 1, 3, 15, 0, 0, 0, 0, 0, 0, 0, 0, 0, 0, 0, 0, 0, 0, 0, 0, 0, 0, 0, 0, 0, : 1, 24, 8, 10, 20, 16, 3, 1, 10, 10, 7, 20, 19, 22, 8, 10, 1, 3, 15, 
17: 1, 2, 19, 2, 21, 1, 17, 2, 28, 6, 6, 6, 2, 6, 5, 9, 2, 29, 17, 11, 2, 12, 7, 8, 3, 0, 0, 0, 0, 0, 0, 0, 0, 0, 0, 0, 0, 0, 0, 0, : 1, 2, 19, 2, 21, 1, 17, 2, 28, 6, 6, 6, 2, 6, 5, 9, 2, 29, 17, 11, 2, 12, 7, 8, 3, 
18: 8, 5, 5, 17, 37, 5, 6, 1, 19, 3, 7, 2, 2, 2, 2, 3, 16, 2, 3, 2, 26, 19, 0, 0, 0, 0, 0, 0, 0, 0, 0, 0, 0, 0, 0, 0, 0, 0, 0, 0, : 8, 5, 5, 17, 37, 5, 6, 1, 19, 3, 7, 2, 2, 2, 2, 3, 16, 2, 3, 2, 26, 19, 
19: 15, 22, 3, 6, 3, 7, 13, 7, 1, 14, 1, 1, 22, 1, 3, 10, 11, 0, 0, 0, 0, 0, 0, 0, 0, 0, 0, 0, 0, 0, 0, 0, 0, 0, 0, 0, 0, 0, 0, 0, : 15, 22, 3, 6, 3, 7, 13, 7, 1, 14, 1, 1, 22, 1, 3, 10, 11, 
20: 4, 14, 8, 7, 38, 16, 7, 7, 5, 32, 12, 1, 6, 10, 10, 14, 23, 1, 9, 4, 4, 4, 0, 0, 0, 0, 0, 0, 0, 0, 0, 0, 0, 0, 0, 0, 0, 0, 0, 0, : 4, 14, 8, 7, 38, 16, 7, 7, 5, 32, 12, 1, 6, 10, 10, 14, 23, 1, 9, 4, 4, 4, 
21: 23, 4, 5, 11, 10, 9, 2, 18, 3, 2, 10, 12, 9, 5, 1, 4, 3, 6, 1, 26, 21, 6, 7, 1, 0, 0, 0, 0, 0, 0, 0, 0, 0, 0, 0, 0, 0, 0, 0, 0, : 23, 4, 5, 11, 10, 9, 2, 18, 3, 2, 10, 12, 9, 5, 1, 4, 3, 6, 1, 26, 21, 6, 7, 1, 
22: 2, 14, 19, 8, 1, 1, 19, 6, 1, 4, 1, 28, 4, 17, 31, 2, 2, 1, 5, 32, 13, 0, 0, 0, 0, 0, 0, 0, 0, 0, 0, 0, 0, 0, 0, 0, 0, 0, 0, 0, : 2, 14, 19, 8, 1, 1, 19, 6, 1, 4, 1, 28, 4, 17, 31, 2, 2, 1, 5, 32, 13, 
23: 13, 8, 14, 14, 16, 11, 15, 4, 1, 2, 2, 22, 7, 8, 1, 2, 26, 10, 9, 4, 26, 2, 7, 10, 17, 10, 0, 0, 0, 0, 0, 0, 0, 0, 0, 0, 0, 0, 0, 0, : 13, 8, 14, 14, 16, 11, 15, 4, 1, 2, 2, 22, 7, 8, 1, 2, 26, 10, 9, 4, 26, 2, 7, 10, 17, 10, 
24: 5, 1, 3, 12, 11, 2, 10, 14, 9, 6, 18, 33, 1, 23, 16, 8, 9, 16, 32, 0, 0, 0, 0, 0, 0, 0, 0, 0, 0, 0, 0, 0, 0, 0, 0, 0, 0, 0, 0, 0, : 5, 1, 3, 12, 11, 2, 10, 14, 9, 6, 18, 33, 1, 23, 16, 8, 9, 16, 32, 
25: 1, 1, 14, 2, 9, 15, 26, 15, 15, 1, 5, 10, 6, 3, 2, 5, 9, 0, 0, 0, 0, 0, 0, 0, 0, 0, 0, 0, 0, 0, 0, 0, 0, 0, 0, 0, 0, 0, 0, 0, : 1, 1, 14, 2, 9, 15, 26, 15, 15, 1, 5, 10, 6, 3, 2, 5, 9, 
26: 8, 9, 1, 4, 1, 7, 1, 12, 10, 9, 4, 1, 5, 6, 1, 18, 5, 1, 1, 4, 0, 0, 0, 0, 0, 0, 0, 0, 0, 0, 0, 0, 0, 0, 0, 0, 0, 0, 0, 0, : 8, 9, 1, 4, 1, 7, 1, 12, 10, 9, 4, 1, 5, 6, 1, 18, 5, 1, 1, 4, 
27: 2, 8, 8, 29, 2, 5, 21, 10, 4, 7, 3, 2, 5, 7, 7, 16, 17, 13, 1, 1, 12, 9, 8, 2, 1, 6, 0, 0, 0, 0, 0, 0, 0, 0, 0, 0, 0, 0, 0, 0, : 2, 8, 8, 29, 2, 5, 21, 10, 4, 7, 3, 2, 5, 7, 7, 16, 17, 13, 1, 1, 12, 9, 8, 2, 1, 6, 
28: 9, 1, 16, 18, 2, 9, 8, 10, 5, 1, 7, 7, 12, 2, 17, 3, 0, 0, 0, 0, 0, 0, 0, 0, 0, 0, 0, 0, 0, 0, 0, 0, 0, 0, 0, 0, 0, 0, 0, 0, : 9, 1, 16, 18, 2, 9, 8, 10, 5, 1, 7, 7, 12, 2, 17, 3, 
29: 15, 9, 22, 13, 1, 4, 11, 2, 19, 4, 4, 3, 0, 0, 0, 0, 0, 0, 0, 0, 0, 0, 0, 0, 0, 0, 0, 0, 0, 0, 0, 0, 0, 0, 0, 0, 0, 0, 0, 0, : 15, 9, 22, 13, 1, 4, 11, 2, 19, 4, 4, 3, 
30: 8, 3, 14, 10, 1, 2, 3, 5, 1, 5, 1, 12, 24, 2, 15, 1, 8, 2, 0, 0, 0, 0, 0, 0, 0, 0, 0, 0, 0, 0, 0, 0, 0, 0, 0, 0, 0, 0, 0, 0, : 8, 3, 14, 10, 1, 2, 3, 5, 1, 5, 1, 12, 24, 2, 15, 1, 8, 2, 
31: 18, 2, 2, 9, 1, 1, 1, 1, 2, 31, 3, 3, 6, 2, 6, 28, 17, 2, 9, 1, 4, 1, 2, 0, 0, 0, 0, 0, 0, 0, 0, 0, 0, 0, 0, 0, 0, 0, 0, 0, : 18, 2, 2, 9, 1, 1, 1, 1, 2, 31, 3, 3, 6, 2, 6, 28, 17, 2, 9, 1, 4, 1, 2, 
32: 11, 17, 7, 11, 22, 5, 6, 6, 15, 1, 1, 1, 21, 1, 3, 6, 2, 7, 13, 20, 2, 23, 1, 0, 0, 0, 0, 0, 0, 0, 0, 0, 0, 0, 0, 0, 0, 0, 0, 0, : 11, 17, 7, 11, 22, 5, 6, 6, 15, 1, 1, 1, 21, 1, 3, 6, 2, 7, 13, 20, 2, 23, 1, 
33: 4, 4, 7, 11, 15, 31, 11, 21, 24, 7, 11, 28, 9, 3, 1, 11, 1, 3, 7, 5, 6, 1, 3, 0, 0, 0, 0, 0, 0, 0, 0, 0, 0, 0, 0, 0, 0, 0, 0, 0, : 4, 4, 7, 11, 15, 31, 11, 21, 24, 7, 11, 28, 9, 3, 1, 11, 1, 3, 7, 5, 6, 1, 3, 
34: 14, 7, 2, 9, 7, 8, 33, 19, 2, 28, 3, 2, 6, 3, 24, 1, 2, 1, 1, 1, 7, 4, 16, 3, 3, 1, 29, 6, 29, 13, 0, 0, 0, 0, 0, 0, 0, 0, 0, 0, : 14, 7, 2, 9, 7, 8, 33, 19, 2, 28, 3, 2, 6, 3, 24, 1, 2, 1, 1, 1, 7, 4, 16, 3, 3, 1, 29, 6, 29, 13, 
35: 13, 3, 2, 4, 5, 7, 17, 9, 4, 4, 24, 1, 2, 3, 3, 8, 29, 8, 2, 5, 2, 19, 0, 0, 0, 0, 0, 0, 0, 0, 0, 0, 0, 0, 0, 0, 0, 0, 0, 0, : 13, 3, 2, 4, 5, 7, 17, 9, 4, 4, 24, 1, 2, 3, 3, 8, 29, 8, 2, 5, 2, 19, 
36: 21, 1, 18, 24, 14, 3, 3, 5, 6, 22, 5, 4, 21, 15, 28, 3, 1, 4, 0, 0, 0, 0, 0, 0, 0, 0, 0, 0, 0, 0, 0, 0, 0, 0, 0, 0, 0, 0, 0, 0, : 21, 1, 18, 24, 14, 3, 3, 5, 6, 22, 5, 4, 21, 15, 28, 3, 1, 4, 
37: 20, 5, 22, 11, 17, 2, 5, 9, 18, 6, 10, 11, 9, 6, 10, 25, 3, 11, 2, 0, 0, 0, 0, 0, 0, 0, 0, 0, 0, 0, 0, 0, 0, 0, 0, 0, 0, 0, 0, 0, : 20, 5, 22, 11, 17, 2, 5, 9, 18, 6, 10, 11, 9, 6, 10, 25, 3, 11, 2, 
38: 23, 4, 1, 23, 1, 1, 9, 26, 3, 10, 5, 8, 3, 14, 6, 0, 0, 0, 0, 0, 0, 0, 0, 0, 0, 0, 0, 0, 0, 0, 0, 0, 0, 0, 0, 0, 0, 0, 0, 0, : 23, 4, 1, 23, 1, 1, 9, 26, 3, 10, 5, 8, 3, 14, 6, 
39: 7, 1, 19, 1, 11, 24, 21, 19, 30, 9, 2, 7, 17, 10, 21, 25, 4, 0, 0, 0, 0, 0, 0, 0, 0, 0, 0, 0, 0, 0, 0, 0, 0, 0, 0, 0, 0, 0, 0, 0, : 7, 1, 19, 1, 11, 24, 21, 19, 30, 9, 2, 7, 17, 10, 21, 25, 4, 
40: 9, 26, 30, 3, 12, 7, 5, 28, 13, 12, 19, 3, 23, 33, 13, 2, 3, 1, 12, 9, 22, 2, 2, 4, 2, 4, 3, 2, 0, 0, 0, 0, 0, 0, 0, 0, 0, 0, 0, 0, : 9, 26, 30, 3, 12, 7, 5, 28, 13, 12, 19, 3, 23, 33, 13, 2, 3, 1, 12, 9, 22, 2, 2, 4, 2, 4, 3, 2, 


