20
80
1: 1, 2, 4, 2, 22, 7, 1, 4, 0, 0, 0, 0, 0, 0, 0, 0, 0, 0, 0, 0, : 1, 2, 4, 2, 22, 7, 1, 4, 
2: 2, 1, 32, 8, 16, 13, 1, 10, 19, 2, 4, 8, 0, 0, 0, 0, 0, 0, 0, 0, : 2, 1, 32, 8, 16, 13, 1, 10, 19, 2, 4, 8, 
3: 5, 6, 1, 1, 1, 0, 0, 0, 0, 0, 0, 0, 0, 0, 0, 0, 0, 0, 0, 0, : 5, 6, 1, 1, 1, 
4: 6, 4, 28, 12, 2, 3, 10, 12, 0, 0, 0, 0, 0, 0, 0, 0, 0, 0, 0, 0, : 6, 4, 28, 12, 2, 3, 10, 12, 
5: 3, 10, 2, 20, 9, 5, 15, 8, 0, 0, 0, 0, 0, 0, 0, 0, 0, 0, 0, 0, : 3, 10, 2, 20, 9, 5, 15, 8, 
6: 2, 4, 1, 3, 1, 1, 10, 19, 13, 0, 0, 0, 0, 0, 0, 0, 0, 0, 0, 0, : 2, 4, 1, 3, 1, 1, 10, 19, 13, 
7: 4, 7, 13, 1, 3, 8, 4, 4, 5, 30, 3, 25, 25, 3, 0, 0, 0, 0, 0, 0, : 4, 7, 13, 1, 3, 8, 4, 4, 5, 30, 3, 25, 25, 3, 
8: 9, 2, 5, 30, 14, 1, 11, 15, 0, 0, 0, 0, 0, 0, 0, 0, 0, 0, 0, 0, : 9, 2, 5, 30, 14, 1, 11, 15, 
9: 11, 20, 1, 1, 20, 5, 1, 2, 33, 25, 0, 0, 0, 0, 0, 0, 0, 0, 0, 0, : 11, 20, 1, 1, 20, 5, 1, 2, 33, 25, 
10: 8, 5, 4, 2, 3, 25, 2, 1, 10, 3, 9, 7, 0, 0, 0, 0, 0, 0, 0, 0, : 8, 5, 4, 2, 3, 25, 2, 1, 10, 3, 9, 7, 
11: 5, 7, 1, 13, 7, 5, 3, 0, 0, 0, 0, 0, 0, 0, 0, 0, 0, 0, 0, 0, : 5, 7, 1, 13, 7, 5, 3, 
12: 1, 1, 5, 3, 22, 1, 33, 5, 19, 2, 0, 0, 0, 0, 0, 0, 0, 0, 0, 0, : 1, 1, 5, 3, 22, 1, 33, 5, 19, 2, 
13: 20, 4, 1, 2, 7, 7, 1, 1, 13, 4, 0, 0, 0, 0, 0, 0, 0, 0, 0, 0, : 20, 4, 1, 2, 7, 7, 1, 1, 13, 4, 
14: 2, 12, 4, 8, 6, 17, 22, 8, 0, 0, 0, 0, 0, 0, 0, 0, 0, 0, 0, 0, : 2, 12, 4, 8, 6, 17, 22, 8, 
15: 8, 3, 14, 18, 15, 1, 1, 12, 0, 0, 0, 0, 0, 0, 0, 0, 0, 0, 0, 0, : 8, 3, 14, 18, 15, 1, 1, 12, 
16: 3, 11, 26, 3, 21, 17, 6, 18, 2, 0, 0, 0, 0, 0, 0, 0, 0, 0, 0, 0, : 3, 11, 26, 3, 21, 17, 6, 18, 2, 
17: 4, 11, 24, 4, 6, 10, 2, 0, 0, 0, 0, 0, 0, 0, 0, 0, 0, 0, 0, 0, : 4, 11, 24, 4, 6, 10, 2, 
18: 5, 2, 3, 10, 1, 23, 1, 0, 0, 0, 0, 0, 0, 0, 0, 0, 0, 0, 0, 0, : 5, 2, 3, 10, 1, 23, 1, 
19: 13, 17, 9, 3, 5, 22, 24, 2, 5, 0, 0, 0, 0, 0, 0, 0, 0, 0, 0, 0, : 13, 17, 9, 3, 5, 22, 24, 2, 5, 
20: 24, 16, 1, 17, 7, 6, 17, 5, 20, 3, 16, 3, 0, 0, 0, 0, 0, 0, 0, 0, : 24, 16, 1, 17, 7, 6, 17, 5, 20, 3, 16, 3, 
21: 2, 1, 1, 7, 5, 12, 1, 31, 2, 7, 2, 5, 9, 14, 0, 0, 0, 0, 0, 0, : 2, 1, 1, 7, 5, 12, 1, 31, 2, 7, 2, 5, 9, 14, 
22: 21, 10, 7, 1, 26, 3, 5, 6, 0, 0, 0, 0, 0, 0, 0, 0, 0, 0, 0, 0, : 21, 10, 7, 1, 26, 3, 5, 6, 
23: 36, 3, 1, 1, 6, 15, 5, 3, 3, 0, 0, 0, 0, 0, 0, 0, 0, 0, 0, 0, : 36, 3, 1, 1, 6, 15, 5, 3, 3, 
24: 2, 12, 14, 1, 9, 3, 1, 1, 3, 6, 0, 0, 0, 0, 0, 0, 0, 0, 0, 0, : 2, 12, 14, 1, 9, 3, 1, 1, 3, 6, 
25: 17, 3, 5, 4, 4, 28, 8, 2, 0, 0, 0, 0, 0, 0, 0, 0, 0, 0, 0, 0, : 17, 3, 5, 4, 4, 28, 8, 2, 
26: 5, 1, 36, 1, 18, 1, 5, 0, 0, 0, 0, 0, 0, 0, 0, 0, 0, 0, 0, 0, : 5, 1, 36, 1, 18, 1, 5, 
27: 6, 22, 13, 2, 19, 1, 1, 3, 20, 17, 1, 2, 0, 0, 0, 0, 0, 0, 0, 0, : 6, 22, 13, 2, 19, 1, 1, 3, 20, 17, 1, 2, 
28: 12, 25, 11, 24, 1, 6, 7, 3, 17, 0, 0, 0, 0, 0, 0, 0, 0, 0, 0, 0, : 12, 25, 11, 24, 1, 6, 7, 3, 17, 
29: 12, 2, 23, 17, 5, 14, 22, 0, 0, 0, 0, 0, 0, 0, 0, 0, 0, 0, 0, 0, : 12, 2, 23, 17, 5, 14, 22, 
30: 6, 3, 1, 2, 9, 17, 20, 8, 7, 7, 0, 0, 0, 0, 0, 0, 0, 0, 0, 0, : 6, 3, 1, 2, 9, 17, 20, 8, 7, 7, 
31: 32, 33, 3, 14, 2, 5, 1, 11, 4, 23, 7, 1, 0, 0, 0, 0, 0, 0, 0, 0, : 32, 33, 3, 14, 2, 5, 1, 11, 4, 23, 7, 1, 
32: 1, 12, 3, 12, 2, 33, 1, 16, 5, 0, 0, 0, 0, 0, 0, 0, 0, 0, 0, 0, : 1, 12, 3, 12, 2, 33, 1, 16, 5, 
33: 4, 18, 5, 26, 8, 13, 1, 1, 7, 3, 8, 3, 1, 15, 0, 0, 0, 0, 0, 0, : 4, 18, 5, 26, 8, 13, 1, 1, 7, 3, 8, 3, 1, 15, 
34: 21, 4, 5, 3, 13, 3, 6, 5, 1, 2, 4, 0, 0, 0, 0, 0, 0, 0, 0, 0, : 21, 4, 5, 3, 13, 3, 6, 5, 1, 2, 4, 
35: 10, 7, 9, 6, 1, 2, 2, 10, 10, 0, 0, 0, 0, 0, 0, 0, 0, 0, 0, 0, : 10, 7, 9, 6, 1, 2, 2, 10, 10, 
36: 2, 3, 2, 7, 1, 2, 0, 0, 0, 0, 0, 0, 0, 0, 0, 0, 0, 0, 0, 0, : 2, 3, 2, 7, 1, 2, 
37: 1, 16, 1, 6, 0, 0, 0, 0, 0, 0, 0, 0, 0, 0, 0, 0, 0, 0, 0, 0, : 1, 16, 1, 6, 
38: 2, 31, 12, 1, 4, 5, 24, 3, 17, 10, 7, 0, 0, 0, 0, 0, 0, 0, 0, 0, : 2, 31, 12, 1, 4, 5, 24, 3, 17, 10, 7, 
39: 30, 7, 6, 23, 2, 1, 7, 20, 5, 5, 0, 0, 0, 0, 0, 0, 0, 0, 0, 0, : 30, 7, 6, 23, 2, 1, 7, 20, 5, 5, 
40: 6, 6, 17, 2, 24, 2, 4, 23, 22, 12, 1, 0, 0, 0, 0, 0, 0, 0, 0, 0, : 6, 6, 17, 2, 24, 2, 4, 23, 22, 12, 1, 
41: 6, 23, 6, 5, 16, 4, 4, 9, 1, 9, 1, 20, 0, 0, 0, 0, 0, 0, 0, 0, : 6, 23, 6, 5, 16, 4, 4, 9, 1, 9, 1, 20, 
42: 3, 7, 1, 8, 1, 16, 1, 1, 1, 0, 0, 0, 0, 0, 0, 0, 0, 0, 0, 0, : 3, 7, 1, 8, 1, 16, 1, 1, 1, 
43: 19, 1, 4, 6, 7, 6, 4, 2, 2, 8, 4, 27, 0, 0, 0, 0, 0, 0, 0, 0, : 19, 1, 4, 6, 7, 6, 4, 2, 2, 8, 4, 27, 
44: 1, 3, 8, 4, 17, 15, 0, 0, 0, 0, 0, 0, 0, 0, 0, 0, 0, 0, 0, 0, : 1, 3, 8, 4, 17, 15, 
45: 3, 7, 4, 2, 1, 2, 16, 2, 0, 0, 0, 0, 0, 0, 0, 0, 0, 0, 0, 0, : 3, 7, 4, 2, 1, 2, 16, 2, 
46: 2, 11, 8, 3, 14, 16, 5, 16, 10, 9, 5, 0, 0, 0, 0, 0, 0, 0, 0, 0, : 2, 11, 8, 3, 14, 16, 5, 16, 10, 9, 5, 
47: 2, 13, 24, 8, 5, 21, 8, 0, 0, 0, 0, 0, 0, 0, 0, 0, 0, 0, 0, 0, : 2, 13, 24, 8, 5, 21, 8, 
48: 1, 6, 2, 16, 4, 14, 4, 22, 0, 0, 0, 0, 0, 0, 0, 0, 0, 0, 0, 0, : 1, 6, 2, 16, 4, 14, 4, 22, 
49: 1, 20, 10, 3, 2, 1, 0, 0, 0, 0, 0, 0, 0, 0, 0, 0, 0, 0, 0, 0, : 1, 20, 10, 3, 2, 1, 
50: 3, 22, 3, 2, 2, 19, 4, 7, 6, 3, 11, 0, 0, 0, 0, 0, 0, 0, 0, 0, : 3, 22, 3, 2, 2, 19, 4, 7, 6, 3, 11, 
51: 25, 1, 6, 23, 5, 1, 14, 19, 2, 0, 0, 0, 0, 0, 0, 0, 0, 0, 0, 0, : 25, 1, 6, 23, 5, 1, 14, 19, 2, 
52: 5, 27, 18, 5, 6, 1, 23, 8, 21, 8, 10, 5, 19, 0, 0, 0, 0, 0, 0, 0, : 5, 27, 18, 5, 6, 1, 23, 8, 21, 8, 10, 5, 19, 
53: 3, 16, 10, 1, 20, 4, 25, 9, 0, 0, 0, 0, 0, 0, 0, 0, 0, 0, 0, 0, : 3, 16, 10, 1, 20, 4, 25, 9, 
54: 3, 1, 6, 5, 9, 15, 3, 6, 12, 4, 0, 0, 0, 0, 0, 0, 0, 0, 0, 0, : 3, 1, 6, 5, 9, 15, 3, 6, 12, 4, 
55: 23, 7, 9, 7, 11, 19, 5, 25, 2, 3, 8, 16, 18, 0, 0, 0, 0, 0, 0, 0, : 23, 7, 9, 7, 11, 19, 5, 25, 2, 3, 8, 16, 18, 
56: 6, 2, 1, 4, 5, 6, 7, 4, 3, 10, 25, 6, 0, 0, 0, 0, 0, 0, 0, 0, : 6, 2, 1, 4, 5, 6, 7, 4, 3, 10, 25, 6, 
57: 15, 2, 1, 6, 1, 26, 2, 3, 0, 0, 0, 0, 0, 0, 0, 0, 0, 0, 0, 0, : 15, 2, 1, 6, 1, 26, 2, 3, 
58: 3, 22, 17, 1, 5, 6, 7, 6, 0, 0, 0, 0, 0, 0, 0, 0, 0, 0, 0, 0, : 3, 22, 17, 1, 5, 6, 7, 6, 
59: 5, 8, 2, 6, 4, 6, 1, 3, 7, 13, 0, 0, 0, 0, 0, 0, 0, 0, 0, 0, : 5, 8, 2, 6, 4, 6, 1, 3, 7, 13, 
60: 1, 2, 18, 1, 18, 5, 14, 1, 34, 18, 4, 3, 0, 0, 0, 0, 0, 0, 0, 0, : 1, 2, 18, 1, 18, 5, 14, 1, 34, 18, 4, 3, 
61: 9, 8, 2, 6, 3, 5, 8, 23, 18, 3, 1, 0, 0, 0, 0, 0, 0, 0, 0, 0, : 9, 8, 2, 6, 3, 5, 8, 23, 18, 3, 1, 
62: 3, 9, 2, 9, 22, 2, 5, 2, 3, 11, 0, 0, 0, 0, 0, 0, 0, 0, 0, 0, : 3, 9, 2, 9, 22, 2, 5, 2, 3, 11, 
63: 1, 32, 10, 19, 3, 30, 0, 0, 0, 0, 0, 0, 0, 0, 0, 0, 0, 0, 0, 0, : 1, 32, 10, 19, 3, 30, 
64: 23, 24, 17, 3, 6, 1, 20, 2, 7, 0, 0, 0, 0, 0, 0, 0, 0, 0, 0, 0, : 23, 24, 17, 3, 6, 1, 20, 2, 7, 
65: 14, 3, 6, 8, 3, 2, 14, 3, 2, 12, 4, 10, 0, 0, 0, 0, 0, 0, 0, 0, : 14, 3, 6, 8, 3, 2, 14, 3, 2, 12, 4, 10, 
66: 4, 1, 1, 23, 1, 4, 1, 6, 10, 2, 0, 0, 0, 0, 0, 0, 0, 0, 0, 0, : 4, 1, 1, 23, 1, 4, 1, 6, 10, 2, 
67: 5, 7, 1, 10, 26, 9, 8, 4, 7, 21, 5, 1, 3, 0, 0, 0, 0, 0, 0, 0, : 5, 7, 1, 10, 26, 9, 8, 4, 7, 21, 5, 1, 3, 
68: 6, 13, 2, 10, 5, 10, 24, 13, 23, 0, 0, 0, 0, 0, 0, 0, 0, 0, 0, 0, : 6, 13, 2, 10, 5, 10, 24, 13, 23, 
69: 4, 7, 4, 1, 29, 1, 2, 9, 0, 0, 0, 0, 0, 0, 0, 0, 0, 0, 0, 0, : 4, 7, 4, 1, 29, 1, 2, 9, 
70: 2, 3, 7, 16, 5, 4, 1, 13, 4, 3, 33, 1, 13, 0, 0, 0, 0, 0, 0, 0, : 2, 3, 7, 16, 5, 4, 1, 13, 4, 3, 33, 1, 13, 
71: 4, 2, 2, 19, 1, 7, 15, 4, 2, 5, 1, 0, 0, 0, 0, 0, 0, 0, 0, 0, : 4, 2, 2, 19, 1, 7, 15, 4, 2, 5, 1, 
72: 6, 10, 1, 4, 8, 18, 2, 5, 7, 8, 4, 3, 0, 0, 0, 0, 0, 0, 0, 0, : 6, 10, 1, 4, 8, 18, 2, 5, 7, 8, 4, 3, 
73: 5, 3, 6, 9, 1, 9, 1, 5, 14, 4, 0, 0, 0, 0, 0, 0, 0, 0, 0, 0, : 5, 3, 6, 9, 1, 9, 1, 5, 14, 4, 
74: 5, 1, 3, 11, 1, 15, 22, 11, 5, 0, 0, 0, 0, 0, 0, 0, 0, 0, 0, 0, : 5, 1, 3, 11, 1, 15, 22, 11, 5, 
75: 1, 10, 2, 3, 22, 3, 8, 1, 1, 1, 6, 0, 0, 0, 0, 0, 0, 0, 0, 0, : 1, 10, 2, 3, 22, 3, 8, 1, 1, 1, 6, 
76: 25, 13, 2, 7, 7, 3, 2, 8, 3, 4, 11, 0, 0, 0, 0, 0, 0, 0, 0, 0, : 25, 13, 2, 7, 7, 3, 2, 8, 3, 4, 11, 
77: 2, 17, 21, 1, 7, 2, 1, 10, 25, 2, 0, 0, 0, 0, 0, 0, 0, 0, 0, 0, : 2, 17, 21, 1, 7, 2, 1, 10, 25, 2, 
78: 9, 1, 22, 9, 1, 1, 2, 6, 1, 0, 0, 0, 0, 0, 0, 0, 0, 0, 0, 0, : 9, 1, 22, 9, 1, 1, 2, 6, 1, 
79: 21, 2, 25, 8, 1, 13, 26, 22, 4, 0, 0, 0, 0, 0, 0, 0, 0, 0, 0, 0, : 21, 2, 25, 8, 1, 13, 26, 22, 4, 
80: 4, 15, 8, 1, 3, 1, 4, 4, 0, 0, 0, 0, 0, 0, 0, 0, 0, 0, 0, 0, : 4, 15, 8, 1, 3, 1, 4, 4, 


