40
100
1: 2, 6, 1, 10, 21, 5, 6, 3, 3, 5, 1, 2, 4, 34, 1, 4, 2, 1, 0, 0, 0, 0, 0, 0, 0, 0, 0, 0, 0, 0, 0, 0, 0, 0, 0, 0, 0, 0, 0, 0, : 2, 6, 1, 10, 21, 5, 6, 3, 3, 5, 1, 2, 4, 34, 1, 4, 2, 1, 
2: 6, 5, 3, 7, 23, 3, 4, 5, 26, 34, 7, 6, 9, 3, 2, 30, 20, 13, 4, 0, 0, 0, 0, 0, 0, 0, 0, 0, 0, 0, 0, 0, 0, 0, 0, 0, 0, 0, 0, 0, : 6, 5, 3, 7, 23, 3, 4, 5, 26, 34, 7, 6, 9, 3, 2, 30, 20, 13, 4, 
3: 12, 3, 3, 3, 6, 23, 4, 12, 7, 4, 21, 1, 36, 1, 14, 1, 9, 17, 5, 23, 1, 4, 14, 0, 0, 0, 0, 0, 0, 0, 0, 0, 0, 0, 0, 0, 0, 0, 0, 0, : 12, 3, 3, 3, 6, 23, 4, 12, 7, 4, 21, 1, 36, 1, 14, 1, 9, 17, 5, 23, 1, 4, 14, 
4: 3, 9, 1, 2, 4, 5, 18, 4, 1, 1, 14, 5, 5, 11, 15, 3, 20, 36, 9, 7, 21, 7, 8, 1, 1, 0, 0, 0, 0, 0, 0, 0, 0, 0, 0, 0, 0, 0, 0, 0, : 3, 9, 1, 2, 4, 5, 18, 4, 1, 1, 14, 5, 5, 11, 15, 3, 20, 36, 9, 7, 21, 7, 8, 1, 1, 
5: 3, 8, 2, 8, 3, 15, 16, 20, 23, 20, 20, 2, 11, 3, 8, 1, 4, 8, 0, 0, 0, 0, 0, 0, 0, 0, 0, 0, 0, 0, 0, 0, 0, 0, 0, 0, 0, 0, 0, 0, : 3, 8, 2, 8, 3, 15, 16, 20, 23, 20, 20, 2, 11, 3, 8, 1, 4, 8, 
6: 33, 8, 1, 1, 1, 11, 5, 2, 1, 1, 17, 3, 2, 9, 8, 9, 2, 2, 6, 3, 34, 5, 6, 1, 18, 7, 13, 28, 10, 0, 0, 0, 0, 0, 0, 0, 0, 0, 0, 0, : 33, 8, 1, 1, 1, 11, 5, 2, 1, 1, 17, 3, 2, 9, 8, 9, 2, 2, 6, 3, 34, 5, 6, 1, 18, 7, 13, 28, 10, 
7: 4, 7, 3, 9, 4, 5, 5, 14, 1, 4, 25, 9, 2, 16, 2, 3, 9, 22, 1, 2, 1, 1, 5, 1, 0, 0, 0, 0, 0, 0, 0, 0, 0, 0, 0, 0, 0, 0, 0, 0, : 4, 7, 3, 9, 4, 5, 5, 14, 1, 4, 25, 9, 2, 16, 2, 3, 9, 22, 1, 2, 1, 1, 5, 1, 
8: 1, 4, 3, 5, 4, 4, 1, 9, 3, 6, 11, 3, 2, 6, 8, 0, 0, 0, 0, 0, 0, 0, 0, 0, 0, 0, 0, 0, 0, 0, 0, 0, 0, 0, 0, 0, 0, 0, 0, 0, : 1, 4, 3, 5, 4, 4, 1, 9, 3, 6, 11, 3, 2, 6, 8, 
9: 9, 4, 1, 22, 32, 6, 18, 5, 12, 6, 6, 12, 8, 7, 4, 2, 3, 11, 6, 22, 2, 2, 0, 0, 0, 0, 0, 0, 0, 0, 0, 0, 0, 0, 0, 0, 0, 0, 0, 0, : 9, 4, 1, 22, 32, 6, 18, 5, 12, 6, 6, 12, 8, 7, 4, 2, 3, 11, 6, 22, 2, 2, 
10: 15, 1, 19, 8, 4, 29, 17, 11, 19, 26, 6, 15, 26, 1, 1, 0, 0, 0, 0, 0, 0, 0, 0, 0, 0, 0, 0, 0, 0, 0, 0, 0, 0, 0, 0, 0, 0, 0, 0, 0, : 15, 1, 19, 8, 4, 29, 17, 11, 19, 26, 6, 15, 26, 1, 1, 
11: 3, 20, 18, 22, 2, 7, 2, 4, 1, 1, 14, 1, 15, 8, 4, 4, 5, 6, 0, 0, 0, 0, 0, 0, 0, 0, 0, 0, 0, 0, 0, 0, 0, 0, 0, 0, 0, 0, 0, 0, : 3, 20, 18, 22, 2, 7, 2, 4, 1, 1, 14, 1, 15, 8, 4, 4, 5, 6, 
12: 6, 8, 4, 25, 6, 2, 1, 2, 13, 9, 28, 17, 11, 5, 4, 2, 24, 25, 2, 26, 0, 0, 0, 0, 0, 0, 0, 0, 0, 0, 0, 0, 0, 0, 0, 0, 0, 0, 0, 0, : 6, 8, 4, 25, 6, 2, 1, 2, 13, 9, 28, 17, 11, 5, 4, 2, 24, 25, 2, 26, 
13: 1, 4, 8, 1, 2, 3, 2, 7, 1, 10, 4, 9, 10, 1, 14, 3, 5, 5, 22, 4, 0, 0, 0, 0, 0, 0, 0, 0, 0, 0, 0, 0, 0, 0, 0, 0, 0, 0, 0, 0, : 1, 4, 8, 1, 2, 3, 2, 7, 1, 10, 4, 9, 10, 1, 14, 3, 5, 5, 22, 4, 
14: 24, 1, 5, 9, 3, 14, 2, 1, 9, 4, 10, 16, 13, 6, 9, 2, 7, 7, 4, 9, 1, 9, 3, 0, 0, 0, 0, 0, 0, 0, 0, 0, 0, 0, 0, 0, 0, 0, 0, 0, : 24, 1, 5, 9, 3, 14, 2, 1, 9, 4, 10, 16, 13, 6, 9, 2, 7, 7, 4, 9, 1, 9, 3, 
15: 3, 1, 2, 7, 32, 1, 34, 2, 10, 1, 23, 2, 3, 8, 1, 7, 1, 9, 4, 17, 27, 4, 3, 0, 0, 0, 0, 0, 0, 0, 0, 0, 0, 0, 0, 0, 0, 0, 0, 0, : 3, 1, 2, 7, 32, 1, 34, 2, 10, 1, 23, 2, 3, 8, 1, 7, 1, 9, 4, 17, 27, 4, 3, 
16: 5, 1, 4, 1, 9, 5, 15, 1, 22, 8, 21, 10, 16, 1, 17, 1, 22, 2, 7, 1, 17, 5, 0, 0, 0, 0, 0, 0, 0, 0, 0, 0, 0, 0, 0, 0, 0, 0, 0, 0, : 5, 1, 4, 1, 9, 5, 15, 1, 22, 8, 21, 10, 16, 1, 17, 1, 22, 2, 7, 1, 17, 5, 
17: 3, 8, 16, 39, 13, 18, 2, 6, 27, 29, 16, 2, 1, 7, 2, 2, 20, 4, 1, 2, 2, 28, 30, 0, 0, 0, 0, 0, 0, 0, 0, 0, 0, 0, 0, 0, 0, 0, 0, 0, : 3, 8, 16, 39, 13, 18, 2, 6, 27, 29, 16, 2, 1, 7, 2, 2, 20, 4, 1, 2, 2, 28, 30, 
18: 7, 12, 5, 5, 1, 4, 1, 3, 29, 3, 3, 5, 4, 1, 6, 3, 1, 3, 3, 4, 26, 36, 13, 2, 0, 0, 0, 0, 0, 0, 0, 0, 0, 0, 0, 0, 0, 0, 0, 0, : 7, 12, 5, 5, 1, 4, 1, 3, 29, 3, 3, 5, 4, 1, 6, 3, 1, 3, 3, 4, 26, 36, 13, 2, 
19: 16, 29, 15, 11, 20, 3, 10, 27, 3, 4, 3, 3, 1, 1, 3, 11, 11, 2, 30, 3, 0, 0, 0, 0, 0, 0, 0, 0, 0, 0, 0, 0, 0, 0, 0, 0, 0, 0, 0, 0, : 16, 29, 15, 11, 20, 3, 10, 27, 3, 4, 3, 3, 1, 1, 3, 11, 11, 2, 30, 3, 
20: 6, 5, 1, 4, 15, 16, 3, 24, 10, 3, 22, 10, 17, 25, 9, 2, 11, 4, 1, 1, 1, 4, 9, 8, 2, 10, 15, 7, 10, 0, 0, 0, 0, 0, 0, 0, 0, 0, 0, 0, : 6, 5, 1, 4, 15, 16, 3, 24, 10, 3, 22, 10, 17, 25, 9, 2, 11, 4, 1, 1, 1, 4, 9, 8, 2, 10, 15, 7, 10, 
21: 3, 3, 7, 2, 6, 1, 5, 4, 1, 1, 4, 1, 5, 10, 6, 2, 24, 5, 6, 8, 8, 0, 0, 0, 0, 0, 0, 0, 0, 0, 0, 0, 0, 0, 0, 0, 0, 0, 0, 0, : 3, 3, 7, 2, 6, 1, 5, 4, 1, 1, 4, 1, 5, 10, 6, 2, 24, 5, 6, 8, 8, 
22: 4, 6, 6, 35, 17, 1, 1, 16, 11, 12, 9, 2, 10, 3, 17, 13, 5, 1, 0, 0, 0, 0, 0, 0, 0, 0, 0, 0, 0, 0, 0, 0, 0, 0, 0, 0, 0, 0, 0, 0, : 4, 6, 6, 35, 17, 1, 1, 16, 11, 12, 9, 2, 10, 3, 17, 13, 5, 1, 
23: 4, 9, 22, 25, 2, 1, 21, 27, 1, 12, 1, 22, 1, 4, 13, 0, 0, 0, 0, 0, 0, 0, 0, 0, 0, 0, 0, 0, 0, 0, 0, 0, 0, 0, 0, 0, 0, 0, 0, 0, : 4, 9, 22, 25, 2, 1, 21, 27, 1, 12, 1, 22, 1, 4, 13, 
24: 2, 8, 1, 5, 3, 2, 4, 7, 7, 1, 2, 7, 22, 14, 2, 29, 0, 0, 0, 0, 0, 0, 0, 0, 0, 0, 0, 0, 0, 0, 0, 0, 0, 0, 0, 0, 0, 0, 0, 0, : 2, 8, 1, 5, 3, 2, 4, 7, 7, 1, 2, 7, 22, 14, 2, 29, 
25: 10, 13, 3, 8, 1, 4, 28, 1, 14, 30, 24, 7, 5, 2, 1, 1, 14, 1, 7, 10, 8, 0, 0, 0, 0, 0, 0, 0, 0, 0, 0, 0, 0, 0, 0, 0, 0, 0, 0, 0, : 10, 13, 3, 8, 1, 4, 28, 1, 14, 30, 24, 7, 5, 2, 1, 1, 14, 1, 7, 10, 8, 
26: 6, 2, 10, 15, 1, 6, 9, 8, 2, 2, 19, 24, 5, 2, 33, 1, 2, 5, 3, 33, 12, 13, 19, 0, 0, 0, 0, 0, 0, 0, 0, 0, 0, 0, 0, 0, 0, 0, 0, 0, : 6, 2, 10, 15, 1, 6, 9, 8, 2, 2, 19, 24, 5, 2, 33, 1, 2, 5, 3, 33, 12, 13, 19, 
27: 1, 2, 8, 1, 10, 34, 5, 2, 2, 5, 7, 2, 21, 7, 3, 12, 4, 19, 11, 4, 1, 0, 0, 0, 0, 0, 0, 0, 0, 0, 0, 0, 0, 0, 0, 0, 0, 0, 0, 0, : 1, 2, 8, 1, 10, 34, 5, 2, 2, 5, 7, 2, 21, 7, 3, 12, 4, 19, 11, 4, 1, 
28: 2, 1, 1, 2, 5, 1, 10, 8, 16, 1, 2, 3, 5, 1, 1, 6, 2, 12, 4, 1, 2, 1, 1, 12, 0, 0, 0, 0, 0, 0, 0, 0, 0, 0, 0, 0, 0, 0, 0, 0, : 2, 1, 1, 2, 5, 1, 10, 8, 16, 1, 2, 3, 5, 1, 1, 6, 2, 12, 4, 1, 2, 1, 1, 12, 
29: 1, 1, 8, 18, 15, 4, 3, 17, 5, 4, 3, 11, 11, 5, 10, 2, 0, 0, 0, 0, 0, 0, 0, 0, 0, 0, 0, 0, 0, 0, 0, 0, 0, 0, 0, 0, 0, 0, 0, 0, : 1, 1, 8, 18, 15, 4, 3, 17, 5, 4, 3, 11, 11, 5, 10, 2, 
30: 2, 9, 2, 2, 1, 8, 7, 3, 16, 5, 17, 21, 1, 2, 1, 2, 11, 30, 7, 7, 0, 0, 0, 0, 0, 0, 0, 0, 0, 0, 0, 0, 0, 0, 0, 0, 0, 0, 0, 0, : 2, 9, 2, 2, 1, 8, 7, 3, 16, 5, 17, 21, 1, 2, 1, 2, 11, 30, 7, 7, 
31: 2, 1, 4, 5, 1, 1, 1, 27, 2, 14, 24, 2, 11, 7, 11, 5, 2, 5, 5, 4, 14, 3, 1, 7, 0, 0, 0, 0, 0, 0, 0, 0, 0, 0, 0, 0, 0, 0, 0, 0, : 2, 1, 4, 5, 1, 1, 1, 27, 2, 14, 24, 2, 11, 7, 11, 5, 2, 5, 5, 4, 14, 3, 1, 7, 
32: 9, 5, 2, 7, 1, 7, 1, 17, 2, 2, 1, 3, 1, 3, 5, 11, 3, 9, 5, 5, 6, 1, 0, 0, 0, 0, 0, 0, 0, 0, 0, 0, 0, 0, 0, 0, 0, 0, 0, 0, : 9, 5, 2, 7, 1, 7, 1, 17, 2, 2, 1, 3, 1, 3, 5, 11, 3, 9, 5, 5, 6, 1, 
33: 2, 7, 3, 5, 3, 6, 1, 29, 22, 2, 27, 15, 3, 15, 14, 15, 9, 0, 0, 0, 0, 0, 0, 0, 0, 0, 0, 0, 0, 0, 0, 0, 0, 0, 0, 0, 0, 0, 0, 0, : 2, 7, 3, 5, 3, 6, 1, 29, 22, 2, 27, 15, 3, 15, 14, 15, 9, 
34: 1, 15, 5, 31, 21, 14, 5, 3, 4, 5, 17, 17, 2, 18, 1, 3, 4, 3, 6, 8, 6, 0, 0, 0, 0, 0, 0, 0, 0, 0, 0, 0, 0, 0, 0, 0, 0, 0, 0, 0, : 1, 15, 5, 31, 21, 14, 5, 3, 4, 5, 17, 17, 2, 18, 1, 3, 4, 3, 6, 8, 6, 
35: 11, 10, 8, 12, 32, 2, 9, 3, 14, 12, 3, 3, 6, 5, 12, 6, 2, 26, 15, 0, 0, 0, 0, 0, 0, 0, 0, 0, 0, 0, 0, 0, 0, 0, 0, 0, 0, 0, 0, 0, : 11, 10, 8, 12, 32, 2, 9, 3, 14, 12, 3, 3, 6, 5, 12, 6, 2, 26, 15, 
36: 2, 23, 18, 15, 1, 7, 16, 1, 8, 11, 17, 3, 37, 10, 8, 9, 0, 0, 0, 0, 0, 0, 0, 0, 0, 0, 0, 0, 0, 0, 0, 0, 0, 0, 0, 0, 0, 0, 0, 0, : 2, 23, 18, 15, 1, 7, 16, 1, 8, 11, 17, 3, 37, 10, 8, 9, 
37: 1, 7, 3, 1, 9, 2, 11, 4, 1, 2, 4, 18, 11, 1, 2, 5, 5, 5, 1, 2, 3, 28, 0, 0, 0, 0, 0, 0, 0, 0, 0, 0, 0, 0, 0, 0, 0, 0, 0, 0, : 1, 7, 3, 1, 9, 2, 11, 4, 1, 2, 4, 18, 11, 1, 2, 5, 5, 5, 1, 2, 3, 28, 
38: 4, 25, 8, 10, 13, 8, 16, 6, 3, 6, 7, 3, 1, 1, 2, 0, 0, 0, 0, 0, 0, 0, 0, 0, 0, 0, 0, 0, 0, 0, 0, 0, 0, 0, 0, 0, 0, 0, 0, 0, : 4, 25, 8, 10, 13, 8, 16, 6, 3, 6, 7, 3, 1, 1, 2, 
39: 15, 3, 31, 10, 3, 7, 11, 12, 1, 10, 2, 2, 10, 27, 15, 1, 13, 5, 7, 0, 0, 0, 0, 0, 0, 0, 0, 0, 0, 0, 0, 0, 0, 0, 0, 0, 0, 0, 0, 0, : 15, 3, 31, 10, 3, 7, 11, 12, 1, 10, 2, 2, 10, 27, 15, 1, 13, 5, 7, 
40: 4, 16, 2, 18, 1, 1, 1, 4, 5, 19, 5, 11, 1, 33, 1, 4, 2, 7, 1, 4, 6, 26, 5, 18, 0, 0, 0, 0, 0, 0, 0, 0, 0, 0, 0, 0, 0, 0, 0, 0, : 4, 16, 2, 18, 1, 1, 1, 4, 5, 19, 5, 11, 1, 33, 1, 4, 2, 7, 1, 4, 6, 26, 5, 18, 
41: 1, 2, 7, 22, 1, 9, 3, 2, 7, 32, 4, 1, 1, 12, 2, 1, 19, 1, 7, 18, 8, 17, 3, 6, 2, 8, 2, 6, 0, 0, 0, 0, 0, 0, 0, 0, 0, 0, 0, 0, : 1, 2, 7, 22, 1, 9, 3, 2, 7, 32, 4, 1, 1, 12, 2, 1, 19, 1, 7, 18, 8, 17, 3, 6, 2, 8, 2, 6, 
42: 3, 3, 4, 7, 20, 1, 16, 5, 2, 1, 17, 6, 1, 11, 11, 24, 1, 8, 4, 8, 14, 11, 3, 0, 0, 0, 0, 0, 0, 0, 0, 0, 0, 0, 0, 0, 0, 0, 0, 0, : 3, 3, 4, 7, 20, 1, 16, 5, 2, 1, 17, 6, 1, 11, 11, 24, 1, 8, 4, 8, 14, 11, 3, 
43: 15, 2, 18, 5, 9, 1, 8, 1, 3, 3, 5, 27, 4, 10, 6, 1, 12, 18, 15, 5, 1, 1, 2, 12, 14, 4, 0, 0, 0, 0, 0, 0, 0, 0, 0, 0, 0, 0, 0, 0, : 15, 2, 18, 5, 9, 1, 8, 1, 3, 3, 5, 27, 4, 10, 6, 1, 12, 18, 15, 5, 1, 1, 2, 12, 14, 4, 
44: 9, 17, 23, 23, 16, 7, 2, 7, 18, 14, 10, 1, 20, 7, 3, 2, 8, 25, 22, 13, 0, 0, 0, 0, 0, 0, 0, 0, 0, 0, 0, 0, 0, 0, 0, 0, 0, 0, 0, 0, : 9, 17, 23, 23, 16, 7, 2, 7, 18, 14, 10, 1, 20, 7, 3, 2, 8, 25, 22, 13, 
45: 13, 19, 19, 11, 1, 6, 9, 3, 2, 16, 4, 1, 5, 3, 10, 10, 0, 0, 0, 0, 0, 0, 0, 0, 0, 0, 0, 0, 0, 0, 0, 0, 0, 0, 0, 0, 0, 0, 0, 0, : 13, 19, 19, 11, 1, 6, 9, 3, 2, 16, 4, 1, 5, 3, 10, 10, 
46: 9, 21, 2, 4, 6, 15, 8, 20, 9, 3, 3, 13, 8, 25, 2, 1, 6, 18, 7, 8, 9, 19, 24, 5, 6, 7, 6, 0, 0, 0, 0, 0, 0, 0, 0, 0, 0, 0, 0, 0, : 9, 21, 2, 4, 6, 15, 8, 20, 9, 3, 3, 13, 8, 25, 2, 1, 6, 18, 7, 8, 9, 19, 24, 5, 6, 7, 6, 
47: 1, 9, 10, 7, 29, 1, 6, 1, 15, 23, 1, 20, 15, 1, 3, 1, 6, 3, 2, 8, 1, 29, 4, 1, 0, 0, 0, 0, 0, 0, 0, 0, 0, 0, 0, 0, 0, 0, 0, 0, : 1, 9, 10, 7, 29, 1, 6, 1, 15, 23, 1, 20, 15, 1, 3, 1, 6, 3, 2, 8, 1, 29, 4, 1, 
48: 29, 8, 18, 9, 10, 18, 1, 14, 25, 2, 11, 1, 10, 2, 0, 0, 0, 0, 0, 0, 0, 0, 0, 0, 0, 0, 0, 0, 0, 0, 0, 0, 0, 0, 0, 0, 0, 0, 0, 0, : 29, 8, 18, 9, 10, 18, 1, 14, 25, 2, 11, 1, 10, 2, 
49: 2, 27, 5, 2, 10, 4, 6, 3, 7, 2, 19, 11, 32, 3, 8, 1, 7, 0, 0, 0, 0, 0, 0, 0, 0, 0, 0, 0, 0, 0, 0, 0, 0, 0, 0, 0, 0, 0, 0, 0, : 2, 27, 5, 2, 10, 4, 6, 3, 7, 2, 19, 11, 32, 3, 8, 1, 7, 
50: 8, 21, 8, 3, 23, 23, 1, 2, 16, 2, 3, 5, 1, 1, 4, 7, 25, 26, 10, 11, 0, 0, 0, 0, 0, 0, 0, 0, 0, 0, 0, 0, 0, 0, 0, 0, 0, 0, 0, 0, : 8, 21, 8, 3, 23, 23, 1, 2, 16, 2, 3, 5, 1, 1, 4, 7, 25, 26, 10, 11, 
51: 2, 7, 1, 38, 4, 1, 27, 20, 15, 4, 5, 1, 13, 6, 14, 6, 8, 5, 8, 8, 29, 0, 0, 0, 0, 0, 0, 0, 0, 0, 0, 0, 0, 0, 0, 0, 0, 0, 0, 0, : 2, 7, 1, 38, 4, 1, 27, 20, 15, 4, 5, 1, 13, 6, 14, 6, 8, 5, 8, 8, 29, 
52: 13, 1, 25, 9, 4, 8, 27, 11, 3, 10, 3, 6, 10, 19, 4, 6, 2, 1, 7, 12, 24, 0, 0, 0, 0, 0, 0, 0, 0, 0, 0, 0, 0, 0, 0, 0, 0, 0, 0, 0, : 13, 1, 25, 9, 4, 8, 27, 11, 3, 10, 3, 6, 10, 19, 4, 6, 2, 1, 7, 12, 24, 
53: 1, 7, 12, 2, 5, 1, 5, 1, 3, 3, 19, 29, 9, 7, 10, 19, 9, 7, 6, 9, 5, 1, 19, 7, 2, 5, 1, 20, 0, 0, 0, 0, 0, 0, 0, 0, 0, 0, 0, 0, : 1, 7, 12, 2, 5, 1, 5, 1, 3, 3, 19, 29, 9, 7, 10, 19, 9, 7, 6, 9, 5, 1, 19, 7, 2, 5, 1, 20, 
54: 8, 2, 4, 5, 10, 3, 15, 4, 4, 5, 20, 1, 5, 30, 1, 6, 2, 1, 1, 9, 21, 3, 9, 1, 3, 2, 2, 0, 0, 0, 0, 0, 0, 0, 0, 0, 0, 0, 0, 0, : 8, 2, 4, 5, 10, 3, 15, 4, 4, 5, 20, 1, 5, 30, 1, 6, 2, 1, 1, 9, 21, 3, 9, 1, 3, 2, 2, 
55: 8, 24, 18, 3, 8, 28, 5, 1, 2, 24, 1, 4, 7, 10, 1, 11, 2, 21, 5, 1, 2, 2, 0, 0, 0, 0, 0, 0, 0, 0, 0, 0, 0, 0, 0, 0, 0, 0, 0, 0, : 8, 24, 18, 3, 8, 28, 5, 1, 2, 24, 1, 4, 7, 10, 1, 11, 2, 21, 5, 1, 2, 2, 
56: 1, 1, 1, 2, 1, 6, 2, 1, 16, 3, 10, 1, 10, 4, 3, 1, 6, 2, 2, 15, 9, 0, 0, 0, 0, 0, 0, 0, 0, 0, 0, 0, 0, 0, 0, 0, 0, 0, 0, 0, : 1, 1, 1, 2, 1, 6, 2, 1, 16, 3, 10, 1, 10, 4, 3, 1, 6, 2, 2, 15, 9, 
57: 3, 9, 2, 6, 9, 3, 6, 3, 2, 1, 2, 8, 2, 4, 6, 1, 6, 19, 10, 23, 1, 19, 7, 5, 6, 1, 4, 4, 3, 4, 0, 0, 0, 0, 0, 0, 0, 0, 0, 0, : 3, 9, 2, 6, 9, 3, 6, 3, 2, 1, 2, 8, 2, 4, 6, 1, 6, 19, 10, 23, 1, 19, 7, 5, 6, 1, 4, 4, 3, 4, 
58: 3, 1, 5, 4, 11, 3, 5, 17, 5, 3, 2, 10, 1, 7, 9, 5, 1, 2, 1, 1, 7, 2, 1, 18, 0, 0, 0, 0, 0, 0, 0, 0, 0, 0, 0, 0, 0, 0, 0, 0, : 3, 1, 5, 4, 11, 3, 5, 17, 5, 3, 2, 10, 1, 7, 9, 5, 1, 2, 1, 1, 7, 2, 1, 18, 
59: 5, 9, 2, 34, 9, 9, 1, 3, 7, 3, 2, 3, 9, 11, 0, 0, 0, 0, 0, 0, 0, 0, 0, 0, 0, 0, 0, 0, 0, 0, 0, 0, 0, 0, 0, 0, 0, 0, 0, 0, : 5, 9, 2, 34, 9, 9, 1, 3, 7, 3, 2, 3, 9, 11, 
60: 1, 1, 2, 11, 1, 12, 3, 3, 7, 7, 6, 2, 20, 27, 3, 17, 0, 0, 0, 0, 0, 0, 0, 0, 0, 0, 0, 0, 0, 0, 0, 0, 0, 0, 0, 0, 0, 0, 0, 0, : 1, 1, 2, 11, 1, 12, 3, 3, 7, 7, 6, 2, 20, 27, 3, 17, 
61: 5, 8, 2, 3, 2, 12, 5, 18, 1, 14, 1, 5, 2, 1, 23, 5, 4, 20, 7, 1, 6, 4, 0, 0, 0, 0, 0, 0, 0, 0, 0, 0, 0, 0, 0, 0, 0, 0, 0, 0, : 5, 8, 2, 3, 2, 12, 5, 18, 1, 14, 1, 5, 2, 1, 23, 5, 4, 20, 7, 1, 6, 4, 
62: 31, 6, 11, 6, 12, 11, 3, 4, 2, 15, 17, 2, 28, 5, 1, 6, 1, 23, 10, 11, 18, 17, 5, 0, 0, 0, 0, 0, 0, 0, 0, 0, 0, 0, 0, 0, 0, 0, 0, 0, : 31, 6, 11, 6, 12, 11, 3, 4, 2, 15, 17, 2, 28, 5, 1, 6, 1, 23, 10, 11, 18, 17, 5, 
63: 8, 1, 1, 6, 4, 9, 4, 9, 26, 6, 1, 13, 1, 3, 6, 3, 1, 22, 0, 0, 0, 0, 0, 0, 0, 0, 0, 0, 0, 0, 0, 0, 0, 0, 0, 0, 0, 0, 0, 0, : 8, 1, 1, 6, 4, 9, 4, 9, 26, 6, 1, 13, 1, 3, 6, 3, 1, 22, 
64: 10, 13, 1, 6, 15, 11, 5, 20, 3, 20, 1, 21, 10, 4, 21, 11, 3, 2, 6, 2, 4, 1, 0, 0, 0, 0, 0, 0, 0, 0, 0, 0, 0, 0, 0, 0, 0, 0, 0, 0, : 10, 13, 1, 6, 15, 11, 5, 20, 3, 20, 1, 21, 10, 4, 21, 11, 3, 2, 6, 2, 4, 1, 
65: 6, 4, 7, 12, 3, 4, 7, 2, 8, 8, 6, 1, 10, 1, 3, 2, 9, 6, 13, 24, 13, 7, 12, 19, 13, 0, 0, 0, 0, 0, 0, 0, 0, 0, 0, 0, 0, 0, 0, 0, : 6, 4, 7, 12, 3, 4, 7, 2, 8, 8, 6, 1, 10, 1, 3, 2, 9, 6, 13, 24, 13, 7, 12, 19, 13, 
66: 17, 2, 16, 2, 1, 3, 15, 30, 1, 1, 1, 8, 3, 2, 7, 4, 3, 1, 17, 0, 0, 0, 0, 0, 0, 0, 0, 0, 0, 0, 0, 0, 0, 0, 0, 0, 0, 0, 0, 0, : 17, 2, 16, 2, 1, 3, 15, 30, 1, 1, 1, 8, 3, 2, 7, 4, 3, 1, 17, 
67: 8, 13, 1, 6, 29, 12, 4, 1, 2, 1, 2, 17, 1, 1, 4, 30, 21, 16, 1, 10, 18, 3, 0, 0, 0, 0, 0, 0, 0, 0, 0, 0, 0, 0, 0, 0, 0, 0, 0, 0, : 8, 13, 1, 6, 29, 12, 4, 1, 2, 1, 2, 17, 1, 1, 4, 30, 21, 16, 1, 10, 18, 3, 
68: 2, 3, 5, 15, 18, 1, 13, 7, 10, 2, 1, 26, 1, 1, 12, 4, 18, 15, 1, 2, 1, 16, 17, 3, 10, 0, 0, 0, 0, 0, 0, 0, 0, 0, 0, 0, 0, 0, 0, 0, : 2, 3, 5, 15, 18, 1, 13, 7, 10, 2, 1, 26, 1, 1, 12, 4, 18, 15, 1, 2, 1, 16, 17, 3, 10, 
69: 1, 6, 7, 9, 7, 11, 1, 3, 20, 1, 10, 24, 5, 1, 1, 0, 0, 0, 0, 0, 0, 0, 0, 0, 0, 0, 0, 0, 0, 0, 0, 0, 0, 0, 0, 0, 0, 0, 0, 0, : 1, 6, 7, 9, 7, 11, 1, 3, 20, 1, 10, 24, 5, 1, 1, 
70: 2, 1, 2, 4, 6, 1, 22, 1, 3, 18, 5, 3, 1, 7, 15, 10, 1, 11, 3, 8, 10, 6, 2, 9, 4, 9, 0, 0, 0, 0, 0, 0, 0, 0, 0, 0, 0, 0, 0, 0, : 2, 1, 2, 4, 6, 1, 22, 1, 3, 18, 5, 3, 1, 7, 15, 10, 1, 11, 3, 8, 10, 6, 2, 9, 4, 9, 
71: 2, 3, 27, 13, 1, 31, 35, 36, 2, 8, 8, 4, 3, 21, 21, 11, 22, 1, 8, 1, 10, 0, 0, 0, 0, 0, 0, 0, 0, 0, 0, 0, 0, 0, 0, 0, 0, 0, 0, 0, : 2, 3, 27, 13, 1, 31, 35, 36, 2, 8, 8, 4, 3, 21, 21, 11, 22, 1, 8, 1, 10, 
72: 23, 6, 5, 1, 13, 5, 4, 20, 6, 8, 8, 4, 12, 2, 10, 13, 7, 2, 4, 9, 0, 0, 0, 0, 0, 0, 0, 0, 0, 0, 0, 0, 0, 0, 0, 0, 0, 0, 0, 0, : 23, 6, 5, 1, 13, 5, 4, 20, 6, 8, 8, 4, 12, 2, 10, 13, 7, 2, 4, 9, 
73: 1, 4, 10, 7, 22, 6, 1, 12, 22, 12, 15, 10, 3, 10, 5, 14, 6, 0, 0, 0, 0, 0, 0, 0, 0, 0, 0, 0, 0, 0, 0, 0, 0, 0, 0, 0, 0, 0, 0, 0, : 1, 4, 10, 7, 22, 6, 1, 12, 22, 12, 15, 10, 3, 10, 5, 14, 6, 
74: 1, 1, 8, 5, 30, 10, 5, 10, 25, 2, 5, 17, 1, 11, 3, 5, 7, 12, 7, 7, 13, 25, 0, 0, 0, 0, 0, 0, 0, 0, 0, 0, 0, 0, 0, 0, 0, 0, 0, 0, : 1, 1, 8, 5, 30, 10, 5, 10, 25, 2, 5, 17, 1, 11, 3, 5, 7, 12, 7, 7, 13, 25, 
75: 9, 8, 1, 16, 1, 1, 4, 25, 2, 4, 9, 6, 3, 3, 4, 5, 33, 1, 8, 6, 0, 0, 0, 0, 0, 0, 0, 0, 0, 0, 0, 0, 0, 0, 0, 0, 0, 0, 0, 0, : 9, 8, 1, 16, 1, 1, 4, 25, 2, 4, 9, 6, 3, 3, 4, 5, 33, 1, 8, 6, 
76: 14, 17, 12, 1, 10, 7, 12, 21, 2, 2, 5, 2, 9, 34, 16, 2, 2, 7, 0, 0, 0, 0, 0, 0, 0, 0, 0, 0, 0, 0, 0, 0, 0, 0, 0, 0, 0, 0, 0, 0, : 14, 17, 12, 1, 10, 7, 12, 21, 2, 2, 5, 2, 9, 34, 16, 2, 2, 7, 
77: 7, 9, 12, 6, 1, 27, 5, 13, 3, 1, 12, 7, 12, 6, 3, 2, 5, 13, 16, 28, 0, 0, 0, 0, 0, 0, 0, 0, 0, 0, 0, 0, 0, 0, 0, 0, 0, 0, 0, 0, : 7, 9, 12, 6, 1, 27, 5, 13, 3, 1, 12, 7, 12, 6, 3, 2, 5, 13, 16, 28, 
78: 10, 6, 7, 6, 26, 9, 1, 1, 20, 3, 11, 1, 7, 1, 2, 14, 2, 14, 12, 2, 2, 21, 0, 0, 0, 0, 0, 0, 0, 0, 0, 0, 0, 0, 0, 0, 0, 0, 0, 0, : 10, 6, 7, 6, 26, 9, 1, 1, 20, 3, 11, 1, 7, 1, 2, 14, 2, 14, 12, 2, 2, 21, 
79: 13, 7, 1, 1, 6, 15, 14, 5, 1, 8, 1, 7, 1, 18, 7, 2, 5, 17, 0, 0, 0, 0, 0, 0, 0, 0, 0, 0, 0, 0, 0, 0, 0, 0, 0, 0, 0, 0, 0, 0, : 13, 7, 1, 1, 6, 15, 14, 5, 1, 8, 1, 7, 1, 18, 7, 2, 5, 17, 
80: 38, 25, 13, 3, 2, 2, 8, 19, 13, 22, 5, 5, 3, 3, 7, 4, 8, 0, 0, 0, 0, 0, 0, 0, 0, 0, 0, 0, 0, 0, 0, 0, 0, 0, 0, 0, 0, 0, 0, 0, : 38, 25, 13, 3, 2, 2, 8, 19, 13, 22, 5, 5, 3, 3, 7, 4, 8, 
81: 4, 13, 2, 2, 29, 1, 8, 1, 11, 7, 5, 1, 1, 18, 11, 4, 20, 7, 1, 0, 0, 0, 0, 0, 0, 0, 0, 0, 0, 0, 0, 0, 0, 0, 0, 0, 0, 0, 0, 0, : 4, 13, 2, 2, 29, 1, 8, 1, 11, 7, 5, 1, 1, 18, 11, 4, 20, 7, 1, 
82: 4, 10, 2, 2, 13, 2, 5, 3, 23, 1, 1, 3, 4, 8, 22, 14, 19, 20, 9, 1, 2, 3, 9, 13, 2, 4, 1, 0, 0, 0, 0, 0, 0, 0, 0, 0, 0, 0, 0, 0, : 4, 10, 2, 2, 13, 2, 5, 3, 23, 1, 1, 3, 4, 8, 22, 14, 19, 20, 9, 1, 2, 3, 9, 13, 2, 4, 1, 
83: 12, 11, 30, 7, 12, 18, 1, 23, 2, 12, 15, 1, 9, 18, 13, 2, 0, 0, 0, 0, 0, 0, 0, 0, 0, 0, 0, 0, 0, 0, 0, 0, 0, 0, 0, 0, 0, 0, 0, 0, : 12, 11, 30, 7, 12, 18, 1, 23, 2, 12, 15, 1, 9, 18, 13, 2, 
84: 9, 7, 6, 19, 4, 13, 8, 5, 1, 23, 1, 3, 2, 0, 0, 0, 0, 0, 0, 0, 0, 0, 0, 0, 0, 0, 0, 0, 0, 0, 0, 0, 0, 0, 0, 0, 0, 0, 0, 0, : 9, 7, 6, 19, 4, 13, 8, 5, 1, 23, 1, 3, 2, 
85: 2, 2, 3, 2, 9, 2, 26, 3, 2, 8, 4, 13, 3, 4, 2, 9, 2, 38, 1, 18, 14, 0, 0, 0, 0, 0, 0, 0, 0, 0, 0, 0, 0, 0, 0, 0, 0, 0, 0, 0, : 2, 2, 3, 2, 9, 2, 26, 3, 2, 8, 4, 13, 3, 4, 2, 9, 2, 38, 1, 18, 14, 
86: 5, 1, 33, 26, 2, 2, 2, 20, 14, 4, 21, 1, 18, 1, 4, 5, 19, 1, 13, 11, 0, 0, 0, 0, 0, 0, 0, 0, 0, 0, 0, 0, 0, 0, 0, 0, 0, 0, 0, 0, : 5, 1, 33, 26, 2, 2, 2, 20, 14, 4, 21, 1, 18, 1, 4, 5, 19, 1, 13, 11, 
87: 21, 1, 5, 28, 31, 4, 6, 4, 2, 5, 27, 3, 2, 2, 3, 2, 0, 0, 0, 0, 0, 0, 0, 0, 0, 0, 0, 0, 0, 0, 0, 0, 0, 0, 0, 0, 0, 0, 0, 0, : 21, 1, 5, 28, 31, 4, 6, 4, 2, 5, 27, 3, 2, 2, 3, 2, 
88: 8, 4, 16, 3, 3, 5, 9, 2, 6, 5, 2, 3, 3, 1, 8, 2, 5, 5, 19, 6, 24, 0, 0, 0, 0, 0, 0, 0, 0, 0, 0, 0, 0, 0, 0, 0, 0, 0, 0, 0, : 8, 4, 16, 3, 3, 5, 9, 2, 6, 5, 2, 3, 3, 1, 8, 2, 5, 5, 19, 6, 24, 
89: 2, 5, 12, 18, 33, 1, 21, 14, 11, 17, 18, 35, 1, 1, 8, 2, 2, 13, 18, 4, 0, 0, 0, 0, 0, 0, 0, 0, 0, 0, 0, 0, 0, 0, 0, 0, 0, 0, 0, 0, : 2, 5, 12, 18, 33, 1, 21, 14, 11, 17, 18, 35, 1, 1, 8, 2, 2, 13, 18, 4, 
90: 30, 13, 2, 3, 7, 2, 2, 6, 5, 18, 18, 10, 27, 15, 5, 13, 3, 7, 27, 1, 0, 0, 0, 0, 0, 0, 0, 0, 0, 0, 0, 0, 0, 0, 0, 0, 0, 0, 0, 0, : 30, 13, 2, 3, 7, 2, 2, 6, 5, 18, 18, 10, 27, 15, 5, 13, 3, 7, 27, 1, 
91: 1, 3, 16, 7, 2, 4, 21, 2, 16, 2, 1, 8, 17, 6, 14, 6, 0, 0, 0, 0, 0, 0, 0, 0, 0, 0, 0, 0, 0, 0, 0, 0, 0, 0, 0, 0, 0, 0, 0, 0, : 1, 3, 16, 7, 2, 4, 21, 2, 16, 2, 1, 8, 17, 6, 14, 6, 
92: 4, 1, 3, 27, 3, 10, 9, 3, 1, 11, 23, 2, 4, 27, 16, 18, 2, 3, 2, 2, 1, 1, 31, 13, 1, 0, 0, 0, 0, 0, 0, 0, 0, 0, 0, 0, 0, 0, 0, 0, : 4, 1, 3, 27, 3, 10, 9, 3, 1, 11, 23, 2, 4, 27, 16, 18, 2, 3, 2, 2, 1, 1, 31, 13, 1, 
93: 5, 1, 9, 9, 1, 1, 6, 8, 10, 1, 8, 4, 18, 27, 17, 3, 12, 6, 10, 1, 1, 6, 14, 0, 0, 0, 0, 0, 0, 0, 0, 0, 0, 0, 0, 0, 0, 0, 0, 0, : 5, 1, 9, 9, 1, 1, 6, 8, 10, 1, 8, 4, 18, 27, 17, 3, 12, 6, 10, 1, 1, 6, 14, 
94: 23, 17, 3, 4, 1, 5, 25, 14, 2, 2, 2, 20, 1, 1, 32, 16, 3, 21, 1, 1, 26, 5, 1, 0, 0, 0, 0, 0, 0, 0, 0, 0, 0, 0, 0, 0, 0, 0, 0, 0, : 23, 17, 3, 4, 1, 5, 25, 14, 2, 2, 2, 20, 1, 1, 32, 16, 3, 21, 1, 1, 26, 5, 1, 
95: 3, 7, 2, 2, 16, 9, 13, 8, 1, 2, 25, 16, 7, 14, 17, 16, 23, 6, 19, 4, 6, 3, 27, 0, 0, 0, 0, 0, 0, 0, 0, 0, 0, 0, 0, 0, 0, 0, 0, 0, : 3, 7, 2, 2, 16, 9, 13, 8, 1, 2, 25, 16, 7, 14, 17, 16, 23, 6, 19, 4, 6, 3, 27, 
96: 23, 1, 2, 32, 8, 9, 14, 2, 31, 7, 7, 2, 30, 21, 1, 27, 4, 5, 19, 1, 8, 4, 5, 3, 5, 8, 1, 4, 0, 0, 0, 0, 0, 0, 0, 0, 0, 0, 0, 0, : 23, 1, 2, 32, 8, 9, 14, 2, 31, 7, 7, 2, 30, 21, 1, 27, 4, 5, 19, 1, 8, 4, 5, 3, 5, 8, 1, 4, 
97: 1, 10, 6, 21, 5, 13, 5, 3, 6, 3, 12, 13, 25, 2, 1, 5, 2, 19, 0, 0, 0, 0, 0, 0, 0, 0, 0, 0, 0, 0, 0, 0, 0, 0, 0, 0, 0, 0, 0, 0, : 1, 10, 6, 21, 5, 13, 5, 3, 6, 3, 12, 13, 25, 2, 1, 5, 2, 19, 
98: 10, 13, 16, 10, 27, 4, 16, 11, 14, 6, 5, 2, 1, 29, 4, 0, 0, 0, 0, 0, 0, 0, 0, 0, 0, 0, 0, 0, 0, 0, 0, 0, 0, 0, 0, 0, 0, 0, 0, 0, : 10, 13, 16, 10, 27, 4, 16, 11, 14, 6, 5, 2, 1, 29, 4, 
99: 8, 2, 3, 2, 2, 7, 32, 20, 3, 2, 33, 2, 3, 1, 2, 11, 3, 23, 4, 2, 5, 7, 1, 11, 0, 0, 0, 0, 0, 0, 0, 0, 0, 0, 0, 0, 0, 0, 0, 0, : 8, 2, 3, 2, 2, 7, 32, 20, 3, 2, 33, 2, 3, 1, 2, 11, 3, 23, 4, 2, 5, 7, 1, 11, 
100: 14, 15, 4, 1, 3, 12, 3, 3, 1, 8, 1, 5, 8, 10, 6, 7, 7, 5, 24, 6, 32, 0, 0, 0, 0, 0, 0, 0, 0, 0, 0, 0, 0, 0, 0, 0, 0, 0, 0, 0, : 14, 15, 4, 1, 3, 12, 3, 3, 1, 8, 1, 5, 8, 10, 6, 7, 7, 5, 24, 6, 32, 


