20
200
1: 3, 11, 8, 1, 3, 1, 6, 2, 0, 0, 0, 0, 0, 0, 0, 0, 0, 0, 0, 0, : 3, 11, 8, 1, 3, 1, 6, 2, 
2: 12, 10, 1, 5, 23, 6, 11, 12, 16, 1, 8, 0, 0, 0, 0, 0, 0, 0, 0, 0, : 12, 10, 1, 5, 23, 6, 11, 12, 16, 1, 8, 
3: 12, 14, 11, 1, 6, 5, 2, 2, 2, 8, 11, 5, 4, 0, 0, 0, 0, 0, 0, 0, : 12, 14, 11, 1, 6, 5, 2, 2, 2, 8, 11, 5, 4, 
4: 5, 5, 2, 2, 4, 1, 3, 28, 11, 5, 0, 0, 0, 0, 0, 0, 0, 0, 0, 0, : 5, 5, 2, 2, 4, 1, 3, 28, 11, 5, 
5: 15, 17, 3, 2, 2, 16, 13, 2, 12, 13, 7, 2, 0, 0, 0, 0, 0, 0, 0, 0, : 15, 17, 3, 2, 2, 16, 13, 2, 12, 13, 7, 2, 
6: 22, 17, 4, 1, 4, 2, 1, 2, 27, 35, 2, 0, 0, 0, 0, 0, 0, 0, 0, 0, : 22, 17, 4, 1, 4, 2, 1, 2, 27, 35, 2, 
7: 13, 12, 9, 31, 15, 17, 2, 7, 4, 6, 7, 5, 8, 0, 0, 0, 0, 0, 0, 0, : 13, 12, 9, 31, 15, 17, 2, 7, 4, 6, 7, 5, 8, 
8: 8, 4, 17, 5, 14, 1, 14, 7, 1, 0, 0, 0, 0, 0, 0, 0, 0, 0, 0, 0, : 8, 4, 17, 5, 14, 1, 14, 7, 1, 
9: 15, 9, 4, 13, 18, 18, 7, 3, 17, 6, 0, 0, 0, 0, 0, 0, 0, 0, 0, 0, : 15, 9, 4, 13, 18, 18, 7, 3, 17, 6, 
10: 1, 3, 2, 5, 4, 16, 1, 7, 26, 0, 0, 0, 0, 0, 0, 0, 0, 0, 0, 0, : 1, 3, 2, 5, 4, 16, 1, 7, 26, 
11: 3, 9, 4, 17, 1, 10, 3, 10, 17, 3, 14, 0, 0, 0, 0, 0, 0, 0, 0, 0, : 3, 9, 4, 17, 1, 10, 3, 10, 17, 3, 14, 
12: 18, 3, 6, 9, 1, 7, 1, 20, 0, 0, 0, 0, 0, 0, 0, 0, 0, 0, 0, 0, : 18, 3, 6, 9, 1, 7, 1, 20, 
13: 14, 1, 11, 2, 1, 29, 8, 2, 4, 4, 16, 0, 0, 0, 0, 0, 0, 0, 0, 0, : 14, 1, 11, 2, 1, 29, 8, 2, 4, 4, 16, 
14: 1, 3, 1, 8, 4, 6, 0, 0, 0, 0, 0, 0, 0, 0, 0, 0, 0, 0, 0, 0, : 1, 3, 1, 8, 4, 6, 
15: 31, 7, 3, 29, 11, 16, 10, 28, 3, 16, 8, 0, 0, 0, 0, 0, 0, 0, 0, 0, : 31, 7, 3, 29, 11, 16, 10, 28, 3, 16, 8, 
16: 14, 17, 5, 1, 12, 1, 7, 12, 6, 8, 10, 0, 0, 0, 0, 0, 0, 0, 0, 0, : 14, 17, 5, 1, 12, 1, 7, 12, 6, 8, 10, 
17: 2, 10, 3, 2, 4, 4, 30, 23, 3, 0, 0, 0, 0, 0, 0, 0, 0, 0, 0, 0, : 2, 10, 3, 2, 4, 4, 30, 23, 3, 
18: 11, 4, 28, 14, 5, 4, 29, 14, 0, 0, 0, 0, 0, 0, 0, 0, 0, 0, 0, 0, : 11, 4, 28, 14, 5, 4, 29, 14, 
19: 6, 4, 1, 12, 1, 2, 25, 7, 4, 15, 12, 22, 0, 0, 0, 0, 0, 0, 0, 0, : 6, 4, 1, 12, 1, 2, 25, 7, 4, 15, 12, 22, 
20: 1, 6, 9, 7, 9, 5, 5, 1, 7, 35, 0, 0, 0, 0, 0, 0, 0, 0, 0, 0, : 1, 6, 9, 7, 9, 5, 5, 1, 7, 35, 
21: 2, 17, 10, 2, 2, 27, 2, 4, 0, 0, 0, 0, 0, 0, 0, 0, 0, 0, 0, 0, : 2, 17, 10, 2, 2, 27, 2, 4, 
22: 8, 9, 1, 29, 17, 12, 25, 0, 0, 0, 0, 0, 0, 0, 0, 0, 0, 0, 0, 0, : 8, 9, 1, 29, 17, 12, 25, 
23: 6, 8, 4, 25, 13, 2, 32, 20, 0, 0, 0, 0, 0, 0, 0, 0, 0, 0, 0, 0, : 6, 8, 4, 25, 13, 2, 32, 20, 
24: 3, 8, 9, 23, 2, 7, 9, 0, 0, 0, 0, 0, 0, 0, 0, 0, 0, 0, 0, 0, : 3, 8, 9, 23, 2, 7, 9, 
25: 12, 1, 3, 12, 2, 3, 1, 20, 0, 0, 0, 0, 0, 0, 0, 0, 0, 0, 0, 0, : 12, 1, 3, 12, 2, 3, 1, 20, 
26: 25, 1, 8, 4, 1, 26, 1, 4, 11, 0, 0, 0, 0, 0, 0, 0, 0, 0, 0, 0, : 25, 1, 8, 4, 1, 26, 1, 4, 11, 
27: 28, 9, 1, 7, 14, 18, 1, 8, 7, 2, 3, 0, 0, 0, 0, 0, 0, 0, 0, 0, : 28, 9, 1, 7, 14, 18, 1, 8, 7, 2, 3, 
28: 6, 18, 5, 1, 19, 0, 0, 0, 0, 0, 0, 0, 0, 0, 0, 0, 0, 0, 0, 0, : 6, 18, 5, 1, 19, 
29: 3, 1, 1, 10, 25, 9, 2, 9, 0, 0, 0, 0, 0, 0, 0, 0, 0, 0, 0, 0, : 3, 1, 1, 10, 25, 9, 2, 9, 
30: 21, 3, 2, 9, 1, 3, 1, 16, 1, 16, 1, 0, 0, 0, 0, 0, 0, 0, 0, 0, : 21, 3, 2, 9, 1, 3, 1, 16, 1, 16, 1, 
31: 25, 7, 1, 5, 4, 3, 1, 5, 1, 6, 3, 3, 0, 0, 0, 0, 0, 0, 0, 0, : 25, 7, 1, 5, 4, 3, 1, 5, 1, 6, 3, 3, 
32: 22, 16, 1, 1, 10, 7, 1, 8, 0, 0, 0, 0, 0, 0, 0, 0, 0, 0, 0, 0, : 22, 16, 1, 1, 10, 7, 1, 8, 
33: 3, 2, 12, 13, 2, 2, 8, 10, 2, 23, 6, 0, 0, 0, 0, 0, 0, 0, 0, 0, : 3, 2, 12, 13, 2, 2, 8, 10, 2, 23, 6, 
34: 13, 5, 12, 17, 7, 1, 7, 6, 10, 23, 2, 0, 0, 0, 0, 0, 0, 0, 0, 0, : 13, 5, 12, 17, 7, 1, 7, 6, 10, 23, 2, 
35: 3, 16, 10, 13, 3, 9, 16, 8, 2, 9, 17, 0, 0, 0, 0, 0, 0, 0, 0, 0, : 3, 16, 10, 13, 3, 9, 16, 8, 2, 9, 17, 
36: 9, 9, 7, 15, 18, 4, 4, 3, 16, 6, 11, 2, 2, 9, 0, 0, 0, 0, 0, 0, : 9, 9, 7, 15, 18, 4, 4, 3, 16, 6, 11, 2, 2, 9, 
37: 3, 16, 7, 2, 26, 11, 1, 4, 20, 1, 0, 0, 0, 0, 0, 0, 0, 0, 0, 0, : 3, 16, 7, 2, 26, 11, 1, 4, 20, 1, 
38: 13, 1, 5, 1, 4, 0, 0, 0, 0, 0, 0, 0, 0, 0, 0, 0, 0, 0, 0, 0, : 13, 1, 5, 1, 4, 
39: 2, 15, 2, 18, 2, 24, 3, 26, 1, 1, 27, 1, 0, 0, 0, 0, 0, 0, 0, 0, : 2, 15, 2, 18, 2, 24, 3, 26, 1, 1, 27, 1, 
40: 10, 19, 5, 13, 0, 0, 0, 0, 0, 0, 0, 0, 0, 0, 0, 0, 0, 0, 0, 0, : 10, 19, 5, 13, 
41: 8, 2, 6, 2, 1, 8, 2, 2, 10, 8, 5, 0, 0, 0, 0, 0, 0, 0, 0, 0, : 8, 2, 6, 2, 1, 8, 2, 2, 10, 8, 5, 
42: 7, 1, 23, 12, 3, 2, 2, 5, 8, 0, 0, 0, 0, 0, 0, 0, 0, 0, 0, 0, : 7, 1, 23, 12, 3, 2, 2, 5, 8, 
43: 1, 10, 18, 2, 13, 5, 3, 5, 2, 4, 0, 0, 0, 0, 0, 0, 0, 0, 0, 0, : 1, 10, 18, 2, 13, 5, 3, 5, 2, 4, 
44: 17, 20, 1, 2, 10, 4, 14, 2, 6, 3, 0, 0, 0, 0, 0, 0, 0, 0, 0, 0, : 17, 20, 1, 2, 10, 4, 14, 2, 6, 3, 
45: 28, 1, 4, 21, 6, 5, 13, 0, 0, 0, 0, 0, 0, 0, 0, 0, 0, 0, 0, 0, : 28, 1, 4, 21, 6, 5, 13, 
46: 5, 18, 1, 13, 27, 10, 1, 22, 1, 0, 0, 0, 0, 0, 0, 0, 0, 0, 0, 0, : 5, 18, 1, 13, 27, 10, 1, 22, 1, 
47: 2, 10, 10, 32, 1, 11, 1, 2, 0, 0, 0, 0, 0, 0, 0, 0, 0, 0, 0, 0, : 2, 10, 10, 32, 1, 11, 1, 2, 
48: 29, 12, 3, 19, 10, 6, 1, 1, 2, 1, 0, 0, 0, 0, 0, 0, 0, 0, 0, 0, : 29, 12, 3, 19, 10, 6, 1, 1, 2, 1, 
49: 3, 13, 5, 4, 1, 11, 2, 7, 5, 0, 0, 0, 0, 0, 0, 0, 0, 0, 0, 0, : 3, 13, 5, 4, 1, 11, 2, 7, 5, 
50: 1, 14, 1, 2, 4, 2, 28, 6, 6, 4, 0, 0, 0, 0, 0, 0, 0, 0, 0, 0, : 1, 14, 1, 2, 4, 2, 28, 6, 6, 4, 
51: 11, 1, 17, 2, 8, 12, 1, 1, 1, 0, 0, 0, 0, 0, 0, 0, 0, 0, 0, 0, : 11, 1, 17, 2, 8, 12, 1, 1, 1, 
52: 13, 21, 17, 27, 1, 2, 8, 4, 7, 13, 0, 0, 0, 0, 0, 0, 0, 0, 0, 0, : 13, 21, 17, 27, 1, 2, 8, 4, 7, 13, 
53: 1, 9, 16, 2, 7, 1, 1, 0, 0, 0, 0, 0, 0, 0, 0, 0, 0, 0, 0, 0, : 1, 9, 16, 2, 7, 1, 1, 
54: 2, 5, 14, 5, 1, 1, 3, 18, 19, 1, 8, 0, 0, 0, 0, 0, 0, 0, 0, 0, : 2, 5, 14, 5, 1, 1, 3, 18, 19, 1, 8, 
55: 1, 30, 3, 4, 7, 1, 2, 8, 1, 1, 6, 0, 0, 0, 0, 0, 0, 0, 0, 0, : 1, 30, 3, 4, 7, 1, 2, 8, 1, 1, 6, 
56: 4, 3, 11, 2, 1, 14, 8, 33, 3, 0, 0, 0, 0, 0, 0, 0, 0, 0, 0, 0, : 4, 3, 11, 2, 1, 14, 8, 33, 3, 
57: 5, 7, 14, 19, 28, 1, 7, 1, 2, 0, 0, 0, 0, 0, 0, 0, 0, 0, 0, 0, : 5, 7, 14, 19, 28, 1, 7, 1, 2, 
58: 23, 2, 1, 5, 8, 9, 17, 7, 18, 0, 0, 0, 0, 0, 0, 0, 0, 0, 0, 0, : 23, 2, 1, 5, 8, 9, 17, 7, 18, 
59: 4, 4, 18, 6, 2, 4, 0, 0, 0, 0, 0, 0, 0, 0, 0, 0, 0, 0, 0, 0, : 4, 4, 18, 6, 2, 4, 
60: 2, 1, 14, 20, 10, 3, 3, 1, 3, 16, 0, 0, 0, 0, 0, 0, 0, 0, 0, 0, : 2, 1, 14, 20, 10, 3, 3, 1, 3, 16, 
61: 7, 4, 4, 17, 4, 3, 3, 0, 0, 0, 0, 0, 0, 0, 0, 0, 0, 0, 0, 0, : 7, 4, 4, 17, 4, 3, 3, 
62: 5, 2, 15, 8, 10, 5, 6, 4, 6, 6, 4, 0, 0, 0, 0, 0, 0, 0, 0, 0, : 5, 2, 15, 8, 10, 5, 6, 4, 6, 6, 4, 
63: 1, 5, 3, 4, 16, 33, 1, 18, 0, 0, 0, 0, 0, 0, 0, 0, 0, 0, 0, 0, : 1, 5, 3, 4, 16, 33, 1, 18, 
64: 4, 3, 4, 3, 7, 14, 8, 9, 20, 0, 0, 0, 0, 0, 0, 0, 0, 0, 0, 0, : 4, 3, 4, 3, 7, 14, 8, 9, 20, 
65: 14, 28, 3, 4, 3, 21, 1, 9, 2, 15, 3, 6, 0, 0, 0, 0, 0, 0, 0, 0, : 14, 28, 3, 4, 3, 21, 1, 9, 2, 15, 3, 6, 
66: 9, 19, 3, 3, 1, 10, 6, 3, 0, 0, 0, 0, 0, 0, 0, 0, 0, 0, 0, 0, : 9, 19, 3, 3, 1, 10, 6, 3, 
67: 1, 24, 7, 2, 5, 1, 3, 3, 3, 4, 21, 18, 0, 0, 0, 0, 0, 0, 0, 0, : 1, 24, 7, 2, 5, 1, 3, 3, 3, 4, 21, 18, 
68: 2, 21, 1, 2, 6, 3, 18, 34, 3, 0, 0, 0, 0, 0, 0, 0, 0, 0, 0, 0, : 2, 21, 1, 2, 6, 3, 18, 34, 3, 
69: 2, 9, 2, 14, 5, 3, 3, 8, 1, 18, 24, 6, 0, 0, 0, 0, 0, 0, 0, 0, : 2, 9, 2, 14, 5, 3, 3, 8, 1, 18, 24, 6, 
70: 2, 6, 2, 6, 5, 6, 10, 8, 5, 3, 6, 0, 0, 0, 0, 0, 0, 0, 0, 0, : 2, 6, 2, 6, 5, 6, 10, 8, 5, 3, 6, 
71: 21, 2, 6, 19, 15, 25, 3, 11, 11, 0, 0, 0, 0, 0, 0, 0, 0, 0, 0, 0, : 21, 2, 6, 19, 15, 25, 3, 11, 11, 
72: 19, 8, 5, 7, 1, 1, 36, 7, 2, 4, 0, 0, 0, 0, 0, 0, 0, 0, 0, 0, : 19, 8, 5, 7, 1, 1, 36, 7, 2, 4, 
73: 11, 1, 1, 9, 8, 1, 2, 1, 16, 3, 2, 0, 0, 0, 0, 0, 0, 0, 0, 0, : 11, 1, 1, 9, 8, 1, 2, 1, 16, 3, 2, 
74: 1, 7, 4, 9, 18, 1, 3, 6, 0, 0, 0, 0, 0, 0, 0, 0, 0, 0, 0, 0, : 1, 7, 4, 9, 18, 1, 3, 6, 
75: 3, 3, 24, 13, 4, 4, 17, 1, 11, 0, 0, 0, 0, 0, 0, 0, 0, 0, 0, 0, : 3, 3, 24, 13, 4, 4, 17, 1, 11, 
76: 13, 8, 10, 5, 3, 17, 6, 2, 0, 0, 0, 0, 0, 0, 0, 0, 0, 0, 0, 0, : 13, 8, 10, 5, 3, 17, 6, 2, 
77: 5, 1, 6, 14, 6, 5, 0, 0, 0, 0, 0, 0, 0, 0, 0, 0, 0, 0, 0, 0, : 5, 1, 6, 14, 6, 5, 
78: 11, 19, 2, 29, 8, 2, 4, 0, 0, 0, 0, 0, 0, 0, 0, 0, 0, 0, 0, 0, : 11, 19, 2, 29, 8, 2, 4, 
79: 3, 7, 32, 12, 2, 5, 2, 0, 0, 0, 0, 0, 0, 0, 0, 0, 0, 0, 0, 0, : 3, 7, 32, 12, 2, 5, 2, 
80: 21, 1, 2, 12, 26, 4, 2, 0, 0, 0, 0, 0, 0, 0, 0, 0, 0, 0, 0, 0, : 21, 1, 2, 12, 26, 4, 2, 
81: 5, 2, 2, 2, 13, 4, 1, 11, 11, 16, 0, 0, 0, 0, 0, 0, 0, 0, 0, 0, : 5, 2, 2, 2, 13, 4, 1, 11, 11, 16, 
82: 10, 26, 8, 1, 7, 4, 3, 19, 0, 0, 0, 0, 0, 0, 0, 0, 0, 0, 0, 0, : 10, 26, 8, 1, 7, 4, 3, 19, 
83: 10, 9, 2, 4, 9, 5, 27, 0, 0, 0, 0, 0, 0, 0, 0, 0, 0, 0, 0, 0, : 10, 9, 2, 4, 9, 5, 27, 
84: 2, 11, 9, 10, 11, 1, 4, 19, 0, 0, 0, 0, 0, 0, 0, 0, 0, 0, 0, 0, : 2, 11, 9, 10, 11, 1, 4, 19, 
85: 11, 7, 2, 36, 13, 7, 13, 7, 5, 0, 0, 0, 0, 0, 0, 0, 0, 0, 0, 0, : 11, 7, 2, 36, 13, 7, 13, 7, 5, 
86: 1, 11, 11, 3, 1, 21, 5, 3, 19, 23, 11, 3, 0, 0, 0, 0, 0, 0, 0, 0, : 1, 11, 11, 3, 1, 21, 5, 3, 19, 23, 11, 3, 
87: 2, 7, 3, 19, 1, 15, 1, 15, 9, 0, 0, 0, 0, 0, 0, 0, 0, 0, 0, 0, : 2, 7, 3, 19, 1, 15, 1, 15, 9, 
88: 1, 3, 25, 3, 13, 6, 19, 29, 11, 0, 0, 0, 0, 0, 0, 0, 0, 0, 0, 0, : 1, 3, 25, 3, 13, 6, 19, 29, 11, 
89: 8, 12, 2, 9, 1, 9, 3, 6, 5, 13, 19, 0, 0, 0, 0, 0, 0, 0, 0, 0, : 8, 12, 2, 9, 1, 9, 3, 6, 5, 13, 19, 
90: 5, 1, 16, 5, 9, 7, 2, 1, 20, 0, 0, 0, 0, 0, 0, 0, 0, 0, 0, 0, : 5, 1, 16, 5, 9, 7, 2, 1, 20, 
91: 8, 20, 4, 14, 7, 6, 6, 13, 0, 0, 0, 0, 0, 0, 0, 0, 0, 0, 0, 0, : 8, 20, 4, 14, 7, 6, 6, 13, 
92: 27, 4, 8, 4, 12, 8, 18, 2, 4, 1, 0, 0, 0, 0, 0, 0, 0, 0, 0, 0, : 27, 4, 8, 4, 12, 8, 18, 2, 4, 1, 
93: 22, 3, 14, 20, 1, 9, 4, 6, 0, 0, 0, 0, 0, 0, 0, 0, 0, 0, 0, 0, : 22, 3, 14, 20, 1, 9, 4, 6, 
94: 4, 3, 1, 1, 11, 3, 1, 19, 1, 3, 1, 1, 0, 0, 0, 0, 0, 0, 0, 0, : 4, 3, 1, 1, 11, 3, 1, 19, 1, 3, 1, 1, 
95: 17, 7, 16, 10, 3, 19, 8, 0, 0, 0, 0, 0, 0, 0, 0, 0, 0, 0, 0, 0, : 17, 7, 16, 10, 3, 19, 8, 
96: 1, 1, 3, 17, 13, 23, 2, 8, 5, 0, 0, 0, 0, 0, 0, 0, 0, 0, 0, 0, : 1, 1, 3, 17, 13, 23, 2, 8, 5, 
97: 19, 21, 15, 28, 1, 1, 2, 16, 12, 7, 1, 0, 0, 0, 0, 0, 0, 0, 0, 0, : 19, 21, 15, 28, 1, 1, 2, 16, 12, 7, 1, 
98: 3, 4, 10, 19, 8, 8, 0, 0, 0, 0, 0, 0, 0, 0, 0, 0, 0, 0, 0, 0, : 3, 4, 10, 19, 8, 8, 
99: 21, 7, 37, 1, 2, 2, 3, 0, 0, 0, 0, 0, 0, 0, 0, 0, 0, 0, 0, 0, : 21, 7, 37, 1, 2, 2, 3, 
100: 2, 22, 8, 6, 5, 3, 2, 9, 0, 0, 0, 0, 0, 0, 0, 0, 0, 0, 0, 0, : 2, 22, 8, 6, 5, 3, 2, 9, 
101: 18, 5, 1, 11, 5, 6, 2, 2, 22, 3, 9, 0, 0, 0, 0, 0, 0, 0, 0, 0, : 18, 5, 1, 11, 5, 6, 2, 2, 22, 3, 9, 
102: 2, 9, 24, 1, 2, 1, 9, 3, 8, 7, 3, 0, 0, 0, 0, 0, 0, 0, 0, 0, : 2, 9, 24, 1, 2, 1, 9, 3, 8, 7, 3, 
103: 12, 9, 17, 1, 3, 4, 5, 26, 9, 3, 0, 0, 0, 0, 0, 0, 0, 0, 0, 0, : 12, 9, 17, 1, 3, 4, 5, 26, 9, 3, 
104: 1, 8, 35, 4, 19, 11, 9, 3, 5, 8, 3, 8, 6, 6, 14, 0, 0, 0, 0, 0, : 1, 8, 35, 4, 19, 11, 9, 3, 5, 8, 3, 8, 6, 6, 14, 
105: 3, 13, 5, 7, 5, 2, 1, 1, 1, 0, 0, 0, 0, 0, 0, 0, 0, 0, 0, 0, : 3, 13, 5, 7, 5, 2, 1, 1, 1, 
106: 23, 7, 3, 11, 11, 13, 12, 9, 4, 6, 1, 4, 1, 0, 0, 0, 0, 0, 0, 0, : 23, 7, 3, 11, 11, 13, 12, 9, 4, 6, 1, 4, 1, 
107: 4, 2, 8, 3, 1, 10, 2, 0, 0, 0, 0, 0, 0, 0, 0, 0, 0, 0, 0, 0, : 4, 2, 8, 3, 1, 10, 2, 
108: 13, 15, 13, 3, 17, 7, 2, 17, 5, 3, 5, 8, 0, 0, 0, 0, 0, 0, 0, 0, : 13, 15, 13, 3, 17, 7, 2, 17, 5, 3, 5, 8, 
109: 8, 3, 2, 23, 27, 12, 1, 27, 0, 0, 0, 0, 0, 0, 0, 0, 0, 0, 0, 0, : 8, 3, 2, 23, 27, 12, 1, 27, 
110: 15, 12, 4, 9, 14, 16, 2, 32, 7, 22, 5, 2, 0, 0, 0, 0, 0, 0, 0, 0, : 15, 12, 4, 9, 14, 16, 2, 32, 7, 22, 5, 2, 
111: 7, 8, 9, 3, 5, 3, 6, 8, 4, 3, 0, 0, 0, 0, 0, 0, 0, 0, 0, 0, : 7, 8, 9, 3, 5, 3, 6, 8, 4, 3, 
112: 25, 5, 13, 2, 13, 1, 0, 0, 0, 0, 0, 0, 0, 0, 0, 0, 0, 0, 0, 0, : 25, 5, 13, 2, 13, 1, 
113: 1, 18, 12, 3, 12, 2, 22, 11, 14, 3, 7, 21, 28, 0, 0, 0, 0, 0, 0, 0, : 1, 18, 12, 3, 12, 2, 22, 11, 14, 3, 7, 21, 28, 
114: 27, 3, 23, 8, 3, 8, 28, 8, 3, 13, 32, 0, 0, 0, 0, 0, 0, 0, 0, 0, : 27, 3, 23, 8, 3, 8, 28, 8, 3, 13, 32, 
115: 2, 7, 28, 5, 6, 19, 25, 24, 6, 5, 3, 0, 0, 0, 0, 0, 0, 0, 0, 0, : 2, 7, 28, 5, 6, 19, 25, 24, 6, 5, 3, 
116: 4, 21, 27, 11, 12, 31, 3, 0, 0, 0, 0, 0, 0, 0, 0, 0, 0, 0, 0, 0, : 4, 21, 27, 11, 12, 31, 3, 
117: 4, 11, 3, 4, 3, 3, 6, 1, 6, 33, 23, 13, 0, 0, 0, 0, 0, 0, 0, 0, : 4, 11, 3, 4, 3, 3, 6, 1, 6, 33, 23, 13, 
118: 14, 6, 4, 26, 1, 5, 3, 1, 13, 9, 1, 11, 10, 0, 0, 0, 0, 0, 0, 0, : 14, 6, 4, 26, 1, 5, 3, 1, 13, 9, 1, 11, 10, 
119: 2, 12, 19, 22, 5, 1, 1, 4, 2, 3, 0, 0, 0, 0, 0, 0, 0, 0, 0, 0, : 2, 12, 19, 22, 5, 1, 1, 4, 2, 3, 
120: 2, 10, 33, 15, 5, 16, 9, 25, 7, 6, 16, 33, 0, 0, 0, 0, 0, 0, 0, 0, : 2, 10, 33, 15, 5, 16, 9, 25, 7, 6, 16, 33, 
121: 27, 1, 9, 5, 5, 9, 12, 1, 12, 0, 0, 0, 0, 0, 0, 0, 0, 0, 0, 0, : 27, 1, 9, 5, 5, 9, 12, 1, 12, 
122: 3, 7, 1, 22, 28, 10, 3, 3, 4, 24, 1, 0, 0, 0, 0, 0, 0, 0, 0, 0, : 3, 7, 1, 22, 28, 10, 3, 3, 4, 24, 1, 
123: 35, 1, 2, 5, 7, 17, 1, 2, 2, 3, 5, 0, 0, 0, 0, 0, 0, 0, 0, 0, : 35, 1, 2, 5, 7, 17, 1, 2, 2, 3, 5, 
124: 1, 4, 27, 14, 12, 2, 13, 14, 10, 1, 13, 0, 0, 0, 0, 0, 0, 0, 0, 0, : 1, 4, 27, 14, 12, 2, 13, 14, 10, 1, 13, 
125: 12, 16, 25, 22, 5, 23, 20, 2, 2, 2, 0, 0, 0, 0, 0, 0, 0, 0, 0, 0, : 12, 16, 25, 22, 5, 23, 20, 2, 2, 2, 
126: 4, 11, 4, 11, 9, 2, 12, 4, 3, 1, 1, 0, 0, 0, 0, 0, 0, 0, 0, 0, : 4, 11, 4, 11, 9, 2, 12, 4, 3, 1, 1, 
127: 2, 3, 14, 6, 10, 6, 1, 3, 0, 0, 0, 0, 0, 0, 0, 0, 0, 0, 0, 0, : 2, 3, 14, 6, 10, 6, 1, 3, 
128: 16, 10, 6, 4, 11, 15, 9, 0, 0, 0, 0, 0, 0, 0, 0, 0, 0, 0, 0, 0, : 16, 10, 6, 4, 11, 15, 9, 
129: 3, 1, 9, 33, 24, 3, 19, 1, 2, 2, 8, 1, 10, 0, 0, 0, 0, 0, 0, 0, : 3, 1, 9, 33, 24, 3, 19, 1, 2, 2, 8, 1, 10, 
130: 13, 25, 25, 4, 5, 11, 8, 24, 6, 4, 0, 0, 0, 0, 0, 0, 0, 0, 0, 0, : 13, 25, 25, 4, 5, 11, 8, 24, 6, 4, 
131: 3, 2, 9, 5, 11, 11, 17, 1, 0, 0, 0, 0, 0, 0, 0, 0, 0, 0, 0, 0, : 3, 2, 9, 5, 11, 11, 17, 1, 
132: 14, 5, 7, 33, 6, 4, 0, 0, 0, 0, 0, 0, 0, 0, 0, 0, 0, 0, 0, 0, : 14, 5, 7, 33, 6, 4, 
133: 9, 8, 2, 10, 4, 5, 7, 2, 0, 0, 0, 0, 0, 0, 0, 0, 0, 0, 0, 0, : 9, 8, 2, 10, 4, 5, 7, 2, 
134: 5, 2, 36, 9, 1, 2, 2, 1, 1, 3, 13, 0, 0, 0, 0, 0, 0, 0, 0, 0, : 5, 2, 36, 9, 1, 2, 2, 1, 1, 3, 13, 
135: 11, 3, 5, 14, 17, 12, 4, 0, 0, 0, 0, 0, 0, 0, 0, 0, 0, 0, 0, 0, : 11, 3, 5, 14, 17, 12, 4, 
136: 3, 3, 7, 3, 1, 4, 20, 13, 13, 1, 0, 0, 0, 0, 0, 0, 0, 0, 0, 0, : 3, 3, 7, 3, 1, 4, 20, 13, 13, 1, 
137: 14, 24, 6, 3, 4, 10, 22, 6, 5, 0, 0, 0, 0, 0, 0, 0, 0, 0, 0, 0, : 14, 24, 6, 3, 4, 10, 22, 6, 5, 
138: 22, 5, 1, 3, 10, 14, 2, 6, 10, 1, 2, 16, 0, 0, 0, 0, 0, 0, 0, 0, : 22, 5, 1, 3, 10, 14, 2, 6, 10, 1, 2, 16, 
139: 2, 11, 11, 6, 14, 1, 36, 2, 2, 20, 4, 0, 0, 0, 0, 0, 0, 0, 0, 0, : 2, 11, 11, 6, 14, 1, 36, 2, 2, 20, 4, 
140: 22, 6, 1, 7, 1, 3, 1, 10, 4, 3, 0, 0, 0, 0, 0, 0, 0, 0, 0, 0, : 22, 6, 1, 7, 1, 3, 1, 10, 4, 3, 
141: 1, 7, 11, 2, 7, 2, 2, 2, 26, 14, 0, 0, 0, 0, 0, 0, 0, 0, 0, 0, : 1, 7, 11, 2, 7, 2, 2, 2, 26, 14, 
142: 11, 4, 6, 1, 9, 1, 38, 5, 1, 12, 5, 19, 8, 0, 0, 0, 0, 0, 0, 0, : 11, 4, 6, 1, 9, 1, 38, 5, 1, 12, 5, 19, 8, 
143: 10, 34, 17, 3, 3, 14, 4, 8, 5, 1, 0, 0, 0, 0, 0, 0, 0, 0, 0, 0, : 10, 34, 17, 3, 3, 14, 4, 8, 5, 1, 
144: 10, 11, 14, 10, 3, 9, 0, 0, 0, 0, 0, 0, 0, 0, 0, 0, 0, 0, 0, 0, : 10, 11, 14, 10, 3, 9, 
145: 7, 1, 18, 12, 5, 2, 15, 5, 10, 9, 9, 16, 13, 0, 0, 0, 0, 0, 0, 0, : 7, 1, 18, 12, 5, 2, 15, 5, 10, 9, 9, 16, 13, 
146: 8, 1, 4, 1, 13, 2, 14, 1, 14, 5, 1, 0, 0, 0, 0, 0, 0, 0, 0, 0, : 8, 1, 4, 1, 13, 2, 14, 1, 14, 5, 1, 
147: 20, 2, 5, 7, 4, 18, 6, 2, 1, 2, 1, 7, 5, 7, 0, 0, 0, 0, 0, 0, : 20, 2, 5, 7, 4, 18, 6, 2, 1, 2, 1, 7, 5, 7, 
148: 7, 10, 17, 2, 1, 30, 2, 0, 0, 0, 0, 0, 0, 0, 0, 0, 0, 0, 0, 0, : 7, 10, 17, 2, 1, 30, 2, 
149: 1, 4, 8, 7, 5, 14, 17, 9, 0, 0, 0, 0, 0, 0, 0, 0, 0, 0, 0, 0, : 1, 4, 8, 7, 5, 14, 17, 9, 
150: 10, 4, 9, 14, 1, 4, 3, 9, 12, 6, 3, 2, 5, 5, 0, 0, 0, 0, 0, 0, : 10, 4, 9, 14, 1, 4, 3, 9, 12, 6, 3, 2, 5, 5, 
151: 5, 4, 2, 5, 6, 5, 1, 30, 4, 3, 1, 0, 0, 0, 0, 0, 0, 0, 0, 0, : 5, 4, 2, 5, 6, 5, 1, 30, 4, 3, 1, 
152: 4, 15, 8, 24, 13, 13, 5, 10, 9, 22, 2, 0, 0, 0, 0, 0, 0, 0, 0, 0, : 4, 15, 8, 24, 13, 13, 5, 10, 9, 22, 2, 
153: 12, 2, 4, 1, 13, 2, 6, 2, 2, 22, 0, 0, 0, 0, 0, 0, 0, 0, 0, 0, : 12, 2, 4, 1, 13, 2, 6, 2, 2, 22, 
154: 3, 15, 10, 8, 10, 23, 9, 23, 5, 6, 4, 29, 0, 0, 0, 0, 0, 0, 0, 0, : 3, 15, 10, 8, 10, 23, 9, 23, 5, 6, 4, 29, 
155: 8, 33, 1, 16, 3, 8, 2, 5, 1, 17, 3, 1, 0, 0, 0, 0, 0, 0, 0, 0, : 8, 33, 1, 16, 3, 8, 2, 5, 1, 17, 3, 1, 
156: 1, 22, 13, 16, 36, 2, 1, 0, 0, 0, 0, 0, 0, 0, 0, 0, 0, 0, 0, 0, : 1, 22, 13, 16, 36, 2, 1, 
157: 36, 27, 3, 4, 5, 1, 4, 3, 5, 6, 6, 0, 0, 0, 0, 0, 0, 0, 0, 0, : 36, 27, 3, 4, 5, 1, 4, 3, 5, 6, 6, 
158: 7, 15, 1, 1, 10, 7, 29, 4, 9, 12, 3, 0, 0, 0, 0, 0, 0, 0, 0, 0, : 7, 15, 1, 1, 10, 7, 29, 4, 9, 12, 3, 
159: 20, 26, 1, 5, 7, 4, 7, 26, 11, 6, 1, 0, 0, 0, 0, 0, 0, 0, 0, 0, : 20, 26, 1, 5, 7, 4, 7, 26, 11, 6, 1, 
160: 24, 8, 9, 2, 4, 13, 11, 32, 6, 1, 0, 0, 0, 0, 0, 0, 0, 0, 0, 0, : 24, 8, 9, 2, 4, 13, 11, 32, 6, 1, 
161: 3, 10, 3, 11, 26, 35, 8, 9, 9, 0, 0, 0, 0, 0, 0, 0, 0, 0, 0, 0, : 3, 10, 3, 11, 26, 35, 8, 9, 9, 
162: 2, 28, 33, 3, 1, 14, 2, 2, 2, 0, 0, 0, 0, 0, 0, 0, 0, 0, 0, 0, : 2, 28, 33, 3, 1, 14, 2, 2, 2, 
163: 15, 12, 15, 3, 8, 11, 7, 15, 2, 5, 1, 10, 2, 4, 0, 0, 0, 0, 0, 0, : 15, 12, 15, 3, 8, 11, 7, 15, 2, 5, 1, 10, 2, 4, 
164: 2, 2, 16, 27, 1, 14, 18, 5, 13, 2, 1, 2, 7, 6, 11, 0, 0, 0, 0, 0, : 2, 2, 16, 27, 1, 14, 18, 5, 13, 2, 1, 2, 7, 6, 11, 
165: 3, 7, 37, 22, 26, 12, 6, 9, 6, 7, 0, 0, 0, 0, 0, 0, 0, 0, 0, 0, : 3, 7, 37, 22, 26, 12, 6, 9, 6, 7, 
166: 4, 6, 7, 6, 3, 2, 2, 1, 1, 0, 0, 0, 0, 0, 0, 0, 0, 0, 0, 0, : 4, 6, 7, 6, 3, 2, 2, 1, 1, 
167: 4, 15, 1, 8, 1, 2, 5, 2, 2, 10, 1, 0, 0, 0, 0, 0, 0, 0, 0, 0, : 4, 15, 1, 8, 1, 2, 5, 2, 2, 10, 1, 
168: 5, 8, 9, 3, 1, 13, 11, 5, 34, 0, 0, 0, 0, 0, 0, 0, 0, 0, 0, 0, : 5, 8, 9, 3, 1, 13, 11, 5, 34, 
169: 28, 28, 1, 2, 3, 1, 9, 35, 3, 30, 0, 0, 0, 0, 0, 0, 0, 0, 0, 0, : 28, 28, 1, 2, 3, 1, 9, 35, 3, 30, 
170: 1, 4, 13, 5, 6, 0, 0, 0, 0, 0, 0, 0, 0, 0, 0, 0, 0, 0, 0, 0, : 1, 4, 13, 5, 6, 
171: 2, 1, 10, 19, 29, 29, 0, 0, 0, 0, 0, 0, 0, 0, 0, 0, 0, 0, 0, 0, : 2, 1, 10, 19, 29, 29, 
172: 24, 5, 19, 2, 3, 12, 0, 0, 0, 0, 0, 0, 0, 0, 0, 0, 0, 0, 0, 0, : 24, 5, 19, 2, 3, 12, 
173: 7, 3, 1, 2, 14, 1, 6, 7, 1, 0, 0, 0, 0, 0, 0, 0, 0, 0, 0, 0, : 7, 3, 1, 2, 14, 1, 6, 7, 1, 
174: 12, 3, 14, 1, 4, 12, 8, 15, 6, 18, 0, 0, 0, 0, 0, 0, 0, 0, 0, 0, : 12, 3, 14, 1, 4, 12, 8, 15, 6, 18, 
175: 7, 1, 1, 7, 4, 1, 21, 5, 1, 12, 0, 0, 0, 0, 0, 0, 0, 0, 0, 0, : 7, 1, 1, 7, 4, 1, 21, 5, 1, 12, 
176: 6, 1, 2, 5, 2, 34, 26, 8, 3, 0, 0, 0, 0, 0, 0, 0, 0, 0, 0, 0, : 6, 1, 2, 5, 2, 34, 26, 8, 3, 
177: 1, 10, 1, 1, 11, 20, 11, 5, 11, 10, 13, 2, 0, 0, 0, 0, 0, 0, 0, 0, : 1, 10, 1, 1, 11, 20, 11, 5, 11, 10, 13, 2, 
178: 1, 19, 6, 4, 2, 3, 5, 1, 4, 0, 0, 0, 0, 0, 0, 0, 0, 0, 0, 0, : 1, 19, 6, 4, 2, 3, 5, 1, 4, 
179: 13, 6, 1, 1, 14, 10, 1, 1, 1, 8, 2, 13, 0, 0, 0, 0, 0, 0, 0, 0, : 13, 6, 1, 1, 14, 10, 1, 1, 1, 8, 2, 13, 
180: 11, 3, 2, 13, 12, 23, 1, 7, 5, 1, 24, 0, 0, 0, 0, 0, 0, 0, 0, 0, : 11, 3, 2, 13, 12, 23, 1, 7, 5, 1, 24, 
181: 4, 2, 3, 3, 17, 5, 12, 5, 1, 0, 0, 0, 0, 0, 0, 0, 0, 0, 0, 0, : 4, 2, 3, 3, 17, 5, 12, 5, 1, 
182: 10, 27, 13, 5, 31, 1, 1, 12, 16, 0, 0, 0, 0, 0, 0, 0, 0, 0, 0, 0, : 10, 27, 13, 5, 31, 1, 1, 12, 16, 
183: 2, 7, 7, 3, 5, 3, 17, 12, 5, 0, 0, 0, 0, 0, 0, 0, 0, 0, 0, 0, : 2, 7, 7, 3, 5, 3, 17, 12, 5, 
184: 18, 9, 5, 1, 13, 4, 34, 34, 0, 0, 0, 0, 0, 0, 0, 0, 0, 0, 0, 0, : 18, 9, 5, 1, 13, 4, 34, 34, 
185: 4, 24, 7, 11, 3, 3, 1, 22, 0, 0, 0, 0, 0, 0, 0, 0, 0, 0, 0, 0, : 4, 24, 7, 11, 3, 3, 1, 22, 
186: 1, 3, 15, 12, 8, 10, 16, 2, 12, 0, 0, 0, 0, 0, 0, 0, 0, 0, 0, 0, : 1, 3, 15, 12, 8, 10, 16, 2, 12, 
187: 7, 4, 1, 29, 3, 7, 4, 7, 15, 5, 3, 0, 0, 0, 0, 0, 0, 0, 0, 0, : 7, 4, 1, 29, 3, 7, 4, 7, 15, 5, 3, 
188: 13, 8, 4, 5, 15, 1, 0, 0, 0, 0, 0, 0, 0, 0, 0, 0, 0, 0, 0, 0, : 13, 8, 4, 5, 15, 1, 
189: 2, 6, 25, 3, 6, 1, 0, 0, 0, 0, 0, 0, 0, 0, 0, 0, 0, 0, 0, 0, : 2, 6, 25, 3, 6, 1, 
190: 10, 24, 6, 2, 11, 8, 2, 4, 8, 0, 0, 0, 0, 0, 0, 0, 0, 0, 0, 0, : 10, 24, 6, 2, 11, 8, 2, 4, 8, 
191: 1, 14, 6, 7, 3, 3, 4, 2, 3, 0, 0, 0, 0, 0, 0, 0, 0, 0, 0, 0, : 1, 14, 6, 7, 3, 3, 4, 2, 3, 
192: 3, 16, 19, 4, 2, 3, 2, 18, 2, 0, 0, 0, 0, 0, 0, 0, 0, 0, 0, 0, : 3, 16, 19, 4, 2, 3, 2, 18, 2, 
193: 6, 10, 14, 3, 14, 3, 0, 0, 0, 0, 0, 0, 0, 0, 0, 0, 0, 0, 0, 0, : 6, 10, 14, 3, 14, 3, 
194: 1, 13, 1, 1, 10, 4, 8, 0, 0, 0, 0, 0, 0, 0, 0, 0, 0, 0, 0, 0, : 1, 13, 1, 1, 10, 4, 8, 
195: 1, 2, 18, 1, 2, 1, 25, 27, 1, 0, 0, 0, 0, 0, 0, 0, 0, 0, 0, 0, : 1, 2, 18, 1, 2, 1, 25, 27, 1, 
196: 2, 2, 10, 2, 5, 14, 19, 1, 9, 24, 3, 4, 3, 0, 0, 0, 0, 0, 0, 0, : 2, 2, 10, 2, 5, 14, 19, 1, 9, 24, 3, 4, 3, 
197: 1, 16, 2, 16, 4, 17, 7, 0, 0, 0, 0, 0, 0, 0, 0, 0, 0, 0, 0, 0, : 1, 16, 2, 16, 4, 17, 7, 
198: 14, 2, 2, 6, 5, 18, 8, 1, 0, 0, 0, 0, 0, 0, 0, 0, 0, 0, 0, 0, : 14, 2, 2, 6, 5, 18, 8, 1, 
199: 2, 19, 10, 4, 29, 15, 23, 0, 0, 0, 0, 0, 0, 0, 0, 0, 0, 0, 0, 0, : 2, 19, 10, 4, 29, 15, 23, 
200: 17, 13, 6, 7, 1, 17, 4, 6, 7, 1, 0, 0, 0, 0, 0, 0, 0, 0, 0, 0, : 17, 13, 6, 7, 1, 17, 4, 6, 7, 1, 


