80
100
1: 14, 3, 8, 16, 6, 2, 18, 18, 7, 9, 16, 27, 1, 5, 3, 8, 10, 28, 4, 2, 15, 17, 1, 6, 1, 5, 16, 2, 10, 23, 4, 4, 4, 2, 19, 10, 10, 0, 0, 0, 0, 0, 0, 0, 0, 0, 0, 0, 0, 0, 0, 0, 0, 0, 0, 0, 0, 0, 0, 0, 0, 0, 0, 0, 0, 0, 0, 0, 0, 0, 0, 0, 0, 0, 0, 0, 0, 0, 0, 0, : 14, 3, 8, 16, 6, 2, 18, 18, 7, 9, 16, 27, 1, 5, 3, 8, 10, 28, 4, 2, 15, 17, 1, 6, 1, 5, 16, 2, 10, 23, 4, 4, 4, 2, 19, 10, 10, 
2: 15, 4, 13, 3, 11, 14, 1, 1, 6, 1, 7, 2, 2, 2, 4, 1, 8, 13, 15, 12, 4, 18, 13, 4, 16, 18, 15, 7, 3, 8, 25, 10, 0, 0, 0, 0, 0, 0, 0, 0, 0, 0, 0, 0, 0, 0, 0, 0, 0, 0, 0, 0, 0, 0, 0, 0, 0, 0, 0, 0, 0, 0, 0, 0, 0, 0, 0, 0, 0, 0, 0, 0, 0, 0, 0, 0, 0, 0, 0, 0, : 15, 4, 13, 3, 11, 14, 1, 1, 6, 1, 7, 2, 2, 2, 4, 1, 8, 13, 15, 12, 4, 18, 13, 4, 16, 18, 15, 7, 3, 8, 25, 10, 
3: 25, 1, 3, 1, 3, 2, 22, 11, 10, 35, 2, 6, 2, 2, 4, 5, 2, 2, 15, 12, 12, 31, 2, 2, 7, 19, 16, 25, 1, 9, 1, 6, 13, 2, 2, 20, 5, 1, 19, 12, 2, 33, 19, 12, 5, 14, 4, 19, 3, 7, 4, 1, 13, 0, 0, 0, 0, 0, 0, 0, 0, 0, 0, 0, 0, 0, 0, 0, 0, 0, 0, 0, 0, 0, 0, 0, 0, 0, 0, 0, : 25, 1, 3, 1, 3, 2, 22, 11, 10, 35, 2, 6, 2, 2, 4, 5, 2, 2, 15, 12, 12, 31, 2, 2, 7, 19, 16, 25, 1, 9, 1, 6, 13, 2, 2, 20, 5, 1, 19, 12, 2, 33, 19, 12, 5, 14, 4, 19, 3, 7, 4, 1, 13, 
4: 1, 2, 2, 6, 10, 12, 15, 13, 28, 10, 4, 18, 6, 4, 1, 2, 8, 1, 5, 1, 3, 5, 4, 1, 27, 4, 26, 25, 2, 7, 4, 5, 14, 9, 3, 2, 2, 9, 11, 7, 11, 16, 2, 1, 17, 3, 3, 9, 12, 2, 21, 8, 12, 3, 4, 9, 2, 8, 23, 1, 16, 0, 0, 0, 0, 0, 0, 0, 0, 0, 0, 0, 0, 0, 0, 0, 0, 0, 0, 0, : 1, 2, 2, 6, 10, 12, 15, 13, 28, 10, 4, 18, 6, 4, 1, 2, 8, 1, 5, 1, 3, 5, 4, 1, 27, 4, 26, 25, 2, 7, 4, 5, 14, 9, 3, 2, 2, 9, 11, 7, 11, 16, 2, 1, 17, 3, 3, 9, 12, 2, 21, 8, 12, 3, 4, 9, 2, 8, 23, 1, 16, 
5: 15, 13, 7, 2, 11, 1, 22, 16, 16, 1, 4, 6, 4, 1, 9, 14, 1, 4, 12, 14, 21, 18, 11, 6, 17, 1, 19, 19, 7, 12, 17, 12, 31, 1, 5, 1, 2, 5, 8, 4, 2, 1, 8, 13, 31, 3, 15, 30, 38, 5, 15, 11, 21, 17, 1, 0, 0, 0, 0, 0, 0, 0, 0, 0, 0, 0, 0, 0, 0, 0, 0, 0, 0, 0, 0, 0, 0, 0, 0, 0, : 15, 13, 7, 2, 11, 1, 22, 16, 16, 1, 4, 6, 4, 1, 9, 14, 1, 4, 12, 14, 21, 18, 11, 6, 17, 1, 19, 19, 7, 12, 17, 12, 31, 1, 5, 1, 2, 5, 8, 4, 2, 1, 8, 13, 31, 3, 15, 30, 38, 5, 15, 11, 21, 17, 1, 
6: 12, 7, 3, 9, 6, 27, 19, 22, 16, 9, 1, 34, 5, 6, 14, 2, 12, 7, 3, 4, 8, 9, 10, 1, 12, 2, 21, 6, 17, 4, 2, 4, 4, 1, 0, 0, 0, 0, 0, 0, 0, 0, 0, 0, 0, 0, 0, 0, 0, 0, 0, 0, 0, 0, 0, 0, 0, 0, 0, 0, 0, 0, 0, 0, 0, 0, 0, 0, 0, 0, 0, 0, 0, 0, 0, 0, 0, 0, 0, 0, : 12, 7, 3, 9, 6, 27, 19, 22, 16, 9, 1, 34, 5, 6, 14, 2, 12, 7, 3, 4, 8, 9, 10, 1, 12, 2, 21, 6, 17, 4, 2, 4, 4, 1, 
7: 5, 10, 27, 7, 8, 3, 3, 18, 2, 8, 3, 2, 12, 1, 11, 5, 13, 1, 28, 16, 18, 4, 0, 0, 0, 0, 0, 0, 0, 0, 0, 0, 0, 0, 0, 0, 0, 0, 0, 0, 0, 0, 0, 0, 0, 0, 0, 0, 0, 0, 0, 0, 0, 0, 0, 0, 0, 0, 0, 0, 0, 0, 0, 0, 0, 0, 0, 0, 0, 0, 0, 0, 0, 0, 0, 0, 0, 0, 0, 0, : 5, 10, 27, 7, 8, 3, 3, 18, 2, 8, 3, 2, 12, 1, 11, 5, 13, 1, 28, 16, 18, 4, 
8: 1, 9, 10, 2, 2, 6, 1, 2, 3, 10, 2, 4, 2, 2, 1, 1, 4, 8, 17, 5, 6, 3, 1, 3, 4, 1, 3, 4, 2, 19, 18, 2, 16, 2, 15, 2, 10, 2, 4, 5, 11, 0, 0, 0, 0, 0, 0, 0, 0, 0, 0, 0, 0, 0, 0, 0, 0, 0, 0, 0, 0, 0, 0, 0, 0, 0, 0, 0, 0, 0, 0, 0, 0, 0, 0, 0, 0, 0, 0, 0, : 1, 9, 10, 2, 2, 6, 1, 2, 3, 10, 2, 4, 2, 2, 1, 1, 4, 8, 17, 5, 6, 3, 1, 3, 4, 1, 3, 4, 2, 19, 18, 2, 16, 2, 15, 2, 10, 2, 4, 5, 11, 
9: 1, 5, 3, 20, 2, 2, 3, 4, 23, 1, 3, 1, 5, 5, 1, 3, 13, 3, 12, 6, 6, 5, 12, 22, 38, 5, 2, 26, 35, 5, 0, 0, 0, 0, 0, 0, 0, 0, 0, 0, 0, 0, 0, 0, 0, 0, 0, 0, 0, 0, 0, 0, 0, 0, 0, 0, 0, 0, 0, 0, 0, 0, 0, 0, 0, 0, 0, 0, 0, 0, 0, 0, 0, 0, 0, 0, 0, 0, 0, 0, : 1, 5, 3, 20, 2, 2, 3, 4, 23, 1, 3, 1, 5, 5, 1, 3, 13, 3, 12, 6, 6, 5, 12, 22, 38, 5, 2, 26, 35, 5, 
10: 17, 11, 26, 1, 8, 8, 21, 5, 14, 6, 19, 16, 15, 8, 1, 5, 1, 9, 3, 1, 2, 1, 4, 8, 14, 3, 2, 4, 14, 0, 0, 0, 0, 0, 0, 0, 0, 0, 0, 0, 0, 0, 0, 0, 0, 0, 0, 0, 0, 0, 0, 0, 0, 0, 0, 0, 0, 0, 0, 0, 0, 0, 0, 0, 0, 0, 0, 0, 0, 0, 0, 0, 0, 0, 0, 0, 0, 0, 0, 0, : 17, 11, 26, 1, 8, 8, 21, 5, 14, 6, 19, 16, 15, 8, 1, 5, 1, 9, 3, 1, 2, 1, 4, 8, 14, 3, 2, 4, 14, 
11: 2, 5, 7, 23, 25, 6, 4, 3, 30, 20, 8, 2, 3, 4, 8, 2, 2, 1, 1, 1, 16, 2, 1, 3, 20, 17, 18, 2, 9, 1, 21, 13, 1, 18, 3, 11, 9, 7, 22, 5, 4, 0, 0, 0, 0, 0, 0, 0, 0, 0, 0, 0, 0, 0, 0, 0, 0, 0, 0, 0, 0, 0, 0, 0, 0, 0, 0, 0, 0, 0, 0, 0, 0, 0, 0, 0, 0, 0, 0, 0, : 2, 5, 7, 23, 25, 6, 4, 3, 30, 20, 8, 2, 3, 4, 8, 2, 2, 1, 1, 1, 16, 2, 1, 3, 20, 17, 18, 2, 9, 1, 21, 13, 1, 18, 3, 11, 9, 7, 22, 5, 4, 
12: 1, 3, 3, 31, 14, 4, 7, 3, 3, 4, 3, 13, 9, 7, 12, 6, 14, 17, 13, 5, 9, 34, 4, 1, 4, 3, 6, 2, 8, 20, 16, 19, 13, 21, 12, 1, 0, 0, 0, 0, 0, 0, 0, 0, 0, 0, 0, 0, 0, 0, 0, 0, 0, 0, 0, 0, 0, 0, 0, 0, 0, 0, 0, 0, 0, 0, 0, 0, 0, 0, 0, 0, 0, 0, 0, 0, 0, 0, 0, 0, : 1, 3, 3, 31, 14, 4, 7, 3, 3, 4, 3, 13, 9, 7, 12, 6, 14, 17, 13, 5, 9, 34, 4, 1, 4, 3, 6, 2, 8, 20, 16, 19, 13, 21, 12, 1, 
13: 2, 11, 3, 7, 8, 5, 10, 13, 7, 2, 21, 6, 32, 4, 12, 11, 3, 6, 3, 4, 3, 2, 4, 23, 20, 1, 3, 9, 4, 24, 8, 2, 0, 0, 0, 0, 0, 0, 0, 0, 0, 0, 0, 0, 0, 0, 0, 0, 0, 0, 0, 0, 0, 0, 0, 0, 0, 0, 0, 0, 0, 0, 0, 0, 0, 0, 0, 0, 0, 0, 0, 0, 0, 0, 0, 0, 0, 0, 0, 0, : 2, 11, 3, 7, 8, 5, 10, 13, 7, 2, 21, 6, 32, 4, 12, 11, 3, 6, 3, 4, 3, 2, 4, 23, 20, 1, 3, 9, 4, 24, 8, 2, 
14: 4, 17, 3, 6, 8, 20, 13, 1, 4, 15, 1, 25, 7, 9, 3, 6, 20, 6, 1, 24, 2, 6, 1, 1, 6, 16, 3, 23, 2, 12, 1, 1, 7, 5, 18, 4, 3, 16, 4, 22, 18, 1, 2, 2, 3, 0, 0, 0, 0, 0, 0, 0, 0, 0, 0, 0, 0, 0, 0, 0, 0, 0, 0, 0, 0, 0, 0, 0, 0, 0, 0, 0, 0, 0, 0, 0, 0, 0, 0, 0, : 4, 17, 3, 6, 8, 20, 13, 1, 4, 15, 1, 25, 7, 9, 3, 6, 20, 6, 1, 24, 2, 6, 1, 1, 6, 16, 3, 23, 2, 12, 1, 1, 7, 5, 18, 4, 3, 16, 4, 22, 18, 1, 2, 2, 3, 
15: 27, 1, 5, 7, 5, 3, 5, 4, 17, 7, 4, 1, 18, 2, 16, 1, 24, 33, 3, 1, 9, 2, 16, 23, 2, 3, 8, 11, 2, 3, 4, 2, 11, 14, 2, 17, 33, 7, 1, 5, 2, 2, 7, 1, 11, 0, 0, 0, 0, 0, 0, 0, 0, 0, 0, 0, 0, 0, 0, 0, 0, 0, 0, 0, 0, 0, 0, 0, 0, 0, 0, 0, 0, 0, 0, 0, 0, 0, 0, 0, : 27, 1, 5, 7, 5, 3, 5, 4, 17, 7, 4, 1, 18, 2, 16, 1, 24, 33, 3, 1, 9, 2, 16, 23, 2, 3, 8, 11, 2, 3, 4, 2, 11, 14, 2, 17, 33, 7, 1, 5, 2, 2, 7, 1, 11, 
16: 6, 19, 14, 30, 12, 25, 2, 4, 19, 5, 6, 23, 6, 6, 3, 8, 2, 13, 5, 1, 4, 5, 4, 12, 1, 17, 23, 1, 1, 6, 1, 1, 12, 25, 17, 2, 1, 4, 5, 8, 6, 23, 13, 1, 32, 0, 0, 0, 0, 0, 0, 0, 0, 0, 0, 0, 0, 0, 0, 0, 0, 0, 0, 0, 0, 0, 0, 0, 0, 0, 0, 0, 0, 0, 0, 0, 0, 0, 0, 0, : 6, 19, 14, 30, 12, 25, 2, 4, 19, 5, 6, 23, 6, 6, 3, 8, 2, 13, 5, 1, 4, 5, 4, 12, 1, 17, 23, 1, 1, 6, 1, 1, 12, 25, 17, 2, 1, 4, 5, 8, 6, 23, 13, 1, 32, 
17: 3, 14, 4, 4, 5, 3, 7, 17, 9, 7, 14, 3, 10, 16, 2, 4, 14, 2, 1, 1, 6, 4, 5, 1, 11, 12, 5, 4, 3, 11, 2, 0, 0, 0, 0, 0, 0, 0, 0, 0, 0, 0, 0, 0, 0, 0, 0, 0, 0, 0, 0, 0, 0, 0, 0, 0, 0, 0, 0, 0, 0, 0, 0, 0, 0, 0, 0, 0, 0, 0, 0, 0, 0, 0, 0, 0, 0, 0, 0, 0, : 3, 14, 4, 4, 5, 3, 7, 17, 9, 7, 14, 3, 10, 16, 2, 4, 14, 2, 1, 1, 6, 4, 5, 1, 11, 12, 5, 4, 3, 11, 2, 
18: 5, 4, 1, 11, 4, 2, 16, 5, 7, 4, 12, 4, 8, 1, 10, 1, 6, 3, 11, 20, 4, 11, 1, 17, 19, 4, 3, 15, 1, 4, 1, 3, 12, 6, 8, 14, 13, 2, 8, 5, 3, 7, 9, 23, 13, 1, 12, 0, 0, 0, 0, 0, 0, 0, 0, 0, 0, 0, 0, 0, 0, 0, 0, 0, 0, 0, 0, 0, 0, 0, 0, 0, 0, 0, 0, 0, 0, 0, 0, 0, : 5, 4, 1, 11, 4, 2, 16, 5, 7, 4, 12, 4, 8, 1, 10, 1, 6, 3, 11, 20, 4, 11, 1, 17, 19, 4, 3, 15, 1, 4, 1, 3, 12, 6, 8, 14, 13, 2, 8, 5, 3, 7, 9, 23, 13, 1, 12, 
19: 3, 3, 22, 6, 1, 7, 16, 13, 7, 32, 1, 1, 1, 23, 4, 11, 16, 9, 2, 5, 1, 9, 2, 4, 3, 11, 3, 5, 0, 0, 0, 0, 0, 0, 0, 0, 0, 0, 0, 0, 0, 0, 0, 0, 0, 0, 0, 0, 0, 0, 0, 0, 0, 0, 0, 0, 0, 0, 0, 0, 0, 0, 0, 0, 0, 0, 0, 0, 0, 0, 0, 0, 0, 0, 0, 0, 0, 0, 0, 0, : 3, 3, 22, 6, 1, 7, 16, 13, 7, 32, 1, 1, 1, 23, 4, 11, 16, 9, 2, 5, 1, 9, 2, 4, 3, 11, 3, 5, 
20: 9, 4, 1, 21, 3, 4, 1, 3, 23, 10, 1, 16, 7, 1, 1, 2, 2, 7, 8, 19, 5, 2, 12, 9, 1, 7, 30, 1, 20, 8, 7, 10, 31, 2, 19, 3, 0, 0, 0, 0, 0, 0, 0, 0, 0, 0, 0, 0, 0, 0, 0, 0, 0, 0, 0, 0, 0, 0, 0, 0, 0, 0, 0, 0, 0, 0, 0, 0, 0, 0, 0, 0, 0, 0, 0, 0, 0, 0, 0, 0, : 9, 4, 1, 21, 3, 4, 1, 3, 23, 10, 1, 16, 7, 1, 1, 2, 2, 7, 8, 19, 5, 2, 12, 9, 1, 7, 30, 1, 20, 8, 7, 10, 31, 2, 19, 3, 
21: 2, 36, 17, 3, 5, 3, 27, 14, 1, 8, 6, 2, 4, 3, 10, 7, 8, 2, 5, 14, 21, 2, 1, 7, 2, 29, 18, 19, 19, 2, 11, 7, 6, 0, 0, 0, 0, 0, 0, 0, 0, 0, 0, 0, 0, 0, 0, 0, 0, 0, 0, 0, 0, 0, 0, 0, 0, 0, 0, 0, 0, 0, 0, 0, 0, 0, 0, 0, 0, 0, 0, 0, 0, 0, 0, 0, 0, 0, 0, 0, : 2, 36, 17, 3, 5, 3, 27, 14, 1, 8, 6, 2, 4, 3, 10, 7, 8, 2, 5, 14, 21, 2, 1, 7, 2, 29, 18, 19, 19, 2, 11, 7, 6, 
22: 11, 2, 2, 20, 12, 6, 2, 4, 9, 2, 7, 11, 2, 13, 11, 4, 5, 16, 7, 11, 6, 6, 1, 10, 6, 22, 1, 17, 3, 12, 27, 6, 26, 19, 5, 29, 1, 2, 14, 0, 0, 0, 0, 0, 0, 0, 0, 0, 0, 0, 0, 0, 0, 0, 0, 0, 0, 0, 0, 0, 0, 0, 0, 0, 0, 0, 0, 0, 0, 0, 0, 0, 0, 0, 0, 0, 0, 0, 0, 0, : 11, 2, 2, 20, 12, 6, 2, 4, 9, 2, 7, 11, 2, 13, 11, 4, 5, 16, 7, 11, 6, 6, 1, 10, 6, 22, 1, 17, 3, 12, 27, 6, 26, 19, 5, 29, 1, 2, 14, 
23: 3, 14, 4, 3, 11, 21, 3, 3, 1, 7, 36, 3, 6, 1, 1, 1, 2, 3, 15, 22, 3, 5, 4, 2, 4, 19, 21, 1, 13, 15, 9, 24, 0, 0, 0, 0, 0, 0, 0, 0, 0, 0, 0, 0, 0, 0, 0, 0, 0, 0, 0, 0, 0, 0, 0, 0, 0, 0, 0, 0, 0, 0, 0, 0, 0, 0, 0, 0, 0, 0, 0, 0, 0, 0, 0, 0, 0, 0, 0, 0, : 3, 14, 4, 3, 11, 21, 3, 3, 1, 7, 36, 3, 6, 1, 1, 1, 2, 3, 15, 22, 3, 5, 4, 2, 4, 19, 21, 1, 13, 15, 9, 24, 
24: 2, 18, 6, 9, 3, 2, 7, 2, 18, 14, 13, 2, 2, 4, 11, 20, 1, 2, 4, 5, 3, 10, 24, 9, 16, 9, 4, 2, 2, 21, 4, 11, 11, 1, 2, 9, 2, 28, 18, 12, 9, 3, 1, 6, 9, 2, 1, 0, 0, 0, 0, 0, 0, 0, 0, 0, 0, 0, 0, 0, 0, 0, 0, 0, 0, 0, 0, 0, 0, 0, 0, 0, 0, 0, 0, 0, 0, 0, 0, 0, : 2, 18, 6, 9, 3, 2, 7, 2, 18, 14, 13, 2, 2, 4, 11, 20, 1, 2, 4, 5, 3, 10, 24, 9, 16, 9, 4, 2, 2, 21, 4, 11, 11, 1, 2, 9, 2, 28, 18, 12, 9, 3, 1, 6, 9, 2, 1, 
25: 14, 1, 26, 3, 22, 4, 6, 25, 6, 2, 7, 25, 12, 2, 10, 3, 9, 2, 7, 26, 3, 4, 1, 4, 0, 0, 0, 0, 0, 0, 0, 0, 0, 0, 0, 0, 0, 0, 0, 0, 0, 0, 0, 0, 0, 0, 0, 0, 0, 0, 0, 0, 0, 0, 0, 0, 0, 0, 0, 0, 0, 0, 0, 0, 0, 0, 0, 0, 0, 0, 0, 0, 0, 0, 0, 0, 0, 0, 0, 0, : 14, 1, 26, 3, 22, 4, 6, 25, 6, 2, 7, 25, 12, 2, 10, 3, 9, 2, 7, 26, 3, 4, 1, 4, 
26: 5, 5, 1, 8, 4, 5, 9, 8, 12, 4, 5, 13, 12, 1, 18, 3, 24, 2, 20, 21, 24, 3, 12, 20, 15, 0, 0, 0, 0, 0, 0, 0, 0, 0, 0, 0, 0, 0, 0, 0, 0, 0, 0, 0, 0, 0, 0, 0, 0, 0, 0, 0, 0, 0, 0, 0, 0, 0, 0, 0, 0, 0, 0, 0, 0, 0, 0, 0, 0, 0, 0, 0, 0, 0, 0, 0, 0, 0, 0, 0, : 5, 5, 1, 8, 4, 5, 9, 8, 12, 4, 5, 13, 12, 1, 18, 3, 24, 2, 20, 21, 24, 3, 12, 20, 15, 
27: 1, 6, 8, 36, 3, 1, 26, 1, 1, 2, 23, 2, 7, 1, 3, 4, 13, 5, 1, 14, 2, 1, 2, 16, 8, 1, 1, 5, 2, 7, 2, 1, 18, 12, 4, 2, 6, 2, 13, 6, 15, 4, 8, 16, 11, 2, 5, 10, 4, 1, 16, 6, 3, 7, 1, 0, 0, 0, 0, 0, 0, 0, 0, 0, 0, 0, 0, 0, 0, 0, 0, 0, 0, 0, 0, 0, 0, 0, 0, 0, : 1, 6, 8, 36, 3, 1, 26, 1, 1, 2, 23, 2, 7, 1, 3, 4, 13, 5, 1, 14, 2, 1, 2, 16, 8, 1, 1, 5, 2, 7, 2, 1, 18, 12, 4, 2, 6, 2, 13, 6, 15, 4, 8, 16, 11, 2, 5, 10, 4, 1, 16, 6, 3, 7, 1, 
28: 1, 2, 2, 9, 14, 18, 19, 1, 1, 11, 21, 3, 1, 13, 3, 2, 5, 2, 20, 2, 21, 1, 8, 11, 4, 16, 1, 9, 3, 31, 6, 14, 13, 17, 6, 18, 1, 7, 1, 6, 1, 5, 6, 2, 0, 0, 0, 0, 0, 0, 0, 0, 0, 0, 0, 0, 0, 0, 0, 0, 0, 0, 0, 0, 0, 0, 0, 0, 0, 0, 0, 0, 0, 0, 0, 0, 0, 0, 0, 0, : 1, 2, 2, 9, 14, 18, 19, 1, 1, 11, 21, 3, 1, 13, 3, 2, 5, 2, 20, 2, 21, 1, 8, 11, 4, 16, 1, 9, 3, 31, 6, 14, 13, 17, 6, 18, 1, 7, 1, 6, 1, 5, 6, 2, 
29: 14, 6, 12, 8, 17, 2, 4, 9, 9, 4, 2, 6, 7, 3, 3, 5, 1, 12, 7, 8, 9, 19, 6, 15, 8, 3, 1, 6, 2, 3, 29, 7, 1, 9, 12, 1, 19, 25, 16, 3, 2, 0, 0, 0, 0, 0, 0, 0, 0, 0, 0, 0, 0, 0, 0, 0, 0, 0, 0, 0, 0, 0, 0, 0, 0, 0, 0, 0, 0, 0, 0, 0, 0, 0, 0, 0, 0, 0, 0, 0, : 14, 6, 12, 8, 17, 2, 4, 9, 9, 4, 2, 6, 7, 3, 3, 5, 1, 12, 7, 8, 9, 19, 6, 15, 8, 3, 1, 6, 2, 3, 29, 7, 1, 9, 12, 1, 19, 25, 16, 3, 2, 
30: 4, 6, 23, 4, 2, 34, 4, 2, 2, 4, 3, 1, 1, 3, 5, 1, 10, 7, 3, 1, 25, 11, 15, 18, 1, 3, 2, 11, 1, 5, 1, 7, 17, 14, 0, 0, 0, 0, 0, 0, 0, 0, 0, 0, 0, 0, 0, 0, 0, 0, 0, 0, 0, 0, 0, 0, 0, 0, 0, 0, 0, 0, 0, 0, 0, 0, 0, 0, 0, 0, 0, 0, 0, 0, 0, 0, 0, 0, 0, 0, : 4, 6, 23, 4, 2, 34, 4, 2, 2, 4, 3, 1, 1, 3, 5, 1, 10, 7, 3, 1, 25, 11, 15, 18, 1, 3, 2, 11, 1, 5, 1, 7, 17, 14, 
31: 20, 1, 2, 2, 1, 2, 9, 1, 2, 9, 17, 5, 1, 4, 13, 2, 24, 4, 26, 4, 6, 38, 13, 12, 1, 9, 3, 29, 11, 4, 10, 10, 9, 3, 13, 13, 14, 9, 24, 0, 0, 0, 0, 0, 0, 0, 0, 0, 0, 0, 0, 0, 0, 0, 0, 0, 0, 0, 0, 0, 0, 0, 0, 0, 0, 0, 0, 0, 0, 0, 0, 0, 0, 0, 0, 0, 0, 0, 0, 0, : 20, 1, 2, 2, 1, 2, 9, 1, 2, 9, 17, 5, 1, 4, 13, 2, 24, 4, 26, 4, 6, 38, 13, 12, 1, 9, 3, 29, 11, 4, 10, 10, 9, 3, 13, 13, 14, 9, 24, 
32: 5, 11, 15, 7, 23, 10, 2, 6, 16, 14, 6, 17, 15, 2, 25, 18, 6, 17, 35, 3, 3, 6, 5, 22, 1, 6, 1, 1, 1, 2, 12, 15, 9, 13, 2, 16, 9, 3, 27, 2, 0, 0, 0, 0, 0, 0, 0, 0, 0, 0, 0, 0, 0, 0, 0, 0, 0, 0, 0, 0, 0, 0, 0, 0, 0, 0, 0, 0, 0, 0, 0, 0, 0, 0, 0, 0, 0, 0, 0, 0, : 5, 11, 15, 7, 23, 10, 2, 6, 16, 14, 6, 17, 15, 2, 25, 18, 6, 17, 35, 3, 3, 6, 5, 22, 1, 6, 1, 1, 1, 2, 12, 15, 9, 13, 2, 16, 9, 3, 27, 2, 
33: 15, 2, 4, 18, 13, 20, 1, 2, 1, 1, 18, 3, 12, 18, 5, 19, 11, 10, 8, 2, 20, 17, 1, 7, 5, 21, 12, 13, 8, 2, 6, 20, 9, 8, 3, 1, 1, 1, 15, 2, 1, 5, 1, 0, 0, 0, 0, 0, 0, 0, 0, 0, 0, 0, 0, 0, 0, 0, 0, 0, 0, 0, 0, 0, 0, 0, 0, 0, 0, 0, 0, 0, 0, 0, 0, 0, 0, 0, 0, 0, : 15, 2, 4, 18, 13, 20, 1, 2, 1, 1, 18, 3, 12, 18, 5, 19, 11, 10, 8, 2, 20, 17, 1, 7, 5, 21, 12, 13, 8, 2, 6, 20, 9, 8, 3, 1, 1, 1, 15, 2, 1, 5, 1, 
34: 30, 25, 2, 14, 28, 17, 2, 6, 3, 2, 17, 2, 3, 1, 5, 3, 9, 1, 1, 3, 6, 25, 8, 19, 2, 6, 14, 1, 17, 10, 3, 25, 11, 22, 5, 6, 13, 1, 5, 2, 3, 2, 0, 0, 0, 0, 0, 0, 0, 0, 0, 0, 0, 0, 0, 0, 0, 0, 0, 0, 0, 0, 0, 0, 0, 0, 0, 0, 0, 0, 0, 0, 0, 0, 0, 0, 0, 0, 0, 0, : 30, 25, 2, 14, 28, 17, 2, 6, 3, 2, 17, 2, 3, 1, 5, 3, 9, 1, 1, 3, 6, 25, 8, 19, 2, 6, 14, 1, 17, 10, 3, 25, 11, 22, 5, 6, 13, 1, 5, 2, 3, 2, 
35: 36, 8, 2, 3, 3, 3, 2, 9, 1, 2, 15, 6, 13, 17, 2, 1, 1, 2, 1, 6, 6, 17, 3, 17, 4, 17, 2, 3, 3, 2, 2, 25, 17, 12, 17, 6, 10, 13, 34, 1, 1, 1, 1, 2, 1, 12, 11, 11, 1, 8, 6, 3, 0, 0, 0, 0, 0, 0, 0, 0, 0, 0, 0, 0, 0, 0, 0, 0, 0, 0, 0, 0, 0, 0, 0, 0, 0, 0, 0, 0, : 36, 8, 2, 3, 3, 3, 2, 9, 1, 2, 15, 6, 13, 17, 2, 1, 1, 2, 1, 6, 6, 17, 3, 17, 4, 17, 2, 3, 3, 2, 2, 25, 17, 12, 17, 6, 10, 13, 34, 1, 1, 1, 1, 2, 1, 12, 11, 11, 1, 8, 6, 3, 
36: 1, 1, 14, 2, 1, 15, 1, 5, 12, 3, 2, 17, 11, 5, 2, 3, 1, 7, 18, 1, 6, 10, 6, 2, 2, 3, 11, 3, 2, 3, 9, 7, 3, 12, 29, 0, 0, 0, 0, 0, 0, 0, 0, 0, 0, 0, 0, 0, 0, 0, 0, 0, 0, 0, 0, 0, 0, 0, 0, 0, 0, 0, 0, 0, 0, 0, 0, 0, 0, 0, 0, 0, 0, 0, 0, 0, 0, 0, 0, 0, : 1, 1, 14, 2, 1, 15, 1, 5, 12, 3, 2, 17, 11, 5, 2, 3, 1, 7, 18, 1, 6, 10, 6, 2, 2, 3, 11, 3, 2, 3, 9, 7, 3, 12, 29, 
37: 9, 1, 8, 32, 4, 8, 2, 3, 3, 5, 12, 2, 5, 1, 7, 1, 20, 0, 0, 0, 0, 0, 0, 0, 0, 0, 0, 0, 0, 0, 0, 0, 0, 0, 0, 0, 0, 0, 0, 0, 0, 0, 0, 0, 0, 0, 0, 0, 0, 0, 0, 0, 0, 0, 0, 0, 0, 0, 0, 0, 0, 0, 0, 0, 0, 0, 0, 0, 0, 0, 0, 0, 0, 0, 0, 0, 0, 0, 0, 0, : 9, 1, 8, 32, 4, 8, 2, 3, 3, 5, 12, 2, 5, 1, 7, 1, 20, 
38: 7, 12, 15, 14, 3, 5, 3, 16, 2, 1, 15, 9, 8, 3, 3, 18, 4, 30, 8, 3, 8, 8, 3, 5, 11, 2, 10, 1, 15, 31, 2, 5, 14, 6, 1, 12, 13, 33, 7, 6, 5, 2, 19, 16, 23, 6, 1, 9, 20, 5, 0, 0, 0, 0, 0, 0, 0, 0, 0, 0, 0, 0, 0, 0, 0, 0, 0, 0, 0, 0, 0, 0, 0, 0, 0, 0, 0, 0, 0, 0, : 7, 12, 15, 14, 3, 5, 3, 16, 2, 1, 15, 9, 8, 3, 3, 18, 4, 30, 8, 3, 8, 8, 3, 5, 11, 2, 10, 1, 15, 31, 2, 5, 14, 6, 1, 12, 13, 33, 7, 6, 5, 2, 19, 16, 23, 6, 1, 9, 20, 5, 
39: 4, 2, 5, 11, 29, 5, 6, 3, 4, 15, 10, 4, 12, 1, 8, 4, 23, 6, 2, 5, 4, 6, 3, 17, 2, 16, 10, 3, 3, 1, 6, 1, 4, 0, 0, 0, 0, 0, 0, 0, 0, 0, 0, 0, 0, 0, 0, 0, 0, 0, 0, 0, 0, 0, 0, 0, 0, 0, 0, 0, 0, 0, 0, 0, 0, 0, 0, 0, 0, 0, 0, 0, 0, 0, 0, 0, 0, 0, 0, 0, : 4, 2, 5, 11, 29, 5, 6, 3, 4, 15, 10, 4, 12, 1, 8, 4, 23, 6, 2, 5, 4, 6, 3, 17, 2, 16, 10, 3, 3, 1, 6, 1, 4, 
40: 4, 5, 13, 8, 5, 5, 1, 2, 2, 8, 7, 18, 14, 25, 5, 13, 8, 1, 3, 4, 18, 4, 21, 3, 2, 21, 0, 0, 0, 0, 0, 0, 0, 0, 0, 0, 0, 0, 0, 0, 0, 0, 0, 0, 0, 0, 0, 0, 0, 0, 0, 0, 0, 0, 0, 0, 0, 0, 0, 0, 0, 0, 0, 0, 0, 0, 0, 0, 0, 0, 0, 0, 0, 0, 0, 0, 0, 0, 0, 0, : 4, 5, 13, 8, 5, 5, 1, 2, 2, 8, 7, 18, 14, 25, 5, 13, 8, 1, 3, 4, 18, 4, 21, 3, 2, 21, 
41: 4, 7, 1, 7, 1, 3, 2, 1, 7, 1, 5, 1, 23, 12, 3, 5, 10, 24, 6, 1, 7, 1, 12, 7, 4, 9, 12, 4, 18, 3, 2, 2, 1, 10, 0, 0, 0, 0, 0, 0, 0, 0, 0, 0, 0, 0, 0, 0, 0, 0, 0, 0, 0, 0, 0, 0, 0, 0, 0, 0, 0, 0, 0, 0, 0, 0, 0, 0, 0, 0, 0, 0, 0, 0, 0, 0, 0, 0, 0, 0, : 4, 7, 1, 7, 1, 3, 2, 1, 7, 1, 5, 1, 23, 12, 3, 5, 10, 24, 6, 1, 7, 1, 12, 7, 4, 9, 12, 4, 18, 3, 2, 2, 1, 10, 
42: 14, 25, 11, 9, 3, 7, 7, 13, 28, 19, 1, 22, 1, 17, 1, 4, 12, 2, 5, 2, 3, 7, 7, 27, 2, 11, 3, 10, 12, 3, 4, 12, 1, 1, 2, 28, 16, 3, 8, 8, 7, 3, 1, 12, 3, 2, 5, 11, 0, 0, 0, 0, 0, 0, 0, 0, 0, 0, 0, 0, 0, 0, 0, 0, 0, 0, 0, 0, 0, 0, 0, 0, 0, 0, 0, 0, 0, 0, 0, 0, : 14, 25, 11, 9, 3, 7, 7, 13, 28, 19, 1, 22, 1, 17, 1, 4, 12, 2, 5, 2, 3, 7, 7, 27, 2, 11, 3, 10, 12, 3, 4, 12, 1, 1, 2, 28, 16, 3, 8, 8, 7, 3, 1, 12, 3, 2, 5, 11, 
43: 1, 7, 1, 10, 18, 1, 18, 12, 9, 11, 1, 1, 4, 1, 19, 11, 3, 29, 5, 5, 7, 3, 24, 7, 7, 14, 6, 1, 5, 2, 18, 17, 4, 2, 1, 2, 6, 3, 8, 10, 31, 1, 0, 0, 0, 0, 0, 0, 0, 0, 0, 0, 0, 0, 0, 0, 0, 0, 0, 0, 0, 0, 0, 0, 0, 0, 0, 0, 0, 0, 0, 0, 0, 0, 0, 0, 0, 0, 0, 0, : 1, 7, 1, 10, 18, 1, 18, 12, 9, 11, 1, 1, 4, 1, 19, 11, 3, 29, 5, 5, 7, 3, 24, 7, 7, 14, 6, 1, 5, 2, 18, 17, 4, 2, 1, 2, 6, 3, 8, 10, 31, 1, 
44: 1, 4, 10, 1, 14, 11, 27, 6, 13, 9, 5, 3, 14, 8, 8, 25, 12, 5, 7, 30, 7, 12, 2, 4, 4, 1, 30, 11, 5, 15, 6, 9, 12, 8, 6, 1, 7, 8, 5, 7, 22, 2, 5, 3, 2, 3, 5, 7, 10, 2, 1, 25, 3, 5, 15, 23, 8, 0, 0, 0, 0, 0, 0, 0, 0, 0, 0, 0, 0, 0, 0, 0, 0, 0, 0, 0, 0, 0, 0, 0, : 1, 4, 10, 1, 14, 11, 27, 6, 13, 9, 5, 3, 14, 8, 8, 25, 12, 5, 7, 30, 7, 12, 2, 4, 4, 1, 30, 11, 5, 15, 6, 9, 12, 8, 6, 1, 7, 8, 5, 7, 22, 2, 5, 3, 2, 3, 5, 7, 10, 2, 1, 25, 3, 5, 15, 23, 8, 
45: 2, 23, 3, 10, 29, 30, 13, 2, 10, 9, 24, 17, 4, 1, 2, 1, 1, 1, 4, 19, 18, 3, 4, 31, 6, 5, 4, 9, 12, 1, 2, 24, 1, 5, 9, 9, 2, 0, 0, 0, 0, 0, 0, 0, 0, 0, 0, 0, 0, 0, 0, 0, 0, 0, 0, 0, 0, 0, 0, 0, 0, 0, 0, 0, 0, 0, 0, 0, 0, 0, 0, 0, 0, 0, 0, 0, 0, 0, 0, 0, : 2, 23, 3, 10, 29, 30, 13, 2, 10, 9, 24, 17, 4, 1, 2, 1, 1, 1, 4, 19, 18, 3, 4, 31, 6, 5, 4, 9, 12, 1, 2, 24, 1, 5, 9, 9, 2, 
46: 13, 9, 1, 9, 13, 6, 14, 12, 2, 1, 8, 4, 1, 5, 25, 3, 3, 2, 32, 5, 24, 4, 7, 6, 2, 23, 8, 9, 6, 3, 2, 12, 1, 21, 2, 3, 13, 8, 2, 4, 13, 1, 2, 20, 1, 9, 2, 13, 4, 0, 0, 0, 0, 0, 0, 0, 0, 0, 0, 0, 0, 0, 0, 0, 0, 0, 0, 0, 0, 0, 0, 0, 0, 0, 0, 0, 0, 0, 0, 0, : 13, 9, 1, 9, 13, 6, 14, 12, 2, 1, 8, 4, 1, 5, 25, 3, 3, 2, 32, 5, 24, 4, 7, 6, 2, 23, 8, 9, 6, 3, 2, 12, 1, 21, 2, 3, 13, 8, 2, 4, 13, 1, 2, 20, 1, 9, 2, 13, 4, 
47: 10, 1, 1, 12, 9, 30, 1, 8, 3, 3, 2, 4, 5, 1, 8, 11, 21, 13, 4, 2, 6, 2, 5, 8, 2, 32, 2, 25, 4, 1, 9, 11, 24, 13, 1, 14, 3, 5, 4, 31, 6, 3, 2, 14, 10, 4, 14, 1, 1, 1, 1, 2, 8, 2, 7, 22, 4, 15, 1, 4, 3, 10, 4, 2, 7, 17, 0, 0, 0, 0, 0, 0, 0, 0, 0, 0, 0, 0, 0, 0, : 10, 1, 1, 12, 9, 30, 1, 8, 3, 3, 2, 4, 5, 1, 8, 11, 21, 13, 4, 2, 6, 2, 5, 8, 2, 32, 2, 25, 4, 1, 9, 11, 24, 13, 1, 14, 3, 5, 4, 31, 6, 3, 2, 14, 10, 4, 14, 1, 1, 1, 1, 2, 8, 2, 7, 22, 4, 15, 1, 4, 3, 10, 4, 2, 7, 17, 
48: 20, 12, 2, 2, 1, 11, 2, 2, 2, 20, 1, 15, 17, 3, 6, 4, 7, 2, 2, 2, 2, 5, 3, 15, 29, 2, 11, 1, 4, 1, 4, 7, 0, 0, 0, 0, 0, 0, 0, 0, 0, 0, 0, 0, 0, 0, 0, 0, 0, 0, 0, 0, 0, 0, 0, 0, 0, 0, 0, 0, 0, 0, 0, 0, 0, 0, 0, 0, 0, 0, 0, 0, 0, 0, 0, 0, 0, 0, 0, 0, : 20, 12, 2, 2, 1, 11, 2, 2, 2, 20, 1, 15, 17, 3, 6, 4, 7, 2, 2, 2, 2, 5, 3, 15, 29, 2, 11, 1, 4, 1, 4, 7, 
49: 1, 2, 1, 1, 1, 1, 2, 14, 1, 14, 1, 11, 3, 1, 1, 3, 2, 33, 4, 1, 6, 3, 1, 2, 20, 11, 10, 21, 0, 0, 0, 0, 0, 0, 0, 0, 0, 0, 0, 0, 0, 0, 0, 0, 0, 0, 0, 0, 0, 0, 0, 0, 0, 0, 0, 0, 0, 0, 0, 0, 0, 0, 0, 0, 0, 0, 0, 0, 0, 0, 0, 0, 0, 0, 0, 0, 0, 0, 0, 0, : 1, 2, 1, 1, 1, 1, 2, 14, 1, 14, 1, 11, 3, 1, 1, 3, 2, 33, 4, 1, 6, 3, 1, 2, 20, 11, 10, 21, 
50: 23, 5, 14, 17, 7, 23, 7, 16, 2, 5, 5, 2, 1, 2, 15, 3, 9, 6, 3, 4, 6, 9, 18, 11, 11, 9, 14, 13, 8, 1, 22, 4, 2, 6, 1, 18, 9, 16, 4, 3, 4, 2, 7, 1, 12, 0, 0, 0, 0, 0, 0, 0, 0, 0, 0, 0, 0, 0, 0, 0, 0, 0, 0, 0, 0, 0, 0, 0, 0, 0, 0, 0, 0, 0, 0, 0, 0, 0, 0, 0, : 23, 5, 14, 17, 7, 23, 7, 16, 2, 5, 5, 2, 1, 2, 15, 3, 9, 6, 3, 4, 6, 9, 18, 11, 11, 9, 14, 13, 8, 1, 22, 4, 2, 6, 1, 18, 9, 16, 4, 3, 4, 2, 7, 1, 12, 
51: 12, 28, 13, 6, 2, 2, 10, 9, 8, 7, 1, 3, 3, 11, 1, 2, 3, 19, 5, 4, 7, 14, 8, 1, 13, 1, 23, 5, 1, 1, 1, 9, 22, 4, 4, 4, 10, 8, 20, 0, 0, 0, 0, 0, 0, 0, 0, 0, 0, 0, 0, 0, 0, 0, 0, 0, 0, 0, 0, 0, 0, 0, 0, 0, 0, 0, 0, 0, 0, 0, 0, 0, 0, 0, 0, 0, 0, 0, 0, 0, : 12, 28, 13, 6, 2, 2, 10, 9, 8, 7, 1, 3, 3, 11, 1, 2, 3, 19, 5, 4, 7, 14, 8, 1, 13, 1, 23, 5, 1, 1, 1, 9, 22, 4, 4, 4, 10, 8, 20, 
52: 9, 2, 23, 3, 32, 9, 1, 1, 1, 1, 13, 25, 13, 12, 5, 2, 3, 24, 3, 5, 3, 14, 2, 2, 1, 16, 12, 12, 11, 2, 7, 5, 13, 21, 1, 17, 1, 24, 1, 0, 0, 0, 0, 0, 0, 0, 0, 0, 0, 0, 0, 0, 0, 0, 0, 0, 0, 0, 0, 0, 0, 0, 0, 0, 0, 0, 0, 0, 0, 0, 0, 0, 0, 0, 0, 0, 0, 0, 0, 0, : 9, 2, 23, 3, 32, 9, 1, 1, 1, 1, 13, 25, 13, 12, 5, 2, 3, 24, 3, 5, 3, 14, 2, 2, 1, 16, 12, 12, 11, 2, 7, 5, 13, 21, 1, 17, 1, 24, 1, 
53: 1, 1, 7, 10, 7, 1, 12, 3, 2, 5, 13, 12, 12, 23, 11, 22, 1, 9, 2, 8, 19, 1, 3, 36, 0, 0, 0, 0, 0, 0, 0, 0, 0, 0, 0, 0, 0, 0, 0, 0, 0, 0, 0, 0, 0, 0, 0, 0, 0, 0, 0, 0, 0, 0, 0, 0, 0, 0, 0, 0, 0, 0, 0, 0, 0, 0, 0, 0, 0, 0, 0, 0, 0, 0, 0, 0, 0, 0, 0, 0, : 1, 1, 7, 10, 7, 1, 12, 3, 2, 5, 13, 12, 12, 23, 11, 22, 1, 9, 2, 8, 19, 1, 3, 36, 
54: 5, 4, 10, 4, 12, 1, 10, 2, 11, 1, 9, 4, 2, 28, 21, 7, 32, 4, 1, 12, 1, 8, 10, 1, 14, 3, 11, 4, 24, 5, 3, 1, 3, 9, 3, 1, 1, 0, 0, 0, 0, 0, 0, 0, 0, 0, 0, 0, 0, 0, 0, 0, 0, 0, 0, 0, 0, 0, 0, 0, 0, 0, 0, 0, 0, 0, 0, 0, 0, 0, 0, 0, 0, 0, 0, 0, 0, 0, 0, 0, : 5, 4, 10, 4, 12, 1, 10, 2, 11, 1, 9, 4, 2, 28, 21, 7, 32, 4, 1, 12, 1, 8, 10, 1, 14, 3, 11, 4, 24, 5, 3, 1, 3, 9, 3, 1, 1, 
55: 23, 25, 32, 21, 16, 3, 9, 1, 4, 5, 1, 10, 9, 3, 5, 1, 14, 7, 3, 14, 6, 5, 9, 8, 9, 11, 9, 22, 5, 3, 5, 8, 1, 0, 0, 0, 0, 0, 0, 0, 0, 0, 0, 0, 0, 0, 0, 0, 0, 0, 0, 0, 0, 0, 0, 0, 0, 0, 0, 0, 0, 0, 0, 0, 0, 0, 0, 0, 0, 0, 0, 0, 0, 0, 0, 0, 0, 0, 0, 0, : 23, 25, 32, 21, 16, 3, 9, 1, 4, 5, 1, 10, 9, 3, 5, 1, 14, 7, 3, 14, 6, 5, 9, 8, 9, 11, 9, 22, 5, 3, 5, 8, 1, 
56: 1, 5, 14, 9, 16, 4, 6, 1, 34, 8, 27, 5, 2, 1, 3, 1, 2, 2, 4, 8, 3, 4, 5, 10, 25, 5, 2, 5, 1, 23, 8, 11, 19, 0, 0, 0, 0, 0, 0, 0, 0, 0, 0, 0, 0, 0, 0, 0, 0, 0, 0, 0, 0, 0, 0, 0, 0, 0, 0, 0, 0, 0, 0, 0, 0, 0, 0, 0, 0, 0, 0, 0, 0, 0, 0, 0, 0, 0, 0, 0, : 1, 5, 14, 9, 16, 4, 6, 1, 34, 8, 27, 5, 2, 1, 3, 1, 2, 2, 4, 8, 3, 4, 5, 10, 25, 5, 2, 5, 1, 23, 8, 11, 19, 
57: 2, 21, 11, 8, 14, 1, 1, 14, 8, 37, 7, 13, 10, 13, 13, 1, 1, 2, 27, 3, 12, 2, 4, 1, 3, 0, 0, 0, 0, 0, 0, 0, 0, 0, 0, 0, 0, 0, 0, 0, 0, 0, 0, 0, 0, 0, 0, 0, 0, 0, 0, 0, 0, 0, 0, 0, 0, 0, 0, 0, 0, 0, 0, 0, 0, 0, 0, 0, 0, 0, 0, 0, 0, 0, 0, 0, 0, 0, 0, 0, : 2, 21, 11, 8, 14, 1, 1, 14, 8, 37, 7, 13, 10, 13, 13, 1, 1, 2, 27, 3, 12, 2, 4, 1, 3, 
58: 19, 2, 17, 1, 4, 2, 10, 5, 4, 8, 4, 10, 4, 1, 6, 2, 11, 27, 3, 2, 12, 3, 3, 4, 16, 5, 32, 5, 7, 1, 15, 17, 13, 20, 6, 1, 9, 3, 0, 0, 0, 0, 0, 0, 0, 0, 0, 0, 0, 0, 0, 0, 0, 0, 0, 0, 0, 0, 0, 0, 0, 0, 0, 0, 0, 0, 0, 0, 0, 0, 0, 0, 0, 0, 0, 0, 0, 0, 0, 0, : 19, 2, 17, 1, 4, 2, 10, 5, 4, 8, 4, 10, 4, 1, 6, 2, 11, 27, 3, 2, 12, 3, 3, 4, 16, 5, 32, 5, 7, 1, 15, 17, 13, 20, 6, 1, 9, 3, 
59: 16, 13, 8, 1, 2, 12, 7, 3, 1, 2, 2, 4, 16, 4, 30, 4, 9, 20, 12, 2, 4, 22, 2, 12, 10, 16, 9, 4, 5, 1, 12, 5, 9, 2, 1, 7, 0, 0, 0, 0, 0, 0, 0, 0, 0, 0, 0, 0, 0, 0, 0, 0, 0, 0, 0, 0, 0, 0, 0, 0, 0, 0, 0, 0, 0, 0, 0, 0, 0, 0, 0, 0, 0, 0, 0, 0, 0, 0, 0, 0, : 16, 13, 8, 1, 2, 12, 7, 3, 1, 2, 2, 4, 16, 4, 30, 4, 9, 20, 12, 2, 4, 22, 2, 12, 10, 16, 9, 4, 5, 1, 12, 5, 9, 2, 1, 7, 
60: 2, 13, 1, 4, 8, 11, 1, 13, 2, 1, 3, 4, 10, 6, 1, 2, 7, 8, 5, 6, 2, 4, 14, 5, 9, 17, 9, 2, 0, 0, 0, 0, 0, 0, 0, 0, 0, 0, 0, 0, 0, 0, 0, 0, 0, 0, 0, 0, 0, 0, 0, 0, 0, 0, 0, 0, 0, 0, 0, 0, 0, 0, 0, 0, 0, 0, 0, 0, 0, 0, 0, 0, 0, 0, 0, 0, 0, 0, 0, 0, : 2, 13, 1, 4, 8, 11, 1, 13, 2, 1, 3, 4, 10, 6, 1, 2, 7, 8, 5, 6, 2, 4, 14, 5, 9, 17, 9, 2, 
61: 23, 14, 10, 3, 7, 14, 1, 17, 4, 14, 1, 1, 4, 4, 24, 2, 1, 9, 2, 2, 32, 0, 0, 0, 0, 0, 0, 0, 0, 0, 0, 0, 0, 0, 0, 0, 0, 0, 0, 0, 0, 0, 0, 0, 0, 0, 0, 0, 0, 0, 0, 0, 0, 0, 0, 0, 0, 0, 0, 0, 0, 0, 0, 0, 0, 0, 0, 0, 0, 0, 0, 0, 0, 0, 0, 0, 0, 0, 0, 0, : 23, 14, 10, 3, 7, 14, 1, 17, 4, 14, 1, 1, 4, 4, 24, 2, 1, 9, 2, 2, 32, 
62: 9, 3, 3, 13, 5, 5, 6, 13, 4, 15, 2, 3, 5, 4, 2, 17, 1, 7, 16, 22, 4, 30, 18, 1, 2, 10, 1, 13, 13, 2, 5, 8, 11, 11, 1, 30, 18, 2, 2, 12, 14, 5, 3, 13, 11, 2, 6, 1, 1, 18, 13, 0, 0, 0, 0, 0, 0, 0, 0, 0, 0, 0, 0, 0, 0, 0, 0, 0, 0, 0, 0, 0, 0, 0, 0, 0, 0, 0, 0, 0, : 9, 3, 3, 13, 5, 5, 6, 13, 4, 15, 2, 3, 5, 4, 2, 17, 1, 7, 16, 22, 4, 30, 18, 1, 2, 10, 1, 13, 13, 2, 5, 8, 11, 11, 1, 30, 18, 2, 2, 12, 14, 5, 3, 13, 11, 2, 6, 1, 1, 18, 13, 
63: 1, 25, 15, 7, 8, 29, 9, 1, 2, 7, 15, 8, 3, 2, 5, 15, 2, 1, 16, 8, 9, 1, 1, 13, 9, 3, 6, 9, 13, 2, 3, 36, 11, 4, 1, 9, 8, 13, 25, 4, 19, 6, 0, 0, 0, 0, 0, 0, 0, 0, 0, 0, 0, 0, 0, 0, 0, 0, 0, 0, 0, 0, 0, 0, 0, 0, 0, 0, 0, 0, 0, 0, 0, 0, 0, 0, 0, 0, 0, 0, : 1, 25, 15, 7, 8, 29, 9, 1, 2, 7, 15, 8, 3, 2, 5, 15, 2, 1, 16, 8, 9, 1, 1, 13, 9, 3, 6, 9, 13, 2, 3, 36, 11, 4, 1, 9, 8, 13, 25, 4, 19, 6, 
64: 1, 1, 2, 7, 12, 16, 3, 11, 13, 2, 13, 5, 2, 2, 2, 1, 6, 3, 11, 3, 1, 4, 4, 2, 10, 1, 22, 7, 1, 17, 1, 0, 0, 0, 0, 0, 0, 0, 0, 0, 0, 0, 0, 0, 0, 0, 0, 0, 0, 0, 0, 0, 0, 0, 0, 0, 0, 0, 0, 0, 0, 0, 0, 0, 0, 0, 0, 0, 0, 0, 0, 0, 0, 0, 0, 0, 0, 0, 0, 0, : 1, 1, 2, 7, 12, 16, 3, 11, 13, 2, 13, 5, 2, 2, 2, 1, 6, 3, 11, 3, 1, 4, 4, 2, 10, 1, 22, 7, 1, 17, 1, 
65: 2, 10, 4, 9, 12, 20, 18, 6, 7, 6, 3, 22, 29, 3, 13, 19, 1, 23, 4, 4, 3, 1, 8, 25, 2, 7, 25, 7, 12, 1, 6, 17, 2, 11, 8, 8, 1, 4, 3, 3, 0, 0, 0, 0, 0, 0, 0, 0, 0, 0, 0, 0, 0, 0, 0, 0, 0, 0, 0, 0, 0, 0, 0, 0, 0, 0, 0, 0, 0, 0, 0, 0, 0, 0, 0, 0, 0, 0, 0, 0, : 2, 10, 4, 9, 12, 20, 18, 6, 7, 6, 3, 22, 29, 3, 13, 19, 1, 23, 4, 4, 3, 1, 8, 25, 2, 7, 25, 7, 12, 1, 6, 17, 2, 11, 8, 8, 1, 4, 3, 3, 
66: 2, 14, 11, 4, 1, 1, 2, 15, 32, 1, 14, 5, 6, 8, 12, 8, 21, 4, 4, 3, 3, 2, 2, 34, 1, 1, 18, 11, 16, 13, 6, 3, 5, 10, 2, 7, 17, 2, 1, 16, 1, 8, 4, 1, 3, 1, 0, 0, 0, 0, 0, 0, 0, 0, 0, 0, 0, 0, 0, 0, 0, 0, 0, 0, 0, 0, 0, 0, 0, 0, 0, 0, 0, 0, 0, 0, 0, 0, 0, 0, : 2, 14, 11, 4, 1, 1, 2, 15, 32, 1, 14, 5, 6, 8, 12, 8, 21, 4, 4, 3, 3, 2, 2, 34, 1, 1, 18, 11, 16, 13, 6, 3, 5, 10, 2, 7, 17, 2, 1, 16, 1, 8, 4, 1, 3, 1, 
67: 18, 11, 1, 23, 2, 7, 2, 1, 17, 16, 7, 3, 5, 1, 13, 14, 2, 27, 17, 2, 1, 2, 1, 4, 5, 15, 22, 3, 31, 12, 3, 2, 7, 2, 11, 1, 2, 1, 1, 2, 3, 0, 0, 0, 0, 0, 0, 0, 0, 0, 0, 0, 0, 0, 0, 0, 0, 0, 0, 0, 0, 0, 0, 0, 0, 0, 0, 0, 0, 0, 0, 0, 0, 0, 0, 0, 0, 0, 0, 0, : 18, 11, 1, 23, 2, 7, 2, 1, 17, 16, 7, 3, 5, 1, 13, 14, 2, 27, 17, 2, 1, 2, 1, 4, 5, 15, 22, 3, 31, 12, 3, 2, 7, 2, 11, 1, 2, 1, 1, 2, 3, 
68: 9, 5, 13, 18, 14, 1, 9, 20, 3, 11, 24, 1, 17, 7, 1, 3, 11, 4, 2, 4, 5, 1, 1, 5, 5, 5, 1, 24, 20, 0, 0, 0, 0, 0, 0, 0, 0, 0, 0, 0, 0, 0, 0, 0, 0, 0, 0, 0, 0, 0, 0, 0, 0, 0, 0, 0, 0, 0, 0, 0, 0, 0, 0, 0, 0, 0, 0, 0, 0, 0, 0, 0, 0, 0, 0, 0, 0, 0, 0, 0, : 9, 5, 13, 18, 14, 1, 9, 20, 3, 11, 24, 1, 17, 7, 1, 3, 11, 4, 2, 4, 5, 1, 1, 5, 5, 5, 1, 24, 20, 
69: 28, 2, 15, 5, 5, 6, 1, 4, 2, 38, 9, 5, 12, 1, 10, 21, 28, 3, 5, 1, 1, 2, 1, 10, 4, 9, 3, 7, 3, 32, 11, 14, 28, 2, 8, 4, 1, 2, 11, 7, 6, 4, 0, 0, 0, 0, 0, 0, 0, 0, 0, 0, 0, 0, 0, 0, 0, 0, 0, 0, 0, 0, 0, 0, 0, 0, 0, 0, 0, 0, 0, 0, 0, 0, 0, 0, 0, 0, 0, 0, : 28, 2, 15, 5, 5, 6, 1, 4, 2, 38, 9, 5, 12, 1, 10, 21, 28, 3, 5, 1, 1, 2, 1, 10, 4, 9, 3, 7, 3, 32, 11, 14, 28, 2, 8, 4, 1, 2, 11, 7, 6, 4, 
70: 2, 6, 2, 14, 1, 1, 5, 4, 4, 4, 2, 21, 1, 23, 2, 19, 2, 26, 1, 6, 3, 4, 2, 9, 21, 1, 0, 0, 0, 0, 0, 0, 0, 0, 0, 0, 0, 0, 0, 0, 0, 0, 0, 0, 0, 0, 0, 0, 0, 0, 0, 0, 0, 0, 0, 0, 0, 0, 0, 0, 0, 0, 0, 0, 0, 0, 0, 0, 0, 0, 0, 0, 0, 0, 0, 0, 0, 0, 0, 0, : 2, 6, 2, 14, 1, 1, 5, 4, 4, 4, 2, 21, 1, 23, 2, 19, 2, 26, 1, 6, 3, 4, 2, 9, 21, 1, 
71: 2, 11, 5, 9, 24, 4, 3, 2, 5, 1, 2, 16, 1, 5, 13, 15, 5, 7, 3, 7, 2, 20, 7, 7, 8, 1, 5, 1, 4, 1, 18, 4, 2, 16, 11, 9, 5, 6, 16, 11, 1, 1, 1, 16, 0, 0, 0, 0, 0, 0, 0, 0, 0, 0, 0, 0, 0, 0, 0, 0, 0, 0, 0, 0, 0, 0, 0, 0, 0, 0, 0, 0, 0, 0, 0, 0, 0, 0, 0, 0, : 2, 11, 5, 9, 24, 4, 3, 2, 5, 1, 2, 16, 1, 5, 13, 15, 5, 7, 3, 7, 2, 20, 7, 7, 8, 1, 5, 1, 4, 1, 18, 4, 2, 16, 11, 9, 5, 6, 16, 11, 1, 1, 1, 16, 
72: 20, 5, 2, 8, 5, 17, 19, 2, 1, 1, 9, 2, 1, 7, 4, 18, 20, 12, 1, 6, 29, 8, 1, 0, 0, 0, 0, 0, 0, 0, 0, 0, 0, 0, 0, 0, 0, 0, 0, 0, 0, 0, 0, 0, 0, 0, 0, 0, 0, 0, 0, 0, 0, 0, 0, 0, 0, 0, 0, 0, 0, 0, 0, 0, 0, 0, 0, 0, 0, 0, 0, 0, 0, 0, 0, 0, 0, 0, 0, 0, : 20, 5, 2, 8, 5, 17, 19, 2, 1, 1, 9, 2, 1, 7, 4, 18, 20, 12, 1, 6, 29, 8, 1, 
73: 8, 1, 2, 2, 5, 16, 4, 11, 3, 1, 2, 5, 2, 2, 4, 1, 7, 3, 29, 0, 0, 0, 0, 0, 0, 0, 0, 0, 0, 0, 0, 0, 0, 0, 0, 0, 0, 0, 0, 0, 0, 0, 0, 0, 0, 0, 0, 0, 0, 0, 0, 0, 0, 0, 0, 0, 0, 0, 0, 0, 0, 0, 0, 0, 0, 0, 0, 0, 0, 0, 0, 0, 0, 0, 0, 0, 0, 0, 0, 0, : 8, 1, 2, 2, 5, 16, 4, 11, 3, 1, 2, 5, 2, 2, 4, 1, 7, 3, 29, 
74: 3, 24, 4, 4, 12, 16, 4, 3, 3, 5, 6, 25, 1, 19, 13, 12, 20, 3, 6, 4, 15, 1, 3, 4, 21, 9, 5, 3, 2, 1, 12, 1, 7, 18, 3, 0, 0, 0, 0, 0, 0, 0, 0, 0, 0, 0, 0, 0, 0, 0, 0, 0, 0, 0, 0, 0, 0, 0, 0, 0, 0, 0, 0, 0, 0, 0, 0, 0, 0, 0, 0, 0, 0, 0, 0, 0, 0, 0, 0, 0, : 3, 24, 4, 4, 12, 16, 4, 3, 3, 5, 6, 25, 1, 19, 13, 12, 20, 3, 6, 4, 15, 1, 3, 4, 21, 9, 5, 3, 2, 1, 12, 1, 7, 18, 3, 
75: 4, 5, 3, 14, 3, 3, 4, 2, 8, 17, 28, 23, 8, 6, 3, 6, 3, 1, 10, 5, 16, 5, 13, 7, 14, 17, 10, 12, 14, 7, 8, 27, 5, 2, 3, 10, 6, 24, 15, 9, 4, 1, 1, 26, 25, 5, 12, 3, 1, 0, 0, 0, 0, 0, 0, 0, 0, 0, 0, 0, 0, 0, 0, 0, 0, 0, 0, 0, 0, 0, 0, 0, 0, 0, 0, 0, 0, 0, 0, 0, : 4, 5, 3, 14, 3, 3, 4, 2, 8, 17, 28, 23, 8, 6, 3, 6, 3, 1, 10, 5, 16, 5, 13, 7, 14, 17, 10, 12, 14, 7, 8, 27, 5, 2, 3, 10, 6, 24, 15, 9, 4, 1, 1, 26, 25, 5, 12, 3, 1, 
76: 7, 10, 2, 14, 2, 2, 6, 7, 9, 11, 17, 29, 11, 18, 15, 3, 4, 9, 15, 1, 1, 1, 15, 6, 11, 19, 16, 17, 8, 12, 15, 1, 1, 5, 1, 9, 1, 4, 3, 18, 7, 1, 1, 10, 3, 8, 15, 1, 6, 1, 7, 0, 0, 0, 0, 0, 0, 0, 0, 0, 0, 0, 0, 0, 0, 0, 0, 0, 0, 0, 0, 0, 0, 0, 0, 0, 0, 0, 0, 0, : 7, 10, 2, 14, 2, 2, 6, 7, 9, 11, 17, 29, 11, 18, 15, 3, 4, 9, 15, 1, 1, 1, 15, 6, 11, 19, 16, 17, 8, 12, 15, 1, 1, 5, 1, 9, 1, 4, 3, 18, 7, 1, 1, 10, 3, 8, 15, 1, 6, 1, 7, 
77: 3, 9, 6, 10, 24, 11, 3, 3, 3, 12, 12, 20, 1, 2, 6, 5, 2, 1, 1, 2, 5, 31, 8, 13, 5, 6, 18, 5, 5, 2, 1, 6, 4, 8, 6, 0, 0, 0, 0, 0, 0, 0, 0, 0, 0, 0, 0, 0, 0, 0, 0, 0, 0, 0, 0, 0, 0, 0, 0, 0, 0, 0, 0, 0, 0, 0, 0, 0, 0, 0, 0, 0, 0, 0, 0, 0, 0, 0, 0, 0, : 3, 9, 6, 10, 24, 11, 3, 3, 3, 12, 12, 20, 1, 2, 6, 5, 2, 1, 1, 2, 5, 31, 8, 13, 5, 6, 18, 5, 5, 2, 1, 6, 4, 8, 6, 
78: 6, 1, 33, 18, 2, 3, 9, 1, 12, 1, 16, 4, 12, 1, 9, 9, 4, 5, 6, 2, 12, 3, 1, 5, 3, 2, 7, 5, 13, 2, 23, 3, 17, 5, 25, 7, 6, 16, 13, 3, 5, 3, 2, 11, 11, 3, 12, 0, 0, 0, 0, 0, 0, 0, 0, 0, 0, 0, 0, 0, 0, 0, 0, 0, 0, 0, 0, 0, 0, 0, 0, 0, 0, 0, 0, 0, 0, 0, 0, 0, : 6, 1, 33, 18, 2, 3, 9, 1, 12, 1, 16, 4, 12, 1, 9, 9, 4, 5, 6, 2, 12, 3, 1, 5, 3, 2, 7, 5, 13, 2, 23, 3, 17, 5, 25, 7, 6, 16, 13, 3, 5, 3, 2, 11, 11, 3, 12, 
79: 1, 2, 11, 5, 15, 8, 16, 12, 15, 19, 12, 1, 3, 1, 2, 14, 7, 1, 4, 10, 4, 1, 5, 8, 20, 3, 2, 4, 2, 1, 4, 21, 1, 1, 3, 21, 1, 18, 13, 7, 11, 7, 2, 3, 2, 1, 1, 4, 8, 0, 0, 0, 0, 0, 0, 0, 0, 0, 0, 0, 0, 0, 0, 0, 0, 0, 0, 0, 0, 0, 0, 0, 0, 0, 0, 0, 0, 0, 0, 0, : 1, 2, 11, 5, 15, 8, 16, 12, 15, 19, 12, 1, 3, 1, 2, 14, 7, 1, 4, 10, 4, 1, 5, 8, 20, 3, 2, 4, 2, 1, 4, 21, 1, 1, 3, 21, 1, 18, 13, 7, 11, 7, 2, 3, 2, 1, 1, 4, 8, 
80: 4, 21, 11, 13, 9, 1, 4, 6, 1, 2, 3, 4, 3, 10, 2, 21, 1, 2, 4, 24, 3, 9, 1, 7, 12, 3, 7, 10, 11, 34, 36, 7, 17, 6, 4, 10, 4, 3, 8, 27, 15, 8, 27, 22, 3, 5, 1, 3, 13, 3, 5, 5, 10, 11, 18, 7, 6, 2, 2, 1, 13, 0, 0, 0, 0, 0, 0, 0, 0, 0, 0, 0, 0, 0, 0, 0, 0, 0, 0, 0, : 4, 21, 11, 13, 9, 1, 4, 6, 1, 2, 3, 4, 3, 10, 2, 21, 1, 2, 4, 24, 3, 9, 1, 7, 12, 3, 7, 10, 11, 34, 36, 7, 17, 6, 4, 10, 4, 3, 8, 27, 15, 8, 27, 22, 3, 5, 1, 3, 13, 3, 5, 5, 10, 11, 18, 7, 6, 2, 2, 1, 13, 
81: 22, 1, 5, 3, 16, 2, 15, 5, 1, 2, 8, 5, 11, 2, 32, 10, 7, 3, 20, 15, 5, 3, 1, 1, 29, 8, 2, 1, 9, 2, 7, 13, 6, 33, 6, 13, 5, 5, 3, 9, 3, 2, 3, 3, 2, 1, 6, 18, 0, 0, 0, 0, 0, 0, 0, 0, 0, 0, 0, 0, 0, 0, 0, 0, 0, 0, 0, 0, 0, 0, 0, 0, 0, 0, 0, 0, 0, 0, 0, 0, : 22, 1, 5, 3, 16, 2, 15, 5, 1, 2, 8, 5, 11, 2, 32, 10, 7, 3, 20, 15, 5, 3, 1, 1, 29, 8, 2, 1, 9, 2, 7, 13, 6, 33, 6, 13, 5, 5, 3, 9, 3, 2, 3, 3, 2, 1, 6, 18, 
82: 2, 18, 6, 19, 2, 19, 2, 14, 8, 9, 30, 1, 14, 6, 10, 2, 6, 23, 11, 3, 2, 4, 3, 21, 10, 17, 23, 7, 33, 21, 2, 0, 0, 0, 0, 0, 0, 0, 0, 0, 0, 0, 0, 0, 0, 0, 0, 0, 0, 0, 0, 0, 0, 0, 0, 0, 0, 0, 0, 0, 0, 0, 0, 0, 0, 0, 0, 0, 0, 0, 0, 0, 0, 0, 0, 0, 0, 0, 0, 0, : 2, 18, 6, 19, 2, 19, 2, 14, 8, 9, 30, 1, 14, 6, 10, 2, 6, 23, 11, 3, 2, 4, 3, 21, 10, 17, 23, 7, 33, 21, 2, 
83: 2, 3, 9, 4, 3, 1, 37, 2, 6, 18, 10, 2, 6, 6, 26, 28, 5, 16, 17, 8, 20, 4, 3, 6, 8, 2, 12, 2, 2, 3, 19, 3, 1, 2, 3, 15, 11, 2, 8, 13, 2, 7, 4, 2, 25, 15, 8, 13, 11, 0, 0, 0, 0, 0, 0, 0, 0, 0, 0, 0, 0, 0, 0, 0, 0, 0, 0, 0, 0, 0, 0, 0, 0, 0, 0, 0, 0, 0, 0, 0, : 2, 3, 9, 4, 3, 1, 37, 2, 6, 18, 10, 2, 6, 6, 26, 28, 5, 16, 17, 8, 20, 4, 3, 6, 8, 2, 12, 2, 2, 3, 19, 3, 1, 2, 3, 15, 11, 2, 8, 13, 2, 7, 4, 2, 25, 15, 8, 13, 11, 
84: 8, 5, 6, 1, 4, 4, 6, 21, 3, 5, 3, 25, 7, 2, 7, 2, 36, 6, 21, 2, 10, 15, 7, 6, 6, 3, 2, 3, 6, 16, 2, 1, 0, 0, 0, 0, 0, 0, 0, 0, 0, 0, 0, 0, 0, 0, 0, 0, 0, 0, 0, 0, 0, 0, 0, 0, 0, 0, 0, 0, 0, 0, 0, 0, 0, 0, 0, 0, 0, 0, 0, 0, 0, 0, 0, 0, 0, 0, 0, 0, : 8, 5, 6, 1, 4, 4, 6, 21, 3, 5, 3, 25, 7, 2, 7, 2, 36, 6, 21, 2, 10, 15, 7, 6, 6, 3, 2, 3, 6, 16, 2, 1, 
85: 5, 1, 8, 8, 14, 2, 3, 12, 3, 4, 5, 5, 24, 10, 10, 2, 22, 3, 1, 19, 9, 3, 1, 1, 7, 6, 8, 25, 1, 8, 1, 27, 2, 8, 7, 1, 6, 8, 3, 23, 8, 4, 7, 16, 0, 0, 0, 0, 0, 0, 0, 0, 0, 0, 0, 0, 0, 0, 0, 0, 0, 0, 0, 0, 0, 0, 0, 0, 0, 0, 0, 0, 0, 0, 0, 0, 0, 0, 0, 0, : 5, 1, 8, 8, 14, 2, 3, 12, 3, 4, 5, 5, 24, 10, 10, 2, 22, 3, 1, 19, 9, 3, 1, 1, 7, 6, 8, 25, 1, 8, 1, 27, 2, 8, 7, 1, 6, 8, 3, 23, 8, 4, 7, 16, 
86: 22, 9, 11, 6, 19, 3, 4, 8, 2, 7, 4, 17, 12, 11, 3, 3, 8, 1, 5, 5, 14, 2, 22, 1, 8, 8, 2, 4, 2, 12, 5, 25, 1, 14, 30, 1, 4, 11, 1, 4, 25, 3, 9, 0, 0, 0, 0, 0, 0, 0, 0, 0, 0, 0, 0, 0, 0, 0, 0, 0, 0, 0, 0, 0, 0, 0, 0, 0, 0, 0, 0, 0, 0, 0, 0, 0, 0, 0, 0, 0, : 22, 9, 11, 6, 19, 3, 4, 8, 2, 7, 4, 17, 12, 11, 3, 3, 8, 1, 5, 5, 14, 2, 22, 1, 8, 8, 2, 4, 2, 12, 5, 25, 1, 14, 30, 1, 4, 11, 1, 4, 25, 3, 9, 
87: 3, 28, 13, 6, 12, 1, 14, 3, 2, 26, 1, 16, 8, 23, 8, 3, 1, 20, 17, 1, 2, 1, 5, 4, 3, 2, 12, 1, 1, 4, 8, 2, 6, 4, 1, 5, 1, 0, 0, 0, 0, 0, 0, 0, 0, 0, 0, 0, 0, 0, 0, 0, 0, 0, 0, 0, 0, 0, 0, 0, 0, 0, 0, 0, 0, 0, 0, 0, 0, 0, 0, 0, 0, 0, 0, 0, 0, 0, 0, 0, : 3, 28, 13, 6, 12, 1, 14, 3, 2, 26, 1, 16, 8, 23, 8, 3, 1, 20, 17, 1, 2, 1, 5, 4, 3, 2, 12, 1, 1, 4, 8, 2, 6, 4, 1, 5, 1, 
88: 9, 2, 2, 9, 2, 23, 34, 12, 13, 1, 23, 3, 13, 5, 18, 32, 24, 5, 11, 4, 5, 7, 16, 1, 17, 5, 3, 5, 2, 20, 21, 8, 2, 5, 15, 5, 4, 2, 4, 4, 3, 6, 15, 0, 0, 0, 0, 0, 0, 0, 0, 0, 0, 0, 0, 0, 0, 0, 0, 0, 0, 0, 0, 0, 0, 0, 0, 0, 0, 0, 0, 0, 0, 0, 0, 0, 0, 0, 0, 0, : 9, 2, 2, 9, 2, 23, 34, 12, 13, 1, 23, 3, 13, 5, 18, 32, 24, 5, 11, 4, 5, 7, 16, 1, 17, 5, 3, 5, 2, 20, 21, 8, 2, 5, 15, 5, 4, 2, 4, 4, 3, 6, 15, 
89: 7, 11, 1, 1, 10, 1, 2, 7, 16, 1, 3, 12, 4, 1, 1, 25, 14, 3, 2, 3, 1, 10, 7, 2, 2, 2, 2, 5, 1, 4, 1, 6, 20, 14, 28, 2, 8, 8, 4, 1, 9, 11, 3, 18, 30, 1, 8, 25, 0, 0, 0, 0, 0, 0, 0, 0, 0, 0, 0, 0, 0, 0, 0, 0, 0, 0, 0, 0, 0, 0, 0, 0, 0, 0, 0, 0, 0, 0, 0, 0, : 7, 11, 1, 1, 10, 1, 2, 7, 16, 1, 3, 12, 4, 1, 1, 25, 14, 3, 2, 3, 1, 10, 7, 2, 2, 2, 2, 5, 1, 4, 1, 6, 20, 14, 28, 2, 8, 8, 4, 1, 9, 11, 3, 18, 30, 1, 8, 25, 
90: 19, 33, 24, 14, 3, 6, 15, 6, 4, 5, 5, 3, 10, 1, 2, 17, 23, 7, 2, 29, 3, 1, 10, 13, 20, 1, 2, 1, 2, 5, 24, 14, 10, 14, 1, 12, 22, 5, 8, 11, 5, 25, 8, 15, 4, 8, 3, 1, 7, 6, 0, 0, 0, 0, 0, 0, 0, 0, 0, 0, 0, 0, 0, 0, 0, 0, 0, 0, 0, 0, 0, 0, 0, 0, 0, 0, 0, 0, 0, 0, : 19, 33, 24, 14, 3, 6, 15, 6, 4, 5, 5, 3, 10, 1, 2, 17, 23, 7, 2, 29, 3, 1, 10, 13, 20, 1, 2, 1, 2, 5, 24, 14, 10, 14, 1, 12, 22, 5, 8, 11, 5, 25, 8, 15, 4, 8, 3, 1, 7, 6, 
91: 3, 14, 3, 1, 6, 9, 5, 4, 6, 9, 1, 5, 5, 12, 9, 7, 4, 12, 4, 4, 27, 14, 4, 2, 13, 15, 1, 3, 1, 36, 2, 3, 4, 6, 3, 18, 9, 3, 12, 1, 6, 7, 0, 0, 0, 0, 0, 0, 0, 0, 0, 0, 0, 0, 0, 0, 0, 0, 0, 0, 0, 0, 0, 0, 0, 0, 0, 0, 0, 0, 0, 0, 0, 0, 0, 0, 0, 0, 0, 0, : 3, 14, 3, 1, 6, 9, 5, 4, 6, 9, 1, 5, 5, 12, 9, 7, 4, 12, 4, 4, 27, 14, 4, 2, 13, 15, 1, 3, 1, 36, 2, 3, 4, 6, 3, 18, 9, 3, 12, 1, 6, 7, 
92: 2, 2, 19, 29, 4, 3, 19, 1, 9, 12, 10, 14, 2, 8, 8, 18, 1, 4, 2, 2, 1, 1, 1, 10, 28, 5, 3, 28, 2, 5, 9, 12, 35, 1, 0, 0, 0, 0, 0, 0, 0, 0, 0, 0, 0, 0, 0, 0, 0, 0, 0, 0, 0, 0, 0, 0, 0, 0, 0, 0, 0, 0, 0, 0, 0, 0, 0, 0, 0, 0, 0, 0, 0, 0, 0, 0, 0, 0, 0, 0, : 2, 2, 19, 29, 4, 3, 19, 1, 9, 12, 10, 14, 2, 8, 8, 18, 1, 4, 2, 2, 1, 1, 1, 10, 28, 5, 3, 28, 2, 5, 9, 12, 35, 1, 
93: 2, 13, 5, 30, 3, 19, 3, 1, 12, 4, 4, 6, 2, 14, 16, 2, 4, 5, 6, 2, 3, 5, 11, 1, 6, 2, 11, 7, 0, 0, 0, 0, 0, 0, 0, 0, 0, 0, 0, 0, 0, 0, 0, 0, 0, 0, 0, 0, 0, 0, 0, 0, 0, 0, 0, 0, 0, 0, 0, 0, 0, 0, 0, 0, 0, 0, 0, 0, 0, 0, 0, 0, 0, 0, 0, 0, 0, 0, 0, 0, : 2, 13, 5, 30, 3, 19, 3, 1, 12, 4, 4, 6, 2, 14, 16, 2, 4, 5, 6, 2, 3, 5, 11, 1, 6, 2, 11, 7, 
94: 12, 2, 16, 4, 11, 4, 10, 9, 2, 2, 5, 4, 2, 4, 28, 24, 23, 4, 14, 3, 3, 17, 2, 19, 7, 17, 6, 6, 3, 13, 2, 15, 1, 14, 9, 15, 8, 23, 16, 4, 9, 35, 3, 8, 12, 4, 2, 14, 4, 0, 0, 0, 0, 0, 0, 0, 0, 0, 0, 0, 0, 0, 0, 0, 0, 0, 0, 0, 0, 0, 0, 0, 0, 0, 0, 0, 0, 0, 0, 0, : 12, 2, 16, 4, 11, 4, 10, 9, 2, 2, 5, 4, 2, 4, 28, 24, 23, 4, 14, 3, 3, 17, 2, 19, 7, 17, 6, 6, 3, 13, 2, 15, 1, 14, 9, 15, 8, 23, 16, 4, 9, 35, 3, 8, 12, 4, 2, 14, 4, 
95: 8, 4, 3, 4, 25, 1, 23, 16, 3, 14, 6, 11, 6, 3, 4, 1, 8, 32, 11, 6, 19, 23, 25, 14, 9, 3, 1, 14, 10, 6, 15, 21, 2, 4, 1, 1, 15, 15, 4, 2, 4, 13, 0, 0, 0, 0, 0, 0, 0, 0, 0, 0, 0, 0, 0, 0, 0, 0, 0, 0, 0, 0, 0, 0, 0, 0, 0, 0, 0, 0, 0, 0, 0, 0, 0, 0, 0, 0, 0, 0, : 8, 4, 3, 4, 25, 1, 23, 16, 3, 14, 6, 11, 6, 3, 4, 1, 8, 32, 11, 6, 19, 23, 25, 14, 9, 3, 1, 14, 10, 6, 15, 21, 2, 4, 1, 1, 15, 15, 4, 2, 4, 13, 
96: 22, 15, 10, 2, 2, 3, 7, 1, 4, 24, 15, 6, 22, 4, 1, 1, 1, 18, 3, 2, 1, 14, 3, 7, 11, 0, 0, 0, 0, 0, 0, 0, 0, 0, 0, 0, 0, 0, 0, 0, 0, 0, 0, 0, 0, 0, 0, 0, 0, 0, 0, 0, 0, 0, 0, 0, 0, 0, 0, 0, 0, 0, 0, 0, 0, 0, 0, 0, 0, 0, 0, 0, 0, 0, 0, 0, 0, 0, 0, 0, : 22, 15, 10, 2, 2, 3, 7, 1, 4, 24, 15, 6, 22, 4, 1, 1, 1, 18, 3, 2, 1, 14, 3, 7, 11, 
97: 28, 5, 17, 4, 7, 17, 6, 5, 20, 13, 25, 28, 9, 1, 8, 2, 6, 3, 2, 18, 4, 1, 2, 16, 8, 7, 4, 8, 27, 13, 7, 7, 3, 3, 3, 22, 2, 7, 2, 1, 5, 6, 7, 11, 5, 8, 2, 3, 3, 2, 5, 3, 3, 8, 0, 0, 0, 0, 0, 0, 0, 0, 0, 0, 0, 0, 0, 0, 0, 0, 0, 0, 0, 0, 0, 0, 0, 0, 0, 0, : 28, 5, 17, 4, 7, 17, 6, 5, 20, 13, 25, 28, 9, 1, 8, 2, 6, 3, 2, 18, 4, 1, 2, 16, 8, 7, 4, 8, 27, 13, 7, 7, 3, 3, 3, 22, 2, 7, 2, 1, 5, 6, 7, 11, 5, 8, 2, 3, 3, 2, 5, 3, 3, 8, 
98: 4, 20, 9, 4, 1, 19, 3, 16, 28, 3, 9, 8, 5, 16, 12, 10, 6, 4, 5, 1, 1, 7, 26, 2, 9, 25, 2, 2, 2, 2, 11, 1, 2, 3, 2, 7, 2, 1, 16, 6, 25, 10, 5, 29, 36, 17, 1, 13, 10, 4, 3, 0, 0, 0, 0, 0, 0, 0, 0, 0, 0, 0, 0, 0, 0, 0, 0, 0, 0, 0, 0, 0, 0, 0, 0, 0, 0, 0, 0, 0, : 4, 20, 9, 4, 1, 19, 3, 16, 28, 3, 9, 8, 5, 16, 12, 10, 6, 4, 5, 1, 1, 7, 26, 2, 9, 25, 2, 2, 2, 2, 11, 1, 2, 3, 2, 7, 2, 1, 16, 6, 25, 10, 5, 29, 36, 17, 1, 13, 10, 4, 3, 
99: 5, 4, 3, 9, 5, 2, 4, 2, 5, 1, 17, 11, 5, 9, 3, 1, 4, 4, 7, 14, 1, 3, 18, 1, 9, 20, 2, 1, 0, 0, 0, 0, 0, 0, 0, 0, 0, 0, 0, 0, 0, 0, 0, 0, 0, 0, 0, 0, 0, 0, 0, 0, 0, 0, 0, 0, 0, 0, 0, 0, 0, 0, 0, 0, 0, 0, 0, 0, 0, 0, 0, 0, 0, 0, 0, 0, 0, 0, 0, 0, : 5, 4, 3, 9, 5, 2, 4, 2, 5, 1, 17, 11, 5, 9, 3, 1, 4, 4, 7, 14, 1, 3, 18, 1, 9, 20, 2, 1, 
100: 19, 3, 17, 13, 2, 1, 1, 13, 8, 20, 5, 9, 4, 14, 5, 4, 10, 2, 17, 14, 8, 2, 4, 28, 3, 9, 14, 2, 6, 1, 15, 20, 19, 2, 4, 22, 5, 10, 11, 6, 0, 0, 0, 0, 0, 0, 0, 0, 0, 0, 0, 0, 0, 0, 0, 0, 0, 0, 0, 0, 0, 0, 0, 0, 0, 0, 0, 0, 0, 0, 0, 0, 0, 0, 0, 0, 0, 0, 0, 0, : 19, 3, 17, 13, 2, 1, 1, 13, 8, 20, 5, 9, 4, 14, 5, 4, 10, 2, 17, 14, 8, 2, 4, 28, 3, 9, 14, 2, 6, 1, 15, 20, 19, 2, 4, 22, 5, 10, 11, 6, 


