120
40
1: 4, 6, 12, 10, 3, 16, 3, 11, 11, 2, 3, 2, 10, 1, 3, 2, 18, 2, 6, 1, 3, 7, 6, 16, 2, 21, 25, 2, 5, 21, 29, 6, 23, 1, 9, 13, 2, 1, 2, 1, 14, 3, 17, 6, 11, 2, 10, 2, 11, 17, 16, 19, 3, 7, 2, 3, 17, 9, 22, 16, 5, 3, 4, 22, 2, 7, 5, 3, 10, 3, 3, 2, 5, 0, 0, 0, 0, 0, 0, 0, 0, 0, 0, 0, 0, 0, 0, 0, 0, 0, 0, 0, 0, 0, 0, 0, 0, 0, 0, 0, 0, 0, 0, 0, 0, 0, 0, 0, 0, 0, 0, 0, 0, 0, 0, 0, 0, 0, 0, 0, : 4, 6, 12, 10, 3, 16, 3, 11, 11, 2, 3, 2, 10, 1, 3, 2, 18, 2, 6, 1, 3, 7, 6, 16, 2, 21, 25, 2, 5, 21, 29, 6, 23, 1, 9, 13, 2, 1, 2, 1, 14, 3, 17, 6, 11, 2, 10, 2, 11, 17, 16, 19, 3, 7, 2, 3, 17, 9, 22, 16, 5, 3, 4, 22, 2, 7, 5, 3, 10, 3, 3, 2, 5, 
2: 4, 9, 7, 5, 1, 2, 3, 9, 1, 11, 2, 6, 5, 1, 7, 24, 1, 4, 11, 1, 5, 2, 1, 2, 14, 1, 8, 1, 1, 1, 13, 1, 19, 16, 24, 4, 1, 6, 5, 4, 6, 9, 12, 1, 1, 8, 15, 2, 11, 2, 8, 6, 1, 4, 13, 14, 1, 11, 5, 9, 12, 15, 10, 6, 12, 5, 1, 11, 3, 7, 1, 20, 5, 1, 6, 11, 16, 9, 1, 4, 8, 14, 12, 25, 13, 7, 0, 0, 0, 0, 0, 0, 0, 0, 0, 0, 0, 0, 0, 0, 0, 0, 0, 0, 0, 0, 0, 0, 0, 0, 0, 0, 0, 0, 0, 0, 0, 0, 0, 0, : 4, 9, 7, 5, 1, 2, 3, 9, 1, 11, 2, 6, 5, 1, 7, 24, 1, 4, 11, 1, 5, 2, 1, 2, 14, 1, 8, 1, 1, 1, 13, 1, 19, 16, 24, 4, 1, 6, 5, 4, 6, 9, 12, 1, 1, 8, 15, 2, 11, 2, 8, 6, 1, 4, 13, 14, 1, 11, 5, 9, 12, 15, 10, 6, 12, 5, 1, 11, 3, 7, 1, 20, 5, 1, 6, 11, 16, 9, 1, 4, 8, 14, 12, 25, 13, 7, 
3: 31, 2, 2, 7, 7, 10, 1, 10, 17, 1, 11, 5, 2, 1, 4, 10, 8, 15, 17, 1, 4, 1, 6, 2, 10, 9, 1, 5, 29, 1, 8, 34, 6, 2, 3, 28, 4, 11, 6, 17, 1, 0, 0, 0, 0, 0, 0, 0, 0, 0, 0, 0, 0, 0, 0, 0, 0, 0, 0, 0, 0, 0, 0, 0, 0, 0, 0, 0, 0, 0, 0, 0, 0, 0, 0, 0, 0, 0, 0, 0, 0, 0, 0, 0, 0, 0, 0, 0, 0, 0, 0, 0, 0, 0, 0, 0, 0, 0, 0, 0, 0, 0, 0, 0, 0, 0, 0, 0, 0, 0, 0, 0, 0, 0, 0, 0, 0, 0, 0, 0, : 31, 2, 2, 7, 7, 10, 1, 10, 17, 1, 11, 5, 2, 1, 4, 10, 8, 15, 17, 1, 4, 1, 6, 2, 10, 9, 1, 5, 29, 1, 8, 34, 6, 2, 3, 28, 4, 11, 6, 17, 1, 
4: 4, 1, 4, 17, 3, 11, 4, 4, 4, 1, 23, 2, 19, 12, 25, 22, 10, 3, 21, 16, 6, 4, 8, 3, 28, 11, 2, 9, 4, 3, 24, 8, 6, 15, 1, 4, 14, 4, 1, 7, 6, 18, 10, 7, 3, 8, 18, 26, 5, 4, 1, 28, 6, 14, 7, 5, 1, 21, 4, 2, 8, 4, 0, 0, 0, 0, 0, 0, 0, 0, 0, 0, 0, 0, 0, 0, 0, 0, 0, 0, 0, 0, 0, 0, 0, 0, 0, 0, 0, 0, 0, 0, 0, 0, 0, 0, 0, 0, 0, 0, 0, 0, 0, 0, 0, 0, 0, 0, 0, 0, 0, 0, 0, 0, 0, 0, 0, 0, 0, 0, : 4, 1, 4, 17, 3, 11, 4, 4, 4, 1, 23, 2, 19, 12, 25, 22, 10, 3, 21, 16, 6, 4, 8, 3, 28, 11, 2, 9, 4, 3, 24, 8, 6, 15, 1, 4, 14, 4, 1, 7, 6, 18, 10, 7, 3, 8, 18, 26, 5, 4, 1, 28, 6, 14, 7, 5, 1, 21, 4, 2, 8, 4, 
5: 1, 7, 5, 27, 1, 7, 1, 5, 25, 1, 11, 4, 6, 24, 9, 8, 11, 35, 1, 14, 6, 7, 6, 4, 1, 4, 29, 3, 6, 2, 12, 35, 8, 8, 4, 6, 4, 3, 2, 14, 3, 13, 10, 1, 21, 4, 1, 6, 1, 1, 2, 5, 11, 5, 8, 3, 29, 1, 5, 3, 1, 0, 0, 0, 0, 0, 0, 0, 0, 0, 0, 0, 0, 0, 0, 0, 0, 0, 0, 0, 0, 0, 0, 0, 0, 0, 0, 0, 0, 0, 0, 0, 0, 0, 0, 0, 0, 0, 0, 0, 0, 0, 0, 0, 0, 0, 0, 0, 0, 0, 0, 0, 0, 0, 0, 0, 0, 0, 0, 0, : 1, 7, 5, 27, 1, 7, 1, 5, 25, 1, 11, 4, 6, 24, 9, 8, 11, 35, 1, 14, 6, 7, 6, 4, 1, 4, 29, 3, 6, 2, 12, 35, 8, 8, 4, 6, 4, 3, 2, 14, 3, 13, 10, 1, 21, 4, 1, 6, 1, 1, 2, 5, 11, 5, 8, 3, 29, 1, 5, 3, 1, 
6: 3, 34, 2, 36, 1, 9, 18, 3, 8, 4, 7, 1, 17, 10, 4, 3, 18, 2, 4, 10, 3, 13, 24, 4, 14, 14, 4, 21, 1, 1, 3, 8, 5, 2, 10, 29, 19, 8, 19, 19, 1, 15, 5, 13, 13, 1, 3, 2, 17, 15, 31, 10, 20, 1, 9, 11, 4, 16, 5, 2, 2, 1, 2, 13, 7, 1, 15, 9, 7, 1, 5, 14, 8, 1, 14, 11, 7, 0, 0, 0, 0, 0, 0, 0, 0, 0, 0, 0, 0, 0, 0, 0, 0, 0, 0, 0, 0, 0, 0, 0, 0, 0, 0, 0, 0, 0, 0, 0, 0, 0, 0, 0, 0, 0, 0, 0, 0, 0, 0, 0, : 3, 34, 2, 36, 1, 9, 18, 3, 8, 4, 7, 1, 17, 10, 4, 3, 18, 2, 4, 10, 3, 13, 24, 4, 14, 14, 4, 21, 1, 1, 3, 8, 5, 2, 10, 29, 19, 8, 19, 19, 1, 15, 5, 13, 13, 1, 3, 2, 17, 15, 31, 10, 20, 1, 9, 11, 4, 16, 5, 2, 2, 1, 2, 13, 7, 1, 15, 9, 7, 1, 5, 14, 8, 1, 14, 11, 7, 
7: 22, 7, 2, 8, 22, 4, 12, 11, 14, 5, 21, 2, 3, 3, 4, 3, 21, 1, 3, 2, 4, 16, 4, 1, 7, 5, 13, 6, 13, 2, 14, 4, 11, 2, 1, 21, 3, 1, 1, 7, 17, 1, 4, 31, 18, 6, 6, 2, 35, 3, 5, 4, 5, 1, 1, 17, 1, 1, 13, 3, 4, 10, 7, 8, 18, 6, 2, 1, 25, 16, 13, 18, 5, 2, 14, 2, 0, 0, 0, 0, 0, 0, 0, 0, 0, 0, 0, 0, 0, 0, 0, 0, 0, 0, 0, 0, 0, 0, 0, 0, 0, 0, 0, 0, 0, 0, 0, 0, 0, 0, 0, 0, 0, 0, 0, 0, 0, 0, 0, 0, : 22, 7, 2, 8, 22, 4, 12, 11, 14, 5, 21, 2, 3, 3, 4, 3, 21, 1, 3, 2, 4, 16, 4, 1, 7, 5, 13, 6, 13, 2, 14, 4, 11, 2, 1, 21, 3, 1, 1, 7, 17, 1, 4, 31, 18, 6, 6, 2, 35, 3, 5, 4, 5, 1, 1, 17, 1, 1, 13, 3, 4, 10, 7, 8, 18, 6, 2, 1, 25, 16, 13, 18, 5, 2, 14, 2, 
8: 2, 7, 1, 3, 11, 2, 5, 32, 2, 24, 8, 14, 6, 15, 13, 4, 2, 3, 2, 3, 26, 3, 5, 8, 8, 4, 3, 2, 15, 1, 6, 22, 10, 9, 6, 2, 2, 28, 2, 20, 3, 26, 2, 14, 5, 2, 6, 3, 9, 1, 13, 13, 5, 10, 21, 4, 6, 2, 19, 5, 5, 13, 4, 7, 12, 17, 24, 7, 8, 29, 0, 0, 0, 0, 0, 0, 0, 0, 0, 0, 0, 0, 0, 0, 0, 0, 0, 0, 0, 0, 0, 0, 0, 0, 0, 0, 0, 0, 0, 0, 0, 0, 0, 0, 0, 0, 0, 0, 0, 0, 0, 0, 0, 0, 0, 0, 0, 0, 0, 0, : 2, 7, 1, 3, 11, 2, 5, 32, 2, 24, 8, 14, 6, 15, 13, 4, 2, 3, 2, 3, 26, 3, 5, 8, 8, 4, 3, 2, 15, 1, 6, 22, 10, 9, 6, 2, 2, 28, 2, 20, 3, 26, 2, 14, 5, 2, 6, 3, 9, 1, 13, 13, 5, 10, 21, 4, 6, 2, 19, 5, 5, 13, 4, 7, 12, 17, 24, 7, 8, 29, 
9: 15, 14, 10, 6, 2, 5, 21, 12, 4, 5, 9, 5, 16, 30, 6, 22, 35, 11, 5, 5, 2, 19, 13, 16, 11, 9, 4, 8, 2, 1, 3, 8, 2, 9, 11, 7, 3, 20, 13, 9, 6, 16, 24, 11, 15, 1, 19, 21, 26, 17, 14, 6, 11, 16, 9, 4, 2, 1, 18, 9, 6, 5, 0, 0, 0, 0, 0, 0, 0, 0, 0, 0, 0, 0, 0, 0, 0, 0, 0, 0, 0, 0, 0, 0, 0, 0, 0, 0, 0, 0, 0, 0, 0, 0, 0, 0, 0, 0, 0, 0, 0, 0, 0, 0, 0, 0, 0, 0, 0, 0, 0, 0, 0, 0, 0, 0, 0, 0, 0, 0, : 15, 14, 10, 6, 2, 5, 21, 12, 4, 5, 9, 5, 16, 30, 6, 22, 35, 11, 5, 5, 2, 19, 13, 16, 11, 9, 4, 8, 2, 1, 3, 8, 2, 9, 11, 7, 3, 20, 13, 9, 6, 16, 24, 11, 15, 1, 19, 21, 26, 17, 14, 6, 11, 16, 9, 4, 2, 1, 18, 9, 6, 5, 
10: 2, 21, 4, 19, 3, 2, 1, 1, 25, 26, 1, 31, 9, 26, 26, 1, 1, 8, 2, 1, 4, 5, 1, 10, 23, 6, 11, 3, 2, 8, 12, 2, 3, 5, 2, 11, 6, 8, 4, 2, 2, 8, 4, 10, 6, 7, 2, 7, 1, 2, 1, 6, 1, 0, 0, 0, 0, 0, 0, 0, 0, 0, 0, 0, 0, 0, 0, 0, 0, 0, 0, 0, 0, 0, 0, 0, 0, 0, 0, 0, 0, 0, 0, 0, 0, 0, 0, 0, 0, 0, 0, 0, 0, 0, 0, 0, 0, 0, 0, 0, 0, 0, 0, 0, 0, 0, 0, 0, 0, 0, 0, 0, 0, 0, 0, 0, 0, 0, 0, 0, : 2, 21, 4, 19, 3, 2, 1, 1, 25, 26, 1, 31, 9, 26, 26, 1, 1, 8, 2, 1, 4, 5, 1, 10, 23, 6, 11, 3, 2, 8, 12, 2, 3, 5, 2, 11, 6, 8, 4, 2, 2, 8, 4, 10, 6, 7, 2, 7, 1, 2, 1, 6, 1, 
11: 5, 5, 2, 5, 7, 1, 17, 23, 3, 22, 1, 2, 8, 9, 1, 4, 9, 4, 7, 18, 5, 24, 18, 6, 14, 11, 31, 33, 2, 0, 0, 0, 0, 0, 0, 0, 0, 0, 0, 0, 0, 0, 0, 0, 0, 0, 0, 0, 0, 0, 0, 0, 0, 0, 0, 0, 0, 0, 0, 0, 0, 0, 0, 0, 0, 0, 0, 0, 0, 0, 0, 0, 0, 0, 0, 0, 0, 0, 0, 0, 0, 0, 0, 0, 0, 0, 0, 0, 0, 0, 0, 0, 0, 0, 0, 0, 0, 0, 0, 0, 0, 0, 0, 0, 0, 0, 0, 0, 0, 0, 0, 0, 0, 0, 0, 0, 0, 0, 0, 0, : 5, 5, 2, 5, 7, 1, 17, 23, 3, 22, 1, 2, 8, 9, 1, 4, 9, 4, 7, 18, 5, 24, 18, 6, 14, 11, 31, 33, 2, 
12: 18, 1, 5, 5, 2, 26, 1, 1, 6, 1, 19, 21, 9, 13, 2, 12, 24, 26, 11, 8, 16, 5, 1, 9, 11, 2, 12, 8, 1, 5, 4, 1, 1, 1, 4, 1, 5, 2, 1, 7, 17, 17, 12, 5, 5, 0, 0, 0, 0, 0, 0, 0, 0, 0, 0, 0, 0, 0, 0, 0, 0, 0, 0, 0, 0, 0, 0, 0, 0, 0, 0, 0, 0, 0, 0, 0, 0, 0, 0, 0, 0, 0, 0, 0, 0, 0, 0, 0, 0, 0, 0, 0, 0, 0, 0, 0, 0, 0, 0, 0, 0, 0, 0, 0, 0, 0, 0, 0, 0, 0, 0, 0, 0, 0, 0, 0, 0, 0, 0, 0, : 18, 1, 5, 5, 2, 26, 1, 1, 6, 1, 19, 21, 9, 13, 2, 12, 24, 26, 11, 8, 16, 5, 1, 9, 11, 2, 12, 8, 1, 5, 4, 1, 1, 1, 4, 1, 5, 2, 1, 7, 17, 17, 12, 5, 5, 
13: 10, 2, 1, 23, 6, 9, 1, 16, 8, 1, 4, 2, 4, 3, 24, 24, 11, 1, 2, 2, 4, 4, 3, 3, 20, 1, 2, 7, 4, 2, 4, 24, 10, 2, 10, 4, 13, 14, 10, 11, 11, 1, 12, 3, 1, 4, 2, 9, 2, 2, 10, 3, 4, 17, 26, 3, 3, 2, 3, 1, 12, 11, 2, 14, 13, 9, 31, 2, 13, 17, 1, 5, 26, 3, 16, 3, 12, 9, 20, 14, 4, 0, 0, 0, 0, 0, 0, 0, 0, 0, 0, 0, 0, 0, 0, 0, 0, 0, 0, 0, 0, 0, 0, 0, 0, 0, 0, 0, 0, 0, 0, 0, 0, 0, 0, 0, 0, 0, 0, 0, : 10, 2, 1, 23, 6, 9, 1, 16, 8, 1, 4, 2, 4, 3, 24, 24, 11, 1, 2, 2, 4, 4, 3, 3, 20, 1, 2, 7, 4, 2, 4, 24, 10, 2, 10, 4, 13, 14, 10, 11, 11, 1, 12, 3, 1, 4, 2, 9, 2, 2, 10, 3, 4, 17, 26, 3, 3, 2, 3, 1, 12, 11, 2, 14, 13, 9, 31, 2, 13, 17, 1, 5, 26, 3, 16, 3, 12, 9, 20, 14, 4, 
14: 1, 32, 7, 1, 11, 13, 15, 1, 1, 3, 17, 8, 20, 6, 2, 7, 1, 11, 5, 7, 1, 1, 9, 10, 8, 21, 13, 5, 23, 5, 3, 30, 5, 2, 1, 25, 14, 2, 12, 4, 25, 4, 6, 3, 3, 4, 2, 15, 10, 10, 8, 1, 5, 22, 3, 7, 4, 2, 8, 6, 6, 7, 9, 2, 4, 6, 5, 2, 16, 7, 6, 1, 24, 17, 0, 0, 0, 0, 0, 0, 0, 0, 0, 0, 0, 0, 0, 0, 0, 0, 0, 0, 0, 0, 0, 0, 0, 0, 0, 0, 0, 0, 0, 0, 0, 0, 0, 0, 0, 0, 0, 0, 0, 0, 0, 0, 0, 0, 0, 0, : 1, 32, 7, 1, 11, 13, 15, 1, 1, 3, 17, 8, 20, 6, 2, 7, 1, 11, 5, 7, 1, 1, 9, 10, 8, 21, 13, 5, 23, 5, 3, 30, 5, 2, 1, 25, 14, 2, 12, 4, 25, 4, 6, 3, 3, 4, 2, 15, 10, 10, 8, 1, 5, 22, 3, 7, 4, 2, 8, 6, 6, 7, 9, 2, 4, 6, 5, 2, 16, 7, 6, 1, 24, 17, 
15: 2, 13, 9, 3, 1, 4, 3, 7, 6, 19, 12, 6, 5, 2, 2, 14, 5, 2, 4, 1, 1, 3, 4, 20, 30, 8, 1, 2, 7, 11, 1, 1, 1, 8, 13, 1, 13, 16, 16, 11, 1, 9, 18, 9, 26, 21, 4, 2, 6, 2, 5, 17, 3, 32, 2, 14, 3, 23, 1, 1, 2, 1, 9, 1, 4, 6, 0, 0, 0, 0, 0, 0, 0, 0, 0, 0, 0, 0, 0, 0, 0, 0, 0, 0, 0, 0, 0, 0, 0, 0, 0, 0, 0, 0, 0, 0, 0, 0, 0, 0, 0, 0, 0, 0, 0, 0, 0, 0, 0, 0, 0, 0, 0, 0, 0, 0, 0, 0, 0, 0, : 2, 13, 9, 3, 1, 4, 3, 7, 6, 19, 12, 6, 5, 2, 2, 14, 5, 2, 4, 1, 1, 3, 4, 20, 30, 8, 1, 2, 7, 11, 1, 1, 1, 8, 13, 1, 13, 16, 16, 11, 1, 9, 18, 9, 26, 21, 4, 2, 6, 2, 5, 17, 3, 32, 2, 14, 3, 23, 1, 1, 2, 1, 9, 1, 4, 6, 
16: 4, 14, 18, 5, 4, 8, 14, 1, 1, 11, 15, 2, 6, 2, 4, 4, 28, 2, 9, 10, 3, 33, 4, 4, 2, 14, 13, 11, 2, 7, 4, 16, 5, 7, 17, 11, 3, 5, 5, 20, 2, 8, 2, 36, 3, 27, 8, 5, 9, 1, 8, 4, 22, 15, 6, 2, 1, 4, 9, 14, 5, 8, 0, 0, 0, 0, 0, 0, 0, 0, 0, 0, 0, 0, 0, 0, 0, 0, 0, 0, 0, 0, 0, 0, 0, 0, 0, 0, 0, 0, 0, 0, 0, 0, 0, 0, 0, 0, 0, 0, 0, 0, 0, 0, 0, 0, 0, 0, 0, 0, 0, 0, 0, 0, 0, 0, 0, 0, 0, 0, : 4, 14, 18, 5, 4, 8, 14, 1, 1, 11, 15, 2, 6, 2, 4, 4, 28, 2, 9, 10, 3, 33, 4, 4, 2, 14, 13, 11, 2, 7, 4, 16, 5, 7, 17, 11, 3, 5, 5, 20, 2, 8, 2, 36, 3, 27, 8, 5, 9, 1, 8, 4, 22, 15, 6, 2, 1, 4, 9, 14, 5, 8, 
17: 6, 3, 1, 8, 3, 9, 18, 10, 2, 16, 4, 17, 12, 10, 2, 12, 2, 1, 13, 1, 6, 6, 7, 29, 17, 1, 3, 10, 11, 15, 6, 27, 34, 3, 1, 9, 10, 10, 23, 17, 4, 12, 6, 4, 2, 4, 3, 1, 4, 1, 1, 4, 10, 9, 12, 6, 7, 2, 9, 0, 0, 0, 0, 0, 0, 0, 0, 0, 0, 0, 0, 0, 0, 0, 0, 0, 0, 0, 0, 0, 0, 0, 0, 0, 0, 0, 0, 0, 0, 0, 0, 0, 0, 0, 0, 0, 0, 0, 0, 0, 0, 0, 0, 0, 0, 0, 0, 0, 0, 0, 0, 0, 0, 0, 0, 0, 0, 0, 0, 0, : 6, 3, 1, 8, 3, 9, 18, 10, 2, 16, 4, 17, 12, 10, 2, 12, 2, 1, 13, 1, 6, 6, 7, 29, 17, 1, 3, 10, 11, 15, 6, 27, 34, 3, 1, 9, 10, 10, 23, 17, 4, 12, 6, 4, 2, 4, 3, 1, 4, 1, 1, 4, 10, 9, 12, 6, 7, 2, 9, 
18: 11, 4, 1, 12, 4, 9, 31, 5, 5, 8, 14, 2, 4, 9, 9, 7, 25, 11, 2, 11, 5, 4, 5, 1, 4, 9, 3, 2, 15, 2, 3, 1, 2, 23, 10, 8, 2, 15, 15, 1, 11, 8, 15, 1, 10, 7, 2, 7, 4, 1, 2, 15, 4, 0, 0, 0, 0, 0, 0, 0, 0, 0, 0, 0, 0, 0, 0, 0, 0, 0, 0, 0, 0, 0, 0, 0, 0, 0, 0, 0, 0, 0, 0, 0, 0, 0, 0, 0, 0, 0, 0, 0, 0, 0, 0, 0, 0, 0, 0, 0, 0, 0, 0, 0, 0, 0, 0, 0, 0, 0, 0, 0, 0, 0, 0, 0, 0, 0, 0, 0, : 11, 4, 1, 12, 4, 9, 31, 5, 5, 8, 14, 2, 4, 9, 9, 7, 25, 11, 2, 11, 5, 4, 5, 1, 4, 9, 3, 2, 15, 2, 3, 1, 2, 23, 10, 8, 2, 15, 15, 1, 11, 8, 15, 1, 10, 7, 2, 7, 4, 1, 2, 15, 4, 
19: 10, 4, 14, 2, 6, 1, 24, 3, 4, 15, 12, 11, 3, 7, 4, 9, 4, 9, 3, 3, 2, 21, 6, 17, 7, 5, 8, 2, 1, 1, 17, 15, 1, 6, 2, 6, 2, 15, 1, 22, 11, 26, 9, 1, 20, 1, 29, 5, 1, 16, 10, 4, 12, 9, 25, 8, 2, 17, 1, 3, 7, 2, 5, 6, 0, 0, 0, 0, 0, 0, 0, 0, 0, 0, 0, 0, 0, 0, 0, 0, 0, 0, 0, 0, 0, 0, 0, 0, 0, 0, 0, 0, 0, 0, 0, 0, 0, 0, 0, 0, 0, 0, 0, 0, 0, 0, 0, 0, 0, 0, 0, 0, 0, 0, 0, 0, 0, 0, 0, 0, : 10, 4, 14, 2, 6, 1, 24, 3, 4, 15, 12, 11, 3, 7, 4, 9, 4, 9, 3, 3, 2, 21, 6, 17, 7, 5, 8, 2, 1, 1, 17, 15, 1, 6, 2, 6, 2, 15, 1, 22, 11, 26, 9, 1, 20, 1, 29, 5, 1, 16, 10, 4, 12, 9, 25, 8, 2, 17, 1, 3, 7, 2, 5, 6, 
20: 11, 4, 3, 33, 34, 8, 3, 8, 17, 4, 12, 6, 7, 17, 33, 7, 35, 2, 5, 6, 3, 25, 1, 21, 13, 7, 10, 2, 2, 2, 5, 8, 10, 9, 4, 17, 7, 2, 11, 27, 33, 4, 14, 2, 8, 5, 11, 9, 11, 7, 5, 8, 1, 5, 26, 0, 0, 0, 0, 0, 0, 0, 0, 0, 0, 0, 0, 0, 0, 0, 0, 0, 0, 0, 0, 0, 0, 0, 0, 0, 0, 0, 0, 0, 0, 0, 0, 0, 0, 0, 0, 0, 0, 0, 0, 0, 0, 0, 0, 0, 0, 0, 0, 0, 0, 0, 0, 0, 0, 0, 0, 0, 0, 0, 0, 0, 0, 0, 0, 0, : 11, 4, 3, 33, 34, 8, 3, 8, 17, 4, 12, 6, 7, 17, 33, 7, 35, 2, 5, 6, 3, 25, 1, 21, 13, 7, 10, 2, 2, 2, 5, 8, 10, 9, 4, 17, 7, 2, 11, 27, 33, 4, 14, 2, 8, 5, 11, 9, 11, 7, 5, 8, 1, 5, 26, 
21: 19, 10, 8, 5, 3, 2, 3, 19, 1, 1, 1, 7, 3, 3, 5, 34, 18, 6, 13, 1, 19, 4, 6, 13, 8, 6, 14, 9, 2, 1, 13, 5, 1, 1, 4, 7, 9, 29, 16, 6, 3, 6, 28, 23, 6, 9, 6, 6, 13, 5, 23, 8, 7, 5, 21, 7, 27, 3, 1, 4, 5, 1, 18, 1, 3, 5, 17, 5, 7, 11, 2, 11, 0, 0, 0, 0, 0, 0, 0, 0, 0, 0, 0, 0, 0, 0, 0, 0, 0, 0, 0, 0, 0, 0, 0, 0, 0, 0, 0, 0, 0, 0, 0, 0, 0, 0, 0, 0, 0, 0, 0, 0, 0, 0, 0, 0, 0, 0, 0, 0, : 19, 10, 8, 5, 3, 2, 3, 19, 1, 1, 1, 7, 3, 3, 5, 34, 18, 6, 13, 1, 19, 4, 6, 13, 8, 6, 14, 9, 2, 1, 13, 5, 1, 1, 4, 7, 9, 29, 16, 6, 3, 6, 28, 23, 6, 9, 6, 6, 13, 5, 23, 8, 7, 5, 21, 7, 27, 3, 1, 4, 5, 1, 18, 1, 3, 5, 17, 5, 7, 11, 2, 11, 
22: 7, 1, 1, 1, 1, 2, 7, 10, 3, 3, 2, 7, 11, 8, 24, 4, 7, 2, 6, 11, 7, 12, 13, 2, 21, 4, 22, 12, 4, 11, 2, 1, 1, 4, 18, 16, 1, 2, 14, 6, 12, 1, 6, 2, 33, 18, 12, 1, 1, 3, 15, 7, 3, 1, 4, 15, 27, 1, 3, 3, 3, 11, 7, 4, 1, 4, 7, 3, 8, 4, 3, 3, 1, 19, 3, 0, 0, 0, 0, 0, 0, 0, 0, 0, 0, 0, 0, 0, 0, 0, 0, 0, 0, 0, 0, 0, 0, 0, 0, 0, 0, 0, 0, 0, 0, 0, 0, 0, 0, 0, 0, 0, 0, 0, 0, 0, 0, 0, 0, 0, : 7, 1, 1, 1, 1, 2, 7, 10, 3, 3, 2, 7, 11, 8, 24, 4, 7, 2, 6, 11, 7, 12, 13, 2, 21, 4, 22, 12, 4, 11, 2, 1, 1, 4, 18, 16, 1, 2, 14, 6, 12, 1, 6, 2, 33, 18, 12, 1, 1, 3, 15, 7, 3, 1, 4, 15, 27, 1, 3, 3, 3, 11, 7, 4, 1, 4, 7, 3, 8, 4, 3, 3, 1, 19, 3, 
23: 12, 22, 4, 15, 2, 2, 22, 4, 11, 15, 6, 18, 5, 1, 5, 4, 1, 1, 6, 1, 13, 1, 10, 37, 2, 35, 3, 1, 6, 24, 2, 1, 23, 4, 11, 2, 4, 2, 7, 7, 7, 22, 1, 8, 1, 14, 20, 1, 7, 27, 14, 3, 2, 11, 3, 2, 4, 2, 28, 10, 2, 22, 3, 7, 2, 3, 1, 1, 1, 2, 0, 0, 0, 0, 0, 0, 0, 0, 0, 0, 0, 0, 0, 0, 0, 0, 0, 0, 0, 0, 0, 0, 0, 0, 0, 0, 0, 0, 0, 0, 0, 0, 0, 0, 0, 0, 0, 0, 0, 0, 0, 0, 0, 0, 0, 0, 0, 0, 0, 0, : 12, 22, 4, 15, 2, 2, 22, 4, 11, 15, 6, 18, 5, 1, 5, 4, 1, 1, 6, 1, 13, 1, 10, 37, 2, 35, 3, 1, 6, 24, 2, 1, 23, 4, 11, 2, 4, 2, 7, 7, 7, 22, 1, 8, 1, 14, 20, 1, 7, 27, 14, 3, 2, 11, 3, 2, 4, 2, 28, 10, 2, 22, 3, 7, 2, 3, 1, 1, 1, 2, 
24: 5, 4, 6, 8, 2, 19, 17, 3, 4, 9, 8, 2, 7, 6, 7, 3, 5, 17, 2, 1, 15, 5, 3, 3, 2, 5, 11, 2, 4, 2, 2, 7, 2, 4, 13, 2, 1, 9, 1, 4, 2, 1, 22, 15, 2, 10, 15, 15, 8, 11, 3, 0, 0, 0, 0, 0, 0, 0, 0, 0, 0, 0, 0, 0, 0, 0, 0, 0, 0, 0, 0, 0, 0, 0, 0, 0, 0, 0, 0, 0, 0, 0, 0, 0, 0, 0, 0, 0, 0, 0, 0, 0, 0, 0, 0, 0, 0, 0, 0, 0, 0, 0, 0, 0, 0, 0, 0, 0, 0, 0, 0, 0, 0, 0, 0, 0, 0, 0, 0, 0, : 5, 4, 6, 8, 2, 19, 17, 3, 4, 9, 8, 2, 7, 6, 7, 3, 5, 17, 2, 1, 15, 5, 3, 3, 2, 5, 11, 2, 4, 2, 2, 7, 2, 4, 13, 2, 1, 9, 1, 4, 2, 1, 22, 15, 2, 10, 15, 15, 8, 11, 3, 
25: 25, 8, 19, 9, 14, 4, 3, 4, 6, 8, 18, 8, 4, 6, 1, 3, 19, 1, 20, 7, 21, 1, 10, 11, 4, 10, 19, 34, 2, 4, 6, 5, 1, 8, 11, 2, 16, 1, 17, 1, 4, 2, 7, 11, 9, 8, 16, 23, 3, 24, 34, 14, 0, 0, 0, 0, 0, 0, 0, 0, 0, 0, 0, 0, 0, 0, 0, 0, 0, 0, 0, 0, 0, 0, 0, 0, 0, 0, 0, 0, 0, 0, 0, 0, 0, 0, 0, 0, 0, 0, 0, 0, 0, 0, 0, 0, 0, 0, 0, 0, 0, 0, 0, 0, 0, 0, 0, 0, 0, 0, 0, 0, 0, 0, 0, 0, 0, 0, 0, 0, : 25, 8, 19, 9, 14, 4, 3, 4, 6, 8, 18, 8, 4, 6, 1, 3, 19, 1, 20, 7, 21, 1, 10, 11, 4, 10, 19, 34, 2, 4, 6, 5, 1, 8, 11, 2, 16, 1, 17, 1, 4, 2, 7, 11, 9, 8, 16, 23, 3, 24, 34, 14, 
26: 3, 10, 4, 3, 1, 3, 4, 2, 29, 1, 6, 7, 1, 21, 2, 6, 5, 15, 10, 4, 3, 1, 1, 3, 1, 34, 1, 21, 4, 10, 5, 2, 7, 13, 6, 12, 31, 1, 18, 1, 17, 29, 6, 22, 17, 3, 5, 6, 8, 0, 0, 0, 0, 0, 0, 0, 0, 0, 0, 0, 0, 0, 0, 0, 0, 0, 0, 0, 0, 0, 0, 0, 0, 0, 0, 0, 0, 0, 0, 0, 0, 0, 0, 0, 0, 0, 0, 0, 0, 0, 0, 0, 0, 0, 0, 0, 0, 0, 0, 0, 0, 0, 0, 0, 0, 0, 0, 0, 0, 0, 0, 0, 0, 0, 0, 0, 0, 0, 0, 0, : 3, 10, 4, 3, 1, 3, 4, 2, 29, 1, 6, 7, 1, 21, 2, 6, 5, 15, 10, 4, 3, 1, 1, 3, 1, 34, 1, 21, 4, 10, 5, 2, 7, 13, 6, 12, 31, 1, 18, 1, 17, 29, 6, 22, 17, 3, 5, 6, 8, 
27: 2, 6, 17, 2, 1, 34, 5, 7, 11, 3, 12, 4, 3, 7, 5, 1, 4, 3, 4, 3, 7, 9, 9, 8, 3, 18, 6, 10, 2, 16, 7, 18, 1, 15, 7, 17, 1, 11, 6, 20, 1, 1, 10, 11, 3, 8, 14, 1, 10, 22, 1, 4, 3, 14, 13, 3, 7, 1, 21, 17, 6, 2, 21, 3, 6, 5, 3, 3, 14, 2, 4, 15, 19, 1, 10, 1, 0, 0, 0, 0, 0, 0, 0, 0, 0, 0, 0, 0, 0, 0, 0, 0, 0, 0, 0, 0, 0, 0, 0, 0, 0, 0, 0, 0, 0, 0, 0, 0, 0, 0, 0, 0, 0, 0, 0, 0, 0, 0, 0, 0, : 2, 6, 17, 2, 1, 34, 5, 7, 11, 3, 12, 4, 3, 7, 5, 1, 4, 3, 4, 3, 7, 9, 9, 8, 3, 18, 6, 10, 2, 16, 7, 18, 1, 15, 7, 17, 1, 11, 6, 20, 1, 1, 10, 11, 3, 8, 14, 1, 10, 22, 1, 4, 3, 14, 13, 3, 7, 1, 21, 17, 6, 2, 21, 3, 6, 5, 3, 3, 14, 2, 4, 15, 19, 1, 10, 1, 
28: 11, 1, 13, 15, 4, 16, 1, 24, 6, 32, 3, 1, 6, 10, 5, 14, 17, 1, 1, 2, 1, 9, 8, 4, 7, 6, 6, 7, 3, 4, 2, 13, 2, 8, 9, 1, 8, 7, 4, 6, 2, 13, 6, 1, 8, 12, 6, 1, 19, 10, 11, 1, 19, 16, 9, 37, 16, 1, 5, 1, 4, 7, 5, 0, 0, 0, 0, 0, 0, 0, 0, 0, 0, 0, 0, 0, 0, 0, 0, 0, 0, 0, 0, 0, 0, 0, 0, 0, 0, 0, 0, 0, 0, 0, 0, 0, 0, 0, 0, 0, 0, 0, 0, 0, 0, 0, 0, 0, 0, 0, 0, 0, 0, 0, 0, 0, 0, 0, 0, 0, : 11, 1, 13, 15, 4, 16, 1, 24, 6, 32, 3, 1, 6, 10, 5, 14, 17, 1, 1, 2, 1, 9, 8, 4, 7, 6, 6, 7, 3, 4, 2, 13, 2, 8, 9, 1, 8, 7, 4, 6, 2, 13, 6, 1, 8, 12, 6, 1, 19, 10, 11, 1, 19, 16, 9, 37, 16, 1, 5, 1, 4, 7, 5, 
29: 18, 4, 4, 1, 19, 13, 2, 7, 11, 2, 1, 1, 1, 14, 1, 5, 11, 7, 6, 5, 2, 2, 2, 11, 1, 1, 14, 5, 2, 10, 8, 16, 2, 1, 23, 23, 2, 4, 3, 1, 7, 26, 9, 12, 1, 1, 4, 2, 10, 2, 8, 21, 2, 3, 7, 1, 0, 0, 0, 0, 0, 0, 0, 0, 0, 0, 0, 0, 0, 0, 0, 0, 0, 0, 0, 0, 0, 0, 0, 0, 0, 0, 0, 0, 0, 0, 0, 0, 0, 0, 0, 0, 0, 0, 0, 0, 0, 0, 0, 0, 0, 0, 0, 0, 0, 0, 0, 0, 0, 0, 0, 0, 0, 0, 0, 0, 0, 0, 0, 0, : 18, 4, 4, 1, 19, 13, 2, 7, 11, 2, 1, 1, 1, 14, 1, 5, 11, 7, 6, 5, 2, 2, 2, 11, 1, 1, 14, 5, 2, 10, 8, 16, 2, 1, 23, 23, 2, 4, 3, 1, 7, 26, 9, 12, 1, 1, 4, 2, 10, 2, 8, 21, 2, 3, 7, 1, 
30: 5, 9, 1, 4, 4, 10, 15, 4, 4, 11, 32, 4, 3, 28, 7, 3, 25, 4, 9, 14, 1, 23, 24, 3, 6, 6, 7, 18, 13, 22, 4, 13, 3, 8, 1, 1, 3, 7, 10, 35, 6, 4, 5, 1, 1, 2, 2, 11, 4, 8, 5, 6, 10, 18, 1, 4, 3, 5, 2, 1, 2, 17, 5, 5, 2, 10, 31, 2, 10, 13, 0, 0, 0, 0, 0, 0, 0, 0, 0, 0, 0, 0, 0, 0, 0, 0, 0, 0, 0, 0, 0, 0, 0, 0, 0, 0, 0, 0, 0, 0, 0, 0, 0, 0, 0, 0, 0, 0, 0, 0, 0, 0, 0, 0, 0, 0, 0, 0, 0, 0, : 5, 9, 1, 4, 4, 10, 15, 4, 4, 11, 32, 4, 3, 28, 7, 3, 25, 4, 9, 14, 1, 23, 24, 3, 6, 6, 7, 18, 13, 22, 4, 13, 3, 8, 1, 1, 3, 7, 10, 35, 6, 4, 5, 1, 1, 2, 2, 11, 4, 8, 5, 6, 10, 18, 1, 4, 3, 5, 2, 1, 2, 17, 5, 5, 2, 10, 31, 2, 10, 13, 
31: 3, 1, 24, 3, 28, 7, 22, 15, 29, 1, 6, 4, 26, 5, 7, 1, 22, 1, 20, 16, 1, 12, 4, 26, 32, 5, 14, 1, 1, 3, 27, 5, 26, 1, 9, 22, 6, 15, 8, 31, 16, 2, 11, 5, 4, 10, 5, 19, 1, 7, 1, 2, 3, 3, 16, 4, 2, 4, 3, 3, 7, 21, 1, 6, 2, 12, 4, 2, 2, 8, 1, 2, 3, 4, 1, 2, 16, 0, 0, 0, 0, 0, 0, 0, 0, 0, 0, 0, 0, 0, 0, 0, 0, 0, 0, 0, 0, 0, 0, 0, 0, 0, 0, 0, 0, 0, 0, 0, 0, 0, 0, 0, 0, 0, 0, 0, 0, 0, 0, 0, : 3, 1, 24, 3, 28, 7, 22, 15, 29, 1, 6, 4, 26, 5, 7, 1, 22, 1, 20, 16, 1, 12, 4, 26, 32, 5, 14, 1, 1, 3, 27, 5, 26, 1, 9, 22, 6, 15, 8, 31, 16, 2, 11, 5, 4, 10, 5, 19, 1, 7, 1, 2, 3, 3, 16, 4, 2, 4, 3, 3, 7, 21, 1, 6, 2, 12, 4, 2, 2, 8, 1, 2, 3, 4, 1, 2, 16, 
32: 4, 5, 12, 17, 3, 1, 7, 8, 4, 4, 12, 13, 2, 24, 4, 17, 28, 3, 15, 11, 2, 4, 31, 5, 2, 17, 2, 6, 8, 5, 4, 2, 15, 12, 10, 3, 0, 0, 0, 0, 0, 0, 0, 0, 0, 0, 0, 0, 0, 0, 0, 0, 0, 0, 0, 0, 0, 0, 0, 0, 0, 0, 0, 0, 0, 0, 0, 0, 0, 0, 0, 0, 0, 0, 0, 0, 0, 0, 0, 0, 0, 0, 0, 0, 0, 0, 0, 0, 0, 0, 0, 0, 0, 0, 0, 0, 0, 0, 0, 0, 0, 0, 0, 0, 0, 0, 0, 0, 0, 0, 0, 0, 0, 0, 0, 0, 0, 0, 0, 0, : 4, 5, 12, 17, 3, 1, 7, 8, 4, 4, 12, 13, 2, 24, 4, 17, 28, 3, 15, 11, 2, 4, 31, 5, 2, 17, 2, 6, 8, 5, 4, 2, 15, 12, 10, 3, 
33: 1, 4, 22, 5, 6, 29, 3, 17, 4, 2, 5, 3, 1, 3, 5, 16, 3, 9, 5, 5, 16, 7, 1, 8, 1, 1, 1, 1, 3, 1, 4, 14, 19, 7, 2, 3, 4, 3, 1, 6, 21, 11, 27, 2, 3, 23, 4, 35, 11, 0, 0, 0, 0, 0, 0, 0, 0, 0, 0, 0, 0, 0, 0, 0, 0, 0, 0, 0, 0, 0, 0, 0, 0, 0, 0, 0, 0, 0, 0, 0, 0, 0, 0, 0, 0, 0, 0, 0, 0, 0, 0, 0, 0, 0, 0, 0, 0, 0, 0, 0, 0, 0, 0, 0, 0, 0, 0, 0, 0, 0, 0, 0, 0, 0, 0, 0, 0, 0, 0, 0, : 1, 4, 22, 5, 6, 29, 3, 17, 4, 2, 5, 3, 1, 3, 5, 16, 3, 9, 5, 5, 16, 7, 1, 8, 1, 1, 1, 1, 3, 1, 4, 14, 19, 7, 2, 3, 4, 3, 1, 6, 21, 11, 27, 2, 3, 23, 4, 35, 11, 
34: 17, 4, 2, 9, 6, 1, 4, 13, 28, 3, 13, 6, 2, 5, 1, 7, 22, 3, 2, 4, 5, 16, 18, 7, 1, 1, 1, 2, 4, 15, 11, 5, 5, 4, 6, 3, 16, 5, 10, 3, 13, 8, 21, 8, 5, 4, 6, 7, 1, 9, 2, 2, 6, 1, 23, 5, 2, 8, 0, 0, 0, 0, 0, 0, 0, 0, 0, 0, 0, 0, 0, 0, 0, 0, 0, 0, 0, 0, 0, 0, 0, 0, 0, 0, 0, 0, 0, 0, 0, 0, 0, 0, 0, 0, 0, 0, 0, 0, 0, 0, 0, 0, 0, 0, 0, 0, 0, 0, 0, 0, 0, 0, 0, 0, 0, 0, 0, 0, 0, 0, : 17, 4, 2, 9, 6, 1, 4, 13, 28, 3, 13, 6, 2, 5, 1, 7, 22, 3, 2, 4, 5, 16, 18, 7, 1, 1, 1, 2, 4, 15, 11, 5, 5, 4, 6, 3, 16, 5, 10, 3, 13, 8, 21, 8, 5, 4, 6, 7, 1, 9, 2, 2, 6, 1, 23, 5, 2, 8, 
35: 1, 3, 7, 8, 6, 8, 23, 16, 23, 16, 1, 6, 28, 7, 2, 6, 1, 13, 5, 1, 8, 1, 6, 1, 3, 3, 2, 1, 1, 27, 10, 6, 1, 6, 16, 19, 6, 2, 1, 11, 4, 7, 6, 2, 13, 4, 8, 14, 6, 8, 8, 35, 18, 6, 5, 5, 11, 14, 2, 2, 7, 3, 12, 0, 0, 0, 0, 0, 0, 0, 0, 0, 0, 0, 0, 0, 0, 0, 0, 0, 0, 0, 0, 0, 0, 0, 0, 0, 0, 0, 0, 0, 0, 0, 0, 0, 0, 0, 0, 0, 0, 0, 0, 0, 0, 0, 0, 0, 0, 0, 0, 0, 0, 0, 0, 0, 0, 0, 0, 0, : 1, 3, 7, 8, 6, 8, 23, 16, 23, 16, 1, 6, 28, 7, 2, 6, 1, 13, 5, 1, 8, 1, 6, 1, 3, 3, 2, 1, 1, 27, 10, 6, 1, 6, 16, 19, 6, 2, 1, 11, 4, 7, 6, 2, 13, 4, 8, 14, 6, 8, 8, 35, 18, 6, 5, 5, 11, 14, 2, 2, 7, 3, 12, 
36: 27, 23, 6, 28, 5, 13, 1, 9, 9, 6, 4, 19, 5, 4, 3, 17, 2, 20, 2, 17, 1, 4, 9, 3, 16, 7, 27, 11, 7, 16, 6, 7, 31, 7, 5, 14, 11, 6, 17, 5, 1, 3, 11, 4, 8, 8, 3, 4, 2, 4, 5, 1, 1, 7, 6, 19, 1, 4, 5, 3, 9, 8, 2, 8, 1, 6, 0, 0, 0, 0, 0, 0, 0, 0, 0, 0, 0, 0, 0, 0, 0, 0, 0, 0, 0, 0, 0, 0, 0, 0, 0, 0, 0, 0, 0, 0, 0, 0, 0, 0, 0, 0, 0, 0, 0, 0, 0, 0, 0, 0, 0, 0, 0, 0, 0, 0, 0, 0, 0, 0, : 27, 23, 6, 28, 5, 13, 1, 9, 9, 6, 4, 19, 5, 4, 3, 17, 2, 20, 2, 17, 1, 4, 9, 3, 16, 7, 27, 11, 7, 16, 6, 7, 31, 7, 5, 14, 11, 6, 17, 5, 1, 3, 11, 4, 8, 8, 3, 4, 2, 4, 5, 1, 1, 7, 6, 19, 1, 4, 5, 3, 9, 8, 2, 8, 1, 6, 
37: 2, 9, 3, 22, 7, 22, 15, 16, 12, 2, 2, 1, 9, 32, 12, 2, 11, 16, 4, 11, 2, 1, 8, 6, 4, 22, 15, 1, 1, 6, 3, 7, 3, 4, 3, 2, 11, 22, 24, 5, 5, 29, 18, 2, 2, 17, 17, 4, 10, 2, 0, 0, 0, 0, 0, 0, 0, 0, 0, 0, 0, 0, 0, 0, 0, 0, 0, 0, 0, 0, 0, 0, 0, 0, 0, 0, 0, 0, 0, 0, 0, 0, 0, 0, 0, 0, 0, 0, 0, 0, 0, 0, 0, 0, 0, 0, 0, 0, 0, 0, 0, 0, 0, 0, 0, 0, 0, 0, 0, 0, 0, 0, 0, 0, 0, 0, 0, 0, 0, 0, : 2, 9, 3, 22, 7, 22, 15, 16, 12, 2, 2, 1, 9, 32, 12, 2, 11, 16, 4, 11, 2, 1, 8, 6, 4, 22, 15, 1, 1, 6, 3, 7, 3, 4, 3, 2, 11, 22, 24, 5, 5, 29, 18, 2, 2, 17, 17, 4, 10, 2, 
38: 5, 7, 12, 5, 8, 2, 6, 15, 1, 3, 1, 7, 3, 1, 8, 3, 4, 20, 1, 20, 5, 1, 2, 1, 5, 1, 2, 3, 7, 6, 10, 1, 0, 0, 0, 0, 0, 0, 0, 0, 0, 0, 0, 0, 0, 0, 0, 0, 0, 0, 0, 0, 0, 0, 0, 0, 0, 0, 0, 0, 0, 0, 0, 0, 0, 0, 0, 0, 0, 0, 0, 0, 0, 0, 0, 0, 0, 0, 0, 0, 0, 0, 0, 0, 0, 0, 0, 0, 0, 0, 0, 0, 0, 0, 0, 0, 0, 0, 0, 0, 0, 0, 0, 0, 0, 0, 0, 0, 0, 0, 0, 0, 0, 0, 0, 0, 0, 0, 0, 0, : 5, 7, 12, 5, 8, 2, 6, 15, 1, 3, 1, 7, 3, 1, 8, 3, 4, 20, 1, 20, 5, 1, 2, 1, 5, 1, 2, 3, 7, 6, 10, 1, 
39: 1, 5, 10, 4, 4, 23, 5, 15, 1, 3, 6, 1, 6, 15, 11, 1, 16, 3, 14, 5, 20, 3, 20, 10, 8, 25, 1, 7, 15, 7, 13, 7, 16, 4, 20, 9, 1, 14, 6, 36, 3, 4, 1, 14, 17, 3, 28, 14, 1, 2, 4, 22, 17, 0, 0, 0, 0, 0, 0, 0, 0, 0, 0, 0, 0, 0, 0, 0, 0, 0, 0, 0, 0, 0, 0, 0, 0, 0, 0, 0, 0, 0, 0, 0, 0, 0, 0, 0, 0, 0, 0, 0, 0, 0, 0, 0, 0, 0, 0, 0, 0, 0, 0, 0, 0, 0, 0, 0, 0, 0, 0, 0, 0, 0, 0, 0, 0, 0, 0, 0, : 1, 5, 10, 4, 4, 23, 5, 15, 1, 3, 6, 1, 6, 15, 11, 1, 16, 3, 14, 5, 20, 3, 20, 10, 8, 25, 1, 7, 15, 7, 13, 7, 16, 4, 20, 9, 1, 14, 6, 36, 3, 4, 1, 14, 17, 3, 28, 14, 1, 2, 4, 22, 17, 
40: 2, 23, 9, 8, 8, 2, 18, 3, 4, 5, 23, 7, 4, 2, 1, 18, 2, 9, 10, 8, 5, 9, 18, 17, 15, 3, 38, 29, 17, 1, 15, 25, 7, 5, 6, 5, 16, 2, 11, 4, 15, 11, 26, 3, 5, 1, 6, 3, 5, 1, 11, 7, 4, 1, 19, 6, 19, 4, 3, 2, 4, 26, 19, 4, 2, 31, 24, 4, 1, 6, 1, 4, 12, 18, 0, 0, 0, 0, 0, 0, 0, 0, 0, 0, 0, 0, 0, 0, 0, 0, 0, 0, 0, 0, 0, 0, 0, 0, 0, 0, 0, 0, 0, 0, 0, 0, 0, 0, 0, 0, 0, 0, 0, 0, 0, 0, 0, 0, 0, 0, : 2, 23, 9, 8, 8, 2, 18, 3, 4, 5, 23, 7, 4, 2, 1, 18, 2, 9, 10, 8, 5, 9, 18, 17, 15, 3, 38, 29, 17, 1, 15, 25, 7, 5, 6, 5, 16, 2, 11, 4, 15, 11, 26, 3, 5, 1, 6, 3, 5, 1, 11, 7, 4, 1, 19, 6, 19, 4, 3, 2, 4, 26, 19, 4, 2, 31, 24, 4, 1, 6, 1, 4, 12, 18, 


