40
200
1: 9, 1, 13, 2, 17, 10, 12, 8, 6, 5, 5, 4, 5, 13, 2, 10, 19, 5, 0, 0, 0, 0, 0, 0, 0, 0, 0, 0, 0, 0, 0, 0, 0, 0, 0, 0, 0, 0, 0, 0, : 9, 1, 13, 2, 17, 10, 12, 8, 6, 5, 5, 4, 5, 13, 2, 10, 19, 5, 
2: 4, 8, 2, 13, 10, 26, 19, 2, 14, 3, 3, 24, 1, 6, 9, 3, 6, 0, 0, 0, 0, 0, 0, 0, 0, 0, 0, 0, 0, 0, 0, 0, 0, 0, 0, 0, 0, 0, 0, 0, : 4, 8, 2, 13, 10, 26, 19, 2, 14, 3, 3, 24, 1, 6, 9, 3, 6, 
3: 4, 8, 1, 25, 3, 3, 4, 17, 3, 4, 9, 2, 9, 18, 1, 2, 21, 1, 4, 5, 0, 0, 0, 0, 0, 0, 0, 0, 0, 0, 0, 0, 0, 0, 0, 0, 0, 0, 0, 0, : 4, 8, 1, 25, 3, 3, 4, 17, 3, 4, 9, 2, 9, 18, 1, 2, 21, 1, 4, 5, 
4: 26, 10, 16, 18, 9, 13, 20, 3, 2, 1, 7, 8, 10, 5, 6, 14, 16, 0, 0, 0, 0, 0, 0, 0, 0, 0, 0, 0, 0, 0, 0, 0, 0, 0, 0, 0, 0, 0, 0, 0, : 26, 10, 16, 18, 9, 13, 20, 3, 2, 1, 7, 8, 10, 5, 6, 14, 16, 
5: 6, 3, 1, 12, 9, 10, 2, 17, 11, 12, 22, 17, 26, 2, 2, 7, 17, 2, 16, 33, 13, 7, 3, 17, 15, 2, 7, 0, 0, 0, 0, 0, 0, 0, 0, 0, 0, 0, 0, 0, : 6, 3, 1, 12, 9, 10, 2, 17, 11, 12, 22, 17, 26, 2, 2, 7, 17, 2, 16, 33, 13, 7, 3, 17, 15, 2, 7, 
6: 14, 7, 2, 1, 10, 12, 1, 6, 6, 6, 6, 10, 5, 34, 28, 3, 2, 38, 1, 0, 0, 0, 0, 0, 0, 0, 0, 0, 0, 0, 0, 0, 0, 0, 0, 0, 0, 0, 0, 0, : 14, 7, 2, 1, 10, 12, 1, 6, 6, 6, 6, 10, 5, 34, 28, 3, 2, 38, 1, 
7: 6, 10, 3, 1, 19, 3, 24, 11, 2, 3, 6, 13, 6, 10, 6, 2, 16, 11, 9, 0, 0, 0, 0, 0, 0, 0, 0, 0, 0, 0, 0, 0, 0, 0, 0, 0, 0, 0, 0, 0, : 6, 10, 3, 1, 19, 3, 24, 11, 2, 3, 6, 13, 6, 10, 6, 2, 16, 11, 9, 
8: 1, 4, 7, 15, 3, 12, 11, 15, 5, 15, 1, 2, 1, 2, 6, 25, 1, 19, 3, 5, 2, 11, 1, 0, 0, 0, 0, 0, 0, 0, 0, 0, 0, 0, 0, 0, 0, 0, 0, 0, : 1, 4, 7, 15, 3, 12, 11, 15, 5, 15, 1, 2, 1, 2, 6, 25, 1, 19, 3, 5, 2, 11, 1, 
9: 5, 1, 15, 8, 16, 6, 5, 2, 6, 14, 14, 8, 5, 1, 9, 16, 22, 18, 20, 13, 2, 6, 0, 0, 0, 0, 0, 0, 0, 0, 0, 0, 0, 0, 0, 0, 0, 0, 0, 0, : 5, 1, 15, 8, 16, 6, 5, 2, 6, 14, 14, 8, 5, 1, 9, 16, 22, 18, 20, 13, 2, 6, 
10: 7, 27, 4, 8, 1, 16, 8, 1, 6, 2, 10, 12, 9, 11, 8, 6, 1, 4, 1, 5, 3, 0, 0, 0, 0, 0, 0, 0, 0, 0, 0, 0, 0, 0, 0, 0, 0, 0, 0, 0, : 7, 27, 4, 8, 1, 16, 8, 1, 6, 2, 10, 12, 9, 11, 8, 6, 1, 4, 1, 5, 3, 
11: 1, 5, 8, 5, 4, 1, 3, 2, 1, 2, 1, 2, 22, 11, 20, 6, 1, 0, 0, 0, 0, 0, 0, 0, 0, 0, 0, 0, 0, 0, 0, 0, 0, 0, 0, 0, 0, 0, 0, 0, : 1, 5, 8, 5, 4, 1, 3, 2, 1, 2, 1, 2, 22, 11, 20, 6, 1, 
12: 5, 7, 2, 11, 3, 12, 3, 9, 1, 5, 1, 2, 10, 8, 4, 23, 12, 7, 13, 11, 0, 0, 0, 0, 0, 0, 0, 0, 0, 0, 0, 0, 0, 0, 0, 0, 0, 0, 0, 0, : 5, 7, 2, 11, 3, 12, 3, 9, 1, 5, 1, 2, 10, 8, 4, 23, 12, 7, 13, 11, 
13: 11, 3, 22, 1, 9, 1, 4, 15, 5, 24, 12, 13, 13, 3, 21, 5, 2, 1, 4, 1, 0, 0, 0, 0, 0, 0, 0, 0, 0, 0, 0, 0, 0, 0, 0, 0, 0, 0, 0, 0, : 11, 3, 22, 1, 9, 1, 4, 15, 5, 24, 12, 13, 13, 3, 21, 5, 2, 1, 4, 1, 
14: 9, 1, 32, 10, 20, 6, 1, 1, 2, 5, 4, 5, 6, 2, 6, 3, 5, 16, 1, 1, 1, 7, 11, 1, 0, 0, 0, 0, 0, 0, 0, 0, 0, 0, 0, 0, 0, 0, 0, 0, : 9, 1, 32, 10, 20, 6, 1, 1, 2, 5, 4, 5, 6, 2, 6, 3, 5, 16, 1, 1, 1, 7, 11, 1, 
15: 10, 13, 3, 4, 33, 7, 4, 4, 14, 6, 2, 20, 10, 24, 2, 1, 6, 22, 6, 4, 0, 0, 0, 0, 0, 0, 0, 0, 0, 0, 0, 0, 0, 0, 0, 0, 0, 0, 0, 0, : 10, 13, 3, 4, 33, 7, 4, 4, 14, 6, 2, 20, 10, 24, 2, 1, 6, 22, 6, 4, 
16: 8, 15, 21, 11, 15, 12, 21, 3, 2, 6, 3, 2, 3, 7, 5, 8, 8, 0, 0, 0, 0, 0, 0, 0, 0, 0, 0, 0, 0, 0, 0, 0, 0, 0, 0, 0, 0, 0, 0, 0, : 8, 15, 21, 11, 15, 12, 21, 3, 2, 6, 3, 2, 3, 7, 5, 8, 8, 
17: 14, 2, 15, 22, 3, 8, 5, 4, 10, 4, 4, 4, 1, 8, 7, 2, 20, 3, 0, 0, 0, 0, 0, 0, 0, 0, 0, 0, 0, 0, 0, 0, 0, 0, 0, 0, 0, 0, 0, 0, : 14, 2, 15, 22, 3, 8, 5, 4, 10, 4, 4, 4, 1, 8, 7, 2, 20, 3, 
18: 9, 7, 12, 4, 3, 2, 10, 11, 3, 18, 1, 2, 24, 14, 4, 2, 31, 2, 1, 3, 7, 2, 19, 0, 0, 0, 0, 0, 0, 0, 0, 0, 0, 0, 0, 0, 0, 0, 0, 0, : 9, 7, 12, 4, 3, 2, 10, 11, 3, 18, 1, 2, 24, 14, 4, 2, 31, 2, 1, 3, 7, 2, 19, 
19: 6, 6, 7, 8, 12, 12, 13, 11, 8, 12, 35, 2, 20, 22, 4, 7, 13, 2, 2, 2, 15, 1, 0, 0, 0, 0, 0, 0, 0, 0, 0, 0, 0, 0, 0, 0, 0, 0, 0, 0, : 6, 6, 7, 8, 12, 12, 13, 11, 8, 12, 35, 2, 20, 22, 4, 7, 13, 2, 2, 2, 15, 1, 
20: 6, 6, 1, 1, 1, 4, 2, 1, 21, 12, 1, 1, 4, 32, 22, 1, 11, 17, 17, 0, 0, 0, 0, 0, 0, 0, 0, 0, 0, 0, 0, 0, 0, 0, 0, 0, 0, 0, 0, 0, : 6, 6, 1, 1, 1, 4, 2, 1, 21, 12, 1, 1, 4, 32, 22, 1, 11, 17, 17, 
21: 15, 5, 1, 15, 3, 1, 7, 11, 17, 5, 2, 3, 0, 0, 0, 0, 0, 0, 0, 0, 0, 0, 0, 0, 0, 0, 0, 0, 0, 0, 0, 0, 0, 0, 0, 0, 0, 0, 0, 0, : 15, 5, 1, 15, 3, 1, 7, 11, 17, 5, 2, 3, 
22: 5, 2, 11, 6, 4, 5, 19, 5, 1, 3, 19, 3, 4, 0, 0, 0, 0, 0, 0, 0, 0, 0, 0, 0, 0, 0, 0, 0, 0, 0, 0, 0, 0, 0, 0, 0, 0, 0, 0, 0, : 5, 2, 11, 6, 4, 5, 19, 5, 1, 3, 19, 3, 4, 
23: 2, 10, 17, 1, 5, 1, 34, 9, 16, 4, 2, 13, 5, 19, 7, 5, 21, 3, 3, 15, 2, 16, 24, 20, 0, 0, 0, 0, 0, 0, 0, 0, 0, 0, 0, 0, 0, 0, 0, 0, : 2, 10, 17, 1, 5, 1, 34, 9, 16, 4, 2, 13, 5, 19, 7, 5, 21, 3, 3, 15, 2, 16, 24, 20, 
24: 1, 1, 1, 1, 1, 2, 2, 5, 6, 10, 21, 18, 10, 4, 8, 12, 22, 3, 0, 0, 0, 0, 0, 0, 0, 0, 0, 0, 0, 0, 0, 0, 0, 0, 0, 0, 0, 0, 0, 0, : 1, 1, 1, 1, 1, 2, 2, 5, 6, 10, 21, 18, 10, 4, 8, 12, 22, 3, 
25: 21, 1, 14, 11, 12, 18, 14, 4, 6, 1, 12, 1, 10, 9, 12, 15, 20, 8, 11, 9, 1, 18, 0, 0, 0, 0, 0, 0, 0, 0, 0, 0, 0, 0, 0, 0, 0, 0, 0, 0, : 21, 1, 14, 11, 12, 18, 14, 4, 6, 1, 12, 1, 10, 9, 12, 15, 20, 8, 11, 9, 1, 18, 
26: 2, 8, 6, 1, 5, 5, 3, 9, 1, 6, 2, 9, 7, 18, 6, 5, 5, 9, 8, 15, 7, 1, 9, 8, 2, 0, 0, 0, 0, 0, 0, 0, 0, 0, 0, 0, 0, 0, 0, 0, : 2, 8, 6, 1, 5, 5, 3, 9, 1, 6, 2, 9, 7, 18, 6, 5, 5, 9, 8, 15, 7, 1, 9, 8, 2, 
27: 1, 20, 3, 22, 1, 1, 19, 4, 2, 14, 7, 10, 4, 4, 23, 4, 6, 2, 6, 2, 12, 3, 5, 20, 3, 6, 1, 7, 15, 9, 3, 15, 0, 0, 0, 0, 0, 0, 0, 0, : 1, 20, 3, 22, 1, 1, 19, 4, 2, 14, 7, 10, 4, 4, 23, 4, 6, 2, 6, 2, 12, 3, 5, 20, 3, 6, 1, 7, 15, 9, 3, 15, 
28: 14, 10, 1, 3, 6, 1, 33, 14, 1, 3, 25, 1, 27, 1, 9, 2, 25, 0, 0, 0, 0, 0, 0, 0, 0, 0, 0, 0, 0, 0, 0, 0, 0, 0, 0, 0, 0, 0, 0, 0, : 14, 10, 1, 3, 6, 1, 33, 14, 1, 3, 25, 1, 27, 1, 9, 2, 25, 
29: 1, 11, 38, 8, 7, 5, 11, 24, 8, 8, 1, 0, 0, 0, 0, 0, 0, 0, 0, 0, 0, 0, 0, 0, 0, 0, 0, 0, 0, 0, 0, 0, 0, 0, 0, 0, 0, 0, 0, 0, : 1, 11, 38, 8, 7, 5, 11, 24, 8, 8, 1, 
30: 15, 7, 7, 3, 19, 7, 1, 18, 6, 27, 3, 2, 8, 14, 2, 1, 3, 3, 2, 16, 0, 0, 0, 0, 0, 0, 0, 0, 0, 0, 0, 0, 0, 0, 0, 0, 0, 0, 0, 0, : 15, 7, 7, 3, 19, 7, 1, 18, 6, 27, 3, 2, 8, 14, 2, 1, 3, 3, 2, 16, 
31: 1, 7, 1, 1, 1, 1, 15, 2, 6, 1, 4, 8, 4, 20, 8, 4, 3, 2, 1, 7, 14, 1, 15, 0, 0, 0, 0, 0, 0, 0, 0, 0, 0, 0, 0, 0, 0, 0, 0, 0, : 1, 7, 1, 1, 1, 1, 15, 2, 6, 1, 4, 8, 4, 20, 8, 4, 3, 2, 1, 7, 14, 1, 15, 
32: 4, 6, 12, 6, 10, 23, 20, 4, 32, 12, 3, 2, 35, 9, 21, 6, 16, 6, 1, 0, 0, 0, 0, 0, 0, 0, 0, 0, 0, 0, 0, 0, 0, 0, 0, 0, 0, 0, 0, 0, : 4, 6, 12, 6, 10, 23, 20, 4, 32, 12, 3, 2, 35, 9, 21, 6, 16, 6, 1, 
33: 13, 4, 3, 8, 1, 18, 6, 11, 7, 4, 3, 2, 10, 1, 9, 1, 5, 3, 7, 1, 18, 6, 18, 4, 4, 0, 0, 0, 0, 0, 0, 0, 0, 0, 0, 0, 0, 0, 0, 0, : 13, 4, 3, 8, 1, 18, 6, 11, 7, 4, 3, 2, 10, 1, 9, 1, 5, 3, 7, 1, 18, 6, 18, 4, 4, 
34: 37, 7, 10, 7, 4, 10, 3, 4, 23, 2, 2, 28, 15, 3, 1, 1, 21, 2, 25, 5, 3, 11, 1, 0, 0, 0, 0, 0, 0, 0, 0, 0, 0, 0, 0, 0, 0, 0, 0, 0, : 37, 7, 10, 7, 4, 10, 3, 4, 23, 2, 2, 28, 15, 3, 1, 1, 21, 2, 25, 5, 3, 11, 1, 
35: 13, 2, 1, 6, 5, 2, 3, 17, 1, 10, 2, 4, 2, 6, 7, 3, 11, 2, 0, 0, 0, 0, 0, 0, 0, 0, 0, 0, 0, 0, 0, 0, 0, 0, 0, 0, 0, 0, 0, 0, : 13, 2, 1, 6, 5, 2, 3, 17, 1, 10, 2, 4, 2, 6, 7, 3, 11, 2, 
36: 1, 5, 8, 3, 9, 1, 9, 6, 2, 1, 11, 1, 2, 7, 1, 3, 2, 3, 0, 0, 0, 0, 0, 0, 0, 0, 0, 0, 0, 0, 0, 0, 0, 0, 0, 0, 0, 0, 0, 0, : 1, 5, 8, 3, 9, 1, 9, 6, 2, 1, 11, 1, 2, 7, 1, 3, 2, 3, 
37: 3, 1, 8, 3, 30, 4, 1, 1, 2, 21, 5, 1, 7, 5, 2, 7, 2, 9, 25, 9, 2, 1, 1, 4, 0, 0, 0, 0, 0, 0, 0, 0, 0, 0, 0, 0, 0, 0, 0, 0, : 3, 1, 8, 3, 30, 4, 1, 1, 2, 21, 5, 1, 7, 5, 2, 7, 2, 9, 25, 9, 2, 1, 1, 4, 
38: 31, 2, 7, 17, 7, 3, 3, 2, 19, 4, 7, 9, 2, 10, 4, 1, 13, 1, 12, 2, 9, 1, 2, 0, 0, 0, 0, 0, 0, 0, 0, 0, 0, 0, 0, 0, 0, 0, 0, 0, : 31, 2, 7, 17, 7, 3, 3, 2, 19, 4, 7, 9, 2, 10, 4, 1, 13, 1, 12, 2, 9, 1, 2, 
39: 8, 6, 1, 4, 12, 1, 19, 4, 1, 2, 6, 18, 4, 2, 6, 2, 15, 0, 0, 0, 0, 0, 0, 0, 0, 0, 0, 0, 0, 0, 0, 0, 0, 0, 0, 0, 0, 0, 0, 0, : 8, 6, 1, 4, 12, 1, 19, 4, 1, 2, 6, 18, 4, 2, 6, 2, 15, 
40: 7, 18, 4, 13, 6, 33, 19, 7, 3, 10, 1, 32, 26, 7, 2, 1, 3, 3, 0, 0, 0, 0, 0, 0, 0, 0, 0, 0, 0, 0, 0, 0, 0, 0, 0, 0, 0, 0, 0, 0, : 7, 18, 4, 13, 6, 33, 19, 7, 3, 10, 1, 32, 26, 7, 2, 1, 3, 3, 
41: 28, 6, 16, 6, 4, 2, 9, 3, 7, 10, 13, 4, 2, 4, 1, 2, 2, 1, 2, 12, 13, 21, 0, 0, 0, 0, 0, 0, 0, 0, 0, 0, 0, 0, 0, 0, 0, 0, 0, 0, : 28, 6, 16, 6, 4, 2, 9, 3, 7, 10, 13, 4, 2, 4, 1, 2, 2, 1, 2, 12, 13, 21, 
42: 24, 37, 3, 14, 3, 1, 2, 3, 14, 1, 8, 5, 12, 7, 16, 21, 1, 3, 3, 22, 0, 0, 0, 0, 0, 0, 0, 0, 0, 0, 0, 0, 0, 0, 0, 0, 0, 0, 0, 0, : 24, 37, 3, 14, 3, 1, 2, 3, 14, 1, 8, 5, 12, 7, 16, 21, 1, 3, 3, 22, 
43: 4, 3, 11, 4, 23, 16, 2, 1, 13, 2, 13, 17, 5, 1, 9, 1, 28, 29, 9, 6, 1, 0, 0, 0, 0, 0, 0, 0, 0, 0, 0, 0, 0, 0, 0, 0, 0, 0, 0, 0, : 4, 3, 11, 4, 23, 16, 2, 1, 13, 2, 13, 17, 5, 1, 9, 1, 28, 29, 9, 6, 1, 
44: 2, 1, 3, 8, 7, 27, 7, 11, 16, 4, 4, 9, 3, 13, 2, 31, 16, 1, 10, 11, 8, 1, 2, 1, 8, 3, 0, 0, 0, 0, 0, 0, 0, 0, 0, 0, 0, 0, 0, 0, : 2, 1, 3, 8, 7, 27, 7, 11, 16, 4, 4, 9, 3, 13, 2, 31, 16, 1, 10, 11, 8, 1, 2, 1, 8, 3, 
45: 5, 9, 6, 6, 25, 5, 4, 6, 4, 1, 9, 1, 18, 16, 4, 9, 4, 12, 6, 1, 32, 17, 11, 18, 2, 17, 6, 20, 5, 14, 6, 0, 0, 0, 0, 0, 0, 0, 0, 0, : 5, 9, 6, 6, 25, 5, 4, 6, 4, 1, 9, 1, 18, 16, 4, 9, 4, 12, 6, 1, 32, 17, 11, 18, 2, 17, 6, 20, 5, 14, 6, 
46: 5, 1, 21, 15, 3, 23, 1, 13, 17, 2, 1, 25, 1, 5, 1, 10, 4, 16, 5, 1, 2, 1, 1, 18, 27, 1, 7, 0, 0, 0, 0, 0, 0, 0, 0, 0, 0, 0, 0, 0, : 5, 1, 21, 15, 3, 23, 1, 13, 17, 2, 1, 25, 1, 5, 1, 10, 4, 16, 5, 1, 2, 1, 1, 18, 27, 1, 7, 
47: 4, 3, 5, 3, 11, 9, 3, 2, 2, 3, 24, 9, 5, 7, 2, 1, 3, 1, 3, 7, 16, 4, 26, 2, 1, 7, 11, 8, 0, 0, 0, 0, 0, 0, 0, 0, 0, 0, 0, 0, : 4, 3, 5, 3, 11, 9, 3, 2, 2, 3, 24, 9, 5, 7, 2, 1, 3, 1, 3, 7, 16, 4, 26, 2, 1, 7, 11, 8, 
48: 8, 5, 16, 20, 1, 7, 17, 4, 10, 18, 6, 2, 1, 3, 20, 0, 0, 0, 0, 0, 0, 0, 0, 0, 0, 0, 0, 0, 0, 0, 0, 0, 0, 0, 0, 0, 0, 0, 0, 0, : 8, 5, 16, 20, 1, 7, 17, 4, 10, 18, 6, 2, 1, 3, 20, 
49: 3, 12, 5, 3, 1, 3, 14, 11, 15, 4, 1, 1, 18, 3, 1, 1, 6, 3, 25, 0, 0, 0, 0, 0, 0, 0, 0, 0, 0, 0, 0, 0, 0, 0, 0, 0, 0, 0, 0, 0, : 3, 12, 5, 3, 1, 3, 14, 11, 15, 4, 1, 1, 18, 3, 1, 1, 6, 3, 25, 
50: 26, 6, 2, 5, 34, 7, 12, 16, 3, 3, 4, 6, 3, 1, 1, 1, 1, 5, 10, 0, 0, 0, 0, 0, 0, 0, 0, 0, 0, 0, 0, 0, 0, 0, 0, 0, 0, 0, 0, 0, : 26, 6, 2, 5, 34, 7, 12, 16, 3, 3, 4, 6, 3, 1, 1, 1, 1, 5, 10, 
51: 8, 4, 2, 12, 1, 10, 5, 7, 18, 6, 12, 37, 2, 1, 3, 2, 9, 4, 33, 3, 7, 0, 0, 0, 0, 0, 0, 0, 0, 0, 0, 0, 0, 0, 0, 0, 0, 0, 0, 0, : 8, 4, 2, 12, 1, 10, 5, 7, 18, 6, 12, 37, 2, 1, 3, 2, 9, 4, 33, 3, 7, 
52: 3, 21, 3, 6, 1, 2, 18, 3, 2, 4, 1, 16, 30, 28, 2, 6, 2, 2, 26, 6, 13, 0, 0, 0, 0, 0, 0, 0, 0, 0, 0, 0, 0, 0, 0, 0, 0, 0, 0, 0, : 3, 21, 3, 6, 1, 2, 18, 3, 2, 4, 1, 16, 30, 28, 2, 6, 2, 2, 26, 6, 13, 
53: 17, 1, 1, 2, 3, 11, 22, 3, 4, 9, 4, 3, 20, 5, 1, 0, 0, 0, 0, 0, 0, 0, 0, 0, 0, 0, 0, 0, 0, 0, 0, 0, 0, 0, 0, 0, 0, 0, 0, 0, : 17, 1, 1, 2, 3, 11, 22, 3, 4, 9, 4, 3, 20, 5, 1, 
54: 1, 3, 9, 13, 1, 14, 25, 8, 4, 13, 4, 4, 30, 15, 2, 7, 11, 4, 6, 6, 0, 0, 0, 0, 0, 0, 0, 0, 0, 0, 0, 0, 0, 0, 0, 0, 0, 0, 0, 0, : 1, 3, 9, 13, 1, 14, 25, 8, 4, 13, 4, 4, 30, 15, 2, 7, 11, 4, 6, 6, 
55: 17, 5, 5, 5, 5, 23, 1, 4, 11, 1, 7, 1, 5, 2, 3, 8, 15, 4, 3, 1, 10, 3, 0, 0, 0, 0, 0, 0, 0, 0, 0, 0, 0, 0, 0, 0, 0, 0, 0, 0, : 17, 5, 5, 5, 5, 23, 1, 4, 11, 1, 7, 1, 5, 2, 3, 8, 15, 4, 3, 1, 10, 3, 
56: 7, 2, 8, 19, 6, 2, 3, 34, 7, 1, 36, 19, 15, 14, 1, 12, 5, 10, 0, 0, 0, 0, 0, 0, 0, 0, 0, 0, 0, 0, 0, 0, 0, 0, 0, 0, 0, 0, 0, 0, : 7, 2, 8, 19, 6, 2, 3, 34, 7, 1, 36, 19, 15, 14, 1, 12, 5, 10, 
57: 2, 7, 1, 8, 9, 3, 4, 5, 5, 8, 1, 3, 7, 21, 1, 5, 5, 1, 0, 0, 0, 0, 0, 0, 0, 0, 0, 0, 0, 0, 0, 0, 0, 0, 0, 0, 0, 0, 0, 0, : 2, 7, 1, 8, 9, 3, 4, 5, 5, 8, 1, 3, 7, 21, 1, 5, 5, 1, 
58: 1, 6, 4, 6, 15, 8, 6, 2, 9, 9, 5, 8, 12, 5, 15, 20, 2, 8, 1, 22, 5, 0, 0, 0, 0, 0, 0, 0, 0, 0, 0, 0, 0, 0, 0, 0, 0, 0, 0, 0, : 1, 6, 4, 6, 15, 8, 6, 2, 9, 9, 5, 8, 12, 5, 15, 20, 2, 8, 1, 22, 5, 
59: 9, 2, 20, 15, 1, 2, 10, 10, 29, 13, 4, 13, 11, 9, 11, 8, 3, 16, 4, 30, 27, 23, 2, 18, 1, 20, 3, 2, 32, 12, 6, 6, 8, 0, 0, 0, 0, 0, 0, 0, : 9, 2, 20, 15, 1, 2, 10, 10, 29, 13, 4, 13, 11, 9, 11, 8, 3, 16, 4, 30, 27, 23, 2, 18, 1, 20, 3, 2, 32, 12, 6, 6, 8, 
60: 7, 6, 28, 1, 35, 24, 19, 12, 2, 6, 3, 3, 5, 12, 15, 18, 4, 2, 2, 0, 0, 0, 0, 0, 0, 0, 0, 0, 0, 0, 0, 0, 0, 0, 0, 0, 0, 0, 0, 0, : 7, 6, 28, 1, 35, 24, 19, 12, 2, 6, 3, 3, 5, 12, 15, 18, 4, 2, 2, 
61: 12, 8, 12, 1, 26, 7, 6, 6, 2, 8, 7, 3, 11, 5, 6, 2, 14, 17, 1, 12, 30, 6, 11, 2, 20, 0, 0, 0, 0, 0, 0, 0, 0, 0, 0, 0, 0, 0, 0, 0, : 12, 8, 12, 1, 26, 7, 6, 6, 2, 8, 7, 3, 11, 5, 6, 2, 14, 17, 1, 12, 30, 6, 11, 2, 20, 
62: 1, 6, 15, 1, 1, 1, 2, 4, 35, 2, 1, 3, 1, 1, 2, 3, 7, 2, 1, 12, 3, 2, 1, 0, 0, 0, 0, 0, 0, 0, 0, 0, 0, 0, 0, 0, 0, 0, 0, 0, : 1, 6, 15, 1, 1, 1, 2, 4, 35, 2, 1, 3, 1, 1, 2, 3, 7, 2, 1, 12, 3, 2, 1, 
63: 11, 31, 2, 1, 20, 8, 7, 7, 10, 4, 13, 4, 9, 20, 2, 0, 0, 0, 0, 0, 0, 0, 0, 0, 0, 0, 0, 0, 0, 0, 0, 0, 0, 0, 0, 0, 0, 0, 0, 0, : 11, 31, 2, 1, 20, 8, 7, 7, 10, 4, 13, 4, 9, 20, 2, 
64: 12, 1, 8, 3, 1, 11, 1, 12, 1, 13, 5, 8, 16, 2, 2, 2, 6, 1, 6, 19, 17, 9, 13, 0, 0, 0, 0, 0, 0, 0, 0, 0, 0, 0, 0, 0, 0, 0, 0, 0, : 12, 1, 8, 3, 1, 11, 1, 12, 1, 13, 5, 8, 16, 2, 2, 2, 6, 1, 6, 19, 17, 9, 13, 
65: 4, 4, 11, 7, 1, 7, 15, 18, 19, 6, 12, 3, 2, 6, 2, 12, 1, 5, 3, 3, 1, 0, 0, 0, 0, 0, 0, 0, 0, 0, 0, 0, 0, 0, 0, 0, 0, 0, 0, 0, : 4, 4, 11, 7, 1, 7, 15, 18, 19, 6, 12, 3, 2, 6, 2, 12, 1, 5, 3, 3, 1, 
66: 2, 2, 5, 4, 13, 20, 5, 1, 1, 3, 2, 19, 2, 5, 8, 8, 1, 14, 3, 19, 3, 0, 0, 0, 0, 0, 0, 0, 0, 0, 0, 0, 0, 0, 0, 0, 0, 0, 0, 0, : 2, 2, 5, 4, 13, 20, 5, 1, 1, 3, 2, 19, 2, 5, 8, 8, 1, 14, 3, 19, 3, 
67: 8, 1, 1, 8, 13, 3, 2, 1, 8, 25, 5, 1, 4, 1, 2, 1, 1, 1, 17, 1, 8, 2, 28, 1, 11, 5, 0, 0, 0, 0, 0, 0, 0, 0, 0, 0, 0, 0, 0, 0, : 8, 1, 1, 8, 13, 3, 2, 1, 8, 25, 5, 1, 4, 1, 2, 1, 1, 1, 17, 1, 8, 2, 28, 1, 11, 5, 
68: 7, 5, 5, 8, 1, 16, 2, 10, 6, 6, 1, 17, 7, 4, 17, 13, 13, 2, 1, 24, 1, 15, 0, 0, 0, 0, 0, 0, 0, 0, 0, 0, 0, 0, 0, 0, 0, 0, 0, 0, : 7, 5, 5, 8, 1, 16, 2, 10, 6, 6, 1, 17, 7, 4, 17, 13, 13, 2, 1, 24, 1, 15, 
69: 1, 9, 29, 5, 13, 6, 11, 10, 11, 3, 12, 1, 2, 3, 12, 2, 5, 7, 3, 4, 2, 8, 6, 0, 0, 0, 0, 0, 0, 0, 0, 0, 0, 0, 0, 0, 0, 0, 0, 0, : 1, 9, 29, 5, 13, 6, 11, 10, 11, 3, 12, 1, 2, 3, 12, 2, 5, 7, 3, 4, 2, 8, 6, 
70: 5, 4, 1, 4, 7, 3, 28, 3, 14, 15, 7, 18, 22, 11, 8, 2, 14, 16, 37, 0, 0, 0, 0, 0, 0, 0, 0, 0, 0, 0, 0, 0, 0, 0, 0, 0, 0, 0, 0, 0, : 5, 4, 1, 4, 7, 3, 28, 3, 14, 15, 7, 18, 22, 11, 8, 2, 14, 16, 37, 
71: 12, 2, 2, 1, 4, 8, 1, 19, 11, 3, 1, 11, 4, 16, 2, 10, 15, 12, 4, 3, 17, 0, 0, 0, 0, 0, 0, 0, 0, 0, 0, 0, 0, 0, 0, 0, 0, 0, 0, 0, : 12, 2, 2, 1, 4, 8, 1, 19, 11, 3, 1, 11, 4, 16, 2, 10, 15, 12, 4, 3, 17, 
72: 25, 24, 2, 7, 12, 12, 2, 25, 3, 5, 1, 7, 5, 22, 1, 1, 7, 4, 8, 4, 14, 3, 27, 2, 3, 13, 4, 0, 0, 0, 0, 0, 0, 0, 0, 0, 0, 0, 0, 0, : 25, 24, 2, 7, 12, 12, 2, 25, 3, 5, 1, 7, 5, 22, 1, 1, 7, 4, 8, 4, 14, 3, 27, 2, 3, 13, 4, 
73: 6, 2, 5, 5, 30, 19, 10, 2, 3, 32, 1, 20, 3, 5, 2, 30, 2, 0, 0, 0, 0, 0, 0, 0, 0, 0, 0, 0, 0, 0, 0, 0, 0, 0, 0, 0, 0, 0, 0, 0, : 6, 2, 5, 5, 30, 19, 10, 2, 3, 32, 1, 20, 3, 5, 2, 30, 2, 
74: 18, 1, 1, 1, 9, 3, 14, 1, 18, 26, 20, 8, 3, 4, 1, 2, 21, 1, 0, 0, 0, 0, 0, 0, 0, 0, 0, 0, 0, 0, 0, 0, 0, 0, 0, 0, 0, 0, 0, 0, : 18, 1, 1, 1, 9, 3, 14, 1, 18, 26, 20, 8, 3, 4, 1, 2, 21, 1, 
75: 7, 6, 4, 7, 7, 12, 2, 2, 17, 1, 1, 2, 2, 18, 17, 5, 0, 0, 0, 0, 0, 0, 0, 0, 0, 0, 0, 0, 0, 0, 0, 0, 0, 0, 0, 0, 0, 0, 0, 0, : 7, 6, 4, 7, 7, 12, 2, 2, 17, 1, 1, 2, 2, 18, 17, 5, 
76: 4, 1, 11, 10, 2, 31, 5, 5, 2, 8, 22, 2, 3, 1, 5, 1, 6, 2, 1, 1, 4, 18, 3, 1, 7, 0, 0, 0, 0, 0, 0, 0, 0, 0, 0, 0, 0, 0, 0, 0, : 4, 1, 11, 10, 2, 31, 5, 5, 2, 8, 22, 2, 3, 1, 5, 1, 6, 2, 1, 1, 4, 18, 3, 1, 7, 
77: 1, 2, 4, 26, 15, 3, 17, 1, 13, 7, 1, 3, 19, 8, 19, 5, 10, 1, 4, 2, 0, 0, 0, 0, 0, 0, 0, 0, 0, 0, 0, 0, 0, 0, 0, 0, 0, 0, 0, 0, : 1, 2, 4, 26, 15, 3, 17, 1, 13, 7, 1, 3, 19, 8, 19, 5, 10, 1, 4, 2, 
78: 1, 32, 2, 2, 6, 15, 11, 1, 2, 1, 1, 7, 31, 10, 9, 13, 5, 9, 5, 2, 4, 26, 0, 0, 0, 0, 0, 0, 0, 0, 0, 0, 0, 0, 0, 0, 0, 0, 0, 0, : 1, 32, 2, 2, 6, 15, 11, 1, 2, 1, 1, 7, 31, 10, 9, 13, 5, 9, 5, 2, 4, 26, 
79: 21, 18, 16, 3, 4, 1, 6, 3, 9, 1, 2, 4, 1, 1, 4, 7, 8, 2, 7, 3, 4, 1, 2, 1, 0, 0, 0, 0, 0, 0, 0, 0, 0, 0, 0, 0, 0, 0, 0, 0, : 21, 18, 16, 3, 4, 1, 6, 3, 9, 1, 2, 4, 1, 1, 4, 7, 8, 2, 7, 3, 4, 1, 2, 1, 
80: 2, 1, 30, 7, 2, 7, 1, 1, 25, 1, 1, 21, 5, 2, 3, 8, 18, 2, 4, 18, 1, 12, 7, 1, 0, 0, 0, 0, 0, 0, 0, 0, 0, 0, 0, 0, 0, 0, 0, 0, : 2, 1, 30, 7, 2, 7, 1, 1, 25, 1, 1, 21, 5, 2, 3, 8, 18, 2, 4, 18, 1, 12, 7, 1, 
81: 4, 9, 11, 3, 1, 14, 2, 6, 1, 1, 24, 2, 8, 8, 2, 29, 5, 3, 0, 0, 0, 0, 0, 0, 0, 0, 0, 0, 0, 0, 0, 0, 0, 0, 0, 0, 0, 0, 0, 0, : 4, 9, 11, 3, 1, 14, 2, 6, 1, 1, 24, 2, 8, 8, 2, 29, 5, 3, 
82: 32, 2, 8, 5, 23, 4, 12, 2, 1, 1, 7, 7, 1, 20, 8, 7, 16, 1, 4, 9, 9, 7, 0, 0, 0, 0, 0, 0, 0, 0, 0, 0, 0, 0, 0, 0, 0, 0, 0, 0, : 32, 2, 8, 5, 23, 4, 12, 2, 1, 1, 7, 7, 1, 20, 8, 7, 16, 1, 4, 9, 9, 7, 
83: 1, 16, 2, 2, 1, 13, 8, 19, 1, 6, 12, 1, 5, 12, 1, 1, 6, 1, 14, 0, 0, 0, 0, 0, 0, 0, 0, 0, 0, 0, 0, 0, 0, 0, 0, 0, 0, 0, 0, 0, : 1, 16, 2, 2, 1, 13, 8, 19, 1, 6, 12, 1, 5, 12, 1, 1, 6, 1, 14, 
84: 1, 20, 7, 10, 6, 11, 24, 6, 8, 8, 25, 5, 1, 29, 20, 1, 15, 3, 7, 10, 1, 1, 2, 4, 20, 1, 1, 1, 0, 0, 0, 0, 0, 0, 0, 0, 0, 0, 0, 0, : 1, 20, 7, 10, 6, 11, 24, 6, 8, 8, 25, 5, 1, 29, 20, 1, 15, 3, 7, 10, 1, 1, 2, 4, 20, 1, 1, 1, 
85: 3, 15, 11, 16, 2, 3, 8, 7, 7, 9, 7, 9, 11, 2, 11, 1, 26, 19, 7, 3, 11, 0, 0, 0, 0, 0, 0, 0, 0, 0, 0, 0, 0, 0, 0, 0, 0, 0, 0, 0, : 3, 15, 11, 16, 2, 3, 8, 7, 7, 9, 7, 9, 11, 2, 11, 1, 26, 19, 7, 3, 11, 
86: 31, 2, 3, 5, 3, 12, 7, 7, 10, 2, 2, 4, 1, 3, 19, 28, 1, 4, 3, 1, 5, 1, 0, 0, 0, 0, 0, 0, 0, 0, 0, 0, 0, 0, 0, 0, 0, 0, 0, 0, : 31, 2, 3, 5, 3, 12, 7, 7, 10, 2, 2, 4, 1, 3, 19, 28, 1, 4, 3, 1, 5, 1, 
87: 5, 26, 16, 23, 1, 5, 3, 6, 25, 3, 3, 10, 1, 5, 10, 15, 0, 0, 0, 0, 0, 0, 0, 0, 0, 0, 0, 0, 0, 0, 0, 0, 0, 0, 0, 0, 0, 0, 0, 0, : 5, 26, 16, 23, 1, 5, 3, 6, 25, 3, 3, 10, 1, 5, 10, 15, 
88: 20, 5, 2, 1, 2, 30, 1, 2, 0, 0, 0, 0, 0, 0, 0, 0, 0, 0, 0, 0, 0, 0, 0, 0, 0, 0, 0, 0, 0, 0, 0, 0, 0, 0, 0, 0, 0, 0, 0, 0, : 20, 5, 2, 1, 2, 30, 1, 2, 
89: 2, 15, 18, 13, 28, 5, 7, 1, 2, 32, 8, 3, 5, 1, 1, 5, 19, 0, 0, 0, 0, 0, 0, 0, 0, 0, 0, 0, 0, 0, 0, 0, 0, 0, 0, 0, 0, 0, 0, 0, : 2, 15, 18, 13, 28, 5, 7, 1, 2, 32, 8, 3, 5, 1, 1, 5, 19, 
90: 4, 2, 15, 6, 8, 2, 4, 4, 3, 12, 1, 2, 11, 3, 1, 2, 1, 3, 12, 2, 1, 3, 21, 3, 0, 0, 0, 0, 0, 0, 0, 0, 0, 0, 0, 0, 0, 0, 0, 0, : 4, 2, 15, 6, 8, 2, 4, 4, 3, 12, 1, 2, 11, 3, 1, 2, 1, 3, 12, 2, 1, 3, 21, 3, 
91: 2, 35, 11, 1, 5, 7, 17, 5, 10, 2, 1, 9, 3, 13, 3, 2, 12, 1, 8, 23, 5, 0, 0, 0, 0, 0, 0, 0, 0, 0, 0, 0, 0, 0, 0, 0, 0, 0, 0, 0, : 2, 35, 11, 1, 5, 7, 17, 5, 10, 2, 1, 9, 3, 13, 3, 2, 12, 1, 8, 23, 5, 
92: 5, 1, 4, 1, 21, 21, 1, 17, 8, 2, 7, 3, 3, 0, 0, 0, 0, 0, 0, 0, 0, 0, 0, 0, 0, 0, 0, 0, 0, 0, 0, 0, 0, 0, 0, 0, 0, 0, 0, 0, : 5, 1, 4, 1, 21, 21, 1, 17, 8, 2, 7, 3, 3, 
93: 1, 9, 4, 9, 2, 10, 7, 4, 3, 11, 17, 2, 5, 18, 4, 3, 4, 0, 0, 0, 0, 0, 0, 0, 0, 0, 0, 0, 0, 0, 0, 0, 0, 0, 0, 0, 0, 0, 0, 0, : 1, 9, 4, 9, 2, 10, 7, 4, 3, 11, 17, 2, 5, 18, 4, 3, 4, 
94: 6, 16, 6, 5, 1, 6, 4, 13, 10, 8, 4, 1, 4, 5, 8, 7, 4, 0, 0, 0, 0, 0, 0, 0, 0, 0, 0, 0, 0, 0, 0, 0, 0, 0, 0, 0, 0, 0, 0, 0, : 6, 16, 6, 5, 1, 6, 4, 13, 10, 8, 4, 1, 4, 5, 8, 7, 4, 
95: 3, 7, 4, 6, 1, 3, 1, 13, 1, 2, 5, 1, 1, 12, 11, 21, 11, 19, 1, 4, 1, 1, 3, 2, 0, 0, 0, 0, 0, 0, 0, 0, 0, 0, 0, 0, 0, 0, 0, 0, : 3, 7, 4, 6, 1, 3, 1, 13, 1, 2, 5, 1, 1, 12, 11, 21, 11, 19, 1, 4, 1, 1, 3, 2, 
96: 3, 4, 8, 21, 27, 10, 1, 11, 4, 18, 7, 11, 16, 4, 2, 1, 4, 2, 2, 7, 2, 0, 0, 0, 0, 0, 0, 0, 0, 0, 0, 0, 0, 0, 0, 0, 0, 0, 0, 0, : 3, 4, 8, 21, 27, 10, 1, 11, 4, 18, 7, 11, 16, 4, 2, 1, 4, 2, 2, 7, 2, 
97: 11, 16, 7, 1, 2, 6, 26, 7, 2, 2, 5, 4, 6, 10, 6, 7, 6, 13, 12, 12, 1, 3, 5, 0, 0, 0, 0, 0, 0, 0, 0, 0, 0, 0, 0, 0, 0, 0, 0, 0, : 11, 16, 7, 1, 2, 6, 26, 7, 2, 2, 5, 4, 6, 10, 6, 7, 6, 13, 12, 12, 1, 3, 5, 
98: 4, 1, 6, 2, 6, 10, 14, 23, 15, 4, 2, 1, 21, 4, 16, 11, 10, 7, 8, 15, 9, 6, 0, 0, 0, 0, 0, 0, 0, 0, 0, 0, 0, 0, 0, 0, 0, 0, 0, 0, : 4, 1, 6, 2, 6, 10, 14, 23, 15, 4, 2, 1, 21, 4, 16, 11, 10, 7, 8, 15, 9, 6, 
99: 2, 7, 12, 4, 12, 6, 3, 22, 27, 3, 11, 4, 2, 16, 4, 4, 6, 2, 2, 1, 11, 10, 7, 2, 30, 2, 4, 2, 2, 24, 0, 0, 0, 0, 0, 0, 0, 0, 0, 0, : 2, 7, 12, 4, 12, 6, 3, 22, 27, 3, 11, 4, 2, 16, 4, 4, 6, 2, 2, 1, 11, 10, 7, 2, 30, 2, 4, 2, 2, 24, 
100: 20, 7, 11, 13, 12, 1, 14, 5, 1, 10, 1, 1, 0, 0, 0, 0, 0, 0, 0, 0, 0, 0, 0, 0, 0, 0, 0, 0, 0, 0, 0, 0, 0, 0, 0, 0, 0, 0, 0, 0, : 20, 7, 11, 13, 12, 1, 14, 5, 1, 10, 1, 1, 
101: 1, 5, 7, 8, 11, 8, 2, 30, 15, 4, 4, 2, 8, 6, 3, 1, 1, 11, 11, 11, 2, 10, 6, 36, 1, 30, 13, 1, 14, 7, 16, 0, 0, 0, 0, 0, 0, 0, 0, 0, : 1, 5, 7, 8, 11, 8, 2, 30, 15, 4, 4, 2, 8, 6, 3, 1, 1, 11, 11, 11, 2, 10, 6, 36, 1, 30, 13, 1, 14, 7, 16, 
102: 11, 5, 14, 2, 3, 1, 21, 8, 14, 2, 3, 13, 2, 6, 8, 3, 27, 1, 12, 2, 23, 3, 2, 2, 14, 3, 11, 0, 0, 0, 0, 0, 0, 0, 0, 0, 0, 0, 0, 0, : 11, 5, 14, 2, 3, 1, 21, 8, 14, 2, 3, 13, 2, 6, 8, 3, 27, 1, 12, 2, 23, 3, 2, 2, 14, 3, 11, 
103: 5, 1, 3, 27, 4, 23, 18, 13, 7, 11, 4, 21, 33, 6, 18, 4, 24, 2, 11, 5, 3, 8, 0, 0, 0, 0, 0, 0, 0, 0, 0, 0, 0, 0, 0, 0, 0, 0, 0, 0, : 5, 1, 3, 27, 4, 23, 18, 13, 7, 11, 4, 21, 33, 6, 18, 4, 24, 2, 11, 5, 3, 8, 
104: 17, 8, 14, 1, 22, 1, 11, 36, 4, 18, 32, 23, 1, 4, 6, 17, 5, 1, 5, 6, 6, 3, 6, 3, 8, 0, 0, 0, 0, 0, 0, 0, 0, 0, 0, 0, 0, 0, 0, 0, : 17, 8, 14, 1, 22, 1, 11, 36, 4, 18, 32, 23, 1, 4, 6, 17, 5, 1, 5, 6, 6, 3, 6, 3, 8, 
105: 4, 1, 5, 6, 14, 12, 19, 2, 22, 1, 2, 37, 3, 11, 16, 3, 2, 0, 0, 0, 0, 0, 0, 0, 0, 0, 0, 0, 0, 0, 0, 0, 0, 0, 0, 0, 0, 0, 0, 0, : 4, 1, 5, 6, 14, 12, 19, 2, 22, 1, 2, 37, 3, 11, 16, 3, 2, 
106: 6, 5, 11, 17, 1, 5, 4, 7, 5, 34, 11, 2, 4, 22, 10, 11, 8, 14, 3, 17, 19, 0, 0, 0, 0, 0, 0, 0, 0, 0, 0, 0, 0, 0, 0, 0, 0, 0, 0, 0, : 6, 5, 11, 17, 1, 5, 4, 7, 5, 34, 11, 2, 4, 22, 10, 11, 8, 14, 3, 17, 19, 
107: 4, 2, 17, 1, 18, 2, 6, 1, 13, 6, 11, 6, 8, 8, 1, 1, 1, 16, 15, 20, 4, 2, 8, 0, 0, 0, 0, 0, 0, 0, 0, 0, 0, 0, 0, 0, 0, 0, 0, 0, : 4, 2, 17, 1, 18, 2, 6, 1, 13, 6, 11, 6, 8, 8, 1, 1, 1, 16, 15, 20, 4, 2, 8, 
108: 3, 20, 2, 8, 19, 27, 13, 1, 3, 16, 22, 8, 5, 16, 14, 5, 0, 0, 0, 0, 0, 0, 0, 0, 0, 0, 0, 0, 0, 0, 0, 0, 0, 0, 0, 0, 0, 0, 0, 0, : 3, 20, 2, 8, 19, 27, 13, 1, 3, 16, 22, 8, 5, 16, 14, 5, 
109: 13, 3, 12, 7, 2, 6, 14, 15, 7, 10, 5, 23, 4, 10, 2, 11, 1, 7, 4, 5, 12, 16, 0, 0, 0, 0, 0, 0, 0, 0, 0, 0, 0, 0, 0, 0, 0, 0, 0, 0, : 13, 3, 12, 7, 2, 6, 14, 15, 7, 10, 5, 23, 4, 10, 2, 11, 1, 7, 4, 5, 12, 16, 
110: 3, 4, 8, 13, 22, 3, 2, 1, 5, 27, 4, 5, 14, 5, 9, 12, 11, 0, 0, 0, 0, 0, 0, 0, 0, 0, 0, 0, 0, 0, 0, 0, 0, 0, 0, 0, 0, 0, 0, 0, : 3, 4, 8, 13, 22, 3, 2, 1, 5, 27, 4, 5, 14, 5, 9, 12, 11, 
111: 2, 4, 17, 5, 2, 11, 1, 9, 25, 3, 15, 4, 3, 16, 10, 2, 8, 12, 3, 12, 6, 2, 0, 0, 0, 0, 0, 0, 0, 0, 0, 0, 0, 0, 0, 0, 0, 0, 0, 0, : 2, 4, 17, 5, 2, 11, 1, 9, 25, 3, 15, 4, 3, 16, 10, 2, 8, 12, 3, 12, 6, 2, 
112: 5, 1, 10, 8, 4, 8, 6, 1, 4, 3, 6, 20, 2, 0, 0, 0, 0, 0, 0, 0, 0, 0, 0, 0, 0, 0, 0, 0, 0, 0, 0, 0, 0, 0, 0, 0, 0, 0, 0, 0, : 5, 1, 10, 8, 4, 8, 6, 1, 4, 3, 6, 20, 2, 
113: 4, 4, 3, 1, 7, 9, 23, 3, 22, 21, 1, 3, 1, 9, 1, 15, 12, 2, 5, 2, 3, 7, 23, 2, 24, 2, 10, 32, 11, 6, 0, 0, 0, 0, 0, 0, 0, 0, 0, 0, : 4, 4, 3, 1, 7, 9, 23, 3, 22, 21, 1, 3, 1, 9, 1, 15, 12, 2, 5, 2, 3, 7, 23, 2, 24, 2, 10, 32, 11, 6, 
114: 9, 7, 5, 5, 2, 2, 2, 18, 2, 9, 7, 3, 3, 10, 5, 10, 17, 2, 17, 0, 0, 0, 0, 0, 0, 0, 0, 0, 0, 0, 0, 0, 0, 0, 0, 0, 0, 0, 0, 0, : 9, 7, 5, 5, 2, 2, 2, 18, 2, 9, 7, 3, 3, 10, 5, 10, 17, 2, 17, 
115: 14, 9, 6, 5, 14, 11, 5, 2, 17, 6, 12, 12, 3, 1, 9, 2, 3, 11, 1, 13, 21, 0, 0, 0, 0, 0, 0, 0, 0, 0, 0, 0, 0, 0, 0, 0, 0, 0, 0, 0, : 14, 9, 6, 5, 14, 11, 5, 2, 17, 6, 12, 12, 3, 1, 9, 2, 3, 11, 1, 13, 21, 
116: 8, 12, 4, 16, 15, 12, 6, 15, 9, 29, 3, 1, 3, 12, 5, 14, 11, 2, 9, 16, 19, 2, 0, 0, 0, 0, 0, 0, 0, 0, 0, 0, 0, 0, 0, 0, 0, 0, 0, 0, : 8, 12, 4, 16, 15, 12, 6, 15, 9, 29, 3, 1, 3, 12, 5, 14, 11, 2, 9, 16, 19, 2, 
117: 3, 3, 3, 7, 8, 3, 2, 11, 4, 3, 3, 6, 24, 6, 13, 8, 1, 30, 13, 0, 0, 0, 0, 0, 0, 0, 0, 0, 0, 0, 0, 0, 0, 0, 0, 0, 0, 0, 0, 0, : 3, 3, 3, 7, 8, 3, 2, 11, 4, 3, 3, 6, 24, 6, 13, 8, 1, 30, 13, 
118: 3, 6, 13, 6, 1, 5, 5, 1, 14, 27, 2, 15, 17, 14, 4, 2, 17, 1, 4, 1, 9, 1, 14, 0, 0, 0, 0, 0, 0, 0, 0, 0, 0, 0, 0, 0, 0, 0, 0, 0, : 3, 6, 13, 6, 1, 5, 5, 1, 14, 27, 2, 15, 17, 14, 4, 2, 17, 1, 4, 1, 9, 1, 14, 
119: 4, 6, 2, 2, 4, 19, 3, 5, 1, 12, 6, 1, 8, 1, 3, 1, 15, 4, 0, 0, 0, 0, 0, 0, 0, 0, 0, 0, 0, 0, 0, 0, 0, 0, 0, 0, 0, 0, 0, 0, : 4, 6, 2, 2, 4, 19, 3, 5, 1, 12, 6, 1, 8, 1, 3, 1, 15, 4, 
120: 5, 6, 3, 21, 7, 7, 4, 3, 2, 2, 10, 16, 16, 21, 20, 15, 16, 16, 2, 0, 0, 0, 0, 0, 0, 0, 0, 0, 0, 0, 0, 0, 0, 0, 0, 0, 0, 0, 0, 0, : 5, 6, 3, 21, 7, 7, 4, 3, 2, 2, 10, 16, 16, 21, 20, 15, 16, 16, 2, 
121: 1, 11, 9, 11, 17, 2, 8, 1, 5, 6, 4, 4, 22, 9, 3, 0, 0, 0, 0, 0, 0, 0, 0, 0, 0, 0, 0, 0, 0, 0, 0, 0, 0, 0, 0, 0, 0, 0, 0, 0, : 1, 11, 9, 11, 17, 2, 8, 1, 5, 6, 4, 4, 22, 9, 3, 
122: 8, 9, 1, 4, 7, 6, 13, 7, 9, 1, 14, 2, 2, 8, 3, 6, 3, 15, 3, 6, 34, 23, 2, 4, 17, 0, 0, 0, 0, 0, 0, 0, 0, 0, 0, 0, 0, 0, 0, 0, : 8, 9, 1, 4, 7, 6, 13, 7, 9, 1, 14, 2, 2, 8, 3, 6, 3, 15, 3, 6, 34, 23, 2, 4, 17, 
123: 6, 1, 17, 3, 1, 1, 15, 4, 10, 5, 2, 1, 10, 1, 2, 1, 1, 23, 2, 7, 5, 12, 29, 0, 0, 0, 0, 0, 0, 0, 0, 0, 0, 0, 0, 0, 0, 0, 0, 0, : 6, 1, 17, 3, 1, 1, 15, 4, 10, 5, 2, 1, 10, 1, 2, 1, 1, 23, 2, 7, 5, 12, 29, 
124: 1, 6, 23, 6, 1, 3, 15, 10, 7, 8, 8, 2, 16, 33, 1, 1, 1, 5, 1, 12, 1, 6, 6, 1, 0, 0, 0, 0, 0, 0, 0, 0, 0, 0, 0, 0, 0, 0, 0, 0, : 1, 6, 23, 6, 1, 3, 15, 10, 7, 8, 8, 2, 16, 33, 1, 1, 1, 5, 1, 12, 1, 6, 6, 1, 
125: 36, 2, 3, 2, 2, 2, 8, 8, 4, 13, 5, 23, 4, 6, 3, 2, 6, 0, 0, 0, 0, 0, 0, 0, 0, 0, 0, 0, 0, 0, 0, 0, 0, 0, 0, 0, 0, 0, 0, 0, : 36, 2, 3, 2, 2, 2, 8, 8, 4, 13, 5, 23, 4, 6, 3, 2, 6, 
126: 13, 2, 11, 3, 7, 3, 22, 17, 19, 25, 3, 0, 0, 0, 0, 0, 0, 0, 0, 0, 0, 0, 0, 0, 0, 0, 0, 0, 0, 0, 0, 0, 0, 0, 0, 0, 0, 0, 0, 0, : 13, 2, 11, 3, 7, 3, 22, 17, 19, 25, 3, 
127: 10, 3, 13, 1, 8, 17, 1, 4, 4, 22, 1, 5, 11, 17, 0, 0, 0, 0, 0, 0, 0, 0, 0, 0, 0, 0, 0, 0, 0, 0, 0, 0, 0, 0, 0, 0, 0, 0, 0, 0, : 10, 3, 13, 1, 8, 17, 1, 4, 4, 22, 1, 5, 11, 17, 
128: 1, 13, 5, 3, 3, 6, 4, 13, 25, 1, 35, 3, 4, 7, 1, 14, 2, 2, 3, 0, 0, 0, 0, 0, 0, 0, 0, 0, 0, 0, 0, 0, 0, 0, 0, 0, 0, 0, 0, 0, : 1, 13, 5, 3, 3, 6, 4, 13, 25, 1, 35, 3, 4, 7, 1, 14, 2, 2, 3, 
129: 4, 28, 8, 7, 10, 1, 1, 5, 2, 5, 1, 4, 18, 1, 2, 4, 1, 0, 0, 0, 0, 0, 0, 0, 0, 0, 0, 0, 0, 0, 0, 0, 0, 0, 0, 0, 0, 0, 0, 0, : 4, 28, 8, 7, 10, 1, 1, 5, 2, 5, 1, 4, 18, 1, 2, 4, 1, 
130: 2, 16, 4, 5, 1, 21, 1, 3, 10, 9, 14, 3, 7, 5, 4, 7, 2, 14, 2, 2, 1, 7, 7, 0, 0, 0, 0, 0, 0, 0, 0, 0, 0, 0, 0, 0, 0, 0, 0, 0, : 2, 16, 4, 5, 1, 21, 1, 3, 10, 9, 14, 3, 7, 5, 4, 7, 2, 14, 2, 2, 1, 7, 7, 
131: 1, 1, 5, 1, 30, 2, 8, 9, 13, 7, 5, 19, 11, 0, 0, 0, 0, 0, 0, 0, 0, 0, 0, 0, 0, 0, 0, 0, 0, 0, 0, 0, 0, 0, 0, 0, 0, 0, 0, 0, : 1, 1, 5, 1, 30, 2, 8, 9, 13, 7, 5, 19, 11, 
132: 5, 11, 19, 33, 20, 1, 13, 11, 2, 9, 20, 26, 10, 12, 4, 23, 3, 6, 14, 12, 22, 0, 0, 0, 0, 0, 0, 0, 0, 0, 0, 0, 0, 0, 0, 0, 0, 0, 0, 0, : 5, 11, 19, 33, 20, 1, 13, 11, 2, 9, 20, 26, 10, 12, 4, 23, 3, 6, 14, 12, 22, 
133: 1, 30, 3, 2, 5, 2, 1, 5, 9, 1, 0, 0, 0, 0, 0, 0, 0, 0, 0, 0, 0, 0, 0, 0, 0, 0, 0, 0, 0, 0, 0, 0, 0, 0, 0, 0, 0, 0, 0, 0, : 1, 30, 3, 2, 5, 2, 1, 5, 9, 1, 
134: 3, 3, 15, 2, 10, 5, 1, 3, 8, 6, 6, 1, 4, 19, 1, 7, 0, 0, 0, 0, 0, 0, 0, 0, 0, 0, 0, 0, 0, 0, 0, 0, 0, 0, 0, 0, 0, 0, 0, 0, : 3, 3, 15, 2, 10, 5, 1, 3, 8, 6, 6, 1, 4, 19, 1, 7, 
135: 29, 4, 6, 15, 9, 9, 1, 3, 7, 6, 4, 22, 16, 5, 2, 14, 0, 0, 0, 0, 0, 0, 0, 0, 0, 0, 0, 0, 0, 0, 0, 0, 0, 0, 0, 0, 0, 0, 0, 0, : 29, 4, 6, 15, 9, 9, 1, 3, 7, 6, 4, 22, 16, 5, 2, 14, 
136: 5, 12, 2, 9, 1, 2, 21, 12, 8, 4, 14, 9, 10, 3, 7, 0, 0, 0, 0, 0, 0, 0, 0, 0, 0, 0, 0, 0, 0, 0, 0, 0, 0, 0, 0, 0, 0, 0, 0, 0, : 5, 12, 2, 9, 1, 2, 21, 12, 8, 4, 14, 9, 10, 3, 7, 
137: 18, 7, 1, 23, 2, 14, 2, 4, 4, 2, 5, 1, 1, 2, 14, 28, 29, 0, 0, 0, 0, 0, 0, 0, 0, 0, 0, 0, 0, 0, 0, 0, 0, 0, 0, 0, 0, 0, 0, 0, : 18, 7, 1, 23, 2, 14, 2, 4, 4, 2, 5, 1, 1, 2, 14, 28, 29, 
138: 11, 2, 5, 9, 10, 2, 3, 8, 17, 15, 3, 2, 2, 7, 1, 1, 8, 2, 3, 1, 1, 1, 11, 16, 0, 0, 0, 0, 0, 0, 0, 0, 0, 0, 0, 0, 0, 0, 0, 0, : 11, 2, 5, 9, 10, 2, 3, 8, 17, 15, 3, 2, 2, 7, 1, 1, 8, 2, 3, 1, 1, 1, 11, 16, 
139: 12, 1, 1, 2, 8, 3, 11, 30, 7, 22, 16, 32, 12, 1, 24, 32, 11, 19, 2, 2, 6, 1, 2, 7, 8, 3, 8, 8, 0, 0, 0, 0, 0, 0, 0, 0, 0, 0, 0, 0, : 12, 1, 1, 2, 8, 3, 11, 30, 7, 22, 16, 32, 12, 1, 24, 32, 11, 19, 2, 2, 6, 1, 2, 7, 8, 3, 8, 8, 
140: 1, 1, 24, 3, 5, 1, 17, 5, 2, 11, 16, 5, 20, 3, 2, 11, 5, 1, 11, 13, 1, 30, 9, 0, 0, 0, 0, 0, 0, 0, 0, 0, 0, 0, 0, 0, 0, 0, 0, 0, : 1, 1, 24, 3, 5, 1, 17, 5, 2, 11, 16, 5, 20, 3, 2, 11, 5, 1, 11, 13, 1, 30, 9, 
141: 2, 1, 19, 2, 4, 1, 11, 2, 4, 1, 4, 3, 13, 27, 1, 1, 13, 1, 1, 0, 0, 0, 0, 0, 0, 0, 0, 0, 0, 0, 0, 0, 0, 0, 0, 0, 0, 0, 0, 0, : 2, 1, 19, 2, 4, 1, 11, 2, 4, 1, 4, 3, 13, 27, 1, 1, 13, 1, 1, 
142: 7, 4, 8, 5, 14, 29, 7, 9, 3, 1, 5, 4, 17, 13, 2, 3, 6, 7, 2, 1, 0, 0, 0, 0, 0, 0, 0, 0, 0, 0, 0, 0, 0, 0, 0, 0, 0, 0, 0, 0, : 7, 4, 8, 5, 14, 29, 7, 9, 3, 1, 5, 4, 17, 13, 2, 3, 6, 7, 2, 1, 
143: 11, 5, 2, 29, 2, 2, 2, 1, 25, 4, 18, 7, 14, 7, 3, 2, 10, 17, 6, 0, 0, 0, 0, 0, 0, 0, 0, 0, 0, 0, 0, 0, 0, 0, 0, 0, 0, 0, 0, 0, : 11, 5, 2, 29, 2, 2, 2, 1, 25, 4, 18, 7, 14, 7, 3, 2, 10, 17, 6, 
144: 1, 10, 1, 7, 18, 3, 27, 20, 28, 15, 34, 5, 22, 3, 2, 1, 4, 17, 1, 17, 1, 0, 0, 0, 0, 0, 0, 0, 0, 0, 0, 0, 0, 0, 0, 0, 0, 0, 0, 0, : 1, 10, 1, 7, 18, 3, 27, 20, 28, 15, 34, 5, 22, 3, 2, 1, 4, 17, 1, 17, 1, 
145: 15, 10, 17, 16, 5, 4, 2, 2, 15, 16, 3, 18, 16, 6, 2, 2, 4, 2, 23, 7, 3, 19, 11, 13, 3, 2, 20, 2, 0, 0, 0, 0, 0, 0, 0, 0, 0, 0, 0, 0, : 15, 10, 17, 16, 5, 4, 2, 2, 15, 16, 3, 18, 16, 6, 2, 2, 4, 2, 23, 7, 3, 19, 11, 13, 3, 2, 20, 2, 
146: 7, 23, 9, 7, 2, 14, 36, 3, 10, 1, 3, 31, 27, 34, 25, 8, 15, 23, 7, 6, 5, 15, 31, 1, 25, 15, 0, 0, 0, 0, 0, 0, 0, 0, 0, 0, 0, 0, 0, 0, : 7, 23, 9, 7, 2, 14, 36, 3, 10, 1, 3, 31, 27, 34, 25, 8, 15, 23, 7, 6, 5, 15, 31, 1, 25, 15, 
147: 5, 3, 11, 6, 11, 2, 2, 3, 2, 6, 2, 9, 2, 10, 18, 6, 2, 16, 14, 12, 1, 12, 3, 0, 0, 0, 0, 0, 0, 0, 0, 0, 0, 0, 0, 0, 0, 0, 0, 0, : 5, 3, 11, 6, 11, 2, 2, 3, 2, 6, 2, 9, 2, 10, 18, 6, 2, 16, 14, 12, 1, 12, 3, 
148: 4, 22, 11, 4, 24, 2, 1, 12, 10, 1, 16, 2, 5, 15, 0, 0, 0, 0, 0, 0, 0, 0, 0, 0, 0, 0, 0, 0, 0, 0, 0, 0, 0, 0, 0, 0, 0, 0, 0, 0, : 4, 22, 11, 4, 24, 2, 1, 12, 10, 1, 16, 2, 5, 15, 
149: 1, 14, 22, 2, 7, 2, 2, 2, 1, 1, 9, 17, 7, 8, 2, 6, 1, 13, 21, 13, 6, 1, 15, 1, 4, 0, 0, 0, 0, 0, 0, 0, 0, 0, 0, 0, 0, 0, 0, 0, : 1, 14, 22, 2, 7, 2, 2, 2, 1, 1, 9, 17, 7, 8, 2, 6, 1, 13, 21, 13, 6, 1, 15, 1, 4, 
150: 12, 25, 20, 11, 37, 29, 3, 1, 15, 2, 10, 12, 15, 7, 0, 0, 0, 0, 0, 0, 0, 0, 0, 0, 0, 0, 0, 0, 0, 0, 0, 0, 0, 0, 0, 0, 0, 0, 0, 0, : 12, 25, 20, 11, 37, 29, 3, 1, 15, 2, 10, 12, 15, 7, 
151: 25, 4, 8, 4, 19, 11, 6, 2, 6, 9, 20, 18, 2, 10, 24, 0, 0, 0, 0, 0, 0, 0, 0, 0, 0, 0, 0, 0, 0, 0, 0, 0, 0, 0, 0, 0, 0, 0, 0, 0, : 25, 4, 8, 4, 19, 11, 6, 2, 6, 9, 20, 18, 2, 10, 24, 
152: 3, 1, 4, 2, 7, 9, 14, 10, 7, 8, 2, 8, 5, 2, 2, 19, 8, 6, 2, 0, 0, 0, 0, 0, 0, 0, 0, 0, 0, 0, 0, 0, 0, 0, 0, 0, 0, 0, 0, 0, : 3, 1, 4, 2, 7, 9, 14, 10, 7, 8, 2, 8, 5, 2, 2, 19, 8, 6, 2, 
153: 21, 4, 5, 11, 3, 4, 1, 1, 4, 1, 1, 15, 7, 1, 1, 0, 0, 0, 0, 0, 0, 0, 0, 0, 0, 0, 0, 0, 0, 0, 0, 0, 0, 0, 0, 0, 0, 0, 0, 0, : 21, 4, 5, 11, 3, 4, 1, 1, 4, 1, 1, 15, 7, 1, 1, 
154: 8, 1, 14, 3, 24, 1, 3, 15, 9, 3, 0, 0, 0, 0, 0, 0, 0, 0, 0, 0, 0, 0, 0, 0, 0, 0, 0, 0, 0, 0, 0, 0, 0, 0, 0, 0, 0, 0, 0, 0, : 8, 1, 14, 3, 24, 1, 3, 15, 9, 3, 
155: 31, 5, 7, 3, 6, 11, 16, 17, 7, 16, 5, 14, 7, 3, 1, 5, 0, 0, 0, 0, 0, 0, 0, 0, 0, 0, 0, 0, 0, 0, 0, 0, 0, 0, 0, 0, 0, 0, 0, 0, : 31, 5, 7, 3, 6, 11, 16, 17, 7, 16, 5, 14, 7, 3, 1, 5, 
156: 5, 1, 1, 8, 25, 2, 3, 1, 3, 16, 1, 4, 18, 4, 2, 1, 2, 10, 19, 1, 28, 4, 21, 2, 12, 5, 4, 6, 6, 1, 0, 0, 0, 0, 0, 0, 0, 0, 0, 0, : 5, 1, 1, 8, 25, 2, 3, 1, 3, 16, 1, 4, 18, 4, 2, 1, 2, 10, 19, 1, 28, 4, 21, 2, 12, 5, 4, 6, 6, 1, 
157: 20, 4, 19, 5, 17, 17, 4, 2, 3, 1, 1, 15, 22, 1, 3, 4, 6, 2, 0, 0, 0, 0, 0, 0, 0, 0, 0, 0, 0, 0, 0, 0, 0, 0, 0, 0, 0, 0, 0, 0, : 20, 4, 19, 5, 17, 17, 4, 2, 3, 1, 1, 15, 22, 1, 3, 4, 6, 2, 
158: 24, 2, 6, 1, 7, 6, 1, 6, 2, 36, 10, 10, 34, 0, 0, 0, 0, 0, 0, 0, 0, 0, 0, 0, 0, 0, 0, 0, 0, 0, 0, 0, 0, 0, 0, 0, 0, 0, 0, 0, : 24, 2, 6, 1, 7, 6, 1, 6, 2, 36, 10, 10, 34, 
159: 4, 6, 13, 2, 32, 23, 2, 9, 3, 1, 2, 14, 3, 2, 19, 1, 18, 0, 0, 0, 0, 0, 0, 0, 0, 0, 0, 0, 0, 0, 0, 0, 0, 0, 0, 0, 0, 0, 0, 0, : 4, 6, 13, 2, 32, 23, 2, 9, 3, 1, 2, 14, 3, 2, 19, 1, 18, 
160: 23, 2, 3, 1, 23, 1, 16, 2, 1, 15, 7, 20, 12, 2, 1, 5, 6, 7, 4, 1, 14, 6, 3, 11, 10, 7, 0, 0, 0, 0, 0, 0, 0, 0, 0, 0, 0, 0, 0, 0, : 23, 2, 3, 1, 23, 1, 16, 2, 1, 15, 7, 20, 12, 2, 1, 5, 6, 7, 4, 1, 14, 6, 3, 11, 10, 7, 
161: 21, 10, 4, 1, 9, 2, 17, 3, 11, 5, 3, 25, 32, 4, 15, 10, 10, 1, 2, 1, 6, 1, 14, 20, 3, 8, 0, 0, 0, 0, 0, 0, 0, 0, 0, 0, 0, 0, 0, 0, : 21, 10, 4, 1, 9, 2, 17, 3, 11, 5, 3, 25, 32, 4, 15, 10, 10, 1, 2, 1, 6, 1, 14, 20, 3, 8, 
162: 4, 25, 9, 7, 26, 3, 10, 5, 3, 1, 5, 15, 3, 17, 3, 28, 12, 13, 1, 4, 2, 10, 2, 1, 5, 35, 0, 0, 0, 0, 0, 0, 0, 0, 0, 0, 0, 0, 0, 0, : 4, 25, 9, 7, 26, 3, 10, 5, 3, 1, 5, 15, 3, 17, 3, 28, 12, 13, 1, 4, 2, 10, 2, 1, 5, 35, 
163: 2, 10, 7, 1, 2, 1, 3, 1, 3, 20, 1, 5, 12, 3, 11, 8, 12, 1, 2, 2, 1, 1, 2, 0, 0, 0, 0, 0, 0, 0, 0, 0, 0, 0, 0, 0, 0, 0, 0, 0, : 2, 10, 7, 1, 2, 1, 3, 1, 3, 20, 1, 5, 12, 3, 11, 8, 12, 1, 2, 2, 1, 1, 2, 
164: 23, 5, 20, 1, 1, 6, 2, 22, 8, 2, 21, 2, 7, 6, 8, 2, 0, 0, 0, 0, 0, 0, 0, 0, 0, 0, 0, 0, 0, 0, 0, 0, 0, 0, 0, 0, 0, 0, 0, 0, : 23, 5, 20, 1, 1, 6, 2, 22, 8, 2, 21, 2, 7, 6, 8, 2, 
165: 4, 11, 1, 9, 28, 1, 14, 12, 3, 12, 2, 16, 15, 3, 9, 3, 1, 17, 6, 6, 26, 31, 9, 0, 0, 0, 0, 0, 0, 0, 0, 0, 0, 0, 0, 0, 0, 0, 0, 0, : 4, 11, 1, 9, 28, 1, 14, 12, 3, 12, 2, 16, 15, 3, 9, 3, 1, 17, 6, 6, 26, 31, 9, 
166: 1, 21, 1, 6, 3, 2, 12, 1, 4, 1, 19, 8, 12, 6, 10, 11, 15, 2, 1, 1, 1, 10, 0, 0, 0, 0, 0, 0, 0, 0, 0, 0, 0, 0, 0, 0, 0, 0, 0, 0, : 1, 21, 1, 6, 3, 2, 12, 1, 4, 1, 19, 8, 12, 6, 10, 11, 15, 2, 1, 1, 1, 10, 
167: 3, 21, 1, 4, 8, 7, 1, 2, 9, 2, 15, 11, 8, 1, 2, 14, 16, 0, 0, 0, 0, 0, 0, 0, 0, 0, 0, 0, 0, 0, 0, 0, 0, 0, 0, 0, 0, 0, 0, 0, : 3, 21, 1, 4, 8, 7, 1, 2, 9, 2, 15, 11, 8, 1, 2, 14, 16, 
168: 3, 14, 6, 15, 33, 23, 17, 17, 9, 4, 23, 8, 11, 0, 0, 0, 0, 0, 0, 0, 0, 0, 0, 0, 0, 0, 0, 0, 0, 0, 0, 0, 0, 0, 0, 0, 0, 0, 0, 0, : 3, 14, 6, 15, 33, 23, 17, 17, 9, 4, 23, 8, 11, 
169: 26, 3, 11, 15, 1, 1, 1, 3, 4, 2, 16, 8, 11, 8, 3, 6, 9, 12, 4, 1, 0, 0, 0, 0, 0, 0, 0, 0, 0, 0, 0, 0, 0, 0, 0, 0, 0, 0, 0, 0, : 26, 3, 11, 15, 1, 1, 1, 3, 4, 2, 16, 8, 11, 8, 3, 6, 9, 12, 4, 1, 
170: 10, 1, 3, 4, 3, 4, 1, 5, 2, 6, 3, 17, 14, 2, 12, 9, 26, 16, 1, 0, 0, 0, 0, 0, 0, 0, 0, 0, 0, 0, 0, 0, 0, 0, 0, 0, 0, 0, 0, 0, : 10, 1, 3, 4, 3, 4, 1, 5, 2, 6, 3, 17, 14, 2, 12, 9, 26, 16, 1, 
171: 1, 2, 10, 1, 6, 15, 4, 13, 7, 5, 2, 20, 25, 1, 17, 5, 1, 4, 4, 7, 2, 4, 3, 2, 0, 0, 0, 0, 0, 0, 0, 0, 0, 0, 0, 0, 0, 0, 0, 0, : 1, 2, 10, 1, 6, 15, 4, 13, 7, 5, 2, 20, 25, 1, 17, 5, 1, 4, 4, 7, 2, 4, 3, 2, 
172: 3, 1, 31, 7, 8, 1, 16, 12, 6, 13, 1, 2, 10, 11, 12, 37, 10, 7, 0, 0, 0, 0, 0, 0, 0, 0, 0, 0, 0, 0, 0, 0, 0, 0, 0, 0, 0, 0, 0, 0, : 3, 1, 31, 7, 8, 1, 16, 12, 6, 13, 1, 2, 10, 11, 12, 37, 10, 7, 
173: 7, 22, 11, 5, 25, 2, 6, 4, 9, 3, 21, 3, 3, 7, 16, 2, 32, 8, 15, 19, 0, 0, 0, 0, 0, 0, 0, 0, 0, 0, 0, 0, 0, 0, 0, 0, 0, 0, 0, 0, : 7, 22, 11, 5, 25, 2, 6, 4, 9, 3, 21, 3, 3, 7, 16, 2, 32, 8, 15, 19, 
174: 8, 1, 5, 25, 2, 10, 7, 8, 4, 8, 3, 10, 5, 6, 31, 20, 3, 2, 7, 6, 15, 1, 2, 11, 4, 0, 0, 0, 0, 0, 0, 0, 0, 0, 0, 0, 0, 0, 0, 0, : 8, 1, 5, 25, 2, 10, 7, 8, 4, 8, 3, 10, 5, 6, 31, 20, 3, 2, 7, 6, 15, 1, 2, 11, 4, 
175: 5, 13, 1, 5, 1, 15, 3, 19, 28, 21, 1, 2, 22, 3, 13, 1, 1, 7, 24, 2, 21, 1, 21, 13, 24, 21, 4, 1, 1, 0, 0, 0, 0, 0, 0, 0, 0, 0, 0, 0, : 5, 13, 1, 5, 1, 15, 3, 19, 28, 21, 1, 2, 22, 3, 13, 1, 1, 7, 24, 2, 21, 1, 21, 13, 24, 21, 4, 1, 1, 
176: 4, 1, 6, 4, 7, 2, 7, 6, 4, 8, 15, 3, 28, 3, 3, 4, 11, 6, 11, 13, 14, 1, 8, 0, 0, 0, 0, 0, 0, 0, 0, 0, 0, 0, 0, 0, 0, 0, 0, 0, : 4, 1, 6, 4, 7, 2, 7, 6, 4, 8, 15, 3, 28, 3, 3, 4, 11, 6, 11, 13, 14, 1, 8, 
177: 5, 5, 19, 1, 31, 4, 14, 2, 3, 3, 14, 5, 3, 5, 5, 9, 6, 4, 3, 12, 5, 3, 1, 0, 0, 0, 0, 0, 0, 0, 0, 0, 0, 0, 0, 0, 0, 0, 0, 0, : 5, 5, 19, 1, 31, 4, 14, 2, 3, 3, 14, 5, 3, 5, 5, 9, 6, 4, 3, 12, 5, 3, 1, 
178: 7, 25, 1, 1, 12, 2, 3, 3, 21, 2, 8, 20, 8, 7, 3, 1, 15, 6, 1, 3, 18, 10, 8, 0, 0, 0, 0, 0, 0, 0, 0, 0, 0, 0, 0, 0, 0, 0, 0, 0, : 7, 25, 1, 1, 12, 2, 3, 3, 21, 2, 8, 20, 8, 7, 3, 1, 15, 6, 1, 3, 18, 10, 8, 
179: 14, 30, 5, 6, 3, 6, 13, 6, 8, 1, 6, 2, 21, 0, 0, 0, 0, 0, 0, 0, 0, 0, 0, 0, 0, 0, 0, 0, 0, 0, 0, 0, 0, 0, 0, 0, 0, 0, 0, 0, : 14, 30, 5, 6, 3, 6, 13, 6, 8, 1, 6, 2, 21, 
180: 7, 16, 2, 9, 1, 2, 14, 4, 27, 2, 1, 1, 22, 1, 7, 7, 26, 2, 1, 0, 0, 0, 0, 0, 0, 0, 0, 0, 0, 0, 0, 0, 0, 0, 0, 0, 0, 0, 0, 0, : 7, 16, 2, 9, 1, 2, 14, 4, 27, 2, 1, 1, 22, 1, 7, 7, 26, 2, 1, 
181: 7, 1, 3, 14, 14, 3, 24, 3, 8, 1, 2, 1, 11, 18, 1, 19, 5, 7, 7, 2, 11, 3, 6, 0, 0, 0, 0, 0, 0, 0, 0, 0, 0, 0, 0, 0, 0, 0, 0, 0, : 7, 1, 3, 14, 14, 3, 24, 3, 8, 1, 2, 1, 11, 18, 1, 19, 5, 7, 7, 2, 11, 3, 6, 
182: 6, 2, 3, 2, 4, 6, 19, 4, 4, 2, 1, 1, 5, 14, 0, 0, 0, 0, 0, 0, 0, 0, 0, 0, 0, 0, 0, 0, 0, 0, 0, 0, 0, 0, 0, 0, 0, 0, 0, 0, : 6, 2, 3, 2, 4, 6, 19, 4, 4, 2, 1, 1, 5, 14, 
183: 2, 8, 25, 1, 4, 2, 9, 12, 29, 10, 23, 8, 10, 1, 4, 12, 20, 6, 13, 6, 3, 7, 0, 0, 0, 0, 0, 0, 0, 0, 0, 0, 0, 0, 0, 0, 0, 0, 0, 0, : 2, 8, 25, 1, 4, 2, 9, 12, 29, 10, 23, 8, 10, 1, 4, 12, 20, 6, 13, 6, 3, 7, 
184: 2, 17, 2, 5, 2, 7, 7, 14, 7, 3, 21, 8, 3, 2, 9, 5, 0, 0, 0, 0, 0, 0, 0, 0, 0, 0, 0, 0, 0, 0, 0, 0, 0, 0, 0, 0, 0, 0, 0, 0, : 2, 17, 2, 5, 2, 7, 7, 14, 7, 3, 21, 8, 3, 2, 9, 5, 
185: 1, 12, 1, 1, 16, 30, 5, 6, 2, 3, 5, 11, 1, 1, 8, 2, 3, 1, 19, 1, 17, 2, 0, 0, 0, 0, 0, 0, 0, 0, 0, 0, 0, 0, 0, 0, 0, 0, 0, 0, : 1, 12, 1, 1, 16, 30, 5, 6, 2, 3, 5, 11, 1, 1, 8, 2, 3, 1, 19, 1, 17, 2, 
186: 5, 17, 1, 17, 5, 17, 7, 9, 9, 5, 5, 2, 23, 0, 0, 0, 0, 0, 0, 0, 0, 0, 0, 0, 0, 0, 0, 0, 0, 0, 0, 0, 0, 0, 0, 0, 0, 0, 0, 0, : 5, 17, 1, 17, 5, 17, 7, 9, 9, 5, 5, 2, 23, 
187: 8, 14, 24, 23, 3, 1, 34, 2, 1, 1, 16, 13, 13, 8, 8, 4, 20, 22, 16, 1, 6, 7, 0, 0, 0, 0, 0, 0, 0, 0, 0, 0, 0, 0, 0, 0, 0, 0, 0, 0, : 8, 14, 24, 23, 3, 1, 34, 2, 1, 1, 16, 13, 13, 8, 8, 4, 20, 22, 16, 1, 6, 7, 
188: 4, 13, 5, 11, 7, 4, 9, 7, 5, 2, 12, 9, 12, 6, 23, 22, 6, 0, 0, 0, 0, 0, 0, 0, 0, 0, 0, 0, 0, 0, 0, 0, 0, 0, 0, 0, 0, 0, 0, 0, : 4, 13, 5, 11, 7, 4, 9, 7, 5, 2, 12, 9, 12, 6, 23, 22, 6, 
189: 3, 10, 2, 10, 1, 1, 12, 31, 7, 20, 12, 9, 1, 2, 1, 3, 2, 3, 1, 9, 9, 2, 13, 17, 21, 2, 3, 0, 0, 0, 0, 0, 0, 0, 0, 0, 0, 0, 0, 0, : 3, 10, 2, 10, 1, 1, 12, 31, 7, 20, 12, 9, 1, 2, 1, 3, 2, 3, 1, 9, 9, 2, 13, 17, 21, 2, 3, 
190: 8, 1, 10, 16, 11, 8, 18, 8, 1, 6, 2, 15, 1, 20, 13, 7, 1, 16, 3, 18, 7, 0, 0, 0, 0, 0, 0, 0, 0, 0, 0, 0, 0, 0, 0, 0, 0, 0, 0, 0, : 8, 1, 10, 16, 11, 8, 18, 8, 1, 6, 2, 15, 1, 20, 13, 7, 1, 16, 3, 18, 7, 
191: 2, 6, 3, 8, 3, 3, 5, 5, 1, 6, 5, 13, 13, 2, 2, 3, 1, 4, 2, 5, 11, 25, 6, 4, 15, 5, 0, 0, 0, 0, 0, 0, 0, 0, 0, 0, 0, 0, 0, 0, : 2, 6, 3, 8, 3, 3, 5, 5, 1, 6, 5, 13, 13, 2, 2, 3, 1, 4, 2, 5, 11, 25, 6, 4, 15, 5, 
192: 26, 12, 5, 7, 1, 1, 4, 1, 8, 8, 11, 5, 18, 14, 8, 3, 19, 16, 2, 14, 3, 11, 3, 21, 9, 0, 0, 0, 0, 0, 0, 0, 0, 0, 0, 0, 0, 0, 0, 0, : 26, 12, 5, 7, 1, 1, 4, 1, 8, 8, 11, 5, 18, 14, 8, 3, 19, 16, 2, 14, 3, 11, 3, 21, 9, 
193: 19, 26, 1, 13, 7, 1, 4, 1, 11, 5, 1, 9, 9, 13, 9, 9, 3, 6, 9, 15, 5, 11, 4, 26, 0, 0, 0, 0, 0, 0, 0, 0, 0, 0, 0, 0, 0, 0, 0, 0, : 19, 26, 1, 13, 7, 1, 4, 1, 11, 5, 1, 9, 9, 13, 9, 9, 3, 6, 9, 15, 5, 11, 4, 26, 
194: 8, 1, 5, 3, 8, 6, 8, 7, 8, 4, 37, 2, 9, 5, 1, 2, 9, 8, 11, 10, 11, 0, 0, 0, 0, 0, 0, 0, 0, 0, 0, 0, 0, 0, 0, 0, 0, 0, 0, 0, : 8, 1, 5, 3, 8, 6, 8, 7, 8, 4, 37, 2, 9, 5, 1, 2, 9, 8, 11, 10, 11, 
195: 4, 20, 20, 8, 13, 27, 15, 4, 11, 1, 1, 0, 0, 0, 0, 0, 0, 0, 0, 0, 0, 0, 0, 0, 0, 0, 0, 0, 0, 0, 0, 0, 0, 0, 0, 0, 0, 0, 0, 0, : 4, 20, 20, 8, 13, 27, 15, 4, 11, 1, 1, 
196: 6, 11, 11, 8, 1, 6, 19, 28, 9, 4, 12, 11, 24, 16, 23, 13, 11, 22, 17, 16, 1, 19, 0, 0, 0, 0, 0, 0, 0, 0, 0, 0, 0, 0, 0, 0, 0, 0, 0, 0, : 6, 11, 11, 8, 1, 6, 19, 28, 9, 4, 12, 11, 24, 16, 23, 13, 11, 22, 17, 16, 1, 19, 
197: 11, 35, 20, 8, 13, 7, 26, 17, 10, 1, 12, 3, 13, 4, 3, 2, 1, 7, 0, 0, 0, 0, 0, 0, 0, 0, 0, 0, 0, 0, 0, 0, 0, 0, 0, 0, 0, 0, 0, 0, : 11, 35, 20, 8, 13, 7, 26, 17, 10, 1, 12, 3, 13, 4, 3, 2, 1, 7, 
198: 7, 1, 5, 3, 1, 2, 22, 1, 22, 3, 12, 9, 7, 1, 1, 10, 2, 14, 2, 15, 19, 6, 3, 13, 0, 0, 0, 0, 0, 0, 0, 0, 0, 0, 0, 0, 0, 0, 0, 0, : 7, 1, 5, 3, 1, 2, 22, 1, 22, 3, 12, 9, 7, 1, 1, 10, 2, 14, 2, 15, 19, 6, 3, 13, 
199: 18, 20, 9, 3, 5, 5, 22, 3, 2, 12, 10, 6, 3, 3, 9, 24, 5, 8, 6, 1, 2, 23, 6, 15, 17, 0, 0, 0, 0, 0, 0, 0, 0, 0, 0, 0, 0, 0, 0, 0, : 18, 20, 9, 3, 5, 5, 22, 3, 2, 12, 10, 6, 3, 3, 9, 24, 5, 8, 6, 1, 2, 23, 6, 15, 17, 
200: 12, 17, 9, 8, 6, 17, 1, 15, 2, 8, 1, 0, 0, 0, 0, 0, 0, 0, 0, 0, 0, 0, 0, 0, 0, 0, 0, 0, 0, 0, 0, 0, 0, 0, 0, 0, 0, 0, 0, 0, : 12, 17, 9, 8, 6, 17, 1, 15, 2, 8, 1, 


