40
40
1: 1, 30, 12, 14, 5, 17, 28, 1, 3, 19, 1, 28, 18, 1, 10, 14, 8, 11, 2, 1, 11, 7, 5, 1, 0, 0, 0, 0, 0, 0, 0, 0, 0, 0, 0, 0, 0, 0, 0, 0, : 1, 30, 12, 14, 5, 17, 28, 1, 3, 19, 1, 28, 18, 1, 10, 14, 8, 11, 2, 1, 11, 7, 5, 1, 
2: 3, 8, 3, 21, 1, 5, 2, 1, 2, 4, 9, 12, 15, 31, 8, 7, 28, 18, 7, 14, 1, 5, 4, 0, 0, 0, 0, 0, 0, 0, 0, 0, 0, 0, 0, 0, 0, 0, 0, 0, : 3, 8, 3, 21, 1, 5, 2, 1, 2, 4, 9, 12, 15, 31, 8, 7, 28, 18, 7, 14, 1, 5, 4, 
3: 1, 2, 5, 14, 9, 14, 9, 10, 10, 6, 2, 1, 5, 5, 1, 16, 2, 5, 3, 17, 6, 2, 15, 12, 5, 9, 3, 19, 10, 27, 0, 0, 0, 0, 0, 0, 0, 0, 0, 0, : 1, 2, 5, 14, 9, 14, 9, 10, 10, 6, 2, 1, 5, 5, 1, 16, 2, 5, 3, 17, 6, 2, 15, 12, 5, 9, 3, 19, 10, 27, 
4: 5, 6, 19, 19, 21, 8, 2, 13, 2, 2, 1, 21, 5, 1, 6, 10, 1, 2, 21, 3, 2, 4, 0, 0, 0, 0, 0, 0, 0, 0, 0, 0, 0, 0, 0, 0, 0, 0, 0, 0, : 5, 6, 19, 19, 21, 8, 2, 13, 2, 2, 1, 21, 5, 1, 6, 10, 1, 2, 21, 3, 2, 4, 
5: 11, 7, 11, 1, 6, 4, 4, 19, 17, 2, 11, 8, 3, 4, 6, 4, 1, 4, 1, 33, 12, 11, 5, 8, 3, 14, 4, 1, 4, 0, 0, 0, 0, 0, 0, 0, 0, 0, 0, 0, : 11, 7, 11, 1, 6, 4, 4, 19, 17, 2, 11, 8, 3, 4, 6, 4, 1, 4, 1, 33, 12, 11, 5, 8, 3, 14, 4, 1, 4, 
6: 1, 1, 2, 22, 7, 1, 2, 9, 7, 6, 3, 15, 9, 5, 4, 4, 4, 13, 2, 9, 22, 17, 4, 3, 22, 1, 6, 4, 0, 0, 0, 0, 0, 0, 0, 0, 0, 0, 0, 0, : 1, 1, 2, 22, 7, 1, 2, 9, 7, 6, 3, 15, 9, 5, 4, 4, 4, 13, 2, 9, 22, 17, 4, 3, 22, 1, 6, 4, 
7: 15, 9, 15, 5, 2, 3, 2, 3, 4, 5, 2, 28, 6, 9, 2, 2, 8, 3, 5, 6, 13, 0, 0, 0, 0, 0, 0, 0, 0, 0, 0, 0, 0, 0, 0, 0, 0, 0, 0, 0, : 15, 9, 15, 5, 2, 3, 2, 3, 4, 5, 2, 28, 6, 9, 2, 2, 8, 3, 5, 6, 13, 
8: 8, 14, 8, 5, 3, 2, 30, 7, 12, 5, 5, 3, 12, 4, 10, 9, 0, 0, 0, 0, 0, 0, 0, 0, 0, 0, 0, 0, 0, 0, 0, 0, 0, 0, 0, 0, 0, 0, 0, 0, : 8, 14, 8, 5, 3, 2, 30, 7, 12, 5, 5, 3, 12, 4, 10, 9, 
9: 1, 15, 9, 5, 1, 8, 5, 2, 10, 36, 7, 8, 3, 7, 6, 16, 11, 2, 1, 10, 1, 9, 0, 0, 0, 0, 0, 0, 0, 0, 0, 0, 0, 0, 0, 0, 0, 0, 0, 0, : 1, 15, 9, 5, 1, 8, 5, 2, 10, 36, 7, 8, 3, 7, 6, 16, 11, 2, 1, 10, 1, 9, 
10: 1, 2, 4, 15, 13, 4, 5, 2, 9, 27, 2, 15, 0, 0, 0, 0, 0, 0, 0, 0, 0, 0, 0, 0, 0, 0, 0, 0, 0, 0, 0, 0, 0, 0, 0, 0, 0, 0, 0, 0, : 1, 2, 4, 15, 13, 4, 5, 2, 9, 27, 2, 15, 
11: 11, 14, 3, 8, 18, 4, 8, 3, 27, 3, 3, 3, 3, 18, 3, 3, 31, 1, 12, 5, 27, 1, 2, 4, 1, 0, 0, 0, 0, 0, 0, 0, 0, 0, 0, 0, 0, 0, 0, 0, : 11, 14, 3, 8, 18, 4, 8, 3, 27, 3, 3, 3, 3, 18, 3, 3, 31, 1, 12, 5, 27, 1, 2, 4, 1, 
12: 4, 25, 4, 5, 7, 4, 2, 15, 8, 2, 6, 9, 10, 18, 4, 1, 12, 3, 11, 0, 0, 0, 0, 0, 0, 0, 0, 0, 0, 0, 0, 0, 0, 0, 0, 0, 0, 0, 0, 0, : 4, 25, 4, 5, 7, 4, 2, 15, 8, 2, 6, 9, 10, 18, 4, 1, 12, 3, 11, 
13: 11, 21, 22, 16, 29, 1, 4, 33, 17, 21, 1, 7, 6, 14, 5, 3, 19, 4, 1, 9, 20, 16, 3, 2, 0, 0, 0, 0, 0, 0, 0, 0, 0, 0, 0, 0, 0, 0, 0, 0, : 11, 21, 22, 16, 29, 1, 4, 33, 17, 21, 1, 7, 6, 14, 5, 3, 19, 4, 1, 9, 20, 16, 3, 2, 
14: 1, 1, 1, 3, 1, 2, 1, 5, 6, 3, 3, 7, 3, 8, 7, 1, 12, 15, 1, 11, 14, 7, 7, 13, 0, 0, 0, 0, 0, 0, 0, 0, 0, 0, 0, 0, 0, 0, 0, 0, : 1, 1, 1, 3, 1, 2, 1, 5, 6, 3, 3, 7, 3, 8, 7, 1, 12, 15, 1, 11, 14, 7, 7, 13, 
15: 8, 1, 3, 1, 2, 4, 8, 8, 19, 6, 1, 5, 3, 1, 5, 3, 6, 0, 0, 0, 0, 0, 0, 0, 0, 0, 0, 0, 0, 0, 0, 0, 0, 0, 0, 0, 0, 0, 0, 0, : 8, 1, 3, 1, 2, 4, 8, 8, 19, 6, 1, 5, 3, 1, 5, 3, 6, 
16: 2, 17, 16, 14, 23, 6, 4, 25, 7, 7, 4, 8, 35, 3, 21, 16, 4, 1, 9, 3, 2, 4, 3, 23, 17, 4, 5, 29, 0, 0, 0, 0, 0, 0, 0, 0, 0, 0, 0, 0, : 2, 17, 16, 14, 23, 6, 4, 25, 7, 7, 4, 8, 35, 3, 21, 16, 4, 1, 9, 3, 2, 4, 3, 23, 17, 4, 5, 29, 
17: 2, 12, 2, 7, 3, 2, 21, 21, 23, 5, 3, 9, 29, 6, 4, 20, 16, 4, 2, 15, 35, 3, 2, 0, 0, 0, 0, 0, 0, 0, 0, 0, 0, 0, 0, 0, 0, 0, 0, 0, : 2, 12, 2, 7, 3, 2, 21, 21, 23, 5, 3, 9, 29, 6, 4, 20, 16, 4, 2, 15, 35, 3, 2, 
18: 4, 8, 10, 3, 1, 14, 27, 23, 5, 11, 22, 2, 17, 19, 1, 8, 2, 23, 15, 1, 3, 15, 23, 0, 0, 0, 0, 0, 0, 0, 0, 0, 0, 0, 0, 0, 0, 0, 0, 0, : 4, 8, 10, 3, 1, 14, 27, 23, 5, 11, 22, 2, 17, 19, 1, 8, 2, 23, 15, 1, 3, 15, 23, 
19: 2, 4, 6, 1, 25, 25, 7, 1, 1, 8, 3, 26, 22, 23, 4, 17, 17, 12, 4, 10, 1, 1, 1, 1, 3, 0, 0, 0, 0, 0, 0, 0, 0, 0, 0, 0, 0, 0, 0, 0, : 2, 4, 6, 1, 25, 25, 7, 1, 1, 8, 3, 26, 22, 23, 4, 17, 17, 12, 4, 10, 1, 1, 1, 1, 3, 
20: 3, 1, 3, 22, 3, 7, 13, 3, 5, 4, 28, 6, 22, 10, 3, 7, 1, 12, 3, 5, 14, 0, 0, 0, 0, 0, 0, 0, 0, 0, 0, 0, 0, 0, 0, 0, 0, 0, 0, 0, : 3, 1, 3, 22, 3, 7, 13, 3, 5, 4, 28, 6, 22, 10, 3, 7, 1, 12, 3, 5, 14, 
21: 4, 17, 19, 14, 11, 8, 11, 22, 3, 11, 3, 21, 25, 14, 9, 1, 4, 8, 7, 19, 6, 0, 0, 0, 0, 0, 0, 0, 0, 0, 0, 0, 0, 0, 0, 0, 0, 0, 0, 0, : 4, 17, 19, 14, 11, 8, 11, 22, 3, 11, 3, 21, 25, 14, 9, 1, 4, 8, 7, 19, 6, 
22: 11, 18, 8, 5, 4, 3, 20, 29, 7, 19, 4, 3, 2, 1, 2, 19, 9, 1, 5, 5, 5, 8, 22, 0, 0, 0, 0, 0, 0, 0, 0, 0, 0, 0, 0, 0, 0, 0, 0, 0, : 11, 18, 8, 5, 4, 3, 20, 29, 7, 19, 4, 3, 2, 1, 2, 19, 9, 1, 5, 5, 5, 8, 22, 
23: 8, 6, 1, 1, 13, 8, 3, 20, 10, 1, 1, 17, 7, 11, 21, 29, 6, 1, 32, 14, 3, 8, 7, 0, 0, 0, 0, 0, 0, 0, 0, 0, 0, 0, 0, 0, 0, 0, 0, 0, : 8, 6, 1, 1, 13, 8, 3, 20, 10, 1, 1, 17, 7, 11, 21, 29, 6, 1, 32, 14, 3, 8, 7, 
24: 24, 10, 2, 2, 10, 3, 2, 1, 1, 1, 2, 3, 2, 6, 15, 6, 15, 28, 3, 7, 1, 7, 0, 0, 0, 0, 0, 0, 0, 0, 0, 0, 0, 0, 0, 0, 0, 0, 0, 0, : 24, 10, 2, 2, 10, 3, 2, 1, 1, 1, 2, 3, 2, 6, 15, 6, 15, 28, 3, 7, 1, 7, 
25: 2, 2, 12, 1, 26, 2, 3, 4, 2, 25, 27, 2, 2, 2, 14, 15, 2, 1, 18, 35, 2, 3, 5, 11, 31, 9, 3, 0, 0, 0, 0, 0, 0, 0, 0, 0, 0, 0, 0, 0, : 2, 2, 12, 1, 26, 2, 3, 4, 2, 25, 27, 2, 2, 2, 14, 15, 2, 1, 18, 35, 2, 3, 5, 11, 31, 9, 3, 
26: 3, 2, 15, 2, 8, 7, 2, 4, 21, 8, 2, 3, 1, 13, 29, 18, 6, 1, 2, 15, 0, 0, 0, 0, 0, 0, 0, 0, 0, 0, 0, 0, 0, 0, 0, 0, 0, 0, 0, 0, : 3, 2, 15, 2, 8, 7, 2, 4, 21, 8, 2, 3, 1, 13, 29, 18, 6, 1, 2, 15, 
27: 6, 3, 10, 14, 12, 1, 10, 18, 12, 1, 9, 0, 0, 0, 0, 0, 0, 0, 0, 0, 0, 0, 0, 0, 0, 0, 0, 0, 0, 0, 0, 0, 0, 0, 0, 0, 0, 0, 0, 0, : 6, 3, 10, 14, 12, 1, 10, 18, 12, 1, 9, 
28: 1, 1, 5, 15, 2, 23, 1, 1, 1, 1, 3, 5, 3, 6, 0, 0, 0, 0, 0, 0, 0, 0, 0, 0, 0, 0, 0, 0, 0, 0, 0, 0, 0, 0, 0, 0, 0, 0, 0, 0, : 1, 1, 5, 15, 2, 23, 1, 1, 1, 1, 3, 5, 3, 6, 
29: 14, 8, 6, 3, 16, 1, 17, 25, 8, 12, 9, 24, 2, 2, 14, 7, 4, 5, 27, 15, 6, 1, 1, 0, 0, 0, 0, 0, 0, 0, 0, 0, 0, 0, 0, 0, 0, 0, 0, 0, : 14, 8, 6, 3, 16, 1, 17, 25, 8, 12, 9, 24, 2, 2, 14, 7, 4, 5, 27, 15, 6, 1, 1, 
30: 1, 1, 8, 1, 3, 13, 4, 1, 6, 5, 7, 12, 6, 2, 3, 0, 0, 0, 0, 0, 0, 0, 0, 0, 0, 0, 0, 0, 0, 0, 0, 0, 0, 0, 0, 0, 0, 0, 0, 0, : 1, 1, 8, 1, 3, 13, 4, 1, 6, 5, 7, 12, 6, 2, 3, 
31: 8, 2, 1, 1, 17, 4, 35, 7, 6, 9, 12, 12, 2, 1, 5, 16, 1, 6, 3, 1, 2, 2, 1, 0, 0, 0, 0, 0, 0, 0, 0, 0, 0, 0, 0, 0, 0, 0, 0, 0, : 8, 2, 1, 1, 17, 4, 35, 7, 6, 9, 12, 12, 2, 1, 5, 16, 1, 6, 3, 1, 2, 2, 1, 
32: 8, 29, 28, 1, 18, 7, 2, 15, 2, 4, 8, 5, 16, 3, 8, 11, 1, 1, 19, 6, 30, 4, 1, 16, 5, 8, 0, 0, 0, 0, 0, 0, 0, 0, 0, 0, 0, 0, 0, 0, : 8, 29, 28, 1, 18, 7, 2, 15, 2, 4, 8, 5, 16, 3, 8, 11, 1, 1, 19, 6, 30, 4, 1, 16, 5, 8, 
33: 2, 12, 1, 16, 2, 10, 2, 10, 8, 6, 3, 17, 4, 14, 7, 5, 4, 15, 1, 9, 13, 3, 2, 14, 20, 6, 0, 0, 0, 0, 0, 0, 0, 0, 0, 0, 0, 0, 0, 0, : 2, 12, 1, 16, 2, 10, 2, 10, 8, 6, 3, 17, 4, 14, 7, 5, 4, 15, 1, 9, 13, 3, 2, 14, 20, 6, 
34: 10, 7, 8, 22, 25, 6, 5, 6, 5, 2, 3, 2, 5, 3, 31, 4, 26, 5, 1, 1, 1, 2, 5, 0, 0, 0, 0, 0, 0, 0, 0, 0, 0, 0, 0, 0, 0, 0, 0, 0, : 10, 7, 8, 22, 25, 6, 5, 6, 5, 2, 3, 2, 5, 3, 31, 4, 26, 5, 1, 1, 1, 2, 5, 
35: 1, 18, 9, 3, 16, 2, 11, 12, 15, 1, 2, 3, 8, 2, 1, 15, 2, 2, 26, 9, 0, 0, 0, 0, 0, 0, 0, 0, 0, 0, 0, 0, 0, 0, 0, 0, 0, 0, 0, 0, : 1, 18, 9, 3, 16, 2, 11, 12, 15, 1, 2, 3, 8, 2, 1, 15, 2, 2, 26, 9, 
36: 11, 1, 2, 25, 7, 5, 16, 4, 19, 4, 9, 9, 38, 1, 13, 13, 1, 21, 8, 18, 19, 3, 2, 8, 16, 3, 10, 3, 2, 12, 0, 0, 0, 0, 0, 0, 0, 0, 0, 0, : 11, 1, 2, 25, 7, 5, 16, 4, 19, 4, 9, 9, 38, 1, 13, 13, 1, 21, 8, 18, 19, 3, 2, 8, 16, 3, 10, 3, 2, 12, 
37: 30, 9, 6, 7, 1, 7, 1, 4, 2, 6, 8, 12, 27, 4, 3, 5, 2, 5, 4, 9, 10, 10, 4, 5, 0, 0, 0, 0, 0, 0, 0, 0, 0, 0, 0, 0, 0, 0, 0, 0, : 30, 9, 6, 7, 1, 7, 1, 4, 2, 6, 8, 12, 27, 4, 3, 5, 2, 5, 4, 9, 10, 10, 4, 5, 
38: 2, 2, 5, 3, 12, 8, 14, 3, 2, 12, 8, 2, 3, 2, 6, 12, 1, 22, 10, 25, 0, 0, 0, 0, 0, 0, 0, 0, 0, 0, 0, 0, 0, 0, 0, 0, 0, 0, 0, 0, : 2, 2, 5, 3, 12, 8, 14, 3, 2, 12, 8, 2, 3, 2, 6, 12, 1, 22, 10, 25, 
39: 8, 25, 2, 2, 10, 1, 1, 2, 17, 3, 15, 6, 4, 10, 1, 0, 0, 0, 0, 0, 0, 0, 0, 0, 0, 0, 0, 0, 0, 0, 0, 0, 0, 0, 0, 0, 0, 0, 0, 0, : 8, 25, 2, 2, 10, 1, 1, 2, 17, 3, 15, 6, 4, 10, 1, 
40: 3, 4, 17, 1, 1, 11, 6, 14, 5, 34, 16, 2, 3, 6, 3, 0, 0, 0, 0, 0, 0, 0, 0, 0, 0, 0, 0, 0, 0, 0, 0, 0, 0, 0, 0, 0, 0, 0, 0, 0, : 3, 4, 17, 1, 1, 11, 6, 14, 5, 34, 16, 2, 3, 6, 3, 


