80
80
1: 12, 5, 1, 10, 28, 11, 19, 1, 11, 4, 10, 24, 4, 11, 8, 11, 5, 17, 22, 1, 3, 14, 12, 18, 4, 13, 2, 2, 14, 4, 1, 5, 1, 1, 4, 2, 12, 15, 8, 14, 8, 11, 4, 7, 3, 6, 7, 11, 15, 6, 0, 0, 0, 0, 0, 0, 0, 0, 0, 0, 0, 0, 0, 0, 0, 0, 0, 0, 0, 0, 0, 0, 0, 0, 0, 0, 0, 0, 0, 0, : 12, 5, 1, 10, 28, 11, 19, 1, 11, 4, 10, 24, 4, 11, 8, 11, 5, 17, 22, 1, 3, 14, 12, 18, 4, 13, 2, 2, 14, 4, 1, 5, 1, 1, 4, 2, 12, 15, 8, 14, 8, 11, 4, 7, 3, 6, 7, 11, 15, 6, 
2: 22, 3, 6, 2, 3, 10, 7, 8, 4, 6, 9, 11, 28, 14, 1, 1, 0, 0, 0, 0, 0, 0, 0, 0, 0, 0, 0, 0, 0, 0, 0, 0, 0, 0, 0, 0, 0, 0, 0, 0, 0, 0, 0, 0, 0, 0, 0, 0, 0, 0, 0, 0, 0, 0, 0, 0, 0, 0, 0, 0, 0, 0, 0, 0, 0, 0, 0, 0, 0, 0, 0, 0, 0, 0, 0, 0, 0, 0, 0, 0, : 22, 3, 6, 2, 3, 10, 7, 8, 4, 6, 9, 11, 28, 14, 1, 1, 
3: 1, 1, 10, 5, 24, 14, 24, 26, 4, 6, 12, 6, 2, 14, 10, 2, 4, 6, 14, 2, 5, 1, 1, 3, 4, 2, 22, 2, 19, 1, 1, 7, 5, 6, 1, 0, 0, 0, 0, 0, 0, 0, 0, 0, 0, 0, 0, 0, 0, 0, 0, 0, 0, 0, 0, 0, 0, 0, 0, 0, 0, 0, 0, 0, 0, 0, 0, 0, 0, 0, 0, 0, 0, 0, 0, 0, 0, 0, 0, 0, : 1, 1, 10, 5, 24, 14, 24, 26, 4, 6, 12, 6, 2, 14, 10, 2, 4, 6, 14, 2, 5, 1, 1, 3, 4, 2, 22, 2, 19, 1, 1, 7, 5, 6, 1, 
4: 2, 11, 5, 1, 10, 8, 5, 5, 5, 16, 4, 10, 4, 27, 1, 2, 8, 32, 7, 16, 4, 3, 21, 1, 6, 16, 15, 10, 5, 2, 6, 31, 17, 2, 2, 10, 10, 0, 0, 0, 0, 0, 0, 0, 0, 0, 0, 0, 0, 0, 0, 0, 0, 0, 0, 0, 0, 0, 0, 0, 0, 0, 0, 0, 0, 0, 0, 0, 0, 0, 0, 0, 0, 0, 0, 0, 0, 0, 0, 0, : 2, 11, 5, 1, 10, 8, 5, 5, 5, 16, 4, 10, 4, 27, 1, 2, 8, 32, 7, 16, 4, 3, 21, 1, 6, 16, 15, 10, 5, 2, 6, 31, 17, 2, 2, 10, 10, 
5: 4, 4, 11, 3, 11, 4, 31, 6, 2, 2, 6, 3, 1, 14, 13, 2, 7, 7, 17, 2, 2, 2, 1, 4, 3, 7, 3, 1, 3, 7, 3, 8, 9, 28, 4, 22, 11, 0, 0, 0, 0, 0, 0, 0, 0, 0, 0, 0, 0, 0, 0, 0, 0, 0, 0, 0, 0, 0, 0, 0, 0, 0, 0, 0, 0, 0, 0, 0, 0, 0, 0, 0, 0, 0, 0, 0, 0, 0, 0, 0, : 4, 4, 11, 3, 11, 4, 31, 6, 2, 2, 6, 3, 1, 14, 13, 2, 7, 7, 17, 2, 2, 2, 1, 4, 3, 7, 3, 1, 3, 7, 3, 8, 9, 28, 4, 22, 11, 
6: 16, 1, 3, 9, 6, 25, 27, 18, 2, 13, 9, 9, 22, 2, 5, 5, 1, 4, 4, 12, 12, 5, 15, 15, 3, 4, 2, 4, 4, 4, 0, 0, 0, 0, 0, 0, 0, 0, 0, 0, 0, 0, 0, 0, 0, 0, 0, 0, 0, 0, 0, 0, 0, 0, 0, 0, 0, 0, 0, 0, 0, 0, 0, 0, 0, 0, 0, 0, 0, 0, 0, 0, 0, 0, 0, 0, 0, 0, 0, 0, : 16, 1, 3, 9, 6, 25, 27, 18, 2, 13, 9, 9, 22, 2, 5, 5, 1, 4, 4, 12, 12, 5, 15, 15, 3, 4, 2, 4, 4, 4, 
7: 2, 1, 1, 7, 7, 11, 6, 9, 2, 4, 7, 15, 22, 3, 19, 9, 9, 5, 1, 3, 9, 2, 5, 6, 8, 10, 1, 5, 5, 13, 10, 6, 16, 5, 2, 8, 16, 4, 11, 4, 7, 18, 1, 5, 2, 3, 0, 0, 0, 0, 0, 0, 0, 0, 0, 0, 0, 0, 0, 0, 0, 0, 0, 0, 0, 0, 0, 0, 0, 0, 0, 0, 0, 0, 0, 0, 0, 0, 0, 0, : 2, 1, 1, 7, 7, 11, 6, 9, 2, 4, 7, 15, 22, 3, 19, 9, 9, 5, 1, 3, 9, 2, 5, 6, 8, 10, 1, 5, 5, 13, 10, 6, 16, 5, 2, 8, 16, 4, 11, 4, 7, 18, 1, 5, 2, 3, 
8: 12, 1, 8, 3, 5, 8, 1, 6, 3, 28, 1, 12, 8, 5, 7, 10, 4, 10, 14, 5, 7, 2, 6, 6, 1, 32, 4, 8, 3, 1, 13, 4, 35, 1, 10, 7, 1, 14, 5, 20, 4, 2, 4, 2, 7, 1, 15, 0, 0, 0, 0, 0, 0, 0, 0, 0, 0, 0, 0, 0, 0, 0, 0, 0, 0, 0, 0, 0, 0, 0, 0, 0, 0, 0, 0, 0, 0, 0, 0, 0, : 12, 1, 8, 3, 5, 8, 1, 6, 3, 28, 1, 12, 8, 5, 7, 10, 4, 10, 14, 5, 7, 2, 6, 6, 1, 32, 4, 8, 3, 1, 13, 4, 35, 1, 10, 7, 1, 14, 5, 20, 4, 2, 4, 2, 7, 1, 15, 
9: 12, 4, 37, 1, 22, 16, 7, 2, 1, 3, 6, 14, 30, 14, 6, 2, 16, 2, 2, 13, 9, 4, 4, 15, 23, 1, 1, 4, 2, 1, 11, 13, 4, 3, 1, 6, 6, 10, 1, 2, 10, 2, 8, 17, 4, 9, 1, 4, 0, 0, 0, 0, 0, 0, 0, 0, 0, 0, 0, 0, 0, 0, 0, 0, 0, 0, 0, 0, 0, 0, 0, 0, 0, 0, 0, 0, 0, 0, 0, 0, : 12, 4, 37, 1, 22, 16, 7, 2, 1, 3, 6, 14, 30, 14, 6, 2, 16, 2, 2, 13, 9, 4, 4, 15, 23, 1, 1, 4, 2, 1, 11, 13, 4, 3, 1, 6, 6, 10, 1, 2, 10, 2, 8, 17, 4, 9, 1, 4, 
10: 2, 17, 2, 4, 27, 10, 4, 8, 15, 2, 3, 4, 4, 1, 4, 2, 3, 27, 11, 1, 1, 25, 3, 27, 4, 7, 1, 8, 1, 5, 9, 3, 17, 2, 4, 11, 5, 4, 2, 13, 14, 4, 25, 5, 10, 22, 0, 0, 0, 0, 0, 0, 0, 0, 0, 0, 0, 0, 0, 0, 0, 0, 0, 0, 0, 0, 0, 0, 0, 0, 0, 0, 0, 0, 0, 0, 0, 0, 0, 0, : 2, 17, 2, 4, 27, 10, 4, 8, 15, 2, 3, 4, 4, 1, 4, 2, 3, 27, 11, 1, 1, 25, 3, 27, 4, 7, 1, 8, 1, 5, 9, 3, 17, 2, 4, 11, 5, 4, 2, 13, 14, 4, 25, 5, 10, 22, 
11: 27, 6, 2, 32, 5, 1, 1, 24, 2, 14, 10, 16, 24, 8, 7, 6, 3, 20, 5, 6, 14, 1, 1, 12, 30, 2, 4, 1, 1, 18, 4, 6, 14, 2, 13, 4, 2, 3, 1, 6, 13, 5, 4, 9, 10, 2, 1, 13, 12, 14, 11, 10, 3, 28, 13, 0, 0, 0, 0, 0, 0, 0, 0, 0, 0, 0, 0, 0, 0, 0, 0, 0, 0, 0, 0, 0, 0, 0, 0, 0, : 27, 6, 2, 32, 5, 1, 1, 24, 2, 14, 10, 16, 24, 8, 7, 6, 3, 20, 5, 6, 14, 1, 1, 12, 30, 2, 4, 1, 1, 18, 4, 6, 14, 2, 13, 4, 2, 3, 1, 6, 13, 5, 4, 9, 10, 2, 1, 13, 12, 14, 11, 10, 3, 28, 13, 
12: 8, 3, 3, 1, 4, 17, 5, 5, 24, 7, 3, 29, 24, 1, 1, 5, 2, 10, 9, 4, 14, 29, 7, 3, 1, 22, 1, 4, 6, 15, 8, 31, 12, 8, 1, 2, 14, 1, 3, 1, 1, 6, 1, 6, 1, 16, 4, 5, 0, 0, 0, 0, 0, 0, 0, 0, 0, 0, 0, 0, 0, 0, 0, 0, 0, 0, 0, 0, 0, 0, 0, 0, 0, 0, 0, 0, 0, 0, 0, 0, : 8, 3, 3, 1, 4, 17, 5, 5, 24, 7, 3, 29, 24, 1, 1, 5, 2, 10, 9, 4, 14, 29, 7, 3, 1, 22, 1, 4, 6, 15, 8, 31, 12, 8, 1, 2, 14, 1, 3, 1, 1, 6, 1, 6, 1, 16, 4, 5, 
13: 1, 18, 2, 18, 4, 1, 2, 19, 24, 10, 3, 11, 1, 5, 11, 7, 1, 3, 5, 19, 18, 1, 8, 15, 6, 0, 0, 0, 0, 0, 0, 0, 0, 0, 0, 0, 0, 0, 0, 0, 0, 0, 0, 0, 0, 0, 0, 0, 0, 0, 0, 0, 0, 0, 0, 0, 0, 0, 0, 0, 0, 0, 0, 0, 0, 0, 0, 0, 0, 0, 0, 0, 0, 0, 0, 0, 0, 0, 0, 0, : 1, 18, 2, 18, 4, 1, 2, 19, 24, 10, 3, 11, 1, 5, 11, 7, 1, 3, 5, 19, 18, 1, 8, 15, 6, 
14: 1, 5, 12, 18, 6, 2, 17, 1, 4, 8, 9, 14, 9, 18, 10, 2, 6, 2, 2, 6, 4, 6, 11, 7, 25, 11, 1, 3, 1, 16, 9, 3, 7, 9, 2, 1, 3, 3, 4, 0, 0, 0, 0, 0, 0, 0, 0, 0, 0, 0, 0, 0, 0, 0, 0, 0, 0, 0, 0, 0, 0, 0, 0, 0, 0, 0, 0, 0, 0, 0, 0, 0, 0, 0, 0, 0, 0, 0, 0, 0, : 1, 5, 12, 18, 6, 2, 17, 1, 4, 8, 9, 14, 9, 18, 10, 2, 6, 2, 2, 6, 4, 6, 11, 7, 25, 11, 1, 3, 1, 16, 9, 3, 7, 9, 2, 1, 3, 3, 4, 
15: 6, 12, 7, 8, 4, 12, 7, 7, 12, 3, 3, 17, 2, 2, 25, 22, 12, 1, 4, 9, 2, 7, 7, 11, 1, 13, 6, 7, 9, 12, 10, 14, 10, 13, 4, 2, 8, 2, 2, 5, 15, 16, 1, 16, 1, 13, 2, 2, 1, 3, 8, 3, 1, 16, 15, 20, 1, 6, 0, 0, 0, 0, 0, 0, 0, 0, 0, 0, 0, 0, 0, 0, 0, 0, 0, 0, 0, 0, 0, 0, : 6, 12, 7, 8, 4, 12, 7, 7, 12, 3, 3, 17, 2, 2, 25, 22, 12, 1, 4, 9, 2, 7, 7, 11, 1, 13, 6, 7, 9, 12, 10, 14, 10, 13, 4, 2, 8, 2, 2, 5, 15, 16, 1, 16, 1, 13, 2, 2, 1, 3, 8, 3, 1, 16, 15, 20, 1, 6, 
16: 13, 1, 6, 17, 4, 3, 1, 20, 7, 3, 17, 3, 2, 7, 4, 19, 20, 8, 1, 39, 10, 7, 8, 13, 2, 18, 1, 4, 0, 0, 0, 0, 0, 0, 0, 0, 0, 0, 0, 0, 0, 0, 0, 0, 0, 0, 0, 0, 0, 0, 0, 0, 0, 0, 0, 0, 0, 0, 0, 0, 0, 0, 0, 0, 0, 0, 0, 0, 0, 0, 0, 0, 0, 0, 0, 0, 0, 0, 0, 0, : 13, 1, 6, 17, 4, 3, 1, 20, 7, 3, 17, 3, 2, 7, 4, 19, 20, 8, 1, 39, 10, 7, 8, 13, 2, 18, 1, 4, 
17: 3, 9, 19, 1, 6, 1, 8, 11, 9, 12, 5, 12, 1, 16, 3, 1, 1, 4, 1, 9, 1, 1, 1, 4, 4, 5, 5, 4, 0, 0, 0, 0, 0, 0, 0, 0, 0, 0, 0, 0, 0, 0, 0, 0, 0, 0, 0, 0, 0, 0, 0, 0, 0, 0, 0, 0, 0, 0, 0, 0, 0, 0, 0, 0, 0, 0, 0, 0, 0, 0, 0, 0, 0, 0, 0, 0, 0, 0, 0, 0, : 3, 9, 19, 1, 6, 1, 8, 11, 9, 12, 5, 12, 1, 16, 3, 1, 1, 4, 1, 9, 1, 1, 1, 4, 4, 5, 5, 4, 
18: 9, 5, 1, 9, 25, 8, 3, 9, 5, 5, 23, 4, 22, 6, 3, 3, 18, 16, 11, 17, 4, 7, 24, 3, 11, 13, 6, 4, 4, 13, 16, 4, 3, 1, 1, 6, 15, 1, 9, 0, 0, 0, 0, 0, 0, 0, 0, 0, 0, 0, 0, 0, 0, 0, 0, 0, 0, 0, 0, 0, 0, 0, 0, 0, 0, 0, 0, 0, 0, 0, 0, 0, 0, 0, 0, 0, 0, 0, 0, 0, : 9, 5, 1, 9, 25, 8, 3, 9, 5, 5, 23, 4, 22, 6, 3, 3, 18, 16, 11, 17, 4, 7, 24, 3, 11, 13, 6, 4, 4, 13, 16, 4, 3, 1, 1, 6, 15, 1, 9, 
19: 1, 6, 1, 2, 4, 1, 2, 23, 10, 1, 6, 17, 17, 1, 3, 8, 2, 14, 9, 2, 23, 15, 7, 1, 13, 4, 15, 1, 1, 11, 14, 7, 10, 9, 2, 6, 3, 3, 6, 1, 10, 13, 3, 10, 9, 5, 17, 6, 6, 7, 3, 6, 6, 8, 9, 0, 0, 0, 0, 0, 0, 0, 0, 0, 0, 0, 0, 0, 0, 0, 0, 0, 0, 0, 0, 0, 0, 0, 0, 0, : 1, 6, 1, 2, 4, 1, 2, 23, 10, 1, 6, 17, 17, 1, 3, 8, 2, 14, 9, 2, 23, 15, 7, 1, 13, 4, 15, 1, 1, 11, 14, 7, 10, 9, 2, 6, 3, 3, 6, 1, 10, 13, 3, 10, 9, 5, 17, 6, 6, 7, 3, 6, 6, 8, 9, 
20: 5, 6, 31, 7, 7, 5, 3, 26, 4, 2, 1, 12, 1, 3, 5, 2, 2, 1, 2, 1, 3, 2, 2, 13, 3, 13, 26, 5, 10, 4, 9, 8, 6, 5, 7, 1, 7, 1, 8, 2, 5, 14, 3, 3, 29, 0, 0, 0, 0, 0, 0, 0, 0, 0, 0, 0, 0, 0, 0, 0, 0, 0, 0, 0, 0, 0, 0, 0, 0, 0, 0, 0, 0, 0, 0, 0, 0, 0, 0, 0, : 5, 6, 31, 7, 7, 5, 3, 26, 4, 2, 1, 12, 1, 3, 5, 2, 2, 1, 2, 1, 3, 2, 2, 13, 3, 13, 26, 5, 10, 4, 9, 8, 6, 5, 7, 1, 7, 1, 8, 2, 5, 14, 3, 3, 29, 
21: 1, 33, 17, 3, 3, 2, 5, 15, 1, 7, 1, 1, 1, 17, 16, 29, 4, 36, 3, 10, 2, 20, 14, 6, 10, 1, 4, 10, 6, 2, 2, 1, 1, 13, 10, 1, 0, 0, 0, 0, 0, 0, 0, 0, 0, 0, 0, 0, 0, 0, 0, 0, 0, 0, 0, 0, 0, 0, 0, 0, 0, 0, 0, 0, 0, 0, 0, 0, 0, 0, 0, 0, 0, 0, 0, 0, 0, 0, 0, 0, : 1, 33, 17, 3, 3, 2, 5, 15, 1, 7, 1, 1, 1, 17, 16, 29, 4, 36, 3, 10, 2, 20, 14, 6, 10, 1, 4, 10, 6, 2, 2, 1, 1, 13, 10, 1, 
22: 22, 3, 1, 6, 15, 28, 14, 32, 1, 2, 2, 5, 3, 7, 5, 7, 3, 9, 24, 1, 16, 10, 5, 1, 9, 20, 11, 2, 9, 21, 24, 3, 6, 0, 0, 0, 0, 0, 0, 0, 0, 0, 0, 0, 0, 0, 0, 0, 0, 0, 0, 0, 0, 0, 0, 0, 0, 0, 0, 0, 0, 0, 0, 0, 0, 0, 0, 0, 0, 0, 0, 0, 0, 0, 0, 0, 0, 0, 0, 0, : 22, 3, 1, 6, 15, 28, 14, 32, 1, 2, 2, 5, 3, 7, 5, 7, 3, 9, 24, 1, 16, 10, 5, 1, 9, 20, 11, 2, 9, 21, 24, 3, 6, 
23: 15, 10, 2, 7, 2, 1, 5, 17, 5, 2, 34, 3, 11, 10, 15, 2, 2, 25, 6, 9, 1, 1, 7, 3, 4, 10, 12, 27, 2, 3, 6, 3, 27, 11, 1, 5, 11, 12, 8, 2, 8, 10, 5, 0, 0, 0, 0, 0, 0, 0, 0, 0, 0, 0, 0, 0, 0, 0, 0, 0, 0, 0, 0, 0, 0, 0, 0, 0, 0, 0, 0, 0, 0, 0, 0, 0, 0, 0, 0, 0, : 15, 10, 2, 7, 2, 1, 5, 17, 5, 2, 34, 3, 11, 10, 15, 2, 2, 25, 6, 9, 1, 1, 7, 3, 4, 10, 12, 27, 2, 3, 6, 3, 27, 11, 1, 5, 11, 12, 8, 2, 8, 10, 5, 
24: 2, 35, 3, 2, 1, 11, 2, 4, 9, 2, 5, 7, 4, 2, 15, 7, 4, 7, 0, 0, 0, 0, 0, 0, 0, 0, 0, 0, 0, 0, 0, 0, 0, 0, 0, 0, 0, 0, 0, 0, 0, 0, 0, 0, 0, 0, 0, 0, 0, 0, 0, 0, 0, 0, 0, 0, 0, 0, 0, 0, 0, 0, 0, 0, 0, 0, 0, 0, 0, 0, 0, 0, 0, 0, 0, 0, 0, 0, 0, 0, : 2, 35, 3, 2, 1, 11, 2, 4, 9, 2, 5, 7, 4, 2, 15, 7, 4, 7, 
25: 3, 6, 1, 3, 9, 1, 1, 12, 3, 8, 7, 3, 26, 1, 1, 1, 16, 9, 11, 8, 3, 11, 3, 9, 17, 3, 6, 1, 2, 6, 4, 2, 3, 1, 6, 7, 10, 10, 4, 3, 0, 0, 0, 0, 0, 0, 0, 0, 0, 0, 0, 0, 0, 0, 0, 0, 0, 0, 0, 0, 0, 0, 0, 0, 0, 0, 0, 0, 0, 0, 0, 0, 0, 0, 0, 0, 0, 0, 0, 0, : 3, 6, 1, 3, 9, 1, 1, 12, 3, 8, 7, 3, 26, 1, 1, 1, 16, 9, 11, 8, 3, 11, 3, 9, 17, 3, 6, 1, 2, 6, 4, 2, 3, 1, 6, 7, 10, 10, 4, 3, 
26: 3, 4, 15, 11, 15, 18, 4, 2, 6, 3, 1, 16, 6, 7, 2, 5, 2, 2, 5, 12, 7, 5, 3, 1, 13, 22, 21, 1, 8, 4, 8, 0, 0, 0, 0, 0, 0, 0, 0, 0, 0, 0, 0, 0, 0, 0, 0, 0, 0, 0, 0, 0, 0, 0, 0, 0, 0, 0, 0, 0, 0, 0, 0, 0, 0, 0, 0, 0, 0, 0, 0, 0, 0, 0, 0, 0, 0, 0, 0, 0, : 3, 4, 15, 11, 15, 18, 4, 2, 6, 3, 1, 16, 6, 7, 2, 5, 2, 2, 5, 12, 7, 5, 3, 1, 13, 22, 21, 1, 8, 4, 8, 
27: 23, 4, 9, 12, 3, 4, 15, 2, 11, 11, 10, 3, 1, 31, 6, 28, 7, 9, 29, 18, 1, 4, 4, 24, 2, 9, 2, 16, 1, 9, 1, 6, 27, 2, 29, 1, 31, 17, 2, 4, 3, 3, 31, 1, 6, 6, 0, 0, 0, 0, 0, 0, 0, 0, 0, 0, 0, 0, 0, 0, 0, 0, 0, 0, 0, 0, 0, 0, 0, 0, 0, 0, 0, 0, 0, 0, 0, 0, 0, 0, : 23, 4, 9, 12, 3, 4, 15, 2, 11, 11, 10, 3, 1, 31, 6, 28, 7, 9, 29, 18, 1, 4, 4, 24, 2, 9, 2, 16, 1, 9, 1, 6, 27, 2, 29, 1, 31, 17, 2, 4, 3, 3, 31, 1, 6, 6, 
28: 9, 10, 11, 35, 7, 17, 1, 3, 17, 21, 3, 1, 1, 6, 14, 12, 6, 4, 17, 7, 23, 17, 2, 4, 8, 20, 1, 27, 4, 7, 14, 3, 2, 1, 4, 3, 14, 5, 3, 19, 1, 4, 8, 30, 24, 1, 1, 1, 3, 2, 4, 0, 0, 0, 0, 0, 0, 0, 0, 0, 0, 0, 0, 0, 0, 0, 0, 0, 0, 0, 0, 0, 0, 0, 0, 0, 0, 0, 0, 0, : 9, 10, 11, 35, 7, 17, 1, 3, 17, 21, 3, 1, 1, 6, 14, 12, 6, 4, 17, 7, 23, 17, 2, 4, 8, 20, 1, 27, 4, 7, 14, 3, 2, 1, 4, 3, 14, 5, 3, 19, 1, 4, 8, 30, 24, 1, 1, 1, 3, 2, 4, 
29: 7, 19, 3, 1, 13, 9, 10, 11, 4, 2, 1, 2, 1, 2, 5, 7, 8, 8, 6, 11, 3, 15, 1, 2, 5, 2, 3, 19, 3, 0, 0, 0, 0, 0, 0, 0, 0, 0, 0, 0, 0, 0, 0, 0, 0, 0, 0, 0, 0, 0, 0, 0, 0, 0, 0, 0, 0, 0, 0, 0, 0, 0, 0, 0, 0, 0, 0, 0, 0, 0, 0, 0, 0, 0, 0, 0, 0, 0, 0, 0, : 7, 19, 3, 1, 13, 9, 10, 11, 4, 2, 1, 2, 1, 2, 5, 7, 8, 8, 6, 11, 3, 15, 1, 2, 5, 2, 3, 19, 3, 
30: 9, 19, 12, 4, 22, 10, 4, 12, 21, 1, 7, 1, 10, 5, 9, 6, 5, 21, 5, 10, 10, 2, 2, 11, 3, 12, 6, 1, 8, 4, 8, 17, 24, 5, 1, 10, 1, 11, 13, 9, 4, 4, 5, 5, 21, 7, 6, 5, 0, 0, 0, 0, 0, 0, 0, 0, 0, 0, 0, 0, 0, 0, 0, 0, 0, 0, 0, 0, 0, 0, 0, 0, 0, 0, 0, 0, 0, 0, 0, 0, : 9, 19, 12, 4, 22, 10, 4, 12, 21, 1, 7, 1, 10, 5, 9, 6, 5, 21, 5, 10, 10, 2, 2, 11, 3, 12, 6, 1, 8, 4, 8, 17, 24, 5, 1, 10, 1, 11, 13, 9, 4, 4, 5, 5, 21, 7, 6, 5, 
31: 8, 3, 12, 15, 1, 19, 2, 18, 19, 30, 5, 2, 3, 4, 1, 9, 10, 5, 2, 10, 17, 1, 4, 9, 1, 15, 5, 24, 6, 17, 1, 13, 13, 6, 10, 9, 33, 3, 12, 0, 0, 0, 0, 0, 0, 0, 0, 0, 0, 0, 0, 0, 0, 0, 0, 0, 0, 0, 0, 0, 0, 0, 0, 0, 0, 0, 0, 0, 0, 0, 0, 0, 0, 0, 0, 0, 0, 0, 0, 0, : 8, 3, 12, 15, 1, 19, 2, 18, 19, 30, 5, 2, 3, 4, 1, 9, 10, 5, 2, 10, 17, 1, 4, 9, 1, 15, 5, 24, 6, 17, 1, 13, 13, 6, 10, 9, 33, 3, 12, 
32: 12, 5, 15, 1, 6, 2, 19, 1, 18, 8, 2, 22, 4, 16, 29, 10, 10, 14, 4, 2, 1, 13, 4, 2, 23, 18, 16, 7, 4, 14, 1, 11, 2, 15, 17, 1, 21, 0, 0, 0, 0, 0, 0, 0, 0, 0, 0, 0, 0, 0, 0, 0, 0, 0, 0, 0, 0, 0, 0, 0, 0, 0, 0, 0, 0, 0, 0, 0, 0, 0, 0, 0, 0, 0, 0, 0, 0, 0, 0, 0, : 12, 5, 15, 1, 6, 2, 19, 1, 18, 8, 2, 22, 4, 16, 29, 10, 10, 14, 4, 2, 1, 13, 4, 2, 23, 18, 16, 7, 4, 14, 1, 11, 2, 15, 17, 1, 21, 
33: 6, 3, 15, 5, 6, 7, 3, 9, 30, 3, 4, 10, 32, 29, 18, 13, 1, 12, 2, 4, 5, 10, 3, 31, 5, 5, 2, 2, 17, 1, 6, 0, 0, 0, 0, 0, 0, 0, 0, 0, 0, 0, 0, 0, 0, 0, 0, 0, 0, 0, 0, 0, 0, 0, 0, 0, 0, 0, 0, 0, 0, 0, 0, 0, 0, 0, 0, 0, 0, 0, 0, 0, 0, 0, 0, 0, 0, 0, 0, 0, : 6, 3, 15, 5, 6, 7, 3, 9, 30, 3, 4, 10, 32, 29, 18, 13, 1, 12, 2, 4, 5, 10, 3, 31, 5, 5, 2, 2, 17, 1, 6, 
34: 4, 2, 5, 15, 27, 4, 7, 5, 14, 4, 3, 13, 22, 9, 2, 3, 1, 6, 2, 27, 18, 14, 5, 6, 5, 1, 3, 5, 0, 0, 0, 0, 0, 0, 0, 0, 0, 0, 0, 0, 0, 0, 0, 0, 0, 0, 0, 0, 0, 0, 0, 0, 0, 0, 0, 0, 0, 0, 0, 0, 0, 0, 0, 0, 0, 0, 0, 0, 0, 0, 0, 0, 0, 0, 0, 0, 0, 0, 0, 0, : 4, 2, 5, 15, 27, 4, 7, 5, 14, 4, 3, 13, 22, 9, 2, 3, 1, 6, 2, 27, 18, 14, 5, 6, 5, 1, 3, 5, 
35: 2, 10, 13, 18, 3, 6, 10, 8, 10, 12, 1, 3, 3, 21, 1, 3, 3, 1, 7, 1, 1, 9, 4, 3, 14, 14, 9, 22, 2, 2, 8, 1, 4, 1, 1, 0, 0, 0, 0, 0, 0, 0, 0, 0, 0, 0, 0, 0, 0, 0, 0, 0, 0, 0, 0, 0, 0, 0, 0, 0, 0, 0, 0, 0, 0, 0, 0, 0, 0, 0, 0, 0, 0, 0, 0, 0, 0, 0, 0, 0, : 2, 10, 13, 18, 3, 6, 10, 8, 10, 12, 1, 3, 3, 21, 1, 3, 3, 1, 7, 1, 1, 9, 4, 3, 14, 14, 9, 22, 2, 2, 8, 1, 4, 1, 1, 
36: 2, 1, 5, 1, 3, 10, 30, 1, 5, 4, 9, 2, 13, 22, 5, 6, 1, 6, 8, 1, 4, 22, 4, 2, 4, 2, 9, 0, 0, 0, 0, 0, 0, 0, 0, 0, 0, 0, 0, 0, 0, 0, 0, 0, 0, 0, 0, 0, 0, 0, 0, 0, 0, 0, 0, 0, 0, 0, 0, 0, 0, 0, 0, 0, 0, 0, 0, 0, 0, 0, 0, 0, 0, 0, 0, 0, 0, 0, 0, 0, : 2, 1, 5, 1, 3, 10, 30, 1, 5, 4, 9, 2, 13, 22, 5, 6, 1, 6, 8, 1, 4, 22, 4, 2, 4, 2, 9, 
37: 5, 5, 21, 5, 10, 7, 27, 7, 2, 10, 26, 3, 1, 10, 11, 12, 30, 1, 2, 15, 1, 3, 3, 15, 13, 15, 8, 1, 5, 10, 36, 2, 2, 1, 0, 0, 0, 0, 0, 0, 0, 0, 0, 0, 0, 0, 0, 0, 0, 0, 0, 0, 0, 0, 0, 0, 0, 0, 0, 0, 0, 0, 0, 0, 0, 0, 0, 0, 0, 0, 0, 0, 0, 0, 0, 0, 0, 0, 0, 0, : 5, 5, 21, 5, 10, 7, 27, 7, 2, 10, 26, 3, 1, 10, 11, 12, 30, 1, 2, 15, 1, 3, 3, 15, 13, 15, 8, 1, 5, 10, 36, 2, 2, 1, 
38: 11, 10, 1, 7, 1, 2, 13, 14, 6, 3, 10, 9, 7, 10, 6, 1, 14, 3, 2, 6, 13, 8, 13, 1, 22, 4, 1, 6, 3, 5, 15, 13, 1, 2, 4, 3, 3, 0, 0, 0, 0, 0, 0, 0, 0, 0, 0, 0, 0, 0, 0, 0, 0, 0, 0, 0, 0, 0, 0, 0, 0, 0, 0, 0, 0, 0, 0, 0, 0, 0, 0, 0, 0, 0, 0, 0, 0, 0, 0, 0, : 11, 10, 1, 7, 1, 2, 13, 14, 6, 3, 10, 9, 7, 10, 6, 1, 14, 3, 2, 6, 13, 8, 13, 1, 22, 4, 1, 6, 3, 5, 15, 13, 1, 2, 4, 3, 3, 
39: 1, 2, 2, 10, 2, 23, 9, 26, 7, 29, 4, 5, 2, 8, 4, 1, 7, 3, 2, 5, 21, 17, 8, 2, 1, 22, 11, 17, 2, 6, 6, 6, 1, 20, 9, 2, 1, 13, 12, 11, 7, 5, 6, 19, 3, 22, 8, 0, 0, 0, 0, 0, 0, 0, 0, 0, 0, 0, 0, 0, 0, 0, 0, 0, 0, 0, 0, 0, 0, 0, 0, 0, 0, 0, 0, 0, 0, 0, 0, 0, : 1, 2, 2, 10, 2, 23, 9, 26, 7, 29, 4, 5, 2, 8, 4, 1, 7, 3, 2, 5, 21, 17, 8, 2, 1, 22, 11, 17, 2, 6, 6, 6, 1, 20, 9, 2, 1, 13, 12, 11, 7, 5, 6, 19, 3, 22, 8, 
40: 4, 1, 8, 6, 30, 10, 2, 4, 13, 1, 12, 2, 2, 6, 11, 10, 9, 3, 12, 18, 1, 4, 1, 3, 6, 9, 1, 1, 5, 2, 1, 20, 5, 14, 3, 3, 5, 7, 6, 7, 1, 2, 2, 22, 0, 0, 0, 0, 0, 0, 0, 0, 0, 0, 0, 0, 0, 0, 0, 0, 0, 0, 0, 0, 0, 0, 0, 0, 0, 0, 0, 0, 0, 0, 0, 0, 0, 0, 0, 0, : 4, 1, 8, 6, 30, 10, 2, 4, 13, 1, 12, 2, 2, 6, 11, 10, 9, 3, 12, 18, 1, 4, 1, 3, 6, 9, 1, 1, 5, 2, 1, 20, 5, 14, 3, 3, 5, 7, 6, 7, 1, 2, 2, 22, 
41: 7, 2, 12, 4, 4, 6, 3, 3, 1, 9, 2, 14, 1, 6, 1, 5, 2, 4, 2, 3, 11, 4, 10, 9, 2, 8, 4, 16, 9, 10, 1, 10, 3, 4, 4, 25, 14, 2, 5, 0, 0, 0, 0, 0, 0, 0, 0, 0, 0, 0, 0, 0, 0, 0, 0, 0, 0, 0, 0, 0, 0, 0, 0, 0, 0, 0, 0, 0, 0, 0, 0, 0, 0, 0, 0, 0, 0, 0, 0, 0, : 7, 2, 12, 4, 4, 6, 3, 3, 1, 9, 2, 14, 1, 6, 1, 5, 2, 4, 2, 3, 11, 4, 10, 9, 2, 8, 4, 16, 9, 10, 1, 10, 3, 4, 4, 25, 14, 2, 5, 
42: 14, 22, 18, 14, 5, 1, 7, 1, 2, 3, 7, 4, 1, 2, 2, 1, 34, 1, 11, 31, 3, 26, 27, 14, 1, 5, 1, 11, 16, 14, 1, 10, 2, 6, 4, 6, 8, 2, 1, 6, 4, 20, 4, 13, 0, 0, 0, 0, 0, 0, 0, 0, 0, 0, 0, 0, 0, 0, 0, 0, 0, 0, 0, 0, 0, 0, 0, 0, 0, 0, 0, 0, 0, 0, 0, 0, 0, 0, 0, 0, : 14, 22, 18, 14, 5, 1, 7, 1, 2, 3, 7, 4, 1, 2, 2, 1, 34, 1, 11, 31, 3, 26, 27, 14, 1, 5, 1, 11, 16, 14, 1, 10, 2, 6, 4, 6, 8, 2, 1, 6, 4, 20, 4, 13, 
43: 15, 3, 10, 11, 3, 5, 1, 1, 6, 2, 23, 1, 3, 2, 6, 7, 10, 15, 1, 21, 2, 3, 18, 24, 1, 9, 12, 4, 1, 2, 2, 13, 2, 5, 7, 3, 2, 2, 7, 7, 6, 0, 0, 0, 0, 0, 0, 0, 0, 0, 0, 0, 0, 0, 0, 0, 0, 0, 0, 0, 0, 0, 0, 0, 0, 0, 0, 0, 0, 0, 0, 0, 0, 0, 0, 0, 0, 0, 0, 0, : 15, 3, 10, 11, 3, 5, 1, 1, 6, 2, 23, 1, 3, 2, 6, 7, 10, 15, 1, 21, 2, 3, 18, 24, 1, 9, 12, 4, 1, 2, 2, 13, 2, 5, 7, 3, 2, 2, 7, 7, 6, 
44: 13, 10, 8, 9, 3, 9, 6, 14, 6, 1, 6, 3, 2, 14, 2, 2, 9, 13, 1, 5, 9, 3, 3, 1, 9, 1, 1, 7, 23, 2, 8, 8, 14, 7, 6, 16, 2, 7, 0, 0, 0, 0, 0, 0, 0, 0, 0, 0, 0, 0, 0, 0, 0, 0, 0, 0, 0, 0, 0, 0, 0, 0, 0, 0, 0, 0, 0, 0, 0, 0, 0, 0, 0, 0, 0, 0, 0, 0, 0, 0, : 13, 10, 8, 9, 3, 9, 6, 14, 6, 1, 6, 3, 2, 14, 2, 2, 9, 13, 1, 5, 9, 3, 3, 1, 9, 1, 1, 7, 23, 2, 8, 8, 14, 7, 6, 16, 2, 7, 
45: 5, 4, 1, 2, 9, 3, 2, 9, 10, 33, 7, 8, 1, 6, 21, 11, 9, 2, 5, 7, 5, 3, 2, 27, 17, 3, 1, 24, 2, 3, 32, 1, 0, 0, 0, 0, 0, 0, 0, 0, 0, 0, 0, 0, 0, 0, 0, 0, 0, 0, 0, 0, 0, 0, 0, 0, 0, 0, 0, 0, 0, 0, 0, 0, 0, 0, 0, 0, 0, 0, 0, 0, 0, 0, 0, 0, 0, 0, 0, 0, : 5, 4, 1, 2, 9, 3, 2, 9, 10, 33, 7, 8, 1, 6, 21, 11, 9, 2, 5, 7, 5, 3, 2, 27, 17, 3, 1, 24, 2, 3, 32, 1, 
46: 1, 4, 3, 20, 9, 10, 27, 8, 3, 6, 2, 3, 14, 6, 2, 6, 1, 1, 16, 1, 3, 4, 6, 8, 2, 14, 1, 1, 7, 3, 13, 2, 16, 0, 0, 0, 0, 0, 0, 0, 0, 0, 0, 0, 0, 0, 0, 0, 0, 0, 0, 0, 0, 0, 0, 0, 0, 0, 0, 0, 0, 0, 0, 0, 0, 0, 0, 0, 0, 0, 0, 0, 0, 0, 0, 0, 0, 0, 0, 0, : 1, 4, 3, 20, 9, 10, 27, 8, 3, 6, 2, 3, 14, 6, 2, 6, 1, 1, 16, 1, 3, 4, 6, 8, 2, 14, 1, 1, 7, 3, 13, 2, 16, 
47: 5, 6, 5, 10, 6, 6, 20, 14, 2, 3, 11, 1, 24, 11, 21, 3, 3, 1, 3, 2, 2, 11, 2, 1, 5, 5, 9, 3, 7, 27, 0, 0, 0, 0, 0, 0, 0, 0, 0, 0, 0, 0, 0, 0, 0, 0, 0, 0, 0, 0, 0, 0, 0, 0, 0, 0, 0, 0, 0, 0, 0, 0, 0, 0, 0, 0, 0, 0, 0, 0, 0, 0, 0, 0, 0, 0, 0, 0, 0, 0, : 5, 6, 5, 10, 6, 6, 20, 14, 2, 3, 11, 1, 24, 11, 21, 3, 3, 1, 3, 2, 2, 11, 2, 1, 5, 5, 9, 3, 7, 27, 
48: 3, 1, 15, 7, 3, 5, 6, 2, 16, 7, 16, 7, 32, 8, 15, 10, 4, 2, 15, 18, 10, 12, 1, 8, 9, 17, 4, 2, 27, 5, 1, 16, 1, 10, 2, 4, 5, 5, 1, 1, 3, 2, 16, 6, 3, 4, 0, 0, 0, 0, 0, 0, 0, 0, 0, 0, 0, 0, 0, 0, 0, 0, 0, 0, 0, 0, 0, 0, 0, 0, 0, 0, 0, 0, 0, 0, 0, 0, 0, 0, : 3, 1, 15, 7, 3, 5, 6, 2, 16, 7, 16, 7, 32, 8, 15, 10, 4, 2, 15, 18, 10, 12, 1, 8, 9, 17, 4, 2, 27, 5, 1, 16, 1, 10, 2, 4, 5, 5, 1, 1, 3, 2, 16, 6, 3, 4, 
49: 8, 7, 19, 14, 17, 3, 7, 24, 7, 1, 5, 14, 6, 2, 18, 16, 29, 11, 6, 20, 1, 3, 16, 10, 14, 2, 1, 15, 11, 1, 0, 0, 0, 0, 0, 0, 0, 0, 0, 0, 0, 0, 0, 0, 0, 0, 0, 0, 0, 0, 0, 0, 0, 0, 0, 0, 0, 0, 0, 0, 0, 0, 0, 0, 0, 0, 0, 0, 0, 0, 0, 0, 0, 0, 0, 0, 0, 0, 0, 0, : 8, 7, 19, 14, 17, 3, 7, 24, 7, 1, 5, 14, 6, 2, 18, 16, 29, 11, 6, 20, 1, 3, 16, 10, 14, 2, 1, 15, 11, 1, 
50: 4, 5, 12, 31, 6, 22, 18, 13, 4, 16, 2, 3, 2, 13, 1, 1, 3, 1, 1, 1, 4, 4, 4, 15, 1, 2, 1, 1, 7, 6, 3, 2, 11, 9, 12, 14, 22, 21, 7, 4, 5, 3, 8, 12, 3, 0, 0, 0, 0, 0, 0, 0, 0, 0, 0, 0, 0, 0, 0, 0, 0, 0, 0, 0, 0, 0, 0, 0, 0, 0, 0, 0, 0, 0, 0, 0, 0, 0, 0, 0, : 4, 5, 12, 31, 6, 22, 18, 13, 4, 16, 2, 3, 2, 13, 1, 1, 3, 1, 1, 1, 4, 4, 4, 15, 1, 2, 1, 1, 7, 6, 3, 2, 11, 9, 12, 14, 22, 21, 7, 4, 5, 3, 8, 12, 3, 
51: 3, 1, 9, 3, 5, 13, 3, 12, 3, 5, 10, 4, 11, 1, 8, 2, 5, 16, 31, 1, 1, 6, 1, 19, 25, 5, 12, 16, 0, 0, 0, 0, 0, 0, 0, 0, 0, 0, 0, 0, 0, 0, 0, 0, 0, 0, 0, 0, 0, 0, 0, 0, 0, 0, 0, 0, 0, 0, 0, 0, 0, 0, 0, 0, 0, 0, 0, 0, 0, 0, 0, 0, 0, 0, 0, 0, 0, 0, 0, 0, : 3, 1, 9, 3, 5, 13, 3, 12, 3, 5, 10, 4, 11, 1, 8, 2, 5, 16, 31, 1, 1, 6, 1, 19, 25, 5, 12, 16, 
52: 2, 2, 12, 2, 3, 2, 2, 12, 10, 1, 5, 30, 30, 28, 2, 5, 30, 15, 28, 2, 5, 1, 7, 8, 3, 4, 3, 14, 20, 12, 10, 1, 3, 3, 3, 39, 13, 5, 2, 20, 13, 14, 5, 23, 1, 3, 4, 8, 3, 0, 0, 0, 0, 0, 0, 0, 0, 0, 0, 0, 0, 0, 0, 0, 0, 0, 0, 0, 0, 0, 0, 0, 0, 0, 0, 0, 0, 0, 0, 0, : 2, 2, 12, 2, 3, 2, 2, 12, 10, 1, 5, 30, 30, 28, 2, 5, 30, 15, 28, 2, 5, 1, 7, 8, 3, 4, 3, 14, 20, 12, 10, 1, 3, 3, 3, 39, 13, 5, 2, 20, 13, 14, 5, 23, 1, 3, 4, 8, 3, 
53: 9, 2, 5, 1, 2, 3, 2, 1, 7, 8, 6, 3, 6, 4, 14, 4, 1, 2, 2, 22, 22, 3, 3, 18, 11, 13, 1, 29, 6, 26, 3, 8, 2, 1, 18, 6, 16, 1, 19, 10, 1, 2, 3, 1, 1, 1, 9, 5, 0, 0, 0, 0, 0, 0, 0, 0, 0, 0, 0, 0, 0, 0, 0, 0, 0, 0, 0, 0, 0, 0, 0, 0, 0, 0, 0, 0, 0, 0, 0, 0, : 9, 2, 5, 1, 2, 3, 2, 1, 7, 8, 6, 3, 6, 4, 14, 4, 1, 2, 2, 22, 22, 3, 3, 18, 11, 13, 1, 29, 6, 26, 3, 8, 2, 1, 18, 6, 16, 1, 19, 10, 1, 2, 3, 1, 1, 1, 9, 5, 
54: 20, 1, 1, 1, 21, 3, 14, 4, 3, 13, 3, 4, 11, 1, 2, 2, 3, 5, 1, 4, 34, 5, 2, 3, 6, 1, 9, 1, 2, 27, 15, 14, 4, 0, 0, 0, 0, 0, 0, 0, 0, 0, 0, 0, 0, 0, 0, 0, 0, 0, 0, 0, 0, 0, 0, 0, 0, 0, 0, 0, 0, 0, 0, 0, 0, 0, 0, 0, 0, 0, 0, 0, 0, 0, 0, 0, 0, 0, 0, 0, : 20, 1, 1, 1, 21, 3, 14, 4, 3, 13, 3, 4, 11, 1, 2, 2, 3, 5, 1, 4, 34, 5, 2, 3, 6, 1, 9, 1, 2, 27, 15, 14, 4, 
55: 3, 2, 6, 6, 14, 4, 2, 2, 3, 9, 33, 4, 17, 6, 12, 1, 11, 15, 20, 5, 7, 13, 2, 20, 2, 7, 37, 20, 10, 17, 8, 3, 3, 3, 1, 1, 0, 0, 0, 0, 0, 0, 0, 0, 0, 0, 0, 0, 0, 0, 0, 0, 0, 0, 0, 0, 0, 0, 0, 0, 0, 0, 0, 0, 0, 0, 0, 0, 0, 0, 0, 0, 0, 0, 0, 0, 0, 0, 0, 0, : 3, 2, 6, 6, 14, 4, 2, 2, 3, 9, 33, 4, 17, 6, 12, 1, 11, 15, 20, 5, 7, 13, 2, 20, 2, 7, 37, 20, 10, 17, 8, 3, 3, 3, 1, 1, 
56: 24, 1, 2, 15, 9, 4, 2, 1, 31, 1, 2, 23, 2, 12, 1, 2, 1, 35, 6, 2, 7, 10, 9, 18, 7, 17, 19, 28, 15, 36, 13, 30, 0, 0, 0, 0, 0, 0, 0, 0, 0, 0, 0, 0, 0, 0, 0, 0, 0, 0, 0, 0, 0, 0, 0, 0, 0, 0, 0, 0, 0, 0, 0, 0, 0, 0, 0, 0, 0, 0, 0, 0, 0, 0, 0, 0, 0, 0, 0, 0, : 24, 1, 2, 15, 9, 4, 2, 1, 31, 1, 2, 23, 2, 12, 1, 2, 1, 35, 6, 2, 7, 10, 9, 18, 7, 17, 19, 28, 15, 36, 13, 30, 
57: 5, 17, 7, 9, 4, 14, 5, 11, 4, 1, 9, 3, 9, 2, 3, 2, 15, 6, 16, 1, 6, 2, 2, 9, 26, 12, 1, 7, 1, 7, 6, 7, 3, 11, 9, 13, 0, 0, 0, 0, 0, 0, 0, 0, 0, 0, 0, 0, 0, 0, 0, 0, 0, 0, 0, 0, 0, 0, 0, 0, 0, 0, 0, 0, 0, 0, 0, 0, 0, 0, 0, 0, 0, 0, 0, 0, 0, 0, 0, 0, : 5, 17, 7, 9, 4, 14, 5, 11, 4, 1, 9, 3, 9, 2, 3, 2, 15, 6, 16, 1, 6, 2, 2, 9, 26, 12, 1, 7, 1, 7, 6, 7, 3, 11, 9, 13, 
58: 9, 4, 3, 2, 1, 12, 16, 2, 1, 2, 22, 24, 5, 14, 4, 2, 9, 6, 32, 10, 1, 39, 3, 9, 25, 1, 2, 15, 3, 12, 14, 13, 3, 2, 3, 7, 3, 13, 1, 3, 0, 0, 0, 0, 0, 0, 0, 0, 0, 0, 0, 0, 0, 0, 0, 0, 0, 0, 0, 0, 0, 0, 0, 0, 0, 0, 0, 0, 0, 0, 0, 0, 0, 0, 0, 0, 0, 0, 0, 0, : 9, 4, 3, 2, 1, 12, 16, 2, 1, 2, 22, 24, 5, 14, 4, 2, 9, 6, 32, 10, 1, 39, 3, 9, 25, 1, 2, 15, 3, 12, 14, 13, 3, 2, 3, 7, 3, 13, 1, 3, 
59: 7, 5, 9, 12, 8, 4, 6, 3, 25, 1, 11, 1, 2, 14, 12, 6, 3, 2, 2, 4, 3, 9, 10, 26, 12, 30, 9, 9, 0, 0, 0, 0, 0, 0, 0, 0, 0, 0, 0, 0, 0, 0, 0, 0, 0, 0, 0, 0, 0, 0, 0, 0, 0, 0, 0, 0, 0, 0, 0, 0, 0, 0, 0, 0, 0, 0, 0, 0, 0, 0, 0, 0, 0, 0, 0, 0, 0, 0, 0, 0, : 7, 5, 9, 12, 8, 4, 6, 3, 25, 1, 11, 1, 2, 14, 12, 6, 3, 2, 2, 4, 3, 9, 10, 26, 12, 30, 9, 9, 
60: 7, 5, 2, 24, 2, 1, 1, 3, 9, 29, 1, 4, 5, 1, 2, 34, 1, 4, 11, 1, 19, 3, 28, 3, 3, 4, 7, 1, 2, 16, 1, 29, 10, 6, 2, 11, 2, 20, 2, 4, 27, 3, 5, 9, 2, 1, 1, 1, 5, 0, 0, 0, 0, 0, 0, 0, 0, 0, 0, 0, 0, 0, 0, 0, 0, 0, 0, 0, 0, 0, 0, 0, 0, 0, 0, 0, 0, 0, 0, 0, : 7, 5, 2, 24, 2, 1, 1, 3, 9, 29, 1, 4, 5, 1, 2, 34, 1, 4, 11, 1, 19, 3, 28, 3, 3, 4, 7, 1, 2, 16, 1, 29, 10, 6, 2, 11, 2, 20, 2, 4, 27, 3, 5, 9, 2, 1, 1, 1, 5, 
61: 10, 17, 7, 8, 1, 13, 6, 1, 3, 1, 14, 2, 4, 2, 9, 18, 8, 4, 6, 2, 14, 0, 0, 0, 0, 0, 0, 0, 0, 0, 0, 0, 0, 0, 0, 0, 0, 0, 0, 0, 0, 0, 0, 0, 0, 0, 0, 0, 0, 0, 0, 0, 0, 0, 0, 0, 0, 0, 0, 0, 0, 0, 0, 0, 0, 0, 0, 0, 0, 0, 0, 0, 0, 0, 0, 0, 0, 0, 0, 0, : 10, 17, 7, 8, 1, 13, 6, 1, 3, 1, 14, 2, 4, 2, 9, 18, 8, 4, 6, 2, 14, 
62: 7, 7, 10, 8, 20, 2, 5, 20, 2, 2, 13, 2, 18, 17, 9, 3, 14, 6, 3, 11, 9, 1, 7, 7, 4, 5, 18, 19, 13, 8, 7, 1, 14, 2, 7, 30, 16, 35, 4, 15, 33, 30, 1, 2, 5, 18, 11, 3, 1, 15, 4, 28, 9, 0, 0, 0, 0, 0, 0, 0, 0, 0, 0, 0, 0, 0, 0, 0, 0, 0, 0, 0, 0, 0, 0, 0, 0, 0, 0, 0, : 7, 7, 10, 8, 20, 2, 5, 20, 2, 2, 13, 2, 18, 17, 9, 3, 14, 6, 3, 11, 9, 1, 7, 7, 4, 5, 18, 19, 13, 8, 7, 1, 14, 2, 7, 30, 16, 35, 4, 15, 33, 30, 1, 2, 5, 18, 11, 3, 1, 15, 4, 28, 9, 
63: 8, 1, 32, 1, 1, 5, 2, 6, 9, 17, 9, 3, 2, 2, 31, 15, 1, 1, 5, 35, 8, 2, 4, 3, 1, 10, 16, 2, 1, 9, 4, 1, 30, 6, 3, 1, 4, 7, 1, 1, 0, 0, 0, 0, 0, 0, 0, 0, 0, 0, 0, 0, 0, 0, 0, 0, 0, 0, 0, 0, 0, 0, 0, 0, 0, 0, 0, 0, 0, 0, 0, 0, 0, 0, 0, 0, 0, 0, 0, 0, : 8, 1, 32, 1, 1, 5, 2, 6, 9, 17, 9, 3, 2, 2, 31, 15, 1, 1, 5, 35, 8, 2, 4, 3, 1, 10, 16, 2, 1, 9, 4, 1, 30, 6, 3, 1, 4, 7, 1, 1, 
64: 4, 13, 8, 6, 29, 10, 3, 4, 22, 7, 9, 1, 16, 1, 3, 11, 18, 12, 1, 26, 8, 6, 7, 5, 4, 1, 6, 9, 1, 1, 10, 2, 1, 12, 34, 9, 9, 5, 0, 0, 0, 0, 0, 0, 0, 0, 0, 0, 0, 0, 0, 0, 0, 0, 0, 0, 0, 0, 0, 0, 0, 0, 0, 0, 0, 0, 0, 0, 0, 0, 0, 0, 0, 0, 0, 0, 0, 0, 0, 0, : 4, 13, 8, 6, 29, 10, 3, 4, 22, 7, 9, 1, 16, 1, 3, 11, 18, 12, 1, 26, 8, 6, 7, 5, 4, 1, 6, 9, 1, 1, 10, 2, 1, 12, 34, 9, 9, 5, 
65: 3, 35, 9, 12, 7, 27, 1, 3, 1, 5, 1, 7, 10, 4, 5, 4, 6, 2, 1, 2, 5, 2, 10, 10, 9, 3, 3, 8, 9, 14, 2, 3, 4, 32, 13, 8, 1, 13, 8, 10, 4, 5, 3, 18, 4, 24, 3, 4, 0, 0, 0, 0, 0, 0, 0, 0, 0, 0, 0, 0, 0, 0, 0, 0, 0, 0, 0, 0, 0, 0, 0, 0, 0, 0, 0, 0, 0, 0, 0, 0, : 3, 35, 9, 12, 7, 27, 1, 3, 1, 5, 1, 7, 10, 4, 5, 4, 6, 2, 1, 2, 5, 2, 10, 10, 9, 3, 3, 8, 9, 14, 2, 3, 4, 32, 13, 8, 1, 13, 8, 10, 4, 5, 3, 18, 4, 24, 3, 4, 
66: 4, 3, 3, 12, 14, 3, 1, 7, 1, 20, 1, 31, 11, 1, 6, 5, 3, 16, 12, 14, 13, 1, 13, 15, 0, 0, 0, 0, 0, 0, 0, 0, 0, 0, 0, 0, 0, 0, 0, 0, 0, 0, 0, 0, 0, 0, 0, 0, 0, 0, 0, 0, 0, 0, 0, 0, 0, 0, 0, 0, 0, 0, 0, 0, 0, 0, 0, 0, 0, 0, 0, 0, 0, 0, 0, 0, 0, 0, 0, 0, : 4, 3, 3, 12, 14, 3, 1, 7, 1, 20, 1, 31, 11, 1, 6, 5, 3, 16, 12, 14, 13, 1, 13, 15, 
67: 19, 7, 5, 7, 6, 9, 6, 5, 22, 2, 3, 1, 6, 8, 1, 2, 14, 3, 18, 4, 1, 30, 24, 11, 17, 3, 12, 1, 7, 12, 2, 3, 11, 26, 1, 5, 1, 19, 1, 18, 2, 7, 1, 1, 0, 0, 0, 0, 0, 0, 0, 0, 0, 0, 0, 0, 0, 0, 0, 0, 0, 0, 0, 0, 0, 0, 0, 0, 0, 0, 0, 0, 0, 0, 0, 0, 0, 0, 0, 0, : 19, 7, 5, 7, 6, 9, 6, 5, 22, 2, 3, 1, 6, 8, 1, 2, 14, 3, 18, 4, 1, 30, 24, 11, 17, 3, 12, 1, 7, 12, 2, 3, 11, 26, 1, 5, 1, 19, 1, 18, 2, 7, 1, 1, 
68: 17, 13, 16, 20, 11, 21, 27, 4, 8, 11, 20, 4, 1, 7, 24, 15, 5, 12, 6, 12, 32, 16, 2, 20, 17, 1, 9, 22, 12, 1, 25, 12, 11, 20, 12, 2, 2, 2, 23, 3, 9, 16, 27, 9, 10, 9, 31, 14, 7, 19, 11, 1, 0, 0, 0, 0, 0, 0, 0, 0, 0, 0, 0, 0, 0, 0, 0, 0, 0, 0, 0, 0, 0, 0, 0, 0, 0, 0, 0, 0, : 17, 13, 16, 20, 11, 21, 27, 4, 8, 11, 20, 4, 1, 7, 24, 15, 5, 12, 6, 12, 32, 16, 2, 20, 17, 1, 9, 22, 12, 1, 25, 12, 11, 20, 12, 2, 2, 2, 23, 3, 9, 16, 27, 9, 10, 9, 31, 14, 7, 19, 11, 1, 
69: 6, 8, 10, 5, 11, 4, 5, 4, 12, 15, 7, 3, 8, 1, 2, 12, 1, 4, 14, 3, 3, 22, 13, 3, 24, 18, 7, 28, 17, 35, 6, 1, 1, 1, 4, 4, 13, 6, 0, 0, 0, 0, 0, 0, 0, 0, 0, 0, 0, 0, 0, 0, 0, 0, 0, 0, 0, 0, 0, 0, 0, 0, 0, 0, 0, 0, 0, 0, 0, 0, 0, 0, 0, 0, 0, 0, 0, 0, 0, 0, : 6, 8, 10, 5, 11, 4, 5, 4, 12, 15, 7, 3, 8, 1, 2, 12, 1, 4, 14, 3, 3, 22, 13, 3, 24, 18, 7, 28, 17, 35, 6, 1, 1, 1, 4, 4, 13, 6, 
70: 10, 2, 3, 2, 15, 2, 8, 3, 6, 6, 16, 14, 17, 6, 5, 2, 1, 5, 7, 23, 3, 2, 1, 22, 1, 1, 9, 4, 11, 24, 11, 0, 0, 0, 0, 0, 0, 0, 0, 0, 0, 0, 0, 0, 0, 0, 0, 0, 0, 0, 0, 0, 0, 0, 0, 0, 0, 0, 0, 0, 0, 0, 0, 0, 0, 0, 0, 0, 0, 0, 0, 0, 0, 0, 0, 0, 0, 0, 0, 0, : 10, 2, 3, 2, 15, 2, 8, 3, 6, 6, 16, 14, 17, 6, 5, 2, 1, 5, 7, 23, 3, 2, 1, 22, 1, 1, 9, 4, 11, 24, 11, 
71: 2, 2, 32, 1, 17, 5, 19, 31, 4, 8, 17, 1, 1, 1, 2, 2, 7, 13, 17, 4, 9, 1, 10, 8, 3, 1, 28, 9, 16, 18, 6, 10, 2, 3, 1, 2, 5, 7, 1, 17, 11, 0, 0, 0, 0, 0, 0, 0, 0, 0, 0, 0, 0, 0, 0, 0, 0, 0, 0, 0, 0, 0, 0, 0, 0, 0, 0, 0, 0, 0, 0, 0, 0, 0, 0, 0, 0, 0, 0, 0, : 2, 2, 32, 1, 17, 5, 19, 31, 4, 8, 17, 1, 1, 1, 2, 2, 7, 13, 17, 4, 9, 1, 10, 8, 3, 1, 28, 9, 16, 18, 6, 10, 2, 3, 1, 2, 5, 7, 1, 17, 11, 
72: 14, 2, 8, 4, 2, 3, 9, 1, 3, 12, 10, 21, 6, 16, 9, 1, 33, 6, 5, 4, 2, 19, 3, 1, 17, 1, 1, 17, 4, 7, 1, 0, 0, 0, 0, 0, 0, 0, 0, 0, 0, 0, 0, 0, 0, 0, 0, 0, 0, 0, 0, 0, 0, 0, 0, 0, 0, 0, 0, 0, 0, 0, 0, 0, 0, 0, 0, 0, 0, 0, 0, 0, 0, 0, 0, 0, 0, 0, 0, 0, : 14, 2, 8, 4, 2, 3, 9, 1, 3, 12, 10, 21, 6, 16, 9, 1, 33, 6, 5, 4, 2, 19, 3, 1, 17, 1, 1, 17, 4, 7, 1, 
73: 13, 22, 9, 1, 3, 1, 7, 9, 2, 16, 8, 22, 1, 2, 1, 6, 21, 31, 1, 6, 10, 8, 12, 15, 3, 3, 1, 4, 17, 1, 18, 19, 1, 30, 1, 6, 11, 20, 4, 0, 0, 0, 0, 0, 0, 0, 0, 0, 0, 0, 0, 0, 0, 0, 0, 0, 0, 0, 0, 0, 0, 0, 0, 0, 0, 0, 0, 0, 0, 0, 0, 0, 0, 0, 0, 0, 0, 0, 0, 0, : 13, 22, 9, 1, 3, 1, 7, 9, 2, 16, 8, 22, 1, 2, 1, 6, 21, 31, 1, 6, 10, 8, 12, 15, 3, 3, 1, 4, 17, 1, 18, 19, 1, 30, 1, 6, 11, 20, 4, 
74: 4, 2, 12, 4, 23, 5, 2, 6, 4, 6, 6, 12, 4, 1, 3, 6, 14, 4, 4, 8, 4, 7, 5, 2, 10, 22, 4, 6, 12, 14, 2, 7, 12, 1, 18, 4, 8, 1, 5, 7, 1, 4, 4, 4, 2, 6, 30, 6, 24, 17, 4, 0, 0, 0, 0, 0, 0, 0, 0, 0, 0, 0, 0, 0, 0, 0, 0, 0, 0, 0, 0, 0, 0, 0, 0, 0, 0, 0, 0, 0, : 4, 2, 12, 4, 23, 5, 2, 6, 4, 6, 6, 12, 4, 1, 3, 6, 14, 4, 4, 8, 4, 7, 5, 2, 10, 22, 4, 6, 12, 14, 2, 7, 12, 1, 18, 4, 8, 1, 5, 7, 1, 4, 4, 4, 2, 6, 30, 6, 24, 17, 4, 
75: 11, 1, 2, 11, 16, 4, 3, 5, 10, 7, 28, 1, 8, 4, 4, 1, 17, 2, 13, 4, 16, 15, 18, 1, 3, 7, 6, 18, 18, 1, 1, 10, 2, 7, 7, 2, 1, 6, 2, 15, 1, 11, 3, 12, 13, 0, 0, 0, 0, 0, 0, 0, 0, 0, 0, 0, 0, 0, 0, 0, 0, 0, 0, 0, 0, 0, 0, 0, 0, 0, 0, 0, 0, 0, 0, 0, 0, 0, 0, 0, : 11, 1, 2, 11, 16, 4, 3, 5, 10, 7, 28, 1, 8, 4, 4, 1, 17, 2, 13, 4, 16, 15, 18, 1, 3, 7, 6, 18, 18, 1, 1, 10, 2, 7, 7, 2, 1, 6, 2, 15, 1, 11, 3, 12, 13, 
76: 16, 1, 5, 2, 4, 1, 6, 7, 7, 2, 16, 8, 1, 11, 7, 5, 2, 15, 1, 12, 10, 6, 16, 6, 4, 4, 29, 7, 28, 1, 3, 30, 6, 18, 13, 6, 9, 8, 4, 19, 10, 21, 1, 9, 7, 1, 7, 0, 0, 0, 0, 0, 0, 0, 0, 0, 0, 0, 0, 0, 0, 0, 0, 0, 0, 0, 0, 0, 0, 0, 0, 0, 0, 0, 0, 0, 0, 0, 0, 0, : 16, 1, 5, 2, 4, 1, 6, 7, 7, 2, 16, 8, 1, 11, 7, 5, 2, 15, 1, 12, 10, 6, 16, 6, 4, 4, 29, 7, 28, 1, 3, 30, 6, 18, 13, 6, 9, 8, 4, 19, 10, 21, 1, 9, 7, 1, 7, 
77: 4, 6, 2, 4, 2, 3, 3, 6, 25, 4, 10, 5, 1, 4, 11, 3, 10, 7, 10, 15, 3, 29, 8, 1, 2, 2, 11, 35, 4, 15, 4, 1, 17, 14, 1, 6, 10, 20, 1, 7, 2, 0, 0, 0, 0, 0, 0, 0, 0, 0, 0, 0, 0, 0, 0, 0, 0, 0, 0, 0, 0, 0, 0, 0, 0, 0, 0, 0, 0, 0, 0, 0, 0, 0, 0, 0, 0, 0, 0, 0, : 4, 6, 2, 4, 2, 3, 3, 6, 25, 4, 10, 5, 1, 4, 11, 3, 10, 7, 10, 15, 3, 29, 8, 1, 2, 2, 11, 35, 4, 15, 4, 1, 17, 14, 1, 6, 10, 20, 1, 7, 2, 
78: 23, 5, 13, 8, 11, 2, 5, 15, 26, 15, 3, 4, 11, 31, 6, 1, 30, 13, 32, 4, 4, 10, 4, 6, 4, 6, 4, 4, 2, 6, 27, 1, 4, 2, 1, 1, 1, 12, 13, 0, 0, 0, 0, 0, 0, 0, 0, 0, 0, 0, 0, 0, 0, 0, 0, 0, 0, 0, 0, 0, 0, 0, 0, 0, 0, 0, 0, 0, 0, 0, 0, 0, 0, 0, 0, 0, 0, 0, 0, 0, : 23, 5, 13, 8, 11, 2, 5, 15, 26, 15, 3, 4, 11, 31, 6, 1, 30, 13, 32, 4, 4, 10, 4, 6, 4, 6, 4, 4, 2, 6, 27, 1, 4, 2, 1, 1, 1, 12, 13, 
79: 10, 2, 2, 9, 9, 15, 2, 3, 17, 10, 3, 4, 4, 7, 4, 16, 8, 4, 5, 1, 8, 24, 8, 1, 1, 6, 7, 13, 1, 1, 3, 15, 18, 3, 7, 3, 9, 0, 0, 0, 0, 0, 0, 0, 0, 0, 0, 0, 0, 0, 0, 0, 0, 0, 0, 0, 0, 0, 0, 0, 0, 0, 0, 0, 0, 0, 0, 0, 0, 0, 0, 0, 0, 0, 0, 0, 0, 0, 0, 0, : 10, 2, 2, 9, 9, 15, 2, 3, 17, 10, 3, 4, 4, 7, 4, 16, 8, 4, 5, 1, 8, 24, 8, 1, 1, 6, 7, 13, 1, 1, 3, 15, 18, 3, 7, 3, 9, 
80: 1, 1, 10, 15, 8, 33, 14, 20, 1, 4, 28, 2, 23, 3, 9, 9, 15, 1, 5, 12, 1, 15, 1, 9, 5, 14, 17, 6, 16, 8, 1, 2, 8, 29, 1, 7, 2, 21, 17, 2, 0, 0, 0, 0, 0, 0, 0, 0, 0, 0, 0, 0, 0, 0, 0, 0, 0, 0, 0, 0, 0, 0, 0, 0, 0, 0, 0, 0, 0, 0, 0, 0, 0, 0, 0, 0, 0, 0, 0, 0, : 1, 1, 10, 15, 8, 33, 14, 20, 1, 4, 28, 2, 23, 3, 9, 9, 15, 1, 5, 12, 1, 15, 1, 9, 5, 14, 17, 6, 16, 8, 1, 2, 8, 29, 1, 7, 2, 21, 17, 2, 


