20
80
1: 18, 10, 14, 8, 4, 18, 0, 0, 0, 0, 0, 0, 0, 0, 0, 0, 0, 0, 0, 0, : 18, 10, 14, 8, 4, 18, 
2: 4, 8, 1, 3, 19, 3, 28, 3, 2, 0, 0, 0, 0, 0, 0, 0, 0, 0, 0, 0, : 4, 8, 1, 3, 19, 3, 28, 3, 2, 
3: 7, 12, 8, 9, 1, 7, 7, 17, 0, 0, 0, 0, 0, 0, 0, 0, 0, 0, 0, 0, : 7, 12, 8, 9, 1, 7, 7, 17, 
4: 1, 4, 1, 1, 15, 3, 8, 4, 6, 14, 3, 32, 0, 0, 0, 0, 0, 0, 0, 0, : 1, 4, 1, 1, 15, 3, 8, 4, 6, 14, 3, 32, 
5: 13, 5, 11, 14, 1, 12, 1, 1, 14, 24, 7, 0, 0, 0, 0, 0, 0, 0, 0, 0, : 13, 5, 11, 14, 1, 12, 1, 1, 14, 24, 7, 
6: 24, 11, 21, 7, 22, 3, 23, 28, 12, 5, 0, 0, 0, 0, 0, 0, 0, 0, 0, 0, : 24, 11, 21, 7, 22, 3, 23, 28, 12, 5, 
7: 23, 1, 23, 12, 2, 1, 9, 1, 0, 0, 0, 0, 0, 0, 0, 0, 0, 0, 0, 0, : 23, 1, 23, 12, 2, 1, 9, 1, 
8: 15, 2, 19, 5, 3, 19, 2, 2, 3, 1, 3, 21, 13, 0, 0, 0, 0, 0, 0, 0, : 15, 2, 19, 5, 3, 19, 2, 2, 3, 1, 3, 21, 13, 
9: 1, 3, 2, 6, 2, 4, 12, 4, 14, 9, 5, 8, 0, 0, 0, 0, 0, 0, 0, 0, : 1, 3, 2, 6, 2, 4, 12, 4, 14, 9, 5, 8, 
10: 9, 6, 6, 3, 3, 5, 3, 20, 17, 3, 23, 14, 3, 0, 0, 0, 0, 0, 0, 0, : 9, 6, 6, 3, 3, 5, 3, 20, 17, 3, 23, 14, 3, 
11: 5, 2, 6, 3, 2, 1, 3, 14, 14, 3, 0, 0, 0, 0, 0, 0, 0, 0, 0, 0, : 5, 2, 6, 3, 2, 1, 3, 14, 14, 3, 
12: 4, 1, 6, 13, 1, 1, 8, 6, 2, 3, 3, 2, 2, 1, 0, 0, 0, 0, 0, 0, : 4, 1, 6, 13, 1, 1, 8, 6, 2, 3, 3, 2, 2, 1, 
13: 5, 25, 8, 10, 1, 7, 2, 4, 6, 27, 8, 0, 0, 0, 0, 0, 0, 0, 0, 0, : 5, 25, 8, 10, 1, 7, 2, 4, 6, 27, 8, 
14: 1, 13, 8, 11, 30, 13, 17, 7, 0, 0, 0, 0, 0, 0, 0, 0, 0, 0, 0, 0, : 1, 13, 8, 11, 30, 13, 17, 7, 
15: 17, 4, 1, 6, 11, 10, 12, 5, 21, 6, 1, 26, 0, 0, 0, 0, 0, 0, 0, 0, : 17, 4, 1, 6, 11, 10, 12, 5, 21, 6, 1, 26, 
16: 30, 18, 2, 5, 18, 2, 3, 1, 6, 19, 6, 13, 0, 0, 0, 0, 0, 0, 0, 0, : 30, 18, 2, 5, 18, 2, 3, 1, 6, 19, 6, 13, 
17: 4, 34, 24, 18, 37, 14, 2, 8, 4, 3, 1, 8, 5, 0, 0, 0, 0, 0, 0, 0, : 4, 34, 24, 18, 37, 14, 2, 8, 4, 3, 1, 8, 5, 
18: 4, 20, 26, 16, 1, 6, 2, 2, 2, 25, 4, 22, 0, 0, 0, 0, 0, 0, 0, 0, : 4, 20, 26, 16, 1, 6, 2, 2, 2, 25, 4, 22, 
19: 3, 10, 25, 3, 2, 2, 1, 8, 5, 5, 2, 18, 3, 0, 0, 0, 0, 0, 0, 0, : 3, 10, 25, 3, 2, 2, 1, 8, 5, 5, 2, 18, 3, 
20: 1, 3, 2, 5, 6, 3, 2, 4, 1, 1, 0, 0, 0, 0, 0, 0, 0, 0, 0, 0, : 1, 3, 2, 5, 6, 3, 2, 4, 1, 1, 
21: 4, 27, 22, 4, 6, 7, 16, 3, 3, 0, 0, 0, 0, 0, 0, 0, 0, 0, 0, 0, : 4, 27, 22, 4, 6, 7, 16, 3, 3, 
22: 9, 4, 1, 11, 20, 12, 1, 10, 17, 10, 0, 0, 0, 0, 0, 0, 0, 0, 0, 0, : 9, 4, 1, 11, 20, 12, 1, 10, 17, 10, 
23: 1, 2, 11, 1, 6, 8, 3, 4, 9, 4, 4, 0, 0, 0, 0, 0, 0, 0, 0, 0, : 1, 2, 11, 1, 6, 8, 3, 4, 9, 4, 4, 
24: 2, 1, 11, 14, 13, 1, 7, 7, 1, 5, 26, 0, 0, 0, 0, 0, 0, 0, 0, 0, : 2, 1, 11, 14, 13, 1, 7, 7, 1, 5, 26, 
25: 9, 21, 2, 1, 22, 2, 27, 14, 12, 8, 6, 2, 0, 0, 0, 0, 0, 0, 0, 0, : 9, 21, 2, 1, 22, 2, 27, 14, 12, 8, 6, 2, 
26: 2, 15, 3, 12, 10, 8, 3, 3, 6, 0, 0, 0, 0, 0, 0, 0, 0, 0, 0, 0, : 2, 15, 3, 12, 10, 8, 3, 3, 6, 
27: 1, 10, 6, 2, 9, 16, 3, 1, 5, 3, 0, 0, 0, 0, 0, 0, 0, 0, 0, 0, : 1, 10, 6, 2, 9, 16, 3, 1, 5, 3, 
28: 3, 10, 4, 3, 2, 18, 2, 13, 4, 0, 0, 0, 0, 0, 0, 0, 0, 0, 0, 0, : 3, 10, 4, 3, 2, 18, 2, 13, 4, 
29: 2, 2, 5, 2, 2, 1, 0, 0, 0, 0, 0, 0, 0, 0, 0, 0, 0, 0, 0, 0, : 2, 2, 5, 2, 2, 1, 
30: 12, 13, 4, 21, 3, 9, 3, 19, 14, 11, 0, 0, 0, 0, 0, 0, 0, 0, 0, 0, : 12, 13, 4, 21, 3, 9, 3, 19, 14, 11, 
31: 3, 2, 2, 5, 19, 4, 1, 2, 0, 0, 0, 0, 0, 0, 0, 0, 0, 0, 0, 0, : 3, 2, 2, 5, 19, 4, 1, 2, 
32: 3, 4, 2, 2, 3, 15, 16, 14, 0, 0, 0, 0, 0, 0, 0, 0, 0, 0, 0, 0, : 3, 4, 2, 2, 3, 15, 16, 14, 
33: 17, 25, 1, 2, 2, 5, 12, 8, 7, 16, 12, 8, 0, 0, 0, 0, 0, 0, 0, 0, : 17, 25, 1, 2, 2, 5, 12, 8, 7, 16, 12, 8, 
34: 26, 14, 2, 4, 4, 4, 6, 28, 4, 0, 0, 0, 0, 0, 0, 0, 0, 0, 0, 0, : 26, 14, 2, 4, 4, 4, 6, 28, 4, 
35: 18, 7, 9, 2, 21, 2, 2, 8, 19, 3, 4, 0, 0, 0, 0, 0, 0, 0, 0, 0, : 18, 7, 9, 2, 21, 2, 2, 8, 19, 3, 4, 
36: 23, 10, 7, 7, 2, 10, 1, 1, 0, 0, 0, 0, 0, 0, 0, 0, 0, 0, 0, 0, : 23, 10, 7, 7, 2, 10, 1, 1, 
37: 2, 4, 12, 3, 4, 0, 0, 0, 0, 0, 0, 0, 0, 0, 0, 0, 0, 0, 0, 0, : 2, 4, 12, 3, 4, 
38: 1, 4, 12, 15, 6, 13, 16, 4, 0, 0, 0, 0, 0, 0, 0, 0, 0, 0, 0, 0, : 1, 4, 12, 15, 6, 13, 16, 4, 
39: 2, 8, 5, 6, 4, 11, 13, 3, 0, 0, 0, 0, 0, 0, 0, 0, 0, 0, 0, 0, : 2, 8, 5, 6, 4, 11, 13, 3, 
40: 2, 4, 5, 1, 8, 8, 13, 12, 11, 9, 30, 31, 4, 0, 0, 0, 0, 0, 0, 0, : 2, 4, 5, 1, 8, 8, 13, 12, 11, 9, 30, 31, 4, 
41: 1, 29, 3, 7, 16, 1, 23, 16, 9, 2, 1, 6, 6, 10, 14, 0, 0, 0, 0, 0, : 1, 29, 3, 7, 16, 1, 23, 16, 9, 2, 1, 6, 6, 10, 14, 
42: 4, 13, 6, 5, 1, 4, 20, 1, 5, 3, 12, 0, 0, 0, 0, 0, 0, 0, 0, 0, : 4, 13, 6, 5, 1, 4, 20, 1, 5, 3, 12, 
43: 3, 13, 5, 25, 4, 2, 19, 1, 7, 0, 0, 0, 0, 0, 0, 0, 0, 0, 0, 0, : 3, 13, 5, 25, 4, 2, 19, 1, 7, 
44: 1, 1, 11, 10, 3, 2, 3, 14, 6, 3, 0, 0, 0, 0, 0, 0, 0, 0, 0, 0, : 1, 1, 11, 10, 3, 2, 3, 14, 6, 3, 
45: 4, 24, 12, 5, 7, 4, 6, 2, 0, 0, 0, 0, 0, 0, 0, 0, 0, 0, 0, 0, : 4, 24, 12, 5, 7, 4, 6, 2, 
46: 3, 2, 18, 17, 19, 1, 6, 14, 12, 32, 0, 0, 0, 0, 0, 0, 0, 0, 0, 0, : 3, 2, 18, 17, 19, 1, 6, 14, 12, 32, 
47: 1, 15, 1, 15, 27, 7, 3, 4, 0, 0, 0, 0, 0, 0, 0, 0, 0, 0, 0, 0, : 1, 15, 1, 15, 27, 7, 3, 4, 
48: 4, 2, 18, 25, 16, 1, 9, 2, 1, 21, 4, 26, 0, 0, 0, 0, 0, 0, 0, 0, : 4, 2, 18, 25, 16, 1, 9, 2, 1, 21, 4, 26, 
49: 2, 13, 8, 23, 15, 2, 12, 2, 9, 0, 0, 0, 0, 0, 0, 0, 0, 0, 0, 0, : 2, 13, 8, 23, 15, 2, 12, 2, 9, 
50: 31, 2, 15, 5, 1, 5, 3, 33, 4, 3, 2, 4, 0, 0, 0, 0, 0, 0, 0, 0, : 31, 2, 15, 5, 1, 5, 3, 33, 4, 3, 2, 4, 
51: 3, 7, 11, 6, 5, 3, 2, 5, 0, 0, 0, 0, 0, 0, 0, 0, 0, 0, 0, 0, : 3, 7, 11, 6, 5, 3, 2, 5, 
52: 1, 1, 6, 1, 5, 1, 1, 0, 0, 0, 0, 0, 0, 0, 0, 0, 0, 0, 0, 0, : 1, 1, 6, 1, 5, 1, 1, 
53: 5, 2, 12, 1, 2, 5, 2, 1, 16, 12, 27, 0, 0, 0, 0, 0, 0, 0, 0, 0, : 5, 2, 12, 1, 2, 5, 2, 1, 16, 12, 27, 
54: 1, 3, 27, 3, 3, 0, 0, 0, 0, 0, 0, 0, 0, 0, 0, 0, 0, 0, 0, 0, : 1, 3, 27, 3, 3, 
55: 10, 8, 5, 9, 7, 9, 3, 2, 8, 1, 1, 3, 2, 3, 1, 15, 0, 0, 0, 0, : 10, 8, 5, 9, 7, 9, 3, 2, 8, 1, 1, 3, 2, 3, 1, 15, 
56: 3, 24, 21, 11, 3, 16, 4, 5, 1, 29, 0, 0, 0, 0, 0, 0, 0, 0, 0, 0, : 3, 24, 21, 11, 3, 16, 4, 5, 1, 29, 
57: 5, 5, 21, 6, 6, 11, 2, 4, 5, 1, 0, 0, 0, 0, 0, 0, 0, 0, 0, 0, : 5, 5, 21, 6, 6, 11, 2, 4, 5, 1, 
58: 12, 3, 6, 4, 1, 2, 2, 19, 0, 0, 0, 0, 0, 0, 0, 0, 0, 0, 0, 0, : 12, 3, 6, 4, 1, 2, 2, 19, 
59: 1, 3, 9, 3, 5, 6, 10, 5, 9, 8, 0, 0, 0, 0, 0, 0, 0, 0, 0, 0, : 1, 3, 9, 3, 5, 6, 10, 5, 9, 8, 
60: 29, 2, 4, 8, 15, 28, 9, 15, 18, 6, 0, 0, 0, 0, 0, 0, 0, 0, 0, 0, : 29, 2, 4, 8, 15, 28, 9, 15, 18, 6, 
61: 9, 2, 1, 3, 4, 2, 2, 3, 2, 17, 9, 3, 0, 0, 0, 0, 0, 0, 0, 0, : 9, 2, 1, 3, 4, 2, 2, 3, 2, 17, 9, 3, 
62: 1, 4, 4, 9, 5, 1, 3, 0, 0, 0, 0, 0, 0, 0, 0, 0, 0, 0, 0, 0, : 1, 4, 4, 9, 5, 1, 3, 
63: 28, 3, 18, 2, 6, 1, 3, 2, 0, 0, 0, 0, 0, 0, 0, 0, 0, 0, 0, 0, : 28, 3, 18, 2, 6, 1, 3, 2, 
64: 19, 1, 7, 14, 3, 4, 2, 24, 2, 8, 0, 0, 0, 0, 0, 0, 0, 0, 0, 0, : 19, 1, 7, 14, 3, 4, 2, 24, 2, 8, 
65: 4, 8, 4, 3, 23, 15, 3, 13, 1, 0, 0, 0, 0, 0, 0, 0, 0, 0, 0, 0, : 4, 8, 4, 3, 23, 15, 3, 13, 1, 
66: 1, 13, 1, 7, 5, 3, 1, 3, 10, 1, 0, 0, 0, 0, 0, 0, 0, 0, 0, 0, : 1, 13, 1, 7, 5, 3, 1, 3, 10, 1, 
67: 2, 32, 4, 6, 5, 13, 4, 7, 12, 4, 0, 0, 0, 0, 0, 0, 0, 0, 0, 0, : 2, 32, 4, 6, 5, 13, 4, 7, 12, 4, 
68: 32, 14, 10, 15, 3, 21, 20, 2, 2, 4, 19, 4, 0, 0, 0, 0, 0, 0, 0, 0, : 32, 14, 10, 15, 3, 21, 20, 2, 2, 4, 19, 4, 
69: 5, 12, 7, 11, 4, 17, 5, 5, 0, 0, 0, 0, 0, 0, 0, 0, 0, 0, 0, 0, : 5, 12, 7, 11, 4, 17, 5, 5, 
70: 3, 2, 18, 20, 10, 1, 0, 0, 0, 0, 0, 0, 0, 0, 0, 0, 0, 0, 0, 0, : 3, 2, 18, 20, 10, 1, 
71: 4, 1, 4, 1, 1, 11, 9, 12, 3, 0, 0, 0, 0, 0, 0, 0, 0, 0, 0, 0, : 4, 1, 4, 1, 1, 11, 9, 12, 3, 
72: 15, 30, 11, 13, 3, 0, 0, 0, 0, 0, 0, 0, 0, 0, 0, 0, 0, 0, 0, 0, : 15, 30, 11, 13, 3, 
73: 3, 2, 2, 12, 9, 5, 2, 0, 0, 0, 0, 0, 0, 0, 0, 0, 0, 0, 0, 0, : 3, 2, 2, 12, 9, 5, 2, 
74: 15, 26, 18, 6, 12, 2, 1, 0, 0, 0, 0, 0, 0, 0, 0, 0, 0, 0, 0, 0, : 15, 26, 18, 6, 12, 2, 1, 
75: 1, 1, 21, 3, 14, 8, 6, 19, 7, 6, 6, 0, 0, 0, 0, 0, 0, 0, 0, 0, : 1, 1, 21, 3, 14, 8, 6, 19, 7, 6, 6, 
76: 3, 4, 8, 12, 3, 3, 1, 28, 1, 1, 2, 2, 2, 3, 4, 31, 0, 0, 0, 0, : 3, 4, 8, 12, 3, 3, 1, 28, 1, 1, 2, 2, 2, 3, 4, 31, 
77: 1, 7, 9, 36, 18, 2, 0, 0, 0, 0, 0, 0, 0, 0, 0, 0, 0, 0, 0, 0, : 1, 7, 9, 36, 18, 2, 
78: 1, 3, 2, 5, 3, 27, 5, 4, 0, 0, 0, 0, 0, 0, 0, 0, 0, 0, 0, 0, : 1, 3, 2, 5, 3, 27, 5, 4, 
79: 18, 1, 8, 2, 2, 5, 8, 7, 11, 0, 0, 0, 0, 0, 0, 0, 0, 0, 0, 0, : 18, 1, 8, 2, 2, 5, 8, 7, 11, 
80: 6, 8, 17, 9, 5, 15, 9, 6, 13, 8, 3, 2, 0, 0, 0, 0, 0, 0, 0, 0, : 6, 8, 17, 9, 5, 15, 9, 6, 13, 8, 3, 2, 


