20
80
1: 2, 2, 7, 1, 14, 7, 4, 11, 1, 0, 0, 0, 0, 0, 0, 0, 0, 0, 0, 0, : 2, 2, 7, 1, 14, 7, 4, 11, 1, 
2: 2, 1, 4, 6, 5, 1, 11, 5, 7, 1, 3, 16, 0, 0, 0, 0, 0, 0, 0, 0, : 2, 1, 4, 6, 5, 1, 11, 5, 7, 1, 3, 16, 
3: 1, 12, 7, 14, 4, 1, 1, 0, 0, 0, 0, 0, 0, 0, 0, 0, 0, 0, 0, 0, : 1, 12, 7, 14, 4, 1, 1, 
4: 4, 2, 4, 3, 12, 4, 21, 12, 14, 17, 0, 0, 0, 0, 0, 0, 0, 0, 0, 0, : 4, 2, 4, 3, 12, 4, 21, 12, 14, 17, 
5: 16, 15, 13, 2, 4, 11, 3, 13, 1, 7, 2, 1, 0, 0, 0, 0, 0, 0, 0, 0, : 16, 15, 13, 2, 4, 11, 3, 13, 1, 7, 2, 1, 
6: 3, 4, 4, 10, 37, 3, 6, 27, 29, 8, 0, 0, 0, 0, 0, 0, 0, 0, 0, 0, : 3, 4, 4, 10, 37, 3, 6, 27, 29, 8, 
7: 6, 3, 6, 23, 1, 1, 5, 2, 0, 0, 0, 0, 0, 0, 0, 0, 0, 0, 0, 0, : 6, 3, 6, 23, 1, 1, 5, 2, 
8: 9, 11, 24, 17, 3, 2, 2, 12, 1, 0, 0, 0, 0, 0, 0, 0, 0, 0, 0, 0, : 9, 11, 24, 17, 3, 2, 2, 12, 1, 
9: 7, 3, 2, 2, 1, 2, 1, 5, 2, 5, 0, 0, 0, 0, 0, 0, 0, 0, 0, 0, : 7, 3, 2, 2, 1, 2, 1, 5, 2, 5, 
10: 4, 20, 15, 1, 10, 4, 3, 19, 4, 12, 2, 0, 0, 0, 0, 0, 0, 0, 0, 0, : 4, 20, 15, 1, 10, 4, 3, 19, 4, 12, 2, 
11: 9, 13, 16, 31, 5, 1, 15, 14, 9, 1, 12, 0, 0, 0, 0, 0, 0, 0, 0, 0, : 9, 13, 16, 31, 5, 1, 15, 14, 9, 1, 12, 
12: 2, 5, 18, 9, 25, 1, 9, 3, 7, 0, 0, 0, 0, 0, 0, 0, 0, 0, 0, 0, : 2, 5, 18, 9, 25, 1, 9, 3, 7, 
13: 12, 5, 12, 7, 2, 3, 13, 5, 1, 0, 0, 0, 0, 0, 0, 0, 0, 0, 0, 0, : 12, 5, 12, 7, 2, 3, 13, 5, 1, 
14: 1, 2, 9, 5, 17, 14, 8, 22, 3, 0, 0, 0, 0, 0, 0, 0, 0, 0, 0, 0, : 1, 2, 9, 5, 17, 14, 8, 22, 3, 
15: 9, 2, 21, 3, 17, 26, 3, 1, 3, 16, 0, 0, 0, 0, 0, 0, 0, 0, 0, 0, : 9, 2, 21, 3, 17, 26, 3, 1, 3, 16, 
16: 13, 5, 6, 1, 2, 6, 11, 7, 26, 26, 2, 1, 1, 0, 0, 0, 0, 0, 0, 0, : 13, 5, 6, 1, 2, 6, 11, 7, 26, 26, 2, 1, 1, 
17: 7, 1, 9, 12, 2, 2, 2, 0, 0, 0, 0, 0, 0, 0, 0, 0, 0, 0, 0, 0, : 7, 1, 9, 12, 2, 2, 2, 
18: 6, 5, 19, 11, 2, 9, 6, 1, 1, 7, 6, 0, 0, 0, 0, 0, 0, 0, 0, 0, : 6, 5, 19, 11, 2, 9, 6, 1, 1, 7, 6, 
19: 10, 21, 21, 21, 1, 14, 2, 34, 13, 0, 0, 0, 0, 0, 0, 0, 0, 0, 0, 0, : 10, 21, 21, 21, 1, 14, 2, 34, 13, 
20: 10, 7, 3, 5, 9, 6, 3, 1, 2, 20, 0, 0, 0, 0, 0, 0, 0, 0, 0, 0, : 10, 7, 3, 5, 9, 6, 3, 1, 2, 20, 
21: 1, 1, 8, 24, 13, 1, 7, 1, 2, 25, 6, 6, 4, 0, 0, 0, 0, 0, 0, 0, : 1, 1, 8, 24, 13, 1, 7, 1, 2, 25, 6, 6, 4, 
22: 26, 2, 7, 7, 4, 13, 3, 2, 16, 22, 7, 0, 0, 0, 0, 0, 0, 0, 0, 0, : 26, 2, 7, 7, 4, 13, 3, 2, 16, 22, 7, 
23: 6, 23, 1, 4, 2, 13, 2, 3, 0, 0, 0, 0, 0, 0, 0, 0, 0, 0, 0, 0, : 6, 23, 1, 4, 2, 13, 2, 3, 
24: 3, 7, 6, 2, 14, 5, 3, 7, 0, 0, 0, 0, 0, 0, 0, 0, 0, 0, 0, 0, : 3, 7, 6, 2, 14, 5, 3, 7, 
25: 7, 4, 7, 28, 7, 1, 28, 4, 5, 3, 0, 0, 0, 0, 0, 0, 0, 0, 0, 0, : 7, 4, 7, 28, 7, 1, 28, 4, 5, 3, 
26: 7, 1, 2, 24, 18, 4, 2, 2, 18, 12, 3, 0, 0, 0, 0, 0, 0, 0, 0, 0, : 7, 1, 2, 24, 18, 4, 2, 2, 18, 12, 3, 
27: 19, 7, 14, 4, 2, 2, 5, 1, 11, 10, 5, 0, 0, 0, 0, 0, 0, 0, 0, 0, : 19, 7, 14, 4, 2, 2, 5, 1, 11, 10, 5, 
28: 11, 18, 20, 8, 15, 8, 31, 3, 15, 0, 0, 0, 0, 0, 0, 0, 0, 0, 0, 0, : 11, 18, 20, 8, 15, 8, 31, 3, 15, 
29: 4, 14, 1, 16, 2, 14, 10, 17, 1, 33, 0, 0, 0, 0, 0, 0, 0, 0, 0, 0, : 4, 14, 1, 16, 2, 14, 10, 17, 1, 33, 
30: 9, 5, 7, 6, 24, 1, 26, 2, 0, 0, 0, 0, 0, 0, 0, 0, 0, 0, 0, 0, : 9, 5, 7, 6, 24, 1, 26, 2, 
31: 1, 17, 6, 2, 3, 9, 8, 3, 31, 0, 0, 0, 0, 0, 0, 0, 0, 0, 0, 0, : 1, 17, 6, 2, 3, 9, 8, 3, 31, 
32: 5, 6, 24, 6, 9, 17, 0, 0, 0, 0, 0, 0, 0, 0, 0, 0, 0, 0, 0, 0, : 5, 6, 24, 6, 9, 17, 
33: 18, 8, 4, 35, 1, 1, 4, 4, 2, 3, 22, 5, 5, 7, 0, 0, 0, 0, 0, 0, : 18, 8, 4, 35, 1, 1, 4, 4, 2, 3, 22, 5, 5, 7, 
34: 20, 2, 4, 8, 6, 9, 6, 0, 0, 0, 0, 0, 0, 0, 0, 0, 0, 0, 0, 0, : 20, 2, 4, 8, 6, 9, 6, 
35: 1, 18, 11, 3, 2, 7, 3, 9, 5, 5, 3, 0, 0, 0, 0, 0, 0, 0, 0, 0, : 1, 18, 11, 3, 2, 7, 3, 9, 5, 5, 3, 
36: 22, 2, 4, 1, 2, 14, 3, 1, 0, 0, 0, 0, 0, 0, 0, 0, 0, 0, 0, 0, : 22, 2, 4, 1, 2, 14, 3, 1, 
37: 3, 12, 19, 6, 2, 8, 11, 9, 0, 0, 0, 0, 0, 0, 0, 0, 0, 0, 0, 0, : 3, 12, 19, 6, 2, 8, 11, 9, 
38: 10, 7, 1, 12, 4, 31, 3, 2, 15, 9, 38, 7, 0, 0, 0, 0, 0, 0, 0, 0, : 10, 7, 1, 12, 4, 31, 3, 2, 15, 9, 38, 7, 
39: 19, 7, 4, 1, 14, 2, 6, 9, 11, 29, 2, 0, 0, 0, 0, 0, 0, 0, 0, 0, : 19, 7, 4, 1, 14, 2, 6, 9, 11, 29, 2, 
40: 1, 11, 1, 12, 8, 14, 35, 6, 0, 0, 0, 0, 0, 0, 0, 0, 0, 0, 0, 0, : 1, 11, 1, 12, 8, 14, 35, 6, 
41: 5, 2, 3, 21, 4, 2, 8, 0, 0, 0, 0, 0, 0, 0, 0, 0, 0, 0, 0, 0, : 5, 2, 3, 21, 4, 2, 8, 
42: 1, 17, 13, 1, 2, 1, 32, 1, 10, 1, 9, 4, 0, 0, 0, 0, 0, 0, 0, 0, : 1, 17, 13, 1, 2, 1, 32, 1, 10, 1, 9, 4, 
43: 5, 25, 11, 1, 1, 16, 4, 1, 4, 4, 4, 0, 0, 0, 0, 0, 0, 0, 0, 0, : 5, 25, 11, 1, 1, 16, 4, 1, 4, 4, 4, 
44: 1, 18, 6, 10, 5, 3, 6, 16, 3, 6, 0, 0, 0, 0, 0, 0, 0, 0, 0, 0, : 1, 18, 6, 10, 5, 3, 6, 16, 3, 6, 
45: 1, 6, 1, 35, 10, 11, 31, 13, 10, 0, 0, 0, 0, 0, 0, 0, 0, 0, 0, 0, : 1, 6, 1, 35, 10, 11, 31, 13, 10, 
46: 19, 7, 2, 7, 19, 4, 11, 7, 14, 1, 4, 0, 0, 0, 0, 0, 0, 0, 0, 0, : 19, 7, 2, 7, 19, 4, 11, 7, 14, 1, 4, 
47: 5, 2, 1, 4, 15, 2, 33, 0, 0, 0, 0, 0, 0, 0, 0, 0, 0, 0, 0, 0, : 5, 2, 1, 4, 15, 2, 33, 
48: 13, 17, 5, 2, 1, 1, 8, 5, 14, 0, 0, 0, 0, 0, 0, 0, 0, 0, 0, 0, : 13, 17, 5, 2, 1, 1, 8, 5, 14, 
49: 26, 1, 1, 26, 5, 2, 3, 15, 21, 0, 0, 0, 0, 0, 0, 0, 0, 0, 0, 0, : 26, 1, 1, 26, 5, 2, 3, 15, 21, 
50: 19, 6, 10, 3, 16, 1, 1, 25, 3, 0, 0, 0, 0, 0, 0, 0, 0, 0, 0, 0, : 19, 6, 10, 3, 16, 1, 1, 25, 3, 
51: 5, 17, 30, 3, 6, 2, 7, 8, 0, 0, 0, 0, 0, 0, 0, 0, 0, 0, 0, 0, : 5, 17, 30, 3, 6, 2, 7, 8, 
52: 7, 4, 2, 9, 1, 3, 1, 0, 0, 0, 0, 0, 0, 0, 0, 0, 0, 0, 0, 0, : 7, 4, 2, 9, 1, 3, 1, 
53: 5, 12, 1, 17, 8, 12, 3, 22, 0, 0, 0, 0, 0, 0, 0, 0, 0, 0, 0, 0, : 5, 12, 1, 17, 8, 12, 3, 22, 
54: 2, 11, 7, 12, 4, 27, 4, 2, 1, 29, 1, 2, 0, 0, 0, 0, 0, 0, 0, 0, : 2, 11, 7, 12, 4, 27, 4, 2, 1, 29, 1, 2, 
55: 1, 4, 9, 5, 6, 10, 2, 2, 18, 25, 8, 5, 0, 0, 0, 0, 0, 0, 0, 0, : 1, 4, 9, 5, 6, 10, 2, 2, 18, 25, 8, 5, 
56: 19, 3, 4, 18, 24, 8, 7, 3, 5, 23, 6, 0, 0, 0, 0, 0, 0, 0, 0, 0, : 19, 3, 4, 18, 24, 8, 7, 3, 5, 23, 6, 
57: 1, 9, 3, 19, 15, 8, 12, 0, 0, 0, 0, 0, 0, 0, 0, 0, 0, 0, 0, 0, : 1, 9, 3, 19, 15, 8, 12, 
58: 5, 11, 17, 6, 1, 9, 1, 1, 12, 20, 17, 5, 0, 0, 0, 0, 0, 0, 0, 0, : 5, 11, 17, 6, 1, 9, 1, 1, 12, 20, 17, 5, 
59: 6, 10, 26, 3, 11, 5, 12, 0, 0, 0, 0, 0, 0, 0, 0, 0, 0, 0, 0, 0, : 6, 10, 26, 3, 11, 5, 12, 
60: 1, 15, 1, 19, 3, 1, 5, 1, 4, 4, 14, 25, 2, 10, 5, 0, 0, 0, 0, 0, : 1, 15, 1, 19, 3, 1, 5, 1, 4, 4, 14, 25, 2, 10, 5, 
61: 2, 13, 1, 23, 6, 2, 12, 2, 9, 7, 0, 0, 0, 0, 0, 0, 0, 0, 0, 0, : 2, 13, 1, 23, 6, 2, 12, 2, 9, 7, 
62: 6, 13, 27, 2, 1, 14, 8, 14, 14, 4, 0, 0, 0, 0, 0, 0, 0, 0, 0, 0, : 6, 13, 27, 2, 1, 14, 8, 14, 14, 4, 
63: 2, 13, 5, 9, 12, 19, 4, 3, 5, 0, 0, 0, 0, 0, 0, 0, 0, 0, 0, 0, : 2, 13, 5, 9, 12, 19, 4, 3, 5, 
64: 4, 3, 7, 5, 7, 9, 4, 5, 2, 9, 6, 0, 0, 0, 0, 0, 0, 0, 0, 0, : 4, 3, 7, 5, 7, 9, 4, 5, 2, 9, 6, 
65: 7, 2, 4, 11, 20, 17, 2, 0, 0, 0, 0, 0, 0, 0, 0, 0, 0, 0, 0, 0, : 7, 2, 4, 11, 20, 17, 2, 
66: 5, 4, 20, 3, 1, 2, 12, 1, 0, 0, 0, 0, 0, 0, 0, 0, 0, 0, 0, 0, : 5, 4, 20, 3, 1, 2, 12, 1, 
67: 5, 28, 1, 16, 6, 25, 12, 1, 0, 0, 0, 0, 0, 0, 0, 0, 0, 0, 0, 0, : 5, 28, 1, 16, 6, 25, 12, 1, 
68: 2, 2, 3, 4, 9, 3, 6, 8, 2, 1, 4, 0, 0, 0, 0, 0, 0, 0, 0, 0, : 2, 2, 3, 4, 9, 3, 6, 8, 2, 1, 4, 
69: 4, 3, 1, 2, 4, 2, 28, 4, 7, 6, 7, 0, 0, 0, 0, 0, 0, 0, 0, 0, : 4, 3, 1, 2, 4, 2, 28, 4, 7, 6, 7, 
70: 9, 2, 2, 24, 12, 7, 18, 16, 3, 12, 5, 0, 0, 0, 0, 0, 0, 0, 0, 0, : 9, 2, 2, 24, 12, 7, 18, 16, 3, 12, 5, 
71: 18, 5, 4, 4, 1, 5, 14, 2, 6, 1, 0, 0, 0, 0, 0, 0, 0, 0, 0, 0, : 18, 5, 4, 4, 1, 5, 14, 2, 6, 1, 
72: 1, 2, 21, 3, 11, 7, 1, 2, 5, 2, 0, 0, 0, 0, 0, 0, 0, 0, 0, 0, : 1, 2, 21, 3, 11, 7, 1, 2, 5, 2, 
73: 1, 31, 4, 1, 4, 1, 5, 11, 3, 18, 6, 8, 0, 0, 0, 0, 0, 0, 0, 0, : 1, 31, 4, 1, 4, 1, 5, 11, 3, 18, 6, 8, 
74: 5, 1, 8, 7, 9, 2, 26, 6, 10, 0, 0, 0, 0, 0, 0, 0, 0, 0, 0, 0, : 5, 1, 8, 7, 9, 2, 26, 6, 10, 
75: 5, 4, 1, 15, 3, 16, 7, 6, 28, 0, 0, 0, 0, 0, 0, 0, 0, 0, 0, 0, : 5, 4, 1, 15, 3, 16, 7, 6, 28, 
76: 25, 16, 11, 14, 15, 1, 14, 1, 11, 15, 0, 0, 0, 0, 0, 0, 0, 0, 0, 0, : 25, 16, 11, 14, 15, 1, 14, 1, 11, 15, 
77: 7, 6, 7, 12, 4, 11, 0, 0, 0, 0, 0, 0, 0, 0, 0, 0, 0, 0, 0, 0, : 7, 6, 7, 12, 4, 11, 
78: 10, 8, 4, 1, 9, 6, 33, 3, 1, 1, 2, 0, 0, 0, 0, 0, 0, 0, 0, 0, : 10, 8, 4, 1, 9, 6, 33, 3, 1, 1, 2, 
79: 8, 17, 3, 6, 1, 6, 19, 2, 4, 6, 38, 10, 5, 0, 0, 0, 0, 0, 0, 0, : 8, 17, 3, 6, 1, 6, 19, 2, 4, 6, 38, 10, 5, 
80: 8, 15, 1, 6, 5, 3, 11, 5, 15, 3, 2, 8, 10, 24, 0, 0, 0, 0, 0, 0, : 8, 15, 1, 6, 5, 3, 11, 5, 15, 3, 2, 8, 10, 24, 


