40
100
1: 6, 6, 3, 13, 1, 1, 1, 1, 5, 1, 9, 5, 12, 2, 7, 11, 0, 0, 0, 0, 0, 0, 0, 0, 0, 0, 0, 0, 0, 0, 0, 0, 0, 0, 0, 0, 0, 0, 0, 0, : 6, 6, 3, 13, 1, 1, 1, 1, 5, 1, 9, 5, 12, 2, 7, 11, 
2: 10, 2, 1, 17, 9, 2, 8, 22, 11, 6, 4, 1, 2, 4, 8, 8, 24, 2, 0, 0, 0, 0, 0, 0, 0, 0, 0, 0, 0, 0, 0, 0, 0, 0, 0, 0, 0, 0, 0, 0, : 10, 2, 1, 17, 9, 2, 8, 22, 11, 6, 4, 1, 2, 4, 8, 8, 24, 2, 
3: 1, 1, 1, 11, 2, 17, 2, 1, 3, 2, 1, 19, 3, 2, 18, 22, 1, 22, 11, 2, 22, 7, 1, 0, 0, 0, 0, 0, 0, 0, 0, 0, 0, 0, 0, 0, 0, 0, 0, 0, : 1, 1, 1, 11, 2, 17, 2, 1, 3, 2, 1, 19, 3, 2, 18, 22, 1, 22, 11, 2, 22, 7, 1, 
4: 11, 6, 4, 1, 5, 5, 10, 3, 26, 9, 9, 2, 29, 3, 9, 9, 7, 3, 18, 23, 2, 12, 14, 1, 10, 1, 2, 0, 0, 0, 0, 0, 0, 0, 0, 0, 0, 0, 0, 0, : 11, 6, 4, 1, 5, 5, 10, 3, 26, 9, 9, 2, 29, 3, 9, 9, 7, 3, 18, 23, 2, 12, 14, 1, 10, 1, 2, 
5: 8, 1, 16, 10, 4, 1, 5, 1, 7, 16, 2, 3, 12, 3, 4, 19, 2, 0, 0, 0, 0, 0, 0, 0, 0, 0, 0, 0, 0, 0, 0, 0, 0, 0, 0, 0, 0, 0, 0, 0, : 8, 1, 16, 10, 4, 1, 5, 1, 7, 16, 2, 3, 12, 3, 4, 19, 2, 
6: 29, 2, 13, 3, 7, 4, 9, 9, 4, 1, 1, 14, 1, 7, 2, 20, 31, 0, 0, 0, 0, 0, 0, 0, 0, 0, 0, 0, 0, 0, 0, 0, 0, 0, 0, 0, 0, 0, 0, 0, : 29, 2, 13, 3, 7, 4, 9, 9, 4, 1, 1, 14, 1, 7, 2, 20, 31, 
7: 26, 1, 10, 4, 22, 1, 3, 28, 27, 21, 18, 9, 28, 1, 12, 19, 2, 3, 3, 1, 8, 0, 0, 0, 0, 0, 0, 0, 0, 0, 0, 0, 0, 0, 0, 0, 0, 0, 0, 0, : 26, 1, 10, 4, 22, 1, 3, 28, 27, 21, 18, 9, 28, 1, 12, 19, 2, 3, 3, 1, 8, 
8: 3, 2, 1, 11, 2, 16, 8, 7, 2, 6, 4, 14, 18, 6, 5, 2, 12, 1, 11, 12, 11, 8, 6, 4, 14, 0, 0, 0, 0, 0, 0, 0, 0, 0, 0, 0, 0, 0, 0, 0, : 3, 2, 1, 11, 2, 16, 8, 7, 2, 6, 4, 14, 18, 6, 5, 2, 12, 1, 11, 12, 11, 8, 6, 4, 14, 
9: 5, 11, 16, 1, 3, 18, 16, 1, 14, 25, 1, 12, 1, 5, 1, 4, 21, 15, 0, 0, 0, 0, 0, 0, 0, 0, 0, 0, 0, 0, 0, 0, 0, 0, 0, 0, 0, 0, 0, 0, : 5, 11, 16, 1, 3, 18, 16, 1, 14, 25, 1, 12, 1, 5, 1, 4, 21, 15, 
10: 10, 1, 4, 6, 5, 4, 13, 4, 10, 0, 0, 0, 0, 0, 0, 0, 0, 0, 0, 0, 0, 0, 0, 0, 0, 0, 0, 0, 0, 0, 0, 0, 0, 0, 0, 0, 0, 0, 0, 0, : 10, 1, 4, 6, 5, 4, 13, 4, 10, 
11: 4, 18, 8, 11, 22, 4, 6, 4, 11, 12, 2, 18, 26, 18, 6, 32, 2, 19, 4, 7, 0, 0, 0, 0, 0, 0, 0, 0, 0, 0, 0, 0, 0, 0, 0, 0, 0, 0, 0, 0, : 4, 18, 8, 11, 22, 4, 6, 4, 11, 12, 2, 18, 26, 18, 6, 32, 2, 19, 4, 7, 
12: 11, 6, 17, 3, 2, 4, 2, 32, 3, 7, 3, 1, 5, 2, 37, 8, 9, 11, 1, 1, 7, 0, 0, 0, 0, 0, 0, 0, 0, 0, 0, 0, 0, 0, 0, 0, 0, 0, 0, 0, : 11, 6, 17, 3, 2, 4, 2, 32, 3, 7, 3, 1, 5, 2, 37, 8, 9, 11, 1, 1, 7, 
13: 4, 27, 1, 4, 9, 26, 7, 2, 18, 1, 1, 1, 1, 3, 6, 8, 10, 15, 0, 0, 0, 0, 0, 0, 0, 0, 0, 0, 0, 0, 0, 0, 0, 0, 0, 0, 0, 0, 0, 0, : 4, 27, 1, 4, 9, 26, 7, 2, 18, 1, 1, 1, 1, 3, 6, 8, 10, 15, 
14: 29, 25, 1, 4, 14, 21, 2, 3, 13, 3, 3, 20, 1, 23, 8, 7, 11, 12, 14, 2, 1, 7, 22, 0, 0, 0, 0, 0, 0, 0, 0, 0, 0, 0, 0, 0, 0, 0, 0, 0, : 29, 25, 1, 4, 14, 21, 2, 3, 13, 3, 3, 20, 1, 23, 8, 7, 11, 12, 14, 2, 1, 7, 22, 
15: 20, 4, 2, 2, 1, 1, 7, 17, 9, 16, 3, 8, 13, 20, 1, 4, 4, 17, 20, 22, 1, 4, 0, 0, 0, 0, 0, 0, 0, 0, 0, 0, 0, 0, 0, 0, 0, 0, 0, 0, : 20, 4, 2, 2, 1, 1, 7, 17, 9, 16, 3, 8, 13, 20, 1, 4, 4, 17, 20, 22, 1, 4, 
16: 1, 3, 25, 8, 6, 16, 13, 6, 2, 12, 3, 2, 3, 1, 1, 0, 0, 0, 0, 0, 0, 0, 0, 0, 0, 0, 0, 0, 0, 0, 0, 0, 0, 0, 0, 0, 0, 0, 0, 0, : 1, 3, 25, 8, 6, 16, 13, 6, 2, 12, 3, 2, 3, 1, 1, 
17: 10, 4, 1, 3, 3, 16, 5, 1, 2, 1, 2, 12, 12, 13, 1, 6, 19, 5, 5, 8, 1, 1, 7, 2, 2, 0, 0, 0, 0, 0, 0, 0, 0, 0, 0, 0, 0, 0, 0, 0, : 10, 4, 1, 3, 3, 16, 5, 1, 2, 1, 2, 12, 12, 13, 1, 6, 19, 5, 5, 8, 1, 1, 7, 2, 2, 
18: 11, 1, 10, 4, 1, 4, 32, 4, 25, 12, 1, 19, 8, 3, 7, 15, 38, 7, 3, 4, 28, 2, 1, 0, 0, 0, 0, 0, 0, 0, 0, 0, 0, 0, 0, 0, 0, 0, 0, 0, : 11, 1, 10, 4, 1, 4, 32, 4, 25, 12, 1, 19, 8, 3, 7, 15, 38, 7, 3, 4, 28, 2, 1, 
19: 13, 8, 34, 6, 17, 18, 15, 1, 7, 3, 8, 27, 11, 12, 0, 0, 0, 0, 0, 0, 0, 0, 0, 0, 0, 0, 0, 0, 0, 0, 0, 0, 0, 0, 0, 0, 0, 0, 0, 0, : 13, 8, 34, 6, 17, 18, 15, 1, 7, 3, 8, 27, 11, 12, 
20: 10, 2, 4, 14, 2, 5, 2, 6, 15, 18, 5, 2, 8, 3, 7, 2, 10, 6, 19, 4, 18, 7, 7, 10, 7, 8, 3, 0, 0, 0, 0, 0, 0, 0, 0, 0, 0, 0, 0, 0, : 10, 2, 4, 14, 2, 5, 2, 6, 15, 18, 5, 2, 8, 3, 7, 2, 10, 6, 19, 4, 18, 7, 7, 10, 7, 8, 3, 
21: 1, 20, 4, 4, 4, 9, 9, 22, 15, 26, 16, 9, 2, 6, 1, 16, 11, 17, 0, 0, 0, 0, 0, 0, 0, 0, 0, 0, 0, 0, 0, 0, 0, 0, 0, 0, 0, 0, 0, 0, : 1, 20, 4, 4, 4, 9, 9, 22, 15, 26, 16, 9, 2, 6, 1, 16, 11, 17, 
22: 4, 6, 7, 11, 10, 3, 3, 8, 3, 6, 2, 1, 1, 8, 4, 0, 0, 0, 0, 0, 0, 0, 0, 0, 0, 0, 0, 0, 0, 0, 0, 0, 0, 0, 0, 0, 0, 0, 0, 0, : 4, 6, 7, 11, 10, 3, 3, 8, 3, 6, 2, 1, 1, 8, 4, 
23: 26, 13, 1, 7, 2, 2, 20, 6, 9, 1, 2, 15, 3, 1, 11, 0, 0, 0, 0, 0, 0, 0, 0, 0, 0, 0, 0, 0, 0, 0, 0, 0, 0, 0, 0, 0, 0, 0, 0, 0, : 26, 13, 1, 7, 2, 2, 20, 6, 9, 1, 2, 15, 3, 1, 11, 
24: 1, 3, 1, 3, 3, 2, 5, 2, 1, 21, 2, 3, 30, 7, 1, 2, 20, 6, 6, 12, 4, 11, 1, 4, 3, 1, 0, 0, 0, 0, 0, 0, 0, 0, 0, 0, 0, 0, 0, 0, : 1, 3, 1, 3, 3, 2, 5, 2, 1, 21, 2, 3, 30, 7, 1, 2, 20, 6, 6, 12, 4, 11, 1, 4, 3, 1, 
25: 29, 5, 26, 21, 10, 4, 8, 1, 4, 5, 2, 1, 1, 0, 0, 0, 0, 0, 0, 0, 0, 0, 0, 0, 0, 0, 0, 0, 0, 0, 0, 0, 0, 0, 0, 0, 0, 0, 0, 0, : 29, 5, 26, 21, 10, 4, 8, 1, 4, 5, 2, 1, 1, 
26: 6, 5, 14, 2, 9, 4, 13, 3, 21, 28, 5, 6, 2, 9, 3, 5, 4, 7, 13, 0, 0, 0, 0, 0, 0, 0, 0, 0, 0, 0, 0, 0, 0, 0, 0, 0, 0, 0, 0, 0, : 6, 5, 14, 2, 9, 4, 13, 3, 21, 28, 5, 6, 2, 9, 3, 5, 4, 7, 13, 
27: 1, 3, 9, 3, 6, 37, 5, 4, 1, 16, 7, 7, 2, 18, 19, 11, 28, 1, 0, 0, 0, 0, 0, 0, 0, 0, 0, 0, 0, 0, 0, 0, 0, 0, 0, 0, 0, 0, 0, 0, : 1, 3, 9, 3, 6, 37, 5, 4, 1, 16, 7, 7, 2, 18, 19, 11, 28, 1, 
28: 19, 15, 13, 2, 5, 2, 5, 6, 3, 2, 1, 2, 3, 1, 9, 10, 3, 4, 6, 7, 3, 0, 0, 0, 0, 0, 0, 0, 0, 0, 0, 0, 0, 0, 0, 0, 0, 0, 0, 0, : 19, 15, 13, 2, 5, 2, 5, 6, 3, 2, 1, 2, 3, 1, 9, 10, 3, 4, 6, 7, 3, 
29: 2, 2, 8, 2, 1, 2, 1, 2, 1, 1, 17, 7, 2, 6, 1, 8, 4, 2, 17, 5, 7, 10, 18, 27, 1, 11, 2, 4, 1, 1, 0, 0, 0, 0, 0, 0, 0, 0, 0, 0, : 2, 2, 8, 2, 1, 2, 1, 2, 1, 1, 17, 7, 2, 6, 1, 8, 4, 2, 17, 5, 7, 10, 18, 27, 1, 11, 2, 4, 1, 1, 
30: 3, 2, 13, 13, 7, 16, 4, 2, 8, 2, 2, 3, 4, 20, 3, 4, 0, 0, 0, 0, 0, 0, 0, 0, 0, 0, 0, 0, 0, 0, 0, 0, 0, 0, 0, 0, 0, 0, 0, 0, : 3, 2, 13, 13, 7, 16, 4, 2, 8, 2, 2, 3, 4, 20, 3, 4, 
31: 8, 4, 10, 9, 5, 15, 21, 25, 6, 20, 1, 1, 3, 1, 3, 3, 11, 3, 2, 10, 17, 11, 0, 0, 0, 0, 0, 0, 0, 0, 0, 0, 0, 0, 0, 0, 0, 0, 0, 0, : 8, 4, 10, 9, 5, 15, 21, 25, 6, 20, 1, 1, 3, 1, 3, 3, 11, 3, 2, 10, 17, 11, 
32: 2, 4, 1, 11, 12, 3, 27, 6, 1, 1, 5, 6, 10, 3, 16, 18, 2, 3, 1, 19, 0, 0, 0, 0, 0, 0, 0, 0, 0, 0, 0, 0, 0, 0, 0, 0, 0, 0, 0, 0, : 2, 4, 1, 11, 12, 3, 27, 6, 1, 1, 5, 6, 10, 3, 16, 18, 2, 3, 1, 19, 
33: 7, 4, 7, 3, 23, 3, 5, 1, 6, 11, 2, 17, 7, 2, 3, 13, 28, 18, 10, 1, 12, 2, 0, 0, 0, 0, 0, 0, 0, 0, 0, 0, 0, 0, 0, 0, 0, 0, 0, 0, : 7, 4, 7, 3, 23, 3, 5, 1, 6, 11, 2, 17, 7, 2, 3, 13, 28, 18, 10, 1, 12, 2, 
34: 1, 1, 2, 1, 23, 14, 7, 28, 2, 6, 33, 4, 6, 5, 28, 1, 7, 1, 8, 11, 30, 2, 20, 2, 0, 0, 0, 0, 0, 0, 0, 0, 0, 0, 0, 0, 0, 0, 0, 0, : 1, 1, 2, 1, 23, 14, 7, 28, 2, 6, 33, 4, 6, 5, 28, 1, 7, 1, 8, 11, 30, 2, 20, 2, 
35: 4, 2, 3, 2, 8, 3, 26, 8, 11, 1, 7, 20, 10, 10, 26, 7, 25, 1, 14, 4, 9, 9, 1, 10, 3, 14, 0, 0, 0, 0, 0, 0, 0, 0, 0, 0, 0, 0, 0, 0, : 4, 2, 3, 2, 8, 3, 26, 8, 11, 1, 7, 20, 10, 10, 26, 7, 25, 1, 14, 4, 9, 9, 1, 10, 3, 14, 
36: 11, 1, 15, 10, 7, 3, 4, 37, 2, 22, 6, 1, 3, 6, 16, 3, 0, 0, 0, 0, 0, 0, 0, 0, 0, 0, 0, 0, 0, 0, 0, 0, 0, 0, 0, 0, 0, 0, 0, 0, : 11, 1, 15, 10, 7, 3, 4, 37, 2, 22, 6, 1, 3, 6, 16, 3, 
37: 9, 25, 4, 3, 5, 4, 10, 1, 6, 2, 22, 7, 3, 3, 23, 18, 14, 27, 8, 0, 0, 0, 0, 0, 0, 0, 0, 0, 0, 0, 0, 0, 0, 0, 0, 0, 0, 0, 0, 0, : 9, 25, 4, 3, 5, 4, 10, 1, 6, 2, 22, 7, 3, 3, 23, 18, 14, 27, 8, 
38: 1, 9, 1, 14, 15, 3, 1, 1, 5, 15, 2, 5, 10, 17, 7, 5, 9, 8, 14, 13, 3, 0, 0, 0, 0, 0, 0, 0, 0, 0, 0, 0, 0, 0, 0, 0, 0, 0, 0, 0, : 1, 9, 1, 14, 15, 3, 1, 1, 5, 15, 2, 5, 10, 17, 7, 5, 9, 8, 14, 13, 3, 
39: 2, 32, 18, 4, 12, 14, 7, 8, 4, 1, 4, 1, 27, 10, 10, 14, 5, 4, 14, 29, 26, 3, 1, 6, 0, 0, 0, 0, 0, 0, 0, 0, 0, 0, 0, 0, 0, 0, 0, 0, : 2, 32, 18, 4, 12, 14, 7, 8, 4, 1, 4, 1, 27, 10, 10, 14, 5, 4, 14, 29, 26, 3, 1, 6, 
40: 1, 5, 9, 7, 20, 1, 20, 2, 3, 21, 1, 21, 2, 4, 3, 27, 9, 20, 18, 2, 3, 1, 4, 0, 0, 0, 0, 0, 0, 0, 0, 0, 0, 0, 0, 0, 0, 0, 0, 0, : 1, 5, 9, 7, 20, 1, 20, 2, 3, 21, 1, 21, 2, 4, 3, 27, 9, 20, 18, 2, 3, 1, 4, 
41: 24, 6, 1, 3, 14, 2, 2, 16, 10, 3, 6, 6, 10, 1, 2, 1, 0, 0, 0, 0, 0, 0, 0, 0, 0, 0, 0, 0, 0, 0, 0, 0, 0, 0, 0, 0, 0, 0, 0, 0, : 24, 6, 1, 3, 14, 2, 2, 16, 10, 3, 6, 6, 10, 1, 2, 1, 
42: 2, 4, 5, 6, 1, 3, 3, 30, 16, 13, 9, 15, 1, 1, 12, 5, 3, 21, 27, 5, 6, 14, 22, 16, 16, 9, 0, 0, 0, 0, 0, 0, 0, 0, 0, 0, 0, 0, 0, 0, : 2, 4, 5, 6, 1, 3, 3, 30, 16, 13, 9, 15, 1, 1, 12, 5, 3, 21, 27, 5, 6, 14, 22, 16, 16, 9, 
43: 2, 10, 10, 3, 1, 1, 22, 22, 1, 11, 37, 1, 13, 2, 13, 4, 27, 1, 11, 2, 5, 22, 17, 3, 0, 0, 0, 0, 0, 0, 0, 0, 0, 0, 0, 0, 0, 0, 0, 0, : 2, 10, 10, 3, 1, 1, 22, 22, 1, 11, 37, 1, 13, 2, 13, 4, 27, 1, 11, 2, 5, 22, 17, 3, 
44: 1, 8, 1, 15, 1, 2, 10, 25, 5, 10, 1, 18, 5, 2, 2, 13, 22, 3, 11, 0, 0, 0, 0, 0, 0, 0, 0, 0, 0, 0, 0, 0, 0, 0, 0, 0, 0, 0, 0, 0, : 1, 8, 1, 15, 1, 2, 10, 25, 5, 10, 1, 18, 5, 2, 2, 13, 22, 3, 11, 
45: 3, 3, 10, 7, 1, 8, 3, 15, 1, 3, 16, 9, 8, 2, 5, 14, 4, 2, 18, 6, 5, 2, 8, 28, 0, 0, 0, 0, 0, 0, 0, 0, 0, 0, 0, 0, 0, 0, 0, 0, : 3, 3, 10, 7, 1, 8, 3, 15, 1, 3, 16, 9, 8, 2, 5, 14, 4, 2, 18, 6, 5, 2, 8, 28, 
46: 3, 8, 8, 8, 6, 1, 3, 2, 9, 14, 21, 2, 2, 13, 9, 32, 4, 4, 5, 1, 2, 1, 0, 0, 0, 0, 0, 0, 0, 0, 0, 0, 0, 0, 0, 0, 0, 0, 0, 0, : 3, 8, 8, 8, 6, 1, 3, 2, 9, 14, 21, 2, 2, 13, 9, 32, 4, 4, 5, 1, 2, 1, 
47: 5, 6, 8, 1, 9, 6, 3, 9, 14, 31, 4, 1, 9, 2, 7, 20, 0, 0, 0, 0, 0, 0, 0, 0, 0, 0, 0, 0, 0, 0, 0, 0, 0, 0, 0, 0, 0, 0, 0, 0, : 5, 6, 8, 1, 9, 6, 3, 9, 14, 31, 4, 1, 9, 2, 7, 20, 
48: 4, 2, 10, 3, 12, 1, 1, 27, 23, 6, 7, 15, 1, 18, 7, 7, 29, 1, 0, 0, 0, 0, 0, 0, 0, 0, 0, 0, 0, 0, 0, 0, 0, 0, 0, 0, 0, 0, 0, 0, : 4, 2, 10, 3, 12, 1, 1, 27, 23, 6, 7, 15, 1, 18, 7, 7, 29, 1, 
49: 4, 9, 1, 7, 5, 12, 3, 1, 3, 3, 2, 3, 15, 1, 8, 6, 9, 12, 22, 1, 0, 0, 0, 0, 0, 0, 0, 0, 0, 0, 0, 0, 0, 0, 0, 0, 0, 0, 0, 0, : 4, 9, 1, 7, 5, 12, 3, 1, 3, 3, 2, 3, 15, 1, 8, 6, 9, 12, 22, 1, 
50: 4, 21, 25, 3, 2, 2, 16, 4, 31, 3, 13, 6, 2, 11, 11, 5, 4, 4, 3, 3, 4, 9, 0, 0, 0, 0, 0, 0, 0, 0, 0, 0, 0, 0, 0, 0, 0, 0, 0, 0, : 4, 21, 25, 3, 2, 2, 16, 4, 31, 3, 13, 6, 2, 11, 11, 5, 4, 4, 3, 3, 4, 9, 
51: 1, 17, 1, 2, 11, 5, 25, 1, 18, 3, 12, 4, 11, 6, 2, 6, 4, 4, 5, 6, 13, 7, 1, 2, 8, 10, 0, 0, 0, 0, 0, 0, 0, 0, 0, 0, 0, 0, 0, 0, : 1, 17, 1, 2, 11, 5, 25, 1, 18, 3, 12, 4, 11, 6, 2, 6, 4, 4, 5, 6, 13, 7, 1, 2, 8, 10, 
52: 7, 3, 8, 3, 15, 15, 4, 2, 7, 14, 5, 9, 15, 3, 5, 7, 2, 1, 1, 0, 0, 0, 0, 0, 0, 0, 0, 0, 0, 0, 0, 0, 0, 0, 0, 0, 0, 0, 0, 0, : 7, 3, 8, 3, 15, 15, 4, 2, 7, 14, 5, 9, 15, 3, 5, 7, 2, 1, 1, 
53: 1, 4, 3, 8, 1, 11, 10, 8, 1, 8, 21, 3, 21, 6, 2, 15, 7, 21, 14, 7, 16, 1, 5, 1, 3, 5, 2, 0, 0, 0, 0, 0, 0, 0, 0, 0, 0, 0, 0, 0, : 1, 4, 3, 8, 1, 11, 10, 8, 1, 8, 21, 3, 21, 6, 2, 15, 7, 21, 14, 7, 16, 1, 5, 1, 3, 5, 2, 
54: 2, 6, 4, 1, 6, 34, 2, 27, 12, 8, 3, 1, 1, 18, 4, 23, 3, 1, 7, 0, 0, 0, 0, 0, 0, 0, 0, 0, 0, 0, 0, 0, 0, 0, 0, 0, 0, 0, 0, 0, : 2, 6, 4, 1, 6, 34, 2, 27, 12, 8, 3, 1, 1, 18, 4, 23, 3, 1, 7, 
55: 3, 14, 2, 4, 4, 18, 6, 1, 14, 2, 2, 8, 19, 2, 1, 1, 4, 8, 30, 7, 5, 0, 0, 0, 0, 0, 0, 0, 0, 0, 0, 0, 0, 0, 0, 0, 0, 0, 0, 0, : 3, 14, 2, 4, 4, 18, 6, 1, 14, 2, 2, 8, 19, 2, 1, 1, 4, 8, 30, 7, 5, 
56: 6, 11, 21, 1, 10, 18, 6, 22, 4, 8, 19, 3, 1, 4, 4, 3, 3, 1, 9, 10, 8, 24, 2, 10, 5, 2, 0, 0, 0, 0, 0, 0, 0, 0, 0, 0, 0, 0, 0, 0, : 6, 11, 21, 1, 10, 18, 6, 22, 4, 8, 19, 3, 1, 4, 4, 3, 3, 1, 9, 10, 8, 24, 2, 10, 5, 2, 
57: 6, 6, 13, 3, 3, 29, 12, 4, 14, 26, 12, 7, 4, 2, 11, 5, 31, 1, 5, 0, 0, 0, 0, 0, 0, 0, 0, 0, 0, 0, 0, 0, 0, 0, 0, 0, 0, 0, 0, 0, : 6, 6, 13, 3, 3, 29, 12, 4, 14, 26, 12, 7, 4, 2, 11, 5, 31, 1, 5, 
58: 2, 19, 1, 16, 22, 5, 25, 5, 1, 24, 3, 4, 4, 11, 14, 7, 8, 15, 2, 9, 11, 4, 26, 7, 1, 2, 2, 5, 2, 4, 0, 0, 0, 0, 0, 0, 0, 0, 0, 0, : 2, 19, 1, 16, 22, 5, 25, 5, 1, 24, 3, 4, 4, 11, 14, 7, 8, 15, 2, 9, 11, 4, 26, 7, 1, 2, 2, 5, 2, 4, 
59: 2, 4, 6, 4, 12, 2, 2, 3, 14, 1, 0, 0, 0, 0, 0, 0, 0, 0, 0, 0, 0, 0, 0, 0, 0, 0, 0, 0, 0, 0, 0, 0, 0, 0, 0, 0, 0, 0, 0, 0, : 2, 4, 6, 4, 12, 2, 2, 3, 14, 1, 
60: 5, 16, 18, 5, 3, 4, 6, 2, 6, 36, 20, 1, 1, 33, 3, 19, 7, 3, 5, 3, 6, 10, 2, 10, 1, 5, 19, 0, 0, 0, 0, 0, 0, 0, 0, 0, 0, 0, 0, 0, : 5, 16, 18, 5, 3, 4, 6, 2, 6, 36, 20, 1, 1, 33, 3, 19, 7, 3, 5, 3, 6, 10, 2, 10, 1, 5, 19, 
61: 2, 4, 7, 4, 10, 14, 1, 3, 4, 7, 6, 2, 9, 0, 0, 0, 0, 0, 0, 0, 0, 0, 0, 0, 0, 0, 0, 0, 0, 0, 0, 0, 0, 0, 0, 0, 0, 0, 0, 0, : 2, 4, 7, 4, 10, 14, 1, 3, 4, 7, 6, 2, 9, 
62: 3, 3, 27, 22, 14, 7, 2, 5, 1, 1, 10, 2, 23, 4, 4, 4, 3, 2, 6, 0, 0, 0, 0, 0, 0, 0, 0, 0, 0, 0, 0, 0, 0, 0, 0, 0, 0, 0, 0, 0, : 3, 3, 27, 22, 14, 7, 2, 5, 1, 1, 10, 2, 23, 4, 4, 4, 3, 2, 6, 
63: 24, 6, 24, 1, 6, 3, 20, 2, 1, 21, 6, 2, 15, 4, 17, 5, 16, 3, 1, 3, 24, 6, 1, 5, 2, 7, 2, 7, 0, 0, 0, 0, 0, 0, 0, 0, 0, 0, 0, 0, : 24, 6, 24, 1, 6, 3, 20, 2, 1, 21, 6, 2, 15, 4, 17, 5, 16, 3, 1, 3, 24, 6, 1, 5, 2, 7, 2, 7, 
64: 23, 5, 2, 1, 13, 4, 13, 2, 9, 22, 1, 12, 4, 7, 18, 4, 4, 0, 0, 0, 0, 0, 0, 0, 0, 0, 0, 0, 0, 0, 0, 0, 0, 0, 0, 0, 0, 0, 0, 0, : 23, 5, 2, 1, 13, 4, 13, 2, 9, 22, 1, 12, 4, 7, 18, 4, 4, 
65: 3, 7, 1, 29, 6, 4, 7, 5, 1, 18, 13, 22, 1, 8, 21, 11, 1, 8, 17, 1, 4, 0, 0, 0, 0, 0, 0, 0, 0, 0, 0, 0, 0, 0, 0, 0, 0, 0, 0, 0, : 3, 7, 1, 29, 6, 4, 7, 5, 1, 18, 13, 22, 1, 8, 21, 11, 1, 8, 17, 1, 4, 
66: 2, 2, 6, 1, 1, 18, 9, 8, 6, 18, 1, 28, 10, 4, 1, 1, 4, 4, 6, 7, 1, 0, 0, 0, 0, 0, 0, 0, 0, 0, 0, 0, 0, 0, 0, 0, 0, 0, 0, 0, : 2, 2, 6, 1, 1, 18, 9, 8, 6, 18, 1, 28, 10, 4, 1, 1, 4, 4, 6, 7, 1, 
67: 4, 5, 10, 3, 33, 25, 2, 4, 1, 22, 3, 2, 16, 5, 1, 6, 18, 32, 4, 23, 7, 17, 0, 0, 0, 0, 0, 0, 0, 0, 0, 0, 0, 0, 0, 0, 0, 0, 0, 0, : 4, 5, 10, 3, 33, 25, 2, 4, 1, 22, 3, 2, 16, 5, 1, 6, 18, 32, 4, 23, 7, 17, 
68: 23, 9, 6, 7, 3, 1, 2, 2, 20, 7, 1, 8, 12, 15, 19, 11, 1, 22, 6, 3, 0, 0, 0, 0, 0, 0, 0, 0, 0, 0, 0, 0, 0, 0, 0, 0, 0, 0, 0, 0, : 23, 9, 6, 7, 3, 1, 2, 2, 20, 7, 1, 8, 12, 15, 19, 11, 1, 22, 6, 3, 
69: 14, 1, 12, 15, 3, 18, 10, 5, 15, 18, 10, 2, 8, 16, 2, 2, 3, 1, 17, 1, 0, 0, 0, 0, 0, 0, 0, 0, 0, 0, 0, 0, 0, 0, 0, 0, 0, 0, 0, 0, : 14, 1, 12, 15, 3, 18, 10, 5, 15, 18, 10, 2, 8, 16, 2, 2, 3, 1, 17, 1, 
70: 15, 24, 2, 7, 15, 7, 11, 14, 1, 16, 1, 1, 11, 2, 27, 12, 16, 1, 0, 0, 0, 0, 0, 0, 0, 0, 0, 0, 0, 0, 0, 0, 0, 0, 0, 0, 0, 0, 0, 0, : 15, 24, 2, 7, 15, 7, 11, 14, 1, 16, 1, 1, 11, 2, 27, 12, 16, 1, 
71: 6, 4, 22, 27, 1, 1, 3, 2, 4, 8, 7, 2, 23, 1, 16, 5, 30, 14, 7, 4, 21, 21, 0, 0, 0, 0, 0, 0, 0, 0, 0, 0, 0, 0, 0, 0, 0, 0, 0, 0, : 6, 4, 22, 27, 1, 1, 3, 2, 4, 8, 7, 2, 23, 1, 16, 5, 30, 14, 7, 4, 21, 21, 
72: 1, 6, 7, 11, 4, 4, 28, 8, 2, 2, 2, 2, 14, 18, 2, 34, 30, 0, 0, 0, 0, 0, 0, 0, 0, 0, 0, 0, 0, 0, 0, 0, 0, 0, 0, 0, 0, 0, 0, 0, : 1, 6, 7, 11, 4, 4, 28, 8, 2, 2, 2, 2, 14, 18, 2, 34, 30, 
73: 6, 4, 5, 26, 2, 9, 1, 2, 2, 28, 6, 4, 3, 1, 16, 12, 26, 10, 7, 19, 5, 4, 8, 0, 0, 0, 0, 0, 0, 0, 0, 0, 0, 0, 0, 0, 0, 0, 0, 0, : 6, 4, 5, 26, 2, 9, 1, 2, 2, 28, 6, 4, 3, 1, 16, 12, 26, 10, 7, 19, 5, 4, 8, 
74: 4, 5, 1, 10, 9, 4, 11, 5, 9, 6, 2, 2, 3, 5, 11, 30, 4, 3, 2, 3, 0, 0, 0, 0, 0, 0, 0, 0, 0, 0, 0, 0, 0, 0, 0, 0, 0, 0, 0, 0, : 4, 5, 1, 10, 9, 4, 11, 5, 9, 6, 2, 2, 3, 5, 11, 30, 4, 3, 2, 3, 
75: 1, 13, 13, 16, 9, 34, 1, 12, 15, 21, 1, 28, 2, 13, 2, 0, 0, 0, 0, 0, 0, 0, 0, 0, 0, 0, 0, 0, 0, 0, 0, 0, 0, 0, 0, 0, 0, 0, 0, 0, : 1, 13, 13, 16, 9, 34, 1, 12, 15, 21, 1, 28, 2, 13, 2, 
76: 18, 1, 3, 1, 11, 17, 14, 3, 4, 13, 17, 2, 23, 2, 3, 4, 10, 0, 0, 0, 0, 0, 0, 0, 0, 0, 0, 0, 0, 0, 0, 0, 0, 0, 0, 0, 0, 0, 0, 0, : 18, 1, 3, 1, 11, 17, 14, 3, 4, 13, 17, 2, 23, 2, 3, 4, 10, 
77: 14, 1, 3, 15, 9, 12, 6, 1, 12, 37, 20, 2, 11, 6, 14, 0, 0, 0, 0, 0, 0, 0, 0, 0, 0, 0, 0, 0, 0, 0, 0, 0, 0, 0, 0, 0, 0, 0, 0, 0, : 14, 1, 3, 15, 9, 12, 6, 1, 12, 37, 20, 2, 11, 6, 14, 
78: 2, 10, 2, 13, 1, 4, 13, 4, 10, 1, 6, 12, 5, 12, 10, 30, 14, 19, 10, 5, 22, 0, 0, 0, 0, 0, 0, 0, 0, 0, 0, 0, 0, 0, 0, 0, 0, 0, 0, 0, : 2, 10, 2, 13, 1, 4, 13, 4, 10, 1, 6, 12, 5, 12, 10, 30, 14, 19, 10, 5, 22, 
79: 3, 11, 4, 2, 3, 10, 5, 1, 11, 26, 4, 9, 10, 15, 9, 2, 7, 7, 8, 4, 1, 10, 1, 5, 5, 0, 0, 0, 0, 0, 0, 0, 0, 0, 0, 0, 0, 0, 0, 0, : 3, 11, 4, 2, 3, 10, 5, 1, 11, 26, 4, 9, 10, 15, 9, 2, 7, 7, 8, 4, 1, 10, 1, 5, 5, 
80: 20, 6, 2, 3, 14, 8, 18, 1, 9, 13, 2, 6, 8, 5, 8, 4, 7, 14, 6, 3, 1, 2, 4, 9, 3, 29, 4, 1, 12, 1, 16, 5, 0, 0, 0, 0, 0, 0, 0, 0, : 20, 6, 2, 3, 14, 8, 18, 1, 9, 13, 2, 6, 8, 5, 8, 4, 7, 14, 6, 3, 1, 2, 4, 9, 3, 29, 4, 1, 12, 1, 16, 5, 
81: 1, 12, 13, 2, 4, 1, 7, 9, 4, 2, 2, 9, 5, 7, 19, 22, 3, 2, 8, 19, 26, 9, 26, 3, 12, 6, 0, 0, 0, 0, 0, 0, 0, 0, 0, 0, 0, 0, 0, 0, : 1, 12, 13, 2, 4, 1, 7, 9, 4, 2, 2, 9, 5, 7, 19, 22, 3, 2, 8, 19, 26, 9, 26, 3, 12, 6, 
82: 2, 12, 3, 5, 9, 1, 5, 6, 20, 8, 26, 2, 2, 11, 5, 29, 2, 1, 9, 0, 0, 0, 0, 0, 0, 0, 0, 0, 0, 0, 0, 0, 0, 0, 0, 0, 0, 0, 0, 0, : 2, 12, 3, 5, 9, 1, 5, 6, 20, 8, 26, 2, 2, 11, 5, 29, 2, 1, 9, 
83: 4, 7, 1, 1, 1, 15, 6, 2, 21, 17, 11, 10, 3, 1, 5, 1, 2, 5, 1, 24, 0, 0, 0, 0, 0, 0, 0, 0, 0, 0, 0, 0, 0, 0, 0, 0, 0, 0, 0, 0, : 4, 7, 1, 1, 1, 15, 6, 2, 21, 17, 11, 10, 3, 1, 5, 1, 2, 5, 1, 24, 
84: 1, 8, 9, 4, 1, 13, 2, 7, 2, 6, 3, 6, 1, 13, 2, 30, 2, 15, 1, 9, 7, 2, 1, 5, 7, 0, 0, 0, 0, 0, 0, 0, 0, 0, 0, 0, 0, 0, 0, 0, : 1, 8, 9, 4, 1, 13, 2, 7, 2, 6, 3, 6, 1, 13, 2, 30, 2, 15, 1, 9, 7, 2, 1, 5, 7, 
85: 3, 1, 9, 7, 1, 4, 1, 8, 1, 21, 6, 18, 13, 6, 8, 1, 4, 9, 10, 7, 6, 31, 11, 8, 10, 0, 0, 0, 0, 0, 0, 0, 0, 0, 0, 0, 0, 0, 0, 0, : 3, 1, 9, 7, 1, 4, 1, 8, 1, 21, 6, 18, 13, 6, 8, 1, 4, 9, 10, 7, 6, 31, 11, 8, 10, 
86: 9, 1, 2, 5, 4, 31, 8, 6, 29, 2, 12, 7, 6, 6, 19, 20, 0, 0, 0, 0, 0, 0, 0, 0, 0, 0, 0, 0, 0, 0, 0, 0, 0, 0, 0, 0, 0, 0, 0, 0, : 9, 1, 2, 5, 4, 31, 8, 6, 29, 2, 12, 7, 6, 6, 19, 20, 
87: 8, 2, 2, 5, 13, 1, 2, 16, 1, 7, 19, 2, 2, 26, 8, 13, 3, 3, 16, 1, 15, 0, 0, 0, 0, 0, 0, 0, 0, 0, 0, 0, 0, 0, 0, 0, 0, 0, 0, 0, : 8, 2, 2, 5, 13, 1, 2, 16, 1, 7, 19, 2, 2, 26, 8, 13, 3, 3, 16, 1, 15, 
88: 8, 25, 22, 10, 1, 10, 7, 6, 12, 17, 9, 5, 11, 5, 8, 5, 3, 11, 8, 1, 13, 4, 0, 0, 0, 0, 0, 0, 0, 0, 0, 0, 0, 0, 0, 0, 0, 0, 0, 0, : 8, 25, 22, 10, 1, 10, 7, 6, 12, 17, 9, 5, 11, 5, 8, 5, 3, 11, 8, 1, 13, 4, 
89: 16, 1, 25, 5, 1, 9, 1, 10, 1, 10, 12, 19, 4, 34, 2, 8, 12, 3, 2, 11, 4, 8, 7, 6, 1, 3, 1, 3, 2, 0, 0, 0, 0, 0, 0, 0, 0, 0, 0, 0, : 16, 1, 25, 5, 1, 9, 1, 10, 1, 10, 12, 19, 4, 34, 2, 8, 12, 3, 2, 11, 4, 8, 7, 6, 1, 3, 1, 3, 2, 
90: 3, 13, 3, 7, 5, 5, 7, 6, 13, 19, 6, 9, 4, 10, 14, 1, 9, 19, 28, 11, 17, 3, 0, 0, 0, 0, 0, 0, 0, 0, 0, 0, 0, 0, 0, 0, 0, 0, 0, 0, : 3, 13, 3, 7, 5, 5, 7, 6, 13, 19, 6, 9, 4, 10, 14, 1, 9, 19, 28, 11, 17, 3, 
91: 2, 14, 4, 9, 1, 29, 14, 16, 2, 7, 12, 20, 5, 2, 23, 3, 4, 20, 3, 0, 0, 0, 0, 0, 0, 0, 0, 0, 0, 0, 0, 0, 0, 0, 0, 0, 0, 0, 0, 0, : 2, 14, 4, 9, 1, 29, 14, 16, 2, 7, 12, 20, 5, 2, 23, 3, 4, 20, 3, 
92: 11, 10, 22, 14, 4, 3, 22, 21, 4, 9, 1, 30, 1, 0, 0, 0, 0, 0, 0, 0, 0, 0, 0, 0, 0, 0, 0, 0, 0, 0, 0, 0, 0, 0, 0, 0, 0, 0, 0, 0, : 11, 10, 22, 14, 4, 3, 22, 21, 4, 9, 1, 30, 1, 
93: 4, 23, 1, 3, 2, 2, 5, 2, 10, 1, 25, 7, 2, 30, 10, 3, 30, 9, 8, 1, 0, 0, 0, 0, 0, 0, 0, 0, 0, 0, 0, 0, 0, 0, 0, 0, 0, 0, 0, 0, : 4, 23, 1, 3, 2, 2, 5, 2, 10, 1, 25, 7, 2, 30, 10, 3, 30, 9, 8, 1, 
94: 27, 9, 28, 14, 1, 10, 12, 2, 3, 19, 3, 1, 2, 9, 26, 5, 22, 29, 4, 3, 6, 2, 28, 4, 1, 1, 28, 9, 7, 4, 0, 0, 0, 0, 0, 0, 0, 0, 0, 0, : 27, 9, 28, 14, 1, 10, 12, 2, 3, 19, 3, 1, 2, 9, 26, 5, 22, 29, 4, 3, 6, 2, 28, 4, 1, 1, 28, 9, 7, 4, 
95: 26, 6, 1, 4, 1, 1, 25, 3, 13, 7, 21, 1, 15, 2, 9, 4, 10, 12, 9, 15, 3, 0, 0, 0, 0, 0, 0, 0, 0, 0, 0, 0, 0, 0, 0, 0, 0, 0, 0, 0, : 26, 6, 1, 4, 1, 1, 25, 3, 13, 7, 21, 1, 15, 2, 9, 4, 10, 12, 9, 15, 3, 
96: 5, 26, 1, 8, 3, 11, 27, 9, 3, 10, 1, 2, 10, 3, 3, 5, 1, 12, 7, 25, 4, 5, 0, 0, 0, 0, 0, 0, 0, 0, 0, 0, 0, 0, 0, 0, 0, 0, 0, 0, : 5, 26, 1, 8, 3, 11, 27, 9, 3, 10, 1, 2, 10, 3, 3, 5, 1, 12, 7, 25, 4, 5, 
97: 11, 12, 5, 14, 23, 2, 28, 4, 1, 1, 30, 1, 9, 23, 1, 12, 1, 0, 0, 0, 0, 0, 0, 0, 0, 0, 0, 0, 0, 0, 0, 0, 0, 0, 0, 0, 0, 0, 0, 0, : 11, 12, 5, 14, 23, 2, 28, 4, 1, 1, 30, 1, 9, 23, 1, 12, 1, 
98: 8, 24, 6, 8, 35, 2, 4, 2, 5, 19, 5, 3, 2, 10, 20, 16, 5, 7, 26, 3, 7, 20, 0, 0, 0, 0, 0, 0, 0, 0, 0, 0, 0, 0, 0, 0, 0, 0, 0, 0, : 8, 24, 6, 8, 35, 2, 4, 2, 5, 19, 5, 3, 2, 10, 20, 16, 5, 7, 26, 3, 7, 20, 
99: 1, 4, 10, 16, 1, 4, 11, 14, 14, 32, 3, 8, 14, 3, 27, 2, 8, 1, 9, 1, 4, 1, 0, 0, 0, 0, 0, 0, 0, 0, 0, 0, 0, 0, 0, 0, 0, 0, 0, 0, : 1, 4, 10, 16, 1, 4, 11, 14, 14, 32, 3, 8, 14, 3, 27, 2, 8, 1, 9, 1, 4, 1, 
100: 5, 16, 8, 7, 1, 12, 5, 20, 3, 3, 16, 1, 3, 4, 20, 6, 6, 6, 12, 0, 0, 0, 0, 0, 0, 0, 0, 0, 0, 0, 0, 0, 0, 0, 0, 0, 0, 0, 0, 0, : 5, 16, 8, 7, 1, 12, 5, 20, 3, 3, 16, 1, 3, 4, 20, 6, 6, 6, 12, 


