80
20
1: 11, 3, 25, 8, 1, 2, 9, 1, 5, 3, 9, 15, 3, 1, 32, 5, 2, 12, 3, 7, 1, 18, 20, 32, 6, 36, 11, 15, 18, 13, 6, 1, 4, 1, 21, 11, 12, 1, 15, 2, 27, 12, 23, 12, 25, 3, 14, 3, 6, 13, 12, 0, 0, 0, 0, 0, 0, 0, 0, 0, 0, 0, 0, 0, 0, 0, 0, 0, 0, 0, 0, 0, 0, 0, 0, 0, 0, 0, 0, 0, : 11, 3, 25, 8, 1, 2, 9, 1, 5, 3, 9, 15, 3, 1, 32, 5, 2, 12, 3, 7, 1, 18, 20, 32, 6, 36, 11, 15, 18, 13, 6, 1, 4, 1, 21, 11, 12, 1, 15, 2, 27, 12, 23, 12, 25, 3, 14, 3, 6, 13, 12, 
2: 8, 21, 4, 15, 2, 13, 22, 14, 8, 2, 5, 10, 9, 30, 4, 3, 10, 12, 25, 23, 13, 2, 2, 3, 10, 3, 27, 4, 1, 30, 1, 9, 2, 1, 0, 0, 0, 0, 0, 0, 0, 0, 0, 0, 0, 0, 0, 0, 0, 0, 0, 0, 0, 0, 0, 0, 0, 0, 0, 0, 0, 0, 0, 0, 0, 0, 0, 0, 0, 0, 0, 0, 0, 0, 0, 0, 0, 0, 0, 0, : 8, 21, 4, 15, 2, 13, 22, 14, 8, 2, 5, 10, 9, 30, 4, 3, 10, 12, 25, 23, 13, 2, 2, 3, 10, 3, 27, 4, 1, 30, 1, 9, 2, 1, 
3: 25, 12, 2, 17, 4, 14, 2, 1, 10, 5, 3, 33, 2, 3, 8, 1, 11, 26, 27, 3, 23, 10, 1, 1, 7, 1, 11, 1, 17, 15, 3, 7, 12, 9, 9, 3, 10, 0, 0, 0, 0, 0, 0, 0, 0, 0, 0, 0, 0, 0, 0, 0, 0, 0, 0, 0, 0, 0, 0, 0, 0, 0, 0, 0, 0, 0, 0, 0, 0, 0, 0, 0, 0, 0, 0, 0, 0, 0, 0, 0, : 25, 12, 2, 17, 4, 14, 2, 1, 10, 5, 3, 33, 2, 3, 8, 1, 11, 26, 27, 3, 23, 10, 1, 1, 7, 1, 11, 1, 17, 15, 3, 7, 12, 9, 9, 3, 10, 
4: 3, 21, 5, 23, 2, 2, 4, 21, 2, 5, 1, 1, 13, 10, 26, 1, 3, 1, 10, 1, 3, 23, 2, 8, 4, 1, 2, 6, 11, 14, 1, 11, 2, 5, 13, 1, 9, 2, 9, 10, 0, 0, 0, 0, 0, 0, 0, 0, 0, 0, 0, 0, 0, 0, 0, 0, 0, 0, 0, 0, 0, 0, 0, 0, 0, 0, 0, 0, 0, 0, 0, 0, 0, 0, 0, 0, 0, 0, 0, 0, : 3, 21, 5, 23, 2, 2, 4, 21, 2, 5, 1, 1, 13, 10, 26, 1, 3, 1, 10, 1, 3, 23, 2, 8, 4, 1, 2, 6, 11, 14, 1, 11, 2, 5, 13, 1, 9, 2, 9, 10, 
5: 6, 4, 2, 18, 32, 31, 21, 9, 1, 25, 5, 4, 1, 4, 25, 3, 4, 18, 15, 9, 6, 9, 18, 12, 18, 18, 12, 13, 9, 2, 25, 3, 10, 30, 15, 1, 29, 2, 17, 8, 11, 28, 19, 6, 0, 0, 0, 0, 0, 0, 0, 0, 0, 0, 0, 0, 0, 0, 0, 0, 0, 0, 0, 0, 0, 0, 0, 0, 0, 0, 0, 0, 0, 0, 0, 0, 0, 0, 0, 0, : 6, 4, 2, 18, 32, 31, 21, 9, 1, 25, 5, 4, 1, 4, 25, 3, 4, 18, 15, 9, 6, 9, 18, 12, 18, 18, 12, 13, 9, 2, 25, 3, 10, 30, 15, 1, 29, 2, 17, 8, 11, 28, 19, 6, 
6: 1, 10, 2, 4, 19, 4, 7, 6, 1, 1, 5, 7, 19, 8, 8, 2, 3, 1, 5, 3, 1, 8, 10, 2, 15, 13, 6, 4, 1, 21, 2, 17, 11, 1, 9, 28, 4, 1, 4, 1, 2, 25, 1, 5, 17, 2, 1, 1, 14, 0, 0, 0, 0, 0, 0, 0, 0, 0, 0, 0, 0, 0, 0, 0, 0, 0, 0, 0, 0, 0, 0, 0, 0, 0, 0, 0, 0, 0, 0, 0, : 1, 10, 2, 4, 19, 4, 7, 6, 1, 1, 5, 7, 19, 8, 8, 2, 3, 1, 5, 3, 1, 8, 10, 2, 15, 13, 6, 4, 1, 21, 2, 17, 11, 1, 9, 28, 4, 1, 4, 1, 2, 25, 1, 5, 17, 2, 1, 1, 14, 
7: 1, 8, 4, 6, 5, 16, 4, 7, 2, 16, 5, 4, 2, 4, 20, 1, 1, 3, 2, 8, 3, 12, 5, 13, 13, 3, 4, 5, 3, 27, 27, 1, 1, 0, 0, 0, 0, 0, 0, 0, 0, 0, 0, 0, 0, 0, 0, 0, 0, 0, 0, 0, 0, 0, 0, 0, 0, 0, 0, 0, 0, 0, 0, 0, 0, 0, 0, 0, 0, 0, 0, 0, 0, 0, 0, 0, 0, 0, 0, 0, : 1, 8, 4, 6, 5, 16, 4, 7, 2, 16, 5, 4, 2, 4, 20, 1, 1, 3, 2, 8, 3, 12, 5, 13, 13, 3, 4, 5, 3, 27, 27, 1, 1, 
8: 8, 11, 13, 31, 6, 2, 13, 5, 14, 1, 4, 1, 5, 4, 3, 19, 22, 1, 1, 12, 12, 4, 3, 2, 12, 20, 3, 15, 8, 6, 8, 1, 2, 0, 0, 0, 0, 0, 0, 0, 0, 0, 0, 0, 0, 0, 0, 0, 0, 0, 0, 0, 0, 0, 0, 0, 0, 0, 0, 0, 0, 0, 0, 0, 0, 0, 0, 0, 0, 0, 0, 0, 0, 0, 0, 0, 0, 0, 0, 0, : 8, 11, 13, 31, 6, 2, 13, 5, 14, 1, 4, 1, 5, 4, 3, 19, 22, 1, 1, 12, 12, 4, 3, 2, 12, 20, 3, 15, 8, 6, 8, 1, 2, 
9: 12, 5, 2, 19, 6, 27, 6, 1, 7, 35, 10, 3, 3, 7, 15, 6, 1, 9, 2, 9, 1, 1, 21, 3, 9, 1, 29, 2, 37, 7, 1, 17, 1, 9, 6, 2, 19, 6, 5, 6, 2, 14, 1, 2, 2, 0, 0, 0, 0, 0, 0, 0, 0, 0, 0, 0, 0, 0, 0, 0, 0, 0, 0, 0, 0, 0, 0, 0, 0, 0, 0, 0, 0, 0, 0, 0, 0, 0, 0, 0, : 12, 5, 2, 19, 6, 27, 6, 1, 7, 35, 10, 3, 3, 7, 15, 6, 1, 9, 2, 9, 1, 1, 21, 3, 9, 1, 29, 2, 37, 7, 1, 17, 1, 9, 6, 2, 19, 6, 5, 6, 2, 14, 1, 2, 2, 
10: 1, 3, 1, 1, 20, 5, 5, 7, 6, 3, 17, 1, 3, 3, 4, 18, 2, 2, 7, 1, 5, 1, 1, 11, 2, 10, 6, 7, 2, 1, 8, 1, 18, 3, 1, 10, 9, 3, 0, 0, 0, 0, 0, 0, 0, 0, 0, 0, 0, 0, 0, 0, 0, 0, 0, 0, 0, 0, 0, 0, 0, 0, 0, 0, 0, 0, 0, 0, 0, 0, 0, 0, 0, 0, 0, 0, 0, 0, 0, 0, : 1, 3, 1, 1, 20, 5, 5, 7, 6, 3, 17, 1, 3, 3, 4, 18, 2, 2, 7, 1, 5, 1, 1, 11, 2, 10, 6, 7, 2, 1, 8, 1, 18, 3, 1, 10, 9, 3, 
11: 4, 4, 2, 2, 5, 5, 4, 2, 23, 16, 4, 2, 22, 4, 4, 4, 3, 3, 21, 21, 29, 2, 13, 1, 11, 4, 5, 1, 10, 12, 5, 4, 12, 8, 12, 6, 17, 26, 29, 8, 2, 1, 24, 28, 5, 3, 12, 1, 21, 0, 0, 0, 0, 0, 0, 0, 0, 0, 0, 0, 0, 0, 0, 0, 0, 0, 0, 0, 0, 0, 0, 0, 0, 0, 0, 0, 0, 0, 0, 0, : 4, 4, 2, 2, 5, 5, 4, 2, 23, 16, 4, 2, 22, 4, 4, 4, 3, 3, 21, 21, 29, 2, 13, 1, 11, 4, 5, 1, 10, 12, 5, 4, 12, 8, 12, 6, 17, 26, 29, 8, 2, 1, 24, 28, 5, 3, 12, 1, 21, 
12: 22, 1, 1, 2, 6, 3, 3, 21, 1, 24, 1, 1, 6, 11, 2, 3, 7, 1, 1, 6, 33, 16, 2, 1, 2, 9, 9, 3, 7, 11, 2, 1, 4, 29, 3, 4, 1, 11, 5, 1, 2, 10, 25, 10, 5, 13, 4, 14, 5, 4, 6, 8, 26, 5, 8, 4, 3, 1, 4, 0, 0, 0, 0, 0, 0, 0, 0, 0, 0, 0, 0, 0, 0, 0, 0, 0, 0, 0, 0, 0, : 22, 1, 1, 2, 6, 3, 3, 21, 1, 24, 1, 1, 6, 11, 2, 3, 7, 1, 1, 6, 33, 16, 2, 1, 2, 9, 9, 3, 7, 11, 2, 1, 4, 29, 3, 4, 1, 11, 5, 1, 2, 10, 25, 10, 5, 13, 4, 14, 5, 4, 6, 8, 26, 5, 8, 4, 3, 1, 4, 
13: 5, 5, 16, 3, 8, 3, 7, 30, 21, 33, 24, 1, 5, 2, 13, 2, 27, 5, 15, 1, 8, 21, 1, 17, 2, 6, 1, 4, 29, 21, 1, 3, 9, 15, 13, 1, 19, 2, 7, 5, 1, 7, 27, 16, 2, 6, 2, 0, 0, 0, 0, 0, 0, 0, 0, 0, 0, 0, 0, 0, 0, 0, 0, 0, 0, 0, 0, 0, 0, 0, 0, 0, 0, 0, 0, 0, 0, 0, 0, 0, : 5, 5, 16, 3, 8, 3, 7, 30, 21, 33, 24, 1, 5, 2, 13, 2, 27, 5, 15, 1, 8, 21, 1, 17, 2, 6, 1, 4, 29, 21, 1, 3, 9, 15, 13, 1, 19, 2, 7, 5, 1, 7, 27, 16, 2, 6, 2, 
14: 2, 3, 2, 3, 23, 4, 33, 3, 4, 7, 2, 35, 3, 8, 2, 5, 6, 20, 1, 1, 17, 7, 5, 4, 4, 2, 7, 1, 1, 2, 2, 21, 1, 1, 13, 4, 3, 2, 7, 5, 23, 7, 2, 18, 5, 9, 0, 0, 0, 0, 0, 0, 0, 0, 0, 0, 0, 0, 0, 0, 0, 0, 0, 0, 0, 0, 0, 0, 0, 0, 0, 0, 0, 0, 0, 0, 0, 0, 0, 0, : 2, 3, 2, 3, 23, 4, 33, 3, 4, 7, 2, 35, 3, 8, 2, 5, 6, 20, 1, 1, 17, 7, 5, 4, 4, 2, 7, 1, 1, 2, 2, 21, 1, 1, 13, 4, 3, 2, 7, 5, 23, 7, 2, 18, 5, 9, 
15: 13, 1, 28, 7, 2, 2, 3, 5, 3, 7, 14, 7, 28, 2, 1, 5, 1, 28, 3, 28, 2, 2, 3, 3, 9, 5, 19, 14, 6, 3, 2, 22, 2, 25, 12, 2, 2, 8, 0, 0, 0, 0, 0, 0, 0, 0, 0, 0, 0, 0, 0, 0, 0, 0, 0, 0, 0, 0, 0, 0, 0, 0, 0, 0, 0, 0, 0, 0, 0, 0, 0, 0, 0, 0, 0, 0, 0, 0, 0, 0, : 13, 1, 28, 7, 2, 2, 3, 5, 3, 7, 14, 7, 28, 2, 1, 5, 1, 28, 3, 28, 2, 2, 3, 3, 9, 5, 19, 14, 6, 3, 2, 22, 2, 25, 12, 2, 2, 8, 
16: 25, 5, 3, 2, 20, 3, 1, 21, 2, 8, 8, 15, 18, 5, 16, 16, 4, 3, 8, 9, 28, 4, 33, 15, 3, 1, 14, 1, 8, 1, 8, 1, 6, 3, 1, 15, 3, 1, 23, 26, 4, 29, 1, 3, 9, 7, 4, 12, 1, 1, 2, 0, 0, 0, 0, 0, 0, 0, 0, 0, 0, 0, 0, 0, 0, 0, 0, 0, 0, 0, 0, 0, 0, 0, 0, 0, 0, 0, 0, 0, : 25, 5, 3, 2, 20, 3, 1, 21, 2, 8, 8, 15, 18, 5, 16, 16, 4, 3, 8, 9, 28, 4, 33, 15, 3, 1, 14, 1, 8, 1, 8, 1, 6, 3, 1, 15, 3, 1, 23, 26, 4, 29, 1, 3, 9, 7, 4, 12, 1, 1, 2, 
17: 1, 15, 3, 7, 1, 1, 11, 35, 28, 3, 3, 4, 6, 7, 4, 2, 2, 9, 2, 1, 3, 6, 1, 1, 8, 22, 4, 5, 19, 1, 13, 29, 13, 16, 3, 0, 0, 0, 0, 0, 0, 0, 0, 0, 0, 0, 0, 0, 0, 0, 0, 0, 0, 0, 0, 0, 0, 0, 0, 0, 0, 0, 0, 0, 0, 0, 0, 0, 0, 0, 0, 0, 0, 0, 0, 0, 0, 0, 0, 0, : 1, 15, 3, 7, 1, 1, 11, 35, 28, 3, 3, 4, 6, 7, 4, 2, 2, 9, 2, 1, 3, 6, 1, 1, 8, 22, 4, 5, 19, 1, 13, 29, 13, 16, 3, 
18: 6, 22, 33, 5, 22, 8, 1, 37, 13, 2, 2, 5, 6, 3, 34, 3, 2, 1, 14, 4, 4, 25, 32, 4, 7, 9, 3, 15, 1, 10, 1, 3, 4, 4, 19, 9, 2, 20, 3, 29, 5, 1, 7, 6, 1, 10, 1, 16, 0, 0, 0, 0, 0, 0, 0, 0, 0, 0, 0, 0, 0, 0, 0, 0, 0, 0, 0, 0, 0, 0, 0, 0, 0, 0, 0, 0, 0, 0, 0, 0, : 6, 22, 33, 5, 22, 8, 1, 37, 13, 2, 2, 5, 6, 3, 34, 3, 2, 1, 14, 4, 4, 25, 32, 4, 7, 9, 3, 15, 1, 10, 1, 3, 4, 4, 19, 9, 2, 20, 3, 29, 5, 1, 7, 6, 1, 10, 1, 16, 
19: 5, 2, 6, 3, 2, 10, 3, 12, 4, 6, 31, 1, 2, 12, 23, 5, 2, 3, 23, 14, 3, 1, 4, 6, 4, 1, 2, 10, 6, 16, 36, 13, 12, 1, 9, 4, 10, 0, 0, 0, 0, 0, 0, 0, 0, 0, 0, 0, 0, 0, 0, 0, 0, 0, 0, 0, 0, 0, 0, 0, 0, 0, 0, 0, 0, 0, 0, 0, 0, 0, 0, 0, 0, 0, 0, 0, 0, 0, 0, 0, : 5, 2, 6, 3, 2, 10, 3, 12, 4, 6, 31, 1, 2, 12, 23, 5, 2, 3, 23, 14, 3, 1, 4, 6, 4, 1, 2, 10, 6, 16, 36, 13, 12, 1, 9, 4, 10, 
20: 30, 17, 8, 1, 11, 17, 1, 14, 3, 11, 5, 7, 23, 5, 4, 15, 14, 2, 4, 12, 11, 27, 5, 2, 25, 4, 4, 7, 1, 28, 2, 7, 0, 0, 0, 0, 0, 0, 0, 0, 0, 0, 0, 0, 0, 0, 0, 0, 0, 0, 0, 0, 0, 0, 0, 0, 0, 0, 0, 0, 0, 0, 0, 0, 0, 0, 0, 0, 0, 0, 0, 0, 0, 0, 0, 0, 0, 0, 0, 0, : 30, 17, 8, 1, 11, 17, 1, 14, 3, 11, 5, 7, 23, 5, 4, 15, 14, 2, 4, 12, 11, 27, 5, 2, 25, 4, 4, 7, 1, 28, 2, 7, 


