120
100
1: 16, 2, 14, 1, 1, 2, 2, 16, 1, 2, 1, 2, 12, 1, 10, 10, 2, 5, 2, 1, 6, 16, 3, 1, 25, 7, 8, 5, 4, 7, 33, 8, 19, 1, 4, 2, 27, 16, 5, 7, 4, 14, 9, 8, 1, 6, 3, 26, 31, 8, 23, 11, 7, 1, 5, 0, 0, 0, 0, 0, 0, 0, 0, 0, 0, 0, 0, 0, 0, 0, 0, 0, 0, 0, 0, 0, 0, 0, 0, 0, 0, 0, 0, 0, 0, 0, 0, 0, 0, 0, 0, 0, 0, 0, 0, 0, 0, 0, 0, 0, 0, 0, 0, 0, 0, 0, 0, 0, 0, 0, 0, 0, 0, 0, 0, 0, 0, 0, 0, 0, : 16, 2, 14, 1, 1, 2, 2, 16, 1, 2, 1, 2, 12, 1, 10, 10, 2, 5, 2, 1, 6, 16, 3, 1, 25, 7, 8, 5, 4, 7, 33, 8, 19, 1, 4, 2, 27, 16, 5, 7, 4, 14, 9, 8, 1, 6, 3, 26, 31, 8, 23, 11, 7, 1, 5, 
2: 6, 15, 6, 5, 9, 7, 4, 4, 18, 3, 16, 2, 29, 2, 15, 4, 4, 2, 1, 6, 27, 4, 1, 1, 3, 7, 1, 10, 34, 16, 8, 14, 1, 7, 24, 1, 16, 1, 5, 1, 13, 10, 13, 8, 11, 3, 23, 1, 6, 23, 11, 14, 11, 2, 1, 5, 1, 25, 4, 1, 14, 3, 5, 1, 0, 0, 0, 0, 0, 0, 0, 0, 0, 0, 0, 0, 0, 0, 0, 0, 0, 0, 0, 0, 0, 0, 0, 0, 0, 0, 0, 0, 0, 0, 0, 0, 0, 0, 0, 0, 0, 0, 0, 0, 0, 0, 0, 0, 0, 0, 0, 0, 0, 0, 0, 0, 0, 0, 0, 0, : 6, 15, 6, 5, 9, 7, 4, 4, 18, 3, 16, 2, 29, 2, 15, 4, 4, 2, 1, 6, 27, 4, 1, 1, 3, 7, 1, 10, 34, 16, 8, 14, 1, 7, 24, 1, 16, 1, 5, 1, 13, 10, 13, 8, 11, 3, 23, 1, 6, 23, 11, 14, 11, 2, 1, 5, 1, 25, 4, 1, 14, 3, 5, 1, 
3: 3, 2, 1, 15, 26, 1, 6, 1, 2, 4, 10, 1, 10, 6, 20, 9, 17, 1, 8, 3, 2, 25, 20, 1, 2, 4, 3, 4, 4, 10, 2, 6, 1, 10, 5, 1, 11, 2, 19, 1, 8, 4, 18, 12, 16, 8, 2, 10, 26, 10, 6, 20, 14, 2, 6, 1, 12, 13, 21, 20, 4, 34, 7, 10, 0, 0, 0, 0, 0, 0, 0, 0, 0, 0, 0, 0, 0, 0, 0, 0, 0, 0, 0, 0, 0, 0, 0, 0, 0, 0, 0, 0, 0, 0, 0, 0, 0, 0, 0, 0, 0, 0, 0, 0, 0, 0, 0, 0, 0, 0, 0, 0, 0, 0, 0, 0, 0, 0, 0, 0, : 3, 2, 1, 15, 26, 1, 6, 1, 2, 4, 10, 1, 10, 6, 20, 9, 17, 1, 8, 3, 2, 25, 20, 1, 2, 4, 3, 4, 4, 10, 2, 6, 1, 10, 5, 1, 11, 2, 19, 1, 8, 4, 18, 12, 16, 8, 2, 10, 26, 10, 6, 20, 14, 2, 6, 1, 12, 13, 21, 20, 4, 34, 7, 10, 
4: 4, 23, 1, 12, 11, 3, 20, 6, 16, 2, 3, 4, 6, 10, 5, 7, 14, 6, 4, 7, 5, 4, 3, 2, 12, 5, 3, 4, 8, 4, 7, 5, 21, 14, 5, 35, 5, 11, 9, 14, 9, 1, 34, 6, 14, 5, 7, 31, 21, 17, 4, 4, 3, 4, 3, 12, 0, 0, 0, 0, 0, 0, 0, 0, 0, 0, 0, 0, 0, 0, 0, 0, 0, 0, 0, 0, 0, 0, 0, 0, 0, 0, 0, 0, 0, 0, 0, 0, 0, 0, 0, 0, 0, 0, 0, 0, 0, 0, 0, 0, 0, 0, 0, 0, 0, 0, 0, 0, 0, 0, 0, 0, 0, 0, 0, 0, 0, 0, 0, 0, : 4, 23, 1, 12, 11, 3, 20, 6, 16, 2, 3, 4, 6, 10, 5, 7, 14, 6, 4, 7, 5, 4, 3, 2, 12, 5, 3, 4, 8, 4, 7, 5, 21, 14, 5, 35, 5, 11, 9, 14, 9, 1, 34, 6, 14, 5, 7, 31, 21, 17, 4, 4, 3, 4, 3, 12, 
5: 9, 6, 1, 7, 12, 14, 23, 1, 1, 16, 2, 13, 8, 3, 13, 11, 5, 1, 11, 1, 4, 13, 17, 9, 6, 15, 2, 3, 19, 25, 6, 5, 2, 1, 8, 4, 2, 2, 2, 10, 8, 3, 9, 24, 13, 9, 0, 0, 0, 0, 0, 0, 0, 0, 0, 0, 0, 0, 0, 0, 0, 0, 0, 0, 0, 0, 0, 0, 0, 0, 0, 0, 0, 0, 0, 0, 0, 0, 0, 0, 0, 0, 0, 0, 0, 0, 0, 0, 0, 0, 0, 0, 0, 0, 0, 0, 0, 0, 0, 0, 0, 0, 0, 0, 0, 0, 0, 0, 0, 0, 0, 0, 0, 0, 0, 0, 0, 0, 0, 0, : 9, 6, 1, 7, 12, 14, 23, 1, 1, 16, 2, 13, 8, 3, 13, 11, 5, 1, 11, 1, 4, 13, 17, 9, 6, 15, 2, 3, 19, 25, 6, 5, 2, 1, 8, 4, 2, 2, 2, 10, 8, 3, 9, 24, 13, 9, 
6: 3, 2, 7, 15, 15, 8, 7, 18, 6, 3, 6, 1, 16, 16, 16, 15, 23, 8, 8, 9, 6, 1, 2, 3, 2, 3, 9, 5, 21, 5, 28, 4, 8, 7, 4, 1, 2, 22, 5, 8, 5, 37, 3, 4, 7, 12, 2, 16, 21, 17, 15, 6, 1, 8, 21, 8, 34, 6, 4, 10, 0, 0, 0, 0, 0, 0, 0, 0, 0, 0, 0, 0, 0, 0, 0, 0, 0, 0, 0, 0, 0, 0, 0, 0, 0, 0, 0, 0, 0, 0, 0, 0, 0, 0, 0, 0, 0, 0, 0, 0, 0, 0, 0, 0, 0, 0, 0, 0, 0, 0, 0, 0, 0, 0, 0, 0, 0, 0, 0, 0, : 3, 2, 7, 15, 15, 8, 7, 18, 6, 3, 6, 1, 16, 16, 16, 15, 23, 8, 8, 9, 6, 1, 2, 3, 2, 3, 9, 5, 21, 5, 28, 4, 8, 7, 4, 1, 2, 22, 5, 8, 5, 37, 3, 4, 7, 12, 2, 16, 21, 17, 15, 6, 1, 8, 21, 8, 34, 6, 4, 10, 
7: 17, 11, 3, 1, 16, 1, 1, 3, 12, 2, 2, 10, 10, 1, 1, 2, 2, 25, 18, 15, 6, 5, 1, 8, 10, 3, 3, 5, 15, 3, 4, 2, 14, 2, 2, 5, 1, 13, 1, 8, 2, 8, 2, 6, 8, 32, 21, 3, 3, 11, 6, 16, 1, 16, 3, 15, 9, 4, 8, 2, 4, 23, 2, 10, 3, 11, 7, 0, 0, 0, 0, 0, 0, 0, 0, 0, 0, 0, 0, 0, 0, 0, 0, 0, 0, 0, 0, 0, 0, 0, 0, 0, 0, 0, 0, 0, 0, 0, 0, 0, 0, 0, 0, 0, 0, 0, 0, 0, 0, 0, 0, 0, 0, 0, 0, 0, 0, 0, 0, 0, : 17, 11, 3, 1, 16, 1, 1, 3, 12, 2, 2, 10, 10, 1, 1, 2, 2, 25, 18, 15, 6, 5, 1, 8, 10, 3, 3, 5, 15, 3, 4, 2, 14, 2, 2, 5, 1, 13, 1, 8, 2, 8, 2, 6, 8, 32, 21, 3, 3, 11, 6, 16, 1, 16, 3, 15, 9, 4, 8, 2, 4, 23, 2, 10, 3, 11, 7, 
8: 14, 12, 3, 5, 6, 4, 2, 9, 1, 4, 1, 18, 1, 7, 11, 4, 2, 25, 1, 1, 5, 21, 34, 11, 3, 5, 4, 28, 16, 3, 13, 11, 11, 15, 4, 9, 30, 19, 2, 5, 3, 2, 1, 20, 4, 1, 19, 3, 6, 6, 1, 2, 12, 4, 2, 2, 1, 9, 8, 17, 7, 4, 22, 2, 9, 0, 0, 0, 0, 0, 0, 0, 0, 0, 0, 0, 0, 0, 0, 0, 0, 0, 0, 0, 0, 0, 0, 0, 0, 0, 0, 0, 0, 0, 0, 0, 0, 0, 0, 0, 0, 0, 0, 0, 0, 0, 0, 0, 0, 0, 0, 0, 0, 0, 0, 0, 0, 0, 0, 0, : 14, 12, 3, 5, 6, 4, 2, 9, 1, 4, 1, 18, 1, 7, 11, 4, 2, 25, 1, 1, 5, 21, 34, 11, 3, 5, 4, 28, 16, 3, 13, 11, 11, 15, 4, 9, 30, 19, 2, 5, 3, 2, 1, 20, 4, 1, 19, 3, 6, 6, 1, 2, 12, 4, 2, 2, 1, 9, 8, 17, 7, 4, 22, 2, 9, 
9: 30, 29, 33, 1, 9, 31, 2, 6, 18, 10, 1, 8, 12, 18, 26, 15, 13, 22, 10, 6, 14, 3, 2, 12, 3, 3, 10, 4, 3, 2, 2, 1, 5, 6, 7, 3, 3, 6, 2, 6, 1, 1, 4, 10, 9, 11, 7, 12, 1, 4, 13, 6, 1, 35, 14, 7, 3, 16, 31, 3, 17, 0, 0, 0, 0, 0, 0, 0, 0, 0, 0, 0, 0, 0, 0, 0, 0, 0, 0, 0, 0, 0, 0, 0, 0, 0, 0, 0, 0, 0, 0, 0, 0, 0, 0, 0, 0, 0, 0, 0, 0, 0, 0, 0, 0, 0, 0, 0, 0, 0, 0, 0, 0, 0, 0, 0, 0, 0, 0, 0, : 30, 29, 33, 1, 9, 31, 2, 6, 18, 10, 1, 8, 12, 18, 26, 15, 13, 22, 10, 6, 14, 3, 2, 12, 3, 3, 10, 4, 3, 2, 2, 1, 5, 6, 7, 3, 3, 6, 2, 6, 1, 1, 4, 10, 9, 11, 7, 12, 1, 4, 13, 6, 1, 35, 14, 7, 3, 16, 31, 3, 17, 
10: 17, 6, 7, 1, 5, 1, 5, 1, 6, 6, 28, 20, 8, 3, 6, 4, 1, 27, 2, 35, 1, 10, 4, 15, 1, 5, 11, 5, 17, 16, 3, 2, 6, 6, 5, 3, 2, 1, 27, 2, 4, 1, 5, 13, 1, 14, 24, 13, 27, 6, 8, 4, 18, 4, 1, 14, 4, 9, 4, 0, 0, 0, 0, 0, 0, 0, 0, 0, 0, 0, 0, 0, 0, 0, 0, 0, 0, 0, 0, 0, 0, 0, 0, 0, 0, 0, 0, 0, 0, 0, 0, 0, 0, 0, 0, 0, 0, 0, 0, 0, 0, 0, 0, 0, 0, 0, 0, 0, 0, 0, 0, 0, 0, 0, 0, 0, 0, 0, 0, 0, : 17, 6, 7, 1, 5, 1, 5, 1, 6, 6, 28, 20, 8, 3, 6, 4, 1, 27, 2, 35, 1, 10, 4, 15, 1, 5, 11, 5, 17, 16, 3, 2, 6, 6, 5, 3, 2, 1, 27, 2, 4, 1, 5, 13, 1, 14, 24, 13, 27, 6, 8, 4, 18, 4, 1, 14, 4, 9, 4, 
11: 1, 29, 17, 25, 24, 2, 23, 3, 3, 9, 9, 5, 4, 3, 1, 8, 2, 14, 4, 23, 2, 5, 2, 2, 5, 18, 3, 5, 2, 20, 1, 2, 2, 7, 11, 12, 11, 4, 22, 16, 1, 5, 2, 2, 23, 3, 4, 29, 16, 5, 9, 9, 2, 3, 18, 12, 1, 7, 4, 6, 5, 4, 4, 3, 10, 3, 6, 4, 11, 0, 0, 0, 0, 0, 0, 0, 0, 0, 0, 0, 0, 0, 0, 0, 0, 0, 0, 0, 0, 0, 0, 0, 0, 0, 0, 0, 0, 0, 0, 0, 0, 0, 0, 0, 0, 0, 0, 0, 0, 0, 0, 0, 0, 0, 0, 0, 0, 0, 0, 0, : 1, 29, 17, 25, 24, 2, 23, 3, 3, 9, 9, 5, 4, 3, 1, 8, 2, 14, 4, 23, 2, 5, 2, 2, 5, 18, 3, 5, 2, 20, 1, 2, 2, 7, 11, 12, 11, 4, 22, 16, 1, 5, 2, 2, 23, 3, 4, 29, 16, 5, 9, 9, 2, 3, 18, 12, 1, 7, 4, 6, 5, 4, 4, 3, 10, 3, 6, 4, 11, 
12: 5, 16, 10, 37, 1, 2, 6, 1, 9, 9, 5, 7, 18, 9, 15, 9, 15, 8, 8, 5, 12, 1, 9, 3, 7, 4, 24, 18, 16, 4, 1, 15, 12, 3, 5, 0, 0, 0, 0, 0, 0, 0, 0, 0, 0, 0, 0, 0, 0, 0, 0, 0, 0, 0, 0, 0, 0, 0, 0, 0, 0, 0, 0, 0, 0, 0, 0, 0, 0, 0, 0, 0, 0, 0, 0, 0, 0, 0, 0, 0, 0, 0, 0, 0, 0, 0, 0, 0, 0, 0, 0, 0, 0, 0, 0, 0, 0, 0, 0, 0, 0, 0, 0, 0, 0, 0, 0, 0, 0, 0, 0, 0, 0, 0, 0, 0, 0, 0, 0, 0, : 5, 16, 10, 37, 1, 2, 6, 1, 9, 9, 5, 7, 18, 9, 15, 9, 15, 8, 8, 5, 12, 1, 9, 3, 7, 4, 24, 18, 16, 4, 1, 15, 12, 3, 5, 
13: 5, 22, 22, 11, 1, 16, 8, 10, 1, 25, 1, 2, 2, 12, 3, 11, 11, 4, 11, 12, 3, 4, 16, 3, 11, 14, 11, 3, 6, 16, 9, 12, 18, 12, 6, 1, 3, 6, 3, 2, 4, 10, 3, 8, 5, 4, 2, 27, 28, 1, 2, 1, 10, 7, 4, 5, 1, 5, 26, 13, 32, 14, 5, 4, 12, 11, 5, 0, 0, 0, 0, 0, 0, 0, 0, 0, 0, 0, 0, 0, 0, 0, 0, 0, 0, 0, 0, 0, 0, 0, 0, 0, 0, 0, 0, 0, 0, 0, 0, 0, 0, 0, 0, 0, 0, 0, 0, 0, 0, 0, 0, 0, 0, 0, 0, 0, 0, 0, 0, 0, : 5, 22, 22, 11, 1, 16, 8, 10, 1, 25, 1, 2, 2, 12, 3, 11, 11, 4, 11, 12, 3, 4, 16, 3, 11, 14, 11, 3, 6, 16, 9, 12, 18, 12, 6, 1, 3, 6, 3, 2, 4, 10, 3, 8, 5, 4, 2, 27, 28, 1, 2, 1, 10, 7, 4, 5, 1, 5, 26, 13, 32, 14, 5, 4, 12, 11, 5, 
14: 35, 4, 19, 26, 3, 8, 1, 3, 12, 19, 35, 2, 22, 1, 17, 6, 13, 8, 15, 11, 9, 3, 21, 3, 9, 9, 4, 5, 12, 35, 25, 9, 23, 3, 23, 12, 18, 7, 3, 5, 1, 11, 30, 3, 7, 2, 17, 8, 0, 0, 0, 0, 0, 0, 0, 0, 0, 0, 0, 0, 0, 0, 0, 0, 0, 0, 0, 0, 0, 0, 0, 0, 0, 0, 0, 0, 0, 0, 0, 0, 0, 0, 0, 0, 0, 0, 0, 0, 0, 0, 0, 0, 0, 0, 0, 0, 0, 0, 0, 0, 0, 0, 0, 0, 0, 0, 0, 0, 0, 0, 0, 0, 0, 0, 0, 0, 0, 0, 0, 0, : 35, 4, 19, 26, 3, 8, 1, 3, 12, 19, 35, 2, 22, 1, 17, 6, 13, 8, 15, 11, 9, 3, 21, 3, 9, 9, 4, 5, 12, 35, 25, 9, 23, 3, 23, 12, 18, 7, 3, 5, 1, 11, 30, 3, 7, 2, 17, 8, 
15: 6, 3, 4, 12, 2, 1, 3, 5, 11, 14, 6, 17, 6, 7, 22, 2, 10, 1, 16, 16, 1, 14, 14, 22, 16, 10, 2, 5, 1, 2, 7, 14, 6, 8, 8, 12, 12, 1, 2, 23, 8, 15, 20, 12, 38, 1, 2, 2, 1, 5, 1, 22, 7, 2, 3, 0, 0, 0, 0, 0, 0, 0, 0, 0, 0, 0, 0, 0, 0, 0, 0, 0, 0, 0, 0, 0, 0, 0, 0, 0, 0, 0, 0, 0, 0, 0, 0, 0, 0, 0, 0, 0, 0, 0, 0, 0, 0, 0, 0, 0, 0, 0, 0, 0, 0, 0, 0, 0, 0, 0, 0, 0, 0, 0, 0, 0, 0, 0, 0, 0, : 6, 3, 4, 12, 2, 1, 3, 5, 11, 14, 6, 17, 6, 7, 22, 2, 10, 1, 16, 16, 1, 14, 14, 22, 16, 10, 2, 5, 1, 2, 7, 14, 6, 8, 8, 12, 12, 1, 2, 23, 8, 15, 20, 12, 38, 1, 2, 2, 1, 5, 1, 22, 7, 2, 3, 
16: 10, 3, 12, 12, 30, 6, 1, 8, 3, 1, 10, 16, 27, 6, 4, 6, 10, 21, 3, 6, 2, 5, 1, 18, 11, 21, 9, 5, 2, 1, 1, 10, 15, 1, 19, 2, 2, 5, 16, 11, 2, 1, 3, 1, 2, 2, 21, 18, 19, 0, 0, 0, 0, 0, 0, 0, 0, 0, 0, 0, 0, 0, 0, 0, 0, 0, 0, 0, 0, 0, 0, 0, 0, 0, 0, 0, 0, 0, 0, 0, 0, 0, 0, 0, 0, 0, 0, 0, 0, 0, 0, 0, 0, 0, 0, 0, 0, 0, 0, 0, 0, 0, 0, 0, 0, 0, 0, 0, 0, 0, 0, 0, 0, 0, 0, 0, 0, 0, 0, 0, : 10, 3, 12, 12, 30, 6, 1, 8, 3, 1, 10, 16, 27, 6, 4, 6, 10, 21, 3, 6, 2, 5, 1, 18, 11, 21, 9, 5, 2, 1, 1, 10, 15, 1, 19, 2, 2, 5, 16, 11, 2, 1, 3, 1, 2, 2, 21, 18, 19, 
17: 4, 17, 6, 15, 1, 3, 4, 8, 3, 1, 3, 2, 2, 7, 4, 5, 29, 10, 30, 20, 5, 4, 10, 3, 11, 4, 3, 2, 3, 1, 2, 1, 4, 10, 7, 2, 12, 1, 14, 2, 4, 19, 5, 3, 13, 10, 5, 1, 1, 1, 7, 38, 1, 10, 9, 2, 0, 0, 0, 0, 0, 0, 0, 0, 0, 0, 0, 0, 0, 0, 0, 0, 0, 0, 0, 0, 0, 0, 0, 0, 0, 0, 0, 0, 0, 0, 0, 0, 0, 0, 0, 0, 0, 0, 0, 0, 0, 0, 0, 0, 0, 0, 0, 0, 0, 0, 0, 0, 0, 0, 0, 0, 0, 0, 0, 0, 0, 0, 0, 0, : 4, 17, 6, 15, 1, 3, 4, 8, 3, 1, 3, 2, 2, 7, 4, 5, 29, 10, 30, 20, 5, 4, 10, 3, 11, 4, 3, 2, 3, 1, 2, 1, 4, 10, 7, 2, 12, 1, 14, 2, 4, 19, 5, 3, 13, 10, 5, 1, 1, 1, 7, 38, 1, 10, 9, 2, 
18: 13, 23, 5, 17, 8, 3, 5, 5, 12, 2, 1, 3, 1, 11, 3, 8, 5, 13, 3, 5, 15, 1, 5, 4, 7, 2, 1, 3, 17, 3, 8, 13, 8, 7, 8, 2, 4, 29, 3, 18, 30, 8, 9, 15, 3, 5, 2, 2, 2, 4, 2, 2, 10, 1, 13, 8, 20, 2, 1, 31, 1, 1, 10, 5, 2, 28, 4, 12, 6, 27, 12, 3, 4, 8, 4, 7, 7, 35, 0, 0, 0, 0, 0, 0, 0, 0, 0, 0, 0, 0, 0, 0, 0, 0, 0, 0, 0, 0, 0, 0, 0, 0, 0, 0, 0, 0, 0, 0, 0, 0, 0, 0, 0, 0, 0, 0, 0, 0, 0, 0, : 13, 23, 5, 17, 8, 3, 5, 5, 12, 2, 1, 3, 1, 11, 3, 8, 5, 13, 3, 5, 15, 1, 5, 4, 7, 2, 1, 3, 17, 3, 8, 13, 8, 7, 8, 2, 4, 29, 3, 18, 30, 8, 9, 15, 3, 5, 2, 2, 2, 4, 2, 2, 10, 1, 13, 8, 20, 2, 1, 31, 1, 1, 10, 5, 2, 28, 4, 12, 6, 27, 12, 3, 4, 8, 4, 7, 7, 35, 
19: 13, 5, 11, 10, 3, 4, 2, 12, 1, 1, 2, 11, 7, 10, 2, 37, 24, 2, 21, 6, 1, 1, 5, 8, 2, 3, 5, 8, 9, 1, 18, 1, 1, 26, 7, 1, 1, 6, 11, 3, 7, 39, 8, 15, 27, 6, 1, 12, 3, 10, 1, 3, 3, 4, 2, 3, 2, 21, 32, 17, 7, 5, 17, 14, 2, 6, 11, 0, 0, 0, 0, 0, 0, 0, 0, 0, 0, 0, 0, 0, 0, 0, 0, 0, 0, 0, 0, 0, 0, 0, 0, 0, 0, 0, 0, 0, 0, 0, 0, 0, 0, 0, 0, 0, 0, 0, 0, 0, 0, 0, 0, 0, 0, 0, 0, 0, 0, 0, 0, 0, : 13, 5, 11, 10, 3, 4, 2, 12, 1, 1, 2, 11, 7, 10, 2, 37, 24, 2, 21, 6, 1, 1, 5, 8, 2, 3, 5, 8, 9, 1, 18, 1, 1, 26, 7, 1, 1, 6, 11, 3, 7, 39, 8, 15, 27, 6, 1, 12, 3, 10, 1, 3, 3, 4, 2, 3, 2, 21, 32, 17, 7, 5, 17, 14, 2, 6, 11, 
20: 6, 5, 1, 2, 15, 2, 4, 13, 9, 7, 6, 6, 1, 1, 16, 3, 6, 3, 6, 3, 8, 1, 3, 3, 6, 4, 8, 13, 4, 1, 22, 5, 2, 3, 1, 3, 2, 2, 14, 4, 28, 14, 28, 9, 2, 6, 1, 2, 13, 11, 34, 22, 9, 3, 1, 4, 32, 3, 2, 1, 7, 20, 16, 0, 0, 0, 0, 0, 0, 0, 0, 0, 0, 0, 0, 0, 0, 0, 0, 0, 0, 0, 0, 0, 0, 0, 0, 0, 0, 0, 0, 0, 0, 0, 0, 0, 0, 0, 0, 0, 0, 0, 0, 0, 0, 0, 0, 0, 0, 0, 0, 0, 0, 0, 0, 0, 0, 0, 0, 0, : 6, 5, 1, 2, 15, 2, 4, 13, 9, 7, 6, 6, 1, 1, 16, 3, 6, 3, 6, 3, 8, 1, 3, 3, 6, 4, 8, 13, 4, 1, 22, 5, 2, 3, 1, 3, 2, 2, 14, 4, 28, 14, 28, 9, 2, 6, 1, 2, 13, 11, 34, 22, 9, 3, 1, 4, 32, 3, 2, 1, 7, 20, 16, 
21: 3, 2, 7, 1, 8, 8, 1, 17, 11, 1, 20, 2, 2, 3, 5, 8, 19, 2, 2, 2, 8, 2, 1, 2, 25, 19, 28, 9, 19, 7, 2, 1, 20, 7, 8, 3, 12, 12, 1, 10, 4, 7, 5, 2, 7, 11, 1, 6, 6, 7, 33, 15, 7, 2, 2, 4, 20, 2, 7, 1, 12, 0, 0, 0, 0, 0, 0, 0, 0, 0, 0, 0, 0, 0, 0, 0, 0, 0, 0, 0, 0, 0, 0, 0, 0, 0, 0, 0, 0, 0, 0, 0, 0, 0, 0, 0, 0, 0, 0, 0, 0, 0, 0, 0, 0, 0, 0, 0, 0, 0, 0, 0, 0, 0, 0, 0, 0, 0, 0, 0, : 3, 2, 7, 1, 8, 8, 1, 17, 11, 1, 20, 2, 2, 3, 5, 8, 19, 2, 2, 2, 8, 2, 1, 2, 25, 19, 28, 9, 19, 7, 2, 1, 20, 7, 8, 3, 12, 12, 1, 10, 4, 7, 5, 2, 7, 11, 1, 6, 6, 7, 33, 15, 7, 2, 2, 4, 20, 2, 7, 1, 12, 
22: 1, 24, 8, 1, 8, 13, 1, 2, 12, 2, 17, 2, 1, 6, 1, 1, 1, 1, 7, 3, 1, 3, 6, 1, 4, 11, 2, 4, 1, 1, 3, 7, 2, 13, 3, 3, 2, 1, 0, 0, 0, 0, 0, 0, 0, 0, 0, 0, 0, 0, 0, 0, 0, 0, 0, 0, 0, 0, 0, 0, 0, 0, 0, 0, 0, 0, 0, 0, 0, 0, 0, 0, 0, 0, 0, 0, 0, 0, 0, 0, 0, 0, 0, 0, 0, 0, 0, 0, 0, 0, 0, 0, 0, 0, 0, 0, 0, 0, 0, 0, 0, 0, 0, 0, 0, 0, 0, 0, 0, 0, 0, 0, 0, 0, 0, 0, 0, 0, 0, 0, : 1, 24, 8, 1, 8, 13, 1, 2, 12, 2, 17, 2, 1, 6, 1, 1, 1, 1, 7, 3, 1, 3, 6, 1, 4, 11, 2, 4, 1, 1, 3, 7, 2, 13, 3, 3, 2, 1, 
23: 2, 5, 5, 2, 19, 12, 28, 1, 9, 1, 20, 8, 1, 13, 4, 1, 3, 10, 2, 7, 16, 1, 6, 5, 4, 4, 1, 20, 6, 2, 20, 22, 17, 13, 6, 7, 12, 4, 21, 1, 15, 8, 1, 15, 1, 25, 7, 4, 16, 3, 15, 29, 5, 4, 25, 1, 1, 16, 2, 1, 6, 2, 27, 0, 0, 0, 0, 0, 0, 0, 0, 0, 0, 0, 0, 0, 0, 0, 0, 0, 0, 0, 0, 0, 0, 0, 0, 0, 0, 0, 0, 0, 0, 0, 0, 0, 0, 0, 0, 0, 0, 0, 0, 0, 0, 0, 0, 0, 0, 0, 0, 0, 0, 0, 0, 0, 0, 0, 0, 0, : 2, 5, 5, 2, 19, 12, 28, 1, 9, 1, 20, 8, 1, 13, 4, 1, 3, 10, 2, 7, 16, 1, 6, 5, 4, 4, 1, 20, 6, 2, 20, 22, 17, 13, 6, 7, 12, 4, 21, 1, 15, 8, 1, 15, 1, 25, 7, 4, 16, 3, 15, 29, 5, 4, 25, 1, 1, 16, 2, 1, 6, 2, 27, 
24: 5, 1, 3, 2, 2, 25, 28, 3, 1, 2, 9, 7, 21, 4, 5, 3, 6, 3, 12, 13, 7, 1, 11, 6, 9, 15, 2, 2, 22, 13, 3, 1, 9, 4, 10, 9, 11, 5, 6, 1, 2, 3, 11, 21, 12, 5, 12, 2, 6, 4, 13, 12, 4, 6, 2, 4, 2, 14, 6, 15, 16, 2, 2, 3, 2, 6, 2, 9, 0, 0, 0, 0, 0, 0, 0, 0, 0, 0, 0, 0, 0, 0, 0, 0, 0, 0, 0, 0, 0, 0, 0, 0, 0, 0, 0, 0, 0, 0, 0, 0, 0, 0, 0, 0, 0, 0, 0, 0, 0, 0, 0, 0, 0, 0, 0, 0, 0, 0, 0, 0, : 5, 1, 3, 2, 2, 25, 28, 3, 1, 2, 9, 7, 21, 4, 5, 3, 6, 3, 12, 13, 7, 1, 11, 6, 9, 15, 2, 2, 22, 13, 3, 1, 9, 4, 10, 9, 11, 5, 6, 1, 2, 3, 11, 21, 12, 5, 12, 2, 6, 4, 13, 12, 4, 6, 2, 4, 2, 14, 6, 15, 16, 2, 2, 3, 2, 6, 2, 9, 
25: 3, 9, 14, 3, 11, 7, 17, 3, 1, 18, 1, 12, 6, 14, 1, 7, 9, 1, 20, 2, 4, 4, 4, 8, 2, 14, 30, 5, 26, 15, 4, 14, 10, 7, 17, 9, 10, 18, 19, 27, 3, 2, 30, 3, 1, 2, 2, 10, 1, 3, 13, 2, 5, 31, 5, 3, 0, 0, 0, 0, 0, 0, 0, 0, 0, 0, 0, 0, 0, 0, 0, 0, 0, 0, 0, 0, 0, 0, 0, 0, 0, 0, 0, 0, 0, 0, 0, 0, 0, 0, 0, 0, 0, 0, 0, 0, 0, 0, 0, 0, 0, 0, 0, 0, 0, 0, 0, 0, 0, 0, 0, 0, 0, 0, 0, 0, 0, 0, 0, 0, : 3, 9, 14, 3, 11, 7, 17, 3, 1, 18, 1, 12, 6, 14, 1, 7, 9, 1, 20, 2, 4, 4, 4, 8, 2, 14, 30, 5, 26, 15, 4, 14, 10, 7, 17, 9, 10, 18, 19, 27, 3, 2, 30, 3, 1, 2, 2, 10, 1, 3, 13, 2, 5, 31, 5, 3, 
26: 7, 2, 7, 15, 11, 2, 5, 5, 2, 6, 3, 16, 5, 4, 6, 11, 1, 12, 5, 4, 6, 1, 21, 8, 2, 3, 16, 9, 6, 2, 2, 31, 1, 3, 6, 3, 9, 5, 1, 11, 7, 3, 7, 25, 3, 2, 1, 8, 2, 14, 20, 1, 7, 8, 1, 1, 1, 1, 11, 3, 10, 20, 1, 9, 20, 9, 1, 14, 6, 11, 15, 3, 11, 1, 4, 15, 12, 19, 2, 2, 3, 3, 5, 4, 2, 6, 4, 6, 2, 14, 12, 21, 2, 12, 18, 6, 9, 0, 0, 0, 0, 0, 0, 0, 0, 0, 0, 0, 0, 0, 0, 0, 0, 0, 0, 0, 0, 0, 0, 0, : 7, 2, 7, 15, 11, 2, 5, 5, 2, 6, 3, 16, 5, 4, 6, 11, 1, 12, 5, 4, 6, 1, 21, 8, 2, 3, 16, 9, 6, 2, 2, 31, 1, 3, 6, 3, 9, 5, 1, 11, 7, 3, 7, 25, 3, 2, 1, 8, 2, 14, 20, 1, 7, 8, 1, 1, 1, 1, 11, 3, 10, 20, 1, 9, 20, 9, 1, 14, 6, 11, 15, 3, 11, 1, 4, 15, 12, 19, 2, 2, 3, 3, 5, 4, 2, 6, 4, 6, 2, 14, 12, 21, 2, 12, 18, 6, 9, 
27: 6, 10, 2, 17, 10, 7, 3, 7, 6, 2, 1, 16, 10, 5, 15, 24, 18, 5, 2, 1, 2, 32, 26, 8, 12, 2, 5, 3, 14, 1, 2, 7, 9, 2, 9, 10, 3, 6, 26, 8, 14, 15, 2, 3, 15, 1, 9, 28, 1, 6, 8, 6, 1, 8, 2, 5, 15, 7, 14, 34, 5, 14, 6, 2, 24, 3, 13, 0, 0, 0, 0, 0, 0, 0, 0, 0, 0, 0, 0, 0, 0, 0, 0, 0, 0, 0, 0, 0, 0, 0, 0, 0, 0, 0, 0, 0, 0, 0, 0, 0, 0, 0, 0, 0, 0, 0, 0, 0, 0, 0, 0, 0, 0, 0, 0, 0, 0, 0, 0, 0, : 6, 10, 2, 17, 10, 7, 3, 7, 6, 2, 1, 16, 10, 5, 15, 24, 18, 5, 2, 1, 2, 32, 26, 8, 12, 2, 5, 3, 14, 1, 2, 7, 9, 2, 9, 10, 3, 6, 26, 8, 14, 15, 2, 3, 15, 1, 9, 28, 1, 6, 8, 6, 1, 8, 2, 5, 15, 7, 14, 34, 5, 14, 6, 2, 24, 3, 13, 
28: 8, 17, 10, 8, 1, 7, 14, 2, 10, 1, 20, 13, 8, 37, 1, 3, 18, 10, 3, 7, 3, 6, 5, 1, 19, 1, 4, 6, 7, 1, 12, 21, 4, 5, 3, 9, 6, 3, 7, 9, 25, 5, 3, 0, 0, 0, 0, 0, 0, 0, 0, 0, 0, 0, 0, 0, 0, 0, 0, 0, 0, 0, 0, 0, 0, 0, 0, 0, 0, 0, 0, 0, 0, 0, 0, 0, 0, 0, 0, 0, 0, 0, 0, 0, 0, 0, 0, 0, 0, 0, 0, 0, 0, 0, 0, 0, 0, 0, 0, 0, 0, 0, 0, 0, 0, 0, 0, 0, 0, 0, 0, 0, 0, 0, 0, 0, 0, 0, 0, 0, : 8, 17, 10, 8, 1, 7, 14, 2, 10, 1, 20, 13, 8, 37, 1, 3, 18, 10, 3, 7, 3, 6, 5, 1, 19, 1, 4, 6, 7, 1, 12, 21, 4, 5, 3, 9, 6, 3, 7, 9, 25, 5, 3, 
29: 8, 3, 1, 4, 8, 3, 3, 1, 7, 7, 26, 3, 13, 1, 1, 3, 2, 1, 2, 3, 11, 3, 1, 7, 12, 1, 3, 5, 20, 2, 8, 1, 13, 6, 10, 9, 2, 4, 2, 5, 1, 3, 2, 9, 36, 8, 2, 12, 4, 3, 1, 4, 4, 19, 9, 15, 9, 1, 8, 8, 15, 1, 18, 5, 4, 3, 10, 5, 11, 1, 8, 15, 0, 0, 0, 0, 0, 0, 0, 0, 0, 0, 0, 0, 0, 0, 0, 0, 0, 0, 0, 0, 0, 0, 0, 0, 0, 0, 0, 0, 0, 0, 0, 0, 0, 0, 0, 0, 0, 0, 0, 0, 0, 0, 0, 0, 0, 0, 0, 0, : 8, 3, 1, 4, 8, 3, 3, 1, 7, 7, 26, 3, 13, 1, 1, 3, 2, 1, 2, 3, 11, 3, 1, 7, 12, 1, 3, 5, 20, 2, 8, 1, 13, 6, 10, 9, 2, 4, 2, 5, 1, 3, 2, 9, 36, 8, 2, 12, 4, 3, 1, 4, 4, 19, 9, 15, 9, 1, 8, 8, 15, 1, 18, 5, 4, 3, 10, 5, 11, 1, 8, 15, 
30: 1, 5, 7, 4, 1, 8, 24, 6, 3, 3, 3, 11, 3, 5, 8, 4, 10, 13, 22, 1, 4, 6, 1, 12, 2, 2, 8, 12, 1, 2, 4, 18, 4, 3, 2, 2, 19, 7, 16, 2, 1, 3, 16, 1, 1, 14, 9, 1, 6, 5, 3, 3, 1, 9, 5, 8, 1, 24, 2, 19, 10, 4, 17, 2, 11, 6, 5, 15, 23, 5, 14, 3, 2, 0, 0, 0, 0, 0, 0, 0, 0, 0, 0, 0, 0, 0, 0, 0, 0, 0, 0, 0, 0, 0, 0, 0, 0, 0, 0, 0, 0, 0, 0, 0, 0, 0, 0, 0, 0, 0, 0, 0, 0, 0, 0, 0, 0, 0, 0, 0, : 1, 5, 7, 4, 1, 8, 24, 6, 3, 3, 3, 11, 3, 5, 8, 4, 10, 13, 22, 1, 4, 6, 1, 12, 2, 2, 8, 12, 1, 2, 4, 18, 4, 3, 2, 2, 19, 7, 16, 2, 1, 3, 16, 1, 1, 14, 9, 1, 6, 5, 3, 3, 1, 9, 5, 8, 1, 24, 2, 19, 10, 4, 17, 2, 11, 6, 5, 15, 23, 5, 14, 3, 2, 
31: 3, 2, 9, 17, 9, 3, 15, 2, 23, 1, 12, 12, 11, 6, 2, 28, 1, 13, 4, 6, 4, 8, 3, 6, 5, 10, 26, 17, 9, 4, 2, 3, 6, 3, 1, 5, 5, 6, 2, 5, 2, 14, 3, 1, 7, 5, 2, 3, 5, 11, 6, 1, 3, 3, 18, 9, 12, 1, 7, 6, 10, 7, 2, 6, 3, 27, 1, 4, 3, 1, 30, 8, 1, 11, 9, 4, 0, 0, 0, 0, 0, 0, 0, 0, 0, 0, 0, 0, 0, 0, 0, 0, 0, 0, 0, 0, 0, 0, 0, 0, 0, 0, 0, 0, 0, 0, 0, 0, 0, 0, 0, 0, 0, 0, 0, 0, 0, 0, 0, 0, : 3, 2, 9, 17, 9, 3, 15, 2, 23, 1, 12, 12, 11, 6, 2, 28, 1, 13, 4, 6, 4, 8, 3, 6, 5, 10, 26, 17, 9, 4, 2, 3, 6, 3, 1, 5, 5, 6, 2, 5, 2, 14, 3, 1, 7, 5, 2, 3, 5, 11, 6, 1, 3, 3, 18, 9, 12, 1, 7, 6, 10, 7, 2, 6, 3, 27, 1, 4, 3, 1, 30, 8, 1, 11, 9, 4, 
32: 22, 6, 23, 6, 2, 4, 7, 2, 6, 21, 3, 24, 6, 12, 1, 1, 3, 16, 1, 4, 5, 3, 11, 2, 25, 28, 6, 5, 2, 5, 18, 5, 1, 2, 11, 3, 34, 13, 3, 2, 1, 6, 1, 2, 5, 1, 27, 11, 2, 4, 37, 16, 2, 15, 4, 3, 13, 2, 1, 8, 4, 3, 1, 7, 2, 18, 28, 12, 8, 0, 0, 0, 0, 0, 0, 0, 0, 0, 0, 0, 0, 0, 0, 0, 0, 0, 0, 0, 0, 0, 0, 0, 0, 0, 0, 0, 0, 0, 0, 0, 0, 0, 0, 0, 0, 0, 0, 0, 0, 0, 0, 0, 0, 0, 0, 0, 0, 0, 0, 0, : 22, 6, 23, 6, 2, 4, 7, 2, 6, 21, 3, 24, 6, 12, 1, 1, 3, 16, 1, 4, 5, 3, 11, 2, 25, 28, 6, 5, 2, 5, 18, 5, 1, 2, 11, 3, 34, 13, 3, 2, 1, 6, 1, 2, 5, 1, 27, 11, 2, 4, 37, 16, 2, 15, 4, 3, 13, 2, 1, 8, 4, 3, 1, 7, 2, 18, 28, 12, 8, 
33: 5, 35, 1, 22, 7, 3, 3, 28, 6, 8, 23, 5, 10, 25, 10, 15, 10, 3, 1, 8, 5, 27, 9, 12, 2, 23, 5, 32, 4, 7, 4, 16, 3, 6, 7, 1, 1, 13, 3, 27, 8, 19, 8, 7, 15, 15, 19, 1, 16, 17, 2, 11, 7, 17, 13, 3, 4, 1, 17, 2, 13, 17, 2, 1, 11, 10, 31, 0, 0, 0, 0, 0, 0, 0, 0, 0, 0, 0, 0, 0, 0, 0, 0, 0, 0, 0, 0, 0, 0, 0, 0, 0, 0, 0, 0, 0, 0, 0, 0, 0, 0, 0, 0, 0, 0, 0, 0, 0, 0, 0, 0, 0, 0, 0, 0, 0, 0, 0, 0, 0, : 5, 35, 1, 22, 7, 3, 3, 28, 6, 8, 23, 5, 10, 25, 10, 15, 10, 3, 1, 8, 5, 27, 9, 12, 2, 23, 5, 32, 4, 7, 4, 16, 3, 6, 7, 1, 1, 13, 3, 27, 8, 19, 8, 7, 15, 15, 19, 1, 16, 17, 2, 11, 7, 17, 13, 3, 4, 1, 17, 2, 13, 17, 2, 1, 11, 10, 31, 
34: 2, 6, 2, 7, 2, 8, 6, 4, 9, 12, 6, 5, 7, 6, 10, 2, 8, 14, 4, 4, 1, 2, 1, 4, 3, 3, 21, 16, 13, 27, 3, 8, 1, 2, 8, 19, 19, 5, 6, 19, 1, 20, 2, 1, 0, 0, 0, 0, 0, 0, 0, 0, 0, 0, 0, 0, 0, 0, 0, 0, 0, 0, 0, 0, 0, 0, 0, 0, 0, 0, 0, 0, 0, 0, 0, 0, 0, 0, 0, 0, 0, 0, 0, 0, 0, 0, 0, 0, 0, 0, 0, 0, 0, 0, 0, 0, 0, 0, 0, 0, 0, 0, 0, 0, 0, 0, 0, 0, 0, 0, 0, 0, 0, 0, 0, 0, 0, 0, 0, 0, : 2, 6, 2, 7, 2, 8, 6, 4, 9, 12, 6, 5, 7, 6, 10, 2, 8, 14, 4, 4, 1, 2, 1, 4, 3, 3, 21, 16, 13, 27, 3, 8, 1, 2, 8, 19, 19, 5, 6, 19, 1, 20, 2, 1, 
35: 2, 1, 1, 8, 24, 1, 15, 3, 1, 8, 6, 8, 11, 12, 3, 5, 2, 5, 3, 3, 13, 2, 22, 9, 3, 6, 2, 2, 14, 13, 13, 12, 36, 1, 2, 4, 6, 1, 1, 7, 1, 8, 3, 8, 2, 10, 8, 10, 4, 18, 13, 2, 28, 1, 7, 2, 1, 0, 0, 0, 0, 0, 0, 0, 0, 0, 0, 0, 0, 0, 0, 0, 0, 0, 0, 0, 0, 0, 0, 0, 0, 0, 0, 0, 0, 0, 0, 0, 0, 0, 0, 0, 0, 0, 0, 0, 0, 0, 0, 0, 0, 0, 0, 0, 0, 0, 0, 0, 0, 0, 0, 0, 0, 0, 0, 0, 0, 0, 0, 0, : 2, 1, 1, 8, 24, 1, 15, 3, 1, 8, 6, 8, 11, 12, 3, 5, 2, 5, 3, 3, 13, 2, 22, 9, 3, 6, 2, 2, 14, 13, 13, 12, 36, 1, 2, 4, 6, 1, 1, 7, 1, 8, 3, 8, 2, 10, 8, 10, 4, 18, 13, 2, 28, 1, 7, 2, 1, 
36: 21, 11, 23, 3, 17, 25, 3, 13, 1, 3, 12, 2, 19, 4, 21, 12, 16, 12, 2, 26, 3, 11, 3, 1, 5, 4, 11, 6, 16, 12, 1, 10, 1, 2, 2, 6, 6, 2, 8, 2, 2, 13, 14, 4, 5, 4, 0, 0, 0, 0, 0, 0, 0, 0, 0, 0, 0, 0, 0, 0, 0, 0, 0, 0, 0, 0, 0, 0, 0, 0, 0, 0, 0, 0, 0, 0, 0, 0, 0, 0, 0, 0, 0, 0, 0, 0, 0, 0, 0, 0, 0, 0, 0, 0, 0, 0, 0, 0, 0, 0, 0, 0, 0, 0, 0, 0, 0, 0, 0, 0, 0, 0, 0, 0, 0, 0, 0, 0, 0, 0, : 21, 11, 23, 3, 17, 25, 3, 13, 1, 3, 12, 2, 19, 4, 21, 12, 16, 12, 2, 26, 3, 11, 3, 1, 5, 4, 11, 6, 16, 12, 1, 10, 1, 2, 2, 6, 6, 2, 8, 2, 2, 13, 14, 4, 5, 4, 
37: 4, 1, 9, 6, 1, 1, 1, 4, 3, 4, 1, 13, 3, 1, 2, 18, 2, 4, 15, 5, 5, 1, 4, 2, 5, 1, 6, 4, 18, 2, 2, 3, 2, 12, 2, 5, 1, 10, 6, 3, 14, 1, 6, 15, 11, 5, 5, 21, 3, 32, 2, 12, 9, 18, 6, 3, 4, 1, 8, 1, 0, 0, 0, 0, 0, 0, 0, 0, 0, 0, 0, 0, 0, 0, 0, 0, 0, 0, 0, 0, 0, 0, 0, 0, 0, 0, 0, 0, 0, 0, 0, 0, 0, 0, 0, 0, 0, 0, 0, 0, 0, 0, 0, 0, 0, 0, 0, 0, 0, 0, 0, 0, 0, 0, 0, 0, 0, 0, 0, 0, : 4, 1, 9, 6, 1, 1, 1, 4, 3, 4, 1, 13, 3, 1, 2, 18, 2, 4, 15, 5, 5, 1, 4, 2, 5, 1, 6, 4, 18, 2, 2, 3, 2, 12, 2, 5, 1, 10, 6, 3, 14, 1, 6, 15, 11, 5, 5, 21, 3, 32, 2, 12, 9, 18, 6, 3, 4, 1, 8, 1, 
38: 1, 1, 11, 9, 21, 10, 2, 3, 1, 4, 6, 7, 8, 11, 8, 11, 5, 11, 1, 5, 2, 1, 1, 17, 1, 14, 11, 10, 9, 2, 8, 7, 5, 6, 26, 2, 5, 6, 10, 14, 3, 1, 2, 2, 1, 2, 10, 3, 25, 13, 7, 4, 1, 12, 21, 2, 2, 7, 7, 5, 11, 17, 1, 25, 13, 3, 30, 6, 17, 22, 1, 8, 12, 0, 0, 0, 0, 0, 0, 0, 0, 0, 0, 0, 0, 0, 0, 0, 0, 0, 0, 0, 0, 0, 0, 0, 0, 0, 0, 0, 0, 0, 0, 0, 0, 0, 0, 0, 0, 0, 0, 0, 0, 0, 0, 0, 0, 0, 0, 0, : 1, 1, 11, 9, 21, 10, 2, 3, 1, 4, 6, 7, 8, 11, 8, 11, 5, 11, 1, 5, 2, 1, 1, 17, 1, 14, 11, 10, 9, 2, 8, 7, 5, 6, 26, 2, 5, 6, 10, 14, 3, 1, 2, 2, 1, 2, 10, 3, 25, 13, 7, 4, 1, 12, 21, 2, 2, 7, 7, 5, 11, 17, 1, 25, 13, 3, 30, 6, 17, 22, 1, 8, 12, 
39: 6, 5, 7, 3, 1, 1, 29, 5, 9, 6, 28, 22, 11, 12, 15, 10, 5, 6, 2, 28, 1, 18, 15, 12, 17, 18, 1, 15, 4, 1, 3, 16, 2, 16, 15, 6, 7, 9, 8, 1, 2, 21, 13, 7, 9, 12, 21, 29, 1, 10, 13, 1, 14, 2, 2, 2, 10, 7, 2, 1, 3, 1, 6, 8, 10, 4, 2, 3, 9, 2, 3, 7, 5, 13, 1, 0, 0, 0, 0, 0, 0, 0, 0, 0, 0, 0, 0, 0, 0, 0, 0, 0, 0, 0, 0, 0, 0, 0, 0, 0, 0, 0, 0, 0, 0, 0, 0, 0, 0, 0, 0, 0, 0, 0, 0, 0, 0, 0, 0, 0, : 6, 5, 7, 3, 1, 1, 29, 5, 9, 6, 28, 22, 11, 12, 15, 10, 5, 6, 2, 28, 1, 18, 15, 12, 17, 18, 1, 15, 4, 1, 3, 16, 2, 16, 15, 6, 7, 9, 8, 1, 2, 21, 13, 7, 9, 12, 21, 29, 1, 10, 13, 1, 14, 2, 2, 2, 10, 7, 2, 1, 3, 1, 6, 8, 10, 4, 2, 3, 9, 2, 3, 7, 5, 13, 1, 
40: 5, 4, 30, 10, 10, 14, 5, 1, 3, 26, 10, 4, 3, 2, 25, 2, 4, 20, 2, 14, 14, 1, 6, 9, 2, 19, 20, 7, 1, 5, 22, 2, 12, 4, 2, 1, 0, 0, 0, 0, 0, 0, 0, 0, 0, 0, 0, 0, 0, 0, 0, 0, 0, 0, 0, 0, 0, 0, 0, 0, 0, 0, 0, 0, 0, 0, 0, 0, 0, 0, 0, 0, 0, 0, 0, 0, 0, 0, 0, 0, 0, 0, 0, 0, 0, 0, 0, 0, 0, 0, 0, 0, 0, 0, 0, 0, 0, 0, 0, 0, 0, 0, 0, 0, 0, 0, 0, 0, 0, 0, 0, 0, 0, 0, 0, 0, 0, 0, 0, 0, : 5, 4, 30, 10, 10, 14, 5, 1, 3, 26, 10, 4, 3, 2, 25, 2, 4, 20, 2, 14, 14, 1, 6, 9, 2, 19, 20, 7, 1, 5, 22, 2, 12, 4, 2, 1, 
41: 25, 8, 6, 1, 1, 9, 3, 1, 1, 16, 11, 15, 1, 3, 9, 2, 5, 2, 1, 1, 3, 1, 1, 8, 1, 10, 6, 2, 10, 1, 2, 12, 18, 3, 19, 9, 12, 9, 2, 2, 2, 6, 1, 26, 3, 0, 0, 0, 0, 0, 0, 0, 0, 0, 0, 0, 0, 0, 0, 0, 0, 0, 0, 0, 0, 0, 0, 0, 0, 0, 0, 0, 0, 0, 0, 0, 0, 0, 0, 0, 0, 0, 0, 0, 0, 0, 0, 0, 0, 0, 0, 0, 0, 0, 0, 0, 0, 0, 0, 0, 0, 0, 0, 0, 0, 0, 0, 0, 0, 0, 0, 0, 0, 0, 0, 0, 0, 0, 0, 0, : 25, 8, 6, 1, 1, 9, 3, 1, 1, 16, 11, 15, 1, 3, 9, 2, 5, 2, 1, 1, 3, 1, 1, 8, 1, 10, 6, 2, 10, 1, 2, 12, 18, 3, 19, 9, 12, 9, 2, 2, 2, 6, 1, 26, 3, 
42: 14, 6, 12, 6, 1, 4, 6, 1, 1, 30, 1, 5, 2, 1, 3, 5, 4, 2, 15, 11, 1, 5, 29, 1, 10, 2, 9, 12, 12, 36, 3, 2, 2, 7, 1, 4, 21, 3, 1, 1, 1, 0, 0, 0, 0, 0, 0, 0, 0, 0, 0, 0, 0, 0, 0, 0, 0, 0, 0, 0, 0, 0, 0, 0, 0, 0, 0, 0, 0, 0, 0, 0, 0, 0, 0, 0, 0, 0, 0, 0, 0, 0, 0, 0, 0, 0, 0, 0, 0, 0, 0, 0, 0, 0, 0, 0, 0, 0, 0, 0, 0, 0, 0, 0, 0, 0, 0, 0, 0, 0, 0, 0, 0, 0, 0, 0, 0, 0, 0, 0, : 14, 6, 12, 6, 1, 4, 6, 1, 1, 30, 1, 5, 2, 1, 3, 5, 4, 2, 15, 11, 1, 5, 29, 1, 10, 2, 9, 12, 12, 36, 3, 2, 2, 7, 1, 4, 21, 3, 1, 1, 1, 
43: 6, 2, 11, 5, 7, 13, 5, 1, 11, 2, 4, 28, 9, 3, 2, 15, 4, 10, 2, 2, 1, 3, 26, 9, 4, 18, 3, 4, 1, 6, 12, 4, 3, 2, 3, 8, 7, 18, 8, 19, 3, 15, 23, 0, 0, 0, 0, 0, 0, 0, 0, 0, 0, 0, 0, 0, 0, 0, 0, 0, 0, 0, 0, 0, 0, 0, 0, 0, 0, 0, 0, 0, 0, 0, 0, 0, 0, 0, 0, 0, 0, 0, 0, 0, 0, 0, 0, 0, 0, 0, 0, 0, 0, 0, 0, 0, 0, 0, 0, 0, 0, 0, 0, 0, 0, 0, 0, 0, 0, 0, 0, 0, 0, 0, 0, 0, 0, 0, 0, 0, : 6, 2, 11, 5, 7, 13, 5, 1, 11, 2, 4, 28, 9, 3, 2, 15, 4, 10, 2, 2, 1, 3, 26, 9, 4, 18, 3, 4, 1, 6, 12, 4, 3, 2, 3, 8, 7, 18, 8, 19, 3, 15, 23, 
44: 3, 7, 14, 1, 1, 32, 7, 4, 15, 14, 14, 12, 4, 2, 5, 23, 1, 1, 21, 17, 13, 7, 3, 19, 17, 4, 17, 1, 37, 3, 13, 1, 6, 4, 6, 10, 5, 3, 1, 5, 4, 6, 14, 10, 9, 8, 2, 19, 19, 4, 30, 8, 0, 0, 0, 0, 0, 0, 0, 0, 0, 0, 0, 0, 0, 0, 0, 0, 0, 0, 0, 0, 0, 0, 0, 0, 0, 0, 0, 0, 0, 0, 0, 0, 0, 0, 0, 0, 0, 0, 0, 0, 0, 0, 0, 0, 0, 0, 0, 0, 0, 0, 0, 0, 0, 0, 0, 0, 0, 0, 0, 0, 0, 0, 0, 0, 0, 0, 0, 0, : 3, 7, 14, 1, 1, 32, 7, 4, 15, 14, 14, 12, 4, 2, 5, 23, 1, 1, 21, 17, 13, 7, 3, 19, 17, 4, 17, 1, 37, 3, 13, 1, 6, 4, 6, 10, 5, 3, 1, 5, 4, 6, 14, 10, 9, 8, 2, 19, 19, 4, 30, 8, 
45: 3, 13, 2, 13, 1, 9, 3, 27, 6, 1, 2, 21, 9, 2, 2, 22, 3, 5, 3, 7, 26, 1, 1, 3, 2, 9, 2, 7, 5, 2, 3, 4, 1, 2, 9, 13, 16, 7, 1, 3, 20, 10, 3, 30, 4, 2, 19, 10, 6, 5, 21, 2, 20, 14, 0, 0, 0, 0, 0, 0, 0, 0, 0, 0, 0, 0, 0, 0, 0, 0, 0, 0, 0, 0, 0, 0, 0, 0, 0, 0, 0, 0, 0, 0, 0, 0, 0, 0, 0, 0, 0, 0, 0, 0, 0, 0, 0, 0, 0, 0, 0, 0, 0, 0, 0, 0, 0, 0, 0, 0, 0, 0, 0, 0, 0, 0, 0, 0, 0, 0, : 3, 13, 2, 13, 1, 9, 3, 27, 6, 1, 2, 21, 9, 2, 2, 22, 3, 5, 3, 7, 26, 1, 1, 3, 2, 9, 2, 7, 5, 2, 3, 4, 1, 2, 9, 13, 16, 7, 1, 3, 20, 10, 3, 30, 4, 2, 19, 10, 6, 5, 21, 2, 20, 14, 
46: 3, 14, 2, 23, 1, 6, 5, 31, 13, 23, 4, 4, 25, 15, 4, 1, 21, 9, 17, 17, 24, 5, 2, 6, 13, 1, 17, 36, 19, 11, 3, 3, 3, 2, 5, 5, 2, 13, 2, 37, 2, 14, 5, 3, 3, 16, 12, 5, 1, 23, 11, 11, 0, 0, 0, 0, 0, 0, 0, 0, 0, 0, 0, 0, 0, 0, 0, 0, 0, 0, 0, 0, 0, 0, 0, 0, 0, 0, 0, 0, 0, 0, 0, 0, 0, 0, 0, 0, 0, 0, 0, 0, 0, 0, 0, 0, 0, 0, 0, 0, 0, 0, 0, 0, 0, 0, 0, 0, 0, 0, 0, 0, 0, 0, 0, 0, 0, 0, 0, 0, : 3, 14, 2, 23, 1, 6, 5, 31, 13, 23, 4, 4, 25, 15, 4, 1, 21, 9, 17, 17, 24, 5, 2, 6, 13, 1, 17, 36, 19, 11, 3, 3, 3, 2, 5, 5, 2, 13, 2, 37, 2, 14, 5, 3, 3, 16, 12, 5, 1, 23, 11, 11, 
47: 3, 1, 7, 3, 3, 7, 3, 8, 5, 6, 3, 21, 8, 7, 2, 22, 3, 9, 2, 3, 10, 7, 25, 33, 2, 22, 11, 3, 2, 1, 1, 6, 11, 1, 9, 5, 12, 1, 16, 15, 3, 35, 3, 7, 1, 0, 0, 0, 0, 0, 0, 0, 0, 0, 0, 0, 0, 0, 0, 0, 0, 0, 0, 0, 0, 0, 0, 0, 0, 0, 0, 0, 0, 0, 0, 0, 0, 0, 0, 0, 0, 0, 0, 0, 0, 0, 0, 0, 0, 0, 0, 0, 0, 0, 0, 0, 0, 0, 0, 0, 0, 0, 0, 0, 0, 0, 0, 0, 0, 0, 0, 0, 0, 0, 0, 0, 0, 0, 0, 0, : 3, 1, 7, 3, 3, 7, 3, 8, 5, 6, 3, 21, 8, 7, 2, 22, 3, 9, 2, 3, 10, 7, 25, 33, 2, 22, 11, 3, 2, 1, 1, 6, 11, 1, 9, 5, 12, 1, 16, 15, 3, 35, 3, 7, 1, 
48: 3, 13, 7, 14, 2, 1, 5, 1, 7, 1, 6, 24, 11, 19, 2, 1, 14, 1, 6, 5, 19, 30, 1, 1, 11, 1, 8, 13, 9, 17, 4, 2, 4, 1, 2, 5, 32, 17, 1, 10, 3, 2, 3, 2, 5, 3, 2, 19, 12, 25, 5, 9, 2, 1, 3, 3, 11, 20, 3, 3, 7, 3, 9, 5, 4, 1, 6, 16, 37, 1, 17, 19, 5, 15, 1, 12, 11, 3, 13, 0, 0, 0, 0, 0, 0, 0, 0, 0, 0, 0, 0, 0, 0, 0, 0, 0, 0, 0, 0, 0, 0, 0, 0, 0, 0, 0, 0, 0, 0, 0, 0, 0, 0, 0, 0, 0, 0, 0, 0, 0, : 3, 13, 7, 14, 2, 1, 5, 1, 7, 1, 6, 24, 11, 19, 2, 1, 14, 1, 6, 5, 19, 30, 1, 1, 11, 1, 8, 13, 9, 17, 4, 2, 4, 1, 2, 5, 32, 17, 1, 10, 3, 2, 3, 2, 5, 3, 2, 19, 12, 25, 5, 9, 2, 1, 3, 3, 11, 20, 3, 3, 7, 3, 9, 5, 4, 1, 6, 16, 37, 1, 17, 19, 5, 15, 1, 12, 11, 3, 13, 
49: 5, 2, 1, 1, 4, 8, 1, 3, 2, 20, 3, 11, 11, 7, 3, 30, 3, 5, 15, 7, 8, 6, 2, 2, 25, 5, 1, 2, 2, 10, 1, 14, 16, 2, 2, 21, 17, 11, 3, 2, 11, 2, 1, 15, 6, 2, 28, 1, 9, 22, 1, 5, 0, 0, 0, 0, 0, 0, 0, 0, 0, 0, 0, 0, 0, 0, 0, 0, 0, 0, 0, 0, 0, 0, 0, 0, 0, 0, 0, 0, 0, 0, 0, 0, 0, 0, 0, 0, 0, 0, 0, 0, 0, 0, 0, 0, 0, 0, 0, 0, 0, 0, 0, 0, 0, 0, 0, 0, 0, 0, 0, 0, 0, 0, 0, 0, 0, 0, 0, 0, : 5, 2, 1, 1, 4, 8, 1, 3, 2, 20, 3, 11, 11, 7, 3, 30, 3, 5, 15, 7, 8, 6, 2, 2, 25, 5, 1, 2, 2, 10, 1, 14, 16, 2, 2, 21, 17, 11, 3, 2, 11, 2, 1, 15, 6, 2, 28, 1, 9, 22, 1, 5, 
50: 20, 11, 7, 16, 25, 3, 10, 1, 4, 7, 3, 18, 21, 8, 10, 1, 1, 9, 23, 3, 14, 2, 2, 18, 9, 1, 2, 19, 2, 14, 28, 5, 10, 7, 1, 7, 20, 1, 10, 19, 4, 2, 3, 6, 1, 7, 17, 2, 23, 7, 3, 4, 10, 7, 10, 1, 15, 16, 6, 2, 1, 0, 0, 0, 0, 0, 0, 0, 0, 0, 0, 0, 0, 0, 0, 0, 0, 0, 0, 0, 0, 0, 0, 0, 0, 0, 0, 0, 0, 0, 0, 0, 0, 0, 0, 0, 0, 0, 0, 0, 0, 0, 0, 0, 0, 0, 0, 0, 0, 0, 0, 0, 0, 0, 0, 0, 0, 0, 0, 0, : 20, 11, 7, 16, 25, 3, 10, 1, 4, 7, 3, 18, 21, 8, 10, 1, 1, 9, 23, 3, 14, 2, 2, 18, 9, 1, 2, 19, 2, 14, 28, 5, 10, 7, 1, 7, 20, 1, 10, 19, 4, 2, 3, 6, 1, 7, 17, 2, 23, 7, 3, 4, 10, 7, 10, 1, 15, 16, 6, 2, 1, 
51: 8, 26, 3, 6, 3, 8, 17, 8, 4, 8, 5, 17, 1, 11, 3, 35, 17, 14, 5, 1, 20, 1, 5, 10, 15, 14, 2, 11, 2, 1, 22, 13, 7, 27, 7, 1, 7, 11, 7, 1, 3, 12, 2, 14, 3, 4, 5, 3, 10, 30, 13, 5, 5, 1, 13, 2, 22, 2, 8, 1, 1, 3, 14, 4, 2, 7, 4, 8, 4, 2, 0, 0, 0, 0, 0, 0, 0, 0, 0, 0, 0, 0, 0, 0, 0, 0, 0, 0, 0, 0, 0, 0, 0, 0, 0, 0, 0, 0, 0, 0, 0, 0, 0, 0, 0, 0, 0, 0, 0, 0, 0, 0, 0, 0, 0, 0, 0, 0, 0, 0, : 8, 26, 3, 6, 3, 8, 17, 8, 4, 8, 5, 17, 1, 11, 3, 35, 17, 14, 5, 1, 20, 1, 5, 10, 15, 14, 2, 11, 2, 1, 22, 13, 7, 27, 7, 1, 7, 11, 7, 1, 3, 12, 2, 14, 3, 4, 5, 3, 10, 30, 13, 5, 5, 1, 13, 2, 22, 2, 8, 1, 1, 3, 14, 4, 2, 7, 4, 8, 4, 2, 
52: 15, 7, 8, 2, 9, 24, 3, 9, 15, 2, 22, 9, 6, 1, 3, 5, 5, 18, 2, 5, 5, 13, 5, 10, 18, 10, 2, 14, 1, 28, 20, 16, 14, 2, 1, 7, 4, 7, 19, 20, 1, 1, 1, 2, 26, 9, 15, 3, 6, 3, 3, 4, 6, 5, 18, 7, 0, 0, 0, 0, 0, 0, 0, 0, 0, 0, 0, 0, 0, 0, 0, 0, 0, 0, 0, 0, 0, 0, 0, 0, 0, 0, 0, 0, 0, 0, 0, 0, 0, 0, 0, 0, 0, 0, 0, 0, 0, 0, 0, 0, 0, 0, 0, 0, 0, 0, 0, 0, 0, 0, 0, 0, 0, 0, 0, 0, 0, 0, 0, 0, : 15, 7, 8, 2, 9, 24, 3, 9, 15, 2, 22, 9, 6, 1, 3, 5, 5, 18, 2, 5, 5, 13, 5, 10, 18, 10, 2, 14, 1, 28, 20, 16, 14, 2, 1, 7, 4, 7, 19, 20, 1, 1, 1, 2, 26, 9, 15, 3, 6, 3, 3, 4, 6, 5, 18, 7, 
53: 22, 18, 3, 11, 1, 13, 26, 14, 29, 1, 3, 5, 25, 10, 5, 35, 2, 15, 1, 9, 6, 5, 33, 13, 1, 8, 2, 3, 8, 20, 2, 11, 1, 10, 3, 2, 5, 4, 19, 2, 2, 3, 1, 6, 3, 15, 2, 5, 6, 1, 1, 2, 31, 5, 6, 4, 1, 1, 20, 2, 2, 1, 12, 0, 0, 0, 0, 0, 0, 0, 0, 0, 0, 0, 0, 0, 0, 0, 0, 0, 0, 0, 0, 0, 0, 0, 0, 0, 0, 0, 0, 0, 0, 0, 0, 0, 0, 0, 0, 0, 0, 0, 0, 0, 0, 0, 0, 0, 0, 0, 0, 0, 0, 0, 0, 0, 0, 0, 0, 0, : 22, 18, 3, 11, 1, 13, 26, 14, 29, 1, 3, 5, 25, 10, 5, 35, 2, 15, 1, 9, 6, 5, 33, 13, 1, 8, 2, 3, 8, 20, 2, 11, 1, 10, 3, 2, 5, 4, 19, 2, 2, 3, 1, 6, 3, 15, 2, 5, 6, 1, 1, 2, 31, 5, 6, 4, 1, 1, 20, 2, 2, 1, 12, 
54: 9, 2, 4, 3, 1, 1, 5, 10, 5, 6, 4, 7, 1, 1, 6, 3, 1, 5, 1, 7, 11, 3, 4, 3, 6, 28, 5, 1, 1, 1, 10, 5, 21, 10, 11, 20, 3, 3, 15, 10, 7, 26, 1, 7, 6, 18, 12, 12, 12, 1, 1, 18, 12, 2, 9, 23, 10, 15, 14, 5, 8, 13, 0, 0, 0, 0, 0, 0, 0, 0, 0, 0, 0, 0, 0, 0, 0, 0, 0, 0, 0, 0, 0, 0, 0, 0, 0, 0, 0, 0, 0, 0, 0, 0, 0, 0, 0, 0, 0, 0, 0, 0, 0, 0, 0, 0, 0, 0, 0, 0, 0, 0, 0, 0, 0, 0, 0, 0, 0, 0, : 9, 2, 4, 3, 1, 1, 5, 10, 5, 6, 4, 7, 1, 1, 6, 3, 1, 5, 1, 7, 11, 3, 4, 3, 6, 28, 5, 1, 1, 1, 10, 5, 21, 10, 11, 20, 3, 3, 15, 10, 7, 26, 1, 7, 6, 18, 12, 12, 12, 1, 1, 18, 12, 2, 9, 23, 10, 15, 14, 5, 8, 13, 
55: 7, 10, 7, 1, 3, 17, 2, 12, 2, 2, 5, 9, 8, 16, 1, 2, 6, 4, 14, 2, 8, 2, 23, 12, 6, 7, 17, 23, 24, 6, 9, 2, 2, 3, 33, 11, 18, 30, 8, 1, 0, 0, 0, 0, 0, 0, 0, 0, 0, 0, 0, 0, 0, 0, 0, 0, 0, 0, 0, 0, 0, 0, 0, 0, 0, 0, 0, 0, 0, 0, 0, 0, 0, 0, 0, 0, 0, 0, 0, 0, 0, 0, 0, 0, 0, 0, 0, 0, 0, 0, 0, 0, 0, 0, 0, 0, 0, 0, 0, 0, 0, 0, 0, 0, 0, 0, 0, 0, 0, 0, 0, 0, 0, 0, 0, 0, 0, 0, 0, 0, : 7, 10, 7, 1, 3, 17, 2, 12, 2, 2, 5, 9, 8, 16, 1, 2, 6, 4, 14, 2, 8, 2, 23, 12, 6, 7, 17, 23, 24, 6, 9, 2, 2, 3, 33, 11, 18, 30, 8, 1, 
56: 1, 5, 1, 7, 2, 5, 12, 5, 12, 17, 2, 4, 3, 16, 3, 1, 3, 7, 7, 4, 10, 14, 6, 4, 2, 1, 11, 3, 10, 4, 7, 21, 4, 10, 1, 3, 11, 1, 2, 4, 2, 15, 18, 5, 1, 22, 26, 10, 15, 5, 3, 1, 11, 0, 0, 0, 0, 0, 0, 0, 0, 0, 0, 0, 0, 0, 0, 0, 0, 0, 0, 0, 0, 0, 0, 0, 0, 0, 0, 0, 0, 0, 0, 0, 0, 0, 0, 0, 0, 0, 0, 0, 0, 0, 0, 0, 0, 0, 0, 0, 0, 0, 0, 0, 0, 0, 0, 0, 0, 0, 0, 0, 0, 0, 0, 0, 0, 0, 0, 0, : 1, 5, 1, 7, 2, 5, 12, 5, 12, 17, 2, 4, 3, 16, 3, 1, 3, 7, 7, 4, 10, 14, 6, 4, 2, 1, 11, 3, 10, 4, 7, 21, 4, 10, 1, 3, 11, 1, 2, 4, 2, 15, 18, 5, 1, 22, 26, 10, 15, 5, 3, 1, 11, 
57: 4, 3, 9, 4, 1, 2, 27, 9, 2, 1, 6, 13, 8, 7, 5, 9, 9, 3, 8, 7, 2, 5, 23, 2, 5, 7, 1, 3, 1, 22, 26, 18, 10, 11, 10, 17, 12, 4, 6, 17, 39, 2, 9, 30, 21, 0, 0, 0, 0, 0, 0, 0, 0, 0, 0, 0, 0, 0, 0, 0, 0, 0, 0, 0, 0, 0, 0, 0, 0, 0, 0, 0, 0, 0, 0, 0, 0, 0, 0, 0, 0, 0, 0, 0, 0, 0, 0, 0, 0, 0, 0, 0, 0, 0, 0, 0, 0, 0, 0, 0, 0, 0, 0, 0, 0, 0, 0, 0, 0, 0, 0, 0, 0, 0, 0, 0, 0, 0, 0, 0, : 4, 3, 9, 4, 1, 2, 27, 9, 2, 1, 6, 13, 8, 7, 5, 9, 9, 3, 8, 7, 2, 5, 23, 2, 5, 7, 1, 3, 1, 22, 26, 18, 10, 11, 10, 17, 12, 4, 6, 17, 39, 2, 9, 30, 21, 
58: 22, 35, 1, 8, 21, 8, 10, 4, 12, 11, 5, 3, 4, 24, 31, 3, 3, 3, 2, 6, 2, 2, 17, 7, 1, 3, 7, 5, 6, 21, 38, 1, 13, 15, 1, 18, 1, 1, 14, 2, 1, 3, 1, 6, 8, 11, 7, 2, 1, 4, 1, 2, 3, 13, 0, 0, 0, 0, 0, 0, 0, 0, 0, 0, 0, 0, 0, 0, 0, 0, 0, 0, 0, 0, 0, 0, 0, 0, 0, 0, 0, 0, 0, 0, 0, 0, 0, 0, 0, 0, 0, 0, 0, 0, 0, 0, 0, 0, 0, 0, 0, 0, 0, 0, 0, 0, 0, 0, 0, 0, 0, 0, 0, 0, 0, 0, 0, 0, 0, 0, : 22, 35, 1, 8, 21, 8, 10, 4, 12, 11, 5, 3, 4, 24, 31, 3, 3, 3, 2, 6, 2, 2, 17, 7, 1, 3, 7, 5, 6, 21, 38, 1, 13, 15, 1, 18, 1, 1, 14, 2, 1, 3, 1, 6, 8, 11, 7, 2, 1, 4, 1, 2, 3, 13, 
59: 4, 5, 15, 19, 4, 10, 2, 2, 1, 1, 5, 16, 15, 11, 4, 16, 29, 2, 1, 1, 33, 1, 4, 13, 2, 3, 14, 1, 1, 2, 1, 2, 1, 1, 2, 2, 5, 12, 1, 8, 7, 9, 3, 12, 3, 4, 4, 3, 26, 2, 11, 8, 6, 4, 3, 7, 1, 1, 27, 1, 0, 0, 0, 0, 0, 0, 0, 0, 0, 0, 0, 0, 0, 0, 0, 0, 0, 0, 0, 0, 0, 0, 0, 0, 0, 0, 0, 0, 0, 0, 0, 0, 0, 0, 0, 0, 0, 0, 0, 0, 0, 0, 0, 0, 0, 0, 0, 0, 0, 0, 0, 0, 0, 0, 0, 0, 0, 0, 0, 0, : 4, 5, 15, 19, 4, 10, 2, 2, 1, 1, 5, 16, 15, 11, 4, 16, 29, 2, 1, 1, 33, 1, 4, 13, 2, 3, 14, 1, 1, 2, 1, 2, 1, 1, 2, 2, 5, 12, 1, 8, 7, 9, 3, 12, 3, 4, 4, 3, 26, 2, 11, 8, 6, 4, 3, 7, 1, 1, 27, 1, 
60: 22, 24, 4, 3, 2, 1, 23, 13, 1, 3, 7, 10, 3, 7, 1, 6, 26, 8, 4, 1, 15, 1, 2, 3, 32, 4, 27, 3, 25, 1, 13, 26, 2, 14, 2, 15, 26, 1, 2, 1, 11, 13, 16, 10, 3, 2, 30, 7, 25, 5, 29, 29, 8, 2, 2, 1, 6, 10, 14, 1, 19, 1, 8, 1, 4, 4, 4, 21, 6, 10, 20, 1, 16, 0, 0, 0, 0, 0, 0, 0, 0, 0, 0, 0, 0, 0, 0, 0, 0, 0, 0, 0, 0, 0, 0, 0, 0, 0, 0, 0, 0, 0, 0, 0, 0, 0, 0, 0, 0, 0, 0, 0, 0, 0, 0, 0, 0, 0, 0, 0, : 22, 24, 4, 3, 2, 1, 23, 13, 1, 3, 7, 10, 3, 7, 1, 6, 26, 8, 4, 1, 15, 1, 2, 3, 32, 4, 27, 3, 25, 1, 13, 26, 2, 14, 2, 15, 26, 1, 2, 1, 11, 13, 16, 10, 3, 2, 30, 7, 25, 5, 29, 29, 8, 2, 2, 1, 6, 10, 14, 1, 19, 1, 8, 1, 4, 4, 4, 21, 6, 10, 20, 1, 16, 
61: 6, 1, 9, 3, 4, 32, 2, 1, 10, 9, 1, 1, 4, 2, 12, 14, 5, 3, 9, 1, 1, 28, 1, 2, 3, 24, 1, 3, 6, 2, 12, 15, 1, 27, 1, 4, 2, 9, 1, 4, 12, 13, 6, 13, 3, 0, 0, 0, 0, 0, 0, 0, 0, 0, 0, 0, 0, 0, 0, 0, 0, 0, 0, 0, 0, 0, 0, 0, 0, 0, 0, 0, 0, 0, 0, 0, 0, 0, 0, 0, 0, 0, 0, 0, 0, 0, 0, 0, 0, 0, 0, 0, 0, 0, 0, 0, 0, 0, 0, 0, 0, 0, 0, 0, 0, 0, 0, 0, 0, 0, 0, 0, 0, 0, 0, 0, 0, 0, 0, 0, : 6, 1, 9, 3, 4, 32, 2, 1, 10, 9, 1, 1, 4, 2, 12, 14, 5, 3, 9, 1, 1, 28, 1, 2, 3, 24, 1, 3, 6, 2, 12, 15, 1, 27, 1, 4, 2, 9, 1, 4, 12, 13, 6, 13, 3, 
62: 4, 6, 5, 4, 2, 6, 17, 28, 2, 4, 11, 13, 28, 4, 15, 4, 21, 3, 21, 20, 13, 1, 2, 1, 2, 9, 5, 9, 3, 2, 4, 1, 5, 1, 19, 4, 4, 2, 1, 3, 2, 12, 24, 2, 2, 4, 10, 8, 4, 22, 6, 11, 1, 1, 6, 4, 12, 2, 1, 3, 17, 8, 32, 1, 23, 5, 1, 2, 10, 4, 12, 1, 13, 6, 4, 13, 0, 0, 0, 0, 0, 0, 0, 0, 0, 0, 0, 0, 0, 0, 0, 0, 0, 0, 0, 0, 0, 0, 0, 0, 0, 0, 0, 0, 0, 0, 0, 0, 0, 0, 0, 0, 0, 0, 0, 0, 0, 0, 0, 0, : 4, 6, 5, 4, 2, 6, 17, 28, 2, 4, 11, 13, 28, 4, 15, 4, 21, 3, 21, 20, 13, 1, 2, 1, 2, 9, 5, 9, 3, 2, 4, 1, 5, 1, 19, 4, 4, 2, 1, 3, 2, 12, 24, 2, 2, 4, 10, 8, 4, 22, 6, 11, 1, 1, 6, 4, 12, 2, 1, 3, 17, 8, 32, 1, 23, 5, 1, 2, 10, 4, 12, 1, 13, 6, 4, 13, 
63: 6, 2, 1, 1, 1, 1, 22, 4, 9, 2, 5, 6, 5, 12, 12, 20, 22, 3, 12, 10, 5, 14, 10, 6, 2, 22, 37, 3, 1, 3, 4, 3, 1, 1, 9, 3, 9, 4, 3, 16, 1, 1, 19, 8, 21, 1, 12, 10, 4, 23, 23, 2, 4, 4, 15, 8, 3, 6, 4, 7, 10, 1, 8, 2, 2, 7, 5, 3, 10, 8, 13, 14, 1, 24, 1, 2, 34, 2, 2, 14, 8, 0, 0, 0, 0, 0, 0, 0, 0, 0, 0, 0, 0, 0, 0, 0, 0, 0, 0, 0, 0, 0, 0, 0, 0, 0, 0, 0, 0, 0, 0, 0, 0, 0, 0, 0, 0, 0, 0, 0, : 6, 2, 1, 1, 1, 1, 22, 4, 9, 2, 5, 6, 5, 12, 12, 20, 22, 3, 12, 10, 5, 14, 10, 6, 2, 22, 37, 3, 1, 3, 4, 3, 1, 1, 9, 3, 9, 4, 3, 16, 1, 1, 19, 8, 21, 1, 12, 10, 4, 23, 23, 2, 4, 4, 15, 8, 3, 6, 4, 7, 10, 1, 8, 2, 2, 7, 5, 3, 10, 8, 13, 14, 1, 24, 1, 2, 34, 2, 2, 14, 8, 
64: 20, 3, 4, 22, 15, 22, 12, 8, 7, 5, 6, 4, 1, 20, 1, 13, 8, 18, 3, 5, 15, 2, 9, 1, 7, 3, 17, 26, 4, 18, 1, 5, 3, 9, 3, 10, 14, 20, 1, 6, 4, 2, 26, 5, 1, 7, 3, 6, 1, 2, 18, 25, 1, 15, 3, 17, 2, 3, 7, 13, 1, 8, 1, 2, 7, 2, 23, 1, 14, 1, 3, 16, 0, 0, 0, 0, 0, 0, 0, 0, 0, 0, 0, 0, 0, 0, 0, 0, 0, 0, 0, 0, 0, 0, 0, 0, 0, 0, 0, 0, 0, 0, 0, 0, 0, 0, 0, 0, 0, 0, 0, 0, 0, 0, 0, 0, 0, 0, 0, 0, : 20, 3, 4, 22, 15, 22, 12, 8, 7, 5, 6, 4, 1, 20, 1, 13, 8, 18, 3, 5, 15, 2, 9, 1, 7, 3, 17, 26, 4, 18, 1, 5, 3, 9, 3, 10, 14, 20, 1, 6, 4, 2, 26, 5, 1, 7, 3, 6, 1, 2, 18, 25, 1, 15, 3, 17, 2, 3, 7, 13, 1, 8, 1, 2, 7, 2, 23, 1, 14, 1, 3, 16, 
65: 4, 11, 1, 9, 7, 6, 18, 6, 1, 7, 1, 1, 22, 1, 3, 18, 7, 10, 1, 2, 24, 4, 1, 2, 1, 21, 8, 9, 1, 2, 3, 24, 28, 1, 6, 30, 5, 20, 11, 3, 18, 17, 8, 25, 6, 8, 22, 18, 6, 1, 11, 5, 8, 17, 25, 3, 5, 12, 5, 6, 17, 24, 4, 25, 5, 2, 23, 1, 19, 8, 1, 22, 7, 1, 10, 9, 31, 37, 7, 16, 2, 0, 0, 0, 0, 0, 0, 0, 0, 0, 0, 0, 0, 0, 0, 0, 0, 0, 0, 0, 0, 0, 0, 0, 0, 0, 0, 0, 0, 0, 0, 0, 0, 0, 0, 0, 0, 0, 0, 0, : 4, 11, 1, 9, 7, 6, 18, 6, 1, 7, 1, 1, 22, 1, 3, 18, 7, 10, 1, 2, 24, 4, 1, 2, 1, 21, 8, 9, 1, 2, 3, 24, 28, 1, 6, 30, 5, 20, 11, 3, 18, 17, 8, 25, 6, 8, 22, 18, 6, 1, 11, 5, 8, 17, 25, 3, 5, 12, 5, 6, 17, 24, 4, 25, 5, 2, 23, 1, 19, 8, 1, 22, 7, 1, 10, 9, 31, 37, 7, 16, 2, 
66: 11, 11, 3, 27, 12, 1, 11, 23, 24, 7, 1, 8, 17, 4, 2, 2, 6, 6, 8, 2, 6, 5, 25, 1, 20, 6, 9, 7, 2, 28, 1, 2, 18, 16, 7, 24, 26, 22, 22, 6, 1, 3, 10, 3, 6, 8, 37, 9, 16, 6, 2, 1, 18, 1, 1, 7, 1, 9, 1, 11, 11, 2, 6, 33, 8, 5, 17, 1, 4, 22, 1, 11, 5, 9, 0, 0, 0, 0, 0, 0, 0, 0, 0, 0, 0, 0, 0, 0, 0, 0, 0, 0, 0, 0, 0, 0, 0, 0, 0, 0, 0, 0, 0, 0, 0, 0, 0, 0, 0, 0, 0, 0, 0, 0, 0, 0, 0, 0, 0, 0, : 11, 11, 3, 27, 12, 1, 11, 23, 24, 7, 1, 8, 17, 4, 2, 2, 6, 6, 8, 2, 6, 5, 25, 1, 20, 6, 9, 7, 2, 28, 1, 2, 18, 16, 7, 24, 26, 22, 22, 6, 1, 3, 10, 3, 6, 8, 37, 9, 16, 6, 2, 1, 18, 1, 1, 7, 1, 9, 1, 11, 11, 2, 6, 33, 8, 5, 17, 1, 4, 22, 1, 11, 5, 9, 
67: 8, 29, 9, 3, 5, 17, 4, 5, 16, 1, 8, 2, 7, 19, 2, 4, 5, 3, 5, 14, 3, 2, 10, 23, 5, 2, 21, 10, 25, 27, 6, 6, 1, 27, 3, 4, 9, 3, 18, 3, 9, 6, 3, 7, 4, 3, 2, 7, 10, 29, 7, 23, 11, 6, 2, 19, 2, 11, 11, 10, 1, 2, 1, 5, 2, 9, 12, 11, 2, 30, 2, 10, 2, 29, 8, 1, 14, 7, 6, 6, 5, 0, 0, 0, 0, 0, 0, 0, 0, 0, 0, 0, 0, 0, 0, 0, 0, 0, 0, 0, 0, 0, 0, 0, 0, 0, 0, 0, 0, 0, 0, 0, 0, 0, 0, 0, 0, 0, 0, 0, : 8, 29, 9, 3, 5, 17, 4, 5, 16, 1, 8, 2, 7, 19, 2, 4, 5, 3, 5, 14, 3, 2, 10, 23, 5, 2, 21, 10, 25, 27, 6, 6, 1, 27, 3, 4, 9, 3, 18, 3, 9, 6, 3, 7, 4, 3, 2, 7, 10, 29, 7, 23, 11, 6, 2, 19, 2, 11, 11, 10, 1, 2, 1, 5, 2, 9, 12, 11, 2, 30, 2, 10, 2, 29, 8, 1, 14, 7, 6, 6, 5, 
68: 37, 26, 24, 9, 8, 2, 6, 16, 1, 2, 5, 6, 9, 12, 21, 3, 5, 12, 2, 1, 3, 14, 19, 7, 24, 5, 7, 17, 10, 2, 18, 9, 31, 15, 1, 3, 1, 2, 1, 7, 6, 2, 8, 4, 11, 8, 11, 2, 23, 12, 17, 2, 1, 5, 9, 5, 19, 2, 12, 4, 17, 7, 25, 4, 1, 9, 4, 3, 4, 0, 0, 0, 0, 0, 0, 0, 0, 0, 0, 0, 0, 0, 0, 0, 0, 0, 0, 0, 0, 0, 0, 0, 0, 0, 0, 0, 0, 0, 0, 0, 0, 0, 0, 0, 0, 0, 0, 0, 0, 0, 0, 0, 0, 0, 0, 0, 0, 0, 0, 0, : 37, 26, 24, 9, 8, 2, 6, 16, 1, 2, 5, 6, 9, 12, 21, 3, 5, 12, 2, 1, 3, 14, 19, 7, 24, 5, 7, 17, 10, 2, 18, 9, 31, 15, 1, 3, 1, 2, 1, 7, 6, 2, 8, 4, 11, 8, 11, 2, 23, 12, 17, 2, 1, 5, 9, 5, 19, 2, 12, 4, 17, 7, 25, 4, 1, 9, 4, 3, 4, 
69: 8, 2, 1, 14, 1, 19, 9, 7, 10, 14, 1, 15, 15, 3, 1, 6, 3, 1, 25, 4, 16, 2, 4, 12, 6, 3, 13, 33, 5, 5, 4, 1, 9, 10, 18, 3, 10, 7, 5, 19, 6, 21, 15, 4, 11, 8, 29, 11, 2, 7, 9, 2, 13, 10, 30, 1, 1, 1, 14, 19, 12, 3, 1, 8, 11, 3, 3, 7, 1, 6, 1, 5, 10, 22, 18, 1, 4, 16, 20, 9, 0, 0, 0, 0, 0, 0, 0, 0, 0, 0, 0, 0, 0, 0, 0, 0, 0, 0, 0, 0, 0, 0, 0, 0, 0, 0, 0, 0, 0, 0, 0, 0, 0, 0, 0, 0, 0, 0, 0, 0, : 8, 2, 1, 14, 1, 19, 9, 7, 10, 14, 1, 15, 15, 3, 1, 6, 3, 1, 25, 4, 16, 2, 4, 12, 6, 3, 13, 33, 5, 5, 4, 1, 9, 10, 18, 3, 10, 7, 5, 19, 6, 21, 15, 4, 11, 8, 29, 11, 2, 7, 9, 2, 13, 10, 30, 1, 1, 1, 14, 19, 12, 3, 1, 8, 11, 3, 3, 7, 1, 6, 1, 5, 10, 22, 18, 1, 4, 16, 20, 9, 
70: 5, 22, 15, 1, 2, 1, 13, 28, 7, 10, 2, 2, 1, 3, 27, 8, 6, 1, 17, 11, 6, 16, 16, 6, 9, 3, 7, 22, 4, 23, 1, 4, 16, 4, 19, 1, 9, 9, 1, 3, 4, 14, 10, 4, 1, 33, 5, 13, 1, 16, 21, 17, 10, 4, 2, 2, 7, 3, 5, 10, 14, 13, 1, 10, 17, 8, 1, 10, 6, 10, 18, 5, 0, 0, 0, 0, 0, 0, 0, 0, 0, 0, 0, 0, 0, 0, 0, 0, 0, 0, 0, 0, 0, 0, 0, 0, 0, 0, 0, 0, 0, 0, 0, 0, 0, 0, 0, 0, 0, 0, 0, 0, 0, 0, 0, 0, 0, 0, 0, 0, : 5, 22, 15, 1, 2, 1, 13, 28, 7, 10, 2, 2, 1, 3, 27, 8, 6, 1, 17, 11, 6, 16, 16, 6, 9, 3, 7, 22, 4, 23, 1, 4, 16, 4, 19, 1, 9, 9, 1, 3, 4, 14, 10, 4, 1, 33, 5, 13, 1, 16, 21, 17, 10, 4, 2, 2, 7, 3, 5, 10, 14, 13, 1, 10, 17, 8, 1, 10, 6, 10, 18, 5, 
71: 11, 8, 1, 15, 3, 3, 10, 7, 1, 4, 1, 9, 5, 2, 27, 1, 1, 7, 1, 2, 3, 1, 11, 9, 3, 13, 17, 1, 19, 14, 5, 11, 7, 4, 4, 6, 1, 2, 3, 21, 1, 11, 1, 4, 2, 1, 20, 25, 2, 2, 6, 11, 6, 2, 5, 3, 15, 14, 2, 3, 12, 14, 2, 4, 0, 0, 0, 0, 0, 0, 0, 0, 0, 0, 0, 0, 0, 0, 0, 0, 0, 0, 0, 0, 0, 0, 0, 0, 0, 0, 0, 0, 0, 0, 0, 0, 0, 0, 0, 0, 0, 0, 0, 0, 0, 0, 0, 0, 0, 0, 0, 0, 0, 0, 0, 0, 0, 0, 0, 0, : 11, 8, 1, 15, 3, 3, 10, 7, 1, 4, 1, 9, 5, 2, 27, 1, 1, 7, 1, 2, 3, 1, 11, 9, 3, 13, 17, 1, 19, 14, 5, 11, 7, 4, 4, 6, 1, 2, 3, 21, 1, 11, 1, 4, 2, 1, 20, 25, 2, 2, 6, 11, 6, 2, 5, 3, 15, 14, 2, 3, 12, 14, 2, 4, 
72: 1, 5, 2, 14, 14, 2, 18, 23, 7, 2, 6, 21, 3, 21, 5, 14, 1, 9, 11, 18, 16, 7, 4, 21, 4, 17, 32, 3, 1, 4, 4, 2, 8, 19, 20, 7, 2, 6, 4, 1, 1, 7, 4, 6, 23, 12, 1, 24, 3, 3, 6, 6, 22, 5, 0, 0, 0, 0, 0, 0, 0, 0, 0, 0, 0, 0, 0, 0, 0, 0, 0, 0, 0, 0, 0, 0, 0, 0, 0, 0, 0, 0, 0, 0, 0, 0, 0, 0, 0, 0, 0, 0, 0, 0, 0, 0, 0, 0, 0, 0, 0, 0, 0, 0, 0, 0, 0, 0, 0, 0, 0, 0, 0, 0, 0, 0, 0, 0, 0, 0, : 1, 5, 2, 14, 14, 2, 18, 23, 7, 2, 6, 21, 3, 21, 5, 14, 1, 9, 11, 18, 16, 7, 4, 21, 4, 17, 32, 3, 1, 4, 4, 2, 8, 19, 20, 7, 2, 6, 4, 1, 1, 7, 4, 6, 23, 12, 1, 24, 3, 3, 6, 6, 22, 5, 
73: 9, 3, 4, 11, 3, 14, 30, 21, 4, 6, 8, 24, 3, 14, 20, 16, 7, 2, 8, 6, 2, 1, 4, 1, 1, 16, 5, 9, 7, 3, 14, 1, 2, 6, 1, 31, 0, 0, 0, 0, 0, 0, 0, 0, 0, 0, 0, 0, 0, 0, 0, 0, 0, 0, 0, 0, 0, 0, 0, 0, 0, 0, 0, 0, 0, 0, 0, 0, 0, 0, 0, 0, 0, 0, 0, 0, 0, 0, 0, 0, 0, 0, 0, 0, 0, 0, 0, 0, 0, 0, 0, 0, 0, 0, 0, 0, 0, 0, 0, 0, 0, 0, 0, 0, 0, 0, 0, 0, 0, 0, 0, 0, 0, 0, 0, 0, 0, 0, 0, 0, : 9, 3, 4, 11, 3, 14, 30, 21, 4, 6, 8, 24, 3, 14, 20, 16, 7, 2, 8, 6, 2, 1, 4, 1, 1, 16, 5, 9, 7, 3, 14, 1, 2, 6, 1, 31, 
74: 3, 14, 4, 7, 12, 17, 2, 4, 1, 7, 6, 1, 6, 21, 1, 20, 1, 4, 1, 3, 1, 19, 1, 5, 7, 3, 5, 2, 18, 2, 4, 3, 15, 5, 4, 30, 20, 7, 4, 1, 1, 3, 3, 8, 36, 7, 12, 2, 16, 1, 19, 13, 1, 5, 0, 0, 0, 0, 0, 0, 0, 0, 0, 0, 0, 0, 0, 0, 0, 0, 0, 0, 0, 0, 0, 0, 0, 0, 0, 0, 0, 0, 0, 0, 0, 0, 0, 0, 0, 0, 0, 0, 0, 0, 0, 0, 0, 0, 0, 0, 0, 0, 0, 0, 0, 0, 0, 0, 0, 0, 0, 0, 0, 0, 0, 0, 0, 0, 0, 0, : 3, 14, 4, 7, 12, 17, 2, 4, 1, 7, 6, 1, 6, 21, 1, 20, 1, 4, 1, 3, 1, 19, 1, 5, 7, 3, 5, 2, 18, 2, 4, 3, 15, 5, 4, 30, 20, 7, 4, 1, 1, 3, 3, 8, 36, 7, 12, 2, 16, 1, 19, 13, 1, 5, 
75: 1, 4, 1, 3, 3, 3, 1, 22, 4, 10, 3, 23, 26, 17, 15, 26, 2, 6, 2, 4, 13, 18, 2, 1, 4, 7, 1, 9, 6, 7, 12, 10, 7, 2, 11, 1, 2, 3, 33, 2, 22, 7, 11, 1, 2, 19, 2, 25, 4, 27, 2, 12, 1, 5, 1, 6, 25, 4, 2, 18, 1, 1, 2, 2, 1, 2, 6, 26, 6, 16, 6, 18, 11, 1, 28, 25, 27, 17, 3, 4, 23, 7, 4, 1, 10, 1, 0, 0, 0, 0, 0, 0, 0, 0, 0, 0, 0, 0, 0, 0, 0, 0, 0, 0, 0, 0, 0, 0, 0, 0, 0, 0, 0, 0, 0, 0, 0, 0, 0, 0, : 1, 4, 1, 3, 3, 3, 1, 22, 4, 10, 3, 23, 26, 17, 15, 26, 2, 6, 2, 4, 13, 18, 2, 1, 4, 7, 1, 9, 6, 7, 12, 10, 7, 2, 11, 1, 2, 3, 33, 2, 22, 7, 11, 1, 2, 19, 2, 25, 4, 27, 2, 12, 1, 5, 1, 6, 25, 4, 2, 18, 1, 1, 2, 2, 1, 2, 6, 26, 6, 16, 6, 18, 11, 1, 28, 25, 27, 17, 3, 4, 23, 7, 4, 1, 10, 1, 
76: 14, 6, 8, 16, 19, 9, 7, 16, 15, 4, 17, 9, 2, 4, 9, 1, 6, 5, 8, 12, 10, 17, 2, 1, 16, 10, 5, 2, 7, 15, 6, 20, 4, 4, 8, 4, 9, 10, 2, 7, 16, 16, 16, 13, 7, 10, 6, 7, 6, 3, 3, 9, 6, 12, 23, 2, 8, 24, 19, 3, 21, 3, 6, 3, 3, 0, 0, 0, 0, 0, 0, 0, 0, 0, 0, 0, 0, 0, 0, 0, 0, 0, 0, 0, 0, 0, 0, 0, 0, 0, 0, 0, 0, 0, 0, 0, 0, 0, 0, 0, 0, 0, 0, 0, 0, 0, 0, 0, 0, 0, 0, 0, 0, 0, 0, 0, 0, 0, 0, 0, : 14, 6, 8, 16, 19, 9, 7, 16, 15, 4, 17, 9, 2, 4, 9, 1, 6, 5, 8, 12, 10, 17, 2, 1, 16, 10, 5, 2, 7, 15, 6, 20, 4, 4, 8, 4, 9, 10, 2, 7, 16, 16, 16, 13, 7, 10, 6, 7, 6, 3, 3, 9, 6, 12, 23, 2, 8, 24, 19, 3, 21, 3, 6, 3, 3, 
77: 28, 4, 3, 3, 10, 1, 18, 5, 11, 10, 27, 7, 2, 3, 1, 4, 4, 2, 23, 9, 9, 10, 2, 8, 8, 12, 20, 3, 7, 23, 3, 3, 6, 19, 16, 16, 5, 1, 4, 19, 5, 3, 1, 22, 4, 15, 11, 2, 0, 0, 0, 0, 0, 0, 0, 0, 0, 0, 0, 0, 0, 0, 0, 0, 0, 0, 0, 0, 0, 0, 0, 0, 0, 0, 0, 0, 0, 0, 0, 0, 0, 0, 0, 0, 0, 0, 0, 0, 0, 0, 0, 0, 0, 0, 0, 0, 0, 0, 0, 0, 0, 0, 0, 0, 0, 0, 0, 0, 0, 0, 0, 0, 0, 0, 0, 0, 0, 0, 0, 0, : 28, 4, 3, 3, 10, 1, 18, 5, 11, 10, 27, 7, 2, 3, 1, 4, 4, 2, 23, 9, 9, 10, 2, 8, 8, 12, 20, 3, 7, 23, 3, 3, 6, 19, 16, 16, 5, 1, 4, 19, 5, 3, 1, 22, 4, 15, 11, 2, 
78: 33, 4, 4, 19, 3, 12, 18, 12, 11, 3, 1, 1, 12, 5, 24, 2, 19, 1, 1, 6, 5, 2, 2, 6, 6, 5, 11, 5, 10, 5, 2, 8, 1, 26, 1, 2, 18, 1, 12, 1, 22, 1, 19, 1, 11, 3, 4, 4, 2, 7, 1, 8, 19, 8, 14, 3, 8, 3, 6, 2, 7, 5, 5, 3, 12, 1, 11, 1, 10, 14, 11, 7, 7, 1, 0, 0, 0, 0, 0, 0, 0, 0, 0, 0, 0, 0, 0, 0, 0, 0, 0, 0, 0, 0, 0, 0, 0, 0, 0, 0, 0, 0, 0, 0, 0, 0, 0, 0, 0, 0, 0, 0, 0, 0, 0, 0, 0, 0, 0, 0, : 33, 4, 4, 19, 3, 12, 18, 12, 11, 3, 1, 1, 12, 5, 24, 2, 19, 1, 1, 6, 5, 2, 2, 6, 6, 5, 11, 5, 10, 5, 2, 8, 1, 26, 1, 2, 18, 1, 12, 1, 22, 1, 19, 1, 11, 3, 4, 4, 2, 7, 1, 8, 19, 8, 14, 3, 8, 3, 6, 2, 7, 5, 5, 3, 12, 1, 11, 1, 10, 14, 11, 7, 7, 1, 
79: 2, 15, 20, 12, 11, 18, 8, 10, 2, 16, 4, 8, 6, 28, 2, 22, 13, 11, 22, 5, 4, 2, 3, 2, 2, 3, 17, 22, 11, 5, 2, 17, 4, 6, 7, 3, 17, 30, 9, 13, 27, 2, 23, 4, 17, 1, 9, 6, 9, 20, 8, 1, 5, 21, 7, 1, 22, 16, 6, 10, 15, 6, 10, 7, 2, 2, 2, 13, 2, 34, 25, 6, 19, 14, 36, 15, 37, 8, 4, 0, 0, 0, 0, 0, 0, 0, 0, 0, 0, 0, 0, 0, 0, 0, 0, 0, 0, 0, 0, 0, 0, 0, 0, 0, 0, 0, 0, 0, 0, 0, 0, 0, 0, 0, 0, 0, 0, 0, 0, 0, : 2, 15, 20, 12, 11, 18, 8, 10, 2, 16, 4, 8, 6, 28, 2, 22, 13, 11, 22, 5, 4, 2, 3, 2, 2, 3, 17, 22, 11, 5, 2, 17, 4, 6, 7, 3, 17, 30, 9, 13, 27, 2, 23, 4, 17, 1, 9, 6, 9, 20, 8, 1, 5, 21, 7, 1, 22, 16, 6, 10, 15, 6, 10, 7, 2, 2, 2, 13, 2, 34, 25, 6, 19, 14, 36, 15, 37, 8, 4, 
80: 22, 2, 13, 12, 8, 1, 5, 2, 4, 5, 9, 6, 2, 1, 8, 26, 2, 16, 16, 12, 2, 11, 6, 27, 5, 1, 7, 24, 12, 14, 1, 12, 4, 3, 4, 11, 6, 0, 0, 0, 0, 0, 0, 0, 0, 0, 0, 0, 0, 0, 0, 0, 0, 0, 0, 0, 0, 0, 0, 0, 0, 0, 0, 0, 0, 0, 0, 0, 0, 0, 0, 0, 0, 0, 0, 0, 0, 0, 0, 0, 0, 0, 0, 0, 0, 0, 0, 0, 0, 0, 0, 0, 0, 0, 0, 0, 0, 0, 0, 0, 0, 0, 0, 0, 0, 0, 0, 0, 0, 0, 0, 0, 0, 0, 0, 0, 0, 0, 0, 0, : 22, 2, 13, 12, 8, 1, 5, 2, 4, 5, 9, 6, 2, 1, 8, 26, 2, 16, 16, 12, 2, 11, 6, 27, 5, 1, 7, 24, 12, 14, 1, 12, 4, 3, 4, 11, 6, 
81: 2, 6, 8, 5, 16, 5, 6, 5, 26, 4, 2, 7, 4, 4, 1, 2, 1, 5, 1, 5, 3, 19, 13, 4, 4, 6, 9, 13, 3, 5, 21, 9, 15, 17, 13, 1, 7, 1, 7, 9, 28, 22, 5, 8, 7, 9, 5, 7, 2, 24, 5, 3, 2, 21, 5, 2, 2, 22, 14, 5, 11, 2, 3, 2, 0, 0, 0, 0, 0, 0, 0, 0, 0, 0, 0, 0, 0, 0, 0, 0, 0, 0, 0, 0, 0, 0, 0, 0, 0, 0, 0, 0, 0, 0, 0, 0, 0, 0, 0, 0, 0, 0, 0, 0, 0, 0, 0, 0, 0, 0, 0, 0, 0, 0, 0, 0, 0, 0, 0, 0, : 2, 6, 8, 5, 16, 5, 6, 5, 26, 4, 2, 7, 4, 4, 1, 2, 1, 5, 1, 5, 3, 19, 13, 4, 4, 6, 9, 13, 3, 5, 21, 9, 15, 17, 13, 1, 7, 1, 7, 9, 28, 22, 5, 8, 7, 9, 5, 7, 2, 24, 5, 3, 2, 21, 5, 2, 2, 22, 14, 5, 11, 2, 3, 2, 
82: 10, 17, 13, 13, 6, 2, 4, 35, 21, 1, 6, 1, 13, 7, 30, 2, 7, 1, 27, 21, 28, 3, 7, 8, 1, 31, 13, 19, 7, 3, 11, 11, 30, 1, 19, 3, 31, 4, 9, 0, 0, 0, 0, 0, 0, 0, 0, 0, 0, 0, 0, 0, 0, 0, 0, 0, 0, 0, 0, 0, 0, 0, 0, 0, 0, 0, 0, 0, 0, 0, 0, 0, 0, 0, 0, 0, 0, 0, 0, 0, 0, 0, 0, 0, 0, 0, 0, 0, 0, 0, 0, 0, 0, 0, 0, 0, 0, 0, 0, 0, 0, 0, 0, 0, 0, 0, 0, 0, 0, 0, 0, 0, 0, 0, 0, 0, 0, 0, 0, 0, : 10, 17, 13, 13, 6, 2, 4, 35, 21, 1, 6, 1, 13, 7, 30, 2, 7, 1, 27, 21, 28, 3, 7, 8, 1, 31, 13, 19, 7, 3, 11, 11, 30, 1, 19, 3, 31, 4, 9, 
83: 2, 6, 22, 1, 4, 1, 8, 7, 18, 8, 14, 21, 13, 25, 20, 19, 7, 4, 25, 5, 16, 29, 10, 7, 8, 7, 10, 13, 19, 1, 27, 1, 11, 11, 33, 35, 3, 9, 6, 10, 2, 19, 8, 4, 6, 2, 0, 0, 0, 0, 0, 0, 0, 0, 0, 0, 0, 0, 0, 0, 0, 0, 0, 0, 0, 0, 0, 0, 0, 0, 0, 0, 0, 0, 0, 0, 0, 0, 0, 0, 0, 0, 0, 0, 0, 0, 0, 0, 0, 0, 0, 0, 0, 0, 0, 0, 0, 0, 0, 0, 0, 0, 0, 0, 0, 0, 0, 0, 0, 0, 0, 0, 0, 0, 0, 0, 0, 0, 0, 0, : 2, 6, 22, 1, 4, 1, 8, 7, 18, 8, 14, 21, 13, 25, 20, 19, 7, 4, 25, 5, 16, 29, 10, 7, 8, 7, 10, 13, 19, 1, 27, 1, 11, 11, 33, 35, 3, 9, 6, 10, 2, 19, 8, 4, 6, 2, 
84: 1, 16, 11, 12, 4, 9, 4, 10, 19, 14, 4, 10, 3, 1, 3, 3, 5, 10, 1, 1, 9, 4, 5, 13, 27, 5, 3, 1, 33, 10, 1, 1, 5, 6, 3, 4, 3, 5, 1, 4, 6, 21, 5, 0, 0, 0, 0, 0, 0, 0, 0, 0, 0, 0, 0, 0, 0, 0, 0, 0, 0, 0, 0, 0, 0, 0, 0, 0, 0, 0, 0, 0, 0, 0, 0, 0, 0, 0, 0, 0, 0, 0, 0, 0, 0, 0, 0, 0, 0, 0, 0, 0, 0, 0, 0, 0, 0, 0, 0, 0, 0, 0, 0, 0, 0, 0, 0, 0, 0, 0, 0, 0, 0, 0, 0, 0, 0, 0, 0, 0, : 1, 16, 11, 12, 4, 9, 4, 10, 19, 14, 4, 10, 3, 1, 3, 3, 5, 10, 1, 1, 9, 4, 5, 13, 27, 5, 3, 1, 33, 10, 1, 1, 5, 6, 3, 4, 3, 5, 1, 4, 6, 21, 5, 
85: 21, 4, 2, 1, 8, 5, 27, 1, 2, 1, 4, 22, 22, 3, 11, 5, 18, 1, 16, 11, 24, 9, 7, 1, 2, 4, 5, 1, 11, 4, 7, 9, 4, 1, 2, 7, 8, 3, 3, 8, 3, 24, 5, 11, 16, 2, 14, 5, 10, 7, 17, 0, 0, 0, 0, 0, 0, 0, 0, 0, 0, 0, 0, 0, 0, 0, 0, 0, 0, 0, 0, 0, 0, 0, 0, 0, 0, 0, 0, 0, 0, 0, 0, 0, 0, 0, 0, 0, 0, 0, 0, 0, 0, 0, 0, 0, 0, 0, 0, 0, 0, 0, 0, 0, 0, 0, 0, 0, 0, 0, 0, 0, 0, 0, 0, 0, 0, 0, 0, 0, : 21, 4, 2, 1, 8, 5, 27, 1, 2, 1, 4, 22, 22, 3, 11, 5, 18, 1, 16, 11, 24, 9, 7, 1, 2, 4, 5, 1, 11, 4, 7, 9, 4, 1, 2, 7, 8, 3, 3, 8, 3, 24, 5, 11, 16, 2, 14, 5, 10, 7, 17, 
86: 14, 1, 16, 13, 26, 5, 2, 4, 12, 2, 1, 1, 4, 6, 13, 1, 12, 4, 1, 3, 1, 5, 2, 9, 6, 18, 5, 2, 6, 2, 8, 1, 4, 14, 16, 12, 23, 28, 3, 3, 14, 6, 8, 22, 29, 9, 8, 5, 18, 2, 6, 36, 27, 2, 14, 7, 3, 1, 1, 1, 5, 10, 1, 5, 3, 26, 4, 26, 6, 11, 6, 8, 4, 1, 11, 0, 0, 0, 0, 0, 0, 0, 0, 0, 0, 0, 0, 0, 0, 0, 0, 0, 0, 0, 0, 0, 0, 0, 0, 0, 0, 0, 0, 0, 0, 0, 0, 0, 0, 0, 0, 0, 0, 0, 0, 0, 0, 0, 0, 0, : 14, 1, 16, 13, 26, 5, 2, 4, 12, 2, 1, 1, 4, 6, 13, 1, 12, 4, 1, 3, 1, 5, 2, 9, 6, 18, 5, 2, 6, 2, 8, 1, 4, 14, 16, 12, 23, 28, 3, 3, 14, 6, 8, 22, 29, 9, 8, 5, 18, 2, 6, 36, 27, 2, 14, 7, 3, 1, 1, 1, 5, 10, 1, 5, 3, 26, 4, 26, 6, 11, 6, 8, 4, 1, 11, 
87: 18, 5, 1, 7, 2, 8, 6, 5, 18, 25, 8, 2, 4, 3, 2, 17, 35, 9, 1, 9, 1, 9, 3, 2, 18, 5, 16, 3, 21, 2, 13, 9, 4, 19, 6, 2, 2, 3, 12, 17, 2, 5, 2, 22, 18, 3, 1, 8, 12, 5, 3, 19, 5, 4, 11, 21, 15, 11, 4, 3, 7, 12, 3, 1, 4, 2, 13, 24, 3, 10, 0, 0, 0, 0, 0, 0, 0, 0, 0, 0, 0, 0, 0, 0, 0, 0, 0, 0, 0, 0, 0, 0, 0, 0, 0, 0, 0, 0, 0, 0, 0, 0, 0, 0, 0, 0, 0, 0, 0, 0, 0, 0, 0, 0, 0, 0, 0, 0, 0, 0, : 18, 5, 1, 7, 2, 8, 6, 5, 18, 25, 8, 2, 4, 3, 2, 17, 35, 9, 1, 9, 1, 9, 3, 2, 18, 5, 16, 3, 21, 2, 13, 9, 4, 19, 6, 2, 2, 3, 12, 17, 2, 5, 2, 22, 18, 3, 1, 8, 12, 5, 3, 19, 5, 4, 11, 21, 15, 11, 4, 3, 7, 12, 3, 1, 4, 2, 13, 24, 3, 10, 
88: 1, 33, 29, 4, 10, 22, 4, 1, 3, 1, 3, 4, 2, 4, 1, 27, 6, 13, 1, 7, 11, 7, 7, 3, 1, 3, 6, 4, 11, 3, 6, 12, 6, 12, 11, 22, 3, 8, 1, 24, 5, 8, 2, 8, 16, 1, 7, 2, 7, 6, 2, 2, 2, 3, 5, 12, 1, 3, 18, 1, 5, 4, 0, 0, 0, 0, 0, 0, 0, 0, 0, 0, 0, 0, 0, 0, 0, 0, 0, 0, 0, 0, 0, 0, 0, 0, 0, 0, 0, 0, 0, 0, 0, 0, 0, 0, 0, 0, 0, 0, 0, 0, 0, 0, 0, 0, 0, 0, 0, 0, 0, 0, 0, 0, 0, 0, 0, 0, 0, 0, : 1, 33, 29, 4, 10, 22, 4, 1, 3, 1, 3, 4, 2, 4, 1, 27, 6, 13, 1, 7, 11, 7, 7, 3, 1, 3, 6, 4, 11, 3, 6, 12, 6, 12, 11, 22, 3, 8, 1, 24, 5, 8, 2, 8, 16, 1, 7, 2, 7, 6, 2, 2, 2, 3, 5, 12, 1, 3, 18, 1, 5, 4, 
89: 8, 8, 1, 1, 9, 11, 1, 2, 18, 11, 13, 5, 19, 3, 14, 14, 2, 1, 7, 14, 13, 8, 14, 9, 11, 3, 2, 8, 5, 2, 3, 1, 2, 5, 4, 4, 4, 1, 1, 3, 1, 25, 12, 10, 3, 3, 5, 10, 1, 2, 4, 7, 22, 2, 4, 2, 3, 9, 7, 16, 1, 3, 16, 26, 1, 15, 0, 0, 0, 0, 0, 0, 0, 0, 0, 0, 0, 0, 0, 0, 0, 0, 0, 0, 0, 0, 0, 0, 0, 0, 0, 0, 0, 0, 0, 0, 0, 0, 0, 0, 0, 0, 0, 0, 0, 0, 0, 0, 0, 0, 0, 0, 0, 0, 0, 0, 0, 0, 0, 0, : 8, 8, 1, 1, 9, 11, 1, 2, 18, 11, 13, 5, 19, 3, 14, 14, 2, 1, 7, 14, 13, 8, 14, 9, 11, 3, 2, 8, 5, 2, 3, 1, 2, 5, 4, 4, 4, 1, 1, 3, 1, 25, 12, 10, 3, 3, 5, 10, 1, 2, 4, 7, 22, 2, 4, 2, 3, 9, 7, 16, 1, 3, 16, 26, 1, 15, 
90: 5, 4, 8, 2, 10, 3, 13, 5, 5, 16, 1, 1, 8, 3, 6, 1, 1, 6, 3, 1, 2, 4, 7, 13, 15, 7, 1, 11, 10, 11, 20, 4, 6, 1, 11, 7, 5, 2, 2, 2, 4, 4, 26, 9, 19, 0, 0, 0, 0, 0, 0, 0, 0, 0, 0, 0, 0, 0, 0, 0, 0, 0, 0, 0, 0, 0, 0, 0, 0, 0, 0, 0, 0, 0, 0, 0, 0, 0, 0, 0, 0, 0, 0, 0, 0, 0, 0, 0, 0, 0, 0, 0, 0, 0, 0, 0, 0, 0, 0, 0, 0, 0, 0, 0, 0, 0, 0, 0, 0, 0, 0, 0, 0, 0, 0, 0, 0, 0, 0, 0, : 5, 4, 8, 2, 10, 3, 13, 5, 5, 16, 1, 1, 8, 3, 6, 1, 1, 6, 3, 1, 2, 4, 7, 13, 15, 7, 1, 11, 10, 11, 20, 4, 6, 1, 11, 7, 5, 2, 2, 2, 4, 4, 26, 9, 19, 
91: 7, 3, 2, 33, 12, 8, 2, 16, 13, 13, 3, 1, 2, 16, 1, 13, 1, 4, 1, 6, 13, 9, 7, 12, 6, 33, 6, 15, 3, 3, 18, 15, 16, 2, 4, 30, 2, 4, 25, 4, 4, 5, 12, 3, 1, 37, 9, 2, 4, 15, 4, 3, 5, 16, 3, 4, 3, 4, 6, 17, 4, 1, 2, 4, 2, 14, 2, 2, 5, 1, 1, 5, 6, 0, 0, 0, 0, 0, 0, 0, 0, 0, 0, 0, 0, 0, 0, 0, 0, 0, 0, 0, 0, 0, 0, 0, 0, 0, 0, 0, 0, 0, 0, 0, 0, 0, 0, 0, 0, 0, 0, 0, 0, 0, 0, 0, 0, 0, 0, 0, : 7, 3, 2, 33, 12, 8, 2, 16, 13, 13, 3, 1, 2, 16, 1, 13, 1, 4, 1, 6, 13, 9, 7, 12, 6, 33, 6, 15, 3, 3, 18, 15, 16, 2, 4, 30, 2, 4, 25, 4, 4, 5, 12, 3, 1, 37, 9, 2, 4, 15, 4, 3, 5, 16, 3, 4, 3, 4, 6, 17, 4, 1, 2, 4, 2, 14, 2, 2, 5, 1, 1, 5, 6, 
92: 24, 2, 24, 22, 3, 5, 6, 4, 14, 1, 6, 1, 6, 19, 4, 9, 3, 2, 2, 9, 18, 4, 18, 22, 13, 3, 12, 29, 9, 7, 4, 7, 14, 25, 1, 1, 9, 5, 4, 1, 5, 1, 13, 3, 3, 3, 3, 5, 13, 3, 11, 38, 4, 1, 3, 1, 8, 5, 25, 4, 0, 0, 0, 0, 0, 0, 0, 0, 0, 0, 0, 0, 0, 0, 0, 0, 0, 0, 0, 0, 0, 0, 0, 0, 0, 0, 0, 0, 0, 0, 0, 0, 0, 0, 0, 0, 0, 0, 0, 0, 0, 0, 0, 0, 0, 0, 0, 0, 0, 0, 0, 0, 0, 0, 0, 0, 0, 0, 0, 0, : 24, 2, 24, 22, 3, 5, 6, 4, 14, 1, 6, 1, 6, 19, 4, 9, 3, 2, 2, 9, 18, 4, 18, 22, 13, 3, 12, 29, 9, 7, 4, 7, 14, 25, 1, 1, 9, 5, 4, 1, 5, 1, 13, 3, 3, 3, 3, 5, 13, 3, 11, 38, 4, 1, 3, 1, 8, 5, 25, 4, 
93: 2, 1, 2, 6, 4, 20, 4, 13, 15, 2, 4, 2, 4, 3, 1, 28, 1, 3, 14, 2, 23, 4, 12, 13, 2, 6, 3, 15, 8, 10, 2, 19, 3, 18, 8, 35, 1, 2, 9, 2, 16, 1, 23, 12, 17, 16, 4, 1, 20, 10, 34, 1, 2, 5, 17, 3, 13, 13, 4, 5, 1, 17, 1, 0, 0, 0, 0, 0, 0, 0, 0, 0, 0, 0, 0, 0, 0, 0, 0, 0, 0, 0, 0, 0, 0, 0, 0, 0, 0, 0, 0, 0, 0, 0, 0, 0, 0, 0, 0, 0, 0, 0, 0, 0, 0, 0, 0, 0, 0, 0, 0, 0, 0, 0, 0, 0, 0, 0, 0, 0, : 2, 1, 2, 6, 4, 20, 4, 13, 15, 2, 4, 2, 4, 3, 1, 28, 1, 3, 14, 2, 23, 4, 12, 13, 2, 6, 3, 15, 8, 10, 2, 19, 3, 18, 8, 35, 1, 2, 9, 2, 16, 1, 23, 12, 17, 16, 4, 1, 20, 10, 34, 1, 2, 5, 17, 3, 13, 13, 4, 5, 1, 17, 1, 
94: 6, 23, 3, 11, 14, 1, 1, 8, 1, 4, 1, 9, 17, 33, 6, 7, 4, 11, 6, 11, 13, 18, 4, 8, 9, 9, 1, 18, 30, 7, 13, 18, 10, 12, 1, 1, 3, 13, 6, 6, 7, 1, 5, 1, 8, 7, 6, 6, 8, 5, 12, 0, 0, 0, 0, 0, 0, 0, 0, 0, 0, 0, 0, 0, 0, 0, 0, 0, 0, 0, 0, 0, 0, 0, 0, 0, 0, 0, 0, 0, 0, 0, 0, 0, 0, 0, 0, 0, 0, 0, 0, 0, 0, 0, 0, 0, 0, 0, 0, 0, 0, 0, 0, 0, 0, 0, 0, 0, 0, 0, 0, 0, 0, 0, 0, 0, 0, 0, 0, 0, : 6, 23, 3, 11, 14, 1, 1, 8, 1, 4, 1, 9, 17, 33, 6, 7, 4, 11, 6, 11, 13, 18, 4, 8, 9, 9, 1, 18, 30, 7, 13, 18, 10, 12, 1, 1, 3, 13, 6, 6, 7, 1, 5, 1, 8, 7, 6, 6, 8, 5, 12, 
95: 3, 1, 1, 11, 22, 1, 7, 4, 4, 30, 4, 6, 9, 9, 6, 6, 4, 7, 3, 14, 11, 6, 20, 7, 2, 5, 2, 1, 24, 31, 2, 1, 17, 5, 7, 3, 17, 5, 9, 3, 5, 13, 1, 0, 0, 0, 0, 0, 0, 0, 0, 0, 0, 0, 0, 0, 0, 0, 0, 0, 0, 0, 0, 0, 0, 0, 0, 0, 0, 0, 0, 0, 0, 0, 0, 0, 0, 0, 0, 0, 0, 0, 0, 0, 0, 0, 0, 0, 0, 0, 0, 0, 0, 0, 0, 0, 0, 0, 0, 0, 0, 0, 0, 0, 0, 0, 0, 0, 0, 0, 0, 0, 0, 0, 0, 0, 0, 0, 0, 0, : 3, 1, 1, 11, 22, 1, 7, 4, 4, 30, 4, 6, 9, 9, 6, 6, 4, 7, 3, 14, 11, 6, 20, 7, 2, 5, 2, 1, 24, 31, 2, 1, 17, 5, 7, 3, 17, 5, 9, 3, 5, 13, 1, 
96: 13, 9, 15, 13, 6, 2, 20, 1, 2, 13, 5, 27, 27, 8, 1, 4, 20, 6, 8, 1, 4, 1, 7, 13, 14, 9, 5, 13, 9, 14, 2, 9, 4, 14, 15, 28, 6, 21, 6, 19, 10, 1, 7, 8, 8, 4, 4, 12, 3, 3, 1, 1, 0, 0, 0, 0, 0, 0, 0, 0, 0, 0, 0, 0, 0, 0, 0, 0, 0, 0, 0, 0, 0, 0, 0, 0, 0, 0, 0, 0, 0, 0, 0, 0, 0, 0, 0, 0, 0, 0, 0, 0, 0, 0, 0, 0, 0, 0, 0, 0, 0, 0, 0, 0, 0, 0, 0, 0, 0, 0, 0, 0, 0, 0, 0, 0, 0, 0, 0, 0, : 13, 9, 15, 13, 6, 2, 20, 1, 2, 13, 5, 27, 27, 8, 1, 4, 20, 6, 8, 1, 4, 1, 7, 13, 14, 9, 5, 13, 9, 14, 2, 9, 4, 14, 15, 28, 6, 21, 6, 19, 10, 1, 7, 8, 8, 4, 4, 12, 3, 3, 1, 1, 
97: 1, 22, 5, 17, 1, 5, 17, 14, 5, 4, 2, 1, 1, 11, 4, 6, 5, 4, 24, 6, 5, 8, 3, 30, 14, 8, 2, 5, 8, 15, 1, 10, 3, 23, 4, 18, 4, 6, 8, 6, 9, 3, 4, 32, 5, 0, 0, 0, 0, 0, 0, 0, 0, 0, 0, 0, 0, 0, 0, 0, 0, 0, 0, 0, 0, 0, 0, 0, 0, 0, 0, 0, 0, 0, 0, 0, 0, 0, 0, 0, 0, 0, 0, 0, 0, 0, 0, 0, 0, 0, 0, 0, 0, 0, 0, 0, 0, 0, 0, 0, 0, 0, 0, 0, 0, 0, 0, 0, 0, 0, 0, 0, 0, 0, 0, 0, 0, 0, 0, 0, : 1, 22, 5, 17, 1, 5, 17, 14, 5, 4, 2, 1, 1, 11, 4, 6, 5, 4, 24, 6, 5, 8, 3, 30, 14, 8, 2, 5, 8, 15, 1, 10, 3, 23, 4, 18, 4, 6, 8, 6, 9, 3, 4, 32, 5, 
98: 26, 4, 15, 2, 2, 1, 1, 6, 22, 34, 1, 14, 8, 23, 9, 2, 11, 16, 3, 5, 14, 2, 12, 14, 2, 3, 2, 13, 3, 22, 11, 4, 6, 7, 7, 14, 4, 1, 7, 9, 7, 13, 16, 3, 2, 4, 15, 2, 17, 1, 6, 3, 5, 1, 1, 4, 28, 1, 8, 8, 5, 14, 4, 4, 4, 3, 9, 9, 3, 3, 0, 0, 0, 0, 0, 0, 0, 0, 0, 0, 0, 0, 0, 0, 0, 0, 0, 0, 0, 0, 0, 0, 0, 0, 0, 0, 0, 0, 0, 0, 0, 0, 0, 0, 0, 0, 0, 0, 0, 0, 0, 0, 0, 0, 0, 0, 0, 0, 0, 0, : 26, 4, 15, 2, 2, 1, 1, 6, 22, 34, 1, 14, 8, 23, 9, 2, 11, 16, 3, 5, 14, 2, 12, 14, 2, 3, 2, 13, 3, 22, 11, 4, 6, 7, 7, 14, 4, 1, 7, 9, 7, 13, 16, 3, 2, 4, 15, 2, 17, 1, 6, 3, 5, 1, 1, 4, 28, 1, 8, 8, 5, 14, 4, 4, 4, 3, 9, 9, 3, 3, 
99: 23, 6, 6, 29, 1, 2, 1, 25, 6, 22, 2, 12, 8, 21, 2, 1, 1, 1, 4, 5, 8, 11, 5, 1, 4, 10, 6, 1, 2, 21, 6, 11, 7, 15, 19, 10, 11, 6, 9, 8, 9, 2, 2, 2, 14, 4, 5, 3, 14, 38, 20, 4, 23, 22, 1, 7, 3, 7, 8, 1, 2, 0, 0, 0, 0, 0, 0, 0, 0, 0, 0, 0, 0, 0, 0, 0, 0, 0, 0, 0, 0, 0, 0, 0, 0, 0, 0, 0, 0, 0, 0, 0, 0, 0, 0, 0, 0, 0, 0, 0, 0, 0, 0, 0, 0, 0, 0, 0, 0, 0, 0, 0, 0, 0, 0, 0, 0, 0, 0, 0, : 23, 6, 6, 29, 1, 2, 1, 25, 6, 22, 2, 12, 8, 21, 2, 1, 1, 1, 4, 5, 8, 11, 5, 1, 4, 10, 6, 1, 2, 21, 6, 11, 7, 15, 19, 10, 11, 6, 9, 8, 9, 2, 2, 2, 14, 4, 5, 3, 14, 38, 20, 4, 23, 22, 1, 7, 3, 7, 8, 1, 2, 
100: 4, 5, 1, 1, 3, 2, 1, 15, 1, 5, 1, 7, 1, 28, 19, 27, 9, 15, 4, 27, 8, 7, 7, 3, 8, 1, 1, 3, 1, 15, 6, 2, 17, 22, 10, 5, 4, 2, 2, 2, 15, 1, 4, 12, 16, 1, 2, 18, 0, 0, 0, 0, 0, 0, 0, 0, 0, 0, 0, 0, 0, 0, 0, 0, 0, 0, 0, 0, 0, 0, 0, 0, 0, 0, 0, 0, 0, 0, 0, 0, 0, 0, 0, 0, 0, 0, 0, 0, 0, 0, 0, 0, 0, 0, 0, 0, 0, 0, 0, 0, 0, 0, 0, 0, 0, 0, 0, 0, 0, 0, 0, 0, 0, 0, 0, 0, 0, 0, 0, 0, : 4, 5, 1, 1, 3, 2, 1, 15, 1, 5, 1, 7, 1, 28, 19, 27, 9, 15, 4, 27, 8, 7, 7, 3, 8, 1, 1, 3, 1, 15, 6, 2, 17, 22, 10, 5, 4, 2, 2, 2, 15, 1, 4, 12, 16, 1, 2, 18, 


