120
40
1: 14, 12, 2, 32, 5, 3, 2, 3, 1, 2, 2, 12, 6, 6, 3, 19, 1, 15, 1, 5, 7, 4, 21, 11, 2, 2, 4, 2, 2, 29, 2, 7, 24, 10, 39, 21, 2, 0, 0, 0, 0, 0, 0, 0, 0, 0, 0, 0, 0, 0, 0, 0, 0, 0, 0, 0, 0, 0, 0, 0, 0, 0, 0, 0, 0, 0, 0, 0, 0, 0, 0, 0, 0, 0, 0, 0, 0, 0, 0, 0, 0, 0, 0, 0, 0, 0, 0, 0, 0, 0, 0, 0, 0, 0, 0, 0, 0, 0, 0, 0, 0, 0, 0, 0, 0, 0, 0, 0, 0, 0, 0, 0, 0, 0, 0, 0, 0, 0, 0, 0, : 14, 12, 2, 32, 5, 3, 2, 3, 1, 2, 2, 12, 6, 6, 3, 19, 1, 15, 1, 5, 7, 4, 21, 11, 2, 2, 4, 2, 2, 29, 2, 7, 24, 10, 39, 21, 2, 
2: 1, 9, 4, 15, 1, 7, 2, 33, 12, 10, 16, 1, 3, 13, 11, 22, 15, 11, 9, 1, 8, 3, 10, 21, 1, 7, 4, 9, 19, 1, 1, 8, 8, 2, 5, 11, 6, 12, 22, 6, 20, 18, 38, 1, 7, 8, 32, 2, 1, 1, 30, 9, 11, 0, 0, 0, 0, 0, 0, 0, 0, 0, 0, 0, 0, 0, 0, 0, 0, 0, 0, 0, 0, 0, 0, 0, 0, 0, 0, 0, 0, 0, 0, 0, 0, 0, 0, 0, 0, 0, 0, 0, 0, 0, 0, 0, 0, 0, 0, 0, 0, 0, 0, 0, 0, 0, 0, 0, 0, 0, 0, 0, 0, 0, 0, 0, 0, 0, 0, 0, : 1, 9, 4, 15, 1, 7, 2, 33, 12, 10, 16, 1, 3, 13, 11, 22, 15, 11, 9, 1, 8, 3, 10, 21, 1, 7, 4, 9, 19, 1, 1, 8, 8, 2, 5, 11, 6, 12, 22, 6, 20, 18, 38, 1, 7, 8, 32, 2, 1, 1, 30, 9, 11, 
3: 3, 1, 6, 7, 13, 1, 7, 7, 1, 6, 2, 4, 7, 7, 5, 1, 24, 26, 1, 2, 12, 20, 2, 11, 3, 27, 8, 1, 17, 21, 8, 7, 21, 1, 12, 4, 13, 1, 13, 2, 19, 1, 2, 8, 2, 3, 2, 4, 7, 4, 8, 2, 20, 3, 2, 13, 1, 15, 1, 3, 18, 22, 5, 2, 9, 0, 0, 0, 0, 0, 0, 0, 0, 0, 0, 0, 0, 0, 0, 0, 0, 0, 0, 0, 0, 0, 0, 0, 0, 0, 0, 0, 0, 0, 0, 0, 0, 0, 0, 0, 0, 0, 0, 0, 0, 0, 0, 0, 0, 0, 0, 0, 0, 0, 0, 0, 0, 0, 0, 0, : 3, 1, 6, 7, 13, 1, 7, 7, 1, 6, 2, 4, 7, 7, 5, 1, 24, 26, 1, 2, 12, 20, 2, 11, 3, 27, 8, 1, 17, 21, 8, 7, 21, 1, 12, 4, 13, 1, 13, 2, 19, 1, 2, 8, 2, 3, 2, 4, 7, 4, 8, 2, 20, 3, 2, 13, 1, 15, 1, 3, 18, 22, 5, 2, 9, 
4: 5, 8, 7, 10, 9, 1, 8, 2, 6, 16, 1, 1, 11, 21, 11, 19, 1, 28, 10, 4, 8, 7, 2, 6, 1, 2, 3, 8, 6, 15, 16, 1, 9, 16, 4, 32, 4, 2, 31, 5, 8, 22, 27, 1, 12, 6, 13, 19, 7, 0, 0, 0, 0, 0, 0, 0, 0, 0, 0, 0, 0, 0, 0, 0, 0, 0, 0, 0, 0, 0, 0, 0, 0, 0, 0, 0, 0, 0, 0, 0, 0, 0, 0, 0, 0, 0, 0, 0, 0, 0, 0, 0, 0, 0, 0, 0, 0, 0, 0, 0, 0, 0, 0, 0, 0, 0, 0, 0, 0, 0, 0, 0, 0, 0, 0, 0, 0, 0, 0, 0, : 5, 8, 7, 10, 9, 1, 8, 2, 6, 16, 1, 1, 11, 21, 11, 19, 1, 28, 10, 4, 8, 7, 2, 6, 1, 2, 3, 8, 6, 15, 16, 1, 9, 16, 4, 32, 4, 2, 31, 5, 8, 22, 27, 1, 12, 6, 13, 19, 7, 
5: 10, 3, 1, 6, 12, 4, 18, 6, 12, 8, 14, 20, 10, 4, 4, 6, 7, 8, 4, 3, 2, 4, 37, 1, 9, 16, 4, 16, 5, 13, 3, 15, 3, 3, 14, 4, 7, 13, 11, 7, 34, 19, 2, 8, 3, 1, 13, 1, 7, 27, 29, 2, 1, 16, 5, 1, 4, 5, 22, 4, 13, 1, 5, 12, 3, 9, 14, 2, 9, 10, 10, 7, 13, 15, 1, 1, 17, 2, 1, 14, 3, 14, 6, 10, 0, 0, 0, 0, 0, 0, 0, 0, 0, 0, 0, 0, 0, 0, 0, 0, 0, 0, 0, 0, 0, 0, 0, 0, 0, 0, 0, 0, 0, 0, 0, 0, 0, 0, 0, 0, : 10, 3, 1, 6, 12, 4, 18, 6, 12, 8, 14, 20, 10, 4, 4, 6, 7, 8, 4, 3, 2, 4, 37, 1, 9, 16, 4, 16, 5, 13, 3, 15, 3, 3, 14, 4, 7, 13, 11, 7, 34, 19, 2, 8, 3, 1, 13, 1, 7, 27, 29, 2, 1, 16, 5, 1, 4, 5, 22, 4, 13, 1, 5, 12, 3, 9, 14, 2, 9, 10, 10, 7, 13, 15, 1, 1, 17, 2, 1, 14, 3, 14, 6, 10, 
6: 8, 2, 26, 1, 2, 3, 12, 7, 4, 5, 17, 2, 8, 25, 1, 7, 1, 13, 2, 5, 2, 2, 30, 3, 2, 8, 7, 26, 8, 8, 5, 15, 12, 2, 4, 9, 3, 3, 15, 5, 6, 10, 3, 6, 4, 2, 16, 6, 1, 1, 4, 15, 8, 4, 3, 18, 7, 3, 1, 15, 14, 12, 23, 0, 0, 0, 0, 0, 0, 0, 0, 0, 0, 0, 0, 0, 0, 0, 0, 0, 0, 0, 0, 0, 0, 0, 0, 0, 0, 0, 0, 0, 0, 0, 0, 0, 0, 0, 0, 0, 0, 0, 0, 0, 0, 0, 0, 0, 0, 0, 0, 0, 0, 0, 0, 0, 0, 0, 0, 0, : 8, 2, 26, 1, 2, 3, 12, 7, 4, 5, 17, 2, 8, 25, 1, 7, 1, 13, 2, 5, 2, 2, 30, 3, 2, 8, 7, 26, 8, 8, 5, 15, 12, 2, 4, 9, 3, 3, 15, 5, 6, 10, 3, 6, 4, 2, 16, 6, 1, 1, 4, 15, 8, 4, 3, 18, 7, 3, 1, 15, 14, 12, 23, 
7: 4, 18, 1, 3, 2, 2, 15, 14, 25, 11, 4, 9, 2, 37, 18, 4, 11, 1, 9, 5, 31, 1, 6, 7, 23, 6, 19, 1, 15, 6, 1, 7, 2, 32, 6, 7, 19, 6, 3, 10, 5, 18, 22, 5, 8, 2, 0, 0, 0, 0, 0, 0, 0, 0, 0, 0, 0, 0, 0, 0, 0, 0, 0, 0, 0, 0, 0, 0, 0, 0, 0, 0, 0, 0, 0, 0, 0, 0, 0, 0, 0, 0, 0, 0, 0, 0, 0, 0, 0, 0, 0, 0, 0, 0, 0, 0, 0, 0, 0, 0, 0, 0, 0, 0, 0, 0, 0, 0, 0, 0, 0, 0, 0, 0, 0, 0, 0, 0, 0, 0, : 4, 18, 1, 3, 2, 2, 15, 14, 25, 11, 4, 9, 2, 37, 18, 4, 11, 1, 9, 5, 31, 1, 6, 7, 23, 6, 19, 1, 15, 6, 1, 7, 2, 32, 6, 7, 19, 6, 3, 10, 5, 18, 22, 5, 8, 2, 
8: 8, 17, 5, 13, 2, 23, 1, 2, 3, 7, 7, 3, 1, 9, 27, 10, 3, 5, 29, 16, 5, 5, 19, 11, 2, 34, 8, 10, 5, 2, 31, 6, 1, 9, 2, 9, 22, 34, 2, 3, 2, 4, 3, 9, 14, 2, 11, 8, 2, 11, 2, 3, 6, 15, 15, 1, 4, 0, 0, 0, 0, 0, 0, 0, 0, 0, 0, 0, 0, 0, 0, 0, 0, 0, 0, 0, 0, 0, 0, 0, 0, 0, 0, 0, 0, 0, 0, 0, 0, 0, 0, 0, 0, 0, 0, 0, 0, 0, 0, 0, 0, 0, 0, 0, 0, 0, 0, 0, 0, 0, 0, 0, 0, 0, 0, 0, 0, 0, 0, 0, : 8, 17, 5, 13, 2, 23, 1, 2, 3, 7, 7, 3, 1, 9, 27, 10, 3, 5, 29, 16, 5, 5, 19, 11, 2, 34, 8, 10, 5, 2, 31, 6, 1, 9, 2, 9, 22, 34, 2, 3, 2, 4, 3, 9, 14, 2, 11, 8, 2, 11, 2, 3, 6, 15, 15, 1, 4, 
9: 8, 5, 3, 35, 2, 2, 15, 14, 2, 1, 3, 27, 1, 1, 5, 2, 2, 12, 7, 11, 2, 5, 10, 14, 20, 3, 9, 2, 4, 10, 4, 10, 1, 28, 3, 19, 3, 2, 1, 3, 11, 17, 9, 12, 10, 1, 1, 5, 4, 8, 1, 3, 1, 7, 34, 6, 4, 31, 5, 11, 1, 1, 8, 1, 4, 6, 15, 28, 1, 16, 0, 0, 0, 0, 0, 0, 0, 0, 0, 0, 0, 0, 0, 0, 0, 0, 0, 0, 0, 0, 0, 0, 0, 0, 0, 0, 0, 0, 0, 0, 0, 0, 0, 0, 0, 0, 0, 0, 0, 0, 0, 0, 0, 0, 0, 0, 0, 0, 0, 0, : 8, 5, 3, 35, 2, 2, 15, 14, 2, 1, 3, 27, 1, 1, 5, 2, 2, 12, 7, 11, 2, 5, 10, 14, 20, 3, 9, 2, 4, 10, 4, 10, 1, 28, 3, 19, 3, 2, 1, 3, 11, 17, 9, 12, 10, 1, 1, 5, 4, 8, 1, 3, 1, 7, 34, 6, 4, 31, 5, 11, 1, 1, 8, 1, 4, 6, 15, 28, 1, 16, 
10: 1, 10, 5, 4, 6, 10, 23, 1, 10, 18, 12, 26, 1, 9, 8, 2, 2, 1, 12, 9, 1, 2, 3, 3, 20, 1, 5, 24, 13, 4, 3, 15, 6, 1, 3, 8, 6, 5, 16, 23, 1, 13, 12, 2, 9, 13, 0, 0, 0, 0, 0, 0, 0, 0, 0, 0, 0, 0, 0, 0, 0, 0, 0, 0, 0, 0, 0, 0, 0, 0, 0, 0, 0, 0, 0, 0, 0, 0, 0, 0, 0, 0, 0, 0, 0, 0, 0, 0, 0, 0, 0, 0, 0, 0, 0, 0, 0, 0, 0, 0, 0, 0, 0, 0, 0, 0, 0, 0, 0, 0, 0, 0, 0, 0, 0, 0, 0, 0, 0, 0, : 1, 10, 5, 4, 6, 10, 23, 1, 10, 18, 12, 26, 1, 9, 8, 2, 2, 1, 12, 9, 1, 2, 3, 3, 20, 1, 5, 24, 13, 4, 3, 15, 6, 1, 3, 8, 6, 5, 16, 23, 1, 13, 12, 2, 9, 13, 
11: 3, 2, 1, 1, 17, 6, 5, 3, 22, 15, 3, 7, 3, 16, 4, 4, 7, 5, 14, 34, 5, 3, 9, 1, 28, 32, 6, 18, 5, 1, 7, 0, 0, 0, 0, 0, 0, 0, 0, 0, 0, 0, 0, 0, 0, 0, 0, 0, 0, 0, 0, 0, 0, 0, 0, 0, 0, 0, 0, 0, 0, 0, 0, 0, 0, 0, 0, 0, 0, 0, 0, 0, 0, 0, 0, 0, 0, 0, 0, 0, 0, 0, 0, 0, 0, 0, 0, 0, 0, 0, 0, 0, 0, 0, 0, 0, 0, 0, 0, 0, 0, 0, 0, 0, 0, 0, 0, 0, 0, 0, 0, 0, 0, 0, 0, 0, 0, 0, 0, 0, : 3, 2, 1, 1, 17, 6, 5, 3, 22, 15, 3, 7, 3, 16, 4, 4, 7, 5, 14, 34, 5, 3, 9, 1, 28, 32, 6, 18, 5, 1, 7, 
12: 9, 1, 12, 25, 3, 4, 9, 24, 15, 16, 5, 22, 3, 8, 17, 3, 9, 13, 14, 3, 12, 5, 19, 1, 3, 7, 6, 1, 4, 9, 12, 2, 1, 6, 4, 2, 1, 6, 14, 2, 4, 21, 1, 16, 12, 6, 2, 1, 9, 9, 4, 5, 0, 0, 0, 0, 0, 0, 0, 0, 0, 0, 0, 0, 0, 0, 0, 0, 0, 0, 0, 0, 0, 0, 0, 0, 0, 0, 0, 0, 0, 0, 0, 0, 0, 0, 0, 0, 0, 0, 0, 0, 0, 0, 0, 0, 0, 0, 0, 0, 0, 0, 0, 0, 0, 0, 0, 0, 0, 0, 0, 0, 0, 0, 0, 0, 0, 0, 0, 0, : 9, 1, 12, 25, 3, 4, 9, 24, 15, 16, 5, 22, 3, 8, 17, 3, 9, 13, 14, 3, 12, 5, 19, 1, 3, 7, 6, 1, 4, 9, 12, 2, 1, 6, 4, 2, 1, 6, 14, 2, 4, 21, 1, 16, 12, 6, 2, 1, 9, 9, 4, 5, 
13: 2, 5, 3, 11, 5, 6, 4, 1, 9, 2, 3, 5, 37, 4, 8, 2, 17, 17, 10, 4, 4, 8, 5, 6, 4, 2, 12, 14, 3, 14, 1, 20, 12, 9, 3, 6, 2, 15, 14, 6, 1, 3, 28, 3, 7, 10, 6, 21, 2, 6, 9, 17, 12, 9, 10, 0, 0, 0, 0, 0, 0, 0, 0, 0, 0, 0, 0, 0, 0, 0, 0, 0, 0, 0, 0, 0, 0, 0, 0, 0, 0, 0, 0, 0, 0, 0, 0, 0, 0, 0, 0, 0, 0, 0, 0, 0, 0, 0, 0, 0, 0, 0, 0, 0, 0, 0, 0, 0, 0, 0, 0, 0, 0, 0, 0, 0, 0, 0, 0, 0, : 2, 5, 3, 11, 5, 6, 4, 1, 9, 2, 3, 5, 37, 4, 8, 2, 17, 17, 10, 4, 4, 8, 5, 6, 4, 2, 12, 14, 3, 14, 1, 20, 12, 9, 3, 6, 2, 15, 14, 6, 1, 3, 28, 3, 7, 10, 6, 21, 2, 6, 9, 17, 12, 9, 10, 
14: 4, 27, 2, 8, 4, 15, 2, 1, 16, 1, 3, 30, 2, 29, 18, 12, 5, 18, 12, 4, 5, 1, 10, 17, 7, 7, 4, 2, 12, 4, 5, 13, 13, 1, 19, 3, 10, 10, 5, 1, 5, 15, 6, 3, 20, 2, 4, 14, 3, 1, 4, 16, 6, 11, 4, 11, 9, 1, 4, 2, 4, 2, 8, 6, 1, 0, 0, 0, 0, 0, 0, 0, 0, 0, 0, 0, 0, 0, 0, 0, 0, 0, 0, 0, 0, 0, 0, 0, 0, 0, 0, 0, 0, 0, 0, 0, 0, 0, 0, 0, 0, 0, 0, 0, 0, 0, 0, 0, 0, 0, 0, 0, 0, 0, 0, 0, 0, 0, 0, 0, : 4, 27, 2, 8, 4, 15, 2, 1, 16, 1, 3, 30, 2, 29, 18, 12, 5, 18, 12, 4, 5, 1, 10, 17, 7, 7, 4, 2, 12, 4, 5, 13, 13, 1, 19, 3, 10, 10, 5, 1, 5, 15, 6, 3, 20, 2, 4, 14, 3, 1, 4, 16, 6, 11, 4, 11, 9, 1, 4, 2, 4, 2, 8, 6, 1, 
15: 1, 9, 1, 1, 4, 3, 2, 11, 2, 13, 10, 4, 17, 5, 2, 2, 2, 1, 4, 23, 23, 18, 3, 6, 11, 2, 30, 11, 2, 4, 15, 11, 19, 12, 19, 1, 3, 4, 2, 6, 10, 1, 15, 3, 21, 12, 3, 17, 1, 31, 4, 1, 2, 9, 9, 24, 2, 0, 0, 0, 0, 0, 0, 0, 0, 0, 0, 0, 0, 0, 0, 0, 0, 0, 0, 0, 0, 0, 0, 0, 0, 0, 0, 0, 0, 0, 0, 0, 0, 0, 0, 0, 0, 0, 0, 0, 0, 0, 0, 0, 0, 0, 0, 0, 0, 0, 0, 0, 0, 0, 0, 0, 0, 0, 0, 0, 0, 0, 0, 0, : 1, 9, 1, 1, 4, 3, 2, 11, 2, 13, 10, 4, 17, 5, 2, 2, 2, 1, 4, 23, 23, 18, 3, 6, 11, 2, 30, 11, 2, 4, 15, 11, 19, 12, 19, 1, 3, 4, 2, 6, 10, 1, 15, 3, 21, 12, 3, 17, 1, 31, 4, 1, 2, 9, 9, 24, 2, 
16: 3, 7, 2, 4, 15, 8, 1, 5, 2, 3, 11, 6, 3, 1, 16, 5, 1, 3, 8, 22, 3, 21, 1, 1, 25, 6, 21, 22, 5, 1, 2, 3, 2, 16, 3, 5, 4, 1, 3, 1, 10, 2, 5, 1, 15, 15, 14, 1, 1, 4, 2, 23, 2, 6, 7, 5, 5, 7, 37, 1, 16, 13, 15, 30, 2, 6, 12, 19, 1, 16, 2, 18, 1, 9, 1, 6, 14, 0, 0, 0, 0, 0, 0, 0, 0, 0, 0, 0, 0, 0, 0, 0, 0, 0, 0, 0, 0, 0, 0, 0, 0, 0, 0, 0, 0, 0, 0, 0, 0, 0, 0, 0, 0, 0, 0, 0, 0, 0, 0, 0, : 3, 7, 2, 4, 15, 8, 1, 5, 2, 3, 11, 6, 3, 1, 16, 5, 1, 3, 8, 22, 3, 21, 1, 1, 25, 6, 21, 22, 5, 1, 2, 3, 2, 16, 3, 5, 4, 1, 3, 1, 10, 2, 5, 1, 15, 15, 14, 1, 1, 4, 2, 23, 2, 6, 7, 5, 5, 7, 37, 1, 16, 13, 15, 30, 2, 6, 12, 19, 1, 16, 2, 18, 1, 9, 1, 6, 14, 
17: 7, 2, 2, 1, 6, 1, 10, 5, 2, 13, 28, 17, 3, 10, 6, 11, 10, 6, 1, 5, 1, 8, 3, 16, 7, 11, 32, 16, 3, 7, 1, 7, 11, 2, 2, 8, 32, 1, 3, 13, 1, 13, 5, 5, 10, 20, 10, 1, 22, 1, 11, 17, 0, 0, 0, 0, 0, 0, 0, 0, 0, 0, 0, 0, 0, 0, 0, 0, 0, 0, 0, 0, 0, 0, 0, 0, 0, 0, 0, 0, 0, 0, 0, 0, 0, 0, 0, 0, 0, 0, 0, 0, 0, 0, 0, 0, 0, 0, 0, 0, 0, 0, 0, 0, 0, 0, 0, 0, 0, 0, 0, 0, 0, 0, 0, 0, 0, 0, 0, 0, : 7, 2, 2, 1, 6, 1, 10, 5, 2, 13, 28, 17, 3, 10, 6, 11, 10, 6, 1, 5, 1, 8, 3, 16, 7, 11, 32, 16, 3, 7, 1, 7, 11, 2, 2, 8, 32, 1, 3, 13, 1, 13, 5, 5, 10, 20, 10, 1, 22, 1, 11, 17, 
18: 2, 12, 7, 1, 16, 15, 15, 35, 26, 4, 5, 4, 1, 3, 11, 7, 14, 1, 5, 2, 3, 7, 15, 17, 20, 10, 2, 3, 3, 2, 12, 7, 21, 1, 1, 10, 2, 18, 2, 6, 3, 3, 5, 3, 1, 2, 9, 5, 9, 2, 12, 0, 0, 0, 0, 0, 0, 0, 0, 0, 0, 0, 0, 0, 0, 0, 0, 0, 0, 0, 0, 0, 0, 0, 0, 0, 0, 0, 0, 0, 0, 0, 0, 0, 0, 0, 0, 0, 0, 0, 0, 0, 0, 0, 0, 0, 0, 0, 0, 0, 0, 0, 0, 0, 0, 0, 0, 0, 0, 0, 0, 0, 0, 0, 0, 0, 0, 0, 0, 0, : 2, 12, 7, 1, 16, 15, 15, 35, 26, 4, 5, 4, 1, 3, 11, 7, 14, 1, 5, 2, 3, 7, 15, 17, 20, 10, 2, 3, 3, 2, 12, 7, 21, 1, 1, 10, 2, 18, 2, 6, 3, 3, 5, 3, 1, 2, 9, 5, 9, 2, 12, 
19: 2, 9, 16, 26, 17, 1, 1, 2, 15, 13, 20, 6, 6, 11, 2, 2, 15, 14, 4, 6, 13, 13, 17, 10, 1, 6, 3, 5, 8, 16, 5, 2, 26, 32, 8, 16, 2, 13, 1, 0, 0, 0, 0, 0, 0, 0, 0, 0, 0, 0, 0, 0, 0, 0, 0, 0, 0, 0, 0, 0, 0, 0, 0, 0, 0, 0, 0, 0, 0, 0, 0, 0, 0, 0, 0, 0, 0, 0, 0, 0, 0, 0, 0, 0, 0, 0, 0, 0, 0, 0, 0, 0, 0, 0, 0, 0, 0, 0, 0, 0, 0, 0, 0, 0, 0, 0, 0, 0, 0, 0, 0, 0, 0, 0, 0, 0, 0, 0, 0, 0, : 2, 9, 16, 26, 17, 1, 1, 2, 15, 13, 20, 6, 6, 11, 2, 2, 15, 14, 4, 6, 13, 13, 17, 10, 1, 6, 3, 5, 8, 16, 5, 2, 26, 32, 8, 16, 2, 13, 1, 
20: 9, 6, 12, 9, 2, 3, 4, 2, 1, 24, 5, 21, 7, 6, 11, 8, 2, 5, 3, 4, 20, 1, 2, 3, 6, 1, 9, 15, 5, 1, 14, 1, 3, 2, 8, 4, 4, 9, 8, 9, 2, 20, 18, 1, 6, 1, 23, 17, 9, 31, 20, 7, 12, 1, 1, 1, 1, 10, 16, 28, 0, 0, 0, 0, 0, 0, 0, 0, 0, 0, 0, 0, 0, 0, 0, 0, 0, 0, 0, 0, 0, 0, 0, 0, 0, 0, 0, 0, 0, 0, 0, 0, 0, 0, 0, 0, 0, 0, 0, 0, 0, 0, 0, 0, 0, 0, 0, 0, 0, 0, 0, 0, 0, 0, 0, 0, 0, 0, 0, 0, : 9, 6, 12, 9, 2, 3, 4, 2, 1, 24, 5, 21, 7, 6, 11, 8, 2, 5, 3, 4, 20, 1, 2, 3, 6, 1, 9, 15, 5, 1, 14, 1, 3, 2, 8, 4, 4, 9, 8, 9, 2, 20, 18, 1, 6, 1, 23, 17, 9, 31, 20, 7, 12, 1, 1, 1, 1, 10, 16, 28, 
21: 8, 1, 4, 15, 6, 4, 2, 18, 3, 6, 2, 2, 4, 28, 27, 1, 11, 11, 1, 22, 11, 2, 4, 2, 3, 1, 6, 2, 14, 8, 1, 5, 7, 10, 30, 9, 8, 4, 24, 19, 18, 1, 4, 24, 1, 6, 1, 10, 1, 1, 4, 12, 6, 17, 17, 5, 7, 9, 5, 24, 0, 0, 0, 0, 0, 0, 0, 0, 0, 0, 0, 0, 0, 0, 0, 0, 0, 0, 0, 0, 0, 0, 0, 0, 0, 0, 0, 0, 0, 0, 0, 0, 0, 0, 0, 0, 0, 0, 0, 0, 0, 0, 0, 0, 0, 0, 0, 0, 0, 0, 0, 0, 0, 0, 0, 0, 0, 0, 0, 0, : 8, 1, 4, 15, 6, 4, 2, 18, 3, 6, 2, 2, 4, 28, 27, 1, 11, 11, 1, 22, 11, 2, 4, 2, 3, 1, 6, 2, 14, 8, 1, 5, 7, 10, 30, 9, 8, 4, 24, 19, 18, 1, 4, 24, 1, 6, 1, 10, 1, 1, 4, 12, 6, 17, 17, 5, 7, 9, 5, 24, 
22: 5, 3, 8, 16, 18, 7, 32, 10, 8, 22, 3, 14, 11, 1, 14, 7, 2, 18, 11, 24, 2, 12, 14, 2, 30, 4, 1, 2, 6, 8, 18, 10, 10, 15, 1, 6, 2, 8, 7, 2, 9, 12, 10, 11, 27, 8, 21, 2, 3, 1, 3, 5, 6, 2, 10, 4, 2, 22, 9, 11, 2, 13, 0, 0, 0, 0, 0, 0, 0, 0, 0, 0, 0, 0, 0, 0, 0, 0, 0, 0, 0, 0, 0, 0, 0, 0, 0, 0, 0, 0, 0, 0, 0, 0, 0, 0, 0, 0, 0, 0, 0, 0, 0, 0, 0, 0, 0, 0, 0, 0, 0, 0, 0, 0, 0, 0, 0, 0, 0, 0, : 5, 3, 8, 16, 18, 7, 32, 10, 8, 22, 3, 14, 11, 1, 14, 7, 2, 18, 11, 24, 2, 12, 14, 2, 30, 4, 1, 2, 6, 8, 18, 10, 10, 15, 1, 6, 2, 8, 7, 2, 9, 12, 10, 11, 27, 8, 21, 2, 3, 1, 3, 5, 6, 2, 10, 4, 2, 22, 9, 11, 2, 13, 
23: 1, 2, 18, 6, 7, 8, 1, 22, 3, 13, 4, 17, 1, 6, 20, 22, 8, 5, 1, 3, 13, 7, 1, 10, 6, 14, 3, 19, 8, 3, 1, 19, 3, 10, 7, 2, 1, 1, 2, 7, 4, 2, 4, 2, 17, 2, 25, 14, 5, 0, 0, 0, 0, 0, 0, 0, 0, 0, 0, 0, 0, 0, 0, 0, 0, 0, 0, 0, 0, 0, 0, 0, 0, 0, 0, 0, 0, 0, 0, 0, 0, 0, 0, 0, 0, 0, 0, 0, 0, 0, 0, 0, 0, 0, 0, 0, 0, 0, 0, 0, 0, 0, 0, 0, 0, 0, 0, 0, 0, 0, 0, 0, 0, 0, 0, 0, 0, 0, 0, 0, : 1, 2, 18, 6, 7, 8, 1, 22, 3, 13, 4, 17, 1, 6, 20, 22, 8, 5, 1, 3, 13, 7, 1, 10, 6, 14, 3, 19, 8, 3, 1, 19, 3, 10, 7, 2, 1, 1, 2, 7, 4, 2, 4, 2, 17, 2, 25, 14, 5, 
24: 1, 2, 24, 6, 5, 22, 4, 22, 6, 3, 10, 19, 1, 12, 11, 3, 2, 8, 6, 5, 4, 1, 15, 23, 1, 8, 19, 13, 1, 1, 4, 21, 15, 4, 1, 5, 25, 8, 7, 5, 1, 3, 2, 8, 30, 9, 1, 2, 3, 28, 2, 7, 1, 3, 36, 6, 1, 1, 2, 17, 9, 13, 7, 1, 5, 5, 0, 0, 0, 0, 0, 0, 0, 0, 0, 0, 0, 0, 0, 0, 0, 0, 0, 0, 0, 0, 0, 0, 0, 0, 0, 0, 0, 0, 0, 0, 0, 0, 0, 0, 0, 0, 0, 0, 0, 0, 0, 0, 0, 0, 0, 0, 0, 0, 0, 0, 0, 0, 0, 0, : 1, 2, 24, 6, 5, 22, 4, 22, 6, 3, 10, 19, 1, 12, 11, 3, 2, 8, 6, 5, 4, 1, 15, 23, 1, 8, 19, 13, 1, 1, 4, 21, 15, 4, 1, 5, 25, 8, 7, 5, 1, 3, 2, 8, 30, 9, 1, 2, 3, 28, 2, 7, 1, 3, 36, 6, 1, 1, 2, 17, 9, 13, 7, 1, 5, 5, 
25: 6, 6, 27, 10, 12, 15, 11, 7, 15, 11, 26, 4, 4, 2, 4, 7, 4, 5, 12, 2, 7, 6, 1, 3, 26, 24, 10, 16, 22, 27, 12, 20, 15, 9, 3, 3, 12, 6, 4, 6, 25, 8, 25, 16, 5, 2, 4, 5, 0, 0, 0, 0, 0, 0, 0, 0, 0, 0, 0, 0, 0, 0, 0, 0, 0, 0, 0, 0, 0, 0, 0, 0, 0, 0, 0, 0, 0, 0, 0, 0, 0, 0, 0, 0, 0, 0, 0, 0, 0, 0, 0, 0, 0, 0, 0, 0, 0, 0, 0, 0, 0, 0, 0, 0, 0, 0, 0, 0, 0, 0, 0, 0, 0, 0, 0, 0, 0, 0, 0, 0, : 6, 6, 27, 10, 12, 15, 11, 7, 15, 11, 26, 4, 4, 2, 4, 7, 4, 5, 12, 2, 7, 6, 1, 3, 26, 24, 10, 16, 22, 27, 12, 20, 15, 9, 3, 3, 12, 6, 4, 6, 25, 8, 25, 16, 5, 2, 4, 5, 
26: 12, 3, 21, 1, 3, 3, 2, 4, 1, 1, 13, 15, 3, 4, 10, 2, 3, 10, 11, 1, 3, 11, 8, 12, 2, 24, 10, 10, 3, 2, 1, 15, 12, 6, 1, 4, 3, 1, 17, 6, 19, 1, 1, 5, 1, 5, 3, 2, 5, 0, 0, 0, 0, 0, 0, 0, 0, 0, 0, 0, 0, 0, 0, 0, 0, 0, 0, 0, 0, 0, 0, 0, 0, 0, 0, 0, 0, 0, 0, 0, 0, 0, 0, 0, 0, 0, 0, 0, 0, 0, 0, 0, 0, 0, 0, 0, 0, 0, 0, 0, 0, 0, 0, 0, 0, 0, 0, 0, 0, 0, 0, 0, 0, 0, 0, 0, 0, 0, 0, 0, : 12, 3, 21, 1, 3, 3, 2, 4, 1, 1, 13, 15, 3, 4, 10, 2, 3, 10, 11, 1, 3, 11, 8, 12, 2, 24, 10, 10, 3, 2, 1, 15, 12, 6, 1, 4, 3, 1, 17, 6, 19, 1, 1, 5, 1, 5, 3, 2, 5, 
27: 2, 29, 3, 3, 3, 2, 7, 28, 12, 1, 1, 5, 3, 1, 1, 4, 13, 18, 1, 1, 19, 1, 9, 4, 9, 1, 2, 2, 6, 7, 10, 13, 37, 8, 5, 1, 21, 7, 16, 6, 19, 1, 7, 1, 5, 4, 2, 29, 14, 33, 6, 1, 4, 23, 9, 2, 1, 13, 12, 9, 4, 2, 4, 0, 0, 0, 0, 0, 0, 0, 0, 0, 0, 0, 0, 0, 0, 0, 0, 0, 0, 0, 0, 0, 0, 0, 0, 0, 0, 0, 0, 0, 0, 0, 0, 0, 0, 0, 0, 0, 0, 0, 0, 0, 0, 0, 0, 0, 0, 0, 0, 0, 0, 0, 0, 0, 0, 0, 0, 0, : 2, 29, 3, 3, 3, 2, 7, 28, 12, 1, 1, 5, 3, 1, 1, 4, 13, 18, 1, 1, 19, 1, 9, 4, 9, 1, 2, 2, 6, 7, 10, 13, 37, 8, 5, 1, 21, 7, 16, 6, 19, 1, 7, 1, 5, 4, 2, 29, 14, 33, 6, 1, 4, 23, 9, 2, 1, 13, 12, 9, 4, 2, 4, 
28: 1, 23, 3, 11, 25, 18, 5, 2, 28, 3, 4, 9, 5, 2, 12, 6, 16, 5, 2, 1, 6, 7, 11, 1, 16, 3, 21, 1, 32, 3, 2, 4, 4, 3, 20, 3, 22, 20, 1, 19, 7, 1, 1, 7, 34, 2, 6, 1, 16, 3, 16, 1, 23, 4, 32, 14, 4, 0, 0, 0, 0, 0, 0, 0, 0, 0, 0, 0, 0, 0, 0, 0, 0, 0, 0, 0, 0, 0, 0, 0, 0, 0, 0, 0, 0, 0, 0, 0, 0, 0, 0, 0, 0, 0, 0, 0, 0, 0, 0, 0, 0, 0, 0, 0, 0, 0, 0, 0, 0, 0, 0, 0, 0, 0, 0, 0, 0, 0, 0, 0, : 1, 23, 3, 11, 25, 18, 5, 2, 28, 3, 4, 9, 5, 2, 12, 6, 16, 5, 2, 1, 6, 7, 11, 1, 16, 3, 21, 1, 32, 3, 2, 4, 4, 3, 20, 3, 22, 20, 1, 19, 7, 1, 1, 7, 34, 2, 6, 1, 16, 3, 16, 1, 23, 4, 32, 14, 4, 
29: 10, 27, 17, 11, 2, 1, 8, 6, 16, 7, 1, 12, 11, 9, 10, 2, 5, 3, 9, 1, 8, 20, 6, 4, 2, 16, 36, 3, 14, 5, 4, 8, 5, 1, 8, 6, 1, 8, 12, 9, 1, 1, 4, 2, 4, 16, 8, 6, 2, 6, 33, 6, 19, 3, 3, 5, 3, 19, 1, 10, 3, 2, 2, 1, 4, 15, 3, 0, 0, 0, 0, 0, 0, 0, 0, 0, 0, 0, 0, 0, 0, 0, 0, 0, 0, 0, 0, 0, 0, 0, 0, 0, 0, 0, 0, 0, 0, 0, 0, 0, 0, 0, 0, 0, 0, 0, 0, 0, 0, 0, 0, 0, 0, 0, 0, 0, 0, 0, 0, 0, : 10, 27, 17, 11, 2, 1, 8, 6, 16, 7, 1, 12, 11, 9, 10, 2, 5, 3, 9, 1, 8, 20, 6, 4, 2, 16, 36, 3, 14, 5, 4, 8, 5, 1, 8, 6, 1, 8, 12, 9, 1, 1, 4, 2, 4, 16, 8, 6, 2, 6, 33, 6, 19, 3, 3, 5, 3, 19, 1, 10, 3, 2, 2, 1, 4, 15, 3, 
30: 1, 24, 32, 6, 14, 1, 31, 5, 1, 6, 4, 2, 4, 12, 4, 11, 2, 16, 9, 14, 3, 3, 28, 14, 3, 1, 24, 1, 21, 10, 4, 6, 2, 5, 2, 2, 15, 8, 32, 1, 2, 10, 19, 12, 34, 11, 17, 4, 5, 4, 2, 2, 0, 0, 0, 0, 0, 0, 0, 0, 0, 0, 0, 0, 0, 0, 0, 0, 0, 0, 0, 0, 0, 0, 0, 0, 0, 0, 0, 0, 0, 0, 0, 0, 0, 0, 0, 0, 0, 0, 0, 0, 0, 0, 0, 0, 0, 0, 0, 0, 0, 0, 0, 0, 0, 0, 0, 0, 0, 0, 0, 0, 0, 0, 0, 0, 0, 0, 0, 0, : 1, 24, 32, 6, 14, 1, 31, 5, 1, 6, 4, 2, 4, 12, 4, 11, 2, 16, 9, 14, 3, 3, 28, 14, 3, 1, 24, 1, 21, 10, 4, 6, 2, 5, 2, 2, 15, 8, 32, 1, 2, 10, 19, 12, 34, 11, 17, 4, 5, 4, 2, 2, 
31: 15, 5, 11, 1, 3, 3, 1, 7, 16, 2, 23, 1, 4, 37, 24, 17, 11, 10, 5, 7, 3, 1, 5, 19, 21, 6, 7, 1, 1, 2, 4, 3, 26, 3, 2, 2, 2, 26, 5, 9, 21, 14, 1, 1, 1, 13, 7, 16, 20, 11, 14, 10, 27, 1, 2, 21, 9, 0, 0, 0, 0, 0, 0, 0, 0, 0, 0, 0, 0, 0, 0, 0, 0, 0, 0, 0, 0, 0, 0, 0, 0, 0, 0, 0, 0, 0, 0, 0, 0, 0, 0, 0, 0, 0, 0, 0, 0, 0, 0, 0, 0, 0, 0, 0, 0, 0, 0, 0, 0, 0, 0, 0, 0, 0, 0, 0, 0, 0, 0, 0, : 15, 5, 11, 1, 3, 3, 1, 7, 16, 2, 23, 1, 4, 37, 24, 17, 11, 10, 5, 7, 3, 1, 5, 19, 21, 6, 7, 1, 1, 2, 4, 3, 26, 3, 2, 2, 2, 26, 5, 9, 21, 14, 1, 1, 1, 13, 7, 16, 20, 11, 14, 10, 27, 1, 2, 21, 9, 
32: 3, 29, 8, 3, 2, 7, 19, 16, 8, 2, 14, 4, 1, 1, 6, 1, 4, 7, 8, 1, 26, 13, 18, 4, 2, 5, 4, 25, 7, 2, 2, 13, 1, 2, 19, 9, 8, 4, 30, 11, 12, 4, 3, 15, 5, 5, 0, 0, 0, 0, 0, 0, 0, 0, 0, 0, 0, 0, 0, 0, 0, 0, 0, 0, 0, 0, 0, 0, 0, 0, 0, 0, 0, 0, 0, 0, 0, 0, 0, 0, 0, 0, 0, 0, 0, 0, 0, 0, 0, 0, 0, 0, 0, 0, 0, 0, 0, 0, 0, 0, 0, 0, 0, 0, 0, 0, 0, 0, 0, 0, 0, 0, 0, 0, 0, 0, 0, 0, 0, 0, : 3, 29, 8, 3, 2, 7, 19, 16, 8, 2, 14, 4, 1, 1, 6, 1, 4, 7, 8, 1, 26, 13, 18, 4, 2, 5, 4, 25, 7, 2, 2, 13, 1, 2, 19, 9, 8, 4, 30, 11, 12, 4, 3, 15, 5, 5, 
33: 24, 15, 8, 13, 6, 5, 26, 18, 2, 2, 3, 11, 24, 2, 2, 2, 1, 2, 11, 1, 12, 2, 3, 5, 1, 6, 3, 15, 8, 12, 14, 1, 7, 3, 4, 2, 15, 5, 14, 2, 3, 3, 1, 5, 9, 2, 11, 1, 18, 2, 18, 2, 10, 3, 27, 1, 21, 3, 9, 13, 5, 6, 0, 0, 0, 0, 0, 0, 0, 0, 0, 0, 0, 0, 0, 0, 0, 0, 0, 0, 0, 0, 0, 0, 0, 0, 0, 0, 0, 0, 0, 0, 0, 0, 0, 0, 0, 0, 0, 0, 0, 0, 0, 0, 0, 0, 0, 0, 0, 0, 0, 0, 0, 0, 0, 0, 0, 0, 0, 0, : 24, 15, 8, 13, 6, 5, 26, 18, 2, 2, 3, 11, 24, 2, 2, 2, 1, 2, 11, 1, 12, 2, 3, 5, 1, 6, 3, 15, 8, 12, 14, 1, 7, 3, 4, 2, 15, 5, 14, 2, 3, 3, 1, 5, 9, 2, 11, 1, 18, 2, 18, 2, 10, 3, 27, 1, 21, 3, 9, 13, 5, 6, 
34: 19, 12, 11, 5, 21, 1, 11, 3, 11, 6, 8, 22, 5, 17, 1, 16, 3, 1, 8, 16, 7, 8, 11, 2, 2, 31, 2, 18, 2, 3, 3, 4, 2, 18, 5, 24, 33, 2, 27, 23, 9, 2, 10, 3, 5, 3, 24, 3, 18, 4, 1, 4, 2, 5, 6, 10, 22, 5, 2, 8, 9, 1, 14, 2, 0, 0, 0, 0, 0, 0, 0, 0, 0, 0, 0, 0, 0, 0, 0, 0, 0, 0, 0, 0, 0, 0, 0, 0, 0, 0, 0, 0, 0, 0, 0, 0, 0, 0, 0, 0, 0, 0, 0, 0, 0, 0, 0, 0, 0, 0, 0, 0, 0, 0, 0, 0, 0, 0, 0, 0, : 19, 12, 11, 5, 21, 1, 11, 3, 11, 6, 8, 22, 5, 17, 1, 16, 3, 1, 8, 16, 7, 8, 11, 2, 2, 31, 2, 18, 2, 3, 3, 4, 2, 18, 5, 24, 33, 2, 27, 23, 9, 2, 10, 3, 5, 3, 24, 3, 18, 4, 1, 4, 2, 5, 6, 10, 22, 5, 2, 8, 9, 1, 14, 2, 
35: 2, 6, 3, 16, 28, 10, 1, 1, 8, 6, 1, 5, 5, 1, 1, 3, 4, 5, 1, 22, 3, 18, 2, 18, 1, 10, 4, 6, 5, 1, 14, 2, 3, 9, 9, 25, 21, 3, 8, 3, 8, 30, 20, 1, 2, 9, 10, 5, 12, 4, 7, 1, 19, 5, 2, 13, 7, 4, 1, 1, 12, 15, 2, 1, 21, 2, 5, 2, 13, 15, 3, 1, 0, 0, 0, 0, 0, 0, 0, 0, 0, 0, 0, 0, 0, 0, 0, 0, 0, 0, 0, 0, 0, 0, 0, 0, 0, 0, 0, 0, 0, 0, 0, 0, 0, 0, 0, 0, 0, 0, 0, 0, 0, 0, 0, 0, 0, 0, 0, 0, : 2, 6, 3, 16, 28, 10, 1, 1, 8, 6, 1, 5, 5, 1, 1, 3, 4, 5, 1, 22, 3, 18, 2, 18, 1, 10, 4, 6, 5, 1, 14, 2, 3, 9, 9, 25, 21, 3, 8, 3, 8, 30, 20, 1, 2, 9, 10, 5, 12, 4, 7, 1, 19, 5, 2, 13, 7, 4, 1, 1, 12, 15, 2, 1, 21, 2, 5, 2, 13, 15, 3, 1, 
36: 10, 2, 17, 30, 6, 2, 5, 31, 12, 2, 13, 1, 2, 7, 1, 1, 1, 14, 11, 3, 5, 10, 1, 5, 2, 29, 4, 5, 3, 2, 10, 3, 4, 2, 5, 4, 7, 3, 2, 7, 2, 25, 3, 5, 3, 5, 11, 2, 21, 5, 12, 7, 26, 6, 4, 3, 17, 9, 3, 0, 0, 0, 0, 0, 0, 0, 0, 0, 0, 0, 0, 0, 0, 0, 0, 0, 0, 0, 0, 0, 0, 0, 0, 0, 0, 0, 0, 0, 0, 0, 0, 0, 0, 0, 0, 0, 0, 0, 0, 0, 0, 0, 0, 0, 0, 0, 0, 0, 0, 0, 0, 0, 0, 0, 0, 0, 0, 0, 0, 0, : 10, 2, 17, 30, 6, 2, 5, 31, 12, 2, 13, 1, 2, 7, 1, 1, 1, 14, 11, 3, 5, 10, 1, 5, 2, 29, 4, 5, 3, 2, 10, 3, 4, 2, 5, 4, 7, 3, 2, 7, 2, 25, 3, 5, 3, 5, 11, 2, 21, 5, 12, 7, 26, 6, 4, 3, 17, 9, 3, 
37: 1, 13, 2, 1, 8, 16, 1, 6, 9, 7, 6, 4, 3, 4, 13, 26, 1, 22, 7, 38, 18, 4, 3, 3, 9, 14, 28, 14, 28, 7, 26, 37, 1, 3, 4, 4, 2, 5, 1, 1, 6, 4, 1, 1, 5, 7, 10, 5, 16, 7, 25, 19, 22, 3, 3, 5, 1, 8, 4, 8, 1, 1, 7, 3, 28, 2, 16, 1, 3, 2, 7, 4, 7, 1, 13, 9, 1, 2, 3, 16, 3, 6, 11, 12, 3, 3, 13, 2, 10, 17, 3, 24, 0, 0, 0, 0, 0, 0, 0, 0, 0, 0, 0, 0, 0, 0, 0, 0, 0, 0, 0, 0, 0, 0, 0, 0, 0, 0, 0, 0, : 1, 13, 2, 1, 8, 16, 1, 6, 9, 7, 6, 4, 3, 4, 13, 26, 1, 22, 7, 38, 18, 4, 3, 3, 9, 14, 28, 14, 28, 7, 26, 37, 1, 3, 4, 4, 2, 5, 1, 1, 6, 4, 1, 1, 5, 7, 10, 5, 16, 7, 25, 19, 22, 3, 3, 5, 1, 8, 4, 8, 1, 1, 7, 3, 28, 2, 16, 1, 3, 2, 7, 4, 7, 1, 13, 9, 1, 2, 3, 16, 3, 6, 11, 12, 3, 3, 13, 2, 10, 17, 3, 24, 
38: 4, 1, 8, 21, 5, 2, 8, 1, 3, 1, 4, 9, 10, 15, 2, 6, 3, 5, 16, 29, 4, 5, 5, 21, 1, 8, 14, 1, 13, 3, 10, 16, 4, 5, 7, 2, 1, 21, 2, 14, 1, 19, 6, 2, 4, 9, 18, 2, 29, 9, 0, 0, 0, 0, 0, 0, 0, 0, 0, 0, 0, 0, 0, 0, 0, 0, 0, 0, 0, 0, 0, 0, 0, 0, 0, 0, 0, 0, 0, 0, 0, 0, 0, 0, 0, 0, 0, 0, 0, 0, 0, 0, 0, 0, 0, 0, 0, 0, 0, 0, 0, 0, 0, 0, 0, 0, 0, 0, 0, 0, 0, 0, 0, 0, 0, 0, 0, 0, 0, 0, : 4, 1, 8, 21, 5, 2, 8, 1, 3, 1, 4, 9, 10, 15, 2, 6, 3, 5, 16, 29, 4, 5, 5, 21, 1, 8, 14, 1, 13, 3, 10, 16, 4, 5, 7, 2, 1, 21, 2, 14, 1, 19, 6, 2, 4, 9, 18, 2, 29, 9, 
39: 22, 12, 2, 18, 5, 14, 3, 4, 1, 1, 5, 2, 4, 13, 9, 18, 2, 13, 6, 29, 15, 18, 5, 5, 14, 1, 9, 2, 3, 1, 5, 2, 3, 8, 4, 9, 3, 2, 8, 1, 8, 2, 13, 2, 5, 17, 15, 19, 29, 2, 12, 5, 1, 2, 13, 0, 0, 0, 0, 0, 0, 0, 0, 0, 0, 0, 0, 0, 0, 0, 0, 0, 0, 0, 0, 0, 0, 0, 0, 0, 0, 0, 0, 0, 0, 0, 0, 0, 0, 0, 0, 0, 0, 0, 0, 0, 0, 0, 0, 0, 0, 0, 0, 0, 0, 0, 0, 0, 0, 0, 0, 0, 0, 0, 0, 0, 0, 0, 0, 0, : 22, 12, 2, 18, 5, 14, 3, 4, 1, 1, 5, 2, 4, 13, 9, 18, 2, 13, 6, 29, 15, 18, 5, 5, 14, 1, 9, 2, 3, 1, 5, 2, 3, 8, 4, 9, 3, 2, 8, 1, 8, 2, 13, 2, 5, 17, 15, 19, 29, 2, 12, 5, 1, 2, 13, 
40: 16, 5, 10, 2, 1, 8, 1, 13, 11, 4, 1, 20, 8, 1, 10, 16, 2, 5, 1, 3, 8, 19, 15, 22, 7, 4, 2, 29, 25, 1, 7, 7, 4, 27, 1, 6, 11, 6, 3, 7, 2, 7, 16, 4, 3, 17, 7, 22, 4, 3, 6, 6, 3, 4, 30, 3, 7, 1, 3, 6, 8, 3, 7, 21, 10, 11, 2, 3, 1, 5, 6, 0, 0, 0, 0, 0, 0, 0, 0, 0, 0, 0, 0, 0, 0, 0, 0, 0, 0, 0, 0, 0, 0, 0, 0, 0, 0, 0, 0, 0, 0, 0, 0, 0, 0, 0, 0, 0, 0, 0, 0, 0, 0, 0, 0, 0, 0, 0, 0, 0, : 16, 5, 10, 2, 1, 8, 1, 13, 11, 4, 1, 20, 8, 1, 10, 16, 2, 5, 1, 3, 8, 19, 15, 22, 7, 4, 2, 29, 25, 1, 7, 7, 4, 27, 1, 6, 11, 6, 3, 7, 2, 7, 16, 4, 3, 17, 7, 22, 4, 3, 6, 6, 3, 4, 30, 3, 7, 1, 3, 6, 8, 3, 7, 21, 10, 11, 2, 3, 1, 5, 6, 


