120
80
1: 4, 2, 1, 5, 9, 1, 29, 3, 8, 11, 1, 3, 1, 4, 5, 7, 8, 1, 11, 13, 12, 4, 8, 14, 1, 1, 3, 28, 7, 3, 6, 18, 17, 2, 14, 3, 2, 11, 1, 16, 16, 2, 7, 1, 2, 4, 2, 5, 4, 9, 5, 19, 4, 7, 6, 3, 1, 1, 28, 2, 3, 2, 12, 1, 28, 4, 18, 19, 1, 9, 8, 4, 6, 0, 0, 0, 0, 0, 0, 0, 0, 0, 0, 0, 0, 0, 0, 0, 0, 0, 0, 0, 0, 0, 0, 0, 0, 0, 0, 0, 0, 0, 0, 0, 0, 0, 0, 0, 0, 0, 0, 0, 0, 0, 0, 0, 0, 0, 0, 0, : 4, 2, 1, 5, 9, 1, 29, 3, 8, 11, 1, 3, 1, 4, 5, 7, 8, 1, 11, 13, 12, 4, 8, 14, 1, 1, 3, 28, 7, 3, 6, 18, 17, 2, 14, 3, 2, 11, 1, 16, 16, 2, 7, 1, 2, 4, 2, 5, 4, 9, 5, 19, 4, 7, 6, 3, 1, 1, 28, 2, 3, 2, 12, 1, 28, 4, 18, 19, 1, 9, 8, 4, 6, 
2: 2, 5, 7, 21, 12, 1, 23, 6, 5, 18, 2, 11, 21, 3, 2, 15, 1, 7, 4, 22, 7, 3, 23, 4, 2, 3, 2, 15, 15, 10, 2, 12, 25, 16, 10, 1, 25, 27, 4, 8, 5, 9, 21, 2, 4, 9, 3, 11, 5, 3, 5, 3, 21, 0, 0, 0, 0, 0, 0, 0, 0, 0, 0, 0, 0, 0, 0, 0, 0, 0, 0, 0, 0, 0, 0, 0, 0, 0, 0, 0, 0, 0, 0, 0, 0, 0, 0, 0, 0, 0, 0, 0, 0, 0, 0, 0, 0, 0, 0, 0, 0, 0, 0, 0, 0, 0, 0, 0, 0, 0, 0, 0, 0, 0, 0, 0, 0, 0, 0, 0, : 2, 5, 7, 21, 12, 1, 23, 6, 5, 18, 2, 11, 21, 3, 2, 15, 1, 7, 4, 22, 7, 3, 23, 4, 2, 3, 2, 15, 15, 10, 2, 12, 25, 16, 10, 1, 25, 27, 4, 8, 5, 9, 21, 2, 4, 9, 3, 11, 5, 3, 5, 3, 21, 
3: 7, 11, 7, 1, 2, 7, 13, 3, 12, 9, 18, 8, 3, 1, 12, 6, 2, 1, 2, 6, 3, 3, 1, 3, 5, 2, 11, 4, 3, 4, 4, 3, 10, 25, 2, 1, 2, 13, 16, 7, 7, 2, 7, 1, 10, 6, 27, 3, 0, 0, 0, 0, 0, 0, 0, 0, 0, 0, 0, 0, 0, 0, 0, 0, 0, 0, 0, 0, 0, 0, 0, 0, 0, 0, 0, 0, 0, 0, 0, 0, 0, 0, 0, 0, 0, 0, 0, 0, 0, 0, 0, 0, 0, 0, 0, 0, 0, 0, 0, 0, 0, 0, 0, 0, 0, 0, 0, 0, 0, 0, 0, 0, 0, 0, 0, 0, 0, 0, 0, 0, : 7, 11, 7, 1, 2, 7, 13, 3, 12, 9, 18, 8, 3, 1, 12, 6, 2, 1, 2, 6, 3, 3, 1, 3, 5, 2, 11, 4, 3, 4, 4, 3, 10, 25, 2, 1, 2, 13, 16, 7, 7, 2, 7, 1, 10, 6, 27, 3, 
4: 3, 3, 7, 1, 4, 2, 11, 10, 6, 2, 21, 1, 2, 5, 15, 3, 23, 5, 14, 4, 1, 5, 21, 1, 26, 1, 19, 4, 39, 15, 4, 6, 5, 5, 3, 15, 1, 2, 2, 2, 7, 3, 5, 9, 19, 3, 9, 15, 13, 2, 8, 13, 4, 24, 12, 2, 2, 2, 3, 3, 3, 1, 1, 4, 5, 7, 1, 0, 0, 0, 0, 0, 0, 0, 0, 0, 0, 0, 0, 0, 0, 0, 0, 0, 0, 0, 0, 0, 0, 0, 0, 0, 0, 0, 0, 0, 0, 0, 0, 0, 0, 0, 0, 0, 0, 0, 0, 0, 0, 0, 0, 0, 0, 0, 0, 0, 0, 0, 0, 0, : 3, 3, 7, 1, 4, 2, 11, 10, 6, 2, 21, 1, 2, 5, 15, 3, 23, 5, 14, 4, 1, 5, 21, 1, 26, 1, 19, 4, 39, 15, 4, 6, 5, 5, 3, 15, 1, 2, 2, 2, 7, 3, 5, 9, 19, 3, 9, 15, 13, 2, 8, 13, 4, 24, 12, 2, 2, 2, 3, 3, 3, 1, 1, 4, 5, 7, 1, 
5: 7, 6, 9, 15, 23, 11, 2, 1, 7, 2, 1, 1, 6, 6, 5, 1, 3, 11, 6, 9, 2, 4, 9, 2, 7, 8, 11, 9, 6, 12, 1, 18, 32, 2, 11, 2, 5, 6, 12, 1, 4, 29, 8, 23, 15, 3, 4, 0, 0, 0, 0, 0, 0, 0, 0, 0, 0, 0, 0, 0, 0, 0, 0, 0, 0, 0, 0, 0, 0, 0, 0, 0, 0, 0, 0, 0, 0, 0, 0, 0, 0, 0, 0, 0, 0, 0, 0, 0, 0, 0, 0, 0, 0, 0, 0, 0, 0, 0, 0, 0, 0, 0, 0, 0, 0, 0, 0, 0, 0, 0, 0, 0, 0, 0, 0, 0, 0, 0, 0, 0, : 7, 6, 9, 15, 23, 11, 2, 1, 7, 2, 1, 1, 6, 6, 5, 1, 3, 11, 6, 9, 2, 4, 9, 2, 7, 8, 11, 9, 6, 12, 1, 18, 32, 2, 11, 2, 5, 6, 12, 1, 4, 29, 8, 23, 15, 3, 4, 
6: 1, 1, 6, 34, 2, 14, 6, 1, 10, 2, 4, 4, 4, 29, 10, 3, 5, 23, 4, 5, 2, 25, 23, 5, 4, 1, 6, 1, 22, 6, 5, 10, 9, 4, 19, 28, 23, 8, 4, 7, 2, 3, 2, 3, 3, 32, 5, 3, 6, 1, 9, 2, 21, 14, 21, 3, 3, 16, 8, 0, 0, 0, 0, 0, 0, 0, 0, 0, 0, 0, 0, 0, 0, 0, 0, 0, 0, 0, 0, 0, 0, 0, 0, 0, 0, 0, 0, 0, 0, 0, 0, 0, 0, 0, 0, 0, 0, 0, 0, 0, 0, 0, 0, 0, 0, 0, 0, 0, 0, 0, 0, 0, 0, 0, 0, 0, 0, 0, 0, 0, : 1, 1, 6, 34, 2, 14, 6, 1, 10, 2, 4, 4, 4, 29, 10, 3, 5, 23, 4, 5, 2, 25, 23, 5, 4, 1, 6, 1, 22, 6, 5, 10, 9, 4, 19, 28, 23, 8, 4, 7, 2, 3, 2, 3, 3, 32, 5, 3, 6, 1, 9, 2, 21, 14, 21, 3, 3, 16, 8, 
7: 5, 11, 1, 3, 1, 3, 3, 8, 7, 1, 3, 4, 9, 14, 7, 5, 5, 1, 10, 17, 29, 18, 10, 6, 3, 7, 10, 7, 19, 6, 1, 2, 11, 1, 3, 3, 1, 8, 19, 15, 11, 1, 2, 1, 11, 1, 4, 6, 7, 6, 2, 3, 1, 2, 24, 0, 0, 0, 0, 0, 0, 0, 0, 0, 0, 0, 0, 0, 0, 0, 0, 0, 0, 0, 0, 0, 0, 0, 0, 0, 0, 0, 0, 0, 0, 0, 0, 0, 0, 0, 0, 0, 0, 0, 0, 0, 0, 0, 0, 0, 0, 0, 0, 0, 0, 0, 0, 0, 0, 0, 0, 0, 0, 0, 0, 0, 0, 0, 0, 0, : 5, 11, 1, 3, 1, 3, 3, 8, 7, 1, 3, 4, 9, 14, 7, 5, 5, 1, 10, 17, 29, 18, 10, 6, 3, 7, 10, 7, 19, 6, 1, 2, 11, 1, 3, 3, 1, 8, 19, 15, 11, 1, 2, 1, 11, 1, 4, 6, 7, 6, 2, 3, 1, 2, 24, 
8: 18, 3, 15, 4, 3, 8, 2, 3, 4, 9, 1, 1, 3, 4, 14, 9, 14, 2, 14, 9, 5, 11, 1, 4, 6, 5, 1, 3, 18, 7, 2, 9, 18, 14, 13, 8, 1, 6, 7, 1, 23, 2, 10, 1, 30, 14, 9, 5, 26, 1, 26, 1, 24, 4, 20, 12, 19, 15, 0, 0, 0, 0, 0, 0, 0, 0, 0, 0, 0, 0, 0, 0, 0, 0, 0, 0, 0, 0, 0, 0, 0, 0, 0, 0, 0, 0, 0, 0, 0, 0, 0, 0, 0, 0, 0, 0, 0, 0, 0, 0, 0, 0, 0, 0, 0, 0, 0, 0, 0, 0, 0, 0, 0, 0, 0, 0, 0, 0, 0, 0, : 18, 3, 15, 4, 3, 8, 2, 3, 4, 9, 1, 1, 3, 4, 14, 9, 14, 2, 14, 9, 5, 11, 1, 4, 6, 5, 1, 3, 18, 7, 2, 9, 18, 14, 13, 8, 1, 6, 7, 1, 23, 2, 10, 1, 30, 14, 9, 5, 26, 1, 26, 1, 24, 4, 20, 12, 19, 15, 
9: 9, 3, 11, 4, 16, 6, 1, 23, 7, 1, 4, 6, 9, 7, 7, 9, 4, 6, 3, 8, 21, 1, 1, 5, 3, 3, 5, 2, 15, 15, 5, 8, 2, 7, 1, 5, 17, 6, 4, 9, 25, 2, 3, 2, 27, 12, 15, 16, 28, 2, 22, 3, 30, 3, 13, 20, 15, 6, 3, 2, 5, 12, 22, 18, 9, 6, 4, 0, 0, 0, 0, 0, 0, 0, 0, 0, 0, 0, 0, 0, 0, 0, 0, 0, 0, 0, 0, 0, 0, 0, 0, 0, 0, 0, 0, 0, 0, 0, 0, 0, 0, 0, 0, 0, 0, 0, 0, 0, 0, 0, 0, 0, 0, 0, 0, 0, 0, 0, 0, 0, : 9, 3, 11, 4, 16, 6, 1, 23, 7, 1, 4, 6, 9, 7, 7, 9, 4, 6, 3, 8, 21, 1, 1, 5, 3, 3, 5, 2, 15, 15, 5, 8, 2, 7, 1, 5, 17, 6, 4, 9, 25, 2, 3, 2, 27, 12, 15, 16, 28, 2, 22, 3, 30, 3, 13, 20, 15, 6, 3, 2, 5, 12, 22, 18, 9, 6, 4, 
10: 6, 10, 18, 4, 1, 1, 6, 1, 1, 35, 14, 4, 9, 2, 3, 3, 32, 6, 3, 4, 9, 6, 1, 14, 2, 1, 35, 30, 2, 11, 24, 11, 13, 2, 14, 0, 0, 0, 0, 0, 0, 0, 0, 0, 0, 0, 0, 0, 0, 0, 0, 0, 0, 0, 0, 0, 0, 0, 0, 0, 0, 0, 0, 0, 0, 0, 0, 0, 0, 0, 0, 0, 0, 0, 0, 0, 0, 0, 0, 0, 0, 0, 0, 0, 0, 0, 0, 0, 0, 0, 0, 0, 0, 0, 0, 0, 0, 0, 0, 0, 0, 0, 0, 0, 0, 0, 0, 0, 0, 0, 0, 0, 0, 0, 0, 0, 0, 0, 0, 0, : 6, 10, 18, 4, 1, 1, 6, 1, 1, 35, 14, 4, 9, 2, 3, 3, 32, 6, 3, 4, 9, 6, 1, 14, 2, 1, 35, 30, 2, 11, 24, 11, 13, 2, 14, 
11: 2, 3, 5, 2, 4, 9, 5, 31, 4, 20, 2, 4, 3, 1, 10, 4, 1, 19, 5, 11, 8, 2, 9, 20, 5, 2, 6, 2, 1, 3, 9, 9, 22, 2, 7, 3, 24, 9, 23, 20, 1, 24, 4, 5, 7, 15, 4, 2, 8, 15, 0, 0, 0, 0, 0, 0, 0, 0, 0, 0, 0, 0, 0, 0, 0, 0, 0, 0, 0, 0, 0, 0, 0, 0, 0, 0, 0, 0, 0, 0, 0, 0, 0, 0, 0, 0, 0, 0, 0, 0, 0, 0, 0, 0, 0, 0, 0, 0, 0, 0, 0, 0, 0, 0, 0, 0, 0, 0, 0, 0, 0, 0, 0, 0, 0, 0, 0, 0, 0, 0, : 2, 3, 5, 2, 4, 9, 5, 31, 4, 20, 2, 4, 3, 1, 10, 4, 1, 19, 5, 11, 8, 2, 9, 20, 5, 2, 6, 2, 1, 3, 9, 9, 22, 2, 7, 3, 24, 9, 23, 20, 1, 24, 4, 5, 7, 15, 4, 2, 8, 15, 
12: 20, 2, 1, 2, 2, 17, 4, 4, 6, 2, 2, 12, 3, 4, 16, 2, 2, 20, 3, 6, 3, 2, 23, 4, 1, 6, 2, 1, 4, 7, 4, 22, 2, 4, 1, 25, 3, 1, 4, 1, 3, 1, 1, 2, 9, 14, 8, 9, 8, 13, 1, 8, 8, 3, 2, 3, 5, 0, 0, 0, 0, 0, 0, 0, 0, 0, 0, 0, 0, 0, 0, 0, 0, 0, 0, 0, 0, 0, 0, 0, 0, 0, 0, 0, 0, 0, 0, 0, 0, 0, 0, 0, 0, 0, 0, 0, 0, 0, 0, 0, 0, 0, 0, 0, 0, 0, 0, 0, 0, 0, 0, 0, 0, 0, 0, 0, 0, 0, 0, 0, : 20, 2, 1, 2, 2, 17, 4, 4, 6, 2, 2, 12, 3, 4, 16, 2, 2, 20, 3, 6, 3, 2, 23, 4, 1, 6, 2, 1, 4, 7, 4, 22, 2, 4, 1, 25, 3, 1, 4, 1, 3, 1, 1, 2, 9, 14, 8, 9, 8, 13, 1, 8, 8, 3, 2, 3, 5, 
13: 7, 1, 29, 8, 31, 2, 4, 3, 7, 2, 4, 13, 12, 5, 1, 14, 8, 3, 6, 13, 29, 4, 1, 2, 11, 15, 3, 5, 4, 22, 10, 11, 8, 21, 4, 3, 1, 1, 30, 4, 12, 10, 5, 0, 0, 0, 0, 0, 0, 0, 0, 0, 0, 0, 0, 0, 0, 0, 0, 0, 0, 0, 0, 0, 0, 0, 0, 0, 0, 0, 0, 0, 0, 0, 0, 0, 0, 0, 0, 0, 0, 0, 0, 0, 0, 0, 0, 0, 0, 0, 0, 0, 0, 0, 0, 0, 0, 0, 0, 0, 0, 0, 0, 0, 0, 0, 0, 0, 0, 0, 0, 0, 0, 0, 0, 0, 0, 0, 0, 0, : 7, 1, 29, 8, 31, 2, 4, 3, 7, 2, 4, 13, 12, 5, 1, 14, 8, 3, 6, 13, 29, 4, 1, 2, 11, 15, 3, 5, 4, 22, 10, 11, 8, 21, 4, 3, 1, 1, 30, 4, 12, 10, 5, 
14: 24, 2, 4, 1, 2, 1, 4, 15, 2, 27, 5, 7, 2, 1, 2, 2, 1, 29, 1, 17, 6, 2, 1, 1, 8, 17, 17, 10, 1, 4, 28, 8, 19, 9, 15, 12, 7, 6, 25, 23, 23, 1, 17, 17, 3, 0, 0, 0, 0, 0, 0, 0, 0, 0, 0, 0, 0, 0, 0, 0, 0, 0, 0, 0, 0, 0, 0, 0, 0, 0, 0, 0, 0, 0, 0, 0, 0, 0, 0, 0, 0, 0, 0, 0, 0, 0, 0, 0, 0, 0, 0, 0, 0, 0, 0, 0, 0, 0, 0, 0, 0, 0, 0, 0, 0, 0, 0, 0, 0, 0, 0, 0, 0, 0, 0, 0, 0, 0, 0, 0, : 24, 2, 4, 1, 2, 1, 4, 15, 2, 27, 5, 7, 2, 1, 2, 2, 1, 29, 1, 17, 6, 2, 1, 1, 8, 17, 17, 10, 1, 4, 28, 8, 19, 9, 15, 12, 7, 6, 25, 23, 23, 1, 17, 17, 3, 
15: 21, 2, 5, 7, 3, 7, 12, 7, 3, 25, 8, 13, 15, 9, 1, 3, 1, 1, 5, 16, 20, 7, 1, 20, 8, 4, 1, 13, 15, 30, 8, 3, 3, 5, 4, 2, 4, 5, 6, 4, 2, 1, 22, 2, 2, 15, 22, 0, 0, 0, 0, 0, 0, 0, 0, 0, 0, 0, 0, 0, 0, 0, 0, 0, 0, 0, 0, 0, 0, 0, 0, 0, 0, 0, 0, 0, 0, 0, 0, 0, 0, 0, 0, 0, 0, 0, 0, 0, 0, 0, 0, 0, 0, 0, 0, 0, 0, 0, 0, 0, 0, 0, 0, 0, 0, 0, 0, 0, 0, 0, 0, 0, 0, 0, 0, 0, 0, 0, 0, 0, : 21, 2, 5, 7, 3, 7, 12, 7, 3, 25, 8, 13, 15, 9, 1, 3, 1, 1, 5, 16, 20, 7, 1, 20, 8, 4, 1, 13, 15, 30, 8, 3, 3, 5, 4, 2, 4, 5, 6, 4, 2, 1, 22, 2, 2, 15, 22, 
16: 18, 1, 16, 1, 8, 5, 8, 4, 10, 2, 3, 3, 2, 1, 6, 2, 11, 14, 13, 2, 17, 2, 18, 4, 5, 12, 13, 13, 4, 10, 7, 17, 20, 1, 24, 3, 5, 1, 29, 10, 14, 23, 7, 1, 5, 7, 10, 1, 2, 3, 17, 26, 4, 3, 11, 8, 0, 0, 0, 0, 0, 0, 0, 0, 0, 0, 0, 0, 0, 0, 0, 0, 0, 0, 0, 0, 0, 0, 0, 0, 0, 0, 0, 0, 0, 0, 0, 0, 0, 0, 0, 0, 0, 0, 0, 0, 0, 0, 0, 0, 0, 0, 0, 0, 0, 0, 0, 0, 0, 0, 0, 0, 0, 0, 0, 0, 0, 0, 0, 0, : 18, 1, 16, 1, 8, 5, 8, 4, 10, 2, 3, 3, 2, 1, 6, 2, 11, 14, 13, 2, 17, 2, 18, 4, 5, 12, 13, 13, 4, 10, 7, 17, 20, 1, 24, 3, 5, 1, 29, 10, 14, 23, 7, 1, 5, 7, 10, 1, 2, 3, 17, 26, 4, 3, 11, 8, 
17: 1, 3, 27, 27, 13, 3, 1, 1, 1, 7, 1, 1, 28, 1, 2, 4, 25, 22, 5, 17, 22, 5, 9, 1, 20, 23, 23, 4, 1, 3, 2, 1, 8, 5, 10, 4, 18, 1, 3, 21, 3, 25, 7, 3, 5, 4, 1, 26, 29, 16, 17, 7, 6, 14, 7, 1, 9, 0, 0, 0, 0, 0, 0, 0, 0, 0, 0, 0, 0, 0, 0, 0, 0, 0, 0, 0, 0, 0, 0, 0, 0, 0, 0, 0, 0, 0, 0, 0, 0, 0, 0, 0, 0, 0, 0, 0, 0, 0, 0, 0, 0, 0, 0, 0, 0, 0, 0, 0, 0, 0, 0, 0, 0, 0, 0, 0, 0, 0, 0, 0, : 1, 3, 27, 27, 13, 3, 1, 1, 1, 7, 1, 1, 28, 1, 2, 4, 25, 22, 5, 17, 22, 5, 9, 1, 20, 23, 23, 4, 1, 3, 2, 1, 8, 5, 10, 4, 18, 1, 3, 21, 3, 25, 7, 3, 5, 4, 1, 26, 29, 16, 17, 7, 6, 14, 7, 1, 9, 
18: 5, 10, 2, 2, 7, 2, 7, 2, 3, 22, 17, 7, 6, 3, 16, 3, 11, 2, 4, 2, 1, 5, 6, 1, 5, 13, 1, 5, 1, 10, 2, 14, 7, 26, 3, 1, 26, 14, 21, 3, 3, 11, 9, 18, 1, 11, 8, 2, 8, 2, 6, 5, 8, 1, 8, 7, 13, 9, 1, 6, 6, 7, 6, 36, 1, 4, 23, 5, 22, 3, 13, 1, 10, 0, 0, 0, 0, 0, 0, 0, 0, 0, 0, 0, 0, 0, 0, 0, 0, 0, 0, 0, 0, 0, 0, 0, 0, 0, 0, 0, 0, 0, 0, 0, 0, 0, 0, 0, 0, 0, 0, 0, 0, 0, 0, 0, 0, 0, 0, 0, : 5, 10, 2, 2, 7, 2, 7, 2, 3, 22, 17, 7, 6, 3, 16, 3, 11, 2, 4, 2, 1, 5, 6, 1, 5, 13, 1, 5, 1, 10, 2, 14, 7, 26, 3, 1, 26, 14, 21, 3, 3, 11, 9, 18, 1, 11, 8, 2, 8, 2, 6, 5, 8, 1, 8, 7, 13, 9, 1, 6, 6, 7, 6, 36, 1, 4, 23, 5, 22, 3, 13, 1, 10, 
19: 1, 9, 13, 3, 8, 7, 5, 30, 2, 1, 16, 1, 12, 21, 3, 12, 3, 7, 10, 2, 4, 19, 4, 6, 22, 2, 9, 1, 17, 7, 10, 1, 9, 27, 11, 2, 16, 7, 2, 3, 2, 1, 12, 6, 2, 7, 12, 31, 25, 9, 11, 4, 2, 8, 12, 7, 6, 7, 14, 11, 5, 0, 0, 0, 0, 0, 0, 0, 0, 0, 0, 0, 0, 0, 0, 0, 0, 0, 0, 0, 0, 0, 0, 0, 0, 0, 0, 0, 0, 0, 0, 0, 0, 0, 0, 0, 0, 0, 0, 0, 0, 0, 0, 0, 0, 0, 0, 0, 0, 0, 0, 0, 0, 0, 0, 0, 0, 0, 0, 0, : 1, 9, 13, 3, 8, 7, 5, 30, 2, 1, 16, 1, 12, 21, 3, 12, 3, 7, 10, 2, 4, 19, 4, 6, 22, 2, 9, 1, 17, 7, 10, 1, 9, 27, 11, 2, 16, 7, 2, 3, 2, 1, 12, 6, 2, 7, 12, 31, 25, 9, 11, 4, 2, 8, 12, 7, 6, 7, 14, 11, 5, 
20: 5, 1, 6, 30, 9, 18, 1, 10, 7, 23, 5, 11, 3, 2, 4, 10, 2, 2, 2, 8, 3, 2, 3, 6, 29, 3, 31, 3, 1, 2, 2, 18, 2, 19, 10, 20, 2, 22, 3, 7, 8, 14, 7, 14, 27, 1, 4, 1, 2, 2, 15, 24, 6, 7, 1, 7, 0, 0, 0, 0, 0, 0, 0, 0, 0, 0, 0, 0, 0, 0, 0, 0, 0, 0, 0, 0, 0, 0, 0, 0, 0, 0, 0, 0, 0, 0, 0, 0, 0, 0, 0, 0, 0, 0, 0, 0, 0, 0, 0, 0, 0, 0, 0, 0, 0, 0, 0, 0, 0, 0, 0, 0, 0, 0, 0, 0, 0, 0, 0, 0, : 5, 1, 6, 30, 9, 18, 1, 10, 7, 23, 5, 11, 3, 2, 4, 10, 2, 2, 2, 8, 3, 2, 3, 6, 29, 3, 31, 3, 1, 2, 2, 18, 2, 19, 10, 20, 2, 22, 3, 7, 8, 14, 7, 14, 27, 1, 4, 1, 2, 2, 15, 24, 6, 7, 1, 7, 
21: 5, 8, 5, 5, 8, 5, 6, 1, 2, 1, 8, 1, 13, 1, 4, 1, 17, 19, 28, 10, 1, 3, 4, 11, 10, 26, 6, 1, 7, 3, 1, 8, 2, 9, 1, 19, 6, 16, 16, 26, 14, 9, 6, 11, 12, 16, 4, 4, 2, 15, 6, 1, 15, 2, 5, 21, 6, 9, 10, 5, 5, 13, 32, 1, 11, 8, 12, 2, 8, 8, 22, 2, 14, 3, 0, 0, 0, 0, 0, 0, 0, 0, 0, 0, 0, 0, 0, 0, 0, 0, 0, 0, 0, 0, 0, 0, 0, 0, 0, 0, 0, 0, 0, 0, 0, 0, 0, 0, 0, 0, 0, 0, 0, 0, 0, 0, 0, 0, 0, 0, : 5, 8, 5, 5, 8, 5, 6, 1, 2, 1, 8, 1, 13, 1, 4, 1, 17, 19, 28, 10, 1, 3, 4, 11, 10, 26, 6, 1, 7, 3, 1, 8, 2, 9, 1, 19, 6, 16, 16, 26, 14, 9, 6, 11, 12, 16, 4, 4, 2, 15, 6, 1, 15, 2, 5, 21, 6, 9, 10, 5, 5, 13, 32, 1, 11, 8, 12, 2, 8, 8, 22, 2, 14, 3, 
22: 2, 7, 1, 1, 7, 17, 5, 3, 16, 3, 20, 1, 8, 2, 20, 2, 6, 2, 9, 17, 2, 2, 15, 34, 1, 1, 28, 27, 3, 2, 15, 6, 8, 1, 10, 11, 31, 6, 2, 14, 1, 17, 3, 19, 17, 15, 11, 1, 16, 2, 3, 18, 26, 23, 1, 29, 2, 10, 5, 1, 11, 3, 19, 11, 7, 4, 10, 24, 4, 9, 10, 1, 4, 6, 1, 2, 5, 17, 6, 5, 14, 3, 6, 3, 10, 0, 0, 0, 0, 0, 0, 0, 0, 0, 0, 0, 0, 0, 0, 0, 0, 0, 0, 0, 0, 0, 0, 0, 0, 0, 0, 0, 0, 0, 0, 0, 0, 0, 0, 0, : 2, 7, 1, 1, 7, 17, 5, 3, 16, 3, 20, 1, 8, 2, 20, 2, 6, 2, 9, 17, 2, 2, 15, 34, 1, 1, 28, 27, 3, 2, 15, 6, 8, 1, 10, 11, 31, 6, 2, 14, 1, 17, 3, 19, 17, 15, 11, 1, 16, 2, 3, 18, 26, 23, 1, 29, 2, 10, 5, 1, 11, 3, 19, 11, 7, 4, 10, 24, 4, 9, 10, 1, 4, 6, 1, 2, 5, 17, 6, 5, 14, 3, 6, 3, 10, 
23: 3, 2, 3, 7, 1, 2, 10, 17, 5, 1, 2, 5, 2, 7, 1, 3, 6, 12, 3, 15, 8, 16, 22, 19, 3, 8, 13, 1, 9, 28, 1, 3, 10, 1, 4, 1, 8, 16, 16, 23, 29, 2, 2, 8, 2, 3, 2, 1, 8, 8, 2, 10, 17, 3, 2, 2, 5, 18, 23, 4, 13, 5, 0, 0, 0, 0, 0, 0, 0, 0, 0, 0, 0, 0, 0, 0, 0, 0, 0, 0, 0, 0, 0, 0, 0, 0, 0, 0, 0, 0, 0, 0, 0, 0, 0, 0, 0, 0, 0, 0, 0, 0, 0, 0, 0, 0, 0, 0, 0, 0, 0, 0, 0, 0, 0, 0, 0, 0, 0, 0, : 3, 2, 3, 7, 1, 2, 10, 17, 5, 1, 2, 5, 2, 7, 1, 3, 6, 12, 3, 15, 8, 16, 22, 19, 3, 8, 13, 1, 9, 28, 1, 3, 10, 1, 4, 1, 8, 16, 16, 23, 29, 2, 2, 8, 2, 3, 2, 1, 8, 8, 2, 10, 17, 3, 2, 2, 5, 18, 23, 4, 13, 5, 
24: 4, 1, 24, 11, 1, 1, 3, 29, 3, 2, 8, 5, 5, 2, 2, 21, 3, 2, 8, 11, 2, 12, 34, 19, 30, 3, 5, 2, 1, 3, 16, 5, 6, 7, 6, 4, 3, 8, 12, 4, 1, 9, 2, 31, 7, 19, 10, 3, 5, 5, 10, 1, 4, 4, 21, 3, 14, 3, 3, 13, 3, 26, 7, 7, 13, 2, 10, 2, 2, 10, 1, 4, 19, 1, 4, 29, 17, 4, 14, 1, 3, 6, 3, 2, 35, 6, 3, 1, 1, 36, 4, 0, 0, 0, 0, 0, 0, 0, 0, 0, 0, 0, 0, 0, 0, 0, 0, 0, 0, 0, 0, 0, 0, 0, 0, 0, 0, 0, 0, 0, : 4, 1, 24, 11, 1, 1, 3, 29, 3, 2, 8, 5, 5, 2, 2, 21, 3, 2, 8, 11, 2, 12, 34, 19, 30, 3, 5, 2, 1, 3, 16, 5, 6, 7, 6, 4, 3, 8, 12, 4, 1, 9, 2, 31, 7, 19, 10, 3, 5, 5, 10, 1, 4, 4, 21, 3, 14, 3, 3, 13, 3, 26, 7, 7, 13, 2, 10, 2, 2, 10, 1, 4, 19, 1, 4, 29, 17, 4, 14, 1, 3, 6, 3, 2, 35, 6, 3, 1, 1, 36, 4, 
25: 21, 10, 4, 1, 10, 13, 6, 5, 16, 18, 6, 21, 22, 5, 10, 1, 4, 8, 13, 28, 7, 12, 1, 1, 1, 31, 9, 5, 4, 5, 12, 6, 3, 1, 6, 1, 2, 14, 28, 10, 2, 13, 1, 2, 0, 0, 0, 0, 0, 0, 0, 0, 0, 0, 0, 0, 0, 0, 0, 0, 0, 0, 0, 0, 0, 0, 0, 0, 0, 0, 0, 0, 0, 0, 0, 0, 0, 0, 0, 0, 0, 0, 0, 0, 0, 0, 0, 0, 0, 0, 0, 0, 0, 0, 0, 0, 0, 0, 0, 0, 0, 0, 0, 0, 0, 0, 0, 0, 0, 0, 0, 0, 0, 0, 0, 0, 0, 0, 0, 0, : 21, 10, 4, 1, 10, 13, 6, 5, 16, 18, 6, 21, 22, 5, 10, 1, 4, 8, 13, 28, 7, 12, 1, 1, 1, 31, 9, 5, 4, 5, 12, 6, 3, 1, 6, 1, 2, 14, 28, 10, 2, 13, 1, 2, 
26: 3, 16, 1, 1, 2, 11, 7, 2, 3, 6, 1, 2, 5, 22, 2, 1, 15, 7, 8, 15, 7, 9, 7, 8, 3, 14, 14, 4, 2, 8, 4, 2, 2, 7, 6, 2, 16, 17, 4, 34, 20, 8, 9, 29, 1, 5, 1, 8, 9, 5, 2, 2, 22, 4, 27, 8, 5, 2, 5, 1, 1, 13, 0, 0, 0, 0, 0, 0, 0, 0, 0, 0, 0, 0, 0, 0, 0, 0, 0, 0, 0, 0, 0, 0, 0, 0, 0, 0, 0, 0, 0, 0, 0, 0, 0, 0, 0, 0, 0, 0, 0, 0, 0, 0, 0, 0, 0, 0, 0, 0, 0, 0, 0, 0, 0, 0, 0, 0, 0, 0, : 3, 16, 1, 1, 2, 11, 7, 2, 3, 6, 1, 2, 5, 22, 2, 1, 15, 7, 8, 15, 7, 9, 7, 8, 3, 14, 14, 4, 2, 8, 4, 2, 2, 7, 6, 2, 16, 17, 4, 34, 20, 8, 9, 29, 1, 5, 1, 8, 9, 5, 2, 2, 22, 4, 27, 8, 5, 2, 5, 1, 1, 13, 
27: 4, 11, 6, 5, 9, 3, 6, 8, 10, 1, 7, 3, 1, 1, 2, 22, 2, 9, 13, 1, 4, 12, 8, 6, 2, 11, 31, 1, 6, 5, 10, 1, 21, 5, 5, 1, 24, 15, 6, 6, 5, 4, 8, 21, 15, 1, 7, 9, 1, 17, 5, 5, 5, 7, 3, 1, 1, 10, 4, 13, 4, 0, 0, 0, 0, 0, 0, 0, 0, 0, 0, 0, 0, 0, 0, 0, 0, 0, 0, 0, 0, 0, 0, 0, 0, 0, 0, 0, 0, 0, 0, 0, 0, 0, 0, 0, 0, 0, 0, 0, 0, 0, 0, 0, 0, 0, 0, 0, 0, 0, 0, 0, 0, 0, 0, 0, 0, 0, 0, 0, : 4, 11, 6, 5, 9, 3, 6, 8, 10, 1, 7, 3, 1, 1, 2, 22, 2, 9, 13, 1, 4, 12, 8, 6, 2, 11, 31, 1, 6, 5, 10, 1, 21, 5, 5, 1, 24, 15, 6, 6, 5, 4, 8, 21, 15, 1, 7, 9, 1, 17, 5, 5, 5, 7, 3, 1, 1, 10, 4, 13, 4, 
28: 17, 5, 4, 9, 30, 2, 1, 7, 1, 10, 4, 28, 20, 19, 1, 21, 4, 1, 31, 11, 3, 4, 17, 28, 36, 2, 1, 2, 1, 1, 14, 9, 6, 2, 10, 5, 24, 9, 1, 4, 15, 24, 1, 1, 6, 2, 2, 18, 11, 3, 3, 2, 8, 1, 2, 7, 27, 5, 10, 2, 1, 18, 8, 12, 0, 0, 0, 0, 0, 0, 0, 0, 0, 0, 0, 0, 0, 0, 0, 0, 0, 0, 0, 0, 0, 0, 0, 0, 0, 0, 0, 0, 0, 0, 0, 0, 0, 0, 0, 0, 0, 0, 0, 0, 0, 0, 0, 0, 0, 0, 0, 0, 0, 0, 0, 0, 0, 0, 0, 0, : 17, 5, 4, 9, 30, 2, 1, 7, 1, 10, 4, 28, 20, 19, 1, 21, 4, 1, 31, 11, 3, 4, 17, 28, 36, 2, 1, 2, 1, 1, 14, 9, 6, 2, 10, 5, 24, 9, 1, 4, 15, 24, 1, 1, 6, 2, 2, 18, 11, 3, 3, 2, 8, 1, 2, 7, 27, 5, 10, 2, 1, 18, 8, 12, 
29: 9, 5, 9, 5, 7, 1, 2, 18, 12, 2, 11, 9, 16, 18, 24, 21, 1, 12, 7, 2, 7, 16, 3, 4, 7, 1, 28, 14, 2, 3, 20, 18, 9, 11, 5, 6, 8, 2, 16, 7, 6, 12, 21, 2, 1, 1, 1, 4, 10, 10, 8, 2, 3, 3, 18, 9, 25, 12, 1, 2, 1, 9, 5, 3, 6, 11, 12, 1, 13, 13, 13, 28, 1, 3, 10, 11, 4, 23, 5, 14, 8, 3, 2, 6, 5, 1, 10, 1, 3, 11, 1, 24, 13, 4, 0, 0, 0, 0, 0, 0, 0, 0, 0, 0, 0, 0, 0, 0, 0, 0, 0, 0, 0, 0, 0, 0, 0, 0, 0, 0, : 9, 5, 9, 5, 7, 1, 2, 18, 12, 2, 11, 9, 16, 18, 24, 21, 1, 12, 7, 2, 7, 16, 3, 4, 7, 1, 28, 14, 2, 3, 20, 18, 9, 11, 5, 6, 8, 2, 16, 7, 6, 12, 21, 2, 1, 1, 1, 4, 10, 10, 8, 2, 3, 3, 18, 9, 25, 12, 1, 2, 1, 9, 5, 3, 6, 11, 12, 1, 13, 13, 13, 28, 1, 3, 10, 11, 4, 23, 5, 14, 8, 3, 2, 6, 5, 1, 10, 1, 3, 11, 1, 24, 13, 4, 
30: 4, 4, 3, 2, 1, 30, 14, 3, 25, 14, 6, 1, 7, 1, 5, 3, 6, 7, 15, 4, 8, 5, 1, 3, 7, 3, 7, 1, 6, 1, 26, 1, 2, 1, 5, 7, 5, 2, 5, 16, 2, 4, 9, 27, 2, 4, 16, 15, 3, 4, 2, 21, 18, 6, 9, 0, 0, 0, 0, 0, 0, 0, 0, 0, 0, 0, 0, 0, 0, 0, 0, 0, 0, 0, 0, 0, 0, 0, 0, 0, 0, 0, 0, 0, 0, 0, 0, 0, 0, 0, 0, 0, 0, 0, 0, 0, 0, 0, 0, 0, 0, 0, 0, 0, 0, 0, 0, 0, 0, 0, 0, 0, 0, 0, 0, 0, 0, 0, 0, 0, : 4, 4, 3, 2, 1, 30, 14, 3, 25, 14, 6, 1, 7, 1, 5, 3, 6, 7, 15, 4, 8, 5, 1, 3, 7, 3, 7, 1, 6, 1, 26, 1, 2, 1, 5, 7, 5, 2, 5, 16, 2, 4, 9, 27, 2, 4, 16, 15, 3, 4, 2, 21, 18, 6, 9, 
31: 13, 11, 2, 6, 8, 22, 9, 5, 1, 6, 19, 30, 17, 1, 2, 24, 5, 23, 9, 1, 4, 4, 33, 1, 32, 20, 5, 6, 7, 1, 8, 24, 10, 13, 15, 3, 4, 3, 9, 4, 1, 2, 2, 2, 15, 31, 16, 10, 8, 19, 5, 23, 1, 1, 1, 1, 4, 1, 26, 16, 1, 3, 22, 7, 9, 2, 10, 9, 4, 6, 4, 10, 2, 21, 1, 0, 0, 0, 0, 0, 0, 0, 0, 0, 0, 0, 0, 0, 0, 0, 0, 0, 0, 0, 0, 0, 0, 0, 0, 0, 0, 0, 0, 0, 0, 0, 0, 0, 0, 0, 0, 0, 0, 0, 0, 0, 0, 0, 0, 0, : 13, 11, 2, 6, 8, 22, 9, 5, 1, 6, 19, 30, 17, 1, 2, 24, 5, 23, 9, 1, 4, 4, 33, 1, 32, 20, 5, 6, 7, 1, 8, 24, 10, 13, 15, 3, 4, 3, 9, 4, 1, 2, 2, 2, 15, 31, 16, 10, 8, 19, 5, 23, 1, 1, 1, 1, 4, 1, 26, 16, 1, 3, 22, 7, 9, 2, 10, 9, 4, 6, 4, 10, 2, 21, 1, 
32: 12, 24, 4, 1, 13, 4, 1, 3, 21, 2, 1, 6, 25, 13, 2, 21, 12, 6, 1, 10, 11, 14, 2, 5, 10, 5, 12, 7, 1, 17, 14, 1, 21, 12, 15, 5, 17, 7, 14, 6, 1, 6, 4, 6, 7, 1, 3, 5, 3, 5, 2, 2, 36, 14, 7, 26, 1, 6, 11, 22, 9, 9, 10, 22, 1, 3, 1, 4, 8, 12, 0, 0, 0, 0, 0, 0, 0, 0, 0, 0, 0, 0, 0, 0, 0, 0, 0, 0, 0, 0, 0, 0, 0, 0, 0, 0, 0, 0, 0, 0, 0, 0, 0, 0, 0, 0, 0, 0, 0, 0, 0, 0, 0, 0, 0, 0, 0, 0, 0, 0, : 12, 24, 4, 1, 13, 4, 1, 3, 21, 2, 1, 6, 25, 13, 2, 21, 12, 6, 1, 10, 11, 14, 2, 5, 10, 5, 12, 7, 1, 17, 14, 1, 21, 12, 15, 5, 17, 7, 14, 6, 1, 6, 4, 6, 7, 1, 3, 5, 3, 5, 2, 2, 36, 14, 7, 26, 1, 6, 11, 22, 9, 9, 10, 22, 1, 3, 1, 4, 8, 12, 
33: 17, 3, 1, 6, 2, 1, 1, 2, 6, 20, 9, 5, 2, 3, 12, 6, 2, 1, 17, 13, 1, 17, 9, 1, 4, 3, 1, 3, 3, 3, 1, 14, 1, 10, 3, 10, 1, 6, 1, 16, 5, 7, 6, 26, 5, 10, 17, 7, 2, 7, 17, 2, 20, 10, 2, 16, 7, 9, 6, 3, 4, 5, 1, 11, 3, 2, 1, 0, 0, 0, 0, 0, 0, 0, 0, 0, 0, 0, 0, 0, 0, 0, 0, 0, 0, 0, 0, 0, 0, 0, 0, 0, 0, 0, 0, 0, 0, 0, 0, 0, 0, 0, 0, 0, 0, 0, 0, 0, 0, 0, 0, 0, 0, 0, 0, 0, 0, 0, 0, 0, : 17, 3, 1, 6, 2, 1, 1, 2, 6, 20, 9, 5, 2, 3, 12, 6, 2, 1, 17, 13, 1, 17, 9, 1, 4, 3, 1, 3, 3, 3, 1, 14, 1, 10, 3, 10, 1, 6, 1, 16, 5, 7, 6, 26, 5, 10, 17, 7, 2, 7, 17, 2, 20, 10, 2, 16, 7, 9, 6, 3, 4, 5, 1, 11, 3, 2, 1, 
34: 7, 8, 2, 5, 1, 4, 11, 1, 2, 7, 4, 5, 5, 3, 1, 9, 2, 14, 1, 6, 4, 8, 2, 8, 4, 1, 2, 13, 2, 4, 35, 1, 4, 3, 12, 21, 3, 16, 5, 2, 6, 9, 16, 11, 4, 17, 1, 1, 8, 4, 4, 10, 15, 17, 13, 10, 9, 2, 15, 3, 30, 3, 0, 0, 0, 0, 0, 0, 0, 0, 0, 0, 0, 0, 0, 0, 0, 0, 0, 0, 0, 0, 0, 0, 0, 0, 0, 0, 0, 0, 0, 0, 0, 0, 0, 0, 0, 0, 0, 0, 0, 0, 0, 0, 0, 0, 0, 0, 0, 0, 0, 0, 0, 0, 0, 0, 0, 0, 0, 0, : 7, 8, 2, 5, 1, 4, 11, 1, 2, 7, 4, 5, 5, 3, 1, 9, 2, 14, 1, 6, 4, 8, 2, 8, 4, 1, 2, 13, 2, 4, 35, 1, 4, 3, 12, 21, 3, 16, 5, 2, 6, 9, 16, 11, 4, 17, 1, 1, 8, 4, 4, 10, 15, 17, 13, 10, 9, 2, 15, 3, 30, 3, 
35: 3, 20, 9, 15, 1, 2, 14, 7, 5, 9, 6, 1, 4, 9, 2, 6, 20, 6, 13, 6, 2, 7, 10, 1, 4, 9, 28, 22, 1, 1, 17, 7, 3, 7, 7, 2, 1, 3, 11, 1, 20, 2, 2, 22, 23, 9, 14, 16, 1, 1, 9, 9, 2, 4, 3, 15, 12, 3, 14, 1, 14, 16, 8, 0, 0, 0, 0, 0, 0, 0, 0, 0, 0, 0, 0, 0, 0, 0, 0, 0, 0, 0, 0, 0, 0, 0, 0, 0, 0, 0, 0, 0, 0, 0, 0, 0, 0, 0, 0, 0, 0, 0, 0, 0, 0, 0, 0, 0, 0, 0, 0, 0, 0, 0, 0, 0, 0, 0, 0, 0, : 3, 20, 9, 15, 1, 2, 14, 7, 5, 9, 6, 1, 4, 9, 2, 6, 20, 6, 13, 6, 2, 7, 10, 1, 4, 9, 28, 22, 1, 1, 17, 7, 3, 7, 7, 2, 1, 3, 11, 1, 20, 2, 2, 22, 23, 9, 14, 16, 1, 1, 9, 9, 2, 4, 3, 15, 12, 3, 14, 1, 14, 16, 8, 
36: 1, 19, 1, 7, 19, 9, 11, 24, 8, 5, 5, 2, 29, 12, 7, 5, 1, 15, 6, 8, 1, 1, 15, 4, 1, 1, 9, 4, 23, 15, 12, 6, 6, 2, 14, 17, 1, 4, 5, 3, 3, 2, 5, 5, 4, 2, 21, 5, 4, 36, 15, 5, 1, 4, 2, 23, 3, 6, 1, 11, 1, 8, 2, 14, 33, 4, 17, 3, 9, 2, 26, 0, 0, 0, 0, 0, 0, 0, 0, 0, 0, 0, 0, 0, 0, 0, 0, 0, 0, 0, 0, 0, 0, 0, 0, 0, 0, 0, 0, 0, 0, 0, 0, 0, 0, 0, 0, 0, 0, 0, 0, 0, 0, 0, 0, 0, 0, 0, 0, 0, : 1, 19, 1, 7, 19, 9, 11, 24, 8, 5, 5, 2, 29, 12, 7, 5, 1, 15, 6, 8, 1, 1, 15, 4, 1, 1, 9, 4, 23, 15, 12, 6, 6, 2, 14, 17, 1, 4, 5, 3, 3, 2, 5, 5, 4, 2, 21, 5, 4, 36, 15, 5, 1, 4, 2, 23, 3, 6, 1, 11, 1, 8, 2, 14, 33, 4, 17, 3, 9, 2, 26, 
37: 11, 4, 3, 18, 6, 4, 30, 1, 6, 18, 15, 11, 4, 3, 20, 16, 1, 23, 1, 2, 9, 1, 5, 2, 24, 2, 1, 4, 1, 8, 1, 2, 4, 1, 19, 2, 10, 1, 3, 18, 6, 3, 17, 1, 17, 3, 1, 8, 1, 16, 5, 13, 6, 0, 0, 0, 0, 0, 0, 0, 0, 0, 0, 0, 0, 0, 0, 0, 0, 0, 0, 0, 0, 0, 0, 0, 0, 0, 0, 0, 0, 0, 0, 0, 0, 0, 0, 0, 0, 0, 0, 0, 0, 0, 0, 0, 0, 0, 0, 0, 0, 0, 0, 0, 0, 0, 0, 0, 0, 0, 0, 0, 0, 0, 0, 0, 0, 0, 0, 0, : 11, 4, 3, 18, 6, 4, 30, 1, 6, 18, 15, 11, 4, 3, 20, 16, 1, 23, 1, 2, 9, 1, 5, 2, 24, 2, 1, 4, 1, 8, 1, 2, 4, 1, 19, 2, 10, 1, 3, 18, 6, 3, 17, 1, 17, 3, 1, 8, 1, 16, 5, 13, 6, 
38: 12, 16, 2, 3, 9, 2, 1, 2, 1, 21, 4, 1, 5, 5, 5, 1, 2, 27, 8, 2, 5, 28, 1, 12, 4, 27, 5, 1, 19, 3, 1, 9, 7, 20, 23, 3, 3, 11, 3, 3, 3, 11, 9, 5, 20, 16, 6, 2, 1, 6, 2, 6, 12, 8, 17, 3, 5, 8, 12, 5, 12, 17, 1, 17, 5, 20, 24, 13, 1, 35, 8, 0, 0, 0, 0, 0, 0, 0, 0, 0, 0, 0, 0, 0, 0, 0, 0, 0, 0, 0, 0, 0, 0, 0, 0, 0, 0, 0, 0, 0, 0, 0, 0, 0, 0, 0, 0, 0, 0, 0, 0, 0, 0, 0, 0, 0, 0, 0, 0, 0, : 12, 16, 2, 3, 9, 2, 1, 2, 1, 21, 4, 1, 5, 5, 5, 1, 2, 27, 8, 2, 5, 28, 1, 12, 4, 27, 5, 1, 19, 3, 1, 9, 7, 20, 23, 3, 3, 11, 3, 3, 3, 11, 9, 5, 20, 16, 6, 2, 1, 6, 2, 6, 12, 8, 17, 3, 5, 8, 12, 5, 12, 17, 1, 17, 5, 20, 24, 13, 1, 35, 8, 
39: 25, 29, 3, 3, 6, 15, 19, 13, 2, 22, 25, 1, 12, 3, 19, 8, 17, 5, 2, 1, 9, 5, 19, 1, 2, 6, 4, 6, 7, 8, 4, 2, 1, 30, 4, 25, 9, 3, 22, 10, 7, 3, 1, 4, 17, 16, 4, 5, 5, 26, 15, 16, 1, 23, 21, 0, 0, 0, 0, 0, 0, 0, 0, 0, 0, 0, 0, 0, 0, 0, 0, 0, 0, 0, 0, 0, 0, 0, 0, 0, 0, 0, 0, 0, 0, 0, 0, 0, 0, 0, 0, 0, 0, 0, 0, 0, 0, 0, 0, 0, 0, 0, 0, 0, 0, 0, 0, 0, 0, 0, 0, 0, 0, 0, 0, 0, 0, 0, 0, 0, : 25, 29, 3, 3, 6, 15, 19, 13, 2, 22, 25, 1, 12, 3, 19, 8, 17, 5, 2, 1, 9, 5, 19, 1, 2, 6, 4, 6, 7, 8, 4, 2, 1, 30, 4, 25, 9, 3, 22, 10, 7, 3, 1, 4, 17, 16, 4, 5, 5, 26, 15, 16, 1, 23, 21, 
40: 8, 24, 14, 5, 2, 10, 15, 3, 3, 7, 3, 9, 6, 1, 13, 4, 5, 15, 2, 4, 4, 5, 4, 14, 8, 1, 1, 3, 7, 17, 2, 10, 16, 3, 4, 18, 1, 1, 7, 8, 12, 1, 1, 5, 3, 8, 11, 6, 15, 8, 17, 1, 4, 2, 12, 4, 23, 17, 1, 14, 0, 0, 0, 0, 0, 0, 0, 0, 0, 0, 0, 0, 0, 0, 0, 0, 0, 0, 0, 0, 0, 0, 0, 0, 0, 0, 0, 0, 0, 0, 0, 0, 0, 0, 0, 0, 0, 0, 0, 0, 0, 0, 0, 0, 0, 0, 0, 0, 0, 0, 0, 0, 0, 0, 0, 0, 0, 0, 0, 0, : 8, 24, 14, 5, 2, 10, 15, 3, 3, 7, 3, 9, 6, 1, 13, 4, 5, 15, 2, 4, 4, 5, 4, 14, 8, 1, 1, 3, 7, 17, 2, 10, 16, 3, 4, 18, 1, 1, 7, 8, 12, 1, 1, 5, 3, 8, 11, 6, 15, 8, 17, 1, 4, 2, 12, 4, 23, 17, 1, 14, 
41: 1, 9, 1, 3, 2, 5, 1, 3, 7, 1, 7, 10, 1, 11, 4, 8, 10, 5, 6, 5, 1, 3, 1, 19, 11, 8, 14, 1, 23, 11, 2, 3, 2, 2, 2, 4, 32, 10, 36, 1, 1, 8, 19, 1, 1, 5, 1, 1, 1, 1, 8, 13, 8, 9, 2, 1, 1, 2, 2, 8, 2, 1, 1, 3, 2, 8, 24, 2, 4, 7, 2, 2, 2, 1, 13, 19, 0, 0, 0, 0, 0, 0, 0, 0, 0, 0, 0, 0, 0, 0, 0, 0, 0, 0, 0, 0, 0, 0, 0, 0, 0, 0, 0, 0, 0, 0, 0, 0, 0, 0, 0, 0, 0, 0, 0, 0, 0, 0, 0, 0, : 1, 9, 1, 3, 2, 5, 1, 3, 7, 1, 7, 10, 1, 11, 4, 8, 10, 5, 6, 5, 1, 3, 1, 19, 11, 8, 14, 1, 23, 11, 2, 3, 2, 2, 2, 4, 32, 10, 36, 1, 1, 8, 19, 1, 1, 5, 1, 1, 1, 1, 8, 13, 8, 9, 2, 1, 1, 2, 2, 8, 2, 1, 1, 3, 2, 8, 24, 2, 4, 7, 2, 2, 2, 1, 13, 19, 
42: 1, 27, 9, 8, 6, 7, 1, 19, 7, 2, 7, 11, 16, 1, 2, 8, 15, 18, 17, 5, 24, 4, 1, 1, 2, 3, 10, 4, 6, 3, 22, 3, 9, 2, 1, 17, 37, 31, 1, 3, 11, 8, 6, 4, 5, 6, 20, 4, 23, 4, 5, 8, 13, 32, 1, 1, 0, 0, 0, 0, 0, 0, 0, 0, 0, 0, 0, 0, 0, 0, 0, 0, 0, 0, 0, 0, 0, 0, 0, 0, 0, 0, 0, 0, 0, 0, 0, 0, 0, 0, 0, 0, 0, 0, 0, 0, 0, 0, 0, 0, 0, 0, 0, 0, 0, 0, 0, 0, 0, 0, 0, 0, 0, 0, 0, 0, 0, 0, 0, 0, : 1, 27, 9, 8, 6, 7, 1, 19, 7, 2, 7, 11, 16, 1, 2, 8, 15, 18, 17, 5, 24, 4, 1, 1, 2, 3, 10, 4, 6, 3, 22, 3, 9, 2, 1, 17, 37, 31, 1, 3, 11, 8, 6, 4, 5, 6, 20, 4, 23, 4, 5, 8, 13, 32, 1, 1, 
43: 6, 2, 16, 9, 11, 2, 10, 17, 9, 2, 4, 10, 1, 3, 29, 19, 18, 12, 9, 2, 15, 12, 13, 4, 1, 20, 1, 1, 1, 2, 13, 2, 5, 6, 20, 7, 12, 3, 8, 4, 5, 20, 4, 3, 1, 4, 3, 2, 7, 1, 2, 3, 16, 1, 24, 11, 4, 1, 4, 11, 15, 2, 7, 20, 2, 12, 6, 31, 11, 8, 1, 2, 3, 0, 0, 0, 0, 0, 0, 0, 0, 0, 0, 0, 0, 0, 0, 0, 0, 0, 0, 0, 0, 0, 0, 0, 0, 0, 0, 0, 0, 0, 0, 0, 0, 0, 0, 0, 0, 0, 0, 0, 0, 0, 0, 0, 0, 0, 0, 0, : 6, 2, 16, 9, 11, 2, 10, 17, 9, 2, 4, 10, 1, 3, 29, 19, 18, 12, 9, 2, 15, 12, 13, 4, 1, 20, 1, 1, 1, 2, 13, 2, 5, 6, 20, 7, 12, 3, 8, 4, 5, 20, 4, 3, 1, 4, 3, 2, 7, 1, 2, 3, 16, 1, 24, 11, 4, 1, 4, 11, 15, 2, 7, 20, 2, 12, 6, 31, 11, 8, 1, 2, 3, 
44: 9, 22, 1, 2, 6, 2, 12, 10, 2, 24, 5, 8, 6, 2, 1, 1, 4, 26, 5, 6, 2, 4, 1, 2, 23, 1, 10, 3, 6, 8, 7, 14, 1, 15, 18, 23, 6, 6, 13, 6, 12, 6, 9, 1, 13, 15, 1, 8, 28, 1, 5, 3, 21, 3, 9, 1, 1, 3, 1, 6, 10, 3, 22, 1, 7, 15, 6, 2, 10, 2, 1, 2, 8, 0, 0, 0, 0, 0, 0, 0, 0, 0, 0, 0, 0, 0, 0, 0, 0, 0, 0, 0, 0, 0, 0, 0, 0, 0, 0, 0, 0, 0, 0, 0, 0, 0, 0, 0, 0, 0, 0, 0, 0, 0, 0, 0, 0, 0, 0, 0, : 9, 22, 1, 2, 6, 2, 12, 10, 2, 24, 5, 8, 6, 2, 1, 1, 4, 26, 5, 6, 2, 4, 1, 2, 23, 1, 10, 3, 6, 8, 7, 14, 1, 15, 18, 23, 6, 6, 13, 6, 12, 6, 9, 1, 13, 15, 1, 8, 28, 1, 5, 3, 21, 3, 9, 1, 1, 3, 1, 6, 10, 3, 22, 1, 7, 15, 6, 2, 10, 2, 1, 2, 8, 
45: 4, 4, 7, 24, 9, 17, 1, 7, 5, 7, 16, 10, 1, 11, 14, 1, 3, 4, 5, 3, 14, 6, 2, 3, 4, 12, 10, 5, 14, 26, 3, 1, 1, 0, 0, 0, 0, 0, 0, 0, 0, 0, 0, 0, 0, 0, 0, 0, 0, 0, 0, 0, 0, 0, 0, 0, 0, 0, 0, 0, 0, 0, 0, 0, 0, 0, 0, 0, 0, 0, 0, 0, 0, 0, 0, 0, 0, 0, 0, 0, 0, 0, 0, 0, 0, 0, 0, 0, 0, 0, 0, 0, 0, 0, 0, 0, 0, 0, 0, 0, 0, 0, 0, 0, 0, 0, 0, 0, 0, 0, 0, 0, 0, 0, 0, 0, 0, 0, 0, 0, : 4, 4, 7, 24, 9, 17, 1, 7, 5, 7, 16, 10, 1, 11, 14, 1, 3, 4, 5, 3, 14, 6, 2, 3, 4, 12, 10, 5, 14, 26, 3, 1, 1, 
46: 2, 15, 3, 9, 11, 1, 2, 9, 18, 30, 2, 3, 5, 1, 17, 33, 3, 8, 1, 2, 6, 9, 14, 15, 1, 27, 1, 10, 4, 1, 4, 20, 31, 3, 9, 3, 1, 7, 2, 7, 5, 8, 21, 1, 17, 21, 8, 13, 13, 1, 8, 4, 4, 11, 7, 11, 8, 1, 2, 6, 4, 2, 2, 1, 1, 13, 12, 8, 1, 0, 0, 0, 0, 0, 0, 0, 0, 0, 0, 0, 0, 0, 0, 0, 0, 0, 0, 0, 0, 0, 0, 0, 0, 0, 0, 0, 0, 0, 0, 0, 0, 0, 0, 0, 0, 0, 0, 0, 0, 0, 0, 0, 0, 0, 0, 0, 0, 0, 0, 0, : 2, 15, 3, 9, 11, 1, 2, 9, 18, 30, 2, 3, 5, 1, 17, 33, 3, 8, 1, 2, 6, 9, 14, 15, 1, 27, 1, 10, 4, 1, 4, 20, 31, 3, 9, 3, 1, 7, 2, 7, 5, 8, 21, 1, 17, 21, 8, 13, 13, 1, 8, 4, 4, 11, 7, 11, 8, 1, 2, 6, 4, 2, 2, 1, 1, 13, 12, 8, 1, 
47: 11, 35, 3, 1, 1, 8, 8, 8, 21, 3, 16, 5, 1, 1, 13, 33, 3, 3, 13, 5, 24, 10, 2, 5, 13, 1, 5, 32, 12, 1, 5, 4, 6, 12, 3, 3, 5, 6, 2, 15, 28, 7, 11, 1, 8, 6, 15, 2, 3, 9, 3, 22, 22, 7, 2, 7, 1, 0, 0, 0, 0, 0, 0, 0, 0, 0, 0, 0, 0, 0, 0, 0, 0, 0, 0, 0, 0, 0, 0, 0, 0, 0, 0, 0, 0, 0, 0, 0, 0, 0, 0, 0, 0, 0, 0, 0, 0, 0, 0, 0, 0, 0, 0, 0, 0, 0, 0, 0, 0, 0, 0, 0, 0, 0, 0, 0, 0, 0, 0, 0, : 11, 35, 3, 1, 1, 8, 8, 8, 21, 3, 16, 5, 1, 1, 13, 33, 3, 3, 13, 5, 24, 10, 2, 5, 13, 1, 5, 32, 12, 1, 5, 4, 6, 12, 3, 3, 5, 6, 2, 15, 28, 7, 11, 1, 8, 6, 15, 2, 3, 9, 3, 22, 22, 7, 2, 7, 1, 
48: 6, 4, 3, 7, 15, 3, 17, 6, 4, 6, 10, 12, 4, 6, 11, 2, 12, 3, 16, 7, 12, 3, 13, 12, 1, 8, 2, 10, 11, 21, 2, 5, 3, 5, 16, 5, 12, 5, 14, 1, 4, 6, 18, 8, 9, 31, 11, 5, 6, 8, 2, 9, 4, 11, 7, 4, 20, 12, 11, 1, 24, 3, 0, 0, 0, 0, 0, 0, 0, 0, 0, 0, 0, 0, 0, 0, 0, 0, 0, 0, 0, 0, 0, 0, 0, 0, 0, 0, 0, 0, 0, 0, 0, 0, 0, 0, 0, 0, 0, 0, 0, 0, 0, 0, 0, 0, 0, 0, 0, 0, 0, 0, 0, 0, 0, 0, 0, 0, 0, 0, : 6, 4, 3, 7, 15, 3, 17, 6, 4, 6, 10, 12, 4, 6, 11, 2, 12, 3, 16, 7, 12, 3, 13, 12, 1, 8, 2, 10, 11, 21, 2, 5, 3, 5, 16, 5, 12, 5, 14, 1, 4, 6, 18, 8, 9, 31, 11, 5, 6, 8, 2, 9, 4, 11, 7, 4, 20, 12, 11, 1, 24, 3, 
49: 17, 19, 5, 1, 30, 3, 14, 10, 14, 17, 18, 19, 6, 18, 2, 17, 1, 4, 17, 2, 10, 3, 2, 9, 5, 26, 2, 9, 3, 4, 2, 7, 12, 8, 5, 24, 2, 12, 2, 1, 8, 36, 27, 6, 9, 3, 19, 2, 4, 21, 2, 9, 2, 10, 4, 2, 1, 3, 0, 0, 0, 0, 0, 0, 0, 0, 0, 0, 0, 0, 0, 0, 0, 0, 0, 0, 0, 0, 0, 0, 0, 0, 0, 0, 0, 0, 0, 0, 0, 0, 0, 0, 0, 0, 0, 0, 0, 0, 0, 0, 0, 0, 0, 0, 0, 0, 0, 0, 0, 0, 0, 0, 0, 0, 0, 0, 0, 0, 0, 0, : 17, 19, 5, 1, 30, 3, 14, 10, 14, 17, 18, 19, 6, 18, 2, 17, 1, 4, 17, 2, 10, 3, 2, 9, 5, 26, 2, 9, 3, 4, 2, 7, 12, 8, 5, 24, 2, 12, 2, 1, 8, 36, 27, 6, 9, 3, 19, 2, 4, 21, 2, 9, 2, 10, 4, 2, 1, 3, 
50: 18, 19, 12, 1, 6, 2, 9, 28, 16, 2, 3, 15, 4, 7, 2, 10, 14, 20, 7, 8, 2, 26, 19, 2, 20, 15, 5, 11, 12, 1, 3, 21, 4, 32, 2, 16, 2, 5, 2, 18, 1, 16, 11, 1, 11, 3, 1, 1, 16, 5, 6, 3, 17, 1, 12, 2, 4, 11, 1, 4, 3, 22, 11, 13, 13, 2, 3, 1, 20, 3, 0, 0, 0, 0, 0, 0, 0, 0, 0, 0, 0, 0, 0, 0, 0, 0, 0, 0, 0, 0, 0, 0, 0, 0, 0, 0, 0, 0, 0, 0, 0, 0, 0, 0, 0, 0, 0, 0, 0, 0, 0, 0, 0, 0, 0, 0, 0, 0, 0, 0, : 18, 19, 12, 1, 6, 2, 9, 28, 16, 2, 3, 15, 4, 7, 2, 10, 14, 20, 7, 8, 2, 26, 19, 2, 20, 15, 5, 11, 12, 1, 3, 21, 4, 32, 2, 16, 2, 5, 2, 18, 1, 16, 11, 1, 11, 3, 1, 1, 16, 5, 6, 3, 17, 1, 12, 2, 4, 11, 1, 4, 3, 22, 11, 13, 13, 2, 3, 1, 20, 3, 
51: 1, 3, 7, 1, 8, 2, 3, 17, 3, 1, 4, 14, 7, 4, 9, 12, 4, 34, 22, 4, 9, 2, 1, 9, 2, 4, 3, 4, 1, 2, 2, 14, 6, 2, 8, 2, 16, 6, 11, 3, 3, 1, 3, 1, 2, 28, 3, 2, 5, 16, 17, 2, 8, 1, 1, 3, 29, 4, 10, 6, 31, 5, 18, 0, 0, 0, 0, 0, 0, 0, 0, 0, 0, 0, 0, 0, 0, 0, 0, 0, 0, 0, 0, 0, 0, 0, 0, 0, 0, 0, 0, 0, 0, 0, 0, 0, 0, 0, 0, 0, 0, 0, 0, 0, 0, 0, 0, 0, 0, 0, 0, 0, 0, 0, 0, 0, 0, 0, 0, 0, : 1, 3, 7, 1, 8, 2, 3, 17, 3, 1, 4, 14, 7, 4, 9, 12, 4, 34, 22, 4, 9, 2, 1, 9, 2, 4, 3, 4, 1, 2, 2, 14, 6, 2, 8, 2, 16, 6, 11, 3, 3, 1, 3, 1, 2, 28, 3, 2, 5, 16, 17, 2, 8, 1, 1, 3, 29, 4, 10, 6, 31, 5, 18, 
52: 5, 19, 17, 2, 1, 19, 2, 27, 4, 2, 14, 16, 17, 4, 2, 10, 2, 1, 1, 26, 5, 5, 1, 16, 4, 28, 2, 1, 18, 1, 5, 4, 3, 1, 14, 1, 4, 22, 4, 5, 1, 4, 19, 4, 7, 3, 6, 7, 15, 15, 6, 6, 2, 1, 19, 23, 3, 11, 6, 1, 6, 12, 6, 4, 2, 13, 4, 3, 11, 1, 11, 11, 9, 0, 0, 0, 0, 0, 0, 0, 0, 0, 0, 0, 0, 0, 0, 0, 0, 0, 0, 0, 0, 0, 0, 0, 0, 0, 0, 0, 0, 0, 0, 0, 0, 0, 0, 0, 0, 0, 0, 0, 0, 0, 0, 0, 0, 0, 0, 0, : 5, 19, 17, 2, 1, 19, 2, 27, 4, 2, 14, 16, 17, 4, 2, 10, 2, 1, 1, 26, 5, 5, 1, 16, 4, 28, 2, 1, 18, 1, 5, 4, 3, 1, 14, 1, 4, 22, 4, 5, 1, 4, 19, 4, 7, 3, 6, 7, 15, 15, 6, 6, 2, 1, 19, 23, 3, 11, 6, 1, 6, 12, 6, 4, 2, 13, 4, 3, 11, 1, 11, 11, 9, 
53: 7, 1, 1, 4, 22, 15, 1, 11, 10, 7, 1, 13, 11, 16, 23, 3, 3, 3, 13, 1, 10, 5, 2, 7, 10, 4, 2, 1, 15, 1, 8, 3, 3, 9, 19, 10, 9, 1, 1, 22, 7, 22, 4, 4, 33, 1, 2, 11, 4, 13, 6, 2, 1, 2, 2, 2, 3, 5, 7, 1, 11, 15, 2, 6, 3, 12, 17, 28, 3, 25, 5, 19, 11, 9, 1, 3, 0, 0, 0, 0, 0, 0, 0, 0, 0, 0, 0, 0, 0, 0, 0, 0, 0, 0, 0, 0, 0, 0, 0, 0, 0, 0, 0, 0, 0, 0, 0, 0, 0, 0, 0, 0, 0, 0, 0, 0, 0, 0, 0, 0, : 7, 1, 1, 4, 22, 15, 1, 11, 10, 7, 1, 13, 11, 16, 23, 3, 3, 3, 13, 1, 10, 5, 2, 7, 10, 4, 2, 1, 15, 1, 8, 3, 3, 9, 19, 10, 9, 1, 1, 22, 7, 22, 4, 4, 33, 1, 2, 11, 4, 13, 6, 2, 1, 2, 2, 2, 3, 5, 7, 1, 11, 15, 2, 6, 3, 12, 17, 28, 3, 25, 5, 19, 11, 9, 1, 3, 
54: 3, 5, 1, 3, 14, 15, 5, 2, 4, 12, 4, 12, 13, 2, 17, 1, 13, 17, 5, 3, 12, 14, 1, 6, 1, 28, 9, 15, 12, 2, 9, 15, 6, 1, 6, 2, 10, 5, 2, 9, 9, 2, 19, 20, 27, 10, 9, 7, 10, 3, 13, 3, 1, 24, 1, 0, 0, 0, 0, 0, 0, 0, 0, 0, 0, 0, 0, 0, 0, 0, 0, 0, 0, 0, 0, 0, 0, 0, 0, 0, 0, 0, 0, 0, 0, 0, 0, 0, 0, 0, 0, 0, 0, 0, 0, 0, 0, 0, 0, 0, 0, 0, 0, 0, 0, 0, 0, 0, 0, 0, 0, 0, 0, 0, 0, 0, 0, 0, 0, 0, : 3, 5, 1, 3, 14, 15, 5, 2, 4, 12, 4, 12, 13, 2, 17, 1, 13, 17, 5, 3, 12, 14, 1, 6, 1, 28, 9, 15, 12, 2, 9, 15, 6, 1, 6, 2, 10, 5, 2, 9, 9, 2, 19, 20, 27, 10, 9, 7, 10, 3, 13, 3, 1, 24, 1, 
55: 1, 5, 6, 1, 4, 2, 4, 4, 1, 2, 8, 5, 6, 22, 4, 8, 1, 11, 10, 2, 1, 11, 15, 10, 1, 3, 5, 14, 28, 17, 10, 2, 12, 2, 23, 6, 12, 25, 3, 9, 14, 9, 10, 9, 2, 9, 1, 24, 5, 22, 2, 16, 15, 19, 1, 18, 1, 6, 0, 0, 0, 0, 0, 0, 0, 0, 0, 0, 0, 0, 0, 0, 0, 0, 0, 0, 0, 0, 0, 0, 0, 0, 0, 0, 0, 0, 0, 0, 0, 0, 0, 0, 0, 0, 0, 0, 0, 0, 0, 0, 0, 0, 0, 0, 0, 0, 0, 0, 0, 0, 0, 0, 0, 0, 0, 0, 0, 0, 0, 0, : 1, 5, 6, 1, 4, 2, 4, 4, 1, 2, 8, 5, 6, 22, 4, 8, 1, 11, 10, 2, 1, 11, 15, 10, 1, 3, 5, 14, 28, 17, 10, 2, 12, 2, 23, 6, 12, 25, 3, 9, 14, 9, 10, 9, 2, 9, 1, 24, 5, 22, 2, 16, 15, 19, 1, 18, 1, 6, 
56: 8, 29, 39, 24, 27, 14, 9, 2, 1, 5, 3, 10, 21, 5, 5, 7, 11, 2, 8, 3, 1, 1, 26, 28, 9, 2, 1, 1, 2, 1, 13, 6, 7, 1, 19, 7, 31, 7, 10, 35, 13, 3, 7, 8, 2, 9, 3, 6, 5, 11, 11, 7, 3, 5, 10, 23, 3, 2, 0, 0, 0, 0, 0, 0, 0, 0, 0, 0, 0, 0, 0, 0, 0, 0, 0, 0, 0, 0, 0, 0, 0, 0, 0, 0, 0, 0, 0, 0, 0, 0, 0, 0, 0, 0, 0, 0, 0, 0, 0, 0, 0, 0, 0, 0, 0, 0, 0, 0, 0, 0, 0, 0, 0, 0, 0, 0, 0, 0, 0, 0, : 8, 29, 39, 24, 27, 14, 9, 2, 1, 5, 3, 10, 21, 5, 5, 7, 11, 2, 8, 3, 1, 1, 26, 28, 9, 2, 1, 1, 2, 1, 13, 6, 7, 1, 19, 7, 31, 7, 10, 35, 13, 3, 7, 8, 2, 9, 3, 6, 5, 11, 11, 7, 3, 5, 10, 23, 3, 2, 
57: 15, 4, 1, 13, 7, 13, 16, 4, 2, 14, 4, 24, 3, 27, 13, 17, 15, 8, 4, 14, 1, 7, 8, 7, 11, 15, 3, 2, 1, 21, 1, 17, 1, 6, 15, 32, 4, 11, 5, 9, 31, 5, 20, 24, 5, 2, 7, 11, 5, 5, 2, 4, 11, 27, 6, 2, 10, 3, 2, 0, 0, 0, 0, 0, 0, 0, 0, 0, 0, 0, 0, 0, 0, 0, 0, 0, 0, 0, 0, 0, 0, 0, 0, 0, 0, 0, 0, 0, 0, 0, 0, 0, 0, 0, 0, 0, 0, 0, 0, 0, 0, 0, 0, 0, 0, 0, 0, 0, 0, 0, 0, 0, 0, 0, 0, 0, 0, 0, 0, 0, : 15, 4, 1, 13, 7, 13, 16, 4, 2, 14, 4, 24, 3, 27, 13, 17, 15, 8, 4, 14, 1, 7, 8, 7, 11, 15, 3, 2, 1, 21, 1, 17, 1, 6, 15, 32, 4, 11, 5, 9, 31, 5, 20, 24, 5, 2, 7, 11, 5, 5, 2, 4, 11, 27, 6, 2, 10, 3, 2, 
58: 3, 22, 5, 4, 22, 12, 3, 14, 15, 18, 5, 7, 3, 4, 5, 7, 16, 1, 20, 11, 1, 3, 12, 26, 15, 5, 5, 2, 3, 10, 1, 5, 1, 3, 21, 8, 2, 5, 3, 4, 1, 2, 22, 12, 1, 10, 16, 2, 1, 13, 6, 1, 18, 8, 15, 4, 1, 4, 2, 12, 2, 6, 6, 4, 13, 6, 9, 1, 17, 7, 0, 0, 0, 0, 0, 0, 0, 0, 0, 0, 0, 0, 0, 0, 0, 0, 0, 0, 0, 0, 0, 0, 0, 0, 0, 0, 0, 0, 0, 0, 0, 0, 0, 0, 0, 0, 0, 0, 0, 0, 0, 0, 0, 0, 0, 0, 0, 0, 0, 0, : 3, 22, 5, 4, 22, 12, 3, 14, 15, 18, 5, 7, 3, 4, 5, 7, 16, 1, 20, 11, 1, 3, 12, 26, 15, 5, 5, 2, 3, 10, 1, 5, 1, 3, 21, 8, 2, 5, 3, 4, 1, 2, 22, 12, 1, 10, 16, 2, 1, 13, 6, 1, 18, 8, 15, 4, 1, 4, 2, 12, 2, 6, 6, 4, 13, 6, 9, 1, 17, 7, 
59: 11, 1, 21, 19, 1, 2, 2, 23, 1, 22, 2, 2, 18, 1, 2, 2, 6, 5, 7, 4, 2, 2, 18, 5, 2, 9, 4, 11, 3, 4, 2, 4, 1, 21, 8, 6, 14, 12, 2, 34, 4, 1, 7, 1, 12, 9, 29, 1, 1, 4, 3, 17, 6, 12, 2, 1, 6, 14, 1, 9, 5, 23, 2, 23, 11, 5, 6, 0, 0, 0, 0, 0, 0, 0, 0, 0, 0, 0, 0, 0, 0, 0, 0, 0, 0, 0, 0, 0, 0, 0, 0, 0, 0, 0, 0, 0, 0, 0, 0, 0, 0, 0, 0, 0, 0, 0, 0, 0, 0, 0, 0, 0, 0, 0, 0, 0, 0, 0, 0, 0, : 11, 1, 21, 19, 1, 2, 2, 23, 1, 22, 2, 2, 18, 1, 2, 2, 6, 5, 7, 4, 2, 2, 18, 5, 2, 9, 4, 11, 3, 4, 2, 4, 1, 21, 8, 6, 14, 12, 2, 34, 4, 1, 7, 1, 12, 9, 29, 1, 1, 4, 3, 17, 6, 12, 2, 1, 6, 14, 1, 9, 5, 23, 2, 23, 11, 5, 6, 
60: 7, 4, 3, 5, 3, 1, 21, 3, 1, 9, 3, 8, 1, 4, 25, 10, 34, 13, 3, 11, 2, 2, 12, 9, 1, 3, 22, 9, 1, 1, 23, 6, 1, 3, 1, 4, 11, 21, 26, 4, 20, 11, 20, 14, 6, 31, 3, 8, 1, 2, 2, 12, 3, 17, 4, 12, 2, 6, 24, 1, 4, 11, 17, 7, 11, 11, 33, 10, 14, 2, 7, 2, 1, 19, 21, 0, 0, 0, 0, 0, 0, 0, 0, 0, 0, 0, 0, 0, 0, 0, 0, 0, 0, 0, 0, 0, 0, 0, 0, 0, 0, 0, 0, 0, 0, 0, 0, 0, 0, 0, 0, 0, 0, 0, 0, 0, 0, 0, 0, 0, : 7, 4, 3, 5, 3, 1, 21, 3, 1, 9, 3, 8, 1, 4, 25, 10, 34, 13, 3, 11, 2, 2, 12, 9, 1, 3, 22, 9, 1, 1, 23, 6, 1, 3, 1, 4, 11, 21, 26, 4, 20, 11, 20, 14, 6, 31, 3, 8, 1, 2, 2, 12, 3, 17, 4, 12, 2, 6, 24, 1, 4, 11, 17, 7, 11, 11, 33, 10, 14, 2, 7, 2, 1, 19, 21, 
61: 10, 2, 1, 4, 8, 1, 9, 2, 21, 4, 16, 8, 4, 5, 3, 34, 6, 16, 9, 3, 2, 6, 3, 20, 10, 2, 4, 5, 13, 1, 2, 5, 15, 3, 3, 2, 19, 8, 10, 10, 30, 7, 8, 5, 2, 6, 13, 1, 4, 3, 2, 12, 7, 2, 1, 1, 11, 0, 0, 0, 0, 0, 0, 0, 0, 0, 0, 0, 0, 0, 0, 0, 0, 0, 0, 0, 0, 0, 0, 0, 0, 0, 0, 0, 0, 0, 0, 0, 0, 0, 0, 0, 0, 0, 0, 0, 0, 0, 0, 0, 0, 0, 0, 0, 0, 0, 0, 0, 0, 0, 0, 0, 0, 0, 0, 0, 0, 0, 0, 0, : 10, 2, 1, 4, 8, 1, 9, 2, 21, 4, 16, 8, 4, 5, 3, 34, 6, 16, 9, 3, 2, 6, 3, 20, 10, 2, 4, 5, 13, 1, 2, 5, 15, 3, 3, 2, 19, 8, 10, 10, 30, 7, 8, 5, 2, 6, 13, 1, 4, 3, 2, 12, 7, 2, 1, 1, 11, 
62: 4, 5, 5, 6, 13, 1, 2, 8, 11, 12, 2, 1, 14, 3, 12, 4, 3, 1, 2, 7, 17, 11, 2, 5, 25, 6, 5, 5, 12, 13, 1, 4, 34, 1, 12, 1, 1, 2, 14, 2, 18, 1, 12, 5, 5, 10, 3, 5, 19, 33, 7, 15, 10, 4, 22, 4, 9, 2, 8, 7, 0, 0, 0, 0, 0, 0, 0, 0, 0, 0, 0, 0, 0, 0, 0, 0, 0, 0, 0, 0, 0, 0, 0, 0, 0, 0, 0, 0, 0, 0, 0, 0, 0, 0, 0, 0, 0, 0, 0, 0, 0, 0, 0, 0, 0, 0, 0, 0, 0, 0, 0, 0, 0, 0, 0, 0, 0, 0, 0, 0, : 4, 5, 5, 6, 13, 1, 2, 8, 11, 12, 2, 1, 14, 3, 12, 4, 3, 1, 2, 7, 17, 11, 2, 5, 25, 6, 5, 5, 12, 13, 1, 4, 34, 1, 12, 1, 1, 2, 14, 2, 18, 1, 12, 5, 5, 10, 3, 5, 19, 33, 7, 15, 10, 4, 22, 4, 9, 2, 8, 7, 
63: 4, 2, 6, 17, 23, 8, 3, 3, 2, 7, 4, 5, 1, 6, 1, 19, 1, 5, 2, 5, 14, 1, 9, 1, 2, 8, 17, 2, 25, 4, 17, 9, 5, 2, 1, 15, 20, 11, 9, 3, 2, 6, 5, 2, 1, 2, 14, 3, 2, 9, 5, 21, 33, 10, 1, 21, 23, 5, 1, 14, 7, 2, 9, 12, 0, 0, 0, 0, 0, 0, 0, 0, 0, 0, 0, 0, 0, 0, 0, 0, 0, 0, 0, 0, 0, 0, 0, 0, 0, 0, 0, 0, 0, 0, 0, 0, 0, 0, 0, 0, 0, 0, 0, 0, 0, 0, 0, 0, 0, 0, 0, 0, 0, 0, 0, 0, 0, 0, 0, 0, : 4, 2, 6, 17, 23, 8, 3, 3, 2, 7, 4, 5, 1, 6, 1, 19, 1, 5, 2, 5, 14, 1, 9, 1, 2, 8, 17, 2, 25, 4, 17, 9, 5, 2, 1, 15, 20, 11, 9, 3, 2, 6, 5, 2, 1, 2, 14, 3, 2, 9, 5, 21, 33, 10, 1, 21, 23, 5, 1, 14, 7, 2, 9, 12, 
64: 6, 5, 6, 27, 11, 3, 4, 22, 10, 5, 1, 20, 3, 9, 1, 14, 2, 6, 7, 2, 31, 2, 3, 22, 3, 21, 25, 13, 4, 11, 1, 8, 3, 2, 13, 3, 16, 5, 1, 20, 9, 6, 8, 3, 5, 3, 1, 6, 1, 4, 4, 21, 29, 28, 2, 14, 3, 9, 13, 9, 19, 9, 8, 3, 4, 13, 0, 0, 0, 0, 0, 0, 0, 0, 0, 0, 0, 0, 0, 0, 0, 0, 0, 0, 0, 0, 0, 0, 0, 0, 0, 0, 0, 0, 0, 0, 0, 0, 0, 0, 0, 0, 0, 0, 0, 0, 0, 0, 0, 0, 0, 0, 0, 0, 0, 0, 0, 0, 0, 0, : 6, 5, 6, 27, 11, 3, 4, 22, 10, 5, 1, 20, 3, 9, 1, 14, 2, 6, 7, 2, 31, 2, 3, 22, 3, 21, 25, 13, 4, 11, 1, 8, 3, 2, 13, 3, 16, 5, 1, 20, 9, 6, 8, 3, 5, 3, 1, 6, 1, 4, 4, 21, 29, 28, 2, 14, 3, 9, 13, 9, 19, 9, 8, 3, 4, 13, 
65: 4, 7, 2, 1, 5, 8, 6, 6, 5, 10, 9, 18, 1, 9, 5, 14, 5, 1, 12, 6, 28, 3, 18, 12, 4, 5, 9, 2, 1, 3, 1, 3, 1, 2, 1, 12, 1, 2, 16, 4, 2, 14, 30, 1, 0, 0, 0, 0, 0, 0, 0, 0, 0, 0, 0, 0, 0, 0, 0, 0, 0, 0, 0, 0, 0, 0, 0, 0, 0, 0, 0, 0, 0, 0, 0, 0, 0, 0, 0, 0, 0, 0, 0, 0, 0, 0, 0, 0, 0, 0, 0, 0, 0, 0, 0, 0, 0, 0, 0, 0, 0, 0, 0, 0, 0, 0, 0, 0, 0, 0, 0, 0, 0, 0, 0, 0, 0, 0, 0, 0, : 4, 7, 2, 1, 5, 8, 6, 6, 5, 10, 9, 18, 1, 9, 5, 14, 5, 1, 12, 6, 28, 3, 18, 12, 4, 5, 9, 2, 1, 3, 1, 3, 1, 2, 1, 12, 1, 2, 16, 4, 2, 14, 30, 1, 
66: 2, 10, 6, 8, 1, 1, 1, 20, 15, 8, 21, 22, 1, 8, 6, 1, 8, 6, 7, 21, 6, 10, 2, 1, 5, 6, 5, 1, 17, 2, 11, 1, 16, 12, 1, 19, 26, 1, 3, 3, 1, 2, 13, 1, 5, 8, 4, 9, 9, 3, 9, 1, 1, 11, 4, 10, 2, 9, 0, 0, 0, 0, 0, 0, 0, 0, 0, 0, 0, 0, 0, 0, 0, 0, 0, 0, 0, 0, 0, 0, 0, 0, 0, 0, 0, 0, 0, 0, 0, 0, 0, 0, 0, 0, 0, 0, 0, 0, 0, 0, 0, 0, 0, 0, 0, 0, 0, 0, 0, 0, 0, 0, 0, 0, 0, 0, 0, 0, 0, 0, : 2, 10, 6, 8, 1, 1, 1, 20, 15, 8, 21, 22, 1, 8, 6, 1, 8, 6, 7, 21, 6, 10, 2, 1, 5, 6, 5, 1, 17, 2, 11, 1, 16, 12, 1, 19, 26, 1, 3, 3, 1, 2, 13, 1, 5, 8, 4, 9, 9, 3, 9, 1, 1, 11, 4, 10, 2, 9, 
67: 4, 8, 1, 2, 10, 7, 14, 25, 6, 3, 26, 6, 6, 5, 16, 1, 7, 15, 15, 1, 16, 3, 10, 5, 2, 26, 12, 13, 9, 4, 1, 1, 2, 4, 1, 5, 2, 8, 22, 1, 21, 5, 2, 3, 9, 2, 5, 6, 2, 24, 9, 2, 29, 10, 4, 7, 7, 16, 3, 20, 2, 4, 10, 3, 2, 10, 0, 0, 0, 0, 0, 0, 0, 0, 0, 0, 0, 0, 0, 0, 0, 0, 0, 0, 0, 0, 0, 0, 0, 0, 0, 0, 0, 0, 0, 0, 0, 0, 0, 0, 0, 0, 0, 0, 0, 0, 0, 0, 0, 0, 0, 0, 0, 0, 0, 0, 0, 0, 0, 0, : 4, 8, 1, 2, 10, 7, 14, 25, 6, 3, 26, 6, 6, 5, 16, 1, 7, 15, 15, 1, 16, 3, 10, 5, 2, 26, 12, 13, 9, 4, 1, 1, 2, 4, 1, 5, 2, 8, 22, 1, 21, 5, 2, 3, 9, 2, 5, 6, 2, 24, 9, 2, 29, 10, 4, 7, 7, 16, 3, 20, 2, 4, 10, 3, 2, 10, 
68: 5, 15, 1, 5, 23, 15, 15, 17, 6, 7, 5, 15, 26, 3, 1, 1, 2, 2, 2, 1, 3, 1, 8, 4, 2, 21, 5, 16, 5, 1, 2, 32, 9, 13, 16, 9, 1, 7, 15, 8, 2, 2, 9, 1, 9, 2, 13, 1, 5, 14, 4, 1, 10, 1, 2, 2, 4, 18, 10, 5, 9, 6, 14, 17, 7, 4, 4, 1, 8, 21, 24, 3, 2, 1, 4, 7, 1, 2, 1, 11, 0, 0, 0, 0, 0, 0, 0, 0, 0, 0, 0, 0, 0, 0, 0, 0, 0, 0, 0, 0, 0, 0, 0, 0, 0, 0, 0, 0, 0, 0, 0, 0, 0, 0, 0, 0, 0, 0, 0, 0, : 5, 15, 1, 5, 23, 15, 15, 17, 6, 7, 5, 15, 26, 3, 1, 1, 2, 2, 2, 1, 3, 1, 8, 4, 2, 21, 5, 16, 5, 1, 2, 32, 9, 13, 16, 9, 1, 7, 15, 8, 2, 2, 9, 1, 9, 2, 13, 1, 5, 14, 4, 1, 10, 1, 2, 2, 4, 18, 10, 5, 9, 6, 14, 17, 7, 4, 4, 1, 8, 21, 24, 3, 2, 1, 4, 7, 1, 2, 1, 11, 
69: 10, 2, 4, 1, 32, 2, 3, 4, 2, 10, 18, 24, 5, 2, 1, 14, 10, 1, 7, 10, 13, 1, 10, 1, 28, 16, 9, 30, 1, 14, 1, 4, 2, 4, 25, 10, 11, 12, 3, 35, 4, 9, 5, 19, 7, 10, 14, 1, 2, 8, 12, 17, 3, 31, 10, 19, 1, 7, 2, 4, 29, 0, 0, 0, 0, 0, 0, 0, 0, 0, 0, 0, 0, 0, 0, 0, 0, 0, 0, 0, 0, 0, 0, 0, 0, 0, 0, 0, 0, 0, 0, 0, 0, 0, 0, 0, 0, 0, 0, 0, 0, 0, 0, 0, 0, 0, 0, 0, 0, 0, 0, 0, 0, 0, 0, 0, 0, 0, 0, 0, : 10, 2, 4, 1, 32, 2, 3, 4, 2, 10, 18, 24, 5, 2, 1, 14, 10, 1, 7, 10, 13, 1, 10, 1, 28, 16, 9, 30, 1, 14, 1, 4, 2, 4, 25, 10, 11, 12, 3, 35, 4, 9, 5, 19, 7, 10, 14, 1, 2, 8, 12, 17, 3, 31, 10, 19, 1, 7, 2, 4, 29, 
70: 30, 22, 2, 6, 20, 1, 2, 10, 13, 12, 3, 2, 2, 5, 2, 2, 5, 6, 27, 5, 1, 5, 4, 2, 2, 1, 9, 2, 20, 5, 3, 7, 26, 3, 17, 3, 12, 13, 2, 2, 2, 3, 1, 13, 2, 1, 8, 6, 1, 4, 8, 3, 10, 16, 26, 1, 20, 1, 16, 2, 2, 0, 0, 0, 0, 0, 0, 0, 0, 0, 0, 0, 0, 0, 0, 0, 0, 0, 0, 0, 0, 0, 0, 0, 0, 0, 0, 0, 0, 0, 0, 0, 0, 0, 0, 0, 0, 0, 0, 0, 0, 0, 0, 0, 0, 0, 0, 0, 0, 0, 0, 0, 0, 0, 0, 0, 0, 0, 0, 0, : 30, 22, 2, 6, 20, 1, 2, 10, 13, 12, 3, 2, 2, 5, 2, 2, 5, 6, 27, 5, 1, 5, 4, 2, 2, 1, 9, 2, 20, 5, 3, 7, 26, 3, 17, 3, 12, 13, 2, 2, 2, 3, 1, 13, 2, 1, 8, 6, 1, 4, 8, 3, 10, 16, 26, 1, 20, 1, 16, 2, 2, 
71: 18, 9, 7, 6, 14, 4, 9, 1, 6, 4, 1, 2, 5, 10, 13, 4, 4, 14, 17, 3, 2, 20, 26, 4, 4, 1, 2, 10, 12, 19, 4, 9, 2, 8, 23, 4, 1, 19, 3, 34, 10, 16, 2, 4, 4, 11, 10, 16, 2, 1, 20, 3, 1, 19, 1, 2, 12, 8, 17, 3, 29, 19, 17, 18, 12, 8, 4, 1, 15, 15, 7, 15, 4, 3, 2, 1, 15, 26, 3, 4, 19, 5, 15, 13, 21, 0, 0, 0, 0, 0, 0, 0, 0, 0, 0, 0, 0, 0, 0, 0, 0, 0, 0, 0, 0, 0, 0, 0, 0, 0, 0, 0, 0, 0, 0, 0, 0, 0, 0, 0, : 18, 9, 7, 6, 14, 4, 9, 1, 6, 4, 1, 2, 5, 10, 13, 4, 4, 14, 17, 3, 2, 20, 26, 4, 4, 1, 2, 10, 12, 19, 4, 9, 2, 8, 23, 4, 1, 19, 3, 34, 10, 16, 2, 4, 4, 11, 10, 16, 2, 1, 20, 3, 1, 19, 1, 2, 12, 8, 17, 3, 29, 19, 17, 18, 12, 8, 4, 1, 15, 15, 7, 15, 4, 3, 2, 1, 15, 26, 3, 4, 19, 5, 15, 13, 21, 
72: 5, 10, 8, 1, 1, 1, 8, 4, 1, 2, 2, 1, 6, 3, 8, 10, 1, 12, 1, 21, 9, 2, 1, 2, 12, 6, 7, 1, 8, 4, 13, 7, 5, 4, 23, 1, 25, 7, 6, 7, 2, 1, 1, 27, 9, 3, 3, 26, 6, 14, 4, 8, 1, 6, 6, 1, 1, 1, 0, 0, 0, 0, 0, 0, 0, 0, 0, 0, 0, 0, 0, 0, 0, 0, 0, 0, 0, 0, 0, 0, 0, 0, 0, 0, 0, 0, 0, 0, 0, 0, 0, 0, 0, 0, 0, 0, 0, 0, 0, 0, 0, 0, 0, 0, 0, 0, 0, 0, 0, 0, 0, 0, 0, 0, 0, 0, 0, 0, 0, 0, : 5, 10, 8, 1, 1, 1, 8, 4, 1, 2, 2, 1, 6, 3, 8, 10, 1, 12, 1, 21, 9, 2, 1, 2, 12, 6, 7, 1, 8, 4, 13, 7, 5, 4, 23, 1, 25, 7, 6, 7, 2, 1, 1, 27, 9, 3, 3, 26, 6, 14, 4, 8, 1, 6, 6, 1, 1, 1, 
73: 5, 14, 2, 3, 8, 27, 25, 10, 15, 27, 9, 14, 9, 18, 2, 13, 27, 1, 7, 5, 9, 14, 16, 8, 12, 24, 1, 6, 1, 11, 9, 4, 3, 8, 2, 2, 24, 26, 20, 3, 4, 4, 3, 6, 3, 1, 24, 22, 5, 2, 4, 17, 11, 21, 1, 1, 6, 10, 3, 6, 12, 2, 10, 17, 25, 15, 8, 8, 10, 9, 8, 0, 0, 0, 0, 0, 0, 0, 0, 0, 0, 0, 0, 0, 0, 0, 0, 0, 0, 0, 0, 0, 0, 0, 0, 0, 0, 0, 0, 0, 0, 0, 0, 0, 0, 0, 0, 0, 0, 0, 0, 0, 0, 0, 0, 0, 0, 0, 0, 0, : 5, 14, 2, 3, 8, 27, 25, 10, 15, 27, 9, 14, 9, 18, 2, 13, 27, 1, 7, 5, 9, 14, 16, 8, 12, 24, 1, 6, 1, 11, 9, 4, 3, 8, 2, 2, 24, 26, 20, 3, 4, 4, 3, 6, 3, 1, 24, 22, 5, 2, 4, 17, 11, 21, 1, 1, 6, 10, 3, 6, 12, 2, 10, 17, 25, 15, 8, 8, 10, 9, 8, 
74: 5, 13, 15, 7, 1, 1, 11, 7, 32, 28, 22, 14, 14, 2, 12, 4, 14, 14, 18, 8, 2, 1, 12, 2, 7, 3, 16, 22, 2, 2, 6, 16, 2, 1, 19, 0, 0, 0, 0, 0, 0, 0, 0, 0, 0, 0, 0, 0, 0, 0, 0, 0, 0, 0, 0, 0, 0, 0, 0, 0, 0, 0, 0, 0, 0, 0, 0, 0, 0, 0, 0, 0, 0, 0, 0, 0, 0, 0, 0, 0, 0, 0, 0, 0, 0, 0, 0, 0, 0, 0, 0, 0, 0, 0, 0, 0, 0, 0, 0, 0, 0, 0, 0, 0, 0, 0, 0, 0, 0, 0, 0, 0, 0, 0, 0, 0, 0, 0, 0, 0, : 5, 13, 15, 7, 1, 1, 11, 7, 32, 28, 22, 14, 14, 2, 12, 4, 14, 14, 18, 8, 2, 1, 12, 2, 7, 3, 16, 22, 2, 2, 6, 16, 2, 1, 19, 
75: 1, 7, 9, 20, 1, 3, 4, 14, 4, 4, 8, 2, 22, 10, 2, 2, 12, 19, 7, 18, 19, 14, 2, 4, 8, 7, 2, 1, 2, 11, 1, 5, 3, 9, 4, 2, 36, 1, 4, 2, 1, 8, 9, 6, 5, 17, 3, 31, 7, 2, 17, 19, 21, 20, 9, 1, 25, 0, 0, 0, 0, 0, 0, 0, 0, 0, 0, 0, 0, 0, 0, 0, 0, 0, 0, 0, 0, 0, 0, 0, 0, 0, 0, 0, 0, 0, 0, 0, 0, 0, 0, 0, 0, 0, 0, 0, 0, 0, 0, 0, 0, 0, 0, 0, 0, 0, 0, 0, 0, 0, 0, 0, 0, 0, 0, 0, 0, 0, 0, 0, : 1, 7, 9, 20, 1, 3, 4, 14, 4, 4, 8, 2, 22, 10, 2, 2, 12, 19, 7, 18, 19, 14, 2, 4, 8, 7, 2, 1, 2, 11, 1, 5, 3, 9, 4, 2, 36, 1, 4, 2, 1, 8, 9, 6, 5, 17, 3, 31, 7, 2, 17, 19, 21, 20, 9, 1, 25, 
76: 9, 1, 6, 7, 8, 15, 13, 24, 28, 6, 4, 5, 3, 1, 9, 24, 2, 4, 3, 7, 15, 13, 7, 14, 3, 1, 5, 14, 2, 4, 2, 12, 1, 2, 3, 2, 3, 8, 4, 4, 2, 19, 9, 1, 3, 4, 7, 17, 1, 2, 4, 3, 1, 9, 1, 4, 5, 3, 3, 4, 2, 6, 6, 6, 15, 3, 21, 1, 5, 2, 8, 8, 10, 9, 8, 7, 15, 1, 6, 15, 3, 6, 8, 0, 0, 0, 0, 0, 0, 0, 0, 0, 0, 0, 0, 0, 0, 0, 0, 0, 0, 0, 0, 0, 0, 0, 0, 0, 0, 0, 0, 0, 0, 0, 0, 0, 0, 0, 0, 0, : 9, 1, 6, 7, 8, 15, 13, 24, 28, 6, 4, 5, 3, 1, 9, 24, 2, 4, 3, 7, 15, 13, 7, 14, 3, 1, 5, 14, 2, 4, 2, 12, 1, 2, 3, 2, 3, 8, 4, 4, 2, 19, 9, 1, 3, 4, 7, 17, 1, 2, 4, 3, 1, 9, 1, 4, 5, 3, 3, 4, 2, 6, 6, 6, 15, 3, 21, 1, 5, 2, 8, 8, 10, 9, 8, 7, 15, 1, 6, 15, 3, 6, 8, 
77: 29, 28, 3, 17, 1, 15, 3, 12, 33, 9, 2, 2, 4, 5, 1, 12, 3, 9, 3, 1, 2, 5, 27, 6, 2, 2, 9, 3, 7, 13, 23, 6, 6, 14, 4, 7, 14, 9, 4, 2, 6, 16, 12, 14, 1, 2, 1, 7, 2, 1, 1, 10, 8, 9, 18, 13, 0, 0, 0, 0, 0, 0, 0, 0, 0, 0, 0, 0, 0, 0, 0, 0, 0, 0, 0, 0, 0, 0, 0, 0, 0, 0, 0, 0, 0, 0, 0, 0, 0, 0, 0, 0, 0, 0, 0, 0, 0, 0, 0, 0, 0, 0, 0, 0, 0, 0, 0, 0, 0, 0, 0, 0, 0, 0, 0, 0, 0, 0, 0, 0, : 29, 28, 3, 17, 1, 15, 3, 12, 33, 9, 2, 2, 4, 5, 1, 12, 3, 9, 3, 1, 2, 5, 27, 6, 2, 2, 9, 3, 7, 13, 23, 6, 6, 14, 4, 7, 14, 9, 4, 2, 6, 16, 12, 14, 1, 2, 1, 7, 2, 1, 1, 10, 8, 9, 18, 13, 
78: 4, 10, 5, 10, 1, 19, 32, 6, 9, 8, 5, 8, 6, 5, 12, 8, 6, 29, 6, 3, 1, 4, 2, 9, 2, 2, 4, 6, 14, 8, 2, 19, 4, 6, 1, 29, 1, 9, 1, 2, 4, 25, 16, 2, 3, 17, 25, 7, 5, 12, 14, 1, 1, 1, 6, 18, 0, 0, 0, 0, 0, 0, 0, 0, 0, 0, 0, 0, 0, 0, 0, 0, 0, 0, 0, 0, 0, 0, 0, 0, 0, 0, 0, 0, 0, 0, 0, 0, 0, 0, 0, 0, 0, 0, 0, 0, 0, 0, 0, 0, 0, 0, 0, 0, 0, 0, 0, 0, 0, 0, 0, 0, 0, 0, 0, 0, 0, 0, 0, 0, : 4, 10, 5, 10, 1, 19, 32, 6, 9, 8, 5, 8, 6, 5, 12, 8, 6, 29, 6, 3, 1, 4, 2, 9, 2, 2, 4, 6, 14, 8, 2, 19, 4, 6, 1, 29, 1, 9, 1, 2, 4, 25, 16, 2, 3, 17, 25, 7, 5, 12, 14, 1, 1, 1, 6, 18, 
79: 15, 2, 1, 4, 8, 3, 24, 5, 1, 4, 1, 1, 22, 1, 3, 4, 11, 21, 6, 4, 25, 2, 18, 4, 11, 2, 6, 5, 6, 6, 29, 7, 6, 25, 31, 9, 5, 1, 21, 18, 1, 8, 1, 18, 23, 6, 2, 1, 5, 1, 3, 2, 1, 3, 5, 6, 4, 2, 4, 3, 6, 35, 3, 5, 5, 2, 3, 11, 3, 4, 9, 9, 1, 2, 2, 17, 0, 0, 0, 0, 0, 0, 0, 0, 0, 0, 0, 0, 0, 0, 0, 0, 0, 0, 0, 0, 0, 0, 0, 0, 0, 0, 0, 0, 0, 0, 0, 0, 0, 0, 0, 0, 0, 0, 0, 0, 0, 0, 0, 0, : 15, 2, 1, 4, 8, 3, 24, 5, 1, 4, 1, 1, 22, 1, 3, 4, 11, 21, 6, 4, 25, 2, 18, 4, 11, 2, 6, 5, 6, 6, 29, 7, 6, 25, 31, 9, 5, 1, 21, 18, 1, 8, 1, 18, 23, 6, 2, 1, 5, 1, 3, 2, 1, 3, 5, 6, 4, 2, 4, 3, 6, 35, 3, 5, 5, 2, 3, 11, 3, 4, 9, 9, 1, 2, 2, 17, 
80: 8, 1, 3, 1, 1, 17, 4, 27, 13, 23, 2, 8, 2, 5, 29, 16, 12, 7, 25, 3, 6, 1, 13, 3, 12, 31, 4, 3, 1, 29, 4, 3, 8, 18, 28, 5, 4, 21, 16, 28, 6, 2, 2, 3, 7, 1, 0, 0, 0, 0, 0, 0, 0, 0, 0, 0, 0, 0, 0, 0, 0, 0, 0, 0, 0, 0, 0, 0, 0, 0, 0, 0, 0, 0, 0, 0, 0, 0, 0, 0, 0, 0, 0, 0, 0, 0, 0, 0, 0, 0, 0, 0, 0, 0, 0, 0, 0, 0, 0, 0, 0, 0, 0, 0, 0, 0, 0, 0, 0, 0, 0, 0, 0, 0, 0, 0, 0, 0, 0, 0, : 8, 1, 3, 1, 1, 17, 4, 27, 13, 23, 2, 8, 2, 5, 29, 16, 12, 7, 25, 3, 6, 1, 13, 3, 12, 31, 4, 3, 1, 29, 4, 3, 8, 18, 28, 5, 4, 21, 16, 28, 6, 2, 2, 3, 7, 1, 


