80
40
1: 9, 7, 1, 1, 2, 22, 26, 4, 1, 14, 1, 28, 15, 3, 11, 2, 2, 4, 10, 6, 2, 6, 8, 7, 1, 6, 11, 9, 20, 34, 37, 2, 21, 12, 11, 1, 12, 7, 21, 3, 0, 0, 0, 0, 0, 0, 0, 0, 0, 0, 0, 0, 0, 0, 0, 0, 0, 0, 0, 0, 0, 0, 0, 0, 0, 0, 0, 0, 0, 0, 0, 0, 0, 0, 0, 0, 0, 0, 0, 0, : 9, 7, 1, 1, 2, 22, 26, 4, 1, 14, 1, 28, 15, 3, 11, 2, 2, 4, 10, 6, 2, 6, 8, 7, 1, 6, 11, 9, 20, 34, 37, 2, 21, 12, 11, 1, 12, 7, 21, 3, 
2: 26, 19, 2, 16, 6, 2, 12, 17, 1, 4, 4, 11, 5, 1, 1, 4, 11, 3, 5, 8, 1, 3, 2, 1, 1, 5, 1, 1, 20, 6, 14, 20, 2, 20, 0, 0, 0, 0, 0, 0, 0, 0, 0, 0, 0, 0, 0, 0, 0, 0, 0, 0, 0, 0, 0, 0, 0, 0, 0, 0, 0, 0, 0, 0, 0, 0, 0, 0, 0, 0, 0, 0, 0, 0, 0, 0, 0, 0, 0, 0, : 26, 19, 2, 16, 6, 2, 12, 17, 1, 4, 4, 11, 5, 1, 1, 4, 11, 3, 5, 8, 1, 3, 2, 1, 1, 5, 1, 1, 20, 6, 14, 20, 2, 20, 
3: 21, 6, 11, 4, 5, 2, 12, 22, 1, 10, 18, 30, 12, 2, 1, 2, 8, 11, 4, 4, 3, 8, 6, 9, 1, 3, 2, 7, 7, 26, 15, 9, 5, 8, 0, 0, 0, 0, 0, 0, 0, 0, 0, 0, 0, 0, 0, 0, 0, 0, 0, 0, 0, 0, 0, 0, 0, 0, 0, 0, 0, 0, 0, 0, 0, 0, 0, 0, 0, 0, 0, 0, 0, 0, 0, 0, 0, 0, 0, 0, : 21, 6, 11, 4, 5, 2, 12, 22, 1, 10, 18, 30, 12, 2, 1, 2, 8, 11, 4, 4, 3, 8, 6, 9, 1, 3, 2, 7, 7, 26, 15, 9, 5, 8, 
4: 18, 36, 24, 3, 8, 13, 4, 4, 6, 3, 2, 7, 3, 1, 6, 17, 7, 3, 11, 15, 1, 17, 4, 5, 7, 1, 3, 5, 3, 3, 5, 8, 13, 1, 4, 4, 15, 2, 7, 2, 18, 18, 1, 3, 6, 33, 4, 1, 0, 0, 0, 0, 0, 0, 0, 0, 0, 0, 0, 0, 0, 0, 0, 0, 0, 0, 0, 0, 0, 0, 0, 0, 0, 0, 0, 0, 0, 0, 0, 0, : 18, 36, 24, 3, 8, 13, 4, 4, 6, 3, 2, 7, 3, 1, 6, 17, 7, 3, 11, 15, 1, 17, 4, 5, 7, 1, 3, 5, 3, 3, 5, 8, 13, 1, 4, 4, 15, 2, 7, 2, 18, 18, 1, 3, 6, 33, 4, 1, 
5: 4, 1, 9, 4, 5, 2, 3, 4, 5, 8, 9, 10, 8, 4, 2, 10, 1, 4, 5, 11, 3, 10, 15, 26, 13, 3, 19, 1, 12, 3, 8, 10, 23, 0, 0, 0, 0, 0, 0, 0, 0, 0, 0, 0, 0, 0, 0, 0, 0, 0, 0, 0, 0, 0, 0, 0, 0, 0, 0, 0, 0, 0, 0, 0, 0, 0, 0, 0, 0, 0, 0, 0, 0, 0, 0, 0, 0, 0, 0, 0, : 4, 1, 9, 4, 5, 2, 3, 4, 5, 8, 9, 10, 8, 4, 2, 10, 1, 4, 5, 11, 3, 10, 15, 26, 13, 3, 19, 1, 12, 3, 8, 10, 23, 
6: 1, 13, 1, 4, 2, 7, 4, 9, 8, 6, 25, 14, 1, 1, 9, 22, 6, 3, 6, 15, 15, 1, 6, 1, 5, 32, 7, 2, 7, 2, 11, 10, 13, 3, 4, 7, 1, 11, 7, 3, 12, 1, 14, 2, 1, 6, 3, 5, 0, 0, 0, 0, 0, 0, 0, 0, 0, 0, 0, 0, 0, 0, 0, 0, 0, 0, 0, 0, 0, 0, 0, 0, 0, 0, 0, 0, 0, 0, 0, 0, : 1, 13, 1, 4, 2, 7, 4, 9, 8, 6, 25, 14, 1, 1, 9, 22, 6, 3, 6, 15, 15, 1, 6, 1, 5, 32, 7, 2, 7, 2, 11, 10, 13, 3, 4, 7, 1, 11, 7, 3, 12, 1, 14, 2, 1, 6, 3, 5, 
7: 7, 8, 4, 7, 9, 1, 11, 7, 7, 2, 10, 35, 20, 5, 4, 3, 2, 4, 29, 1, 12, 9, 2, 5, 6, 5, 5, 15, 9, 19, 3, 2, 13, 5, 38, 27, 3, 8, 1, 12, 2, 13, 15, 9, 0, 0, 0, 0, 0, 0, 0, 0, 0, 0, 0, 0, 0, 0, 0, 0, 0, 0, 0, 0, 0, 0, 0, 0, 0, 0, 0, 0, 0, 0, 0, 0, 0, 0, 0, 0, : 7, 8, 4, 7, 9, 1, 11, 7, 7, 2, 10, 35, 20, 5, 4, 3, 2, 4, 29, 1, 12, 9, 2, 5, 6, 5, 5, 15, 9, 19, 3, 2, 13, 5, 38, 27, 3, 8, 1, 12, 2, 13, 15, 9, 
8: 15, 28, 2, 6, 2, 13, 10, 27, 3, 1, 3, 4, 13, 1, 17, 1, 3, 4, 33, 8, 7, 11, 2, 7, 8, 17, 2, 3, 8, 5, 12, 4, 3, 0, 0, 0, 0, 0, 0, 0, 0, 0, 0, 0, 0, 0, 0, 0, 0, 0, 0, 0, 0, 0, 0, 0, 0, 0, 0, 0, 0, 0, 0, 0, 0, 0, 0, 0, 0, 0, 0, 0, 0, 0, 0, 0, 0, 0, 0, 0, : 15, 28, 2, 6, 2, 13, 10, 27, 3, 1, 3, 4, 13, 1, 17, 1, 3, 4, 33, 8, 7, 11, 2, 7, 8, 17, 2, 3, 8, 5, 12, 4, 3, 
9: 3, 1, 33, 11, 3, 3, 1, 9, 1, 3, 4, 1, 3, 12, 21, 8, 3, 11, 7, 4, 2, 12, 4, 1, 7, 4, 2, 5, 2, 25, 4, 9, 12, 11, 3, 3, 1, 13, 3, 5, 0, 0, 0, 0, 0, 0, 0, 0, 0, 0, 0, 0, 0, 0, 0, 0, 0, 0, 0, 0, 0, 0, 0, 0, 0, 0, 0, 0, 0, 0, 0, 0, 0, 0, 0, 0, 0, 0, 0, 0, : 3, 1, 33, 11, 3, 3, 1, 9, 1, 3, 4, 1, 3, 12, 21, 8, 3, 11, 7, 4, 2, 12, 4, 1, 7, 4, 2, 5, 2, 25, 4, 9, 12, 11, 3, 3, 1, 13, 3, 5, 
10: 4, 2, 16, 6, 20, 15, 2, 9, 5, 5, 7, 26, 1, 18, 3, 7, 3, 19, 4, 1, 2, 2, 1, 7, 2, 18, 21, 1, 8, 13, 1, 3, 9, 4, 5, 4, 0, 0, 0, 0, 0, 0, 0, 0, 0, 0, 0, 0, 0, 0, 0, 0, 0, 0, 0, 0, 0, 0, 0, 0, 0, 0, 0, 0, 0, 0, 0, 0, 0, 0, 0, 0, 0, 0, 0, 0, 0, 0, 0, 0, : 4, 2, 16, 6, 20, 15, 2, 9, 5, 5, 7, 26, 1, 18, 3, 7, 3, 19, 4, 1, 2, 2, 1, 7, 2, 18, 21, 1, 8, 13, 1, 3, 9, 4, 5, 4, 
11: 13, 3, 2, 9, 6, 4, 25, 1, 8, 1, 1, 1, 4, 2, 1, 17, 28, 2, 6, 5, 2, 3, 1, 9, 1, 14, 2, 2, 7, 10, 4, 0, 0, 0, 0, 0, 0, 0, 0, 0, 0, 0, 0, 0, 0, 0, 0, 0, 0, 0, 0, 0, 0, 0, 0, 0, 0, 0, 0, 0, 0, 0, 0, 0, 0, 0, 0, 0, 0, 0, 0, 0, 0, 0, 0, 0, 0, 0, 0, 0, : 13, 3, 2, 9, 6, 4, 25, 1, 8, 1, 1, 1, 4, 2, 1, 17, 28, 2, 6, 5, 2, 3, 1, 9, 1, 14, 2, 2, 7, 10, 4, 
12: 1, 1, 17, 17, 14, 6, 25, 10, 3, 2, 3, 1, 4, 7, 5, 3, 9, 10, 11, 4, 27, 3, 2, 13, 8, 7, 6, 7, 7, 5, 10, 2, 7, 18, 3, 16, 3, 2, 4, 9, 0, 0, 0, 0, 0, 0, 0, 0, 0, 0, 0, 0, 0, 0, 0, 0, 0, 0, 0, 0, 0, 0, 0, 0, 0, 0, 0, 0, 0, 0, 0, 0, 0, 0, 0, 0, 0, 0, 0, 0, : 1, 1, 17, 17, 14, 6, 25, 10, 3, 2, 3, 1, 4, 7, 5, 3, 9, 10, 11, 4, 27, 3, 2, 13, 8, 7, 6, 7, 7, 5, 10, 2, 7, 18, 3, 16, 3, 2, 4, 9, 
13: 7, 2, 7, 1, 1, 12, 6, 8, 2, 3, 13, 9, 1, 14, 4, 3, 8, 2, 20, 1, 3, 29, 13, 4, 2, 25, 4, 2, 19, 1, 7, 1, 3, 1, 3, 11, 10, 8, 4, 0, 0, 0, 0, 0, 0, 0, 0, 0, 0, 0, 0, 0, 0, 0, 0, 0, 0, 0, 0, 0, 0, 0, 0, 0, 0, 0, 0, 0, 0, 0, 0, 0, 0, 0, 0, 0, 0, 0, 0, 0, : 7, 2, 7, 1, 1, 12, 6, 8, 2, 3, 13, 9, 1, 14, 4, 3, 8, 2, 20, 1, 3, 29, 13, 4, 2, 25, 4, 2, 19, 1, 7, 1, 3, 1, 3, 11, 10, 8, 4, 
14: 12, 7, 8, 38, 6, 13, 3, 2, 21, 1, 8, 2, 1, 16, 4, 11, 2, 11, 3, 7, 9, 8, 12, 17, 11, 4, 6, 15, 3, 5, 17, 5, 33, 6, 1, 6, 1, 3, 22, 9, 10, 1, 1, 1, 3, 1, 1, 8, 22, 2, 15, 0, 0, 0, 0, 0, 0, 0, 0, 0, 0, 0, 0, 0, 0, 0, 0, 0, 0, 0, 0, 0, 0, 0, 0, 0, 0, 0, 0, 0, : 12, 7, 8, 38, 6, 13, 3, 2, 21, 1, 8, 2, 1, 16, 4, 11, 2, 11, 3, 7, 9, 8, 12, 17, 11, 4, 6, 15, 3, 5, 17, 5, 33, 6, 1, 6, 1, 3, 22, 9, 10, 1, 1, 1, 3, 1, 1, 8, 22, 2, 15, 
15: 3, 5, 6, 5, 1, 14, 9, 15, 6, 37, 3, 3, 28, 1, 1, 5, 6, 2, 5, 2, 2, 9, 3, 1, 9, 23, 12, 1, 7, 3, 24, 11, 9, 6, 0, 0, 0, 0, 0, 0, 0, 0, 0, 0, 0, 0, 0, 0, 0, 0, 0, 0, 0, 0, 0, 0, 0, 0, 0, 0, 0, 0, 0, 0, 0, 0, 0, 0, 0, 0, 0, 0, 0, 0, 0, 0, 0, 0, 0, 0, : 3, 5, 6, 5, 1, 14, 9, 15, 6, 37, 3, 3, 28, 1, 1, 5, 6, 2, 5, 2, 2, 9, 3, 1, 9, 23, 12, 1, 7, 3, 24, 11, 9, 6, 
16: 5, 2, 3, 27, 2, 1, 3, 1, 2, 5, 1, 4, 4, 14, 14, 9, 4, 2, 3, 12, 4, 6, 2, 7, 1, 4, 7, 3, 14, 10, 9, 7, 16, 15, 9, 1, 13, 1, 9, 1, 5, 0, 0, 0, 0, 0, 0, 0, 0, 0, 0, 0, 0, 0, 0, 0, 0, 0, 0, 0, 0, 0, 0, 0, 0, 0, 0, 0, 0, 0, 0, 0, 0, 0, 0, 0, 0, 0, 0, 0, : 5, 2, 3, 27, 2, 1, 3, 1, 2, 5, 1, 4, 4, 14, 14, 9, 4, 2, 3, 12, 4, 6, 2, 7, 1, 4, 7, 3, 14, 10, 9, 7, 16, 15, 9, 1, 13, 1, 9, 1, 5, 
17: 4, 1, 14, 11, 2, 14, 2, 2, 2, 8, 8, 1, 1, 17, 10, 8, 17, 4, 1, 1, 20, 10, 22, 1, 1, 10, 7, 20, 1, 23, 6, 5, 9, 22, 5, 14, 1, 1, 0, 0, 0, 0, 0, 0, 0, 0, 0, 0, 0, 0, 0, 0, 0, 0, 0, 0, 0, 0, 0, 0, 0, 0, 0, 0, 0, 0, 0, 0, 0, 0, 0, 0, 0, 0, 0, 0, 0, 0, 0, 0, : 4, 1, 14, 11, 2, 14, 2, 2, 2, 8, 8, 1, 1, 17, 10, 8, 17, 4, 1, 1, 20, 10, 22, 1, 1, 10, 7, 20, 1, 23, 6, 5, 9, 22, 5, 14, 1, 1, 
18: 1, 12, 36, 11, 3, 1, 9, 16, 25, 6, 22, 2, 8, 4, 17, 12, 7, 23, 6, 20, 24, 23, 1, 1, 5, 2, 16, 3, 1, 3, 8, 23, 5, 4, 5, 10, 3, 3, 5, 3, 7, 0, 0, 0, 0, 0, 0, 0, 0, 0, 0, 0, 0, 0, 0, 0, 0, 0, 0, 0, 0, 0, 0, 0, 0, 0, 0, 0, 0, 0, 0, 0, 0, 0, 0, 0, 0, 0, 0, 0, : 1, 12, 36, 11, 3, 1, 9, 16, 25, 6, 22, 2, 8, 4, 17, 12, 7, 23, 6, 20, 24, 23, 1, 1, 5, 2, 16, 3, 1, 3, 8, 23, 5, 4, 5, 10, 3, 3, 5, 3, 7, 
19: 2, 12, 12, 20, 18, 2, 9, 3, 2, 10, 16, 1, 2, 3, 21, 15, 1, 1, 4, 3, 1, 9, 17, 5, 1, 13, 1, 2, 5, 1, 1, 11, 6, 9, 4, 20, 8, 2, 8, 3, 20, 7, 38, 12, 26, 11, 1, 9, 7, 16, 8, 9, 0, 0, 0, 0, 0, 0, 0, 0, 0, 0, 0, 0, 0, 0, 0, 0, 0, 0, 0, 0, 0, 0, 0, 0, 0, 0, 0, 0, : 2, 12, 12, 20, 18, 2, 9, 3, 2, 10, 16, 1, 2, 3, 21, 15, 1, 1, 4, 3, 1, 9, 17, 5, 1, 13, 1, 2, 5, 1, 1, 11, 6, 9, 4, 20, 8, 2, 8, 3, 20, 7, 38, 12, 26, 11, 1, 9, 7, 16, 8, 9, 
20: 13, 2, 10, 1, 4, 5, 8, 6, 23, 6, 4, 1, 7, 25, 20, 11, 7, 9, 9, 16, 12, 4, 2, 2, 4, 7, 17, 4, 5, 6, 32, 2, 1, 4, 6, 7, 10, 5, 6, 7, 5, 3, 0, 0, 0, 0, 0, 0, 0, 0, 0, 0, 0, 0, 0, 0, 0, 0, 0, 0, 0, 0, 0, 0, 0, 0, 0, 0, 0, 0, 0, 0, 0, 0, 0, 0, 0, 0, 0, 0, : 13, 2, 10, 1, 4, 5, 8, 6, 23, 6, 4, 1, 7, 25, 20, 11, 7, 9, 9, 16, 12, 4, 2, 2, 4, 7, 17, 4, 5, 6, 32, 2, 1, 4, 6, 7, 10, 5, 6, 7, 5, 3, 
21: 1, 15, 9, 9, 4, 3, 16, 2, 1, 11, 17, 2, 12, 2, 5, 1, 2, 2, 1, 3, 3, 9, 21, 9, 1, 3, 22, 10, 12, 21, 4, 2, 23, 3, 0, 0, 0, 0, 0, 0, 0, 0, 0, 0, 0, 0, 0, 0, 0, 0, 0, 0, 0, 0, 0, 0, 0, 0, 0, 0, 0, 0, 0, 0, 0, 0, 0, 0, 0, 0, 0, 0, 0, 0, 0, 0, 0, 0, 0, 0, : 1, 15, 9, 9, 4, 3, 16, 2, 1, 11, 17, 2, 12, 2, 5, 1, 2, 2, 1, 3, 3, 9, 21, 9, 1, 3, 22, 10, 12, 21, 4, 2, 23, 3, 
22: 3, 34, 22, 7, 10, 19, 5, 3, 16, 2, 10, 2, 5, 18, 1, 18, 4, 17, 19, 5, 8, 18, 6, 2, 9, 3, 15, 10, 4, 15, 2, 6, 0, 0, 0, 0, 0, 0, 0, 0, 0, 0, 0, 0, 0, 0, 0, 0, 0, 0, 0, 0, 0, 0, 0, 0, 0, 0, 0, 0, 0, 0, 0, 0, 0, 0, 0, 0, 0, 0, 0, 0, 0, 0, 0, 0, 0, 0, 0, 0, : 3, 34, 22, 7, 10, 19, 5, 3, 16, 2, 10, 2, 5, 18, 1, 18, 4, 17, 19, 5, 8, 18, 6, 2, 9, 3, 15, 10, 4, 15, 2, 6, 
23: 5, 1, 17, 10, 16, 3, 6, 5, 8, 3, 4, 1, 1, 3, 4, 3, 15, 2, 9, 1, 2, 1, 9, 4, 6, 8, 7, 2, 33, 1, 9, 4, 22, 2, 1, 19, 3, 1, 4, 18, 9, 6, 4, 6, 17, 3, 6, 1, 3, 5, 1, 2, 17, 11, 0, 0, 0, 0, 0, 0, 0, 0, 0, 0, 0, 0, 0, 0, 0, 0, 0, 0, 0, 0, 0, 0, 0, 0, 0, 0, : 5, 1, 17, 10, 16, 3, 6, 5, 8, 3, 4, 1, 1, 3, 4, 3, 15, 2, 9, 1, 2, 1, 9, 4, 6, 8, 7, 2, 33, 1, 9, 4, 22, 2, 1, 19, 3, 1, 4, 18, 9, 6, 4, 6, 17, 3, 6, 1, 3, 5, 1, 2, 17, 11, 
24: 4, 1, 17, 4, 5, 4, 2, 30, 1, 25, 21, 7, 22, 11, 3, 13, 4, 5, 6, 1, 6, 1, 8, 7, 7, 15, 4, 17, 0, 0, 0, 0, 0, 0, 0, 0, 0, 0, 0, 0, 0, 0, 0, 0, 0, 0, 0, 0, 0, 0, 0, 0, 0, 0, 0, 0, 0, 0, 0, 0, 0, 0, 0, 0, 0, 0, 0, 0, 0, 0, 0, 0, 0, 0, 0, 0, 0, 0, 0, 0, : 4, 1, 17, 4, 5, 4, 2, 30, 1, 25, 21, 7, 22, 11, 3, 13, 4, 5, 6, 1, 6, 1, 8, 7, 7, 15, 4, 17, 
25: 4, 3, 1, 5, 4, 2, 20, 22, 37, 5, 22, 9, 4, 2, 3, 20, 1, 2, 20, 8, 4, 2, 2, 23, 2, 4, 8, 3, 4, 8, 4, 1, 14, 8, 8, 12, 13, 5, 1, 4, 21, 8, 10, 4, 4, 3, 10, 1, 8, 3, 5, 4, 13, 5, 1, 8, 25, 17, 5, 0, 0, 0, 0, 0, 0, 0, 0, 0, 0, 0, 0, 0, 0, 0, 0, 0, 0, 0, 0, 0, : 4, 3, 1, 5, 4, 2, 20, 22, 37, 5, 22, 9, 4, 2, 3, 20, 1, 2, 20, 8, 4, 2, 2, 23, 2, 4, 8, 3, 4, 8, 4, 1, 14, 8, 8, 12, 13, 5, 1, 4, 21, 8, 10, 4, 4, 3, 10, 1, 8, 3, 5, 4, 13, 5, 1, 8, 25, 17, 5, 
26: 16, 10, 5, 12, 4, 32, 5, 5, 29, 3, 1, 6, 3, 23, 2, 6, 9, 1, 3, 21, 11, 1, 3, 6, 27, 11, 4, 17, 13, 13, 7, 1, 4, 2, 6, 1, 10, 12, 3, 4, 8, 13, 3, 5, 20, 17, 0, 0, 0, 0, 0, 0, 0, 0, 0, 0, 0, 0, 0, 0, 0, 0, 0, 0, 0, 0, 0, 0, 0, 0, 0, 0, 0, 0, 0, 0, 0, 0, 0, 0, : 16, 10, 5, 12, 4, 32, 5, 5, 29, 3, 1, 6, 3, 23, 2, 6, 9, 1, 3, 21, 11, 1, 3, 6, 27, 11, 4, 17, 13, 13, 7, 1, 4, 2, 6, 1, 10, 12, 3, 4, 8, 13, 3, 5, 20, 17, 
27: 3, 1, 6, 4, 18, 3, 25, 7, 1, 2, 8, 15, 3, 10, 9, 17, 2, 9, 12, 15, 5, 16, 4, 2, 1, 2, 2, 9, 3, 2, 29, 19, 2, 1, 2, 5, 8, 4, 2, 27, 4, 12, 1, 9, 1, 20, 3, 0, 0, 0, 0, 0, 0, 0, 0, 0, 0, 0, 0, 0, 0, 0, 0, 0, 0, 0, 0, 0, 0, 0, 0, 0, 0, 0, 0, 0, 0, 0, 0, 0, : 3, 1, 6, 4, 18, 3, 25, 7, 1, 2, 8, 15, 3, 10, 9, 17, 2, 9, 12, 15, 5, 16, 4, 2, 1, 2, 2, 9, 3, 2, 29, 19, 2, 1, 2, 5, 8, 4, 2, 27, 4, 12, 1, 9, 1, 20, 3, 
28: 2, 16, 1, 9, 10, 3, 24, 3, 8, 6, 18, 6, 17, 17, 2, 23, 15, 11, 9, 2, 24, 4, 13, 10, 3, 2, 15, 3, 12, 1, 3, 27, 7, 16, 2, 3, 2, 17, 0, 0, 0, 0, 0, 0, 0, 0, 0, 0, 0, 0, 0, 0, 0, 0, 0, 0, 0, 0, 0, 0, 0, 0, 0, 0, 0, 0, 0, 0, 0, 0, 0, 0, 0, 0, 0, 0, 0, 0, 0, 0, : 2, 16, 1, 9, 10, 3, 24, 3, 8, 6, 18, 6, 17, 17, 2, 23, 15, 11, 9, 2, 24, 4, 13, 10, 3, 2, 15, 3, 12, 1, 3, 27, 7, 16, 2, 3, 2, 17, 
29: 3, 5, 3, 27, 2, 17, 9, 13, 4, 1, 10, 7, 1, 3, 1, 1, 6, 1, 18, 6, 17, 3, 1, 6, 11, 7, 3, 3, 5, 2, 18, 4, 7, 2, 7, 3, 14, 0, 0, 0, 0, 0, 0, 0, 0, 0, 0, 0, 0, 0, 0, 0, 0, 0, 0, 0, 0, 0, 0, 0, 0, 0, 0, 0, 0, 0, 0, 0, 0, 0, 0, 0, 0, 0, 0, 0, 0, 0, 0, 0, : 3, 5, 3, 27, 2, 17, 9, 13, 4, 1, 10, 7, 1, 3, 1, 1, 6, 1, 18, 6, 17, 3, 1, 6, 11, 7, 3, 3, 5, 2, 18, 4, 7, 2, 7, 3, 14, 
30: 31, 2, 15, 19, 15, 23, 13, 34, 5, 5, 8, 22, 2, 24, 13, 31, 6, 15, 1, 1, 2, 3, 13, 14, 21, 13, 25, 22, 15, 10, 32, 10, 15, 1, 5, 3, 37, 2, 2, 20, 23, 1, 6, 4, 6, 0, 0, 0, 0, 0, 0, 0, 0, 0, 0, 0, 0, 0, 0, 0, 0, 0, 0, 0, 0, 0, 0, 0, 0, 0, 0, 0, 0, 0, 0, 0, 0, 0, 0, 0, : 31, 2, 15, 19, 15, 23, 13, 34, 5, 5, 8, 22, 2, 24, 13, 31, 6, 15, 1, 1, 2, 3, 13, 14, 21, 13, 25, 22, 15, 10, 32, 10, 15, 1, 5, 3, 37, 2, 2, 20, 23, 1, 6, 4, 6, 
31: 7, 16, 6, 2, 18, 7, 10, 1, 5, 5, 2, 4, 1, 3, 15, 21, 6, 2, 9, 18, 12, 10, 0, 0, 0, 0, 0, 0, 0, 0, 0, 0, 0, 0, 0, 0, 0, 0, 0, 0, 0, 0, 0, 0, 0, 0, 0, 0, 0, 0, 0, 0, 0, 0, 0, 0, 0, 0, 0, 0, 0, 0, 0, 0, 0, 0, 0, 0, 0, 0, 0, 0, 0, 0, 0, 0, 0, 0, 0, 0, : 7, 16, 6, 2, 18, 7, 10, 1, 5, 5, 2, 4, 1, 3, 15, 21, 6, 2, 9, 18, 12, 10, 
32: 4, 2, 4, 18, 16, 6, 1, 17, 4, 7, 9, 22, 5, 7, 14, 12, 20, 7, 2, 16, 5, 12, 5, 2, 11, 6, 5, 6, 4, 22, 4, 7, 31, 5, 1, 13, 4, 27, 8, 1, 28, 4, 15, 23, 4, 2, 2, 7, 19, 1, 5, 1, 3, 0, 0, 0, 0, 0, 0, 0, 0, 0, 0, 0, 0, 0, 0, 0, 0, 0, 0, 0, 0, 0, 0, 0, 0, 0, 0, 0, : 4, 2, 4, 18, 16, 6, 1, 17, 4, 7, 9, 22, 5, 7, 14, 12, 20, 7, 2, 16, 5, 12, 5, 2, 11, 6, 5, 6, 4, 22, 4, 7, 31, 5, 1, 13, 4, 27, 8, 1, 28, 4, 15, 23, 4, 2, 2, 7, 19, 1, 5, 1, 3, 
33: 6, 5, 17, 5, 6, 13, 14, 10, 3, 1, 1, 15, 16, 1, 2, 18, 4, 19, 25, 4, 2, 2, 2, 13, 1, 16, 16, 3, 2, 2, 6, 14, 1, 1, 7, 4, 1, 5, 15, 6, 3, 13, 0, 0, 0, 0, 0, 0, 0, 0, 0, 0, 0, 0, 0, 0, 0, 0, 0, 0, 0, 0, 0, 0, 0, 0, 0, 0, 0, 0, 0, 0, 0, 0, 0, 0, 0, 0, 0, 0, : 6, 5, 17, 5, 6, 13, 14, 10, 3, 1, 1, 15, 16, 1, 2, 18, 4, 19, 25, 4, 2, 2, 2, 13, 1, 16, 16, 3, 2, 2, 6, 14, 1, 1, 7, 4, 1, 5, 15, 6, 3, 13, 
34: 4, 3, 16, 9, 18, 26, 4, 3, 7, 2, 1, 5, 3, 7, 15, 6, 2, 1, 11, 8, 9, 0, 0, 0, 0, 0, 0, 0, 0, 0, 0, 0, 0, 0, 0, 0, 0, 0, 0, 0, 0, 0, 0, 0, 0, 0, 0, 0, 0, 0, 0, 0, 0, 0, 0, 0, 0, 0, 0, 0, 0, 0, 0, 0, 0, 0, 0, 0, 0, 0, 0, 0, 0, 0, 0, 0, 0, 0, 0, 0, : 4, 3, 16, 9, 18, 26, 4, 3, 7, 2, 1, 5, 3, 7, 15, 6, 2, 1, 11, 8, 9, 
35: 1, 6, 1, 15, 4, 15, 2, 4, 8, 3, 3, 22, 6, 1, 3, 4, 13, 3, 2, 2, 11, 12, 12, 13, 5, 12, 4, 3, 11, 9, 13, 3, 8, 25, 12, 7, 1, 2, 3, 9, 0, 0, 0, 0, 0, 0, 0, 0, 0, 0, 0, 0, 0, 0, 0, 0, 0, 0, 0, 0, 0, 0, 0, 0, 0, 0, 0, 0, 0, 0, 0, 0, 0, 0, 0, 0, 0, 0, 0, 0, : 1, 6, 1, 15, 4, 15, 2, 4, 8, 3, 3, 22, 6, 1, 3, 4, 13, 3, 2, 2, 11, 12, 12, 13, 5, 12, 4, 3, 11, 9, 13, 3, 8, 25, 12, 7, 1, 2, 3, 9, 
36: 9, 24, 3, 3, 8, 9, 2, 10, 19, 11, 5, 7, 35, 1, 12, 19, 3, 16, 2, 7, 18, 9, 11, 10, 3, 26, 11, 11, 13, 4, 10, 4, 11, 3, 9, 15, 10, 2, 10, 3, 4, 3, 1, 3, 10, 2, 1, 7, 2, 5, 9, 3, 3, 5, 4, 0, 0, 0, 0, 0, 0, 0, 0, 0, 0, 0, 0, 0, 0, 0, 0, 0, 0, 0, 0, 0, 0, 0, 0, 0, : 9, 24, 3, 3, 8, 9, 2, 10, 19, 11, 5, 7, 35, 1, 12, 19, 3, 16, 2, 7, 18, 9, 11, 10, 3, 26, 11, 11, 13, 4, 10, 4, 11, 3, 9, 15, 10, 2, 10, 3, 4, 3, 1, 3, 10, 2, 1, 7, 2, 5, 9, 3, 3, 5, 4, 
37: 1, 8, 2, 5, 6, 2, 4, 4, 11, 1, 24, 32, 9, 23, 1, 1, 7, 8, 11, 6, 3, 19, 8, 32, 5, 21, 1, 2, 10, 7, 5, 6, 3, 1, 12, 1, 15, 2, 3, 1, 2, 13, 0, 0, 0, 0, 0, 0, 0, 0, 0, 0, 0, 0, 0, 0, 0, 0, 0, 0, 0, 0, 0, 0, 0, 0, 0, 0, 0, 0, 0, 0, 0, 0, 0, 0, 0, 0, 0, 0, : 1, 8, 2, 5, 6, 2, 4, 4, 11, 1, 24, 32, 9, 23, 1, 1, 7, 8, 11, 6, 3, 19, 8, 32, 5, 21, 1, 2, 10, 7, 5, 6, 3, 1, 12, 1, 15, 2, 3, 1, 2, 13, 
38: 3, 21, 5, 6, 4, 12, 18, 23, 19, 8, 4, 13, 3, 14, 28, 5, 6, 14, 3, 3, 1, 4, 2, 6, 17, 1, 17, 7, 6, 1, 2, 2, 4, 11, 17, 2, 5, 7, 3, 4, 3, 3, 11, 16, 20, 1, 0, 0, 0, 0, 0, 0, 0, 0, 0, 0, 0, 0, 0, 0, 0, 0, 0, 0, 0, 0, 0, 0, 0, 0, 0, 0, 0, 0, 0, 0, 0, 0, 0, 0, : 3, 21, 5, 6, 4, 12, 18, 23, 19, 8, 4, 13, 3, 14, 28, 5, 6, 14, 3, 3, 1, 4, 2, 6, 17, 1, 17, 7, 6, 1, 2, 2, 4, 11, 17, 2, 5, 7, 3, 4, 3, 3, 11, 16, 20, 1, 
39: 9, 2, 14, 2, 2, 1, 24, 6, 1, 24, 11, 15, 3, 1, 2, 35, 3, 7, 10, 1, 1, 6, 3, 1, 1, 32, 6, 0, 0, 0, 0, 0, 0, 0, 0, 0, 0, 0, 0, 0, 0, 0, 0, 0, 0, 0, 0, 0, 0, 0, 0, 0, 0, 0, 0, 0, 0, 0, 0, 0, 0, 0, 0, 0, 0, 0, 0, 0, 0, 0, 0, 0, 0, 0, 0, 0, 0, 0, 0, 0, : 9, 2, 14, 2, 2, 1, 24, 6, 1, 24, 11, 15, 3, 1, 2, 35, 3, 7, 10, 1, 1, 6, 3, 1, 1, 32, 6, 
40: 12, 4, 1, 29, 1, 3, 7, 8, 10, 4, 12, 3, 4, 6, 1, 15, 14, 11, 3, 9, 4, 8, 2, 19, 5, 5, 10, 1, 3, 21, 21, 13, 2, 8, 25, 1, 1, 17, 15, 20, 11, 6, 10, 8, 1, 0, 0, 0, 0, 0, 0, 0, 0, 0, 0, 0, 0, 0, 0, 0, 0, 0, 0, 0, 0, 0, 0, 0, 0, 0, 0, 0, 0, 0, 0, 0, 0, 0, 0, 0, : 12, 4, 1, 29, 1, 3, 7, 8, 10, 4, 12, 3, 4, 6, 1, 15, 14, 11, 3, 9, 4, 8, 2, 19, 5, 5, 10, 1, 3, 21, 21, 13, 2, 8, 25, 1, 1, 17, 15, 20, 11, 6, 10, 8, 1, 


