40
120
1: 24, 17, 1, 2, 8, 19, 12, 1, 15, 2, 1, 13, 21, 1, 1, 22, 28, 0, 0, 0, 0, 0, 0, 0, 0, 0, 0, 0, 0, 0, 0, 0, 0, 0, 0, 0, 0, 0, 0, 0, : 24, 17, 1, 2, 8, 19, 12, 1, 15, 2, 1, 13, 21, 1, 1, 22, 28, 
2: 4, 1, 12, 10, 8, 8, 3, 28, 9, 11, 1, 10, 5, 12, 4, 11, 8, 1, 9, 11, 15, 15, 3, 17, 2, 10, 0, 0, 0, 0, 0, 0, 0, 0, 0, 0, 0, 0, 0, 0, : 4, 1, 12, 10, 8, 8, 3, 28, 9, 11, 1, 10, 5, 12, 4, 11, 8, 1, 9, 11, 15, 15, 3, 17, 2, 10, 
3: 35, 4, 11, 3, 4, 31, 4, 18, 1, 3, 6, 1, 2, 15, 1, 5, 6, 7, 27, 12, 1, 20, 2, 7, 0, 0, 0, 0, 0, 0, 0, 0, 0, 0, 0, 0, 0, 0, 0, 0, : 35, 4, 11, 3, 4, 31, 4, 18, 1, 3, 6, 1, 2, 15, 1, 5, 6, 7, 27, 12, 1, 20, 2, 7, 
4: 5, 1, 2, 2, 2, 20, 7, 5, 5, 10, 8, 12, 11, 10, 2, 2, 7, 0, 0, 0, 0, 0, 0, 0, 0, 0, 0, 0, 0, 0, 0, 0, 0, 0, 0, 0, 0, 0, 0, 0, : 5, 1, 2, 2, 2, 20, 7, 5, 5, 10, 8, 12, 11, 10, 2, 2, 7, 
5: 6, 6, 4, 7, 6, 10, 25, 2, 22, 1, 13, 20, 2, 9, 12, 3, 14, 2, 2, 17, 4, 2, 0, 0, 0, 0, 0, 0, 0, 0, 0, 0, 0, 0, 0, 0, 0, 0, 0, 0, : 6, 6, 4, 7, 6, 10, 25, 2, 22, 1, 13, 20, 2, 9, 12, 3, 14, 2, 2, 17, 4, 2, 
6: 4, 1, 13, 9, 21, 1, 28, 2, 2, 12, 8, 6, 2, 2, 1, 1, 12, 19, 10, 8, 6, 30, 7, 7, 1, 0, 0, 0, 0, 0, 0, 0, 0, 0, 0, 0, 0, 0, 0, 0, : 4, 1, 13, 9, 21, 1, 28, 2, 2, 12, 8, 6, 2, 2, 1, 1, 12, 19, 10, 8, 6, 30, 7, 7, 1, 
7: 6, 11, 3, 3, 29, 3, 12, 5, 4, 4, 2, 1, 1, 26, 5, 8, 4, 14, 1, 5, 23, 7, 11, 3, 14, 3, 3, 5, 1, 0, 0, 0, 0, 0, 0, 0, 0, 0, 0, 0, : 6, 11, 3, 3, 29, 3, 12, 5, 4, 4, 2, 1, 1, 26, 5, 8, 4, 14, 1, 5, 23, 7, 11, 3, 14, 3, 3, 5, 1, 
8: 7, 10, 2, 9, 2, 1, 2, 11, 29, 7, 3, 24, 26, 1, 5, 8, 23, 0, 0, 0, 0, 0, 0, 0, 0, 0, 0, 0, 0, 0, 0, 0, 0, 0, 0, 0, 0, 0, 0, 0, : 7, 10, 2, 9, 2, 1, 2, 11, 29, 7, 3, 24, 26, 1, 5, 8, 23, 
9: 9, 2, 3, 9, 10, 11, 12, 7, 11, 3, 9, 6, 1, 8, 9, 12, 2, 8, 7, 11, 2, 0, 0, 0, 0, 0, 0, 0, 0, 0, 0, 0, 0, 0, 0, 0, 0, 0, 0, 0, : 9, 2, 3, 9, 10, 11, 12, 7, 11, 3, 9, 6, 1, 8, 9, 12, 2, 8, 7, 11, 2, 
10: 20, 3, 7, 1, 3, 6, 4, 2, 1, 1, 10, 5, 3, 3, 0, 0, 0, 0, 0, 0, 0, 0, 0, 0, 0, 0, 0, 0, 0, 0, 0, 0, 0, 0, 0, 0, 0, 0, 0, 0, : 20, 3, 7, 1, 3, 6, 4, 2, 1, 1, 10, 5, 3, 3, 
11: 4, 18, 13, 4, 3, 9, 5, 4, 1, 29, 4, 3, 3, 7, 1, 1, 1, 8, 26, 11, 2, 7, 7, 7, 4, 0, 0, 0, 0, 0, 0, 0, 0, 0, 0, 0, 0, 0, 0, 0, : 4, 18, 13, 4, 3, 9, 5, 4, 1, 29, 4, 3, 3, 7, 1, 1, 1, 8, 26, 11, 2, 7, 7, 7, 4, 
12: 30, 11, 6, 15, 14, 2, 1, 22, 6, 19, 23, 1, 12, 23, 8, 12, 19, 15, 2, 10, 19, 0, 0, 0, 0, 0, 0, 0, 0, 0, 0, 0, 0, 0, 0, 0, 0, 0, 0, 0, : 30, 11, 6, 15, 14, 2, 1, 22, 6, 19, 23, 1, 12, 23, 8, 12, 19, 15, 2, 10, 19, 
13: 1, 4, 9, 8, 9, 7, 3, 3, 1, 3, 16, 18, 10, 4, 9, 5, 2, 3, 11, 12, 32, 7, 6, 3, 8, 1, 0, 0, 0, 0, 0, 0, 0, 0, 0, 0, 0, 0, 0, 0, : 1, 4, 9, 8, 9, 7, 3, 3, 1, 3, 16, 18, 10, 4, 9, 5, 2, 3, 11, 12, 32, 7, 6, 3, 8, 1, 
14: 11, 7, 4, 2, 13, 7, 5, 1, 11, 2, 2, 9, 20, 16, 9, 10, 17, 7, 3, 10, 28, 8, 5, 3, 6, 3, 4, 11, 3, 15, 3, 11, 21, 5, 0, 0, 0, 0, 0, 0, : 11, 7, 4, 2, 13, 7, 5, 1, 11, 2, 2, 9, 20, 16, 9, 10, 17, 7, 3, 10, 28, 8, 5, 3, 6, 3, 4, 11, 3, 15, 3, 11, 21, 5, 
15: 7, 11, 2, 3, 2, 24, 23, 7, 31, 5, 1, 1, 15, 1, 18, 0, 0, 0, 0, 0, 0, 0, 0, 0, 0, 0, 0, 0, 0, 0, 0, 0, 0, 0, 0, 0, 0, 0, 0, 0, : 7, 11, 2, 3, 2, 24, 23, 7, 31, 5, 1, 1, 15, 1, 18, 
16: 5, 3, 3, 11, 5, 17, 2, 8, 8, 3, 4, 9, 1, 18, 10, 1, 11, 14, 9, 0, 0, 0, 0, 0, 0, 0, 0, 0, 0, 0, 0, 0, 0, 0, 0, 0, 0, 0, 0, 0, : 5, 3, 3, 11, 5, 17, 2, 8, 8, 3, 4, 9, 1, 18, 10, 1, 11, 14, 9, 
17: 8, 17, 5, 6, 13, 6, 6, 3, 4, 11, 7, 1, 6, 20, 7, 1, 2, 4, 4, 3, 24, 3, 2, 1, 11, 0, 0, 0, 0, 0, 0, 0, 0, 0, 0, 0, 0, 0, 0, 0, : 8, 17, 5, 6, 13, 6, 6, 3, 4, 11, 7, 1, 6, 20, 7, 1, 2, 4, 4, 3, 24, 3, 2, 1, 11, 
18: 1, 2, 8, 2, 17, 4, 5, 2, 3, 1, 4, 25, 4, 27, 1, 1, 2, 6, 0, 0, 0, 0, 0, 0, 0, 0, 0, 0, 0, 0, 0, 0, 0, 0, 0, 0, 0, 0, 0, 0, : 1, 2, 8, 2, 17, 4, 5, 2, 3, 1, 4, 25, 4, 27, 1, 1, 2, 6, 
19: 22, 14, 1, 13, 4, 2, 4, 11, 1, 10, 14, 3, 14, 8, 9, 2, 0, 0, 0, 0, 0, 0, 0, 0, 0, 0, 0, 0, 0, 0, 0, 0, 0, 0, 0, 0, 0, 0, 0, 0, : 22, 14, 1, 13, 4, 2, 4, 11, 1, 10, 14, 3, 14, 8, 9, 2, 
20: 3, 6, 7, 3, 1, 9, 13, 9, 2, 10, 9, 2, 17, 1, 28, 3, 39, 10, 8, 16, 11, 0, 0, 0, 0, 0, 0, 0, 0, 0, 0, 0, 0, 0, 0, 0, 0, 0, 0, 0, : 3, 6, 7, 3, 1, 9, 13, 9, 2, 10, 9, 2, 17, 1, 28, 3, 39, 10, 8, 16, 11, 
21: 1, 6, 10, 1, 3, 1, 8, 15, 3, 35, 3, 3, 7, 4, 5, 3, 1, 2, 7, 1, 3, 0, 0, 0, 0, 0, 0, 0, 0, 0, 0, 0, 0, 0, 0, 0, 0, 0, 0, 0, : 1, 6, 10, 1, 3, 1, 8, 15, 3, 35, 3, 3, 7, 4, 5, 3, 1, 2, 7, 1, 3, 
22: 21, 20, 1, 24, 4, 11, 5, 1, 1, 2, 10, 17, 1, 11, 1, 15, 23, 3, 9, 1, 14, 2, 11, 4, 0, 0, 0, 0, 0, 0, 0, 0, 0, 0, 0, 0, 0, 0, 0, 0, : 21, 20, 1, 24, 4, 11, 5, 1, 1, 2, 10, 17, 1, 11, 1, 15, 23, 3, 9, 1, 14, 2, 11, 4, 
23: 12, 5, 8, 7, 1, 13, 30, 8, 2, 15, 8, 2, 3, 10, 9, 1, 0, 0, 0, 0, 0, 0, 0, 0, 0, 0, 0, 0, 0, 0, 0, 0, 0, 0, 0, 0, 0, 0, 0, 0, : 12, 5, 8, 7, 1, 13, 30, 8, 2, 15, 8, 2, 3, 10, 9, 1, 
24: 14, 7, 3, 2, 31, 6, 7, 16, 1, 5, 5, 5, 1, 11, 3, 3, 3, 3, 14, 3, 31, 3, 1, 0, 0, 0, 0, 0, 0, 0, 0, 0, 0, 0, 0, 0, 0, 0, 0, 0, : 14, 7, 3, 2, 31, 6, 7, 16, 1, 5, 5, 5, 1, 11, 3, 3, 3, 3, 14, 3, 31, 3, 1, 
25: 1, 1, 7, 1, 3, 26, 25, 1, 4, 3, 8, 3, 4, 0, 0, 0, 0, 0, 0, 0, 0, 0, 0, 0, 0, 0, 0, 0, 0, 0, 0, 0, 0, 0, 0, 0, 0, 0, 0, 0, : 1, 1, 7, 1, 3, 26, 25, 1, 4, 3, 8, 3, 4, 
26: 10, 2, 24, 7, 25, 18, 18, 1, 2, 6, 1, 7, 28, 1, 20, 0, 0, 0, 0, 0, 0, 0, 0, 0, 0, 0, 0, 0, 0, 0, 0, 0, 0, 0, 0, 0, 0, 0, 0, 0, : 10, 2, 24, 7, 25, 18, 18, 1, 2, 6, 1, 7, 28, 1, 20, 
27: 2, 10, 1, 12, 1, 32, 2, 22, 2, 9, 19, 1, 6, 2, 2, 7, 10, 17, 5, 1, 9, 5, 0, 0, 0, 0, 0, 0, 0, 0, 0, 0, 0, 0, 0, 0, 0, 0, 0, 0, : 2, 10, 1, 12, 1, 32, 2, 22, 2, 9, 19, 1, 6, 2, 2, 7, 10, 17, 5, 1, 9, 5, 
28: 4, 3, 23, 22, 6, 3, 24, 28, 28, 22, 14, 2, 8, 1, 2, 3, 18, 6, 25, 31, 26, 6, 0, 0, 0, 0, 0, 0, 0, 0, 0, 0, 0, 0, 0, 0, 0, 0, 0, 0, : 4, 3, 23, 22, 6, 3, 24, 28, 28, 22, 14, 2, 8, 1, 2, 3, 18, 6, 25, 31, 26, 6, 
29: 28, 3, 25, 23, 5, 7, 1, 5, 1, 11, 6, 6, 4, 3, 11, 13, 3, 1, 4, 17, 6, 13, 17, 11, 1, 24, 3, 0, 0, 0, 0, 0, 0, 0, 0, 0, 0, 0, 0, 0, : 28, 3, 25, 23, 5, 7, 1, 5, 1, 11, 6, 6, 4, 3, 11, 13, 3, 1, 4, 17, 6, 13, 17, 11, 1, 24, 3, 
30: 2, 1, 2, 19, 2, 8, 14, 11, 2, 24, 24, 15, 5, 6, 4, 1, 28, 4, 24, 0, 0, 0, 0, 0, 0, 0, 0, 0, 0, 0, 0, 0, 0, 0, 0, 0, 0, 0, 0, 0, : 2, 1, 2, 19, 2, 8, 14, 11, 2, 24, 24, 15, 5, 6, 4, 1, 28, 4, 24, 
31: 12, 12, 6, 2, 4, 35, 12, 26, 2, 2, 9, 0, 0, 0, 0, 0, 0, 0, 0, 0, 0, 0, 0, 0, 0, 0, 0, 0, 0, 0, 0, 0, 0, 0, 0, 0, 0, 0, 0, 0, : 12, 12, 6, 2, 4, 35, 12, 26, 2, 2, 9, 
32: 2, 18, 27, 7, 10, 3, 2, 16, 5, 5, 6, 9, 25, 15, 1, 19, 4, 4, 1, 0, 0, 0, 0, 0, 0, 0, 0, 0, 0, 0, 0, 0, 0, 0, 0, 0, 0, 0, 0, 0, : 2, 18, 27, 7, 10, 3, 2, 16, 5, 5, 6, 9, 25, 15, 1, 19, 4, 4, 1, 
33: 6, 1, 9, 20, 27, 29, 24, 1, 4, 14, 7, 1, 3, 17, 11, 32, 2, 7, 2, 9, 11, 0, 0, 0, 0, 0, 0, 0, 0, 0, 0, 0, 0, 0, 0, 0, 0, 0, 0, 0, : 6, 1, 9, 20, 27, 29, 24, 1, 4, 14, 7, 1, 3, 17, 11, 32, 2, 7, 2, 9, 11, 
34: 4, 6, 9, 1, 13, 4, 13, 3, 5, 11, 3, 11, 5, 8, 3, 29, 5, 2, 14, 5, 4, 1, 0, 0, 0, 0, 0, 0, 0, 0, 0, 0, 0, 0, 0, 0, 0, 0, 0, 0, : 4, 6, 9, 1, 13, 4, 13, 3, 5, 11, 3, 11, 5, 8, 3, 29, 5, 2, 14, 5, 4, 1, 
35: 1, 16, 17, 2, 23, 2, 13, 4, 12, 1, 1, 14, 2, 24, 2, 15, 5, 2, 23, 0, 0, 0, 0, 0, 0, 0, 0, 0, 0, 0, 0, 0, 0, 0, 0, 0, 0, 0, 0, 0, : 1, 16, 17, 2, 23, 2, 13, 4, 12, 1, 1, 14, 2, 24, 2, 15, 5, 2, 23, 
36: 10, 26, 1, 2, 8, 13, 6, 7, 2, 12, 12, 3, 1, 7, 3, 6, 2, 5, 1, 7, 5, 6, 5, 5, 3, 0, 0, 0, 0, 0, 0, 0, 0, 0, 0, 0, 0, 0, 0, 0, : 10, 26, 1, 2, 8, 13, 6, 7, 2, 12, 12, 3, 1, 7, 3, 6, 2, 5, 1, 7, 5, 6, 5, 5, 3, 
37: 2, 2, 2, 11, 2, 5, 1, 11, 18, 3, 3, 1, 1, 17, 1, 2, 0, 0, 0, 0, 0, 0, 0, 0, 0, 0, 0, 0, 0, 0, 0, 0, 0, 0, 0, 0, 0, 0, 0, 0, : 2, 2, 2, 11, 2, 5, 1, 11, 18, 3, 3, 1, 1, 17, 1, 2, 
38: 2, 5, 33, 12, 6, 13, 1, 6, 8, 1, 1, 22, 4, 1, 4, 10, 0, 0, 0, 0, 0, 0, 0, 0, 0, 0, 0, 0, 0, 0, 0, 0, 0, 0, 0, 0, 0, 0, 0, 0, : 2, 5, 33, 12, 6, 13, 1, 6, 8, 1, 1, 22, 4, 1, 4, 10, 
39: 1, 1, 1, 5, 19, 16, 4, 2, 18, 18, 2, 5, 1, 20, 1, 7, 21, 11, 9, 27, 1, 4, 6, 4, 0, 0, 0, 0, 0, 0, 0, 0, 0, 0, 0, 0, 0, 0, 0, 0, : 1, 1, 1, 5, 19, 16, 4, 2, 18, 18, 2, 5, 1, 20, 1, 7, 21, 11, 9, 27, 1, 4, 6, 4, 
40: 5, 4, 9, 1, 13, 16, 1, 10, 8, 3, 10, 2, 4, 17, 9, 16, 2, 22, 32, 14, 3, 0, 0, 0, 0, 0, 0, 0, 0, 0, 0, 0, 0, 0, 0, 0, 0, 0, 0, 0, : 5, 4, 9, 1, 13, 16, 1, 10, 8, 3, 10, 2, 4, 17, 9, 16, 2, 22, 32, 14, 3, 
41: 7, 9, 4, 8, 3, 11, 1, 23, 11, 3, 7, 7, 2, 17, 1, 21, 1, 12, 2, 3, 4, 11, 1, 0, 0, 0, 0, 0, 0, 0, 0, 0, 0, 0, 0, 0, 0, 0, 0, 0, : 7, 9, 4, 8, 3, 11, 1, 23, 11, 3, 7, 7, 2, 17, 1, 21, 1, 12, 2, 3, 4, 11, 1, 
42: 31, 8, 5, 9, 3, 4, 15, 11, 11, 4, 33, 2, 4, 4, 26, 7, 4, 5, 0, 0, 0, 0, 0, 0, 0, 0, 0, 0, 0, 0, 0, 0, 0, 0, 0, 0, 0, 0, 0, 0, : 31, 8, 5, 9, 3, 4, 15, 11, 11, 4, 33, 2, 4, 4, 26, 7, 4, 5, 
43: 3, 3, 15, 1, 2, 7, 8, 2, 1, 6, 5, 4, 2, 4, 2, 6, 0, 0, 0, 0, 0, 0, 0, 0, 0, 0, 0, 0, 0, 0, 0, 0, 0, 0, 0, 0, 0, 0, 0, 0, : 3, 3, 15, 1, 2, 7, 8, 2, 1, 6, 5, 4, 2, 4, 2, 6, 
44: 6, 7, 20, 20, 2, 16, 1, 2, 12, 4, 20, 27, 3, 12, 11, 1, 6, 14, 1, 2, 0, 0, 0, 0, 0, 0, 0, 0, 0, 0, 0, 0, 0, 0, 0, 0, 0, 0, 0, 0, : 6, 7, 20, 20, 2, 16, 1, 2, 12, 4, 20, 27, 3, 12, 11, 1, 6, 14, 1, 2, 
45: 4, 5, 8, 5, 7, 2, 23, 5, 1, 2, 2, 5, 15, 7, 3, 6, 2, 26, 2, 9, 5, 1, 5, 7, 1, 0, 0, 0, 0, 0, 0, 0, 0, 0, 0, 0, 0, 0, 0, 0, : 4, 5, 8, 5, 7, 2, 23, 5, 1, 2, 2, 5, 15, 7, 3, 6, 2, 26, 2, 9, 5, 1, 5, 7, 1, 
46: 1, 12, 22, 3, 7, 2, 2, 1, 1, 3, 1, 6, 1, 3, 0, 0, 0, 0, 0, 0, 0, 0, 0, 0, 0, 0, 0, 0, 0, 0, 0, 0, 0, 0, 0, 0, 0, 0, 0, 0, : 1, 12, 22, 3, 7, 2, 2, 1, 1, 3, 1, 6, 1, 3, 
47: 35, 1, 6, 1, 6, 12, 19, 2, 31, 2, 3, 2, 14, 2, 6, 14, 1, 1, 2, 8, 8, 0, 0, 0, 0, 0, 0, 0, 0, 0, 0, 0, 0, 0, 0, 0, 0, 0, 0, 0, : 35, 1, 6, 1, 6, 12, 19, 2, 31, 2, 3, 2, 14, 2, 6, 14, 1, 1, 2, 8, 8, 
48: 17, 33, 8, 5, 7, 4, 3, 1, 6, 3, 1, 12, 1, 15, 0, 0, 0, 0, 0, 0, 0, 0, 0, 0, 0, 0, 0, 0, 0, 0, 0, 0, 0, 0, 0, 0, 0, 0, 0, 0, : 17, 33, 8, 5, 7, 4, 3, 1, 6, 3, 1, 12, 1, 15, 
49: 2, 2, 8, 2, 2, 6, 20, 3, 5, 0, 0, 0, 0, 0, 0, 0, 0, 0, 0, 0, 0, 0, 0, 0, 0, 0, 0, 0, 0, 0, 0, 0, 0, 0, 0, 0, 0, 0, 0, 0, : 2, 2, 8, 2, 2, 6, 20, 3, 5, 
50: 12, 11, 31, 3, 3, 2, 1, 4, 7, 4, 12, 4, 1, 2, 13, 11, 6, 5, 4, 10, 0, 0, 0, 0, 0, 0, 0, 0, 0, 0, 0, 0, 0, 0, 0, 0, 0, 0, 0, 0, : 12, 11, 31, 3, 3, 2, 1, 4, 7, 4, 12, 4, 1, 2, 13, 11, 6, 5, 4, 10, 
51: 1, 14, 2, 4, 9, 3, 12, 13, 2, 15, 2, 1, 8, 4, 1, 1, 2, 0, 0, 0, 0, 0, 0, 0, 0, 0, 0, 0, 0, 0, 0, 0, 0, 0, 0, 0, 0, 0, 0, 0, : 1, 14, 2, 4, 9, 3, 12, 13, 2, 15, 2, 1, 8, 4, 1, 1, 2, 
52: 7, 2, 7, 13, 17, 9, 4, 2, 12, 6, 23, 10, 17, 24, 2, 3, 0, 0, 0, 0, 0, 0, 0, 0, 0, 0, 0, 0, 0, 0, 0, 0, 0, 0, 0, 0, 0, 0, 0, 0, : 7, 2, 7, 13, 17, 9, 4, 2, 12, 6, 23, 10, 17, 24, 2, 3, 
53: 7, 5, 3, 14, 2, 13, 33, 7, 6, 2, 1, 2, 1, 8, 2, 22, 4, 5, 2, 20, 1, 2, 24, 16, 0, 0, 0, 0, 0, 0, 0, 0, 0, 0, 0, 0, 0, 0, 0, 0, : 7, 5, 3, 14, 2, 13, 33, 7, 6, 2, 1, 2, 1, 8, 2, 22, 4, 5, 2, 20, 1, 2, 24, 16, 
54: 18, 7, 2, 3, 2, 13, 5, 14, 8, 5, 7, 16, 3, 20, 5, 28, 6, 14, 0, 0, 0, 0, 0, 0, 0, 0, 0, 0, 0, 0, 0, 0, 0, 0, 0, 0, 0, 0, 0, 0, : 18, 7, 2, 3, 2, 13, 5, 14, 8, 5, 7, 16, 3, 20, 5, 28, 6, 14, 
55: 22, 5, 2, 1, 3, 9, 13, 27, 7, 2, 27, 1, 4, 1, 7, 5, 5, 4, 5, 26, 0, 0, 0, 0, 0, 0, 0, 0, 0, 0, 0, 0, 0, 0, 0, 0, 0, 0, 0, 0, : 22, 5, 2, 1, 3, 9, 13, 27, 7, 2, 27, 1, 4, 1, 7, 5, 5, 4, 5, 26, 
56: 14, 28, 10, 36, 8, 1, 5, 24, 1, 11, 12, 9, 4, 6, 3, 18, 17, 6, 29, 1, 0, 0, 0, 0, 0, 0, 0, 0, 0, 0, 0, 0, 0, 0, 0, 0, 0, 0, 0, 0, : 14, 28, 10, 36, 8, 1, 5, 24, 1, 11, 12, 9, 4, 6, 3, 18, 17, 6, 29, 1, 
57: 16, 14, 1, 12, 2, 10, 5, 9, 22, 17, 3, 5, 26, 9, 3, 6, 1, 28, 4, 11, 21, 4, 0, 0, 0, 0, 0, 0, 0, 0, 0, 0, 0, 0, 0, 0, 0, 0, 0, 0, : 16, 14, 1, 12, 2, 10, 5, 9, 22, 17, 3, 5, 26, 9, 3, 6, 1, 28, 4, 11, 21, 4, 
58: 5, 2, 1, 7, 1, 5, 9, 11, 11, 16, 1, 20, 1, 5, 5, 20, 2, 8, 11, 1, 5, 14, 11, 15, 12, 9, 0, 0, 0, 0, 0, 0, 0, 0, 0, 0, 0, 0, 0, 0, : 5, 2, 1, 7, 1, 5, 9, 11, 11, 16, 1, 20, 1, 5, 5, 20, 2, 8, 11, 1, 5, 14, 11, 15, 12, 9, 
59: 23, 6, 6, 5, 18, 8, 1, 22, 2, 2, 2, 3, 11, 7, 0, 0, 0, 0, 0, 0, 0, 0, 0, 0, 0, 0, 0, 0, 0, 0, 0, 0, 0, 0, 0, 0, 0, 0, 0, 0, : 23, 6, 6, 5, 18, 8, 1, 22, 2, 2, 2, 3, 11, 7, 
60: 1, 12, 6, 28, 24, 5, 9, 2, 5, 4, 11, 14, 12, 38, 4, 1, 25, 11, 7, 4, 2, 14, 0, 0, 0, 0, 0, 0, 0, 0, 0, 0, 0, 0, 0, 0, 0, 0, 0, 0, : 1, 12, 6, 28, 24, 5, 9, 2, 5, 4, 11, 14, 12, 38, 4, 1, 25, 11, 7, 4, 2, 14, 
61: 1, 12, 13, 6, 30, 1, 8, 1, 11, 27, 8, 2, 21, 3, 2, 11, 18, 3, 4, 2, 3, 0, 0, 0, 0, 0, 0, 0, 0, 0, 0, 0, 0, 0, 0, 0, 0, 0, 0, 0, : 1, 12, 13, 6, 30, 1, 8, 1, 11, 27, 8, 2, 21, 3, 2, 11, 18, 3, 4, 2, 3, 
62: 15, 1, 11, 1, 11, 1, 2, 3, 7, 2, 5, 1, 3, 5, 2, 16, 6, 0, 0, 0, 0, 0, 0, 0, 0, 0, 0, 0, 0, 0, 0, 0, 0, 0, 0, 0, 0, 0, 0, 0, : 15, 1, 11, 1, 11, 1, 2, 3, 7, 2, 5, 1, 3, 5, 2, 16, 6, 
63: 36, 22, 4, 2, 3, 3, 8, 3, 22, 1, 8, 13, 3, 3, 6, 3, 11, 3, 1, 2, 10, 1, 8, 11, 0, 0, 0, 0, 0, 0, 0, 0, 0, 0, 0, 0, 0, 0, 0, 0, : 36, 22, 4, 2, 3, 3, 8, 3, 22, 1, 8, 13, 3, 3, 6, 3, 11, 3, 1, 2, 10, 1, 8, 11, 
64: 32, 1, 14, 11, 22, 17, 8, 1, 14, 7, 1, 9, 4, 2, 3, 2, 11, 17, 11, 13, 7, 0, 0, 0, 0, 0, 0, 0, 0, 0, 0, 0, 0, 0, 0, 0, 0, 0, 0, 0, : 32, 1, 14, 11, 22, 17, 8, 1, 14, 7, 1, 9, 4, 2, 3, 2, 11, 17, 11, 13, 7, 
65: 1, 30, 1, 18, 3, 28, 7, 35, 31, 6, 13, 1, 1, 1, 2, 10, 19, 1, 12, 2, 21, 1, 2, 6, 0, 0, 0, 0, 0, 0, 0, 0, 0, 0, 0, 0, 0, 0, 0, 0, : 1, 30, 1, 18, 3, 28, 7, 35, 31, 6, 13, 1, 1, 1, 2, 10, 19, 1, 12, 2, 21, 1, 2, 6, 
66: 1, 33, 3, 7, 6, 1, 3, 19, 33, 22, 2, 7, 5, 12, 9, 9, 2, 18, 14, 2, 6, 10, 3, 30, 1, 0, 0, 0, 0, 0, 0, 0, 0, 0, 0, 0, 0, 0, 0, 0, : 1, 33, 3, 7, 6, 1, 3, 19, 33, 22, 2, 7, 5, 12, 9, 9, 2, 18, 14, 2, 6, 10, 3, 30, 1, 
67: 10, 27, 1, 11, 18, 2, 3, 31, 6, 2, 2, 1, 10, 13, 17, 5, 26, 4, 0, 0, 0, 0, 0, 0, 0, 0, 0, 0, 0, 0, 0, 0, 0, 0, 0, 0, 0, 0, 0, 0, : 10, 27, 1, 11, 18, 2, 3, 31, 6, 2, 2, 1, 10, 13, 17, 5, 26, 4, 
68: 3, 10, 3, 2, 20, 19, 9, 27, 20, 6, 7, 8, 6, 3, 9, 12, 1, 5, 10, 13, 7, 0, 0, 0, 0, 0, 0, 0, 0, 0, 0, 0, 0, 0, 0, 0, 0, 0, 0, 0, : 3, 10, 3, 2, 20, 19, 9, 27, 20, 6, 7, 8, 6, 3, 9, 12, 1, 5, 10, 13, 7, 
69: 1, 5, 8, 2, 1, 2, 13, 1, 8, 18, 2, 3, 9, 14, 0, 0, 0, 0, 0, 0, 0, 0, 0, 0, 0, 0, 0, 0, 0, 0, 0, 0, 0, 0, 0, 0, 0, 0, 0, 0, : 1, 5, 8, 2, 1, 2, 13, 1, 8, 18, 2, 3, 9, 14, 
70: 3, 6, 6, 12, 11, 5, 2, 6, 14, 3, 13, 11, 11, 1, 5, 4, 14, 6, 9, 2, 0, 0, 0, 0, 0, 0, 0, 0, 0, 0, 0, 0, 0, 0, 0, 0, 0, 0, 0, 0, : 3, 6, 6, 12, 11, 5, 2, 6, 14, 3, 13, 11, 11, 1, 5, 4, 14, 6, 9, 2, 
71: 8, 2, 1, 4, 5, 10, 8, 5, 9, 4, 1, 4, 13, 9, 1, 1, 20, 1, 10, 12, 1, 2, 1, 3, 0, 0, 0, 0, 0, 0, 0, 0, 0, 0, 0, 0, 0, 0, 0, 0, : 8, 2, 1, 4, 5, 10, 8, 5, 9, 4, 1, 4, 13, 9, 1, 1, 20, 1, 10, 12, 1, 2, 1, 3, 
72: 1, 7, 1, 6, 19, 4, 4, 7, 5, 2, 2, 7, 4, 6, 0, 0, 0, 0, 0, 0, 0, 0, 0, 0, 0, 0, 0, 0, 0, 0, 0, 0, 0, 0, 0, 0, 0, 0, 0, 0, : 1, 7, 1, 6, 19, 4, 4, 7, 5, 2, 2, 7, 4, 6, 
73: 1, 5, 21, 16, 2, 4, 2, 1, 4, 12, 1, 19, 2, 3, 2, 1, 2, 18, 4, 0, 0, 0, 0, 0, 0, 0, 0, 0, 0, 0, 0, 0, 0, 0, 0, 0, 0, 0, 0, 0, : 1, 5, 21, 16, 2, 4, 2, 1, 4, 12, 1, 19, 2, 3, 2, 1, 2, 18, 4, 
74: 6, 6, 21, 2, 13, 1, 21, 2, 9, 8, 3, 18, 4, 11, 16, 3, 16, 23, 0, 0, 0, 0, 0, 0, 0, 0, 0, 0, 0, 0, 0, 0, 0, 0, 0, 0, 0, 0, 0, 0, : 6, 6, 21, 2, 13, 1, 21, 2, 9, 8, 3, 18, 4, 11, 16, 3, 16, 23, 
75: 33, 25, 4, 9, 11, 3, 4, 2, 16, 7, 6, 7, 1, 7, 16, 1, 3, 2, 4, 20, 22, 0, 0, 0, 0, 0, 0, 0, 0, 0, 0, 0, 0, 0, 0, 0, 0, 0, 0, 0, : 33, 25, 4, 9, 11, 3, 4, 2, 16, 7, 6, 7, 1, 7, 16, 1, 3, 2, 4, 20, 22, 
76: 2, 3, 6, 7, 12, 13, 10, 2, 30, 12, 3, 8, 5, 12, 5, 18, 9, 2, 8, 3, 1, 13, 11, 1, 0, 0, 0, 0, 0, 0, 0, 0, 0, 0, 0, 0, 0, 0, 0, 0, : 2, 3, 6, 7, 12, 13, 10, 2, 30, 12, 3, 8, 5, 12, 5, 18, 9, 2, 8, 3, 1, 13, 11, 1, 
77: 1, 1, 7, 5, 5, 8, 12, 1, 18, 1, 26, 14, 0, 0, 0, 0, 0, 0, 0, 0, 0, 0, 0, 0, 0, 0, 0, 0, 0, 0, 0, 0, 0, 0, 0, 0, 0, 0, 0, 0, : 1, 1, 7, 5, 5, 8, 12, 1, 18, 1, 26, 14, 
78: 17, 7, 28, 19, 4, 17, 12, 4, 27, 3, 1, 1, 5, 21, 5, 17, 1, 2, 1, 22, 1, 8, 0, 0, 0, 0, 0, 0, 0, 0, 0, 0, 0, 0, 0, 0, 0, 0, 0, 0, : 17, 7, 28, 19, 4, 17, 12, 4, 27, 3, 1, 1, 5, 21, 5, 17, 1, 2, 1, 22, 1, 8, 
79: 2, 1, 2, 30, 22, 3, 8, 5, 12, 1, 15, 11, 13, 33, 25, 1, 0, 0, 0, 0, 0, 0, 0, 0, 0, 0, 0, 0, 0, 0, 0, 0, 0, 0, 0, 0, 0, 0, 0, 0, : 2, 1, 2, 30, 22, 3, 8, 5, 12, 1, 15, 11, 13, 33, 25, 1, 
80: 3, 2, 1, 6, 10, 35, 11, 2, 18, 0, 0, 0, 0, 0, 0, 0, 0, 0, 0, 0, 0, 0, 0, 0, 0, 0, 0, 0, 0, 0, 0, 0, 0, 0, 0, 0, 0, 0, 0, 0, : 3, 2, 1, 6, 10, 35, 11, 2, 18, 
81: 3, 3, 26, 8, 27, 2, 1, 25, 2, 30, 25, 10, 15, 17, 29, 2, 3, 3, 5, 1, 2, 0, 0, 0, 0, 0, 0, 0, 0, 0, 0, 0, 0, 0, 0, 0, 0, 0, 0, 0, : 3, 3, 26, 8, 27, 2, 1, 25, 2, 30, 25, 10, 15, 17, 29, 2, 3, 3, 5, 1, 2, 
82: 10, 1, 17, 17, 2, 23, 22, 7, 2, 26, 2, 34, 8, 3, 30, 7, 8, 11, 2, 0, 0, 0, 0, 0, 0, 0, 0, 0, 0, 0, 0, 0, 0, 0, 0, 0, 0, 0, 0, 0, : 10, 1, 17, 17, 2, 23, 22, 7, 2, 26, 2, 34, 8, 3, 30, 7, 8, 11, 2, 
83: 1, 3, 3, 7, 6, 22, 4, 8, 1, 1, 4, 4, 4, 4, 1, 9, 5, 1, 12, 21, 1, 23, 0, 0, 0, 0, 0, 0, 0, 0, 0, 0, 0, 0, 0, 0, 0, 0, 0, 0, : 1, 3, 3, 7, 6, 22, 4, 8, 1, 1, 4, 4, 4, 4, 1, 9, 5, 1, 12, 21, 1, 23, 
84: 14, 30, 11, 13, 6, 6, 26, 1, 7, 1, 3, 0, 0, 0, 0, 0, 0, 0, 0, 0, 0, 0, 0, 0, 0, 0, 0, 0, 0, 0, 0, 0, 0, 0, 0, 0, 0, 0, 0, 0, : 14, 30, 11, 13, 6, 6, 26, 1, 7, 1, 3, 
85: 1, 9, 21, 11, 12, 8, 11, 4, 17, 14, 1, 8, 19, 3, 12, 3, 13, 4, 18, 0, 0, 0, 0, 0, 0, 0, 0, 0, 0, 0, 0, 0, 0, 0, 0, 0, 0, 0, 0, 0, : 1, 9, 21, 11, 12, 8, 11, 4, 17, 14, 1, 8, 19, 3, 12, 3, 13, 4, 18, 
86: 1, 12, 2, 4, 8, 23, 1, 1, 8, 8, 3, 1, 8, 4, 4, 7, 2, 11, 4, 16, 1, 9, 5, 0, 0, 0, 0, 0, 0, 0, 0, 0, 0, 0, 0, 0, 0, 0, 0, 0, : 1, 12, 2, 4, 8, 23, 1, 1, 8, 8, 3, 1, 8, 4, 4, 7, 2, 11, 4, 16, 1, 9, 5, 
87: 11, 3, 4, 3, 33, 3, 5, 21, 1, 11, 1, 18, 3, 18, 3, 5, 29, 2, 3, 0, 0, 0, 0, 0, 0, 0, 0, 0, 0, 0, 0, 0, 0, 0, 0, 0, 0, 0, 0, 0, : 11, 3, 4, 3, 33, 3, 5, 21, 1, 11, 1, 18, 3, 18, 3, 5, 29, 2, 3, 
88: 3, 8, 13, 3, 2, 12, 5, 18, 3, 1, 10, 29, 13, 25, 15, 4, 8, 2, 1, 12, 8, 0, 0, 0, 0, 0, 0, 0, 0, 0, 0, 0, 0, 0, 0, 0, 0, 0, 0, 0, : 3, 8, 13, 3, 2, 12, 5, 18, 3, 1, 10, 29, 13, 25, 15, 4, 8, 2, 1, 12, 8, 
89: 5, 2, 24, 22, 4, 1, 9, 6, 11, 1, 23, 0, 0, 0, 0, 0, 0, 0, 0, 0, 0, 0, 0, 0, 0, 0, 0, 0, 0, 0, 0, 0, 0, 0, 0, 0, 0, 0, 0, 0, : 5, 2, 24, 22, 4, 1, 9, 6, 11, 1, 23, 
90: 2, 13, 2, 15, 7, 3, 9, 6, 6, 30, 2, 13, 6, 2, 7, 35, 2, 9, 9, 4, 1, 0, 0, 0, 0, 0, 0, 0, 0, 0, 0, 0, 0, 0, 0, 0, 0, 0, 0, 0, : 2, 13, 2, 15, 7, 3, 9, 6, 6, 30, 2, 13, 6, 2, 7, 35, 2, 9, 9, 4, 1, 
91: 3, 7, 1, 1, 2, 31, 1, 12, 14, 19, 10, 4, 15, 18, 10, 8, 3, 2, 12, 8, 2, 0, 0, 0, 0, 0, 0, 0, 0, 0, 0, 0, 0, 0, 0, 0, 0, 0, 0, 0, : 3, 7, 1, 1, 2, 31, 1, 12, 14, 19, 10, 4, 15, 18, 10, 8, 3, 2, 12, 8, 2, 
92: 11, 10, 21, 3, 4, 1, 18, 15, 10, 2, 6, 1, 22, 26, 16, 0, 0, 0, 0, 0, 0, 0, 0, 0, 0, 0, 0, 0, 0, 0, 0, 0, 0, 0, 0, 0, 0, 0, 0, 0, : 11, 10, 21, 3, 4, 1, 18, 15, 10, 2, 6, 1, 22, 26, 16, 
93: 16, 11, 8, 12, 1, 8, 8, 1, 3, 4, 1, 0, 0, 0, 0, 0, 0, 0, 0, 0, 0, 0, 0, 0, 0, 0, 0, 0, 0, 0, 0, 0, 0, 0, 0, 0, 0, 0, 0, 0, : 16, 11, 8, 12, 1, 8, 8, 1, 3, 4, 1, 
94: 4, 3, 10, 26, 4, 2, 5, 4, 4, 1, 17, 2, 10, 30, 5, 8, 3, 9, 1, 12, 31, 9, 0, 0, 0, 0, 0, 0, 0, 0, 0, 0, 0, 0, 0, 0, 0, 0, 0, 0, : 4, 3, 10, 26, 4, 2, 5, 4, 4, 1, 17, 2, 10, 30, 5, 8, 3, 9, 1, 12, 31, 9, 
95: 11, 7, 2, 12, 7, 1, 8, 1, 2, 10, 1, 18, 1, 1, 1, 4, 3, 4, 1, 22, 9, 20, 1, 19, 5, 0, 0, 0, 0, 0, 0, 0, 0, 0, 0, 0, 0, 0, 0, 0, : 11, 7, 2, 12, 7, 1, 8, 1, 2, 10, 1, 18, 1, 1, 1, 4, 3, 4, 1, 22, 9, 20, 1, 19, 5, 
96: 6, 16, 8, 2, 2, 16, 12, 3, 9, 9, 2, 9, 5, 23, 0, 0, 0, 0, 0, 0, 0, 0, 0, 0, 0, 0, 0, 0, 0, 0, 0, 0, 0, 0, 0, 0, 0, 0, 0, 0, : 6, 16, 8, 2, 2, 16, 12, 3, 9, 9, 2, 9, 5, 23, 
97: 6, 2, 26, 21, 21, 1, 5, 1, 1, 2, 14, 2, 15, 10, 6, 2, 18, 8, 2, 1, 0, 0, 0, 0, 0, 0, 0, 0, 0, 0, 0, 0, 0, 0, 0, 0, 0, 0, 0, 0, : 6, 2, 26, 21, 21, 1, 5, 1, 1, 2, 14, 2, 15, 10, 6, 2, 18, 8, 2, 1, 
98: 4, 14, 2, 2, 12, 14, 2, 8, 1, 4, 7, 1, 12, 5, 1, 2, 13, 9, 12, 1, 0, 0, 0, 0, 0, 0, 0, 0, 0, 0, 0, 0, 0, 0, 0, 0, 0, 0, 0, 0, : 4, 14, 2, 2, 12, 14, 2, 8, 1, 4, 7, 1, 12, 5, 1, 2, 13, 9, 12, 1, 
99: 24, 20, 3, 2, 1, 4, 1, 11, 3, 11, 4, 4, 6, 1, 8, 9, 6, 4, 1, 1, 2, 15, 0, 0, 0, 0, 0, 0, 0, 0, 0, 0, 0, 0, 0, 0, 0, 0, 0, 0, : 24, 20, 3, 2, 1, 4, 1, 11, 3, 11, 4, 4, 6, 1, 8, 9, 6, 4, 1, 1, 2, 15, 
100: 22, 25, 7, 5, 20, 2, 7, 4, 9, 6, 30, 6, 5, 3, 5, 5, 2, 9, 5, 10, 3, 17, 5, 0, 0, 0, 0, 0, 0, 0, 0, 0, 0, 0, 0, 0, 0, 0, 0, 0, : 22, 25, 7, 5, 20, 2, 7, 4, 9, 6, 30, 6, 5, 3, 5, 5, 2, 9, 5, 10, 3, 17, 5, 
101: 3, 24, 25, 22, 19, 6, 3, 2, 1, 11, 1, 5, 8, 9, 3, 24, 2, 13, 0, 0, 0, 0, 0, 0, 0, 0, 0, 0, 0, 0, 0, 0, 0, 0, 0, 0, 0, 0, 0, 0, : 3, 24, 25, 22, 19, 6, 3, 2, 1, 11, 1, 5, 8, 9, 3, 24, 2, 13, 
102: 5, 11, 9, 3, 3, 2, 15, 33, 11, 6, 1, 2, 13, 5, 1, 9, 8, 7, 2, 1, 8, 1, 3, 4, 0, 0, 0, 0, 0, 0, 0, 0, 0, 0, 0, 0, 0, 0, 0, 0, : 5, 11, 9, 3, 3, 2, 15, 33, 11, 6, 1, 2, 13, 5, 1, 9, 8, 7, 2, 1, 8, 1, 3, 4, 
103: 13, 11, 4, 7, 12, 10, 10, 2, 1, 11, 29, 10, 1, 13, 1, 10, 12, 2, 10, 5, 0, 0, 0, 0, 0, 0, 0, 0, 0, 0, 0, 0, 0, 0, 0, 0, 0, 0, 0, 0, : 13, 11, 4, 7, 12, 10, 10, 2, 1, 11, 29, 10, 1, 13, 1, 10, 12, 2, 10, 5, 
104: 1, 5, 3, 1, 7, 28, 16, 3, 2, 18, 13, 2, 9, 5, 5, 6, 10, 2, 31, 3, 0, 0, 0, 0, 0, 0, 0, 0, 0, 0, 0, 0, 0, 0, 0, 0, 0, 0, 0, 0, : 1, 5, 3, 1, 7, 28, 16, 3, 2, 18, 13, 2, 9, 5, 5, 6, 10, 2, 31, 3, 
105: 29, 1, 10, 11, 1, 1, 1, 16, 5, 29, 5, 4, 5, 14, 9, 0, 0, 0, 0, 0, 0, 0, 0, 0, 0, 0, 0, 0, 0, 0, 0, 0, 0, 0, 0, 0, 0, 0, 0, 0, : 29, 1, 10, 11, 1, 1, 1, 16, 5, 29, 5, 4, 5, 14, 9, 
106: 9, 5, 2, 33, 2, 3, 2, 1, 17, 2, 13, 2, 2, 17, 6, 3, 0, 0, 0, 0, 0, 0, 0, 0, 0, 0, 0, 0, 0, 0, 0, 0, 0, 0, 0, 0, 0, 0, 0, 0, : 9, 5, 2, 33, 2, 3, 2, 1, 17, 2, 13, 2, 2, 17, 6, 3, 
107: 2, 1, 8, 6, 2, 10, 11, 1, 7, 14, 12, 6, 2, 1, 6, 2, 0, 0, 0, 0, 0, 0, 0, 0, 0, 0, 0, 0, 0, 0, 0, 0, 0, 0, 0, 0, 0, 0, 0, 0, : 2, 1, 8, 6, 2, 10, 11, 1, 7, 14, 12, 6, 2, 1, 6, 2, 
108: 1, 2, 14, 9, 20, 16, 1, 1, 2, 7, 1, 7, 2, 12, 16, 11, 11, 5, 3, 0, 0, 0, 0, 0, 0, 0, 0, 0, 0, 0, 0, 0, 0, 0, 0, 0, 0, 0, 0, 0, : 1, 2, 14, 9, 20, 16, 1, 1, 2, 7, 1, 7, 2, 12, 16, 11, 11, 5, 3, 
109: 8, 22, 25, 3, 2, 22, 1, 10, 7, 8, 2, 3, 5, 5, 5, 1, 29, 1, 1, 2, 4, 2, 17, 8, 1, 7, 0, 0, 0, 0, 0, 0, 0, 0, 0, 0, 0, 0, 0, 0, : 8, 22, 25, 3, 2, 22, 1, 10, 7, 8, 2, 3, 5, 5, 5, 1, 29, 1, 1, 2, 4, 2, 17, 8, 1, 7, 
110: 4, 5, 1, 11, 8, 6, 19, 9, 19, 1, 11, 13, 27, 2, 1, 1, 7, 3, 3, 1, 0, 0, 0, 0, 0, 0, 0, 0, 0, 0, 0, 0, 0, 0, 0, 0, 0, 0, 0, 0, : 4, 5, 1, 11, 8, 6, 19, 9, 19, 1, 11, 13, 27, 2, 1, 1, 7, 3, 3, 1, 
111: 2, 15, 21, 5, 6, 11, 13, 3, 1, 13, 14, 1, 3, 6, 1, 14, 14, 23, 17, 2, 8, 2, 18, 8, 1, 0, 0, 0, 0, 0, 0, 0, 0, 0, 0, 0, 0, 0, 0, 0, : 2, 15, 21, 5, 6, 11, 13, 3, 1, 13, 14, 1, 3, 6, 1, 14, 14, 23, 17, 2, 8, 2, 18, 8, 1, 
112: 4, 3, 4, 29, 2, 2, 12, 10, 3, 5, 7, 15, 3, 2, 2, 1, 3, 3, 15, 5, 15, 3, 3, 10, 9, 1, 22, 0, 0, 0, 0, 0, 0, 0, 0, 0, 0, 0, 0, 0, : 4, 3, 4, 29, 2, 2, 12, 10, 3, 5, 7, 15, 3, 2, 2, 1, 3, 3, 15, 5, 15, 3, 3, 10, 9, 1, 22, 
113: 3, 1, 2, 9, 9, 35, 2, 15, 14, 1, 7, 4, 3, 7, 1, 11, 15, 8, 2, 12, 14, 6, 2, 4, 3, 5, 0, 0, 0, 0, 0, 0, 0, 0, 0, 0, 0, 0, 0, 0, : 3, 1, 2, 9, 9, 35, 2, 15, 14, 1, 7, 4, 3, 7, 1, 11, 15, 8, 2, 12, 14, 6, 2, 4, 3, 5, 
114: 3, 7, 4, 20, 20, 12, 23, 5, 3, 31, 13, 9, 6, 29, 11, 6, 3, 11, 4, 5, 2, 0, 0, 0, 0, 0, 0, 0, 0, 0, 0, 0, 0, 0, 0, 0, 0, 0, 0, 0, : 3, 7, 4, 20, 20, 12, 23, 5, 3, 31, 13, 9, 6, 29, 11, 6, 3, 11, 4, 5, 2, 
115: 2, 10, 4, 1, 2, 16, 1, 21, 23, 26, 5, 4, 3, 25, 16, 2, 3, 25, 1, 3, 19, 12, 0, 0, 0, 0, 0, 0, 0, 0, 0, 0, 0, 0, 0, 0, 0, 0, 0, 0, : 2, 10, 4, 1, 2, 16, 1, 21, 23, 26, 5, 4, 3, 25, 16, 2, 3, 25, 1, 3, 19, 12, 
116: 7, 33, 3, 9, 2, 11, 30, 1, 3, 16, 3, 5, 22, 18, 0, 0, 0, 0, 0, 0, 0, 0, 0, 0, 0, 0, 0, 0, 0, 0, 0, 0, 0, 0, 0, 0, 0, 0, 0, 0, : 7, 33, 3, 9, 2, 11, 30, 1, 3, 16, 3, 5, 22, 18, 
117: 9, 11, 5, 10, 3, 8, 10, 8, 18, 7, 6, 28, 1, 5, 23, 7, 10, 11, 7, 18, 3, 0, 0, 0, 0, 0, 0, 0, 0, 0, 0, 0, 0, 0, 0, 0, 0, 0, 0, 0, : 9, 11, 5, 10, 3, 8, 10, 8, 18, 7, 6, 28, 1, 5, 23, 7, 10, 11, 7, 18, 3, 
118: 7, 11, 4, 1, 13, 5, 3, 12, 5, 2, 3, 2, 13, 14, 20, 6, 23, 10, 6, 1, 2, 28, 7, 0, 0, 0, 0, 0, 0, 0, 0, 0, 0, 0, 0, 0, 0, 0, 0, 0, : 7, 11, 4, 1, 13, 5, 3, 12, 5, 2, 3, 2, 13, 14, 20, 6, 23, 10, 6, 1, 2, 28, 7, 
119: 9, 5, 2, 3, 18, 4, 1, 6, 23, 15, 6, 3, 2, 13, 1, 0, 0, 0, 0, 0, 0, 0, 0, 0, 0, 0, 0, 0, 0, 0, 0, 0, 0, 0, 0, 0, 0, 0, 0, 0, : 9, 5, 2, 3, 18, 4, 1, 6, 23, 15, 6, 3, 2, 13, 1, 
120: 4, 4, 10, 3, 4, 2, 6, 2, 3, 1, 19, 16, 28, 19, 6, 2, 13, 8, 20, 4, 2, 11, 1, 7, 0, 0, 0, 0, 0, 0, 0, 0, 0, 0, 0, 0, 0, 0, 0, 0, : 4, 4, 10, 3, 4, 2, 6, 2, 3, 1, 19, 16, 28, 19, 6, 2, 13, 8, 20, 4, 2, 11, 1, 7, 


