20
120
1: 20, 6, 5, 2, 5, 13, 6, 26, 0, 0, 0, 0, 0, 0, 0, 0, 0, 0, 0, 0, : 20, 6, 5, 2, 5, 13, 6, 26, 
2: 5, 1, 20, 3, 8, 14, 2, 0, 0, 0, 0, 0, 0, 0, 0, 0, 0, 0, 0, 0, : 5, 1, 20, 3, 8, 14, 2, 
3: 2, 7, 11, 2, 3, 19, 1, 0, 0, 0, 0, 0, 0, 0, 0, 0, 0, 0, 0, 0, : 2, 7, 11, 2, 3, 19, 1, 
4: 3, 10, 11, 21, 3, 5, 0, 0, 0, 0, 0, 0, 0, 0, 0, 0, 0, 0, 0, 0, : 3, 10, 11, 21, 3, 5, 
5: 5, 7, 2, 1, 4, 4, 0, 0, 0, 0, 0, 0, 0, 0, 0, 0, 0, 0, 0, 0, : 5, 7, 2, 1, 4, 4, 
6: 1, 6, 12, 32, 1, 19, 15, 14, 18, 0, 0, 0, 0, 0, 0, 0, 0, 0, 0, 0, : 1, 6, 12, 32, 1, 19, 15, 14, 18, 
7: 1, 3, 2, 13, 4, 0, 0, 0, 0, 0, 0, 0, 0, 0, 0, 0, 0, 0, 0, 0, : 1, 3, 2, 13, 4, 
8: 23, 15, 27, 20, 3, 34, 5, 30, 14, 10, 3, 0, 0, 0, 0, 0, 0, 0, 0, 0, : 23, 15, 27, 20, 3, 34, 5, 30, 14, 10, 3, 
9: 1, 2, 1, 5, 2, 6, 3, 10, 4, 26, 5, 0, 0, 0, 0, 0, 0, 0, 0, 0, : 1, 2, 1, 5, 2, 6, 3, 10, 4, 26, 5, 
10: 1, 6, 6, 10, 12, 2, 2, 2, 26, 15, 0, 0, 0, 0, 0, 0, 0, 0, 0, 0, : 1, 6, 6, 10, 12, 2, 2, 2, 26, 15, 
11: 4, 12, 17, 1, 2, 3, 9, 16, 28, 1, 5, 9, 0, 0, 0, 0, 0, 0, 0, 0, : 4, 12, 17, 1, 2, 3, 9, 16, 28, 1, 5, 9, 
12: 12, 18, 2, 2, 2, 25, 26, 3, 0, 0, 0, 0, 0, 0, 0, 0, 0, 0, 0, 0, : 12, 18, 2, 2, 2, 25, 26, 3, 
13: 2, 20, 4, 12, 1, 3, 19, 4, 10, 22, 26, 0, 0, 0, 0, 0, 0, 0, 0, 0, : 2, 20, 4, 12, 1, 3, 19, 4, 10, 22, 26, 
14: 1, 3, 3, 1, 11, 13, 9, 6, 1, 0, 0, 0, 0, 0, 0, 0, 0, 0, 0, 0, : 1, 3, 3, 1, 11, 13, 9, 6, 1, 
15: 4, 1, 11, 12, 2, 3, 2, 7, 2, 0, 0, 0, 0, 0, 0, 0, 0, 0, 0, 0, : 4, 1, 11, 12, 2, 3, 2, 7, 2, 
16: 9, 3, 7, 2, 5, 10, 1, 13, 0, 0, 0, 0, 0, 0, 0, 0, 0, 0, 0, 0, : 9, 3, 7, 2, 5, 10, 1, 13, 
17: 8, 2, 15, 6, 2, 6, 13, 19, 3, 7, 0, 0, 0, 0, 0, 0, 0, 0, 0, 0, : 8, 2, 15, 6, 2, 6, 13, 19, 3, 7, 
18: 4, 21, 8, 23, 2, 2, 1, 4, 7, 27, 0, 0, 0, 0, 0, 0, 0, 0, 0, 0, : 4, 21, 8, 23, 2, 2, 1, 4, 7, 27, 
19: 21, 5, 2, 13, 2, 6, 18, 6, 5, 12, 25, 1, 0, 0, 0, 0, 0, 0, 0, 0, : 21, 5, 2, 13, 2, 6, 18, 6, 5, 12, 25, 1, 
20: 1, 3, 24, 7, 8, 1, 0, 0, 0, 0, 0, 0, 0, 0, 0, 0, 0, 0, 0, 0, : 1, 3, 24, 7, 8, 1, 
21: 3, 7, 2, 3, 9, 2, 20, 6, 2, 23, 15, 10, 0, 0, 0, 0, 0, 0, 0, 0, : 3, 7, 2, 3, 9, 2, 20, 6, 2, 23, 15, 10, 
22: 18, 9, 12, 2, 34, 2, 8, 9, 11, 1, 0, 0, 0, 0, 0, 0, 0, 0, 0, 0, : 18, 9, 12, 2, 34, 2, 8, 9, 11, 1, 
23: 15, 13, 2, 13, 1, 4, 1, 7, 27, 8, 2, 18, 0, 0, 0, 0, 0, 0, 0, 0, : 15, 13, 2, 13, 1, 4, 1, 7, 27, 8, 2, 18, 
24: 2, 2, 10, 5, 30, 2, 0, 0, 0, 0, 0, 0, 0, 0, 0, 0, 0, 0, 0, 0, : 2, 2, 10, 5, 30, 2, 
25: 1, 14, 4, 20, 24, 3, 7, 6, 5, 18, 0, 0, 0, 0, 0, 0, 0, 0, 0, 0, : 1, 14, 4, 20, 24, 3, 7, 6, 5, 18, 
26: 3, 3, 4, 2, 17, 5, 4, 1, 4, 19, 0, 0, 0, 0, 0, 0, 0, 0, 0, 0, : 3, 3, 4, 2, 17, 5, 4, 1, 4, 19, 
27: 4, 3, 24, 1, 8, 3, 5, 2, 16, 0, 0, 0, 0, 0, 0, 0, 0, 0, 0, 0, : 4, 3, 24, 1, 8, 3, 5, 2, 16, 
28: 8, 2, 7, 14, 6, 8, 2, 16, 1, 8, 18, 13, 2, 4, 0, 0, 0, 0, 0, 0, : 8, 2, 7, 14, 6, 8, 2, 16, 1, 8, 18, 13, 2, 4, 
29: 8, 28, 3, 3, 6, 12, 12, 1, 2, 0, 0, 0, 0, 0, 0, 0, 0, 0, 0, 0, : 8, 28, 3, 3, 6, 12, 12, 1, 2, 
30: 1, 4, 7, 12, 15, 1, 1, 1, 34, 24, 0, 0, 0, 0, 0, 0, 0, 0, 0, 0, : 1, 4, 7, 12, 15, 1, 1, 1, 34, 24, 
31: 12, 3, 2, 5, 23, 2, 5, 1, 26, 3, 1, 0, 0, 0, 0, 0, 0, 0, 0, 0, : 12, 3, 2, 5, 23, 2, 5, 1, 26, 3, 1, 
32: 5, 3, 8, 19, 6, 8, 5, 5, 0, 0, 0, 0, 0, 0, 0, 0, 0, 0, 0, 0, : 5, 3, 8, 19, 6, 8, 5, 5, 
33: 3, 11, 2, 1, 19, 1, 5, 14, 15, 11, 0, 0, 0, 0, 0, 0, 0, 0, 0, 0, : 3, 11, 2, 1, 19, 1, 5, 14, 15, 11, 
34: 9, 7, 1, 8, 1, 26, 7, 9, 7, 1, 0, 0, 0, 0, 0, 0, 0, 0, 0, 0, : 9, 7, 1, 8, 1, 26, 7, 9, 7, 1, 
35: 6, 1, 2, 2, 10, 6, 1, 14, 1, 4, 35, 6, 0, 0, 0, 0, 0, 0, 0, 0, : 6, 1, 2, 2, 10, 6, 1, 14, 1, 4, 35, 6, 
36: 1, 2, 1, 10, 6, 19, 11, 8, 14, 12, 5, 0, 0, 0, 0, 0, 0, 0, 0, 0, : 1, 2, 1, 10, 6, 19, 11, 8, 14, 12, 5, 
37: 1, 4, 4, 3, 24, 5, 7, 11, 2, 9, 0, 0, 0, 0, 0, 0, 0, 0, 0, 0, : 1, 4, 4, 3, 24, 5, 7, 11, 2, 9, 
38: 4, 13, 10, 1, 3, 1, 13, 10, 3, 30, 0, 0, 0, 0, 0, 0, 0, 0, 0, 0, : 4, 13, 10, 1, 3, 1, 13, 10, 3, 30, 
39: 16, 9, 1, 1, 7, 11, 5, 1, 2, 0, 0, 0, 0, 0, 0, 0, 0, 0, 0, 0, : 16, 9, 1, 1, 7, 11, 5, 1, 2, 
40: 21, 11, 18, 1, 6, 11, 6, 7, 5, 0, 0, 0, 0, 0, 0, 0, 0, 0, 0, 0, : 21, 11, 18, 1, 6, 11, 6, 7, 5, 
41: 4, 1, 2, 14, 16, 4, 15, 2, 7, 1, 37, 2, 0, 0, 0, 0, 0, 0, 0, 0, : 4, 1, 2, 14, 16, 4, 15, 2, 7, 1, 37, 2, 
42: 23, 11, 4, 3, 22, 12, 1, 18, 8, 5, 27, 0, 0, 0, 0, 0, 0, 0, 0, 0, : 23, 11, 4, 3, 22, 12, 1, 18, 8, 5, 27, 
43: 3, 16, 1, 9, 1, 4, 16, 24, 13, 8, 0, 0, 0, 0, 0, 0, 0, 0, 0, 0, : 3, 16, 1, 9, 1, 4, 16, 24, 13, 8, 
44: 2, 7, 9, 7, 13, 4, 3, 29, 0, 0, 0, 0, 0, 0, 0, 0, 0, 0, 0, 0, : 2, 7, 9, 7, 13, 4, 3, 29, 
45: 1, 4, 19, 23, 24, 7, 12, 9, 26, 2, 0, 0, 0, 0, 0, 0, 0, 0, 0, 0, : 1, 4, 19, 23, 24, 7, 12, 9, 26, 2, 
46: 6, 2, 1, 2, 5, 7, 1, 3, 2, 14, 1, 0, 0, 0, 0, 0, 0, 0, 0, 0, : 6, 2, 1, 2, 5, 7, 1, 3, 2, 14, 1, 
47: 4, 5, 2, 8, 21, 5, 10, 22, 6, 1, 2, 0, 0, 0, 0, 0, 0, 0, 0, 0, : 4, 5, 2, 8, 21, 5, 10, 22, 6, 1, 2, 
48: 5, 6, 9, 16, 9, 15, 7, 4, 0, 0, 0, 0, 0, 0, 0, 0, 0, 0, 0, 0, : 5, 6, 9, 16, 9, 15, 7, 4, 
49: 22, 16, 1, 10, 2, 1, 24, 0, 0, 0, 0, 0, 0, 0, 0, 0, 0, 0, 0, 0, : 22, 16, 1, 10, 2, 1, 24, 
50: 4, 5, 3, 24, 3, 7, 5, 12, 31, 5, 0, 0, 0, 0, 0, 0, 0, 0, 0, 0, : 4, 5, 3, 24, 3, 7, 5, 12, 31, 5, 
51: 10, 7, 20, 2, 1, 15, 33, 6, 3, 0, 0, 0, 0, 0, 0, 0, 0, 0, 0, 0, : 10, 7, 20, 2, 1, 15, 33, 6, 3, 
52: 2, 1, 17, 4, 8, 1, 11, 1, 3, 9, 6, 0, 0, 0, 0, 0, 0, 0, 0, 0, : 2, 1, 17, 4, 8, 1, 11, 1, 3, 9, 6, 
53: 13, 6, 2, 10, 20, 11, 13, 16, 0, 0, 0, 0, 0, 0, 0, 0, 0, 0, 0, 0, : 13, 6, 2, 10, 20, 11, 13, 16, 
54: 16, 3, 7, 23, 28, 9, 3, 6, 7, 1, 5, 0, 0, 0, 0, 0, 0, 0, 0, 0, : 16, 3, 7, 23, 28, 9, 3, 6, 7, 1, 5, 
55: 12, 1, 1, 3, 3, 14, 27, 1, 0, 0, 0, 0, 0, 0, 0, 0, 0, 0, 0, 0, : 12, 1, 1, 3, 3, 14, 27, 1, 
56: 8, 3, 2, 13, 7, 1, 2, 1, 9, 0, 0, 0, 0, 0, 0, 0, 0, 0, 0, 0, : 8, 3, 2, 13, 7, 1, 2, 1, 9, 
57: 1, 10, 3, 21, 1, 1, 5, 0, 0, 0, 0, 0, 0, 0, 0, 0, 0, 0, 0, 0, : 1, 10, 3, 21, 1, 1, 5, 
58: 1, 14, 25, 16, 10, 4, 6, 1, 0, 0, 0, 0, 0, 0, 0, 0, 0, 0, 0, 0, : 1, 14, 25, 16, 10, 4, 6, 1, 
59: 26, 2, 1, 6, 2, 1, 4, 1, 2, 0, 0, 0, 0, 0, 0, 0, 0, 0, 0, 0, : 26, 2, 1, 6, 2, 1, 4, 1, 2, 
60: 3, 8, 17, 14, 1, 11, 20, 4, 7, 12, 0, 0, 0, 0, 0, 0, 0, 0, 0, 0, : 3, 8, 17, 14, 1, 11, 20, 4, 7, 12, 
61: 3, 24, 6, 9, 2, 2, 25, 3, 11, 21, 3, 3, 1, 0, 0, 0, 0, 0, 0, 0, : 3, 24, 6, 9, 2, 2, 25, 3, 11, 21, 3, 3, 1, 
62: 3, 9, 2, 3, 10, 25, 10, 5, 12, 0, 0, 0, 0, 0, 0, 0, 0, 0, 0, 0, : 3, 9, 2, 3, 10, 25, 10, 5, 12, 
63: 5, 2, 4, 3, 5, 3, 30, 16, 6, 0, 0, 0, 0, 0, 0, 0, 0, 0, 0, 0, : 5, 2, 4, 3, 5, 3, 30, 16, 6, 
64: 2, 1, 6, 1, 6, 3, 0, 0, 0, 0, 0, 0, 0, 0, 0, 0, 0, 0, 0, 0, : 2, 1, 6, 1, 6, 3, 
65: 4, 10, 7, 6, 3, 1, 29, 6, 18, 1, 0, 0, 0, 0, 0, 0, 0, 0, 0, 0, : 4, 10, 7, 6, 3, 1, 29, 6, 18, 1, 
66: 14, 11, 8, 15, 1, 0, 0, 0, 0, 0, 0, 0, 0, 0, 0, 0, 0, 0, 0, 0, : 14, 11, 8, 15, 1, 
67: 7, 19, 3, 14, 11, 1, 9, 3, 8, 0, 0, 0, 0, 0, 0, 0, 0, 0, 0, 0, : 7, 19, 3, 14, 11, 1, 9, 3, 8, 
68: 2, 27, 14, 7, 7, 28, 20, 14, 0, 0, 0, 0, 0, 0, 0, 0, 0, 0, 0, 0, : 2, 27, 14, 7, 7, 28, 20, 14, 
69: 12, 5, 10, 7, 10, 24, 3, 12, 6, 14, 0, 0, 0, 0, 0, 0, 0, 0, 0, 0, : 12, 5, 10, 7, 10, 24, 3, 12, 6, 14, 
70: 2, 5, 3, 23, 1, 2, 0, 0, 0, 0, 0, 0, 0, 0, 0, 0, 0, 0, 0, 0, : 2, 5, 3, 23, 1, 2, 
71: 4, 1, 7, 15, 11, 8, 26, 0, 0, 0, 0, 0, 0, 0, 0, 0, 0, 0, 0, 0, : 4, 1, 7, 15, 11, 8, 26, 
72: 2, 5, 13, 4, 2, 12, 3, 31, 6, 6, 24, 0, 0, 0, 0, 0, 0, 0, 0, 0, : 2, 5, 13, 4, 2, 12, 3, 31, 6, 6, 24, 
73: 2, 10, 2, 13, 24, 6, 2, 0, 0, 0, 0, 0, 0, 0, 0, 0, 0, 0, 0, 0, : 2, 10, 2, 13, 24, 6, 2, 
74: 19, 3, 26, 15, 5, 5, 9, 1, 19, 2, 0, 0, 0, 0, 0, 0, 0, 0, 0, 0, : 19, 3, 26, 15, 5, 5, 9, 1, 19, 2, 
75: 3, 12, 19, 1, 2, 20, 12, 1, 14, 0, 0, 0, 0, 0, 0, 0, 0, 0, 0, 0, : 3, 12, 19, 1, 2, 20, 12, 1, 14, 
76: 1, 2, 2, 10, 5, 8, 20, 16, 16, 2, 0, 0, 0, 0, 0, 0, 0, 0, 0, 0, : 1, 2, 2, 10, 5, 8, 20, 16, 16, 2, 
77: 9, 3, 6, 6, 22, 2, 1, 27, 10, 22, 0, 0, 0, 0, 0, 0, 0, 0, 0, 0, : 9, 3, 6, 6, 22, 2, 1, 27, 10, 22, 
78: 24, 19, 2, 9, 3, 12, 1, 1, 16, 9, 25, 1, 0, 0, 0, 0, 0, 0, 0, 0, : 24, 19, 2, 9, 3, 12, 1, 1, 16, 9, 25, 1, 
79: 1, 1, 4, 2, 34, 5, 14, 5, 27, 3, 0, 0, 0, 0, 0, 0, 0, 0, 0, 0, : 1, 1, 4, 2, 34, 5, 14, 5, 27, 3, 
80: 13, 27, 3, 1, 11, 5, 7, 12, 3, 5, 4, 0, 0, 0, 0, 0, 0, 0, 0, 0, : 13, 27, 3, 1, 11, 5, 7, 12, 3, 5, 4, 
81: 2, 4, 13, 8, 1, 17, 4, 0, 0, 0, 0, 0, 0, 0, 0, 0, 0, 0, 0, 0, : 2, 4, 13, 8, 1, 17, 4, 
82: 7, 21, 6, 3, 2, 5, 17, 4, 2, 13, 0, 0, 0, 0, 0, 0, 0, 0, 0, 0, : 7, 21, 6, 3, 2, 5, 17, 4, 2, 13, 
83: 9, 11, 4, 12, 38, 1, 2, 5, 8, 6, 0, 0, 0, 0, 0, 0, 0, 0, 0, 0, : 9, 11, 4, 12, 38, 1, 2, 5, 8, 6, 
84: 10, 4, 18, 14, 15, 31, 1, 3, 1, 0, 0, 0, 0, 0, 0, 0, 0, 0, 0, 0, : 10, 4, 18, 14, 15, 31, 1, 3, 1, 
85: 5, 1, 11, 11, 1, 14, 14, 21, 30, 28, 3, 0, 0, 0, 0, 0, 0, 0, 0, 0, : 5, 1, 11, 11, 1, 14, 14, 21, 30, 28, 3, 
86: 9, 32, 9, 5, 15, 5, 15, 4, 1, 8, 0, 0, 0, 0, 0, 0, 0, 0, 0, 0, : 9, 32, 9, 5, 15, 5, 15, 4, 1, 8, 
87: 14, 2, 27, 2, 7, 8, 14, 3, 4, 0, 0, 0, 0, 0, 0, 0, 0, 0, 0, 0, : 14, 2, 27, 2, 7, 8, 14, 3, 4, 
88: 9, 9, 16, 1, 3, 9, 13, 17, 0, 0, 0, 0, 0, 0, 0, 0, 0, 0, 0, 0, : 9, 9, 16, 1, 3, 9, 13, 17, 
89: 3, 2, 1, 7, 13, 1, 1, 9, 3, 5, 19, 0, 0, 0, 0, 0, 0, 0, 0, 0, : 3, 2, 1, 7, 13, 1, 1, 9, 3, 5, 19, 
90: 14, 11, 11, 1, 1, 12, 6, 1, 9, 0, 0, 0, 0, 0, 0, 0, 0, 0, 0, 0, : 14, 11, 11, 1, 1, 12, 6, 1, 9, 
91: 15, 7, 3, 4, 19, 1, 5, 18, 17, 17, 0, 0, 0, 0, 0, 0, 0, 0, 0, 0, : 15, 7, 3, 4, 19, 1, 5, 18, 17, 17, 
92: 2, 16, 19, 10, 5, 4, 18, 32, 0, 0, 0, 0, 0, 0, 0, 0, 0, 0, 0, 0, : 2, 16, 19, 10, 5, 4, 18, 32, 
93: 8, 8, 5, 7, 2, 1, 1, 3, 7, 4, 3, 0, 0, 0, 0, 0, 0, 0, 0, 0, : 8, 8, 5, 7, 2, 1, 1, 3, 7, 4, 3, 
94: 30, 9, 27, 27, 17, 7, 18, 6, 22, 0, 0, 0, 0, 0, 0, 0, 0, 0, 0, 0, : 30, 9, 27, 27, 17, 7, 18, 6, 22, 
95: 29, 1, 1, 6, 4, 15, 29, 2, 14, 19, 10, 11, 0, 0, 0, 0, 0, 0, 0, 0, : 29, 1, 1, 6, 4, 15, 29, 2, 14, 19, 10, 11, 
96: 2, 6, 7, 4, 26, 1, 4, 6, 1, 3, 0, 0, 0, 0, 0, 0, 0, 0, 0, 0, : 2, 6, 7, 4, 26, 1, 4, 6, 1, 3, 
97: 2, 4, 6, 3, 7, 3, 9, 9, 2, 0, 0, 0, 0, 0, 0, 0, 0, 0, 0, 0, : 2, 4, 6, 3, 7, 3, 9, 9, 2, 
98: 2, 3, 34, 4, 17, 21, 12, 3, 15, 1, 3, 1, 0, 0, 0, 0, 0, 0, 0, 0, : 2, 3, 34, 4, 17, 21, 12, 3, 15, 1, 3, 1, 
99: 2, 7, 18, 2, 3, 2, 10, 6, 6, 1, 0, 0, 0, 0, 0, 0, 0, 0, 0, 0, : 2, 7, 18, 2, 3, 2, 10, 6, 6, 1, 
100: 1, 33, 4, 1, 1, 3, 16, 10, 1, 5, 28, 5, 0, 0, 0, 0, 0, 0, 0, 0, : 1, 33, 4, 1, 1, 3, 16, 10, 1, 5, 28, 5, 
101: 17, 16, 12, 10, 8, 18, 7, 2, 2, 9, 11, 8, 1, 5, 9, 0, 0, 0, 0, 0, : 17, 16, 12, 10, 8, 18, 7, 2, 2, 9, 11, 8, 1, 5, 9, 
102: 21, 5, 18, 14, 2, 7, 23, 1, 7, 8, 20, 3, 0, 0, 0, 0, 0, 0, 0, 0, : 21, 5, 18, 14, 2, 7, 23, 1, 7, 8, 20, 3, 
103: 2, 5, 1, 4, 3, 31, 15, 0, 0, 0, 0, 0, 0, 0, 0, 0, 0, 0, 0, 0, : 2, 5, 1, 4, 3, 31, 15, 
104: 17, 21, 6, 1, 2, 4, 0, 0, 0, 0, 0, 0, 0, 0, 0, 0, 0, 0, 0, 0, : 17, 21, 6, 1, 2, 4, 
105: 12, 3, 1, 1, 4, 7, 7, 1, 0, 0, 0, 0, 0, 0, 0, 0, 0, 0, 0, 0, : 12, 3, 1, 1, 4, 7, 7, 1, 
106: 8, 5, 1, 15, 10, 11, 2, 1, 0, 0, 0, 0, 0, 0, 0, 0, 0, 0, 0, 0, : 8, 5, 1, 15, 10, 11, 2, 1, 
107: 2, 22, 3, 3, 1, 22, 11, 2, 4, 29, 29, 0, 0, 0, 0, 0, 0, 0, 0, 0, : 2, 22, 3, 3, 1, 22, 11, 2, 4, 29, 29, 
108: 1, 20, 11, 2, 2, 7, 1, 5, 1, 12, 5, 27, 2, 0, 0, 0, 0, 0, 0, 0, : 1, 20, 11, 2, 2, 7, 1, 5, 1, 12, 5, 27, 2, 
109: 10, 21, 5, 2, 1, 2, 8, 0, 0, 0, 0, 0, 0, 0, 0, 0, 0, 0, 0, 0, : 10, 21, 5, 2, 1, 2, 8, 
110: 4, 5, 1, 3, 1, 21, 10, 30, 0, 0, 0, 0, 0, 0, 0, 0, 0, 0, 0, 0, : 4, 5, 1, 3, 1, 21, 10, 30, 
111: 4, 7, 19, 3, 1, 2, 15, 5, 1, 6, 8, 8, 1, 12, 1, 1, 0, 0, 0, 0, : 4, 7, 19, 3, 1, 2, 15, 5, 1, 6, 8, 8, 1, 12, 1, 1, 
112: 4, 20, 19, 7, 1, 14, 3, 3, 1, 5, 0, 0, 0, 0, 0, 0, 0, 0, 0, 0, : 4, 20, 19, 7, 1, 14, 3, 3, 1, 5, 
113: 13, 3, 11, 17, 15, 22, 0, 0, 0, 0, 0, 0, 0, 0, 0, 0, 0, 0, 0, 0, : 13, 3, 11, 17, 15, 22, 
114: 5, 1, 2, 10, 14, 2, 9, 30, 3, 1, 23, 0, 0, 0, 0, 0, 0, 0, 0, 0, : 5, 1, 2, 10, 14, 2, 9, 30, 3, 1, 23, 
115: 1, 11, 28, 21, 1, 18, 1, 4, 1, 5, 0, 0, 0, 0, 0, 0, 0, 0, 0, 0, : 1, 11, 28, 21, 1, 18, 1, 4, 1, 5, 
116: 11, 2, 8, 20, 11, 6, 6, 5, 3, 1, 0, 0, 0, 0, 0, 0, 0, 0, 0, 0, : 11, 2, 8, 20, 11, 6, 6, 5, 3, 1, 
117: 2, 1, 30, 9, 2, 3, 2, 5, 7, 0, 0, 0, 0, 0, 0, 0, 0, 0, 0, 0, : 2, 1, 30, 9, 2, 3, 2, 5, 7, 
118: 7, 1, 1, 9, 3, 15, 2, 25, 0, 0, 0, 0, 0, 0, 0, 0, 0, 0, 0, 0, : 7, 1, 1, 9, 3, 15, 2, 25, 
119: 2, 2, 1, 6, 2, 11, 4, 4, 2, 2, 0, 0, 0, 0, 0, 0, 0, 0, 0, 0, : 2, 2, 1, 6, 2, 11, 4, 4, 2, 2, 
120: 3, 1, 4, 1, 8, 1, 14, 5, 1, 4, 6, 13, 0, 0, 0, 0, 0, 0, 0, 0, : 3, 1, 4, 1, 8, 1, 14, 5, 1, 4, 6, 13, 


