40
200
1: 4, 26, 7, 9, 10, 12, 5, 6, 1, 6, 8, 1, 3, 6, 1, 3, 12, 2, 4, 1, 36, 1, 17, 3, 1, 5, 14, 0, 0, 0, 0, 0, 0, 0, 0, 0, 0, 0, 0, 0, : 4, 26, 7, 9, 10, 12, 5, 6, 1, 6, 8, 1, 3, 6, 1, 3, 12, 2, 4, 1, 36, 1, 17, 3, 1, 5, 14, 
2: 2, 7, 38, 9, 1, 26, 6, 10, 18, 21, 3, 11, 2, 2, 2, 5, 11, 15, 15, 2, 2, 1, 5, 0, 0, 0, 0, 0, 0, 0, 0, 0, 0, 0, 0, 0, 0, 0, 0, 0, : 2, 7, 38, 9, 1, 26, 6, 10, 18, 21, 3, 11, 2, 2, 2, 5, 11, 15, 15, 2, 2, 1, 5, 
3: 6, 13, 3, 2, 3, 4, 5, 1, 2, 23, 8, 2, 15, 28, 1, 20, 0, 0, 0, 0, 0, 0, 0, 0, 0, 0, 0, 0, 0, 0, 0, 0, 0, 0, 0, 0, 0, 0, 0, 0, : 6, 13, 3, 2, 3, 4, 5, 1, 2, 23, 8, 2, 15, 28, 1, 20, 
4: 11, 1, 2, 7, 19, 2, 1, 7, 22, 20, 4, 27, 2, 1, 6, 1, 21, 5, 11, 7, 30, 2, 4, 0, 0, 0, 0, 0, 0, 0, 0, 0, 0, 0, 0, 0, 0, 0, 0, 0, : 11, 1, 2, 7, 19, 2, 1, 7, 22, 20, 4, 27, 2, 1, 6, 1, 21, 5, 11, 7, 30, 2, 4, 
5: 9, 12, 9, 1, 11, 1, 7, 5, 15, 1, 4, 14, 1, 13, 14, 10, 2, 5, 2, 5, 0, 0, 0, 0, 0, 0, 0, 0, 0, 0, 0, 0, 0, 0, 0, 0, 0, 0, 0, 0, : 9, 12, 9, 1, 11, 1, 7, 5, 15, 1, 4, 14, 1, 13, 14, 10, 2, 5, 2, 5, 
6: 12, 1, 6, 3, 8, 12, 7, 2, 6, 7, 2, 9, 3, 14, 24, 2, 20, 9, 1, 20, 10, 8, 2, 9, 17, 4, 0, 0, 0, 0, 0, 0, 0, 0, 0, 0, 0, 0, 0, 0, : 12, 1, 6, 3, 8, 12, 7, 2, 6, 7, 2, 9, 3, 14, 24, 2, 20, 9, 1, 20, 10, 8, 2, 9, 17, 4, 
7: 16, 18, 8, 3, 25, 2, 20, 8, 1, 3, 2, 4, 4, 8, 1, 8, 13, 0, 0, 0, 0, 0, 0, 0, 0, 0, 0, 0, 0, 0, 0, 0, 0, 0, 0, 0, 0, 0, 0, 0, : 16, 18, 8, 3, 25, 2, 20, 8, 1, 3, 2, 4, 4, 8, 1, 8, 13, 
8: 14, 11, 2, 2, 3, 1, 3, 3, 24, 2, 5, 5, 4, 11, 11, 1, 5, 0, 0, 0, 0, 0, 0, 0, 0, 0, 0, 0, 0, 0, 0, 0, 0, 0, 0, 0, 0, 0, 0, 0, : 14, 11, 2, 2, 3, 1, 3, 3, 24, 2, 5, 5, 4, 11, 11, 1, 5, 
9: 2, 2, 1, 6, 2, 23, 2, 1, 5, 7, 7, 1, 5, 17, 1, 1, 12, 4, 1, 16, 1, 2, 19, 15, 0, 0, 0, 0, 0, 0, 0, 0, 0, 0, 0, 0, 0, 0, 0, 0, : 2, 2, 1, 6, 2, 23, 2, 1, 5, 7, 7, 1, 5, 17, 1, 1, 12, 4, 1, 16, 1, 2, 19, 15, 
10: 13, 7, 2, 1, 3, 23, 5, 4, 9, 2, 18, 2, 21, 4, 5, 26, 4, 9, 7, 4, 2, 10, 0, 0, 0, 0, 0, 0, 0, 0, 0, 0, 0, 0, 0, 0, 0, 0, 0, 0, : 13, 7, 2, 1, 3, 23, 5, 4, 9, 2, 18, 2, 21, 4, 5, 26, 4, 9, 7, 4, 2, 10, 
11: 6, 13, 29, 14, 19, 6, 1, 11, 2, 3, 1, 8, 0, 0, 0, 0, 0, 0, 0, 0, 0, 0, 0, 0, 0, 0, 0, 0, 0, 0, 0, 0, 0, 0, 0, 0, 0, 0, 0, 0, : 6, 13, 29, 14, 19, 6, 1, 11, 2, 3, 1, 8, 
12: 9, 4, 4, 16, 20, 2, 1, 1, 10, 28, 3, 9, 10, 7, 3, 6, 14, 26, 5, 1, 0, 0, 0, 0, 0, 0, 0, 0, 0, 0, 0, 0, 0, 0, 0, 0, 0, 0, 0, 0, : 9, 4, 4, 16, 20, 2, 1, 1, 10, 28, 3, 9, 10, 7, 3, 6, 14, 26, 5, 1, 
13: 2, 23, 16, 1, 5, 9, 13, 8, 13, 1, 13, 1, 19, 1, 24, 34, 2, 2, 5, 0, 0, 0, 0, 0, 0, 0, 0, 0, 0, 0, 0, 0, 0, 0, 0, 0, 0, 0, 0, 0, : 2, 23, 16, 1, 5, 9, 13, 8, 13, 1, 13, 1, 19, 1, 24, 34, 2, 2, 5, 
14: 1, 5, 2, 5, 13, 1, 13, 14, 3, 3, 2, 8, 10, 3, 3, 3, 2, 5, 1, 3, 9, 1, 31, 22, 0, 0, 0, 0, 0, 0, 0, 0, 0, 0, 0, 0, 0, 0, 0, 0, : 1, 5, 2, 5, 13, 1, 13, 14, 3, 3, 2, 8, 10, 3, 3, 3, 2, 5, 1, 3, 9, 1, 31, 22, 
15: 22, 6, 3, 3, 2, 7, 6, 15, 11, 15, 26, 1, 23, 2, 3, 4, 5, 1, 0, 0, 0, 0, 0, 0, 0, 0, 0, 0, 0, 0, 0, 0, 0, 0, 0, 0, 0, 0, 0, 0, : 22, 6, 3, 3, 2, 7, 6, 15, 11, 15, 26, 1, 23, 2, 3, 4, 5, 1, 
16: 1, 4, 1, 1, 5, 5, 26, 1, 16, 7, 1, 6, 2, 31, 0, 0, 0, 0, 0, 0, 0, 0, 0, 0, 0, 0, 0, 0, 0, 0, 0, 0, 0, 0, 0, 0, 0, 0, 0, 0, : 1, 4, 1, 1, 5, 5, 26, 1, 16, 7, 1, 6, 2, 31, 
17: 15, 9, 3, 8, 11, 24, 2, 5, 8, 10, 28, 2, 7, 1, 6, 1, 6, 0, 0, 0, 0, 0, 0, 0, 0, 0, 0, 0, 0, 0, 0, 0, 0, 0, 0, 0, 0, 0, 0, 0, : 15, 9, 3, 8, 11, 24, 2, 5, 8, 10, 28, 2, 7, 1, 6, 1, 6, 
18: 19, 10, 4, 20, 8, 26, 12, 21, 4, 10, 30, 17, 4, 3, 6, 37, 2, 6, 12, 2, 0, 0, 0, 0, 0, 0, 0, 0, 0, 0, 0, 0, 0, 0, 0, 0, 0, 0, 0, 0, : 19, 10, 4, 20, 8, 26, 12, 21, 4, 10, 30, 17, 4, 3, 6, 37, 2, 6, 12, 2, 
19: 1, 2, 4, 1, 4, 3, 1, 3, 4, 4, 1, 2, 20, 5, 5, 1, 12, 5, 16, 0, 0, 0, 0, 0, 0, 0, 0, 0, 0, 0, 0, 0, 0, 0, 0, 0, 0, 0, 0, 0, : 1, 2, 4, 1, 4, 3, 1, 3, 4, 4, 1, 2, 20, 5, 5, 1, 12, 5, 16, 
20: 7, 34, 30, 1, 7, 2, 14, 2, 2, 6, 3, 18, 10, 5, 3, 6, 2, 3, 0, 0, 0, 0, 0, 0, 0, 0, 0, 0, 0, 0, 0, 0, 0, 0, 0, 0, 0, 0, 0, 0, : 7, 34, 30, 1, 7, 2, 14, 2, 2, 6, 3, 18, 10, 5, 3, 6, 2, 3, 
21: 13, 3, 29, 11, 1, 3, 9, 3, 4, 11, 20, 1, 4, 18, 2, 19, 1, 18, 0, 0, 0, 0, 0, 0, 0, 0, 0, 0, 0, 0, 0, 0, 0, 0, 0, 0, 0, 0, 0, 0, : 13, 3, 29, 11, 1, 3, 9, 3, 4, 11, 20, 1, 4, 18, 2, 19, 1, 18, 
22: 3, 1, 10, 22, 11, 7, 15, 21, 4, 8, 3, 16, 1, 13, 3, 12, 26, 12, 2, 1, 1, 7, 16, 8, 1, 0, 0, 0, 0, 0, 0, 0, 0, 0, 0, 0, 0, 0, 0, 0, : 3, 1, 10, 22, 11, 7, 15, 21, 4, 8, 3, 16, 1, 13, 3, 12, 26, 12, 2, 1, 1, 7, 16, 8, 1, 
23: 1, 11, 18, 13, 1, 8, 12, 17, 17, 1, 2, 14, 1, 2, 2, 3, 6, 5, 10, 6, 4, 2, 8, 0, 0, 0, 0, 0, 0, 0, 0, 0, 0, 0, 0, 0, 0, 0, 0, 0, : 1, 11, 18, 13, 1, 8, 12, 17, 17, 1, 2, 14, 1, 2, 2, 3, 6, 5, 10, 6, 4, 2, 8, 
24: 6, 3, 10, 4, 1, 1, 6, 5, 1, 8, 19, 19, 3, 5, 2, 3, 5, 1, 1, 17, 0, 0, 0, 0, 0, 0, 0, 0, 0, 0, 0, 0, 0, 0, 0, 0, 0, 0, 0, 0, : 6, 3, 10, 4, 1, 1, 6, 5, 1, 8, 19, 19, 3, 5, 2, 3, 5, 1, 1, 17, 
25: 27, 17, 21, 17, 3, 8, 1, 1, 11, 28, 2, 9, 2, 2, 1, 4, 15, 20, 2, 5, 7, 11, 1, 1, 4, 6, 0, 0, 0, 0, 0, 0, 0, 0, 0, 0, 0, 0, 0, 0, : 27, 17, 21, 17, 3, 8, 1, 1, 11, 28, 2, 9, 2, 2, 1, 4, 15, 20, 2, 5, 7, 11, 1, 1, 4, 6, 
26: 31, 18, 5, 1, 10, 18, 5, 9, 8, 5, 20, 14, 1, 7, 3, 1, 8, 5, 3, 18, 15, 8, 0, 0, 0, 0, 0, 0, 0, 0, 0, 0, 0, 0, 0, 0, 0, 0, 0, 0, : 31, 18, 5, 1, 10, 18, 5, 9, 8, 5, 20, 14, 1, 7, 3, 1, 8, 5, 3, 18, 15, 8, 
27: 1, 21, 5, 6, 14, 6, 2, 8, 8, 11, 16, 4, 8, 17, 10, 1, 2, 9, 1, 0, 0, 0, 0, 0, 0, 0, 0, 0, 0, 0, 0, 0, 0, 0, 0, 0, 0, 0, 0, 0, : 1, 21, 5, 6, 14, 6, 2, 8, 8, 11, 16, 4, 8, 17, 10, 1, 2, 9, 1, 
28: 1, 26, 5, 32, 3, 3, 9, 15, 9, 14, 32, 1, 2, 2, 19, 7, 3, 1, 1, 4, 2, 23, 1, 0, 0, 0, 0, 0, 0, 0, 0, 0, 0, 0, 0, 0, 0, 0, 0, 0, : 1, 26, 5, 32, 3, 3, 9, 15, 9, 14, 32, 1, 2, 2, 19, 7, 3, 1, 1, 4, 2, 23, 1, 
29: 1, 4, 6, 17, 2, 35, 7, 9, 17, 2, 8, 4, 4, 15, 6, 24, 1, 5, 0, 0, 0, 0, 0, 0, 0, 0, 0, 0, 0, 0, 0, 0, 0, 0, 0, 0, 0, 0, 0, 0, : 1, 4, 6, 17, 2, 35, 7, 9, 17, 2, 8, 4, 4, 15, 6, 24, 1, 5, 
30: 2, 8, 10, 19, 7, 24, 19, 14, 3, 2, 3, 3, 0, 0, 0, 0, 0, 0, 0, 0, 0, 0, 0, 0, 0, 0, 0, 0, 0, 0, 0, 0, 0, 0, 0, 0, 0, 0, 0, 0, : 2, 8, 10, 19, 7, 24, 19, 14, 3, 2, 3, 3, 
31: 1, 3, 31, 5, 12, 13, 2, 5, 11, 1, 1, 3, 8, 1, 3, 3, 2, 1, 26, 27, 9, 3, 11, 1, 0, 0, 0, 0, 0, 0, 0, 0, 0, 0, 0, 0, 0, 0, 0, 0, : 1, 3, 31, 5, 12, 13, 2, 5, 11, 1, 1, 3, 8, 1, 3, 3, 2, 1, 26, 27, 9, 3, 11, 1, 
32: 3, 9, 20, 23, 1, 3, 2, 6, 2, 18, 9, 20, 4, 6, 18, 9, 27, 19, 24, 4, 10, 1, 16, 16, 1, 4, 2, 4, 3, 2, 5, 0, 0, 0, 0, 0, 0, 0, 0, 0, : 3, 9, 20, 23, 1, 3, 2, 6, 2, 18, 9, 20, 4, 6, 18, 9, 27, 19, 24, 4, 10, 1, 16, 16, 1, 4, 2, 4, 3, 2, 5, 
33: 2, 12, 12, 25, 6, 23, 1, 18, 3, 2, 19, 11, 6, 10, 34, 3, 4, 0, 0, 0, 0, 0, 0, 0, 0, 0, 0, 0, 0, 0, 0, 0, 0, 0, 0, 0, 0, 0, 0, 0, : 2, 12, 12, 25, 6, 23, 1, 18, 3, 2, 19, 11, 6, 10, 34, 3, 4, 
34: 10, 8, 21, 7, 3, 1, 4, 17, 1, 4, 13, 1, 1, 9, 5, 2, 9, 5, 3, 5, 0, 0, 0, 0, 0, 0, 0, 0, 0, 0, 0, 0, 0, 0, 0, 0, 0, 0, 0, 0, : 10, 8, 21, 7, 3, 1, 4, 17, 1, 4, 13, 1, 1, 9, 5, 2, 9, 5, 3, 5, 
35: 6, 4, 3, 3, 28, 2, 10, 6, 16, 8, 2, 12, 3, 30, 15, 4, 22, 4, 5, 0, 0, 0, 0, 0, 0, 0, 0, 0, 0, 0, 0, 0, 0, 0, 0, 0, 0, 0, 0, 0, : 6, 4, 3, 3, 28, 2, 10, 6, 16, 8, 2, 12, 3, 30, 15, 4, 22, 4, 5, 
36: 2, 2, 6, 11, 3, 3, 6, 1, 7, 13, 7, 11, 1, 3, 2, 6, 6, 3, 1, 0, 0, 0, 0, 0, 0, 0, 0, 0, 0, 0, 0, 0, 0, 0, 0, 0, 0, 0, 0, 0, : 2, 2, 6, 11, 3, 3, 6, 1, 7, 13, 7, 11, 1, 3, 2, 6, 6, 3, 1, 
37: 4, 24, 13, 3, 3, 13, 19, 3, 5, 11, 2, 1, 21, 14, 32, 18, 11, 4, 2, 0, 0, 0, 0, 0, 0, 0, 0, 0, 0, 0, 0, 0, 0, 0, 0, 0, 0, 0, 0, 0, : 4, 24, 13, 3, 3, 13, 19, 3, 5, 11, 2, 1, 21, 14, 32, 18, 11, 4, 2, 
38: 2, 3, 22, 20, 6, 22, 11, 5, 2, 18, 8, 3, 34, 5, 4, 10, 1, 1, 8, 2, 11, 0, 0, 0, 0, 0, 0, 0, 0, 0, 0, 0, 0, 0, 0, 0, 0, 0, 0, 0, : 2, 3, 22, 20, 6, 22, 11, 5, 2, 18, 8, 3, 34, 5, 4, 10, 1, 1, 8, 2, 11, 
39: 25, 30, 2, 1, 4, 1, 3, 1, 6, 1, 4, 6, 22, 1, 5, 4, 14, 5, 19, 2, 1, 11, 8, 6, 20, 0, 0, 0, 0, 0, 0, 0, 0, 0, 0, 0, 0, 0, 0, 0, : 25, 30, 2, 1, 4, 1, 3, 1, 6, 1, 4, 6, 22, 1, 5, 4, 14, 5, 19, 2, 1, 11, 8, 6, 20, 
40: 3, 14, 12, 8, 3, 22, 1, 12, 6, 3, 4, 6, 0, 0, 0, 0, 0, 0, 0, 0, 0, 0, 0, 0, 0, 0, 0, 0, 0, 0, 0, 0, 0, 0, 0, 0, 0, 0, 0, 0, : 3, 14, 12, 8, 3, 22, 1, 12, 6, 3, 4, 6, 
41: 4, 19, 20, 2, 28, 31, 10, 1, 6, 18, 16, 8, 2, 2, 2, 6, 4, 6, 29, 0, 0, 0, 0, 0, 0, 0, 0, 0, 0, 0, 0, 0, 0, 0, 0, 0, 0, 0, 0, 0, : 4, 19, 20, 2, 28, 31, 10, 1, 6, 18, 16, 8, 2, 2, 2, 6, 4, 6, 29, 
42: 1, 3, 6, 2, 34, 11, 11, 3, 26, 7, 17, 6, 5, 5, 28, 18, 7, 27, 7, 2, 1, 4, 0, 0, 0, 0, 0, 0, 0, 0, 0, 0, 0, 0, 0, 0, 0, 0, 0, 0, : 1, 3, 6, 2, 34, 11, 11, 3, 26, 7, 17, 6, 5, 5, 28, 18, 7, 27, 7, 2, 1, 4, 
43: 4, 7, 8, 6, 6, 4, 25, 19, 18, 1, 20, 6, 13, 17, 7, 1, 6, 1, 9, 0, 0, 0, 0, 0, 0, 0, 0, 0, 0, 0, 0, 0, 0, 0, 0, 0, 0, 0, 0, 0, : 4, 7, 8, 6, 6, 4, 25, 19, 18, 1, 20, 6, 13, 17, 7, 1, 6, 1, 9, 
44: 1, 12, 4, 25, 5, 30, 28, 26, 8, 1, 9, 1, 9, 14, 5, 3, 1, 4, 8, 0, 0, 0, 0, 0, 0, 0, 0, 0, 0, 0, 0, 0, 0, 0, 0, 0, 0, 0, 0, 0, : 1, 12, 4, 25, 5, 30, 28, 26, 8, 1, 9, 1, 9, 14, 5, 3, 1, 4, 8, 
45: 4, 7, 7, 22, 7, 5, 7, 37, 22, 1, 3, 11, 1, 15, 2, 3, 12, 6, 0, 0, 0, 0, 0, 0, 0, 0, 0, 0, 0, 0, 0, 0, 0, 0, 0, 0, 0, 0, 0, 0, : 4, 7, 7, 22, 7, 5, 7, 37, 22, 1, 3, 11, 1, 15, 2, 3, 12, 6, 
46: 20, 2, 4, 6, 6, 1, 2, 1, 7, 2, 15, 23, 15, 3, 32, 20, 4, 18, 3, 0, 0, 0, 0, 0, 0, 0, 0, 0, 0, 0, 0, 0, 0, 0, 0, 0, 0, 0, 0, 0, : 20, 2, 4, 6, 6, 1, 2, 1, 7, 2, 15, 23, 15, 3, 32, 20, 4, 18, 3, 
47: 6, 23, 14, 17, 1, 4, 15, 6, 17, 1, 1, 1, 9, 17, 5, 5, 3, 3, 1, 1, 1, 25, 9, 1, 12, 9, 1, 0, 0, 0, 0, 0, 0, 0, 0, 0, 0, 0, 0, 0, : 6, 23, 14, 17, 1, 4, 15, 6, 17, 1, 1, 1, 9, 17, 5, 5, 3, 3, 1, 1, 1, 25, 9, 1, 12, 9, 1, 
48: 8, 9, 1, 16, 28, 5, 9, 2, 23, 16, 2, 10, 7, 3, 2, 19, 19, 2, 9, 17, 8, 12, 4, 0, 0, 0, 0, 0, 0, 0, 0, 0, 0, 0, 0, 0, 0, 0, 0, 0, : 8, 9, 1, 16, 28, 5, 9, 2, 23, 16, 2, 10, 7, 3, 2, 19, 19, 2, 9, 17, 8, 12, 4, 
49: 5, 22, 2, 26, 8, 12, 1, 11, 5, 3, 24, 2, 1, 3, 2, 1, 22, 0, 0, 0, 0, 0, 0, 0, 0, 0, 0, 0, 0, 0, 0, 0, 0, 0, 0, 0, 0, 0, 0, 0, : 5, 22, 2, 26, 8, 12, 1, 11, 5, 3, 24, 2, 1, 3, 2, 1, 22, 
50: 8, 1, 3, 1, 5, 2, 5, 17, 2, 6, 3, 4, 1, 16, 2, 10, 2, 21, 8, 5, 1, 19, 3, 0, 0, 0, 0, 0, 0, 0, 0, 0, 0, 0, 0, 0, 0, 0, 0, 0, : 8, 1, 3, 1, 5, 2, 5, 17, 2, 6, 3, 4, 1, 16, 2, 10, 2, 21, 8, 5, 1, 19, 3, 
51: 31, 1, 1, 19, 4, 2, 1, 1, 21, 8, 5, 2, 3, 2, 2, 13, 0, 0, 0, 0, 0, 0, 0, 0, 0, 0, 0, 0, 0, 0, 0, 0, 0, 0, 0, 0, 0, 0, 0, 0, : 31, 1, 1, 19, 4, 2, 1, 1, 21, 8, 5, 2, 3, 2, 2, 13, 
52: 2, 18, 4, 38, 22, 27, 1, 11, 13, 6, 6, 2, 3, 35, 7, 19, 4, 11, 10, 11, 1, 3, 6, 12, 0, 0, 0, 0, 0, 0, 0, 0, 0, 0, 0, 0, 0, 0, 0, 0, : 2, 18, 4, 38, 22, 27, 1, 11, 13, 6, 6, 2, 3, 35, 7, 19, 4, 11, 10, 11, 1, 3, 6, 12, 
53: 1, 11, 3, 5, 6, 19, 7, 6, 6, 3, 9, 3, 7, 3, 2, 12, 2, 1, 20, 4, 3, 2, 11, 0, 0, 0, 0, 0, 0, 0, 0, 0, 0, 0, 0, 0, 0, 0, 0, 0, : 1, 11, 3, 5, 6, 19, 7, 6, 6, 3, 9, 3, 7, 3, 2, 12, 2, 1, 20, 4, 3, 2, 11, 
54: 2, 4, 8, 3, 3, 12, 34, 2, 4, 3, 11, 1, 6, 6, 2, 3, 3, 0, 0, 0, 0, 0, 0, 0, 0, 0, 0, 0, 0, 0, 0, 0, 0, 0, 0, 0, 0, 0, 0, 0, : 2, 4, 8, 3, 3, 12, 34, 2, 4, 3, 11, 1, 6, 6, 2, 3, 3, 
55: 8, 9, 4, 18, 1, 17, 3, 20, 2, 1, 3, 3, 15, 5, 9, 3, 2, 1, 0, 0, 0, 0, 0, 0, 0, 0, 0, 0, 0, 0, 0, 0, 0, 0, 0, 0, 0, 0, 0, 0, : 8, 9, 4, 18, 1, 17, 3, 20, 2, 1, 3, 3, 15, 5, 9, 3, 2, 1, 
56: 11, 2, 9, 7, 15, 13, 2, 8, 2, 5, 8, 9, 0, 0, 0, 0, 0, 0, 0, 0, 0, 0, 0, 0, 0, 0, 0, 0, 0, 0, 0, 0, 0, 0, 0, 0, 0, 0, 0, 0, : 11, 2, 9, 7, 15, 13, 2, 8, 2, 5, 8, 9, 
57: 5, 2, 7, 3, 17, 25, 11, 8, 3, 1, 2, 8, 8, 6, 8, 9, 2, 32, 24, 6, 11, 0, 0, 0, 0, 0, 0, 0, 0, 0, 0, 0, 0, 0, 0, 0, 0, 0, 0, 0, : 5, 2, 7, 3, 17, 25, 11, 8, 3, 1, 2, 8, 8, 6, 8, 9, 2, 32, 24, 6, 11, 
58: 2, 16, 5, 6, 10, 11, 14, 7, 27, 1, 3, 4, 1, 6, 11, 3, 1, 13, 6, 18, 1, 22, 2, 1, 16, 0, 0, 0, 0, 0, 0, 0, 0, 0, 0, 0, 0, 0, 0, 0, : 2, 16, 5, 6, 10, 11, 14, 7, 27, 1, 3, 4, 1, 6, 11, 3, 1, 13, 6, 18, 1, 22, 2, 1, 16, 
59: 3, 7, 15, 10, 4, 5, 2, 9, 33, 13, 1, 7, 7, 11, 2, 1, 2, 3, 0, 0, 0, 0, 0, 0, 0, 0, 0, 0, 0, 0, 0, 0, 0, 0, 0, 0, 0, 0, 0, 0, : 3, 7, 15, 10, 4, 5, 2, 9, 33, 13, 1, 7, 7, 11, 2, 1, 2, 3, 
60: 32, 27, 3, 23, 11, 2, 4, 5, 8, 24, 31, 15, 3, 1, 4, 22, 1, 2, 5, 0, 0, 0, 0, 0, 0, 0, 0, 0, 0, 0, 0, 0, 0, 0, 0, 0, 0, 0, 0, 0, : 32, 27, 3, 23, 11, 2, 4, 5, 8, 24, 31, 15, 3, 1, 4, 22, 1, 2, 5, 
61: 11, 9, 4, 17, 15, 10, 1, 35, 7, 8, 12, 7, 7, 1, 1, 3, 3, 7, 21, 0, 0, 0, 0, 0, 0, 0, 0, 0, 0, 0, 0, 0, 0, 0, 0, 0, 0, 0, 0, 0, : 11, 9, 4, 17, 15, 10, 1, 35, 7, 8, 12, 7, 7, 1, 1, 3, 3, 7, 21, 
62: 1, 4, 5, 11, 1, 5, 3, 29, 25, 7, 9, 7, 7, 23, 3, 8, 1, 4, 2, 14, 4, 2, 0, 0, 0, 0, 0, 0, 0, 0, 0, 0, 0, 0, 0, 0, 0, 0, 0, 0, : 1, 4, 5, 11, 1, 5, 3, 29, 25, 7, 9, 7, 7, 23, 3, 8, 1, 4, 2, 14, 4, 2, 
63: 31, 24, 4, 2, 15, 7, 2, 10, 3, 6, 1, 28, 13, 5, 1, 4, 0, 0, 0, 0, 0, 0, 0, 0, 0, 0, 0, 0, 0, 0, 0, 0, 0, 0, 0, 0, 0, 0, 0, 0, : 31, 24, 4, 2, 15, 7, 2, 10, 3, 6, 1, 28, 13, 5, 1, 4, 
64: 23, 10, 6, 10, 22, 2, 4, 1, 2, 1, 8, 1, 28, 5, 2, 33, 14, 1, 19, 1, 3, 1, 15, 5, 10, 1, 3, 2, 9, 7, 2, 0, 0, 0, 0, 0, 0, 0, 0, 0, : 23, 10, 6, 10, 22, 2, 4, 1, 2, 1, 8, 1, 28, 5, 2, 33, 14, 1, 19, 1, 3, 1, 15, 5, 10, 1, 3, 2, 9, 7, 2, 
65: 5, 23, 6, 6, 12, 1, 8, 11, 5, 8, 7, 11, 19, 22, 2, 26, 12, 5, 3, 25, 10, 2, 4, 7, 4, 0, 0, 0, 0, 0, 0, 0, 0, 0, 0, 0, 0, 0, 0, 0, : 5, 23, 6, 6, 12, 1, 8, 11, 5, 8, 7, 11, 19, 22, 2, 26, 12, 5, 3, 25, 10, 2, 4, 7, 4, 
66: 21, 7, 1, 5, 25, 18, 28, 8, 1, 6, 1, 11, 12, 10, 6, 1, 15, 29, 7, 18, 0, 0, 0, 0, 0, 0, 0, 0, 0, 0, 0, 0, 0, 0, 0, 0, 0, 0, 0, 0, : 21, 7, 1, 5, 25, 18, 28, 8, 1, 6, 1, 11, 12, 10, 6, 1, 15, 29, 7, 18, 
67: 7, 4, 1, 1, 5, 2, 21, 2, 2, 1, 7, 7, 5, 3, 17, 10, 2, 6, 6, 1, 0, 0, 0, 0, 0, 0, 0, 0, 0, 0, 0, 0, 0, 0, 0, 0, 0, 0, 0, 0, : 7, 4, 1, 1, 5, 2, 21, 2, 2, 1, 7, 7, 5, 3, 17, 10, 2, 6, 6, 1, 
68: 24, 2, 9, 3, 5, 2, 19, 2, 23, 4, 1, 7, 5, 3, 6, 1, 10, 16, 6, 1, 1, 1, 8, 15, 2, 9, 1, 1, 0, 0, 0, 0, 0, 0, 0, 0, 0, 0, 0, 0, : 24, 2, 9, 3, 5, 2, 19, 2, 23, 4, 1, 7, 5, 3, 6, 1, 10, 16, 6, 1, 1, 1, 8, 15, 2, 9, 1, 1, 
69: 2, 5, 2, 3, 9, 5, 12, 5, 2, 17, 14, 1, 3, 1, 2, 0, 0, 0, 0, 0, 0, 0, 0, 0, 0, 0, 0, 0, 0, 0, 0, 0, 0, 0, 0, 0, 0, 0, 0, 0, : 2, 5, 2, 3, 9, 5, 12, 5, 2, 17, 14, 1, 3, 1, 2, 
70: 1, 5, 14, 16, 8, 12, 3, 3, 4, 1, 1, 13, 1, 2, 7, 3, 2, 0, 0, 0, 0, 0, 0, 0, 0, 0, 0, 0, 0, 0, 0, 0, 0, 0, 0, 0, 0, 0, 0, 0, : 1, 5, 14, 16, 8, 12, 3, 3, 4, 1, 1, 13, 1, 2, 7, 3, 2, 
71: 11, 9, 10, 12, 8, 1, 17, 7, 1, 5, 2, 1, 5, 10, 8, 7, 8, 2, 4, 0, 0, 0, 0, 0, 0, 0, 0, 0, 0, 0, 0, 0, 0, 0, 0, 0, 0, 0, 0, 0, : 11, 9, 10, 12, 8, 1, 17, 7, 1, 5, 2, 1, 5, 10, 8, 7, 8, 2, 4, 
72: 2, 10, 7, 4, 9, 2, 23, 1, 12, 3, 5, 1, 3, 3, 2, 1, 6, 8, 15, 1, 10, 3, 1, 0, 0, 0, 0, 0, 0, 0, 0, 0, 0, 0, 0, 0, 0, 0, 0, 0, : 2, 10, 7, 4, 9, 2, 23, 1, 12, 3, 5, 1, 3, 3, 2, 1, 6, 8, 15, 1, 10, 3, 1, 
73: 12, 14, 1, 21, 1, 2, 4, 15, 2, 1, 2, 3, 2, 1, 3, 6, 0, 0, 0, 0, 0, 0, 0, 0, 0, 0, 0, 0, 0, 0, 0, 0, 0, 0, 0, 0, 0, 0, 0, 0, : 12, 14, 1, 21, 1, 2, 4, 15, 2, 1, 2, 3, 2, 1, 3, 6, 
74: 19, 2, 5, 1, 7, 29, 1, 4, 8, 5, 1, 1, 2, 12, 1, 7, 6, 0, 0, 0, 0, 0, 0, 0, 0, 0, 0, 0, 0, 0, 0, 0, 0, 0, 0, 0, 0, 0, 0, 0, : 19, 2, 5, 1, 7, 29, 1, 4, 8, 5, 1, 1, 2, 12, 1, 7, 6, 
75: 3, 1, 1, 6, 8, 3, 1, 5, 26, 8, 2, 7, 6, 5, 15, 3, 2, 3, 2, 0, 0, 0, 0, 0, 0, 0, 0, 0, 0, 0, 0, 0, 0, 0, 0, 0, 0, 0, 0, 0, : 3, 1, 1, 6, 8, 3, 1, 5, 26, 8, 2, 7, 6, 5, 15, 3, 2, 3, 2, 
76: 17, 12, 1, 1, 21, 9, 18, 8, 3, 15, 3, 28, 7, 21, 14, 5, 4, 2, 6, 0, 0, 0, 0, 0, 0, 0, 0, 0, 0, 0, 0, 0, 0, 0, 0, 0, 0, 0, 0, 0, : 17, 12, 1, 1, 21, 9, 18, 8, 3, 15, 3, 28, 7, 21, 14, 5, 4, 2, 6, 
77: 11, 6, 3, 8, 20, 1, 1, 20, 5, 1, 7, 20, 17, 1, 3, 8, 2, 4, 5, 1, 1, 13, 11, 2, 4, 1, 2, 29, 0, 0, 0, 0, 0, 0, 0, 0, 0, 0, 0, 0, : 11, 6, 3, 8, 20, 1, 1, 20, 5, 1, 7, 20, 17, 1, 3, 8, 2, 4, 5, 1, 1, 13, 11, 2, 4, 1, 2, 29, 
78: 1, 5, 5, 2, 1, 1, 1, 2, 3, 3, 7, 1, 1, 21, 25, 7, 1, 6, 19, 3, 0, 0, 0, 0, 0, 0, 0, 0, 0, 0, 0, 0, 0, 0, 0, 0, 0, 0, 0, 0, : 1, 5, 5, 2, 1, 1, 1, 2, 3, 3, 7, 1, 1, 21, 25, 7, 1, 6, 19, 3, 
79: 19, 24, 3, 23, 3, 12, 24, 4, 1, 2, 30, 1, 23, 27, 9, 2, 26, 1, 4, 8, 0, 0, 0, 0, 0, 0, 0, 0, 0, 0, 0, 0, 0, 0, 0, 0, 0, 0, 0, 0, : 19, 24, 3, 23, 3, 12, 24, 4, 1, 2, 30, 1, 23, 27, 9, 2, 26, 1, 4, 8, 
80: 10, 3, 4, 1, 2, 9, 9, 1, 1, 20, 26, 5, 1, 4, 12, 10, 5, 10, 2, 2, 1, 14, 2, 9, 14, 2, 15, 0, 0, 0, 0, 0, 0, 0, 0, 0, 0, 0, 0, 0, : 10, 3, 4, 1, 2, 9, 9, 1, 1, 20, 26, 5, 1, 4, 12, 10, 5, 10, 2, 2, 1, 14, 2, 9, 14, 2, 15, 
81: 10, 2, 1, 3, 21, 3, 5, 4, 8, 21, 6, 2, 3, 16, 1, 30, 4, 19, 9, 1, 0, 0, 0, 0, 0, 0, 0, 0, 0, 0, 0, 0, 0, 0, 0, 0, 0, 0, 0, 0, : 10, 2, 1, 3, 21, 3, 5, 4, 8, 21, 6, 2, 3, 16, 1, 30, 4, 19, 9, 1, 
82: 7, 12, 2, 2, 2, 15, 5, 1, 16, 4, 1, 1, 8, 13, 2, 5, 26, 3, 21, 0, 0, 0, 0, 0, 0, 0, 0, 0, 0, 0, 0, 0, 0, 0, 0, 0, 0, 0, 0, 0, : 7, 12, 2, 2, 2, 15, 5, 1, 16, 4, 1, 1, 8, 13, 2, 5, 26, 3, 21, 
83: 4, 2, 22, 15, 2, 2, 2, 9, 10, 4, 11, 6, 1, 4, 1, 3, 4, 2, 7, 11, 3, 23, 2, 0, 0, 0, 0, 0, 0, 0, 0, 0, 0, 0, 0, 0, 0, 0, 0, 0, : 4, 2, 22, 15, 2, 2, 2, 9, 10, 4, 11, 6, 1, 4, 1, 3, 4, 2, 7, 11, 3, 23, 2, 
84: 23, 16, 3, 33, 23, 18, 17, 14, 12, 5, 9, 17, 6, 1, 22, 5, 0, 0, 0, 0, 0, 0, 0, 0, 0, 0, 0, 0, 0, 0, 0, 0, 0, 0, 0, 0, 0, 0, 0, 0, : 23, 16, 3, 33, 23, 18, 17, 14, 12, 5, 9, 17, 6, 1, 22, 5, 
85: 6, 21, 10, 24, 3, 1, 4, 9, 16, 13, 4, 5, 5, 2, 31, 2, 20, 36, 1, 15, 8, 5, 12, 2, 0, 0, 0, 0, 0, 0, 0, 0, 0, 0, 0, 0, 0, 0, 0, 0, : 6, 21, 10, 24, 3, 1, 4, 9, 16, 13, 4, 5, 5, 2, 31, 2, 20, 36, 1, 15, 8, 5, 12, 2, 
86: 22, 1, 29, 3, 6, 21, 3, 3, 4, 2, 4, 5, 3, 2, 8, 2, 0, 0, 0, 0, 0, 0, 0, 0, 0, 0, 0, 0, 0, 0, 0, 0, 0, 0, 0, 0, 0, 0, 0, 0, : 22, 1, 29, 3, 6, 21, 3, 3, 4, 2, 4, 5, 3, 2, 8, 2, 
87: 14, 11, 2, 2, 1, 8, 1, 3, 7, 1, 9, 4, 10, 4, 7, 6, 10, 23, 0, 0, 0, 0, 0, 0, 0, 0, 0, 0, 0, 0, 0, 0, 0, 0, 0, 0, 0, 0, 0, 0, : 14, 11, 2, 2, 1, 8, 1, 3, 7, 1, 9, 4, 10, 4, 7, 6, 10, 23, 
88: 13, 4, 2, 13, 2, 5, 4, 1, 1, 2, 2, 18, 30, 3, 7, 25, 1, 12, 0, 0, 0, 0, 0, 0, 0, 0, 0, 0, 0, 0, 0, 0, 0, 0, 0, 0, 0, 0, 0, 0, : 13, 4, 2, 13, 2, 5, 4, 1, 1, 2, 2, 18, 30, 3, 7, 25, 1, 12, 
89: 5, 4, 21, 19, 2, 13, 15, 4, 29, 5, 1, 1, 7, 9, 33, 3, 1, 0, 0, 0, 0, 0, 0, 0, 0, 0, 0, 0, 0, 0, 0, 0, 0, 0, 0, 0, 0, 0, 0, 0, : 5, 4, 21, 19, 2, 13, 15, 4, 29, 5, 1, 1, 7, 9, 33, 3, 1, 
90: 22, 9, 6, 32, 1, 22, 20, 4, 3, 22, 5, 16, 2, 7, 11, 3, 5, 14, 7, 12, 17, 3, 10, 0, 0, 0, 0, 0, 0, 0, 0, 0, 0, 0, 0, 0, 0, 0, 0, 0, : 22, 9, 6, 32, 1, 22, 20, 4, 3, 22, 5, 16, 2, 7, 11, 3, 5, 14, 7, 12, 17, 3, 10, 
91: 12, 8, 12, 2, 2, 12, 11, 2, 10, 18, 17, 1, 3, 6, 24, 18, 10, 2, 6, 3, 1, 0, 0, 0, 0, 0, 0, 0, 0, 0, 0, 0, 0, 0, 0, 0, 0, 0, 0, 0, : 12, 8, 12, 2, 2, 12, 11, 2, 10, 18, 17, 1, 3, 6, 24, 18, 10, 2, 6, 3, 1, 
92: 4, 5, 5, 6, 13, 8, 22, 2, 16, 2, 1, 13, 17, 3, 1, 6, 5, 3, 28, 0, 0, 0, 0, 0, 0, 0, 0, 0, 0, 0, 0, 0, 0, 0, 0, 0, 0, 0, 0, 0, : 4, 5, 5, 6, 13, 8, 22, 2, 16, 2, 1, 13, 17, 3, 1, 6, 5, 3, 28, 
93: 30, 3, 2, 5, 8, 6, 12, 4, 14, 12, 13, 3, 5, 1, 1, 10, 25, 1, 1, 1, 21, 0, 0, 0, 0, 0, 0, 0, 0, 0, 0, 0, 0, 0, 0, 0, 0, 0, 0, 0, : 30, 3, 2, 5, 8, 6, 12, 4, 14, 12, 13, 3, 5, 1, 1, 10, 25, 1, 1, 1, 21, 
94: 3, 22, 14, 1, 1, 2, 30, 1, 5, 19, 19, 2, 1, 5, 2, 0, 0, 0, 0, 0, 0, 0, 0, 0, 0, 0, 0, 0, 0, 0, 0, 0, 0, 0, 0, 0, 0, 0, 0, 0, : 3, 22, 14, 1, 1, 2, 30, 1, 5, 19, 19, 2, 1, 5, 2, 
95: 32, 1, 1, 9, 8, 2, 8, 9, 1, 1, 1, 19, 2, 1, 2, 6, 10, 6, 0, 0, 0, 0, 0, 0, 0, 0, 0, 0, 0, 0, 0, 0, 0, 0, 0, 0, 0, 0, 0, 0, : 32, 1, 1, 9, 8, 2, 8, 9, 1, 1, 1, 19, 2, 1, 2, 6, 10, 6, 
96: 17, 7, 1, 23, 2, 1, 13, 5, 4, 19, 6, 1, 1, 10, 0, 0, 0, 0, 0, 0, 0, 0, 0, 0, 0, 0, 0, 0, 0, 0, 0, 0, 0, 0, 0, 0, 0, 0, 0, 0, : 17, 7, 1, 23, 2, 1, 13, 5, 4, 19, 6, 1, 1, 10, 
97: 5, 2, 19, 16, 1, 5, 2, 9, 4, 7, 1, 9, 20, 7, 7, 1, 15, 19, 23, 36, 0, 0, 0, 0, 0, 0, 0, 0, 0, 0, 0, 0, 0, 0, 0, 0, 0, 0, 0, 0, : 5, 2, 19, 16, 1, 5, 2, 9, 4, 7, 1, 9, 20, 7, 7, 1, 15, 19, 23, 36, 
98: 26, 4, 1, 6, 1, 1, 8, 21, 2, 35, 8, 6, 8, 9, 18, 13, 3, 3, 2, 3, 2, 0, 0, 0, 0, 0, 0, 0, 0, 0, 0, 0, 0, 0, 0, 0, 0, 0, 0, 0, : 26, 4, 1, 6, 1, 1, 8, 21, 2, 35, 8, 6, 8, 9, 18, 13, 3, 3, 2, 3, 2, 
99: 13, 5, 2, 5, 3, 4, 6, 6, 1, 1, 25, 26, 5, 4, 7, 1, 19, 6, 19, 2, 0, 0, 0, 0, 0, 0, 0, 0, 0, 0, 0, 0, 0, 0, 0, 0, 0, 0, 0, 0, : 13, 5, 2, 5, 3, 4, 6, 6, 1, 1, 25, 26, 5, 4, 7, 1, 19, 6, 19, 2, 
100: 1, 22, 6, 6, 6, 19, 2, 2, 3, 4, 1, 2, 28, 0, 0, 0, 0, 0, 0, 0, 0, 0, 0, 0, 0, 0, 0, 0, 0, 0, 0, 0, 0, 0, 0, 0, 0, 0, 0, 0, : 1, 22, 6, 6, 6, 19, 2, 2, 3, 4, 1, 2, 28, 
101: 5, 7, 32, 15, 7, 13, 4, 19, 3, 1, 9, 20, 1, 8, 1, 8, 5, 8, 1, 6, 4, 2, 14, 14, 3, 4, 24, 1, 0, 0, 0, 0, 0, 0, 0, 0, 0, 0, 0, 0, : 5, 7, 32, 15, 7, 13, 4, 19, 3, 1, 9, 20, 1, 8, 1, 8, 5, 8, 1, 6, 4, 2, 14, 14, 3, 4, 24, 1, 
102: 8, 9, 18, 24, 16, 4, 9, 16, 8, 24, 32, 5, 4, 1, 22, 6, 2, 0, 0, 0, 0, 0, 0, 0, 0, 0, 0, 0, 0, 0, 0, 0, 0, 0, 0, 0, 0, 0, 0, 0, : 8, 9, 18, 24, 16, 4, 9, 16, 8, 24, 32, 5, 4, 1, 22, 6, 2, 
103: 4, 2, 3, 15, 19, 6, 14, 6, 4, 10, 4, 2, 2, 1, 7, 6, 1, 2, 4, 7, 6, 9, 7, 0, 0, 0, 0, 0, 0, 0, 0, 0, 0, 0, 0, 0, 0, 0, 0, 0, : 4, 2, 3, 15, 19, 6, 14, 6, 4, 10, 4, 2, 2, 1, 7, 6, 1, 2, 4, 7, 6, 9, 7, 
104: 15, 2, 19, 4, 12, 12, 9, 12, 1, 21, 2, 13, 4, 2, 1, 11, 0, 0, 0, 0, 0, 0, 0, 0, 0, 0, 0, 0, 0, 0, 0, 0, 0, 0, 0, 0, 0, 0, 0, 0, : 15, 2, 19, 4, 12, 12, 9, 12, 1, 21, 2, 13, 4, 2, 1, 11, 
105: 23, 3, 6, 3, 13, 2, 12, 8, 10, 1, 3, 16, 14, 6, 2, 18, 8, 12, 2, 4, 2, 3, 2, 0, 0, 0, 0, 0, 0, 0, 0, 0, 0, 0, 0, 0, 0, 0, 0, 0, : 23, 3, 6, 3, 13, 2, 12, 8, 10, 1, 3, 16, 14, 6, 2, 18, 8, 12, 2, 4, 2, 3, 2, 
106: 1, 15, 3, 6, 1, 17, 5, 1, 1, 4, 3, 2, 2, 5, 2, 3, 1, 0, 0, 0, 0, 0, 0, 0, 0, 0, 0, 0, 0, 0, 0, 0, 0, 0, 0, 0, 0, 0, 0, 0, : 1, 15, 3, 6, 1, 17, 5, 1, 1, 4, 3, 2, 2, 5, 2, 3, 1, 
107: 2, 13, 9, 2, 8, 7, 2, 14, 20, 5, 13, 2, 9, 10, 3, 7, 11, 10, 3, 12, 9, 17, 3, 1, 1, 0, 0, 0, 0, 0, 0, 0, 0, 0, 0, 0, 0, 0, 0, 0, : 2, 13, 9, 2, 8, 7, 2, 14, 20, 5, 13, 2, 9, 10, 3, 7, 11, 10, 3, 12, 9, 17, 3, 1, 1, 
108: 12, 6, 3, 9, 4, 2, 12, 4, 3, 1, 9, 1, 28, 8, 13, 4, 5, 9, 6, 0, 0, 0, 0, 0, 0, 0, 0, 0, 0, 0, 0, 0, 0, 0, 0, 0, 0, 0, 0, 0, : 12, 6, 3, 9, 4, 2, 12, 4, 3, 1, 9, 1, 28, 8, 13, 4, 5, 9, 6, 
109: 22, 17, 5, 21, 13, 3, 1, 2, 8, 5, 11, 12, 4, 14, 6, 8, 5, 10, 20, 13, 7, 13, 1, 2, 16, 6, 2, 4, 6, 30, 0, 0, 0, 0, 0, 0, 0, 0, 0, 0, : 22, 17, 5, 21, 13, 3, 1, 2, 8, 5, 11, 12, 4, 14, 6, 8, 5, 10, 20, 13, 7, 13, 1, 2, 16, 6, 2, 4, 6, 30, 
110: 5, 11, 14, 15, 1, 2, 1, 1, 11, 1, 9, 17, 30, 2, 4, 9, 11, 3, 6, 2, 5, 17, 6, 3, 3, 2, 0, 0, 0, 0, 0, 0, 0, 0, 0, 0, 0, 0, 0, 0, : 5, 11, 14, 15, 1, 2, 1, 1, 11, 1, 9, 17, 30, 2, 4, 9, 11, 3, 6, 2, 5, 17, 6, 3, 3, 2, 
111: 5, 1, 2, 18, 5, 11, 4, 2, 6, 14, 2, 7, 27, 3, 7, 17, 6, 0, 0, 0, 0, 0, 0, 0, 0, 0, 0, 0, 0, 0, 0, 0, 0, 0, 0, 0, 0, 0, 0, 0, : 5, 1, 2, 18, 5, 11, 4, 2, 6, 14, 2, 7, 27, 3, 7, 17, 6, 
112: 1, 4, 1, 6, 7, 1, 11, 4, 1, 2, 11, 19, 15, 5, 5, 1, 13, 1, 27, 29, 11, 27, 0, 0, 0, 0, 0, 0, 0, 0, 0, 0, 0, 0, 0, 0, 0, 0, 0, 0, : 1, 4, 1, 6, 7, 1, 11, 4, 1, 2, 11, 19, 15, 5, 5, 1, 13, 1, 27, 29, 11, 27, 
113: 2, 5, 22, 20, 21, 11, 12, 6, 7, 2, 4, 2, 4, 24, 6, 4, 1, 5, 2, 3, 34, 3, 1, 26, 25, 0, 0, 0, 0, 0, 0, 0, 0, 0, 0, 0, 0, 0, 0, 0, : 2, 5, 22, 20, 21, 11, 12, 6, 7, 2, 4, 2, 4, 24, 6, 4, 1, 5, 2, 3, 34, 3, 1, 26, 25, 
114: 5, 3, 11, 13, 8, 13, 4, 4, 2, 3, 4, 9, 1, 1, 1, 5, 12, 14, 10, 0, 0, 0, 0, 0, 0, 0, 0, 0, 0, 0, 0, 0, 0, 0, 0, 0, 0, 0, 0, 0, : 5, 3, 11, 13, 8, 13, 4, 4, 2, 3, 4, 9, 1, 1, 1, 5, 12, 14, 10, 
115: 4, 17, 5, 9, 2, 10, 1, 1, 15, 8, 2, 26, 1, 1, 3, 29, 2, 16, 2, 1, 3, 2, 3, 8, 0, 0, 0, 0, 0, 0, 0, 0, 0, 0, 0, 0, 0, 0, 0, 0, : 4, 17, 5, 9, 2, 10, 1, 1, 15, 8, 2, 26, 1, 1, 3, 29, 2, 16, 2, 1, 3, 2, 3, 8, 
116: 2, 2, 2, 21, 2, 11, 5, 17, 7, 23, 4, 2, 6, 11, 3, 5, 9, 18, 3, 9, 4, 0, 0, 0, 0, 0, 0, 0, 0, 0, 0, 0, 0, 0, 0, 0, 0, 0, 0, 0, : 2, 2, 2, 21, 2, 11, 5, 17, 7, 23, 4, 2, 6, 11, 3, 5, 9, 18, 3, 9, 4, 
117: 2, 4, 9, 5, 6, 3, 13, 4, 12, 2, 2, 3, 2, 12, 11, 3, 7, 1, 23, 3, 0, 0, 0, 0, 0, 0, 0, 0, 0, 0, 0, 0, 0, 0, 0, 0, 0, 0, 0, 0, : 2, 4, 9, 5, 6, 3, 13, 4, 12, 2, 2, 3, 2, 12, 11, 3, 7, 1, 23, 3, 
118: 6, 7, 1, 8, 1, 4, 6, 4, 1, 2, 1, 1, 1, 23, 0, 0, 0, 0, 0, 0, 0, 0, 0, 0, 0, 0, 0, 0, 0, 0, 0, 0, 0, 0, 0, 0, 0, 0, 0, 0, : 6, 7, 1, 8, 1, 4, 6, 4, 1, 2, 1, 1, 1, 23, 
119: 32, 26, 2, 16, 2, 1, 4, 5, 6, 1, 3, 11, 11, 14, 2, 2, 27, 9, 14, 0, 0, 0, 0, 0, 0, 0, 0, 0, 0, 0, 0, 0, 0, 0, 0, 0, 0, 0, 0, 0, : 32, 26, 2, 16, 2, 1, 4, 5, 6, 1, 3, 11, 11, 14, 2, 2, 27, 9, 14, 
120: 14, 17, 1, 13, 4, 6, 1, 8, 29, 12, 5, 1, 4, 3, 8, 5, 8, 0, 0, 0, 0, 0, 0, 0, 0, 0, 0, 0, 0, 0, 0, 0, 0, 0, 0, 0, 0, 0, 0, 0, : 14, 17, 1, 13, 4, 6, 1, 8, 29, 12, 5, 1, 4, 3, 8, 5, 8, 
121: 1, 3, 3, 12, 9, 14, 4, 19, 24, 30, 4, 6, 6, 1, 1, 2, 6, 21, 1, 1, 8, 0, 0, 0, 0, 0, 0, 0, 0, 0, 0, 0, 0, 0, 0, 0, 0, 0, 0, 0, : 1, 3, 3, 12, 9, 14, 4, 19, 24, 30, 4, 6, 6, 1, 1, 2, 6, 21, 1, 1, 8, 
122: 22, 8, 4, 14, 2, 27, 1, 8, 6, 1, 3, 1, 2, 1, 18, 6, 2, 6, 11, 2, 10, 0, 0, 0, 0, 0, 0, 0, 0, 0, 0, 0, 0, 0, 0, 0, 0, 0, 0, 0, : 22, 8, 4, 14, 2, 27, 1, 8, 6, 1, 3, 1, 2, 1, 18, 6, 2, 6, 11, 2, 10, 
123: 7, 9, 23, 11, 7, 2, 1, 24, 28, 1, 8, 1, 8, 8, 23, 5, 17, 5, 20, 5, 9, 0, 0, 0, 0, 0, 0, 0, 0, 0, 0, 0, 0, 0, 0, 0, 0, 0, 0, 0, : 7, 9, 23, 11, 7, 2, 1, 24, 28, 1, 8, 1, 8, 8, 23, 5, 17, 5, 20, 5, 9, 
124: 20, 12, 4, 5, 3, 3, 11, 2, 3, 14, 12, 1, 15, 1, 1, 8, 6, 6, 17, 16, 2, 0, 0, 0, 0, 0, 0, 0, 0, 0, 0, 0, 0, 0, 0, 0, 0, 0, 0, 0, : 20, 12, 4, 5, 3, 3, 11, 2, 3, 14, 12, 1, 15, 1, 1, 8, 6, 6, 17, 16, 2, 
125: 2, 2, 10, 2, 4, 5, 4, 3, 6, 20, 9, 24, 0, 0, 0, 0, 0, 0, 0, 0, 0, 0, 0, 0, 0, 0, 0, 0, 0, 0, 0, 0, 0, 0, 0, 0, 0, 0, 0, 0, : 2, 2, 10, 2, 4, 5, 4, 3, 6, 20, 9, 24, 
126: 4, 7, 2, 1, 1, 4, 33, 6, 16, 2, 12, 7, 2, 0, 0, 0, 0, 0, 0, 0, 0, 0, 0, 0, 0, 0, 0, 0, 0, 0, 0, 0, 0, 0, 0, 0, 0, 0, 0, 0, : 4, 7, 2, 1, 1, 4, 33, 6, 16, 2, 12, 7, 2, 
127: 6, 7, 5, 18, 1, 3, 4, 12, 19, 13, 15, 3, 29, 28, 19, 1, 2, 28, 1, 0, 0, 0, 0, 0, 0, 0, 0, 0, 0, 0, 0, 0, 0, 0, 0, 0, 0, 0, 0, 0, : 6, 7, 5, 18, 1, 3, 4, 12, 19, 13, 15, 3, 29, 28, 19, 1, 2, 28, 1, 
128: 4, 1, 1, 23, 1, 1, 7, 10, 1, 1, 1, 6, 7, 2, 1, 26, 4, 11, 5, 2, 0, 0, 0, 0, 0, 0, 0, 0, 0, 0, 0, 0, 0, 0, 0, 0, 0, 0, 0, 0, : 4, 1, 1, 23, 1, 1, 7, 10, 1, 1, 1, 6, 7, 2, 1, 26, 4, 11, 5, 2, 
129: 22, 1, 10, 8, 15, 1, 19, 5, 16, 2, 4, 2, 2, 22, 7, 5, 11, 9, 6, 5, 26, 5, 3, 1, 1, 0, 0, 0, 0, 0, 0, 0, 0, 0, 0, 0, 0, 0, 0, 0, : 22, 1, 10, 8, 15, 1, 19, 5, 16, 2, 4, 2, 2, 22, 7, 5, 11, 9, 6, 5, 26, 5, 3, 1, 1, 
130: 16, 3, 17, 1, 8, 7, 14, 4, 14, 6, 1, 6, 30, 2, 30, 7, 3, 6, 14, 1, 20, 1, 6, 1, 0, 0, 0, 0, 0, 0, 0, 0, 0, 0, 0, 0, 0, 0, 0, 0, : 16, 3, 17, 1, 8, 7, 14, 4, 14, 6, 1, 6, 30, 2, 30, 7, 3, 6, 14, 1, 20, 1, 6, 1, 
131: 1, 1, 8, 7, 11, 25, 28, 3, 1, 8, 2, 22, 17, 10, 1, 6, 33, 17, 7, 8, 0, 0, 0, 0, 0, 0, 0, 0, 0, 0, 0, 0, 0, 0, 0, 0, 0, 0, 0, 0, : 1, 1, 8, 7, 11, 25, 28, 3, 1, 8, 2, 22, 17, 10, 1, 6, 33, 17, 7, 8, 
132: 4, 4, 1, 5, 11, 1, 1, 1, 3, 17, 31, 2, 2, 5, 2, 4, 18, 1, 4, 6, 1, 20, 2, 31, 12, 21, 1, 18, 0, 0, 0, 0, 0, 0, 0, 0, 0, 0, 0, 0, : 4, 4, 1, 5, 11, 1, 1, 1, 3, 17, 31, 2, 2, 5, 2, 4, 18, 1, 4, 6, 1, 20, 2, 31, 12, 21, 1, 18, 
133: 1, 1, 3, 14, 8, 1, 12, 1, 1, 5, 4, 3, 15, 2, 20, 3, 2, 12, 0, 0, 0, 0, 0, 0, 0, 0, 0, 0, 0, 0, 0, 0, 0, 0, 0, 0, 0, 0, 0, 0, : 1, 1, 3, 14, 8, 1, 12, 1, 1, 5, 4, 3, 15, 2, 20, 3, 2, 12, 
134: 14, 20, 2, 1, 3, 1, 1, 10, 1, 3, 31, 13, 2, 11, 1, 2, 1, 11, 10, 1, 0, 0, 0, 0, 0, 0, 0, 0, 0, 0, 0, 0, 0, 0, 0, 0, 0, 0, 0, 0, : 14, 20, 2, 1, 3, 1, 1, 10, 1, 3, 31, 13, 2, 11, 1, 2, 1, 11, 10, 1, 
135: 23, 6, 8, 2, 31, 6, 6, 3, 1, 2, 3, 12, 6, 8, 8, 16, 1, 9, 16, 13, 5, 9, 13, 9, 0, 0, 0, 0, 0, 0, 0, 0, 0, 0, 0, 0, 0, 0, 0, 0, : 23, 6, 8, 2, 31, 6, 6, 3, 1, 2, 3, 12, 6, 8, 8, 16, 1, 9, 16, 13, 5, 9, 13, 9, 
136: 14, 6, 27, 3, 19, 4, 36, 14, 1, 2, 26, 5, 1, 10, 12, 4, 4, 18, 15, 3, 27, 4, 13, 5, 9, 2, 4, 6, 0, 0, 0, 0, 0, 0, 0, 0, 0, 0, 0, 0, : 14, 6, 27, 3, 19, 4, 36, 14, 1, 2, 26, 5, 1, 10, 12, 4, 4, 18, 15, 3, 27, 4, 13, 5, 9, 2, 4, 6, 
137: 4, 1, 4, 1, 6, 15, 4, 6, 15, 14, 3, 21, 9, 1, 7, 0, 0, 0, 0, 0, 0, 0, 0, 0, 0, 0, 0, 0, 0, 0, 0, 0, 0, 0, 0, 0, 0, 0, 0, 0, : 4, 1, 4, 1, 6, 15, 4, 6, 15, 14, 3, 21, 9, 1, 7, 
138: 6, 26, 36, 8, 9, 2, 2, 31, 5, 11, 5, 2, 2, 5, 11, 4, 2, 6, 2, 1, 19, 7, 9, 0, 0, 0, 0, 0, 0, 0, 0, 0, 0, 0, 0, 0, 0, 0, 0, 0, : 6, 26, 36, 8, 9, 2, 2, 31, 5, 11, 5, 2, 2, 5, 11, 4, 2, 6, 2, 1, 19, 7, 9, 
139: 11, 7, 2, 9, 5, 2, 2, 2, 2, 2, 12, 4, 1, 1, 1, 16, 5, 2, 24, 3, 2, 0, 0, 0, 0, 0, 0, 0, 0, 0, 0, 0, 0, 0, 0, 0, 0, 0, 0, 0, : 11, 7, 2, 9, 5, 2, 2, 2, 2, 2, 12, 4, 1, 1, 1, 16, 5, 2, 24, 3, 2, 
140: 4, 11, 4, 6, 11, 21, 1, 9, 20, 22, 20, 5, 14, 3, 18, 3, 14, 6, 6, 1, 8, 0, 0, 0, 0, 0, 0, 0, 0, 0, 0, 0, 0, 0, 0, 0, 0, 0, 0, 0, : 4, 11, 4, 6, 11, 21, 1, 9, 20, 22, 20, 5, 14, 3, 18, 3, 14, 6, 6, 1, 8, 
141: 5, 1, 2, 9, 1, 11, 2, 4, 15, 6, 18, 19, 2, 26, 1, 1, 8, 4, 2, 19, 1, 0, 0, 0, 0, 0, 0, 0, 0, 0, 0, 0, 0, 0, 0, 0, 0, 0, 0, 0, : 5, 1, 2, 9, 1, 11, 2, 4, 15, 6, 18, 19, 2, 26, 1, 1, 8, 4, 2, 19, 1, 
142: 3, 2, 8, 2, 7, 2, 8, 1, 19, 5, 5, 1, 10, 18, 20, 23, 34, 2, 6, 3, 28, 8, 12, 22, 20, 19, 19, 0, 0, 0, 0, 0, 0, 0, 0, 0, 0, 0, 0, 0, : 3, 2, 8, 2, 7, 2, 8, 1, 19, 5, 5, 1, 10, 18, 20, 23, 34, 2, 6, 3, 28, 8, 12, 22, 20, 19, 19, 
143: 1, 17, 11, 1, 14, 4, 4, 3, 4, 13, 1, 13, 31, 5, 2, 1, 5, 1, 1, 6, 5, 9, 14, 0, 0, 0, 0, 0, 0, 0, 0, 0, 0, 0, 0, 0, 0, 0, 0, 0, : 1, 17, 11, 1, 14, 4, 4, 3, 4, 13, 1, 13, 31, 5, 2, 1, 5, 1, 1, 6, 5, 9, 14, 
144: 10, 4, 19, 6, 1, 13, 2, 34, 14, 3, 3, 5, 14, 18, 30, 6, 16, 2, 2, 7, 1, 0, 0, 0, 0, 0, 0, 0, 0, 0, 0, 0, 0, 0, 0, 0, 0, 0, 0, 0, : 10, 4, 19, 6, 1, 13, 2, 34, 14, 3, 3, 5, 14, 18, 30, 6, 16, 2, 2, 7, 1, 
145: 18, 6, 1, 5, 3, 24, 26, 18, 5, 1, 7, 3, 15, 17, 2, 4, 15, 7, 9, 5, 18, 1, 8, 6, 0, 0, 0, 0, 0, 0, 0, 0, 0, 0, 0, 0, 0, 0, 0, 0, : 18, 6, 1, 5, 3, 24, 26, 18, 5, 1, 7, 3, 15, 17, 2, 4, 15, 7, 9, 5, 18, 1, 8, 6, 
146: 1, 1, 21, 1, 11, 13, 16, 22, 29, 6, 3, 27, 5, 2, 3, 6, 1, 17, 12, 6, 9, 7, 1, 24, 2, 11, 3, 3, 32, 3, 0, 0, 0, 0, 0, 0, 0, 0, 0, 0, : 1, 1, 21, 1, 11, 13, 16, 22, 29, 6, 3, 27, 5, 2, 3, 6, 1, 17, 12, 6, 9, 7, 1, 24, 2, 11, 3, 3, 32, 3, 
147: 4, 14, 2, 13, 2, 7, 4, 24, 14, 2, 13, 6, 10, 4, 15, 3, 10, 9, 7, 3, 3, 2, 9, 22, 9, 2, 2, 0, 0, 0, 0, 0, 0, 0, 0, 0, 0, 0, 0, 0, : 4, 14, 2, 13, 2, 7, 4, 24, 14, 2, 13, 6, 10, 4, 15, 3, 10, 9, 7, 3, 3, 2, 9, 22, 9, 2, 2, 
148: 14, 8, 17, 7, 3, 14, 1, 5, 11, 2, 7, 1, 8, 8, 0, 0, 0, 0, 0, 0, 0, 0, 0, 0, 0, 0, 0, 0, 0, 0, 0, 0, 0, 0, 0, 0, 0, 0, 0, 0, : 14, 8, 17, 7, 3, 14, 1, 5, 11, 2, 7, 1, 8, 8, 
149: 1, 13, 8, 12, 13, 1, 3, 17, 18, 4, 9, 14, 28, 20, 15, 0, 0, 0, 0, 0, 0, 0, 0, 0, 0, 0, 0, 0, 0, 0, 0, 0, 0, 0, 0, 0, 0, 0, 0, 0, : 1, 13, 8, 12, 13, 1, 3, 17, 18, 4, 9, 14, 28, 20, 15, 
150: 5, 16, 3, 1, 17, 11, 3, 21, 23, 1, 6, 5, 24, 3, 30, 0, 0, 0, 0, 0, 0, 0, 0, 0, 0, 0, 0, 0, 0, 0, 0, 0, 0, 0, 0, 0, 0, 0, 0, 0, : 5, 16, 3, 1, 17, 11, 3, 21, 23, 1, 6, 5, 24, 3, 30, 
151: 5, 2, 3, 2, 4, 1, 15, 3, 33, 1, 30, 38, 30, 9, 22, 5, 6, 9, 0, 0, 0, 0, 0, 0, 0, 0, 0, 0, 0, 0, 0, 0, 0, 0, 0, 0, 0, 0, 0, 0, : 5, 2, 3, 2, 4, 1, 15, 3, 33, 1, 30, 38, 30, 9, 22, 5, 6, 9, 
152: 3, 3, 7, 22, 7, 9, 1, 16, 18, 1, 11, 3, 4, 6, 19, 6, 2, 10, 26, 0, 0, 0, 0, 0, 0, 0, 0, 0, 0, 0, 0, 0, 0, 0, 0, 0, 0, 0, 0, 0, : 3, 3, 7, 22, 7, 9, 1, 16, 18, 1, 11, 3, 4, 6, 19, 6, 2, 10, 26, 
153: 24, 8, 10, 1, 7, 8, 3, 11, 5, 4, 0, 0, 0, 0, 0, 0, 0, 0, 0, 0, 0, 0, 0, 0, 0, 0, 0, 0, 0, 0, 0, 0, 0, 0, 0, 0, 0, 0, 0, 0, : 24, 8, 10, 1, 7, 8, 3, 11, 5, 4, 
154: 5, 7, 7, 3, 1, 10, 2, 4, 1, 1, 5, 4, 3, 22, 7, 2, 8, 3, 1, 7, 1, 9, 4, 1, 1, 2, 1, 5, 22, 0, 0, 0, 0, 0, 0, 0, 0, 0, 0, 0, : 5, 7, 7, 3, 1, 10, 2, 4, 1, 1, 5, 4, 3, 22, 7, 2, 8, 3, 1, 7, 1, 9, 4, 1, 1, 2, 1, 5, 22, 
155: 15, 3, 5, 3, 12, 26, 1, 10, 7, 12, 8, 24, 22, 1, 12, 1, 7, 1, 8, 1, 10, 0, 0, 0, 0, 0, 0, 0, 0, 0, 0, 0, 0, 0, 0, 0, 0, 0, 0, 0, : 15, 3, 5, 3, 12, 26, 1, 10, 7, 12, 8, 24, 22, 1, 12, 1, 7, 1, 8, 1, 10, 
156: 15, 1, 6, 5, 4, 3, 2, 3, 4, 4, 17, 25, 5, 1, 10, 2, 3, 11, 5, 1, 8, 6, 5, 0, 0, 0, 0, 0, 0, 0, 0, 0, 0, 0, 0, 0, 0, 0, 0, 0, : 15, 1, 6, 5, 4, 3, 2, 3, 4, 4, 17, 25, 5, 1, 10, 2, 3, 11, 5, 1, 8, 6, 5, 
157: 35, 1, 7, 26, 2, 4, 14, 7, 3, 8, 8, 1, 15, 16, 3, 5, 13, 10, 6, 1, 8, 1, 8, 2, 0, 0, 0, 0, 0, 0, 0, 0, 0, 0, 0, 0, 0, 0, 0, 0, : 35, 1, 7, 26, 2, 4, 14, 7, 3, 8, 8, 1, 15, 16, 3, 5, 13, 10, 6, 1, 8, 1, 8, 2, 
158: 2, 21, 32, 10, 10, 5, 5, 14, 1, 5, 3, 11, 9, 12, 1, 2, 1, 0, 0, 0, 0, 0, 0, 0, 0, 0, 0, 0, 0, 0, 0, 0, 0, 0, 0, 0, 0, 0, 0, 0, : 2, 21, 32, 10, 10, 5, 5, 14, 1, 5, 3, 11, 9, 12, 1, 2, 1, 
159: 6, 29, 1, 1, 1, 4, 11, 1, 1, 18, 16, 2, 15, 4, 11, 7, 17, 27, 1, 30, 3, 0, 0, 0, 0, 0, 0, 0, 0, 0, 0, 0, 0, 0, 0, 0, 0, 0, 0, 0, : 6, 29, 1, 1, 1, 4, 11, 1, 1, 18, 16, 2, 15, 4, 11, 7, 17, 27, 1, 30, 3, 
160: 32, 1, 2, 8, 13, 7, 32, 31, 3, 3, 31, 1, 10, 8, 2, 5, 20, 2, 4, 19, 4, 1, 9, 0, 0, 0, 0, 0, 0, 0, 0, 0, 0, 0, 0, 0, 0, 0, 0, 0, : 32, 1, 2, 8, 13, 7, 32, 31, 3, 3, 31, 1, 10, 8, 2, 5, 20, 2, 4, 19, 4, 1, 9, 
161: 1, 5, 6, 1, 2, 2, 3, 1, 35, 7, 1, 2, 5, 38, 10, 2, 10, 3, 3, 31, 13, 0, 0, 0, 0, 0, 0, 0, 0, 0, 0, 0, 0, 0, 0, 0, 0, 0, 0, 0, : 1, 5, 6, 1, 2, 2, 3, 1, 35, 7, 1, 2, 5, 38, 10, 2, 10, 3, 3, 31, 13, 
162: 3, 11, 7, 1, 2, 6, 6, 2, 3, 12, 19, 3, 3, 2, 29, 9, 0, 0, 0, 0, 0, 0, 0, 0, 0, 0, 0, 0, 0, 0, 0, 0, 0, 0, 0, 0, 0, 0, 0, 0, : 3, 11, 7, 1, 2, 6, 6, 2, 3, 12, 19, 3, 3, 2, 29, 9, 
163: 4, 21, 15, 16, 19, 15, 8, 4, 1, 4, 25, 13, 18, 13, 3, 26, 10, 32, 6, 1, 19, 1, 7, 30, 7, 1, 15, 0, 0, 0, 0, 0, 0, 0, 0, 0, 0, 0, 0, 0, : 4, 21, 15, 16, 19, 15, 8, 4, 1, 4, 25, 13, 18, 13, 3, 26, 10, 32, 6, 1, 19, 1, 7, 30, 7, 1, 15, 
164: 15, 19, 19, 1, 27, 1, 6, 8, 15, 8, 7, 2, 9, 10, 4, 17, 14, 0, 0, 0, 0, 0, 0, 0, 0, 0, 0, 0, 0, 0, 0, 0, 0, 0, 0, 0, 0, 0, 0, 0, : 15, 19, 19, 1, 27, 1, 6, 8, 15, 8, 7, 2, 9, 10, 4, 17, 14, 
165: 1, 4, 1, 1, 2, 4, 12, 1, 2, 31, 13, 10, 13, 8, 5, 18, 0, 0, 0, 0, 0, 0, 0, 0, 0, 0, 0, 0, 0, 0, 0, 0, 0, 0, 0, 0, 0, 0, 0, 0, : 1, 4, 1, 1, 2, 4, 12, 1, 2, 31, 13, 10, 13, 8, 5, 18, 
166: 38, 1, 1, 9, 19, 4, 1, 14, 2, 1, 7, 8, 1, 7, 1, 6, 11, 1, 0, 0, 0, 0, 0, 0, 0, 0, 0, 0, 0, 0, 0, 0, 0, 0, 0, 0, 0, 0, 0, 0, : 38, 1, 1, 9, 19, 4, 1, 14, 2, 1, 7, 8, 1, 7, 1, 6, 11, 1, 
167: 5, 4, 2, 24, 6, 12, 14, 10, 4, 1, 22, 19, 7, 4, 21, 2, 0, 0, 0, 0, 0, 0, 0, 0, 0, 0, 0, 0, 0, 0, 0, 0, 0, 0, 0, 0, 0, 0, 0, 0, : 5, 4, 2, 24, 6, 12, 14, 10, 4, 1, 22, 19, 7, 4, 21, 2, 
168: 12, 4, 8, 3, 1, 3, 31, 11, 1, 1, 1, 10, 1, 2, 13, 4, 7, 1, 18, 13, 12, 5, 5, 32, 18, 0, 0, 0, 0, 0, 0, 0, 0, 0, 0, 0, 0, 0, 0, 0, : 12, 4, 8, 3, 1, 3, 31, 11, 1, 1, 1, 10, 1, 2, 13, 4, 7, 1, 18, 13, 12, 5, 5, 32, 18, 
169: 1, 38, 8, 11, 28, 10, 14, 30, 7, 8, 17, 5, 15, 7, 7, 1, 2, 13, 5, 9, 7, 8, 12, 1, 1, 11, 0, 0, 0, 0, 0, 0, 0, 0, 0, 0, 0, 0, 0, 0, : 1, 38, 8, 11, 28, 10, 14, 30, 7, 8, 17, 5, 15, 7, 7, 1, 2, 13, 5, 9, 7, 8, 12, 1, 1, 11, 
170: 6, 7, 1, 10, 8, 16, 5, 1, 6, 4, 4, 2, 7, 4, 1, 0, 0, 0, 0, 0, 0, 0, 0, 0, 0, 0, 0, 0, 0, 0, 0, 0, 0, 0, 0, 0, 0, 0, 0, 0, : 6, 7, 1, 10, 8, 16, 5, 1, 6, 4, 4, 2, 7, 4, 1, 
171: 16, 2, 5, 10, 26, 21, 5, 2, 2, 2, 2, 6, 3, 9, 2, 23, 10, 18, 16, 2, 12, 1, 0, 0, 0, 0, 0, 0, 0, 0, 0, 0, 0, 0, 0, 0, 0, 0, 0, 0, : 16, 2, 5, 10, 26, 21, 5, 2, 2, 2, 2, 6, 3, 9, 2, 23, 10, 18, 16, 2, 12, 1, 
172: 1, 3, 5, 7, 20, 4, 15, 8, 17, 19, 2, 13, 10, 7, 17, 19, 5, 0, 0, 0, 0, 0, 0, 0, 0, 0, 0, 0, 0, 0, 0, 0, 0, 0, 0, 0, 0, 0, 0, 0, : 1, 3, 5, 7, 20, 4, 15, 8, 17, 19, 2, 13, 10, 7, 17, 19, 5, 
173: 29, 1, 1, 16, 13, 12, 12, 1, 1, 1, 1, 2, 10, 8, 7, 0, 0, 0, 0, 0, 0, 0, 0, 0, 0, 0, 0, 0, 0, 0, 0, 0, 0, 0, 0, 0, 0, 0, 0, 0, : 29, 1, 1, 16, 13, 12, 12, 1, 1, 1, 1, 2, 10, 8, 7, 
174: 2, 3, 26, 12, 1, 4, 6, 9, 5, 15, 12, 7, 1, 7, 5, 13, 0, 0, 0, 0, 0, 0, 0, 0, 0, 0, 0, 0, 0, 0, 0, 0, 0, 0, 0, 0, 0, 0, 0, 0, : 2, 3, 26, 12, 1, 4, 6, 9, 5, 15, 12, 7, 1, 7, 5, 13, 
175: 3, 25, 3, 3, 29, 10, 3, 1, 15, 21, 4, 4, 2, 9, 2, 8, 4, 11, 24, 0, 0, 0, 0, 0, 0, 0, 0, 0, 0, 0, 0, 0, 0, 0, 0, 0, 0, 0, 0, 0, : 3, 25, 3, 3, 29, 10, 3, 1, 15, 21, 4, 4, 2, 9, 2, 8, 4, 11, 24, 
176: 26, 8, 5, 6, 1, 6, 2, 1, 18, 5, 5, 4, 1, 2, 14, 2, 3, 4, 5, 5, 1, 0, 0, 0, 0, 0, 0, 0, 0, 0, 0, 0, 0, 0, 0, 0, 0, 0, 0, 0, : 26, 8, 5, 6, 1, 6, 2, 1, 18, 5, 5, 4, 1, 2, 14, 2, 3, 4, 5, 5, 1, 
177: 26, 2, 25, 18, 20, 32, 10, 4, 30, 4, 10, 1, 12, 11, 6, 1, 10, 2, 6, 8, 4, 4, 8, 3, 3, 0, 0, 0, 0, 0, 0, 0, 0, 0, 0, 0, 0, 0, 0, 0, : 26, 2, 25, 18, 20, 32, 10, 4, 30, 4, 10, 1, 12, 11, 6, 1, 10, 2, 6, 8, 4, 4, 8, 3, 3, 
178: 8, 3, 2, 4, 9, 7, 5, 2, 10, 1, 10, 4, 7, 2, 4, 25, 3, 1, 0, 0, 0, 0, 0, 0, 0, 0, 0, 0, 0, 0, 0, 0, 0, 0, 0, 0, 0, 0, 0, 0, : 8, 3, 2, 4, 9, 7, 5, 2, 10, 1, 10, 4, 7, 2, 4, 25, 3, 1, 
179: 12, 2, 3, 2, 12, 16, 32, 1, 7, 5, 1, 1, 2, 5, 1, 3, 1, 6, 3, 10, 8, 3, 9, 33, 5, 0, 0, 0, 0, 0, 0, 0, 0, 0, 0, 0, 0, 0, 0, 0, : 12, 2, 3, 2, 12, 16, 32, 1, 7, 5, 1, 1, 2, 5, 1, 3, 1, 6, 3, 10, 8, 3, 9, 33, 5, 
180: 1, 31, 7, 14, 1, 4, 1, 4, 1, 1, 13, 1, 3, 6, 15, 15, 9, 4, 5, 4, 0, 0, 0, 0, 0, 0, 0, 0, 0, 0, 0, 0, 0, 0, 0, 0, 0, 0, 0, 0, : 1, 31, 7, 14, 1, 4, 1, 4, 1, 1, 13, 1, 3, 6, 15, 15, 9, 4, 5, 4, 
181: 17, 19, 4, 16, 3, 2, 16, 12, 2, 17, 1, 6, 6, 4, 18, 1, 5, 3, 23, 15, 9, 4, 27, 2, 16, 0, 0, 0, 0, 0, 0, 0, 0, 0, 0, 0, 0, 0, 0, 0, : 17, 19, 4, 16, 3, 2, 16, 12, 2, 17, 1, 6, 6, 4, 18, 1, 5, 3, 23, 15, 9, 4, 27, 2, 16, 
182: 13, 6, 1, 15, 20, 6, 1, 9, 5, 4, 8, 4, 9, 20, 7, 3, 19, 8, 9, 13, 1, 2, 10, 3, 0, 0, 0, 0, 0, 0, 0, 0, 0, 0, 0, 0, 0, 0, 0, 0, : 13, 6, 1, 15, 20, 6, 1, 9, 5, 4, 8, 4, 9, 20, 7, 3, 19, 8, 9, 13, 1, 2, 10, 3, 
183: 25, 1, 12, 1, 8, 6, 9, 19, 4, 7, 2, 1, 4, 12, 4, 1, 31, 1, 7, 1, 1, 5, 4, 0, 0, 0, 0, 0, 0, 0, 0, 0, 0, 0, 0, 0, 0, 0, 0, 0, : 25, 1, 12, 1, 8, 6, 9, 19, 4, 7, 2, 1, 4, 12, 4, 1, 31, 1, 7, 1, 1, 5, 4, 
184: 1, 6, 2, 2, 20, 27, 6, 8, 3, 13, 21, 6, 3, 5, 9, 12, 1, 11, 1, 5, 2, 8, 25, 0, 0, 0, 0, 0, 0, 0, 0, 0, 0, 0, 0, 0, 0, 0, 0, 0, : 1, 6, 2, 2, 20, 27, 6, 8, 3, 13, 21, 6, 3, 5, 9, 12, 1, 11, 1, 5, 2, 8, 25, 
185: 31, 3, 3, 8, 21, 6, 3, 33, 4, 1, 3, 1, 4, 8, 30, 2, 1, 4, 0, 0, 0, 0, 0, 0, 0, 0, 0, 0, 0, 0, 0, 0, 0, 0, 0, 0, 0, 0, 0, 0, : 31, 3, 3, 8, 21, 6, 3, 33, 4, 1, 3, 1, 4, 8, 30, 2, 1, 4, 
186: 12, 16, 2, 20, 1, 8, 3, 7, 13, 1, 2, 5, 10, 21, 6, 6, 3, 11, 0, 0, 0, 0, 0, 0, 0, 0, 0, 0, 0, 0, 0, 0, 0, 0, 0, 0, 0, 0, 0, 0, : 12, 16, 2, 20, 1, 8, 3, 7, 13, 1, 2, 5, 10, 21, 6, 6, 3, 11, 
187: 2, 1, 19, 2, 6, 5, 38, 11, 7, 4, 3, 6, 14, 1, 4, 10, 1, 6, 0, 0, 0, 0, 0, 0, 0, 0, 0, 0, 0, 0, 0, 0, 0, 0, 0, 0, 0, 0, 0, 0, : 2, 1, 19, 2, 6, 5, 38, 11, 7, 4, 3, 6, 14, 1, 4, 10, 1, 6, 
188: 3, 12, 2, 2, 1, 3, 16, 3, 11, 2, 17, 6, 5, 29, 2, 4, 4, 22, 1, 7, 4, 0, 0, 0, 0, 0, 0, 0, 0, 0, 0, 0, 0, 0, 0, 0, 0, 0, 0, 0, : 3, 12, 2, 2, 1, 3, 16, 3, 11, 2, 17, 6, 5, 29, 2, 4, 4, 22, 1, 7, 4, 
189: 12, 3, 1, 1, 30, 2, 12, 1, 11, 10, 23, 3, 6, 4, 9, 4, 8, 3, 2, 3, 1, 8, 8, 1, 0, 0, 0, 0, 0, 0, 0, 0, 0, 0, 0, 0, 0, 0, 0, 0, : 12, 3, 1, 1, 30, 2, 12, 1, 11, 10, 23, 3, 6, 4, 9, 4, 8, 3, 2, 3, 1, 8, 8, 1, 
190: 12, 29, 1, 4, 16, 7, 1, 5, 15, 18, 30, 13, 2, 1, 15, 14, 11, 0, 0, 0, 0, 0, 0, 0, 0, 0, 0, 0, 0, 0, 0, 0, 0, 0, 0, 0, 0, 0, 0, 0, : 12, 29, 1, 4, 16, 7, 1, 5, 15, 18, 30, 13, 2, 1, 15, 14, 11, 
191: 8, 2, 10, 4, 11, 1, 2, 6, 6, 4, 11, 4, 1, 1, 12, 1, 3, 1, 1, 10, 1, 8, 7, 3, 16, 5, 0, 0, 0, 0, 0, 0, 0, 0, 0, 0, 0, 0, 0, 0, : 8, 2, 10, 4, 11, 1, 2, 6, 6, 4, 11, 4, 1, 1, 12, 1, 3, 1, 1, 10, 1, 8, 7, 3, 16, 5, 
192: 1, 4, 9, 14, 8, 4, 4, 3, 9, 9, 6, 1, 16, 12, 8, 2, 13, 4, 33, 3, 0, 0, 0, 0, 0, 0, 0, 0, 0, 0, 0, 0, 0, 0, 0, 0, 0, 0, 0, 0, : 1, 4, 9, 14, 8, 4, 4, 3, 9, 9, 6, 1, 16, 12, 8, 2, 13, 4, 33, 3, 
193: 3, 2, 19, 4, 6, 2, 11, 16, 15, 3, 4, 4, 11, 3, 23, 2, 21, 4, 27, 24, 7, 5, 5, 3, 20, 2, 0, 0, 0, 0, 0, 0, 0, 0, 0, 0, 0, 0, 0, 0, : 3, 2, 19, 4, 6, 2, 11, 16, 15, 3, 4, 4, 11, 3, 23, 2, 21, 4, 27, 24, 7, 5, 5, 3, 20, 2, 
194: 11, 19, 9, 1, 2, 12, 21, 2, 16, 2, 1, 1, 2, 1, 24, 4, 7, 3, 0, 0, 0, 0, 0, 0, 0, 0, 0, 0, 0, 0, 0, 0, 0, 0, 0, 0, 0, 0, 0, 0, : 11, 19, 9, 1, 2, 12, 21, 2, 16, 2, 1, 1, 2, 1, 24, 4, 7, 3, 
195: 5, 27, 2, 3, 22, 5, 3, 17, 18, 2, 22, 12, 8, 15, 1, 1, 4, 12, 1, 3, 7, 3, 3, 0, 0, 0, 0, 0, 0, 0, 0, 0, 0, 0, 0, 0, 0, 0, 0, 0, : 5, 27, 2, 3, 22, 5, 3, 17, 18, 2, 22, 12, 8, 15, 1, 1, 4, 12, 1, 3, 7, 3, 3, 
196: 3, 1, 3, 1, 6, 4, 10, 6, 3, 9, 4, 8, 17, 1, 1, 12, 2, 28, 2, 1, 22, 4, 5, 1, 0, 0, 0, 0, 0, 0, 0, 0, 0, 0, 0, 0, 0, 0, 0, 0, : 3, 1, 3, 1, 6, 4, 10, 6, 3, 9, 4, 8, 17, 1, 1, 12, 2, 28, 2, 1, 22, 4, 5, 1, 
197: 6, 1, 3, 9, 8, 16, 3, 4, 14, 4, 12, 1, 23, 3, 1, 12, 5, 3, 19, 10, 23, 5, 7, 9, 6, 23, 1, 3, 0, 0, 0, 0, 0, 0, 0, 0, 0, 0, 0, 0, : 6, 1, 3, 9, 8, 16, 3, 4, 14, 4, 12, 1, 23, 3, 1, 12, 5, 3, 19, 10, 23, 5, 7, 9, 6, 23, 1, 3, 
198: 13, 3, 2, 35, 1, 32, 17, 1, 4, 8, 5, 0, 0, 0, 0, 0, 0, 0, 0, 0, 0, 0, 0, 0, 0, 0, 0, 0, 0, 0, 0, 0, 0, 0, 0, 0, 0, 0, 0, 0, : 13, 3, 2, 35, 1, 32, 17, 1, 4, 8, 5, 
199: 16, 9, 4, 12, 2, 13, 13, 5, 21, 11, 3, 11, 10, 24, 2, 9, 5, 4, 21, 12, 9, 27, 9, 18, 1, 0, 0, 0, 0, 0, 0, 0, 0, 0, 0, 0, 0, 0, 0, 0, : 16, 9, 4, 12, 2, 13, 13, 5, 21, 11, 3, 11, 10, 24, 2, 9, 5, 4, 21, 12, 9, 27, 9, 18, 1, 
200: 18, 5, 8, 1, 17, 4, 7, 7, 1, 9, 3, 5, 4, 10, 1, 10, 11, 9, 0, 0, 0, 0, 0, 0, 0, 0, 0, 0, 0, 0, 0, 0, 0, 0, 0, 0, 0, 0, 0, 0, : 18, 5, 8, 1, 17, 4, 7, 7, 1, 9, 3, 5, 4, 10, 1, 10, 11, 9, 


