20
100
1: 6, 1, 19, 13, 1, 4, 0, 0, 0, 0, 0, 0, 0, 0, 0, 0, 0, 0, 0, 0, : 6, 1, 19, 13, 1, 4, 
2: 2, 12, 1, 10, 9, 7, 9, 7, 0, 0, 0, 0, 0, 0, 0, 0, 0, 0, 0, 0, : 2, 12, 1, 10, 9, 7, 9, 7, 
3: 1, 14, 10, 4, 8, 5, 18, 18, 0, 0, 0, 0, 0, 0, 0, 0, 0, 0, 0, 0, : 1, 14, 10, 4, 8, 5, 18, 18, 
4: 3, 9, 1, 4, 5, 9, 14, 10, 6, 12, 2, 3, 0, 0, 0, 0, 0, 0, 0, 0, : 3, 9, 1, 4, 5, 9, 14, 10, 6, 12, 2, 3, 
5: 2, 4, 6, 7, 13, 1, 4, 2, 0, 0, 0, 0, 0, 0, 0, 0, 0, 0, 0, 0, : 2, 4, 6, 7, 13, 1, 4, 2, 
6: 1, 9, 3, 11, 2, 4, 2, 8, 7, 2, 1, 0, 0, 0, 0, 0, 0, 0, 0, 0, : 1, 9, 3, 11, 2, 4, 2, 8, 7, 2, 1, 
7: 8, 11, 2, 1, 6, 23, 5, 19, 0, 0, 0, 0, 0, 0, 0, 0, 0, 0, 0, 0, : 8, 11, 2, 1, 6, 23, 5, 19, 
8: 1, 10, 3, 3, 2, 25, 2, 2, 7, 1, 13, 0, 0, 0, 0, 0, 0, 0, 0, 0, : 1, 10, 3, 3, 2, 25, 2, 2, 7, 1, 13, 
9: 9, 1, 2, 18, 6, 10, 2, 23, 0, 0, 0, 0, 0, 0, 0, 0, 0, 0, 0, 0, : 9, 1, 2, 18, 6, 10, 2, 23, 
10: 15, 3, 3, 6, 6, 17, 10, 12, 0, 0, 0, 0, 0, 0, 0, 0, 0, 0, 0, 0, : 15, 3, 3, 6, 6, 17, 10, 12, 
11: 2, 6, 22, 6, 21, 1, 2, 1, 0, 0, 0, 0, 0, 0, 0, 0, 0, 0, 0, 0, : 2, 6, 22, 6, 21, 1, 2, 1, 
12: 5, 10, 7, 5, 2, 7, 17, 11, 0, 0, 0, 0, 0, 0, 0, 0, 0, 0, 0, 0, : 5, 10, 7, 5, 2, 7, 17, 11, 
13: 8, 21, 3, 4, 26, 6, 9, 20, 8, 9, 0, 0, 0, 0, 0, 0, 0, 0, 0, 0, : 8, 21, 3, 4, 26, 6, 9, 20, 8, 9, 
14: 14, 20, 4, 4, 4, 1, 11, 7, 2, 1, 2, 0, 0, 0, 0, 0, 0, 0, 0, 0, : 14, 20, 4, 4, 4, 1, 11, 7, 2, 1, 2, 
15: 11, 4, 2, 1, 16, 4, 3, 0, 0, 0, 0, 0, 0, 0, 0, 0, 0, 0, 0, 0, : 11, 4, 2, 1, 16, 4, 3, 
16: 5, 8, 20, 1, 3, 25, 34, 8, 2, 12, 0, 0, 0, 0, 0, 0, 0, 0, 0, 0, : 5, 8, 20, 1, 3, 25, 34, 8, 2, 12, 
17: 1, 3, 23, 6, 1, 1, 13, 8, 5, 0, 0, 0, 0, 0, 0, 0, 0, 0, 0, 0, : 1, 3, 23, 6, 1, 1, 13, 8, 5, 
18: 10, 17, 9, 2, 2, 15, 3, 21, 1, 2, 23, 1, 0, 0, 0, 0, 0, 0, 0, 0, : 10, 17, 9, 2, 2, 15, 3, 21, 1, 2, 23, 1, 
19: 25, 4, 6, 7, 15, 7, 4, 7, 3, 1, 28, 0, 0, 0, 0, 0, 0, 0, 0, 0, : 25, 4, 6, 7, 15, 7, 4, 7, 3, 1, 28, 
20: 2, 1, 16, 7, 1, 8, 7, 0, 0, 0, 0, 0, 0, 0, 0, 0, 0, 0, 0, 0, : 2, 1, 16, 7, 1, 8, 7, 
21: 1, 11, 19, 18, 30, 21, 30, 0, 0, 0, 0, 0, 0, 0, 0, 0, 0, 0, 0, 0, : 1, 11, 19, 18, 30, 21, 30, 
22: 3, 1, 13, 9, 3, 1, 7, 22, 1, 16, 2, 0, 0, 0, 0, 0, 0, 0, 0, 0, : 3, 1, 13, 9, 3, 1, 7, 22, 1, 16, 2, 
23: 2, 35, 1, 1, 16, 3, 3, 10, 3, 13, 0, 0, 0, 0, 0, 0, 0, 0, 0, 0, : 2, 35, 1, 1, 16, 3, 3, 10, 3, 13, 
24: 6, 1, 6, 3, 3, 15, 11, 0, 0, 0, 0, 0, 0, 0, 0, 0, 0, 0, 0, 0, : 6, 1, 6, 3, 3, 15, 11, 
25: 8, 1, 17, 14, 6, 3, 21, 19, 2, 7, 4, 4, 5, 0, 0, 0, 0, 0, 0, 0, : 8, 1, 17, 14, 6, 3, 21, 19, 2, 7, 4, 4, 5, 
26: 6, 3, 7, 21, 21, 7, 4, 10, 2, 21, 1, 0, 0, 0, 0, 0, 0, 0, 0, 0, : 6, 3, 7, 21, 21, 7, 4, 10, 2, 21, 1, 
27: 3, 11, 4, 13, 20, 1, 3, 21, 2, 0, 0, 0, 0, 0, 0, 0, 0, 0, 0, 0, : 3, 11, 4, 13, 20, 1, 3, 21, 2, 
28: 8, 17, 2, 1, 11, 9, 12, 0, 0, 0, 0, 0, 0, 0, 0, 0, 0, 0, 0, 0, : 8, 17, 2, 1, 11, 9, 12, 
29: 13, 14, 6, 7, 1, 8, 6, 28, 26, 3, 4, 0, 0, 0, 0, 0, 0, 0, 0, 0, : 13, 14, 6, 7, 1, 8, 6, 28, 26, 3, 4, 
30: 5, 13, 1, 8, 6, 7, 16, 9, 0, 0, 0, 0, 0, 0, 0, 0, 0, 0, 0, 0, : 5, 13, 1, 8, 6, 7, 16, 9, 
31: 4, 17, 3, 3, 7, 8, 4, 16, 0, 0, 0, 0, 0, 0, 0, 0, 0, 0, 0, 0, : 4, 17, 3, 3, 7, 8, 4, 16, 
32: 33, 9, 4, 18, 1, 19, 3, 1, 19, 9, 0, 0, 0, 0, 0, 0, 0, 0, 0, 0, : 33, 9, 4, 18, 1, 19, 3, 1, 19, 9, 
33: 30, 16, 6, 6, 15, 10, 3, 7, 10, 9, 1, 0, 0, 0, 0, 0, 0, 0, 0, 0, : 30, 16, 6, 6, 15, 10, 3, 7, 10, 9, 1, 
34: 24, 4, 32, 3, 1, 5, 2, 24, 1, 10, 0, 0, 0, 0, 0, 0, 0, 0, 0, 0, : 24, 4, 32, 3, 1, 5, 2, 24, 1, 10, 
35: 12, 7, 1, 5, 31, 2, 0, 0, 0, 0, 0, 0, 0, 0, 0, 0, 0, 0, 0, 0, : 12, 7, 1, 5, 31, 2, 
36: 1, 4, 30, 8, 3, 2, 25, 9, 0, 0, 0, 0, 0, 0, 0, 0, 0, 0, 0, 0, : 1, 4, 30, 8, 3, 2, 25, 9, 
37: 30, 8, 21, 9, 3, 6, 21, 5, 1, 7, 0, 0, 0, 0, 0, 0, 0, 0, 0, 0, : 30, 8, 21, 9, 3, 6, 21, 5, 1, 7, 
38: 4, 9, 14, 1, 2, 5, 17, 0, 0, 0, 0, 0, 0, 0, 0, 0, 0, 0, 0, 0, : 4, 9, 14, 1, 2, 5, 17, 
39: 14, 2, 18, 26, 2, 25, 10, 0, 0, 0, 0, 0, 0, 0, 0, 0, 0, 0, 0, 0, : 14, 2, 18, 26, 2, 25, 10, 
40: 5, 14, 5, 27, 27, 6, 7, 2, 3, 0, 0, 0, 0, 0, 0, 0, 0, 0, 0, 0, : 5, 14, 5, 27, 27, 6, 7, 2, 3, 
41: 18, 3, 3, 13, 1, 6, 5, 1, 28, 2, 0, 0, 0, 0, 0, 0, 0, 0, 0, 0, : 18, 3, 3, 13, 1, 6, 5, 1, 28, 2, 
42: 6, 1, 2, 3, 23, 10, 0, 0, 0, 0, 0, 0, 0, 0, 0, 0, 0, 0, 0, 0, : 6, 1, 2, 3, 23, 10, 
43: 2, 16, 8, 11, 15, 9, 6, 5, 13, 0, 0, 0, 0, 0, 0, 0, 0, 0, 0, 0, : 2, 16, 8, 11, 15, 9, 6, 5, 13, 
44: 2, 1, 4, 7, 4, 4, 9, 0, 0, 0, 0, 0, 0, 0, 0, 0, 0, 0, 0, 0, : 2, 1, 4, 7, 4, 4, 9, 
45: 10, 3, 2, 4, 4, 6, 7, 7, 3, 5, 13, 0, 0, 0, 0, 0, 0, 0, 0, 0, : 10, 3, 2, 4, 4, 6, 7, 7, 3, 5, 13, 
46: 6, 26, 2, 2, 5, 8, 2, 3, 1, 0, 0, 0, 0, 0, 0, 0, 0, 0, 0, 0, : 6, 26, 2, 2, 5, 8, 2, 3, 1, 
47: 5, 1, 16, 9, 4, 31, 12, 0, 0, 0, 0, 0, 0, 0, 0, 0, 0, 0, 0, 0, : 5, 1, 16, 9, 4, 31, 12, 
48: 7, 1, 16, 5, 1, 7, 1, 13, 9, 0, 0, 0, 0, 0, 0, 0, 0, 0, 0, 0, : 7, 1, 16, 5, 1, 7, 1, 13, 9, 
49: 1, 28, 20, 8, 1, 13, 24, 0, 0, 0, 0, 0, 0, 0, 0, 0, 0, 0, 0, 0, : 1, 28, 20, 8, 1, 13, 24, 
50: 9, 7, 7, 10, 7, 1, 1, 3, 21, 1, 0, 0, 0, 0, 0, 0, 0, 0, 0, 0, : 9, 7, 7, 10, 7, 1, 1, 3, 21, 1, 
51: 20, 5, 12, 2, 1, 2, 3, 2, 5, 0, 0, 0, 0, 0, 0, 0, 0, 0, 0, 0, : 20, 5, 12, 2, 1, 2, 3, 2, 5, 
52: 6, 9, 3, 6, 3, 1, 1, 1, 1, 0, 0, 0, 0, 0, 0, 0, 0, 0, 0, 0, : 6, 9, 3, 6, 3, 1, 1, 1, 1, 
53: 1, 2, 16, 15, 2, 4, 1, 7, 4, 1, 10, 1, 0, 0, 0, 0, 0, 0, 0, 0, : 1, 2, 16, 15, 2, 4, 1, 7, 4, 1, 10, 1, 
54: 1, 8, 9, 15, 2, 17, 11, 3, 26, 1, 13, 0, 0, 0, 0, 0, 0, 0, 0, 0, : 1, 8, 9, 15, 2, 17, 11, 3, 26, 1, 13, 
55: 2, 19, 22, 5, 19, 5, 0, 0, 0, 0, 0, 0, 0, 0, 0, 0, 0, 0, 0, 0, : 2, 19, 22, 5, 19, 5, 
56: 5, 4, 7, 1, 7, 3, 8, 0, 0, 0, 0, 0, 0, 0, 0, 0, 0, 0, 0, 0, : 5, 4, 7, 1, 7, 3, 8, 
57: 9, 23, 7, 9, 2, 32, 9, 2, 8, 1, 3, 0, 0, 0, 0, 0, 0, 0, 0, 0, : 9, 23, 7, 9, 2, 32, 9, 2, 8, 1, 3, 
58: 3, 5, 1, 12, 3, 3, 2, 32, 13, 0, 0, 0, 0, 0, 0, 0, 0, 0, 0, 0, : 3, 5, 1, 12, 3, 3, 2, 32, 13, 
59: 17, 20, 10, 12, 1, 6, 3, 2, 6, 0, 0, 0, 0, 0, 0, 0, 0, 0, 0, 0, : 17, 20, 10, 12, 1, 6, 3, 2, 6, 
60: 5, 18, 5, 9, 4, 1, 5, 1, 1, 1, 22, 0, 0, 0, 0, 0, 0, 0, 0, 0, : 5, 18, 5, 9, 4, 1, 5, 1, 1, 1, 22, 
61: 6, 3, 9, 1, 4, 22, 1, 2, 0, 0, 0, 0, 0, 0, 0, 0, 0, 0, 0, 0, : 6, 3, 9, 1, 4, 22, 1, 2, 
62: 1, 6, 5, 3, 24, 25, 24, 8, 3, 11, 0, 0, 0, 0, 0, 0, 0, 0, 0, 0, : 1, 6, 5, 3, 24, 25, 24, 8, 3, 11, 
63: 3, 6, 3, 25, 3, 7, 5, 32, 4, 0, 0, 0, 0, 0, 0, 0, 0, 0, 0, 0, : 3, 6, 3, 25, 3, 7, 5, 32, 4, 
64: 30, 3, 3, 26, 2, 1, 13, 4, 16, 0, 0, 0, 0, 0, 0, 0, 0, 0, 0, 0, : 30, 3, 3, 26, 2, 1, 13, 4, 16, 
65: 12, 15, 20, 17, 1, 3, 0, 0, 0, 0, 0, 0, 0, 0, 0, 0, 0, 0, 0, 0, : 12, 15, 20, 17, 1, 3, 
66: 5, 8, 2, 26, 1, 7, 26, 1, 0, 0, 0, 0, 0, 0, 0, 0, 0, 0, 0, 0, : 5, 8, 2, 26, 1, 7, 26, 1, 
67: 7, 7, 22, 8, 8, 13, 5, 18, 4, 1, 0, 0, 0, 0, 0, 0, 0, 0, 0, 0, : 7, 7, 22, 8, 8, 13, 5, 18, 4, 1, 
68: 18, 3, 7, 6, 1, 0, 0, 0, 0, 0, 0, 0, 0, 0, 0, 0, 0, 0, 0, 0, : 18, 3, 7, 6, 1, 
69: 21, 5, 20, 3, 18, 5, 5, 2, 6, 15, 2, 0, 0, 0, 0, 0, 0, 0, 0, 0, : 21, 5, 20, 3, 18, 5, 5, 2, 6, 15, 2, 
70: 4, 1, 2, 17, 1, 8, 14, 33, 1, 22, 33, 0, 0, 0, 0, 0, 0, 0, 0, 0, : 4, 1, 2, 17, 1, 8, 14, 33, 1, 22, 33, 
71: 13, 8, 2, 21, 1, 2, 8, 8, 7, 14, 0, 0, 0, 0, 0, 0, 0, 0, 0, 0, : 13, 8, 2, 21, 1, 2, 8, 8, 7, 14, 
72: 5, 9, 8, 1, 1, 1, 11, 17, 0, 0, 0, 0, 0, 0, 0, 0, 0, 0, 0, 0, : 5, 9, 8, 1, 1, 1, 11, 17, 
73: 7, 18, 5, 1, 3, 6, 4, 2, 0, 0, 0, 0, 0, 0, 0, 0, 0, 0, 0, 0, : 7, 18, 5, 1, 3, 6, 4, 2, 
74: 1, 19, 5, 8, 30, 6, 11, 3, 1, 15, 9, 13, 20, 0, 0, 0, 0, 0, 0, 0, : 1, 19, 5, 8, 30, 6, 11, 3, 1, 15, 9, 13, 20, 
75: 6, 1, 7, 3, 8, 2, 28, 0, 0, 0, 0, 0, 0, 0, 0, 0, 0, 0, 0, 0, : 6, 1, 7, 3, 8, 2, 28, 
76: 7, 1, 1, 12, 1, 6, 3, 0, 0, 0, 0, 0, 0, 0, 0, 0, 0, 0, 0, 0, : 7, 1, 1, 12, 1, 6, 3, 
77: 26, 1, 15, 3, 8, 8, 10, 13, 3, 1, 0, 0, 0, 0, 0, 0, 0, 0, 0, 0, : 26, 1, 15, 3, 8, 8, 10, 13, 3, 1, 
78: 8, 7, 8, 10, 33, 4, 3, 11, 14, 3, 0, 0, 0, 0, 0, 0, 0, 0, 0, 0, : 8, 7, 8, 10, 33, 4, 3, 11, 14, 3, 
79: 2, 1, 1, 4, 9, 4, 2, 18, 3, 25, 1, 0, 0, 0, 0, 0, 0, 0, 0, 0, : 2, 1, 1, 4, 9, 4, 2, 18, 3, 25, 1, 
80: 1, 5, 7, 1, 9, 23, 8, 0, 0, 0, 0, 0, 0, 0, 0, 0, 0, 0, 0, 0, : 1, 5, 7, 1, 9, 23, 8, 
81: 3, 12, 10, 17, 12, 1, 6, 4, 0, 0, 0, 0, 0, 0, 0, 0, 0, 0, 0, 0, : 3, 12, 10, 17, 12, 1, 6, 4, 
82: 9, 9, 6, 22, 17, 2, 5, 17, 9, 10, 13, 1, 0, 0, 0, 0, 0, 0, 0, 0, : 9, 9, 6, 22, 17, 2, 5, 17, 9, 10, 13, 1, 
83: 13, 28, 16, 6, 1, 4, 3, 8, 0, 0, 0, 0, 0, 0, 0, 0, 0, 0, 0, 0, : 13, 28, 16, 6, 1, 4, 3, 8, 
84: 2, 3, 7, 34, 8, 12, 1, 0, 0, 0, 0, 0, 0, 0, 0, 0, 0, 0, 0, 0, : 2, 3, 7, 34, 8, 12, 1, 
85: 5, 6, 3, 14, 15, 0, 0, 0, 0, 0, 0, 0, 0, 0, 0, 0, 0, 0, 0, 0, : 5, 6, 3, 14, 15, 
86: 4, 7, 4, 1, 1, 13, 1, 0, 0, 0, 0, 0, 0, 0, 0, 0, 0, 0, 0, 0, : 4, 7, 4, 1, 1, 13, 1, 
87: 1, 21, 4, 1, 4, 5, 16, 2, 12, 0, 0, 0, 0, 0, 0, 0, 0, 0, 0, 0, : 1, 21, 4, 1, 4, 5, 16, 2, 12, 
88: 12, 3, 5, 9, 1, 3, 18, 22, 26, 2, 0, 0, 0, 0, 0, 0, 0, 0, 0, 0, : 12, 3, 5, 9, 1, 3, 18, 22, 26, 2, 
89: 3, 2, 11, 4, 3, 12, 25, 1, 5, 0, 0, 0, 0, 0, 0, 0, 0, 0, 0, 0, : 3, 2, 11, 4, 3, 12, 25, 1, 5, 
90: 2, 25, 17, 1, 8, 3, 27, 5, 4, 0, 0, 0, 0, 0, 0, 0, 0, 0, 0, 0, : 2, 25, 17, 1, 8, 3, 27, 5, 4, 
91: 3, 19, 14, 32, 9, 16, 25, 11, 3, 0, 0, 0, 0, 0, 0, 0, 0, 0, 0, 0, : 3, 19, 14, 32, 9, 16, 25, 11, 3, 
92: 24, 2, 10, 35, 5, 17, 10, 9, 12, 2, 3, 2, 34, 10, 0, 0, 0, 0, 0, 0, : 24, 2, 10, 35, 5, 17, 10, 9, 12, 2, 3, 2, 34, 10, 
93: 25, 1, 1, 27, 16, 26, 6, 2, 23, 5, 1, 0, 0, 0, 0, 0, 0, 0, 0, 0, : 25, 1, 1, 27, 16, 26, 6, 2, 23, 5, 1, 
94: 8, 8, 7, 5, 12, 36, 27, 11, 9, 0, 0, 0, 0, 0, 0, 0, 0, 0, 0, 0, : 8, 8, 7, 5, 12, 36, 27, 11, 9, 
95: 5, 9, 19, 1, 21, 5, 9, 0, 0, 0, 0, 0, 0, 0, 0, 0, 0, 0, 0, 0, : 5, 9, 19, 1, 21, 5, 9, 
96: 10, 1, 3, 18, 8, 2, 28, 3, 28, 1, 1, 37, 1, 0, 0, 0, 0, 0, 0, 0, : 10, 1, 3, 18, 8, 2, 28, 3, 28, 1, 1, 37, 1, 
97: 2, 2, 5, 5, 10, 23, 10, 5, 15, 0, 0, 0, 0, 0, 0, 0, 0, 0, 0, 0, : 2, 2, 5, 5, 10, 23, 10, 5, 15, 
98: 9, 6, 4, 6, 5, 19, 1, 10, 2, 5, 20, 6, 0, 0, 0, 0, 0, 0, 0, 0, : 9, 6, 4, 6, 5, 19, 1, 10, 2, 5, 20, 6, 
99: 1, 1, 1, 1, 8, 16, 5, 0, 0, 0, 0, 0, 0, 0, 0, 0, 0, 0, 0, 0, : 1, 1, 1, 1, 8, 16, 5, 
100: 21, 2, 10, 4, 10, 12, 1, 0, 0, 0, 0, 0, 0, 0, 0, 0, 0, 0, 0, 0, : 21, 2, 10, 4, 10, 12, 1, 


