200
20
1: 2, 6, 3, 15, 3, 10, 4, 9, 1, 13, 15, 20, 1, 2, 11, 24, 8, 1, 2, 17, 13, 3, 17, 11, 6, 2, 3, 18, 12, 8, 8, 1, 2, 8, 3, 9, 8, 3, 17, 9, 19, 2, 6, 14, 3, 2, 17, 12, 18, 3, 2, 4, 10, 1, 8, 1, 4, 10, 1, 14, 4, 0, 0, 0, 0, 0, 0, 0, 0, 0, 0, 0, 0, 0, 0, 0, 0, 0, 0, 0, 0, 0, 0, 0, 0, 0, 0, 0, 0, 0, 0, 0, 0, 0, 0, 0, 0, 0, 0, 0, 0, 0, 0, 0, 0, 0, 0, 0, 0, 0, 0, 0, 0, 0, 0, 0, 0, 0, 0, 0, 0, 0, 0, 0, 0, 0, 0, 0, 0, 0, 0, 0, 0, 0, 0, 0, 0, 0, 0, 0, 0, 0, 0, 0, 0, 0, 0, 0, 0, 0, 0, 0, 0, 0, 0, 0, 0, 0, 0, 0, 0, 0, 0, 0, 0, 0, 0, 0, 0, 0, 0, 0, 0, 0, 0, 0, 0, 0, 0, 0, 0, 0, 0, 0, 0, 0, 0, 0, 0, 0, 0, 0, 0, 0, 0, 0, 0, 0, 0, 0, : 2, 6, 3, 15, 3, 10, 4, 9, 1, 13, 15, 20, 1, 2, 11, 24, 8, 1, 2, 17, 13, 3, 17, 11, 6, 2, 3, 18, 12, 8, 8, 1, 2, 8, 3, 9, 8, 3, 17, 9, 19, 2, 6, 14, 3, 2, 17, 12, 18, 3, 2, 4, 10, 1, 8, 1, 4, 10, 1, 14, 4, 
2: 8, 12, 9, 1, 17, 19, 11, 10, 5, 6, 7, 3, 12, 4, 1, 1, 12, 6, 21, 7, 10, 19, 1, 2, 7, 3, 10, 10, 7, 7, 10, 7, 1, 1, 16, 3, 13, 14, 1, 12, 7, 27, 2, 6, 9, 7, 14, 11, 22, 16, 2, 1, 7, 4, 7, 3, 18, 4, 8, 2, 3, 8, 5, 8, 4, 8, 6, 8, 2, 0, 0, 0, 0, 0, 0, 0, 0, 0, 0, 0, 0, 0, 0, 0, 0, 0, 0, 0, 0, 0, 0, 0, 0, 0, 0, 0, 0, 0, 0, 0, 0, 0, 0, 0, 0, 0, 0, 0, 0, 0, 0, 0, 0, 0, 0, 0, 0, 0, 0, 0, 0, 0, 0, 0, 0, 0, 0, 0, 0, 0, 0, 0, 0, 0, 0, 0, 0, 0, 0, 0, 0, 0, 0, 0, 0, 0, 0, 0, 0, 0, 0, 0, 0, 0, 0, 0, 0, 0, 0, 0, 0, 0, 0, 0, 0, 0, 0, 0, 0, 0, 0, 0, 0, 0, 0, 0, 0, 0, 0, 0, 0, 0, 0, 0, 0, 0, 0, 0, 0, 0, 0, 0, 0, 0, 0, 0, 0, 0, 0, 0, : 8, 12, 9, 1, 17, 19, 11, 10, 5, 6, 7, 3, 12, 4, 1, 1, 12, 6, 21, 7, 10, 19, 1, 2, 7, 3, 10, 10, 7, 7, 10, 7, 1, 1, 16, 3, 13, 14, 1, 12, 7, 27, 2, 6, 9, 7, 14, 11, 22, 16, 2, 1, 7, 4, 7, 3, 18, 4, 8, 2, 3, 8, 5, 8, 4, 8, 6, 8, 2, 
3: 26, 7, 21, 22, 14, 1, 9, 15, 21, 37, 2, 1, 12, 29, 11, 9, 1, 4, 5, 2, 6, 1, 6, 1, 19, 19, 16, 2, 4, 19, 2, 3, 26, 1, 4, 1, 18, 13, 2, 7, 7, 5, 1, 29, 17, 4, 9, 2, 8, 1, 1, 14, 10, 13, 13, 6, 6, 1, 19, 3, 14, 17, 2, 17, 22, 15, 10, 16, 5, 11, 2, 9, 2, 2, 2, 1, 6, 1, 1, 2, 17, 2, 5, 6, 2, 7, 13, 12, 9, 10, 2, 19, 1, 4, 10, 1, 7, 2, 1, 1, 21, 14, 19, 11, 3, 4, 5, 13, 1, 5, 4, 24, 5, 19, 33, 14, 2, 1, 10, 0, 0, 0, 0, 0, 0, 0, 0, 0, 0, 0, 0, 0, 0, 0, 0, 0, 0, 0, 0, 0, 0, 0, 0, 0, 0, 0, 0, 0, 0, 0, 0, 0, 0, 0, 0, 0, 0, 0, 0, 0, 0, 0, 0, 0, 0, 0, 0, 0, 0, 0, 0, 0, 0, 0, 0, 0, 0, 0, 0, 0, 0, 0, 0, 0, 0, 0, 0, 0, 0, 0, 0, 0, 0, 0, 0, 0, 0, 0, 0, 0, : 26, 7, 21, 22, 14, 1, 9, 15, 21, 37, 2, 1, 12, 29, 11, 9, 1, 4, 5, 2, 6, 1, 6, 1, 19, 19, 16, 2, 4, 19, 2, 3, 26, 1, 4, 1, 18, 13, 2, 7, 7, 5, 1, 29, 17, 4, 9, 2, 8, 1, 1, 14, 10, 13, 13, 6, 6, 1, 19, 3, 14, 17, 2, 17, 22, 15, 10, 16, 5, 11, 2, 9, 2, 2, 2, 1, 6, 1, 1, 2, 17, 2, 5, 6, 2, 7, 13, 12, 9, 10, 2, 19, 1, 4, 10, 1, 7, 2, 1, 1, 21, 14, 19, 11, 3, 4, 5, 13, 1, 5, 4, 24, 5, 19, 33, 14, 2, 1, 10, 
4: 1, 3, 1, 14, 4, 2, 7, 10, 6, 1, 8, 4, 2, 4, 2, 16, 3, 2, 23, 1, 1, 1, 6, 12, 4, 10, 18, 15, 18, 6, 12, 1, 1, 3, 1, 2, 5, 20, 1, 9, 1, 18, 4, 5, 7, 14, 12, 25, 1, 5, 4, 2, 8, 23, 9, 25, 3, 1, 11, 3, 3, 7, 24, 9, 31, 1, 19, 4, 1, 8, 3, 6, 9, 7, 8, 14, 3, 4, 28, 3, 18, 3, 18, 2, 10, 1, 4, 4, 9, 10, 2, 7, 7, 7, 5, 1, 2, 15, 4, 4, 1, 3, 4, 1, 2, 10, 7, 12, 0, 0, 0, 0, 0, 0, 0, 0, 0, 0, 0, 0, 0, 0, 0, 0, 0, 0, 0, 0, 0, 0, 0, 0, 0, 0, 0, 0, 0, 0, 0, 0, 0, 0, 0, 0, 0, 0, 0, 0, 0, 0, 0, 0, 0, 0, 0, 0, 0, 0, 0, 0, 0, 0, 0, 0, 0, 0, 0, 0, 0, 0, 0, 0, 0, 0, 0, 0, 0, 0, 0, 0, 0, 0, 0, 0, 0, 0, 0, 0, 0, 0, 0, 0, 0, 0, 0, 0, 0, 0, 0, 0, : 1, 3, 1, 14, 4, 2, 7, 10, 6, 1, 8, 4, 2, 4, 2, 16, 3, 2, 23, 1, 1, 1, 6, 12, 4, 10, 18, 15, 18, 6, 12, 1, 1, 3, 1, 2, 5, 20, 1, 9, 1, 18, 4, 5, 7, 14, 12, 25, 1, 5, 4, 2, 8, 23, 9, 25, 3, 1, 11, 3, 3, 7, 24, 9, 31, 1, 19, 4, 1, 8, 3, 6, 9, 7, 8, 14, 3, 4, 28, 3, 18, 3, 18, 2, 10, 1, 4, 4, 9, 10, 2, 7, 7, 7, 5, 1, 2, 15, 4, 4, 1, 3, 4, 1, 2, 10, 7, 12, 
5: 4, 6, 9, 29, 22, 21, 13, 1, 2, 3, 4, 14, 13, 4, 2, 8, 5, 1, 10, 1, 6, 16, 5, 2, 6, 11, 27, 6, 12, 2, 4, 5, 3, 1, 7, 6, 2, 6, 3, 4, 24, 13, 11, 1, 1, 2, 11, 15, 1, 4, 3, 16, 3, 15, 22, 5, 8, 16, 1, 1, 11, 19, 5, 16, 4, 3, 4, 9, 5, 6, 4, 9, 4, 12, 6, 13, 8, 8, 21, 2, 3, 10, 10, 11, 3, 5, 12, 24, 5, 4, 10, 12, 1, 2, 19, 10, 10, 10, 2, 11, 3, 35, 20, 1, 3, 4, 12, 1, 13, 3, 1, 12, 12, 6, 1, 8, 1, 2, 22, 1, 19, 0, 0, 0, 0, 0, 0, 0, 0, 0, 0, 0, 0, 0, 0, 0, 0, 0, 0, 0, 0, 0, 0, 0, 0, 0, 0, 0, 0, 0, 0, 0, 0, 0, 0, 0, 0, 0, 0, 0, 0, 0, 0, 0, 0, 0, 0, 0, 0, 0, 0, 0, 0, 0, 0, 0, 0, 0, 0, 0, 0, 0, 0, 0, 0, 0, 0, 0, 0, 0, 0, 0, 0, 0, 0, 0, 0, 0, 0, 0, : 4, 6, 9, 29, 22, 21, 13, 1, 2, 3, 4, 14, 13, 4, 2, 8, 5, 1, 10, 1, 6, 16, 5, 2, 6, 11, 27, 6, 12, 2, 4, 5, 3, 1, 7, 6, 2, 6, 3, 4, 24, 13, 11, 1, 1, 2, 11, 15, 1, 4, 3, 16, 3, 15, 22, 5, 8, 16, 1, 1, 11, 19, 5, 16, 4, 3, 4, 9, 5, 6, 4, 9, 4, 12, 6, 13, 8, 8, 21, 2, 3, 10, 10, 11, 3, 5, 12, 24, 5, 4, 10, 12, 1, 2, 19, 10, 10, 10, 2, 11, 3, 35, 20, 1, 3, 4, 12, 1, 13, 3, 1, 12, 12, 6, 1, 8, 1, 2, 22, 1, 19, 
6: 5, 17, 3, 14, 1, 7, 22, 6, 10, 7, 1, 4, 2, 6, 4, 20, 7, 7, 1, 3, 3, 6, 1, 3, 19, 6, 3, 1, 1, 3, 14, 24, 3, 9, 7, 1, 2, 1, 2, 2, 14, 13, 11, 9, 6, 3, 4, 2, 24, 11, 2, 16, 4, 1, 5, 4, 5, 2, 18, 18, 24, 7, 16, 8, 22, 14, 7, 11, 1, 4, 10, 3, 12, 17, 1, 2, 1, 1, 4, 15, 16, 2, 7, 16, 7, 2, 14, 17, 16, 4, 1, 2, 14, 23, 3, 28, 2, 5, 31, 24, 2, 3, 29, 11, 1, 5, 7, 6, 4, 28, 15, 1, 24, 5, 5, 2, 3, 15, 3, 1, 4, 2, 8, 4, 0, 0, 0, 0, 0, 0, 0, 0, 0, 0, 0, 0, 0, 0, 0, 0, 0, 0, 0, 0, 0, 0, 0, 0, 0, 0, 0, 0, 0, 0, 0, 0, 0, 0, 0, 0, 0, 0, 0, 0, 0, 0, 0, 0, 0, 0, 0, 0, 0, 0, 0, 0, 0, 0, 0, 0, 0, 0, 0, 0, 0, 0, 0, 0, 0, 0, 0, 0, 0, 0, 0, 0, 0, 0, 0, 0, : 5, 17, 3, 14, 1, 7, 22, 6, 10, 7, 1, 4, 2, 6, 4, 20, 7, 7, 1, 3, 3, 6, 1, 3, 19, 6, 3, 1, 1, 3, 14, 24, 3, 9, 7, 1, 2, 1, 2, 2, 14, 13, 11, 9, 6, 3, 4, 2, 24, 11, 2, 16, 4, 1, 5, 4, 5, 2, 18, 18, 24, 7, 16, 8, 22, 14, 7, 11, 1, 4, 10, 3, 12, 17, 1, 2, 1, 1, 4, 15, 16, 2, 7, 16, 7, 2, 14, 17, 16, 4, 1, 2, 14, 23, 3, 28, 2, 5, 31, 24, 2, 3, 29, 11, 1, 5, 7, 6, 4, 28, 15, 1, 24, 5, 5, 2, 3, 15, 3, 1, 4, 2, 8, 4, 
7: 21, 7, 2, 1, 2, 5, 21, 12, 2, 8, 9, 1, 1, 6, 2, 20, 9, 5, 2, 3, 5, 1, 16, 17, 9, 5, 16, 26, 14, 8, 3, 7, 4, 38, 8, 11, 9, 2, 15, 16, 9, 8, 24, 1, 4, 5, 4, 3, 3, 23, 14, 1, 24, 37, 21, 7, 2, 32, 8, 23, 7, 10, 9, 7, 29, 4, 11, 1, 28, 25, 17, 8, 3, 7, 4, 18, 26, 1, 5, 4, 2, 4, 1, 2, 4, 3, 4, 13, 27, 9, 1, 1, 2, 4, 3, 18, 8, 12, 5, 2, 8, 1, 6, 3, 30, 5, 21, 6, 6, 1, 9, 8, 9, 6, 7, 2, 20, 6, 5, 1, 5, 5, 10, 29, 8, 2, 1, 0, 0, 0, 0, 0, 0, 0, 0, 0, 0, 0, 0, 0, 0, 0, 0, 0, 0, 0, 0, 0, 0, 0, 0, 0, 0, 0, 0, 0, 0, 0, 0, 0, 0, 0, 0, 0, 0, 0, 0, 0, 0, 0, 0, 0, 0, 0, 0, 0, 0, 0, 0, 0, 0, 0, 0, 0, 0, 0, 0, 0, 0, 0, 0, 0, 0, 0, 0, 0, 0, 0, 0, 0, : 21, 7, 2, 1, 2, 5, 21, 12, 2, 8, 9, 1, 1, 6, 2, 20, 9, 5, 2, 3, 5, 1, 16, 17, 9, 5, 16, 26, 14, 8, 3, 7, 4, 38, 8, 11, 9, 2, 15, 16, 9, 8, 24, 1, 4, 5, 4, 3, 3, 23, 14, 1, 24, 37, 21, 7, 2, 32, 8, 23, 7, 10, 9, 7, 29, 4, 11, 1, 28, 25, 17, 8, 3, 7, 4, 18, 26, 1, 5, 4, 2, 4, 1, 2, 4, 3, 4, 13, 27, 9, 1, 1, 2, 4, 3, 18, 8, 12, 5, 2, 8, 1, 6, 3, 30, 5, 21, 6, 6, 1, 9, 8, 9, 6, 7, 2, 20, 6, 5, 1, 5, 5, 10, 29, 8, 2, 1, 
8: 7, 8, 11, 12, 1, 18, 1, 7, 5, 4, 5, 6, 2, 5, 9, 18, 10, 1, 4, 3, 2, 5, 2, 15, 4, 5, 33, 4, 6, 3, 1, 3, 9, 18, 15, 6, 15, 6, 4, 5, 2, 13, 5, 22, 9, 8, 2, 3, 1, 12, 6, 26, 6, 32, 13, 30, 7, 5, 2, 10, 35, 8, 7, 4, 6, 2, 2, 26, 3, 4, 1, 19, 1, 24, 22, 3, 10, 12, 1, 8, 16, 8, 11, 3, 9, 19, 1, 14, 1, 3, 26, 9, 7, 6, 17, 23, 4, 30, 7, 6, 3, 17, 18, 8, 15, 2, 2, 6, 1, 1, 6, 11, 3, 13, 4, 22, 24, 19, 11, 2, 0, 0, 0, 0, 0, 0, 0, 0, 0, 0, 0, 0, 0, 0, 0, 0, 0, 0, 0, 0, 0, 0, 0, 0, 0, 0, 0, 0, 0, 0, 0, 0, 0, 0, 0, 0, 0, 0, 0, 0, 0, 0, 0, 0, 0, 0, 0, 0, 0, 0, 0, 0, 0, 0, 0, 0, 0, 0, 0, 0, 0, 0, 0, 0, 0, 0, 0, 0, 0, 0, 0, 0, 0, 0, 0, 0, 0, 0, 0, 0, : 7, 8, 11, 12, 1, 18, 1, 7, 5, 4, 5, 6, 2, 5, 9, 18, 10, 1, 4, 3, 2, 5, 2, 15, 4, 5, 33, 4, 6, 3, 1, 3, 9, 18, 15, 6, 15, 6, 4, 5, 2, 13, 5, 22, 9, 8, 2, 3, 1, 12, 6, 26, 6, 32, 13, 30, 7, 5, 2, 10, 35, 8, 7, 4, 6, 2, 2, 26, 3, 4, 1, 19, 1, 24, 22, 3, 10, 12, 1, 8, 16, 8, 11, 3, 9, 19, 1, 14, 1, 3, 26, 9, 7, 6, 17, 23, 4, 30, 7, 6, 3, 17, 18, 8, 15, 2, 2, 6, 1, 1, 6, 11, 3, 13, 4, 22, 24, 19, 11, 2, 
9: 34, 8, 5, 1, 13, 3, 3, 3, 19, 2, 9, 17, 5, 8, 25, 3, 3, 6, 2, 3, 2, 6, 16, 33, 1, 15, 7, 9, 2, 9, 13, 24, 6, 5, 3, 5, 6, 2, 14, 5, 19, 17, 1, 1, 26, 1, 1, 6, 5, 18, 1, 4, 1, 1, 7, 10, 1, 11, 3, 3, 9, 17, 10, 18, 2, 4, 14, 8, 21, 6, 19, 1, 14, 30, 5, 8, 3, 4, 8, 11, 10, 1, 9, 2, 17, 3, 4, 7, 3, 17, 1, 7, 1, 1, 5, 7, 14, 0, 0, 0, 0, 0, 0, 0, 0, 0, 0, 0, 0, 0, 0, 0, 0, 0, 0, 0, 0, 0, 0, 0, 0, 0, 0, 0, 0, 0, 0, 0, 0, 0, 0, 0, 0, 0, 0, 0, 0, 0, 0, 0, 0, 0, 0, 0, 0, 0, 0, 0, 0, 0, 0, 0, 0, 0, 0, 0, 0, 0, 0, 0, 0, 0, 0, 0, 0, 0, 0, 0, 0, 0, 0, 0, 0, 0, 0, 0, 0, 0, 0, 0, 0, 0, 0, 0, 0, 0, 0, 0, 0, 0, 0, 0, 0, 0, 0, 0, 0, 0, 0, 0, : 34, 8, 5, 1, 13, 3, 3, 3, 19, 2, 9, 17, 5, 8, 25, 3, 3, 6, 2, 3, 2, 6, 16, 33, 1, 15, 7, 9, 2, 9, 13, 24, 6, 5, 3, 5, 6, 2, 14, 5, 19, 17, 1, 1, 26, 1, 1, 6, 5, 18, 1, 4, 1, 1, 7, 10, 1, 11, 3, 3, 9, 17, 10, 18, 2, 4, 14, 8, 21, 6, 19, 1, 14, 30, 5, 8, 3, 4, 8, 11, 10, 1, 9, 2, 17, 3, 4, 7, 3, 17, 1, 7, 1, 1, 5, 7, 14, 
10: 12, 6, 12, 6, 3, 6, 2, 3, 8, 9, 15, 4, 38, 15, 3, 7, 4, 2, 5, 16, 3, 1, 1, 14, 4, 5, 5, 15, 16, 2, 1, 16, 7, 1, 14, 23, 4, 3, 10, 7, 4, 10, 10, 8, 3, 8, 10, 3, 7, 3, 3, 1, 18, 19, 3, 1, 2, 1, 6, 16, 4, 30, 2, 2, 5, 1, 31, 5, 3, 18, 2, 5, 5, 4, 17, 21, 1, 8, 2, 4, 19, 4, 4, 19, 11, 3, 14, 1, 4, 4, 1, 7, 11, 19, 31, 14, 5, 23, 1, 2, 15, 19, 24, 10, 23, 4, 9, 9, 2, 17, 1, 8, 9, 16, 3, 5, 4, 1, 5, 8, 12, 22, 22, 23, 0, 0, 0, 0, 0, 0, 0, 0, 0, 0, 0, 0, 0, 0, 0, 0, 0, 0, 0, 0, 0, 0, 0, 0, 0, 0, 0, 0, 0, 0, 0, 0, 0, 0, 0, 0, 0, 0, 0, 0, 0, 0, 0, 0, 0, 0, 0, 0, 0, 0, 0, 0, 0, 0, 0, 0, 0, 0, 0, 0, 0, 0, 0, 0, 0, 0, 0, 0, 0, 0, 0, 0, 0, 0, 0, 0, : 12, 6, 12, 6, 3, 6, 2, 3, 8, 9, 15, 4, 38, 15, 3, 7, 4, 2, 5, 16, 3, 1, 1, 14, 4, 5, 5, 15, 16, 2, 1, 16, 7, 1, 14, 23, 4, 3, 10, 7, 4, 10, 10, 8, 3, 8, 10, 3, 7, 3, 3, 1, 18, 19, 3, 1, 2, 1, 6, 16, 4, 30, 2, 2, 5, 1, 31, 5, 3, 18, 2, 5, 5, 4, 17, 21, 1, 8, 2, 4, 19, 4, 4, 19, 11, 3, 14, 1, 4, 4, 1, 7, 11, 19, 31, 14, 5, 23, 1, 2, 15, 19, 24, 10, 23, 4, 9, 9, 2, 17, 1, 8, 9, 16, 3, 5, 4, 1, 5, 8, 12, 22, 22, 23, 
11: 2, 6, 3, 12, 1, 1, 7, 7, 21, 1, 9, 1, 9, 2, 11, 6, 3, 20, 6, 7, 1, 2, 3, 8, 10, 2, 12, 8, 18, 16, 10, 5, 22, 8, 14, 6, 3, 8, 6, 1, 21, 6, 8, 5, 3, 27, 25, 24, 4, 2, 6, 1, 1, 5, 2, 3, 12, 18, 6, 15, 2, 3, 32, 4, 25, 7, 4, 12, 1, 2, 25, 2, 11, 5, 3, 19, 2, 5, 10, 1, 9, 17, 26, 1, 1, 12, 2, 36, 25, 6, 23, 10, 2, 6, 7, 1, 24, 1, 6, 6, 9, 17, 28, 25, 23, 1, 0, 0, 0, 0, 0, 0, 0, 0, 0, 0, 0, 0, 0, 0, 0, 0, 0, 0, 0, 0, 0, 0, 0, 0, 0, 0, 0, 0, 0, 0, 0, 0, 0, 0, 0, 0, 0, 0, 0, 0, 0, 0, 0, 0, 0, 0, 0, 0, 0, 0, 0, 0, 0, 0, 0, 0, 0, 0, 0, 0, 0, 0, 0, 0, 0, 0, 0, 0, 0, 0, 0, 0, 0, 0, 0, 0, 0, 0, 0, 0, 0, 0, 0, 0, 0, 0, 0, 0, 0, 0, 0, 0, 0, 0, : 2, 6, 3, 12, 1, 1, 7, 7, 21, 1, 9, 1, 9, 2, 11, 6, 3, 20, 6, 7, 1, 2, 3, 8, 10, 2, 12, 8, 18, 16, 10, 5, 22, 8, 14, 6, 3, 8, 6, 1, 21, 6, 8, 5, 3, 27, 25, 24, 4, 2, 6, 1, 1, 5, 2, 3, 12, 18, 6, 15, 2, 3, 32, 4, 25, 7, 4, 12, 1, 2, 25, 2, 11, 5, 3, 19, 2, 5, 10, 1, 9, 17, 26, 1, 1, 12, 2, 36, 25, 6, 23, 10, 2, 6, 7, 1, 24, 1, 6, 6, 9, 17, 28, 25, 23, 1, 
12: 22, 5, 5, 3, 9, 9, 6, 1, 4, 1, 5, 32, 2, 8, 3, 1, 2, 29, 8, 11, 1, 32, 4, 9, 1, 1, 22, 21, 30, 8, 15, 25, 1, 27, 25, 16, 5, 2, 26, 2, 2, 4, 2, 17, 8, 3, 5, 1, 21, 23, 6, 9, 9, 13, 1, 2, 1, 6, 2, 3, 1, 26, 11, 3, 2, 27, 1, 19, 13, 26, 10, 23, 2, 12, 1, 20, 4, 11, 4, 5, 3, 11, 2, 3, 4, 15, 6, 23, 6, 3, 3, 3, 2, 8, 33, 6, 6, 5, 25, 6, 2, 3, 3, 19, 6, 1, 10, 17, 2, 0, 0, 0, 0, 0, 0, 0, 0, 0, 0, 0, 0, 0, 0, 0, 0, 0, 0, 0, 0, 0, 0, 0, 0, 0, 0, 0, 0, 0, 0, 0, 0, 0, 0, 0, 0, 0, 0, 0, 0, 0, 0, 0, 0, 0, 0, 0, 0, 0, 0, 0, 0, 0, 0, 0, 0, 0, 0, 0, 0, 0, 0, 0, 0, 0, 0, 0, 0, 0, 0, 0, 0, 0, 0, 0, 0, 0, 0, 0, 0, 0, 0, 0, 0, 0, 0, 0, 0, 0, 0, 0, : 22, 5, 5, 3, 9, 9, 6, 1, 4, 1, 5, 32, 2, 8, 3, 1, 2, 29, 8, 11, 1, 32, 4, 9, 1, 1, 22, 21, 30, 8, 15, 25, 1, 27, 25, 16, 5, 2, 26, 2, 2, 4, 2, 17, 8, 3, 5, 1, 21, 23, 6, 9, 9, 13, 1, 2, 1, 6, 2, 3, 1, 26, 11, 3, 2, 27, 1, 19, 13, 26, 10, 23, 2, 12, 1, 20, 4, 11, 4, 5, 3, 11, 2, 3, 4, 15, 6, 23, 6, 3, 3, 3, 2, 8, 33, 6, 6, 5, 25, 6, 2, 3, 3, 19, 6, 1, 10, 17, 2, 
13: 3, 12, 10, 2, 10, 3, 4, 3, 15, 1, 4, 7, 17, 1, 7, 12, 4, 1, 1, 1, 31, 21, 14, 32, 18, 31, 3, 23, 2, 16, 5, 7, 3, 5, 20, 26, 12, 6, 16, 8, 14, 4, 31, 1, 5, 4, 8, 22, 1, 16, 1, 13, 9, 12, 3, 2, 1, 7, 17, 1, 13, 1, 3, 1, 2, 18, 1, 2, 10, 24, 17, 3, 1, 18, 9, 5, 1, 2, 0, 0, 0, 0, 0, 0, 0, 0, 0, 0, 0, 0, 0, 0, 0, 0, 0, 0, 0, 0, 0, 0, 0, 0, 0, 0, 0, 0, 0, 0, 0, 0, 0, 0, 0, 0, 0, 0, 0, 0, 0, 0, 0, 0, 0, 0, 0, 0, 0, 0, 0, 0, 0, 0, 0, 0, 0, 0, 0, 0, 0, 0, 0, 0, 0, 0, 0, 0, 0, 0, 0, 0, 0, 0, 0, 0, 0, 0, 0, 0, 0, 0, 0, 0, 0, 0, 0, 0, 0, 0, 0, 0, 0, 0, 0, 0, 0, 0, 0, 0, 0, 0, 0, 0, 0, 0, 0, 0, 0, 0, 0, 0, 0, 0, 0, 0, 0, 0, 0, 0, 0, 0, : 3, 12, 10, 2, 10, 3, 4, 3, 15, 1, 4, 7, 17, 1, 7, 12, 4, 1, 1, 1, 31, 21, 14, 32, 18, 31, 3, 23, 2, 16, 5, 7, 3, 5, 20, 26, 12, 6, 16, 8, 14, 4, 31, 1, 5, 4, 8, 22, 1, 16, 1, 13, 9, 12, 3, 2, 1, 7, 17, 1, 13, 1, 3, 1, 2, 18, 1, 2, 10, 24, 17, 3, 1, 18, 9, 5, 1, 2, 
14: 12, 6, 12, 2, 4, 10, 17, 2, 8, 1, 1, 4, 22, 21, 1, 10, 34, 12, 5, 1, 14, 1, 15, 1, 1, 2, 7, 13, 3, 3, 27, 1, 4, 2, 3, 1, 5, 4, 5, 1, 27, 2, 3, 17, 6, 4, 32, 13, 2, 2, 4, 17, 3, 1, 2, 12, 14, 4, 9, 2, 1, 1, 5, 7, 20, 6, 3, 1, 32, 2, 10, 8, 3, 17, 1, 27, 1, 5, 14, 19, 4, 6, 2, 1, 1, 6, 9, 32, 16, 6, 0, 0, 0, 0, 0, 0, 0, 0, 0, 0, 0, 0, 0, 0, 0, 0, 0, 0, 0, 0, 0, 0, 0, 0, 0, 0, 0, 0, 0, 0, 0, 0, 0, 0, 0, 0, 0, 0, 0, 0, 0, 0, 0, 0, 0, 0, 0, 0, 0, 0, 0, 0, 0, 0, 0, 0, 0, 0, 0, 0, 0, 0, 0, 0, 0, 0, 0, 0, 0, 0, 0, 0, 0, 0, 0, 0, 0, 0, 0, 0, 0, 0, 0, 0, 0, 0, 0, 0, 0, 0, 0, 0, 0, 0, 0, 0, 0, 0, 0, 0, 0, 0, 0, 0, 0, 0, 0, 0, 0, 0, : 12, 6, 12, 2, 4, 10, 17, 2, 8, 1, 1, 4, 22, 21, 1, 10, 34, 12, 5, 1, 14, 1, 15, 1, 1, 2, 7, 13, 3, 3, 27, 1, 4, 2, 3, 1, 5, 4, 5, 1, 27, 2, 3, 17, 6, 4, 32, 13, 2, 2, 4, 17, 3, 1, 2, 12, 14, 4, 9, 2, 1, 1, 5, 7, 20, 6, 3, 1, 32, 2, 10, 8, 3, 17, 1, 27, 1, 5, 14, 19, 4, 6, 2, 1, 1, 6, 9, 32, 16, 6, 
15: 1, 4, 1, 6, 1, 2, 1, 5, 9, 22, 3, 4, 11, 6, 10, 9, 2, 3, 16, 1, 6, 1, 1, 1, 11, 21, 1, 23, 16, 2, 5, 6, 14, 10, 3, 1, 2, 10, 4, 2, 16, 2, 9, 7, 27, 9, 21, 4, 32, 27, 10, 27, 6, 16, 1, 4, 33, 2, 4, 9, 4, 4, 5, 8, 3, 17, 14, 5, 6, 6, 22, 13, 14, 2, 1, 9, 6, 12, 7, 7, 4, 2, 22, 11, 1, 23, 9, 15, 7, 3, 2, 5, 2, 1, 1, 2, 8, 2, 1, 8, 8, 13, 3, 6, 2, 4, 3, 3, 16, 5, 10, 4, 5, 3, 7, 0, 0, 0, 0, 0, 0, 0, 0, 0, 0, 0, 0, 0, 0, 0, 0, 0, 0, 0, 0, 0, 0, 0, 0, 0, 0, 0, 0, 0, 0, 0, 0, 0, 0, 0, 0, 0, 0, 0, 0, 0, 0, 0, 0, 0, 0, 0, 0, 0, 0, 0, 0, 0, 0, 0, 0, 0, 0, 0, 0, 0, 0, 0, 0, 0, 0, 0, 0, 0, 0, 0, 0, 0, 0, 0, 0, 0, 0, 0, 0, 0, 0, 0, 0, 0, : 1, 4, 1, 6, 1, 2, 1, 5, 9, 22, 3, 4, 11, 6, 10, 9, 2, 3, 16, 1, 6, 1, 1, 1, 11, 21, 1, 23, 16, 2, 5, 6, 14, 10, 3, 1, 2, 10, 4, 2, 16, 2, 9, 7, 27, 9, 21, 4, 32, 27, 10, 27, 6, 16, 1, 4, 33, 2, 4, 9, 4, 4, 5, 8, 3, 17, 14, 5, 6, 6, 22, 13, 14, 2, 1, 9, 6, 12, 7, 7, 4, 2, 22, 11, 1, 23, 9, 15, 7, 3, 2, 5, 2, 1, 1, 2, 8, 2, 1, 8, 8, 13, 3, 6, 2, 4, 3, 3, 16, 5, 10, 4, 5, 3, 7, 
16: 6, 15, 9, 17, 9, 7, 1, 8, 16, 4, 8, 13, 7, 4, 20, 7, 6, 17, 24, 19, 1, 5, 10, 9, 5, 30, 3, 4, 10, 31, 4, 2, 2, 10, 4, 2, 8, 8, 15, 4, 1, 7, 3, 2, 9, 15, 3, 10, 3, 5, 20, 15, 5, 5, 10, 19, 5, 36, 19, 1, 2, 3, 3, 10, 26, 2, 16, 15, 1, 7, 14, 2, 28, 11, 4, 15, 1, 8, 9, 3, 5, 9, 1, 1, 17, 1, 3, 1, 17, 23, 4, 21, 19, 10, 9, 1, 1, 7, 10, 11, 3, 29, 12, 6, 0, 0, 0, 0, 0, 0, 0, 0, 0, 0, 0, 0, 0, 0, 0, 0, 0, 0, 0, 0, 0, 0, 0, 0, 0, 0, 0, 0, 0, 0, 0, 0, 0, 0, 0, 0, 0, 0, 0, 0, 0, 0, 0, 0, 0, 0, 0, 0, 0, 0, 0, 0, 0, 0, 0, 0, 0, 0, 0, 0, 0, 0, 0, 0, 0, 0, 0, 0, 0, 0, 0, 0, 0, 0, 0, 0, 0, 0, 0, 0, 0, 0, 0, 0, 0, 0, 0, 0, 0, 0, 0, 0, 0, 0, 0, 0, : 6, 15, 9, 17, 9, 7, 1, 8, 16, 4, 8, 13, 7, 4, 20, 7, 6, 17, 24, 19, 1, 5, 10, 9, 5, 30, 3, 4, 10, 31, 4, 2, 2, 10, 4, 2, 8, 8, 15, 4, 1, 7, 3, 2, 9, 15, 3, 10, 3, 5, 20, 15, 5, 5, 10, 19, 5, 36, 19, 1, 2, 3, 3, 10, 26, 2, 16, 15, 1, 7, 14, 2, 28, 11, 4, 15, 1, 8, 9, 3, 5, 9, 1, 1, 17, 1, 3, 1, 17, 23, 4, 21, 19, 10, 9, 1, 1, 7, 10, 11, 3, 29, 12, 6, 
17: 3, 3, 7, 1, 7, 9, 5, 5, 6, 15, 23, 20, 1, 31, 4, 11, 13, 3, 2, 5, 22, 24, 16, 6, 7, 8, 5, 18, 11, 1, 4, 8, 28, 4, 13, 1, 36, 10, 25, 3, 5, 2, 4, 4, 1, 28, 6, 18, 16, 2, 32, 1, 29, 7, 4, 1, 2, 5, 17, 1, 2, 16, 7, 23, 2, 3, 1, 2, 10, 5, 11, 18, 5, 4, 3, 16, 3, 32, 9, 1, 8, 14, 25, 10, 3, 7, 2, 3, 32, 18, 11, 10, 24, 3, 2, 3, 4, 4, 4, 10, 17, 5, 1, 9, 2, 15, 9, 4, 6, 6, 29, 8, 1, 11, 11, 20, 0, 0, 0, 0, 0, 0, 0, 0, 0, 0, 0, 0, 0, 0, 0, 0, 0, 0, 0, 0, 0, 0, 0, 0, 0, 0, 0, 0, 0, 0, 0, 0, 0, 0, 0, 0, 0, 0, 0, 0, 0, 0, 0, 0, 0, 0, 0, 0, 0, 0, 0, 0, 0, 0, 0, 0, 0, 0, 0, 0, 0, 0, 0, 0, 0, 0, 0, 0, 0, 0, 0, 0, 0, 0, 0, 0, 0, 0, 0, 0, 0, 0, 0, 0, : 3, 3, 7, 1, 7, 9, 5, 5, 6, 15, 23, 20, 1, 31, 4, 11, 13, 3, 2, 5, 22, 24, 16, 6, 7, 8, 5, 18, 11, 1, 4, 8, 28, 4, 13, 1, 36, 10, 25, 3, 5, 2, 4, 4, 1, 28, 6, 18, 16, 2, 32, 1, 29, 7, 4, 1, 2, 5, 17, 1, 2, 16, 7, 23, 2, 3, 1, 2, 10, 5, 11, 18, 5, 4, 3, 16, 3, 32, 9, 1, 8, 14, 25, 10, 3, 7, 2, 3, 32, 18, 11, 10, 24, 3, 2, 3, 4, 4, 4, 10, 17, 5, 1, 9, 2, 15, 9, 4, 6, 6, 29, 8, 1, 11, 11, 20, 
18: 10, 1, 11, 1, 6, 13, 5, 8, 11, 6, 13, 9, 4, 12, 10, 1, 3, 6, 2, 1, 7, 6, 7, 2, 14, 3, 1, 2, 4, 11, 21, 15, 17, 8, 26, 5, 12, 1, 12, 1, 29, 3, 20, 8, 11, 4, 16, 18, 14, 1, 10, 11, 6, 2, 1, 1, 5, 16, 1, 34, 23, 8, 3, 2, 8, 3, 1, 8, 4, 5, 26, 4, 1, 1, 1, 12, 2, 1, 3, 1, 21, 31, 11, 3, 16, 1, 3, 14, 18, 2, 4, 23, 7, 5, 1, 2, 21, 1, 2, 2, 3, 5, 9, 15, 1, 14, 5, 12, 0, 0, 0, 0, 0, 0, 0, 0, 0, 0, 0, 0, 0, 0, 0, 0, 0, 0, 0, 0, 0, 0, 0, 0, 0, 0, 0, 0, 0, 0, 0, 0, 0, 0, 0, 0, 0, 0, 0, 0, 0, 0, 0, 0, 0, 0, 0, 0, 0, 0, 0, 0, 0, 0, 0, 0, 0, 0, 0, 0, 0, 0, 0, 0, 0, 0, 0, 0, 0, 0, 0, 0, 0, 0, 0, 0, 0, 0, 0, 0, 0, 0, 0, 0, 0, 0, 0, 0, 0, 0, 0, 0, : 10, 1, 11, 1, 6, 13, 5, 8, 11, 6, 13, 9, 4, 12, 10, 1, 3, 6, 2, 1, 7, 6, 7, 2, 14, 3, 1, 2, 4, 11, 21, 15, 17, 8, 26, 5, 12, 1, 12, 1, 29, 3, 20, 8, 11, 4, 16, 18, 14, 1, 10, 11, 6, 2, 1, 1, 5, 16, 1, 34, 23, 8, 3, 2, 8, 3, 1, 8, 4, 5, 26, 4, 1, 1, 1, 12, 2, 1, 3, 1, 21, 31, 11, 3, 16, 1, 3, 14, 18, 2, 4, 23, 7, 5, 1, 2, 21, 1, 2, 2, 3, 5, 9, 15, 1, 14, 5, 12, 
19: 4, 13, 7, 1, 8, 4, 12, 1, 16, 4, 21, 3, 17, 6, 2, 6, 6, 22, 21, 2, 4, 1, 17, 6, 4, 8, 23, 7, 3, 5, 4, 8, 5, 11, 30, 10, 1, 2, 4, 1, 5, 8, 8, 17, 10, 8, 11, 6, 5, 28, 26, 31, 7, 3, 11, 4, 6, 1, 3, 6, 5, 2, 28, 5, 3, 6, 1, 1, 4, 23, 4, 1, 1, 3, 2, 4, 16, 12, 15, 21, 1, 15, 5, 1, 4, 9, 5, 15, 10, 2, 20, 7, 16, 11, 5, 7, 2, 15, 21, 4, 4, 3, 24, 1, 2, 1, 2, 2, 0, 0, 0, 0, 0, 0, 0, 0, 0, 0, 0, 0, 0, 0, 0, 0, 0, 0, 0, 0, 0, 0, 0, 0, 0, 0, 0, 0, 0, 0, 0, 0, 0, 0, 0, 0, 0, 0, 0, 0, 0, 0, 0, 0, 0, 0, 0, 0, 0, 0, 0, 0, 0, 0, 0, 0, 0, 0, 0, 0, 0, 0, 0, 0, 0, 0, 0, 0, 0, 0, 0, 0, 0, 0, 0, 0, 0, 0, 0, 0, 0, 0, 0, 0, 0, 0, 0, 0, 0, 0, 0, 0, : 4, 13, 7, 1, 8, 4, 12, 1, 16, 4, 21, 3, 17, 6, 2, 6, 6, 22, 21, 2, 4, 1, 17, 6, 4, 8, 23, 7, 3, 5, 4, 8, 5, 11, 30, 10, 1, 2, 4, 1, 5, 8, 8, 17, 10, 8, 11, 6, 5, 28, 26, 31, 7, 3, 11, 4, 6, 1, 3, 6, 5, 2, 28, 5, 3, 6, 1, 1, 4, 23, 4, 1, 1, 3, 2, 4, 16, 12, 15, 21, 1, 15, 5, 1, 4, 9, 5, 15, 10, 2, 20, 7, 16, 11, 5, 7, 2, 15, 21, 4, 4, 3, 24, 1, 2, 1, 2, 2, 
20: 10, 2, 17, 8, 2, 16, 31, 16, 9, 5, 15, 5, 4, 10, 19, 7, 31, 1, 3, 6, 1, 9, 19, 1, 5, 19, 10, 6, 23, 4, 16, 2, 3, 1, 13, 14, 1, 1, 19, 1, 6, 12, 10, 1, 5, 6, 10, 5, 18, 12, 8, 9, 3, 15, 6, 9, 5, 9, 1, 5, 3, 9, 4, 6, 3, 1, 1, 28, 2, 35, 3, 3, 5, 5, 7, 9, 1, 23, 1, 7, 2, 7, 6, 7, 0, 0, 0, 0, 0, 0, 0, 0, 0, 0, 0, 0, 0, 0, 0, 0, 0, 0, 0, 0, 0, 0, 0, 0, 0, 0, 0, 0, 0, 0, 0, 0, 0, 0, 0, 0, 0, 0, 0, 0, 0, 0, 0, 0, 0, 0, 0, 0, 0, 0, 0, 0, 0, 0, 0, 0, 0, 0, 0, 0, 0, 0, 0, 0, 0, 0, 0, 0, 0, 0, 0, 0, 0, 0, 0, 0, 0, 0, 0, 0, 0, 0, 0, 0, 0, 0, 0, 0, 0, 0, 0, 0, 0, 0, 0, 0, 0, 0, 0, 0, 0, 0, 0, 0, 0, 0, 0, 0, 0, 0, 0, 0, 0, 0, 0, 0, : 10, 2, 17, 8, 2, 16, 31, 16, 9, 5, 15, 5, 4, 10, 19, 7, 31, 1, 3, 6, 1, 9, 19, 1, 5, 19, 10, 6, 23, 4, 16, 2, 3, 1, 13, 14, 1, 1, 19, 1, 6, 12, 10, 1, 5, 6, 10, 5, 18, 12, 8, 9, 3, 15, 6, 9, 5, 9, 1, 5, 3, 9, 4, 6, 3, 1, 1, 28, 2, 35, 3, 3, 5, 5, 7, 9, 1, 23, 1, 7, 2, 7, 6, 7, 


