80
100
1: 13, 7, 2, 26, 3, 6, 21, 25, 31, 3, 2, 4, 29, 3, 2, 20, 6, 26, 3, 1, 4, 3, 7, 5, 2, 1, 29, 13, 4, 2, 11, 24, 10, 5, 1, 2, 9, 17, 10, 9, 4, 6, 4, 5, 8, 3, 5, 1, 18, 0, 0, 0, 0, 0, 0, 0, 0, 0, 0, 0, 0, 0, 0, 0, 0, 0, 0, 0, 0, 0, 0, 0, 0, 0, 0, 0, 0, 0, 0, 0, : 13, 7, 2, 26, 3, 6, 21, 25, 31, 3, 2, 4, 29, 3, 2, 20, 6, 26, 3, 1, 4, 3, 7, 5, 2, 1, 29, 13, 4, 2, 11, 24, 10, 5, 1, 2, 9, 17, 10, 9, 4, 6, 4, 5, 8, 3, 5, 1, 18, 
2: 6, 7, 5, 3, 28, 4, 28, 3, 17, 15, 18, 6, 16, 8, 1, 16, 3, 3, 11, 22, 7, 6, 6, 5, 1, 3, 3, 8, 16, 1, 1, 4, 34, 11, 8, 17, 2, 1, 8, 18, 0, 0, 0, 0, 0, 0, 0, 0, 0, 0, 0, 0, 0, 0, 0, 0, 0, 0, 0, 0, 0, 0, 0, 0, 0, 0, 0, 0, 0, 0, 0, 0, 0, 0, 0, 0, 0, 0, 0, 0, : 6, 7, 5, 3, 28, 4, 28, 3, 17, 15, 18, 6, 16, 8, 1, 16, 3, 3, 11, 22, 7, 6, 6, 5, 1, 3, 3, 8, 16, 1, 1, 4, 34, 11, 8, 17, 2, 1, 8, 18, 
3: 19, 1, 7, 18, 4, 8, 4, 1, 10, 16, 4, 9, 18, 12, 21, 22, 1, 28, 2, 1, 7, 8, 13, 3, 19, 10, 5, 3, 3, 18, 1, 1, 9, 0, 0, 0, 0, 0, 0, 0, 0, 0, 0, 0, 0, 0, 0, 0, 0, 0, 0, 0, 0, 0, 0, 0, 0, 0, 0, 0, 0, 0, 0, 0, 0, 0, 0, 0, 0, 0, 0, 0, 0, 0, 0, 0, 0, 0, 0, 0, : 19, 1, 7, 18, 4, 8, 4, 1, 10, 16, 4, 9, 18, 12, 21, 22, 1, 28, 2, 1, 7, 8, 13, 3, 19, 10, 5, 3, 3, 18, 1, 1, 9, 
4: 4, 4, 16, 2, 1, 15, 9, 1, 3, 21, 17, 29, 4, 4, 8, 7, 5, 1, 9, 11, 8, 15, 7, 20, 2, 9, 22, 15, 5, 3, 3, 2, 1, 1, 7, 1, 7, 3, 2, 15, 12, 4, 3, 1, 15, 1, 3, 0, 0, 0, 0, 0, 0, 0, 0, 0, 0, 0, 0, 0, 0, 0, 0, 0, 0, 0, 0, 0, 0, 0, 0, 0, 0, 0, 0, 0, 0, 0, 0, 0, : 4, 4, 16, 2, 1, 15, 9, 1, 3, 21, 17, 29, 4, 4, 8, 7, 5, 1, 9, 11, 8, 15, 7, 20, 2, 9, 22, 15, 5, 3, 3, 2, 1, 1, 7, 1, 7, 3, 2, 15, 12, 4, 3, 1, 15, 1, 3, 
5: 5, 6, 3, 3, 2, 24, 11, 2, 1, 12, 6, 2, 13, 16, 4, 4, 2, 5, 19, 2, 4, 13, 21, 1, 2, 15, 7, 2, 4, 1, 3, 2, 9, 12, 2, 1, 3, 8, 1, 5, 0, 0, 0, 0, 0, 0, 0, 0, 0, 0, 0, 0, 0, 0, 0, 0, 0, 0, 0, 0, 0, 0, 0, 0, 0, 0, 0, 0, 0, 0, 0, 0, 0, 0, 0, 0, 0, 0, 0, 0, : 5, 6, 3, 3, 2, 24, 11, 2, 1, 12, 6, 2, 13, 16, 4, 4, 2, 5, 19, 2, 4, 13, 21, 1, 2, 15, 7, 2, 4, 1, 3, 2, 9, 12, 2, 1, 3, 8, 1, 5, 
6: 6, 13, 11, 2, 31, 2, 1, 14, 6, 8, 1, 14, 1, 1, 2, 2, 24, 13, 25, 18, 3, 6, 8, 19, 7, 21, 5, 0, 0, 0, 0, 0, 0, 0, 0, 0, 0, 0, 0, 0, 0, 0, 0, 0, 0, 0, 0, 0, 0, 0, 0, 0, 0, 0, 0, 0, 0, 0, 0, 0, 0, 0, 0, 0, 0, 0, 0, 0, 0, 0, 0, 0, 0, 0, 0, 0, 0, 0, 0, 0, : 6, 13, 11, 2, 31, 2, 1, 14, 6, 8, 1, 14, 1, 1, 2, 2, 24, 13, 25, 18, 3, 6, 8, 19, 7, 21, 5, 
7: 12, 2, 6, 2, 9, 22, 3, 8, 2, 3, 2, 8, 1, 4, 1, 6, 5, 2, 5, 11, 4, 1, 1, 2, 3, 5, 13, 2, 1, 4, 30, 1, 9, 0, 0, 0, 0, 0, 0, 0, 0, 0, 0, 0, 0, 0, 0, 0, 0, 0, 0, 0, 0, 0, 0, 0, 0, 0, 0, 0, 0, 0, 0, 0, 0, 0, 0, 0, 0, 0, 0, 0, 0, 0, 0, 0, 0, 0, 0, 0, : 12, 2, 6, 2, 9, 22, 3, 8, 2, 3, 2, 8, 1, 4, 1, 6, 5, 2, 5, 11, 4, 1, 1, 2, 3, 5, 13, 2, 1, 4, 30, 1, 9, 
8: 4, 12, 34, 13, 2, 1, 5, 3, 5, 24, 11, 16, 8, 5, 15, 2, 20, 19, 11, 7, 13, 9, 37, 1, 24, 13, 2, 6, 2, 6, 1, 5, 4, 8, 1, 1, 11, 24, 2, 11, 15, 3, 2, 14, 2, 1, 9, 3, 0, 0, 0, 0, 0, 0, 0, 0, 0, 0, 0, 0, 0, 0, 0, 0, 0, 0, 0, 0, 0, 0, 0, 0, 0, 0, 0, 0, 0, 0, 0, 0, : 4, 12, 34, 13, 2, 1, 5, 3, 5, 24, 11, 16, 8, 5, 15, 2, 20, 19, 11, 7, 13, 9, 37, 1, 24, 13, 2, 6, 2, 6, 1, 5, 4, 8, 1, 1, 11, 24, 2, 11, 15, 3, 2, 14, 2, 1, 9, 3, 
9: 3, 2, 17, 1, 4, 12, 2, 13, 27, 8, 5, 5, 3, 28, 8, 6, 4, 1, 6, 16, 26, 3, 1, 13, 17, 1, 26, 27, 11, 1, 6, 2, 4, 2, 4, 5, 3, 4, 1, 4, 6, 10, 5, 14, 15, 8, 8, 8, 8, 3, 12, 4, 23, 6, 2, 15, 0, 0, 0, 0, 0, 0, 0, 0, 0, 0, 0, 0, 0, 0, 0, 0, 0, 0, 0, 0, 0, 0, 0, 0, : 3, 2, 17, 1, 4, 12, 2, 13, 27, 8, 5, 5, 3, 28, 8, 6, 4, 1, 6, 16, 26, 3, 1, 13, 17, 1, 26, 27, 11, 1, 6, 2, 4, 2, 4, 5, 3, 4, 1, 4, 6, 10, 5, 14, 15, 8, 8, 8, 8, 3, 12, 4, 23, 6, 2, 15, 
10: 2, 10, 12, 1, 1, 9, 12, 1, 4, 1, 2, 9, 14, 2, 7, 3, 25, 1, 3, 21, 2, 1, 36, 5, 6, 9, 25, 5, 1, 3, 2, 6, 9, 3, 2, 8, 19, 5, 7, 6, 12, 2, 5, 8, 12, 2, 14, 5, 24, 2, 23, 7, 2, 15, 1, 3, 9, 2, 5, 1, 0, 0, 0, 0, 0, 0, 0, 0, 0, 0, 0, 0, 0, 0, 0, 0, 0, 0, 0, 0, : 2, 10, 12, 1, 1, 9, 12, 1, 4, 1, 2, 9, 14, 2, 7, 3, 25, 1, 3, 21, 2, 1, 36, 5, 6, 9, 25, 5, 1, 3, 2, 6, 9, 3, 2, 8, 19, 5, 7, 6, 12, 2, 5, 8, 12, 2, 14, 5, 24, 2, 23, 7, 2, 15, 1, 3, 9, 2, 5, 1, 
11: 25, 2, 11, 3, 26, 11, 9, 1, 25, 8, 4, 5, 1, 1, 2, 7, 3, 4, 3, 9, 9, 4, 5, 4, 25, 5, 1, 6, 5, 1, 5, 17, 34, 15, 1, 17, 2, 13, 1, 16, 2, 6, 5, 1, 13, 6, 12, 15, 4, 9, 1, 1, 3, 0, 0, 0, 0, 0, 0, 0, 0, 0, 0, 0, 0, 0, 0, 0, 0, 0, 0, 0, 0, 0, 0, 0, 0, 0, 0, 0, : 25, 2, 11, 3, 26, 11, 9, 1, 25, 8, 4, 5, 1, 1, 2, 7, 3, 4, 3, 9, 9, 4, 5, 4, 25, 5, 1, 6, 5, 1, 5, 17, 34, 15, 1, 17, 2, 13, 1, 16, 2, 6, 5, 1, 13, 6, 12, 15, 4, 9, 1, 1, 3, 
12: 30, 8, 11, 3, 4, 14, 2, 15, 8, 17, 15, 1, 4, 7, 6, 7, 3, 7, 7, 8, 1, 26, 2, 15, 5, 26, 12, 22, 15, 2, 5, 1, 26, 3, 9, 11, 26, 10, 9, 17, 19, 2, 2, 19, 1, 0, 0, 0, 0, 0, 0, 0, 0, 0, 0, 0, 0, 0, 0, 0, 0, 0, 0, 0, 0, 0, 0, 0, 0, 0, 0, 0, 0, 0, 0, 0, 0, 0, 0, 0, : 30, 8, 11, 3, 4, 14, 2, 15, 8, 17, 15, 1, 4, 7, 6, 7, 3, 7, 7, 8, 1, 26, 2, 15, 5, 26, 12, 22, 15, 2, 5, 1, 26, 3, 9, 11, 26, 10, 9, 17, 19, 2, 2, 19, 1, 
13: 4, 16, 2, 1, 2, 8, 3, 4, 18, 2, 4, 6, 9, 7, 1, 12, 18, 5, 11, 30, 7, 7, 4, 5, 1, 3, 5, 2, 2, 2, 0, 0, 0, 0, 0, 0, 0, 0, 0, 0, 0, 0, 0, 0, 0, 0, 0, 0, 0, 0, 0, 0, 0, 0, 0, 0, 0, 0, 0, 0, 0, 0, 0, 0, 0, 0, 0, 0, 0, 0, 0, 0, 0, 0, 0, 0, 0, 0, 0, 0, : 4, 16, 2, 1, 2, 8, 3, 4, 18, 2, 4, 6, 9, 7, 1, 12, 18, 5, 11, 30, 7, 7, 4, 5, 1, 3, 5, 2, 2, 2, 
14: 13, 9, 8, 1, 1, 18, 3, 10, 1, 14, 10, 3, 15, 4, 4, 8, 3, 4, 12, 5, 33, 8, 1, 8, 20, 2, 1, 2, 6, 8, 6, 1, 18, 1, 10, 21, 6, 1, 4, 2, 30, 20, 1, 0, 0, 0, 0, 0, 0, 0, 0, 0, 0, 0, 0, 0, 0, 0, 0, 0, 0, 0, 0, 0, 0, 0, 0, 0, 0, 0, 0, 0, 0, 0, 0, 0, 0, 0, 0, 0, : 13, 9, 8, 1, 1, 18, 3, 10, 1, 14, 10, 3, 15, 4, 4, 8, 3, 4, 12, 5, 33, 8, 1, 8, 20, 2, 1, 2, 6, 8, 6, 1, 18, 1, 10, 21, 6, 1, 4, 2, 30, 20, 1, 
15: 17, 6, 3, 9, 5, 2, 13, 5, 26, 1, 2, 3, 10, 13, 26, 3, 1, 12, 11, 2, 4, 12, 8, 2, 1, 28, 4, 2, 4, 9, 7, 25, 28, 0, 0, 0, 0, 0, 0, 0, 0, 0, 0, 0, 0, 0, 0, 0, 0, 0, 0, 0, 0, 0, 0, 0, 0, 0, 0, 0, 0, 0, 0, 0, 0, 0, 0, 0, 0, 0, 0, 0, 0, 0, 0, 0, 0, 0, 0, 0, : 17, 6, 3, 9, 5, 2, 13, 5, 26, 1, 2, 3, 10, 13, 26, 3, 1, 12, 11, 2, 4, 12, 8, 2, 1, 28, 4, 2, 4, 9, 7, 25, 28, 
16: 9, 21, 1, 22, 26, 6, 1, 1, 5, 2, 7, 8, 20, 27, 7, 5, 4, 9, 24, 6, 35, 3, 2, 17, 21, 2, 5, 7, 8, 18, 0, 0, 0, 0, 0, 0, 0, 0, 0, 0, 0, 0, 0, 0, 0, 0, 0, 0, 0, 0, 0, 0, 0, 0, 0, 0, 0, 0, 0, 0, 0, 0, 0, 0, 0, 0, 0, 0, 0, 0, 0, 0, 0, 0, 0, 0, 0, 0, 0, 0, : 9, 21, 1, 22, 26, 6, 1, 1, 5, 2, 7, 8, 20, 27, 7, 5, 4, 9, 24, 6, 35, 3, 2, 17, 21, 2, 5, 7, 8, 18, 
17: 9, 17, 2, 8, 11, 1, 16, 27, 4, 2, 3, 2, 11, 1, 2, 15, 12, 12, 2, 12, 12, 11, 1, 27, 33, 13, 2, 17, 6, 33, 1, 1, 2, 1, 4, 1, 21, 12, 14, 34, 21, 4, 10, 9, 8, 11, 24, 12, 3, 12, 0, 0, 0, 0, 0, 0, 0, 0, 0, 0, 0, 0, 0, 0, 0, 0, 0, 0, 0, 0, 0, 0, 0, 0, 0, 0, 0, 0, 0, 0, : 9, 17, 2, 8, 11, 1, 16, 27, 4, 2, 3, 2, 11, 1, 2, 15, 12, 12, 2, 12, 12, 11, 1, 27, 33, 13, 2, 17, 6, 33, 1, 1, 2, 1, 4, 1, 21, 12, 14, 34, 21, 4, 10, 9, 8, 11, 24, 12, 3, 12, 
18: 1, 6, 5, 4, 6, 13, 5, 9, 13, 6, 6, 1, 29, 17, 3, 15, 12, 2, 3, 2, 6, 5, 14, 35, 2, 5, 5, 0, 0, 0, 0, 0, 0, 0, 0, 0, 0, 0, 0, 0, 0, 0, 0, 0, 0, 0, 0, 0, 0, 0, 0, 0, 0, 0, 0, 0, 0, 0, 0, 0, 0, 0, 0, 0, 0, 0, 0, 0, 0, 0, 0, 0, 0, 0, 0, 0, 0, 0, 0, 0, : 1, 6, 5, 4, 6, 13, 5, 9, 13, 6, 6, 1, 29, 17, 3, 15, 12, 2, 3, 2, 6, 5, 14, 35, 2, 5, 5, 
19: 11, 1, 29, 8, 2, 21, 8, 4, 4, 2, 6, 34, 4, 3, 7, 12, 1, 3, 3, 1, 4, 4, 1, 14, 8, 2, 7, 24, 4, 3, 9, 2, 0, 0, 0, 0, 0, 0, 0, 0, 0, 0, 0, 0, 0, 0, 0, 0, 0, 0, 0, 0, 0, 0, 0, 0, 0, 0, 0, 0, 0, 0, 0, 0, 0, 0, 0, 0, 0, 0, 0, 0, 0, 0, 0, 0, 0, 0, 0, 0, : 11, 1, 29, 8, 2, 21, 8, 4, 4, 2, 6, 34, 4, 3, 7, 12, 1, 3, 3, 1, 4, 4, 1, 14, 8, 2, 7, 24, 4, 3, 9, 2, 
20: 13, 4, 6, 2, 3, 4, 4, 9, 1, 13, 10, 1, 6, 19, 2, 23, 2, 3, 5, 11, 13, 24, 9, 4, 18, 1, 1, 1, 21, 6, 10, 21, 20, 6, 2, 4, 3, 0, 0, 0, 0, 0, 0, 0, 0, 0, 0, 0, 0, 0, 0, 0, 0, 0, 0, 0, 0, 0, 0, 0, 0, 0, 0, 0, 0, 0, 0, 0, 0, 0, 0, 0, 0, 0, 0, 0, 0, 0, 0, 0, : 13, 4, 6, 2, 3, 4, 4, 9, 1, 13, 10, 1, 6, 19, 2, 23, 2, 3, 5, 11, 13, 24, 9, 4, 18, 1, 1, 1, 21, 6, 10, 21, 20, 6, 2, 4, 3, 
21: 19, 5, 2, 9, 5, 25, 7, 2, 10, 12, 11, 4, 23, 5, 10, 3, 16, 2, 2, 26, 15, 31, 0, 0, 0, 0, 0, 0, 0, 0, 0, 0, 0, 0, 0, 0, 0, 0, 0, 0, 0, 0, 0, 0, 0, 0, 0, 0, 0, 0, 0, 0, 0, 0, 0, 0, 0, 0, 0, 0, 0, 0, 0, 0, 0, 0, 0, 0, 0, 0, 0, 0, 0, 0, 0, 0, 0, 0, 0, 0, : 19, 5, 2, 9, 5, 25, 7, 2, 10, 12, 11, 4, 23, 5, 10, 3, 16, 2, 2, 26, 15, 31, 
22: 1, 1, 3, 1, 3, 1, 2, 4, 18, 3, 1, 7, 5, 5, 7, 11, 1, 9, 3, 24, 10, 20, 21, 2, 3, 9, 22, 10, 3, 22, 16, 2, 26, 3, 14, 2, 4, 3, 12, 1, 15, 12, 2, 10, 10, 27, 7, 1, 4, 0, 0, 0, 0, 0, 0, 0, 0, 0, 0, 0, 0, 0, 0, 0, 0, 0, 0, 0, 0, 0, 0, 0, 0, 0, 0, 0, 0, 0, 0, 0, : 1, 1, 3, 1, 3, 1, 2, 4, 18, 3, 1, 7, 5, 5, 7, 11, 1, 9, 3, 24, 10, 20, 21, 2, 3, 9, 22, 10, 3, 22, 16, 2, 26, 3, 14, 2, 4, 3, 12, 1, 15, 12, 2, 10, 10, 27, 7, 1, 4, 
23: 6, 3, 4, 4, 2, 2, 5, 15, 1, 2, 1, 8, 9, 9, 13, 8, 16, 1, 1, 5, 22, 3, 2, 6, 1, 14, 0, 0, 0, 0, 0, 0, 0, 0, 0, 0, 0, 0, 0, 0, 0, 0, 0, 0, 0, 0, 0, 0, 0, 0, 0, 0, 0, 0, 0, 0, 0, 0, 0, 0, 0, 0, 0, 0, 0, 0, 0, 0, 0, 0, 0, 0, 0, 0, 0, 0, 0, 0, 0, 0, : 6, 3, 4, 4, 2, 2, 5, 15, 1, 2, 1, 8, 9, 9, 13, 8, 16, 1, 1, 5, 22, 3, 2, 6, 1, 14, 
24: 1, 4, 10, 1, 18, 28, 13, 2, 1, 3, 3, 17, 8, 18, 13, 4, 7, 8, 14, 11, 1, 11, 2, 6, 16, 12, 2, 11, 15, 32, 21, 4, 5, 4, 10, 4, 20, 19, 18, 1, 1, 21, 17, 0, 0, 0, 0, 0, 0, 0, 0, 0, 0, 0, 0, 0, 0, 0, 0, 0, 0, 0, 0, 0, 0, 0, 0, 0, 0, 0, 0, 0, 0, 0, 0, 0, 0, 0, 0, 0, : 1, 4, 10, 1, 18, 28, 13, 2, 1, 3, 3, 17, 8, 18, 13, 4, 7, 8, 14, 11, 1, 11, 2, 6, 16, 12, 2, 11, 15, 32, 21, 4, 5, 4, 10, 4, 20, 19, 18, 1, 1, 21, 17, 
25: 1, 4, 6, 29, 7, 2, 7, 6, 4, 2, 1, 5, 1, 7, 18, 1, 14, 8, 1, 18, 13, 18, 7, 5, 21, 5, 16, 4, 2, 3, 33, 6, 0, 0, 0, 0, 0, 0, 0, 0, 0, 0, 0, 0, 0, 0, 0, 0, 0, 0, 0, 0, 0, 0, 0, 0, 0, 0, 0, 0, 0, 0, 0, 0, 0, 0, 0, 0, 0, 0, 0, 0, 0, 0, 0, 0, 0, 0, 0, 0, : 1, 4, 6, 29, 7, 2, 7, 6, 4, 2, 1, 5, 1, 7, 18, 1, 14, 8, 1, 18, 13, 18, 7, 5, 21, 5, 16, 4, 2, 3, 33, 6, 
26: 13, 3, 5, 2, 8, 5, 1, 5, 5, 5, 1, 6, 11, 8, 9, 6, 8, 4, 13, 3, 5, 5, 3, 10, 8, 3, 19, 3, 9, 6, 2, 23, 1, 3, 5, 13, 22, 14, 20, 2, 2, 0, 0, 0, 0, 0, 0, 0, 0, 0, 0, 0, 0, 0, 0, 0, 0, 0, 0, 0, 0, 0, 0, 0, 0, 0, 0, 0, 0, 0, 0, 0, 0, 0, 0, 0, 0, 0, 0, 0, : 13, 3, 5, 2, 8, 5, 1, 5, 5, 5, 1, 6, 11, 8, 9, 6, 8, 4, 13, 3, 5, 5, 3, 10, 8, 3, 19, 3, 9, 6, 2, 23, 1, 3, 5, 13, 22, 14, 20, 2, 2, 
27: 2, 3, 4, 2, 7, 11, 12, 7, 5, 2, 10, 23, 1, 28, 10, 19, 15, 14, 3, 2, 3, 1, 2, 1, 3, 7, 7, 9, 1, 0, 0, 0, 0, 0, 0, 0, 0, 0, 0, 0, 0, 0, 0, 0, 0, 0, 0, 0, 0, 0, 0, 0, 0, 0, 0, 0, 0, 0, 0, 0, 0, 0, 0, 0, 0, 0, 0, 0, 0, 0, 0, 0, 0, 0, 0, 0, 0, 0, 0, 0, : 2, 3, 4, 2, 7, 11, 12, 7, 5, 2, 10, 23, 1, 28, 10, 19, 15, 14, 3, 2, 3, 1, 2, 1, 3, 7, 7, 9, 1, 
28: 17, 5, 14, 7, 7, 10, 33, 13, 2, 2, 1, 1, 11, 6, 23, 2, 3, 3, 1, 10, 11, 3, 7, 1, 4, 3, 1, 3, 1, 27, 5, 9, 5, 3, 7, 11, 31, 5, 27, 1, 1, 1, 13, 8, 0, 0, 0, 0, 0, 0, 0, 0, 0, 0, 0, 0, 0, 0, 0, 0, 0, 0, 0, 0, 0, 0, 0, 0, 0, 0, 0, 0, 0, 0, 0, 0, 0, 0, 0, 0, : 17, 5, 14, 7, 7, 10, 33, 13, 2, 2, 1, 1, 11, 6, 23, 2, 3, 3, 1, 10, 11, 3, 7, 1, 4, 3, 1, 3, 1, 27, 5, 9, 5, 3, 7, 11, 31, 5, 27, 1, 1, 1, 13, 8, 
29: 1, 8, 2, 14, 5, 6, 11, 2, 4, 15, 17, 1, 14, 3, 1, 16, 2, 7, 9, 17, 6, 1, 5, 3, 2, 6, 3, 8, 4, 23, 5, 6, 22, 7, 9, 12, 12, 23, 5, 3, 19, 4, 9, 0, 0, 0, 0, 0, 0, 0, 0, 0, 0, 0, 0, 0, 0, 0, 0, 0, 0, 0, 0, 0, 0, 0, 0, 0, 0, 0, 0, 0, 0, 0, 0, 0, 0, 0, 0, 0, : 1, 8, 2, 14, 5, 6, 11, 2, 4, 15, 17, 1, 14, 3, 1, 16, 2, 7, 9, 17, 6, 1, 5, 3, 2, 6, 3, 8, 4, 23, 5, 6, 22, 7, 9, 12, 12, 23, 5, 3, 19, 4, 9, 
30: 9, 1, 1, 3, 1, 7, 4, 13, 9, 12, 4, 4, 6, 19, 5, 6, 7, 11, 1, 8, 10, 3, 5, 0, 0, 0, 0, 0, 0, 0, 0, 0, 0, 0, 0, 0, 0, 0, 0, 0, 0, 0, 0, 0, 0, 0, 0, 0, 0, 0, 0, 0, 0, 0, 0, 0, 0, 0, 0, 0, 0, 0, 0, 0, 0, 0, 0, 0, 0, 0, 0, 0, 0, 0, 0, 0, 0, 0, 0, 0, : 9, 1, 1, 3, 1, 7, 4, 13, 9, 12, 4, 4, 6, 19, 5, 6, 7, 11, 1, 8, 10, 3, 5, 
31: 10, 7, 6, 5, 5, 13, 3, 2, 3, 1, 3, 3, 24, 3, 2, 3, 6, 2, 29, 6, 1, 10, 2, 1, 21, 17, 6, 1, 12, 11, 3, 1, 2, 9, 7, 10, 13, 6, 14, 5, 10, 5, 2, 8, 23, 4, 0, 0, 0, 0, 0, 0, 0, 0, 0, 0, 0, 0, 0, 0, 0, 0, 0, 0, 0, 0, 0, 0, 0, 0, 0, 0, 0, 0, 0, 0, 0, 0, 0, 0, : 10, 7, 6, 5, 5, 13, 3, 2, 3, 1, 3, 3, 24, 3, 2, 3, 6, 2, 29, 6, 1, 10, 2, 1, 21, 17, 6, 1, 12, 11, 3, 1, 2, 9, 7, 10, 13, 6, 14, 5, 10, 5, 2, 8, 23, 4, 
32: 1, 7, 1, 28, 3, 13, 15, 4, 11, 14, 6, 3, 5, 6, 15, 1, 32, 3, 1, 9, 23, 2, 7, 2, 12, 4, 5, 2, 1, 1, 4, 0, 0, 0, 0, 0, 0, 0, 0, 0, 0, 0, 0, 0, 0, 0, 0, 0, 0, 0, 0, 0, 0, 0, 0, 0, 0, 0, 0, 0, 0, 0, 0, 0, 0, 0, 0, 0, 0, 0, 0, 0, 0, 0, 0, 0, 0, 0, 0, 0, : 1, 7, 1, 28, 3, 13, 15, 4, 11, 14, 6, 3, 5, 6, 15, 1, 32, 3, 1, 9, 23, 2, 7, 2, 12, 4, 5, 2, 1, 1, 4, 
33: 2, 19, 18, 4, 7, 3, 16, 1, 1, 13, 8, 2, 11, 5, 4, 2, 2, 25, 8, 9, 4, 1, 3, 1, 1, 5, 18, 6, 13, 11, 1, 1, 35, 0, 0, 0, 0, 0, 0, 0, 0, 0, 0, 0, 0, 0, 0, 0, 0, 0, 0, 0, 0, 0, 0, 0, 0, 0, 0, 0, 0, 0, 0, 0, 0, 0, 0, 0, 0, 0, 0, 0, 0, 0, 0, 0, 0, 0, 0, 0, : 2, 19, 18, 4, 7, 3, 16, 1, 1, 13, 8, 2, 11, 5, 4, 2, 2, 25, 8, 9, 4, 1, 3, 1, 1, 5, 18, 6, 13, 11, 1, 1, 35, 
34: 5, 9, 5, 1, 13, 7, 2, 1, 4, 30, 8, 5, 2, 2, 12, 4, 4, 25, 8, 14, 4, 2, 2, 11, 24, 10, 12, 6, 1, 10, 2, 2, 16, 5, 1, 13, 17, 9, 0, 0, 0, 0, 0, 0, 0, 0, 0, 0, 0, 0, 0, 0, 0, 0, 0, 0, 0, 0, 0, 0, 0, 0, 0, 0, 0, 0, 0, 0, 0, 0, 0, 0, 0, 0, 0, 0, 0, 0, 0, 0, : 5, 9, 5, 1, 13, 7, 2, 1, 4, 30, 8, 5, 2, 2, 12, 4, 4, 25, 8, 14, 4, 2, 2, 11, 24, 10, 12, 6, 1, 10, 2, 2, 16, 5, 1, 13, 17, 9, 
35: 1, 21, 12, 1, 3, 11, 24, 15, 1, 36, 15, 15, 4, 18, 22, 8, 5, 18, 9, 9, 5, 3, 1, 1, 2, 8, 13, 24, 19, 5, 2, 7, 1, 6, 9, 7, 2, 14, 12, 2, 5, 17, 1, 3, 6, 3, 2, 6, 8, 9, 0, 0, 0, 0, 0, 0, 0, 0, 0, 0, 0, 0, 0, 0, 0, 0, 0, 0, 0, 0, 0, 0, 0, 0, 0, 0, 0, 0, 0, 0, : 1, 21, 12, 1, 3, 11, 24, 15, 1, 36, 15, 15, 4, 18, 22, 8, 5, 18, 9, 9, 5, 3, 1, 1, 2, 8, 13, 24, 19, 5, 2, 7, 1, 6, 9, 7, 2, 14, 12, 2, 5, 17, 1, 3, 6, 3, 2, 6, 8, 9, 
36: 14, 8, 7, 3, 12, 5, 3, 8, 5, 17, 1, 1, 15, 8, 14, 1, 1, 2, 30, 7, 1, 2, 8, 10, 4, 0, 0, 0, 0, 0, 0, 0, 0, 0, 0, 0, 0, 0, 0, 0, 0, 0, 0, 0, 0, 0, 0, 0, 0, 0, 0, 0, 0, 0, 0, 0, 0, 0, 0, 0, 0, 0, 0, 0, 0, 0, 0, 0, 0, 0, 0, 0, 0, 0, 0, 0, 0, 0, 0, 0, : 14, 8, 7, 3, 12, 5, 3, 8, 5, 17, 1, 1, 15, 8, 14, 1, 1, 2, 30, 7, 1, 2, 8, 10, 4, 
37: 12, 2, 3, 27, 11, 1, 12, 5, 7, 4, 16, 1, 7, 2, 6, 9, 4, 11, 4, 1, 21, 1, 2, 1, 17, 3, 5, 5, 4, 9, 6, 1, 1, 6, 23, 3, 2, 16, 3, 3, 2, 9, 26, 7, 5, 0, 0, 0, 0, 0, 0, 0, 0, 0, 0, 0, 0, 0, 0, 0, 0, 0, 0, 0, 0, 0, 0, 0, 0, 0, 0, 0, 0, 0, 0, 0, 0, 0, 0, 0, : 12, 2, 3, 27, 11, 1, 12, 5, 7, 4, 16, 1, 7, 2, 6, 9, 4, 11, 4, 1, 21, 1, 2, 1, 17, 3, 5, 5, 4, 9, 6, 1, 1, 6, 23, 3, 2, 16, 3, 3, 2, 9, 26, 7, 5, 
38: 7, 29, 9, 24, 9, 28, 1, 1, 15, 2, 3, 1, 2, 3, 13, 1, 9, 4, 1, 20, 17, 9, 24, 26, 3, 2, 6, 6, 1, 6, 1, 16, 12, 1, 2, 4, 0, 0, 0, 0, 0, 0, 0, 0, 0, 0, 0, 0, 0, 0, 0, 0, 0, 0, 0, 0, 0, 0, 0, 0, 0, 0, 0, 0, 0, 0, 0, 0, 0, 0, 0, 0, 0, 0, 0, 0, 0, 0, 0, 0, : 7, 29, 9, 24, 9, 28, 1, 1, 15, 2, 3, 1, 2, 3, 13, 1, 9, 4, 1, 20, 17, 9, 24, 26, 3, 2, 6, 6, 1, 6, 1, 16, 12, 1, 2, 4, 
39: 16, 3, 2, 4, 4, 13, 1, 18, 9, 4, 10, 1, 18, 27, 3, 16, 1, 7, 2, 25, 14, 4, 10, 26, 10, 1, 4, 5, 3, 8, 3, 6, 34, 6, 0, 0, 0, 0, 0, 0, 0, 0, 0, 0, 0, 0, 0, 0, 0, 0, 0, 0, 0, 0, 0, 0, 0, 0, 0, 0, 0, 0, 0, 0, 0, 0, 0, 0, 0, 0, 0, 0, 0, 0, 0, 0, 0, 0, 0, 0, : 16, 3, 2, 4, 4, 13, 1, 18, 9, 4, 10, 1, 18, 27, 3, 16, 1, 7, 2, 25, 14, 4, 10, 26, 10, 1, 4, 5, 3, 8, 3, 6, 34, 6, 
40: 3, 2, 7, 1, 2, 3, 25, 9, 3, 18, 1, 3, 10, 5, 17, 3, 17, 11, 1, 4, 2, 21, 16, 2, 1, 11, 1, 14, 22, 2, 8, 2, 16, 21, 10, 5, 1, 4, 0, 0, 0, 0, 0, 0, 0, 0, 0, 0, 0, 0, 0, 0, 0, 0, 0, 0, 0, 0, 0, 0, 0, 0, 0, 0, 0, 0, 0, 0, 0, 0, 0, 0, 0, 0, 0, 0, 0, 0, 0, 0, : 3, 2, 7, 1, 2, 3, 25, 9, 3, 18, 1, 3, 10, 5, 17, 3, 17, 11, 1, 4, 2, 21, 16, 2, 1, 11, 1, 14, 22, 2, 8, 2, 16, 21, 10, 5, 1, 4, 
41: 24, 8, 23, 1, 7, 1, 9, 2, 6, 10, 1, 13, 10, 24, 2, 1, 9, 2, 1, 26, 7, 4, 4, 15, 19, 4, 18, 13, 2, 6, 2, 2, 11, 34, 9, 36, 3, 19, 1, 2, 4, 16, 7, 10, 1, 33, 0, 0, 0, 0, 0, 0, 0, 0, 0, 0, 0, 0, 0, 0, 0, 0, 0, 0, 0, 0, 0, 0, 0, 0, 0, 0, 0, 0, 0, 0, 0, 0, 0, 0, : 24, 8, 23, 1, 7, 1, 9, 2, 6, 10, 1, 13, 10, 24, 2, 1, 9, 2, 1, 26, 7, 4, 4, 15, 19, 4, 18, 13, 2, 6, 2, 2, 11, 34, 9, 36, 3, 19, 1, 2, 4, 16, 7, 10, 1, 33, 
42: 7, 1, 2, 1, 1, 2, 1, 3, 3, 23, 2, 2, 8, 6, 1, 6, 3, 2, 13, 1, 8, 11, 2, 4, 11, 9, 7, 11, 17, 24, 17, 27, 3, 11, 1, 1, 0, 0, 0, 0, 0, 0, 0, 0, 0, 0, 0, 0, 0, 0, 0, 0, 0, 0, 0, 0, 0, 0, 0, 0, 0, 0, 0, 0, 0, 0, 0, 0, 0, 0, 0, 0, 0, 0, 0, 0, 0, 0, 0, 0, : 7, 1, 2, 1, 1, 2, 1, 3, 3, 23, 2, 2, 8, 6, 1, 6, 3, 2, 13, 1, 8, 11, 2, 4, 11, 9, 7, 11, 17, 24, 17, 27, 3, 11, 1, 1, 
43: 2, 2, 37, 5, 6, 1, 1, 28, 1, 1, 3, 18, 3, 27, 2, 6, 13, 18, 6, 15, 4, 1, 6, 1, 23, 10, 14, 1, 18, 2, 34, 0, 0, 0, 0, 0, 0, 0, 0, 0, 0, 0, 0, 0, 0, 0, 0, 0, 0, 0, 0, 0, 0, 0, 0, 0, 0, 0, 0, 0, 0, 0, 0, 0, 0, 0, 0, 0, 0, 0, 0, 0, 0, 0, 0, 0, 0, 0, 0, 0, : 2, 2, 37, 5, 6, 1, 1, 28, 1, 1, 3, 18, 3, 27, 2, 6, 13, 18, 6, 15, 4, 1, 6, 1, 23, 10, 14, 1, 18, 2, 34, 
44: 4, 3, 27, 1, 2, 1, 8, 14, 8, 1, 5, 17, 9, 3, 5, 3, 15, 2, 7, 2, 4, 21, 9, 22, 9, 7, 3, 6, 20, 22, 2, 21, 1, 3, 11, 2, 8, 0, 0, 0, 0, 0, 0, 0, 0, 0, 0, 0, 0, 0, 0, 0, 0, 0, 0, 0, 0, 0, 0, 0, 0, 0, 0, 0, 0, 0, 0, 0, 0, 0, 0, 0, 0, 0, 0, 0, 0, 0, 0, 0, : 4, 3, 27, 1, 2, 1, 8, 14, 8, 1, 5, 17, 9, 3, 5, 3, 15, 2, 7, 2, 4, 21, 9, 22, 9, 7, 3, 6, 20, 22, 2, 21, 1, 3, 11, 2, 8, 
45: 10, 11, 2, 8, 26, 2, 2, 12, 10, 8, 26, 6, 20, 1, 5, 4, 4, 2, 0, 0, 0, 0, 0, 0, 0, 0, 0, 0, 0, 0, 0, 0, 0, 0, 0, 0, 0, 0, 0, 0, 0, 0, 0, 0, 0, 0, 0, 0, 0, 0, 0, 0, 0, 0, 0, 0, 0, 0, 0, 0, 0, 0, 0, 0, 0, 0, 0, 0, 0, 0, 0, 0, 0, 0, 0, 0, 0, 0, 0, 0, : 10, 11, 2, 8, 26, 2, 2, 12, 10, 8, 26, 6, 20, 1, 5, 4, 4, 2, 
46: 2, 2, 4, 19, 6, 2, 16, 7, 4, 32, 30, 1, 6, 2, 8, 3, 7, 5, 1, 1, 11, 2, 1, 18, 1, 7, 8, 6, 5, 5, 3, 8, 15, 0, 0, 0, 0, 0, 0, 0, 0, 0, 0, 0, 0, 0, 0, 0, 0, 0, 0, 0, 0, 0, 0, 0, 0, 0, 0, 0, 0, 0, 0, 0, 0, 0, 0, 0, 0, 0, 0, 0, 0, 0, 0, 0, 0, 0, 0, 0, : 2, 2, 4, 19, 6, 2, 16, 7, 4, 32, 30, 1, 6, 2, 8, 3, 7, 5, 1, 1, 11, 2, 1, 18, 1, 7, 8, 6, 5, 5, 3, 8, 15, 
47: 37, 5, 5, 12, 1, 1, 5, 5, 4, 5, 14, 18, 10, 7, 9, 30, 1, 7, 1, 2, 3, 4, 16, 13, 31, 13, 33, 5, 16, 7, 1, 11, 8, 2, 8, 4, 16, 6, 6, 1, 16, 4, 14, 3, 26, 6, 3, 7, 8, 6, 7, 0, 0, 0, 0, 0, 0, 0, 0, 0, 0, 0, 0, 0, 0, 0, 0, 0, 0, 0, 0, 0, 0, 0, 0, 0, 0, 0, 0, 0, : 37, 5, 5, 12, 1, 1, 5, 5, 4, 5, 14, 18, 10, 7, 9, 30, 1, 7, 1, 2, 3, 4, 16, 13, 31, 13, 33, 5, 16, 7, 1, 11, 8, 2, 8, 4, 16, 6, 6, 1, 16, 4, 14, 3, 26, 6, 3, 7, 8, 6, 7, 
48: 2, 2, 24, 11, 8, 6, 5, 3, 4, 30, 12, 4, 1, 11, 2, 11, 1, 2, 29, 1, 25, 14, 4, 9, 2, 26, 24, 9, 25, 4, 12, 4, 1, 3, 8, 15, 5, 9, 3, 10, 3, 2, 3, 4, 2, 26, 14, 1, 0, 0, 0, 0, 0, 0, 0, 0, 0, 0, 0, 0, 0, 0, 0, 0, 0, 0, 0, 0, 0, 0, 0, 0, 0, 0, 0, 0, 0, 0, 0, 0, : 2, 2, 24, 11, 8, 6, 5, 3, 4, 30, 12, 4, 1, 11, 2, 11, 1, 2, 29, 1, 25, 14, 4, 9, 2, 26, 24, 9, 25, 4, 12, 4, 1, 3, 8, 15, 5, 9, 3, 10, 3, 2, 3, 4, 2, 26, 14, 1, 
49: 5, 11, 2, 6, 2, 5, 5, 9, 17, 18, 4, 3, 2, 5, 10, 8, 5, 8, 7, 24, 30, 15, 1, 3, 19, 4, 1, 2, 24, 1, 4, 12, 4, 1, 11, 3, 0, 0, 0, 0, 0, 0, 0, 0, 0, 0, 0, 0, 0, 0, 0, 0, 0, 0, 0, 0, 0, 0, 0, 0, 0, 0, 0, 0, 0, 0, 0, 0, 0, 0, 0, 0, 0, 0, 0, 0, 0, 0, 0, 0, : 5, 11, 2, 6, 2, 5, 5, 9, 17, 18, 4, 3, 2, 5, 10, 8, 5, 8, 7, 24, 30, 15, 1, 3, 19, 4, 1, 2, 24, 1, 4, 12, 4, 1, 11, 3, 
50: 18, 4, 1, 1, 6, 1, 3, 5, 16, 4, 4, 5, 1, 3, 9, 9, 3, 3, 10, 4, 2, 15, 22, 8, 14, 5, 6, 5, 3, 16, 9, 18, 6, 0, 0, 0, 0, 0, 0, 0, 0, 0, 0, 0, 0, 0, 0, 0, 0, 0, 0, 0, 0, 0, 0, 0, 0, 0, 0, 0, 0, 0, 0, 0, 0, 0, 0, 0, 0, 0, 0, 0, 0, 0, 0, 0, 0, 0, 0, 0, : 18, 4, 1, 1, 6, 1, 3, 5, 16, 4, 4, 5, 1, 3, 9, 9, 3, 3, 10, 4, 2, 15, 22, 8, 14, 5, 6, 5, 3, 16, 9, 18, 6, 
51: 3, 7, 8, 12, 6, 5, 7, 27, 1, 2, 2, 5, 2, 1, 6, 8, 6, 2, 15, 3, 4, 17, 10, 20, 2, 5, 15, 24, 15, 14, 17, 18, 6, 3, 9, 2, 25, 31, 10, 1, 22, 1, 2, 2, 11, 4, 0, 0, 0, 0, 0, 0, 0, 0, 0, 0, 0, 0, 0, 0, 0, 0, 0, 0, 0, 0, 0, 0, 0, 0, 0, 0, 0, 0, 0, 0, 0, 0, 0, 0, : 3, 7, 8, 12, 6, 5, 7, 27, 1, 2, 2, 5, 2, 1, 6, 8, 6, 2, 15, 3, 4, 17, 10, 20, 2, 5, 15, 24, 15, 14, 17, 18, 6, 3, 9, 2, 25, 31, 10, 1, 22, 1, 2, 2, 11, 4, 
52: 21, 10, 1, 4, 21, 1, 2, 28, 10, 8, 11, 1, 2, 11, 7, 14, 1, 13, 4, 6, 21, 34, 21, 2, 4, 1, 22, 5, 0, 0, 0, 0, 0, 0, 0, 0, 0, 0, 0, 0, 0, 0, 0, 0, 0, 0, 0, 0, 0, 0, 0, 0, 0, 0, 0, 0, 0, 0, 0, 0, 0, 0, 0, 0, 0, 0, 0, 0, 0, 0, 0, 0, 0, 0, 0, 0, 0, 0, 0, 0, : 21, 10, 1, 4, 21, 1, 2, 28, 10, 8, 11, 1, 2, 11, 7, 14, 1, 13, 4, 6, 21, 34, 21, 2, 4, 1, 22, 5, 
53: 1, 13, 26, 16, 2, 1, 1, 20, 4, 4, 23, 6, 4, 19, 3, 1, 1, 1, 13, 2, 11, 14, 2, 11, 2, 2, 3, 2, 2, 2, 3, 18, 7, 7, 3, 8, 14, 5, 2, 2, 9, 8, 4, 2, 1, 15, 2, 3, 4, 2, 17, 33, 2, 15, 2, 3, 0, 0, 0, 0, 0, 0, 0, 0, 0, 0, 0, 0, 0, 0, 0, 0, 0, 0, 0, 0, 0, 0, 0, 0, : 1, 13, 26, 16, 2, 1, 1, 20, 4, 4, 23, 6, 4, 19, 3, 1, 1, 1, 13, 2, 11, 14, 2, 11, 2, 2, 3, 2, 2, 2, 3, 18, 7, 7, 3, 8, 14, 5, 2, 2, 9, 8, 4, 2, 1, 15, 2, 3, 4, 2, 17, 33, 2, 15, 2, 3, 
54: 15, 8, 5, 7, 4, 2, 10, 4, 22, 3, 1, 9, 8, 1, 6, 24, 5, 11, 1, 9, 12, 32, 11, 2, 8, 4, 32, 6, 5, 12, 4, 18, 27, 4, 6, 2, 2, 9, 13, 0, 0, 0, 0, 0, 0, 0, 0, 0, 0, 0, 0, 0, 0, 0, 0, 0, 0, 0, 0, 0, 0, 0, 0, 0, 0, 0, 0, 0, 0, 0, 0, 0, 0, 0, 0, 0, 0, 0, 0, 0, : 15, 8, 5, 7, 4, 2, 10, 4, 22, 3, 1, 9, 8, 1, 6, 24, 5, 11, 1, 9, 12, 32, 11, 2, 8, 4, 32, 6, 5, 12, 4, 18, 27, 4, 6, 2, 2, 9, 13, 
55: 7, 4, 11, 11, 6, 10, 6, 2, 11, 2, 25, 5, 3, 3, 4, 12, 6, 3, 11, 15, 17, 23, 7, 2, 12, 3, 5, 1, 1, 9, 3, 0, 0, 0, 0, 0, 0, 0, 0, 0, 0, 0, 0, 0, 0, 0, 0, 0, 0, 0, 0, 0, 0, 0, 0, 0, 0, 0, 0, 0, 0, 0, 0, 0, 0, 0, 0, 0, 0, 0, 0, 0, 0, 0, 0, 0, 0, 0, 0, 0, : 7, 4, 11, 11, 6, 10, 6, 2, 11, 2, 25, 5, 3, 3, 4, 12, 6, 3, 11, 15, 17, 23, 7, 2, 12, 3, 5, 1, 1, 9, 3, 
56: 2, 14, 24, 11, 1, 9, 1, 5, 4, 1, 5, 7, 27, 1, 4, 6, 6, 4, 14, 6, 13, 0, 0, 0, 0, 0, 0, 0, 0, 0, 0, 0, 0, 0, 0, 0, 0, 0, 0, 0, 0, 0, 0, 0, 0, 0, 0, 0, 0, 0, 0, 0, 0, 0, 0, 0, 0, 0, 0, 0, 0, 0, 0, 0, 0, 0, 0, 0, 0, 0, 0, 0, 0, 0, 0, 0, 0, 0, 0, 0, : 2, 14, 24, 11, 1, 9, 1, 5, 4, 1, 5, 7, 27, 1, 4, 6, 6, 4, 14, 6, 13, 
57: 1, 6, 2, 1, 13, 1, 6, 22, 6, 34, 7, 1, 8, 3, 3, 7, 2, 5, 11, 4, 1, 3, 19, 2, 1, 7, 3, 9, 7, 1, 2, 4, 14, 28, 9, 29, 1, 6, 3, 8, 31, 7, 18, 14, 9, 28, 1, 7, 1, 1, 1, 4, 0, 0, 0, 0, 0, 0, 0, 0, 0, 0, 0, 0, 0, 0, 0, 0, 0, 0, 0, 0, 0, 0, 0, 0, 0, 0, 0, 0, : 1, 6, 2, 1, 13, 1, 6, 22, 6, 34, 7, 1, 8, 3, 3, 7, 2, 5, 11, 4, 1, 3, 19, 2, 1, 7, 3, 9, 7, 1, 2, 4, 14, 28, 9, 29, 1, 6, 3, 8, 31, 7, 18, 14, 9, 28, 1, 7, 1, 1, 1, 4, 
58: 8, 3, 1, 19, 1, 8, 9, 11, 2, 11, 14, 3, 10, 21, 4, 7, 8, 5, 1, 9, 1, 1, 36, 1, 5, 1, 16, 11, 2, 17, 2, 3, 3, 8, 1, 9, 8, 2, 2, 11, 9, 16, 30, 3, 3, 7, 19, 11, 1, 8, 8, 10, 10, 0, 0, 0, 0, 0, 0, 0, 0, 0, 0, 0, 0, 0, 0, 0, 0, 0, 0, 0, 0, 0, 0, 0, 0, 0, 0, 0, : 8, 3, 1, 19, 1, 8, 9, 11, 2, 11, 14, 3, 10, 21, 4, 7, 8, 5, 1, 9, 1, 1, 36, 1, 5, 1, 16, 11, 2, 17, 2, 3, 3, 8, 1, 9, 8, 2, 2, 11, 9, 16, 30, 3, 3, 7, 19, 11, 1, 8, 8, 10, 10, 
59: 5, 3, 12, 1, 6, 1, 12, 1, 5, 2, 15, 3, 5, 1, 4, 18, 26, 3, 30, 24, 4, 1, 5, 4, 1, 4, 2, 14, 7, 1, 3, 5, 7, 17, 1, 2, 0, 0, 0, 0, 0, 0, 0, 0, 0, 0, 0, 0, 0, 0, 0, 0, 0, 0, 0, 0, 0, 0, 0, 0, 0, 0, 0, 0, 0, 0, 0, 0, 0, 0, 0, 0, 0, 0, 0, 0, 0, 0, 0, 0, : 5, 3, 12, 1, 6, 1, 12, 1, 5, 2, 15, 3, 5, 1, 4, 18, 26, 3, 30, 24, 4, 1, 5, 4, 1, 4, 2, 14, 7, 1, 3, 5, 7, 17, 1, 2, 
60: 20, 3, 5, 28, 1, 5, 27, 2, 2, 10, 15, 10, 5, 9, 6, 5, 3, 3, 2, 12, 20, 10, 2, 6, 15, 4, 3, 10, 5, 2, 2, 15, 7, 3, 17, 26, 8, 2, 6, 4, 1, 0, 0, 0, 0, 0, 0, 0, 0, 0, 0, 0, 0, 0, 0, 0, 0, 0, 0, 0, 0, 0, 0, 0, 0, 0, 0, 0, 0, 0, 0, 0, 0, 0, 0, 0, 0, 0, 0, 0, : 20, 3, 5, 28, 1, 5, 27, 2, 2, 10, 15, 10, 5, 9, 6, 5, 3, 3, 2, 12, 20, 10, 2, 6, 15, 4, 3, 10, 5, 2, 2, 15, 7, 3, 17, 26, 8, 2, 6, 4, 1, 
61: 6, 1, 5, 16, 27, 15, 17, 5, 1, 2, 1, 7, 18, 6, 13, 11, 11, 6, 1, 1, 3, 8, 2, 1, 2, 18, 16, 11, 3, 12, 4, 2, 6, 2, 18, 28, 0, 0, 0, 0, 0, 0, 0, 0, 0, 0, 0, 0, 0, 0, 0, 0, 0, 0, 0, 0, 0, 0, 0, 0, 0, 0, 0, 0, 0, 0, 0, 0, 0, 0, 0, 0, 0, 0, 0, 0, 0, 0, 0, 0, : 6, 1, 5, 16, 27, 15, 17, 5, 1, 2, 1, 7, 18, 6, 13, 11, 11, 6, 1, 1, 3, 8, 2, 1, 2, 18, 16, 11, 3, 12, 4, 2, 6, 2, 18, 28, 
62: 20, 7, 5, 5, 15, 5, 10, 2, 1, 19, 16, 3, 4, 7, 1, 8, 1, 24, 3, 4, 4, 2, 5, 6, 5, 2, 13, 10, 13, 8, 3, 7, 6, 5, 6, 12, 4, 16, 7, 2, 11, 20, 0, 0, 0, 0, 0, 0, 0, 0, 0, 0, 0, 0, 0, 0, 0, 0, 0, 0, 0, 0, 0, 0, 0, 0, 0, 0, 0, 0, 0, 0, 0, 0, 0, 0, 0, 0, 0, 0, : 20, 7, 5, 5, 15, 5, 10, 2, 1, 19, 16, 3, 4, 7, 1, 8, 1, 24, 3, 4, 4, 2, 5, 6, 5, 2, 13, 10, 13, 8, 3, 7, 6, 5, 6, 12, 4, 16, 7, 2, 11, 20, 
63: 3, 3, 2, 2, 8, 1, 13, 4, 6, 6, 9, 14, 11, 12, 28, 4, 1, 5, 14, 5, 10, 8, 1, 12, 12, 28, 7, 2, 26, 2, 4, 11, 5, 22, 12, 6, 12, 2, 3, 23, 36, 1, 2, 2, 10, 4, 2, 1, 1, 0, 0, 0, 0, 0, 0, 0, 0, 0, 0, 0, 0, 0, 0, 0, 0, 0, 0, 0, 0, 0, 0, 0, 0, 0, 0, 0, 0, 0, 0, 0, : 3, 3, 2, 2, 8, 1, 13, 4, 6, 6, 9, 14, 11, 12, 28, 4, 1, 5, 14, 5, 10, 8, 1, 12, 12, 28, 7, 2, 26, 2, 4, 11, 5, 22, 12, 6, 12, 2, 3, 23, 36, 1, 2, 2, 10, 4, 2, 1, 1, 
64: 17, 3, 15, 6, 19, 21, 11, 10, 5, 2, 5, 5, 3, 3, 11, 1, 6, 2, 7, 2, 1, 9, 4, 3, 1, 8, 23, 1, 3, 7, 1, 28, 12, 30, 1, 4, 2, 3, 11, 18, 2, 1, 3, 7, 0, 0, 0, 0, 0, 0, 0, 0, 0, 0, 0, 0, 0, 0, 0, 0, 0, 0, 0, 0, 0, 0, 0, 0, 0, 0, 0, 0, 0, 0, 0, 0, 0, 0, 0, 0, : 17, 3, 15, 6, 19, 21, 11, 10, 5, 2, 5, 5, 3, 3, 11, 1, 6, 2, 7, 2, 1, 9, 4, 3, 1, 8, 23, 1, 3, 7, 1, 28, 12, 30, 1, 4, 2, 3, 11, 18, 2, 1, 3, 7, 
65: 2, 11, 15, 2, 24, 14, 3, 1, 2, 5, 6, 8, 8, 18, 3, 12, 1, 9, 13, 1, 13, 3, 13, 1, 14, 3, 2, 4, 6, 4, 26, 13, 7, 7, 1, 6, 0, 0, 0, 0, 0, 0, 0, 0, 0, 0, 0, 0, 0, 0, 0, 0, 0, 0, 0, 0, 0, 0, 0, 0, 0, 0, 0, 0, 0, 0, 0, 0, 0, 0, 0, 0, 0, 0, 0, 0, 0, 0, 0, 0, : 2, 11, 15, 2, 24, 14, 3, 1, 2, 5, 6, 8, 8, 18, 3, 12, 1, 9, 13, 1, 13, 3, 13, 1, 14, 3, 2, 4, 6, 4, 26, 13, 7, 7, 1, 6, 
66: 10, 3, 9, 1, 2, 30, 2, 14, 6, 8, 5, 10, 1, 6, 13, 2, 12, 2, 3, 5, 16, 6, 1, 8, 1, 4, 7, 8, 6, 10, 2, 1, 4, 2, 0, 0, 0, 0, 0, 0, 0, 0, 0, 0, 0, 0, 0, 0, 0, 0, 0, 0, 0, 0, 0, 0, 0, 0, 0, 0, 0, 0, 0, 0, 0, 0, 0, 0, 0, 0, 0, 0, 0, 0, 0, 0, 0, 0, 0, 0, : 10, 3, 9, 1, 2, 30, 2, 14, 6, 8, 5, 10, 1, 6, 13, 2, 12, 2, 3, 5, 16, 6, 1, 8, 1, 4, 7, 8, 6, 10, 2, 1, 4, 2, 
67: 1, 11, 10, 15, 8, 2, 6, 10, 20, 11, 3, 3, 2, 1, 28, 25, 14, 2, 3, 19, 27, 1, 4, 23, 35, 1, 1, 1, 1, 16, 16, 16, 0, 0, 0, 0, 0, 0, 0, 0, 0, 0, 0, 0, 0, 0, 0, 0, 0, 0, 0, 0, 0, 0, 0, 0, 0, 0, 0, 0, 0, 0, 0, 0, 0, 0, 0, 0, 0, 0, 0, 0, 0, 0, 0, 0, 0, 0, 0, 0, : 1, 11, 10, 15, 8, 2, 6, 10, 20, 11, 3, 3, 2, 1, 28, 25, 14, 2, 3, 19, 27, 1, 4, 23, 35, 1, 1, 1, 1, 16, 16, 16, 
68: 17, 3, 8, 5, 2, 4, 17, 32, 3, 4, 4, 9, 12, 15, 3, 16, 5, 19, 1, 17, 1, 1, 7, 4, 11, 9, 3, 5, 1, 14, 9, 1, 14, 4, 26, 3, 7, 6, 4, 11, 32, 1, 18, 3, 4, 2, 7, 3, 13, 1, 5, 5, 4, 23, 5, 1, 3, 19, 0, 0, 0, 0, 0, 0, 0, 0, 0, 0, 0, 0, 0, 0, 0, 0, 0, 0, 0, 0, 0, 0, : 17, 3, 8, 5, 2, 4, 17, 32, 3, 4, 4, 9, 12, 15, 3, 16, 5, 19, 1, 17, 1, 1, 7, 4, 11, 9, 3, 5, 1, 14, 9, 1, 14, 4, 26, 3, 7, 6, 4, 11, 32, 1, 18, 3, 4, 2, 7, 3, 13, 1, 5, 5, 4, 23, 5, 1, 3, 19, 
69: 10, 2, 23, 1, 9, 5, 9, 16, 4, 3, 16, 8, 23, 7, 16, 10, 5, 6, 1, 2, 6, 3, 2, 16, 9, 1, 18, 1, 2, 9, 1, 11, 22, 7, 6, 29, 3, 38, 31, 4, 1, 6, 2, 0, 0, 0, 0, 0, 0, 0, 0, 0, 0, 0, 0, 0, 0, 0, 0, 0, 0, 0, 0, 0, 0, 0, 0, 0, 0, 0, 0, 0, 0, 0, 0, 0, 0, 0, 0, 0, : 10, 2, 23, 1, 9, 5, 9, 16, 4, 3, 16, 8, 23, 7, 16, 10, 5, 6, 1, 2, 6, 3, 2, 16, 9, 1, 18, 1, 2, 9, 1, 11, 22, 7, 6, 29, 3, 38, 31, 4, 1, 6, 2, 
70: 10, 16, 14, 11, 2, 38, 12, 6, 6, 1, 6, 14, 11, 1, 1, 7, 2, 13, 16, 3, 1, 24, 24, 22, 5, 5, 8, 8, 6, 1, 26, 5, 12, 1, 4, 5, 3, 20, 8, 4, 18, 16, 10, 11, 1, 1, 10, 20, 14, 0, 0, 0, 0, 0, 0, 0, 0, 0, 0, 0, 0, 0, 0, 0, 0, 0, 0, 0, 0, 0, 0, 0, 0, 0, 0, 0, 0, 0, 0, 0, : 10, 16, 14, 11, 2, 38, 12, 6, 6, 1, 6, 14, 11, 1, 1, 7, 2, 13, 16, 3, 1, 24, 24, 22, 5, 5, 8, 8, 6, 1, 26, 5, 12, 1, 4, 5, 3, 20, 8, 4, 18, 16, 10, 11, 1, 1, 10, 20, 14, 
71: 10, 1, 2, 12, 21, 3, 19, 3, 17, 1, 11, 1, 6, 11, 9, 22, 34, 7, 32, 2, 6, 25, 3, 10, 9, 6, 12, 16, 1, 11, 2, 1, 6, 0, 0, 0, 0, 0, 0, 0, 0, 0, 0, 0, 0, 0, 0, 0, 0, 0, 0, 0, 0, 0, 0, 0, 0, 0, 0, 0, 0, 0, 0, 0, 0, 0, 0, 0, 0, 0, 0, 0, 0, 0, 0, 0, 0, 0, 0, 0, : 10, 1, 2, 12, 21, 3, 19, 3, 17, 1, 11, 1, 6, 11, 9, 22, 34, 7, 32, 2, 6, 25, 3, 10, 9, 6, 12, 16, 1, 11, 2, 1, 6, 
72: 26, 5, 5, 9, 9, 1, 10, 2, 1, 5, 18, 12, 17, 1, 3, 5, 5, 13, 7, 5, 6, 6, 17, 1, 25, 5, 17, 8, 9, 1, 1, 9, 8, 4, 1, 3, 4, 2, 13, 11, 9, 8, 7, 4, 14, 11, 2, 0, 0, 0, 0, 0, 0, 0, 0, 0, 0, 0, 0, 0, 0, 0, 0, 0, 0, 0, 0, 0, 0, 0, 0, 0, 0, 0, 0, 0, 0, 0, 0, 0, : 26, 5, 5, 9, 9, 1, 10, 2, 1, 5, 18, 12, 17, 1, 3, 5, 5, 13, 7, 5, 6, 6, 17, 1, 25, 5, 17, 8, 9, 1, 1, 9, 8, 4, 1, 3, 4, 2, 13, 11, 9, 8, 7, 4, 14, 11, 2, 
73: 5, 8, 6, 30, 3, 2, 6, 15, 1, 2, 2, 1, 5, 5, 15, 12, 1, 7, 8, 12, 1, 3, 12, 14, 1, 1, 3, 12, 15, 5, 6, 6, 2, 11, 9, 3, 32, 20, 2, 14, 32, 1, 3, 11, 5, 19, 1, 9, 18, 0, 0, 0, 0, 0, 0, 0, 0, 0, 0, 0, 0, 0, 0, 0, 0, 0, 0, 0, 0, 0, 0, 0, 0, 0, 0, 0, 0, 0, 0, 0, : 5, 8, 6, 30, 3, 2, 6, 15, 1, 2, 2, 1, 5, 5, 15, 12, 1, 7, 8, 12, 1, 3, 12, 14, 1, 1, 3, 12, 15, 5, 6, 6, 2, 11, 9, 3, 32, 20, 2, 14, 32, 1, 3, 11, 5, 19, 1, 9, 18, 
74: 2, 8, 14, 5, 37, 4, 6, 4, 34, 1, 3, 14, 6, 2, 6, 10, 24, 2, 5, 11, 1, 2, 4, 8, 10, 35, 4, 20, 13, 23, 1, 7, 20, 12, 2, 13, 0, 0, 0, 0, 0, 0, 0, 0, 0, 0, 0, 0, 0, 0, 0, 0, 0, 0, 0, 0, 0, 0, 0, 0, 0, 0, 0, 0, 0, 0, 0, 0, 0, 0, 0, 0, 0, 0, 0, 0, 0, 0, 0, 0, : 2, 8, 14, 5, 37, 4, 6, 4, 34, 1, 3, 14, 6, 2, 6, 10, 24, 2, 5, 11, 1, 2, 4, 8, 10, 35, 4, 20, 13, 23, 1, 7, 20, 12, 2, 13, 
75: 10, 4, 4, 1, 10, 8, 6, 3, 1, 27, 2, 34, 7, 18, 5, 1, 1, 15, 8, 4, 5, 9, 1, 12, 4, 0, 0, 0, 0, 0, 0, 0, 0, 0, 0, 0, 0, 0, 0, 0, 0, 0, 0, 0, 0, 0, 0, 0, 0, 0, 0, 0, 0, 0, 0, 0, 0, 0, 0, 0, 0, 0, 0, 0, 0, 0, 0, 0, 0, 0, 0, 0, 0, 0, 0, 0, 0, 0, 0, 0, : 10, 4, 4, 1, 10, 8, 6, 3, 1, 27, 2, 34, 7, 18, 5, 1, 1, 15, 8, 4, 5, 9, 1, 12, 4, 
76: 15, 12, 29, 10, 2, 1, 2, 7, 12, 4, 2, 1, 4, 6, 2, 1, 3, 9, 7, 7, 17, 1, 5, 28, 12, 2, 6, 15, 5, 17, 7, 8, 8, 13, 1, 8, 27, 6, 5, 0, 0, 0, 0, 0, 0, 0, 0, 0, 0, 0, 0, 0, 0, 0, 0, 0, 0, 0, 0, 0, 0, 0, 0, 0, 0, 0, 0, 0, 0, 0, 0, 0, 0, 0, 0, 0, 0, 0, 0, 0, : 15, 12, 29, 10, 2, 1, 2, 7, 12, 4, 2, 1, 4, 6, 2, 1, 3, 9, 7, 7, 17, 1, 5, 28, 12, 2, 6, 15, 5, 17, 7, 8, 8, 13, 1, 8, 27, 6, 5, 
77: 3, 16, 16, 4, 6, 1, 3, 21, 10, 5, 6, 6, 16, 3, 4, 9, 9, 2, 1, 8, 32, 5, 7, 3, 12, 12, 15, 2, 2, 4, 1, 2, 1, 11, 8, 10, 13, 1, 5, 2, 17, 3, 9, 12, 10, 2, 2, 1, 7, 19, 3, 4, 20, 4, 1, 6, 0, 0, 0, 0, 0, 0, 0, 0, 0, 0, 0, 0, 0, 0, 0, 0, 0, 0, 0, 0, 0, 0, 0, 0, : 3, 16, 16, 4, 6, 1, 3, 21, 10, 5, 6, 6, 16, 3, 4, 9, 9, 2, 1, 8, 32, 5, 7, 3, 12, 12, 15, 2, 2, 4, 1, 2, 1, 11, 8, 10, 13, 1, 5, 2, 17, 3, 9, 12, 10, 2, 2, 1, 7, 19, 3, 4, 20, 4, 1, 6, 
78: 9, 2, 4, 6, 17, 1, 10, 2, 3, 4, 6, 39, 6, 2, 8, 7, 1, 7, 1, 1, 13, 22, 15, 13, 26, 8, 1, 23, 1, 2, 29, 9, 6, 1, 15, 5, 4, 1, 24, 2, 12, 9, 3, 9, 6, 3, 1, 10, 1, 7, 18, 14, 17, 8, 0, 0, 0, 0, 0, 0, 0, 0, 0, 0, 0, 0, 0, 0, 0, 0, 0, 0, 0, 0, 0, 0, 0, 0, 0, 0, : 9, 2, 4, 6, 17, 1, 10, 2, 3, 4, 6, 39, 6, 2, 8, 7, 1, 7, 1, 1, 13, 22, 15, 13, 26, 8, 1, 23, 1, 2, 29, 9, 6, 1, 15, 5, 4, 1, 24, 2, 12, 9, 3, 9, 6, 3, 1, 10, 1, 7, 18, 14, 17, 8, 
79: 13, 9, 4, 7, 15, 20, 1, 8, 2, 15, 8, 4, 9, 1, 7, 1, 1, 14, 4, 5, 4, 2, 11, 9, 4, 7, 3, 3, 7, 23, 2, 10, 3, 11, 37, 4, 1, 7, 8, 33, 25, 9, 0, 0, 0, 0, 0, 0, 0, 0, 0, 0, 0, 0, 0, 0, 0, 0, 0, 0, 0, 0, 0, 0, 0, 0, 0, 0, 0, 0, 0, 0, 0, 0, 0, 0, 0, 0, 0, 0, : 13, 9, 4, 7, 15, 20, 1, 8, 2, 15, 8, 4, 9, 1, 7, 1, 1, 14, 4, 5, 4, 2, 11, 9, 4, 7, 3, 3, 7, 23, 2, 10, 3, 11, 37, 4, 1, 7, 8, 33, 25, 9, 
80: 3, 10, 3, 12, 2, 19, 24, 13, 6, 9, 1, 5, 11, 2, 9, 6, 5, 19, 11, 16, 2, 5, 15, 26, 1, 11, 8, 2, 2, 12, 1, 13, 1, 12, 18, 2, 6, 0, 0, 0, 0, 0, 0, 0, 0, 0, 0, 0, 0, 0, 0, 0, 0, 0, 0, 0, 0, 0, 0, 0, 0, 0, 0, 0, 0, 0, 0, 0, 0, 0, 0, 0, 0, 0, 0, 0, 0, 0, 0, 0, : 3, 10, 3, 12, 2, 19, 24, 13, 6, 9, 1, 5, 11, 2, 9, 6, 5, 19, 11, 16, 2, 5, 15, 26, 1, 11, 8, 2, 2, 12, 1, 13, 1, 12, 18, 2, 6, 
81: 9, 1, 3, 4, 2, 1, 4, 3, 6, 15, 20, 1, 6, 2, 7, 1, 7, 31, 4, 3, 14, 25, 3, 8, 5, 5, 1, 10, 12, 23, 12, 14, 11, 0, 0, 0, 0, 0, 0, 0, 0, 0, 0, 0, 0, 0, 0, 0, 0, 0, 0, 0, 0, 0, 0, 0, 0, 0, 0, 0, 0, 0, 0, 0, 0, 0, 0, 0, 0, 0, 0, 0, 0, 0, 0, 0, 0, 0, 0, 0, : 9, 1, 3, 4, 2, 1, 4, 3, 6, 15, 20, 1, 6, 2, 7, 1, 7, 31, 4, 3, 14, 25, 3, 8, 5, 5, 1, 10, 12, 23, 12, 14, 11, 
82: 2, 1, 33, 16, 6, 4, 19, 10, 8, 3, 1, 28, 3, 2, 5, 5, 34, 7, 10, 17, 14, 2, 8, 3, 7, 28, 2, 15, 11, 3, 5, 4, 6, 14, 4, 2, 1, 0, 0, 0, 0, 0, 0, 0, 0, 0, 0, 0, 0, 0, 0, 0, 0, 0, 0, 0, 0, 0, 0, 0, 0, 0, 0, 0, 0, 0, 0, 0, 0, 0, 0, 0, 0, 0, 0, 0, 0, 0, 0, 0, : 2, 1, 33, 16, 6, 4, 19, 10, 8, 3, 1, 28, 3, 2, 5, 5, 34, 7, 10, 17, 14, 2, 8, 3, 7, 28, 2, 15, 11, 3, 5, 4, 6, 14, 4, 2, 1, 
83: 3, 8, 1, 6, 31, 6, 20, 8, 11, 18, 12, 1, 9, 1, 2, 6, 2, 21, 2, 28, 20, 2, 20, 22, 27, 6, 10, 19, 5, 7, 6, 7, 4, 0, 0, 0, 0, 0, 0, 0, 0, 0, 0, 0, 0, 0, 0, 0, 0, 0, 0, 0, 0, 0, 0, 0, 0, 0, 0, 0, 0, 0, 0, 0, 0, 0, 0, 0, 0, 0, 0, 0, 0, 0, 0, 0, 0, 0, 0, 0, : 3, 8, 1, 6, 31, 6, 20, 8, 11, 18, 12, 1, 9, 1, 2, 6, 2, 21, 2, 28, 20, 2, 20, 22, 27, 6, 10, 19, 5, 7, 6, 7, 4, 
84: 10, 2, 16, 5, 1, 7, 7, 6, 1, 2, 6, 2, 6, 1, 11, 2, 5, 14, 11, 1, 15, 7, 0, 0, 0, 0, 0, 0, 0, 0, 0, 0, 0, 0, 0, 0, 0, 0, 0, 0, 0, 0, 0, 0, 0, 0, 0, 0, 0, 0, 0, 0, 0, 0, 0, 0, 0, 0, 0, 0, 0, 0, 0, 0, 0, 0, 0, 0, 0, 0, 0, 0, 0, 0, 0, 0, 0, 0, 0, 0, : 10, 2, 16, 5, 1, 7, 7, 6, 1, 2, 6, 2, 6, 1, 11, 2, 5, 14, 11, 1, 15, 7, 
85: 13, 12, 8, 2, 15, 3, 20, 4, 5, 14, 12, 13, 7, 3, 19, 12, 6, 32, 14, 6, 18, 14, 1, 5, 10, 2, 7, 2, 13, 5, 1, 1, 1, 17, 13, 19, 11, 5, 5, 2, 3, 1, 9, 23, 3, 4, 1, 6, 10, 5, 11, 4, 6, 22, 15, 9, 4, 1, 1, 0, 0, 0, 0, 0, 0, 0, 0, 0, 0, 0, 0, 0, 0, 0, 0, 0, 0, 0, 0, 0, : 13, 12, 8, 2, 15, 3, 20, 4, 5, 14, 12, 13, 7, 3, 19, 12, 6, 32, 14, 6, 18, 14, 1, 5, 10, 2, 7, 2, 13, 5, 1, 1, 1, 17, 13, 19, 11, 5, 5, 2, 3, 1, 9, 23, 3, 4, 1, 6, 10, 5, 11, 4, 6, 22, 15, 9, 4, 1, 1, 
86: 3, 13, 6, 5, 5, 3, 4, 25, 14, 13, 1, 7, 8, 14, 2, 1, 5, 22, 12, 4, 5, 3, 8, 1, 1, 2, 16, 11, 11, 7, 5, 0, 0, 0, 0, 0, 0, 0, 0, 0, 0, 0, 0, 0, 0, 0, 0, 0, 0, 0, 0, 0, 0, 0, 0, 0, 0, 0, 0, 0, 0, 0, 0, 0, 0, 0, 0, 0, 0, 0, 0, 0, 0, 0, 0, 0, 0, 0, 0, 0, : 3, 13, 6, 5, 5, 3, 4, 25, 14, 13, 1, 7, 8, 14, 2, 1, 5, 22, 12, 4, 5, 3, 8, 1, 1, 2, 16, 11, 11, 7, 5, 
87: 12, 9, 1, 6, 4, 8, 7, 29, 16, 17, 6, 8, 2, 2, 23, 25, 20, 1, 19, 3, 27, 8, 8, 2, 7, 17, 1, 5, 25, 16, 10, 6, 28, 10, 21, 8, 1, 2, 7, 16, 14, 13, 9, 3, 2, 17, 6, 3, 16, 22, 0, 0, 0, 0, 0, 0, 0, 0, 0, 0, 0, 0, 0, 0, 0, 0, 0, 0, 0, 0, 0, 0, 0, 0, 0, 0, 0, 0, 0, 0, : 12, 9, 1, 6, 4, 8, 7, 29, 16, 17, 6, 8, 2, 2, 23, 25, 20, 1, 19, 3, 27, 8, 8, 2, 7, 17, 1, 5, 25, 16, 10, 6, 28, 10, 21, 8, 1, 2, 7, 16, 14, 13, 9, 3, 2, 17, 6, 3, 16, 22, 
88: 4, 1, 1, 4, 5, 4, 5, 1, 3, 8, 7, 4, 13, 4, 2, 2, 14, 3, 3, 7, 29, 5, 1, 4, 2, 1, 15, 16, 7, 1, 6, 1, 5, 25, 26, 17, 7, 12, 18, 9, 0, 0, 0, 0, 0, 0, 0, 0, 0, 0, 0, 0, 0, 0, 0, 0, 0, 0, 0, 0, 0, 0, 0, 0, 0, 0, 0, 0, 0, 0, 0, 0, 0, 0, 0, 0, 0, 0, 0, 0, : 4, 1, 1, 4, 5, 4, 5, 1, 3, 8, 7, 4, 13, 4, 2, 2, 14, 3, 3, 7, 29, 5, 1, 4, 2, 1, 15, 16, 7, 1, 6, 1, 5, 25, 26, 17, 7, 12, 18, 9, 
89: 8, 29, 5, 21, 3, 7, 4, 26, 1, 4, 15, 4, 5, 23, 23, 12, 1, 11, 7, 16, 6, 2, 20, 4, 8, 1, 20, 22, 1, 1, 9, 1, 4, 5, 28, 10, 3, 4, 3, 8, 7, 1, 7, 9, 17, 3, 3, 2, 1, 23, 8, 0, 0, 0, 0, 0, 0, 0, 0, 0, 0, 0, 0, 0, 0, 0, 0, 0, 0, 0, 0, 0, 0, 0, 0, 0, 0, 0, 0, 0, : 8, 29, 5, 21, 3, 7, 4, 26, 1, 4, 15, 4, 5, 23, 23, 12, 1, 11, 7, 16, 6, 2, 20, 4, 8, 1, 20, 22, 1, 1, 9, 1, 4, 5, 28, 10, 3, 4, 3, 8, 7, 1, 7, 9, 17, 3, 3, 2, 1, 23, 8, 
90: 11, 14, 7, 1, 3, 4, 11, 24, 2, 5, 3, 2, 2, 15, 15, 13, 24, 7, 14, 3, 13, 2, 9, 12, 6, 0, 0, 0, 0, 0, 0, 0, 0, 0, 0, 0, 0, 0, 0, 0, 0, 0, 0, 0, 0, 0, 0, 0, 0, 0, 0, 0, 0, 0, 0, 0, 0, 0, 0, 0, 0, 0, 0, 0, 0, 0, 0, 0, 0, 0, 0, 0, 0, 0, 0, 0, 0, 0, 0, 0, : 11, 14, 7, 1, 3, 4, 11, 24, 2, 5, 3, 2, 2, 15, 15, 13, 24, 7, 14, 3, 13, 2, 9, 12, 6, 
91: 28, 1, 11, 2, 8, 17, 3, 8, 6, 12, 18, 1, 1, 2, 1, 1, 1, 8, 16, 2, 32, 19, 12, 10, 4, 23, 18, 14, 13, 5, 30, 2, 5, 3, 5, 14, 4, 20, 2, 0, 0, 0, 0, 0, 0, 0, 0, 0, 0, 0, 0, 0, 0, 0, 0, 0, 0, 0, 0, 0, 0, 0, 0, 0, 0, 0, 0, 0, 0, 0, 0, 0, 0, 0, 0, 0, 0, 0, 0, 0, : 28, 1, 11, 2, 8, 17, 3, 8, 6, 12, 18, 1, 1, 2, 1, 1, 1, 8, 16, 2, 32, 19, 12, 10, 4, 23, 18, 14, 13, 5, 30, 2, 5, 3, 5, 14, 4, 20, 2, 
92: 11, 3, 6, 2, 1, 8, 1, 1, 8, 7, 8, 5, 5, 9, 7, 4, 3, 3, 25, 25, 4, 2, 5, 7, 1, 4, 9, 7, 4, 1, 3, 0, 0, 0, 0, 0, 0, 0, 0, 0, 0, 0, 0, 0, 0, 0, 0, 0, 0, 0, 0, 0, 0, 0, 0, 0, 0, 0, 0, 0, 0, 0, 0, 0, 0, 0, 0, 0, 0, 0, 0, 0, 0, 0, 0, 0, 0, 0, 0, 0, : 11, 3, 6, 2, 1, 8, 1, 1, 8, 7, 8, 5, 5, 9, 7, 4, 3, 3, 25, 25, 4, 2, 5, 7, 1, 4, 9, 7, 4, 1, 3, 
93: 10, 17, 12, 3, 25, 1, 6, 13, 17, 26, 6, 29, 24, 6, 2, 21, 5, 13, 2, 8, 1, 7, 4, 3, 0, 0, 0, 0, 0, 0, 0, 0, 0, 0, 0, 0, 0, 0, 0, 0, 0, 0, 0, 0, 0, 0, 0, 0, 0, 0, 0, 0, 0, 0, 0, 0, 0, 0, 0, 0, 0, 0, 0, 0, 0, 0, 0, 0, 0, 0, 0, 0, 0, 0, 0, 0, 0, 0, 0, 0, : 10, 17, 12, 3, 25, 1, 6, 13, 17, 26, 6, 29, 24, 6, 2, 21, 5, 13, 2, 8, 1, 7, 4, 3, 
94: 7, 2, 10, 1, 6, 14, 14, 11, 23, 12, 1, 20, 15, 1, 34, 1, 1, 2, 2, 24, 11, 15, 35, 1, 2, 2, 26, 4, 13, 4, 4, 9, 2, 3, 5, 9, 2, 5, 7, 18, 1, 14, 1, 0, 0, 0, 0, 0, 0, 0, 0, 0, 0, 0, 0, 0, 0, 0, 0, 0, 0, 0, 0, 0, 0, 0, 0, 0, 0, 0, 0, 0, 0, 0, 0, 0, 0, 0, 0, 0, : 7, 2, 10, 1, 6, 14, 14, 11, 23, 12, 1, 20, 15, 1, 34, 1, 1, 2, 2, 24, 11, 15, 35, 1, 2, 2, 26, 4, 13, 4, 4, 9, 2, 3, 5, 9, 2, 5, 7, 18, 1, 14, 1, 
95: 6, 25, 15, 18, 6, 1, 2, 16, 3, 2, 5, 26, 2, 21, 3, 1, 4, 15, 4, 6, 2, 3, 20, 10, 1, 1, 18, 3, 11, 1, 2, 12, 7, 3, 8, 4, 2, 9, 1, 0, 0, 0, 0, 0, 0, 0, 0, 0, 0, 0, 0, 0, 0, 0, 0, 0, 0, 0, 0, 0, 0, 0, 0, 0, 0, 0, 0, 0, 0, 0, 0, 0, 0, 0, 0, 0, 0, 0, 0, 0, : 6, 25, 15, 18, 6, 1, 2, 16, 3, 2, 5, 26, 2, 21, 3, 1, 4, 15, 4, 6, 2, 3, 20, 10, 1, 1, 18, 3, 11, 1, 2, 12, 7, 3, 8, 4, 2, 9, 1, 
96: 2, 11, 2, 6, 18, 5, 7, 7, 8, 3, 23, 1, 6, 3, 14, 8, 2, 2, 4, 14, 3, 30, 4, 3, 1, 15, 21, 4, 16, 21, 12, 6, 1, 10, 1, 0, 0, 0, 0, 0, 0, 0, 0, 0, 0, 0, 0, 0, 0, 0, 0, 0, 0, 0, 0, 0, 0, 0, 0, 0, 0, 0, 0, 0, 0, 0, 0, 0, 0, 0, 0, 0, 0, 0, 0, 0, 0, 0, 0, 0, : 2, 11, 2, 6, 18, 5, 7, 7, 8, 3, 23, 1, 6, 3, 14, 8, 2, 2, 4, 14, 3, 30, 4, 3, 1, 15, 21, 4, 16, 21, 12, 6, 1, 10, 1, 
97: 2, 3, 1, 2, 19, 4, 10, 1, 13, 5, 5, 1, 16, 10, 8, 13, 23, 31, 2, 1, 12, 4, 12, 4, 2, 12, 13, 1, 3, 5, 1, 3, 36, 0, 0, 0, 0, 0, 0, 0, 0, 0, 0, 0, 0, 0, 0, 0, 0, 0, 0, 0, 0, 0, 0, 0, 0, 0, 0, 0, 0, 0, 0, 0, 0, 0, 0, 0, 0, 0, 0, 0, 0, 0, 0, 0, 0, 0, 0, 0, : 2, 3, 1, 2, 19, 4, 10, 1, 13, 5, 5, 1, 16, 10, 8, 13, 23, 31, 2, 1, 12, 4, 12, 4, 2, 12, 13, 1, 3, 5, 1, 3, 36, 
98: 2, 1, 15, 12, 4, 3, 10, 24, 22, 9, 2, 22, 6, 2, 1, 10, 4, 9, 1, 6, 1, 4, 1, 0, 0, 0, 0, 0, 0, 0, 0, 0, 0, 0, 0, 0, 0, 0, 0, 0, 0, 0, 0, 0, 0, 0, 0, 0, 0, 0, 0, 0, 0, 0, 0, 0, 0, 0, 0, 0, 0, 0, 0, 0, 0, 0, 0, 0, 0, 0, 0, 0, 0, 0, 0, 0, 0, 0, 0, 0, : 2, 1, 15, 12, 4, 3, 10, 24, 22, 9, 2, 22, 6, 2, 1, 10, 4, 9, 1, 6, 1, 4, 1, 
99: 6, 2, 10, 4, 1, 4, 17, 4, 6, 5, 1, 24, 6, 8, 15, 9, 3, 5, 1, 4, 8, 3, 6, 2, 17, 1, 25, 3, 5, 4, 10, 6, 14, 8, 2, 14, 3, 11, 9, 0, 0, 0, 0, 0, 0, 0, 0, 0, 0, 0, 0, 0, 0, 0, 0, 0, 0, 0, 0, 0, 0, 0, 0, 0, 0, 0, 0, 0, 0, 0, 0, 0, 0, 0, 0, 0, 0, 0, 0, 0, : 6, 2, 10, 4, 1, 4, 17, 4, 6, 5, 1, 24, 6, 8, 15, 9, 3, 5, 1, 4, 8, 3, 6, 2, 17, 1, 25, 3, 5, 4, 10, 6, 14, 8, 2, 14, 3, 11, 9, 
100: 1, 7, 17, 8, 4, 10, 12, 1, 9, 8, 2, 1, 1, 4, 11, 7, 13, 11, 14, 11, 3, 4, 7, 2, 1, 19, 2, 2, 21, 8, 9, 0, 0, 0, 0, 0, 0, 0, 0, 0, 0, 0, 0, 0, 0, 0, 0, 0, 0, 0, 0, 0, 0, 0, 0, 0, 0, 0, 0, 0, 0, 0, 0, 0, 0, 0, 0, 0, 0, 0, 0, 0, 0, 0, 0, 0, 0, 0, 0, 0, : 1, 7, 17, 8, 4, 10, 12, 1, 9, 8, 2, 1, 1, 4, 11, 7, 13, 11, 14, 11, 3, 4, 7, 2, 1, 19, 2, 2, 21, 8, 9, 


