40
100
1: 7, 10, 1, 8, 5, 7, 5, 3, 1, 17, 8, 2, 15, 11, 0, 0, 0, 0, 0, 0, 0, 0, 0, 0, 0, 0, 0, 0, 0, 0, 0, 0, 0, 0, 0, 0, 0, 0, 0, 0, : 7, 10, 1, 8, 5, 7, 5, 3, 1, 17, 8, 2, 15, 11, 
2: 1, 1, 2, 3, 9, 3, 14, 15, 15, 5, 1, 7, 12, 2, 7, 7, 22, 2, 8, 0, 0, 0, 0, 0, 0, 0, 0, 0, 0, 0, 0, 0, 0, 0, 0, 0, 0, 0, 0, 0, : 1, 1, 2, 3, 9, 3, 14, 15, 15, 5, 1, 7, 12, 2, 7, 7, 22, 2, 8, 
3: 3, 6, 8, 16, 3, 4, 7, 27, 4, 1, 25, 7, 20, 5, 12, 5, 17, 15, 8, 1, 5, 0, 0, 0, 0, 0, 0, 0, 0, 0, 0, 0, 0, 0, 0, 0, 0, 0, 0, 0, : 3, 6, 8, 16, 3, 4, 7, 27, 4, 1, 25, 7, 20, 5, 12, 5, 17, 15, 8, 1, 5, 
4: 3, 14, 3, 5, 8, 6, 21, 1, 1, 19, 5, 4, 6, 0, 0, 0, 0, 0, 0, 0, 0, 0, 0, 0, 0, 0, 0, 0, 0, 0, 0, 0, 0, 0, 0, 0, 0, 0, 0, 0, : 3, 14, 3, 5, 8, 6, 21, 1, 1, 19, 5, 4, 6, 
5: 15, 6, 19, 6, 15, 12, 2, 3, 2, 3, 4, 1, 8, 2, 9, 3, 26, 4, 0, 0, 0, 0, 0, 0, 0, 0, 0, 0, 0, 0, 0, 0, 0, 0, 0, 0, 0, 0, 0, 0, : 15, 6, 19, 6, 15, 12, 2, 3, 2, 3, 4, 1, 8, 2, 9, 3, 26, 4, 
6: 20, 23, 6, 4, 14, 11, 35, 4, 2, 12, 7, 3, 24, 3, 6, 16, 8, 3, 5, 2, 8, 17, 8, 1, 2, 4, 0, 0, 0, 0, 0, 0, 0, 0, 0, 0, 0, 0, 0, 0, : 20, 23, 6, 4, 14, 11, 35, 4, 2, 12, 7, 3, 24, 3, 6, 16, 8, 3, 5, 2, 8, 17, 8, 1, 2, 4, 
7: 13, 6, 2, 2, 4, 20, 17, 12, 13, 20, 5, 21, 21, 26, 3, 3, 3, 5, 3, 4, 0, 0, 0, 0, 0, 0, 0, 0, 0, 0, 0, 0, 0, 0, 0, 0, 0, 0, 0, 0, : 13, 6, 2, 2, 4, 20, 17, 12, 13, 20, 5, 21, 21, 26, 3, 3, 3, 5, 3, 4, 
8: 6, 1, 33, 18, 1, 9, 7, 5, 19, 18, 5, 4, 20, 14, 1, 16, 4, 17, 20, 3, 0, 0, 0, 0, 0, 0, 0, 0, 0, 0, 0, 0, 0, 0, 0, 0, 0, 0, 0, 0, : 6, 1, 33, 18, 1, 9, 7, 5, 19, 18, 5, 4, 20, 14, 1, 16, 4, 17, 20, 3, 
9: 14, 7, 3, 1, 3, 4, 21, 1, 25, 8, 12, 1, 12, 4, 6, 0, 0, 0, 0, 0, 0, 0, 0, 0, 0, 0, 0, 0, 0, 0, 0, 0, 0, 0, 0, 0, 0, 0, 0, 0, : 14, 7, 3, 1, 3, 4, 21, 1, 25, 8, 12, 1, 12, 4, 6, 
10: 8, 13, 15, 1, 2, 1, 5, 3, 6, 5, 9, 4, 4, 2, 5, 4, 3, 0, 0, 0, 0, 0, 0, 0, 0, 0, 0, 0, 0, 0, 0, 0, 0, 0, 0, 0, 0, 0, 0, 0, : 8, 13, 15, 1, 2, 1, 5, 3, 6, 5, 9, 4, 4, 2, 5, 4, 3, 
11: 3, 2, 6, 15, 19, 1, 14, 18, 5, 1, 19, 6, 1, 17, 9, 6, 7, 7, 6, 4, 25, 3, 7, 29, 3, 2, 0, 0, 0, 0, 0, 0, 0, 0, 0, 0, 0, 0, 0, 0, : 3, 2, 6, 15, 19, 1, 14, 18, 5, 1, 19, 6, 1, 17, 9, 6, 7, 7, 6, 4, 25, 3, 7, 29, 3, 2, 
12: 19, 12, 4, 6, 2, 13, 5, 13, 4, 18, 25, 4, 1, 16, 6, 4, 4, 8, 8, 9, 16, 4, 2, 8, 4, 4, 8, 0, 0, 0, 0, 0, 0, 0, 0, 0, 0, 0, 0, 0, : 19, 12, 4, 6, 2, 13, 5, 13, 4, 18, 25, 4, 1, 16, 6, 4, 4, 8, 8, 9, 16, 4, 2, 8, 4, 4, 8, 
13: 5, 15, 2, 16, 18, 1, 2, 19, 14, 14, 1, 21, 4, 2, 21, 7, 0, 0, 0, 0, 0, 0, 0, 0, 0, 0, 0, 0, 0, 0, 0, 0, 0, 0, 0, 0, 0, 0, 0, 0, : 5, 15, 2, 16, 18, 1, 2, 19, 14, 14, 1, 21, 4, 2, 21, 7, 
14: 10, 2, 11, 13, 24, 1, 8, 16, 1, 6, 21, 22, 9, 4, 7, 9, 3, 6, 9, 3, 0, 0, 0, 0, 0, 0, 0, 0, 0, 0, 0, 0, 0, 0, 0, 0, 0, 0, 0, 0, : 10, 2, 11, 13, 24, 1, 8, 16, 1, 6, 21, 22, 9, 4, 7, 9, 3, 6, 9, 3, 
15: 8, 5, 4, 17, 6, 3, 28, 1, 1, 3, 8, 10, 10, 6, 14, 2, 2, 14, 5, 16, 14, 8, 3, 12, 2, 31, 0, 0, 0, 0, 0, 0, 0, 0, 0, 0, 0, 0, 0, 0, : 8, 5, 4, 17, 6, 3, 28, 1, 1, 3, 8, 10, 10, 6, 14, 2, 2, 14, 5, 16, 14, 8, 3, 12, 2, 31, 
16: 1, 4, 1, 1, 4, 22, 12, 3, 2, 4, 1, 11, 0, 0, 0, 0, 0, 0, 0, 0, 0, 0, 0, 0, 0, 0, 0, 0, 0, 0, 0, 0, 0, 0, 0, 0, 0, 0, 0, 0, : 1, 4, 1, 1, 4, 22, 12, 3, 2, 4, 1, 11, 
17: 9, 23, 2, 7, 27, 2, 13, 1, 5, 21, 6, 11, 3, 7, 7, 5, 2, 4, 2, 11, 6, 1, 17, 1, 1, 2, 7, 0, 0, 0, 0, 0, 0, 0, 0, 0, 0, 0, 0, 0, : 9, 23, 2, 7, 27, 2, 13, 1, 5, 21, 6, 11, 3, 7, 7, 5, 2, 4, 2, 11, 6, 1, 17, 1, 1, 2, 7, 
18: 4, 37, 6, 1, 19, 6, 9, 11, 10, 3, 25, 7, 17, 11, 11, 13, 8, 7, 22, 2, 16, 1, 3, 0, 0, 0, 0, 0, 0, 0, 0, 0, 0, 0, 0, 0, 0, 0, 0, 0, : 4, 37, 6, 1, 19, 6, 9, 11, 10, 3, 25, 7, 17, 11, 11, 13, 8, 7, 22, 2, 16, 1, 3, 
19: 4, 33, 1, 1, 5, 14, 15, 1, 0, 0, 0, 0, 0, 0, 0, 0, 0, 0, 0, 0, 0, 0, 0, 0, 0, 0, 0, 0, 0, 0, 0, 0, 0, 0, 0, 0, 0, 0, 0, 0, : 4, 33, 1, 1, 5, 14, 15, 1, 
20: 1, 4, 3, 4, 1, 1, 5, 21, 2, 8, 2, 12, 17, 2, 13, 5, 21, 17, 6, 1, 0, 0, 0, 0, 0, 0, 0, 0, 0, 0, 0, 0, 0, 0, 0, 0, 0, 0, 0, 0, : 1, 4, 3, 4, 1, 1, 5, 21, 2, 8, 2, 12, 17, 2, 13, 5, 21, 17, 6, 1, 
21: 5, 22, 11, 1, 5, 20, 5, 4, 31, 2, 6, 21, 0, 0, 0, 0, 0, 0, 0, 0, 0, 0, 0, 0, 0, 0, 0, 0, 0, 0, 0, 0, 0, 0, 0, 0, 0, 0, 0, 0, : 5, 22, 11, 1, 5, 20, 5, 4, 31, 2, 6, 21, 
22: 22, 11, 2, 2, 9, 10, 2, 8, 3, 3, 1, 2, 35, 25, 13, 5, 8, 8, 9, 0, 0, 0, 0, 0, 0, 0, 0, 0, 0, 0, 0, 0, 0, 0, 0, 0, 0, 0, 0, 0, : 22, 11, 2, 2, 9, 10, 2, 8, 3, 3, 1, 2, 35, 25, 13, 5, 8, 8, 9, 
23: 1, 1, 2, 1, 3, 19, 19, 7, 11, 2, 4, 2, 12, 2, 3, 2, 11, 7, 20, 4, 2, 21, 8, 6, 0, 0, 0, 0, 0, 0, 0, 0, 0, 0, 0, 0, 0, 0, 0, 0, : 1, 1, 2, 1, 3, 19, 19, 7, 11, 2, 4, 2, 12, 2, 3, 2, 11, 7, 20, 4, 2, 21, 8, 6, 
24: 3, 11, 25, 1, 5, 11, 2, 18, 1, 7, 8, 15, 1, 9, 4, 1, 2, 14, 0, 0, 0, 0, 0, 0, 0, 0, 0, 0, 0, 0, 0, 0, 0, 0, 0, 0, 0, 0, 0, 0, : 3, 11, 25, 1, 5, 11, 2, 18, 1, 7, 8, 15, 1, 9, 4, 1, 2, 14, 
25: 16, 3, 8, 3, 9, 24, 3, 6, 3, 8, 5, 1, 20, 2, 8, 6, 6, 11, 1, 5, 0, 0, 0, 0, 0, 0, 0, 0, 0, 0, 0, 0, 0, 0, 0, 0, 0, 0, 0, 0, : 16, 3, 8, 3, 9, 24, 3, 6, 3, 8, 5, 1, 20, 2, 8, 6, 6, 11, 1, 5, 
26: 2, 7, 2, 2, 5, 25, 9, 2, 5, 9, 17, 16, 35, 14, 2, 4, 7, 8, 0, 0, 0, 0, 0, 0, 0, 0, 0, 0, 0, 0, 0, 0, 0, 0, 0, 0, 0, 0, 0, 0, : 2, 7, 2, 2, 5, 25, 9, 2, 5, 9, 17, 16, 35, 14, 2, 4, 7, 8, 
27: 4, 2, 4, 6, 22, 5, 18, 19, 5, 2, 5, 9, 1, 3, 4, 15, 5, 3, 2, 3, 1, 11, 0, 0, 0, 0, 0, 0, 0, 0, 0, 0, 0, 0, 0, 0, 0, 0, 0, 0, : 4, 2, 4, 6, 22, 5, 18, 19, 5, 2, 5, 9, 1, 3, 4, 15, 5, 3, 2, 3, 1, 11, 
28: 14, 10, 12, 2, 6, 6, 6, 3, 3, 7, 29, 24, 16, 2, 6, 3, 8, 7, 4, 3, 4, 1, 0, 0, 0, 0, 0, 0, 0, 0, 0, 0, 0, 0, 0, 0, 0, 0, 0, 0, : 14, 10, 12, 2, 6, 6, 6, 3, 3, 7, 29, 24, 16, 2, 6, 3, 8, 7, 4, 3, 4, 1, 
29: 2, 3, 1, 8, 2, 36, 1, 10, 6, 4, 15, 9, 2, 1, 5, 0, 0, 0, 0, 0, 0, 0, 0, 0, 0, 0, 0, 0, 0, 0, 0, 0, 0, 0, 0, 0, 0, 0, 0, 0, : 2, 3, 1, 8, 2, 36, 1, 10, 6, 4, 15, 9, 2, 1, 5, 
30: 4, 3, 2, 6, 3, 2, 1, 3, 4, 4, 2, 7, 17, 18, 29, 14, 0, 0, 0, 0, 0, 0, 0, 0, 0, 0, 0, 0, 0, 0, 0, 0, 0, 0, 0, 0, 0, 0, 0, 0, : 4, 3, 2, 6, 3, 2, 1, 3, 4, 4, 2, 7, 17, 18, 29, 14, 
31: 1, 4, 7, 16, 15, 10, 6, 15, 5, 2, 3, 25, 0, 0, 0, 0, 0, 0, 0, 0, 0, 0, 0, 0, 0, 0, 0, 0, 0, 0, 0, 0, 0, 0, 0, 0, 0, 0, 0, 0, : 1, 4, 7, 16, 15, 10, 6, 15, 5, 2, 3, 25, 
32: 1, 6, 1, 1, 6, 4, 29, 3, 1, 3, 4, 9, 0, 0, 0, 0, 0, 0, 0, 0, 0, 0, 0, 0, 0, 0, 0, 0, 0, 0, 0, 0, 0, 0, 0, 0, 0, 0, 0, 0, : 1, 6, 1, 1, 6, 4, 29, 3, 1, 3, 4, 9, 
33: 4, 2, 12, 4, 1, 5, 5, 11, 8, 22, 9, 2, 30, 0, 0, 0, 0, 0, 0, 0, 0, 0, 0, 0, 0, 0, 0, 0, 0, 0, 0, 0, 0, 0, 0, 0, 0, 0, 0, 0, : 4, 2, 12, 4, 1, 5, 5, 11, 8, 22, 9, 2, 30, 
34: 3, 34, 26, 18, 6, 27, 8, 14, 19, 23, 2, 4, 3, 28, 1, 5, 10, 1, 8, 7, 1, 12, 7, 0, 0, 0, 0, 0, 0, 0, 0, 0, 0, 0, 0, 0, 0, 0, 0, 0, : 3, 34, 26, 18, 6, 27, 8, 14, 19, 23, 2, 4, 3, 28, 1, 5, 10, 1, 8, 7, 1, 12, 7, 
35: 28, 12, 3, 4, 6, 10, 8, 15, 22, 14, 2, 6, 20, 18, 3, 27, 4, 1, 14, 1, 10, 1, 0, 0, 0, 0, 0, 0, 0, 0, 0, 0, 0, 0, 0, 0, 0, 0, 0, 0, : 28, 12, 3, 4, 6, 10, 8, 15, 22, 14, 2, 6, 20, 18, 3, 27, 4, 1, 14, 1, 10, 1, 
36: 1, 9, 16, 10, 3, 6, 3, 22, 0, 0, 0, 0, 0, 0, 0, 0, 0, 0, 0, 0, 0, 0, 0, 0, 0, 0, 0, 0, 0, 0, 0, 0, 0, 0, 0, 0, 0, 0, 0, 0, : 1, 9, 16, 10, 3, 6, 3, 22, 
37: 10, 3, 6, 12, 10, 8, 14, 8, 4, 8, 24, 16, 1, 2, 11, 1, 2, 3, 6, 7, 16, 0, 0, 0, 0, 0, 0, 0, 0, 0, 0, 0, 0, 0, 0, 0, 0, 0, 0, 0, : 10, 3, 6, 12, 10, 8, 14, 8, 4, 8, 24, 16, 1, 2, 11, 1, 2, 3, 6, 7, 16, 
38: 1, 4, 12, 4, 3, 4, 7, 11, 19, 11, 2, 13, 6, 1, 30, 12, 6, 22, 4, 1, 0, 0, 0, 0, 0, 0, 0, 0, 0, 0, 0, 0, 0, 0, 0, 0, 0, 0, 0, 0, : 1, 4, 12, 4, 3, 4, 7, 11, 19, 11, 2, 13, 6, 1, 30, 12, 6, 22, 4, 1, 
39: 30, 1, 1, 16, 11, 22, 23, 3, 3, 10, 13, 5, 23, 5, 5, 10, 3, 7, 11, 16, 4, 30, 4, 3, 7, 14, 0, 0, 0, 0, 0, 0, 0, 0, 0, 0, 0, 0, 0, 0, : 30, 1, 1, 16, 11, 22, 23, 3, 3, 10, 13, 5, 23, 5, 5, 10, 3, 7, 11, 16, 4, 30, 4, 3, 7, 14, 
40: 2, 13, 25, 2, 10, 8, 3, 2, 13, 2, 34, 2, 1, 6, 2, 2, 1, 2, 6, 33, 0, 0, 0, 0, 0, 0, 0, 0, 0, 0, 0, 0, 0, 0, 0, 0, 0, 0, 0, 0, : 2, 13, 25, 2, 10, 8, 3, 2, 13, 2, 34, 2, 1, 6, 2, 2, 1, 2, 6, 33, 
41: 3, 7, 9, 17, 18, 6, 3, 2, 4, 13, 20, 2, 2, 10, 12, 14, 1, 2, 0, 0, 0, 0, 0, 0, 0, 0, 0, 0, 0, 0, 0, 0, 0, 0, 0, 0, 0, 0, 0, 0, : 3, 7, 9, 17, 18, 6, 3, 2, 4, 13, 20, 2, 2, 10, 12, 14, 1, 2, 
42: 6, 6, 11, 5, 22, 3, 13, 1, 6, 1, 0, 0, 0, 0, 0, 0, 0, 0, 0, 0, 0, 0, 0, 0, 0, 0, 0, 0, 0, 0, 0, 0, 0, 0, 0, 0, 0, 0, 0, 0, : 6, 6, 11, 5, 22, 3, 13, 1, 6, 1, 
43: 1, 3, 3, 7, 3, 1, 2, 7, 14, 5, 2, 3, 6, 8, 1, 4, 27, 13, 1, 22, 10, 6, 5, 31, 1, 0, 0, 0, 0, 0, 0, 0, 0, 0, 0, 0, 0, 0, 0, 0, : 1, 3, 3, 7, 3, 1, 2, 7, 14, 5, 2, 3, 6, 8, 1, 4, 27, 13, 1, 22, 10, 6, 5, 31, 1, 
44: 3, 7, 2, 12, 9, 18, 6, 1, 7, 26, 2, 5, 2, 5, 2, 3, 3, 2, 2, 3, 7, 3, 0, 0, 0, 0, 0, 0, 0, 0, 0, 0, 0, 0, 0, 0, 0, 0, 0, 0, : 3, 7, 2, 12, 9, 18, 6, 1, 7, 26, 2, 5, 2, 5, 2, 3, 3, 2, 2, 3, 7, 3, 
45: 7, 2, 23, 4, 9, 13, 4, 7, 5, 15, 5, 29, 15, 2, 1, 5, 35, 1, 28, 19, 1, 0, 0, 0, 0, 0, 0, 0, 0, 0, 0, 0, 0, 0, 0, 0, 0, 0, 0, 0, : 7, 2, 23, 4, 9, 13, 4, 7, 5, 15, 5, 29, 15, 2, 1, 5, 35, 1, 28, 19, 1, 
46: 1, 7, 1, 2, 2, 3, 8, 25, 20, 6, 4, 4, 2, 24, 2, 20, 8, 10, 0, 0, 0, 0, 0, 0, 0, 0, 0, 0, 0, 0, 0, 0, 0, 0, 0, 0, 0, 0, 0, 0, : 1, 7, 1, 2, 2, 3, 8, 25, 20, 6, 4, 4, 2, 24, 2, 20, 8, 10, 
47: 8, 3, 2, 5, 25, 1, 8, 1, 22, 3, 16, 1, 7, 5, 7, 18, 9, 4, 1, 4, 16, 0, 0, 0, 0, 0, 0, 0, 0, 0, 0, 0, 0, 0, 0, 0, 0, 0, 0, 0, : 8, 3, 2, 5, 25, 1, 8, 1, 22, 3, 16, 1, 7, 5, 7, 18, 9, 4, 1, 4, 16, 
48: 5, 2, 7, 5, 3, 2, 2, 13, 2, 1, 16, 5, 16, 13, 1, 29, 3, 1, 11, 5, 3, 7, 4, 6, 0, 0, 0, 0, 0, 0, 0, 0, 0, 0, 0, 0, 0, 0, 0, 0, : 5, 2, 7, 5, 3, 2, 2, 13, 2, 1, 16, 5, 16, 13, 1, 29, 3, 1, 11, 5, 3, 7, 4, 6, 
49: 4, 3, 4, 14, 3, 9, 11, 6, 2, 7, 3, 1, 2, 13, 13, 2, 3, 5, 7, 0, 0, 0, 0, 0, 0, 0, 0, 0, 0, 0, 0, 0, 0, 0, 0, 0, 0, 0, 0, 0, : 4, 3, 4, 14, 3, 9, 11, 6, 2, 7, 3, 1, 2, 13, 13, 2, 3, 5, 7, 
50: 28, 3, 13, 8, 21, 18, 5, 6, 3, 2, 22, 24, 2, 1, 4, 8, 14, 11, 7, 1, 0, 0, 0, 0, 0, 0, 0, 0, 0, 0, 0, 0, 0, 0, 0, 0, 0, 0, 0, 0, : 28, 3, 13, 8, 21, 18, 5, 6, 3, 2, 22, 24, 2, 1, 4, 8, 14, 11, 7, 1, 
51: 3, 12, 4, 34, 2, 1, 3, 8, 4, 1, 11, 9, 5, 12, 3, 21, 6, 1, 8, 0, 0, 0, 0, 0, 0, 0, 0, 0, 0, 0, 0, 0, 0, 0, 0, 0, 0, 0, 0, 0, : 3, 12, 4, 34, 2, 1, 3, 8, 4, 1, 11, 9, 5, 12, 3, 21, 6, 1, 8, 
52: 14, 24, 13, 21, 16, 6, 1, 3, 12, 2, 2, 5, 4, 12, 2, 7, 16, 4, 6, 3, 1, 1, 15, 24, 5, 7, 0, 0, 0, 0, 0, 0, 0, 0, 0, 0, 0, 0, 0, 0, : 14, 24, 13, 21, 16, 6, 1, 3, 12, 2, 2, 5, 4, 12, 2, 7, 16, 4, 6, 3, 1, 1, 15, 24, 5, 7, 
53: 5, 6, 21, 10, 10, 7, 16, 1, 3, 6, 22, 6, 10, 9, 10, 9, 1, 2, 2, 1, 0, 0, 0, 0, 0, 0, 0, 0, 0, 0, 0, 0, 0, 0, 0, 0, 0, 0, 0, 0, : 5, 6, 21, 10, 10, 7, 16, 1, 3, 6, 22, 6, 10, 9, 10, 9, 1, 2, 2, 1, 
54: 4, 5, 20, 1, 6, 1, 2, 1, 6, 17, 3, 1, 11, 2, 2, 4, 9, 1, 9, 3, 18, 0, 0, 0, 0, 0, 0, 0, 0, 0, 0, 0, 0, 0, 0, 0, 0, 0, 0, 0, : 4, 5, 20, 1, 6, 1, 2, 1, 6, 17, 3, 1, 11, 2, 2, 4, 9, 1, 9, 3, 18, 
55: 1, 1, 15, 2, 20, 8, 1, 2, 14, 5, 6, 1, 5, 2, 27, 14, 1, 20, 12, 19, 5, 9, 6, 4, 8, 21, 4, 0, 0, 0, 0, 0, 0, 0, 0, 0, 0, 0, 0, 0, : 1, 1, 15, 2, 20, 8, 1, 2, 14, 5, 6, 1, 5, 2, 27, 14, 1, 20, 12, 19, 5, 9, 6, 4, 8, 21, 4, 
56: 19, 6, 1, 6, 1, 1, 5, 17, 10, 3, 2, 24, 23, 19, 3, 1, 8, 2, 9, 17, 24, 0, 0, 0, 0, 0, 0, 0, 0, 0, 0, 0, 0, 0, 0, 0, 0, 0, 0, 0, : 19, 6, 1, 6, 1, 1, 5, 17, 10, 3, 2, 24, 23, 19, 3, 1, 8, 2, 9, 17, 24, 
57: 15, 7, 4, 22, 2, 3, 1, 7, 3, 3, 14, 23, 16, 20, 2, 17, 1, 3, 17, 3, 3, 36, 0, 0, 0, 0, 0, 0, 0, 0, 0, 0, 0, 0, 0, 0, 0, 0, 0, 0, : 15, 7, 4, 22, 2, 3, 1, 7, 3, 3, 14, 23, 16, 20, 2, 17, 1, 3, 17, 3, 3, 36, 
58: 4, 5, 17, 19, 4, 5, 17, 27, 1, 1, 8, 5, 3, 4, 2, 11, 2, 2, 3, 4, 4, 5, 24, 0, 0, 0, 0, 0, 0, 0, 0, 0, 0, 0, 0, 0, 0, 0, 0, 0, : 4, 5, 17, 19, 4, 5, 17, 27, 1, 1, 8, 5, 3, 4, 2, 11, 2, 2, 3, 4, 4, 5, 24, 
59: 19, 19, 22, 2, 5, 8, 8, 2, 4, 2, 3, 2, 5, 12, 4, 9, 7, 0, 0, 0, 0, 0, 0, 0, 0, 0, 0, 0, 0, 0, 0, 0, 0, 0, 0, 0, 0, 0, 0, 0, : 19, 19, 22, 2, 5, 8, 8, 2, 4, 2, 3, 2, 5, 12, 4, 9, 7, 
60: 1, 6, 2, 1, 4, 2, 1, 2, 22, 3, 11, 1, 1, 12, 5, 1, 9, 8, 33, 2, 3, 24, 0, 0, 0, 0, 0, 0, 0, 0, 0, 0, 0, 0, 0, 0, 0, 0, 0, 0, : 1, 6, 2, 1, 4, 2, 1, 2, 22, 3, 11, 1, 1, 12, 5, 1, 9, 8, 33, 2, 3, 24, 
61: 1, 2, 6, 11, 23, 1, 1, 33, 1, 12, 20, 2, 1, 9, 11, 6, 3, 28, 16, 4, 2, 0, 0, 0, 0, 0, 0, 0, 0, 0, 0, 0, 0, 0, 0, 0, 0, 0, 0, 0, : 1, 2, 6, 11, 23, 1, 1, 33, 1, 12, 20, 2, 1, 9, 11, 6, 3, 28, 16, 4, 2, 
62: 3, 21, 35, 29, 1, 6, 7, 17, 17, 6, 5, 28, 8, 1, 3, 15, 5, 26, 0, 0, 0, 0, 0, 0, 0, 0, 0, 0, 0, 0, 0, 0, 0, 0, 0, 0, 0, 0, 0, 0, : 3, 21, 35, 29, 1, 6, 7, 17, 17, 6, 5, 28, 8, 1, 3, 15, 5, 26, 
63: 7, 4, 14, 1, 2, 7, 1, 20, 22, 3, 2, 4, 1, 8, 4, 1, 1, 18, 21, 1, 32, 1, 6, 0, 0, 0, 0, 0, 0, 0, 0, 0, 0, 0, 0, 0, 0, 0, 0, 0, : 7, 4, 14, 1, 2, 7, 1, 20, 22, 3, 2, 4, 1, 8, 4, 1, 1, 18, 21, 1, 32, 1, 6, 
64: 17, 3, 2, 6, 9, 5, 2, 15, 12, 18, 8, 1, 1, 5, 10, 2, 13, 12, 6, 36, 3, 9, 4, 5, 31, 4, 0, 0, 0, 0, 0, 0, 0, 0, 0, 0, 0, 0, 0, 0, : 17, 3, 2, 6, 9, 5, 2, 15, 12, 18, 8, 1, 1, 5, 10, 2, 13, 12, 6, 36, 3, 9, 4, 5, 31, 4, 
65: 2, 2, 21, 5, 2, 5, 6, 1, 18, 1, 5, 2, 10, 3, 4, 8, 4, 14, 5, 16, 8, 10, 13, 7, 1, 12, 4, 0, 0, 0, 0, 0, 0, 0, 0, 0, 0, 0, 0, 0, : 2, 2, 21, 5, 2, 5, 6, 1, 18, 1, 5, 2, 10, 3, 4, 8, 4, 14, 5, 16, 8, 10, 13, 7, 1, 12, 4, 
66: 2, 3, 6, 5, 13, 1, 6, 10, 6, 3, 26, 9, 2, 5, 10, 12, 2, 7, 3, 0, 0, 0, 0, 0, 0, 0, 0, 0, 0, 0, 0, 0, 0, 0, 0, 0, 0, 0, 0, 0, : 2, 3, 6, 5, 13, 1, 6, 10, 6, 3, 26, 9, 2, 5, 10, 12, 2, 7, 3, 
67: 2, 2, 1, 12, 30, 1, 3, 2, 3, 15, 3, 4, 26, 12, 0, 0, 0, 0, 0, 0, 0, 0, 0, 0, 0, 0, 0, 0, 0, 0, 0, 0, 0, 0, 0, 0, 0, 0, 0, 0, : 2, 2, 1, 12, 30, 1, 3, 2, 3, 15, 3, 4, 26, 12, 
68: 4, 3, 4, 31, 8, 2, 2, 3, 2, 20, 11, 10, 1, 11, 10, 4, 11, 4, 4, 1, 2, 13, 7, 0, 0, 0, 0, 0, 0, 0, 0, 0, 0, 0, 0, 0, 0, 0, 0, 0, : 4, 3, 4, 31, 8, 2, 2, 3, 2, 20, 11, 10, 1, 11, 10, 4, 11, 4, 4, 1, 2, 13, 7, 
69: 1, 9, 6, 10, 2, 1, 25, 1, 2, 2, 4, 7, 28, 2, 19, 6, 2, 4, 23, 4, 0, 0, 0, 0, 0, 0, 0, 0, 0, 0, 0, 0, 0, 0, 0, 0, 0, 0, 0, 0, : 1, 9, 6, 10, 2, 1, 25, 1, 2, 2, 4, 7, 28, 2, 19, 6, 2, 4, 23, 4, 
70: 7, 3, 5, 11, 1, 2, 5, 26, 11, 8, 7, 7, 5, 6, 2, 4, 9, 3, 26, 5, 35, 24, 0, 0, 0, 0, 0, 0, 0, 0, 0, 0, 0, 0, 0, 0, 0, 0, 0, 0, : 7, 3, 5, 11, 1, 2, 5, 26, 11, 8, 7, 7, 5, 6, 2, 4, 9, 3, 26, 5, 35, 24, 
71: 5, 1, 14, 1, 6, 6, 1, 2, 4, 15, 6, 5, 1, 5, 4, 2, 10, 2, 11, 13, 0, 0, 0, 0, 0, 0, 0, 0, 0, 0, 0, 0, 0, 0, 0, 0, 0, 0, 0, 0, : 5, 1, 14, 1, 6, 6, 1, 2, 4, 15, 6, 5, 1, 5, 4, 2, 10, 2, 11, 13, 
72: 4, 1, 1, 24, 8, 8, 20, 1, 4, 36, 17, 15, 15, 1, 1, 0, 0, 0, 0, 0, 0, 0, 0, 0, 0, 0, 0, 0, 0, 0, 0, 0, 0, 0, 0, 0, 0, 0, 0, 0, : 4, 1, 1, 24, 8, 8, 20, 1, 4, 36, 17, 15, 15, 1, 1, 
73: 4, 8, 17, 5, 17, 2, 5, 2, 11, 20, 5, 3, 28, 1, 3, 1, 12, 28, 3, 7, 8, 8, 4, 23, 3, 7, 0, 0, 0, 0, 0, 0, 0, 0, 0, 0, 0, 0, 0, 0, : 4, 8, 17, 5, 17, 2, 5, 2, 11, 20, 5, 3, 28, 1, 3, 1, 12, 28, 3, 7, 8, 8, 4, 23, 3, 7, 
74: 18, 15, 25, 1, 3, 1, 9, 10, 3, 10, 13, 6, 20, 6, 1, 12, 32, 3, 4, 9, 9, 3, 8, 31, 0, 0, 0, 0, 0, 0, 0, 0, 0, 0, 0, 0, 0, 0, 0, 0, : 18, 15, 25, 1, 3, 1, 9, 10, 3, 10, 13, 6, 20, 6, 1, 12, 32, 3, 4, 9, 9, 3, 8, 31, 
75: 9, 32, 1, 13, 5, 5, 12, 1, 9, 16, 3, 23, 14, 3, 29, 21, 8, 22, 4, 10, 6, 3, 29, 4, 2, 11, 0, 0, 0, 0, 0, 0, 0, 0, 0, 0, 0, 0, 0, 0, : 9, 32, 1, 13, 5, 5, 12, 1, 9, 16, 3, 23, 14, 3, 29, 21, 8, 22, 4, 10, 6, 3, 29, 4, 2, 11, 
76: 7, 7, 19, 1, 6, 2, 9, 2, 7, 20, 7, 10, 5, 9, 0, 0, 0, 0, 0, 0, 0, 0, 0, 0, 0, 0, 0, 0, 0, 0, 0, 0, 0, 0, 0, 0, 0, 0, 0, 0, : 7, 7, 19, 1, 6, 2, 9, 2, 7, 20, 7, 10, 5, 9, 
77: 19, 20, 8, 14, 1, 27, 15, 7, 10, 25, 7, 4, 2, 5, 13, 19, 15, 6, 14, 6, 18, 0, 0, 0, 0, 0, 0, 0, 0, 0, 0, 0, 0, 0, 0, 0, 0, 0, 0, 0, : 19, 20, 8, 14, 1, 27, 15, 7, 10, 25, 7, 4, 2, 5, 13, 19, 15, 6, 14, 6, 18, 
78: 12, 7, 4, 9, 3, 7, 11, 3, 1, 1, 4, 15, 5, 23, 0, 0, 0, 0, 0, 0, 0, 0, 0, 0, 0, 0, 0, 0, 0, 0, 0, 0, 0, 0, 0, 0, 0, 0, 0, 0, : 12, 7, 4, 9, 3, 7, 11, 3, 1, 1, 4, 15, 5, 23, 
79: 16, 3, 4, 5, 3, 1, 4, 11, 2, 2, 16, 4, 2, 9, 2, 7, 11, 0, 0, 0, 0, 0, 0, 0, 0, 0, 0, 0, 0, 0, 0, 0, 0, 0, 0, 0, 0, 0, 0, 0, : 16, 3, 4, 5, 3, 1, 4, 11, 2, 2, 16, 4, 2, 9, 2, 7, 11, 
80: 10, 1, 1, 24, 32, 6, 2, 11, 21, 9, 11, 16, 1, 5, 1, 3, 21, 0, 0, 0, 0, 0, 0, 0, 0, 0, 0, 0, 0, 0, 0, 0, 0, 0, 0, 0, 0, 0, 0, 0, : 10, 1, 1, 24, 32, 6, 2, 11, 21, 9, 11, 16, 1, 5, 1, 3, 21, 
81: 2, 6, 15, 1, 3, 6, 10, 11, 5, 8, 1, 1, 12, 10, 8, 7, 11, 4, 7, 6, 9, 2, 4, 0, 0, 0, 0, 0, 0, 0, 0, 0, 0, 0, 0, 0, 0, 0, 0, 0, : 2, 6, 15, 1, 3, 6, 10, 11, 5, 8, 1, 1, 12, 10, 8, 7, 11, 4, 7, 6, 9, 2, 4, 
82: 8, 2, 5, 9, 3, 15, 2, 7, 7, 7, 32, 2, 7, 21, 1, 1, 0, 0, 0, 0, 0, 0, 0, 0, 0, 0, 0, 0, 0, 0, 0, 0, 0, 0, 0, 0, 0, 0, 0, 0, : 8, 2, 5, 9, 3, 15, 2, 7, 7, 7, 32, 2, 7, 21, 1, 1, 
83: 1, 5, 4, 24, 8, 4, 18, 1, 4, 8, 1, 9, 1, 11, 0, 0, 0, 0, 0, 0, 0, 0, 0, 0, 0, 0, 0, 0, 0, 0, 0, 0, 0, 0, 0, 0, 0, 0, 0, 0, : 1, 5, 4, 24, 8, 4, 18, 1, 4, 8, 1, 9, 1, 11, 
84: 2, 1, 26, 5, 1, 21, 5, 3, 5, 6, 9, 4, 5, 6, 10, 3, 4, 9, 24, 17, 2, 2, 0, 0, 0, 0, 0, 0, 0, 0, 0, 0, 0, 0, 0, 0, 0, 0, 0, 0, : 2, 1, 26, 5, 1, 21, 5, 3, 5, 6, 9, 4, 5, 6, 10, 3, 4, 9, 24, 17, 2, 2, 
85: 1, 13, 15, 3, 1, 11, 5, 12, 12, 3, 7, 11, 1, 10, 15, 7, 4, 5, 2, 7, 1, 1, 1, 0, 0, 0, 0, 0, 0, 0, 0, 0, 0, 0, 0, 0, 0, 0, 0, 0, : 1, 13, 15, 3, 1, 11, 5, 12, 12, 3, 7, 11, 1, 10, 15, 7, 4, 5, 2, 7, 1, 1, 1, 
86: 1, 8, 16, 5, 2, 9, 2, 2, 4, 7, 2, 19, 5, 5, 4, 14, 0, 0, 0, 0, 0, 0, 0, 0, 0, 0, 0, 0, 0, 0, 0, 0, 0, 0, 0, 0, 0, 0, 0, 0, : 1, 8, 16, 5, 2, 9, 2, 2, 4, 7, 2, 19, 5, 5, 4, 14, 
87: 13, 1, 3, 2, 18, 5, 1, 5, 3, 10, 23, 1, 11, 6, 12, 8, 3, 10, 5, 5, 5, 12, 18, 16, 0, 0, 0, 0, 0, 0, 0, 0, 0, 0, 0, 0, 0, 0, 0, 0, : 13, 1, 3, 2, 18, 5, 1, 5, 3, 10, 23, 1, 11, 6, 12, 8, 3, 10, 5, 5, 5, 12, 18, 16, 
88: 3, 24, 1, 2, 18, 13, 10, 2, 1, 1, 2, 2, 5, 2, 2, 3, 2, 1, 15, 1, 4, 4, 24, 0, 0, 0, 0, 0, 0, 0, 0, 0, 0, 0, 0, 0, 0, 0, 0, 0, : 3, 24, 1, 2, 18, 13, 10, 2, 1, 1, 2, 2, 5, 2, 2, 3, 2, 1, 15, 1, 4, 4, 24, 
89: 10, 6, 5, 21, 25, 1, 10, 2, 1, 2, 6, 4, 3, 1, 7, 16, 0, 0, 0, 0, 0, 0, 0, 0, 0, 0, 0, 0, 0, 0, 0, 0, 0, 0, 0, 0, 0, 0, 0, 0, : 10, 6, 5, 21, 25, 1, 10, 2, 1, 2, 6, 4, 3, 1, 7, 16, 
90: 5, 7, 6, 15, 7, 30, 3, 1, 7, 30, 29, 1, 7, 2, 3, 5, 25, 2, 3, 1, 6, 1, 3, 9, 0, 0, 0, 0, 0, 0, 0, 0, 0, 0, 0, 0, 0, 0, 0, 0, : 5, 7, 6, 15, 7, 30, 3, 1, 7, 30, 29, 1, 7, 2, 3, 5, 25, 2, 3, 1, 6, 1, 3, 9, 
91: 2, 6, 13, 5, 1, 1, 1, 10, 3, 3, 10, 1, 6, 1, 1, 2, 0, 0, 0, 0, 0, 0, 0, 0, 0, 0, 0, 0, 0, 0, 0, 0, 0, 0, 0, 0, 0, 0, 0, 0, : 2, 6, 13, 5, 1, 1, 1, 10, 3, 3, 10, 1, 6, 1, 1, 2, 
92: 7, 2, 10, 4, 1, 1, 1, 3, 2, 1, 9, 21, 1, 10, 6, 9, 1, 4, 0, 0, 0, 0, 0, 0, 0, 0, 0, 0, 0, 0, 0, 0, 0, 0, 0, 0, 0, 0, 0, 0, : 7, 2, 10, 4, 1, 1, 1, 3, 2, 1, 9, 21, 1, 10, 6, 9, 1, 4, 
93: 2, 32, 4, 5, 6, 31, 17, 19, 12, 10, 6, 3, 2, 14, 1, 12, 0, 0, 0, 0, 0, 0, 0, 0, 0, 0, 0, 0, 0, 0, 0, 0, 0, 0, 0, 0, 0, 0, 0, 0, : 2, 32, 4, 5, 6, 31, 17, 19, 12, 10, 6, 3, 2, 14, 1, 12, 
94: 7, 4, 6, 22, 7, 2, 3, 1, 11, 5, 3, 3, 3, 3, 4, 8, 18, 7, 7, 7, 12, 7, 3, 1, 2, 0, 0, 0, 0, 0, 0, 0, 0, 0, 0, 0, 0, 0, 0, 0, : 7, 4, 6, 22, 7, 2, 3, 1, 11, 5, 3, 3, 3, 3, 4, 8, 18, 7, 7, 7, 12, 7, 3, 1, 2, 
95: 3, 1, 19, 4, 3, 6, 10, 16, 1, 1, 1, 1, 21, 5, 15, 4, 1, 16, 5, 3, 5, 2, 1, 0, 0, 0, 0, 0, 0, 0, 0, 0, 0, 0, 0, 0, 0, 0, 0, 0, : 3, 1, 19, 4, 3, 6, 10, 16, 1, 1, 1, 1, 21, 5, 15, 4, 1, 16, 5, 3, 5, 2, 1, 
96: 5, 8, 4, 11, 1, 3, 6, 6, 3, 22, 5, 13, 9, 7, 1, 12, 13, 27, 1, 26, 1, 8, 3, 8, 0, 0, 0, 0, 0, 0, 0, 0, 0, 0, 0, 0, 0, 0, 0, 0, : 5, 8, 4, 11, 1, 3, 6, 6, 3, 22, 5, 13, 9, 7, 1, 12, 13, 27, 1, 26, 1, 8, 3, 8, 
97: 3, 3, 1, 19, 3, 2, 16, 3, 1, 1, 3, 15, 4, 13, 1, 8, 18, 11, 1, 5, 11, 17, 5, 4, 21, 4, 0, 0, 0, 0, 0, 0, 0, 0, 0, 0, 0, 0, 0, 0, : 3, 3, 1, 19, 3, 2, 16, 3, 1, 1, 3, 15, 4, 13, 1, 8, 18, 11, 1, 5, 11, 17, 5, 4, 21, 4, 
98: 15, 21, 7, 5, 1, 24, 17, 6, 10, 12, 1, 5, 8, 7, 6, 2, 21, 18, 2, 0, 0, 0, 0, 0, 0, 0, 0, 0, 0, 0, 0, 0, 0, 0, 0, 0, 0, 0, 0, 0, : 15, 21, 7, 5, 1, 24, 17, 6, 10, 12, 1, 5, 8, 7, 6, 2, 21, 18, 2, 
99: 2, 9, 5, 1, 3, 30, 3, 2, 24, 3, 6, 22, 6, 5, 4, 2, 0, 0, 0, 0, 0, 0, 0, 0, 0, 0, 0, 0, 0, 0, 0, 0, 0, 0, 0, 0, 0, 0, 0, 0, : 2, 9, 5, 1, 3, 30, 3, 2, 24, 3, 6, 22, 6, 5, 4, 2, 
100: 4, 1, 1, 24, 19, 6, 9, 24, 1, 17, 6, 11, 22, 2, 4, 21, 2, 1, 6, 0, 0, 0, 0, 0, 0, 0, 0, 0, 0, 0, 0, 0, 0, 0, 0, 0, 0, 0, 0, 0, : 4, 1, 1, 24, 19, 6, 9, 24, 1, 17, 6, 11, 22, 2, 4, 21, 2, 1, 6, 


