80
80
1: 9, 3, 9, 2, 14, 10, 5, 1, 10, 5, 6, 3, 2, 1, 20, 11, 18, 6, 2, 13, 25, 22, 26, 26, 12, 17, 28, 9, 1, 13, 3, 6, 7, 5, 10, 2, 12, 17, 0, 0, 0, 0, 0, 0, 0, 0, 0, 0, 0, 0, 0, 0, 0, 0, 0, 0, 0, 0, 0, 0, 0, 0, 0, 0, 0, 0, 0, 0, 0, 0, 0, 0, 0, 0, 0, 0, 0, 0, 0, 0, : 9, 3, 9, 2, 14, 10, 5, 1, 10, 5, 6, 3, 2, 1, 20, 11, 18, 6, 2, 13, 25, 22, 26, 26, 12, 17, 28, 9, 1, 13, 3, 6, 7, 5, 10, 2, 12, 17, 
2: 12, 11, 11, 3, 2, 6, 13, 2, 30, 1, 12, 24, 2, 10, 4, 16, 10, 8, 4, 35, 15, 23, 12, 19, 3, 9, 6, 6, 1, 1, 1, 14, 1, 3, 0, 0, 0, 0, 0, 0, 0, 0, 0, 0, 0, 0, 0, 0, 0, 0, 0, 0, 0, 0, 0, 0, 0, 0, 0, 0, 0, 0, 0, 0, 0, 0, 0, 0, 0, 0, 0, 0, 0, 0, 0, 0, 0, 0, 0, 0, : 12, 11, 11, 3, 2, 6, 13, 2, 30, 1, 12, 24, 2, 10, 4, 16, 10, 8, 4, 35, 15, 23, 12, 19, 3, 9, 6, 6, 1, 1, 1, 14, 1, 3, 
3: 4, 2, 16, 4, 20, 1, 1, 11, 2, 3, 1, 14, 1, 5, 14, 13, 1, 18, 18, 4, 29, 5, 13, 19, 1, 1, 1, 4, 4, 12, 9, 3, 15, 6, 1, 23, 38, 2, 2, 6, 13, 7, 3, 5, 1, 0, 0, 0, 0, 0, 0, 0, 0, 0, 0, 0, 0, 0, 0, 0, 0, 0, 0, 0, 0, 0, 0, 0, 0, 0, 0, 0, 0, 0, 0, 0, 0, 0, 0, 0, : 4, 2, 16, 4, 20, 1, 1, 11, 2, 3, 1, 14, 1, 5, 14, 13, 1, 18, 18, 4, 29, 5, 13, 19, 1, 1, 1, 4, 4, 12, 9, 3, 15, 6, 1, 23, 38, 2, 2, 6, 13, 7, 3, 5, 1, 
4: 3, 2, 9, 2, 16, 1, 5, 11, 8, 13, 7, 3, 2, 25, 28, 30, 4, 9, 1, 5, 3, 3, 3, 5, 1, 3, 1, 7, 2, 21, 6, 6, 28, 2, 3, 13, 3, 16, 26, 2, 2, 19, 13, 14, 4, 0, 0, 0, 0, 0, 0, 0, 0, 0, 0, 0, 0, 0, 0, 0, 0, 0, 0, 0, 0, 0, 0, 0, 0, 0, 0, 0, 0, 0, 0, 0, 0, 0, 0, 0, : 3, 2, 9, 2, 16, 1, 5, 11, 8, 13, 7, 3, 2, 25, 28, 30, 4, 9, 1, 5, 3, 3, 3, 5, 1, 3, 1, 7, 2, 21, 6, 6, 28, 2, 3, 13, 3, 16, 26, 2, 2, 19, 13, 14, 4, 
5: 18, 8, 29, 32, 1, 16, 5, 15, 2, 4, 8, 3, 3, 5, 10, 29, 22, 2, 25, 3, 5, 7, 5, 7, 7, 21, 34, 1, 2, 7, 11, 8, 1, 11, 14, 4, 0, 0, 0, 0, 0, 0, 0, 0, 0, 0, 0, 0, 0, 0, 0, 0, 0, 0, 0, 0, 0, 0, 0, 0, 0, 0, 0, 0, 0, 0, 0, 0, 0, 0, 0, 0, 0, 0, 0, 0, 0, 0, 0, 0, : 18, 8, 29, 32, 1, 16, 5, 15, 2, 4, 8, 3, 3, 5, 10, 29, 22, 2, 25, 3, 5, 7, 5, 7, 7, 21, 34, 1, 2, 7, 11, 8, 1, 11, 14, 4, 
6: 5, 2, 14, 3, 1, 5, 3, 2, 3, 6, 12, 1, 1, 25, 9, 19, 20, 3, 15, 5, 12, 6, 5, 16, 31, 1, 5, 2, 5, 13, 11, 7, 5, 3, 20, 3, 6, 19, 17, 3, 0, 0, 0, 0, 0, 0, 0, 0, 0, 0, 0, 0, 0, 0, 0, 0, 0, 0, 0, 0, 0, 0, 0, 0, 0, 0, 0, 0, 0, 0, 0, 0, 0, 0, 0, 0, 0, 0, 0, 0, : 5, 2, 14, 3, 1, 5, 3, 2, 3, 6, 12, 1, 1, 25, 9, 19, 20, 3, 15, 5, 12, 6, 5, 16, 31, 1, 5, 2, 5, 13, 11, 7, 5, 3, 20, 3, 6, 19, 17, 3, 
7: 27, 9, 7, 12, 10, 8, 7, 4, 21, 2, 8, 8, 1, 3, 3, 15, 7, 4, 11, 19, 3, 2, 15, 4, 4, 8, 4, 2, 1, 2, 2, 5, 12, 14, 11, 0, 0, 0, 0, 0, 0, 0, 0, 0, 0, 0, 0, 0, 0, 0, 0, 0, 0, 0, 0, 0, 0, 0, 0, 0, 0, 0, 0, 0, 0, 0, 0, 0, 0, 0, 0, 0, 0, 0, 0, 0, 0, 0, 0, 0, : 27, 9, 7, 12, 10, 8, 7, 4, 21, 2, 8, 8, 1, 3, 3, 15, 7, 4, 11, 19, 3, 2, 15, 4, 4, 8, 4, 2, 1, 2, 2, 5, 12, 14, 11, 
8: 19, 7, 8, 4, 3, 9, 1, 1, 8, 8, 16, 11, 5, 21, 4, 14, 5, 7, 4, 8, 7, 5, 6, 27, 1, 7, 28, 17, 6, 6, 1, 9, 15, 4, 1, 21, 20, 3, 4, 14, 5, 3, 16, 3, 9, 2, 1, 1, 28, 17, 17, 1, 2, 9, 5, 2, 9, 5, 0, 0, 0, 0, 0, 0, 0, 0, 0, 0, 0, 0, 0, 0, 0, 0, 0, 0, 0, 0, 0, 0, : 19, 7, 8, 4, 3, 9, 1, 1, 8, 8, 16, 11, 5, 21, 4, 14, 5, 7, 4, 8, 7, 5, 6, 27, 1, 7, 28, 17, 6, 6, 1, 9, 15, 4, 1, 21, 20, 3, 4, 14, 5, 3, 16, 3, 9, 2, 1, 1, 28, 17, 17, 1, 2, 9, 5, 2, 9, 5, 
9: 2, 3, 11, 3, 4, 2, 1, 2, 24, 8, 3, 30, 2, 15, 6, 4, 14, 11, 1, 4, 4, 10, 3, 4, 2, 1, 12, 12, 20, 9, 2, 18, 11, 4, 10, 28, 4, 10, 2, 8, 5, 1, 21, 1, 4, 3, 32, 21, 7, 4, 1, 0, 0, 0, 0, 0, 0, 0, 0, 0, 0, 0, 0, 0, 0, 0, 0, 0, 0, 0, 0, 0, 0, 0, 0, 0, 0, 0, 0, 0, : 2, 3, 11, 3, 4, 2, 1, 2, 24, 8, 3, 30, 2, 15, 6, 4, 14, 11, 1, 4, 4, 10, 3, 4, 2, 1, 12, 12, 20, 9, 2, 18, 11, 4, 10, 28, 4, 10, 2, 8, 5, 1, 21, 1, 4, 3, 32, 21, 7, 4, 1, 
10: 4, 27, 4, 11, 19, 19, 16, 3, 1, 1, 3, 12, 3, 6, 1, 11, 1, 19, 4, 16, 2, 10, 10, 6, 8, 1, 21, 2, 10, 3, 28, 1, 10, 10, 0, 0, 0, 0, 0, 0, 0, 0, 0, 0, 0, 0, 0, 0, 0, 0, 0, 0, 0, 0, 0, 0, 0, 0, 0, 0, 0, 0, 0, 0, 0, 0, 0, 0, 0, 0, 0, 0, 0, 0, 0, 0, 0, 0, 0, 0, : 4, 27, 4, 11, 19, 19, 16, 3, 1, 1, 3, 12, 3, 6, 1, 11, 1, 19, 4, 16, 2, 10, 10, 6, 8, 1, 21, 2, 10, 3, 28, 1, 10, 10, 
11: 4, 1, 3, 3, 15, 5, 8, 13, 4, 12, 16, 5, 11, 23, 7, 8, 4, 1, 10, 3, 1, 20, 1, 12, 26, 9, 2, 5, 1, 5, 2, 2, 8, 18, 5, 18, 2, 2, 6, 6, 1, 2, 0, 0, 0, 0, 0, 0, 0, 0, 0, 0, 0, 0, 0, 0, 0, 0, 0, 0, 0, 0, 0, 0, 0, 0, 0, 0, 0, 0, 0, 0, 0, 0, 0, 0, 0, 0, 0, 0, : 4, 1, 3, 3, 15, 5, 8, 13, 4, 12, 16, 5, 11, 23, 7, 8, 4, 1, 10, 3, 1, 20, 1, 12, 26, 9, 2, 5, 1, 5, 2, 2, 8, 18, 5, 18, 2, 2, 6, 6, 1, 2, 
12: 10, 7, 5, 12, 1, 5, 8, 18, 1, 17, 2, 13, 3, 5, 3, 9, 26, 8, 38, 18, 9, 8, 1, 5, 5, 3, 1, 1, 31, 2, 7, 1, 4, 2, 5, 26, 6, 4, 1, 0, 0, 0, 0, 0, 0, 0, 0, 0, 0, 0, 0, 0, 0, 0, 0, 0, 0, 0, 0, 0, 0, 0, 0, 0, 0, 0, 0, 0, 0, 0, 0, 0, 0, 0, 0, 0, 0, 0, 0, 0, : 10, 7, 5, 12, 1, 5, 8, 18, 1, 17, 2, 13, 3, 5, 3, 9, 26, 8, 38, 18, 9, 8, 1, 5, 5, 3, 1, 1, 31, 2, 7, 1, 4, 2, 5, 26, 6, 4, 1, 
13: 17, 4, 5, 3, 1, 6, 36, 19, 12, 3, 13, 1, 5, 2, 12, 4, 17, 9, 11, 22, 4, 11, 3, 1, 5, 8, 9, 12, 16, 3, 0, 0, 0, 0, 0, 0, 0, 0, 0, 0, 0, 0, 0, 0, 0, 0, 0, 0, 0, 0, 0, 0, 0, 0, 0, 0, 0, 0, 0, 0, 0, 0, 0, 0, 0, 0, 0, 0, 0, 0, 0, 0, 0, 0, 0, 0, 0, 0, 0, 0, : 17, 4, 5, 3, 1, 6, 36, 19, 12, 3, 13, 1, 5, 2, 12, 4, 17, 9, 11, 22, 4, 11, 3, 1, 5, 8, 9, 12, 16, 3, 
14: 3, 1, 10, 19, 2, 16, 1, 15, 9, 15, 3, 1, 10, 7, 19, 5, 26, 14, 1, 6, 14, 29, 36, 2, 14, 9, 10, 1, 19, 12, 5, 3, 3, 3, 2, 3, 0, 0, 0, 0, 0, 0, 0, 0, 0, 0, 0, 0, 0, 0, 0, 0, 0, 0, 0, 0, 0, 0, 0, 0, 0, 0, 0, 0, 0, 0, 0, 0, 0, 0, 0, 0, 0, 0, 0, 0, 0, 0, 0, 0, : 3, 1, 10, 19, 2, 16, 1, 15, 9, 15, 3, 1, 10, 7, 19, 5, 26, 14, 1, 6, 14, 29, 36, 2, 14, 9, 10, 1, 19, 12, 5, 3, 3, 3, 2, 3, 
15: 12, 1, 6, 2, 14, 4, 2, 9, 6, 1, 4, 2, 1, 5, 1, 1, 6, 1, 17, 29, 2, 1, 15, 3, 6, 3, 1, 1, 10, 0, 0, 0, 0, 0, 0, 0, 0, 0, 0, 0, 0, 0, 0, 0, 0, 0, 0, 0, 0, 0, 0, 0, 0, 0, 0, 0, 0, 0, 0, 0, 0, 0, 0, 0, 0, 0, 0, 0, 0, 0, 0, 0, 0, 0, 0, 0, 0, 0, 0, 0, : 12, 1, 6, 2, 14, 4, 2, 9, 6, 1, 4, 2, 1, 5, 1, 1, 6, 1, 17, 29, 2, 1, 15, 3, 6, 3, 1, 1, 10, 
16: 24, 2, 5, 2, 16, 26, 1, 14, 13, 5, 1, 5, 7, 23, 3, 7, 2, 17, 9, 5, 4, 8, 26, 11, 11, 6, 13, 2, 15, 1, 22, 2, 12, 2, 1, 12, 28, 15, 20, 4, 13, 4, 2, 14, 1, 3, 7, 0, 0, 0, 0, 0, 0, 0, 0, 0, 0, 0, 0, 0, 0, 0, 0, 0, 0, 0, 0, 0, 0, 0, 0, 0, 0, 0, 0, 0, 0, 0, 0, 0, : 24, 2, 5, 2, 16, 26, 1, 14, 13, 5, 1, 5, 7, 23, 3, 7, 2, 17, 9, 5, 4, 8, 26, 11, 11, 6, 13, 2, 15, 1, 22, 2, 12, 2, 1, 12, 28, 15, 20, 4, 13, 4, 2, 14, 1, 3, 7, 
17: 8, 5, 15, 16, 6, 4, 1, 29, 1, 10, 24, 15, 4, 1, 4, 3, 28, 22, 1, 6, 6, 1, 6, 6, 7, 11, 1, 18, 2, 4, 26, 7, 11, 13, 6, 3, 1, 15, 1, 7, 9, 3, 6, 5, 27, 1, 11, 5, 4, 16, 7, 4, 6, 2, 4, 0, 0, 0, 0, 0, 0, 0, 0, 0, 0, 0, 0, 0, 0, 0, 0, 0, 0, 0, 0, 0, 0, 0, 0, 0, : 8, 5, 15, 16, 6, 4, 1, 29, 1, 10, 24, 15, 4, 1, 4, 3, 28, 22, 1, 6, 6, 1, 6, 6, 7, 11, 1, 18, 2, 4, 26, 7, 11, 13, 6, 3, 1, 15, 1, 7, 9, 3, 6, 5, 27, 1, 11, 5, 4, 16, 7, 4, 6, 2, 4, 
18: 26, 5, 22, 1, 7, 7, 3, 1, 26, 25, 8, 1, 3, 1, 1, 30, 29, 5, 17, 3, 8, 2, 2, 1, 4, 5, 5, 7, 19, 14, 2, 6, 4, 7, 9, 13, 2, 16, 16, 11, 6, 2, 9, 1, 15, 9, 0, 0, 0, 0, 0, 0, 0, 0, 0, 0, 0, 0, 0, 0, 0, 0, 0, 0, 0, 0, 0, 0, 0, 0, 0, 0, 0, 0, 0, 0, 0, 0, 0, 0, : 26, 5, 22, 1, 7, 7, 3, 1, 26, 25, 8, 1, 3, 1, 1, 30, 29, 5, 17, 3, 8, 2, 2, 1, 4, 5, 5, 7, 19, 14, 2, 6, 4, 7, 9, 13, 2, 16, 16, 11, 6, 2, 9, 1, 15, 9, 
19: 8, 4, 24, 2, 5, 9, 1, 16, 1, 7, 1, 5, 16, 2, 3, 6, 5, 3, 16, 1, 4, 27, 9, 28, 1, 12, 2, 1, 3, 33, 21, 20, 16, 8, 2, 4, 12, 5, 2, 2, 12, 20, 25, 0, 0, 0, 0, 0, 0, 0, 0, 0, 0, 0, 0, 0, 0, 0, 0, 0, 0, 0, 0, 0, 0, 0, 0, 0, 0, 0, 0, 0, 0, 0, 0, 0, 0, 0, 0, 0, : 8, 4, 24, 2, 5, 9, 1, 16, 1, 7, 1, 5, 16, 2, 3, 6, 5, 3, 16, 1, 4, 27, 9, 28, 1, 12, 2, 1, 3, 33, 21, 20, 16, 8, 2, 4, 12, 5, 2, 2, 12, 20, 25, 
20: 7, 17, 1, 5, 2, 7, 7, 1, 7, 11, 4, 18, 3, 1, 25, 4, 16, 9, 12, 3, 17, 6, 14, 2, 2, 16, 20, 1, 5, 12, 3, 4, 18, 4, 17, 0, 0, 0, 0, 0, 0, 0, 0, 0, 0, 0, 0, 0, 0, 0, 0, 0, 0, 0, 0, 0, 0, 0, 0, 0, 0, 0, 0, 0, 0, 0, 0, 0, 0, 0, 0, 0, 0, 0, 0, 0, 0, 0, 0, 0, : 7, 17, 1, 5, 2, 7, 7, 1, 7, 11, 4, 18, 3, 1, 25, 4, 16, 9, 12, 3, 17, 6, 14, 2, 2, 16, 20, 1, 5, 12, 3, 4, 18, 4, 17, 
21: 15, 2, 5, 6, 2, 7, 24, 9, 9, 7, 1, 15, 5, 1, 8, 19, 1, 31, 24, 25, 3, 4, 12, 7, 32, 1, 3, 21, 4, 9, 1, 9, 7, 8, 1, 14, 6, 6, 0, 0, 0, 0, 0, 0, 0, 0, 0, 0, 0, 0, 0, 0, 0, 0, 0, 0, 0, 0, 0, 0, 0, 0, 0, 0, 0, 0, 0, 0, 0, 0, 0, 0, 0, 0, 0, 0, 0, 0, 0, 0, : 15, 2, 5, 6, 2, 7, 24, 9, 9, 7, 1, 15, 5, 1, 8, 19, 1, 31, 24, 25, 3, 4, 12, 7, 32, 1, 3, 21, 4, 9, 1, 9, 7, 8, 1, 14, 6, 6, 
22: 7, 25, 6, 1, 5, 9, 13, 7, 29, 2, 1, 2, 1, 3, 31, 2, 22, 2, 7, 1, 14, 7, 1, 3, 1, 6, 4, 10, 8, 11, 8, 6, 9, 7, 2, 0, 0, 0, 0, 0, 0, 0, 0, 0, 0, 0, 0, 0, 0, 0, 0, 0, 0, 0, 0, 0, 0, 0, 0, 0, 0, 0, 0, 0, 0, 0, 0, 0, 0, 0, 0, 0, 0, 0, 0, 0, 0, 0, 0, 0, : 7, 25, 6, 1, 5, 9, 13, 7, 29, 2, 1, 2, 1, 3, 31, 2, 22, 2, 7, 1, 14, 7, 1, 3, 1, 6, 4, 10, 8, 11, 8, 6, 9, 7, 2, 
23: 4, 6, 5, 8, 6, 11, 1, 2, 11, 3, 1, 10, 11, 13, 8, 7, 2, 22, 2, 1, 13, 15, 3, 3, 18, 1, 4, 16, 14, 4, 6, 30, 6, 4, 9, 24, 3, 9, 19, 1, 1, 29, 18, 2, 1, 5, 4, 1, 3, 12, 1, 9, 10, 8, 2, 0, 0, 0, 0, 0, 0, 0, 0, 0, 0, 0, 0, 0, 0, 0, 0, 0, 0, 0, 0, 0, 0, 0, 0, 0, : 4, 6, 5, 8, 6, 11, 1, 2, 11, 3, 1, 10, 11, 13, 8, 7, 2, 22, 2, 1, 13, 15, 3, 3, 18, 1, 4, 16, 14, 4, 6, 30, 6, 4, 9, 24, 3, 9, 19, 1, 1, 29, 18, 2, 1, 5, 4, 1, 3, 12, 1, 9, 10, 8, 2, 
24: 5, 10, 6, 10, 2, 12, 1, 23, 4, 11, 6, 4, 8, 4, 2, 1, 15, 23, 14, 23, 28, 28, 1, 2, 16, 2, 1, 17, 14, 7, 9, 5, 1, 2, 19, 30, 4, 33, 2, 5, 3, 3, 19, 0, 0, 0, 0, 0, 0, 0, 0, 0, 0, 0, 0, 0, 0, 0, 0, 0, 0, 0, 0, 0, 0, 0, 0, 0, 0, 0, 0, 0, 0, 0, 0, 0, 0, 0, 0, 0, : 5, 10, 6, 10, 2, 12, 1, 23, 4, 11, 6, 4, 8, 4, 2, 1, 15, 23, 14, 23, 28, 28, 1, 2, 16, 2, 1, 17, 14, 7, 9, 5, 1, 2, 19, 30, 4, 33, 2, 5, 3, 3, 19, 
25: 14, 1, 10, 4, 6, 17, 3, 8, 23, 29, 6, 1, 31, 2, 6, 7, 2, 7, 7, 4, 3, 2, 37, 24, 11, 3, 3, 6, 3, 11, 23, 1, 3, 4, 2, 4, 20, 0, 0, 0, 0, 0, 0, 0, 0, 0, 0, 0, 0, 0, 0, 0, 0, 0, 0, 0, 0, 0, 0, 0, 0, 0, 0, 0, 0, 0, 0, 0, 0, 0, 0, 0, 0, 0, 0, 0, 0, 0, 0, 0, : 14, 1, 10, 4, 6, 17, 3, 8, 23, 29, 6, 1, 31, 2, 6, 7, 2, 7, 7, 4, 3, 2, 37, 24, 11, 3, 3, 6, 3, 11, 23, 1, 3, 4, 2, 4, 20, 
26: 6, 10, 13, 12, 10, 9, 1, 1, 2, 13, 14, 3, 9, 11, 4, 15, 4, 4, 3, 4, 10, 34, 1, 1, 21, 16, 1, 2, 8, 8, 7, 15, 5, 1, 26, 2, 2, 10, 8, 9, 12, 1, 22, 3, 7, 8, 17, 4, 7, 7, 13, 3, 1, 0, 0, 0, 0, 0, 0, 0, 0, 0, 0, 0, 0, 0, 0, 0, 0, 0, 0, 0, 0, 0, 0, 0, 0, 0, 0, 0, : 6, 10, 13, 12, 10, 9, 1, 1, 2, 13, 14, 3, 9, 11, 4, 15, 4, 4, 3, 4, 10, 34, 1, 1, 21, 16, 1, 2, 8, 8, 7, 15, 5, 1, 26, 2, 2, 10, 8, 9, 12, 1, 22, 3, 7, 8, 17, 4, 7, 7, 13, 3, 1, 
27: 2, 15, 2, 1, 16, 1, 5, 6, 10, 7, 11, 8, 12, 2, 3, 4, 13, 18, 5, 1, 13, 1, 1, 1, 9, 3, 1, 6, 16, 14, 17, 7, 9, 13, 5, 1, 29, 15, 2, 3, 1, 10, 0, 0, 0, 0, 0, 0, 0, 0, 0, 0, 0, 0, 0, 0, 0, 0, 0, 0, 0, 0, 0, 0, 0, 0, 0, 0, 0, 0, 0, 0, 0, 0, 0, 0, 0, 0, 0, 0, : 2, 15, 2, 1, 16, 1, 5, 6, 10, 7, 11, 8, 12, 2, 3, 4, 13, 18, 5, 1, 13, 1, 1, 1, 9, 3, 1, 6, 16, 14, 17, 7, 9, 13, 5, 1, 29, 15, 2, 3, 1, 10, 
28: 9, 28, 7, 7, 6, 24, 3, 1, 2, 5, 5, 4, 5, 10, 12, 1, 11, 11, 3, 8, 3, 15, 4, 2, 22, 17, 18, 3, 1, 6, 6, 2, 1, 2, 1, 20, 8, 3, 6, 6, 9, 6, 2, 22, 8, 20, 14, 4, 20, 1, 0, 0, 0, 0, 0, 0, 0, 0, 0, 0, 0, 0, 0, 0, 0, 0, 0, 0, 0, 0, 0, 0, 0, 0, 0, 0, 0, 0, 0, 0, : 9, 28, 7, 7, 6, 24, 3, 1, 2, 5, 5, 4, 5, 10, 12, 1, 11, 11, 3, 8, 3, 15, 4, 2, 22, 17, 18, 3, 1, 6, 6, 2, 1, 2, 1, 20, 8, 3, 6, 6, 9, 6, 2, 22, 8, 20, 14, 4, 20, 1, 
29: 1, 1, 6, 1, 26, 1, 1, 1, 2, 29, 2, 15, 1, 1, 3, 16, 1, 6, 18, 25, 23, 6, 1, 7, 17, 10, 5, 12, 8, 2, 2, 36, 14, 2, 3, 3, 3, 5, 12, 7, 1, 7, 3, 9, 1, 3, 5, 19, 0, 0, 0, 0, 0, 0, 0, 0, 0, 0, 0, 0, 0, 0, 0, 0, 0, 0, 0, 0, 0, 0, 0, 0, 0, 0, 0, 0, 0, 0, 0, 0, : 1, 1, 6, 1, 26, 1, 1, 1, 2, 29, 2, 15, 1, 1, 3, 16, 1, 6, 18, 25, 23, 6, 1, 7, 17, 10, 5, 12, 8, 2, 2, 36, 14, 2, 3, 3, 3, 5, 12, 7, 1, 7, 3, 9, 1, 3, 5, 19, 
30: 5, 13, 14, 12, 1, 3, 28, 5, 9, 5, 1, 17, 2, 5, 1, 22, 8, 23, 13, 1, 8, 6, 7, 7, 7, 2, 22, 21, 24, 15, 5, 1, 5, 26, 0, 0, 0, 0, 0, 0, 0, 0, 0, 0, 0, 0, 0, 0, 0, 0, 0, 0, 0, 0, 0, 0, 0, 0, 0, 0, 0, 0, 0, 0, 0, 0, 0, 0, 0, 0, 0, 0, 0, 0, 0, 0, 0, 0, 0, 0, : 5, 13, 14, 12, 1, 3, 28, 5, 9, 5, 1, 17, 2, 5, 1, 22, 8, 23, 13, 1, 8, 6, 7, 7, 7, 2, 22, 21, 24, 15, 5, 1, 5, 26, 
31: 12, 14, 2, 1, 7, 1, 2, 1, 2, 2, 5, 23, 20, 4, 2, 11, 14, 20, 11, 7, 21, 7, 7, 23, 7, 0, 0, 0, 0, 0, 0, 0, 0, 0, 0, 0, 0, 0, 0, 0, 0, 0, 0, 0, 0, 0, 0, 0, 0, 0, 0, 0, 0, 0, 0, 0, 0, 0, 0, 0, 0, 0, 0, 0, 0, 0, 0, 0, 0, 0, 0, 0, 0, 0, 0, 0, 0, 0, 0, 0, : 12, 14, 2, 1, 7, 1, 2, 1, 2, 2, 5, 23, 20, 4, 2, 11, 14, 20, 11, 7, 21, 7, 7, 23, 7, 
32: 25, 17, 4, 1, 6, 33, 8, 7, 1, 9, 6, 22, 27, 3, 1, 21, 22, 11, 1, 4, 13, 4, 5, 9, 6, 6, 6, 2, 7, 1, 1, 15, 6, 6, 25, 7, 3, 3, 1, 22, 5, 28, 1, 9, 4, 1, 3, 2, 1, 6, 16, 12, 1, 5, 0, 0, 0, 0, 0, 0, 0, 0, 0, 0, 0, 0, 0, 0, 0, 0, 0, 0, 0, 0, 0, 0, 0, 0, 0, 0, : 25, 17, 4, 1, 6, 33, 8, 7, 1, 9, 6, 22, 27, 3, 1, 21, 22, 11, 1, 4, 13, 4, 5, 9, 6, 6, 6, 2, 7, 1, 1, 15, 6, 6, 25, 7, 3, 3, 1, 22, 5, 28, 1, 9, 4, 1, 3, 2, 1, 6, 16, 12, 1, 5, 
33: 11, 1, 35, 5, 5, 1, 5, 9, 1, 2, 2, 2, 10, 3, 3, 4, 10, 4, 36, 1, 4, 9, 12, 3, 7, 18, 3, 5, 7, 3, 18, 1, 5, 2, 8, 10, 8, 36, 5, 3, 2, 7, 5, 15, 1, 15, 8, 7, 30, 4, 2, 7, 0, 0, 0, 0, 0, 0, 0, 0, 0, 0, 0, 0, 0, 0, 0, 0, 0, 0, 0, 0, 0, 0, 0, 0, 0, 0, 0, 0, : 11, 1, 35, 5, 5, 1, 5, 9, 1, 2, 2, 2, 10, 3, 3, 4, 10, 4, 36, 1, 4, 9, 12, 3, 7, 18, 3, 5, 7, 3, 18, 1, 5, 2, 8, 10, 8, 36, 5, 3, 2, 7, 5, 15, 1, 15, 8, 7, 30, 4, 2, 7, 
34: 1, 7, 17, 2, 17, 20, 6, 2, 5, 21, 23, 8, 5, 17, 4, 10, 12, 18, 21, 4, 3, 13, 10, 6, 2, 2, 2, 1, 10, 3, 6, 11, 5, 0, 0, 0, 0, 0, 0, 0, 0, 0, 0, 0, 0, 0, 0, 0, 0, 0, 0, 0, 0, 0, 0, 0, 0, 0, 0, 0, 0, 0, 0, 0, 0, 0, 0, 0, 0, 0, 0, 0, 0, 0, 0, 0, 0, 0, 0, 0, : 1, 7, 17, 2, 17, 20, 6, 2, 5, 21, 23, 8, 5, 17, 4, 10, 12, 18, 21, 4, 3, 13, 10, 6, 2, 2, 2, 1, 10, 3, 6, 11, 5, 
35: 8, 1, 2, 9, 3, 20, 3, 18, 2, 1, 2, 9, 3, 3, 12, 2, 9, 35, 3, 3, 3, 1, 2, 11, 11, 3, 2, 17, 14, 4, 1, 1, 8, 7, 12, 32, 12, 2, 7, 4, 3, 3, 8, 6, 3, 15, 25, 14, 7, 0, 0, 0, 0, 0, 0, 0, 0, 0, 0, 0, 0, 0, 0, 0, 0, 0, 0, 0, 0, 0, 0, 0, 0, 0, 0, 0, 0, 0, 0, 0, : 8, 1, 2, 9, 3, 20, 3, 18, 2, 1, 2, 9, 3, 3, 12, 2, 9, 35, 3, 3, 3, 1, 2, 11, 11, 3, 2, 17, 14, 4, 1, 1, 8, 7, 12, 32, 12, 2, 7, 4, 3, 3, 8, 6, 3, 15, 25, 14, 7, 
36: 13, 1, 2, 1, 7, 5, 21, 1, 12, 2, 17, 6, 21, 9, 1, 9, 3, 24, 3, 9, 3, 2, 2, 2, 2, 10, 4, 18, 2, 1, 9, 19, 7, 16, 6, 3, 18, 9, 10, 8, 2, 21, 8, 4, 36, 8, 1, 10, 0, 0, 0, 0, 0, 0, 0, 0, 0, 0, 0, 0, 0, 0, 0, 0, 0, 0, 0, 0, 0, 0, 0, 0, 0, 0, 0, 0, 0, 0, 0, 0, : 13, 1, 2, 1, 7, 5, 21, 1, 12, 2, 17, 6, 21, 9, 1, 9, 3, 24, 3, 9, 3, 2, 2, 2, 2, 10, 4, 18, 2, 1, 9, 19, 7, 16, 6, 3, 18, 9, 10, 8, 2, 21, 8, 4, 36, 8, 1, 10, 
37: 3, 5, 7, 2, 2, 11, 16, 5, 4, 16, 6, 3, 2, 7, 5, 2, 3, 11, 7, 1, 4, 10, 17, 1, 28, 10, 11, 5, 18, 1, 17, 3, 16, 22, 1, 1, 19, 16, 7, 1, 8, 22, 1, 11, 1, 3, 1, 0, 0, 0, 0, 0, 0, 0, 0, 0, 0, 0, 0, 0, 0, 0, 0, 0, 0, 0, 0, 0, 0, 0, 0, 0, 0, 0, 0, 0, 0, 0, 0, 0, : 3, 5, 7, 2, 2, 11, 16, 5, 4, 16, 6, 3, 2, 7, 5, 2, 3, 11, 7, 1, 4, 10, 17, 1, 28, 10, 11, 5, 18, 1, 17, 3, 16, 22, 1, 1, 19, 16, 7, 1, 8, 22, 1, 11, 1, 3, 1, 
38: 15, 21, 6, 2, 20, 17, 1, 3, 2, 25, 2, 6, 1, 6, 22, 3, 2, 3, 31, 2, 4, 11, 1, 1, 1, 32, 2, 3, 3, 8, 3, 5, 14, 10, 7, 5, 7, 18, 1, 1, 2, 7, 7, 3, 3, 0, 0, 0, 0, 0, 0, 0, 0, 0, 0, 0, 0, 0, 0, 0, 0, 0, 0, 0, 0, 0, 0, 0, 0, 0, 0, 0, 0, 0, 0, 0, 0, 0, 0, 0, : 15, 21, 6, 2, 20, 17, 1, 3, 2, 25, 2, 6, 1, 6, 22, 3, 2, 3, 31, 2, 4, 11, 1, 1, 1, 32, 2, 3, 3, 8, 3, 5, 14, 10, 7, 5, 7, 18, 1, 1, 2, 7, 7, 3, 3, 
39: 4, 6, 1, 10, 7, 9, 10, 19, 5, 3, 1, 3, 28, 4, 6, 8, 1, 2, 11, 1, 2, 3, 9, 27, 8, 3, 10, 3, 1, 5, 16, 12, 17, 4, 1, 29, 25, 11, 8, 5, 4, 4, 2, 6, 8, 1, 7, 8, 0, 0, 0, 0, 0, 0, 0, 0, 0, 0, 0, 0, 0, 0, 0, 0, 0, 0, 0, 0, 0, 0, 0, 0, 0, 0, 0, 0, 0, 0, 0, 0, : 4, 6, 1, 10, 7, 9, 10, 19, 5, 3, 1, 3, 28, 4, 6, 8, 1, 2, 11, 1, 2, 3, 9, 27, 8, 3, 10, 3, 1, 5, 16, 12, 17, 4, 1, 29, 25, 11, 8, 5, 4, 4, 2, 6, 8, 1, 7, 8, 
40: 16, 1, 1, 6, 22, 17, 13, 1, 2, 4, 12, 9, 16, 15, 11, 12, 34, 4, 23, 13, 19, 9, 10, 12, 11, 11, 20, 2, 5, 3, 20, 4, 3, 8, 6, 29, 1, 5, 4, 9, 4, 17, 2, 12, 11, 2, 4, 28, 1, 6, 2, 10, 0, 0, 0, 0, 0, 0, 0, 0, 0, 0, 0, 0, 0, 0, 0, 0, 0, 0, 0, 0, 0, 0, 0, 0, 0, 0, 0, 0, : 16, 1, 1, 6, 22, 17, 13, 1, 2, 4, 12, 9, 16, 15, 11, 12, 34, 4, 23, 13, 19, 9, 10, 12, 11, 11, 20, 2, 5, 3, 20, 4, 3, 8, 6, 29, 1, 5, 4, 9, 4, 17, 2, 12, 11, 2, 4, 28, 1, 6, 2, 10, 
41: 1, 16, 16, 1, 5, 6, 3, 2, 9, 6, 16, 1, 8, 1, 13, 4, 3, 29, 11, 2, 6, 2, 2, 3, 1, 9, 2, 8, 4, 3, 1, 7, 8, 2, 6, 2, 9, 12, 17, 17, 3, 2, 2, 10, 1, 8, 0, 0, 0, 0, 0, 0, 0, 0, 0, 0, 0, 0, 0, 0, 0, 0, 0, 0, 0, 0, 0, 0, 0, 0, 0, 0, 0, 0, 0, 0, 0, 0, 0, 0, : 1, 16, 16, 1, 5, 6, 3, 2, 9, 6, 16, 1, 8, 1, 13, 4, 3, 29, 11, 2, 6, 2, 2, 3, 1, 9, 2, 8, 4, 3, 1, 7, 8, 2, 6, 2, 9, 12, 17, 17, 3, 2, 2, 10, 1, 8, 
42: 2, 3, 14, 13, 2, 10, 9, 4, 4, 16, 2, 17, 3, 5, 25, 7, 12, 6, 21, 21, 2, 10, 1, 31, 3, 13, 9, 14, 20, 5, 4, 9, 10, 4, 12, 7, 11, 4, 18, 3, 0, 0, 0, 0, 0, 0, 0, 0, 0, 0, 0, 0, 0, 0, 0, 0, 0, 0, 0, 0, 0, 0, 0, 0, 0, 0, 0, 0, 0, 0, 0, 0, 0, 0, 0, 0, 0, 0, 0, 0, : 2, 3, 14, 13, 2, 10, 9, 4, 4, 16, 2, 17, 3, 5, 25, 7, 12, 6, 21, 21, 2, 10, 1, 31, 3, 13, 9, 14, 20, 5, 4, 9, 10, 4, 12, 7, 11, 4, 18, 3, 
43: 8, 19, 36, 3, 1, 15, 4, 1, 5, 29, 13, 4, 2, 1, 32, 4, 9, 33, 13, 1, 1, 18, 3, 1, 3, 5, 8, 5, 1, 5, 3, 7, 2, 4, 12, 26, 13, 8, 7, 16, 3, 1, 2, 14, 4, 17, 0, 0, 0, 0, 0, 0, 0, 0, 0, 0, 0, 0, 0, 0, 0, 0, 0, 0, 0, 0, 0, 0, 0, 0, 0, 0, 0, 0, 0, 0, 0, 0, 0, 0, : 8, 19, 36, 3, 1, 15, 4, 1, 5, 29, 13, 4, 2, 1, 32, 4, 9, 33, 13, 1, 1, 18, 3, 1, 3, 5, 8, 5, 1, 5, 3, 7, 2, 4, 12, 26, 13, 8, 7, 16, 3, 1, 2, 14, 4, 17, 
44: 5, 2, 8, 7, 4, 1, 1, 29, 11, 2, 18, 22, 1, 3, 4, 12, 4, 17, 5, 6, 2, 2, 24, 3, 6, 3, 1, 11, 3, 7, 3, 10, 7, 0, 0, 0, 0, 0, 0, 0, 0, 0, 0, 0, 0, 0, 0, 0, 0, 0, 0, 0, 0, 0, 0, 0, 0, 0, 0, 0, 0, 0, 0, 0, 0, 0, 0, 0, 0, 0, 0, 0, 0, 0, 0, 0, 0, 0, 0, 0, : 5, 2, 8, 7, 4, 1, 1, 29, 11, 2, 18, 22, 1, 3, 4, 12, 4, 17, 5, 6, 2, 2, 24, 3, 6, 3, 1, 11, 3, 7, 3, 10, 7, 
45: 10, 13, 3, 1, 1, 1, 20, 2, 19, 1, 2, 30, 12, 17, 5, 1, 14, 12, 34, 1, 4, 23, 34, 3, 1, 10, 29, 15, 1, 14, 1, 4, 9, 4, 3, 3, 6, 8, 8, 14, 2, 11, 0, 0, 0, 0, 0, 0, 0, 0, 0, 0, 0, 0, 0, 0, 0, 0, 0, 0, 0, 0, 0, 0, 0, 0, 0, 0, 0, 0, 0, 0, 0, 0, 0, 0, 0, 0, 0, 0, : 10, 13, 3, 1, 1, 1, 20, 2, 19, 1, 2, 30, 12, 17, 5, 1, 14, 12, 34, 1, 4, 23, 34, 3, 1, 10, 29, 15, 1, 14, 1, 4, 9, 4, 3, 3, 6, 8, 8, 14, 2, 11, 
46: 4, 3, 1, 2, 27, 32, 1, 8, 3, 1, 35, 6, 2, 5, 12, 10, 2, 2, 6, 10, 8, 4, 2, 18, 8, 1, 2, 1, 15, 13, 7, 16, 2, 2, 3, 16, 1, 2, 6, 1, 11, 10, 18, 11, 4, 10, 2, 7, 0, 0, 0, 0, 0, 0, 0, 0, 0, 0, 0, 0, 0, 0, 0, 0, 0, 0, 0, 0, 0, 0, 0, 0, 0, 0, 0, 0, 0, 0, 0, 0, : 4, 3, 1, 2, 27, 32, 1, 8, 3, 1, 35, 6, 2, 5, 12, 10, 2, 2, 6, 10, 8, 4, 2, 18, 8, 1, 2, 1, 15, 13, 7, 16, 2, 2, 3, 16, 1, 2, 6, 1, 11, 10, 18, 11, 4, 10, 2, 7, 
47: 23, 10, 27, 3, 15, 6, 18, 1, 16, 5, 11, 5, 15, 10, 12, 1, 17, 5, 0, 0, 0, 0, 0, 0, 0, 0, 0, 0, 0, 0, 0, 0, 0, 0, 0, 0, 0, 0, 0, 0, 0, 0, 0, 0, 0, 0, 0, 0, 0, 0, 0, 0, 0, 0, 0, 0, 0, 0, 0, 0, 0, 0, 0, 0, 0, 0, 0, 0, 0, 0, 0, 0, 0, 0, 0, 0, 0, 0, 0, 0, : 23, 10, 27, 3, 15, 6, 18, 1, 16, 5, 11, 5, 15, 10, 12, 1, 17, 5, 
48: 2, 22, 1, 12, 6, 3, 27, 20, 5, 1, 3, 2, 11, 1, 13, 11, 2, 13, 24, 5, 15, 17, 19, 1, 10, 5, 4, 24, 24, 23, 1, 1, 9, 1, 12, 1, 0, 0, 0, 0, 0, 0, 0, 0, 0, 0, 0, 0, 0, 0, 0, 0, 0, 0, 0, 0, 0, 0, 0, 0, 0, 0, 0, 0, 0, 0, 0, 0, 0, 0, 0, 0, 0, 0, 0, 0, 0, 0, 0, 0, : 2, 22, 1, 12, 6, 3, 27, 20, 5, 1, 3, 2, 11, 1, 13, 11, 2, 13, 24, 5, 15, 17, 19, 1, 10, 5, 4, 24, 24, 23, 1, 1, 9, 1, 12, 1, 
49: 6, 8, 7, 1, 25, 1, 15, 21, 1, 12, 12, 10, 8, 4, 8, 14, 6, 3, 2, 23, 1, 6, 19, 2, 4, 1, 12, 23, 2, 5, 2, 13, 1, 2, 3, 9, 10, 1, 4, 8, 10, 1, 0, 0, 0, 0, 0, 0, 0, 0, 0, 0, 0, 0, 0, 0, 0, 0, 0, 0, 0, 0, 0, 0, 0, 0, 0, 0, 0, 0, 0, 0, 0, 0, 0, 0, 0, 0, 0, 0, : 6, 8, 7, 1, 25, 1, 15, 21, 1, 12, 12, 10, 8, 4, 8, 14, 6, 3, 2, 23, 1, 6, 19, 2, 4, 1, 12, 23, 2, 5, 2, 13, 1, 2, 3, 9, 10, 1, 4, 8, 10, 1, 
50: 18, 2, 5, 8, 16, 3, 16, 10, 10, 16, 21, 12, 19, 1, 6, 4, 6, 24, 14, 3, 4, 22, 12, 1, 1, 8, 4, 9, 10, 36, 22, 1, 13, 2, 1, 6, 6, 0, 0, 0, 0, 0, 0, 0, 0, 0, 0, 0, 0, 0, 0, 0, 0, 0, 0, 0, 0, 0, 0, 0, 0, 0, 0, 0, 0, 0, 0, 0, 0, 0, 0, 0, 0, 0, 0, 0, 0, 0, 0, 0, : 18, 2, 5, 8, 16, 3, 16, 10, 10, 16, 21, 12, 19, 1, 6, 4, 6, 24, 14, 3, 4, 22, 12, 1, 1, 8, 4, 9, 10, 36, 22, 1, 13, 2, 1, 6, 6, 
51: 9, 7, 1, 5, 5, 3, 8, 10, 2, 1, 9, 2, 1, 11, 4, 1, 19, 6, 5, 2, 6, 11, 11, 3, 4, 5, 7, 3, 14, 16, 1, 1, 11, 4, 11, 7, 6, 4, 3, 0, 0, 0, 0, 0, 0, 0, 0, 0, 0, 0, 0, 0, 0, 0, 0, 0, 0, 0, 0, 0, 0, 0, 0, 0, 0, 0, 0, 0, 0, 0, 0, 0, 0, 0, 0, 0, 0, 0, 0, 0, : 9, 7, 1, 5, 5, 3, 8, 10, 2, 1, 9, 2, 1, 11, 4, 1, 19, 6, 5, 2, 6, 11, 11, 3, 4, 5, 7, 3, 14, 16, 1, 1, 11, 4, 11, 7, 6, 4, 3, 
52: 7, 5, 2, 5, 2, 4, 9, 6, 10, 4, 3, 7, 9, 6, 16, 6, 13, 1, 3, 7, 29, 9, 7, 4, 6, 17, 13, 3, 1, 7, 17, 33, 22, 7, 18, 2, 21, 2, 13, 1, 7, 14, 2, 0, 0, 0, 0, 0, 0, 0, 0, 0, 0, 0, 0, 0, 0, 0, 0, 0, 0, 0, 0, 0, 0, 0, 0, 0, 0, 0, 0, 0, 0, 0, 0, 0, 0, 0, 0, 0, : 7, 5, 2, 5, 2, 4, 9, 6, 10, 4, 3, 7, 9, 6, 16, 6, 13, 1, 3, 7, 29, 9, 7, 4, 6, 17, 13, 3, 1, 7, 17, 33, 22, 7, 18, 2, 21, 2, 13, 1, 7, 14, 2, 
53: 3, 1, 5, 1, 8, 1, 5, 8, 4, 9, 10, 1, 7, 3, 26, 3, 6, 8, 2, 3, 7, 1, 1, 30, 1, 17, 3, 1, 1, 1, 9, 8, 9, 3, 1, 19, 4, 4, 19, 0, 0, 0, 0, 0, 0, 0, 0, 0, 0, 0, 0, 0, 0, 0, 0, 0, 0, 0, 0, 0, 0, 0, 0, 0, 0, 0, 0, 0, 0, 0, 0, 0, 0, 0, 0, 0, 0, 0, 0, 0, : 3, 1, 5, 1, 8, 1, 5, 8, 4, 9, 10, 1, 7, 3, 26, 3, 6, 8, 2, 3, 7, 1, 1, 30, 1, 17, 3, 1, 1, 1, 9, 8, 9, 3, 1, 19, 4, 4, 19, 
54: 10, 8, 1, 8, 5, 11, 2, 13, 21, 1, 21, 7, 30, 1, 28, 5, 8, 1, 2, 2, 7, 3, 8, 7, 16, 1, 0, 0, 0, 0, 0, 0, 0, 0, 0, 0, 0, 0, 0, 0, 0, 0, 0, 0, 0, 0, 0, 0, 0, 0, 0, 0, 0, 0, 0, 0, 0, 0, 0, 0, 0, 0, 0, 0, 0, 0, 0, 0, 0, 0, 0, 0, 0, 0, 0, 0, 0, 0, 0, 0, : 10, 8, 1, 8, 5, 11, 2, 13, 21, 1, 21, 7, 30, 1, 28, 5, 8, 1, 2, 2, 7, 3, 8, 7, 16, 1, 
55: 2, 5, 2, 1, 10, 5, 5, 22, 23, 1, 26, 3, 7, 1, 2, 1, 9, 4, 1, 5, 8, 5, 3, 20, 11, 3, 1, 4, 5, 7, 6, 3, 1, 9, 3, 15, 4, 0, 0, 0, 0, 0, 0, 0, 0, 0, 0, 0, 0, 0, 0, 0, 0, 0, 0, 0, 0, 0, 0, 0, 0, 0, 0, 0, 0, 0, 0, 0, 0, 0, 0, 0, 0, 0, 0, 0, 0, 0, 0, 0, : 2, 5, 2, 1, 10, 5, 5, 22, 23, 1, 26, 3, 7, 1, 2, 1, 9, 4, 1, 5, 8, 5, 3, 20, 11, 3, 1, 4, 5, 7, 6, 3, 1, 9, 3, 15, 4, 
56: 1, 12, 13, 1, 2, 3, 14, 3, 4, 3, 4, 1, 1, 6, 20, 4, 3, 2, 17, 11, 3, 3, 1, 2, 8, 2, 3, 1, 14, 14, 5, 12, 3, 14, 26, 3, 2, 1, 15, 3, 4, 10, 3, 2, 33, 8, 7, 24, 18, 8, 1, 0, 0, 0, 0, 0, 0, 0, 0, 0, 0, 0, 0, 0, 0, 0, 0, 0, 0, 0, 0, 0, 0, 0, 0, 0, 0, 0, 0, 0, : 1, 12, 13, 1, 2, 3, 14, 3, 4, 3, 4, 1, 1, 6, 20, 4, 3, 2, 17, 11, 3, 3, 1, 2, 8, 2, 3, 1, 14, 14, 5, 12, 3, 14, 26, 3, 2, 1, 15, 3, 4, 10, 3, 2, 33, 8, 7, 24, 18, 8, 1, 
57: 1, 8, 3, 7, 1, 1, 25, 18, 4, 1, 4, 20, 8, 1, 3, 1, 2, 1, 14, 1, 1, 10, 13, 29, 13, 6, 6, 0, 0, 0, 0, 0, 0, 0, 0, 0, 0, 0, 0, 0, 0, 0, 0, 0, 0, 0, 0, 0, 0, 0, 0, 0, 0, 0, 0, 0, 0, 0, 0, 0, 0, 0, 0, 0, 0, 0, 0, 0, 0, 0, 0, 0, 0, 0, 0, 0, 0, 0, 0, 0, : 1, 8, 3, 7, 1, 1, 25, 18, 4, 1, 4, 20, 8, 1, 3, 1, 2, 1, 14, 1, 1, 10, 13, 29, 13, 6, 6, 
58: 4, 1, 1, 22, 13, 7, 1, 5, 21, 16, 2, 4, 1, 7, 2, 6, 11, 12, 4, 1, 16, 2, 1, 1, 4, 17, 27, 7, 4, 13, 19, 6, 1, 10, 12, 1, 9, 6, 5, 4, 19, 2, 6, 23, 21, 15, 11, 4, 6, 1, 0, 0, 0, 0, 0, 0, 0, 0, 0, 0, 0, 0, 0, 0, 0, 0, 0, 0, 0, 0, 0, 0, 0, 0, 0, 0, 0, 0, 0, 0, : 4, 1, 1, 22, 13, 7, 1, 5, 21, 16, 2, 4, 1, 7, 2, 6, 11, 12, 4, 1, 16, 2, 1, 1, 4, 17, 27, 7, 4, 13, 19, 6, 1, 10, 12, 1, 9, 6, 5, 4, 19, 2, 6, 23, 21, 15, 11, 4, 6, 1, 
59: 4, 6, 6, 20, 3, 18, 20, 6, 29, 10, 7, 17, 2, 13, 8, 36, 3, 2, 14, 0, 0, 0, 0, 0, 0, 0, 0, 0, 0, 0, 0, 0, 0, 0, 0, 0, 0, 0, 0, 0, 0, 0, 0, 0, 0, 0, 0, 0, 0, 0, 0, 0, 0, 0, 0, 0, 0, 0, 0, 0, 0, 0, 0, 0, 0, 0, 0, 0, 0, 0, 0, 0, 0, 0, 0, 0, 0, 0, 0, 0, : 4, 6, 6, 20, 3, 18, 20, 6, 29, 10, 7, 17, 2, 13, 8, 36, 3, 2, 14, 
60: 6, 2, 2, 10, 15, 6, 1, 16, 1, 25, 21, 18, 6, 4, 1, 10, 0, 0, 0, 0, 0, 0, 0, 0, 0, 0, 0, 0, 0, 0, 0, 0, 0, 0, 0, 0, 0, 0, 0, 0, 0, 0, 0, 0, 0, 0, 0, 0, 0, 0, 0, 0, 0, 0, 0, 0, 0, 0, 0, 0, 0, 0, 0, 0, 0, 0, 0, 0, 0, 0, 0, 0, 0, 0, 0, 0, 0, 0, 0, 0, : 6, 2, 2, 10, 15, 6, 1, 16, 1, 25, 21, 18, 6, 4, 1, 10, 
61: 16, 2, 12, 4, 4, 1, 1, 1, 4, 3, 3, 4, 1, 4, 3, 3, 9, 2, 2, 2, 2, 14, 3, 1, 14, 3, 28, 4, 10, 12, 2, 0, 0, 0, 0, 0, 0, 0, 0, 0, 0, 0, 0, 0, 0, 0, 0, 0, 0, 0, 0, 0, 0, 0, 0, 0, 0, 0, 0, 0, 0, 0, 0, 0, 0, 0, 0, 0, 0, 0, 0, 0, 0, 0, 0, 0, 0, 0, 0, 0, : 16, 2, 12, 4, 4, 1, 1, 1, 4, 3, 3, 4, 1, 4, 3, 3, 9, 2, 2, 2, 2, 14, 3, 1, 14, 3, 28, 4, 10, 12, 2, 
62: 7, 3, 2, 1, 5, 11, 22, 2, 8, 1, 3, 37, 1, 1, 11, 1, 16, 2, 2, 5, 19, 6, 30, 2, 3, 1, 20, 17, 2, 1, 3, 2, 2, 28, 9, 2, 1, 1, 10, 6, 8, 9, 1, 3, 13, 19, 15, 21, 14, 2, 6, 5, 8, 24, 1, 10, 0, 0, 0, 0, 0, 0, 0, 0, 0, 0, 0, 0, 0, 0, 0, 0, 0, 0, 0, 0, 0, 0, 0, 0, : 7, 3, 2, 1, 5, 11, 22, 2, 8, 1, 3, 37, 1, 1, 11, 1, 16, 2, 2, 5, 19, 6, 30, 2, 3, 1, 20, 17, 2, 1, 3, 2, 2, 28, 9, 2, 1, 1, 10, 6, 8, 9, 1, 3, 13, 19, 15, 21, 14, 2, 6, 5, 8, 24, 1, 10, 
63: 13, 1, 6, 35, 4, 2, 8, 3, 23, 1, 25, 7, 7, 15, 3, 16, 7, 9, 27, 1, 2, 3, 21, 8, 1, 14, 6, 13, 10, 3, 12, 5, 5, 6, 0, 0, 0, 0, 0, 0, 0, 0, 0, 0, 0, 0, 0, 0, 0, 0, 0, 0, 0, 0, 0, 0, 0, 0, 0, 0, 0, 0, 0, 0, 0, 0, 0, 0, 0, 0, 0, 0, 0, 0, 0, 0, 0, 0, 0, 0, : 13, 1, 6, 35, 4, 2, 8, 3, 23, 1, 25, 7, 7, 15, 3, 16, 7, 9, 27, 1, 2, 3, 21, 8, 1, 14, 6, 13, 10, 3, 12, 5, 5, 6, 
64: 2, 10, 12, 1, 35, 2, 5, 16, 1, 1, 13, 21, 5, 7, 18, 3, 4, 2, 4, 5, 4, 3, 1, 5, 6, 4, 2, 7, 12, 1, 3, 28, 4, 8, 1, 3, 8, 20, 0, 0, 0, 0, 0, 0, 0, 0, 0, 0, 0, 0, 0, 0, 0, 0, 0, 0, 0, 0, 0, 0, 0, 0, 0, 0, 0, 0, 0, 0, 0, 0, 0, 0, 0, 0, 0, 0, 0, 0, 0, 0, : 2, 10, 12, 1, 35, 2, 5, 16, 1, 1, 13, 21, 5, 7, 18, 3, 4, 2, 4, 5, 4, 3, 1, 5, 6, 4, 2, 7, 12, 1, 3, 28, 4, 8, 1, 3, 8, 20, 
65: 36, 22, 6, 17, 23, 3, 2, 1, 11, 13, 6, 26, 5, 6, 11, 15, 1, 23, 8, 6, 2, 17, 4, 14, 17, 2, 5, 17, 15, 10, 5, 4, 10, 8, 1, 0, 0, 0, 0, 0, 0, 0, 0, 0, 0, 0, 0, 0, 0, 0, 0, 0, 0, 0, 0, 0, 0, 0, 0, 0, 0, 0, 0, 0, 0, 0, 0, 0, 0, 0, 0, 0, 0, 0, 0, 0, 0, 0, 0, 0, : 36, 22, 6, 17, 23, 3, 2, 1, 11, 13, 6, 26, 5, 6, 11, 15, 1, 23, 8, 6, 2, 17, 4, 14, 17, 2, 5, 17, 15, 10, 5, 4, 10, 8, 1, 
66: 25, 16, 1, 3, 15, 10, 1, 21, 2, 5, 2, 1, 4, 5, 1, 35, 1, 1, 10, 8, 29, 3, 14, 4, 3, 15, 11, 17, 9, 7, 0, 0, 0, 0, 0, 0, 0, 0, 0, 0, 0, 0, 0, 0, 0, 0, 0, 0, 0, 0, 0, 0, 0, 0, 0, 0, 0, 0, 0, 0, 0, 0, 0, 0, 0, 0, 0, 0, 0, 0, 0, 0, 0, 0, 0, 0, 0, 0, 0, 0, : 25, 16, 1, 3, 15, 10, 1, 21, 2, 5, 2, 1, 4, 5, 1, 35, 1, 1, 10, 8, 29, 3, 14, 4, 3, 15, 11, 17, 9, 7, 
67: 24, 5, 2, 7, 2, 30, 1, 1, 16, 6, 4, 8, 22, 12, 4, 16, 10, 2, 7, 6, 2, 4, 9, 4, 1, 31, 14, 19, 8, 3, 10, 15, 15, 5, 6, 4, 23, 8, 1, 1, 12, 3, 10, 14, 0, 0, 0, 0, 0, 0, 0, 0, 0, 0, 0, 0, 0, 0, 0, 0, 0, 0, 0, 0, 0, 0, 0, 0, 0, 0, 0, 0, 0, 0, 0, 0, 0, 0, 0, 0, : 24, 5, 2, 7, 2, 30, 1, 1, 16, 6, 4, 8, 22, 12, 4, 16, 10, 2, 7, 6, 2, 4, 9, 4, 1, 31, 14, 19, 8, 3, 10, 15, 15, 5, 6, 4, 23, 8, 1, 1, 12, 3, 10, 14, 
68: 4, 6, 2, 3, 24, 10, 3, 26, 3, 2, 4, 5, 12, 8, 6, 3, 13, 7, 14, 14, 1, 3, 6, 4, 3, 2, 27, 5, 2, 10, 25, 11, 8, 3, 13, 1, 8, 3, 12, 2, 19, 14, 23, 2, 3, 0, 0, 0, 0, 0, 0, 0, 0, 0, 0, 0, 0, 0, 0, 0, 0, 0, 0, 0, 0, 0, 0, 0, 0, 0, 0, 0, 0, 0, 0, 0, 0, 0, 0, 0, : 4, 6, 2, 3, 24, 10, 3, 26, 3, 2, 4, 5, 12, 8, 6, 3, 13, 7, 14, 14, 1, 3, 6, 4, 3, 2, 27, 5, 2, 10, 25, 11, 8, 3, 13, 1, 8, 3, 12, 2, 19, 14, 23, 2, 3, 
69: 1, 2, 23, 1, 1, 18, 4, 7, 39, 11, 7, 11, 9, 1, 24, 4, 6, 3, 4, 3, 11, 4, 2, 1, 2, 6, 24, 4, 19, 28, 3, 10, 13, 14, 24, 0, 0, 0, 0, 0, 0, 0, 0, 0, 0, 0, 0, 0, 0, 0, 0, 0, 0, 0, 0, 0, 0, 0, 0, 0, 0, 0, 0, 0, 0, 0, 0, 0, 0, 0, 0, 0, 0, 0, 0, 0, 0, 0, 0, 0, : 1, 2, 23, 1, 1, 18, 4, 7, 39, 11, 7, 11, 9, 1, 24, 4, 6, 3, 4, 3, 11, 4, 2, 1, 2, 6, 24, 4, 19, 28, 3, 10, 13, 14, 24, 
70: 27, 4, 1, 1, 2, 5, 19, 11, 2, 15, 6, 1, 10, 1, 1, 1, 3, 1, 2, 1, 0, 0, 0, 0, 0, 0, 0, 0, 0, 0, 0, 0, 0, 0, 0, 0, 0, 0, 0, 0, 0, 0, 0, 0, 0, 0, 0, 0, 0, 0, 0, 0, 0, 0, 0, 0, 0, 0, 0, 0, 0, 0, 0, 0, 0, 0, 0, 0, 0, 0, 0, 0, 0, 0, 0, 0, 0, 0, 0, 0, : 27, 4, 1, 1, 2, 5, 19, 11, 2, 15, 6, 1, 10, 1, 1, 1, 3, 1, 2, 1, 
71: 30, 4, 5, 1, 23, 6, 5, 30, 11, 29, 5, 15, 2, 1, 1, 7, 12, 8, 4, 1, 1, 15, 3, 2, 8, 2, 6, 36, 9, 19, 14, 14, 3, 16, 2, 16, 9, 2, 1, 10, 8, 8, 8, 1, 2, 18, 6, 1, 1, 17, 3, 28, 3, 5, 0, 0, 0, 0, 0, 0, 0, 0, 0, 0, 0, 0, 0, 0, 0, 0, 0, 0, 0, 0, 0, 0, 0, 0, 0, 0, : 30, 4, 5, 1, 23, 6, 5, 30, 11, 29, 5, 15, 2, 1, 1, 7, 12, 8, 4, 1, 1, 15, 3, 2, 8, 2, 6, 36, 9, 19, 14, 14, 3, 16, 2, 16, 9, 2, 1, 10, 8, 8, 8, 1, 2, 18, 6, 1, 1, 17, 3, 28, 3, 5, 
72: 10, 5, 9, 1, 3, 1, 4, 5, 19, 1, 12, 11, 3, 11, 19, 9, 1, 4, 5, 19, 4, 2, 27, 2, 3, 3, 2, 3, 5, 21, 19, 10, 12, 5, 3, 10, 1, 12, 10, 0, 0, 0, 0, 0, 0, 0, 0, 0, 0, 0, 0, 0, 0, 0, 0, 0, 0, 0, 0, 0, 0, 0, 0, 0, 0, 0, 0, 0, 0, 0, 0, 0, 0, 0, 0, 0, 0, 0, 0, 0, : 10, 5, 9, 1, 3, 1, 4, 5, 19, 1, 12, 11, 3, 11, 19, 9, 1, 4, 5, 19, 4, 2, 27, 2, 3, 3, 2, 3, 5, 21, 19, 10, 12, 5, 3, 10, 1, 12, 10, 
73: 4, 3, 1, 10, 12, 4, 19, 5, 1, 5, 6, 3, 2, 3, 6, 7, 2, 1, 9, 2, 18, 9, 6, 3, 6, 27, 1, 4, 12, 4, 28, 7, 3, 6, 5, 4, 2, 7, 13, 1, 2, 9, 3, 6, 21, 9, 9, 0, 0, 0, 0, 0, 0, 0, 0, 0, 0, 0, 0, 0, 0, 0, 0, 0, 0, 0, 0, 0, 0, 0, 0, 0, 0, 0, 0, 0, 0, 0, 0, 0, : 4, 3, 1, 10, 12, 4, 19, 5, 1, 5, 6, 3, 2, 3, 6, 7, 2, 1, 9, 2, 18, 9, 6, 3, 6, 27, 1, 4, 12, 4, 28, 7, 3, 6, 5, 4, 2, 7, 13, 1, 2, 9, 3, 6, 21, 9, 9, 
74: 4, 1, 1, 30, 14, 26, 10, 5, 13, 7, 2, 8, 4, 8, 6, 13, 11, 6, 10, 27, 2, 12, 1, 6, 16, 7, 3, 27, 26, 5, 0, 0, 0, 0, 0, 0, 0, 0, 0, 0, 0, 0, 0, 0, 0, 0, 0, 0, 0, 0, 0, 0, 0, 0, 0, 0, 0, 0, 0, 0, 0, 0, 0, 0, 0, 0, 0, 0, 0, 0, 0, 0, 0, 0, 0, 0, 0, 0, 0, 0, : 4, 1, 1, 30, 14, 26, 10, 5, 13, 7, 2, 8, 4, 8, 6, 13, 11, 6, 10, 27, 2, 12, 1, 6, 16, 7, 3, 27, 26, 5, 
75: 2, 1, 1, 6, 6, 14, 3, 11, 9, 1, 3, 8, 11, 3, 13, 16, 3, 21, 1, 6, 27, 12, 22, 19, 3, 5, 4, 12, 7, 3, 6, 4, 7, 20, 3, 15, 28, 1, 13, 5, 3, 14, 2, 3, 4, 11, 3, 8, 2, 9, 0, 0, 0, 0, 0, 0, 0, 0, 0, 0, 0, 0, 0, 0, 0, 0, 0, 0, 0, 0, 0, 0, 0, 0, 0, 0, 0, 0, 0, 0, : 2, 1, 1, 6, 6, 14, 3, 11, 9, 1, 3, 8, 11, 3, 13, 16, 3, 21, 1, 6, 27, 12, 22, 19, 3, 5, 4, 12, 7, 3, 6, 4, 7, 20, 3, 15, 28, 1, 13, 5, 3, 14, 2, 3, 4, 11, 3, 8, 2, 9, 
76: 1, 7, 5, 6, 20, 28, 17, 3, 5, 21, 7, 4, 1, 5, 17, 1, 3, 26, 3, 10, 4, 17, 11, 3, 2, 13, 1, 4, 31, 8, 4, 7, 8, 9, 5, 16, 8, 2, 0, 0, 0, 0, 0, 0, 0, 0, 0, 0, 0, 0, 0, 0, 0, 0, 0, 0, 0, 0, 0, 0, 0, 0, 0, 0, 0, 0, 0, 0, 0, 0, 0, 0, 0, 0, 0, 0, 0, 0, 0, 0, : 1, 7, 5, 6, 20, 28, 17, 3, 5, 21, 7, 4, 1, 5, 17, 1, 3, 26, 3, 10, 4, 17, 11, 3, 2, 13, 1, 4, 31, 8, 4, 7, 8, 9, 5, 16, 8, 2, 
77: 2, 2, 5, 1, 1, 22, 5, 5, 11, 32, 15, 29, 26, 18, 3, 7, 12, 17, 7, 1, 18, 2, 4, 5, 21, 2, 19, 3, 2, 13, 8, 3, 1, 9, 1, 2, 1, 1, 3, 0, 0, 0, 0, 0, 0, 0, 0, 0, 0, 0, 0, 0, 0, 0, 0, 0, 0, 0, 0, 0, 0, 0, 0, 0, 0, 0, 0, 0, 0, 0, 0, 0, 0, 0, 0, 0, 0, 0, 0, 0, : 2, 2, 5, 1, 1, 22, 5, 5, 11, 32, 15, 29, 26, 18, 3, 7, 12, 17, 7, 1, 18, 2, 4, 5, 21, 2, 19, 3, 2, 13, 8, 3, 1, 9, 1, 2, 1, 1, 3, 
78: 7, 22, 3, 10, 18, 8, 1, 9, 9, 4, 1, 6, 1, 3, 5, 29, 19, 15, 15, 13, 9, 8, 4, 24, 18, 16, 1, 9, 1, 1, 7, 9, 1, 2, 33, 4, 4, 8, 1, 5, 8, 4, 0, 0, 0, 0, 0, 0, 0, 0, 0, 0, 0, 0, 0, 0, 0, 0, 0, 0, 0, 0, 0, 0, 0, 0, 0, 0, 0, 0, 0, 0, 0, 0, 0, 0, 0, 0, 0, 0, : 7, 22, 3, 10, 18, 8, 1, 9, 9, 4, 1, 6, 1, 3, 5, 29, 19, 15, 15, 13, 9, 8, 4, 24, 18, 16, 1, 9, 1, 1, 7, 9, 1, 2, 33, 4, 4, 8, 1, 5, 8, 4, 
79: 1, 32, 3, 2, 13, 5, 4, 3, 2, 2, 18, 4, 20, 3, 12, 1, 1, 23, 2, 1, 18, 4, 17, 5, 6, 1, 9, 4, 7, 4, 0, 0, 0, 0, 0, 0, 0, 0, 0, 0, 0, 0, 0, 0, 0, 0, 0, 0, 0, 0, 0, 0, 0, 0, 0, 0, 0, 0, 0, 0, 0, 0, 0, 0, 0, 0, 0, 0, 0, 0, 0, 0, 0, 0, 0, 0, 0, 0, 0, 0, : 1, 32, 3, 2, 13, 5, 4, 3, 2, 2, 18, 4, 20, 3, 12, 1, 1, 23, 2, 1, 18, 4, 17, 5, 6, 1, 9, 4, 7, 4, 
80: 20, 5, 2, 6, 6, 1, 1, 2, 12, 8, 10, 1, 2, 1, 1, 6, 12, 5, 18, 3, 20, 11, 9, 2, 29, 9, 10, 8, 8, 1, 3, 3, 16, 7, 18, 31, 35, 19, 3, 24, 1, 2, 1, 9, 3, 9, 4, 5, 36, 2, 2, 9, 6, 6, 32, 5, 10, 5, 5, 0, 0, 0, 0, 0, 0, 0, 0, 0, 0, 0, 0, 0, 0, 0, 0, 0, 0, 0, 0, 0, : 20, 5, 2, 6, 6, 1, 1, 2, 12, 8, 10, 1, 2, 1, 1, 6, 12, 5, 18, 3, 20, 11, 9, 2, 29, 9, 10, 8, 8, 1, 3, 3, 16, 7, 18, 31, 35, 19, 3, 24, 1, 2, 1, 9, 3, 9, 4, 5, 36, 2, 2, 9, 6, 6, 32, 5, 10, 5, 5, 


