120
20
1: 12, 32, 2, 21, 2, 15, 1, 2, 3, 6, 8, 6, 15, 11, 1, 1, 11, 1, 26, 5, 1, 10, 9, 1, 23, 6, 16, 3, 12, 9, 2, 3, 11, 14, 19, 14, 3, 1, 0, 0, 0, 0, 0, 0, 0, 0, 0, 0, 0, 0, 0, 0, 0, 0, 0, 0, 0, 0, 0, 0, 0, 0, 0, 0, 0, 0, 0, 0, 0, 0, 0, 0, 0, 0, 0, 0, 0, 0, 0, 0, 0, 0, 0, 0, 0, 0, 0, 0, 0, 0, 0, 0, 0, 0, 0, 0, 0, 0, 0, 0, 0, 0, 0, 0, 0, 0, 0, 0, 0, 0, 0, 0, 0, 0, 0, 0, 0, 0, 0, 0, : 12, 32, 2, 21, 2, 15, 1, 2, 3, 6, 8, 6, 15, 11, 1, 1, 11, 1, 26, 5, 1, 10, 9, 1, 23, 6, 16, 3, 12, 9, 2, 3, 11, 14, 19, 14, 3, 1, 
2: 5, 6, 17, 6, 15, 3, 23, 5, 6, 29, 5, 7, 5, 16, 5, 11, 9, 12, 27, 9, 2, 18, 3, 10, 1, 2, 4, 3, 2, 5, 3, 5, 2, 1, 12, 10, 2, 7, 2, 2, 2, 19, 2, 5, 6, 6, 1, 21, 24, 13, 13, 2, 1, 2, 18, 1, 24, 23, 24, 1, 0, 0, 0, 0, 0, 0, 0, 0, 0, 0, 0, 0, 0, 0, 0, 0, 0, 0, 0, 0, 0, 0, 0, 0, 0, 0, 0, 0, 0, 0, 0, 0, 0, 0, 0, 0, 0, 0, 0, 0, 0, 0, 0, 0, 0, 0, 0, 0, 0, 0, 0, 0, 0, 0, 0, 0, 0, 0, 0, 0, : 5, 6, 17, 6, 15, 3, 23, 5, 6, 29, 5, 7, 5, 16, 5, 11, 9, 12, 27, 9, 2, 18, 3, 10, 1, 2, 4, 3, 2, 5, 3, 5, 2, 1, 12, 10, 2, 7, 2, 2, 2, 19, 2, 5, 6, 6, 1, 21, 24, 13, 13, 2, 1, 2, 18, 1, 24, 23, 24, 1, 
3: 10, 4, 8, 1, 1, 3, 26, 3, 4, 8, 20, 1, 14, 6, 37, 18, 4, 2, 1, 24, 5, 2, 5, 2, 3, 10, 10, 19, 18, 2, 4, 1, 25, 17, 12, 10, 17, 20, 17, 1, 13, 6, 15, 5, 24, 6, 26, 1, 17, 7, 1, 4, 7, 1, 26, 2, 10, 1, 1, 3, 10, 19, 1, 1, 7, 14, 2, 2, 26, 7, 16, 0, 0, 0, 0, 0, 0, 0, 0, 0, 0, 0, 0, 0, 0, 0, 0, 0, 0, 0, 0, 0, 0, 0, 0, 0, 0, 0, 0, 0, 0, 0, 0, 0, 0, 0, 0, 0, 0, 0, 0, 0, 0, 0, 0, 0, 0, 0, 0, 0, : 10, 4, 8, 1, 1, 3, 26, 3, 4, 8, 20, 1, 14, 6, 37, 18, 4, 2, 1, 24, 5, 2, 5, 2, 3, 10, 10, 19, 18, 2, 4, 1, 25, 17, 12, 10, 17, 20, 17, 1, 13, 6, 15, 5, 24, 6, 26, 1, 17, 7, 1, 4, 7, 1, 26, 2, 10, 1, 1, 3, 10, 19, 1, 1, 7, 14, 2, 2, 26, 7, 16, 
4: 6, 5, 17, 21, 1, 14, 22, 1, 5, 7, 1, 3, 1, 4, 1, 5, 6, 18, 13, 1, 1, 12, 1, 6, 2, 4, 18, 2, 9, 10, 1, 11, 8, 2, 5, 1, 1, 7, 7, 5, 17, 5, 12, 5, 10, 2, 9, 17, 6, 9, 2, 3, 1, 9, 14, 2, 16, 3, 11, 10, 8, 2, 6, 11, 3, 3, 4, 13, 1, 12, 0, 0, 0, 0, 0, 0, 0, 0, 0, 0, 0, 0, 0, 0, 0, 0, 0, 0, 0, 0, 0, 0, 0, 0, 0, 0, 0, 0, 0, 0, 0, 0, 0, 0, 0, 0, 0, 0, 0, 0, 0, 0, 0, 0, 0, 0, 0, 0, 0, 0, : 6, 5, 17, 21, 1, 14, 22, 1, 5, 7, 1, 3, 1, 4, 1, 5, 6, 18, 13, 1, 1, 12, 1, 6, 2, 4, 18, 2, 9, 10, 1, 11, 8, 2, 5, 1, 1, 7, 7, 5, 17, 5, 12, 5, 10, 2, 9, 17, 6, 9, 2, 3, 1, 9, 14, 2, 16, 3, 11, 10, 8, 2, 6, 11, 3, 3, 4, 13, 1, 12, 
5: 2, 2, 11, 4, 9, 24, 1, 27, 20, 7, 5, 11, 12, 3, 14, 15, 8, 5, 12, 4, 13, 3, 2, 25, 17, 3, 7, 13, 10, 9, 5, 35, 28, 2, 9, 8, 15, 3, 7, 2, 7, 1, 3, 27, 13, 5, 2, 2, 5, 6, 16, 13, 22, 20, 11, 11, 1, 3, 5, 1, 28, 2, 11, 11, 3, 2, 4, 15, 8, 26, 2, 1, 11, 14, 13, 5, 0, 0, 0, 0, 0, 0, 0, 0, 0, 0, 0, 0, 0, 0, 0, 0, 0, 0, 0, 0, 0, 0, 0, 0, 0, 0, 0, 0, 0, 0, 0, 0, 0, 0, 0, 0, 0, 0, 0, 0, 0, 0, 0, 0, : 2, 2, 11, 4, 9, 24, 1, 27, 20, 7, 5, 11, 12, 3, 14, 15, 8, 5, 12, 4, 13, 3, 2, 25, 17, 3, 7, 13, 10, 9, 5, 35, 28, 2, 9, 8, 15, 3, 7, 2, 7, 1, 3, 27, 13, 5, 2, 2, 5, 6, 16, 13, 22, 20, 11, 11, 1, 3, 5, 1, 28, 2, 11, 11, 3, 2, 4, 15, 8, 26, 2, 1, 11, 14, 13, 5, 
6: 1, 9, 2, 8, 6, 2, 11, 1, 1, 1, 2, 1, 15, 2, 30, 1, 5, 2, 9, 7, 1, 10, 5, 1, 5, 28, 2, 6, 11, 2, 1, 4, 16, 13, 4, 1, 4, 5, 21, 4, 1, 32, 2, 1, 30, 6, 8, 2, 4, 1, 2, 1, 16, 2, 5, 8, 8, 7, 5, 9, 0, 0, 0, 0, 0, 0, 0, 0, 0, 0, 0, 0, 0, 0, 0, 0, 0, 0, 0, 0, 0, 0, 0, 0, 0, 0, 0, 0, 0, 0, 0, 0, 0, 0, 0, 0, 0, 0, 0, 0, 0, 0, 0, 0, 0, 0, 0, 0, 0, 0, 0, 0, 0, 0, 0, 0, 0, 0, 0, 0, : 1, 9, 2, 8, 6, 2, 11, 1, 1, 1, 2, 1, 15, 2, 30, 1, 5, 2, 9, 7, 1, 10, 5, 1, 5, 28, 2, 6, 11, 2, 1, 4, 16, 13, 4, 1, 4, 5, 21, 4, 1, 32, 2, 1, 30, 6, 8, 2, 4, 1, 2, 1, 16, 2, 5, 8, 8, 7, 5, 9, 
7: 12, 1, 5, 3, 2, 2, 1, 3, 6, 12, 9, 4, 2, 4, 4, 4, 1, 5, 21, 15, 21, 25, 2, 1, 5, 26, 13, 6, 2, 1, 20, 2, 3, 16, 1, 17, 3, 16, 3, 14, 10, 4, 25, 9, 1, 9, 9, 19, 2, 2, 16, 2, 2, 5, 2, 1, 2, 10, 3, 1, 7, 21, 13, 4, 13, 3, 16, 17, 8, 4, 19, 5, 0, 0, 0, 0, 0, 0, 0, 0, 0, 0, 0, 0, 0, 0, 0, 0, 0, 0, 0, 0, 0, 0, 0, 0, 0, 0, 0, 0, 0, 0, 0, 0, 0, 0, 0, 0, 0, 0, 0, 0, 0, 0, 0, 0, 0, 0, 0, 0, : 12, 1, 5, 3, 2, 2, 1, 3, 6, 12, 9, 4, 2, 4, 4, 4, 1, 5, 21, 15, 21, 25, 2, 1, 5, 26, 13, 6, 2, 1, 20, 2, 3, 16, 1, 17, 3, 16, 3, 14, 10, 4, 25, 9, 1, 9, 9, 19, 2, 2, 16, 2, 2, 5, 2, 1, 2, 10, 3, 1, 7, 21, 13, 4, 13, 3, 16, 17, 8, 4, 19, 5, 
8: 5, 19, 10, 1, 8, 8, 22, 10, 11, 3, 2, 1, 14, 1, 4, 17, 8, 34, 4, 6, 6, 6, 32, 2, 4, 7, 2, 36, 1, 2, 6, 5, 24, 27, 0, 0, 0, 0, 0, 0, 0, 0, 0, 0, 0, 0, 0, 0, 0, 0, 0, 0, 0, 0, 0, 0, 0, 0, 0, 0, 0, 0, 0, 0, 0, 0, 0, 0, 0, 0, 0, 0, 0, 0, 0, 0, 0, 0, 0, 0, 0, 0, 0, 0, 0, 0, 0, 0, 0, 0, 0, 0, 0, 0, 0, 0, 0, 0, 0, 0, 0, 0, 0, 0, 0, 0, 0, 0, 0, 0, 0, 0, 0, 0, 0, 0, 0, 0, 0, 0, : 5, 19, 10, 1, 8, 8, 22, 10, 11, 3, 2, 1, 14, 1, 4, 17, 8, 34, 4, 6, 6, 6, 32, 2, 4, 7, 2, 36, 1, 2, 6, 5, 24, 27, 
9: 4, 6, 3, 1, 2, 14, 4, 2, 1, 1, 14, 11, 6, 1, 5, 2, 11, 23, 2, 3, 4, 4, 1, 1, 6, 3, 19, 4, 2, 1, 0, 0, 0, 0, 0, 0, 0, 0, 0, 0, 0, 0, 0, 0, 0, 0, 0, 0, 0, 0, 0, 0, 0, 0, 0, 0, 0, 0, 0, 0, 0, 0, 0, 0, 0, 0, 0, 0, 0, 0, 0, 0, 0, 0, 0, 0, 0, 0, 0, 0, 0, 0, 0, 0, 0, 0, 0, 0, 0, 0, 0, 0, 0, 0, 0, 0, 0, 0, 0, 0, 0, 0, 0, 0, 0, 0, 0, 0, 0, 0, 0, 0, 0, 0, 0, 0, 0, 0, 0, 0, : 4, 6, 3, 1, 2, 14, 4, 2, 1, 1, 14, 11, 6, 1, 5, 2, 11, 23, 2, 3, 4, 4, 1, 1, 6, 3, 19, 4, 2, 1, 
10: 11, 5, 18, 5, 1, 1, 13, 16, 8, 8, 19, 3, 3, 1, 1, 5, 2, 17, 6, 6, 1, 3, 1, 16, 2, 3, 10, 6, 19, 3, 9, 12, 8, 8, 4, 23, 10, 3, 10, 1, 2, 6, 4, 13, 3, 1, 15, 7, 11, 11, 16, 17, 2, 0, 0, 0, 0, 0, 0, 0, 0, 0, 0, 0, 0, 0, 0, 0, 0, 0, 0, 0, 0, 0, 0, 0, 0, 0, 0, 0, 0, 0, 0, 0, 0, 0, 0, 0, 0, 0, 0, 0, 0, 0, 0, 0, 0, 0, 0, 0, 0, 0, 0, 0, 0, 0, 0, 0, 0, 0, 0, 0, 0, 0, 0, 0, 0, 0, 0, 0, : 11, 5, 18, 5, 1, 1, 13, 16, 8, 8, 19, 3, 3, 1, 1, 5, 2, 17, 6, 6, 1, 3, 1, 16, 2, 3, 10, 6, 19, 3, 9, 12, 8, 8, 4, 23, 10, 3, 10, 1, 2, 6, 4, 13, 3, 1, 15, 7, 11, 11, 16, 17, 2, 
11: 4, 5, 6, 1, 1, 3, 3, 4, 3, 8, 11, 12, 2, 6, 2, 2, 7, 1, 10, 28, 4, 1, 28, 12, 1, 9, 8, 3, 8, 2, 1, 20, 4, 4, 1, 4, 11, 9, 7, 26, 2, 2, 1, 3, 1, 1, 11, 3, 2, 7, 4, 1, 2, 1, 1, 1, 5, 4, 3, 22, 2, 10, 11, 7, 1, 4, 5, 1, 13, 1, 14, 4, 5, 4, 11, 1, 12, 9, 1, 0, 0, 0, 0, 0, 0, 0, 0, 0, 0, 0, 0, 0, 0, 0, 0, 0, 0, 0, 0, 0, 0, 0, 0, 0, 0, 0, 0, 0, 0, 0, 0, 0, 0, 0, 0, 0, 0, 0, 0, 0, : 4, 5, 6, 1, 1, 3, 3, 4, 3, 8, 11, 12, 2, 6, 2, 2, 7, 1, 10, 28, 4, 1, 28, 12, 1, 9, 8, 3, 8, 2, 1, 20, 4, 4, 1, 4, 11, 9, 7, 26, 2, 2, 1, 3, 1, 1, 11, 3, 2, 7, 4, 1, 2, 1, 1, 1, 5, 4, 3, 22, 2, 10, 11, 7, 1, 4, 5, 1, 13, 1, 14, 4, 5, 4, 11, 1, 12, 9, 1, 
12: 7, 1, 1, 6, 8, 4, 18, 15, 1, 4, 9, 7, 9, 21, 13, 9, 4, 10, 7, 3, 2, 5, 4, 10, 13, 7, 11, 2, 6, 6, 1, 3, 1, 12, 23, 11, 5, 6, 1, 1, 14, 2, 3, 2, 12, 9, 1, 6, 10, 6, 14, 1, 1, 9, 5, 7, 35, 23, 11, 0, 0, 0, 0, 0, 0, 0, 0, 0, 0, 0, 0, 0, 0, 0, 0, 0, 0, 0, 0, 0, 0, 0, 0, 0, 0, 0, 0, 0, 0, 0, 0, 0, 0, 0, 0, 0, 0, 0, 0, 0, 0, 0, 0, 0, 0, 0, 0, 0, 0, 0, 0, 0, 0, 0, 0, 0, 0, 0, 0, 0, : 7, 1, 1, 6, 8, 4, 18, 15, 1, 4, 9, 7, 9, 21, 13, 9, 4, 10, 7, 3, 2, 5, 4, 10, 13, 7, 11, 2, 6, 6, 1, 3, 1, 12, 23, 11, 5, 6, 1, 1, 14, 2, 3, 2, 12, 9, 1, 6, 10, 6, 14, 1, 1, 9, 5, 7, 35, 23, 11, 
13: 6, 11, 1, 3, 23, 2, 12, 6, 31, 11, 9, 3, 7, 6, 9, 16, 13, 12, 16, 6, 13, 1, 11, 1, 1, 14, 8, 19, 12, 9, 2, 4, 11, 1, 2, 8, 5, 1, 1, 4, 11, 9, 26, 2, 8, 26, 3, 3, 17, 21, 7, 3, 6, 5, 3, 6, 5, 6, 17, 16, 20, 11, 7, 0, 0, 0, 0, 0, 0, 0, 0, 0, 0, 0, 0, 0, 0, 0, 0, 0, 0, 0, 0, 0, 0, 0, 0, 0, 0, 0, 0, 0, 0, 0, 0, 0, 0, 0, 0, 0, 0, 0, 0, 0, 0, 0, 0, 0, 0, 0, 0, 0, 0, 0, 0, 0, 0, 0, 0, 0, : 6, 11, 1, 3, 23, 2, 12, 6, 31, 11, 9, 3, 7, 6, 9, 16, 13, 12, 16, 6, 13, 1, 11, 1, 1, 14, 8, 19, 12, 9, 2, 4, 11, 1, 2, 8, 5, 1, 1, 4, 11, 9, 26, 2, 8, 26, 3, 3, 17, 21, 7, 3, 6, 5, 3, 6, 5, 6, 17, 16, 20, 11, 7, 
14: 5, 21, 8, 3, 31, 35, 3, 7, 3, 15, 6, 5, 17, 2, 2, 18, 15, 9, 17, 5, 15, 1, 1, 18, 4, 22, 28, 36, 3, 6, 3, 2, 11, 2, 1, 7, 3, 17, 2, 1, 5, 14, 5, 23, 0, 0, 0, 0, 0, 0, 0, 0, 0, 0, 0, 0, 0, 0, 0, 0, 0, 0, 0, 0, 0, 0, 0, 0, 0, 0, 0, 0, 0, 0, 0, 0, 0, 0, 0, 0, 0, 0, 0, 0, 0, 0, 0, 0, 0, 0, 0, 0, 0, 0, 0, 0, 0, 0, 0, 0, 0, 0, 0, 0, 0, 0, 0, 0, 0, 0, 0, 0, 0, 0, 0, 0, 0, 0, 0, 0, : 5, 21, 8, 3, 31, 35, 3, 7, 3, 15, 6, 5, 17, 2, 2, 18, 15, 9, 17, 5, 15, 1, 1, 18, 4, 22, 28, 36, 3, 6, 3, 2, 11, 2, 1, 7, 3, 17, 2, 1, 5, 14, 5, 23, 
15: 3, 5, 10, 5, 5, 1, 23, 1, 3, 19, 18, 12, 19, 7, 9, 3, 11, 2, 1, 5, 17, 1, 3, 2, 1, 3, 24, 1, 30, 7, 6, 1, 19, 2, 3, 1, 4, 15, 3, 4, 1, 13, 17, 2, 12, 12, 35, 5, 1, 16, 2, 7, 1, 13, 1, 29, 33, 7, 4, 21, 1, 10, 0, 0, 0, 0, 0, 0, 0, 0, 0, 0, 0, 0, 0, 0, 0, 0, 0, 0, 0, 0, 0, 0, 0, 0, 0, 0, 0, 0, 0, 0, 0, 0, 0, 0, 0, 0, 0, 0, 0, 0, 0, 0, 0, 0, 0, 0, 0, 0, 0, 0, 0, 0, 0, 0, 0, 0, 0, 0, : 3, 5, 10, 5, 5, 1, 23, 1, 3, 19, 18, 12, 19, 7, 9, 3, 11, 2, 1, 5, 17, 1, 3, 2, 1, 3, 24, 1, 30, 7, 6, 1, 19, 2, 3, 1, 4, 15, 3, 4, 1, 13, 17, 2, 12, 12, 35, 5, 1, 16, 2, 7, 1, 13, 1, 29, 33, 7, 4, 21, 1, 10, 
16: 10, 14, 35, 6, 2, 3, 19, 1, 1, 28, 5, 4, 14, 4, 5, 1, 2, 6, 1, 1, 1, 7, 2, 34, 9, 37, 1, 1, 8, 17, 8, 14, 4, 1, 5, 5, 8, 2, 6, 34, 2, 13, 5, 8, 5, 0, 0, 0, 0, 0, 0, 0, 0, 0, 0, 0, 0, 0, 0, 0, 0, 0, 0, 0, 0, 0, 0, 0, 0, 0, 0, 0, 0, 0, 0, 0, 0, 0, 0, 0, 0, 0, 0, 0, 0, 0, 0, 0, 0, 0, 0, 0, 0, 0, 0, 0, 0, 0, 0, 0, 0, 0, 0, 0, 0, 0, 0, 0, 0, 0, 0, 0, 0, 0, 0, 0, 0, 0, 0, 0, : 10, 14, 35, 6, 2, 3, 19, 1, 1, 28, 5, 4, 14, 4, 5, 1, 2, 6, 1, 1, 1, 7, 2, 34, 9, 37, 1, 1, 8, 17, 8, 14, 4, 1, 5, 5, 8, 2, 6, 34, 2, 13, 5, 8, 5, 
17: 12, 1, 12, 5, 5, 11, 23, 25, 21, 2, 31, 29, 14, 3, 9, 2, 17, 27, 11, 2, 12, 3, 7, 24, 4, 5, 5, 6, 6, 6, 9, 2, 0, 0, 0, 0, 0, 0, 0, 0, 0, 0, 0, 0, 0, 0, 0, 0, 0, 0, 0, 0, 0, 0, 0, 0, 0, 0, 0, 0, 0, 0, 0, 0, 0, 0, 0, 0, 0, 0, 0, 0, 0, 0, 0, 0, 0, 0, 0, 0, 0, 0, 0, 0, 0, 0, 0, 0, 0, 0, 0, 0, 0, 0, 0, 0, 0, 0, 0, 0, 0, 0, 0, 0, 0, 0, 0, 0, 0, 0, 0, 0, 0, 0, 0, 0, 0, 0, 0, 0, : 12, 1, 12, 5, 5, 11, 23, 25, 21, 2, 31, 29, 14, 3, 9, 2, 17, 27, 11, 2, 12, 3, 7, 24, 4, 5, 5, 6, 6, 6, 9, 2, 
18: 4, 9, 8, 5, 25, 1, 9, 3, 7, 6, 3, 3, 3, 24, 20, 12, 5, 11, 13, 20, 12, 8, 1, 17, 2, 2, 1, 1, 2, 8, 7, 11, 6, 4, 16, 11, 18, 5, 2, 21, 14, 13, 2, 24, 18, 10, 2, 22, 2, 1, 7, 16, 4, 8, 11, 2, 1, 2, 0, 0, 0, 0, 0, 0, 0, 0, 0, 0, 0, 0, 0, 0, 0, 0, 0, 0, 0, 0, 0, 0, 0, 0, 0, 0, 0, 0, 0, 0, 0, 0, 0, 0, 0, 0, 0, 0, 0, 0, 0, 0, 0, 0, 0, 0, 0, 0, 0, 0, 0, 0, 0, 0, 0, 0, 0, 0, 0, 0, 0, 0, : 4, 9, 8, 5, 25, 1, 9, 3, 7, 6, 3, 3, 3, 24, 20, 12, 5, 11, 13, 20, 12, 8, 1, 17, 2, 2, 1, 1, 2, 8, 7, 11, 6, 4, 16, 11, 18, 5, 2, 21, 14, 13, 2, 24, 18, 10, 2, 22, 2, 1, 7, 16, 4, 8, 11, 2, 1, 2, 
19: 8, 15, 7, 11, 1, 17, 13, 10, 5, 36, 20, 19, 12, 9, 1, 9, 3, 1, 3, 7, 5, 7, 5, 7, 9, 3, 4, 2, 3, 3, 5, 9, 2, 11, 14, 5, 14, 31, 7, 1, 2, 6, 12, 5, 4, 4, 26, 3, 5, 5, 2, 17, 2, 19, 2, 3, 8, 5, 10, 1, 23, 34, 1, 30, 25, 1, 35, 4, 14, 3, 3, 3, 7, 22, 3, 1, 0, 0, 0, 0, 0, 0, 0, 0, 0, 0, 0, 0, 0, 0, 0, 0, 0, 0, 0, 0, 0, 0, 0, 0, 0, 0, 0, 0, 0, 0, 0, 0, 0, 0, 0, 0, 0, 0, 0, 0, 0, 0, 0, 0, : 8, 15, 7, 11, 1, 17, 13, 10, 5, 36, 20, 19, 12, 9, 1, 9, 3, 1, 3, 7, 5, 7, 5, 7, 9, 3, 4, 2, 3, 3, 5, 9, 2, 11, 14, 5, 14, 31, 7, 1, 2, 6, 12, 5, 4, 4, 26, 3, 5, 5, 2, 17, 2, 19, 2, 3, 8, 5, 10, 1, 23, 34, 1, 30, 25, 1, 35, 4, 14, 3, 3, 3, 7, 22, 3, 1, 
20: 12, 9, 12, 31, 6, 13, 26, 8, 4, 5, 18, 16, 1, 11, 3, 19, 2, 2, 1, 1, 7, 3, 6, 6, 5, 9, 21, 27, 3, 13, 6, 8, 2, 13, 17, 14, 1, 4, 8, 3, 7, 1, 4, 8, 1, 6, 6, 3, 4, 22, 1, 1, 5, 1, 3, 1, 1, 7, 2, 16, 3, 2, 1, 2, 2, 9, 16, 8, 6, 18, 2, 2, 0, 0, 0, 0, 0, 0, 0, 0, 0, 0, 0, 0, 0, 0, 0, 0, 0, 0, 0, 0, 0, 0, 0, 0, 0, 0, 0, 0, 0, 0, 0, 0, 0, 0, 0, 0, 0, 0, 0, 0, 0, 0, 0, 0, 0, 0, 0, 0, : 12, 9, 12, 31, 6, 13, 26, 8, 4, 5, 18, 16, 1, 11, 3, 19, 2, 2, 1, 1, 7, 3, 6, 6, 5, 9, 21, 27, 3, 13, 6, 8, 2, 13, 17, 14, 1, 4, 8, 3, 7, 1, 4, 8, 1, 6, 6, 3, 4, 22, 1, 1, 5, 1, 3, 1, 1, 7, 2, 16, 3, 2, 1, 2, 2, 9, 16, 8, 6, 18, 2, 2, 


