40
100
1: 3, 12, 20, 3, 2, 2, 3, 6, 13, 27, 21, 2, 2, 5, 21, 14, 5, 4, 7, 13, 0, 0, 0, 0, 0, 0, 0, 0, 0, 0, 0, 0, 0, 0, 0, 0, 0, 0, 0, 0, : 3, 12, 20, 3, 2, 2, 3, 6, 13, 27, 21, 2, 2, 5, 21, 14, 5, 4, 7, 13, 
2: 3, 7, 4, 1, 5, 2, 4, 1, 21, 1, 4, 3, 7, 14, 1, 16, 3, 1, 15, 1, 0, 0, 0, 0, 0, 0, 0, 0, 0, 0, 0, 0, 0, 0, 0, 0, 0, 0, 0, 0, : 3, 7, 4, 1, 5, 2, 4, 1, 21, 1, 4, 3, 7, 14, 1, 16, 3, 1, 15, 1, 
3: 5, 3, 20, 7, 7, 1, 21, 6, 28, 26, 4, 11, 6, 5, 11, 7, 1, 4, 2, 6, 21, 0, 0, 0, 0, 0, 0, 0, 0, 0, 0, 0, 0, 0, 0, 0, 0, 0, 0, 0, : 5, 3, 20, 7, 7, 1, 21, 6, 28, 26, 4, 11, 6, 5, 11, 7, 1, 4, 2, 6, 21, 
4: 5, 2, 4, 4, 4, 1, 9, 2, 14, 3, 3, 20, 9, 6, 17, 5, 9, 1, 0, 0, 0, 0, 0, 0, 0, 0, 0, 0, 0, 0, 0, 0, 0, 0, 0, 0, 0, 0, 0, 0, : 5, 2, 4, 4, 4, 1, 9, 2, 14, 3, 3, 20, 9, 6, 17, 5, 9, 1, 
5: 2, 31, 11, 4, 1, 1, 16, 7, 7, 9, 6, 28, 1, 13, 1, 2, 5, 0, 0, 0, 0, 0, 0, 0, 0, 0, 0, 0, 0, 0, 0, 0, 0, 0, 0, 0, 0, 0, 0, 0, : 2, 31, 11, 4, 1, 1, 16, 7, 7, 9, 6, 28, 1, 13, 1, 2, 5, 
6: 9, 2, 11, 3, 23, 1, 19, 12, 2, 15, 8, 16, 1, 1, 11, 1, 5, 20, 2, 0, 0, 0, 0, 0, 0, 0, 0, 0, 0, 0, 0, 0, 0, 0, 0, 0, 0, 0, 0, 0, : 9, 2, 11, 3, 23, 1, 19, 12, 2, 15, 8, 16, 1, 1, 11, 1, 5, 20, 2, 
7: 20, 2, 8, 3, 7, 12, 4, 4, 7, 2, 9, 8, 14, 1, 1, 8, 2, 2, 3, 2, 2, 0, 0, 0, 0, 0, 0, 0, 0, 0, 0, 0, 0, 0, 0, 0, 0, 0, 0, 0, : 20, 2, 8, 3, 7, 12, 4, 4, 7, 2, 9, 8, 14, 1, 1, 8, 2, 2, 3, 2, 2, 
8: 19, 6, 16, 7, 5, 2, 2, 1, 8, 7, 1, 4, 12, 6, 0, 0, 0, 0, 0, 0, 0, 0, 0, 0, 0, 0, 0, 0, 0, 0, 0, 0, 0, 0, 0, 0, 0, 0, 0, 0, : 19, 6, 16, 7, 5, 2, 2, 1, 8, 7, 1, 4, 12, 6, 
9: 7, 29, 23, 10, 2, 6, 1, 7, 20, 2, 20, 7, 4, 29, 9, 13, 0, 0, 0, 0, 0, 0, 0, 0, 0, 0, 0, 0, 0, 0, 0, 0, 0, 0, 0, 0, 0, 0, 0, 0, : 7, 29, 23, 10, 2, 6, 1, 7, 20, 2, 20, 7, 4, 29, 9, 13, 
10: 6, 29, 9, 3, 6, 20, 3, 20, 13, 9, 3, 10, 10, 2, 1, 2, 10, 1, 7, 18, 5, 5, 7, 10, 3, 0, 0, 0, 0, 0, 0, 0, 0, 0, 0, 0, 0, 0, 0, 0, : 6, 29, 9, 3, 6, 20, 3, 20, 13, 9, 3, 10, 10, 2, 1, 2, 10, 1, 7, 18, 5, 5, 7, 10, 3, 
11: 5, 2, 12, 32, 5, 1, 1, 5, 1, 5, 5, 3, 22, 1, 13, 3, 4, 12, 0, 0, 0, 0, 0, 0, 0, 0, 0, 0, 0, 0, 0, 0, 0, 0, 0, 0, 0, 0, 0, 0, : 5, 2, 12, 32, 5, 1, 1, 5, 1, 5, 5, 3, 22, 1, 13, 3, 4, 12, 
12: 1, 13, 1, 5, 19, 19, 5, 2, 11, 4, 4, 12, 7, 24, 27, 2, 4, 9, 9, 4, 1, 3, 2, 1, 0, 0, 0, 0, 0, 0, 0, 0, 0, 0, 0, 0, 0, 0, 0, 0, : 1, 13, 1, 5, 19, 19, 5, 2, 11, 4, 4, 12, 7, 24, 27, 2, 4, 9, 9, 4, 1, 3, 2, 1, 
13: 2, 5, 16, 3, 1, 13, 12, 30, 10, 2, 3, 1, 4, 6, 27, 9, 4, 8, 9, 4, 23, 23, 13, 10, 0, 0, 0, 0, 0, 0, 0, 0, 0, 0, 0, 0, 0, 0, 0, 0, : 2, 5, 16, 3, 1, 13, 12, 30, 10, 2, 3, 1, 4, 6, 27, 9, 4, 8, 9, 4, 23, 23, 13, 10, 
14: 3, 2, 4, 21, 6, 3, 3, 11, 9, 11, 6, 13, 1, 6, 0, 0, 0, 0, 0, 0, 0, 0, 0, 0, 0, 0, 0, 0, 0, 0, 0, 0, 0, 0, 0, 0, 0, 0, 0, 0, : 3, 2, 4, 21, 6, 3, 3, 11, 9, 11, 6, 13, 1, 6, 
15: 1, 8, 6, 15, 6, 1, 4, 1, 4, 14, 5, 5, 1, 0, 0, 0, 0, 0, 0, 0, 0, 0, 0, 0, 0, 0, 0, 0, 0, 0, 0, 0, 0, 0, 0, 0, 0, 0, 0, 0, : 1, 8, 6, 15, 6, 1, 4, 1, 4, 14, 5, 5, 1, 
16: 7, 20, 2, 16, 5, 9, 4, 8, 4, 8, 20, 1, 1, 9, 5, 6, 13, 1, 11, 6, 0, 0, 0, 0, 0, 0, 0, 0, 0, 0, 0, 0, 0, 0, 0, 0, 0, 0, 0, 0, : 7, 20, 2, 16, 5, 9, 4, 8, 4, 8, 20, 1, 1, 9, 5, 6, 13, 1, 11, 6, 
17: 10, 5, 10, 2, 9, 1, 1, 2, 21, 11, 4, 7, 4, 1, 1, 1, 7, 9, 5, 26, 2, 13, 1, 2, 5, 23, 11, 10, 4, 0, 0, 0, 0, 0, 0, 0, 0, 0, 0, 0, : 10, 5, 10, 2, 9, 1, 1, 2, 21, 11, 4, 7, 4, 1, 1, 1, 7, 9, 5, 26, 2, 13, 1, 2, 5, 23, 11, 10, 4, 
18: 35, 24, 13, 3, 10, 15, 24, 1, 4, 8, 3, 1, 6, 4, 6, 12, 3, 13, 3, 6, 0, 0, 0, 0, 0, 0, 0, 0, 0, 0, 0, 0, 0, 0, 0, 0, 0, 0, 0, 0, : 35, 24, 13, 3, 10, 15, 24, 1, 4, 8, 3, 1, 6, 4, 6, 12, 3, 13, 3, 6, 
19: 5, 2, 3, 5, 13, 2, 12, 10, 5, 9, 2, 4, 3, 2, 12, 1, 4, 0, 0, 0, 0, 0, 0, 0, 0, 0, 0, 0, 0, 0, 0, 0, 0, 0, 0, 0, 0, 0, 0, 0, : 5, 2, 3, 5, 13, 2, 12, 10, 5, 9, 2, 4, 3, 2, 12, 1, 4, 
20: 1, 11, 34, 22, 5, 1, 23, 8, 15, 9, 6, 7, 22, 3, 3, 6, 12, 11, 0, 0, 0, 0, 0, 0, 0, 0, 0, 0, 0, 0, 0, 0, 0, 0, 0, 0, 0, 0, 0, 0, : 1, 11, 34, 22, 5, 1, 23, 8, 15, 9, 6, 7, 22, 3, 3, 6, 12, 11, 
21: 18, 11, 18, 1, 6, 2, 7, 1, 18, 1, 1, 19, 3, 2, 1, 0, 0, 0, 0, 0, 0, 0, 0, 0, 0, 0, 0, 0, 0, 0, 0, 0, 0, 0, 0, 0, 0, 0, 0, 0, : 18, 11, 18, 1, 6, 2, 7, 1, 18, 1, 1, 19, 3, 2, 1, 
22: 3, 14, 1, 5, 5, 2, 6, 2, 8, 21, 1, 2, 2, 3, 7, 10, 14, 0, 0, 0, 0, 0, 0, 0, 0, 0, 0, 0, 0, 0, 0, 0, 0, 0, 0, 0, 0, 0, 0, 0, : 3, 14, 1, 5, 5, 2, 6, 2, 8, 21, 1, 2, 2, 3, 7, 10, 14, 
23: 4, 5, 7, 2, 7, 9, 25, 2, 3, 5, 2, 3, 12, 1, 5, 4, 4, 0, 0, 0, 0, 0, 0, 0, 0, 0, 0, 0, 0, 0, 0, 0, 0, 0, 0, 0, 0, 0, 0, 0, : 4, 5, 7, 2, 7, 9, 25, 2, 3, 5, 2, 3, 12, 1, 5, 4, 4, 
24: 10, 8, 30, 9, 33, 30, 15, 3, 1, 2, 1, 11, 5, 6, 8, 1, 13, 1, 24, 2, 17, 4, 7, 2, 6, 1, 11, 0, 0, 0, 0, 0, 0, 0, 0, 0, 0, 0, 0, 0, : 10, 8, 30, 9, 33, 30, 15, 3, 1, 2, 1, 11, 5, 6, 8, 1, 13, 1, 24, 2, 17, 4, 7, 2, 6, 1, 11, 
25: 6, 4, 2, 3, 19, 3, 10, 1, 5, 3, 3, 2, 1, 1, 23, 1, 4, 1, 15, 4, 0, 0, 0, 0, 0, 0, 0, 0, 0, 0, 0, 0, 0, 0, 0, 0, 0, 0, 0, 0, : 6, 4, 2, 3, 19, 3, 10, 1, 5, 3, 3, 2, 1, 1, 23, 1, 4, 1, 15, 4, 
26: 6, 4, 7, 27, 14, 14, 13, 11, 1, 14, 8, 14, 2, 6, 2, 2, 4, 2, 0, 0, 0, 0, 0, 0, 0, 0, 0, 0, 0, 0, 0, 0, 0, 0, 0, 0, 0, 0, 0, 0, : 6, 4, 7, 27, 14, 14, 13, 11, 1, 14, 8, 14, 2, 6, 2, 2, 4, 2, 
27: 3, 5, 27, 30, 12, 7, 16, 10, 9, 16, 4, 9, 2, 13, 15, 1, 11, 5, 1, 16, 10, 4, 28, 22, 0, 0, 0, 0, 0, 0, 0, 0, 0, 0, 0, 0, 0, 0, 0, 0, : 3, 5, 27, 30, 12, 7, 16, 10, 9, 16, 4, 9, 2, 13, 15, 1, 11, 5, 1, 16, 10, 4, 28, 22, 
28: 31, 5, 2, 2, 36, 5, 4, 16, 6, 1, 4, 10, 11, 2, 2, 4, 12, 13, 4, 10, 3, 10, 0, 0, 0, 0, 0, 0, 0, 0, 0, 0, 0, 0, 0, 0, 0, 0, 0, 0, : 31, 5, 2, 2, 36, 5, 4, 16, 6, 1, 4, 10, 11, 2, 2, 4, 12, 13, 4, 10, 3, 10, 
29: 2, 17, 7, 3, 9, 4, 4, 26, 5, 9, 5, 7, 10, 4, 1, 1, 9, 6, 8, 1, 2, 0, 0, 0, 0, 0, 0, 0, 0, 0, 0, 0, 0, 0, 0, 0, 0, 0, 0, 0, : 2, 17, 7, 3, 9, 4, 4, 26, 5, 9, 5, 7, 10, 4, 1, 1, 9, 6, 8, 1, 2, 
30: 3, 26, 27, 4, 1, 3, 4, 9, 0, 0, 0, 0, 0, 0, 0, 0, 0, 0, 0, 0, 0, 0, 0, 0, 0, 0, 0, 0, 0, 0, 0, 0, 0, 0, 0, 0, 0, 0, 0, 0, : 3, 26, 27, 4, 1, 3, 4, 9, 
31: 25, 5, 6, 1, 6, 10, 15, 2, 8, 1, 2, 2, 1, 10, 6, 2, 23, 3, 1, 1, 0, 0, 0, 0, 0, 0, 0, 0, 0, 0, 0, 0, 0, 0, 0, 0, 0, 0, 0, 0, : 25, 5, 6, 1, 6, 10, 15, 2, 8, 1, 2, 2, 1, 10, 6, 2, 23, 3, 1, 1, 
32: 5, 7, 10, 2, 4, 2, 9, 6, 2, 4, 2, 4, 12, 1, 1, 4, 35, 9, 18, 25, 1, 2, 7, 6, 5, 27, 4, 0, 0, 0, 0, 0, 0, 0, 0, 0, 0, 0, 0, 0, : 5, 7, 10, 2, 4, 2, 9, 6, 2, 4, 2, 4, 12, 1, 1, 4, 35, 9, 18, 25, 1, 2, 7, 6, 5, 27, 4, 
33: 4, 3, 4, 1, 2, 2, 22, 37, 7, 21, 9, 1, 5, 3, 28, 1, 13, 1, 19, 8, 22, 3, 4, 26, 1, 2, 1, 11, 6, 0, 0, 0, 0, 0, 0, 0, 0, 0, 0, 0, : 4, 3, 4, 1, 2, 2, 22, 37, 7, 21, 9, 1, 5, 3, 28, 1, 13, 1, 19, 8, 22, 3, 4, 26, 1, 2, 1, 11, 6, 
34: 14, 8, 1, 1, 8, 10, 11, 3, 22, 3, 3, 2, 8, 4, 1, 2, 6, 1, 4, 1, 19, 12, 1, 24, 10, 3, 1, 9, 0, 0, 0, 0, 0, 0, 0, 0, 0, 0, 0, 0, : 14, 8, 1, 1, 8, 10, 11, 3, 22, 3, 3, 2, 8, 4, 1, 2, 6, 1, 4, 1, 19, 12, 1, 24, 10, 3, 1, 9, 
35: 11, 8, 4, 17, 8, 5, 8, 1, 2, 3, 11, 12, 1, 32, 8, 1, 7, 1, 10, 10, 1, 25, 8, 9, 4, 19, 1, 0, 0, 0, 0, 0, 0, 0, 0, 0, 0, 0, 0, 0, : 11, 8, 4, 17, 8, 5, 8, 1, 2, 3, 11, 12, 1, 32, 8, 1, 7, 1, 10, 10, 1, 25, 8, 9, 4, 19, 1, 
36: 11, 1, 27, 4, 23, 12, 8, 6, 2, 1, 8, 1, 12, 15, 4, 9, 18, 6, 12, 5, 23, 0, 0, 0, 0, 0, 0, 0, 0, 0, 0, 0, 0, 0, 0, 0, 0, 0, 0, 0, : 11, 1, 27, 4, 23, 12, 8, 6, 2, 1, 8, 1, 12, 15, 4, 9, 18, 6, 12, 5, 23, 
37: 17, 10, 7, 24, 2, 16, 25, 7, 20, 10, 9, 4, 3, 5, 25, 11, 31, 8, 1, 6, 0, 0, 0, 0, 0, 0, 0, 0, 0, 0, 0, 0, 0, 0, 0, 0, 0, 0, 0, 0, : 17, 10, 7, 24, 2, 16, 25, 7, 20, 10, 9, 4, 3, 5, 25, 11, 31, 8, 1, 6, 
38: 6, 7, 31, 7, 13, 7, 9, 8, 4, 7, 4, 5, 5, 10, 16, 19, 12, 1, 4, 10, 5, 7, 10, 24, 3, 1, 0, 0, 0, 0, 0, 0, 0, 0, 0, 0, 0, 0, 0, 0, : 6, 7, 31, 7, 13, 7, 9, 8, 4, 7, 4, 5, 5, 10, 16, 19, 12, 1, 4, 10, 5, 7, 10, 24, 3, 1, 
39: 2, 9, 3, 1, 30, 13, 12, 5, 28, 2, 2, 1, 9, 11, 21, 1, 1, 1, 17, 1, 16, 0, 0, 0, 0, 0, 0, 0, 0, 0, 0, 0, 0, 0, 0, 0, 0, 0, 0, 0, : 2, 9, 3, 1, 30, 13, 12, 5, 28, 2, 2, 1, 9, 11, 21, 1, 1, 1, 17, 1, 16, 
40: 21, 9, 12, 5, 12, 2, 9, 7, 25, 13, 2, 1, 27, 12, 2, 6, 3, 5, 32, 7, 3, 25, 25, 5, 1, 3, 1, 0, 0, 0, 0, 0, 0, 0, 0, 0, 0, 0, 0, 0, : 21, 9, 12, 5, 12, 2, 9, 7, 25, 13, 2, 1, 27, 12, 2, 6, 3, 5, 32, 7, 3, 25, 25, 5, 1, 3, 1, 
41: 1, 8, 3, 1, 1, 25, 1, 4, 22, 27, 6, 2, 5, 4, 36, 19, 0, 0, 0, 0, 0, 0, 0, 0, 0, 0, 0, 0, 0, 0, 0, 0, 0, 0, 0, 0, 0, 0, 0, 0, : 1, 8, 3, 1, 1, 25, 1, 4, 22, 27, 6, 2, 5, 4, 36, 19, 
42: 22, 3, 8, 1, 20, 10, 5, 6, 19, 16, 5, 2, 21, 36, 1, 25, 3, 13, 29, 31, 2, 5, 13, 0, 0, 0, 0, 0, 0, 0, 0, 0, 0, 0, 0, 0, 0, 0, 0, 0, : 22, 3, 8, 1, 20, 10, 5, 6, 19, 16, 5, 2, 21, 36, 1, 25, 3, 13, 29, 31, 2, 5, 13, 
43: 6, 3, 10, 2, 25, 1, 2, 11, 18, 1, 3, 8, 3, 1, 17, 11, 2, 3, 7, 3, 35, 11, 15, 3, 2, 15, 0, 0, 0, 0, 0, 0, 0, 0, 0, 0, 0, 0, 0, 0, : 6, 3, 10, 2, 25, 1, 2, 11, 18, 1, 3, 8, 3, 1, 17, 11, 2, 3, 7, 3, 35, 11, 15, 3, 2, 15, 
44: 6, 20, 12, 3, 1, 5, 7, 7, 2, 13, 1, 4, 1, 5, 14, 9, 2, 10, 3, 21, 3, 30, 0, 0, 0, 0, 0, 0, 0, 0, 0, 0, 0, 0, 0, 0, 0, 0, 0, 0, : 6, 20, 12, 3, 1, 5, 7, 7, 2, 13, 1, 4, 1, 5, 14, 9, 2, 10, 3, 21, 3, 30, 
45: 1, 29, 4, 9, 2, 5, 3, 5, 7, 7, 16, 32, 0, 0, 0, 0, 0, 0, 0, 0, 0, 0, 0, 0, 0, 0, 0, 0, 0, 0, 0, 0, 0, 0, 0, 0, 0, 0, 0, 0, : 1, 29, 4, 9, 2, 5, 3, 5, 7, 7, 16, 32, 
46: 7, 8, 8, 11, 3, 1, 2, 13, 4, 2, 20, 25, 7, 0, 0, 0, 0, 0, 0, 0, 0, 0, 0, 0, 0, 0, 0, 0, 0, 0, 0, 0, 0, 0, 0, 0, 0, 0, 0, 0, : 7, 8, 8, 11, 3, 1, 2, 13, 4, 2, 20, 25, 7, 
47: 37, 3, 8, 1, 4, 23, 1, 1, 4, 26, 4, 7, 9, 19, 17, 2, 13, 3, 5, 31, 6, 7, 6, 19, 0, 0, 0, 0, 0, 0, 0, 0, 0, 0, 0, 0, 0, 0, 0, 0, : 37, 3, 8, 1, 4, 23, 1, 1, 4, 26, 4, 7, 9, 19, 17, 2, 13, 3, 5, 31, 6, 7, 6, 19, 
48: 7, 1, 8, 19, 31, 12, 7, 12, 3, 2, 5, 4, 18, 6, 3, 2, 5, 17, 2, 0, 0, 0, 0, 0, 0, 0, 0, 0, 0, 0, 0, 0, 0, 0, 0, 0, 0, 0, 0, 0, : 7, 1, 8, 19, 31, 12, 7, 12, 3, 2, 5, 4, 18, 6, 3, 2, 5, 17, 2, 
49: 4, 3, 4, 3, 13, 12, 9, 14, 6, 6, 5, 2, 2, 12, 18, 3, 21, 2, 12, 1, 1, 20, 11, 22, 0, 0, 0, 0, 0, 0, 0, 0, 0, 0, 0, 0, 0, 0, 0, 0, : 4, 3, 4, 3, 13, 12, 9, 14, 6, 6, 5, 2, 2, 12, 18, 3, 21, 2, 12, 1, 1, 20, 11, 22, 
50: 1, 24, 9, 13, 12, 11, 7, 20, 1, 9, 10, 2, 7, 1, 7, 12, 1, 7, 1, 3, 4, 6, 12, 0, 0, 0, 0, 0, 0, 0, 0, 0, 0, 0, 0, 0, 0, 0, 0, 0, : 1, 24, 9, 13, 12, 11, 7, 20, 1, 9, 10, 2, 7, 1, 7, 12, 1, 7, 1, 3, 4, 6, 12, 
51: 9, 11, 1, 6, 30, 4, 9, 7, 10, 2, 2, 17, 1, 2, 14, 18, 0, 0, 0, 0, 0, 0, 0, 0, 0, 0, 0, 0, 0, 0, 0, 0, 0, 0, 0, 0, 0, 0, 0, 0, : 9, 11, 1, 6, 30, 4, 9, 7, 10, 2, 2, 17, 1, 2, 14, 18, 
52: 10, 3, 1, 25, 17, 4, 15, 16, 11, 6, 1, 4, 14, 2, 30, 8, 0, 0, 0, 0, 0, 0, 0, 0, 0, 0, 0, 0, 0, 0, 0, 0, 0, 0, 0, 0, 0, 0, 0, 0, : 10, 3, 1, 25, 17, 4, 15, 16, 11, 6, 1, 4, 14, 2, 30, 8, 
53: 4, 1, 2, 14, 1, 25, 14, 1, 3, 3, 2, 6, 9, 8, 13, 3, 0, 0, 0, 0, 0, 0, 0, 0, 0, 0, 0, 0, 0, 0, 0, 0, 0, 0, 0, 0, 0, 0, 0, 0, : 4, 1, 2, 14, 1, 25, 14, 1, 3, 3, 2, 6, 9, 8, 13, 3, 
54: 4, 5, 1, 12, 6, 8, 4, 1, 16, 1, 6, 5, 4, 8, 9, 30, 16, 14, 16, 7, 23, 0, 0, 0, 0, 0, 0, 0, 0, 0, 0, 0, 0, 0, 0, 0, 0, 0, 0, 0, : 4, 5, 1, 12, 6, 8, 4, 1, 16, 1, 6, 5, 4, 8, 9, 30, 16, 14, 16, 7, 23, 
55: 9, 1, 16, 2, 7, 3, 17, 2, 9, 12, 6, 9, 23, 10, 4, 8, 30, 6, 8, 3, 0, 0, 0, 0, 0, 0, 0, 0, 0, 0, 0, 0, 0, 0, 0, 0, 0, 0, 0, 0, : 9, 1, 16, 2, 7, 3, 17, 2, 9, 12, 6, 9, 23, 10, 4, 8, 30, 6, 8, 3, 
56: 3, 2, 3, 9, 17, 5, 14, 8, 1, 6, 13, 21, 15, 7, 10, 10, 14, 2, 3, 1, 5, 2, 15, 4, 0, 0, 0, 0, 0, 0, 0, 0, 0, 0, 0, 0, 0, 0, 0, 0, : 3, 2, 3, 9, 17, 5, 14, 8, 1, 6, 13, 21, 15, 7, 10, 10, 14, 2, 3, 1, 5, 2, 15, 4, 
57: 17, 2, 1, 6, 2, 1, 8, 23, 3, 2, 6, 22, 1, 3, 2, 11, 3, 3, 4, 1, 0, 0, 0, 0, 0, 0, 0, 0, 0, 0, 0, 0, 0, 0, 0, 0, 0, 0, 0, 0, : 17, 2, 1, 6, 2, 1, 8, 23, 3, 2, 6, 22, 1, 3, 2, 11, 3, 3, 4, 1, 
58: 5, 4, 2, 2, 5, 19, 9, 2, 23, 2, 31, 11, 27, 2, 1, 6, 11, 7, 13, 10, 26, 8, 5, 35, 3, 0, 0, 0, 0, 0, 0, 0, 0, 0, 0, 0, 0, 0, 0, 0, : 5, 4, 2, 2, 5, 19, 9, 2, 23, 2, 31, 11, 27, 2, 1, 6, 11, 7, 13, 10, 26, 8, 5, 35, 3, 
59: 3, 9, 2, 8, 9, 2, 6, 17, 4, 5, 17, 22, 7, 3, 11, 10, 2, 9, 10, 1, 1, 2, 2, 1, 0, 0, 0, 0, 0, 0, 0, 0, 0, 0, 0, 0, 0, 0, 0, 0, : 3, 9, 2, 8, 9, 2, 6, 17, 4, 5, 17, 22, 7, 3, 11, 10, 2, 9, 10, 1, 1, 2, 2, 1, 
60: 1, 27, 8, 12, 13, 14, 13, 2, 20, 17, 14, 1, 4, 4, 3, 1, 15, 25, 14, 0, 0, 0, 0, 0, 0, 0, 0, 0, 0, 0, 0, 0, 0, 0, 0, 0, 0, 0, 0, 0, : 1, 27, 8, 12, 13, 14, 13, 2, 20, 17, 14, 1, 4, 4, 3, 1, 15, 25, 14, 
61: 3, 3, 4, 7, 3, 2, 3, 2, 2, 15, 16, 19, 2, 7, 1, 11, 32, 0, 0, 0, 0, 0, 0, 0, 0, 0, 0, 0, 0, 0, 0, 0, 0, 0, 0, 0, 0, 0, 0, 0, : 3, 3, 4, 7, 3, 2, 3, 2, 2, 15, 16, 19, 2, 7, 1, 11, 32, 
62: 10, 8, 5, 6, 2, 2, 21, 3, 2, 8, 1, 3, 1, 2, 9, 0, 0, 0, 0, 0, 0, 0, 0, 0, 0, 0, 0, 0, 0, 0, 0, 0, 0, 0, 0, 0, 0, 0, 0, 0, : 10, 8, 5, 6, 2, 2, 21, 3, 2, 8, 1, 3, 1, 2, 9, 
63: 1, 10, 18, 2, 1, 15, 2, 2, 13, 8, 1, 5, 21, 11, 4, 8, 10, 13, 7, 17, 0, 0, 0, 0, 0, 0, 0, 0, 0, 0, 0, 0, 0, 0, 0, 0, 0, 0, 0, 0, : 1, 10, 18, 2, 1, 15, 2, 2, 13, 8, 1, 5, 21, 11, 4, 8, 10, 13, 7, 17, 
64: 2, 10, 1, 3, 9, 4, 9, 4, 2, 12, 21, 8, 2, 2, 4, 0, 0, 0, 0, 0, 0, 0, 0, 0, 0, 0, 0, 0, 0, 0, 0, 0, 0, 0, 0, 0, 0, 0, 0, 0, : 2, 10, 1, 3, 9, 4, 9, 4, 2, 12, 21, 8, 2, 2, 4, 
65: 9, 2, 3, 19, 12, 23, 16, 1, 4, 15, 22, 3, 4, 12, 2, 5, 16, 17, 1, 11, 2, 0, 0, 0, 0, 0, 0, 0, 0, 0, 0, 0, 0, 0, 0, 0, 0, 0, 0, 0, : 9, 2, 3, 19, 12, 23, 16, 1, 4, 15, 22, 3, 4, 12, 2, 5, 16, 17, 1, 11, 2, 
66: 3, 1, 14, 1, 1, 14, 1, 7, 2, 11, 19, 3, 16, 12, 2, 12, 7, 4, 15, 12, 7, 1, 11, 0, 0, 0, 0, 0, 0, 0, 0, 0, 0, 0, 0, 0, 0, 0, 0, 0, : 3, 1, 14, 1, 1, 14, 1, 7, 2, 11, 19, 3, 16, 12, 2, 12, 7, 4, 15, 12, 7, 1, 11, 
67: 5, 12, 14, 3, 3, 14, 7, 1, 3, 13, 12, 3, 9, 10, 1, 14, 10, 9, 5, 3, 0, 0, 0, 0, 0, 0, 0, 0, 0, 0, 0, 0, 0, 0, 0, 0, 0, 0, 0, 0, : 5, 12, 14, 3, 3, 14, 7, 1, 3, 13, 12, 3, 9, 10, 1, 14, 10, 9, 5, 3, 
68: 7, 1, 6, 35, 15, 14, 13, 15, 3, 2, 7, 12, 18, 11, 4, 2, 1, 0, 0, 0, 0, 0, 0, 0, 0, 0, 0, 0, 0, 0, 0, 0, 0, 0, 0, 0, 0, 0, 0, 0, : 7, 1, 6, 35, 15, 14, 13, 15, 3, 2, 7, 12, 18, 11, 4, 2, 1, 
69: 18, 1, 15, 34, 11, 9, 1, 21, 6, 3, 3, 1, 17, 4, 5, 2, 11, 9, 16, 0, 0, 0, 0, 0, 0, 0, 0, 0, 0, 0, 0, 0, 0, 0, 0, 0, 0, 0, 0, 0, : 18, 1, 15, 34, 11, 9, 1, 21, 6, 3, 3, 1, 17, 4, 5, 2, 11, 9, 16, 
70: 8, 3, 20, 7, 27, 11, 2, 27, 2, 1, 1, 13, 20, 29, 5, 13, 7, 1, 2, 7, 3, 6, 16, 1, 2, 7, 23, 2, 1, 3, 0, 0, 0, 0, 0, 0, 0, 0, 0, 0, : 8, 3, 20, 7, 27, 11, 2, 27, 2, 1, 1, 13, 20, 29, 5, 13, 7, 1, 2, 7, 3, 6, 16, 1, 2, 7, 23, 2, 1, 3, 
71: 5, 5, 14, 26, 13, 4, 3, 2, 14, 14, 1, 21, 4, 0, 0, 0, 0, 0, 0, 0, 0, 0, 0, 0, 0, 0, 0, 0, 0, 0, 0, 0, 0, 0, 0, 0, 0, 0, 0, 0, : 5, 5, 14, 26, 13, 4, 3, 2, 14, 14, 1, 21, 4, 
72: 3, 2, 5, 2, 19, 10, 1, 2, 18, 5, 4, 18, 0, 0, 0, 0, 0, 0, 0, 0, 0, 0, 0, 0, 0, 0, 0, 0, 0, 0, 0, 0, 0, 0, 0, 0, 0, 0, 0, 0, : 3, 2, 5, 2, 19, 10, 1, 2, 18, 5, 4, 18, 
73: 1, 9, 3, 2, 16, 2, 14, 5, 11, 21, 5, 9, 2, 7, 1, 4, 2, 3, 17, 7, 0, 0, 0, 0, 0, 0, 0, 0, 0, 0, 0, 0, 0, 0, 0, 0, 0, 0, 0, 0, : 1, 9, 3, 2, 16, 2, 14, 5, 11, 21, 5, 9, 2, 7, 1, 4, 2, 3, 17, 7, 
74: 4, 7, 2, 9, 12, 6, 4, 11, 4, 14, 2, 2, 0, 0, 0, 0, 0, 0, 0, 0, 0, 0, 0, 0, 0, 0, 0, 0, 0, 0, 0, 0, 0, 0, 0, 0, 0, 0, 0, 0, : 4, 7, 2, 9, 12, 6, 4, 11, 4, 14, 2, 2, 
75: 4, 27, 23, 2, 21, 1, 2, 19, 3, 9, 9, 3, 23, 2, 5, 2, 39, 2, 0, 0, 0, 0, 0, 0, 0, 0, 0, 0, 0, 0, 0, 0, 0, 0, 0, 0, 0, 0, 0, 0, : 4, 27, 23, 2, 21, 1, 2, 19, 3, 9, 9, 3, 23, 2, 5, 2, 39, 2, 
76: 14, 12, 3, 4, 4, 2, 15, 4, 16, 1, 5, 19, 5, 10, 16, 3, 24, 7, 2, 0, 0, 0, 0, 0, 0, 0, 0, 0, 0, 0, 0, 0, 0, 0, 0, 0, 0, 0, 0, 0, : 14, 12, 3, 4, 4, 2, 15, 4, 16, 1, 5, 19, 5, 10, 16, 3, 24, 7, 2, 
77: 4, 6, 29, 12, 27, 20, 17, 20, 25, 32, 10, 9, 6, 7, 0, 0, 0, 0, 0, 0, 0, 0, 0, 0, 0, 0, 0, 0, 0, 0, 0, 0, 0, 0, 0, 0, 0, 0, 0, 0, : 4, 6, 29, 12, 27, 20, 17, 20, 25, 32, 10, 9, 6, 7, 
78: 9, 11, 2, 37, 5, 10, 7, 6, 3, 5, 9, 10, 6, 4, 1, 1, 2, 1, 2, 0, 0, 0, 0, 0, 0, 0, 0, 0, 0, 0, 0, 0, 0, 0, 0, 0, 0, 0, 0, 0, : 9, 11, 2, 37, 5, 10, 7, 6, 3, 5, 9, 10, 6, 4, 1, 1, 2, 1, 2, 
79: 8, 7, 4, 12, 7, 4, 4, 14, 1, 20, 1, 3, 2, 20, 15, 3, 1, 25, 5, 3, 4, 3, 9, 6, 0, 0, 0, 0, 0, 0, 0, 0, 0, 0, 0, 0, 0, 0, 0, 0, : 8, 7, 4, 12, 7, 4, 4, 14, 1, 20, 1, 3, 2, 20, 15, 3, 1, 25, 5, 3, 4, 3, 9, 6, 
80: 4, 5, 21, 8, 18, 8, 10, 24, 2, 2, 12, 4, 3, 6, 16, 1, 16, 8, 27, 3, 2, 0, 0, 0, 0, 0, 0, 0, 0, 0, 0, 0, 0, 0, 0, 0, 0, 0, 0, 0, : 4, 5, 21, 8, 18, 8, 10, 24, 2, 2, 12, 4, 3, 6, 16, 1, 16, 8, 27, 3, 2, 
81: 11, 8, 2, 19, 2, 7, 4, 3, 7, 20, 15, 11, 22, 4, 12, 0, 0, 0, 0, 0, 0, 0, 0, 0, 0, 0, 0, 0, 0, 0, 0, 0, 0, 0, 0, 0, 0, 0, 0, 0, : 11, 8, 2, 19, 2, 7, 4, 3, 7, 20, 15, 11, 22, 4, 12, 
82: 11, 5, 1, 3, 7, 1, 1, 27, 9, 15, 6, 1, 2, 12, 8, 1, 3, 1, 1, 18, 18, 11, 4, 0, 0, 0, 0, 0, 0, 0, 0, 0, 0, 0, 0, 0, 0, 0, 0, 0, : 11, 5, 1, 3, 7, 1, 1, 27, 9, 15, 6, 1, 2, 12, 8, 1, 3, 1, 1, 18, 18, 11, 4, 
83: 11, 8, 7, 6, 11, 1, 4, 2, 2, 2, 1, 1, 3, 1, 7, 27, 0, 0, 0, 0, 0, 0, 0, 0, 0, 0, 0, 0, 0, 0, 0, 0, 0, 0, 0, 0, 0, 0, 0, 0, : 11, 8, 7, 6, 11, 1, 4, 2, 2, 2, 1, 1, 3, 1, 7, 27, 
84: 4, 10, 26, 9, 3, 3, 23, 11, 10, 4, 11, 2, 4, 2, 18, 13, 7, 4, 7, 11, 4, 4, 5, 3, 4, 2, 2, 0, 0, 0, 0, 0, 0, 0, 0, 0, 0, 0, 0, 0, : 4, 10, 26, 9, 3, 3, 23, 11, 10, 4, 11, 2, 4, 2, 18, 13, 7, 4, 7, 11, 4, 4, 5, 3, 4, 2, 2, 
85: 6, 14, 1, 9, 4, 5, 2, 17, 7, 2, 4, 5, 10, 6, 2, 21, 5, 0, 0, 0, 0, 0, 0, 0, 0, 0, 0, 0, 0, 0, 0, 0, 0, 0, 0, 0, 0, 0, 0, 0, : 6, 14, 1, 9, 4, 5, 2, 17, 7, 2, 4, 5, 10, 6, 2, 21, 5, 
86: 1, 7, 2, 4, 24, 2, 4, 7, 6, 5, 10, 3, 4, 1, 2, 10, 18, 5, 7, 16, 0, 0, 0, 0, 0, 0, 0, 0, 0, 0, 0, 0, 0, 0, 0, 0, 0, 0, 0, 0, : 1, 7, 2, 4, 24, 2, 4, 7, 6, 5, 10, 3, 4, 1, 2, 10, 18, 5, 7, 16, 
87: 17, 26, 24, 3, 9, 6, 2, 21, 1, 3, 4, 11, 2, 3, 1, 5, 9, 4, 2, 15, 17, 9, 0, 0, 0, 0, 0, 0, 0, 0, 0, 0, 0, 0, 0, 0, 0, 0, 0, 0, : 17, 26, 24, 3, 9, 6, 2, 21, 1, 3, 4, 11, 2, 3, 1, 5, 9, 4, 2, 15, 17, 9, 
88: 4, 31, 2, 4, 22, 1, 13, 22, 28, 4, 11, 5, 5, 9, 2, 2, 7, 18, 2, 3, 3, 8, 19, 0, 0, 0, 0, 0, 0, 0, 0, 0, 0, 0, 0, 0, 0, 0, 0, 0, : 4, 31, 2, 4, 22, 1, 13, 22, 28, 4, 11, 5, 5, 9, 2, 2, 7, 18, 2, 3, 3, 8, 19, 
89: 1, 7, 22, 4, 16, 2, 3, 15, 4, 19, 2, 5, 6, 9, 16, 2, 0, 0, 0, 0, 0, 0, 0, 0, 0, 0, 0, 0, 0, 0, 0, 0, 0, 0, 0, 0, 0, 0, 0, 0, : 1, 7, 22, 4, 16, 2, 3, 15, 4, 19, 2, 5, 6, 9, 16, 2, 
90: 9, 2, 15, 20, 13, 5, 1, 4, 6, 10, 4, 1, 29, 1, 10, 16, 6, 8, 4, 16, 0, 0, 0, 0, 0, 0, 0, 0, 0, 0, 0, 0, 0, 0, 0, 0, 0, 0, 0, 0, : 9, 2, 15, 20, 13, 5, 1, 4, 6, 10, 4, 1, 29, 1, 10, 16, 6, 8, 4, 16, 
91: 1, 5, 3, 7, 16, 10, 5, 19, 7, 4, 11, 2, 3, 6, 14, 19, 9, 32, 20, 12, 0, 0, 0, 0, 0, 0, 0, 0, 0, 0, 0, 0, 0, 0, 0, 0, 0, 0, 0, 0, : 1, 5, 3, 7, 16, 10, 5, 19, 7, 4, 11, 2, 3, 6, 14, 19, 9, 32, 20, 12, 
92: 5, 23, 2, 11, 2, 10, 5, 11, 1, 20, 7, 6, 34, 13, 3, 17, 6, 2, 4, 7, 11, 0, 0, 0, 0, 0, 0, 0, 0, 0, 0, 0, 0, 0, 0, 0, 0, 0, 0, 0, : 5, 23, 2, 11, 2, 10, 5, 11, 1, 20, 7, 6, 34, 13, 3, 17, 6, 2, 4, 7, 11, 
93: 6, 16, 7, 2, 7, 1, 5, 9, 16, 3, 5, 7, 3, 4, 7, 22, 3, 12, 10, 1, 2, 18, 17, 7, 1, 13, 33, 23, 5, 27, 0, 0, 0, 0, 0, 0, 0, 0, 0, 0, : 6, 16, 7, 2, 7, 1, 5, 9, 16, 3, 5, 7, 3, 4, 7, 22, 3, 12, 10, 1, 2, 18, 17, 7, 1, 13, 33, 23, 5, 27, 
94: 6, 17, 24, 6, 3, 19, 3, 1, 11, 11, 1, 6, 25, 18, 10, 4, 1, 0, 0, 0, 0, 0, 0, 0, 0, 0, 0, 0, 0, 0, 0, 0, 0, 0, 0, 0, 0, 0, 0, 0, : 6, 17, 24, 6, 3, 19, 3, 1, 11, 11, 1, 6, 25, 18, 10, 4, 1, 
95: 3, 3, 6, 11, 25, 10, 8, 5, 2, 2, 5, 7, 3, 6, 18, 2, 2, 13, 6, 2, 4, 2, 1, 0, 0, 0, 0, 0, 0, 0, 0, 0, 0, 0, 0, 0, 0, 0, 0, 0, : 3, 3, 6, 11, 25, 10, 8, 5, 2, 2, 5, 7, 3, 6, 18, 2, 2, 13, 6, 2, 4, 2, 1, 
96: 9, 1, 4, 3, 5, 1, 3, 5, 8, 1, 7, 5, 13, 1, 2, 9, 7, 3, 24, 0, 0, 0, 0, 0, 0, 0, 0, 0, 0, 0, 0, 0, 0, 0, 0, 0, 0, 0, 0, 0, : 9, 1, 4, 3, 5, 1, 3, 5, 8, 1, 7, 5, 13, 1, 2, 9, 7, 3, 24, 
97: 3, 17, 1, 1, 32, 11, 15, 1, 4, 2, 6, 2, 3, 12, 1, 3, 1, 12, 10, 5, 21, 6, 13, 0, 0, 0, 0, 0, 0, 0, 0, 0, 0, 0, 0, 0, 0, 0, 0, 0, : 3, 17, 1, 1, 32, 11, 15, 1, 4, 2, 6, 2, 3, 12, 1, 3, 1, 12, 10, 5, 21, 6, 13, 
98: 12, 5, 18, 5, 16, 3, 2, 4, 4, 2, 6, 1, 5, 25, 7, 35, 3, 3, 35, 10, 11, 0, 0, 0, 0, 0, 0, 0, 0, 0, 0, 0, 0, 0, 0, 0, 0, 0, 0, 0, : 12, 5, 18, 5, 16, 3, 2, 4, 4, 2, 6, 1, 5, 25, 7, 35, 3, 3, 35, 10, 11, 
99: 4, 18, 4, 1, 5, 3, 3, 6, 6, 21, 9, 1, 8, 20, 2, 8, 1, 18, 0, 0, 0, 0, 0, 0, 0, 0, 0, 0, 0, 0, 0, 0, 0, 0, 0, 0, 0, 0, 0, 0, : 4, 18, 4, 1, 5, 3, 3, 6, 6, 21, 9, 1, 8, 20, 2, 8, 1, 18, 
100: 2, 2, 21, 18, 2, 5, 8, 14, 3, 31, 2, 27, 10, 3, 2, 2, 1, 4, 6, 28, 4, 31, 2, 7, 3, 0, 0, 0, 0, 0, 0, 0, 0, 0, 0, 0, 0, 0, 0, 0, : 2, 2, 21, 18, 2, 5, 8, 14, 3, 31, 2, 27, 10, 3, 2, 2, 1, 4, 6, 28, 4, 31, 2, 7, 3, 


