200
20
1: 1, 4, 26, 16, 13, 1, 3, 16, 3, 2, 21, 11, 17, 1, 3, 4, 12, 6, 3, 2, 1, 26, 4, 9, 16, 3, 6, 13, 3, 8, 19, 17, 8, 19, 17, 9, 7, 6, 4, 6, 12, 1, 23, 6, 13, 5, 3, 9, 2, 4, 8, 1, 3, 11, 26, 4, 19, 3, 4, 5, 1, 1, 8, 25, 17, 1, 3, 2, 18, 2, 2, 2, 8, 3, 8, 1, 2, 5, 9, 3, 1, 29, 23, 13, 3, 11, 22, 23, 7, 10, 2, 16, 2, 2, 4, 12, 6, 13, 4, 4, 2, 3, 1, 10, 19, 21, 8, 1, 12, 4, 3, 2, 2, 8, 16, 12, 25, 16, 7, 11, 9, 1, 3, 14, 1, 5, 1, 5, 21, 25, 5, 19, 13, 14, 4, 5, 2, 7, 0, 0, 0, 0, 0, 0, 0, 0, 0, 0, 0, 0, 0, 0, 0, 0, 0, 0, 0, 0, 0, 0, 0, 0, 0, 0, 0, 0, 0, 0, 0, 0, 0, 0, 0, 0, 0, 0, 0, 0, 0, 0, 0, 0, 0, 0, 0, 0, 0, 0, 0, 0, 0, 0, 0, 0, 0, 0, 0, 0, 0, 0, : 1, 4, 26, 16, 13, 1, 3, 16, 3, 2, 21, 11, 17, 1, 3, 4, 12, 6, 3, 2, 1, 26, 4, 9, 16, 3, 6, 13, 3, 8, 19, 17, 8, 19, 17, 9, 7, 6, 4, 6, 12, 1, 23, 6, 13, 5, 3, 9, 2, 4, 8, 1, 3, 11, 26, 4, 19, 3, 4, 5, 1, 1, 8, 25, 17, 1, 3, 2, 18, 2, 2, 2, 8, 3, 8, 1, 2, 5, 9, 3, 1, 29, 23, 13, 3, 11, 22, 23, 7, 10, 2, 16, 2, 2, 4, 12, 6, 13, 4, 4, 2, 3, 1, 10, 19, 21, 8, 1, 12, 4, 3, 2, 2, 8, 16, 12, 25, 16, 7, 11, 9, 1, 3, 14, 1, 5, 1, 5, 21, 25, 5, 19, 13, 14, 4, 5, 2, 7, 
2: 14, 7, 7, 29, 8, 4, 5, 2, 4, 11, 2, 4, 26, 2, 2, 25, 3, 19, 2, 1, 8, 2, 12, 12, 13, 2, 6, 2, 6, 26, 7, 15, 1, 17, 4, 4, 1, 8, 1, 21, 5, 2, 7, 6, 9, 2, 1, 2, 2, 2, 13, 7, 1, 1, 1, 3, 5, 3, 21, 2, 1, 6, 2, 1, 4, 12, 6, 8, 8, 8, 2, 1, 2, 22, 5, 8, 3, 1, 25, 1, 12, 0, 0, 0, 0, 0, 0, 0, 0, 0, 0, 0, 0, 0, 0, 0, 0, 0, 0, 0, 0, 0, 0, 0, 0, 0, 0, 0, 0, 0, 0, 0, 0, 0, 0, 0, 0, 0, 0, 0, 0, 0, 0, 0, 0, 0, 0, 0, 0, 0, 0, 0, 0, 0, 0, 0, 0, 0, 0, 0, 0, 0, 0, 0, 0, 0, 0, 0, 0, 0, 0, 0, 0, 0, 0, 0, 0, 0, 0, 0, 0, 0, 0, 0, 0, 0, 0, 0, 0, 0, 0, 0, 0, 0, 0, 0, 0, 0, 0, 0, 0, 0, 0, 0, 0, 0, 0, 0, 0, 0, 0, 0, 0, 0, 0, 0, 0, 0, 0, 0, : 14, 7, 7, 29, 8, 4, 5, 2, 4, 11, 2, 4, 26, 2, 2, 25, 3, 19, 2, 1, 8, 2, 12, 12, 13, 2, 6, 2, 6, 26, 7, 15, 1, 17, 4, 4, 1, 8, 1, 21, 5, 2, 7, 6, 9, 2, 1, 2, 2, 2, 13, 7, 1, 1, 1, 3, 5, 3, 21, 2, 1, 6, 2, 1, 4, 12, 6, 8, 8, 8, 2, 1, 2, 22, 5, 8, 3, 1, 25, 1, 12, 
3: 1, 3, 12, 5, 13, 1, 1, 7, 6, 7, 4, 5, 2, 3, 15, 9, 19, 4, 1, 1, 5, 5, 4, 2, 1, 6, 2, 6, 9, 3, 10, 3, 5, 2, 1, 2, 1, 4, 2, 10, 2, 1, 9, 24, 2, 24, 18, 1, 3, 13, 9, 2, 1, 25, 8, 8, 7, 6, 4, 3, 3, 16, 10, 4, 2, 14, 10, 23, 10, 7, 2, 23, 2, 13, 8, 7, 3, 13, 12, 9, 22, 11, 4, 36, 8, 7, 6, 6, 1, 4, 8, 9, 1, 16, 6, 5, 4, 9, 24, 0, 0, 0, 0, 0, 0, 0, 0, 0, 0, 0, 0, 0, 0, 0, 0, 0, 0, 0, 0, 0, 0, 0, 0, 0, 0, 0, 0, 0, 0, 0, 0, 0, 0, 0, 0, 0, 0, 0, 0, 0, 0, 0, 0, 0, 0, 0, 0, 0, 0, 0, 0, 0, 0, 0, 0, 0, 0, 0, 0, 0, 0, 0, 0, 0, 0, 0, 0, 0, 0, 0, 0, 0, 0, 0, 0, 0, 0, 0, 0, 0, 0, 0, 0, 0, 0, 0, 0, 0, 0, 0, 0, 0, 0, 0, 0, 0, 0, 0, 0, 0, : 1, 3, 12, 5, 13, 1, 1, 7, 6, 7, 4, 5, 2, 3, 15, 9, 19, 4, 1, 1, 5, 5, 4, 2, 1, 6, 2, 6, 9, 3, 10, 3, 5, 2, 1, 2, 1, 4, 2, 10, 2, 1, 9, 24, 2, 24, 18, 1, 3, 13, 9, 2, 1, 25, 8, 8, 7, 6, 4, 3, 3, 16, 10, 4, 2, 14, 10, 23, 10, 7, 2, 23, 2, 13, 8, 7, 3, 13, 12, 9, 22, 11, 4, 36, 8, 7, 6, 6, 1, 4, 8, 9, 1, 16, 6, 5, 4, 9, 24, 
4: 3, 2, 12, 2, 20, 1, 2, 4, 6, 14, 7, 1, 27, 3, 13, 1, 2, 5, 1, 2, 6, 16, 4, 2, 18, 9, 1, 1, 5, 15, 18, 3, 10, 10, 15, 35, 12, 7, 6, 14, 7, 1, 7, 2, 2, 19, 16, 23, 12, 6, 1, 5, 32, 1, 7, 14, 6, 24, 20, 11, 16, 4, 11, 8, 1, 3, 5, 6, 35, 9, 10, 1, 2, 5, 1, 8, 14, 3, 6, 2, 9, 2, 4, 4, 7, 15, 12, 6, 8, 9, 9, 2, 12, 7, 3, 1, 4, 7, 4, 1, 8, 1, 15, 19, 4, 4, 13, 24, 1, 12, 0, 0, 0, 0, 0, 0, 0, 0, 0, 0, 0, 0, 0, 0, 0, 0, 0, 0, 0, 0, 0, 0, 0, 0, 0, 0, 0, 0, 0, 0, 0, 0, 0, 0, 0, 0, 0, 0, 0, 0, 0, 0, 0, 0, 0, 0, 0, 0, 0, 0, 0, 0, 0, 0, 0, 0, 0, 0, 0, 0, 0, 0, 0, 0, 0, 0, 0, 0, 0, 0, 0, 0, 0, 0, 0, 0, 0, 0, 0, 0, 0, 0, 0, 0, 0, 0, 0, 0, 0, 0, : 3, 2, 12, 2, 20, 1, 2, 4, 6, 14, 7, 1, 27, 3, 13, 1, 2, 5, 1, 2, 6, 16, 4, 2, 18, 9, 1, 1, 5, 15, 18, 3, 10, 10, 15, 35, 12, 7, 6, 14, 7, 1, 7, 2, 2, 19, 16, 23, 12, 6, 1, 5, 32, 1, 7, 14, 6, 24, 20, 11, 16, 4, 11, 8, 1, 3, 5, 6, 35, 9, 10, 1, 2, 5, 1, 8, 14, 3, 6, 2, 9, 2, 4, 4, 7, 15, 12, 6, 8, 9, 9, 2, 12, 7, 3, 1, 4, 7, 4, 1, 8, 1, 15, 19, 4, 4, 13, 24, 1, 12, 
5: 15, 23, 13, 5, 1, 6, 2, 2, 7, 10, 1, 28, 10, 30, 8, 18, 6, 3, 1, 9, 11, 20, 7, 4, 1, 11, 2, 20, 3, 2, 19, 1, 1, 12, 12, 1, 12, 1, 18, 3, 17, 9, 18, 1, 6, 2, 1, 5, 11, 5, 21, 8, 4, 2, 4, 9, 6, 2, 7, 8, 4, 9, 6, 1, 2, 3, 1, 7, 4, 25, 2, 1, 1, 13, 11, 2, 2, 5, 3, 10, 4, 7, 2, 4, 1, 1, 17, 9, 15, 21, 3, 0, 0, 0, 0, 0, 0, 0, 0, 0, 0, 0, 0, 0, 0, 0, 0, 0, 0, 0, 0, 0, 0, 0, 0, 0, 0, 0, 0, 0, 0, 0, 0, 0, 0, 0, 0, 0, 0, 0, 0, 0, 0, 0, 0, 0, 0, 0, 0, 0, 0, 0, 0, 0, 0, 0, 0, 0, 0, 0, 0, 0, 0, 0, 0, 0, 0, 0, 0, 0, 0, 0, 0, 0, 0, 0, 0, 0, 0, 0, 0, 0, 0, 0, 0, 0, 0, 0, 0, 0, 0, 0, 0, 0, 0, 0, 0, 0, 0, 0, 0, 0, 0, 0, 0, 0, 0, 0, 0, 0, : 15, 23, 13, 5, 1, 6, 2, 2, 7, 10, 1, 28, 10, 30, 8, 18, 6, 3, 1, 9, 11, 20, 7, 4, 1, 11, 2, 20, 3, 2, 19, 1, 1, 12, 12, 1, 12, 1, 18, 3, 17, 9, 18, 1, 6, 2, 1, 5, 11, 5, 21, 8, 4, 2, 4, 9, 6, 2, 7, 8, 4, 9, 6, 1, 2, 3, 1, 7, 4, 25, 2, 1, 1, 13, 11, 2, 2, 5, 3, 10, 4, 7, 2, 4, 1, 1, 17, 9, 15, 21, 3, 
6: 9, 4, 14, 3, 3, 1, 5, 1, 6, 3, 18, 5, 1, 2, 24, 4, 6, 3, 3, 1, 1, 7, 1, 1, 1, 2, 6, 2, 27, 1, 2, 3, 21, 5, 5, 3, 7, 3, 2, 5, 2, 3, 15, 1, 29, 2, 9, 1, 7, 6, 5, 9, 3, 2, 1, 17, 5, 14, 1, 17, 17, 3, 6, 9, 3, 3, 1, 8, 3, 8, 1, 8, 1, 13, 2, 2, 13, 10, 2, 14, 5, 1, 10, 9, 6, 5, 3, 24, 0, 0, 0, 0, 0, 0, 0, 0, 0, 0, 0, 0, 0, 0, 0, 0, 0, 0, 0, 0, 0, 0, 0, 0, 0, 0, 0, 0, 0, 0, 0, 0, 0, 0, 0, 0, 0, 0, 0, 0, 0, 0, 0, 0, 0, 0, 0, 0, 0, 0, 0, 0, 0, 0, 0, 0, 0, 0, 0, 0, 0, 0, 0, 0, 0, 0, 0, 0, 0, 0, 0, 0, 0, 0, 0, 0, 0, 0, 0, 0, 0, 0, 0, 0, 0, 0, 0, 0, 0, 0, 0, 0, 0, 0, 0, 0, 0, 0, 0, 0, 0, 0, 0, 0, 0, 0, 0, 0, 0, 0, 0, 0, : 9, 4, 14, 3, 3, 1, 5, 1, 6, 3, 18, 5, 1, 2, 24, 4, 6, 3, 3, 1, 1, 7, 1, 1, 1, 2, 6, 2, 27, 1, 2, 3, 21, 5, 5, 3, 7, 3, 2, 5, 2, 3, 15, 1, 29, 2, 9, 1, 7, 6, 5, 9, 3, 2, 1, 17, 5, 14, 1, 17, 17, 3, 6, 9, 3, 3, 1, 8, 3, 8, 1, 8, 1, 13, 2, 2, 13, 10, 2, 14, 5, 1, 10, 9, 6, 5, 3, 24, 
7: 13, 15, 9, 19, 10, 3, 2, 14, 1, 2, 3, 10, 16, 18, 14, 3, 1, 10, 1, 37, 18, 3, 2, 11, 7, 3, 2, 7, 16, 3, 8, 17, 1, 5, 9, 4, 1, 3, 1, 2, 6, 13, 3, 19, 2, 3, 15, 9, 3, 4, 30, 1, 8, 9, 11, 1, 22, 25, 1, 20, 0, 0, 0, 0, 0, 0, 0, 0, 0, 0, 0, 0, 0, 0, 0, 0, 0, 0, 0, 0, 0, 0, 0, 0, 0, 0, 0, 0, 0, 0, 0, 0, 0, 0, 0, 0, 0, 0, 0, 0, 0, 0, 0, 0, 0, 0, 0, 0, 0, 0, 0, 0, 0, 0, 0, 0, 0, 0, 0, 0, 0, 0, 0, 0, 0, 0, 0, 0, 0, 0, 0, 0, 0, 0, 0, 0, 0, 0, 0, 0, 0, 0, 0, 0, 0, 0, 0, 0, 0, 0, 0, 0, 0, 0, 0, 0, 0, 0, 0, 0, 0, 0, 0, 0, 0, 0, 0, 0, 0, 0, 0, 0, 0, 0, 0, 0, 0, 0, 0, 0, 0, 0, 0, 0, 0, 0, 0, 0, 0, 0, 0, 0, 0, 0, 0, 0, 0, 0, 0, 0, : 13, 15, 9, 19, 10, 3, 2, 14, 1, 2, 3, 10, 16, 18, 14, 3, 1, 10, 1, 37, 18, 3, 2, 11, 7, 3, 2, 7, 16, 3, 8, 17, 1, 5, 9, 4, 1, 3, 1, 2, 6, 13, 3, 19, 2, 3, 15, 9, 3, 4, 30, 1, 8, 9, 11, 1, 22, 25, 1, 20, 
8: 4, 4, 5, 2, 30, 15, 13, 7, 5, 4, 1, 4, 18, 1, 9, 1, 6, 16, 4, 1, 1, 3, 3, 1, 1, 25, 11, 5, 13, 18, 15, 3, 4, 18, 2, 3, 22, 19, 6, 2, 30, 11, 22, 1, 4, 15, 7, 8, 6, 6, 16, 9, 2, 5, 0, 0, 0, 0, 0, 0, 0, 0, 0, 0, 0, 0, 0, 0, 0, 0, 0, 0, 0, 0, 0, 0, 0, 0, 0, 0, 0, 0, 0, 0, 0, 0, 0, 0, 0, 0, 0, 0, 0, 0, 0, 0, 0, 0, 0, 0, 0, 0, 0, 0, 0, 0, 0, 0, 0, 0, 0, 0, 0, 0, 0, 0, 0, 0, 0, 0, 0, 0, 0, 0, 0, 0, 0, 0, 0, 0, 0, 0, 0, 0, 0, 0, 0, 0, 0, 0, 0, 0, 0, 0, 0, 0, 0, 0, 0, 0, 0, 0, 0, 0, 0, 0, 0, 0, 0, 0, 0, 0, 0, 0, 0, 0, 0, 0, 0, 0, 0, 0, 0, 0, 0, 0, 0, 0, 0, 0, 0, 0, 0, 0, 0, 0, 0, 0, 0, 0, 0, 0, 0, 0, 0, 0, 0, 0, 0, 0, : 4, 4, 5, 2, 30, 15, 13, 7, 5, 4, 1, 4, 18, 1, 9, 1, 6, 16, 4, 1, 1, 3, 3, 1, 1, 25, 11, 5, 13, 18, 15, 3, 4, 18, 2, 3, 22, 19, 6, 2, 30, 11, 22, 1, 4, 15, 7, 8, 6, 6, 16, 9, 2, 5, 
9: 4, 7, 7, 10, 17, 21, 6, 18, 8, 3, 2, 4, 23, 25, 7, 1, 1, 1, 7, 4, 4, 10, 1, 3, 3, 8, 6, 3, 3, 6, 10, 2, 10, 12, 10, 3, 18, 13, 6, 9, 1, 1, 15, 14, 1, 4, 9, 34, 1, 24, 19, 2, 5, 4, 13, 4, 1, 2, 5, 11, 2, 4, 11, 13, 3, 10, 4, 11, 4, 11, 2, 4, 8, 1, 2, 13, 11, 4, 12, 2, 1, 9, 8, 5, 3, 5, 7, 13, 3, 9, 2, 10, 8, 8, 4, 2, 3, 20, 0, 0, 0, 0, 0, 0, 0, 0, 0, 0, 0, 0, 0, 0, 0, 0, 0, 0, 0, 0, 0, 0, 0, 0, 0, 0, 0, 0, 0, 0, 0, 0, 0, 0, 0, 0, 0, 0, 0, 0, 0, 0, 0, 0, 0, 0, 0, 0, 0, 0, 0, 0, 0, 0, 0, 0, 0, 0, 0, 0, 0, 0, 0, 0, 0, 0, 0, 0, 0, 0, 0, 0, 0, 0, 0, 0, 0, 0, 0, 0, 0, 0, 0, 0, 0, 0, 0, 0, 0, 0, 0, 0, 0, 0, 0, 0, 0, 0, 0, 0, 0, 0, : 4, 7, 7, 10, 17, 21, 6, 18, 8, 3, 2, 4, 23, 25, 7, 1, 1, 1, 7, 4, 4, 10, 1, 3, 3, 8, 6, 3, 3, 6, 10, 2, 10, 12, 10, 3, 18, 13, 6, 9, 1, 1, 15, 14, 1, 4, 9, 34, 1, 24, 19, 2, 5, 4, 13, 4, 1, 2, 5, 11, 2, 4, 11, 13, 3, 10, 4, 11, 4, 11, 2, 4, 8, 1, 2, 13, 11, 4, 12, 2, 1, 9, 8, 5, 3, 5, 7, 13, 3, 9, 2, 10, 8, 8, 4, 2, 3, 20, 
10: 7, 6, 10, 5, 3, 18, 5, 1, 7, 8, 2, 2, 4, 3, 15, 11, 2, 29, 7, 3, 15, 16, 1, 14, 10, 5, 19, 11, 1, 3, 15, 6, 20, 7, 5, 7, 1, 1, 4, 5, 3, 4, 2, 1, 9, 21, 0, 0, 0, 0, 0, 0, 0, 0, 0, 0, 0, 0, 0, 0, 0, 0, 0, 0, 0, 0, 0, 0, 0, 0, 0, 0, 0, 0, 0, 0, 0, 0, 0, 0, 0, 0, 0, 0, 0, 0, 0, 0, 0, 0, 0, 0, 0, 0, 0, 0, 0, 0, 0, 0, 0, 0, 0, 0, 0, 0, 0, 0, 0, 0, 0, 0, 0, 0, 0, 0, 0, 0, 0, 0, 0, 0, 0, 0, 0, 0, 0, 0, 0, 0, 0, 0, 0, 0, 0, 0, 0, 0, 0, 0, 0, 0, 0, 0, 0, 0, 0, 0, 0, 0, 0, 0, 0, 0, 0, 0, 0, 0, 0, 0, 0, 0, 0, 0, 0, 0, 0, 0, 0, 0, 0, 0, 0, 0, 0, 0, 0, 0, 0, 0, 0, 0, 0, 0, 0, 0, 0, 0, 0, 0, 0, 0, 0, 0, 0, 0, 0, 0, 0, 0, : 7, 6, 10, 5, 3, 18, 5, 1, 7, 8, 2, 2, 4, 3, 15, 11, 2, 29, 7, 3, 15, 16, 1, 14, 10, 5, 19, 11, 1, 3, 15, 6, 20, 7, 5, 7, 1, 1, 4, 5, 3, 4, 2, 1, 9, 21, 
11: 13, 4, 2, 13, 7, 2, 11, 5, 15, 2, 3, 2, 25, 17, 2, 2, 15, 1, 1, 1, 3, 2, 3, 2, 5, 4, 10, 9, 23, 3, 16, 4, 5, 1, 8, 16, 1, 29, 1, 17, 7, 22, 16, 9, 6, 2, 1, 9, 32, 6, 7, 5, 3, 1, 2, 2, 3, 18, 6, 2, 2, 11, 3, 3, 4, 1, 23, 23, 5, 3, 8, 1, 4, 8, 10, 17, 12, 11, 4, 1, 3, 2, 10, 3, 8, 3, 10, 7, 2, 4, 0, 0, 0, 0, 0, 0, 0, 0, 0, 0, 0, 0, 0, 0, 0, 0, 0, 0, 0, 0, 0, 0, 0, 0, 0, 0, 0, 0, 0, 0, 0, 0, 0, 0, 0, 0, 0, 0, 0, 0, 0, 0, 0, 0, 0, 0, 0, 0, 0, 0, 0, 0, 0, 0, 0, 0, 0, 0, 0, 0, 0, 0, 0, 0, 0, 0, 0, 0, 0, 0, 0, 0, 0, 0, 0, 0, 0, 0, 0, 0, 0, 0, 0, 0, 0, 0, 0, 0, 0, 0, 0, 0, 0, 0, 0, 0, 0, 0, 0, 0, 0, 0, 0, 0, 0, 0, 0, 0, 0, 0, : 13, 4, 2, 13, 7, 2, 11, 5, 15, 2, 3, 2, 25, 17, 2, 2, 15, 1, 1, 1, 3, 2, 3, 2, 5, 4, 10, 9, 23, 3, 16, 4, 5, 1, 8, 16, 1, 29, 1, 17, 7, 22, 16, 9, 6, 2, 1, 9, 32, 6, 7, 5, 3, 1, 2, 2, 3, 18, 6, 2, 2, 11, 3, 3, 4, 1, 23, 23, 5, 3, 8, 1, 4, 8, 10, 17, 12, 11, 4, 1, 3, 2, 10, 3, 8, 3, 10, 7, 2, 4, 
12: 4, 1, 8, 3, 2, 9, 1, 1, 6, 4, 1, 1, 37, 11, 8, 22, 9, 8, 1, 1, 4, 10, 9, 9, 27, 3, 1, 34, 2, 15, 3, 4, 3, 1, 6, 9, 6, 3, 6, 5, 1, 9, 2, 15, 19, 20, 9, 2, 9, 6, 5, 6, 4, 4, 7, 3, 3, 7, 2, 9, 21, 4, 15, 1, 26, 22, 3, 0, 0, 0, 0, 0, 0, 0, 0, 0, 0, 0, 0, 0, 0, 0, 0, 0, 0, 0, 0, 0, 0, 0, 0, 0, 0, 0, 0, 0, 0, 0, 0, 0, 0, 0, 0, 0, 0, 0, 0, 0, 0, 0, 0, 0, 0, 0, 0, 0, 0, 0, 0, 0, 0, 0, 0, 0, 0, 0, 0, 0, 0, 0, 0, 0, 0, 0, 0, 0, 0, 0, 0, 0, 0, 0, 0, 0, 0, 0, 0, 0, 0, 0, 0, 0, 0, 0, 0, 0, 0, 0, 0, 0, 0, 0, 0, 0, 0, 0, 0, 0, 0, 0, 0, 0, 0, 0, 0, 0, 0, 0, 0, 0, 0, 0, 0, 0, 0, 0, 0, 0, 0, 0, 0, 0, 0, 0, 0, 0, 0, 0, 0, 0, : 4, 1, 8, 3, 2, 9, 1, 1, 6, 4, 1, 1, 37, 11, 8, 22, 9, 8, 1, 1, 4, 10, 9, 9, 27, 3, 1, 34, 2, 15, 3, 4, 3, 1, 6, 9, 6, 3, 6, 5, 1, 9, 2, 15, 19, 20, 9, 2, 9, 6, 5, 6, 4, 4, 7, 3, 3, 7, 2, 9, 21, 4, 15, 1, 26, 22, 3, 
13: 8, 1, 4, 9, 8, 8, 3, 1, 12, 12, 2, 7, 15, 1, 2, 5, 10, 16, 2, 7, 9, 9, 2, 4, 3, 25, 1, 26, 5, 7, 4, 11, 5, 24, 1, 18, 5, 2, 8, 9, 2, 2, 31, 1, 8, 3, 8, 1, 1, 4, 28, 2, 10, 2, 29, 16, 5, 1, 4, 2, 2, 2, 5, 10, 17, 6, 12, 3, 22, 3, 3, 6, 4, 4, 11, 3, 2, 4, 12, 26, 14, 4, 21, 7, 32, 30, 24, 19, 15, 14, 20, 15, 5, 19, 1, 20, 7, 19, 5, 2, 6, 8, 13, 8, 11, 0, 0, 0, 0, 0, 0, 0, 0, 0, 0, 0, 0, 0, 0, 0, 0, 0, 0, 0, 0, 0, 0, 0, 0, 0, 0, 0, 0, 0, 0, 0, 0, 0, 0, 0, 0, 0, 0, 0, 0, 0, 0, 0, 0, 0, 0, 0, 0, 0, 0, 0, 0, 0, 0, 0, 0, 0, 0, 0, 0, 0, 0, 0, 0, 0, 0, 0, 0, 0, 0, 0, 0, 0, 0, 0, 0, 0, 0, 0, 0, 0, 0, 0, 0, 0, 0, 0, 0, 0, 0, 0, 0, 0, 0, 0, : 8, 1, 4, 9, 8, 8, 3, 1, 12, 12, 2, 7, 15, 1, 2, 5, 10, 16, 2, 7, 9, 9, 2, 4, 3, 25, 1, 26, 5, 7, 4, 11, 5, 24, 1, 18, 5, 2, 8, 9, 2, 2, 31, 1, 8, 3, 8, 1, 1, 4, 28, 2, 10, 2, 29, 16, 5, 1, 4, 2, 2, 2, 5, 10, 17, 6, 12, 3, 22, 3, 3, 6, 4, 4, 11, 3, 2, 4, 12, 26, 14, 4, 21, 7, 32, 30, 24, 19, 15, 14, 20, 15, 5, 19, 1, 20, 7, 19, 5, 2, 6, 8, 13, 8, 11, 
14: 1, 6, 7, 29, 8, 8, 12, 6, 14, 17, 9, 9, 26, 4, 4, 12, 17, 13, 10, 12, 1, 4, 5, 15, 30, 1, 7, 1, 2, 12, 15, 19, 7, 18, 1, 14, 5, 3, 4, 23, 3, 28, 19, 3, 1, 5, 12, 1, 9, 9, 6, 3, 1, 15, 17, 10, 8, 1, 16, 7, 2, 26, 20, 5, 0, 0, 0, 0, 0, 0, 0, 0, 0, 0, 0, 0, 0, 0, 0, 0, 0, 0, 0, 0, 0, 0, 0, 0, 0, 0, 0, 0, 0, 0, 0, 0, 0, 0, 0, 0, 0, 0, 0, 0, 0, 0, 0, 0, 0, 0, 0, 0, 0, 0, 0, 0, 0, 0, 0, 0, 0, 0, 0, 0, 0, 0, 0, 0, 0, 0, 0, 0, 0, 0, 0, 0, 0, 0, 0, 0, 0, 0, 0, 0, 0, 0, 0, 0, 0, 0, 0, 0, 0, 0, 0, 0, 0, 0, 0, 0, 0, 0, 0, 0, 0, 0, 0, 0, 0, 0, 0, 0, 0, 0, 0, 0, 0, 0, 0, 0, 0, 0, 0, 0, 0, 0, 0, 0, 0, 0, 0, 0, 0, 0, 0, 0, 0, 0, 0, 0, : 1, 6, 7, 29, 8, 8, 12, 6, 14, 17, 9, 9, 26, 4, 4, 12, 17, 13, 10, 12, 1, 4, 5, 15, 30, 1, 7, 1, 2, 12, 15, 19, 7, 18, 1, 14, 5, 3, 4, 23, 3, 28, 19, 3, 1, 5, 12, 1, 9, 9, 6, 3, 1, 15, 17, 10, 8, 1, 16, 7, 2, 26, 20, 5, 
15: 7, 19, 2, 9, 2, 2, 17, 1, 18, 3, 12, 8, 22, 13, 4, 17, 2, 6, 2, 8, 2, 36, 9, 28, 7, 6, 3, 28, 1, 2, 15, 32, 9, 1, 20, 3, 14, 1, 15, 9, 1, 3, 4, 6, 7, 10, 8, 5, 1, 2, 5, 1, 7, 6, 26, 5, 2, 1, 5, 3, 3, 2, 2, 13, 9, 5, 21, 10, 11, 2, 6, 1, 6, 1, 9, 3, 11, 3, 4, 8, 2, 18, 0, 0, 0, 0, 0, 0, 0, 0, 0, 0, 0, 0, 0, 0, 0, 0, 0, 0, 0, 0, 0, 0, 0, 0, 0, 0, 0, 0, 0, 0, 0, 0, 0, 0, 0, 0, 0, 0, 0, 0, 0, 0, 0, 0, 0, 0, 0, 0, 0, 0, 0, 0, 0, 0, 0, 0, 0, 0, 0, 0, 0, 0, 0, 0, 0, 0, 0, 0, 0, 0, 0, 0, 0, 0, 0, 0, 0, 0, 0, 0, 0, 0, 0, 0, 0, 0, 0, 0, 0, 0, 0, 0, 0, 0, 0, 0, 0, 0, 0, 0, 0, 0, 0, 0, 0, 0, 0, 0, 0, 0, 0, 0, 0, 0, 0, 0, 0, 0, : 7, 19, 2, 9, 2, 2, 17, 1, 18, 3, 12, 8, 22, 13, 4, 17, 2, 6, 2, 8, 2, 36, 9, 28, 7, 6, 3, 28, 1, 2, 15, 32, 9, 1, 20, 3, 14, 1, 15, 9, 1, 3, 4, 6, 7, 10, 8, 5, 1, 2, 5, 1, 7, 6, 26, 5, 2, 1, 5, 3, 3, 2, 2, 13, 9, 5, 21, 10, 11, 2, 6, 1, 6, 1, 9, 3, 11, 3, 4, 8, 2, 18, 
16: 3, 4, 5, 6, 2, 7, 5, 9, 16, 4, 23, 5, 5, 1, 3, 1, 19, 6, 27, 6, 14, 10, 1, 2, 13, 8, 2, 18, 14, 10, 1, 5, 11, 2, 4, 6, 7, 3, 8, 3, 1, 8, 15, 6, 1, 3, 2, 3, 16, 8, 2, 23, 1, 19, 3, 6, 13, 26, 3, 1, 10, 1, 7, 2, 25, 2, 2, 8, 25, 6, 1, 15, 3, 4, 12, 19, 8, 5, 8, 37, 29, 15, 3, 12, 16, 7, 1, 4, 10, 3, 1, 5, 6, 1, 12, 15, 17, 1, 16, 10, 1, 8, 9, 6, 0, 0, 0, 0, 0, 0, 0, 0, 0, 0, 0, 0, 0, 0, 0, 0, 0, 0, 0, 0, 0, 0, 0, 0, 0, 0, 0, 0, 0, 0, 0, 0, 0, 0, 0, 0, 0, 0, 0, 0, 0, 0, 0, 0, 0, 0, 0, 0, 0, 0, 0, 0, 0, 0, 0, 0, 0, 0, 0, 0, 0, 0, 0, 0, 0, 0, 0, 0, 0, 0, 0, 0, 0, 0, 0, 0, 0, 0, 0, 0, 0, 0, 0, 0, 0, 0, 0, 0, 0, 0, 0, 0, 0, 0, 0, 0, : 3, 4, 5, 6, 2, 7, 5, 9, 16, 4, 23, 5, 5, 1, 3, 1, 19, 6, 27, 6, 14, 10, 1, 2, 13, 8, 2, 18, 14, 10, 1, 5, 11, 2, 4, 6, 7, 3, 8, 3, 1, 8, 15, 6, 1, 3, 2, 3, 16, 8, 2, 23, 1, 19, 3, 6, 13, 26, 3, 1, 10, 1, 7, 2, 25, 2, 2, 8, 25, 6, 1, 15, 3, 4, 12, 19, 8, 5, 8, 37, 29, 15, 3, 12, 16, 7, 1, 4, 10, 3, 1, 5, 6, 1, 12, 15, 17, 1, 16, 10, 1, 8, 9, 6, 
17: 1, 20, 1, 16, 8, 2, 12, 14, 11, 4, 3, 16, 1, 25, 4, 13, 2, 34, 2, 2, 1, 15, 19, 2, 14, 7, 16, 3, 11, 2, 28, 3, 16, 15, 5, 2, 23, 7, 3, 5, 32, 22, 8, 1, 8, 1, 8, 7, 12, 31, 18, 27, 17, 9, 3, 3, 21, 7, 6, 28, 1, 6, 14, 8, 2, 11, 4, 4, 13, 2, 2, 4, 3, 5, 2, 2, 2, 26, 1, 3, 6, 8, 4, 3, 1, 14, 17, 17, 1, 7, 6, 3, 11, 9, 3, 5, 11, 5, 19, 27, 2, 35, 15, 3, 23, 6, 26, 15, 3, 34, 25, 6, 7, 1, 9, 24, 25, 23, 35, 17, 11, 5, 1, 2, 1, 4, 13, 8, 4, 3, 1, 6, 4, 0, 0, 0, 0, 0, 0, 0, 0, 0, 0, 0, 0, 0, 0, 0, 0, 0, 0, 0, 0, 0, 0, 0, 0, 0, 0, 0, 0, 0, 0, 0, 0, 0, 0, 0, 0, 0, 0, 0, 0, 0, 0, 0, 0, 0, 0, 0, 0, 0, 0, 0, 0, 0, 0, 0, 0, 0, 0, 0, 0, 0, 0, 0, 0, 0, 0, 0, : 1, 20, 1, 16, 8, 2, 12, 14, 11, 4, 3, 16, 1, 25, 4, 13, 2, 34, 2, 2, 1, 15, 19, 2, 14, 7, 16, 3, 11, 2, 28, 3, 16, 15, 5, 2, 23, 7, 3, 5, 32, 22, 8, 1, 8, 1, 8, 7, 12, 31, 18, 27, 17, 9, 3, 3, 21, 7, 6, 28, 1, 6, 14, 8, 2, 11, 4, 4, 13, 2, 2, 4, 3, 5, 2, 2, 2, 26, 1, 3, 6, 8, 4, 3, 1, 14, 17, 17, 1, 7, 6, 3, 11, 9, 3, 5, 11, 5, 19, 27, 2, 35, 15, 3, 23, 6, 26, 15, 3, 34, 25, 6, 7, 1, 9, 24, 25, 23, 35, 17, 11, 5, 1, 2, 1, 4, 13, 8, 4, 3, 1, 6, 4, 
18: 1, 24, 1, 7, 6, 2, 1, 15, 1, 16, 1, 4, 4, 1, 14, 19, 1, 1, 19, 5, 4, 6, 5, 6, 1, 4, 23, 14, 11, 29, 28, 8, 20, 5, 9, 4, 6, 7, 2, 1, 1, 5, 2, 13, 21, 20, 7, 2, 4, 3, 2, 1, 5, 4, 19, 2, 9, 2, 2, 6, 4, 13, 7, 20, 20, 19, 19, 7, 10, 27, 34, 22, 14, 5, 22, 3, 10, 16, 2, 20, 9, 1, 9, 17, 2, 6, 0, 0, 0, 0, 0, 0, 0, 0, 0, 0, 0, 0, 0, 0, 0, 0, 0, 0, 0, 0, 0, 0, 0, 0, 0, 0, 0, 0, 0, 0, 0, 0, 0, 0, 0, 0, 0, 0, 0, 0, 0, 0, 0, 0, 0, 0, 0, 0, 0, 0, 0, 0, 0, 0, 0, 0, 0, 0, 0, 0, 0, 0, 0, 0, 0, 0, 0, 0, 0, 0, 0, 0, 0, 0, 0, 0, 0, 0, 0, 0, 0, 0, 0, 0, 0, 0, 0, 0, 0, 0, 0, 0, 0, 0, 0, 0, 0, 0, 0, 0, 0, 0, 0, 0, 0, 0, 0, 0, 0, 0, 0, 0, 0, 0, : 1, 24, 1, 7, 6, 2, 1, 15, 1, 16, 1, 4, 4, 1, 14, 19, 1, 1, 19, 5, 4, 6, 5, 6, 1, 4, 23, 14, 11, 29, 28, 8, 20, 5, 9, 4, 6, 7, 2, 1, 1, 5, 2, 13, 21, 20, 7, 2, 4, 3, 2, 1, 5, 4, 19, 2, 9, 2, 2, 6, 4, 13, 7, 20, 20, 19, 19, 7, 10, 27, 34, 22, 14, 5, 22, 3, 10, 16, 2, 20, 9, 1, 9, 17, 2, 6, 
19: 2, 24, 3, 10, 2, 5, 11, 18, 2, 4, 6, 12, 3, 14, 1, 5, 27, 8, 4, 23, 13, 5, 5, 1, 1, 1, 19, 10, 13, 5, 2, 6, 8, 1, 3, 1, 32, 11, 1, 1, 8, 10, 11, 35, 8, 1, 1, 5, 1, 2, 2, 21, 6, 1, 2, 15, 2, 16, 6, 23, 1, 13, 1, 1, 20, 30, 7, 2, 4, 2, 16, 5, 1, 6, 16, 27, 9, 6, 1, 14, 2, 13, 10, 13, 29, 4, 2, 1, 1, 29, 6, 1, 7, 2, 16, 3, 23, 16, 12, 36, 28, 15, 15, 5, 13, 4, 7, 1, 5, 15, 11, 30, 5, 18, 7, 9, 3, 2, 4, 1, 0, 0, 0, 0, 0, 0, 0, 0, 0, 0, 0, 0, 0, 0, 0, 0, 0, 0, 0, 0, 0, 0, 0, 0, 0, 0, 0, 0, 0, 0, 0, 0, 0, 0, 0, 0, 0, 0, 0, 0, 0, 0, 0, 0, 0, 0, 0, 0, 0, 0, 0, 0, 0, 0, 0, 0, 0, 0, 0, 0, 0, 0, 0, 0, 0, 0, 0, 0, 0, 0, 0, 0, 0, 0, 0, 0, 0, 0, 0, 0, : 2, 24, 3, 10, 2, 5, 11, 18, 2, 4, 6, 12, 3, 14, 1, 5, 27, 8, 4, 23, 13, 5, 5, 1, 1, 1, 19, 10, 13, 5, 2, 6, 8, 1, 3, 1, 32, 11, 1, 1, 8, 10, 11, 35, 8, 1, 1, 5, 1, 2, 2, 21, 6, 1, 2, 15, 2, 16, 6, 23, 1, 13, 1, 1, 20, 30, 7, 2, 4, 2, 16, 5, 1, 6, 16, 27, 9, 6, 1, 14, 2, 13, 10, 13, 29, 4, 2, 1, 1, 29, 6, 1, 7, 2, 16, 3, 23, 16, 12, 36, 28, 15, 15, 5, 13, 4, 7, 1, 5, 15, 11, 30, 5, 18, 7, 9, 3, 2, 4, 1, 
20: 1, 2, 4, 6, 4, 2, 20, 3, 29, 2, 27, 4, 11, 11, 1, 14, 3, 9, 1, 1, 3, 3, 1, 7, 15, 1, 1, 2, 15, 5, 7, 20, 7, 2, 2, 4, 3, 15, 12, 3, 7, 2, 9, 7, 3, 8, 1, 10, 28, 23, 1, 21, 1, 1, 10, 2, 4, 8, 5, 8, 26, 18, 2, 23, 10, 2, 2, 3, 23, 11, 4, 7, 23, 22, 1, 7, 2, 22, 26, 6, 10, 1, 2, 17, 1, 3, 8, 3, 6, 3, 1, 3, 7, 23, 27, 0, 0, 0, 0, 0, 0, 0, 0, 0, 0, 0, 0, 0, 0, 0, 0, 0, 0, 0, 0, 0, 0, 0, 0, 0, 0, 0, 0, 0, 0, 0, 0, 0, 0, 0, 0, 0, 0, 0, 0, 0, 0, 0, 0, 0, 0, 0, 0, 0, 0, 0, 0, 0, 0, 0, 0, 0, 0, 0, 0, 0, 0, 0, 0, 0, 0, 0, 0, 0, 0, 0, 0, 0, 0, 0, 0, 0, 0, 0, 0, 0, 0, 0, 0, 0, 0, 0, 0, 0, 0, 0, 0, 0, 0, 0, 0, 0, 0, 0, 0, 0, 0, 0, 0, 0, : 1, 2, 4, 6, 4, 2, 20, 3, 29, 2, 27, 4, 11, 11, 1, 14, 3, 9, 1, 1, 3, 3, 1, 7, 15, 1, 1, 2, 15, 5, 7, 20, 7, 2, 2, 4, 3, 15, 12, 3, 7, 2, 9, 7, 3, 8, 1, 10, 28, 23, 1, 21, 1, 1, 10, 2, 4, 8, 5, 8, 26, 18, 2, 23, 10, 2, 2, 3, 23, 11, 4, 7, 23, 22, 1, 7, 2, 22, 26, 6, 10, 1, 2, 17, 1, 3, 8, 3, 6, 3, 1, 3, 7, 23, 27, 


