20
20
1: 34, 9, 1, 21, 3, 25, 6, 5, 26, 0, 0, 0, 0, 0, 0, 0, 0, 0, 0, 0, : 34, 9, 1, 21, 3, 25, 6, 5, 26, 
2: 3, 13, 14, 1, 17, 1, 14, 3, 4, 0, 0, 0, 0, 0, 0, 0, 0, 0, 0, 0, : 3, 13, 14, 1, 17, 1, 14, 3, 4, 
3: 9, 23, 8, 3, 1, 1, 2, 7, 2, 17, 2, 0, 0, 0, 0, 0, 0, 0, 0, 0, : 9, 23, 8, 3, 1, 1, 2, 7, 2, 17, 2, 
4: 5, 3, 2, 6, 3, 16, 4, 1, 0, 0, 0, 0, 0, 0, 0, 0, 0, 0, 0, 0, : 5, 3, 2, 6, 3, 16, 4, 1, 
5: 2, 11, 20, 3, 11, 28, 24, 13, 5, 0, 0, 0, 0, 0, 0, 0, 0, 0, 0, 0, : 2, 11, 20, 3, 11, 28, 24, 13, 5, 
6: 14, 17, 9, 18, 1, 4, 12, 4, 4, 2, 1, 0, 0, 0, 0, 0, 0, 0, 0, 0, : 14, 17, 9, 18, 1, 4, 12, 4, 4, 2, 1, 
7: 1, 30, 4, 6, 3, 7, 2, 4, 12, 24, 11, 0, 0, 0, 0, 0, 0, 0, 0, 0, : 1, 30, 4, 6, 3, 7, 2, 4, 12, 24, 11, 
8: 11, 11, 2, 23, 6, 13, 1, 9, 0, 0, 0, 0, 0, 0, 0, 0, 0, 0, 0, 0, : 11, 11, 2, 23, 6, 13, 1, 9, 
9: 4, 15, 1, 1, 3, 10, 3, 0, 0, 0, 0, 0, 0, 0, 0, 0, 0, 0, 0, 0, : 4, 15, 1, 1, 3, 10, 3, 
10: 16, 3, 2, 3, 15, 2, 2, 2, 25, 0, 0, 0, 0, 0, 0, 0, 0, 0, 0, 0, : 16, 3, 2, 3, 15, 2, 2, 2, 25, 
11: 2, 2, 12, 1, 4, 1, 23, 0, 0, 0, 0, 0, 0, 0, 0, 0, 0, 0, 0, 0, : 2, 2, 12, 1, 4, 1, 23, 
12: 7, 10, 1, 2, 16, 11, 2, 1, 5, 0, 0, 0, 0, 0, 0, 0, 0, 0, 0, 0, : 7, 10, 1, 2, 16, 11, 2, 1, 5, 
13: 15, 6, 14, 2, 18, 18, 24, 2, 0, 0, 0, 0, 0, 0, 0, 0, 0, 0, 0, 0, : 15, 6, 14, 2, 18, 18, 24, 2, 
14: 4, 33, 8, 15, 5, 6, 5, 3, 23, 8, 0, 0, 0, 0, 0, 0, 0, 0, 0, 0, : 4, 33, 8, 15, 5, 6, 5, 3, 23, 8, 
15: 1, 3, 14, 28, 23, 0, 0, 0, 0, 0, 0, 0, 0, 0, 0, 0, 0, 0, 0, 0, : 1, 3, 14, 28, 23, 
16: 7, 3, 3, 6, 2, 12, 9, 13, 2, 12, 0, 0, 0, 0, 0, 0, 0, 0, 0, 0, : 7, 3, 3, 6, 2, 12, 9, 13, 2, 12, 
17: 12, 31, 13, 3, 23, 3, 9, 0, 0, 0, 0, 0, 0, 0, 0, 0, 0, 0, 0, 0, : 12, 31, 13, 3, 23, 3, 9, 
18: 2, 17, 22, 5, 4, 11, 3, 9, 8, 3, 0, 0, 0, 0, 0, 0, 0, 0, 0, 0, : 2, 17, 22, 5, 4, 11, 3, 9, 8, 3, 
19: 19, 11, 15, 17, 6, 5, 1, 3, 4, 2, 9, 1, 2, 9, 0, 0, 0, 0, 0, 0, : 19, 11, 15, 17, 6, 5, 1, 3, 4, 2, 9, 1, 2, 9, 
20: 26, 5, 3, 24, 10, 8, 6, 19, 0, 0, 0, 0, 0, 0, 0, 0, 0, 0, 0, 0, : 26, 5, 3, 24, 10, 8, 6, 19, 


