20
120
1: 5, 1, 2, 7, 33, 27, 1, 6, 0, 0, 0, 0, 0, 0, 0, 0, 0, 0, 0, 0, : 5, 1, 2, 7, 33, 27, 1, 6, 
2: 29, 10, 8, 8, 5, 1, 18, 2, 20, 20, 3, 0, 0, 0, 0, 0, 0, 0, 0, 0, : 29, 10, 8, 8, 5, 1, 18, 2, 20, 20, 3, 
3: 1, 8, 24, 4, 2, 2, 1, 2, 0, 0, 0, 0, 0, 0, 0, 0, 0, 0, 0, 0, : 1, 8, 24, 4, 2, 2, 1, 2, 
4: 2, 5, 20, 17, 9, 1, 3, 23, 7, 2, 6, 0, 0, 0, 0, 0, 0, 0, 0, 0, : 2, 5, 20, 17, 9, 1, 3, 23, 7, 2, 6, 
5: 11, 6, 2, 19, 5, 10, 3, 25, 8, 4, 4, 0, 0, 0, 0, 0, 0, 0, 0, 0, : 11, 6, 2, 19, 5, 10, 3, 25, 8, 4, 4, 
6: 17, 8, 2, 20, 12, 6, 20, 7, 3, 9, 9, 5, 15, 1, 0, 0, 0, 0, 0, 0, : 17, 8, 2, 20, 12, 6, 20, 7, 3, 9, 9, 5, 15, 1, 
7: 1, 3, 5, 16, 6, 5, 1, 19, 14, 5, 0, 0, 0, 0, 0, 0, 0, 0, 0, 0, : 1, 3, 5, 16, 6, 5, 1, 19, 14, 5, 
8: 10, 14, 4, 2, 4, 3, 8, 1, 0, 0, 0, 0, 0, 0, 0, 0, 0, 0, 0, 0, : 10, 14, 4, 2, 4, 3, 8, 1, 
9: 11, 29, 5, 16, 6, 4, 10, 2, 3, 2, 1, 0, 0, 0, 0, 0, 0, 0, 0, 0, : 11, 29, 5, 16, 6, 4, 10, 2, 3, 2, 1, 
10: 6, 10, 7, 1, 1, 3, 20, 23, 10, 12, 11, 2, 0, 0, 0, 0, 0, 0, 0, 0, : 6, 10, 7, 1, 1, 3, 20, 23, 10, 12, 11, 2, 
11: 3, 1, 3, 1, 15, 4, 24, 10, 32, 22, 26, 23, 12, 0, 0, 0, 0, 0, 0, 0, : 3, 1, 3, 1, 15, 4, 24, 10, 32, 22, 26, 23, 12, 
12: 8, 9, 21, 18, 10, 4, 1, 11, 11, 1, 5, 0, 0, 0, 0, 0, 0, 0, 0, 0, : 8, 9, 21, 18, 10, 4, 1, 11, 11, 1, 5, 
13: 3, 3, 5, 33, 5, 14, 16, 12, 1, 7, 1, 0, 0, 0, 0, 0, 0, 0, 0, 0, : 3, 3, 5, 33, 5, 14, 16, 12, 1, 7, 1, 
14: 16, 7, 1, 13, 10, 13, 10, 4, 0, 0, 0, 0, 0, 0, 0, 0, 0, 0, 0, 0, : 16, 7, 1, 13, 10, 13, 10, 4, 
15: 1, 4, 10, 6, 32, 0, 0, 0, 0, 0, 0, 0, 0, 0, 0, 0, 0, 0, 0, 0, : 1, 4, 10, 6, 32, 
16: 28, 8, 12, 11, 1, 3, 2, 1, 11, 0, 0, 0, 0, 0, 0, 0, 0, 0, 0, 0, : 28, 8, 12, 11, 1, 3, 2, 1, 11, 
17: 1, 9, 4, 1, 3, 5, 7, 0, 0, 0, 0, 0, 0, 0, 0, 0, 0, 0, 0, 0, : 1, 9, 4, 1, 3, 5, 7, 
18: 3, 7, 12, 2, 4, 5, 19, 1, 3, 1, 0, 0, 0, 0, 0, 0, 0, 0, 0, 0, : 3, 7, 12, 2, 4, 5, 19, 1, 3, 1, 
19: 22, 10, 9, 1, 3, 0, 0, 0, 0, 0, 0, 0, 0, 0, 0, 0, 0, 0, 0, 0, : 22, 10, 9, 1, 3, 
20: 6, 14, 1, 12, 2, 4, 3, 1, 22, 12, 2, 0, 0, 0, 0, 0, 0, 0, 0, 0, : 6, 14, 1, 12, 2, 4, 3, 1, 22, 12, 2, 
21: 3, 4, 16, 4, 4, 1, 27, 5, 2, 1, 16, 6, 1, 0, 0, 0, 0, 0, 0, 0, : 3, 4, 16, 4, 4, 1, 27, 5, 2, 1, 16, 6, 1, 
22: 27, 1, 4, 4, 16, 3, 1, 2, 2, 5, 0, 0, 0, 0, 0, 0, 0, 0, 0, 0, : 27, 1, 4, 4, 16, 3, 1, 2, 2, 5, 
23: 2, 3, 7, 3, 14, 23, 22, 2, 7, 1, 7, 1, 5, 2, 5, 0, 0, 0, 0, 0, : 2, 3, 7, 3, 14, 23, 22, 2, 7, 1, 7, 1, 5, 2, 5, 
24: 6, 19, 7, 3, 9, 3, 1, 10, 9, 7, 0, 0, 0, 0, 0, 0, 0, 0, 0, 0, : 6, 19, 7, 3, 9, 3, 1, 10, 9, 7, 
25: 2, 22, 11, 16, 1, 1, 17, 1, 0, 0, 0, 0, 0, 0, 0, 0, 0, 0, 0, 0, : 2, 22, 11, 16, 1, 1, 17, 1, 
26: 1, 7, 20, 11, 12, 3, 16, 6, 8, 0, 0, 0, 0, 0, 0, 0, 0, 0, 0, 0, : 1, 7, 20, 11, 12, 3, 16, 6, 8, 
27: 4, 9, 25, 22, 2, 0, 0, 0, 0, 0, 0, 0, 0, 0, 0, 0, 0, 0, 0, 0, : 4, 9, 25, 22, 2, 
28: 2, 9, 21, 8, 4, 13, 5, 0, 0, 0, 0, 0, 0, 0, 0, 0, 0, 0, 0, 0, : 2, 9, 21, 8, 4, 13, 5, 
29: 2, 3, 2, 12, 2, 1, 9, 32, 1, 2, 21, 0, 0, 0, 0, 0, 0, 0, 0, 0, : 2, 3, 2, 12, 2, 1, 9, 32, 1, 2, 21, 
30: 5, 4, 20, 9, 8, 1, 6, 4, 1, 19, 5, 7, 16, 4, 0, 0, 0, 0, 0, 0, : 5, 4, 20, 9, 8, 1, 6, 4, 1, 19, 5, 7, 16, 4, 
31: 6, 6, 1, 6, 10, 21, 29, 1, 1, 0, 0, 0, 0, 0, 0, 0, 0, 0, 0, 0, : 6, 6, 1, 6, 10, 21, 29, 1, 1, 
32: 2, 7, 10, 24, 7, 1, 13, 3, 12, 6, 1, 0, 0, 0, 0, 0, 0, 0, 0, 0, : 2, 7, 10, 24, 7, 1, 13, 3, 12, 6, 1, 
33: 14, 11, 16, 7, 21, 2, 2, 24, 2, 37, 8, 6, 0, 0, 0, 0, 0, 0, 0, 0, : 14, 11, 16, 7, 21, 2, 2, 24, 2, 37, 8, 6, 
34: 18, 1, 1, 18, 34, 9, 19, 5, 20, 20, 0, 0, 0, 0, 0, 0, 0, 0, 0, 0, : 18, 1, 1, 18, 34, 9, 19, 5, 20, 20, 
35: 1, 2, 21, 2, 3, 5, 14, 7, 15, 0, 0, 0, 0, 0, 0, 0, 0, 0, 0, 0, : 1, 2, 21, 2, 3, 5, 14, 7, 15, 
36: 15, 3, 2, 4, 6, 3, 3, 1, 9, 1, 23, 0, 0, 0, 0, 0, 0, 0, 0, 0, : 15, 3, 2, 4, 6, 3, 3, 1, 9, 1, 23, 
37: 1, 7, 1, 29, 31, 12, 5, 20, 0, 0, 0, 0, 0, 0, 0, 0, 0, 0, 0, 0, : 1, 7, 1, 29, 31, 12, 5, 20, 
38: 34, 14, 17, 21, 19, 3, 0, 0, 0, 0, 0, 0, 0, 0, 0, 0, 0, 0, 0, 0, : 34, 14, 17, 21, 19, 3, 
39: 8, 20, 7, 1, 5, 13, 8, 4, 6, 3, 1, 1, 1, 0, 0, 0, 0, 0, 0, 0, : 8, 20, 7, 1, 5, 13, 8, 4, 6, 3, 1, 1, 1, 
40: 4, 19, 1, 12, 16, 3, 1, 3, 26, 9, 0, 0, 0, 0, 0, 0, 0, 0, 0, 0, : 4, 19, 1, 12, 16, 3, 1, 3, 26, 9, 
41: 25, 3, 9, 3, 1, 1, 1, 25, 3, 30, 2, 8, 0, 0, 0, 0, 0, 0, 0, 0, : 25, 3, 9, 3, 1, 1, 1, 25, 3, 30, 2, 8, 
42: 1, 13, 3, 10, 10, 1, 0, 0, 0, 0, 0, 0, 0, 0, 0, 0, 0, 0, 0, 0, : 1, 13, 3, 10, 10, 1, 
43: 9, 8, 33, 6, 12, 1, 4, 7, 19, 0, 0, 0, 0, 0, 0, 0, 0, 0, 0, 0, : 9, 8, 33, 6, 12, 1, 4, 7, 19, 
44: 10, 30, 17, 5, 2, 5, 17, 0, 0, 0, 0, 0, 0, 0, 0, 0, 0, 0, 0, 0, : 10, 30, 17, 5, 2, 5, 17, 
45: 4, 1, 5, 16, 2, 15, 1, 1, 1, 3, 2, 0, 0, 0, 0, 0, 0, 0, 0, 0, : 4, 1, 5, 16, 2, 15, 1, 1, 1, 3, 2, 
46: 1, 5, 4, 11, 6, 2, 9, 8, 0, 0, 0, 0, 0, 0, 0, 0, 0, 0, 0, 0, : 1, 5, 4, 11, 6, 2, 9, 8, 
47: 4, 4, 3, 2, 10, 0, 0, 0, 0, 0, 0, 0, 0, 0, 0, 0, 0, 0, 0, 0, : 4, 4, 3, 2, 10, 
48: 5, 3, 1, 4, 6, 1, 8, 10, 2, 0, 0, 0, 0, 0, 0, 0, 0, 0, 0, 0, : 5, 3, 1, 4, 6, 1, 8, 10, 2, 
49: 2, 4, 6, 3, 4, 2, 1, 19, 10, 4, 2, 0, 0, 0, 0, 0, 0, 0, 0, 0, : 2, 4, 6, 3, 4, 2, 1, 19, 10, 4, 2, 
50: 4, 4, 10, 2, 30, 30, 0, 0, 0, 0, 0, 0, 0, 0, 0, 0, 0, 0, 0, 0, : 4, 4, 10, 2, 30, 30, 
51: 10, 1, 21, 5, 2, 6, 2, 2, 5, 21, 0, 0, 0, 0, 0, 0, 0, 0, 0, 0, : 10, 1, 21, 5, 2, 6, 2, 2, 5, 21, 
52: 6, 10, 9, 9, 12, 7, 6, 8, 5, 22, 6, 25, 5, 0, 0, 0, 0, 0, 0, 0, : 6, 10, 9, 9, 12, 7, 6, 8, 5, 22, 6, 25, 5, 
53: 7, 10, 14, 8, 8, 2, 18, 12, 2, 10, 0, 0, 0, 0, 0, 0, 0, 0, 0, 0, : 7, 10, 14, 8, 8, 2, 18, 12, 2, 10, 
54: 3, 6, 3, 23, 4, 5, 12, 2, 2, 1, 0, 0, 0, 0, 0, 0, 0, 0, 0, 0, : 3, 6, 3, 23, 4, 5, 12, 2, 2, 1, 
55: 5, 10, 13, 3, 6, 3, 3, 1, 3, 1, 4, 0, 0, 0, 0, 0, 0, 0, 0, 0, : 5, 10, 13, 3, 6, 3, 3, 1, 3, 1, 4, 
56: 12, 3, 8, 5, 33, 8, 3, 5, 1, 10, 18, 0, 0, 0, 0, 0, 0, 0, 0, 0, : 12, 3, 8, 5, 33, 8, 3, 5, 1, 10, 18, 
57: 2, 26, 15, 6, 8, 2, 18, 7, 1, 0, 0, 0, 0, 0, 0, 0, 0, 0, 0, 0, : 2, 26, 15, 6, 8, 2, 18, 7, 1, 
58: 17, 6, 3, 2, 7, 19, 6, 20, 11, 15, 0, 0, 0, 0, 0, 0, 0, 0, 0, 0, : 17, 6, 3, 2, 7, 19, 6, 20, 11, 15, 
59: 20, 5, 2, 9, 4, 4, 0, 0, 0, 0, 0, 0, 0, 0, 0, 0, 0, 0, 0, 0, : 20, 5, 2, 9, 4, 4, 
60: 25, 5, 5, 5, 9, 26, 21, 12, 25, 13, 1, 0, 0, 0, 0, 0, 0, 0, 0, 0, : 25, 5, 5, 5, 9, 26, 21, 12, 25, 13, 1, 
61: 22, 1, 10, 7, 9, 4, 0, 0, 0, 0, 0, 0, 0, 0, 0, 0, 0, 0, 0, 0, : 22, 1, 10, 7, 9, 4, 
62: 7, 4, 1, 1, 3, 0, 0, 0, 0, 0, 0, 0, 0, 0, 0, 0, 0, 0, 0, 0, : 7, 4, 1, 1, 3, 
63: 1, 7, 6, 1, 1, 8, 6, 2, 1, 0, 0, 0, 0, 0, 0, 0, 0, 0, 0, 0, : 1, 7, 6, 1, 1, 8, 6, 2, 1, 
64: 6, 2, 7, 9, 6, 11, 1, 4, 20, 18, 0, 0, 0, 0, 0, 0, 0, 0, 0, 0, : 6, 2, 7, 9, 6, 11, 1, 4, 20, 18, 
65: 12, 11, 1, 6, 11, 2, 7, 7, 29, 20, 0, 0, 0, 0, 0, 0, 0, 0, 0, 0, : 12, 11, 1, 6, 11, 2, 7, 7, 29, 20, 
66: 23, 5, 5, 12, 5, 9, 2, 5, 10, 3, 0, 0, 0, 0, 0, 0, 0, 0, 0, 0, : 23, 5, 5, 12, 5, 9, 2, 5, 10, 3, 
67: 1, 5, 13, 1, 2, 8, 25, 5, 2, 6, 1, 20, 0, 0, 0, 0, 0, 0, 0, 0, : 1, 5, 13, 1, 2, 8, 25, 5, 2, 6, 1, 20, 
68: 3, 2, 11, 3, 14, 1, 3, 0, 0, 0, 0, 0, 0, 0, 0, 0, 0, 0, 0, 0, : 3, 2, 11, 3, 14, 1, 3, 
69: 3, 2, 7, 1, 30, 19, 2, 17, 13, 7, 1, 3, 0, 0, 0, 0, 0, 0, 0, 0, : 3, 2, 7, 1, 30, 19, 2, 17, 13, 7, 1, 3, 
70: 3, 1, 12, 14, 26, 17, 0, 0, 0, 0, 0, 0, 0, 0, 0, 0, 0, 0, 0, 0, : 3, 1, 12, 14, 26, 17, 
71: 2, 14, 10, 1, 10, 5, 9, 4, 8, 2, 0, 0, 0, 0, 0, 0, 0, 0, 0, 0, : 2, 14, 10, 1, 10, 5, 9, 4, 8, 2, 
72: 4, 9, 5, 2, 3, 1, 1, 4, 13, 2, 0, 0, 0, 0, 0, 0, 0, 0, 0, 0, : 4, 9, 5, 2, 3, 1, 1, 4, 13, 2, 
73: 3, 11, 16, 5, 1, 10, 2, 17, 8, 5, 0, 0, 0, 0, 0, 0, 0, 0, 0, 0, : 3, 11, 16, 5, 1, 10, 2, 17, 8, 5, 
74: 1, 25, 1, 11, 17, 1, 19, 22, 6, 1, 7, 5, 0, 0, 0, 0, 0, 0, 0, 0, : 1, 25, 1, 11, 17, 1, 19, 22, 6, 1, 7, 5, 
75: 5, 8, 28, 8, 5, 4, 10, 2, 0, 0, 0, 0, 0, 0, 0, 0, 0, 0, 0, 0, : 5, 8, 28, 8, 5, 4, 10, 2, 
76: 2, 2, 1, 14, 8, 1, 0, 0, 0, 0, 0, 0, 0, 0, 0, 0, 0, 0, 0, 0, : 2, 2, 1, 14, 8, 1, 
77: 9, 13, 1, 2, 2, 2, 21, 4, 0, 0, 0, 0, 0, 0, 0, 0, 0, 0, 0, 0, : 9, 13, 1, 2, 2, 2, 21, 4, 
78: 5, 1, 8, 12, 2, 2, 13, 1, 5, 7, 0, 0, 0, 0, 0, 0, 0, 0, 0, 0, : 5, 1, 8, 12, 2, 2, 13, 1, 5, 7, 
79: 6, 5, 11, 1, 13, 7, 1, 2, 6, 0, 0, 0, 0, 0, 0, 0, 0, 0, 0, 0, : 6, 5, 11, 1, 13, 7, 1, 2, 6, 
80: 4, 5, 6, 25, 3, 8, 4, 3, 2, 8, 0, 0, 0, 0, 0, 0, 0, 0, 0, 0, : 4, 5, 6, 25, 3, 8, 4, 3, 2, 8, 
81: 1, 2, 18, 11, 2, 7, 11, 20, 4, 2, 0, 0, 0, 0, 0, 0, 0, 0, 0, 0, : 1, 2, 18, 11, 2, 7, 11, 20, 4, 2, 
82: 12, 4, 8, 3, 2, 19, 2, 0, 0, 0, 0, 0, 0, 0, 0, 0, 0, 0, 0, 0, : 12, 4, 8, 3, 2, 19, 2, 
83: 5, 15, 14, 11, 2, 2, 1, 18, 16, 0, 0, 0, 0, 0, 0, 0, 0, 0, 0, 0, : 5, 15, 14, 11, 2, 2, 1, 18, 16, 
84: 6, 3, 12, 25, 18, 1, 1, 7, 0, 0, 0, 0, 0, 0, 0, 0, 0, 0, 0, 0, : 6, 3, 12, 25, 18, 1, 1, 7, 
85: 2, 1, 1, 17, 10, 1, 10, 1, 3, 1, 0, 0, 0, 0, 0, 0, 0, 0, 0, 0, : 2, 1, 1, 17, 10, 1, 10, 1, 3, 1, 
86: 3, 4, 1, 9, 18, 18, 2, 1, 3, 1, 2, 1, 0, 0, 0, 0, 0, 0, 0, 0, : 3, 4, 1, 9, 18, 18, 2, 1, 3, 1, 2, 1, 
87: 1, 7, 13, 13, 8, 3, 15, 14, 0, 0, 0, 0, 0, 0, 0, 0, 0, 0, 0, 0, : 1, 7, 13, 13, 8, 3, 15, 14, 
88: 15, 6, 14, 13, 13, 5, 1, 5, 7, 1, 0, 0, 0, 0, 0, 0, 0, 0, 0, 0, : 15, 6, 14, 13, 13, 5, 1, 5, 7, 1, 
89: 5, 11, 1, 15, 11, 27, 8, 15, 4, 11, 1, 0, 0, 0, 0, 0, 0, 0, 0, 0, : 5, 11, 1, 15, 11, 27, 8, 15, 4, 11, 1, 
90: 16, 6, 2, 33, 4, 1, 4, 3, 19, 1, 11, 3, 0, 0, 0, 0, 0, 0, 0, 0, : 16, 6, 2, 33, 4, 1, 4, 3, 19, 1, 11, 3, 
91: 12, 1, 2, 7, 2, 2, 7, 2, 3, 1, 0, 0, 0, 0, 0, 0, 0, 0, 0, 0, : 12, 1, 2, 7, 2, 2, 7, 2, 3, 1, 
92: 2, 3, 15, 15, 17, 12, 5, 8, 5, 4, 0, 0, 0, 0, 0, 0, 0, 0, 0, 0, : 2, 3, 15, 15, 17, 12, 5, 8, 5, 4, 
93: 3, 3, 3, 5, 5, 13, 1, 0, 0, 0, 0, 0, 0, 0, 0, 0, 0, 0, 0, 0, : 3, 3, 3, 5, 5, 13, 1, 
94: 19, 16, 5, 2, 3, 10, 1, 18, 7, 0, 0, 0, 0, 0, 0, 0, 0, 0, 0, 0, : 19, 16, 5, 2, 3, 10, 1, 18, 7, 
95: 5, 12, 18, 5, 9, 12, 3, 0, 0, 0, 0, 0, 0, 0, 0, 0, 0, 0, 0, 0, : 5, 12, 18, 5, 9, 12, 3, 
96: 6, 21, 5, 3, 1, 15, 1, 7, 11, 2, 3, 0, 0, 0, 0, 0, 0, 0, 0, 0, : 6, 21, 5, 3, 1, 15, 1, 7, 11, 2, 3, 
97: 4, 4, 4, 13, 11, 13, 8, 3, 26, 0, 0, 0, 0, 0, 0, 0, 0, 0, 0, 0, : 4, 4, 4, 13, 11, 13, 8, 3, 26, 
98: 21, 10, 4, 3, 1, 5, 4, 6, 26, 5, 8, 0, 0, 0, 0, 0, 0, 0, 0, 0, : 21, 10, 4, 3, 1, 5, 4, 6, 26, 5, 8, 
99: 4, 4, 9, 32, 5, 4, 20, 3, 0, 0, 0, 0, 0, 0, 0, 0, 0, 0, 0, 0, : 4, 4, 9, 32, 5, 4, 20, 3, 
100: 1, 10, 17, 9, 5, 1, 2, 1, 6, 11, 14, 7, 4, 0, 0, 0, 0, 0, 0, 0, : 1, 10, 17, 9, 5, 1, 2, 1, 6, 11, 14, 7, 4, 
101: 4, 1, 8, 2, 6, 8, 7, 9, 1, 21, 2, 11, 0, 0, 0, 0, 0, 0, 0, 0, : 4, 1, 8, 2, 6, 8, 7, 9, 1, 21, 2, 11, 
102: 15, 3, 36, 4, 2, 1, 11, 0, 0, 0, 0, 0, 0, 0, 0, 0, 0, 0, 0, 0, : 15, 3, 36, 4, 2, 1, 11, 
103: 20, 14, 17, 2, 2, 1, 13, 11, 25, 6, 0, 0, 0, 0, 0, 0, 0, 0, 0, 0, : 20, 14, 17, 2, 2, 1, 13, 11, 25, 6, 
104: 1, 24, 13, 5, 2, 4, 6, 10, 2, 5, 12, 15, 3, 0, 0, 0, 0, 0, 0, 0, : 1, 24, 13, 5, 2, 4, 6, 10, 2, 5, 12, 15, 3, 
105: 11, 2, 1, 3, 2, 12, 2, 10, 4, 15, 2, 0, 0, 0, 0, 0, 0, 0, 0, 0, : 11, 2, 1, 3, 2, 12, 2, 10, 4, 15, 2, 
106: 2, 23, 1, 20, 0, 0, 0, 0, 0, 0, 0, 0, 0, 0, 0, 0, 0, 0, 0, 0, : 2, 23, 1, 20, 
107: 10, 19, 7, 9, 7, 5, 9, 8, 4, 38, 1, 21, 0, 0, 0, 0, 0, 0, 0, 0, : 10, 19, 7, 9, 7, 5, 9, 8, 4, 38, 1, 21, 
108: 14, 3, 24, 7, 3, 1, 6, 3, 9, 0, 0, 0, 0, 0, 0, 0, 0, 0, 0, 0, : 14, 3, 24, 7, 3, 1, 6, 3, 9, 
109: 4, 1, 5, 1, 7, 5, 11, 1, 2, 0, 0, 0, 0, 0, 0, 0, 0, 0, 0, 0, : 4, 1, 5, 1, 7, 5, 11, 1, 2, 
110: 2, 2, 6, 7, 16, 19, 9, 0, 0, 0, 0, 0, 0, 0, 0, 0, 0, 0, 0, 0, : 2, 2, 6, 7, 16, 19, 9, 
111: 2, 3, 4, 23, 3, 10, 2, 3, 4, 6, 1, 0, 0, 0, 0, 0, 0, 0, 0, 0, : 2, 3, 4, 23, 3, 10, 2, 3, 4, 6, 1, 
112: 2, 4, 28, 18, 26, 1, 3, 0, 0, 0, 0, 0, 0, 0, 0, 0, 0, 0, 0, 0, : 2, 4, 28, 18, 26, 1, 3, 
113: 5, 26, 8, 1, 3, 5, 1, 3, 1, 1, 22, 10, 0, 0, 0, 0, 0, 0, 0, 0, : 5, 26, 8, 1, 3, 5, 1, 3, 1, 1, 22, 10, 
114: 13, 1, 2, 15, 8, 1, 31, 10, 3, 1, 6, 0, 0, 0, 0, 0, 0, 0, 0, 0, : 13, 1, 2, 15, 8, 1, 31, 10, 3, 1, 6, 
115: 28, 1, 26, 3, 6, 17, 5, 1, 10, 0, 0, 0, 0, 0, 0, 0, 0, 0, 0, 0, : 28, 1, 26, 3, 6, 17, 5, 1, 10, 
116: 27, 6, 2, 4, 1, 26, 6, 1, 2, 4, 0, 0, 0, 0, 0, 0, 0, 0, 0, 0, : 27, 6, 2, 4, 1, 26, 6, 1, 2, 4, 
117: 6, 1, 3, 19, 6, 0, 0, 0, 0, 0, 0, 0, 0, 0, 0, 0, 0, 0, 0, 0, : 6, 1, 3, 19, 6, 
118: 1, 8, 26, 8, 2, 3, 1, 12, 11, 1, 14, 1, 0, 0, 0, 0, 0, 0, 0, 0, : 1, 8, 26, 8, 2, 3, 1, 12, 11, 1, 14, 1, 
119: 2, 4, 2, 1, 21, 5, 1, 13, 10, 0, 0, 0, 0, 0, 0, 0, 0, 0, 0, 0, : 2, 4, 2, 1, 21, 5, 1, 13, 10, 
120: 11, 17, 14, 2, 12, 4, 13, 1, 19, 0, 0, 0, 0, 0, 0, 0, 0, 0, 0, 0, : 11, 17, 14, 2, 12, 4, 13, 1, 19, 


