40
120
1: 2, 30, 11, 6, 1, 2, 9, 3, 10, 2, 2, 5, 7, 19, 1, 10, 7, 25, 21, 5, 1, 1, 0, 0, 0, 0, 0, 0, 0, 0, 0, 0, 0, 0, 0, 0, 0, 0, 0, 0, : 2, 30, 11, 6, 1, 2, 9, 3, 10, 2, 2, 5, 7, 19, 1, 10, 7, 25, 21, 5, 1, 1, 
2: 1, 16, 1, 4, 6, 25, 3, 10, 5, 13, 4, 7, 8, 2, 1, 13, 1, 6, 12, 2, 10, 13, 0, 0, 0, 0, 0, 0, 0, 0, 0, 0, 0, 0, 0, 0, 0, 0, 0, 0, : 1, 16, 1, 4, 6, 25, 3, 10, 5, 13, 4, 7, 8, 2, 1, 13, 1, 6, 12, 2, 10, 13, 
3: 2, 7, 13, 4, 2, 11, 9, 6, 1, 35, 26, 13, 2, 8, 7, 12, 3, 1, 3, 19, 7, 3, 1, 3, 0, 0, 0, 0, 0, 0, 0, 0, 0, 0, 0, 0, 0, 0, 0, 0, : 2, 7, 13, 4, 2, 11, 9, 6, 1, 35, 26, 13, 2, 8, 7, 12, 3, 1, 3, 19, 7, 3, 1, 3, 
4: 9, 13, 3, 20, 1, 1, 3, 11, 1, 1, 3, 20, 4, 12, 21, 20, 10, 1, 2, 1, 6, 29, 3, 8, 16, 0, 0, 0, 0, 0, 0, 0, 0, 0, 0, 0, 0, 0, 0, 0, : 9, 13, 3, 20, 1, 1, 3, 11, 1, 1, 3, 20, 4, 12, 21, 20, 10, 1, 2, 1, 6, 29, 3, 8, 16, 
5: 2, 1, 6, 5, 10, 2, 1, 16, 8, 3, 6, 26, 2, 18, 1, 4, 36, 1, 3, 3, 6, 0, 0, 0, 0, 0, 0, 0, 0, 0, 0, 0, 0, 0, 0, 0, 0, 0, 0, 0, : 2, 1, 6, 5, 10, 2, 1, 16, 8, 3, 6, 26, 2, 18, 1, 4, 36, 1, 3, 3, 6, 
6: 10, 1, 5, 23, 4, 10, 6, 6, 1, 1, 9, 3, 1, 5, 9, 1, 4, 28, 7, 14, 0, 0, 0, 0, 0, 0, 0, 0, 0, 0, 0, 0, 0, 0, 0, 0, 0, 0, 0, 0, : 10, 1, 5, 23, 4, 10, 6, 6, 1, 1, 9, 3, 1, 5, 9, 1, 4, 28, 7, 14, 
7: 6, 4, 5, 8, 7, 18, 1, 10, 22, 1, 2, 10, 10, 12, 7, 1, 7, 5, 18, 4, 5, 6, 11, 1, 4, 9, 12, 18, 0, 0, 0, 0, 0, 0, 0, 0, 0, 0, 0, 0, : 6, 4, 5, 8, 7, 18, 1, 10, 22, 1, 2, 10, 10, 12, 7, 1, 7, 5, 18, 4, 5, 6, 11, 1, 4, 9, 12, 18, 
8: 7, 5, 10, 9, 8, 14, 2, 3, 14, 2, 29, 28, 6, 18, 4, 5, 2, 3, 4, 3, 7, 1, 8, 7, 10, 6, 0, 0, 0, 0, 0, 0, 0, 0, 0, 0, 0, 0, 0, 0, : 7, 5, 10, 9, 8, 14, 2, 3, 14, 2, 29, 28, 6, 18, 4, 5, 2, 3, 4, 3, 7, 1, 8, 7, 10, 6, 
9: 1, 16, 1, 18, 2, 11, 19, 1, 3, 0, 0, 0, 0, 0, 0, 0, 0, 0, 0, 0, 0, 0, 0, 0, 0, 0, 0, 0, 0, 0, 0, 0, 0, 0, 0, 0, 0, 0, 0, 0, : 1, 16, 1, 18, 2, 11, 19, 1, 3, 
10: 1, 2, 13, 4, 9, 14, 3, 15, 10, 9, 33, 6, 4, 14, 0, 0, 0, 0, 0, 0, 0, 0, 0, 0, 0, 0, 0, 0, 0, 0, 0, 0, 0, 0, 0, 0, 0, 0, 0, 0, : 1, 2, 13, 4, 9, 14, 3, 15, 10, 9, 33, 6, 4, 14, 
11: 5, 2, 25, 3, 1, 1, 6, 28, 4, 19, 26, 17, 2, 11, 10, 3, 3, 22, 2, 21, 3, 4, 3, 0, 0, 0, 0, 0, 0, 0, 0, 0, 0, 0, 0, 0, 0, 0, 0, 0, : 5, 2, 25, 3, 1, 1, 6, 28, 4, 19, 26, 17, 2, 11, 10, 3, 3, 22, 2, 21, 3, 4, 3, 
12: 9, 12, 7, 5, 8, 5, 5, 8, 1, 9, 18, 28, 4, 7, 1, 8, 6, 2, 3, 17, 13, 0, 0, 0, 0, 0, 0, 0, 0, 0, 0, 0, 0, 0, 0, 0, 0, 0, 0, 0, : 9, 12, 7, 5, 8, 5, 5, 8, 1, 9, 18, 28, 4, 7, 1, 8, 6, 2, 3, 17, 13, 
13: 8, 6, 6, 7, 2, 2, 3, 9, 3, 17, 1, 1, 1, 3, 4, 5, 1, 0, 0, 0, 0, 0, 0, 0, 0, 0, 0, 0, 0, 0, 0, 0, 0, 0, 0, 0, 0, 0, 0, 0, : 8, 6, 6, 7, 2, 2, 3, 9, 3, 17, 1, 1, 1, 3, 4, 5, 1, 
14: 15, 2, 5, 18, 6, 15, 3, 7, 3, 2, 1, 18, 5, 4, 0, 0, 0, 0, 0, 0, 0, 0, 0, 0, 0, 0, 0, 0, 0, 0, 0, 0, 0, 0, 0, 0, 0, 0, 0, 0, : 15, 2, 5, 18, 6, 15, 3, 7, 3, 2, 1, 18, 5, 4, 
15: 20, 15, 3, 7, 2, 19, 3, 1, 3, 4, 13, 15, 5, 3, 2, 4, 0, 0, 0, 0, 0, 0, 0, 0, 0, 0, 0, 0, 0, 0, 0, 0, 0, 0, 0, 0, 0, 0, 0, 0, : 20, 15, 3, 7, 2, 19, 3, 1, 3, 4, 13, 15, 5, 3, 2, 4, 
16: 1, 26, 13, 2, 29, 1, 3, 1, 6, 7, 0, 0, 0, 0, 0, 0, 0, 0, 0, 0, 0, 0, 0, 0, 0, 0, 0, 0, 0, 0, 0, 0, 0, 0, 0, 0, 0, 0, 0, 0, : 1, 26, 13, 2, 29, 1, 3, 1, 6, 7, 
17: 2, 1, 2, 1, 6, 1, 1, 22, 4, 2, 2, 3, 4, 1, 8, 6, 6, 0, 0, 0, 0, 0, 0, 0, 0, 0, 0, 0, 0, 0, 0, 0, 0, 0, 0, 0, 0, 0, 0, 0, : 2, 1, 2, 1, 6, 1, 1, 22, 4, 2, 2, 3, 4, 1, 8, 6, 6, 
18: 1, 21, 1, 1, 1, 1, 1, 6, 2, 5, 17, 2, 2, 4, 1, 1, 4, 17, 25, 10, 9, 29, 1, 5, 0, 0, 0, 0, 0, 0, 0, 0, 0, 0, 0, 0, 0, 0, 0, 0, : 1, 21, 1, 1, 1, 1, 1, 6, 2, 5, 17, 2, 2, 4, 1, 1, 4, 17, 25, 10, 9, 29, 1, 5, 
19: 7, 8, 15, 16, 1, 3, 8, 18, 4, 17, 1, 7, 19, 6, 0, 0, 0, 0, 0, 0, 0, 0, 0, 0, 0, 0, 0, 0, 0, 0, 0, 0, 0, 0, 0, 0, 0, 0, 0, 0, : 7, 8, 15, 16, 1, 3, 8, 18, 4, 17, 1, 7, 19, 6, 
20: 3, 2, 11, 15, 4, 2, 8, 1, 3, 2, 14, 8, 6, 1, 1, 6, 18, 1, 15, 2, 2, 9, 5, 4, 3, 2, 1, 22, 1, 0, 0, 0, 0, 0, 0, 0, 0, 0, 0, 0, : 3, 2, 11, 15, 4, 2, 8, 1, 3, 2, 14, 8, 6, 1, 1, 6, 18, 1, 15, 2, 2, 9, 5, 4, 3, 2, 1, 22, 1, 
21: 1, 5, 7, 24, 1, 1, 6, 4, 4, 3, 7, 3, 9, 18, 20, 2, 27, 7, 4, 2, 2, 12, 4, 4, 1, 20, 9, 4, 7, 0, 0, 0, 0, 0, 0, 0, 0, 0, 0, 0, : 1, 5, 7, 24, 1, 1, 6, 4, 4, 3, 7, 3, 9, 18, 20, 2, 27, 7, 4, 2, 2, 12, 4, 4, 1, 20, 9, 4, 7, 
22: 2, 1, 7, 32, 1, 5, 4, 2, 10, 8, 4, 12, 5, 3, 1, 1, 11, 1, 0, 0, 0, 0, 0, 0, 0, 0, 0, 0, 0, 0, 0, 0, 0, 0, 0, 0, 0, 0, 0, 0, : 2, 1, 7, 32, 1, 5, 4, 2, 10, 8, 4, 12, 5, 3, 1, 1, 11, 1, 
23: 4, 11, 18, 1, 5, 2, 6, 25, 1, 2, 5, 1, 1, 3, 1, 3, 12, 13, 3, 20, 2, 2, 33, 1, 7, 24, 13, 1, 6, 0, 0, 0, 0, 0, 0, 0, 0, 0, 0, 0, : 4, 11, 18, 1, 5, 2, 6, 25, 1, 2, 5, 1, 1, 3, 1, 3, 12, 13, 3, 20, 2, 2, 33, 1, 7, 24, 13, 1, 6, 
24: 8, 15, 11, 30, 24, 27, 2, 16, 8, 6, 13, 1, 12, 5, 8, 1, 6, 29, 4, 5, 13, 0, 0, 0, 0, 0, 0, 0, 0, 0, 0, 0, 0, 0, 0, 0, 0, 0, 0, 0, : 8, 15, 11, 30, 24, 27, 2, 16, 8, 6, 13, 1, 12, 5, 8, 1, 6, 29, 4, 5, 13, 
25: 1, 2, 13, 7, 26, 1, 20, 4, 6, 8, 9, 1, 19, 6, 6, 7, 17, 2, 16, 17, 5, 5, 5, 0, 0, 0, 0, 0, 0, 0, 0, 0, 0, 0, 0, 0, 0, 0, 0, 0, : 1, 2, 13, 7, 26, 1, 20, 4, 6, 8, 9, 1, 19, 6, 6, 7, 17, 2, 16, 17, 5, 5, 5, 
26: 10, 12, 2, 13, 1, 9, 1, 9, 10, 21, 2, 9, 33, 7, 12, 21, 7, 5, 2, 0, 0, 0, 0, 0, 0, 0, 0, 0, 0, 0, 0, 0, 0, 0, 0, 0, 0, 0, 0, 0, : 10, 12, 2, 13, 1, 9, 1, 9, 10, 21, 2, 9, 33, 7, 12, 21, 7, 5, 2, 
27: 4, 1, 14, 8, 1, 11, 21, 7, 9, 1, 4, 8, 6, 0, 0, 0, 0, 0, 0, 0, 0, 0, 0, 0, 0, 0, 0, 0, 0, 0, 0, 0, 0, 0, 0, 0, 0, 0, 0, 0, : 4, 1, 14, 8, 1, 11, 21, 7, 9, 1, 4, 8, 6, 
28: 29, 20, 2, 24, 11, 4, 25, 5, 8, 6, 2, 2, 3, 9, 4, 7, 1, 6, 10, 6, 19, 23, 17, 1, 10, 0, 0, 0, 0, 0, 0, 0, 0, 0, 0, 0, 0, 0, 0, 0, : 29, 20, 2, 24, 11, 4, 25, 5, 8, 6, 2, 2, 3, 9, 4, 7, 1, 6, 10, 6, 19, 23, 17, 1, 10, 
29: 4, 5, 4, 5, 2, 2, 8, 23, 2, 3, 4, 16, 4, 7, 9, 5, 11, 1, 3, 2, 13, 4, 0, 0, 0, 0, 0, 0, 0, 0, 0, 0, 0, 0, 0, 0, 0, 0, 0, 0, : 4, 5, 4, 5, 2, 2, 8, 23, 2, 3, 4, 16, 4, 7, 9, 5, 11, 1, 3, 2, 13, 4, 
30: 2, 1, 7, 11, 9, 7, 3, 2, 16, 6, 7, 14, 1, 13, 9, 10, 2, 10, 3, 3, 0, 0, 0, 0, 0, 0, 0, 0, 0, 0, 0, 0, 0, 0, 0, 0, 0, 0, 0, 0, : 2, 1, 7, 11, 9, 7, 3, 2, 16, 6, 7, 14, 1, 13, 9, 10, 2, 10, 3, 3, 
31: 13, 1, 2, 9, 4, 1, 5, 12, 2, 25, 4, 3, 4, 2, 1, 3, 5, 1, 4, 1, 4, 2, 4, 0, 0, 0, 0, 0, 0, 0, 0, 0, 0, 0, 0, 0, 0, 0, 0, 0, : 13, 1, 2, 9, 4, 1, 5, 12, 2, 25, 4, 3, 4, 2, 1, 3, 5, 1, 4, 1, 4, 2, 4, 
32: 13, 7, 14, 10, 4, 2, 15, 12, 7, 3, 1, 10, 35, 6, 1, 17, 3, 3, 13, 2, 0, 0, 0, 0, 0, 0, 0, 0, 0, 0, 0, 0, 0, 0, 0, 0, 0, 0, 0, 0, : 13, 7, 14, 10, 4, 2, 15, 12, 7, 3, 1, 10, 35, 6, 1, 17, 3, 3, 13, 2, 
33: 5, 9, 1, 1, 10, 4, 9, 4, 7, 1, 2, 26, 3, 7, 7, 2, 0, 0, 0, 0, 0, 0, 0, 0, 0, 0, 0, 0, 0, 0, 0, 0, 0, 0, 0, 0, 0, 0, 0, 0, : 5, 9, 1, 1, 10, 4, 9, 4, 7, 1, 2, 26, 3, 7, 7, 2, 
34: 3, 4, 4, 8, 4, 6, 3, 12, 1, 14, 1, 11, 9, 15, 1, 2, 4, 0, 0, 0, 0, 0, 0, 0, 0, 0, 0, 0, 0, 0, 0, 0, 0, 0, 0, 0, 0, 0, 0, 0, : 3, 4, 4, 8, 4, 6, 3, 12, 1, 14, 1, 11, 9, 15, 1, 2, 4, 
35: 1, 18, 10, 4, 1, 19, 2, 3, 10, 35, 19, 5, 13, 1, 8, 8, 12, 15, 2, 0, 0, 0, 0, 0, 0, 0, 0, 0, 0, 0, 0, 0, 0, 0, 0, 0, 0, 0, 0, 0, : 1, 18, 10, 4, 1, 19, 2, 3, 10, 35, 19, 5, 13, 1, 8, 8, 12, 15, 2, 
36: 12, 22, 22, 12, 6, 5, 6, 1, 7, 10, 24, 6, 2, 1, 16, 3, 4, 10, 20, 0, 0, 0, 0, 0, 0, 0, 0, 0, 0, 0, 0, 0, 0, 0, 0, 0, 0, 0, 0, 0, : 12, 22, 22, 12, 6, 5, 6, 1, 7, 10, 24, 6, 2, 1, 16, 3, 4, 10, 20, 
37: 12, 28, 1, 5, 1, 3, 7, 2, 3, 2, 8, 5, 31, 7, 11, 5, 13, 21, 5, 5, 0, 0, 0, 0, 0, 0, 0, 0, 0, 0, 0, 0, 0, 0, 0, 0, 0, 0, 0, 0, : 12, 28, 1, 5, 1, 3, 7, 2, 3, 2, 8, 5, 31, 7, 11, 5, 13, 21, 5, 5, 
38: 1, 1, 26, 4, 5, 8, 5, 2, 11, 7, 1, 1, 10, 1, 31, 1, 19, 1, 1, 0, 0, 0, 0, 0, 0, 0, 0, 0, 0, 0, 0, 0, 0, 0, 0, 0, 0, 0, 0, 0, : 1, 1, 26, 4, 5, 8, 5, 2, 11, 7, 1, 1, 10, 1, 31, 1, 19, 1, 1, 
39: 16, 12, 2, 2, 3, 3, 16, 20, 5, 2, 34, 1, 2, 8, 1, 10, 8, 1, 13, 1, 25, 0, 0, 0, 0, 0, 0, 0, 0, 0, 0, 0, 0, 0, 0, 0, 0, 0, 0, 0, : 16, 12, 2, 2, 3, 3, 16, 20, 5, 2, 34, 1, 2, 8, 1, 10, 8, 1, 13, 1, 25, 
40: 7, 1, 1, 2, 16, 3, 4, 6, 1, 13, 1, 17, 3, 14, 8, 3, 4, 1, 8, 1, 5, 4, 1, 6, 0, 0, 0, 0, 0, 0, 0, 0, 0, 0, 0, 0, 0, 0, 0, 0, : 7, 1, 1, 2, 16, 3, 4, 6, 1, 13, 1, 17, 3, 14, 8, 3, 4, 1, 8, 1, 5, 4, 1, 6, 
41: 5, 6, 7, 6, 1, 1, 10, 1, 4, 10, 19, 1, 5, 2, 1, 25, 9, 14, 3, 8, 5, 1, 4, 0, 0, 0, 0, 0, 0, 0, 0, 0, 0, 0, 0, 0, 0, 0, 0, 0, : 5, 6, 7, 6, 1, 1, 10, 1, 4, 10, 19, 1, 5, 2, 1, 25, 9, 14, 3, 8, 5, 1, 4, 
42: 1, 5, 2, 3, 9, 1, 1, 2, 10, 1, 3, 6, 10, 1, 12, 1, 9, 1, 1, 16, 0, 0, 0, 0, 0, 0, 0, 0, 0, 0, 0, 0, 0, 0, 0, 0, 0, 0, 0, 0, : 1, 5, 2, 3, 9, 1, 1, 2, 10, 1, 3, 6, 10, 1, 12, 1, 9, 1, 1, 16, 
43: 26, 1, 24, 16, 14, 5, 25, 15, 1, 12, 17, 2, 17, 6, 0, 0, 0, 0, 0, 0, 0, 0, 0, 0, 0, 0, 0, 0, 0, 0, 0, 0, 0, 0, 0, 0, 0, 0, 0, 0, : 26, 1, 24, 16, 14, 5, 25, 15, 1, 12, 17, 2, 17, 6, 
44: 12, 1, 17, 3, 26, 29, 11, 2, 5, 6, 35, 17, 16, 23, 4, 4, 17, 1, 1, 15, 12, 8, 3, 5, 2, 0, 0, 0, 0, 0, 0, 0, 0, 0, 0, 0, 0, 0, 0, 0, : 12, 1, 17, 3, 26, 29, 11, 2, 5, 6, 35, 17, 16, 23, 4, 4, 17, 1, 1, 15, 12, 8, 3, 5, 2, 
45: 7, 17, 2, 38, 20, 3, 1, 5, 5, 12, 1, 1, 10, 37, 23, 18, 7, 7, 3, 2, 4, 9, 1, 9, 0, 0, 0, 0, 0, 0, 0, 0, 0, 0, 0, 0, 0, 0, 0, 0, : 7, 17, 2, 38, 20, 3, 1, 5, 5, 12, 1, 1, 10, 37, 23, 18, 7, 7, 3, 2, 4, 9, 1, 9, 
46: 3, 4, 4, 30, 1, 7, 1, 2, 1, 17, 8, 13, 6, 23, 2, 9, 11, 7, 2, 3, 11, 2, 8, 3, 0, 0, 0, 0, 0, 0, 0, 0, 0, 0, 0, 0, 0, 0, 0, 0, : 3, 4, 4, 30, 1, 7, 1, 2, 1, 17, 8, 13, 6, 23, 2, 9, 11, 7, 2, 3, 11, 2, 8, 3, 
47: 2, 13, 2, 16, 1, 39, 3, 4, 3, 1, 2, 13, 21, 13, 24, 1, 0, 0, 0, 0, 0, 0, 0, 0, 0, 0, 0, 0, 0, 0, 0, 0, 0, 0, 0, 0, 0, 0, 0, 0, : 2, 13, 2, 16, 1, 39, 3, 4, 3, 1, 2, 13, 21, 13, 24, 1, 
48: 14, 9, 7, 8, 14, 2, 14, 9, 4, 12, 13, 5, 15, 6, 2, 1, 2, 0, 0, 0, 0, 0, 0, 0, 0, 0, 0, 0, 0, 0, 0, 0, 0, 0, 0, 0, 0, 0, 0, 0, : 14, 9, 7, 8, 14, 2, 14, 9, 4, 12, 13, 5, 15, 6, 2, 1, 2, 
49: 1, 3, 12, 2, 3, 1, 5, 8, 6, 11, 8, 1, 15, 8, 25, 0, 0, 0, 0, 0, 0, 0, 0, 0, 0, 0, 0, 0, 0, 0, 0, 0, 0, 0, 0, 0, 0, 0, 0, 0, : 1, 3, 12, 2, 3, 1, 5, 8, 6, 11, 8, 1, 15, 8, 25, 
50: 3, 1, 9, 16, 7, 14, 1, 9, 28, 3, 2, 23, 3, 13, 9, 29, 0, 0, 0, 0, 0, 0, 0, 0, 0, 0, 0, 0, 0, 0, 0, 0, 0, 0, 0, 0, 0, 0, 0, 0, : 3, 1, 9, 16, 7, 14, 1, 9, 28, 3, 2, 23, 3, 13, 9, 29, 
51: 3, 12, 2, 7, 10, 3, 22, 1, 11, 1, 1, 16, 8, 21, 12, 6, 26, 1, 0, 0, 0, 0, 0, 0, 0, 0, 0, 0, 0, 0, 0, 0, 0, 0, 0, 0, 0, 0, 0, 0, : 3, 12, 2, 7, 10, 3, 22, 1, 11, 1, 1, 16, 8, 21, 12, 6, 26, 1, 
52: 9, 1, 16, 28, 1, 4, 20, 4, 29, 2, 2, 1, 16, 11, 3, 2, 11, 0, 0, 0, 0, 0, 0, 0, 0, 0, 0, 0, 0, 0, 0, 0, 0, 0, 0, 0, 0, 0, 0, 0, : 9, 1, 16, 28, 1, 4, 20, 4, 29, 2, 2, 1, 16, 11, 3, 2, 11, 
53: 14, 18, 2, 8, 8, 9, 3, 8, 6, 28, 1, 3, 2, 3, 18, 13, 4, 9, 17, 27, 24, 5, 18, 14, 2, 0, 0, 0, 0, 0, 0, 0, 0, 0, 0, 0, 0, 0, 0, 0, : 14, 18, 2, 8, 8, 9, 3, 8, 6, 28, 1, 3, 2, 3, 18, 13, 4, 9, 17, 27, 24, 5, 18, 14, 2, 
54: 3, 8, 15, 3, 2, 14, 6, 8, 2, 11, 1, 11, 1, 7, 3, 8, 20, 0, 0, 0, 0, 0, 0, 0, 0, 0, 0, 0, 0, 0, 0, 0, 0, 0, 0, 0, 0, 0, 0, 0, : 3, 8, 15, 3, 2, 14, 6, 8, 2, 11, 1, 11, 1, 7, 3, 8, 20, 
55: 3, 4, 30, 1, 7, 2, 9, 7, 11, 15, 4, 4, 1, 2, 3, 5, 1, 12, 5, 6, 5, 2, 0, 0, 0, 0, 0, 0, 0, 0, 0, 0, 0, 0, 0, 0, 0, 0, 0, 0, : 3, 4, 30, 1, 7, 2, 9, 7, 11, 15, 4, 4, 1, 2, 3, 5, 1, 12, 5, 6, 5, 2, 
56: 19, 21, 24, 7, 9, 20, 2, 9, 30, 8, 12, 5, 3, 6, 18, 1, 19, 2, 11, 16, 0, 0, 0, 0, 0, 0, 0, 0, 0, 0, 0, 0, 0, 0, 0, 0, 0, 0, 0, 0, : 19, 21, 24, 7, 9, 20, 2, 9, 30, 8, 12, 5, 3, 6, 18, 1, 19, 2, 11, 16, 
57: 2, 18, 22, 1, 1, 8, 4, 4, 2, 15, 2, 10, 1, 8, 5, 1, 19, 13, 6, 1, 7, 36, 25, 6, 3, 0, 0, 0, 0, 0, 0, 0, 0, 0, 0, 0, 0, 0, 0, 0, : 2, 18, 22, 1, 1, 8, 4, 4, 2, 15, 2, 10, 1, 8, 5, 1, 19, 13, 6, 1, 7, 36, 25, 6, 3, 
58: 1, 31, 6, 1, 1, 1, 4, 14, 17, 1, 1, 6, 3, 21, 9, 17, 6, 0, 0, 0, 0, 0, 0, 0, 0, 0, 0, 0, 0, 0, 0, 0, 0, 0, 0, 0, 0, 0, 0, 0, : 1, 31, 6, 1, 1, 1, 4, 14, 17, 1, 1, 6, 3, 21, 9, 17, 6, 
59: 14, 4, 1, 3, 5, 7, 25, 7, 9, 21, 14, 3, 4, 2, 2, 21, 13, 12, 0, 0, 0, 0, 0, 0, 0, 0, 0, 0, 0, 0, 0, 0, 0, 0, 0, 0, 0, 0, 0, 0, : 14, 4, 1, 3, 5, 7, 25, 7, 9, 21, 14, 3, 4, 2, 2, 21, 13, 12, 
60: 25, 1, 22, 32, 4, 1, 2, 1, 1, 6, 11, 5, 3, 1, 3, 16, 10, 2, 6, 11, 4, 11, 9, 18, 25, 1, 3, 4, 0, 0, 0, 0, 0, 0, 0, 0, 0, 0, 0, 0, : 25, 1, 22, 32, 4, 1, 2, 1, 1, 6, 11, 5, 3, 1, 3, 16, 10, 2, 6, 11, 4, 11, 9, 18, 25, 1, 3, 4, 
61: 15, 8, 5, 22, 7, 1, 1, 16, 31, 14, 6, 2, 18, 20, 2, 4, 5, 13, 1, 1, 4, 5, 10, 20, 14, 1, 0, 0, 0, 0, 0, 0, 0, 0, 0, 0, 0, 0, 0, 0, : 15, 8, 5, 22, 7, 1, 1, 16, 31, 14, 6, 2, 18, 20, 2, 4, 5, 13, 1, 1, 4, 5, 10, 20, 14, 1, 
62: 16, 21, 8, 4, 3, 4, 1, 2, 3, 3, 1, 4, 4, 2, 4, 6, 0, 0, 0, 0, 0, 0, 0, 0, 0, 0, 0, 0, 0, 0, 0, 0, 0, 0, 0, 0, 0, 0, 0, 0, : 16, 21, 8, 4, 3, 4, 1, 2, 3, 3, 1, 4, 4, 2, 4, 6, 
63: 3, 15, 11, 10, 9, 2, 1, 18, 13, 6, 17, 1, 3, 2, 10, 11, 2, 1, 7, 10, 25, 1, 13, 0, 0, 0, 0, 0, 0, 0, 0, 0, 0, 0, 0, 0, 0, 0, 0, 0, : 3, 15, 11, 10, 9, 2, 1, 18, 13, 6, 17, 1, 3, 2, 10, 11, 2, 1, 7, 10, 25, 1, 13, 
64: 1, 12, 13, 12, 15, 1, 1, 15, 1, 11, 3, 11, 2, 11, 6, 2, 26, 2, 16, 19, 9, 8, 5, 8, 0, 0, 0, 0, 0, 0, 0, 0, 0, 0, 0, 0, 0, 0, 0, 0, : 1, 12, 13, 12, 15, 1, 1, 15, 1, 11, 3, 11, 2, 11, 6, 2, 26, 2, 16, 19, 9, 8, 5, 8, 
65: 1, 7, 8, 3, 11, 1, 4, 24, 6, 23, 2, 18, 1, 3, 25, 9, 13, 9, 19, 16, 3, 1, 2, 0, 0, 0, 0, 0, 0, 0, 0, 0, 0, 0, 0, 0, 0, 0, 0, 0, : 1, 7, 8, 3, 11, 1, 4, 24, 6, 23, 2, 18, 1, 3, 25, 9, 13, 9, 19, 16, 3, 1, 2, 
66: 2, 13, 11, 4, 26, 2, 2, 1, 9, 11, 1, 1, 10, 2, 8, 2, 2, 11, 18, 3, 0, 0, 0, 0, 0, 0, 0, 0, 0, 0, 0, 0, 0, 0, 0, 0, 0, 0, 0, 0, : 2, 13, 11, 4, 26, 2, 2, 1, 9, 11, 1, 1, 10, 2, 8, 2, 2, 11, 18, 3, 
67: 1, 27, 1, 11, 38, 6, 12, 4, 8, 5, 4, 14, 7, 1, 7, 2, 1, 11, 9, 8, 4, 2, 3, 2, 2, 0, 0, 0, 0, 0, 0, 0, 0, 0, 0, 0, 0, 0, 0, 0, : 1, 27, 1, 11, 38, 6, 12, 4, 8, 5, 4, 14, 7, 1, 7, 2, 1, 11, 9, 8, 4, 2, 3, 2, 2, 
68: 1, 19, 6, 19, 11, 2, 1, 1, 19, 11, 12, 2, 17, 5, 7, 1, 0, 0, 0, 0, 0, 0, 0, 0, 0, 0, 0, 0, 0, 0, 0, 0, 0, 0, 0, 0, 0, 0, 0, 0, : 1, 19, 6, 19, 11, 2, 1, 1, 19, 11, 12, 2, 17, 5, 7, 1, 
69: 3, 2, 6, 7, 11, 4, 17, 7, 15, 6, 1, 1, 1, 8, 11, 2, 14, 10, 0, 0, 0, 0, 0, 0, 0, 0, 0, 0, 0, 0, 0, 0, 0, 0, 0, 0, 0, 0, 0, 0, : 3, 2, 6, 7, 11, 4, 17, 7, 15, 6, 1, 1, 1, 8, 11, 2, 14, 10, 
70: 5, 1, 1, 7, 28, 4, 1, 5, 17, 3, 4, 0, 0, 0, 0, 0, 0, 0, 0, 0, 0, 0, 0, 0, 0, 0, 0, 0, 0, 0, 0, 0, 0, 0, 0, 0, 0, 0, 0, 0, : 5, 1, 1, 7, 28, 4, 1, 5, 17, 3, 4, 
71: 8, 1, 5, 8, 6, 7, 2, 28, 1, 2, 8, 1, 4, 6, 8, 1, 7, 26, 4, 0, 0, 0, 0, 0, 0, 0, 0, 0, 0, 0, 0, 0, 0, 0, 0, 0, 0, 0, 0, 0, : 8, 1, 5, 8, 6, 7, 2, 28, 1, 2, 8, 1, 4, 6, 8, 1, 7, 26, 4, 
72: 2, 7, 11, 33, 2, 1, 14, 3, 4, 9, 7, 1, 4, 12, 12, 16, 2, 4, 8, 10, 3, 2, 1, 0, 0, 0, 0, 0, 0, 0, 0, 0, 0, 0, 0, 0, 0, 0, 0, 0, : 2, 7, 11, 33, 2, 1, 14, 3, 4, 9, 7, 1, 4, 12, 12, 16, 2, 4, 8, 10, 3, 2, 1, 
73: 3, 2, 14, 26, 23, 23, 2, 15, 20, 2, 22, 8, 10, 11, 26, 3, 9, 2, 2, 4, 0, 0, 0, 0, 0, 0, 0, 0, 0, 0, 0, 0, 0, 0, 0, 0, 0, 0, 0, 0, : 3, 2, 14, 26, 23, 23, 2, 15, 20, 2, 22, 8, 10, 11, 26, 3, 9, 2, 2, 4, 
74: 20, 3, 1, 4, 12, 6, 11, 24, 38, 2, 28, 7, 0, 0, 0, 0, 0, 0, 0, 0, 0, 0, 0, 0, 0, 0, 0, 0, 0, 0, 0, 0, 0, 0, 0, 0, 0, 0, 0, 0, : 20, 3, 1, 4, 12, 6, 11, 24, 38, 2, 28, 7, 
75: 3, 6, 1, 9, 9, 1, 21, 8, 4, 4, 12, 7, 2, 18, 4, 4, 9, 1, 5, 13, 1, 1, 0, 0, 0, 0, 0, 0, 0, 0, 0, 0, 0, 0, 0, 0, 0, 0, 0, 0, : 3, 6, 1, 9, 9, 1, 21, 8, 4, 4, 12, 7, 2, 18, 4, 4, 9, 1, 5, 13, 1, 1, 
76: 21, 4, 19, 10, 4, 18, 7, 3, 4, 4, 4, 13, 6, 6, 15, 18, 3, 3, 7, 2, 3, 4, 6, 3, 0, 0, 0, 0, 0, 0, 0, 0, 0, 0, 0, 0, 0, 0, 0, 0, : 21, 4, 19, 10, 4, 18, 7, 3, 4, 4, 4, 13, 6, 6, 15, 18, 3, 3, 7, 2, 3, 4, 6, 3, 
77: 4, 2, 1, 16, 14, 5, 2, 15, 9, 25, 16, 15, 2, 5, 8, 11, 1, 11, 12, 18, 15, 1, 14, 0, 0, 0, 0, 0, 0, 0, 0, 0, 0, 0, 0, 0, 0, 0, 0, 0, : 4, 2, 1, 16, 14, 5, 2, 15, 9, 25, 16, 15, 2, 5, 8, 11, 1, 11, 12, 18, 15, 1, 14, 
78: 5, 4, 1, 5, 11, 16, 11, 1, 2, 6, 7, 6, 1, 6, 4, 3, 6, 9, 3, 3, 38, 25, 1, 23, 14, 4, 22, 1, 7, 4, 0, 0, 0, 0, 0, 0, 0, 0, 0, 0, : 5, 4, 1, 5, 11, 16, 11, 1, 2, 6, 7, 6, 1, 6, 4, 3, 6, 9, 3, 3, 38, 25, 1, 23, 14, 4, 22, 1, 7, 4, 
79: 21, 5, 2, 4, 7, 1, 1, 15, 2, 1, 1, 19, 3, 12, 24, 2, 29, 3, 1, 12, 26, 0, 0, 0, 0, 0, 0, 0, 0, 0, 0, 0, 0, 0, 0, 0, 0, 0, 0, 0, : 21, 5, 2, 4, 7, 1, 1, 15, 2, 1, 1, 19, 3, 12, 24, 2, 29, 3, 1, 12, 26, 
80: 2, 4, 10, 10, 1, 1, 17, 2, 5, 18, 1, 1, 1, 8, 3, 5, 4, 5, 4, 25, 25, 21, 2, 1, 2, 1, 0, 0, 0, 0, 0, 0, 0, 0, 0, 0, 0, 0, 0, 0, : 2, 4, 10, 10, 1, 1, 17, 2, 5, 18, 1, 1, 1, 8, 3, 5, 4, 5, 4, 25, 25, 21, 2, 1, 2, 1, 
81: 1, 5, 3, 5, 16, 17, 21, 31, 10, 19, 2, 4, 5, 12, 2, 16, 7, 5, 16, 5, 25, 9, 2, 0, 0, 0, 0, 0, 0, 0, 0, 0, 0, 0, 0, 0, 0, 0, 0, 0, : 1, 5, 3, 5, 16, 17, 21, 31, 10, 19, 2, 4, 5, 12, 2, 16, 7, 5, 16, 5, 25, 9, 2, 
82: 2, 17, 19, 1, 6, 11, 18, 9, 4, 8, 3, 1, 4, 10, 5, 5, 28, 3, 2, 2, 4, 2, 0, 0, 0, 0, 0, 0, 0, 0, 0, 0, 0, 0, 0, 0, 0, 0, 0, 0, : 2, 17, 19, 1, 6, 11, 18, 9, 4, 8, 3, 1, 4, 10, 5, 5, 28, 3, 2, 2, 4, 2, 
83: 16, 5, 13, 5, 3, 2, 13, 5, 5, 11, 15, 18, 4, 13, 1, 1, 12, 23, 6, 1, 1, 14, 14, 0, 0, 0, 0, 0, 0, 0, 0, 0, 0, 0, 0, 0, 0, 0, 0, 0, : 16, 5, 13, 5, 3, 2, 13, 5, 5, 11, 15, 18, 4, 13, 1, 1, 12, 23, 6, 1, 1, 14, 14, 
84: 2, 13, 2, 15, 1, 9, 14, 21, 6, 2, 2, 6, 37, 5, 1, 1, 21, 9, 16, 0, 0, 0, 0, 0, 0, 0, 0, 0, 0, 0, 0, 0, 0, 0, 0, 0, 0, 0, 0, 0, : 2, 13, 2, 15, 1, 9, 14, 21, 6, 2, 2, 6, 37, 5, 1, 1, 21, 9, 16, 
85: 5, 12, 13, 14, 4, 2, 10, 1, 1, 22, 1, 17, 10, 1, 3, 11, 22, 1, 12, 5, 3, 2, 1, 9, 35, 0, 0, 0, 0, 0, 0, 0, 0, 0, 0, 0, 0, 0, 0, 0, : 5, 12, 13, 14, 4, 2, 10, 1, 1, 22, 1, 17, 10, 1, 3, 11, 22, 1, 12, 5, 3, 2, 1, 9, 35, 
86: 13, 1, 24, 1, 18, 31, 2, 1, 9, 4, 1, 2, 5, 5, 1, 11, 4, 11, 7, 11, 4, 0, 0, 0, 0, 0, 0, 0, 0, 0, 0, 0, 0, 0, 0, 0, 0, 0, 0, 0, : 13, 1, 24, 1, 18, 31, 2, 1, 9, 4, 1, 2, 5, 5, 1, 11, 4, 11, 7, 11, 4, 
87: 3, 13, 7, 15, 1, 3, 15, 5, 13, 2, 4, 3, 1, 10, 16, 16, 32, 9, 0, 0, 0, 0, 0, 0, 0, 0, 0, 0, 0, 0, 0, 0, 0, 0, 0, 0, 0, 0, 0, 0, : 3, 13, 7, 15, 1, 3, 15, 5, 13, 2, 4, 3, 1, 10, 16, 16, 32, 9, 
88: 6, 20, 7, 11, 4, 1, 1, 3, 19, 2, 10, 7, 2, 9, 16, 1, 4, 13, 10, 5, 0, 0, 0, 0, 0, 0, 0, 0, 0, 0, 0, 0, 0, 0, 0, 0, 0, 0, 0, 0, : 6, 20, 7, 11, 4, 1, 1, 3, 19, 2, 10, 7, 2, 9, 16, 1, 4, 13, 10, 5, 
89: 1, 1, 4, 12, 8, 1, 7, 5, 20, 1, 23, 10, 2, 5, 27, 10, 5, 1, 8, 3, 1, 0, 0, 0, 0, 0, 0, 0, 0, 0, 0, 0, 0, 0, 0, 0, 0, 0, 0, 0, : 1, 1, 4, 12, 8, 1, 7, 5, 20, 1, 23, 10, 2, 5, 27, 10, 5, 1, 8, 3, 1, 
90: 1, 8, 5, 3, 7, 4, 1, 6, 7, 1, 9, 1, 27, 9, 2, 3, 8, 1, 1, 2, 6, 13, 3, 11, 9, 0, 0, 0, 0, 0, 0, 0, 0, 0, 0, 0, 0, 0, 0, 0, : 1, 8, 5, 3, 7, 4, 1, 6, 7, 1, 9, 1, 27, 9, 2, 3, 8, 1, 1, 2, 6, 13, 3, 11, 9, 
91: 2, 19, 4, 5, 4, 12, 1, 15, 2, 11, 20, 5, 4, 1, 1, 5, 2, 4, 4, 3, 0, 0, 0, 0, 0, 0, 0, 0, 0, 0, 0, 0, 0, 0, 0, 0, 0, 0, 0, 0, : 2, 19, 4, 5, 4, 12, 1, 15, 2, 11, 20, 5, 4, 1, 1, 5, 2, 4, 4, 3, 
92: 14, 5, 31, 3, 1, 7, 3, 19, 3, 5, 3, 7, 9, 9, 13, 17, 11, 3, 7, 12, 5, 5, 10, 2, 1, 0, 0, 0, 0, 0, 0, 0, 0, 0, 0, 0, 0, 0, 0, 0, : 14, 5, 31, 3, 1, 7, 3, 19, 3, 5, 3, 7, 9, 9, 13, 17, 11, 3, 7, 12, 5, 5, 10, 2, 1, 
93: 8, 13, 1, 33, 10, 1, 2, 1, 22, 7, 4, 6, 2, 15, 9, 13, 19, 13, 1, 3, 0, 0, 0, 0, 0, 0, 0, 0, 0, 0, 0, 0, 0, 0, 0, 0, 0, 0, 0, 0, : 8, 13, 1, 33, 10, 1, 2, 1, 22, 7, 4, 6, 2, 15, 9, 13, 19, 13, 1, 3, 
94: 11, 4, 11, 3, 9, 1, 14, 2, 2, 9, 1, 5, 26, 5, 2, 3, 27, 1, 11, 0, 0, 0, 0, 0, 0, 0, 0, 0, 0, 0, 0, 0, 0, 0, 0, 0, 0, 0, 0, 0, : 11, 4, 11, 3, 9, 1, 14, 2, 2, 9, 1, 5, 26, 5, 2, 3, 27, 1, 11, 
95: 8, 3, 11, 1, 8, 7, 1, 6, 3, 11, 21, 4, 9, 23, 5, 18, 13, 33, 10, 1, 5, 3, 10, 3, 7, 12, 9, 8, 0, 0, 0, 0, 0, 0, 0, 0, 0, 0, 0, 0, : 8, 3, 11, 1, 8, 7, 1, 6, 3, 11, 21, 4, 9, 23, 5, 18, 13, 33, 10, 1, 5, 3, 10, 3, 7, 12, 9, 8, 
96: 5, 6, 1, 5, 4, 11, 1, 11, 11, 2, 24, 5, 5, 2, 6, 1, 2, 2, 13, 14, 6, 0, 0, 0, 0, 0, 0, 0, 0, 0, 0, 0, 0, 0, 0, 0, 0, 0, 0, 0, : 5, 6, 1, 5, 4, 11, 1, 11, 11, 2, 24, 5, 5, 2, 6, 1, 2, 2, 13, 14, 6, 
97: 6, 1, 11, 19, 12, 12, 4, 23, 4, 19, 6, 26, 1, 5, 6, 7, 12, 14, 6, 1, 1, 9, 2, 2, 0, 0, 0, 0, 0, 0, 0, 0, 0, 0, 0, 0, 0, 0, 0, 0, : 6, 1, 11, 19, 12, 12, 4, 23, 4, 19, 6, 26, 1, 5, 6, 7, 12, 14, 6, 1, 1, 9, 2, 2, 
98: 16, 30, 9, 9, 8, 1, 9, 21, 8, 2, 10, 2, 15, 7, 4, 0, 0, 0, 0, 0, 0, 0, 0, 0, 0, 0, 0, 0, 0, 0, 0, 0, 0, 0, 0, 0, 0, 0, 0, 0, : 16, 30, 9, 9, 8, 1, 9, 21, 8, 2, 10, 2, 15, 7, 4, 
99: 16, 3, 5, 14, 8, 26, 2, 25, 9, 5, 13, 25, 1, 12, 1, 2, 0, 0, 0, 0, 0, 0, 0, 0, 0, 0, 0, 0, 0, 0, 0, 0, 0, 0, 0, 0, 0, 0, 0, 0, : 16, 3, 5, 14, 8, 26, 2, 25, 9, 5, 13, 25, 1, 12, 1, 2, 
100: 7, 12, 1, 21, 22, 6, 18, 1, 8, 1, 23, 8, 12, 1, 7, 30, 3, 1, 17, 2, 2, 8, 6, 1, 5, 15, 14, 4, 1, 0, 0, 0, 0, 0, 0, 0, 0, 0, 0, 0, : 7, 12, 1, 21, 22, 6, 18, 1, 8, 1, 23, 8, 12, 1, 7, 30, 3, 1, 17, 2, 2, 8, 6, 1, 5, 15, 14, 4, 1, 
101: 3, 11, 32, 9, 4, 2, 20, 1, 2, 13, 4, 6, 1, 11, 4, 1, 3, 5, 9, 18, 0, 0, 0, 0, 0, 0, 0, 0, 0, 0, 0, 0, 0, 0, 0, 0, 0, 0, 0, 0, : 3, 11, 32, 9, 4, 2, 20, 1, 2, 13, 4, 6, 1, 11, 4, 1, 3, 5, 9, 18, 
102: 13, 20, 4, 26, 3, 1, 4, 2, 18, 3, 11, 5, 7, 12, 20, 2, 33, 4, 37, 5, 17, 11, 7, 0, 0, 0, 0, 0, 0, 0, 0, 0, 0, 0, 0, 0, 0, 0, 0, 0, : 13, 20, 4, 26, 3, 1, 4, 2, 18, 3, 11, 5, 7, 12, 20, 2, 33, 4, 37, 5, 17, 11, 7, 
103: 1, 7, 7, 6, 32, 1, 2, 2, 6, 9, 1, 8, 5, 0, 0, 0, 0, 0, 0, 0, 0, 0, 0, 0, 0, 0, 0, 0, 0, 0, 0, 0, 0, 0, 0, 0, 0, 0, 0, 0, : 1, 7, 7, 6, 32, 1, 2, 2, 6, 9, 1, 8, 5, 
104: 2, 3, 7, 1, 4, 10, 1, 2, 24, 26, 1, 27, 26, 9, 2, 15, 2, 10, 0, 0, 0, 0, 0, 0, 0, 0, 0, 0, 0, 0, 0, 0, 0, 0, 0, 0, 0, 0, 0, 0, : 2, 3, 7, 1, 4, 10, 1, 2, 24, 26, 1, 27, 26, 9, 2, 15, 2, 10, 
105: 11, 4, 4, 3, 9, 21, 9, 7, 6, 7, 2, 4, 1, 1, 4, 2, 2, 19, 6, 8, 1, 3, 2, 0, 0, 0, 0, 0, 0, 0, 0, 0, 0, 0, 0, 0, 0, 0, 0, 0, : 11, 4, 4, 3, 9, 21, 9, 7, 6, 7, 2, 4, 1, 1, 4, 2, 2, 19, 6, 8, 1, 3, 2, 
106: 6, 7, 5, 9, 1, 9, 25, 10, 15, 4, 17, 2, 1, 21, 27, 1, 23, 3, 16, 15, 2, 3, 23, 1, 0, 0, 0, 0, 0, 0, 0, 0, 0, 0, 0, 0, 0, 0, 0, 0, : 6, 7, 5, 9, 1, 9, 25, 10, 15, 4, 17, 2, 1, 21, 27, 1, 23, 3, 16, 15, 2, 3, 23, 1, 
107: 7, 7, 2, 1, 1, 13, 4, 6, 7, 10, 2, 21, 2, 1, 5, 9, 10, 3, 28, 0, 0, 0, 0, 0, 0, 0, 0, 0, 0, 0, 0, 0, 0, 0, 0, 0, 0, 0, 0, 0, : 7, 7, 2, 1, 1, 13, 4, 6, 7, 10, 2, 21, 2, 1, 5, 9, 10, 3, 28, 
108: 8, 7, 3, 1, 12, 1, 1, 17, 1, 16, 9, 1, 17, 1, 2, 1, 15, 5, 14, 0, 0, 0, 0, 0, 0, 0, 0, 0, 0, 0, 0, 0, 0, 0, 0, 0, 0, 0, 0, 0, : 8, 7, 3, 1, 12, 1, 1, 17, 1, 16, 9, 1, 17, 1, 2, 1, 15, 5, 14, 
109: 6, 15, 8, 2, 9, 17, 3, 2, 1, 1, 3, 10, 3, 7, 1, 11, 5, 3, 3, 0, 0, 0, 0, 0, 0, 0, 0, 0, 0, 0, 0, 0, 0, 0, 0, 0, 0, 0, 0, 0, : 6, 15, 8, 2, 9, 17, 3, 2, 1, 1, 3, 10, 3, 7, 1, 11, 5, 3, 3, 
110: 6, 8, 1, 3, 14, 28, 4, 21, 33, 10, 10, 3, 25, 4, 14, 12, 1, 2, 3, 20, 7, 7, 7, 1, 0, 0, 0, 0, 0, 0, 0, 0, 0, 0, 0, 0, 0, 0, 0, 0, : 6, 8, 1, 3, 14, 28, 4, 21, 33, 10, 10, 3, 25, 4, 14, 12, 1, 2, 3, 20, 7, 7, 7, 1, 
111: 7, 2, 8, 1, 10, 26, 1, 9, 3, 20, 5, 5, 1, 6, 5, 32, 2, 0, 0, 0, 0, 0, 0, 0, 0, 0, 0, 0, 0, 0, 0, 0, 0, 0, 0, 0, 0, 0, 0, 0, : 7, 2, 8, 1, 10, 26, 1, 9, 3, 20, 5, 5, 1, 6, 5, 32, 2, 
112: 12, 6, 12, 1, 6, 31, 11, 12, 2, 4, 9, 16, 4, 2, 20, 2, 29, 6, 9, 9, 11, 0, 0, 0, 0, 0, 0, 0, 0, 0, 0, 0, 0, 0, 0, 0, 0, 0, 0, 0, : 12, 6, 12, 1, 6, 31, 11, 12, 2, 4, 9, 16, 4, 2, 20, 2, 29, 6, 9, 9, 11, 
113: 1, 1, 13, 2, 1, 3, 4, 8, 5, 18, 10, 19, 6, 16, 12, 3, 2, 20, 8, 0, 0, 0, 0, 0, 0, 0, 0, 0, 0, 0, 0, 0, 0, 0, 0, 0, 0, 0, 0, 0, : 1, 1, 13, 2, 1, 3, 4, 8, 5, 18, 10, 19, 6, 16, 12, 3, 2, 20, 8, 
114: 10, 1, 12, 16, 8, 9, 18, 5, 1, 3, 11, 20, 3, 5, 1, 0, 0, 0, 0, 0, 0, 0, 0, 0, 0, 0, 0, 0, 0, 0, 0, 0, 0, 0, 0, 0, 0, 0, 0, 0, : 10, 1, 12, 16, 8, 9, 18, 5, 1, 3, 11, 20, 3, 5, 1, 
115: 2, 1, 15, 16, 20, 7, 4, 2, 16, 9, 2, 4, 8, 17, 15, 4, 12, 0, 0, 0, 0, 0, 0, 0, 0, 0, 0, 0, 0, 0, 0, 0, 0, 0, 0, 0, 0, 0, 0, 0, : 2, 1, 15, 16, 20, 7, 4, 2, 16, 9, 2, 4, 8, 17, 15, 4, 12, 
116: 9, 1, 7, 1, 12, 22, 6, 1, 2, 7, 3, 1, 4, 6, 20, 3, 6, 28, 13, 10, 20, 5, 3, 0, 0, 0, 0, 0, 0, 0, 0, 0, 0, 0, 0, 0, 0, 0, 0, 0, : 9, 1, 7, 1, 12, 22, 6, 1, 2, 7, 3, 1, 4, 6, 20, 3, 6, 28, 13, 10, 20, 5, 3, 
117: 8, 1, 2, 2, 19, 7, 5, 17, 1, 18, 16, 10, 8, 5, 2, 1, 7, 1, 1, 6, 4, 5, 8, 2, 0, 0, 0, 0, 0, 0, 0, 0, 0, 0, 0, 0, 0, 0, 0, 0, : 8, 1, 2, 2, 19, 7, 5, 17, 1, 18, 16, 10, 8, 5, 2, 1, 7, 1, 1, 6, 4, 5, 8, 2, 
118: 1, 10, 3, 6, 23, 16, 17, 3, 1, 2, 6, 7, 2, 9, 6, 1, 3, 10, 1, 0, 0, 0, 0, 0, 0, 0, 0, 0, 0, 0, 0, 0, 0, 0, 0, 0, 0, 0, 0, 0, : 1, 10, 3, 6, 23, 16, 17, 3, 1, 2, 6, 7, 2, 9, 6, 1, 3, 10, 1, 
119: 4, 8, 3, 8, 9, 1, 4, 12, 32, 6, 3, 1, 2, 15, 1, 3, 9, 12, 1, 9, 18, 20, 0, 0, 0, 0, 0, 0, 0, 0, 0, 0, 0, 0, 0, 0, 0, 0, 0, 0, : 4, 8, 3, 8, 9, 1, 4, 12, 32, 6, 3, 1, 2, 15, 1, 3, 9, 12, 1, 9, 18, 20, 
120: 4, 1, 12, 2, 39, 6, 13, 2, 1, 10, 7, 25, 5, 13, 9, 5, 1, 24, 14, 2, 14, 0, 0, 0, 0, 0, 0, 0, 0, 0, 0, 0, 0, 0, 0, 0, 0, 0, 0, 0, : 4, 1, 12, 2, 39, 6, 13, 2, 1, 10, 7, 25, 5, 13, 9, 5, 1, 24, 14, 2, 14, 


