40
20
1: 8, 13, 1, 5, 16, 3, 3, 14, 14, 2, 9, 7, 4, 32, 5, 5, 4, 1, 1, 0, 0, 0, 0, 0, 0, 0, 0, 0, 0, 0, 0, 0, 0, 0, 0, 0, 0, 0, 0, 0, : 8, 13, 1, 5, 16, 3, 3, 14, 14, 2, 9, 7, 4, 32, 5, 5, 4, 1, 1, 
2: 1, 12, 6, 8, 14, 11, 2, 6, 3, 8, 6, 14, 3, 23, 2, 19, 16, 11, 6, 0, 0, 0, 0, 0, 0, 0, 0, 0, 0, 0, 0, 0, 0, 0, 0, 0, 0, 0, 0, 0, : 1, 12, 6, 8, 14, 11, 2, 6, 3, 8, 6, 14, 3, 23, 2, 19, 16, 11, 6, 
3: 13, 2, 4, 7, 13, 8, 5, 1, 1, 7, 8, 3, 5, 1, 14, 1, 1, 1, 2, 5, 1, 35, 0, 0, 0, 0, 0, 0, 0, 0, 0, 0, 0, 0, 0, 0, 0, 0, 0, 0, : 13, 2, 4, 7, 13, 8, 5, 1, 1, 7, 8, 3, 5, 1, 14, 1, 1, 1, 2, 5, 1, 35, 
4: 6, 1, 1, 7, 7, 3, 10, 12, 17, 11, 26, 1, 2, 4, 16, 6, 4, 1, 2, 4, 4, 10, 3, 0, 0, 0, 0, 0, 0, 0, 0, 0, 0, 0, 0, 0, 0, 0, 0, 0, : 6, 1, 1, 7, 7, 3, 10, 12, 17, 11, 26, 1, 2, 4, 16, 6, 4, 1, 2, 4, 4, 10, 3, 
5: 8, 2, 7, 1, 4, 19, 3, 18, 11, 1, 1, 6, 0, 0, 0, 0, 0, 0, 0, 0, 0, 0, 0, 0, 0, 0, 0, 0, 0, 0, 0, 0, 0, 0, 0, 0, 0, 0, 0, 0, : 8, 2, 7, 1, 4, 19, 3, 18, 11, 1, 1, 6, 
6: 23, 29, 15, 18, 2, 1, 16, 3, 8, 1, 3, 13, 8, 7, 4, 16, 1, 18, 10, 14, 0, 0, 0, 0, 0, 0, 0, 0, 0, 0, 0, 0, 0, 0, 0, 0, 0, 0, 0, 0, : 23, 29, 15, 18, 2, 1, 16, 3, 8, 1, 3, 13, 8, 7, 4, 16, 1, 18, 10, 14, 
7: 2, 14, 5, 6, 5, 14, 12, 13, 2, 19, 1, 1, 1, 6, 2, 13, 5, 1, 2, 4, 5, 28, 22, 8, 10, 10, 3, 1, 0, 0, 0, 0, 0, 0, 0, 0, 0, 0, 0, 0, : 2, 14, 5, 6, 5, 14, 12, 13, 2, 19, 1, 1, 1, 6, 2, 13, 5, 1, 2, 4, 5, 28, 22, 8, 10, 10, 3, 1, 
8: 13, 30, 8, 5, 1, 12, 13, 3, 17, 6, 8, 2, 5, 4, 0, 0, 0, 0, 0, 0, 0, 0, 0, 0, 0, 0, 0, 0, 0, 0, 0, 0, 0, 0, 0, 0, 0, 0, 0, 0, : 13, 30, 8, 5, 1, 12, 13, 3, 17, 6, 8, 2, 5, 4, 
9: 5, 2, 1, 5, 1, 31, 11, 2, 9, 1, 21, 18, 1, 3, 7, 7, 32, 11, 20, 37, 0, 0, 0, 0, 0, 0, 0, 0, 0, 0, 0, 0, 0, 0, 0, 0, 0, 0, 0, 0, : 5, 2, 1, 5, 1, 31, 11, 2, 9, 1, 21, 18, 1, 3, 7, 7, 32, 11, 20, 37, 
10: 13, 18, 22, 23, 2, 22, 1, 8, 2, 17, 7, 7, 19, 13, 0, 0, 0, 0, 0, 0, 0, 0, 0, 0, 0, 0, 0, 0, 0, 0, 0, 0, 0, 0, 0, 0, 0, 0, 0, 0, : 13, 18, 22, 23, 2, 22, 1, 8, 2, 17, 7, 7, 19, 13, 
11: 29, 1, 33, 6, 23, 8, 29, 10, 6, 1, 15, 4, 1, 8, 2, 5, 3, 5, 0, 0, 0, 0, 0, 0, 0, 0, 0, 0, 0, 0, 0, 0, 0, 0, 0, 0, 0, 0, 0, 0, : 29, 1, 33, 6, 23, 8, 29, 10, 6, 1, 15, 4, 1, 8, 2, 5, 3, 5, 
12: 8, 4, 23, 11, 1, 17, 2, 5, 3, 15, 1, 1, 11, 4, 20, 17, 17, 12, 2, 7, 11, 5, 3, 0, 0, 0, 0, 0, 0, 0, 0, 0, 0, 0, 0, 0, 0, 0, 0, 0, : 8, 4, 23, 11, 1, 17, 2, 5, 3, 15, 1, 1, 11, 4, 20, 17, 17, 12, 2, 7, 11, 5, 3, 
13: 12, 2, 9, 34, 6, 5, 5, 2, 11, 2, 2, 38, 7, 9, 5, 2, 2, 5, 4, 1, 4, 20, 2, 7, 0, 0, 0, 0, 0, 0, 0, 0, 0, 0, 0, 0, 0, 0, 0, 0, : 12, 2, 9, 34, 6, 5, 5, 2, 11, 2, 2, 38, 7, 9, 5, 2, 2, 5, 4, 1, 4, 20, 2, 7, 
14: 4, 22, 1, 11, 9, 3, 1, 16, 3, 6, 3, 15, 2, 12, 6, 2, 24, 4, 1, 2, 14, 2, 0, 0, 0, 0, 0, 0, 0, 0, 0, 0, 0, 0, 0, 0, 0, 0, 0, 0, : 4, 22, 1, 11, 9, 3, 1, 16, 3, 6, 3, 15, 2, 12, 6, 2, 24, 4, 1, 2, 14, 2, 
15: 9, 2, 2, 3, 6, 1, 11, 2, 14, 2, 5, 3, 1, 19, 13, 3, 17, 26, 17, 21, 0, 0, 0, 0, 0, 0, 0, 0, 0, 0, 0, 0, 0, 0, 0, 0, 0, 0, 0, 0, : 9, 2, 2, 3, 6, 1, 11, 2, 14, 2, 5, 3, 1, 19, 13, 3, 17, 26, 17, 21, 
16: 10, 9, 24, 4, 4, 3, 15, 10, 8, 5, 2, 8, 21, 32, 5, 20, 10, 0, 0, 0, 0, 0, 0, 0, 0, 0, 0, 0, 0, 0, 0, 0, 0, 0, 0, 0, 0, 0, 0, 0, : 10, 9, 24, 4, 4, 3, 15, 10, 8, 5, 2, 8, 21, 32, 5, 20, 10, 
17: 22, 1, 4, 4, 34, 5, 2, 9, 3, 5, 13, 14, 4, 3, 0, 0, 0, 0, 0, 0, 0, 0, 0, 0, 0, 0, 0, 0, 0, 0, 0, 0, 0, 0, 0, 0, 0, 0, 0, 0, : 22, 1, 4, 4, 34, 5, 2, 9, 3, 5, 13, 14, 4, 3, 
18: 22, 2, 4, 5, 1, 7, 4, 1, 32, 4, 9, 6, 9, 2, 5, 4, 1, 2, 1, 0, 0, 0, 0, 0, 0, 0, 0, 0, 0, 0, 0, 0, 0, 0, 0, 0, 0, 0, 0, 0, : 22, 2, 4, 5, 1, 7, 4, 1, 32, 4, 9, 6, 9, 2, 5, 4, 1, 2, 1, 
19: 5, 7, 2, 3, 9, 7, 19, 11, 22, 7, 1, 20, 3, 3, 2, 24, 8, 17, 5, 15, 5, 6, 5, 2, 4, 12, 0, 0, 0, 0, 0, 0, 0, 0, 0, 0, 0, 0, 0, 0, : 5, 7, 2, 3, 9, 7, 19, 11, 22, 7, 1, 20, 3, 3, 2, 24, 8, 17, 5, 15, 5, 6, 5, 2, 4, 12, 
20: 6, 5, 1, 5, 22, 5, 14, 15, 16, 6, 3, 5, 2, 1, 4, 0, 0, 0, 0, 0, 0, 0, 0, 0, 0, 0, 0, 0, 0, 0, 0, 0, 0, 0, 0, 0, 0, 0, 0, 0, : 6, 5, 1, 5, 22, 5, 14, 15, 16, 6, 3, 5, 2, 1, 4, 


