40
200
1: 2, 3, 4, 5, 14, 13, 5, 6, 11, 4, 8, 21, 6, 3, 3, 3, 14, 1, 4, 22, 0, 0, 0, 0, 0, 0, 0, 0, 0, 0, 0, 0, 0, 0, 0, 0, 0, 0, 0, 0, : 2, 3, 4, 5, 14, 13, 5, 6, 11, 4, 8, 21, 6, 3, 3, 3, 14, 1, 4, 22, 
2: 3, 2, 14, 5, 3, 3, 1, 1, 6, 2, 2, 2, 1, 4, 3, 6, 1, 1, 1, 22, 19, 8, 2, 9, 0, 0, 0, 0, 0, 0, 0, 0, 0, 0, 0, 0, 0, 0, 0, 0, : 3, 2, 14, 5, 3, 3, 1, 1, 6, 2, 2, 2, 1, 4, 3, 6, 1, 1, 1, 22, 19, 8, 2, 9, 
3: 4, 3, 15, 1, 2, 7, 2, 2, 4, 23, 3, 3, 11, 3, 11, 19, 2, 9, 16, 7, 8, 9, 17, 5, 7, 2, 0, 0, 0, 0, 0, 0, 0, 0, 0, 0, 0, 0, 0, 0, : 4, 3, 15, 1, 2, 7, 2, 2, 4, 23, 3, 3, 11, 3, 11, 19, 2, 9, 16, 7, 8, 9, 17, 5, 7, 2, 
4: 1, 1, 12, 3, 26, 8, 5, 7, 2, 6, 3, 35, 2, 3, 17, 3, 15, 1, 3, 1, 20, 23, 11, 3, 0, 0, 0, 0, 0, 0, 0, 0, 0, 0, 0, 0, 0, 0, 0, 0, : 1, 1, 12, 3, 26, 8, 5, 7, 2, 6, 3, 35, 2, 3, 17, 3, 15, 1, 3, 1, 20, 23, 11, 3, 
5: 22, 23, 8, 3, 2, 1, 7, 9, 7, 1, 2, 13, 3, 2, 4, 0, 0, 0, 0, 0, 0, 0, 0, 0, 0, 0, 0, 0, 0, 0, 0, 0, 0, 0, 0, 0, 0, 0, 0, 0, : 22, 23, 8, 3, 2, 1, 7, 9, 7, 1, 2, 13, 3, 2, 4, 
6: 17, 33, 5, 10, 4, 12, 30, 28, 10, 3, 14, 9, 14, 18, 3, 5, 9, 3, 4, 23, 3, 1, 0, 0, 0, 0, 0, 0, 0, 0, 0, 0, 0, 0, 0, 0, 0, 0, 0, 0, : 17, 33, 5, 10, 4, 12, 30, 28, 10, 3, 14, 9, 14, 18, 3, 5, 9, 3, 4, 23, 3, 1, 
7: 7, 1, 36, 11, 3, 7, 1, 1, 9, 1, 15, 2, 1, 7, 0, 0, 0, 0, 0, 0, 0, 0, 0, 0, 0, 0, 0, 0, 0, 0, 0, 0, 0, 0, 0, 0, 0, 0, 0, 0, : 7, 1, 36, 11, 3, 7, 1, 1, 9, 1, 15, 2, 1, 7, 
8: 8, 26, 29, 6, 23, 14, 1, 1, 3, 22, 5, 14, 22, 4, 3, 3, 18, 1, 18, 2, 5, 10, 3, 13, 30, 0, 0, 0, 0, 0, 0, 0, 0, 0, 0, 0, 0, 0, 0, 0, : 8, 26, 29, 6, 23, 14, 1, 1, 3, 22, 5, 14, 22, 4, 3, 3, 18, 1, 18, 2, 5, 10, 3, 13, 30, 
9: 6, 5, 16, 2, 23, 5, 2, 3, 19, 5, 4, 1, 15, 3, 9, 1, 7, 13, 30, 16, 17, 7, 0, 0, 0, 0, 0, 0, 0, 0, 0, 0, 0, 0, 0, 0, 0, 0, 0, 0, : 6, 5, 16, 2, 23, 5, 2, 3, 19, 5, 4, 1, 15, 3, 9, 1, 7, 13, 30, 16, 17, 7, 
10: 2, 2, 34, 3, 6, 8, 3, 1, 5, 5, 2, 6, 8, 17, 21, 2, 34, 0, 0, 0, 0, 0, 0, 0, 0, 0, 0, 0, 0, 0, 0, 0, 0, 0, 0, 0, 0, 0, 0, 0, : 2, 2, 34, 3, 6, 8, 3, 1, 5, 5, 2, 6, 8, 17, 21, 2, 34, 
11: 6, 25, 12, 1, 7, 2, 2, 18, 10, 21, 6, 10, 1, 7, 3, 6, 34, 1, 2, 2, 0, 0, 0, 0, 0, 0, 0, 0, 0, 0, 0, 0, 0, 0, 0, 0, 0, 0, 0, 0, : 6, 25, 12, 1, 7, 2, 2, 18, 10, 21, 6, 10, 1, 7, 3, 6, 34, 1, 2, 2, 
12: 15, 1, 24, 1, 6, 1, 1, 19, 1, 5, 6, 2, 7, 1, 4, 19, 0, 0, 0, 0, 0, 0, 0, 0, 0, 0, 0, 0, 0, 0, 0, 0, 0, 0, 0, 0, 0, 0, 0, 0, : 15, 1, 24, 1, 6, 1, 1, 19, 1, 5, 6, 2, 7, 1, 4, 19, 
13: 9, 1, 30, 4, 21, 8, 4, 2, 3, 1, 5, 4, 3, 3, 4, 9, 7, 4, 0, 0, 0, 0, 0, 0, 0, 0, 0, 0, 0, 0, 0, 0, 0, 0, 0, 0, 0, 0, 0, 0, : 9, 1, 30, 4, 21, 8, 4, 2, 3, 1, 5, 4, 3, 3, 4, 9, 7, 4, 
14: 1, 3, 18, 3, 7, 15, 20, 2, 4, 4, 1, 10, 2, 5, 4, 5, 9, 2, 14, 0, 0, 0, 0, 0, 0, 0, 0, 0, 0, 0, 0, 0, 0, 0, 0, 0, 0, 0, 0, 0, : 1, 3, 18, 3, 7, 15, 20, 2, 4, 4, 1, 10, 2, 5, 4, 5, 9, 2, 14, 
15: 1, 4, 7, 8, 9, 3, 3, 6, 3, 11, 11, 18, 2, 1, 14, 35, 3, 14, 7, 1, 2, 8, 9, 18, 3, 0, 0, 0, 0, 0, 0, 0, 0, 0, 0, 0, 0, 0, 0, 0, : 1, 4, 7, 8, 9, 3, 3, 6, 3, 11, 11, 18, 2, 1, 14, 35, 3, 14, 7, 1, 2, 8, 9, 18, 3, 
16: 3, 19, 17, 6, 13, 1, 25, 4, 2, 5, 4, 28, 8, 1, 8, 1, 3, 14, 25, 1, 3, 1, 9, 0, 0, 0, 0, 0, 0, 0, 0, 0, 0, 0, 0, 0, 0, 0, 0, 0, : 3, 19, 17, 6, 13, 1, 25, 4, 2, 5, 4, 28, 8, 1, 8, 1, 3, 14, 25, 1, 3, 1, 9, 
17: 19, 16, 2, 5, 1, 5, 7, 7, 8, 1, 1, 16, 1, 11, 21, 2, 0, 0, 0, 0, 0, 0, 0, 0, 0, 0, 0, 0, 0, 0, 0, 0, 0, 0, 0, 0, 0, 0, 0, 0, : 19, 16, 2, 5, 1, 5, 7, 7, 8, 1, 1, 16, 1, 11, 21, 2, 
18: 1, 2, 1, 8, 4, 2, 32, 7, 2, 2, 2, 9, 1, 1, 7, 3, 7, 30, 3, 1, 0, 0, 0, 0, 0, 0, 0, 0, 0, 0, 0, 0, 0, 0, 0, 0, 0, 0, 0, 0, : 1, 2, 1, 8, 4, 2, 32, 7, 2, 2, 2, 9, 1, 1, 7, 3, 7, 30, 3, 1, 
19: 1, 3, 4, 2, 24, 5, 10, 3, 3, 1, 1, 4, 21, 12, 1, 1, 20, 6, 18, 20, 10, 0, 0, 0, 0, 0, 0, 0, 0, 0, 0, 0, 0, 0, 0, 0, 0, 0, 0, 0, : 1, 3, 4, 2, 24, 5, 10, 3, 3, 1, 1, 4, 21, 12, 1, 1, 20, 6, 18, 20, 10, 
20: 7, 2, 12, 17, 10, 20, 32, 3, 7, 14, 3, 11, 14, 2, 2, 5, 12, 2, 1, 26, 0, 0, 0, 0, 0, 0, 0, 0, 0, 0, 0, 0, 0, 0, 0, 0, 0, 0, 0, 0, : 7, 2, 12, 17, 10, 20, 32, 3, 7, 14, 3, 11, 14, 2, 2, 5, 12, 2, 1, 26, 
21: 29, 21, 8, 17, 9, 5, 6, 3, 8, 0, 0, 0, 0, 0, 0, 0, 0, 0, 0, 0, 0, 0, 0, 0, 0, 0, 0, 0, 0, 0, 0, 0, 0, 0, 0, 0, 0, 0, 0, 0, : 29, 21, 8, 17, 9, 5, 6, 3, 8, 
22: 21, 6, 3, 9, 10, 9, 19, 3, 9, 4, 11, 14, 16, 8, 15, 16, 14, 22, 9, 2, 2, 0, 0, 0, 0, 0, 0, 0, 0, 0, 0, 0, 0, 0, 0, 0, 0, 0, 0, 0, : 21, 6, 3, 9, 10, 9, 19, 3, 9, 4, 11, 14, 16, 8, 15, 16, 14, 22, 9, 2, 2, 
23: 11, 1, 1, 2, 3, 1, 4, 7, 14, 24, 14, 4, 2, 10, 14, 1, 16, 17, 0, 0, 0, 0, 0, 0, 0, 0, 0, 0, 0, 0, 0, 0, 0, 0, 0, 0, 0, 0, 0, 0, : 11, 1, 1, 2, 3, 1, 4, 7, 14, 24, 14, 4, 2, 10, 14, 1, 16, 17, 
24: 18, 5, 11, 8, 8, 4, 3, 9, 11, 5, 18, 2, 21, 4, 6, 1, 1, 0, 0, 0, 0, 0, 0, 0, 0, 0, 0, 0, 0, 0, 0, 0, 0, 0, 0, 0, 0, 0, 0, 0, : 18, 5, 11, 8, 8, 4, 3, 9, 11, 5, 18, 2, 21, 4, 6, 1, 1, 
25: 2, 15, 1, 20, 2, 7, 7, 9, 1, 5, 7, 17, 2, 1, 1, 3, 9, 4, 2, 7, 7, 7, 3, 11, 1, 0, 0, 0, 0, 0, 0, 0, 0, 0, 0, 0, 0, 0, 0, 0, : 2, 15, 1, 20, 2, 7, 7, 9, 1, 5, 7, 17, 2, 1, 1, 3, 9, 4, 2, 7, 7, 7, 3, 11, 1, 
26: 13, 7, 3, 2, 5, 2, 12, 36, 16, 5, 15, 3, 2, 9, 22, 1, 3, 1, 9, 4, 5, 1, 0, 0, 0, 0, 0, 0, 0, 0, 0, 0, 0, 0, 0, 0, 0, 0, 0, 0, : 13, 7, 3, 2, 5, 2, 12, 36, 16, 5, 15, 3, 2, 9, 22, 1, 3, 1, 9, 4, 5, 1, 
27: 1, 11, 15, 8, 1, 8, 1, 4, 1, 5, 25, 9, 24, 1, 23, 2, 13, 0, 0, 0, 0, 0, 0, 0, 0, 0, 0, 0, 0, 0, 0, 0, 0, 0, 0, 0, 0, 0, 0, 0, : 1, 11, 15, 8, 1, 8, 1, 4, 1, 5, 25, 9, 24, 1, 23, 2, 13, 
28: 13, 17, 7, 6, 15, 29, 1, 9, 6, 8, 4, 1, 33, 5, 2, 1, 15, 1, 20, 2, 4, 3, 0, 0, 0, 0, 0, 0, 0, 0, 0, 0, 0, 0, 0, 0, 0, 0, 0, 0, : 13, 17, 7, 6, 15, 29, 1, 9, 6, 8, 4, 1, 33, 5, 2, 1, 15, 1, 20, 2, 4, 3, 
29: 2, 20, 3, 14, 9, 3, 7, 25, 4, 33, 4, 9, 10, 3, 4, 15, 9, 7, 25, 5, 4, 0, 0, 0, 0, 0, 0, 0, 0, 0, 0, 0, 0, 0, 0, 0, 0, 0, 0, 0, : 2, 20, 3, 14, 9, 3, 7, 25, 4, 33, 4, 9, 10, 3, 4, 15, 9, 7, 25, 5, 4, 
30: 13, 13, 7, 8, 4, 2, 2, 2, 1, 8, 3, 6, 6, 20, 2, 2, 9, 6, 8, 3, 1, 6, 4, 2, 6, 6, 6, 3, 5, 12, 0, 0, 0, 0, 0, 0, 0, 0, 0, 0, : 13, 13, 7, 8, 4, 2, 2, 2, 1, 8, 3, 6, 6, 20, 2, 2, 9, 6, 8, 3, 1, 6, 4, 2, 6, 6, 6, 3, 5, 12, 
31: 16, 13, 20, 7, 5, 28, 13, 21, 21, 1, 9, 7, 1, 7, 9, 13, 10, 10, 23, 15, 0, 0, 0, 0, 0, 0, 0, 0, 0, 0, 0, 0, 0, 0, 0, 0, 0, 0, 0, 0, : 16, 13, 20, 7, 5, 28, 13, 21, 21, 1, 9, 7, 1, 7, 9, 13, 10, 10, 23, 15, 
32: 1, 18, 31, 2, 34, 1, 11, 10, 8, 1, 4, 2, 19, 13, 4, 0, 0, 0, 0, 0, 0, 0, 0, 0, 0, 0, 0, 0, 0, 0, 0, 0, 0, 0, 0, 0, 0, 0, 0, 0, : 1, 18, 31, 2, 34, 1, 11, 10, 8, 1, 4, 2, 19, 13, 4, 
33: 7, 18, 11, 1, 18, 2, 5, 12, 3, 18, 2, 7, 2, 4, 4, 4, 0, 0, 0, 0, 0, 0, 0, 0, 0, 0, 0, 0, 0, 0, 0, 0, 0, 0, 0, 0, 0, 0, 0, 0, : 7, 18, 11, 1, 18, 2, 5, 12, 3, 18, 2, 7, 2, 4, 4, 4, 
34: 1, 2, 3, 22, 18, 2, 15, 1, 3, 9, 18, 10, 13, 19, 4, 17, 34, 2, 10, 6, 5, 6, 9, 5, 18, 8, 12, 0, 0, 0, 0, 0, 0, 0, 0, 0, 0, 0, 0, 0, : 1, 2, 3, 22, 18, 2, 15, 1, 3, 9, 18, 10, 13, 19, 4, 17, 34, 2, 10, 6, 5, 6, 9, 5, 18, 8, 12, 
35: 1, 2, 22, 1, 3, 2, 1, 4, 7, 5, 1, 1, 25, 2, 24, 2, 18, 0, 0, 0, 0, 0, 0, 0, 0, 0, 0, 0, 0, 0, 0, 0, 0, 0, 0, 0, 0, 0, 0, 0, : 1, 2, 22, 1, 3, 2, 1, 4, 7, 5, 1, 1, 25, 2, 24, 2, 18, 
36: 1, 15, 13, 1, 2, 2, 10, 9, 4, 2, 9, 3, 25, 2, 28, 3, 3, 2, 16, 3, 5, 3, 9, 4, 12, 2, 0, 0, 0, 0, 0, 0, 0, 0, 0, 0, 0, 0, 0, 0, : 1, 15, 13, 1, 2, 2, 10, 9, 4, 2, 9, 3, 25, 2, 28, 3, 3, 2, 16, 3, 5, 3, 9, 4, 12, 2, 
37: 1, 1, 9, 14, 6, 1, 1, 14, 2, 10, 6, 1, 14, 19, 3, 4, 3, 15, 8, 2, 11, 7, 4, 2, 0, 0, 0, 0, 0, 0, 0, 0, 0, 0, 0, 0, 0, 0, 0, 0, : 1, 1, 9, 14, 6, 1, 1, 14, 2, 10, 6, 1, 14, 19, 3, 4, 3, 15, 8, 2, 11, 7, 4, 2, 
38: 6, 6, 25, 9, 6, 4, 18, 3, 2, 5, 9, 5, 3, 2, 3, 8, 0, 0, 0, 0, 0, 0, 0, 0, 0, 0, 0, 0, 0, 0, 0, 0, 0, 0, 0, 0, 0, 0, 0, 0, : 6, 6, 25, 9, 6, 4, 18, 3, 2, 5, 9, 5, 3, 2, 3, 8, 
39: 1, 11, 1, 15, 10, 1, 7, 10, 2, 13, 18, 11, 4, 25, 11, 4, 13, 17, 5, 0, 0, 0, 0, 0, 0, 0, 0, 0, 0, 0, 0, 0, 0, 0, 0, 0, 0, 0, 0, 0, : 1, 11, 1, 15, 10, 1, 7, 10, 2, 13, 18, 11, 4, 25, 11, 4, 13, 17, 5, 
40: 4, 2, 26, 20, 6, 9, 4, 7, 9, 1, 2, 22, 4, 4, 20, 2, 2, 5, 2, 11, 0, 0, 0, 0, 0, 0, 0, 0, 0, 0, 0, 0, 0, 0, 0, 0, 0, 0, 0, 0, : 4, 2, 26, 20, 6, 9, 4, 7, 9, 1, 2, 22, 4, 4, 20, 2, 2, 5, 2, 11, 
41: 22, 1, 1, 6, 1, 6, 4, 1, 10, 3, 3, 1, 5, 33, 18, 7, 14, 1, 9, 7, 3, 15, 0, 0, 0, 0, 0, 0, 0, 0, 0, 0, 0, 0, 0, 0, 0, 0, 0, 0, : 22, 1, 1, 6, 1, 6, 4, 1, 10, 3, 3, 1, 5, 33, 18, 7, 14, 1, 9, 7, 3, 15, 
42: 5, 3, 2, 11, 28, 2, 4, 11, 17, 1, 12, 4, 10, 1, 2, 10, 19, 1, 5, 4, 4, 2, 0, 0, 0, 0, 0, 0, 0, 0, 0, 0, 0, 0, 0, 0, 0, 0, 0, 0, : 5, 3, 2, 11, 28, 2, 4, 11, 17, 1, 12, 4, 10, 1, 2, 10, 19, 1, 5, 4, 4, 2, 
43: 29, 17, 8, 25, 7, 1, 2, 7, 1, 1, 14, 9, 4, 1, 0, 0, 0, 0, 0, 0, 0, 0, 0, 0, 0, 0, 0, 0, 0, 0, 0, 0, 0, 0, 0, 0, 0, 0, 0, 0, : 29, 17, 8, 25, 7, 1, 2, 7, 1, 1, 14, 9, 4, 1, 
44: 3, 20, 2, 3, 2, 18, 1, 1, 3, 2, 6, 4, 1, 3, 8, 11, 2, 8, 3, 11, 0, 0, 0, 0, 0, 0, 0, 0, 0, 0, 0, 0, 0, 0, 0, 0, 0, 0, 0, 0, : 3, 20, 2, 3, 2, 18, 1, 1, 3, 2, 6, 4, 1, 3, 8, 11, 2, 8, 3, 11, 
45: 7, 14, 2, 5, 15, 3, 4, 17, 10, 1, 3, 4, 15, 8, 1, 3, 4, 12, 2, 22, 17, 14, 0, 0, 0, 0, 0, 0, 0, 0, 0, 0, 0, 0, 0, 0, 0, 0, 0, 0, : 7, 14, 2, 5, 15, 3, 4, 17, 10, 1, 3, 4, 15, 8, 1, 3, 4, 12, 2, 22, 17, 14, 
46: 5, 2, 9, 9, 10, 20, 12, 14, 1, 3, 27, 8, 8, 14, 15, 2, 22, 0, 0, 0, 0, 0, 0, 0, 0, 0, 0, 0, 0, 0, 0, 0, 0, 0, 0, 0, 0, 0, 0, 0, : 5, 2, 9, 9, 10, 20, 12, 14, 1, 3, 27, 8, 8, 14, 15, 2, 22, 
47: 1, 4, 2, 18, 6, 3, 23, 3, 1, 11, 11, 14, 4, 5, 10, 0, 0, 0, 0, 0, 0, 0, 0, 0, 0, 0, 0, 0, 0, 0, 0, 0, 0, 0, 0, 0, 0, 0, 0, 0, : 1, 4, 2, 18, 6, 3, 23, 3, 1, 11, 11, 14, 4, 5, 10, 
48: 1, 2, 15, 4, 1, 9, 1, 8, 5, 1, 17, 6, 9, 3, 5, 9, 3, 1, 4, 2, 6, 0, 0, 0, 0, 0, 0, 0, 0, 0, 0, 0, 0, 0, 0, 0, 0, 0, 0, 0, : 1, 2, 15, 4, 1, 9, 1, 8, 5, 1, 17, 6, 9, 3, 5, 9, 3, 1, 4, 2, 6, 
49: 3, 10, 3, 8, 1, 11, 6, 1, 18, 5, 19, 22, 5, 20, 1, 10, 13, 1, 36, 2, 7, 5, 0, 0, 0, 0, 0, 0, 0, 0, 0, 0, 0, 0, 0, 0, 0, 0, 0, 0, : 3, 10, 3, 8, 1, 11, 6, 1, 18, 5, 19, 22, 5, 20, 1, 10, 13, 1, 36, 2, 7, 5, 
50: 7, 10, 3, 7, 24, 28, 3, 8, 2, 9, 1, 16, 20, 20, 3, 2, 1, 1, 13, 8, 1, 1, 14, 5, 0, 0, 0, 0, 0, 0, 0, 0, 0, 0, 0, 0, 0, 0, 0, 0, : 7, 10, 3, 7, 24, 28, 3, 8, 2, 9, 1, 16, 20, 20, 3, 2, 1, 1, 13, 8, 1, 1, 14, 5, 
51: 6, 30, 1, 2, 2, 3, 1, 1, 24, 2, 14, 7, 1, 10, 24, 10, 2, 2, 7, 16, 3, 12, 1, 1, 0, 0, 0, 0, 0, 0, 0, 0, 0, 0, 0, 0, 0, 0, 0, 0, : 6, 30, 1, 2, 2, 3, 1, 1, 24, 2, 14, 7, 1, 10, 24, 10, 2, 2, 7, 16, 3, 12, 1, 1, 
52: 8, 6, 2, 28, 4, 2, 31, 10, 18, 2, 9, 2, 12, 6, 1, 29, 1, 24, 2, 11, 19, 1, 8, 2, 0, 0, 0, 0, 0, 0, 0, 0, 0, 0, 0, 0, 0, 0, 0, 0, : 8, 6, 2, 28, 4, 2, 31, 10, 18, 2, 9, 2, 12, 6, 1, 29, 1, 24, 2, 11, 19, 1, 8, 2, 
53: 30, 28, 12, 17, 9, 30, 4, 2, 2, 5, 21, 32, 1, 3, 2, 23, 5, 0, 0, 0, 0, 0, 0, 0, 0, 0, 0, 0, 0, 0, 0, 0, 0, 0, 0, 0, 0, 0, 0, 0, : 30, 28, 12, 17, 9, 30, 4, 2, 2, 5, 21, 32, 1, 3, 2, 23, 5, 
54: 12, 11, 3, 1, 9, 4, 8, 4, 4, 1, 35, 11, 5, 5, 17, 3, 5, 1, 12, 3, 0, 0, 0, 0, 0, 0, 0, 0, 0, 0, 0, 0, 0, 0, 0, 0, 0, 0, 0, 0, : 12, 11, 3, 1, 9, 4, 8, 4, 4, 1, 35, 11, 5, 5, 17, 3, 5, 1, 12, 3, 
55: 2, 3, 6, 6, 6, 5, 2, 4, 8, 5, 5, 4, 3, 17, 7, 6, 8, 1, 7, 13, 10, 0, 0, 0, 0, 0, 0, 0, 0, 0, 0, 0, 0, 0, 0, 0, 0, 0, 0, 0, : 2, 3, 6, 6, 6, 5, 2, 4, 8, 5, 5, 4, 3, 17, 7, 6, 8, 1, 7, 13, 10, 
56: 1, 27, 14, 9, 4, 18, 3, 21, 22, 14, 7, 1, 22, 6, 11, 14, 8, 2, 1, 2, 7, 6, 3, 3, 0, 0, 0, 0, 0, 0, 0, 0, 0, 0, 0, 0, 0, 0, 0, 0, : 1, 27, 14, 9, 4, 18, 3, 21, 22, 14, 7, 1, 22, 6, 11, 14, 8, 2, 1, 2, 7, 6, 3, 3, 
57: 7, 2, 1, 2, 3, 3, 1, 13, 2, 4, 10, 1, 5, 34, 6, 11, 1, 1, 3, 2, 10, 0, 0, 0, 0, 0, 0, 0, 0, 0, 0, 0, 0, 0, 0, 0, 0, 0, 0, 0, : 7, 2, 1, 2, 3, 3, 1, 13, 2, 4, 10, 1, 5, 34, 6, 11, 1, 1, 3, 2, 10, 
58: 4, 3, 1, 22, 2, 2, 11, 1, 2, 11, 2, 5, 3, 2, 6, 17, 11, 14, 1, 5, 16, 9, 10, 15, 1, 0, 0, 0, 0, 0, 0, 0, 0, 0, 0, 0, 0, 0, 0, 0, : 4, 3, 1, 22, 2, 2, 11, 1, 2, 11, 2, 5, 3, 2, 6, 17, 11, 14, 1, 5, 16, 9, 10, 15, 1, 
59: 33, 12, 17, 15, 12, 13, 12, 4, 16, 15, 7, 9, 3, 2, 2, 18, 1, 6, 1, 9, 2, 2, 0, 0, 0, 0, 0, 0, 0, 0, 0, 0, 0, 0, 0, 0, 0, 0, 0, 0, : 33, 12, 17, 15, 12, 13, 12, 4, 16, 15, 7, 9, 3, 2, 2, 18, 1, 6, 1, 9, 2, 2, 
60: 1, 8, 1, 15, 20, 12, 4, 6, 10, 1, 17, 3, 17, 2, 3, 5, 26, 1, 0, 0, 0, 0, 0, 0, 0, 0, 0, 0, 0, 0, 0, 0, 0, 0, 0, 0, 0, 0, 0, 0, : 1, 8, 1, 15, 20, 12, 4, 6, 10, 1, 17, 3, 17, 2, 3, 5, 26, 1, 
61: 6, 7, 3, 3, 12, 2, 5, 2, 4, 28, 11, 4, 1, 1, 23, 3, 3, 4, 10, 0, 0, 0, 0, 0, 0, 0, 0, 0, 0, 0, 0, 0, 0, 0, 0, 0, 0, 0, 0, 0, : 6, 7, 3, 3, 12, 2, 5, 2, 4, 28, 11, 4, 1, 1, 23, 3, 3, 4, 10, 
62: 2, 5, 4, 15, 12, 26, 7, 1, 7, 7, 23, 1, 6, 1, 9, 1, 2, 12, 8, 15, 1, 6, 11, 3, 0, 0, 0, 0, 0, 0, 0, 0, 0, 0, 0, 0, 0, 0, 0, 0, : 2, 5, 4, 15, 12, 26, 7, 1, 7, 7, 23, 1, 6, 1, 9, 1, 2, 12, 8, 15, 1, 6, 11, 3, 
63: 3, 6, 13, 15, 32, 13, 16, 1, 18, 1, 1, 2, 14, 20, 7, 6, 6, 14, 2, 16, 13, 13, 3, 33, 0, 0, 0, 0, 0, 0, 0, 0, 0, 0, 0, 0, 0, 0, 0, 0, : 3, 6, 13, 15, 32, 13, 16, 1, 18, 1, 1, 2, 14, 20, 7, 6, 6, 14, 2, 16, 13, 13, 3, 33, 
64: 5, 6, 7, 1, 1, 15, 11, 3, 17, 11, 15, 11, 4, 7, 9, 12, 3, 3, 0, 0, 0, 0, 0, 0, 0, 0, 0, 0, 0, 0, 0, 0, 0, 0, 0, 0, 0, 0, 0, 0, : 5, 6, 7, 1, 1, 15, 11, 3, 17, 11, 15, 11, 4, 7, 9, 12, 3, 3, 
65: 4, 4, 2, 26, 8, 2, 1, 2, 16, 1, 1, 26, 3, 30, 13, 1, 0, 0, 0, 0, 0, 0, 0, 0, 0, 0, 0, 0, 0, 0, 0, 0, 0, 0, 0, 0, 0, 0, 0, 0, : 4, 4, 2, 26, 8, 2, 1, 2, 16, 1, 1, 26, 3, 30, 13, 1, 
66: 2, 1, 1, 6, 21, 9, 2, 28, 4, 3, 23, 32, 12, 1, 3, 5, 4, 7, 9, 26, 22, 28, 12, 22, 36, 0, 0, 0, 0, 0, 0, 0, 0, 0, 0, 0, 0, 0, 0, 0, : 2, 1, 1, 6, 21, 9, 2, 28, 4, 3, 23, 32, 12, 1, 3, 5, 4, 7, 9, 26, 22, 28, 12, 22, 36, 
67: 4, 11, 11, 6, 6, 3, 2, 2, 4, 13, 5, 17, 3, 4, 2, 2, 1, 11, 16, 0, 0, 0, 0, 0, 0, 0, 0, 0, 0, 0, 0, 0, 0, 0, 0, 0, 0, 0, 0, 0, : 4, 11, 11, 6, 6, 3, 2, 2, 4, 13, 5, 17, 3, 4, 2, 2, 1, 11, 16, 
68: 7, 2, 6, 26, 22, 2, 26, 28, 2, 14, 2, 1, 9, 3, 2, 28, 10, 17, 5, 3, 0, 0, 0, 0, 0, 0, 0, 0, 0, 0, 0, 0, 0, 0, 0, 0, 0, 0, 0, 0, : 7, 2, 6, 26, 22, 2, 26, 28, 2, 14, 2, 1, 9, 3, 2, 28, 10, 17, 5, 3, 
69: 4, 6, 1, 10, 5, 6, 12, 11, 2, 20, 7, 5, 12, 25, 0, 0, 0, 0, 0, 0, 0, 0, 0, 0, 0, 0, 0, 0, 0, 0, 0, 0, 0, 0, 0, 0, 0, 0, 0, 0, : 4, 6, 1, 10, 5, 6, 12, 11, 2, 20, 7, 5, 12, 25, 
70: 6, 8, 6, 5, 11, 2, 2, 1, 13, 9, 1, 5, 1, 20, 4, 0, 0, 0, 0, 0, 0, 0, 0, 0, 0, 0, 0, 0, 0, 0, 0, 0, 0, 0, 0, 0, 0, 0, 0, 0, : 6, 8, 6, 5, 11, 2, 2, 1, 13, 9, 1, 5, 1, 20, 4, 
71: 9, 4, 26, 2, 13, 14, 4, 4, 1, 8, 12, 1, 2, 1, 1, 3, 1, 1, 0, 0, 0, 0, 0, 0, 0, 0, 0, 0, 0, 0, 0, 0, 0, 0, 0, 0, 0, 0, 0, 0, : 9, 4, 26, 2, 13, 14, 4, 4, 1, 8, 12, 1, 2, 1, 1, 3, 1, 1, 
72: 2, 12, 14, 1, 24, 5, 1, 2, 17, 7, 4, 3, 19, 1, 1, 1, 1, 2, 4, 4, 4, 2, 9, 2, 1, 3, 1, 5, 0, 0, 0, 0, 0, 0, 0, 0, 0, 0, 0, 0, : 2, 12, 14, 1, 24, 5, 1, 2, 17, 7, 4, 3, 19, 1, 1, 1, 1, 2, 4, 4, 4, 2, 9, 2, 1, 3, 1, 5, 
73: 8, 19, 19, 6, 4, 1, 7, 18, 6, 11, 2, 1, 13, 21, 3, 0, 0, 0, 0, 0, 0, 0, 0, 0, 0, 0, 0, 0, 0, 0, 0, 0, 0, 0, 0, 0, 0, 0, 0, 0, : 8, 19, 19, 6, 4, 1, 7, 18, 6, 11, 2, 1, 13, 21, 3, 
74: 4, 18, 23, 4, 34, 8, 1, 11, 29, 2, 4, 7, 1, 4, 18, 4, 3, 9, 12, 19, 2, 9, 20, 13, 8, 5, 2, 14, 6, 0, 0, 0, 0, 0, 0, 0, 0, 0, 0, 0, : 4, 18, 23, 4, 34, 8, 1, 11, 29, 2, 4, 7, 1, 4, 18, 4, 3, 9, 12, 19, 2, 9, 20, 13, 8, 5, 2, 14, 6, 
75: 12, 8, 17, 4, 3, 31, 1, 8, 5, 25, 11, 1, 21, 1, 21, 9, 18, 11, 9, 11, 20, 4, 11, 1, 2, 33, 0, 0, 0, 0, 0, 0, 0, 0, 0, 0, 0, 0, 0, 0, : 12, 8, 17, 4, 3, 31, 1, 8, 5, 25, 11, 1, 21, 1, 21, 9, 18, 11, 9, 11, 20, 4, 11, 1, 2, 33, 
76: 1, 10, 4, 1, 4, 10, 3, 8, 5, 1, 31, 1, 12, 1, 3, 5, 1, 27, 9, 8, 28, 11, 0, 0, 0, 0, 0, 0, 0, 0, 0, 0, 0, 0, 0, 0, 0, 0, 0, 0, : 1, 10, 4, 1, 4, 10, 3, 8, 5, 1, 31, 1, 12, 1, 3, 5, 1, 27, 9, 8, 28, 11, 
77: 2, 21, 30, 1, 3, 13, 1, 3, 7, 2, 4, 8, 13, 3, 4, 13, 5, 22, 2, 5, 4, 4, 0, 0, 0, 0, 0, 0, 0, 0, 0, 0, 0, 0, 0, 0, 0, 0, 0, 0, : 2, 21, 30, 1, 3, 13, 1, 3, 7, 2, 4, 8, 13, 3, 4, 13, 5, 22, 2, 5, 4, 4, 
78: 7, 4, 1, 14, 14, 2, 4, 4, 13, 13, 3, 3, 12, 14, 12, 13, 3, 0, 0, 0, 0, 0, 0, 0, 0, 0, 0, 0, 0, 0, 0, 0, 0, 0, 0, 0, 0, 0, 0, 0, : 7, 4, 1, 14, 14, 2, 4, 4, 13, 13, 3, 3, 12, 14, 12, 13, 3, 
79: 12, 2, 3, 8, 1, 10, 5, 6, 15, 20, 13, 17, 3, 3, 3, 12, 11, 2, 12, 9, 0, 0, 0, 0, 0, 0, 0, 0, 0, 0, 0, 0, 0, 0, 0, 0, 0, 0, 0, 0, : 12, 2, 3, 8, 1, 10, 5, 6, 15, 20, 13, 17, 3, 3, 3, 12, 11, 2, 12, 9, 
80: 10, 17, 22, 8, 5, 6, 3, 4, 5, 6, 5, 16, 28, 3, 9, 6, 21, 25, 13, 0, 0, 0, 0, 0, 0, 0, 0, 0, 0, 0, 0, 0, 0, 0, 0, 0, 0, 0, 0, 0, : 10, 17, 22, 8, 5, 6, 3, 4, 5, 6, 5, 16, 28, 3, 9, 6, 21, 25, 13, 
81: 33, 9, 1, 1, 4, 9, 13, 33, 20, 9, 5, 6, 6, 9, 5, 0, 0, 0, 0, 0, 0, 0, 0, 0, 0, 0, 0, 0, 0, 0, 0, 0, 0, 0, 0, 0, 0, 0, 0, 0, : 33, 9, 1, 1, 4, 9, 13, 33, 20, 9, 5, 6, 6, 9, 5, 
82: 9, 13, 6, 4, 18, 4, 5, 15, 14, 33, 8, 4, 29, 2, 9, 3, 3, 1, 5, 0, 0, 0, 0, 0, 0, 0, 0, 0, 0, 0, 0, 0, 0, 0, 0, 0, 0, 0, 0, 0, : 9, 13, 6, 4, 18, 4, 5, 15, 14, 33, 8, 4, 29, 2, 9, 3, 3, 1, 5, 
83: 9, 5, 27, 4, 24, 6, 9, 3, 3, 3, 2, 7, 4, 16, 28, 31, 1, 7, 4, 2, 1, 11, 2, 2, 0, 0, 0, 0, 0, 0, 0, 0, 0, 0, 0, 0, 0, 0, 0, 0, : 9, 5, 27, 4, 24, 6, 9, 3, 3, 3, 2, 7, 4, 16, 28, 31, 1, 7, 4, 2, 1, 11, 2, 2, 
84: 6, 2, 4, 9, 1, 2, 3, 1, 7, 12, 6, 13, 9, 33, 20, 9, 4, 1, 16, 1, 12, 2, 5, 11, 3, 3, 20, 1, 5, 0, 0, 0, 0, 0, 0, 0, 0, 0, 0, 0, : 6, 2, 4, 9, 1, 2, 3, 1, 7, 12, 6, 13, 9, 33, 20, 9, 4, 1, 16, 1, 12, 2, 5, 11, 3, 3, 20, 1, 5, 
85: 1, 6, 19, 14, 13, 1, 3, 5, 2, 8, 30, 2, 4, 2, 10, 8, 32, 10, 5, 5, 19, 1, 4, 13, 0, 0, 0, 0, 0, 0, 0, 0, 0, 0, 0, 0, 0, 0, 0, 0, : 1, 6, 19, 14, 13, 1, 3, 5, 2, 8, 30, 2, 4, 2, 10, 8, 32, 10, 5, 5, 19, 1, 4, 13, 
86: 5, 2, 4, 4, 6, 3, 3, 11, 12, 5, 1, 22, 2, 4, 16, 4, 11, 6, 4, 3, 1, 3, 4, 3, 1, 0, 0, 0, 0, 0, 0, 0, 0, 0, 0, 0, 0, 0, 0, 0, : 5, 2, 4, 4, 6, 3, 3, 11, 12, 5, 1, 22, 2, 4, 16, 4, 11, 6, 4, 3, 1, 3, 4, 3, 1, 
87: 1, 3, 1, 12, 26, 3, 23, 5, 1, 3, 2, 2, 6, 8, 0, 0, 0, 0, 0, 0, 0, 0, 0, 0, 0, 0, 0, 0, 0, 0, 0, 0, 0, 0, 0, 0, 0, 0, 0, 0, : 1, 3, 1, 12, 26, 3, 23, 5, 1, 3, 2, 2, 6, 8, 
88: 1, 6, 2, 13, 1, 2, 1, 3, 4, 1, 10, 3, 12, 1, 4, 1, 1, 1, 1, 4, 12, 19, 0, 0, 0, 0, 0, 0, 0, 0, 0, 0, 0, 0, 0, 0, 0, 0, 0, 0, : 1, 6, 2, 13, 1, 2, 1, 3, 4, 1, 10, 3, 12, 1, 4, 1, 1, 1, 1, 4, 12, 19, 
89: 36, 6, 3, 3, 12, 6, 23, 36, 1, 0, 0, 0, 0, 0, 0, 0, 0, 0, 0, 0, 0, 0, 0, 0, 0, 0, 0, 0, 0, 0, 0, 0, 0, 0, 0, 0, 0, 0, 0, 0, : 36, 6, 3, 3, 12, 6, 23, 36, 1, 
90: 1, 5, 5, 15, 8, 3, 5, 11, 8, 3, 27, 1, 2, 7, 3, 9, 1, 5, 1, 7, 1, 1, 1, 9, 1, 0, 0, 0, 0, 0, 0, 0, 0, 0, 0, 0, 0, 0, 0, 0, : 1, 5, 5, 15, 8, 3, 5, 11, 8, 3, 27, 1, 2, 7, 3, 9, 1, 5, 1, 7, 1, 1, 1, 9, 1, 
91: 3, 16, 4, 10, 2, 3, 3, 8, 1, 9, 1, 2, 1, 4, 3, 7, 32, 2, 1, 14, 4, 3, 3, 1, 0, 0, 0, 0, 0, 0, 0, 0, 0, 0, 0, 0, 0, 0, 0, 0, : 3, 16, 4, 10, 2, 3, 3, 8, 1, 9, 1, 2, 1, 4, 3, 7, 32, 2, 1, 14, 4, 3, 3, 1, 
92: 6, 6, 8, 35, 8, 2, 2, 4, 13, 9, 28, 4, 1, 4, 1, 9, 2, 7, 0, 0, 0, 0, 0, 0, 0, 0, 0, 0, 0, 0, 0, 0, 0, 0, 0, 0, 0, 0, 0, 0, : 6, 6, 8, 35, 8, 2, 2, 4, 13, 9, 28, 4, 1, 4, 1, 9, 2, 7, 
93: 7, 13, 15, 29, 5, 2, 3, 13, 1, 4, 2, 2, 10, 2, 5, 28, 1, 3, 4, 2, 11, 0, 0, 0, 0, 0, 0, 0, 0, 0, 0, 0, 0, 0, 0, 0, 0, 0, 0, 0, : 7, 13, 15, 29, 5, 2, 3, 13, 1, 4, 2, 2, 10, 2, 5, 28, 1, 3, 4, 2, 11, 
94: 9, 24, 17, 4, 5, 6, 33, 19, 3, 9, 27, 1, 10, 29, 5, 1, 2, 34, 10, 5, 26, 1, 10, 4, 1, 0, 0, 0, 0, 0, 0, 0, 0, 0, 0, 0, 0, 0, 0, 0, : 9, 24, 17, 4, 5, 6, 33, 19, 3, 9, 27, 1, 10, 29, 5, 1, 2, 34, 10, 5, 26, 1, 10, 4, 1, 
95: 9, 2, 22, 1, 1, 25, 3, 5, 11, 3, 20, 5, 6, 4, 7, 21, 8, 8, 0, 0, 0, 0, 0, 0, 0, 0, 0, 0, 0, 0, 0, 0, 0, 0, 0, 0, 0, 0, 0, 0, : 9, 2, 22, 1, 1, 25, 3, 5, 11, 3, 20, 5, 6, 4, 7, 21, 8, 8, 
96: 3, 7, 7, 3, 13, 4, 2, 2, 11, 6, 9, 4, 2, 2, 14, 6, 2, 1, 33, 10, 8, 9, 3, 8, 0, 0, 0, 0, 0, 0, 0, 0, 0, 0, 0, 0, 0, 0, 0, 0, : 3, 7, 7, 3, 13, 4, 2, 2, 11, 6, 9, 4, 2, 2, 14, 6, 2, 1, 33, 10, 8, 9, 3, 8, 
97: 21, 19, 2, 28, 8, 2, 11, 9, 6, 7, 2, 16, 20, 3, 6, 30, 8, 1, 1, 20, 3, 8, 6, 9, 3, 20, 0, 0, 0, 0, 0, 0, 0, 0, 0, 0, 0, 0, 0, 0, : 21, 19, 2, 28, 8, 2, 11, 9, 6, 7, 2, 16, 20, 3, 6, 30, 8, 1, 1, 20, 3, 8, 6, 9, 3, 20, 
98: 2, 25, 1, 19, 7, 26, 12, 12, 10, 1, 2, 5, 12, 1, 2, 9, 11, 8, 3, 5, 7, 1, 7, 6, 0, 0, 0, 0, 0, 0, 0, 0, 0, 0, 0, 0, 0, 0, 0, 0, : 2, 25, 1, 19, 7, 26, 12, 12, 10, 1, 2, 5, 12, 1, 2, 9, 11, 8, 3, 5, 7, 1, 7, 6, 
99: 8, 19, 10, 2, 11, 5, 1, 10, 2, 6, 7, 9, 9, 1, 3, 4, 1, 11, 3, 2, 8, 1, 0, 0, 0, 0, 0, 0, 0, 0, 0, 0, 0, 0, 0, 0, 0, 0, 0, 0, : 8, 19, 10, 2, 11, 5, 1, 10, 2, 6, 7, 9, 9, 1, 3, 4, 1, 11, 3, 2, 8, 1, 
100: 10, 6, 4, 17, 1, 5, 3, 29, 2, 35, 2, 15, 2, 8, 5, 16, 11, 1, 0, 0, 0, 0, 0, 0, 0, 0, 0, 0, 0, 0, 0, 0, 0, 0, 0, 0, 0, 0, 0, 0, : 10, 6, 4, 17, 1, 5, 3, 29, 2, 35, 2, 15, 2, 8, 5, 16, 11, 1, 
101: 13, 3, 18, 2, 2, 4, 2, 1, 4, 1, 3, 13, 8, 7, 1, 1, 3, 1, 6, 3, 0, 0, 0, 0, 0, 0, 0, 0, 0, 0, 0, 0, 0, 0, 0, 0, 0, 0, 0, 0, : 13, 3, 18, 2, 2, 4, 2, 1, 4, 1, 3, 13, 8, 7, 1, 1, 3, 1, 6, 3, 
102: 11, 17, 6, 5, 5, 5, 11, 3, 4, 21, 4, 2, 5, 13, 16, 20, 18, 2, 2, 14, 11, 2, 7, 21, 2, 1, 12, 5, 0, 0, 0, 0, 0, 0, 0, 0, 0, 0, 0, 0, : 11, 17, 6, 5, 5, 5, 11, 3, 4, 21, 4, 2, 5, 13, 16, 20, 18, 2, 2, 14, 11, 2, 7, 21, 2, 1, 12, 5, 
103: 28, 5, 1, 17, 13, 11, 23, 18, 11, 4, 3, 2, 23, 10, 1, 0, 0, 0, 0, 0, 0, 0, 0, 0, 0, 0, 0, 0, 0, 0, 0, 0, 0, 0, 0, 0, 0, 0, 0, 0, : 28, 5, 1, 17, 13, 11, 23, 18, 11, 4, 3, 2, 23, 10, 1, 
104: 1, 18, 1, 7, 8, 2, 34, 9, 11, 5, 1, 1, 3, 1, 13, 15, 10, 3, 11, 0, 0, 0, 0, 0, 0, 0, 0, 0, 0, 0, 0, 0, 0, 0, 0, 0, 0, 0, 0, 0, : 1, 18, 1, 7, 8, 2, 34, 9, 11, 5, 1, 1, 3, 1, 13, 15, 10, 3, 11, 
105: 7, 9, 8, 30, 8, 7, 6, 3, 10, 0, 0, 0, 0, 0, 0, 0, 0, 0, 0, 0, 0, 0, 0, 0, 0, 0, 0, 0, 0, 0, 0, 0, 0, 0, 0, 0, 0, 0, 0, 0, : 7, 9, 8, 30, 8, 7, 6, 3, 10, 
106: 2, 20, 2, 1, 3, 10, 8, 6, 10, 3, 1, 9, 2, 3, 34, 1, 5, 1, 1, 11, 6, 21, 3, 25, 19, 5, 4, 4, 13, 11, 0, 0, 0, 0, 0, 0, 0, 0, 0, 0, : 2, 20, 2, 1, 3, 10, 8, 6, 10, 3, 1, 9, 2, 3, 34, 1, 5, 1, 1, 11, 6, 21, 3, 25, 19, 5, 4, 4, 13, 11, 
107: 7, 25, 1, 10, 19, 2, 6, 4, 14, 1, 1, 26, 1, 6, 3, 4, 6, 0, 0, 0, 0, 0, 0, 0, 0, 0, 0, 0, 0, 0, 0, 0, 0, 0, 0, 0, 0, 0, 0, 0, : 7, 25, 1, 10, 19, 2, 6, 4, 14, 1, 1, 26, 1, 6, 3, 4, 6, 
108: 2, 18, 28, 2, 12, 3, 10, 8, 3, 19, 3, 1, 34, 10, 5, 7, 12, 8, 0, 0, 0, 0, 0, 0, 0, 0, 0, 0, 0, 0, 0, 0, 0, 0, 0, 0, 0, 0, 0, 0, : 2, 18, 28, 2, 12, 3, 10, 8, 3, 19, 3, 1, 34, 10, 5, 7, 12, 8, 
109: 1, 5, 3, 2, 4, 8, 16, 22, 30, 11, 5, 1, 2, 8, 33, 9, 9, 7, 16, 4, 4, 23, 1, 4, 3, 2, 0, 0, 0, 0, 0, 0, 0, 0, 0, 0, 0, 0, 0, 0, : 1, 5, 3, 2, 4, 8, 16, 22, 30, 11, 5, 1, 2, 8, 33, 9, 9, 7, 16, 4, 4, 23, 1, 4, 3, 2, 
110: 7, 2, 1, 11, 1, 6, 11, 8, 12, 5, 8, 7, 7, 5, 11, 2, 0, 0, 0, 0, 0, 0, 0, 0, 0, 0, 0, 0, 0, 0, 0, 0, 0, 0, 0, 0, 0, 0, 0, 0, : 7, 2, 1, 11, 1, 6, 11, 8, 12, 5, 8, 7, 7, 5, 11, 2, 
111: 3, 15, 8, 3, 15, 6, 1, 5, 23, 2, 11, 13, 28, 20, 1, 31, 6, 0, 0, 0, 0, 0, 0, 0, 0, 0, 0, 0, 0, 0, 0, 0, 0, 0, 0, 0, 0, 0, 0, 0, : 3, 15, 8, 3, 15, 6, 1, 5, 23, 2, 11, 13, 28, 20, 1, 31, 6, 
112: 9, 23, 2, 4, 29, 8, 20, 5, 3, 6, 6, 14, 1, 14, 16, 1, 1, 7, 3, 5, 3, 2, 18, 3, 5, 1, 20, 0, 0, 0, 0, 0, 0, 0, 0, 0, 0, 0, 0, 0, : 9, 23, 2, 4, 29, 8, 20, 5, 3, 6, 6, 14, 1, 14, 16, 1, 1, 7, 3, 5, 3, 2, 18, 3, 5, 1, 20, 
113: 4, 1, 1, 6, 1, 7, 1, 1, 1, 6, 6, 13, 1, 0, 0, 0, 0, 0, 0, 0, 0, 0, 0, 0, 0, 0, 0, 0, 0, 0, 0, 0, 0, 0, 0, 0, 0, 0, 0, 0, : 4, 1, 1, 6, 1, 7, 1, 1, 1, 6, 6, 13, 1, 
114: 3, 1, 10, 5, 2, 7, 7, 6, 16, 1, 1, 6, 4, 1, 9, 15, 16, 1, 11, 0, 0, 0, 0, 0, 0, 0, 0, 0, 0, 0, 0, 0, 0, 0, 0, 0, 0, 0, 0, 0, : 3, 1, 10, 5, 2, 7, 7, 6, 16, 1, 1, 6, 4, 1, 9, 15, 16, 1, 11, 
115: 1, 3, 7, 11, 18, 1, 1, 1, 4, 9, 5, 36, 18, 24, 14, 11, 20, 1, 13, 15, 6, 11, 0, 0, 0, 0, 0, 0, 0, 0, 0, 0, 0, 0, 0, 0, 0, 0, 0, 0, : 1, 3, 7, 11, 18, 1, 1, 1, 4, 9, 5, 36, 18, 24, 14, 11, 20, 1, 13, 15, 6, 11, 
116: 4, 1, 7, 1, 27, 3, 2, 5, 3, 3, 8, 3, 1, 1, 5, 1, 9, 15, 1, 2, 3, 0, 0, 0, 0, 0, 0, 0, 0, 0, 0, 0, 0, 0, 0, 0, 0, 0, 0, 0, : 4, 1, 7, 1, 27, 3, 2, 5, 3, 3, 8, 3, 1, 1, 5, 1, 9, 15, 1, 2, 3, 
117: 4, 8, 1, 25, 7, 23, 15, 21, 21, 1, 4, 2, 32, 1, 10, 9, 2, 5, 4, 0, 0, 0, 0, 0, 0, 0, 0, 0, 0, 0, 0, 0, 0, 0, 0, 0, 0, 0, 0, 0, : 4, 8, 1, 25, 7, 23, 15, 21, 21, 1, 4, 2, 32, 1, 10, 9, 2, 5, 4, 
118: 3, 1, 8, 6, 17, 1, 8, 8, 1, 5, 8, 0, 0, 0, 0, 0, 0, 0, 0, 0, 0, 0, 0, 0, 0, 0, 0, 0, 0, 0, 0, 0, 0, 0, 0, 0, 0, 0, 0, 0, : 3, 1, 8, 6, 17, 1, 8, 8, 1, 5, 8, 
119: 1, 6, 1, 10, 13, 26, 10, 5, 3, 1, 1, 6, 15, 6, 23, 8, 12, 33, 8, 3, 2, 2, 20, 12, 24, 6, 8, 2, 24, 3, 3, 0, 0, 0, 0, 0, 0, 0, 0, 0, : 1, 6, 1, 10, 13, 26, 10, 5, 3, 1, 1, 6, 15, 6, 23, 8, 12, 33, 8, 3, 2, 2, 20, 12, 24, 6, 8, 2, 24, 3, 3, 
120: 9, 1, 4, 2, 19, 27, 6, 13, 1, 4, 15, 2, 14, 1, 22, 1, 4, 0, 0, 0, 0, 0, 0, 0, 0, 0, 0, 0, 0, 0, 0, 0, 0, 0, 0, 0, 0, 0, 0, 0, : 9, 1, 4, 2, 19, 27, 6, 13, 1, 4, 15, 2, 14, 1, 22, 1, 4, 
121: 3, 38, 1, 9, 1, 8, 27, 35, 15, 2, 7, 19, 11, 7, 3, 7, 3, 2, 14, 3, 8, 0, 0, 0, 0, 0, 0, 0, 0, 0, 0, 0, 0, 0, 0, 0, 0, 0, 0, 0, : 3, 38, 1, 9, 1, 8, 27, 35, 15, 2, 7, 19, 11, 7, 3, 7, 3, 2, 14, 3, 8, 
122: 17, 11, 11, 4, 12, 1, 23, 1, 5, 20, 1, 4, 1, 1, 2, 20, 17, 21, 3, 13, 0, 0, 0, 0, 0, 0, 0, 0, 0, 0, 0, 0, 0, 0, 0, 0, 0, 0, 0, 0, : 17, 11, 11, 4, 12, 1, 23, 1, 5, 20, 1, 4, 1, 1, 2, 20, 17, 21, 3, 13, 
123: 3, 3, 18, 16, 7, 12, 11, 12, 2, 3, 17, 2, 4, 4, 3, 9, 0, 0, 0, 0, 0, 0, 0, 0, 0, 0, 0, 0, 0, 0, 0, 0, 0, 0, 0, 0, 0, 0, 0, 0, : 3, 3, 18, 16, 7, 12, 11, 12, 2, 3, 17, 2, 4, 4, 3, 9, 
124: 3, 4, 21, 18, 11, 24, 12, 11, 5, 4, 5, 4, 8, 3, 13, 1, 0, 0, 0, 0, 0, 0, 0, 0, 0, 0, 0, 0, 0, 0, 0, 0, 0, 0, 0, 0, 0, 0, 0, 0, : 3, 4, 21, 18, 11, 24, 12, 11, 5, 4, 5, 4, 8, 3, 13, 1, 
125: 9, 9, 1, 6, 5, 6, 7, 10, 2, 3, 1, 23, 7, 2, 15, 2, 10, 4, 1, 2, 1, 7, 1, 8, 11, 11, 7, 4, 12, 17, 0, 0, 0, 0, 0, 0, 0, 0, 0, 0, : 9, 9, 1, 6, 5, 6, 7, 10, 2, 3, 1, 23, 7, 2, 15, 2, 10, 4, 1, 2, 1, 7, 1, 8, 11, 11, 7, 4, 12, 17, 
126: 6, 23, 5, 2, 7, 4, 2, 3, 6, 14, 4, 6, 19, 12, 1, 8, 5, 8, 30, 6, 27, 0, 0, 0, 0, 0, 0, 0, 0, 0, 0, 0, 0, 0, 0, 0, 0, 0, 0, 0, : 6, 23, 5, 2, 7, 4, 2, 3, 6, 14, 4, 6, 19, 12, 1, 8, 5, 8, 30, 6, 27, 
127: 8, 2, 6, 5, 7, 11, 5, 10, 7, 6, 3, 9, 2, 3, 8, 3, 4, 1, 6, 12, 1, 10, 0, 0, 0, 0, 0, 0, 0, 0, 0, 0, 0, 0, 0, 0, 0, 0, 0, 0, : 8, 2, 6, 5, 7, 11, 5, 10, 7, 6, 3, 9, 2, 3, 8, 3, 4, 1, 6, 12, 1, 10, 
128: 3, 4, 10, 4, 8, 6, 6, 1, 5, 7, 6, 11, 3, 6, 7, 8, 19, 8, 2, 10, 3, 3, 1, 34, 28, 29, 6, 0, 0, 0, 0, 0, 0, 0, 0, 0, 0, 0, 0, 0, : 3, 4, 10, 4, 8, 6, 6, 1, 5, 7, 6, 11, 3, 6, 7, 8, 19, 8, 2, 10, 3, 3, 1, 34, 28, 29, 6, 
129: 1, 3, 9, 4, 1, 5, 9, 5, 11, 13, 2, 8, 22, 1, 8, 2, 0, 0, 0, 0, 0, 0, 0, 0, 0, 0, 0, 0, 0, 0, 0, 0, 0, 0, 0, 0, 0, 0, 0, 0, : 1, 3, 9, 4, 1, 5, 9, 5, 11, 13, 2, 8, 22, 1, 8, 2, 
130: 1, 12, 19, 2, 13, 4, 6, 1, 33, 22, 6, 14, 7, 3, 14, 18, 18, 29, 33, 23, 1, 20, 3, 1, 1, 0, 0, 0, 0, 0, 0, 0, 0, 0, 0, 0, 0, 0, 0, 0, : 1, 12, 19, 2, 13, 4, 6, 1, 33, 22, 6, 14, 7, 3, 14, 18, 18, 29, 33, 23, 1, 20, 3, 1, 1, 
131: 9, 1, 2, 2, 11, 3, 16, 4, 1, 2, 7, 2, 4, 1, 21, 1, 12, 2, 1, 9, 19, 0, 0, 0, 0, 0, 0, 0, 0, 0, 0, 0, 0, 0, 0, 0, 0, 0, 0, 0, : 9, 1, 2, 2, 11, 3, 16, 4, 1, 2, 7, 2, 4, 1, 21, 1, 12, 2, 1, 9, 19, 
132: 4, 2, 8, 10, 35, 3, 14, 1, 5, 5, 17, 2, 15, 8, 21, 1, 7, 1, 1, 13, 1, 2, 0, 0, 0, 0, 0, 0, 0, 0, 0, 0, 0, 0, 0, 0, 0, 0, 0, 0, : 4, 2, 8, 10, 35, 3, 14, 1, 5, 5, 17, 2, 15, 8, 21, 1, 7, 1, 1, 13, 1, 2, 
133: 21, 4, 11, 19, 4, 4, 2, 1, 28, 17, 32, 7, 2, 3, 0, 0, 0, 0, 0, 0, 0, 0, 0, 0, 0, 0, 0, 0, 0, 0, 0, 0, 0, 0, 0, 0, 0, 0, 0, 0, : 21, 4, 11, 19, 4, 4, 2, 1, 28, 17, 32, 7, 2, 3, 
134: 4, 35, 1, 1, 9, 1, 11, 2, 28, 11, 10, 0, 0, 0, 0, 0, 0, 0, 0, 0, 0, 0, 0, 0, 0, 0, 0, 0, 0, 0, 0, 0, 0, 0, 0, 0, 0, 0, 0, 0, : 4, 35, 1, 1, 9, 1, 11, 2, 28, 11, 10, 
135: 9, 3, 3, 6, 8, 5, 6, 1, 4, 2, 5, 2, 14, 24, 4, 0, 0, 0, 0, 0, 0, 0, 0, 0, 0, 0, 0, 0, 0, 0, 0, 0, 0, 0, 0, 0, 0, 0, 0, 0, : 9, 3, 3, 6, 8, 5, 6, 1, 4, 2, 5, 2, 14, 24, 4, 
136: 10, 9, 9, 21, 1, 1, 7, 29, 1, 12, 22, 21, 2, 3, 5, 6, 2, 10, 16, 8, 5, 1, 32, 8, 10, 0, 0, 0, 0, 0, 0, 0, 0, 0, 0, 0, 0, 0, 0, 0, : 10, 9, 9, 21, 1, 1, 7, 29, 1, 12, 22, 21, 2, 3, 5, 6, 2, 10, 16, 8, 5, 1, 32, 8, 10, 
137: 2, 18, 20, 10, 8, 23, 9, 15, 7, 12, 5, 6, 1, 2, 24, 1, 1, 10, 1, 4, 11, 28, 1, 21, 0, 0, 0, 0, 0, 0, 0, 0, 0, 0, 0, 0, 0, 0, 0, 0, : 2, 18, 20, 10, 8, 23, 9, 15, 7, 12, 5, 6, 1, 2, 24, 1, 1, 10, 1, 4, 11, 28, 1, 21, 
138: 8, 10, 4, 4, 5, 3, 20, 26, 4, 27, 1, 21, 1, 12, 5, 30, 7, 9, 5, 1, 7, 10, 0, 0, 0, 0, 0, 0, 0, 0, 0, 0, 0, 0, 0, 0, 0, 0, 0, 0, : 8, 10, 4, 4, 5, 3, 20, 26, 4, 27, 1, 21, 1, 12, 5, 30, 7, 9, 5, 1, 7, 10, 
139: 1, 4, 8, 20, 10, 2, 7, 27, 3, 6, 13, 14, 1, 13, 1, 1, 2, 28, 5, 9, 6, 15, 31, 0, 0, 0, 0, 0, 0, 0, 0, 0, 0, 0, 0, 0, 0, 0, 0, 0, : 1, 4, 8, 20, 10, 2, 7, 27, 3, 6, 13, 14, 1, 13, 1, 1, 2, 28, 5, 9, 6, 15, 31, 
140: 1, 4, 21, 3, 20, 5, 4, 2, 7, 23, 9, 3, 10, 13, 9, 6, 1, 2, 3, 5, 8, 37, 8, 4, 16, 12, 11, 12, 6, 4, 0, 0, 0, 0, 0, 0, 0, 0, 0, 0, : 1, 4, 21, 3, 20, 5, 4, 2, 7, 23, 9, 3, 10, 13, 9, 6, 1, 2, 3, 5, 8, 37, 8, 4, 16, 12, 11, 12, 6, 4, 
141: 3, 1, 16, 6, 1, 2, 4, 28, 4, 16, 20, 5, 5, 6, 5, 1, 1, 5, 31, 1, 1, 3, 12, 6, 12, 15, 0, 0, 0, 0, 0, 0, 0, 0, 0, 0, 0, 0, 0, 0, : 3, 1, 16, 6, 1, 2, 4, 28, 4, 16, 20, 5, 5, 6, 5, 1, 1, 5, 31, 1, 1, 3, 12, 6, 12, 15, 
142: 16, 9, 11, 1, 11, 2, 8, 11, 4, 4, 6, 3, 1, 2, 19, 1, 2, 8, 0, 0, 0, 0, 0, 0, 0, 0, 0, 0, 0, 0, 0, 0, 0, 0, 0, 0, 0, 0, 0, 0, : 16, 9, 11, 1, 11, 2, 8, 11, 4, 4, 6, 3, 1, 2, 19, 1, 2, 8, 
143: 13, 9, 1, 15, 20, 9, 6, 6, 4, 4, 12, 10, 0, 0, 0, 0, 0, 0, 0, 0, 0, 0, 0, 0, 0, 0, 0, 0, 0, 0, 0, 0, 0, 0, 0, 0, 0, 0, 0, 0, : 13, 9, 1, 15, 20, 9, 6, 6, 4, 4, 12, 10, 
144: 2, 1, 16, 8, 1, 1, 11, 2, 26, 11, 4, 5, 14, 4, 2, 1, 2, 7, 11, 16, 2, 0, 0, 0, 0, 0, 0, 0, 0, 0, 0, 0, 0, 0, 0, 0, 0, 0, 0, 0, : 2, 1, 16, 8, 1, 1, 11, 2, 26, 11, 4, 5, 14, 4, 2, 1, 2, 7, 11, 16, 2, 
145: 3, 4, 9, 5, 5, 18, 13, 1, 4, 16, 3, 1, 1, 26, 16, 15, 15, 0, 0, 0, 0, 0, 0, 0, 0, 0, 0, 0, 0, 0, 0, 0, 0, 0, 0, 0, 0, 0, 0, 0, : 3, 4, 9, 5, 5, 18, 13, 1, 4, 16, 3, 1, 1, 26, 16, 15, 15, 
146: 9, 1, 4, 6, 4, 6, 10, 4, 3, 1, 8, 1, 7, 2, 7, 25, 6, 0, 0, 0, 0, 0, 0, 0, 0, 0, 0, 0, 0, 0, 0, 0, 0, 0, 0, 0, 0, 0, 0, 0, : 9, 1, 4, 6, 4, 6, 10, 4, 3, 1, 8, 1, 7, 2, 7, 25, 6, 
147: 8, 7, 14, 7, 2, 28, 18, 2, 11, 4, 6, 4, 5, 4, 1, 1, 10, 7, 14, 20, 5, 2, 2, 0, 0, 0, 0, 0, 0, 0, 0, 0, 0, 0, 0, 0, 0, 0, 0, 0, : 8, 7, 14, 7, 2, 28, 18, 2, 11, 4, 6, 4, 5, 4, 1, 1, 10, 7, 14, 20, 5, 2, 2, 
148: 17, 8, 1, 4, 19, 18, 7, 7, 4, 6, 33, 5, 4, 1, 11, 23, 28, 4, 18, 4, 22, 29, 33, 1, 11, 0, 0, 0, 0, 0, 0, 0, 0, 0, 0, 0, 0, 0, 0, 0, : 17, 8, 1, 4, 19, 18, 7, 7, 4, 6, 33, 5, 4, 1, 11, 23, 28, 4, 18, 4, 22, 29, 33, 1, 11, 
149: 6, 9, 4, 1, 3, 9, 4, 6, 1, 3, 1, 9, 5, 8, 24, 4, 34, 18, 1, 0, 0, 0, 0, 0, 0, 0, 0, 0, 0, 0, 0, 0, 0, 0, 0, 0, 0, 0, 0, 0, : 6, 9, 4, 1, 3, 9, 4, 6, 1, 3, 1, 9, 5, 8, 24, 4, 34, 18, 1, 
150: 33, 2, 3, 28, 3, 9, 2, 1, 8, 1, 8, 3, 15, 14, 5, 12, 8, 15, 12, 1, 2, 8, 15, 0, 0, 0, 0, 0, 0, 0, 0, 0, 0, 0, 0, 0, 0, 0, 0, 0, : 33, 2, 3, 28, 3, 9, 2, 1, 8, 1, 8, 3, 15, 14, 5, 12, 8, 15, 12, 1, 2, 8, 15, 
151: 9, 6, 15, 16, 19, 19, 12, 4, 13, 2, 22, 15, 9, 2, 6, 3, 3, 6, 1, 5, 7, 1, 2, 3, 1, 1, 0, 0, 0, 0, 0, 0, 0, 0, 0, 0, 0, 0, 0, 0, : 9, 6, 15, 16, 19, 19, 12, 4, 13, 2, 22, 15, 9, 2, 6, 3, 3, 6, 1, 5, 7, 1, 2, 3, 1, 1, 
152: 1, 19, 2, 6, 8, 2, 3, 1, 26, 1, 3, 11, 18, 5, 5, 5, 4, 3, 3, 1, 17, 8, 0, 0, 0, 0, 0, 0, 0, 0, 0, 0, 0, 0, 0, 0, 0, 0, 0, 0, : 1, 19, 2, 6, 8, 2, 3, 1, 26, 1, 3, 11, 18, 5, 5, 5, 4, 3, 3, 1, 17, 8, 
153: 18, 9, 1, 32, 9, 5, 4, 9, 9, 3, 1, 20, 23, 1, 4, 5, 2, 28, 1, 11, 1, 0, 0, 0, 0, 0, 0, 0, 0, 0, 0, 0, 0, 0, 0, 0, 0, 0, 0, 0, : 18, 9, 1, 32, 9, 5, 4, 9, 9, 3, 1, 20, 23, 1, 4, 5, 2, 28, 1, 11, 1, 
154: 4, 8, 18, 8, 1, 20, 30, 5, 4, 18, 6, 5, 18, 3, 30, 1, 2, 4, 0, 0, 0, 0, 0, 0, 0, 0, 0, 0, 0, 0, 0, 0, 0, 0, 0, 0, 0, 0, 0, 0, : 4, 8, 18, 8, 1, 20, 30, 5, 4, 18, 6, 5, 18, 3, 30, 1, 2, 4, 
155: 2, 22, 5, 13, 20, 11, 4, 13, 1, 2, 11, 3, 15, 4, 8, 8, 5, 8, 3, 5, 5, 0, 0, 0, 0, 0, 0, 0, 0, 0, 0, 0, 0, 0, 0, 0, 0, 0, 0, 0, : 2, 22, 5, 13, 20, 11, 4, 13, 1, 2, 11, 3, 15, 4, 8, 8, 5, 8, 3, 5, 5, 
156: 1, 3, 11, 2, 4, 9, 1, 3, 27, 2, 3, 32, 6, 7, 10, 3, 12, 2, 1, 0, 0, 0, 0, 0, 0, 0, 0, 0, 0, 0, 0, 0, 0, 0, 0, 0, 0, 0, 0, 0, : 1, 3, 11, 2, 4, 9, 1, 3, 27, 2, 3, 32, 6, 7, 10, 3, 12, 2, 1, 
157: 4, 6, 1, 16, 9, 4, 4, 4, 17, 23, 7, 1, 7, 0, 0, 0, 0, 0, 0, 0, 0, 0, 0, 0, 0, 0, 0, 0, 0, 0, 0, 0, 0, 0, 0, 0, 0, 0, 0, 0, : 4, 6, 1, 16, 9, 4, 4, 4, 17, 23, 7, 1, 7, 
158: 1, 1, 3, 1, 1, 2, 3, 1, 9, 35, 22, 1, 1, 3, 13, 3, 7, 6, 24, 8, 5, 5, 4, 8, 0, 0, 0, 0, 0, 0, 0, 0, 0, 0, 0, 0, 0, 0, 0, 0, : 1, 1, 3, 1, 1, 2, 3, 1, 9, 35, 22, 1, 1, 3, 13, 3, 7, 6, 24, 8, 5, 5, 4, 8, 
159: 2, 5, 4, 9, 10, 2, 8, 6, 9, 12, 6, 5, 2, 7, 1, 5, 8, 5, 1, 13, 1, 11, 0, 0, 0, 0, 0, 0, 0, 0, 0, 0, 0, 0, 0, 0, 0, 0, 0, 0, : 2, 5, 4, 9, 10, 2, 8, 6, 9, 12, 6, 5, 2, 7, 1, 5, 8, 5, 1, 13, 1, 11, 
160: 3, 1, 6, 8, 17, 19, 1, 20, 11, 19, 7, 4, 6, 4, 11, 1, 3, 2, 2, 4, 3, 35, 2, 0, 0, 0, 0, 0, 0, 0, 0, 0, 0, 0, 0, 0, 0, 0, 0, 0, : 3, 1, 6, 8, 17, 19, 1, 20, 11, 19, 7, 4, 6, 4, 11, 1, 3, 2, 2, 4, 3, 35, 2, 
161: 1, 10, 1, 19, 17, 3, 25, 4, 4, 4, 1, 6, 3, 7, 21, 7, 1, 7, 16, 13, 15, 0, 0, 0, 0, 0, 0, 0, 0, 0, 0, 0, 0, 0, 0, 0, 0, 0, 0, 0, : 1, 10, 1, 19, 17, 3, 25, 4, 4, 4, 1, 6, 3, 7, 21, 7, 1, 7, 16, 13, 15, 
162: 4, 11, 6, 23, 12, 3, 18, 4, 5, 6, 21, 8, 1, 3, 5, 21, 21, 3, 16, 3, 0, 0, 0, 0, 0, 0, 0, 0, 0, 0, 0, 0, 0, 0, 0, 0, 0, 0, 0, 0, : 4, 11, 6, 23, 12, 3, 18, 4, 5, 6, 21, 8, 1, 3, 5, 21, 21, 3, 16, 3, 
163: 2, 15, 1, 2, 12, 13, 1, 1, 14, 2, 1, 8, 2, 10, 5, 8, 26, 5, 0, 0, 0, 0, 0, 0, 0, 0, 0, 0, 0, 0, 0, 0, 0, 0, 0, 0, 0, 0, 0, 0, : 2, 15, 1, 2, 12, 13, 1, 1, 14, 2, 1, 8, 2, 10, 5, 8, 26, 5, 
164: 13, 2, 3, 12, 23, 4, 3, 6, 31, 4, 1, 2, 6, 14, 9, 6, 8, 5, 2, 9, 8, 5, 0, 0, 0, 0, 0, 0, 0, 0, 0, 0, 0, 0, 0, 0, 0, 0, 0, 0, : 13, 2, 3, 12, 23, 4, 3, 6, 31, 4, 1, 2, 6, 14, 9, 6, 8, 5, 2, 9, 8, 5, 
165: 2, 2, 1, 2, 4, 3, 1, 2, 13, 2, 1, 1, 22, 5, 3, 1, 5, 28, 23, 9, 1, 27, 22, 1, 1, 0, 0, 0, 0, 0, 0, 0, 0, 0, 0, 0, 0, 0, 0, 0, : 2, 2, 1, 2, 4, 3, 1, 2, 13, 2, 1, 1, 22, 5, 3, 1, 5, 28, 23, 9, 1, 27, 22, 1, 1, 
166: 5, 4, 19, 1, 12, 4, 13, 4, 4, 7, 5, 5, 11, 6, 8, 12, 21, 3, 1, 1, 15, 3, 0, 0, 0, 0, 0, 0, 0, 0, 0, 0, 0, 0, 0, 0, 0, 0, 0, 0, : 5, 4, 19, 1, 12, 4, 13, 4, 4, 7, 5, 5, 11, 6, 8, 12, 21, 3, 1, 1, 15, 3, 
167: 6, 3, 15, 11, 18, 4, 1, 6, 10, 12, 2, 0, 0, 0, 0, 0, 0, 0, 0, 0, 0, 0, 0, 0, 0, 0, 0, 0, 0, 0, 0, 0, 0, 0, 0, 0, 0, 0, 0, 0, : 6, 3, 15, 11, 18, 4, 1, 6, 10, 12, 2, 
168: 4, 2, 4, 2, 28, 10, 3, 1, 6, 6, 6, 9, 1, 1, 1, 3, 2, 9, 23, 2, 2, 0, 0, 0, 0, 0, 0, 0, 0, 0, 0, 0, 0, 0, 0, 0, 0, 0, 0, 0, : 4, 2, 4, 2, 28, 10, 3, 1, 6, 6, 6, 9, 1, 1, 1, 3, 2, 9, 23, 2, 2, 
169: 3, 1, 10, 27, 7, 11, 7, 2, 7, 18, 1, 3, 16, 1, 21, 3, 4, 8, 17, 9, 0, 0, 0, 0, 0, 0, 0, 0, 0, 0, 0, 0, 0, 0, 0, 0, 0, 0, 0, 0, : 3, 1, 10, 27, 7, 11, 7, 2, 7, 18, 1, 3, 16, 1, 21, 3, 4, 8, 17, 9, 
170: 11, 15, 7, 6, 1, 14, 28, 16, 1, 10, 29, 3, 4, 4, 3, 11, 10, 9, 1, 2, 18, 9, 29, 1, 1, 0, 0, 0, 0, 0, 0, 0, 0, 0, 0, 0, 0, 0, 0, 0, : 11, 15, 7, 6, 1, 14, 28, 16, 1, 10, 29, 3, 4, 4, 3, 11, 10, 9, 1, 2, 18, 9, 29, 1, 1, 
171: 12, 1, 9, 10, 2, 8, 10, 5, 1, 2, 2, 10, 6, 6, 2, 6, 10, 11, 36, 10, 0, 0, 0, 0, 0, 0, 0, 0, 0, 0, 0, 0, 0, 0, 0, 0, 0, 0, 0, 0, : 12, 1, 9, 10, 2, 8, 10, 5, 1, 2, 2, 10, 6, 6, 2, 6, 10, 11, 36, 10, 
172: 14, 2, 1, 13, 4, 3, 3, 17, 5, 1, 5, 9, 7, 17, 6, 17, 23, 24, 0, 0, 0, 0, 0, 0, 0, 0, 0, 0, 0, 0, 0, 0, 0, 0, 0, 0, 0, 0, 0, 0, : 14, 2, 1, 13, 4, 3, 3, 17, 5, 1, 5, 9, 7, 17, 6, 17, 23, 24, 
173: 17, 11, 13, 1, 4, 4, 4, 14, 20, 2, 1, 6, 4, 4, 23, 15, 6, 0, 0, 0, 0, 0, 0, 0, 0, 0, 0, 0, 0, 0, 0, 0, 0, 0, 0, 0, 0, 0, 0, 0, : 17, 11, 13, 1, 4, 4, 4, 14, 20, 2, 1, 6, 4, 4, 23, 15, 6, 
174: 11, 17, 8, 3, 9, 2, 2, 4, 27, 22, 1, 7, 2, 9, 14, 17, 8, 29, 15, 0, 0, 0, 0, 0, 0, 0, 0, 0, 0, 0, 0, 0, 0, 0, 0, 0, 0, 0, 0, 0, : 11, 17, 8, 3, 9, 2, 2, 4, 27, 22, 1, 7, 2, 9, 14, 17, 8, 29, 15, 
175: 16, 16, 5, 2, 2, 1, 4, 9, 14, 1, 16, 14, 9, 1, 5, 4, 1, 5, 19, 0, 0, 0, 0, 0, 0, 0, 0, 0, 0, 0, 0, 0, 0, 0, 0, 0, 0, 0, 0, 0, : 16, 16, 5, 2, 2, 1, 4, 9, 14, 1, 16, 14, 9, 1, 5, 4, 1, 5, 19, 
176: 31, 25, 28, 4, 4, 1, 2, 16, 10, 1, 5, 15, 3, 4, 2, 22, 3, 5, 28, 10, 0, 0, 0, 0, 0, 0, 0, 0, 0, 0, 0, 0, 0, 0, 0, 0, 0, 0, 0, 0, : 31, 25, 28, 4, 4, 1, 2, 16, 10, 1, 5, 15, 3, 4, 2, 22, 3, 5, 28, 10, 
177: 19, 5, 3, 8, 8, 2, 1, 10, 9, 5, 14, 5, 10, 34, 3, 4, 25, 3, 4, 0, 0, 0, 0, 0, 0, 0, 0, 0, 0, 0, 0, 0, 0, 0, 0, 0, 0, 0, 0, 0, : 19, 5, 3, 8, 8, 2, 1, 10, 9, 5, 14, 5, 10, 34, 3, 4, 25, 3, 4, 
178: 1, 14, 2, 35, 5, 5, 10, 28, 31, 1, 1, 10, 3, 13, 4, 5, 0, 0, 0, 0, 0, 0, 0, 0, 0, 0, 0, 0, 0, 0, 0, 0, 0, 0, 0, 0, 0, 0, 0, 0, : 1, 14, 2, 35, 5, 5, 10, 28, 31, 1, 1, 10, 3, 13, 4, 5, 
179: 4, 9, 8, 3, 5, 5, 9, 10, 2, 2, 5, 5, 10, 7, 8, 8, 0, 0, 0, 0, 0, 0, 0, 0, 0, 0, 0, 0, 0, 0, 0, 0, 0, 0, 0, 0, 0, 0, 0, 0, : 4, 9, 8, 3, 5, 5, 9, 10, 2, 2, 5, 5, 10, 7, 8, 8, 
180: 16, 14, 14, 7, 4, 5, 7, 1, 9, 8, 33, 5, 2, 8, 23, 7, 1, 18, 7, 7, 13, 7, 2, 31, 4, 2, 3, 0, 0, 0, 0, 0, 0, 0, 0, 0, 0, 0, 0, 0, : 16, 14, 14, 7, 4, 5, 7, 1, 9, 8, 33, 5, 2, 8, 23, 7, 1, 18, 7, 7, 13, 7, 2, 31, 4, 2, 3, 
181: 12, 5, 2, 18, 26, 4, 23, 24, 17, 11, 1, 14, 2, 5, 8, 19, 5, 14, 29, 6, 14, 0, 0, 0, 0, 0, 0, 0, 0, 0, 0, 0, 0, 0, 0, 0, 0, 0, 0, 0, : 12, 5, 2, 18, 26, 4, 23, 24, 17, 11, 1, 14, 2, 5, 8, 19, 5, 14, 29, 6, 14, 
182: 5, 28, 3, 14, 23, 1, 7, 2, 1, 21, 3, 1, 3, 12, 16, 8, 8, 7, 6, 0, 0, 0, 0, 0, 0, 0, 0, 0, 0, 0, 0, 0, 0, 0, 0, 0, 0, 0, 0, 0, : 5, 28, 3, 14, 23, 1, 7, 2, 1, 21, 3, 1, 3, 12, 16, 8, 8, 7, 6, 
183: 3, 1, 3, 24, 3, 2, 2, 7, 2, 3, 18, 6, 6, 0, 0, 0, 0, 0, 0, 0, 0, 0, 0, 0, 0, 0, 0, 0, 0, 0, 0, 0, 0, 0, 0, 0, 0, 0, 0, 0, : 3, 1, 3, 24, 3, 2, 2, 7, 2, 3, 18, 6, 6, 
184: 18, 3, 5, 8, 5, 1, 23, 1, 4, 9, 5, 20, 2, 15, 2, 25, 0, 0, 0, 0, 0, 0, 0, 0, 0, 0, 0, 0, 0, 0, 0, 0, 0, 0, 0, 0, 0, 0, 0, 0, : 18, 3, 5, 8, 5, 1, 23, 1, 4, 9, 5, 20, 2, 15, 2, 25, 
185: 11, 2, 8, 25, 1, 3, 2, 1, 1, 1, 18, 4, 8, 2, 11, 12, 0, 0, 0, 0, 0, 0, 0, 0, 0, 0, 0, 0, 0, 0, 0, 0, 0, 0, 0, 0, 0, 0, 0, 0, : 11, 2, 8, 25, 1, 3, 2, 1, 1, 1, 18, 4, 8, 2, 11, 12, 
186: 7, 7, 19, 4, 12, 19, 9, 11, 13, 2, 6, 2, 3, 14, 0, 0, 0, 0, 0, 0, 0, 0, 0, 0, 0, 0, 0, 0, 0, 0, 0, 0, 0, 0, 0, 0, 0, 0, 0, 0, : 7, 7, 19, 4, 12, 19, 9, 11, 13, 2, 6, 2, 3, 14, 
187: 13, 25, 3, 32, 2, 2, 6, 4, 9, 9, 3, 5, 21, 5, 0, 0, 0, 0, 0, 0, 0, 0, 0, 0, 0, 0, 0, 0, 0, 0, 0, 0, 0, 0, 0, 0, 0, 0, 0, 0, : 13, 25, 3, 32, 2, 2, 6, 4, 9, 9, 3, 5, 21, 5, 
188: 4, 1, 3, 18, 3, 11, 30, 3, 4, 20, 14, 2, 1, 6, 6, 5, 12, 32, 2, 23, 7, 1, 0, 0, 0, 0, 0, 0, 0, 0, 0, 0, 0, 0, 0, 0, 0, 0, 0, 0, : 4, 1, 3, 18, 3, 11, 30, 3, 4, 20, 14, 2, 1, 6, 6, 5, 12, 32, 2, 23, 7, 1, 
189: 6, 2, 9, 12, 2, 8, 7, 21, 12, 15, 1, 4, 18, 5, 11, 8, 10, 18, 2, 6, 5, 0, 0, 0, 0, 0, 0, 0, 0, 0, 0, 0, 0, 0, 0, 0, 0, 0, 0, 0, : 6, 2, 9, 12, 2, 8, 7, 21, 12, 15, 1, 4, 18, 5, 11, 8, 10, 18, 2, 6, 5, 
190: 18, 1, 2, 9, 18, 3, 5, 1, 2, 10, 9, 4, 11, 10, 1, 16, 18, 1, 15, 0, 0, 0, 0, 0, 0, 0, 0, 0, 0, 0, 0, 0, 0, 0, 0, 0, 0, 0, 0, 0, : 18, 1, 2, 9, 18, 3, 5, 1, 2, 10, 9, 4, 11, 10, 1, 16, 18, 1, 15, 
191: 7, 7, 13, 6, 4, 10, 14, 4, 31, 27, 6, 1, 29, 6, 3, 3, 3, 2, 15, 0, 0, 0, 0, 0, 0, 0, 0, 0, 0, 0, 0, 0, 0, 0, 0, 0, 0, 0, 0, 0, : 7, 7, 13, 6, 4, 10, 14, 4, 31, 27, 6, 1, 29, 6, 3, 3, 3, 2, 15, 
192: 1, 4, 14, 6, 2, 8, 6, 12, 10, 28, 3, 8, 4, 3, 1, 1, 24, 5, 2, 2, 3, 24, 0, 0, 0, 0, 0, 0, 0, 0, 0, 0, 0, 0, 0, 0, 0, 0, 0, 0, : 1, 4, 14, 6, 2, 8, 6, 12, 10, 28, 3, 8, 4, 3, 1, 1, 24, 5, 2, 2, 3, 24, 
193: 7, 8, 2, 13, 4, 2, 21, 4, 1, 1, 2, 20, 2, 5, 4, 8, 20, 1, 2, 3, 1, 0, 0, 0, 0, 0, 0, 0, 0, 0, 0, 0, 0, 0, 0, 0, 0, 0, 0, 0, : 7, 8, 2, 13, 4, 2, 21, 4, 1, 1, 2, 20, 2, 5, 4, 8, 20, 1, 2, 3, 1, 
194: 1, 13, 4, 5, 4, 10, 9, 18, 3, 10, 7, 5, 2, 17, 4, 6, 2, 0, 0, 0, 0, 0, 0, 0, 0, 0, 0, 0, 0, 0, 0, 0, 0, 0, 0, 0, 0, 0, 0, 0, : 1, 13, 4, 5, 4, 10, 9, 18, 3, 10, 7, 5, 2, 17, 4, 6, 2, 
195: 23, 2, 3, 4, 6, 9, 10, 10, 5, 15, 10, 18, 15, 2, 15, 1, 4, 1, 3, 2, 2, 5, 3, 5, 1, 6, 0, 0, 0, 0, 0, 0, 0, 0, 0, 0, 0, 0, 0, 0, : 23, 2, 3, 4, 6, 9, 10, 10, 5, 15, 10, 18, 15, 2, 15, 1, 4, 1, 3, 2, 2, 5, 3, 5, 1, 6, 
196: 6, 2, 33, 1, 1, 2, 6, 5, 3, 4, 1, 15, 3, 1, 7, 8, 5, 27, 30, 27, 31, 5, 19, 18, 1, 9, 0, 0, 0, 0, 0, 0, 0, 0, 0, 0, 0, 0, 0, 0, : 6, 2, 33, 1, 1, 2, 6, 5, 3, 4, 1, 15, 3, 1, 7, 8, 5, 27, 30, 27, 31, 5, 19, 18, 1, 9, 
197: 3, 2, 17, 6, 5, 20, 3, 1, 19, 24, 3, 6, 24, 23, 26, 0, 0, 0, 0, 0, 0, 0, 0, 0, 0, 0, 0, 0, 0, 0, 0, 0, 0, 0, 0, 0, 0, 0, 0, 0, : 3, 2, 17, 6, 5, 20, 3, 1, 19, 24, 3, 6, 24, 23, 26, 
198: 7, 13, 21, 13, 5, 18, 22, 8, 1, 6, 2, 25, 15, 4, 2, 31, 2, 2, 35, 5, 11, 15, 3, 19, 0, 0, 0, 0, 0, 0, 0, 0, 0, 0, 0, 0, 0, 0, 0, 0, : 7, 13, 21, 13, 5, 18, 22, 8, 1, 6, 2, 25, 15, 4, 2, 31, 2, 2, 35, 5, 11, 15, 3, 19, 
199: 6, 8, 15, 19, 32, 6, 12, 1, 1, 18, 9, 9, 7, 8, 19, 0, 0, 0, 0, 0, 0, 0, 0, 0, 0, 0, 0, 0, 0, 0, 0, 0, 0, 0, 0, 0, 0, 0, 0, 0, : 6, 8, 15, 19, 32, 6, 12, 1, 1, 18, 9, 9, 7, 8, 19, 
200: 1, 7, 2, 5, 3, 30, 10, 19, 17, 10, 14, 2, 4, 3, 19, 16, 1, 5, 13, 20, 24, 6, 5, 0, 0, 0, 0, 0, 0, 0, 0, 0, 0, 0, 0, 0, 0, 0, 0, 0, : 1, 7, 2, 5, 3, 30, 10, 19, 17, 10, 14, 2, 4, 3, 19, 16, 1, 5, 13, 20, 24, 6, 5, 


