200
20
1: 13, 11, 5, 7, 33, 12, 3, 8, 11, 1, 3, 23, 3, 5, 4, 14, 5, 1, 5, 4, 6, 2, 3, 34, 12, 3, 8, 2, 2, 5, 7, 11, 19, 29, 1, 6, 8, 6, 3, 7, 15, 6, 10, 5, 5, 2, 6, 14, 3, 4, 22, 3, 5, 2, 9, 7, 3, 4, 1, 2, 30, 3, 11, 2, 3, 0, 0, 0, 0, 0, 0, 0, 0, 0, 0, 0, 0, 0, 0, 0, 0, 0, 0, 0, 0, 0, 0, 0, 0, 0, 0, 0, 0, 0, 0, 0, 0, 0, 0, 0, 0, 0, 0, 0, 0, 0, 0, 0, 0, 0, 0, 0, 0, 0, 0, 0, 0, 0, 0, 0, 0, 0, 0, 0, 0, 0, 0, 0, 0, 0, 0, 0, 0, 0, 0, 0, 0, 0, 0, 0, 0, 0, 0, 0, 0, 0, 0, 0, 0, 0, 0, 0, 0, 0, 0, 0, 0, 0, 0, 0, 0, 0, 0, 0, 0, 0, 0, 0, 0, 0, 0, 0, 0, 0, 0, 0, 0, 0, 0, 0, 0, 0, 0, 0, 0, 0, 0, 0, 0, 0, 0, 0, 0, 0, 0, 0, 0, 0, 0, 0, : 13, 11, 5, 7, 33, 12, 3, 8, 11, 1, 3, 23, 3, 5, 4, 14, 5, 1, 5, 4, 6, 2, 3, 34, 12, 3, 8, 2, 2, 5, 7, 11, 19, 29, 1, 6, 8, 6, 3, 7, 15, 6, 10, 5, 5, 2, 6, 14, 3, 4, 22, 3, 5, 2, 9, 7, 3, 4, 1, 2, 30, 3, 11, 2, 3, 
2: 2, 12, 1, 7, 1, 9, 3, 2, 8, 3, 7, 2, 4, 3, 11, 27, 24, 33, 3, 10, 6, 17, 4, 14, 4, 3, 21, 13, 2, 3, 7, 1, 10, 5, 2, 19, 4, 2, 9, 3, 6, 27, 1, 10, 12, 8, 3, 9, 2, 10, 1, 2, 1, 7, 9, 2, 4, 3, 12, 23, 9, 22, 6, 12, 4, 1, 2, 3, 7, 4, 2, 13, 1, 12, 15, 0, 0, 0, 0, 0, 0, 0, 0, 0, 0, 0, 0, 0, 0, 0, 0, 0, 0, 0, 0, 0, 0, 0, 0, 0, 0, 0, 0, 0, 0, 0, 0, 0, 0, 0, 0, 0, 0, 0, 0, 0, 0, 0, 0, 0, 0, 0, 0, 0, 0, 0, 0, 0, 0, 0, 0, 0, 0, 0, 0, 0, 0, 0, 0, 0, 0, 0, 0, 0, 0, 0, 0, 0, 0, 0, 0, 0, 0, 0, 0, 0, 0, 0, 0, 0, 0, 0, 0, 0, 0, 0, 0, 0, 0, 0, 0, 0, 0, 0, 0, 0, 0, 0, 0, 0, 0, 0, 0, 0, 0, 0, 0, 0, 0, 0, 0, 0, 0, 0, 0, 0, 0, 0, 0, 0, : 2, 12, 1, 7, 1, 9, 3, 2, 8, 3, 7, 2, 4, 3, 11, 27, 24, 33, 3, 10, 6, 17, 4, 14, 4, 3, 21, 13, 2, 3, 7, 1, 10, 5, 2, 19, 4, 2, 9, 3, 6, 27, 1, 10, 12, 8, 3, 9, 2, 10, 1, 2, 1, 7, 9, 2, 4, 3, 12, 23, 9, 22, 6, 12, 4, 1, 2, 3, 7, 4, 2, 13, 1, 12, 15, 
3: 2, 2, 4, 5, 10, 1, 2, 13, 5, 11, 32, 1, 5, 9, 7, 1, 12, 11, 3, 10, 4, 3, 30, 4, 11, 14, 4, 18, 3, 8, 20, 8, 4, 1, 4, 18, 1, 5, 1, 13, 5, 6, 2, 1, 9, 6, 10, 6, 25, 7, 1, 12, 4, 9, 15, 1, 26, 5, 5, 8, 9, 8, 3, 19, 2, 10, 1, 2, 7, 17, 9, 12, 14, 2, 3, 2, 1, 4, 18, 1, 21, 1, 1, 3, 12, 0, 0, 0, 0, 0, 0, 0, 0, 0, 0, 0, 0, 0, 0, 0, 0, 0, 0, 0, 0, 0, 0, 0, 0, 0, 0, 0, 0, 0, 0, 0, 0, 0, 0, 0, 0, 0, 0, 0, 0, 0, 0, 0, 0, 0, 0, 0, 0, 0, 0, 0, 0, 0, 0, 0, 0, 0, 0, 0, 0, 0, 0, 0, 0, 0, 0, 0, 0, 0, 0, 0, 0, 0, 0, 0, 0, 0, 0, 0, 0, 0, 0, 0, 0, 0, 0, 0, 0, 0, 0, 0, 0, 0, 0, 0, 0, 0, 0, 0, 0, 0, 0, 0, 0, 0, 0, 0, 0, 0, 0, 0, 0, 0, 0, 0, : 2, 2, 4, 5, 10, 1, 2, 13, 5, 11, 32, 1, 5, 9, 7, 1, 12, 11, 3, 10, 4, 3, 30, 4, 11, 14, 4, 18, 3, 8, 20, 8, 4, 1, 4, 18, 1, 5, 1, 13, 5, 6, 2, 1, 9, 6, 10, 6, 25, 7, 1, 12, 4, 9, 15, 1, 26, 5, 5, 8, 9, 8, 3, 19, 2, 10, 1, 2, 7, 17, 9, 12, 14, 2, 3, 2, 1, 4, 18, 1, 21, 1, 1, 3, 12, 
4: 25, 2, 7, 3, 12, 19, 5, 3, 5, 3, 22, 15, 1, 2, 3, 3, 29, 10, 2, 3, 4, 9, 3, 5, 8, 24, 3, 7, 7, 17, 6, 1, 15, 3, 1, 8, 2, 5, 4, 20, 8, 12, 2, 9, 8, 8, 12, 28, 2, 1, 1, 7, 32, 24, 20, 9, 4, 5, 1, 5, 4, 1, 1, 8, 13, 0, 0, 0, 0, 0, 0, 0, 0, 0, 0, 0, 0, 0, 0, 0, 0, 0, 0, 0, 0, 0, 0, 0, 0, 0, 0, 0, 0, 0, 0, 0, 0, 0, 0, 0, 0, 0, 0, 0, 0, 0, 0, 0, 0, 0, 0, 0, 0, 0, 0, 0, 0, 0, 0, 0, 0, 0, 0, 0, 0, 0, 0, 0, 0, 0, 0, 0, 0, 0, 0, 0, 0, 0, 0, 0, 0, 0, 0, 0, 0, 0, 0, 0, 0, 0, 0, 0, 0, 0, 0, 0, 0, 0, 0, 0, 0, 0, 0, 0, 0, 0, 0, 0, 0, 0, 0, 0, 0, 0, 0, 0, 0, 0, 0, 0, 0, 0, 0, 0, 0, 0, 0, 0, 0, 0, 0, 0, 0, 0, 0, 0, 0, 0, 0, 0, : 25, 2, 7, 3, 12, 19, 5, 3, 5, 3, 22, 15, 1, 2, 3, 3, 29, 10, 2, 3, 4, 9, 3, 5, 8, 24, 3, 7, 7, 17, 6, 1, 15, 3, 1, 8, 2, 5, 4, 20, 8, 12, 2, 9, 8, 8, 12, 28, 2, 1, 1, 7, 32, 24, 20, 9, 4, 5, 1, 5, 4, 1, 1, 8, 13, 
5: 4, 2, 15, 3, 9, 1, 1, 2, 11, 13, 3, 13, 17, 3, 8, 1, 3, 4, 2, 3, 1, 4, 26, 3, 4, 13, 4, 5, 16, 30, 6, 2, 8, 13, 4, 17, 5, 11, 10, 7, 12, 5, 1, 6, 23, 15, 7, 32, 7, 7, 3, 1, 6, 3, 1, 2, 5, 11, 1, 11, 1, 3, 9, 5, 5, 6, 22, 8, 2, 12, 27, 3, 1, 1, 7, 1, 5, 13, 2, 18, 3, 1, 5, 6, 2, 2, 13, 23, 3, 11, 13, 22, 1, 6, 2, 13, 28, 27, 29, 1, 1, 2, 12, 19, 10, 3, 15, 3, 4, 4, 3, 2, 6, 0, 0, 0, 0, 0, 0, 0, 0, 0, 0, 0, 0, 0, 0, 0, 0, 0, 0, 0, 0, 0, 0, 0, 0, 0, 0, 0, 0, 0, 0, 0, 0, 0, 0, 0, 0, 0, 0, 0, 0, 0, 0, 0, 0, 0, 0, 0, 0, 0, 0, 0, 0, 0, 0, 0, 0, 0, 0, 0, 0, 0, 0, 0, 0, 0, 0, 0, 0, 0, 0, 0, 0, 0, 0, 0, 0, 0, 0, 0, 0, 0, 0, 0, 0, 0, 0, 0, : 4, 2, 15, 3, 9, 1, 1, 2, 11, 13, 3, 13, 17, 3, 8, 1, 3, 4, 2, 3, 1, 4, 26, 3, 4, 13, 4, 5, 16, 30, 6, 2, 8, 13, 4, 17, 5, 11, 10, 7, 12, 5, 1, 6, 23, 15, 7, 32, 7, 7, 3, 1, 6, 3, 1, 2, 5, 11, 1, 11, 1, 3, 9, 5, 5, 6, 22, 8, 2, 12, 27, 3, 1, 1, 7, 1, 5, 13, 2, 18, 3, 1, 5, 6, 2, 2, 13, 23, 3, 11, 13, 22, 1, 6, 2, 13, 28, 27, 29, 1, 1, 2, 12, 19, 10, 3, 15, 3, 4, 4, 3, 2, 6, 
6: 2, 5, 3, 4, 5, 8, 8, 20, 1, 3, 19, 8, 12, 7, 22, 1, 30, 18, 2, 17, 15, 14, 3, 28, 10, 2, 1, 19, 3, 19, 9, 2, 14, 5, 2, 3, 18, 7, 17, 8, 5, 1, 9, 3, 3, 10, 19, 6, 1, 3, 18, 18, 6, 15, 7, 4, 1, 1, 8, 8, 9, 14, 10, 10, 10, 13, 6, 12, 2, 3, 16, 1, 18, 6, 2, 4, 8, 22, 11, 3, 5, 8, 3, 10, 4, 4, 2, 2, 1, 1, 3, 7, 6, 9, 2, 3, 15, 1, 11, 4, 7, 15, 12, 16, 5, 3, 2, 8, 8, 5, 7, 6, 0, 0, 0, 0, 0, 0, 0, 0, 0, 0, 0, 0, 0, 0, 0, 0, 0, 0, 0, 0, 0, 0, 0, 0, 0, 0, 0, 0, 0, 0, 0, 0, 0, 0, 0, 0, 0, 0, 0, 0, 0, 0, 0, 0, 0, 0, 0, 0, 0, 0, 0, 0, 0, 0, 0, 0, 0, 0, 0, 0, 0, 0, 0, 0, 0, 0, 0, 0, 0, 0, 0, 0, 0, 0, 0, 0, 0, 0, 0, 0, 0, 0, 0, 0, 0, 0, 0, 0, : 2, 5, 3, 4, 5, 8, 8, 20, 1, 3, 19, 8, 12, 7, 22, 1, 30, 18, 2, 17, 15, 14, 3, 28, 10, 2, 1, 19, 3, 19, 9, 2, 14, 5, 2, 3, 18, 7, 17, 8, 5, 1, 9, 3, 3, 10, 19, 6, 1, 3, 18, 18, 6, 15, 7, 4, 1, 1, 8, 8, 9, 14, 10, 10, 10, 13, 6, 12, 2, 3, 16, 1, 18, 6, 2, 4, 8, 22, 11, 3, 5, 8, 3, 10, 4, 4, 2, 2, 1, 1, 3, 7, 6, 9, 2, 3, 15, 1, 11, 4, 7, 15, 12, 16, 5, 3, 2, 8, 8, 5, 7, 6, 
7: 1, 3, 6, 10, 4, 8, 14, 5, 4, 10, 5, 5, 4, 3, 1, 19, 28, 3, 31, 22, 3, 10, 8, 1, 3, 4, 5, 1, 5, 5, 13, 3, 15, 3, 3, 7, 22, 29, 8, 11, 18, 21, 3, 18, 8, 3, 3, 5, 20, 4, 2, 6, 13, 19, 1, 1, 14, 2, 4, 18, 8, 5, 27, 1, 1, 3, 2, 1, 19, 2, 2, 20, 2, 3, 1, 12, 17, 0, 0, 0, 0, 0, 0, 0, 0, 0, 0, 0, 0, 0, 0, 0, 0, 0, 0, 0, 0, 0, 0, 0, 0, 0, 0, 0, 0, 0, 0, 0, 0, 0, 0, 0, 0, 0, 0, 0, 0, 0, 0, 0, 0, 0, 0, 0, 0, 0, 0, 0, 0, 0, 0, 0, 0, 0, 0, 0, 0, 0, 0, 0, 0, 0, 0, 0, 0, 0, 0, 0, 0, 0, 0, 0, 0, 0, 0, 0, 0, 0, 0, 0, 0, 0, 0, 0, 0, 0, 0, 0, 0, 0, 0, 0, 0, 0, 0, 0, 0, 0, 0, 0, 0, 0, 0, 0, 0, 0, 0, 0, 0, 0, 0, 0, 0, 0, 0, 0, 0, 0, 0, 0, : 1, 3, 6, 10, 4, 8, 14, 5, 4, 10, 5, 5, 4, 3, 1, 19, 28, 3, 31, 22, 3, 10, 8, 1, 3, 4, 5, 1, 5, 5, 13, 3, 15, 3, 3, 7, 22, 29, 8, 11, 18, 21, 3, 18, 8, 3, 3, 5, 20, 4, 2, 6, 13, 19, 1, 1, 14, 2, 4, 18, 8, 5, 27, 1, 1, 3, 2, 1, 19, 2, 2, 20, 2, 3, 1, 12, 17, 
8: 17, 3, 2, 9, 16, 3, 1, 7, 15, 3, 3, 37, 3, 8, 5, 17, 1, 4, 31, 11, 1, 3, 2, 15, 8, 5, 26, 2, 3, 4, 8, 6, 2, 1, 1, 3, 6, 3, 3, 8, 10, 4, 18, 8, 15, 4, 6, 3, 10, 6, 2, 5, 1, 2, 15, 2, 1, 1, 4, 7, 6, 2, 2, 7, 24, 5, 5, 1, 1, 1, 4, 9, 34, 4, 1, 3, 13, 10, 28, 8, 1, 5, 13, 2, 12, 5, 10, 8, 3, 3, 8, 2, 8, 1, 1, 13, 1, 1, 10, 11, 7, 3, 2, 4, 9, 14, 13, 30, 6, 1, 15, 36, 1, 1, 14, 0, 0, 0, 0, 0, 0, 0, 0, 0, 0, 0, 0, 0, 0, 0, 0, 0, 0, 0, 0, 0, 0, 0, 0, 0, 0, 0, 0, 0, 0, 0, 0, 0, 0, 0, 0, 0, 0, 0, 0, 0, 0, 0, 0, 0, 0, 0, 0, 0, 0, 0, 0, 0, 0, 0, 0, 0, 0, 0, 0, 0, 0, 0, 0, 0, 0, 0, 0, 0, 0, 0, 0, 0, 0, 0, 0, 0, 0, 0, 0, 0, 0, 0, 0, 0, : 17, 3, 2, 9, 16, 3, 1, 7, 15, 3, 3, 37, 3, 8, 5, 17, 1, 4, 31, 11, 1, 3, 2, 15, 8, 5, 26, 2, 3, 4, 8, 6, 2, 1, 1, 3, 6, 3, 3, 8, 10, 4, 18, 8, 15, 4, 6, 3, 10, 6, 2, 5, 1, 2, 15, 2, 1, 1, 4, 7, 6, 2, 2, 7, 24, 5, 5, 1, 1, 1, 4, 9, 34, 4, 1, 3, 13, 10, 28, 8, 1, 5, 13, 2, 12, 5, 10, 8, 3, 3, 8, 2, 8, 1, 1, 13, 1, 1, 10, 11, 7, 3, 2, 4, 9, 14, 13, 30, 6, 1, 15, 36, 1, 1, 14, 
9: 14, 1, 9, 1, 1, 6, 3, 3, 13, 7, 2, 1, 17, 9, 24, 16, 4, 15, 2, 6, 18, 4, 9, 22, 8, 15, 21, 1, 4, 30, 1, 4, 6, 7, 1, 8, 18, 6, 7, 1, 4, 26, 5, 3, 5, 5, 19, 5, 6, 9, 17, 9, 6, 15, 15, 4, 4, 22, 4, 2, 12, 7, 16, 15, 1, 16, 5, 6, 2, 21, 2, 2, 5, 10, 5, 1, 9, 0, 0, 0, 0, 0, 0, 0, 0, 0, 0, 0, 0, 0, 0, 0, 0, 0, 0, 0, 0, 0, 0, 0, 0, 0, 0, 0, 0, 0, 0, 0, 0, 0, 0, 0, 0, 0, 0, 0, 0, 0, 0, 0, 0, 0, 0, 0, 0, 0, 0, 0, 0, 0, 0, 0, 0, 0, 0, 0, 0, 0, 0, 0, 0, 0, 0, 0, 0, 0, 0, 0, 0, 0, 0, 0, 0, 0, 0, 0, 0, 0, 0, 0, 0, 0, 0, 0, 0, 0, 0, 0, 0, 0, 0, 0, 0, 0, 0, 0, 0, 0, 0, 0, 0, 0, 0, 0, 0, 0, 0, 0, 0, 0, 0, 0, 0, 0, 0, 0, 0, 0, 0, 0, : 14, 1, 9, 1, 1, 6, 3, 3, 13, 7, 2, 1, 17, 9, 24, 16, 4, 15, 2, 6, 18, 4, 9, 22, 8, 15, 21, 1, 4, 30, 1, 4, 6, 7, 1, 8, 18, 6, 7, 1, 4, 26, 5, 3, 5, 5, 19, 5, 6, 9, 17, 9, 6, 15, 15, 4, 4, 22, 4, 2, 12, 7, 16, 15, 1, 16, 5, 6, 2, 21, 2, 2, 5, 10, 5, 1, 9, 
10: 5, 29, 7, 1, 4, 9, 5, 12, 9, 10, 8, 1, 4, 14, 26, 11, 9, 9, 3, 9, 4, 10, 3, 1, 6, 2, 14, 2, 4, 3, 1, 6, 3, 1, 5, 28, 20, 1, 4, 3, 21, 7, 3, 1, 8, 2, 21, 9, 10, 8, 1, 19, 11, 5, 3, 10, 6, 18, 1, 1, 15, 12, 2, 6, 10, 1, 32, 1, 1, 2, 2, 18, 5, 2, 12, 5, 3, 24, 1, 15, 6, 4, 4, 14, 10, 9, 23, 9, 7, 26, 2, 11, 5, 3, 1, 2, 3, 2, 6, 1, 19, 3, 4, 10, 19, 1, 8, 12, 2, 9, 9, 7, 1, 7, 18, 7, 14, 5, 1, 15, 19, 11, 4, 2, 7, 10, 7, 14, 8, 24, 34, 9, 17, 2, 22, 2, 21, 3, 14, 13, 5, 13, 28, 13, 5, 3, 7, 4, 2, 4, 10, 1, 0, 0, 0, 0, 0, 0, 0, 0, 0, 0, 0, 0, 0, 0, 0, 0, 0, 0, 0, 0, 0, 0, 0, 0, 0, 0, 0, 0, 0, 0, 0, 0, 0, 0, 0, 0, 0, 0, 0, 0, 0, 0, 0, 0, 0, 0, 0, 0, : 5, 29, 7, 1, 4, 9, 5, 12, 9, 10, 8, 1, 4, 14, 26, 11, 9, 9, 3, 9, 4, 10, 3, 1, 6, 2, 14, 2, 4, 3, 1, 6, 3, 1, 5, 28, 20, 1, 4, 3, 21, 7, 3, 1, 8, 2, 21, 9, 10, 8, 1, 19, 11, 5, 3, 10, 6, 18, 1, 1, 15, 12, 2, 6, 10, 1, 32, 1, 1, 2, 2, 18, 5, 2, 12, 5, 3, 24, 1, 15, 6, 4, 4, 14, 10, 9, 23, 9, 7, 26, 2, 11, 5, 3, 1, 2, 3, 2, 6, 1, 19, 3, 4, 10, 19, 1, 8, 12, 2, 9, 9, 7, 1, 7, 18, 7, 14, 5, 1, 15, 19, 11, 4, 2, 7, 10, 7, 14, 8, 24, 34, 9, 17, 2, 22, 2, 21, 3, 14, 13, 5, 13, 28, 13, 5, 3, 7, 4, 2, 4, 10, 1, 
11: 10, 6, 11, 22, 1, 4, 21, 1, 19, 13, 2, 7, 15, 8, 2, 4, 1, 3, 2, 10, 1, 1, 4, 11, 1, 2, 1, 5, 20, 5, 6, 26, 2, 1, 2, 3, 2, 3, 4, 1, 21, 5, 7, 8, 8, 2, 5, 4, 9, 1, 1, 2, 10, 5, 7, 2, 2, 7, 34, 2, 4, 1, 32, 24, 2, 3, 8, 9, 10, 21, 10, 2, 1, 21, 8, 1, 9, 1, 1, 19, 5, 2, 25, 24, 18, 17, 14, 1, 13, 15, 2, 4, 11, 2, 5, 2, 9, 0, 0, 0, 0, 0, 0, 0, 0, 0, 0, 0, 0, 0, 0, 0, 0, 0, 0, 0, 0, 0, 0, 0, 0, 0, 0, 0, 0, 0, 0, 0, 0, 0, 0, 0, 0, 0, 0, 0, 0, 0, 0, 0, 0, 0, 0, 0, 0, 0, 0, 0, 0, 0, 0, 0, 0, 0, 0, 0, 0, 0, 0, 0, 0, 0, 0, 0, 0, 0, 0, 0, 0, 0, 0, 0, 0, 0, 0, 0, 0, 0, 0, 0, 0, 0, 0, 0, 0, 0, 0, 0, 0, 0, 0, 0, 0, 0, 0, 0, 0, 0, 0, 0, : 10, 6, 11, 22, 1, 4, 21, 1, 19, 13, 2, 7, 15, 8, 2, 4, 1, 3, 2, 10, 1, 1, 4, 11, 1, 2, 1, 5, 20, 5, 6, 26, 2, 1, 2, 3, 2, 3, 4, 1, 21, 5, 7, 8, 8, 2, 5, 4, 9, 1, 1, 2, 10, 5, 7, 2, 2, 7, 34, 2, 4, 1, 32, 24, 2, 3, 8, 9, 10, 21, 10, 2, 1, 21, 8, 1, 9, 1, 1, 19, 5, 2, 25, 24, 18, 17, 14, 1, 13, 15, 2, 4, 11, 2, 5, 2, 9, 
12: 6, 18, 5, 2, 3, 3, 7, 9, 4, 16, 9, 4, 8, 13, 23, 3, 5, 28, 3, 1, 1, 3, 5, 2, 6, 1, 6, 5, 7, 23, 3, 10, 6, 21, 7, 4, 2, 1, 1, 10, 3, 6, 4, 6, 1, 16, 13, 1, 3, 23, 3, 1, 18, 29, 5, 16, 3, 5, 12, 9, 6, 7, 18, 2, 2, 1, 8, 14, 2, 8, 1, 4, 2, 34, 19, 8, 2, 5, 23, 10, 6, 2, 12, 6, 1, 2, 7, 11, 1, 33, 1, 4, 1, 1, 4, 4, 3, 20, 7, 3, 1, 1, 2, 5, 6, 16, 1, 1, 19, 2, 3, 10, 11, 4, 1, 29, 9, 18, 32, 2, 5, 12, 6, 1, 2, 0, 0, 0, 0, 0, 0, 0, 0, 0, 0, 0, 0, 0, 0, 0, 0, 0, 0, 0, 0, 0, 0, 0, 0, 0, 0, 0, 0, 0, 0, 0, 0, 0, 0, 0, 0, 0, 0, 0, 0, 0, 0, 0, 0, 0, 0, 0, 0, 0, 0, 0, 0, 0, 0, 0, 0, 0, 0, 0, 0, 0, 0, 0, 0, 0, 0, 0, 0, 0, 0, 0, 0, 0, 0, 0, : 6, 18, 5, 2, 3, 3, 7, 9, 4, 16, 9, 4, 8, 13, 23, 3, 5, 28, 3, 1, 1, 3, 5, 2, 6, 1, 6, 5, 7, 23, 3, 10, 6, 21, 7, 4, 2, 1, 1, 10, 3, 6, 4, 6, 1, 16, 13, 1, 3, 23, 3, 1, 18, 29, 5, 16, 3, 5, 12, 9, 6, 7, 18, 2, 2, 1, 8, 14, 2, 8, 1, 4, 2, 34, 19, 8, 2, 5, 23, 10, 6, 2, 12, 6, 1, 2, 7, 11, 1, 33, 1, 4, 1, 1, 4, 4, 3, 20, 7, 3, 1, 1, 2, 5, 6, 16, 1, 1, 19, 2, 3, 10, 11, 4, 1, 29, 9, 18, 32, 2, 5, 12, 6, 1, 2, 
13: 6, 8, 8, 2, 30, 5, 12, 18, 23, 21, 24, 2, 1, 1, 7, 3, 7, 5, 5, 1, 2, 2, 2, 1, 10, 1, 21, 5, 7, 26, 7, 18, 24, 2, 24, 9, 1, 10, 6, 1, 8, 6, 11, 1, 3, 1, 16, 1, 7, 10, 6, 10, 6, 12, 3, 15, 3, 12, 34, 2, 6, 2, 2, 4, 6, 9, 8, 7, 7, 4, 25, 6, 10, 19, 4, 3, 10, 8, 1, 2, 3, 5, 9, 3, 13, 3, 2, 4, 12, 20, 4, 1, 2, 14, 1, 3, 14, 2, 2, 14, 3, 2, 6, 1, 14, 14, 6, 22, 3, 6, 7, 6, 11, 9, 13, 14, 4, 12, 6, 3, 8, 22, 1, 4, 3, 16, 7, 7, 16, 0, 0, 0, 0, 0, 0, 0, 0, 0, 0, 0, 0, 0, 0, 0, 0, 0, 0, 0, 0, 0, 0, 0, 0, 0, 0, 0, 0, 0, 0, 0, 0, 0, 0, 0, 0, 0, 0, 0, 0, 0, 0, 0, 0, 0, 0, 0, 0, 0, 0, 0, 0, 0, 0, 0, 0, 0, 0, 0, 0, 0, 0, 0, 0, 0, 0, 0, 0, 0, 0, 0, : 6, 8, 8, 2, 30, 5, 12, 18, 23, 21, 24, 2, 1, 1, 7, 3, 7, 5, 5, 1, 2, 2, 2, 1, 10, 1, 21, 5, 7, 26, 7, 18, 24, 2, 24, 9, 1, 10, 6, 1, 8, 6, 11, 1, 3, 1, 16, 1, 7, 10, 6, 10, 6, 12, 3, 15, 3, 12, 34, 2, 6, 2, 2, 4, 6, 9, 8, 7, 7, 4, 25, 6, 10, 19, 4, 3, 10, 8, 1, 2, 3, 5, 9, 3, 13, 3, 2, 4, 12, 20, 4, 1, 2, 14, 1, 3, 14, 2, 2, 14, 3, 2, 6, 1, 14, 14, 6, 22, 3, 6, 7, 6, 11, 9, 13, 14, 4, 12, 6, 3, 8, 22, 1, 4, 3, 16, 7, 7, 16, 
14: 21, 5, 2, 12, 20, 28, 13, 25, 2, 4, 3, 11, 8, 2, 3, 3, 2, 1, 3, 4, 4, 1, 1, 27, 17, 5, 1, 3, 31, 8, 22, 11, 1, 11, 6, 9, 15, 25, 2, 3, 13, 8, 3, 3, 20, 7, 4, 6, 3, 2, 25, 11, 1, 4, 6, 2, 1, 31, 9, 2, 12, 6, 11, 3, 3, 4, 9, 23, 2, 4, 20, 15, 1, 6, 2, 12, 2, 2, 11, 25, 5, 12, 2, 7, 11, 1, 4, 5, 14, 8, 8, 24, 7, 12, 1, 3, 24, 16, 6, 1, 24, 1, 6, 11, 3, 8, 11, 16, 14, 14, 11, 5, 6, 2, 19, 0, 0, 0, 0, 0, 0, 0, 0, 0, 0, 0, 0, 0, 0, 0, 0, 0, 0, 0, 0, 0, 0, 0, 0, 0, 0, 0, 0, 0, 0, 0, 0, 0, 0, 0, 0, 0, 0, 0, 0, 0, 0, 0, 0, 0, 0, 0, 0, 0, 0, 0, 0, 0, 0, 0, 0, 0, 0, 0, 0, 0, 0, 0, 0, 0, 0, 0, 0, 0, 0, 0, 0, 0, 0, 0, 0, 0, 0, 0, 0, 0, 0, 0, 0, 0, : 21, 5, 2, 12, 20, 28, 13, 25, 2, 4, 3, 11, 8, 2, 3, 3, 2, 1, 3, 4, 4, 1, 1, 27, 17, 5, 1, 3, 31, 8, 22, 11, 1, 11, 6, 9, 15, 25, 2, 3, 13, 8, 3, 3, 20, 7, 4, 6, 3, 2, 25, 11, 1, 4, 6, 2, 1, 31, 9, 2, 12, 6, 11, 3, 3, 4, 9, 23, 2, 4, 20, 15, 1, 6, 2, 12, 2, 2, 11, 25, 5, 12, 2, 7, 11, 1, 4, 5, 14, 8, 8, 24, 7, 12, 1, 3, 24, 16, 6, 1, 24, 1, 6, 11, 3, 8, 11, 16, 14, 14, 11, 5, 6, 2, 19, 
15: 15, 33, 3, 1, 21, 2, 8, 11, 6, 5, 10, 12, 7, 1, 13, 6, 10, 18, 4, 15, 31, 8, 6, 4, 4, 1, 2, 5, 17, 1, 4, 3, 6, 11, 15, 2, 1, 9, 11, 2, 5, 2, 1, 8, 30, 1, 13, 5, 10, 9, 12, 1, 4, 1, 15, 17, 9, 3, 2, 13, 3, 10, 5, 2, 4, 4, 12, 11, 2, 6, 2, 24, 1, 2, 4, 9, 18, 18, 26, 7, 1, 8, 2, 6, 7, 29, 4, 2, 14, 18, 10, 1, 3, 9, 2, 22, 25, 11, 9, 5, 4, 15, 7, 7, 13, 4, 9, 1, 1, 4, 2, 3, 3, 13, 2, 6, 2, 24, 10, 11, 3, 4, 12, 2, 8, 3, 11, 1, 1, 6, 2, 2, 37, 0, 0, 0, 0, 0, 0, 0, 0, 0, 0, 0, 0, 0, 0, 0, 0, 0, 0, 0, 0, 0, 0, 0, 0, 0, 0, 0, 0, 0, 0, 0, 0, 0, 0, 0, 0, 0, 0, 0, 0, 0, 0, 0, 0, 0, 0, 0, 0, 0, 0, 0, 0, 0, 0, 0, 0, 0, 0, 0, 0, 0, 0, 0, 0, 0, 0, 0, : 15, 33, 3, 1, 21, 2, 8, 11, 6, 5, 10, 12, 7, 1, 13, 6, 10, 18, 4, 15, 31, 8, 6, 4, 4, 1, 2, 5, 17, 1, 4, 3, 6, 11, 15, 2, 1, 9, 11, 2, 5, 2, 1, 8, 30, 1, 13, 5, 10, 9, 12, 1, 4, 1, 15, 17, 9, 3, 2, 13, 3, 10, 5, 2, 4, 4, 12, 11, 2, 6, 2, 24, 1, 2, 4, 9, 18, 18, 26, 7, 1, 8, 2, 6, 7, 29, 4, 2, 14, 18, 10, 1, 3, 9, 2, 22, 25, 11, 9, 5, 4, 15, 7, 7, 13, 4, 9, 1, 1, 4, 2, 3, 3, 13, 2, 6, 2, 24, 10, 11, 3, 4, 12, 2, 8, 3, 11, 1, 1, 6, 2, 2, 37, 
16: 2, 1, 1, 2, 2, 21, 13, 1, 15, 9, 8, 17, 34, 12, 1, 23, 2, 4, 4, 5, 8, 27, 7, 3, 5, 1, 7, 8, 18, 1, 10, 3, 1, 2, 7, 1, 26, 6, 9, 3, 26, 13, 11, 2, 20, 5, 2, 9, 1, 31, 24, 8, 6, 4, 16, 3, 2, 12, 11, 1, 5, 3, 1, 2, 28, 6, 1, 7, 3, 3, 10, 4, 5, 4, 4, 10, 1, 2, 6, 2, 3, 2, 2, 3, 1, 3, 9, 10, 2, 6, 3, 2, 5, 2, 2, 2, 9, 1, 3, 1, 2, 9, 5, 4, 3, 9, 3, 5, 5, 7, 9, 1, 6, 2, 1, 14, 9, 20, 2, 3, 13, 2, 5, 18, 5, 11, 1, 15, 11, 9, 13, 12, 12, 30, 1, 2, 11, 13, 22, 2, 2, 2, 16, 1, 0, 0, 0, 0, 0, 0, 0, 0, 0, 0, 0, 0, 0, 0, 0, 0, 0, 0, 0, 0, 0, 0, 0, 0, 0, 0, 0, 0, 0, 0, 0, 0, 0, 0, 0, 0, 0, 0, 0, 0, 0, 0, 0, 0, 0, 0, 0, 0, 0, 0, 0, 0, 0, 0, 0, 0, : 2, 1, 1, 2, 2, 21, 13, 1, 15, 9, 8, 17, 34, 12, 1, 23, 2, 4, 4, 5, 8, 27, 7, 3, 5, 1, 7, 8, 18, 1, 10, 3, 1, 2, 7, 1, 26, 6, 9, 3, 26, 13, 11, 2, 20, 5, 2, 9, 1, 31, 24, 8, 6, 4, 16, 3, 2, 12, 11, 1, 5, 3, 1, 2, 28, 6, 1, 7, 3, 3, 10, 4, 5, 4, 4, 10, 1, 2, 6, 2, 3, 2, 2, 3, 1, 3, 9, 10, 2, 6, 3, 2, 5, 2, 2, 2, 9, 1, 3, 1, 2, 9, 5, 4, 3, 9, 3, 5, 5, 7, 9, 1, 6, 2, 1, 14, 9, 20, 2, 3, 13, 2, 5, 18, 5, 11, 1, 15, 11, 9, 13, 12, 12, 30, 1, 2, 11, 13, 22, 2, 2, 2, 16, 1, 
17: 12, 4, 12, 12, 3, 21, 23, 3, 3, 6, 9, 4, 7, 10, 21, 3, 7, 13, 1, 7, 1, 1, 1, 6, 8, 13, 6, 12, 35, 25, 11, 6, 3, 14, 22, 1, 2, 1, 2, 1, 11, 6, 11, 9, 22, 2, 3, 3, 4, 16, 1, 5, 6, 2, 19, 2, 14, 5, 3, 7, 6, 2, 1, 11, 3, 1, 14, 9, 3, 1, 3, 5, 5, 3, 5, 3, 4, 15, 33, 19, 4, 2, 4, 2, 1, 1, 8, 24, 6, 8, 22, 25, 1, 4, 2, 19, 3, 3, 3, 6, 11, 15, 4, 4, 10, 1, 7, 12, 1, 20, 4, 31, 36, 27, 16, 23, 12, 4, 6, 11, 1, 17, 13, 6, 15, 12, 3, 1, 1, 3, 0, 0, 0, 0, 0, 0, 0, 0, 0, 0, 0, 0, 0, 0, 0, 0, 0, 0, 0, 0, 0, 0, 0, 0, 0, 0, 0, 0, 0, 0, 0, 0, 0, 0, 0, 0, 0, 0, 0, 0, 0, 0, 0, 0, 0, 0, 0, 0, 0, 0, 0, 0, 0, 0, 0, 0, 0, 0, 0, 0, 0, 0, 0, 0, 0, 0, 0, 0, 0, 0, : 12, 4, 12, 12, 3, 21, 23, 3, 3, 6, 9, 4, 7, 10, 21, 3, 7, 13, 1, 7, 1, 1, 1, 6, 8, 13, 6, 12, 35, 25, 11, 6, 3, 14, 22, 1, 2, 1, 2, 1, 11, 6, 11, 9, 22, 2, 3, 3, 4, 16, 1, 5, 6, 2, 19, 2, 14, 5, 3, 7, 6, 2, 1, 11, 3, 1, 14, 9, 3, 1, 3, 5, 5, 3, 5, 3, 4, 15, 33, 19, 4, 2, 4, 2, 1, 1, 8, 24, 6, 8, 22, 25, 1, 4, 2, 19, 3, 3, 3, 6, 11, 15, 4, 4, 10, 1, 7, 12, 1, 20, 4, 31, 36, 27, 16, 23, 12, 4, 6, 11, 1, 17, 13, 6, 15, 12, 3, 1, 1, 3, 
18: 2, 1, 2, 9, 2, 13, 2, 16, 3, 5, 8, 7, 3, 4, 2, 10, 31, 2, 6, 2, 2, 19, 7, 1, 13, 8, 14, 2, 23, 4, 12, 12, 2, 1, 7, 3, 9, 5, 19, 3, 6, 2, 29, 1, 2, 3, 1, 11, 8, 5, 2, 6, 15, 5, 1, 1, 6, 2, 4, 1, 9, 3, 9, 6, 4, 7, 1, 2, 5, 2, 2, 1, 9, 7, 9, 34, 7, 5, 10, 8, 1, 12, 6, 16, 5, 33, 2, 3, 1, 1, 0, 0, 0, 0, 0, 0, 0, 0, 0, 0, 0, 0, 0, 0, 0, 0, 0, 0, 0, 0, 0, 0, 0, 0, 0, 0, 0, 0, 0, 0, 0, 0, 0, 0, 0, 0, 0, 0, 0, 0, 0, 0, 0, 0, 0, 0, 0, 0, 0, 0, 0, 0, 0, 0, 0, 0, 0, 0, 0, 0, 0, 0, 0, 0, 0, 0, 0, 0, 0, 0, 0, 0, 0, 0, 0, 0, 0, 0, 0, 0, 0, 0, 0, 0, 0, 0, 0, 0, 0, 0, 0, 0, 0, 0, 0, 0, 0, 0, 0, 0, 0, 0, 0, 0, 0, 0, 0, 0, 0, 0, : 2, 1, 2, 9, 2, 13, 2, 16, 3, 5, 8, 7, 3, 4, 2, 10, 31, 2, 6, 2, 2, 19, 7, 1, 13, 8, 14, 2, 23, 4, 12, 12, 2, 1, 7, 3, 9, 5, 19, 3, 6, 2, 29, 1, 2, 3, 1, 11, 8, 5, 2, 6, 15, 5, 1, 1, 6, 2, 4, 1, 9, 3, 9, 6, 4, 7, 1, 2, 5, 2, 2, 1, 9, 7, 9, 34, 7, 5, 10, 8, 1, 12, 6, 16, 5, 33, 2, 3, 1, 1, 
19: 1, 3, 6, 10, 1, 1, 9, 8, 4, 9, 3, 3, 5, 13, 7, 3, 3, 7, 21, 11, 1, 2, 13, 3, 27, 1, 6, 16, 22, 8, 27, 7, 10, 7, 14, 2, 1, 36, 2, 2, 5, 5, 16, 23, 5, 12, 3, 21, 5, 1, 13, 7, 5, 26, 11, 8, 6, 1, 7, 5, 7, 5, 10, 4, 5, 20, 14, 10, 4, 1, 29, 18, 24, 26, 7, 13, 2, 28, 4, 24, 18, 3, 1, 27, 4, 19, 1, 1, 11, 12, 14, 4, 2, 10, 21, 11, 2, 2, 5, 16, 18, 1, 5, 5, 5, 2, 3, 17, 11, 22, 29, 6, 6, 7, 5, 1, 1, 2, 4, 9, 1, 2, 4, 4, 3, 9, 1, 1, 2, 18, 1, 1, 3, 1, 1, 1, 2, 1, 0, 0, 0, 0, 0, 0, 0, 0, 0, 0, 0, 0, 0, 0, 0, 0, 0, 0, 0, 0, 0, 0, 0, 0, 0, 0, 0, 0, 0, 0, 0, 0, 0, 0, 0, 0, 0, 0, 0, 0, 0, 0, 0, 0, 0, 0, 0, 0, 0, 0, 0, 0, 0, 0, 0, 0, 0, 0, 0, 0, 0, 0, : 1, 3, 6, 10, 1, 1, 9, 8, 4, 9, 3, 3, 5, 13, 7, 3, 3, 7, 21, 11, 1, 2, 13, 3, 27, 1, 6, 16, 22, 8, 27, 7, 10, 7, 14, 2, 1, 36, 2, 2, 5, 5, 16, 23, 5, 12, 3, 21, 5, 1, 13, 7, 5, 26, 11, 8, 6, 1, 7, 5, 7, 5, 10, 4, 5, 20, 14, 10, 4, 1, 29, 18, 24, 26, 7, 13, 2, 28, 4, 24, 18, 3, 1, 27, 4, 19, 1, 1, 11, 12, 14, 4, 2, 10, 21, 11, 2, 2, 5, 16, 18, 1, 5, 5, 5, 2, 3, 17, 11, 22, 29, 6, 6, 7, 5, 1, 1, 2, 4, 9, 1, 2, 4, 4, 3, 9, 1, 1, 2, 18, 1, 1, 3, 1, 1, 1, 2, 1, 
20: 2, 2, 1, 8, 21, 10, 5, 2, 1, 3, 21, 21, 3, 18, 7, 15, 4, 5, 5, 27, 1, 11, 3, 1, 7, 13, 6, 1, 6, 11, 5, 4, 1, 3, 9, 1, 1, 35, 6, 18, 3, 16, 12, 5, 1, 12, 2, 1, 3, 1, 8, 12, 1, 2, 2, 11, 7, 14, 2, 27, 1, 1, 8, 3, 3, 10, 3, 8, 11, 3, 24, 3, 15, 2, 2, 21, 20, 4, 8, 17, 5, 12, 1, 0, 0, 0, 0, 0, 0, 0, 0, 0, 0, 0, 0, 0, 0, 0, 0, 0, 0, 0, 0, 0, 0, 0, 0, 0, 0, 0, 0, 0, 0, 0, 0, 0, 0, 0, 0, 0, 0, 0, 0, 0, 0, 0, 0, 0, 0, 0, 0, 0, 0, 0, 0, 0, 0, 0, 0, 0, 0, 0, 0, 0, 0, 0, 0, 0, 0, 0, 0, 0, 0, 0, 0, 0, 0, 0, 0, 0, 0, 0, 0, 0, 0, 0, 0, 0, 0, 0, 0, 0, 0, 0, 0, 0, 0, 0, 0, 0, 0, 0, 0, 0, 0, 0, 0, 0, 0, 0, 0, 0, 0, 0, 0, 0, 0, 0, 0, 0, : 2, 2, 1, 8, 21, 10, 5, 2, 1, 3, 21, 21, 3, 18, 7, 15, 4, 5, 5, 27, 1, 11, 3, 1, 7, 13, 6, 1, 6, 11, 5, 4, 1, 3, 9, 1, 1, 35, 6, 18, 3, 16, 12, 5, 1, 12, 2, 1, 3, 1, 8, 12, 1, 2, 2, 11, 7, 14, 2, 27, 1, 1, 8, 3, 3, 10, 3, 8, 11, 3, 24, 3, 15, 2, 2, 21, 20, 4, 8, 17, 5, 12, 1, 


