40
100
1: 2, 2, 22, 1, 11, 7, 3, 14, 6, 12, 1, 2, 1, 4, 15, 10, 18, 1, 9, 13, 10, 0, 0, 0, 0, 0, 0, 0, 0, 0, 0, 0, 0, 0, 0, 0, 0, 0, 0, 0, : 2, 2, 22, 1, 11, 7, 3, 14, 6, 12, 1, 2, 1, 4, 15, 10, 18, 1, 9, 13, 10, 
2: 4, 13, 2, 17, 4, 5, 5, 19, 5, 3, 3, 15, 5, 1, 3, 0, 0, 0, 0, 0, 0, 0, 0, 0, 0, 0, 0, 0, 0, 0, 0, 0, 0, 0, 0, 0, 0, 0, 0, 0, : 4, 13, 2, 17, 4, 5, 5, 19, 5, 3, 3, 15, 5, 1, 3, 
3: 6, 1, 11, 6, 4, 18, 2, 15, 5, 16, 2, 6, 21, 14, 18, 14, 18, 25, 5, 5, 3, 0, 0, 0, 0, 0, 0, 0, 0, 0, 0, 0, 0, 0, 0, 0, 0, 0, 0, 0, : 6, 1, 11, 6, 4, 18, 2, 15, 5, 16, 2, 6, 21, 14, 18, 14, 18, 25, 5, 5, 3, 
4: 3, 2, 1, 2, 2, 2, 17, 3, 2, 4, 7, 3, 13, 6, 37, 0, 0, 0, 0, 0, 0, 0, 0, 0, 0, 0, 0, 0, 0, 0, 0, 0, 0, 0, 0, 0, 0, 0, 0, 0, : 3, 2, 1, 2, 2, 2, 17, 3, 2, 4, 7, 3, 13, 6, 37, 
5: 5, 24, 5, 4, 5, 4, 4, 1, 22, 11, 3, 1, 12, 1, 3, 2, 9, 2, 13, 8, 0, 0, 0, 0, 0, 0, 0, 0, 0, 0, 0, 0, 0, 0, 0, 0, 0, 0, 0, 0, : 5, 24, 5, 4, 5, 4, 4, 1, 22, 11, 3, 1, 12, 1, 3, 2, 9, 2, 13, 8, 
6: 4, 20, 6, 1, 17, 4, 3, 15, 3, 1, 3, 1, 12, 10, 6, 11, 6, 12, 1, 8, 25, 2, 5, 34, 1, 4, 2, 6, 15, 0, 0, 0, 0, 0, 0, 0, 0, 0, 0, 0, : 4, 20, 6, 1, 17, 4, 3, 15, 3, 1, 3, 1, 12, 10, 6, 11, 6, 12, 1, 8, 25, 2, 5, 34, 1, 4, 2, 6, 15, 
7: 3, 1, 4, 9, 21, 1, 6, 2, 3, 1, 30, 8, 2, 10, 3, 0, 0, 0, 0, 0, 0, 0, 0, 0, 0, 0, 0, 0, 0, 0, 0, 0, 0, 0, 0, 0, 0, 0, 0, 0, : 3, 1, 4, 9, 21, 1, 6, 2, 3, 1, 30, 8, 2, 10, 3, 
8: 20, 13, 6, 13, 1, 9, 17, 18, 5, 9, 12, 33, 17, 1, 8, 2, 1, 3, 21, 3, 20, 5, 8, 4, 25, 0, 0, 0, 0, 0, 0, 0, 0, 0, 0, 0, 0, 0, 0, 0, : 20, 13, 6, 13, 1, 9, 17, 18, 5, 9, 12, 33, 17, 1, 8, 2, 1, 3, 21, 3, 20, 5, 8, 4, 25, 
9: 2, 11, 6, 6, 13, 12, 5, 20, 3, 3, 10, 0, 0, 0, 0, 0, 0, 0, 0, 0, 0, 0, 0, 0, 0, 0, 0, 0, 0, 0, 0, 0, 0, 0, 0, 0, 0, 0, 0, 0, : 2, 11, 6, 6, 13, 12, 5, 20, 3, 3, 10, 
10: 27, 9, 9, 1, 1, 20, 21, 3, 2, 24, 6, 2, 2, 9, 11, 14, 5, 2, 18, 2, 6, 32, 3, 6, 0, 0, 0, 0, 0, 0, 0, 0, 0, 0, 0, 0, 0, 0, 0, 0, : 27, 9, 9, 1, 1, 20, 21, 3, 2, 24, 6, 2, 2, 9, 11, 14, 5, 2, 18, 2, 6, 32, 3, 6, 
11: 3, 6, 6, 10, 13, 1, 2, 1, 2, 5, 21, 5, 2, 14, 3, 6, 2, 12, 0, 0, 0, 0, 0, 0, 0, 0, 0, 0, 0, 0, 0, 0, 0, 0, 0, 0, 0, 0, 0, 0, : 3, 6, 6, 10, 13, 1, 2, 1, 2, 5, 21, 5, 2, 14, 3, 6, 2, 12, 
12: 1, 10, 3, 4, 9, 10, 8, 13, 1, 5, 9, 6, 1, 28, 4, 3, 1, 10, 12, 18, 2, 3, 33, 9, 14, 0, 0, 0, 0, 0, 0, 0, 0, 0, 0, 0, 0, 0, 0, 0, : 1, 10, 3, 4, 9, 10, 8, 13, 1, 5, 9, 6, 1, 28, 4, 3, 1, 10, 12, 18, 2, 3, 33, 9, 14, 
13: 7, 24, 3, 10, 8, 11, 15, 1, 2, 1, 16, 21, 11, 0, 0, 0, 0, 0, 0, 0, 0, 0, 0, 0, 0, 0, 0, 0, 0, 0, 0, 0, 0, 0, 0, 0, 0, 0, 0, 0, : 7, 24, 3, 10, 8, 11, 15, 1, 2, 1, 16, 21, 11, 
14: 11, 25, 19, 7, 4, 24, 3, 2, 5, 6, 6, 4, 1, 1, 2, 27, 17, 2, 1, 7, 7, 1, 2, 2, 2, 7, 11, 0, 0, 0, 0, 0, 0, 0, 0, 0, 0, 0, 0, 0, : 11, 25, 19, 7, 4, 24, 3, 2, 5, 6, 6, 4, 1, 1, 2, 27, 17, 2, 1, 7, 7, 1, 2, 2, 2, 7, 11, 
15: 19, 4, 8, 2, 7, 17, 6, 8, 13, 9, 2, 8, 19, 4, 2, 21, 7, 7, 1, 11, 5, 0, 0, 0, 0, 0, 0, 0, 0, 0, 0, 0, 0, 0, 0, 0, 0, 0, 0, 0, : 19, 4, 8, 2, 7, 17, 6, 8, 13, 9, 2, 8, 19, 4, 2, 21, 7, 7, 1, 11, 5, 
16: 3, 10, 3, 6, 6, 8, 22, 32, 6, 1, 19, 15, 34, 8, 14, 14, 9, 6, 8, 3, 0, 0, 0, 0, 0, 0, 0, 0, 0, 0, 0, 0, 0, 0, 0, 0, 0, 0, 0, 0, : 3, 10, 3, 6, 6, 8, 22, 32, 6, 1, 19, 15, 34, 8, 14, 14, 9, 6, 8, 3, 
17: 4, 14, 12, 34, 10, 1, 16, 19, 7, 13, 1, 18, 3, 19, 16, 13, 6, 13, 3, 11, 19, 0, 0, 0, 0, 0, 0, 0, 0, 0, 0, 0, 0, 0, 0, 0, 0, 0, 0, 0, : 4, 14, 12, 34, 10, 1, 16, 19, 7, 13, 1, 18, 3, 19, 16, 13, 6, 13, 3, 11, 19, 
18: 4, 13, 12, 5, 1, 6, 6, 2, 6, 12, 5, 4, 4, 7, 14, 11, 32, 7, 1, 4, 0, 0, 0, 0, 0, 0, 0, 0, 0, 0, 0, 0, 0, 0, 0, 0, 0, 0, 0, 0, : 4, 13, 12, 5, 1, 6, 6, 2, 6, 12, 5, 4, 4, 7, 14, 11, 32, 7, 1, 4, 
19: 14, 3, 3, 7, 22, 20, 2, 21, 19, 13, 1, 4, 24, 15, 2, 10, 11, 18, 6, 9, 5, 8, 3, 22, 0, 0, 0, 0, 0, 0, 0, 0, 0, 0, 0, 0, 0, 0, 0, 0, : 14, 3, 3, 7, 22, 20, 2, 21, 19, 13, 1, 4, 24, 15, 2, 10, 11, 18, 6, 9, 5, 8, 3, 22, 
20: 1, 29, 4, 3, 18, 6, 14, 5, 1, 5, 18, 7, 21, 1, 3, 2, 5, 32, 12, 0, 0, 0, 0, 0, 0, 0, 0, 0, 0, 0, 0, 0, 0, 0, 0, 0, 0, 0, 0, 0, : 1, 29, 4, 3, 18, 6, 14, 5, 1, 5, 18, 7, 21, 1, 3, 2, 5, 32, 12, 
21: 4, 17, 13, 5, 13, 12, 4, 36, 9, 1, 8, 3, 15, 3, 12, 1, 12, 18, 8, 6, 7, 9, 0, 0, 0, 0, 0, 0, 0, 0, 0, 0, 0, 0, 0, 0, 0, 0, 0, 0, : 4, 17, 13, 5, 13, 12, 4, 36, 9, 1, 8, 3, 15, 3, 12, 1, 12, 18, 8, 6, 7, 9, 
22: 8, 13, 15, 6, 1, 17, 17, 3, 19, 13, 15, 4, 33, 5, 17, 31, 5, 2, 1, 0, 0, 0, 0, 0, 0, 0, 0, 0, 0, 0, 0, 0, 0, 0, 0, 0, 0, 0, 0, 0, : 8, 13, 15, 6, 1, 17, 17, 3, 19, 13, 15, 4, 33, 5, 17, 31, 5, 2, 1, 
23: 16, 1, 2, 7, 22, 5, 1, 10, 1, 4, 1, 1, 17, 3, 7, 0, 0, 0, 0, 0, 0, 0, 0, 0, 0, 0, 0, 0, 0, 0, 0, 0, 0, 0, 0, 0, 0, 0, 0, 0, : 16, 1, 2, 7, 22, 5, 1, 10, 1, 4, 1, 1, 17, 3, 7, 
24: 13, 3, 2, 4, 12, 24, 3, 29, 10, 10, 5, 2, 12, 3, 13, 12, 19, 5, 0, 0, 0, 0, 0, 0, 0, 0, 0, 0, 0, 0, 0, 0, 0, 0, 0, 0, 0, 0, 0, 0, : 13, 3, 2, 4, 12, 24, 3, 29, 10, 10, 5, 2, 12, 3, 13, 12, 19, 5, 
25: 7, 3, 4, 3, 4, 6, 7, 7, 1, 8, 17, 15, 5, 7, 2, 1, 4, 4, 2, 2, 6, 1, 0, 0, 0, 0, 0, 0, 0, 0, 0, 0, 0, 0, 0, 0, 0, 0, 0, 0, : 7, 3, 4, 3, 4, 6, 7, 7, 1, 8, 17, 15, 5, 7, 2, 1, 4, 4, 2, 2, 6, 1, 
26: 16, 14, 13, 8, 1, 18, 24, 3, 29, 6, 15, 19, 14, 21, 3, 1, 1, 5, 25, 7, 9, 7, 11, 3, 0, 0, 0, 0, 0, 0, 0, 0, 0, 0, 0, 0, 0, 0, 0, 0, : 16, 14, 13, 8, 1, 18, 24, 3, 29, 6, 15, 19, 14, 21, 3, 1, 1, 5, 25, 7, 9, 7, 11, 3, 
27: 1, 1, 3, 15, 1, 3, 7, 8, 23, 4, 3, 5, 17, 4, 7, 9, 9, 17, 29, 1, 3, 20, 2, 0, 0, 0, 0, 0, 0, 0, 0, 0, 0, 0, 0, 0, 0, 0, 0, 0, : 1, 1, 3, 15, 1, 3, 7, 8, 23, 4, 3, 5, 17, 4, 7, 9, 9, 17, 29, 1, 3, 20, 2, 
28: 12, 27, 2, 8, 4, 22, 3, 18, 16, 23, 7, 8, 1, 3, 7, 27, 4, 11, 3, 22, 11, 0, 0, 0, 0, 0, 0, 0, 0, 0, 0, 0, 0, 0, 0, 0, 0, 0, 0, 0, : 12, 27, 2, 8, 4, 22, 3, 18, 16, 23, 7, 8, 1, 3, 7, 27, 4, 11, 3, 22, 11, 
29: 1, 5, 1, 1, 5, 4, 5, 14, 13, 22, 14, 5, 10, 1, 13, 1, 3, 16, 16, 5, 23, 4, 5, 3, 2, 1, 0, 0, 0, 0, 0, 0, 0, 0, 0, 0, 0, 0, 0, 0, : 1, 5, 1, 1, 5, 4, 5, 14, 13, 22, 14, 5, 10, 1, 13, 1, 3, 16, 16, 5, 23, 4, 5, 3, 2, 1, 
30: 11, 3, 4, 1, 9, 31, 11, 1, 6, 19, 1, 4, 6, 1, 3, 2, 2, 3, 8, 7, 8, 1, 0, 0, 0, 0, 0, 0, 0, 0, 0, 0, 0, 0, 0, 0, 0, 0, 0, 0, : 11, 3, 4, 1, 9, 31, 11, 1, 6, 19, 1, 4, 6, 1, 3, 2, 2, 3, 8, 7, 8, 1, 
31: 15, 1, 2, 5, 11, 4, 7, 6, 9, 4, 2, 14, 0, 0, 0, 0, 0, 0, 0, 0, 0, 0, 0, 0, 0, 0, 0, 0, 0, 0, 0, 0, 0, 0, 0, 0, 0, 0, 0, 0, : 15, 1, 2, 5, 11, 4, 7, 6, 9, 4, 2, 14, 
32: 38, 2, 2, 3, 4, 3, 14, 3, 2, 1, 11, 2, 6, 12, 7, 7, 3, 8, 32, 11, 9, 1, 3, 12, 15, 8, 11, 1, 2, 1, 8, 0, 0, 0, 0, 0, 0, 0, 0, 0, : 38, 2, 2, 3, 4, 3, 14, 3, 2, 1, 11, 2, 6, 12, 7, 7, 3, 8, 32, 11, 9, 1, 3, 12, 15, 8, 11, 1, 2, 1, 8, 
33: 5, 3, 1, 1, 3, 13, 7, 3, 37, 17, 1, 19, 12, 10, 12, 5, 1, 1, 5, 2, 2, 3, 0, 0, 0, 0, 0, 0, 0, 0, 0, 0, 0, 0, 0, 0, 0, 0, 0, 0, : 5, 3, 1, 1, 3, 13, 7, 3, 37, 17, 1, 19, 12, 10, 12, 5, 1, 1, 5, 2, 2, 3, 
34: 11, 3, 2, 3, 19, 3, 8, 2, 8, 3, 10, 9, 6, 11, 13, 10, 0, 0, 0, 0, 0, 0, 0, 0, 0, 0, 0, 0, 0, 0, 0, 0, 0, 0, 0, 0, 0, 0, 0, 0, : 11, 3, 2, 3, 19, 3, 8, 2, 8, 3, 10, 9, 6, 11, 13, 10, 
35: 12, 3, 3, 6, 16, 4, 11, 1, 21, 4, 2, 2, 1, 11, 1, 16, 30, 1, 3, 0, 0, 0, 0, 0, 0, 0, 0, 0, 0, 0, 0, 0, 0, 0, 0, 0, 0, 0, 0, 0, : 12, 3, 3, 6, 16, 4, 11, 1, 21, 4, 2, 2, 1, 11, 1, 16, 30, 1, 3, 
36: 6, 3, 6, 9, 12, 3, 2, 26, 9, 6, 1, 1, 12, 4, 2, 34, 11, 0, 0, 0, 0, 0, 0, 0, 0, 0, 0, 0, 0, 0, 0, 0, 0, 0, 0, 0, 0, 0, 0, 0, : 6, 3, 6, 9, 12, 3, 2, 26, 9, 6, 1, 1, 12, 4, 2, 34, 11, 
37: 19, 1, 9, 1, 10, 3, 6, 1, 7, 3, 5, 3, 1, 2, 1, 1, 7, 8, 8, 0, 0, 0, 0, 0, 0, 0, 0, 0, 0, 0, 0, 0, 0, 0, 0, 0, 0, 0, 0, 0, : 19, 1, 9, 1, 10, 3, 6, 1, 7, 3, 5, 3, 1, 2, 1, 1, 7, 8, 8, 
38: 1, 14, 1, 4, 1, 1, 8, 13, 19, 1, 3, 17, 5, 17, 4, 24, 11, 21, 5, 14, 2, 7, 7, 20, 4, 0, 0, 0, 0, 0, 0, 0, 0, 0, 0, 0, 0, 0, 0, 0, : 1, 14, 1, 4, 1, 1, 8, 13, 19, 1, 3, 17, 5, 17, 4, 24, 11, 21, 5, 14, 2, 7, 7, 20, 4, 
39: 7, 3, 2, 1, 5, 3, 19, 7, 2, 4, 13, 25, 4, 2, 15, 28, 5, 4, 1, 6, 2, 38, 3, 4, 0, 0, 0, 0, 0, 0, 0, 0, 0, 0, 0, 0, 0, 0, 0, 0, : 7, 3, 2, 1, 5, 3, 19, 7, 2, 4, 13, 25, 4, 2, 15, 28, 5, 4, 1, 6, 2, 38, 3, 4, 
40: 9, 17, 4, 23, 17, 23, 1, 7, 3, 23, 3, 7, 1, 1, 10, 17, 4, 12, 5, 1, 26, 6, 0, 0, 0, 0, 0, 0, 0, 0, 0, 0, 0, 0, 0, 0, 0, 0, 0, 0, : 9, 17, 4, 23, 17, 23, 1, 7, 3, 23, 3, 7, 1, 1, 10, 17, 4, 12, 5, 1, 26, 6, 
41: 12, 4, 12, 1, 4, 2, 9, 2, 24, 4, 3, 15, 1, 5, 6, 1, 11, 1, 0, 0, 0, 0, 0, 0, 0, 0, 0, 0, 0, 0, 0, 0, 0, 0, 0, 0, 0, 0, 0, 0, : 12, 4, 12, 1, 4, 2, 9, 2, 24, 4, 3, 15, 1, 5, 6, 1, 11, 1, 
42: 4, 3, 1, 23, 4, 5, 16, 1, 28, 6, 12, 3, 0, 0, 0, 0, 0, 0, 0, 0, 0, 0, 0, 0, 0, 0, 0, 0, 0, 0, 0, 0, 0, 0, 0, 0, 0, 0, 0, 0, : 4, 3, 1, 23, 4, 5, 16, 1, 28, 6, 12, 3, 
43: 3, 8, 18, 11, 1, 2, 2, 3, 3, 9, 3, 18, 35, 5, 20, 12, 13, 0, 0, 0, 0, 0, 0, 0, 0, 0, 0, 0, 0, 0, 0, 0, 0, 0, 0, 0, 0, 0, 0, 0, : 3, 8, 18, 11, 1, 2, 2, 3, 3, 9, 3, 18, 35, 5, 20, 12, 13, 
44: 22, 16, 29, 4, 13, 7, 1, 6, 13, 14, 5, 25, 4, 3, 20, 1, 2, 2, 2, 13, 4, 0, 0, 0, 0, 0, 0, 0, 0, 0, 0, 0, 0, 0, 0, 0, 0, 0, 0, 0, : 22, 16, 29, 4, 13, 7, 1, 6, 13, 14, 5, 25, 4, 3, 20, 1, 2, 2, 2, 13, 4, 
45: 15, 8, 5, 23, 10, 9, 3, 19, 1, 21, 4, 8, 8, 6, 31, 21, 8, 5, 0, 0, 0, 0, 0, 0, 0, 0, 0, 0, 0, 0, 0, 0, 0, 0, 0, 0, 0, 0, 0, 0, : 15, 8, 5, 23, 10, 9, 3, 19, 1, 21, 4, 8, 8, 6, 31, 21, 8, 5, 
46: 6, 6, 2, 1, 2, 7, 1, 1, 12, 19, 3, 8, 3, 11, 3, 5, 18, 6, 5, 7, 28, 1, 0, 0, 0, 0, 0, 0, 0, 0, 0, 0, 0, 0, 0, 0, 0, 0, 0, 0, : 6, 6, 2, 1, 2, 7, 1, 1, 12, 19, 3, 8, 3, 11, 3, 5, 18, 6, 5, 7, 28, 1, 
47: 5, 6, 4, 16, 3, 3, 1, 34, 2, 6, 9, 4, 23, 9, 17, 12, 0, 0, 0, 0, 0, 0, 0, 0, 0, 0, 0, 0, 0, 0, 0, 0, 0, 0, 0, 0, 0, 0, 0, 0, : 5, 6, 4, 16, 3, 3, 1, 34, 2, 6, 9, 4, 23, 9, 17, 12, 
48: 13, 5, 4, 4, 2, 11, 16, 10, 17, 7, 5, 6, 15, 4, 1, 12, 4, 1, 0, 0, 0, 0, 0, 0, 0, 0, 0, 0, 0, 0, 0, 0, 0, 0, 0, 0, 0, 0, 0, 0, : 13, 5, 4, 4, 2, 11, 16, 10, 17, 7, 5, 6, 15, 4, 1, 12, 4, 1, 
49: 16, 18, 1, 4, 7, 34, 2, 10, 36, 11, 2, 5, 7, 8, 9, 8, 6, 0, 0, 0, 0, 0, 0, 0, 0, 0, 0, 0, 0, 0, 0, 0, 0, 0, 0, 0, 0, 0, 0, 0, : 16, 18, 1, 4, 7, 34, 2, 10, 36, 11, 2, 5, 7, 8, 9, 8, 6, 
50: 1, 17, 21, 1, 14, 15, 8, 7, 13, 7, 3, 4, 2, 4, 12, 6, 2, 0, 0, 0, 0, 0, 0, 0, 0, 0, 0, 0, 0, 0, 0, 0, 0, 0, 0, 0, 0, 0, 0, 0, : 1, 17, 21, 1, 14, 15, 8, 7, 13, 7, 3, 4, 2, 4, 12, 6, 2, 
51: 12, 2, 5, 31, 3, 6, 14, 1, 5, 6, 2, 3, 4, 1, 0, 0, 0, 0, 0, 0, 0, 0, 0, 0, 0, 0, 0, 0, 0, 0, 0, 0, 0, 0, 0, 0, 0, 0, 0, 0, : 12, 2, 5, 31, 3, 6, 14, 1, 5, 6, 2, 3, 4, 1, 
52: 3, 8, 3, 3, 1, 4, 13, 8, 1, 16, 6, 13, 6, 4, 12, 8, 1, 13, 5, 3, 25, 26, 1, 10, 1, 14, 4, 1, 0, 0, 0, 0, 0, 0, 0, 0, 0, 0, 0, 0, : 3, 8, 3, 3, 1, 4, 13, 8, 1, 16, 6, 13, 6, 4, 12, 8, 1, 13, 5, 3, 25, 26, 1, 10, 1, 14, 4, 1, 
53: 1, 1, 11, 1, 25, 2, 1, 17, 1, 2, 8, 5, 1, 14, 1, 5, 1, 20, 7, 14, 0, 0, 0, 0, 0, 0, 0, 0, 0, 0, 0, 0, 0, 0, 0, 0, 0, 0, 0, 0, : 1, 1, 11, 1, 25, 2, 1, 17, 1, 2, 8, 5, 1, 14, 1, 5, 1, 20, 7, 14, 
54: 12, 12, 4, 5, 6, 3, 1, 6, 8, 2, 21, 7, 8, 9, 15, 6, 7, 2, 22, 18, 6, 6, 6, 19, 6, 5, 0, 0, 0, 0, 0, 0, 0, 0, 0, 0, 0, 0, 0, 0, : 12, 12, 4, 5, 6, 3, 1, 6, 8, 2, 21, 7, 8, 9, 15, 6, 7, 2, 22, 18, 6, 6, 6, 19, 6, 5, 
55: 1, 3, 1, 1, 16, 1, 3, 24, 9, 6, 2, 8, 32, 4, 19, 1, 4, 9, 31, 11, 2, 39, 0, 0, 0, 0, 0, 0, 0, 0, 0, 0, 0, 0, 0, 0, 0, 0, 0, 0, : 1, 3, 1, 1, 16, 1, 3, 24, 9, 6, 2, 8, 32, 4, 19, 1, 4, 9, 31, 11, 2, 39, 
56: 8, 10, 3, 10, 14, 15, 19, 22, 3, 26, 16, 20, 11, 14, 9, 1, 0, 0, 0, 0, 0, 0, 0, 0, 0, 0, 0, 0, 0, 0, 0, 0, 0, 0, 0, 0, 0, 0, 0, 0, : 8, 10, 3, 10, 14, 15, 19, 22, 3, 26, 16, 20, 11, 14, 9, 1, 
57: 2, 8, 5, 1, 7, 2, 2, 10, 8, 6, 2, 5, 4, 5, 2, 19, 3, 6, 4, 2, 1, 2, 26, 0, 0, 0, 0, 0, 0, 0, 0, 0, 0, 0, 0, 0, 0, 0, 0, 0, : 2, 8, 5, 1, 7, 2, 2, 10, 8, 6, 2, 5, 4, 5, 2, 19, 3, 6, 4, 2, 1, 2, 26, 
58: 5, 2, 1, 6, 2, 1, 19, 23, 12, 7, 2, 0, 0, 0, 0, 0, 0, 0, 0, 0, 0, 0, 0, 0, 0, 0, 0, 0, 0, 0, 0, 0, 0, 0, 0, 0, 0, 0, 0, 0, : 5, 2, 1, 6, 2, 1, 19, 23, 12, 7, 2, 
59: 8, 14, 5, 5, 21, 6, 4, 28, 1, 2, 1, 11, 4, 3, 5, 8, 13, 2, 3, 5, 11, 6, 3, 14, 0, 0, 0, 0, 0, 0, 0, 0, 0, 0, 0, 0, 0, 0, 0, 0, : 8, 14, 5, 5, 21, 6, 4, 28, 1, 2, 1, 11, 4, 3, 5, 8, 13, 2, 3, 5, 11, 6, 3, 14, 
60: 12, 6, 17, 15, 8, 36, 7, 5, 2, 28, 6, 12, 1, 27, 29, 15, 1, 25, 3, 1, 0, 0, 0, 0, 0, 0, 0, 0, 0, 0, 0, 0, 0, 0, 0, 0, 0, 0, 0, 0, : 12, 6, 17, 15, 8, 36, 7, 5, 2, 28, 6, 12, 1, 27, 29, 15, 1, 25, 3, 1, 
61: 3, 5, 3, 3, 2, 5, 9, 12, 15, 1, 11, 3, 3, 12, 8, 30, 3, 30, 19, 6, 6, 20, 0, 0, 0, 0, 0, 0, 0, 0, 0, 0, 0, 0, 0, 0, 0, 0, 0, 0, : 3, 5, 3, 3, 2, 5, 9, 12, 15, 1, 11, 3, 3, 12, 8, 30, 3, 30, 19, 6, 6, 20, 
62: 19, 1, 1, 7, 1, 1, 5, 5, 9, 9, 2, 12, 8, 0, 0, 0, 0, 0, 0, 0, 0, 0, 0, 0, 0, 0, 0, 0, 0, 0, 0, 0, 0, 0, 0, 0, 0, 0, 0, 0, : 19, 1, 1, 7, 1, 1, 5, 5, 9, 9, 2, 12, 8, 
63: 1, 3, 9, 1, 1, 19, 1, 8, 6, 14, 1, 6, 7, 10, 1, 30, 7, 6, 0, 0, 0, 0, 0, 0, 0, 0, 0, 0, 0, 0, 0, 0, 0, 0, 0, 0, 0, 0, 0, 0, : 1, 3, 9, 1, 1, 19, 1, 8, 6, 14, 1, 6, 7, 10, 1, 30, 7, 6, 
64: 2, 17, 5, 1, 3, 28, 6, 1, 9, 1, 18, 8, 7, 12, 9, 1, 22, 1, 15, 26, 6, 0, 0, 0, 0, 0, 0, 0, 0, 0, 0, 0, 0, 0, 0, 0, 0, 0, 0, 0, : 2, 17, 5, 1, 3, 28, 6, 1, 9, 1, 18, 8, 7, 12, 9, 1, 22, 1, 15, 26, 6, 
65: 3, 25, 13, 6, 33, 17, 7, 16, 4, 36, 5, 1, 0, 0, 0, 0, 0, 0, 0, 0, 0, 0, 0, 0, 0, 0, 0, 0, 0, 0, 0, 0, 0, 0, 0, 0, 0, 0, 0, 0, : 3, 25, 13, 6, 33, 17, 7, 16, 4, 36, 5, 1, 
66: 10, 1, 2, 12, 2, 14, 31, 1, 3, 11, 28, 14, 24, 1, 18, 5, 7, 3, 8, 2, 1, 1, 8, 10, 34, 11, 0, 0, 0, 0, 0, 0, 0, 0, 0, 0, 0, 0, 0, 0, : 10, 1, 2, 12, 2, 14, 31, 1, 3, 11, 28, 14, 24, 1, 18, 5, 7, 3, 8, 2, 1, 1, 8, 10, 34, 11, 
67: 2, 3, 1, 4, 4, 12, 1, 20, 2, 2, 4, 1, 16, 4, 2, 4, 3, 2, 0, 0, 0, 0, 0, 0, 0, 0, 0, 0, 0, 0, 0, 0, 0, 0, 0, 0, 0, 0, 0, 0, : 2, 3, 1, 4, 4, 12, 1, 20, 2, 2, 4, 1, 16, 4, 2, 4, 3, 2, 
68: 1, 35, 2, 8, 1, 5, 1, 5, 4, 22, 33, 1, 2, 1, 1, 21, 0, 0, 0, 0, 0, 0, 0, 0, 0, 0, 0, 0, 0, 0, 0, 0, 0, 0, 0, 0, 0, 0, 0, 0, : 1, 35, 2, 8, 1, 5, 1, 5, 4, 22, 33, 1, 2, 1, 1, 21, 
69: 4, 2, 24, 24, 1, 9, 2, 5, 7, 4, 1, 1, 1, 29, 7, 22, 2, 10, 1, 11, 0, 0, 0, 0, 0, 0, 0, 0, 0, 0, 0, 0, 0, 0, 0, 0, 0, 0, 0, 0, : 4, 2, 24, 24, 1, 9, 2, 5, 7, 4, 1, 1, 1, 29, 7, 22, 2, 10, 1, 11, 
70: 3, 7, 1, 2, 1, 7, 20, 7, 13, 1, 5, 15, 5, 23, 4, 24, 8, 4, 11, 13, 13, 3, 7, 4, 14, 8, 1, 9, 11, 7, 0, 0, 0, 0, 0, 0, 0, 0, 0, 0, : 3, 7, 1, 2, 1, 7, 20, 7, 13, 1, 5, 15, 5, 23, 4, 24, 8, 4, 11, 13, 13, 3, 7, 4, 14, 8, 1, 9, 11, 7, 
71: 2, 2, 1, 4, 21, 2, 24, 33, 9, 1, 1, 1, 26, 19, 9, 10, 0, 0, 0, 0, 0, 0, 0, 0, 0, 0, 0, 0, 0, 0, 0, 0, 0, 0, 0, 0, 0, 0, 0, 0, : 2, 2, 1, 4, 21, 2, 24, 33, 9, 1, 1, 1, 26, 19, 9, 10, 
72: 14, 2, 1, 20, 18, 4, 34, 6, 15, 2, 1, 5, 2, 5, 1, 17, 17, 3, 1, 13, 6, 5, 5, 8, 4, 3, 7, 5, 1, 1, 27, 4, 0, 0, 0, 0, 0, 0, 0, 0, : 14, 2, 1, 20, 18, 4, 34, 6, 15, 2, 1, 5, 2, 5, 1, 17, 17, 3, 1, 13, 6, 5, 5, 8, 4, 3, 7, 5, 1, 1, 27, 4, 
73: 4, 5, 4, 21, 15, 20, 1, 11, 3, 3, 4, 10, 2, 3, 6, 8, 2, 1, 5, 4, 4, 0, 0, 0, 0, 0, 0, 0, 0, 0, 0, 0, 0, 0, 0, 0, 0, 0, 0, 0, : 4, 5, 4, 21, 15, 20, 1, 11, 3, 3, 4, 10, 2, 3, 6, 8, 2, 1, 5, 4, 4, 
74: 12, 11, 22, 10, 7, 9, 6, 4, 2, 1, 1, 11, 1, 3, 4, 6, 17, 0, 0, 0, 0, 0, 0, 0, 0, 0, 0, 0, 0, 0, 0, 0, 0, 0, 0, 0, 0, 0, 0, 0, : 12, 11, 22, 10, 7, 9, 6, 4, 2, 1, 1, 11, 1, 3, 4, 6, 17, 
75: 15, 3, 7, 36, 2, 15, 5, 12, 2, 3, 3, 1, 11, 9, 4, 17, 23, 1, 12, 14, 0, 0, 0, 0, 0, 0, 0, 0, 0, 0, 0, 0, 0, 0, 0, 0, 0, 0, 0, 0, : 15, 3, 7, 36, 2, 15, 5, 12, 2, 3, 3, 1, 11, 9, 4, 17, 23, 1, 12, 14, 
76: 7, 1, 9, 3, 1, 7, 4, 26, 2, 6, 32, 1, 16, 1, 1, 2, 0, 0, 0, 0, 0, 0, 0, 0, 0, 0, 0, 0, 0, 0, 0, 0, 0, 0, 0, 0, 0, 0, 0, 0, : 7, 1, 9, 3, 1, 7, 4, 26, 2, 6, 32, 1, 16, 1, 1, 2, 
77: 6, 2, 1, 1, 3, 22, 3, 2, 2, 1, 3, 1, 1, 11, 7, 21, 0, 0, 0, 0, 0, 0, 0, 0, 0, 0, 0, 0, 0, 0, 0, 0, 0, 0, 0, 0, 0, 0, 0, 0, : 6, 2, 1, 1, 3, 22, 3, 2, 2, 1, 3, 1, 1, 11, 7, 21, 
78: 4, 6, 4, 8, 5, 32, 11, 15, 16, 3, 10, 22, 6, 14, 3, 1, 1, 12, 1, 22, 8, 17, 7, 4, 2, 10, 0, 0, 0, 0, 0, 0, 0, 0, 0, 0, 0, 0, 0, 0, : 4, 6, 4, 8, 5, 32, 11, 15, 16, 3, 10, 22, 6, 14, 3, 1, 1, 12, 1, 22, 8, 17, 7, 4, 2, 10, 
79: 12, 1, 7, 6, 3, 12, 1, 9, 19, 3, 27, 4, 5, 14, 20, 6, 3, 3, 13, 12, 4, 1, 32, 8, 13, 3, 4, 4, 14, 1, 11, 29, 2, 0, 0, 0, 0, 0, 0, 0, : 12, 1, 7, 6, 3, 12, 1, 9, 19, 3, 27, 4, 5, 14, 20, 6, 3, 3, 13, 12, 4, 1, 32, 8, 13, 3, 4, 4, 14, 1, 11, 29, 2, 
80: 9, 8, 7, 1, 10, 17, 6, 2, 1, 12, 2, 1, 6, 5, 5, 36, 3, 6, 2, 0, 0, 0, 0, 0, 0, 0, 0, 0, 0, 0, 0, 0, 0, 0, 0, 0, 0, 0, 0, 0, : 9, 8, 7, 1, 10, 17, 6, 2, 1, 12, 2, 1, 6, 5, 5, 36, 3, 6, 2, 
81: 23, 3, 3, 3, 22, 1, 5, 1, 11, 4, 4, 23, 1, 7, 0, 0, 0, 0, 0, 0, 0, 0, 0, 0, 0, 0, 0, 0, 0, 0, 0, 0, 0, 0, 0, 0, 0, 0, 0, 0, : 23, 3, 3, 3, 22, 1, 5, 1, 11, 4, 4, 23, 1, 7, 
82: 1, 18, 11, 2, 8, 12, 11, 1, 5, 6, 15, 6, 1, 29, 8, 9, 21, 4, 21, 7, 0, 0, 0, 0, 0, 0, 0, 0, 0, 0, 0, 0, 0, 0, 0, 0, 0, 0, 0, 0, : 1, 18, 11, 2, 8, 12, 11, 1, 5, 6, 15, 6, 1, 29, 8, 9, 21, 4, 21, 7, 
83: 2, 1, 8, 3, 2, 9, 20, 1, 6, 1, 14, 2, 20, 21, 2, 2, 5, 1, 5, 2, 1, 19, 1, 6, 11, 25, 0, 0, 0, 0, 0, 0, 0, 0, 0, 0, 0, 0, 0, 0, : 2, 1, 8, 3, 2, 9, 20, 1, 6, 1, 14, 2, 20, 21, 2, 2, 5, 1, 5, 2, 1, 19, 1, 6, 11, 25, 
84: 13, 3, 9, 1, 2, 4, 15, 2, 2, 4, 1, 1, 2, 14, 8, 4, 30, 1, 2, 3, 19, 0, 0, 0, 0, 0, 0, 0, 0, 0, 0, 0, 0, 0, 0, 0, 0, 0, 0, 0, : 13, 3, 9, 1, 2, 4, 15, 2, 2, 4, 1, 1, 2, 14, 8, 4, 30, 1, 2, 3, 19, 
85: 5, 8, 6, 2, 11, 3, 25, 8, 14, 10, 2, 6, 8, 2, 2, 3, 8, 10, 2, 2, 12, 5, 3, 0, 0, 0, 0, 0, 0, 0, 0, 0, 0, 0, 0, 0, 0, 0, 0, 0, : 5, 8, 6, 2, 11, 3, 25, 8, 14, 10, 2, 6, 8, 2, 2, 3, 8, 10, 2, 2, 12, 5, 3, 
86: 1, 4, 25, 1, 7, 7, 4, 3, 5, 1, 15, 6, 2, 2, 5, 0, 0, 0, 0, 0, 0, 0, 0, 0, 0, 0, 0, 0, 0, 0, 0, 0, 0, 0, 0, 0, 0, 0, 0, 0, : 1, 4, 25, 1, 7, 7, 4, 3, 5, 1, 15, 6, 2, 2, 5, 
87: 23, 4, 2, 2, 2, 7, 1, 38, 6, 1, 19, 8, 8, 2, 5, 8, 26, 13, 10, 2, 13, 14, 1, 4, 7, 3, 1, 15, 0, 0, 0, 0, 0, 0, 0, 0, 0, 0, 0, 0, : 23, 4, 2, 2, 2, 7, 1, 38, 6, 1, 19, 8, 8, 2, 5, 8, 26, 13, 10, 2, 13, 14, 1, 4, 7, 3, 1, 15, 
88: 38, 2, 7, 2, 29, 2, 18, 2, 1, 8, 19, 15, 2, 14, 7, 5, 0, 0, 0, 0, 0, 0, 0, 0, 0, 0, 0, 0, 0, 0, 0, 0, 0, 0, 0, 0, 0, 0, 0, 0, : 38, 2, 7, 2, 29, 2, 18, 2, 1, 8, 19, 15, 2, 14, 7, 5, 
89: 4, 14, 32, 1, 1, 6, 4, 6, 17, 6, 3, 4, 5, 1, 8, 9, 4, 10, 4, 14, 3, 8, 7, 11, 0, 0, 0, 0, 0, 0, 0, 0, 0, 0, 0, 0, 0, 0, 0, 0, : 4, 14, 32, 1, 1, 6, 4, 6, 17, 6, 3, 4, 5, 1, 8, 9, 4, 10, 4, 14, 3, 8, 7, 11, 
90: 11, 6, 4, 16, 2, 7, 1, 1, 1, 11, 21, 18, 5, 18, 25, 4, 4, 10, 11, 1, 14, 5, 0, 0, 0, 0, 0, 0, 0, 0, 0, 0, 0, 0, 0, 0, 0, 0, 0, 0, : 11, 6, 4, 16, 2, 7, 1, 1, 1, 11, 21, 18, 5, 18, 25, 4, 4, 10, 11, 1, 14, 5, 
91: 1, 2, 21, 1, 8, 5, 24, 3, 31, 2, 20, 7, 4, 1, 16, 29, 6, 2, 4, 3, 3, 12, 3, 1, 2, 0, 0, 0, 0, 0, 0, 0, 0, 0, 0, 0, 0, 0, 0, 0, : 1, 2, 21, 1, 8, 5, 24, 3, 31, 2, 20, 7, 4, 1, 16, 29, 6, 2, 4, 3, 3, 12, 3, 1, 2, 
92: 3, 2, 11, 4, 8, 13, 12, 2, 1, 3, 3, 30, 1, 23, 7, 2, 1, 4, 7, 6, 0, 0, 0, 0, 0, 0, 0, 0, 0, 0, 0, 0, 0, 0, 0, 0, 0, 0, 0, 0, : 3, 2, 11, 4, 8, 13, 12, 2, 1, 3, 3, 30, 1, 23, 7, 2, 1, 4, 7, 6, 
93: 18, 15, 16, 25, 8, 1, 5, 12, 9, 38, 3, 11, 16, 8, 4, 8, 10, 0, 0, 0, 0, 0, 0, 0, 0, 0, 0, 0, 0, 0, 0, 0, 0, 0, 0, 0, 0, 0, 0, 0, : 18, 15, 16, 25, 8, 1, 5, 12, 9, 38, 3, 11, 16, 8, 4, 8, 10, 
94: 28, 2, 1, 17, 2, 2, 3, 5, 5, 3, 1, 2, 8, 3, 4, 15, 1, 6, 6, 1, 0, 0, 0, 0, 0, 0, 0, 0, 0, 0, 0, 0, 0, 0, 0, 0, 0, 0, 0, 0, : 28, 2, 1, 17, 2, 2, 3, 5, 5, 3, 1, 2, 8, 3, 4, 15, 1, 6, 6, 1, 
95: 5, 4, 3, 14, 4, 6, 6, 5, 2, 3, 29, 6, 5, 1, 1, 4, 14, 4, 0, 0, 0, 0, 0, 0, 0, 0, 0, 0, 0, 0, 0, 0, 0, 0, 0, 0, 0, 0, 0, 0, : 5, 4, 3, 14, 4, 6, 6, 5, 2, 3, 29, 6, 5, 1, 1, 4, 14, 4, 
96: 1, 2, 2, 7, 1, 4, 18, 6, 2, 3, 21, 4, 1, 7, 14, 5, 22, 3, 1, 11, 8, 16, 0, 0, 0, 0, 0, 0, 0, 0, 0, 0, 0, 0, 0, 0, 0, 0, 0, 0, : 1, 2, 2, 7, 1, 4, 18, 6, 2, 3, 21, 4, 1, 7, 14, 5, 22, 3, 1, 11, 8, 16, 
97: 4, 16, 4, 2, 8, 4, 4, 6, 8, 8, 22, 10, 3, 1, 2, 4, 11, 26, 6, 11, 0, 0, 0, 0, 0, 0, 0, 0, 0, 0, 0, 0, 0, 0, 0, 0, 0, 0, 0, 0, : 4, 16, 4, 2, 8, 4, 4, 6, 8, 8, 22, 10, 3, 1, 2, 4, 11, 26, 6, 11, 
98: 1, 2, 2, 8, 11, 1, 1, 3, 21, 18, 31, 6, 17, 8, 3, 17, 5, 0, 0, 0, 0, 0, 0, 0, 0, 0, 0, 0, 0, 0, 0, 0, 0, 0, 0, 0, 0, 0, 0, 0, : 1, 2, 2, 8, 11, 1, 1, 3, 21, 18, 31, 6, 17, 8, 3, 17, 5, 
99: 10, 9, 7, 1, 7, 19, 5, 8, 1, 3, 13, 11, 6, 1, 2, 1, 17, 1, 6, 3, 7, 1, 0, 0, 0, 0, 0, 0, 0, 0, 0, 0, 0, 0, 0, 0, 0, 0, 0, 0, : 10, 9, 7, 1, 7, 19, 5, 8, 1, 3, 13, 11, 6, 1, 2, 1, 17, 1, 6, 3, 7, 1, 
100: 36, 11, 6, 20, 5, 9, 8, 10, 1, 1, 24, 6, 1, 20, 2, 3, 1, 5, 26, 1, 2, 3, 8, 4, 2, 15, 2, 0, 0, 0, 0, 0, 0, 0, 0, 0, 0, 0, 0, 0, : 36, 11, 6, 20, 5, 9, 8, 10, 1, 1, 24, 6, 1, 20, 2, 3, 1, 5, 26, 1, 2, 3, 8, 4, 2, 15, 2, 


