80
20
1: 2, 8, 7, 5, 16, 4, 1, 3, 8, 7, 1, 15, 28, 7, 4, 17, 7, 3, 6, 13, 3, 19, 18, 21, 19, 7, 4, 4, 3, 2, 4, 5, 1, 19, 7, 1, 5, 2, 1, 30, 20, 19, 7, 31, 6, 13, 16, 0, 0, 0, 0, 0, 0, 0, 0, 0, 0, 0, 0, 0, 0, 0, 0, 0, 0, 0, 0, 0, 0, 0, 0, 0, 0, 0, 0, 0, 0, 0, 0, 0, : 2, 8, 7, 5, 16, 4, 1, 3, 8, 7, 1, 15, 28, 7, 4, 17, 7, 3, 6, 13, 3, 19, 18, 21, 19, 7, 4, 4, 3, 2, 4, 5, 1, 19, 7, 1, 5, 2, 1, 30, 20, 19, 7, 31, 6, 13, 16, 
2: 1, 1, 10, 6, 11, 17, 6, 2, 1, 3, 9, 2, 1, 7, 4, 13, 8, 2, 10, 3, 21, 14, 14, 17, 2, 15, 2, 3, 4, 16, 3, 2, 1, 8, 8, 18, 22, 3, 6, 1, 15, 27, 20, 4, 1, 10, 7, 0, 0, 0, 0, 0, 0, 0, 0, 0, 0, 0, 0, 0, 0, 0, 0, 0, 0, 0, 0, 0, 0, 0, 0, 0, 0, 0, 0, 0, 0, 0, 0, 0, : 1, 1, 10, 6, 11, 17, 6, 2, 1, 3, 9, 2, 1, 7, 4, 13, 8, 2, 10, 3, 21, 14, 14, 17, 2, 15, 2, 3, 4, 16, 3, 2, 1, 8, 8, 18, 22, 3, 6, 1, 15, 27, 20, 4, 1, 10, 7, 
3: 2, 13, 1, 28, 5, 26, 2, 8, 1, 11, 1, 1, 4, 4, 3, 30, 6, 11, 11, 7, 2, 7, 8, 1, 2, 2, 1, 0, 0, 0, 0, 0, 0, 0, 0, 0, 0, 0, 0, 0, 0, 0, 0, 0, 0, 0, 0, 0, 0, 0, 0, 0, 0, 0, 0, 0, 0, 0, 0, 0, 0, 0, 0, 0, 0, 0, 0, 0, 0, 0, 0, 0, 0, 0, 0, 0, 0, 0, 0, 0, : 2, 13, 1, 28, 5, 26, 2, 8, 1, 11, 1, 1, 4, 4, 3, 30, 6, 11, 11, 7, 2, 7, 8, 1, 2, 2, 1, 
4: 5, 8, 3, 11, 5, 1, 8, 1, 7, 17, 7, 3, 1, 22, 2, 5, 4, 3, 18, 17, 2, 2, 23, 16, 1, 32, 4, 1, 4, 11, 2, 10, 1, 21, 7, 38, 8, 17, 1, 4, 2, 10, 10, 26, 2, 9, 14, 19, 0, 0, 0, 0, 0, 0, 0, 0, 0, 0, 0, 0, 0, 0, 0, 0, 0, 0, 0, 0, 0, 0, 0, 0, 0, 0, 0, 0, 0, 0, 0, 0, : 5, 8, 3, 11, 5, 1, 8, 1, 7, 17, 7, 3, 1, 22, 2, 5, 4, 3, 18, 17, 2, 2, 23, 16, 1, 32, 4, 1, 4, 11, 2, 10, 1, 21, 7, 38, 8, 17, 1, 4, 2, 10, 10, 26, 2, 9, 14, 19, 
5: 8, 2, 32, 1, 7, 5, 11, 3, 1, 2, 18, 4, 11, 3, 2, 19, 5, 10, 7, 6, 12, 9, 12, 3, 24, 27, 1, 29, 21, 2, 5, 6, 4, 1, 4, 11, 7, 7, 20, 3, 32, 22, 3, 0, 0, 0, 0, 0, 0, 0, 0, 0, 0, 0, 0, 0, 0, 0, 0, 0, 0, 0, 0, 0, 0, 0, 0, 0, 0, 0, 0, 0, 0, 0, 0, 0, 0, 0, 0, 0, : 8, 2, 32, 1, 7, 5, 11, 3, 1, 2, 18, 4, 11, 3, 2, 19, 5, 10, 7, 6, 12, 9, 12, 3, 24, 27, 1, 29, 21, 2, 5, 6, 4, 1, 4, 11, 7, 7, 20, 3, 32, 22, 3, 
6: 33, 27, 10, 2, 9, 4, 10, 2, 3, 2, 21, 1, 1, 3, 13, 5, 4, 6, 14, 2, 5, 4, 2, 28, 5, 11, 5, 22, 7, 2, 16, 4, 6, 1, 7, 1, 10, 7, 13, 9, 20, 11, 3, 3, 9, 3, 17, 15, 2, 3, 6, 6, 2, 1, 5, 12, 5, 22, 0, 0, 0, 0, 0, 0, 0, 0, 0, 0, 0, 0, 0, 0, 0, 0, 0, 0, 0, 0, 0, 0, : 33, 27, 10, 2, 9, 4, 10, 2, 3, 2, 21, 1, 1, 3, 13, 5, 4, 6, 14, 2, 5, 4, 2, 28, 5, 11, 5, 22, 7, 2, 16, 4, 6, 1, 7, 1, 10, 7, 13, 9, 20, 11, 3, 3, 9, 3, 17, 15, 2, 3, 6, 6, 2, 1, 5, 12, 5, 22, 
7: 1, 9, 6, 7, 2, 2, 2, 1, 1, 6, 1, 4, 6, 19, 1, 9, 2, 20, 11, 2, 1, 5, 2, 25, 25, 0, 0, 0, 0, 0, 0, 0, 0, 0, 0, 0, 0, 0, 0, 0, 0, 0, 0, 0, 0, 0, 0, 0, 0, 0, 0, 0, 0, 0, 0, 0, 0, 0, 0, 0, 0, 0, 0, 0, 0, 0, 0, 0, 0, 0, 0, 0, 0, 0, 0, 0, 0, 0, 0, 0, : 1, 9, 6, 7, 2, 2, 2, 1, 1, 6, 1, 4, 6, 19, 1, 9, 2, 20, 11, 2, 1, 5, 2, 25, 25, 
8: 10, 1, 3, 8, 5, 15, 15, 10, 23, 22, 8, 28, 3, 11, 1, 2, 1, 21, 3, 3, 5, 4, 15, 14, 7, 4, 9, 6, 9, 2, 12, 1, 1, 12, 18, 19, 17, 3, 19, 8, 0, 0, 0, 0, 0, 0, 0, 0, 0, 0, 0, 0, 0, 0, 0, 0, 0, 0, 0, 0, 0, 0, 0, 0, 0, 0, 0, 0, 0, 0, 0, 0, 0, 0, 0, 0, 0, 0, 0, 0, : 10, 1, 3, 8, 5, 15, 15, 10, 23, 22, 8, 28, 3, 11, 1, 2, 1, 21, 3, 3, 5, 4, 15, 14, 7, 4, 9, 6, 9, 2, 12, 1, 1, 12, 18, 19, 17, 3, 19, 8, 
9: 2, 10, 23, 1, 3, 17, 2, 1, 1, 6, 3, 3, 7, 5, 32, 2, 1, 11, 15, 12, 4, 2, 9, 7, 10, 2, 2, 3, 32, 5, 3, 11, 5, 4, 0, 0, 0, 0, 0, 0, 0, 0, 0, 0, 0, 0, 0, 0, 0, 0, 0, 0, 0, 0, 0, 0, 0, 0, 0, 0, 0, 0, 0, 0, 0, 0, 0, 0, 0, 0, 0, 0, 0, 0, 0, 0, 0, 0, 0, 0, : 2, 10, 23, 1, 3, 17, 2, 1, 1, 6, 3, 3, 7, 5, 32, 2, 1, 11, 15, 12, 4, 2, 9, 7, 10, 2, 2, 3, 32, 5, 3, 11, 5, 4, 
10: 8, 4, 1, 6, 19, 3, 12, 3, 6, 2, 4, 2, 7, 12, 15, 1, 15, 4, 7, 6, 7, 14, 5, 35, 19, 9, 13, 3, 10, 3, 4, 8, 27, 5, 3, 5, 26, 21, 23, 2, 3, 11, 2, 0, 0, 0, 0, 0, 0, 0, 0, 0, 0, 0, 0, 0, 0, 0, 0, 0, 0, 0, 0, 0, 0, 0, 0, 0, 0, 0, 0, 0, 0, 0, 0, 0, 0, 0, 0, 0, : 8, 4, 1, 6, 19, 3, 12, 3, 6, 2, 4, 2, 7, 12, 15, 1, 15, 4, 7, 6, 7, 14, 5, 35, 19, 9, 13, 3, 10, 3, 4, 8, 27, 5, 3, 5, 26, 21, 23, 2, 3, 11, 2, 
11: 7, 7, 2, 5, 24, 2, 14, 1, 16, 4, 3, 9, 3, 2, 16, 11, 2, 5, 24, 6, 7, 2, 5, 3, 2, 26, 1, 8, 8, 2, 5, 27, 3, 6, 0, 0, 0, 0, 0, 0, 0, 0, 0, 0, 0, 0, 0, 0, 0, 0, 0, 0, 0, 0, 0, 0, 0, 0, 0, 0, 0, 0, 0, 0, 0, 0, 0, 0, 0, 0, 0, 0, 0, 0, 0, 0, 0, 0, 0, 0, : 7, 7, 2, 5, 24, 2, 14, 1, 16, 4, 3, 9, 3, 2, 16, 11, 2, 5, 24, 6, 7, 2, 5, 3, 2, 26, 1, 8, 8, 2, 5, 27, 3, 6, 
12: 5, 8, 5, 22, 4, 1, 3, 12, 14, 2, 3, 7, 5, 16, 4, 6, 10, 4, 10, 5, 24, 4, 3, 19, 2, 6, 4, 8, 20, 17, 16, 9, 4, 2, 13, 26, 6, 1, 1, 8, 10, 6, 18, 16, 10, 9, 9, 1, 7, 15, 0, 0, 0, 0, 0, 0, 0, 0, 0, 0, 0, 0, 0, 0, 0, 0, 0, 0, 0, 0, 0, 0, 0, 0, 0, 0, 0, 0, 0, 0, : 5, 8, 5, 22, 4, 1, 3, 12, 14, 2, 3, 7, 5, 16, 4, 6, 10, 4, 10, 5, 24, 4, 3, 19, 2, 6, 4, 8, 20, 17, 16, 9, 4, 2, 13, 26, 6, 1, 1, 8, 10, 6, 18, 16, 10, 9, 9, 1, 7, 15, 
13: 8, 17, 13, 16, 6, 9, 11, 8, 10, 8, 20, 8, 22, 3, 5, 14, 8, 10, 15, 11, 3, 5, 2, 11, 3, 2, 18, 8, 11, 4, 5, 2, 7, 31, 10, 7, 8, 2, 2, 4, 13, 10, 16, 10, 1, 22, 4, 5, 0, 0, 0, 0, 0, 0, 0, 0, 0, 0, 0, 0, 0, 0, 0, 0, 0, 0, 0, 0, 0, 0, 0, 0, 0, 0, 0, 0, 0, 0, 0, 0, : 8, 17, 13, 16, 6, 9, 11, 8, 10, 8, 20, 8, 22, 3, 5, 14, 8, 10, 15, 11, 3, 5, 2, 11, 3, 2, 18, 8, 11, 4, 5, 2, 7, 31, 10, 7, 8, 2, 2, 4, 13, 10, 16, 10, 1, 22, 4, 5, 
14: 14, 33, 1, 2, 2, 2, 1, 9, 2, 4, 8, 6, 1, 2, 26, 1, 8, 22, 20, 2, 22, 2, 2, 2, 1, 11, 5, 1, 9, 16, 4, 0, 0, 0, 0, 0, 0, 0, 0, 0, 0, 0, 0, 0, 0, 0, 0, 0, 0, 0, 0, 0, 0, 0, 0, 0, 0, 0, 0, 0, 0, 0, 0, 0, 0, 0, 0, 0, 0, 0, 0, 0, 0, 0, 0, 0, 0, 0, 0, 0, : 14, 33, 1, 2, 2, 2, 1, 9, 2, 4, 8, 6, 1, 2, 26, 1, 8, 22, 20, 2, 22, 2, 2, 2, 1, 11, 5, 1, 9, 16, 4, 
15: 2, 1, 9, 2, 5, 8, 12, 1, 3, 10, 19, 4, 13, 3, 1, 2, 10, 6, 3, 35, 11, 3, 23, 5, 4, 9, 5, 1, 6, 3, 13, 6, 5, 5, 1, 0, 0, 0, 0, 0, 0, 0, 0, 0, 0, 0, 0, 0, 0, 0, 0, 0, 0, 0, 0, 0, 0, 0, 0, 0, 0, 0, 0, 0, 0, 0, 0, 0, 0, 0, 0, 0, 0, 0, 0, 0, 0, 0, 0, 0, : 2, 1, 9, 2, 5, 8, 12, 1, 3, 10, 19, 4, 13, 3, 1, 2, 10, 6, 3, 35, 11, 3, 23, 5, 4, 9, 5, 1, 6, 3, 13, 6, 5, 5, 1, 
16: 3, 12, 15, 10, 5, 5, 1, 4, 6, 1, 1, 32, 5, 2, 3, 3, 17, 15, 1, 15, 4, 24, 5, 10, 20, 2, 10, 20, 1, 1, 1, 1, 1, 2, 4, 9, 5, 9, 11, 0, 0, 0, 0, 0, 0, 0, 0, 0, 0, 0, 0, 0, 0, 0, 0, 0, 0, 0, 0, 0, 0, 0, 0, 0, 0, 0, 0, 0, 0, 0, 0, 0, 0, 0, 0, 0, 0, 0, 0, 0, : 3, 12, 15, 10, 5, 5, 1, 4, 6, 1, 1, 32, 5, 2, 3, 3, 17, 15, 1, 15, 4, 24, 5, 10, 20, 2, 10, 20, 1, 1, 1, 1, 1, 2, 4, 9, 5, 9, 11, 
17: 6, 10, 10, 7, 6, 5, 5, 25, 1, 11, 2, 1, 4, 33, 28, 4, 3, 1, 9, 9, 4, 4, 6, 7, 1, 2, 1, 6, 2, 3, 15, 9, 1, 12, 21, 31, 0, 0, 0, 0, 0, 0, 0, 0, 0, 0, 0, 0, 0, 0, 0, 0, 0, 0, 0, 0, 0, 0, 0, 0, 0, 0, 0, 0, 0, 0, 0, 0, 0, 0, 0, 0, 0, 0, 0, 0, 0, 0, 0, 0, : 6, 10, 10, 7, 6, 5, 5, 25, 1, 11, 2, 1, 4, 33, 28, 4, 3, 1, 9, 9, 4, 4, 6, 7, 1, 2, 1, 6, 2, 3, 15, 9, 1, 12, 21, 31, 
18: 6, 4, 2, 6, 1, 2, 11, 2, 2, 11, 2, 5, 9, 4, 23, 2, 1, 1, 1, 5, 12, 3, 9, 30, 0, 0, 0, 0, 0, 0, 0, 0, 0, 0, 0, 0, 0, 0, 0, 0, 0, 0, 0, 0, 0, 0, 0, 0, 0, 0, 0, 0, 0, 0, 0, 0, 0, 0, 0, 0, 0, 0, 0, 0, 0, 0, 0, 0, 0, 0, 0, 0, 0, 0, 0, 0, 0, 0, 0, 0, : 6, 4, 2, 6, 1, 2, 11, 2, 2, 11, 2, 5, 9, 4, 23, 2, 1, 1, 1, 5, 12, 3, 9, 30, 
19: 1, 11, 1, 1, 6, 8, 28, 3, 4, 1, 4, 3, 10, 1, 3, 3, 6, 4, 24, 6, 3, 14, 4, 2, 17, 5, 16, 1, 5, 1, 4, 4, 1, 7, 1, 3, 11, 3, 0, 0, 0, 0, 0, 0, 0, 0, 0, 0, 0, 0, 0, 0, 0, 0, 0, 0, 0, 0, 0, 0, 0, 0, 0, 0, 0, 0, 0, 0, 0, 0, 0, 0, 0, 0, 0, 0, 0, 0, 0, 0, : 1, 11, 1, 1, 6, 8, 28, 3, 4, 1, 4, 3, 10, 1, 3, 3, 6, 4, 24, 6, 3, 14, 4, 2, 17, 5, 16, 1, 5, 1, 4, 4, 1, 7, 1, 3, 11, 3, 
20: 1, 4, 2, 37, 1, 1, 1, 21, 18, 23, 12, 6, 1, 1, 18, 7, 9, 10, 15, 1, 23, 10, 0, 0, 0, 0, 0, 0, 0, 0, 0, 0, 0, 0, 0, 0, 0, 0, 0, 0, 0, 0, 0, 0, 0, 0, 0, 0, 0, 0, 0, 0, 0, 0, 0, 0, 0, 0, 0, 0, 0, 0, 0, 0, 0, 0, 0, 0, 0, 0, 0, 0, 0, 0, 0, 0, 0, 0, 0, 0, : 1, 4, 2, 37, 1, 1, 1, 21, 18, 23, 12, 6, 1, 1, 18, 7, 9, 10, 15, 1, 23, 10, 


