80
80
1: 2, 16, 31, 10, 26, 8, 2, 1, 28, 1, 7, 4, 1, 1, 34, 2, 9, 1, 1, 6, 6, 2, 12, 6, 12, 3, 6, 11, 2, 3, 7, 21, 12, 1, 19, 9, 13, 1, 16, 13, 2, 15, 1, 4, 1, 3, 11, 0, 0, 0, 0, 0, 0, 0, 0, 0, 0, 0, 0, 0, 0, 0, 0, 0, 0, 0, 0, 0, 0, 0, 0, 0, 0, 0, 0, 0, 0, 0, 0, 0, : 2, 16, 31, 10, 26, 8, 2, 1, 28, 1, 7, 4, 1, 1, 34, 2, 9, 1, 1, 6, 6, 2, 12, 6, 12, 3, 6, 11, 2, 3, 7, 21, 12, 1, 19, 9, 13, 1, 16, 13, 2, 15, 1, 4, 1, 3, 11, 
2: 18, 7, 3, 15, 2, 24, 4, 6, 3, 7, 9, 7, 2, 4, 2, 24, 5, 10, 5, 16, 7, 9, 3, 3, 12, 18, 7, 9, 12, 14, 7, 10, 27, 0, 0, 0, 0, 0, 0, 0, 0, 0, 0, 0, 0, 0, 0, 0, 0, 0, 0, 0, 0, 0, 0, 0, 0, 0, 0, 0, 0, 0, 0, 0, 0, 0, 0, 0, 0, 0, 0, 0, 0, 0, 0, 0, 0, 0, 0, 0, : 18, 7, 3, 15, 2, 24, 4, 6, 3, 7, 9, 7, 2, 4, 2, 24, 5, 10, 5, 16, 7, 9, 3, 3, 12, 18, 7, 9, 12, 14, 7, 10, 27, 
3: 25, 5, 3, 32, 1, 1, 2, 5, 22, 4, 2, 5, 4, 14, 3, 15, 13, 23, 3, 1, 3, 6, 8, 3, 2, 1, 13, 2, 1, 11, 31, 11, 6, 4, 15, 5, 2, 11, 26, 4, 15, 10, 10, 1, 16, 21, 3, 1, 8, 9, 0, 0, 0, 0, 0, 0, 0, 0, 0, 0, 0, 0, 0, 0, 0, 0, 0, 0, 0, 0, 0, 0, 0, 0, 0, 0, 0, 0, 0, 0, : 25, 5, 3, 32, 1, 1, 2, 5, 22, 4, 2, 5, 4, 14, 3, 15, 13, 23, 3, 1, 3, 6, 8, 3, 2, 1, 13, 2, 1, 11, 31, 11, 6, 4, 15, 5, 2, 11, 26, 4, 15, 10, 10, 1, 16, 21, 3, 1, 8, 9, 
4: 4, 2, 14, 16, 18, 9, 3, 3, 36, 7, 5, 4, 2, 5, 1, 10, 6, 2, 18, 30, 3, 28, 4, 1, 1, 1, 19, 17, 6, 25, 1, 3, 3, 2, 1, 10, 2, 6, 9, 6, 2, 1, 1, 3, 13, 1, 5, 1, 21, 4, 8, 1, 0, 0, 0, 0, 0, 0, 0, 0, 0, 0, 0, 0, 0, 0, 0, 0, 0, 0, 0, 0, 0, 0, 0, 0, 0, 0, 0, 0, : 4, 2, 14, 16, 18, 9, 3, 3, 36, 7, 5, 4, 2, 5, 1, 10, 6, 2, 18, 30, 3, 28, 4, 1, 1, 1, 19, 17, 6, 25, 1, 3, 3, 2, 1, 10, 2, 6, 9, 6, 2, 1, 1, 3, 13, 1, 5, 1, 21, 4, 8, 1, 
5: 22, 10, 1, 3, 6, 14, 4, 4, 2, 21, 1, 11, 2, 6, 3, 2, 3, 9, 12, 14, 8, 2, 1, 2, 27, 2, 7, 6, 2, 33, 11, 2, 17, 13, 3, 0, 0, 0, 0, 0, 0, 0, 0, 0, 0, 0, 0, 0, 0, 0, 0, 0, 0, 0, 0, 0, 0, 0, 0, 0, 0, 0, 0, 0, 0, 0, 0, 0, 0, 0, 0, 0, 0, 0, 0, 0, 0, 0, 0, 0, : 22, 10, 1, 3, 6, 14, 4, 4, 2, 21, 1, 11, 2, 6, 3, 2, 3, 9, 12, 14, 8, 2, 1, 2, 27, 2, 7, 6, 2, 33, 11, 2, 17, 13, 3, 
6: 18, 19, 28, 8, 17, 23, 5, 1, 5, 24, 1, 1, 5, 3, 2, 16, 2, 8, 8, 3, 22, 4, 26, 1, 3, 23, 26, 4, 31, 2, 9, 2, 0, 0, 0, 0, 0, 0, 0, 0, 0, 0, 0, 0, 0, 0, 0, 0, 0, 0, 0, 0, 0, 0, 0, 0, 0, 0, 0, 0, 0, 0, 0, 0, 0, 0, 0, 0, 0, 0, 0, 0, 0, 0, 0, 0, 0, 0, 0, 0, : 18, 19, 28, 8, 17, 23, 5, 1, 5, 24, 1, 1, 5, 3, 2, 16, 2, 8, 8, 3, 22, 4, 26, 1, 3, 23, 26, 4, 31, 2, 9, 2, 
7: 16, 3, 4, 2, 3, 1, 8, 1, 8, 31, 32, 5, 5, 3, 9, 16, 16, 5, 10, 6, 20, 36, 10, 1, 3, 1, 23, 6, 17, 2, 5, 15, 20, 2, 14, 4, 3, 9, 2, 7, 4, 0, 0, 0, 0, 0, 0, 0, 0, 0, 0, 0, 0, 0, 0, 0, 0, 0, 0, 0, 0, 0, 0, 0, 0, 0, 0, 0, 0, 0, 0, 0, 0, 0, 0, 0, 0, 0, 0, 0, : 16, 3, 4, 2, 3, 1, 8, 1, 8, 31, 32, 5, 5, 3, 9, 16, 16, 5, 10, 6, 20, 36, 10, 1, 3, 1, 23, 6, 17, 2, 5, 15, 20, 2, 14, 4, 3, 9, 2, 7, 4, 
8: 3, 8, 1, 4, 1, 3, 2, 17, 13, 1, 6, 5, 6, 3, 3, 1, 26, 2, 13, 6, 7, 1, 3, 12, 3, 20, 12, 15, 31, 4, 4, 2, 11, 4, 1, 4, 19, 9, 3, 16, 10, 3, 25, 11, 2, 0, 0, 0, 0, 0, 0, 0, 0, 0, 0, 0, 0, 0, 0, 0, 0, 0, 0, 0, 0, 0, 0, 0, 0, 0, 0, 0, 0, 0, 0, 0, 0, 0, 0, 0, : 3, 8, 1, 4, 1, 3, 2, 17, 13, 1, 6, 5, 6, 3, 3, 1, 26, 2, 13, 6, 7, 1, 3, 12, 3, 20, 12, 15, 31, 4, 4, 2, 11, 4, 1, 4, 19, 9, 3, 16, 10, 3, 25, 11, 2, 
9: 3, 5, 10, 20, 2, 4, 4, 2, 1, 16, 11, 11, 10, 7, 8, 1, 28, 14, 6, 5, 6, 11, 2, 4, 6, 3, 1, 2, 4, 1, 3, 4, 24, 8, 3, 5, 13, 4, 28, 2, 2, 4, 13, 4, 18, 9, 4, 3, 4, 4, 18, 2, 0, 0, 0, 0, 0, 0, 0, 0, 0, 0, 0, 0, 0, 0, 0, 0, 0, 0, 0, 0, 0, 0, 0, 0, 0, 0, 0, 0, : 3, 5, 10, 20, 2, 4, 4, 2, 1, 16, 11, 11, 10, 7, 8, 1, 28, 14, 6, 5, 6, 11, 2, 4, 6, 3, 1, 2, 4, 1, 3, 4, 24, 8, 3, 5, 13, 4, 28, 2, 2, 4, 13, 4, 18, 9, 4, 3, 4, 4, 18, 2, 
10: 8, 17, 11, 5, 18, 6, 2, 4, 6, 15, 4, 3, 3, 1, 20, 9, 1, 6, 5, 5, 6, 2, 5, 7, 8, 6, 3, 1, 21, 11, 0, 0, 0, 0, 0, 0, 0, 0, 0, 0, 0, 0, 0, 0, 0, 0, 0, 0, 0, 0, 0, 0, 0, 0, 0, 0, 0, 0, 0, 0, 0, 0, 0, 0, 0, 0, 0, 0, 0, 0, 0, 0, 0, 0, 0, 0, 0, 0, 0, 0, : 8, 17, 11, 5, 18, 6, 2, 4, 6, 15, 4, 3, 3, 1, 20, 9, 1, 6, 5, 5, 6, 2, 5, 7, 8, 6, 3, 1, 21, 11, 
11: 4, 10, 3, 7, 4, 26, 9, 7, 16, 3, 13, 13, 1, 4, 10, 1, 24, 11, 2, 15, 3, 6, 3, 26, 17, 4, 4, 18, 15, 24, 20, 6, 28, 4, 6, 2, 10, 7, 12, 13, 2, 23, 5, 18, 2, 4, 3, 1, 0, 0, 0, 0, 0, 0, 0, 0, 0, 0, 0, 0, 0, 0, 0, 0, 0, 0, 0, 0, 0, 0, 0, 0, 0, 0, 0, 0, 0, 0, 0, 0, : 4, 10, 3, 7, 4, 26, 9, 7, 16, 3, 13, 13, 1, 4, 10, 1, 24, 11, 2, 15, 3, 6, 3, 26, 17, 4, 4, 18, 15, 24, 20, 6, 28, 4, 6, 2, 10, 7, 12, 13, 2, 23, 5, 18, 2, 4, 3, 1, 
12: 7, 8, 1, 3, 6, 5, 17, 14, 1, 1, 2, 2, 10, 1, 5, 4, 21, 11, 2, 4, 8, 4, 23, 6, 14, 2, 11, 3, 13, 21, 3, 12, 5, 3, 1, 9, 18, 3, 16, 27, 3, 0, 0, 0, 0, 0, 0, 0, 0, 0, 0, 0, 0, 0, 0, 0, 0, 0, 0, 0, 0, 0, 0, 0, 0, 0, 0, 0, 0, 0, 0, 0, 0, 0, 0, 0, 0, 0, 0, 0, : 7, 8, 1, 3, 6, 5, 17, 14, 1, 1, 2, 2, 10, 1, 5, 4, 21, 11, 2, 4, 8, 4, 23, 6, 14, 2, 11, 3, 13, 21, 3, 12, 5, 3, 1, 9, 18, 3, 16, 27, 3, 
13: 5, 2, 10, 2, 5, 29, 27, 17, 1, 16, 15, 15, 1, 16, 2, 3, 9, 10, 2, 15, 2, 1, 5, 2, 3, 3, 1, 2, 1, 12, 3, 7, 5, 3, 3, 1, 1, 22, 1, 11, 5, 3, 5, 5, 18, 8, 1, 10, 0, 0, 0, 0, 0, 0, 0, 0, 0, 0, 0, 0, 0, 0, 0, 0, 0, 0, 0, 0, 0, 0, 0, 0, 0, 0, 0, 0, 0, 0, 0, 0, : 5, 2, 10, 2, 5, 29, 27, 17, 1, 16, 15, 15, 1, 16, 2, 3, 9, 10, 2, 15, 2, 1, 5, 2, 3, 3, 1, 2, 1, 12, 3, 7, 5, 3, 3, 1, 1, 22, 1, 11, 5, 3, 5, 5, 18, 8, 1, 10, 
14: 1, 2, 13, 4, 1, 7, 1, 2, 5, 1, 24, 10, 4, 6, 26, 11, 22, 6, 4, 19, 6, 2, 13, 6, 3, 7, 2, 0, 0, 0, 0, 0, 0, 0, 0, 0, 0, 0, 0, 0, 0, 0, 0, 0, 0, 0, 0, 0, 0, 0, 0, 0, 0, 0, 0, 0, 0, 0, 0, 0, 0, 0, 0, 0, 0, 0, 0, 0, 0, 0, 0, 0, 0, 0, 0, 0, 0, 0, 0, 0, : 1, 2, 13, 4, 1, 7, 1, 2, 5, 1, 24, 10, 4, 6, 26, 11, 22, 6, 4, 19, 6, 2, 13, 6, 3, 7, 2, 
15: 28, 1, 1, 5, 2, 11, 13, 12, 6, 4, 2, 3, 15, 2, 4, 21, 1, 2, 9, 3, 9, 3, 26, 2, 1, 2, 7, 11, 9, 16, 7, 0, 0, 0, 0, 0, 0, 0, 0, 0, 0, 0, 0, 0, 0, 0, 0, 0, 0, 0, 0, 0, 0, 0, 0, 0, 0, 0, 0, 0, 0, 0, 0, 0, 0, 0, 0, 0, 0, 0, 0, 0, 0, 0, 0, 0, 0, 0, 0, 0, : 28, 1, 1, 5, 2, 11, 13, 12, 6, 4, 2, 3, 15, 2, 4, 21, 1, 2, 9, 3, 9, 3, 26, 2, 1, 2, 7, 11, 9, 16, 7, 
16: 7, 1, 4, 1, 30, 2, 5, 17, 7, 15, 14, 3, 11, 4, 13, 5, 5, 31, 11, 25, 1, 11, 14, 1, 24, 9, 14, 9, 19, 15, 1, 19, 16, 2, 21, 10, 8, 1, 12, 4, 3, 5, 2, 2, 2, 3, 2, 26, 5, 29, 1, 0, 0, 0, 0, 0, 0, 0, 0, 0, 0, 0, 0, 0, 0, 0, 0, 0, 0, 0, 0, 0, 0, 0, 0, 0, 0, 0, 0, 0, : 7, 1, 4, 1, 30, 2, 5, 17, 7, 15, 14, 3, 11, 4, 13, 5, 5, 31, 11, 25, 1, 11, 14, 1, 24, 9, 14, 9, 19, 15, 1, 19, 16, 2, 21, 10, 8, 1, 12, 4, 3, 5, 2, 2, 2, 3, 2, 26, 5, 29, 1, 
17: 8, 21, 12, 2, 24, 1, 8, 5, 6, 4, 18, 21, 3, 9, 19, 7, 11, 10, 1, 17, 1, 4, 27, 14, 7, 4, 10, 14, 16, 15, 7, 30, 12, 19, 2, 0, 0, 0, 0, 0, 0, 0, 0, 0, 0, 0, 0, 0, 0, 0, 0, 0, 0, 0, 0, 0, 0, 0, 0, 0, 0, 0, 0, 0, 0, 0, 0, 0, 0, 0, 0, 0, 0, 0, 0, 0, 0, 0, 0, 0, : 8, 21, 12, 2, 24, 1, 8, 5, 6, 4, 18, 21, 3, 9, 19, 7, 11, 10, 1, 17, 1, 4, 27, 14, 7, 4, 10, 14, 16, 15, 7, 30, 12, 19, 2, 
18: 31, 6, 7, 7, 9, 9, 17, 24, 3, 22, 16, 1, 1, 2, 27, 4, 10, 4, 3, 4, 24, 19, 7, 10, 1, 9, 4, 7, 4, 18, 11, 26, 3, 15, 13, 4, 20, 10, 7, 27, 4, 10, 1, 5, 23, 5, 15, 2, 0, 0, 0, 0, 0, 0, 0, 0, 0, 0, 0, 0, 0, 0, 0, 0, 0, 0, 0, 0, 0, 0, 0, 0, 0, 0, 0, 0, 0, 0, 0, 0, : 31, 6, 7, 7, 9, 9, 17, 24, 3, 22, 16, 1, 1, 2, 27, 4, 10, 4, 3, 4, 24, 19, 7, 10, 1, 9, 4, 7, 4, 18, 11, 26, 3, 15, 13, 4, 20, 10, 7, 27, 4, 10, 1, 5, 23, 5, 15, 2, 
19: 23, 4, 1, 35, 13, 7, 3, 4, 2, 2, 25, 16, 10, 1, 2, 10, 4, 8, 7, 5, 15, 1, 3, 5, 18, 7, 2, 3, 3, 6, 5, 4, 5, 6, 14, 6, 5, 1, 9, 9, 8, 1, 7, 0, 0, 0, 0, 0, 0, 0, 0, 0, 0, 0, 0, 0, 0, 0, 0, 0, 0, 0, 0, 0, 0, 0, 0, 0, 0, 0, 0, 0, 0, 0, 0, 0, 0, 0, 0, 0, : 23, 4, 1, 35, 13, 7, 3, 4, 2, 2, 25, 16, 10, 1, 2, 10, 4, 8, 7, 5, 15, 1, 3, 5, 18, 7, 2, 3, 3, 6, 5, 4, 5, 6, 14, 6, 5, 1, 9, 9, 8, 1, 7, 
20: 12, 3, 1, 6, 7, 12, 8, 6, 6, 15, 4, 13, 31, 3, 7, 3, 20, 1, 22, 4, 31, 4, 5, 4, 32, 4, 4, 17, 5, 4, 15, 23, 5, 2, 33, 7, 2, 4, 0, 0, 0, 0, 0, 0, 0, 0, 0, 0, 0, 0, 0, 0, 0, 0, 0, 0, 0, 0, 0, 0, 0, 0, 0, 0, 0, 0, 0, 0, 0, 0, 0, 0, 0, 0, 0, 0, 0, 0, 0, 0, : 12, 3, 1, 6, 7, 12, 8, 6, 6, 15, 4, 13, 31, 3, 7, 3, 20, 1, 22, 4, 31, 4, 5, 4, 32, 4, 4, 17, 5, 4, 15, 23, 5, 2, 33, 7, 2, 4, 
21: 23, 14, 5, 7, 25, 19, 2, 3, 2, 13, 5, 2, 29, 11, 5, 6, 15, 5, 2, 27, 4, 13, 20, 7, 13, 4, 3, 4, 10, 21, 25, 10, 2, 10, 0, 0, 0, 0, 0, 0, 0, 0, 0, 0, 0, 0, 0, 0, 0, 0, 0, 0, 0, 0, 0, 0, 0, 0, 0, 0, 0, 0, 0, 0, 0, 0, 0, 0, 0, 0, 0, 0, 0, 0, 0, 0, 0, 0, 0, 0, : 23, 14, 5, 7, 25, 19, 2, 3, 2, 13, 5, 2, 29, 11, 5, 6, 15, 5, 2, 27, 4, 13, 20, 7, 13, 4, 3, 4, 10, 21, 25, 10, 2, 10, 
22: 8, 9, 8, 13, 3, 10, 4, 2, 4, 2, 1, 6, 7, 6, 1, 6, 2, 6, 27, 8, 5, 27, 1, 6, 12, 6, 2, 1, 13, 16, 8, 10, 9, 2, 7, 25, 2, 0, 0, 0, 0, 0, 0, 0, 0, 0, 0, 0, 0, 0, 0, 0, 0, 0, 0, 0, 0, 0, 0, 0, 0, 0, 0, 0, 0, 0, 0, 0, 0, 0, 0, 0, 0, 0, 0, 0, 0, 0, 0, 0, : 8, 9, 8, 13, 3, 10, 4, 2, 4, 2, 1, 6, 7, 6, 1, 6, 2, 6, 27, 8, 5, 27, 1, 6, 12, 6, 2, 1, 13, 16, 8, 10, 9, 2, 7, 25, 2, 
23: 6, 7, 8, 2, 3, 39, 12, 3, 30, 3, 26, 2, 2, 7, 2, 15, 6, 7, 8, 2, 5, 12, 29, 15, 10, 3, 2, 1, 3, 2, 3, 3, 22, 22, 15, 9, 4, 6, 1, 0, 0, 0, 0, 0, 0, 0, 0, 0, 0, 0, 0, 0, 0, 0, 0, 0, 0, 0, 0, 0, 0, 0, 0, 0, 0, 0, 0, 0, 0, 0, 0, 0, 0, 0, 0, 0, 0, 0, 0, 0, : 6, 7, 8, 2, 3, 39, 12, 3, 30, 3, 26, 2, 2, 7, 2, 15, 6, 7, 8, 2, 5, 12, 29, 15, 10, 3, 2, 1, 3, 2, 3, 3, 22, 22, 15, 9, 4, 6, 1, 
24: 2, 7, 7, 8, 5, 7, 1, 3, 8, 5, 1, 8, 3, 21, 1, 8, 4, 26, 4, 4, 13, 5, 2, 6, 14, 29, 2, 6, 10, 6, 0, 0, 0, 0, 0, 0, 0, 0, 0, 0, 0, 0, 0, 0, 0, 0, 0, 0, 0, 0, 0, 0, 0, 0, 0, 0, 0, 0, 0, 0, 0, 0, 0, 0, 0, 0, 0, 0, 0, 0, 0, 0, 0, 0, 0, 0, 0, 0, 0, 0, : 2, 7, 7, 8, 5, 7, 1, 3, 8, 5, 1, 8, 3, 21, 1, 8, 4, 26, 4, 4, 13, 5, 2, 6, 14, 29, 2, 6, 10, 6, 
25: 7, 19, 16, 4, 3, 5, 30, 9, 1, 10, 4, 3, 1, 30, 3, 6, 2, 1, 13, 1, 24, 14, 5, 3, 1, 8, 1, 12, 11, 5, 9, 1, 3, 4, 14, 4, 7, 2, 15, 1, 0, 0, 0, 0, 0, 0, 0, 0, 0, 0, 0, 0, 0, 0, 0, 0, 0, 0, 0, 0, 0, 0, 0, 0, 0, 0, 0, 0, 0, 0, 0, 0, 0, 0, 0, 0, 0, 0, 0, 0, : 7, 19, 16, 4, 3, 5, 30, 9, 1, 10, 4, 3, 1, 30, 3, 6, 2, 1, 13, 1, 24, 14, 5, 3, 1, 8, 1, 12, 11, 5, 9, 1, 3, 4, 14, 4, 7, 2, 15, 1, 
26: 33, 3, 3, 6, 9, 7, 31, 3, 1, 13, 3, 10, 5, 35, 3, 7, 1, 1, 3, 1, 33, 3, 5, 20, 19, 2, 4, 5, 2, 9, 6, 4, 4, 7, 27, 21, 5, 3, 16, 19, 20, 37, 0, 0, 0, 0, 0, 0, 0, 0, 0, 0, 0, 0, 0, 0, 0, 0, 0, 0, 0, 0, 0, 0, 0, 0, 0, 0, 0, 0, 0, 0, 0, 0, 0, 0, 0, 0, 0, 0, : 33, 3, 3, 6, 9, 7, 31, 3, 1, 13, 3, 10, 5, 35, 3, 7, 1, 1, 3, 1, 33, 3, 5, 20, 19, 2, 4, 5, 2, 9, 6, 4, 4, 7, 27, 21, 5, 3, 16, 19, 20, 37, 
27: 2, 12, 7, 4, 1, 4, 1, 2, 1, 15, 1, 7, 3, 4, 6, 3, 4, 2, 16, 27, 1, 17, 21, 8, 8, 15, 4, 18, 2, 1, 1, 2, 21, 6, 4, 2, 2, 0, 0, 0, 0, 0, 0, 0, 0, 0, 0, 0, 0, 0, 0, 0, 0, 0, 0, 0, 0, 0, 0, 0, 0, 0, 0, 0, 0, 0, 0, 0, 0, 0, 0, 0, 0, 0, 0, 0, 0, 0, 0, 0, : 2, 12, 7, 4, 1, 4, 1, 2, 1, 15, 1, 7, 3, 4, 6, 3, 4, 2, 16, 27, 1, 17, 21, 8, 8, 15, 4, 18, 2, 1, 1, 2, 21, 6, 4, 2, 2, 
28: 1, 2, 2, 9, 2, 4, 7, 6, 16, 26, 2, 3, 7, 3, 7, 27, 1, 2, 11, 3, 4, 1, 4, 1, 2, 15, 6, 8, 3, 5, 24, 28, 5, 1, 26, 0, 0, 0, 0, 0, 0, 0, 0, 0, 0, 0, 0, 0, 0, 0, 0, 0, 0, 0, 0, 0, 0, 0, 0, 0, 0, 0, 0, 0, 0, 0, 0, 0, 0, 0, 0, 0, 0, 0, 0, 0, 0, 0, 0, 0, : 1, 2, 2, 9, 2, 4, 7, 6, 16, 26, 2, 3, 7, 3, 7, 27, 1, 2, 11, 3, 4, 1, 4, 1, 2, 15, 6, 8, 3, 5, 24, 28, 5, 1, 26, 
29: 10, 29, 6, 6, 6, 11, 2, 4, 2, 20, 2, 13, 13, 1, 26, 7, 3, 4, 32, 18, 3, 11, 1, 4, 6, 4, 11, 3, 9, 2, 13, 17, 13, 19, 18, 13, 13, 0, 0, 0, 0, 0, 0, 0, 0, 0, 0, 0, 0, 0, 0, 0, 0, 0, 0, 0, 0, 0, 0, 0, 0, 0, 0, 0, 0, 0, 0, 0, 0, 0, 0, 0, 0, 0, 0, 0, 0, 0, 0, 0, : 10, 29, 6, 6, 6, 11, 2, 4, 2, 20, 2, 13, 13, 1, 26, 7, 3, 4, 32, 18, 3, 11, 1, 4, 6, 4, 11, 3, 9, 2, 13, 17, 13, 19, 18, 13, 13, 
30: 3, 28, 5, 33, 7, 1, 31, 15, 2, 2, 1, 1, 2, 2, 4, 2, 12, 2, 15, 2, 1, 15, 11, 2, 2, 1, 2, 0, 0, 0, 0, 0, 0, 0, 0, 0, 0, 0, 0, 0, 0, 0, 0, 0, 0, 0, 0, 0, 0, 0, 0, 0, 0, 0, 0, 0, 0, 0, 0, 0, 0, 0, 0, 0, 0, 0, 0, 0, 0, 0, 0, 0, 0, 0, 0, 0, 0, 0, 0, 0, : 3, 28, 5, 33, 7, 1, 31, 15, 2, 2, 1, 1, 2, 2, 4, 2, 12, 2, 15, 2, 1, 15, 11, 2, 2, 1, 2, 
31: 4, 16, 13, 35, 1, 26, 7, 22, 1, 1, 1, 2, 4, 15, 3, 1, 3, 5, 4, 1, 10, 3, 22, 2, 15, 23, 9, 8, 2, 4, 5, 1, 11, 4, 1, 7, 17, 12, 8, 0, 0, 0, 0, 0, 0, 0, 0, 0, 0, 0, 0, 0, 0, 0, 0, 0, 0, 0, 0, 0, 0, 0, 0, 0, 0, 0, 0, 0, 0, 0, 0, 0, 0, 0, 0, 0, 0, 0, 0, 0, : 4, 16, 13, 35, 1, 26, 7, 22, 1, 1, 1, 2, 4, 15, 3, 1, 3, 5, 4, 1, 10, 3, 22, 2, 15, 23, 9, 8, 2, 4, 5, 1, 11, 4, 1, 7, 17, 12, 8, 
32: 12, 22, 35, 23, 6, 6, 5, 2, 3, 4, 12, 6, 5, 11, 4, 11, 3, 5, 2, 9, 16, 1, 16, 10, 1, 1, 3, 12, 16, 14, 8, 3, 5, 6, 10, 5, 4, 4, 21, 8, 5, 3, 2, 3, 18, 10, 0, 0, 0, 0, 0, 0, 0, 0, 0, 0, 0, 0, 0, 0, 0, 0, 0, 0, 0, 0, 0, 0, 0, 0, 0, 0, 0, 0, 0, 0, 0, 0, 0, 0, : 12, 22, 35, 23, 6, 6, 5, 2, 3, 4, 12, 6, 5, 11, 4, 11, 3, 5, 2, 9, 16, 1, 16, 10, 1, 1, 3, 12, 16, 14, 8, 3, 5, 6, 10, 5, 4, 4, 21, 8, 5, 3, 2, 3, 18, 10, 
33: 3, 19, 2, 2, 1, 21, 8, 6, 17, 5, 1, 4, 1, 19, 2, 14, 16, 10, 4, 9, 7, 8, 3, 11, 0, 0, 0, 0, 0, 0, 0, 0, 0, 0, 0, 0, 0, 0, 0, 0, 0, 0, 0, 0, 0, 0, 0, 0, 0, 0, 0, 0, 0, 0, 0, 0, 0, 0, 0, 0, 0, 0, 0, 0, 0, 0, 0, 0, 0, 0, 0, 0, 0, 0, 0, 0, 0, 0, 0, 0, : 3, 19, 2, 2, 1, 21, 8, 6, 17, 5, 1, 4, 1, 19, 2, 14, 16, 10, 4, 9, 7, 8, 3, 11, 
34: 15, 11, 1, 1, 13, 11, 1, 6, 1, 3, 2, 5, 31, 10, 1, 4, 8, 4, 14, 2, 1, 3, 20, 1, 9, 15, 4, 12, 3, 4, 30, 21, 5, 17, 2, 12, 2, 13, 7, 8, 2, 27, 2, 29, 10, 21, 0, 0, 0, 0, 0, 0, 0, 0, 0, 0, 0, 0, 0, 0, 0, 0, 0, 0, 0, 0, 0, 0, 0, 0, 0, 0, 0, 0, 0, 0, 0, 0, 0, 0, : 15, 11, 1, 1, 13, 11, 1, 6, 1, 3, 2, 5, 31, 10, 1, 4, 8, 4, 14, 2, 1, 3, 20, 1, 9, 15, 4, 12, 3, 4, 30, 21, 5, 17, 2, 12, 2, 13, 7, 8, 2, 27, 2, 29, 10, 21, 
35: 1, 20, 2, 5, 12, 4, 6, 10, 2, 4, 21, 1, 4, 8, 1, 6, 24, 26, 2, 9, 23, 26, 4, 6, 17, 9, 10, 13, 0, 0, 0, 0, 0, 0, 0, 0, 0, 0, 0, 0, 0, 0, 0, 0, 0, 0, 0, 0, 0, 0, 0, 0, 0, 0, 0, 0, 0, 0, 0, 0, 0, 0, 0, 0, 0, 0, 0, 0, 0, 0, 0, 0, 0, 0, 0, 0, 0, 0, 0, 0, : 1, 20, 2, 5, 12, 4, 6, 10, 2, 4, 21, 1, 4, 8, 1, 6, 24, 26, 2, 9, 23, 26, 4, 6, 17, 9, 10, 13, 
36: 5, 4, 27, 21, 1, 2, 10, 5, 16, 11, 24, 15, 14, 6, 18, 5, 2, 7, 21, 26, 14, 8, 4, 1, 6, 3, 14, 9, 13, 2, 12, 1, 7, 9, 0, 0, 0, 0, 0, 0, 0, 0, 0, 0, 0, 0, 0, 0, 0, 0, 0, 0, 0, 0, 0, 0, 0, 0, 0, 0, 0, 0, 0, 0, 0, 0, 0, 0, 0, 0, 0, 0, 0, 0, 0, 0, 0, 0, 0, 0, : 5, 4, 27, 21, 1, 2, 10, 5, 16, 11, 24, 15, 14, 6, 18, 5, 2, 7, 21, 26, 14, 8, 4, 1, 6, 3, 14, 9, 13, 2, 12, 1, 7, 9, 
37: 7, 1, 1, 17, 5, 2, 5, 22, 2, 2, 8, 11, 5, 1, 3, 3, 32, 6, 1, 8, 19, 19, 3, 3, 34, 2, 5, 2, 3, 3, 11, 0, 0, 0, 0, 0, 0, 0, 0, 0, 0, 0, 0, 0, 0, 0, 0, 0, 0, 0, 0, 0, 0, 0, 0, 0, 0, 0, 0, 0, 0, 0, 0, 0, 0, 0, 0, 0, 0, 0, 0, 0, 0, 0, 0, 0, 0, 0, 0, 0, : 7, 1, 1, 17, 5, 2, 5, 22, 2, 2, 8, 11, 5, 1, 3, 3, 32, 6, 1, 8, 19, 19, 3, 3, 34, 2, 5, 2, 3, 3, 11, 
38: 1, 3, 2, 2, 26, 2, 9, 1, 16, 13, 7, 15, 17, 6, 11, 10, 20, 2, 32, 7, 2, 6, 6, 4, 3, 21, 7, 7, 9, 0, 0, 0, 0, 0, 0, 0, 0, 0, 0, 0, 0, 0, 0, 0, 0, 0, 0, 0, 0, 0, 0, 0, 0, 0, 0, 0, 0, 0, 0, 0, 0, 0, 0, 0, 0, 0, 0, 0, 0, 0, 0, 0, 0, 0, 0, 0, 0, 0, 0, 0, : 1, 3, 2, 2, 26, 2, 9, 1, 16, 13, 7, 15, 17, 6, 11, 10, 20, 2, 32, 7, 2, 6, 6, 4, 3, 21, 7, 7, 9, 
39: 1, 7, 6, 1, 12, 4, 11, 4, 2, 19, 17, 27, 2, 5, 1, 1, 3, 4, 22, 5, 14, 9, 5, 0, 0, 0, 0, 0, 0, 0, 0, 0, 0, 0, 0, 0, 0, 0, 0, 0, 0, 0, 0, 0, 0, 0, 0, 0, 0, 0, 0, 0, 0, 0, 0, 0, 0, 0, 0, 0, 0, 0, 0, 0, 0, 0, 0, 0, 0, 0, 0, 0, 0, 0, 0, 0, 0, 0, 0, 0, : 1, 7, 6, 1, 12, 4, 11, 4, 2, 19, 17, 27, 2, 5, 1, 1, 3, 4, 22, 5, 14, 9, 5, 
40: 1, 12, 3, 21, 1, 2, 1, 32, 19, 2, 3, 2, 1, 1, 23, 6, 9, 11, 2, 16, 12, 1, 5, 3, 10, 9, 2, 5, 2, 6, 12, 1, 6, 20, 27, 1, 5, 10, 3, 8, 3, 27, 0, 0, 0, 0, 0, 0, 0, 0, 0, 0, 0, 0, 0, 0, 0, 0, 0, 0, 0, 0, 0, 0, 0, 0, 0, 0, 0, 0, 0, 0, 0, 0, 0, 0, 0, 0, 0, 0, : 1, 12, 3, 21, 1, 2, 1, 32, 19, 2, 3, 2, 1, 1, 23, 6, 9, 11, 2, 16, 12, 1, 5, 3, 10, 9, 2, 5, 2, 6, 12, 1, 6, 20, 27, 1, 5, 10, 3, 8, 3, 27, 
41: 21, 1, 21, 8, 12, 23, 5, 1, 2, 20, 11, 13, 31, 5, 7, 9, 7, 20, 8, 12, 12, 12, 16, 4, 3, 3, 6, 3, 8, 5, 11, 4, 3, 12, 7, 17, 21, 17, 5, 4, 0, 0, 0, 0, 0, 0, 0, 0, 0, 0, 0, 0, 0, 0, 0, 0, 0, 0, 0, 0, 0, 0, 0, 0, 0, 0, 0, 0, 0, 0, 0, 0, 0, 0, 0, 0, 0, 0, 0, 0, : 21, 1, 21, 8, 12, 23, 5, 1, 2, 20, 11, 13, 31, 5, 7, 9, 7, 20, 8, 12, 12, 12, 16, 4, 3, 3, 6, 3, 8, 5, 11, 4, 3, 12, 7, 17, 21, 17, 5, 4, 
42: 1, 19, 2, 5, 8, 1, 1, 21, 4, 15, 3, 9, 8, 16, 20, 23, 22, 1, 6, 1, 33, 8, 2, 3, 10, 8, 19, 6, 3, 2, 10, 0, 0, 0, 0, 0, 0, 0, 0, 0, 0, 0, 0, 0, 0, 0, 0, 0, 0, 0, 0, 0, 0, 0, 0, 0, 0, 0, 0, 0, 0, 0, 0, 0, 0, 0, 0, 0, 0, 0, 0, 0, 0, 0, 0, 0, 0, 0, 0, 0, : 1, 19, 2, 5, 8, 1, 1, 21, 4, 15, 3, 9, 8, 16, 20, 23, 22, 1, 6, 1, 33, 8, 2, 3, 10, 8, 19, 6, 3, 2, 10, 
43: 1, 4, 1, 20, 12, 7, 11, 11, 9, 14, 3, 5, 1, 9, 2, 8, 3, 1, 8, 19, 3, 9, 16, 5, 4, 1, 12, 8, 6, 9, 1, 3, 8, 2, 5, 3, 18, 25, 3, 1, 4, 5, 15, 7, 11, 20, 2, 2, 1, 17, 1, 29, 20, 0, 0, 0, 0, 0, 0, 0, 0, 0, 0, 0, 0, 0, 0, 0, 0, 0, 0, 0, 0, 0, 0, 0, 0, 0, 0, 0, : 1, 4, 1, 20, 12, 7, 11, 11, 9, 14, 3, 5, 1, 9, 2, 8, 3, 1, 8, 19, 3, 9, 16, 5, 4, 1, 12, 8, 6, 9, 1, 3, 8, 2, 5, 3, 18, 25, 3, 1, 4, 5, 15, 7, 11, 20, 2, 2, 1, 17, 1, 29, 20, 
44: 7, 20, 1, 2, 1, 9, 2, 1, 2, 32, 1, 4, 9, 2, 29, 14, 29, 17, 29, 5, 3, 2, 7, 1, 28, 2, 13, 4, 18, 1, 7, 12, 14, 2, 1, 2, 10, 3, 3, 14, 3, 7, 1, 9, 2, 22, 13, 9, 0, 0, 0, 0, 0, 0, 0, 0, 0, 0, 0, 0, 0, 0, 0, 0, 0, 0, 0, 0, 0, 0, 0, 0, 0, 0, 0, 0, 0, 0, 0, 0, : 7, 20, 1, 2, 1, 9, 2, 1, 2, 32, 1, 4, 9, 2, 29, 14, 29, 17, 29, 5, 3, 2, 7, 1, 28, 2, 13, 4, 18, 1, 7, 12, 14, 2, 1, 2, 10, 3, 3, 14, 3, 7, 1, 9, 2, 22, 13, 9, 
45: 1, 21, 3, 4, 9, 5, 13, 2, 4, 7, 2, 7, 3, 15, 1, 15, 9, 6, 3, 10, 18, 5, 3, 3, 2, 18, 2, 21, 1, 12, 2, 1, 0, 0, 0, 0, 0, 0, 0, 0, 0, 0, 0, 0, 0, 0, 0, 0, 0, 0, 0, 0, 0, 0, 0, 0, 0, 0, 0, 0, 0, 0, 0, 0, 0, 0, 0, 0, 0, 0, 0, 0, 0, 0, 0, 0, 0, 0, 0, 0, : 1, 21, 3, 4, 9, 5, 13, 2, 4, 7, 2, 7, 3, 15, 1, 15, 9, 6, 3, 10, 18, 5, 3, 3, 2, 18, 2, 21, 1, 12, 2, 1, 
46: 6, 20, 3, 11, 1, 1, 6, 2, 23, 2, 1, 2, 16, 18, 7, 8, 11, 13, 1, 33, 3, 2, 7, 5, 21, 4, 16, 7, 1, 9, 8, 4, 12, 3, 9, 2, 2, 10, 7, 4, 26, 6, 6, 1, 2, 3, 0, 0, 0, 0, 0, 0, 0, 0, 0, 0, 0, 0, 0, 0, 0, 0, 0, 0, 0, 0, 0, 0, 0, 0, 0, 0, 0, 0, 0, 0, 0, 0, 0, 0, : 6, 20, 3, 11, 1, 1, 6, 2, 23, 2, 1, 2, 16, 18, 7, 8, 11, 13, 1, 33, 3, 2, 7, 5, 21, 4, 16, 7, 1, 9, 8, 4, 12, 3, 9, 2, 2, 10, 7, 4, 26, 6, 6, 1, 2, 3, 
47: 11, 7, 5, 1, 3, 21, 5, 8, 5, 6, 8, 2, 8, 6, 5, 7, 7, 19, 9, 12, 11, 1, 6, 9, 1, 29, 3, 6, 21, 7, 9, 11, 8, 5, 3, 2, 4, 4, 0, 0, 0, 0, 0, 0, 0, 0, 0, 0, 0, 0, 0, 0, 0, 0, 0, 0, 0, 0, 0, 0, 0, 0, 0, 0, 0, 0, 0, 0, 0, 0, 0, 0, 0, 0, 0, 0, 0, 0, 0, 0, : 11, 7, 5, 1, 3, 21, 5, 8, 5, 6, 8, 2, 8, 6, 5, 7, 7, 19, 9, 12, 11, 1, 6, 9, 1, 29, 3, 6, 21, 7, 9, 11, 8, 5, 3, 2, 4, 4, 
48: 11, 2, 7, 3, 14, 6, 3, 5, 4, 1, 1, 12, 5, 5, 2, 1, 2, 10, 5, 1, 9, 4, 1, 11, 1, 6, 4, 3, 2, 14, 3, 4, 1, 2, 17, 15, 11, 5, 2, 3, 7, 12, 4, 21, 3, 8, 5, 7, 1, 1, 1, 0, 0, 0, 0, 0, 0, 0, 0, 0, 0, 0, 0, 0, 0, 0, 0, 0, 0, 0, 0, 0, 0, 0, 0, 0, 0, 0, 0, 0, : 11, 2, 7, 3, 14, 6, 3, 5, 4, 1, 1, 12, 5, 5, 2, 1, 2, 10, 5, 1, 9, 4, 1, 11, 1, 6, 4, 3, 2, 14, 3, 4, 1, 2, 17, 15, 11, 5, 2, 3, 7, 12, 4, 21, 3, 8, 5, 7, 1, 1, 1, 
49: 10, 4, 16, 2, 13, 1, 3, 3, 3, 3, 9, 30, 1, 4, 2, 1, 11, 15, 2, 9, 8, 29, 15, 5, 6, 27, 2, 14, 24, 1, 5, 5, 5, 6, 13, 1, 2, 13, 24, 1, 12, 10, 6, 4, 8, 25, 1, 4, 10, 1, 17, 5, 1, 4, 8, 11, 8, 5, 0, 0, 0, 0, 0, 0, 0, 0, 0, 0, 0, 0, 0, 0, 0, 0, 0, 0, 0, 0, 0, 0, : 10, 4, 16, 2, 13, 1, 3, 3, 3, 3, 9, 30, 1, 4, 2, 1, 11, 15, 2, 9, 8, 29, 15, 5, 6, 27, 2, 14, 24, 1, 5, 5, 5, 6, 13, 1, 2, 13, 24, 1, 12, 10, 6, 4, 8, 25, 1, 4, 10, 1, 17, 5, 1, 4, 8, 11, 8, 5, 
50: 11, 8, 1, 1, 8, 2, 20, 4, 1, 15, 4, 3, 9, 17, 1, 10, 5, 5, 2, 3, 3, 2, 8, 2, 4, 4, 13, 3, 6, 9, 6, 7, 5, 14, 15, 1, 1, 18, 0, 0, 0, 0, 0, 0, 0, 0, 0, 0, 0, 0, 0, 0, 0, 0, 0, 0, 0, 0, 0, 0, 0, 0, 0, 0, 0, 0, 0, 0, 0, 0, 0, 0, 0, 0, 0, 0, 0, 0, 0, 0, : 11, 8, 1, 1, 8, 2, 20, 4, 1, 15, 4, 3, 9, 17, 1, 10, 5, 5, 2, 3, 3, 2, 8, 2, 4, 4, 13, 3, 6, 9, 6, 7, 5, 14, 15, 1, 1, 18, 
51: 7, 5, 18, 23, 1, 1, 5, 22, 3, 20, 1, 11, 11, 9, 4, 1, 18, 13, 3, 6, 7, 4, 10, 2, 13, 2, 33, 11, 7, 6, 3, 16, 1, 7, 5, 5, 29, 37, 2, 38, 6, 22, 6, 20, 0, 0, 0, 0, 0, 0, 0, 0, 0, 0, 0, 0, 0, 0, 0, 0, 0, 0, 0, 0, 0, 0, 0, 0, 0, 0, 0, 0, 0, 0, 0, 0, 0, 0, 0, 0, : 7, 5, 18, 23, 1, 1, 5, 22, 3, 20, 1, 11, 11, 9, 4, 1, 18, 13, 3, 6, 7, 4, 10, 2, 13, 2, 33, 11, 7, 6, 3, 16, 1, 7, 5, 5, 29, 37, 2, 38, 6, 22, 6, 20, 
52: 1, 4, 7, 1, 4, 3, 18, 27, 24, 9, 12, 3, 4, 1, 1, 1, 29, 5, 8, 10, 2, 22, 9, 3, 12, 12, 2, 0, 0, 0, 0, 0, 0, 0, 0, 0, 0, 0, 0, 0, 0, 0, 0, 0, 0, 0, 0, 0, 0, 0, 0, 0, 0, 0, 0, 0, 0, 0, 0, 0, 0, 0, 0, 0, 0, 0, 0, 0, 0, 0, 0, 0, 0, 0, 0, 0, 0, 0, 0, 0, : 1, 4, 7, 1, 4, 3, 18, 27, 24, 9, 12, 3, 4, 1, 1, 1, 29, 5, 8, 10, 2, 22, 9, 3, 12, 12, 2, 
53: 2, 7, 8, 10, 1, 4, 3, 4, 21, 2, 15, 6, 26, 17, 22, 5, 2, 19, 10, 4, 9, 3, 3, 8, 3, 3, 16, 17, 30, 15, 4, 3, 2, 3, 2, 7, 2, 3, 10, 5, 1, 3, 6, 4, 10, 1, 3, 6, 12, 1, 16, 0, 0, 0, 0, 0, 0, 0, 0, 0, 0, 0, 0, 0, 0, 0, 0, 0, 0, 0, 0, 0, 0, 0, 0, 0, 0, 0, 0, 0, : 2, 7, 8, 10, 1, 4, 3, 4, 21, 2, 15, 6, 26, 17, 22, 5, 2, 19, 10, 4, 9, 3, 3, 8, 3, 3, 16, 17, 30, 15, 4, 3, 2, 3, 2, 7, 2, 3, 10, 5, 1, 3, 6, 4, 10, 1, 3, 6, 12, 1, 16, 
54: 6, 11, 4, 6, 1, 4, 10, 5, 4, 23, 11, 34, 2, 5, 7, 8, 5, 8, 3, 7, 31, 19, 14, 2, 5, 8, 6, 8, 1, 1, 4, 3, 19, 5, 12, 1, 1, 1, 9, 9, 8, 7, 8, 4, 1, 2, 0, 0, 0, 0, 0, 0, 0, 0, 0, 0, 0, 0, 0, 0, 0, 0, 0, 0, 0, 0, 0, 0, 0, 0, 0, 0, 0, 0, 0, 0, 0, 0, 0, 0, : 6, 11, 4, 6, 1, 4, 10, 5, 4, 23, 11, 34, 2, 5, 7, 8, 5, 8, 3, 7, 31, 19, 14, 2, 5, 8, 6, 8, 1, 1, 4, 3, 19, 5, 12, 1, 1, 1, 9, 9, 8, 7, 8, 4, 1, 2, 
55: 6, 16, 2, 14, 11, 11, 3, 6, 11, 4, 1, 14, 6, 7, 1, 3, 9, 3, 15, 4, 5, 15, 2, 1, 2, 4, 10, 34, 10, 1, 18, 1, 2, 4, 8, 8, 6, 28, 1, 2, 1, 24, 11, 26, 8, 2, 6, 2, 1, 17, 2, 9, 7, 2, 5, 1, 0, 0, 0, 0, 0, 0, 0, 0, 0, 0, 0, 0, 0, 0, 0, 0, 0, 0, 0, 0, 0, 0, 0, 0, : 6, 16, 2, 14, 11, 11, 3, 6, 11, 4, 1, 14, 6, 7, 1, 3, 9, 3, 15, 4, 5, 15, 2, 1, 2, 4, 10, 34, 10, 1, 18, 1, 2, 4, 8, 8, 6, 28, 1, 2, 1, 24, 11, 26, 8, 2, 6, 2, 1, 17, 2, 9, 7, 2, 5, 1, 
56: 8, 1, 25, 3, 12, 31, 10, 10, 1, 5, 12, 6, 15, 15, 5, 19, 9, 5, 6, 3, 1, 2, 5, 14, 9, 11, 3, 20, 1, 7, 15, 8, 35, 1, 2, 4, 1, 5, 21, 5, 1, 0, 0, 0, 0, 0, 0, 0, 0, 0, 0, 0, 0, 0, 0, 0, 0, 0, 0, 0, 0, 0, 0, 0, 0, 0, 0, 0, 0, 0, 0, 0, 0, 0, 0, 0, 0, 0, 0, 0, : 8, 1, 25, 3, 12, 31, 10, 10, 1, 5, 12, 6, 15, 15, 5, 19, 9, 5, 6, 3, 1, 2, 5, 14, 9, 11, 3, 20, 1, 7, 15, 8, 35, 1, 2, 4, 1, 5, 21, 5, 1, 
57: 2, 1, 25, 27, 3, 13, 8, 8, 3, 8, 6, 4, 7, 10, 8, 1, 1, 19, 1, 18, 4, 14, 9, 6, 16, 5, 4, 6, 6, 16, 14, 9, 7, 11, 5, 6, 8, 1, 5, 1, 12, 26, 3, 8, 20, 11, 2, 3, 27, 3, 4, 1, 1, 15, 0, 0, 0, 0, 0, 0, 0, 0, 0, 0, 0, 0, 0, 0, 0, 0, 0, 0, 0, 0, 0, 0, 0, 0, 0, 0, : 2, 1, 25, 27, 3, 13, 8, 8, 3, 8, 6, 4, 7, 10, 8, 1, 1, 19, 1, 18, 4, 14, 9, 6, 16, 5, 4, 6, 6, 16, 14, 9, 7, 11, 5, 6, 8, 1, 5, 1, 12, 26, 3, 8, 20, 11, 2, 3, 27, 3, 4, 1, 1, 15, 
58: 23, 1, 7, 6, 13, 34, 8, 4, 4, 1, 3, 12, 9, 4, 27, 1, 2, 5, 5, 1, 8, 9, 10, 4, 11, 2, 1, 2, 4, 11, 3, 14, 3, 13, 12, 24, 1, 0, 0, 0, 0, 0, 0, 0, 0, 0, 0, 0, 0, 0, 0, 0, 0, 0, 0, 0, 0, 0, 0, 0, 0, 0, 0, 0, 0, 0, 0, 0, 0, 0, 0, 0, 0, 0, 0, 0, 0, 0, 0, 0, : 23, 1, 7, 6, 13, 34, 8, 4, 4, 1, 3, 12, 9, 4, 27, 1, 2, 5, 5, 1, 8, 9, 10, 4, 11, 2, 1, 2, 4, 11, 3, 14, 3, 13, 12, 24, 1, 
59: 7, 2, 2, 18, 13, 18, 3, 3, 8, 2, 5, 1, 5, 1, 1, 7, 3, 2, 21, 16, 1, 16, 1, 1, 16, 4, 10, 5, 5, 15, 6, 1, 9, 12, 4, 11, 3, 2, 18, 3, 16, 11, 24, 9, 31, 15, 4, 0, 0, 0, 0, 0, 0, 0, 0, 0, 0, 0, 0, 0, 0, 0, 0, 0, 0, 0, 0, 0, 0, 0, 0, 0, 0, 0, 0, 0, 0, 0, 0, 0, : 7, 2, 2, 18, 13, 18, 3, 3, 8, 2, 5, 1, 5, 1, 1, 7, 3, 2, 21, 16, 1, 16, 1, 1, 16, 4, 10, 5, 5, 15, 6, 1, 9, 12, 4, 11, 3, 2, 18, 3, 16, 11, 24, 9, 31, 15, 4, 
60: 3, 1, 2, 11, 3, 2, 3, 17, 5, 8, 11, 7, 2, 10, 3, 19, 7, 16, 3, 13, 2, 1, 2, 2, 21, 6, 6, 26, 4, 3, 16, 13, 11, 3, 32, 10, 5, 30, 21, 0, 0, 0, 0, 0, 0, 0, 0, 0, 0, 0, 0, 0, 0, 0, 0, 0, 0, 0, 0, 0, 0, 0, 0, 0, 0, 0, 0, 0, 0, 0, 0, 0, 0, 0, 0, 0, 0, 0, 0, 0, : 3, 1, 2, 11, 3, 2, 3, 17, 5, 8, 11, 7, 2, 10, 3, 19, 7, 16, 3, 13, 2, 1, 2, 2, 21, 6, 6, 26, 4, 3, 16, 13, 11, 3, 32, 10, 5, 30, 21, 
61: 2, 30, 15, 1, 2, 13, 13, 18, 6, 1, 2, 19, 9, 2, 19, 8, 16, 13, 1, 13, 16, 2, 2, 24, 1, 3, 5, 25, 30, 6, 1, 1, 25, 8, 11, 0, 0, 0, 0, 0, 0, 0, 0, 0, 0, 0, 0, 0, 0, 0, 0, 0, 0, 0, 0, 0, 0, 0, 0, 0, 0, 0, 0, 0, 0, 0, 0, 0, 0, 0, 0, 0, 0, 0, 0, 0, 0, 0, 0, 0, : 2, 30, 15, 1, 2, 13, 13, 18, 6, 1, 2, 19, 9, 2, 19, 8, 16, 13, 1, 13, 16, 2, 2, 24, 1, 3, 5, 25, 30, 6, 1, 1, 25, 8, 11, 
62: 9, 15, 4, 5, 15, 4, 3, 3, 22, 5, 7, 3, 20, 4, 3, 8, 7, 2, 8, 2, 24, 3, 13, 8, 3, 34, 27, 18, 10, 2, 12, 1, 2, 6, 1, 1, 4, 1, 2, 6, 5, 3, 21, 0, 0, 0, 0, 0, 0, 0, 0, 0, 0, 0, 0, 0, 0, 0, 0, 0, 0, 0, 0, 0, 0, 0, 0, 0, 0, 0, 0, 0, 0, 0, 0, 0, 0, 0, 0, 0, : 9, 15, 4, 5, 15, 4, 3, 3, 22, 5, 7, 3, 20, 4, 3, 8, 7, 2, 8, 2, 24, 3, 13, 8, 3, 34, 27, 18, 10, 2, 12, 1, 2, 6, 1, 1, 4, 1, 2, 6, 5, 3, 21, 
63: 2, 2, 16, 2, 11, 1, 6, 21, 1, 3, 10, 1, 5, 5, 18, 4, 1, 22, 27, 9, 13, 13, 8, 3, 4, 12, 5, 2, 26, 3, 1, 4, 17, 1, 8, 3, 7, 12, 0, 0, 0, 0, 0, 0, 0, 0, 0, 0, 0, 0, 0, 0, 0, 0, 0, 0, 0, 0, 0, 0, 0, 0, 0, 0, 0, 0, 0, 0, 0, 0, 0, 0, 0, 0, 0, 0, 0, 0, 0, 0, : 2, 2, 16, 2, 11, 1, 6, 21, 1, 3, 10, 1, 5, 5, 18, 4, 1, 22, 27, 9, 13, 13, 8, 3, 4, 12, 5, 2, 26, 3, 1, 4, 17, 1, 8, 3, 7, 12, 
64: 4, 13, 11, 1, 10, 1, 1, 23, 5, 6, 21, 6, 1, 5, 3, 4, 1, 2, 17, 16, 5, 13, 7, 17, 6, 1, 8, 20, 4, 0, 0, 0, 0, 0, 0, 0, 0, 0, 0, 0, 0, 0, 0, 0, 0, 0, 0, 0, 0, 0, 0, 0, 0, 0, 0, 0, 0, 0, 0, 0, 0, 0, 0, 0, 0, 0, 0, 0, 0, 0, 0, 0, 0, 0, 0, 0, 0, 0, 0, 0, : 4, 13, 11, 1, 10, 1, 1, 23, 5, 6, 21, 6, 1, 5, 3, 4, 1, 2, 17, 16, 5, 13, 7, 17, 6, 1, 8, 20, 4, 
65: 3, 1, 1, 7, 17, 9, 3, 11, 1, 4, 13, 34, 5, 6, 10, 6, 15, 7, 8, 2, 2, 4, 7, 5, 13, 2, 6, 3, 3, 9, 21, 2, 1, 2, 2, 25, 0, 0, 0, 0, 0, 0, 0, 0, 0, 0, 0, 0, 0, 0, 0, 0, 0, 0, 0, 0, 0, 0, 0, 0, 0, 0, 0, 0, 0, 0, 0, 0, 0, 0, 0, 0, 0, 0, 0, 0, 0, 0, 0, 0, : 3, 1, 1, 7, 17, 9, 3, 11, 1, 4, 13, 34, 5, 6, 10, 6, 15, 7, 8, 2, 2, 4, 7, 5, 13, 2, 6, 3, 3, 9, 21, 2, 1, 2, 2, 25, 
66: 2, 27, 8, 12, 21, 9, 1, 1, 10, 6, 2, 3, 34, 1, 4, 7, 10, 4, 14, 5, 5, 1, 2, 2, 9, 4, 2, 14, 2, 7, 4, 0, 0, 0, 0, 0, 0, 0, 0, 0, 0, 0, 0, 0, 0, 0, 0, 0, 0, 0, 0, 0, 0, 0, 0, 0, 0, 0, 0, 0, 0, 0, 0, 0, 0, 0, 0, 0, 0, 0, 0, 0, 0, 0, 0, 0, 0, 0, 0, 0, : 2, 27, 8, 12, 21, 9, 1, 1, 10, 6, 2, 3, 34, 1, 4, 7, 10, 4, 14, 5, 5, 1, 2, 2, 9, 4, 2, 14, 2, 7, 4, 
67: 25, 14, 8, 2, 6, 6, 3, 3, 14, 4, 11, 2, 13, 5, 1, 20, 15, 11, 14, 9, 6, 1, 34, 2, 5, 4, 3, 1, 14, 10, 3, 19, 18, 16, 34, 7, 1, 9, 25, 10, 0, 0, 0, 0, 0, 0, 0, 0, 0, 0, 0, 0, 0, 0, 0, 0, 0, 0, 0, 0, 0, 0, 0, 0, 0, 0, 0, 0, 0, 0, 0, 0, 0, 0, 0, 0, 0, 0, 0, 0, : 25, 14, 8, 2, 6, 6, 3, 3, 14, 4, 11, 2, 13, 5, 1, 20, 15, 11, 14, 9, 6, 1, 34, 2, 5, 4, 3, 1, 14, 10, 3, 19, 18, 16, 34, 7, 1, 9, 25, 10, 
68: 1, 3, 7, 3, 1, 2, 1, 15, 6, 2, 14, 7, 8, 31, 5, 11, 8, 4, 18, 8, 20, 15, 7, 3, 11, 1, 8, 8, 11, 11, 4, 9, 10, 14, 11, 19, 1, 6, 2, 2, 3, 0, 0, 0, 0, 0, 0, 0, 0, 0, 0, 0, 0, 0, 0, 0, 0, 0, 0, 0, 0, 0, 0, 0, 0, 0, 0, 0, 0, 0, 0, 0, 0, 0, 0, 0, 0, 0, 0, 0, : 1, 3, 7, 3, 1, 2, 1, 15, 6, 2, 14, 7, 8, 31, 5, 11, 8, 4, 18, 8, 20, 15, 7, 3, 11, 1, 8, 8, 11, 11, 4, 9, 10, 14, 11, 19, 1, 6, 2, 2, 3, 
69: 8, 3, 14, 14, 1, 1, 8, 13, 2, 4, 2, 6, 1, 3, 16, 17, 4, 2, 20, 1, 16, 10, 26, 27, 17, 14, 3, 9, 6, 27, 28, 4, 3, 7, 27, 1, 10, 26, 21, 10, 1, 10, 1, 20, 0, 0, 0, 0, 0, 0, 0, 0, 0, 0, 0, 0, 0, 0, 0, 0, 0, 0, 0, 0, 0, 0, 0, 0, 0, 0, 0, 0, 0, 0, 0, 0, 0, 0, 0, 0, : 8, 3, 14, 14, 1, 1, 8, 13, 2, 4, 2, 6, 1, 3, 16, 17, 4, 2, 20, 1, 16, 10, 26, 27, 17, 14, 3, 9, 6, 27, 28, 4, 3, 7, 27, 1, 10, 26, 21, 10, 1, 10, 1, 20, 
70: 1, 4, 10, 17, 8, 1, 8, 1, 1, 19, 1, 8, 1, 4, 8, 2, 10, 22, 2, 3, 5, 3, 1, 7, 13, 0, 0, 0, 0, 0, 0, 0, 0, 0, 0, 0, 0, 0, 0, 0, 0, 0, 0, 0, 0, 0, 0, 0, 0, 0, 0, 0, 0, 0, 0, 0, 0, 0, 0, 0, 0, 0, 0, 0, 0, 0, 0, 0, 0, 0, 0, 0, 0, 0, 0, 0, 0, 0, 0, 0, : 1, 4, 10, 17, 8, 1, 8, 1, 1, 19, 1, 8, 1, 4, 8, 2, 10, 22, 2, 3, 5, 3, 1, 7, 13, 
71: 1, 8, 1, 1, 25, 3, 24, 9, 18, 3, 1, 1, 7, 4, 20, 14, 5, 6, 1, 1, 1, 2, 11, 19, 24, 16, 3, 2, 9, 9, 1, 10, 6, 6, 9, 6, 1, 4, 17, 19, 9, 5, 2, 8, 2, 32, 8, 0, 0, 0, 0, 0, 0, 0, 0, 0, 0, 0, 0, 0, 0, 0, 0, 0, 0, 0, 0, 0, 0, 0, 0, 0, 0, 0, 0, 0, 0, 0, 0, 0, : 1, 8, 1, 1, 25, 3, 24, 9, 18, 3, 1, 1, 7, 4, 20, 14, 5, 6, 1, 1, 1, 2, 11, 19, 24, 16, 3, 2, 9, 9, 1, 10, 6, 6, 9, 6, 1, 4, 17, 19, 9, 5, 2, 8, 2, 32, 8, 
72: 18, 1, 13, 1, 23, 35, 12, 1, 28, 5, 1, 17, 8, 9, 10, 1, 12, 11, 5, 14, 11, 5, 1, 11, 3, 6, 24, 1, 3, 20, 25, 1, 14, 7, 2, 12, 9, 12, 15, 7, 10, 12, 1, 1, 1, 0, 0, 0, 0, 0, 0, 0, 0, 0, 0, 0, 0, 0, 0, 0, 0, 0, 0, 0, 0, 0, 0, 0, 0, 0, 0, 0, 0, 0, 0, 0, 0, 0, 0, 0, : 18, 1, 13, 1, 23, 35, 12, 1, 28, 5, 1, 17, 8, 9, 10, 1, 12, 11, 5, 14, 11, 5, 1, 11, 3, 6, 24, 1, 3, 20, 25, 1, 14, 7, 2, 12, 9, 12, 15, 7, 10, 12, 1, 1, 1, 
73: 10, 3, 2, 16, 21, 4, 11, 7, 25, 2, 23, 33, 18, 3, 1, 1, 34, 7, 8, 2, 21, 3, 1, 3, 2, 7, 2, 12, 21, 3, 5, 11, 20, 7, 5, 3, 1, 26, 1, 1, 9, 0, 0, 0, 0, 0, 0, 0, 0, 0, 0, 0, 0, 0, 0, 0, 0, 0, 0, 0, 0, 0, 0, 0, 0, 0, 0, 0, 0, 0, 0, 0, 0, 0, 0, 0, 0, 0, 0, 0, : 10, 3, 2, 16, 21, 4, 11, 7, 25, 2, 23, 33, 18, 3, 1, 1, 34, 7, 8, 2, 21, 3, 1, 3, 2, 7, 2, 12, 21, 3, 5, 11, 20, 7, 5, 3, 1, 26, 1, 1, 9, 
74: 3, 8, 37, 3, 6, 6, 1, 1, 5, 15, 15, 3, 1, 2, 2, 15, 12, 14, 23, 2, 5, 3, 10, 11, 14, 1, 8, 8, 1, 1, 13, 3, 1, 14, 4, 14, 8, 8, 5, 2, 13, 4, 14, 10, 4, 0, 0, 0, 0, 0, 0, 0, 0, 0, 0, 0, 0, 0, 0, 0, 0, 0, 0, 0, 0, 0, 0, 0, 0, 0, 0, 0, 0, 0, 0, 0, 0, 0, 0, 0, : 3, 8, 37, 3, 6, 6, 1, 1, 5, 15, 15, 3, 1, 2, 2, 15, 12, 14, 23, 2, 5, 3, 10, 11, 14, 1, 8, 8, 1, 1, 13, 3, 1, 14, 4, 14, 8, 8, 5, 2, 13, 4, 14, 10, 4, 
75: 1, 5, 2, 1, 6, 4, 5, 4, 1, 2, 18, 5, 9, 2, 2, 3, 5, 4, 13, 8, 4, 12, 1, 7, 16, 9, 11, 8, 2, 13, 21, 1, 0, 0, 0, 0, 0, 0, 0, 0, 0, 0, 0, 0, 0, 0, 0, 0, 0, 0, 0, 0, 0, 0, 0, 0, 0, 0, 0, 0, 0, 0, 0, 0, 0, 0, 0, 0, 0, 0, 0, 0, 0, 0, 0, 0, 0, 0, 0, 0, : 1, 5, 2, 1, 6, 4, 5, 4, 1, 2, 18, 5, 9, 2, 2, 3, 5, 4, 13, 8, 4, 12, 1, 7, 16, 9, 11, 8, 2, 13, 21, 1, 
76: 11, 5, 10, 7, 18, 4, 4, 4, 1, 14, 3, 1, 6, 10, 3, 4, 10, 15, 12, 3, 8, 9, 1, 7, 12, 25, 1, 1, 1, 3, 1, 4, 6, 1, 2, 3, 7, 10, 17, 5, 4, 9, 1, 4, 0, 0, 0, 0, 0, 0, 0, 0, 0, 0, 0, 0, 0, 0, 0, 0, 0, 0, 0, 0, 0, 0, 0, 0, 0, 0, 0, 0, 0, 0, 0, 0, 0, 0, 0, 0, : 11, 5, 10, 7, 18, 4, 4, 4, 1, 14, 3, 1, 6, 10, 3, 4, 10, 15, 12, 3, 8, 9, 1, 7, 12, 25, 1, 1, 1, 3, 1, 4, 6, 1, 2, 3, 7, 10, 17, 5, 4, 9, 1, 4, 
77: 32, 5, 17, 1, 2, 2, 1, 8, 6, 24, 3, 14, 1, 3, 2, 4, 15, 31, 7, 2, 2, 1, 2, 3, 8, 4, 1, 8, 13, 12, 4, 1, 1, 7, 5, 12, 0, 0, 0, 0, 0, 0, 0, 0, 0, 0, 0, 0, 0, 0, 0, 0, 0, 0, 0, 0, 0, 0, 0, 0, 0, 0, 0, 0, 0, 0, 0, 0, 0, 0, 0, 0, 0, 0, 0, 0, 0, 0, 0, 0, : 32, 5, 17, 1, 2, 2, 1, 8, 6, 24, 3, 14, 1, 3, 2, 4, 15, 31, 7, 2, 2, 1, 2, 3, 8, 4, 1, 8, 13, 12, 4, 1, 1, 7, 5, 12, 
78: 3, 2, 7, 4, 2, 25, 20, 3, 11, 18, 7, 8, 18, 4, 7, 7, 1, 1, 10, 3, 6, 6, 12, 22, 7, 37, 1, 29, 10, 12, 14, 0, 0, 0, 0, 0, 0, 0, 0, 0, 0, 0, 0, 0, 0, 0, 0, 0, 0, 0, 0, 0, 0, 0, 0, 0, 0, 0, 0, 0, 0, 0, 0, 0, 0, 0, 0, 0, 0, 0, 0, 0, 0, 0, 0, 0, 0, 0, 0, 0, : 3, 2, 7, 4, 2, 25, 20, 3, 11, 18, 7, 8, 18, 4, 7, 7, 1, 1, 10, 3, 6, 6, 12, 22, 7, 37, 1, 29, 10, 12, 14, 
79: 2, 3, 1, 3, 3, 24, 13, 18, 24, 8, 5, 17, 3, 23, 1, 5, 6, 1, 6, 1, 14, 2, 27, 4, 8, 17, 5, 1, 32, 23, 3, 0, 0, 0, 0, 0, 0, 0, 0, 0, 0, 0, 0, 0, 0, 0, 0, 0, 0, 0, 0, 0, 0, 0, 0, 0, 0, 0, 0, 0, 0, 0, 0, 0, 0, 0, 0, 0, 0, 0, 0, 0, 0, 0, 0, 0, 0, 0, 0, 0, : 2, 3, 1, 3, 3, 24, 13, 18, 24, 8, 5, 17, 3, 23, 1, 5, 6, 1, 6, 1, 14, 2, 27, 4, 8, 17, 5, 1, 32, 23, 3, 
80: 1, 7, 6, 29, 11, 21, 19, 7, 4, 6, 1, 4, 4, 18, 11, 15, 14, 14, 5, 2, 3, 5, 1, 2, 1, 31, 9, 22, 3, 1, 11, 27, 2, 13, 7, 0, 0, 0, 0, 0, 0, 0, 0, 0, 0, 0, 0, 0, 0, 0, 0, 0, 0, 0, 0, 0, 0, 0, 0, 0, 0, 0, 0, 0, 0, 0, 0, 0, 0, 0, 0, 0, 0, 0, 0, 0, 0, 0, 0, 0, : 1, 7, 6, 29, 11, 21, 19, 7, 4, 6, 1, 4, 4, 18, 11, 15, 14, 14, 5, 2, 3, 5, 1, 2, 1, 31, 9, 22, 3, 1, 11, 27, 2, 13, 7, 


