40
40
1: 15, 2, 6, 9, 16, 25, 1, 1, 3, 2, 8, 1, 8, 3, 6, 1, 2, 1, 22, 1, 11, 3, 4, 1, 0, 0, 0, 0, 0, 0, 0, 0, 0, 0, 0, 0, 0, 0, 0, 0, : 15, 2, 6, 9, 16, 25, 1, 1, 3, 2, 8, 1, 8, 3, 6, 1, 2, 1, 22, 1, 11, 3, 4, 1, 
2: 22, 3, 4, 17, 11, 4, 1, 2, 5, 15, 14, 10, 8, 22, 11, 7, 5, 0, 0, 0, 0, 0, 0, 0, 0, 0, 0, 0, 0, 0, 0, 0, 0, 0, 0, 0, 0, 0, 0, 0, : 22, 3, 4, 17, 11, 4, 1, 2, 5, 15, 14, 10, 8, 22, 11, 7, 5, 
3: 6, 14, 3, 15, 2, 9, 4, 3, 5, 19, 12, 12, 12, 3, 3, 17, 5, 16, 16, 2, 8, 13, 1, 10, 7, 1, 17, 0, 0, 0, 0, 0, 0, 0, 0, 0, 0, 0, 0, 0, : 6, 14, 3, 15, 2, 9, 4, 3, 5, 19, 12, 12, 12, 3, 3, 17, 5, 16, 16, 2, 8, 13, 1, 10, 7, 1, 17, 
4: 3, 19, 10, 6, 1, 1, 7, 9, 26, 4, 5, 7, 2, 38, 11, 2, 1, 4, 22, 6, 2, 17, 2, 3, 17, 15, 7, 37, 11, 0, 0, 0, 0, 0, 0, 0, 0, 0, 0, 0, : 3, 19, 10, 6, 1, 1, 7, 9, 26, 4, 5, 7, 2, 38, 11, 2, 1, 4, 22, 6, 2, 17, 2, 3, 17, 15, 7, 37, 11, 
5: 2, 19, 2, 5, 13, 14, 9, 5, 3, 23, 17, 1, 3, 9, 4, 21, 8, 9, 1, 12, 12, 5, 1, 6, 32, 0, 0, 0, 0, 0, 0, 0, 0, 0, 0, 0, 0, 0, 0, 0, : 2, 19, 2, 5, 13, 14, 9, 5, 3, 23, 17, 1, 3, 9, 4, 21, 8, 9, 1, 12, 12, 5, 1, 6, 32, 
6: 21, 11, 23, 14, 3, 9, 7, 3, 11, 21, 5, 4, 5, 3, 23, 2, 6, 18, 20, 12, 2, 5, 18, 11, 1, 4, 1, 2, 0, 0, 0, 0, 0, 0, 0, 0, 0, 0, 0, 0, : 21, 11, 23, 14, 3, 9, 7, 3, 11, 21, 5, 4, 5, 3, 23, 2, 6, 18, 20, 12, 2, 5, 18, 11, 1, 4, 1, 2, 
7: 2, 21, 2, 5, 11, 6, 24, 15, 8, 5, 8, 10, 8, 5, 4, 6, 12, 1, 1, 1, 0, 0, 0, 0, 0, 0, 0, 0, 0, 0, 0, 0, 0, 0, 0, 0, 0, 0, 0, 0, : 2, 21, 2, 5, 11, 6, 24, 15, 8, 5, 8, 10, 8, 5, 4, 6, 12, 1, 1, 1, 
8: 13, 7, 13, 5, 5, 7, 2, 1, 15, 3, 27, 2, 7, 7, 9, 2, 10, 3, 14, 15, 9, 2, 1, 4, 0, 0, 0, 0, 0, 0, 0, 0, 0, 0, 0, 0, 0, 0, 0, 0, : 13, 7, 13, 5, 5, 7, 2, 1, 15, 3, 27, 2, 7, 7, 9, 2, 10, 3, 14, 15, 9, 2, 1, 4, 
9: 14, 3, 1, 3, 5, 4, 1, 2, 24, 3, 5, 25, 3, 4, 5, 13, 10, 1, 26, 5, 6, 4, 14, 1, 0, 0, 0, 0, 0, 0, 0, 0, 0, 0, 0, 0, 0, 0, 0, 0, : 14, 3, 1, 3, 5, 4, 1, 2, 24, 3, 5, 25, 3, 4, 5, 13, 10, 1, 26, 5, 6, 4, 14, 1, 
10: 24, 1, 9, 5, 29, 7, 6, 6, 14, 7, 28, 14, 14, 11, 28, 1, 5, 3, 1, 6, 6, 7, 1, 1, 6, 0, 0, 0, 0, 0, 0, 0, 0, 0, 0, 0, 0, 0, 0, 0, : 24, 1, 9, 5, 29, 7, 6, 6, 14, 7, 28, 14, 14, 11, 28, 1, 5, 3, 1, 6, 6, 7, 1, 1, 6, 
11: 8, 4, 3, 3, 23, 3, 4, 6, 14, 10, 23, 1, 6, 19, 2, 3, 2, 5, 10, 9, 7, 1, 2, 8, 2, 0, 0, 0, 0, 0, 0, 0, 0, 0, 0, 0, 0, 0, 0, 0, : 8, 4, 3, 3, 23, 3, 4, 6, 14, 10, 23, 1, 6, 19, 2, 3, 2, 5, 10, 9, 7, 1, 2, 8, 2, 
12: 10, 2, 9, 13, 17, 13, 3, 14, 12, 9, 16, 20, 13, 3, 1, 2, 1, 1, 23, 8, 3, 9, 4, 1, 7, 3, 5, 0, 0, 0, 0, 0, 0, 0, 0, 0, 0, 0, 0, 0, : 10, 2, 9, 13, 17, 13, 3, 14, 12, 9, 16, 20, 13, 3, 1, 2, 1, 1, 23, 8, 3, 9, 4, 1, 7, 3, 5, 
13: 1, 30, 11, 20, 24, 3, 4, 23, 8, 15, 1, 1, 2, 1, 1, 9, 3, 5, 27, 14, 6, 2, 14, 6, 6, 8, 0, 0, 0, 0, 0, 0, 0, 0, 0, 0, 0, 0, 0, 0, : 1, 30, 11, 20, 24, 3, 4, 23, 8, 15, 1, 1, 2, 1, 1, 9, 3, 5, 27, 14, 6, 2, 14, 6, 6, 8, 
14: 12, 8, 1, 18, 7, 2, 1, 31, 23, 29, 9, 5, 3, 17, 7, 1, 3, 0, 0, 0, 0, 0, 0, 0, 0, 0, 0, 0, 0, 0, 0, 0, 0, 0, 0, 0, 0, 0, 0, 0, : 12, 8, 1, 18, 7, 2, 1, 31, 23, 29, 9, 5, 3, 17, 7, 1, 3, 
15: 25, 16, 18, 12, 10, 1, 2, 10, 5, 8, 17, 3, 8, 11, 8, 3, 23, 3, 4, 16, 2, 11, 0, 0, 0, 0, 0, 0, 0, 0, 0, 0, 0, 0, 0, 0, 0, 0, 0, 0, : 25, 16, 18, 12, 10, 1, 2, 10, 5, 8, 17, 3, 8, 11, 8, 3, 23, 3, 4, 16, 2, 11, 
16: 2, 2, 8, 1, 4, 12, 4, 27, 4, 27, 6, 6, 10, 5, 4, 1, 1, 6, 1, 0, 0, 0, 0, 0, 0, 0, 0, 0, 0, 0, 0, 0, 0, 0, 0, 0, 0, 0, 0, 0, : 2, 2, 8, 1, 4, 12, 4, 27, 4, 27, 6, 6, 10, 5, 4, 1, 1, 6, 1, 
17: 3, 13, 1, 12, 28, 18, 16, 3, 1, 5, 2, 1, 21, 1, 1, 4, 6, 14, 0, 0, 0, 0, 0, 0, 0, 0, 0, 0, 0, 0, 0, 0, 0, 0, 0, 0, 0, 0, 0, 0, : 3, 13, 1, 12, 28, 18, 16, 3, 1, 5, 2, 1, 21, 1, 1, 4, 6, 14, 
18: 3, 14, 8, 6, 16, 2, 1, 1, 19, 19, 11, 12, 19, 3, 6, 18, 15, 1, 8, 3, 13, 1, 8, 22, 8, 0, 0, 0, 0, 0, 0, 0, 0, 0, 0, 0, 0, 0, 0, 0, : 3, 14, 8, 6, 16, 2, 1, 1, 19, 19, 11, 12, 19, 3, 6, 18, 15, 1, 8, 3, 13, 1, 8, 22, 8, 
19: 4, 4, 2, 19, 3, 1, 19, 3, 2, 25, 14, 2, 1, 13, 7, 1, 4, 5, 12, 1, 5, 3, 18, 1, 0, 0, 0, 0, 0, 0, 0, 0, 0, 0, 0, 0, 0, 0, 0, 0, : 4, 4, 2, 19, 3, 1, 19, 3, 2, 25, 14, 2, 1, 13, 7, 1, 4, 5, 12, 1, 5, 3, 18, 1, 
20: 2, 23, 2, 8, 3, 12, 3, 6, 1, 1, 8, 1, 25, 9, 1, 4, 3, 2, 9, 0, 0, 0, 0, 0, 0, 0, 0, 0, 0, 0, 0, 0, 0, 0, 0, 0, 0, 0, 0, 0, : 2, 23, 2, 8, 3, 12, 3, 6, 1, 1, 8, 1, 25, 9, 1, 4, 3, 2, 9, 
21: 10, 1, 14, 16, 22, 1, 12, 4, 1, 7, 5, 3, 3, 1, 7, 2, 7, 1, 2, 6, 7, 1, 8, 9, 3, 3, 0, 0, 0, 0, 0, 0, 0, 0, 0, 0, 0, 0, 0, 0, : 10, 1, 14, 16, 22, 1, 12, 4, 1, 7, 5, 3, 3, 1, 7, 2, 7, 1, 2, 6, 7, 1, 8, 9, 3, 3, 
22: 1, 1, 1, 3, 20, 3, 1, 10, 1, 1, 11, 1, 14, 22, 3, 0, 0, 0, 0, 0, 0, 0, 0, 0, 0, 0, 0, 0, 0, 0, 0, 0, 0, 0, 0, 0, 0, 0, 0, 0, : 1, 1, 1, 3, 20, 3, 1, 10, 1, 1, 11, 1, 14, 22, 3, 
23: 15, 6, 1, 13, 13, 9, 7, 11, 6, 1, 2, 19, 2, 0, 0, 0, 0, 0, 0, 0, 0, 0, 0, 0, 0, 0, 0, 0, 0, 0, 0, 0, 0, 0, 0, 0, 0, 0, 0, 0, : 15, 6, 1, 13, 13, 9, 7, 11, 6, 1, 2, 19, 2, 
24: 19, 4, 12, 2, 7, 1, 17, 8, 15, 13, 17, 2, 3, 3, 2, 21, 1, 6, 1, 13, 16, 7, 0, 0, 0, 0, 0, 0, 0, 0, 0, 0, 0, 0, 0, 0, 0, 0, 0, 0, : 19, 4, 12, 2, 7, 1, 17, 8, 15, 13, 17, 2, 3, 3, 2, 21, 1, 6, 1, 13, 16, 7, 
25: 2, 26, 2, 1, 7, 6, 3, 9, 2, 2, 1, 10, 2, 4, 21, 1, 4, 3, 10, 9, 1, 0, 0, 0, 0, 0, 0, 0, 0, 0, 0, 0, 0, 0, 0, 0, 0, 0, 0, 0, : 2, 26, 2, 1, 7, 6, 3, 9, 2, 2, 1, 10, 2, 4, 21, 1, 4, 3, 10, 9, 1, 
26: 10, 2, 5, 2, 5, 27, 3, 30, 18, 11, 1, 11, 2, 1, 13, 10, 14, 4, 28, 2, 0, 0, 0, 0, 0, 0, 0, 0, 0, 0, 0, 0, 0, 0, 0, 0, 0, 0, 0, 0, : 10, 2, 5, 2, 5, 27, 3, 30, 18, 11, 1, 11, 2, 1, 13, 10, 14, 4, 28, 2, 
27: 8, 4, 16, 7, 5, 2, 11, 4, 6, 13, 5, 1, 22, 7, 5, 8, 10, 4, 15, 0, 0, 0, 0, 0, 0, 0, 0, 0, 0, 0, 0, 0, 0, 0, 0, 0, 0, 0, 0, 0, : 8, 4, 16, 7, 5, 2, 11, 4, 6, 13, 5, 1, 22, 7, 5, 8, 10, 4, 15, 
28: 15, 1, 6, 3, 2, 3, 14, 2, 12, 1, 4, 14, 18, 8, 9, 0, 0, 0, 0, 0, 0, 0, 0, 0, 0, 0, 0, 0, 0, 0, 0, 0, 0, 0, 0, 0, 0, 0, 0, 0, : 15, 1, 6, 3, 2, 3, 14, 2, 12, 1, 4, 14, 18, 8, 9, 
29: 1, 12, 21, 1, 12, 21, 7, 33, 1, 9, 11, 5, 4, 14, 1, 18, 9, 0, 0, 0, 0, 0, 0, 0, 0, 0, 0, 0, 0, 0, 0, 0, 0, 0, 0, 0, 0, 0, 0, 0, : 1, 12, 21, 1, 12, 21, 7, 33, 1, 9, 11, 5, 4, 14, 1, 18, 9, 
30: 16, 6, 2, 2, 1, 20, 3, 8, 28, 4, 6, 15, 2, 11, 7, 1, 7, 18, 5, 3, 22, 18, 0, 0, 0, 0, 0, 0, 0, 0, 0, 0, 0, 0, 0, 0, 0, 0, 0, 0, : 16, 6, 2, 2, 1, 20, 3, 8, 28, 4, 6, 15, 2, 11, 7, 1, 7, 18, 5, 3, 22, 18, 
31: 7, 11, 1, 1, 31, 20, 2, 1, 17, 23, 3, 1, 12, 1, 2, 10, 5, 2, 6, 7, 2, 4, 8, 4, 30, 26, 0, 0, 0, 0, 0, 0, 0, 0, 0, 0, 0, 0, 0, 0, : 7, 11, 1, 1, 31, 20, 2, 1, 17, 23, 3, 1, 12, 1, 2, 10, 5, 2, 6, 7, 2, 4, 8, 4, 30, 26, 
32: 3, 9, 1, 1, 8, 2, 4, 2, 4, 13, 7, 5, 6, 12, 32, 16, 6, 1, 4, 3, 4, 3, 0, 0, 0, 0, 0, 0, 0, 0, 0, 0, 0, 0, 0, 0, 0, 0, 0, 0, : 3, 9, 1, 1, 8, 2, 4, 2, 4, 13, 7, 5, 6, 12, 32, 16, 6, 1, 4, 3, 4, 3, 
33: 7, 1, 1, 12, 24, 10, 1, 29, 1, 3, 12, 4, 12, 4, 17, 14, 4, 3, 3, 25, 2, 4, 2, 0, 0, 0, 0, 0, 0, 0, 0, 0, 0, 0, 0, 0, 0, 0, 0, 0, : 7, 1, 1, 12, 24, 10, 1, 29, 1, 3, 12, 4, 12, 4, 17, 14, 4, 3, 3, 25, 2, 4, 2, 
34: 1, 1, 6, 5, 22, 6, 7, 14, 2, 1, 3, 28, 9, 20, 31, 6, 2, 11, 16, 6, 24, 1, 4, 0, 0, 0, 0, 0, 0, 0, 0, 0, 0, 0, 0, 0, 0, 0, 0, 0, : 1, 1, 6, 5, 22, 6, 7, 14, 2, 1, 3, 28, 9, 20, 31, 6, 2, 11, 16, 6, 24, 1, 4, 
35: 28, 3, 7, 13, 2, 1, 22, 32, 14, 3, 10, 3, 7, 1, 9, 6, 1, 15, 15, 10, 0, 0, 0, 0, 0, 0, 0, 0, 0, 0, 0, 0, 0, 0, 0, 0, 0, 0, 0, 0, : 28, 3, 7, 13, 2, 1, 22, 32, 14, 3, 10, 3, 7, 1, 9, 6, 1, 15, 15, 10, 
36: 2, 11, 4, 5, 1, 3, 5, 17, 4, 1, 10, 2, 21, 9, 0, 0, 0, 0, 0, 0, 0, 0, 0, 0, 0, 0, 0, 0, 0, 0, 0, 0, 0, 0, 0, 0, 0, 0, 0, 0, : 2, 11, 4, 5, 1, 3, 5, 17, 4, 1, 10, 2, 21, 9, 
37: 5, 14, 4, 8, 1, 7, 3, 26, 13, 21, 17, 10, 22, 7, 7, 6, 15, 32, 14, 31, 5, 1, 3, 18, 0, 0, 0, 0, 0, 0, 0, 0, 0, 0, 0, 0, 0, 0, 0, 0, : 5, 14, 4, 8, 1, 7, 3, 26, 13, 21, 17, 10, 22, 7, 7, 6, 15, 32, 14, 31, 5, 1, 3, 18, 
38: 13, 2, 4, 6, 6, 7, 8, 2, 4, 2, 10, 7, 16, 5, 4, 21, 3, 6, 13, 3, 6, 11, 0, 0, 0, 0, 0, 0, 0, 0, 0, 0, 0, 0, 0, 0, 0, 0, 0, 0, : 13, 2, 4, 6, 6, 7, 8, 2, 4, 2, 10, 7, 16, 5, 4, 21, 3, 6, 13, 3, 6, 11, 
39: 20, 1, 9, 7, 3, 12, 10, 1, 4, 4, 1, 2, 2, 3, 17, 2, 14, 2, 3, 1, 0, 0, 0, 0, 0, 0, 0, 0, 0, 0, 0, 0, 0, 0, 0, 0, 0, 0, 0, 0, : 20, 1, 9, 7, 3, 12, 10, 1, 4, 4, 1, 2, 2, 3, 17, 2, 14, 2, 3, 1, 
40: 5, 21, 17, 7, 2, 3, 2, 2, 3, 1, 14, 10, 2, 26, 2, 2, 0, 0, 0, 0, 0, 0, 0, 0, 0, 0, 0, 0, 0, 0, 0, 0, 0, 0, 0, 0, 0, 0, 0, 0, : 5, 21, 17, 7, 2, 3, 2, 2, 3, 1, 14, 10, 2, 26, 2, 2, 


