20
20
1: 2, 2, 5, 3, 2, 19, 9, 0, 0, 0, 0, 0, 0, 0, 0, 0, 0, 0, 0, 0, : 2, 2, 5, 3, 2, 19, 9, 
2: 14, 1, 2, 11, 21, 3, 7, 5, 1, 30, 0, 0, 0, 0, 0, 0, 0, 0, 0, 0, : 14, 1, 2, 11, 21, 3, 7, 5, 1, 30, 
3: 22, 3, 10, 3, 4, 1, 3, 3, 2, 0, 0, 0, 0, 0, 0, 0, 0, 0, 0, 0, : 22, 3, 10, 3, 4, 1, 3, 3, 2, 
4: 4, 1, 1, 12, 5, 11, 4, 6, 13, 13, 0, 0, 0, 0, 0, 0, 0, 0, 0, 0, : 4, 1, 1, 12, 5, 11, 4, 6, 13, 13, 
5: 10, 2, 18, 14, 7, 5, 17, 19, 1, 6, 7, 17, 9, 0, 0, 0, 0, 0, 0, 0, : 10, 2, 18, 14, 7, 5, 17, 19, 1, 6, 7, 17, 9, 
6: 1, 10, 3, 22, 10, 24, 3, 0, 0, 0, 0, 0, 0, 0, 0, 0, 0, 0, 0, 0, : 1, 10, 3, 22, 10, 24, 3, 
7: 1, 2, 2, 14, 3, 8, 3, 3, 0, 0, 0, 0, 0, 0, 0, 0, 0, 0, 0, 0, : 1, 2, 2, 14, 3, 8, 3, 3, 
8: 3, 36, 2, 3, 7, 29, 30, 0, 0, 0, 0, 0, 0, 0, 0, 0, 0, 0, 0, 0, : 3, 36, 2, 3, 7, 29, 30, 
9: 9, 3, 12, 9, 10, 15, 6, 3, 10, 5, 0, 0, 0, 0, 0, 0, 0, 0, 0, 0, : 9, 3, 12, 9, 10, 15, 6, 3, 10, 5, 
10: 8, 6, 14, 5, 1, 8, 4, 25, 10, 9, 0, 0, 0, 0, 0, 0, 0, 0, 0, 0, : 8, 6, 14, 5, 1, 8, 4, 25, 10, 9, 
11: 10, 4, 1, 6, 5, 1, 1, 5, 2, 1, 0, 0, 0, 0, 0, 0, 0, 0, 0, 0, : 10, 4, 1, 6, 5, 1, 1, 5, 2, 1, 
12: 2, 4, 2, 11, 3, 6, 9, 3, 3, 5, 0, 0, 0, 0, 0, 0, 0, 0, 0, 0, : 2, 4, 2, 11, 3, 6, 9, 3, 3, 5, 
13: 7, 32, 23, 1, 1, 20, 0, 0, 0, 0, 0, 0, 0, 0, 0, 0, 0, 0, 0, 0, : 7, 32, 23, 1, 1, 20, 
14: 5, 3, 26, 11, 6, 2, 30, 7, 3, 17, 2, 0, 0, 0, 0, 0, 0, 0, 0, 0, : 5, 3, 26, 11, 6, 2, 30, 7, 3, 17, 2, 
15: 3, 10, 8, 2, 6, 1, 3, 8, 2, 12, 0, 0, 0, 0, 0, 0, 0, 0, 0, 0, : 3, 10, 8, 2, 6, 1, 3, 8, 2, 12, 
16: 24, 1, 7, 1, 17, 20, 4, 5, 8, 6, 0, 0, 0, 0, 0, 0, 0, 0, 0, 0, : 24, 1, 7, 1, 17, 20, 4, 5, 8, 6, 
17: 11, 2, 2, 1, 14, 1, 5, 19, 12, 0, 0, 0, 0, 0, 0, 0, 0, 0, 0, 0, : 11, 2, 2, 1, 14, 1, 5, 19, 12, 
18: 1, 2, 2, 20, 2, 2, 3, 3, 37, 0, 0, 0, 0, 0, 0, 0, 0, 0, 0, 0, : 1, 2, 2, 20, 2, 2, 3, 3, 37, 
19: 7, 22, 17, 2, 18, 1, 3, 24, 8, 0, 0, 0, 0, 0, 0, 0, 0, 0, 0, 0, : 7, 22, 17, 2, 18, 1, 3, 24, 8, 
20: 3, 35, 26, 2, 10, 6, 5, 39, 0, 0, 0, 0, 0, 0, 0, 0, 0, 0, 0, 0, : 3, 35, 26, 2, 10, 6, 5, 39, 


