
40
200
150
5

184: 7, 0, 6, 7, 0, 9, 0, 0, 7, 0, 9, 7, 0, 7, 7, 7, 7, 0, 6, 0, 0, 0, 0, 0, 0, 8, 0, 0, 7, 0, 0, 0, 0, 0, 0, 7, 0, 8, 5, 7, : 7, 6, 7, 9, 7, 9, 7, 7, 7, 7, 7, 6, 8, 7, 7, 8, 5, 7, 
133: 7, 9, 9, 4, 0, 0, 0, 0, 0, 8, 10, 0, 8, 0, 0, 0, 0, 0, 8, 0, 0, 0, 0, 6, 6, 0, 0, 6, 8, 7, 6, 5, 5, 9, 0, 6, 0, 8, 8, 0, : 7, 9, 9, 4, 8, 10, 8, 8, 6, 6, 6, 8, 7, 6, 5, 5, 9, 6, 8, 8, 
48: 8, 0, 11, 0, 8, 6, 0, 11, 0, 0, 5, 6, 7, 0, 8, 11, 9, 8, 0, 7, 0, 0, 6, 0, 7, 0, 8, 9, 8, 8, 0, 8, 7, 6, 0, 0, 0, 6, 0, 0, : 8, 11, 8, 6, 11, 5, 6, 7, 8, 11, 9, 8, 7, 6, 7, 8, 9, 8, 8, 8, 7, 6, 6, 
24: 0, 0, 0, 7, 8, 4, 8, 0, 7, 8, 0, 0, 0, 11, 8, 8, 0, 0, 9, 8, 8, 5, 0, 0, 8, 8, 0, 7, 0, 7, 0, 9, 0, 8, 0, 0, 6, 8, 0, 0, : 7, 8, 4, 8, 7, 8, 11, 8, 8, 9, 8, 8, 5, 8, 8, 7, 7, 9, 8, 6, 8, 
59: 9, 0, 0, 0, 7, 0, 0, 0, 7, 9, 0, 7, 11, 0, 8, 0, 0, 0, 0, 6, 6, 7, 0, 0, 0, 0, 0, 8, 6, 0, 8, 0, 7, 0, 9, 8, 8, 5, 6, 0, : 9, 7, 7, 9, 7, 11, 8, 6, 6, 7, 8, 6, 8, 7, 9, 8, 8, 5, 6, 
75: 0, 0, 9, 0, 0, 0, 6, 0, 9, 0, 0, 0, 0, 6, 0, 0, 0, 0, 8, 0, 9, 6, 8, 8, 0, 0, 6, 0, 0, 8, 0, 7, 0, 0, 0, 9, 9, 9, 0, 9, : 9, 6, 9, 6, 8, 9, 6, 8, 8, 6, 8, 7, 9, 9, 9, 9, 
17: 9, 0, 9, 9, 0, 9, 7, 0, 0, 0, 6, 9, 7, 11, 6, 7, 4, 7, 9, 9, 8, 0, 6, 0, 7, 9, 0, 8, 0, 0, 8, 0, 8, 0, 0, 0, 0, 9, 0, 0, : 9, 9, 9, 9, 7, 6, 9, 7, 11, 6, 7, 4, 7, 9, 9, 8, 6, 7, 9, 8, 8, 8, 9, 
145: 9, 4, 0, 8, 0, 9, 0, 0, 0, 0, 8, 0, 0, 8, 9, 0, 7, 10, 7, 8, 0, 0, 8, 8, 0, 6, 8, 5, 0, 0, 8, 8, 0, 8, 0, 0, 5, 0, 8, 8, : 9, 4, 8, 9, 8, 8, 9, 7, 10, 7, 8, 8, 8, 6, 8, 5, 8, 8, 8, 5, 8, 8, 
108: 0, 5, 0, 0, 0, 0, 10, 10, 0, 7, 0, 0, 11, 0, 5, 0, 8, 0, 0, 0, 5, 6, 0, 6, 8, 0, 8, 7, 0, 8, 0, 9, 0, 0, 8, 5, 8, 0, 0, 0, : 5, 10, 10, 7, 11, 5, 8, 5, 6, 6, 8, 8, 7, 8, 9, 8, 5, 8, 
138: 0, 9, 0, 5, 9, 0, 8, 0, 0, 4, 10, 0, 0, 0, 8, 0, 9, 0, 0, 8, 8, 0, 0, 9, 0, 6, 0, 6, 6, 0, 8, 7, 7, 0, 7, 0, 0, 0, 8, 0, : 9, 5, 9, 8, 4, 10, 8, 9, 8, 8, 9, 6, 6, 6, 8, 7, 7, 7, 8, 
40: 6, 0, 9, 0, 9, 8, 0, 9, 0, 6, 0, 9, 5, 0, 0, 7, 6, 8, 0, 9, 8, 8, 0, 5, 0, 0, 0, 8, 9, 8, 7, 0, 7, 0, 8, 7, 6, 8, 8, 6, : 6, 9, 9, 8, 9, 6, 9, 5, 7, 6, 8, 9, 8, 8, 5, 8, 9, 8, 7, 7, 8, 7, 6, 8, 8, 6, 
13: 0, 10, 8, 0, 7, 0, 10, 0, 0, 0, 0, 7, 0, 0, 7, 0, 11, 6, 8, 6, 0, 8, 6, 0, 0, 0, 0, 8, 0, 8, 0, 7, 8, 0, 8, 0, 0, 8, 7, 0, : 10, 8, 7, 10, 7, 7, 11, 6, 8, 6, 8, 6, 8, 8, 7, 8, 8, 8, 7, 
155: 8, 0, 0, 0, 0, 0, 7, 0, 10, 7, 6, 7, 8, 0, 10, 7, 0, 5, 0, 0, 0, 8, 9, 0, 0, 0, 9, 0, 9, 6, 9, 6, 0, 8, 0, 6, 8, 6, 0, 5, : 8, 7, 10, 7, 6, 7, 8, 10, 7, 5, 8, 9, 9, 9, 6, 9, 6, 8, 6, 8, 6, 5, 
23: 7, 8, 0, 0, 0, 8, 0, 7, 9, 0, 0, 0, 10, 4, 7, 6, 6, 7, 8, 8, 6, 9, 0, 0, 8, 8, 0, 8, 8, 0, 8, 6, 8, 8, 8, 9, 0, 0, 0, 0, : 7, 8, 8, 7, 9, 10, 4, 7, 6, 6, 7, 8, 8, 6, 9, 8, 8, 8, 8, 8, 6, 8, 8, 8, 9, 
174: 8, 7, 0, 0, 0, 0, 10, 9, 8, 7, 7, 5, 0, 0, 8, 9, 0, 0, 0, 0, 7, 0, 0, 8, 0, 0, 0, 9, 0, 6, 7, 8, 0, 0, 0, 8, 0, 0, 0, 0, : 8, 7, 10, 9, 8, 7, 7, 5, 8, 9, 7, 8, 9, 6, 7, 8, 8, 
57: 0, 7, 7, 8, 0, 7, 0, 7, 5, 0, 7, 0, 0, 0, 8, 0, 0, 0, 0, 0, 7, 7, 8, 8, 5, 5, 7, 8, 0, 9, 6, 6, 0, 6, 9, 8, 8, 0, 6, 6, : 7, 7, 8, 7, 7, 5, 7, 8, 7, 7, 8, 8, 5, 5, 7, 8, 9, 6, 6, 6, 9, 8, 8, 6, 6, 
63: 0, 8, 0, 9, 9, 8, 8, 8, 0, 6, 5, 7, 4, 0, 0, 0, 8, 8, 8, 0, 9, 8, 8, 0, 8, 8, 0, 0, 0, 9, 9, 8, 9, 5, 0, 0, 7, 0, 9, 0, : 8, 9, 9, 8, 8, 8, 6, 5, 7, 4, 8, 8, 8, 9, 8, 8, 8, 8, 9, 9, 8, 9, 5, 7, 9, 
54: 9, 0, 0, 0, 0, 0, 5, 0, 0, 0, 0, 0, 10, 0, 0, 6, 6, 0, 0, 0, 0, 8, 0, 0, 7, 8, 7, 0, 0, 8, 0, 0, 6, 0, 7, 8, 0, 0, 0, 8, : 9, 5, 10, 6, 6, 8, 7, 8, 7, 8, 6, 7, 8, 8, 
177: 4, 5, 9, 0, 8, 6, 0, 9, 0, 7, 10, 10, 5, 10, 0, 0, 0, 0, 0, 0, 0, 0, 0, 0, 9, 7, 0, 0, 7, 0, 0, 8, 0, 8, 6, 0, 7, 9, 0, 0, : 4, 5, 9, 8, 6, 9, 7, 10, 10, 5, 10, 9, 7, 7, 8, 8, 6, 7, 9, 
32: 0, 0, 8, 0, 5, 6, 0, 0, 10, 0, 6, 7, 9, 0, 7, 0, 8, 0, 0, 0, 0, 8, 0, 0, 0, 0, 7, 8, 0, 7, 0, 0, 0, 0, 0, 6, 8, 0, 8, 9, : 8, 5, 6, 10, 6, 7, 9, 7, 8, 8, 7, 8, 7, 6, 8, 8, 9, 
81: 0, 7, 9, 7, 0, 8, 0, 0, 7, 11, 0, 10, 8, 7, 0, 4, 0, 7, 0, 0, 0, 0, 0, 0, 0, 7, 9, 0, 8, 0, 0, 0, 8, 0, 0, 7, 0, 8, 0, 7, : 7, 9, 7, 8, 7, 11, 10, 8, 7, 4, 7, 7, 9, 8, 8, 7, 8, 7, 
164: 0, 0, 8, 8, 0, 9, 0, 0, 0, 0, 7, 0, 7, 8, 0, 0, 11, 8, 0, 8, 0, 0, 9, 8, 9, 9, 0, 7, 8, 0, 0, 8, 8, 0, 0, 8, 0, 0, 0, 8, : 8, 8, 9, 7, 7, 8, 11, 8, 8, 9, 8, 9, 9, 7, 8, 8, 8, 8, 8, 
176: 0, 6, 7, 0, 0, 0, 7, 0, 10, 8, 0, 0, 0, 7, 0, 7, 0, 8, 8, 8, 0, 8, 7, 0, 6, 0, 0, 0, 0, 0, 0, 0, 8, 0, 0, 8, 8, 0, 0, 8, : 6, 7, 7, 10, 8, 7, 7, 8, 8, 8, 8, 7, 6, 8, 8, 8, 8, 
98: 0, 0, 4, 0, 0, 0, 8, 8, 0, 0, 0, 6, 8, 0, 0, 7, 6, 7, 8, 8, 0, 0, 0, 6, 8, 0, 8, 0, 7, 9, 0, 8, 0, 9, 6, 8, 0, 0, 6, 8, : 4, 8, 8, 6, 8, 7, 6, 7, 8, 8, 6, 8, 8, 7, 9, 8, 9, 6, 8, 6, 8, 
140: 0, 7, 0, 9, 8, 0, 8, 7, 4, 8, 0, 10, 0, 0, 0, 6, 0, 0, 0, 9, 8, 0, 0, 0, 0, 0, 0, 0, 0, 0, 0, 0, 8, 8, 0, 8, 0, 8, 8, 7, : 7, 9, 8, 8, 7, 4, 8, 10, 6, 9, 8, 8, 8, 8, 8, 8, 7, 
157: 7, 0, 0, 0, 7, 0, 6, 0, 8, 0, 10, 0, 0, 7, 0, 9, 8, 0, 0, 5, 8, 0, 8, 8, 8, 8, 8, 9, 0, 0, 0, 0, 6, 7, 0, 0, 9, 7, 8, 0, : 7, 7, 6, 8, 10, 7, 9, 8, 5, 8, 8, 8, 8, 8, 8, 9, 6, 7, 9, 7, 8, 
131: 0, 9, 0, 0, 0, 0, 0, 4, 0, 0, 8, 9, 0, 6, 0, 0, 7, 5, 9, 8, 7, 0, 5, 7, 0, 7, 8, 0, 8, 8, 8, 7, 0, 8, 0, 8, 0, 7, 7, 0, : 9, 4, 8, 9, 6, 7, 5, 9, 8, 7, 5, 7, 7, 8, 8, 8, 8, 7, 8, 8, 7, 7, 
149: 0, 0, 6, 0, 0, 0, 0, 0, 7, 6, 5, 0, 0, 8, 5, 6, 0, 0, 9, 8, 8, 0, 8, 8, 0, 8, 0, 6, 5, 6, 0, 9, 8, 0, 8, 0, 6, 8, 8, 8, : 6, 7, 6, 5, 8, 5, 6, 9, 8, 8, 8, 8, 8, 6, 5, 6, 9, 8, 8, 6, 8, 8, 8, 
166: 0, 9, 6, 9, 7, 7, 0, 8, 0, 0, 9, 0, 7, 8, 0, 8, 6, 11, 7, 6, 8, 8, 7, 7, 0, 0, 7, 0, 0, 0, 0, 0, 0, 0, 9, 0, 0, 7, 0, 0, : 9, 6, 9, 7, 7, 8, 9, 7, 8, 8, 6, 11, 7, 6, 8, 8, 7, 7, 7, 9, 7, 
178: 0, 0, 8, 0, 6, 10, 0, 10, 0, 8, 0, 0, 0, 4, 5, 0, 0, 6, 6, 0, 0, 9, 8, 9, 8, 0, 0, 0, 0, 8, 8, 0, 0, 9, 7, 0, 8, 0, 9, 6, : 8, 6, 10, 10, 8, 4, 5, 6, 6, 9, 8, 9, 8, 8, 8, 9, 7, 8, 9, 6, 
96: 7, 0, 0, 0, 0, 0, 0, 5, 6, 6, 7, 5, 8, 10, 0, 0, 0, 7, 0, 0, 0, 8, 0, 0, 8, 9, 6, 0, 7, 0, 6, 0, 6, 6, 0, 0, 0, 0, 0, 0, : 7, 5, 6, 6, 7, 5, 8, 10, 7, 8, 8, 9, 6, 7, 6, 6, 6, 
116: 0, 0, 6, 9, 0, 0, 5, 6, 7, 6, 0, 0, 0, 7, 8, 0, 0, 9, 0, 8, 6, 8, 0, 7, 6, 0, 8, 0, 9, 5, 5, 0, 9, 7, 6, 0, 0, 0, 0, 0, : 6, 9, 5, 6, 7, 6, 7, 8, 9, 8, 6, 8, 7, 6, 8, 9, 5, 5, 9, 7, 6, 
79: 7, 0, 0, 0, 8, 6, 7, 4, 0, 9, 0, 7, 0, 7, 7, 0, 0, 5, 7, 0, 0, 0, 9, 0, 0, 0, 8, 0, 6, 0, 7, 0, 0, 0, 8, 9, 7, 0, 0, 0, : 7, 8, 6, 7, 4, 9, 7, 7, 7, 5, 7, 9, 8, 6, 7, 8, 9, 7, 
148: 5, 0, 0, 5, 6, 9, 9, 6, 9, 0, 7, 9, 0, 6, 0, 0, 0, 0, 7, 0, 8, 0, 0, 0, 0, 8, 0, 8, 0, 0, 8, 0, 0, 7, 0, 0, 8, 0, 8, 7, : 5, 5, 6, 9, 9, 6, 9, 7, 9, 6, 7, 8, 8, 8, 8, 7, 8, 8, 7, 
52: 0, 7, 6, 11, 9, 0, 0, 0, 5, 0, 0, 0, 6, 0, 9, 0, 10, 0, 5, 0, 8, 0, 0, 8, 0, 0, 0, 0, 8, 0, 8, 8, 9, 8, 8, 0, 0, 0, 0, 8, : 7, 6, 11, 9, 5, 6, 9, 10, 5, 8, 8, 8, 8, 8, 9, 8, 8, 8, 
1: 9, 7, 5, 7, 9, 0, 8, 8, 0, 0, 0, 8, 0, 0, 10, 11, 8, 0, 0, 0, 0, 6, 7, 7, 0, 8, 6, 0, 0, 0, 0, 8, 8, 8, 7, 0, 8, 0, 0, 8, : 9, 7, 5, 7, 9, 8, 8, 8, 10, 11, 8, 6, 7, 7, 8, 6, 8, 8, 8, 7, 8, 8, 
112: 8, 7, 0, 9, 4, 7, 0, 6, 7, 9, 0, 0, 0, 0, 0, 10, 0, 0, 0, 0, 0, 0, 8, 0, 8, 7, 0, 7, 8, 8, 9, 0, 0, 0, 5, 7, 0, 0, 9, 0, : 8, 7, 9, 4, 7, 6, 7, 9, 10, 8, 8, 7, 7, 8, 8, 9, 5, 7, 9, 
95: 8, 0, 0, 4, 0, 0, 0, 0, 0, 0, 8, 0, 0, 0, 0, 6, 0, 9, 0, 7, 0, 0, 7, 8, 0, 0, 5, 0, 0, 0, 0, 0, 0, 0, 8, 0, 0, 7, 7, 0, : 8, 4, 8, 6, 9, 7, 7, 8, 5, 8, 7, 7, 
76: 0, 9, 0, 7, 7, 7, 7, 0, 0, 10, 0, 0, 5, 8, 0, 0, 5, 9, 6, 6, 8, 8, 0, 0, 9, 6, 8, 0, 8, 0, 7, 0, 0, 0, 8, 0, 9, 6, 7, 9, : 9, 7, 7, 7, 7, 10, 5, 8, 5, 9, 6, 6, 8, 8, 9, 6, 8, 8, 7, 8, 9, 6, 7, 9, 
181: 8, 10, 0, 8, 9, 7, 6, 8, 8, 0, 0, 5, 6, 0, 0, 8, 0, 0, 7, 0, 0, 7, 8, 9, 7, 0, 9, 8, 0, 7, 0, 0, 0, 7, 0, 0, 7, 8, 0, 8, : 8, 10, 8, 9, 7, 6, 8, 8, 5, 6, 8, 7, 7, 8, 9, 7, 9, 8, 7, 7, 7, 8, 8, 


195: 7, 0, 0, 0, 10, 10, 0, 7, 0, 0, 0, 7, 0, 5, 0, 9, 0, 0, 8, 7, 0, 0, 7, 0, 7, 0, 7, 8, 9, 7, 8, 0, 8, 0, 0, 0, 5, 0, 0, 0, : 7, 10, 10, 7, 7, 5, 9, 8, 7, 7, 7, 7, 8, 9, 7, 8, 8, 5, 
191: 8, 8, 11, 0, 6, 0, 0, 0, 6, 8, 0, 7, 0, 0, 0, 8, 9, 0, 7, 7, 0, 0, 6, 0, 0, 7, 7, 0, 8, 9, 7, 7, 0, 7, 9, 9, 0, 0, 0, 7, : 8, 8, 11, 6, 6, 8, 7, 8, 9, 7, 7, 6, 7, 7, 8, 9, 7, 7, 7, 9, 9, 7, 
147: 0, 9, 0, 0, 0, 0, 0, 8, 5, 7, 0, 0, 0, 7, 8, 0, 0, 7, 0, 8, 0, 7, 9, 7, 8, 0, 0, 8, 0, 0, 8, 9, 6, 7, 0, 0, 0, 0, 0, 6, : 9, 8, 5, 7, 7, 8, 7, 8, 7, 9, 7, 8, 8, 8, 9, 6, 7, 6, 
113: 0, 0, 0, 0, 0, 0, 0, 7, 8, 7, 9, 0, 0, 0, 0, 0, 7, 8, 6, 0, 8, 0, 8, 8, 0, 0, 0, 0, 8, 9, 7, 0, 9, 7, 0, 0, 6, 0, 0, 9, : 7, 8, 7, 9, 7, 8, 6, 8, 8, 8, 8, 9, 7, 9, 7, 6, 9, 
68: 0, 7, 0, 9, 0, 0, 8, 0, 5, 7, 8, 0, 7, 0, 0, 0, 6, 8, 7, 8, 0, 5, 6, 6, 8, 7, 0, 0, 7, 5, 0, 0, 8, 6, 7, 0, 0, 0, 0, 8, : 7, 9, 8, 5, 7, 8, 7, 6, 8, 7, 8, 5, 6, 6, 8, 7, 7, 5, 8, 6, 7, 8, 
29: 0, 6, 0, 5, 10, 5, 0, 0, 7, 9, 0, 8, 0, 0, 0, 5, 0, 0, 0, 0, 9, 7, 0, 0, 8, 6, 0, 0, 0, 8, 0, 9, 8, 7, 7, 7, 9, 8, 9, 0, : 6, 5, 10, 5, 7, 9, 8, 5, 9, 7, 8, 6, 8, 9, 8, 7, 7, 7, 9, 8, 9, 
139: 10, 0, 5, 0, 0, 4, 0, 7, 6, 5, 0, 0, 0, 10, 0, 0, 0, 7, 7, 0, 8, 0, 0, 0, 0, 5, 0, 7, 7, 0, 7, 0, 0, 8, 8, 8, 0, 0, 0, 0, : 10, 5, 4, 7, 6, 5, 10, 7, 7, 8, 5, 7, 7, 7, 8, 8, 8, 
37: 6, 0, 0, 0, 6, 7, 8, 0, 0, 0, 0, 9, 0, 4, 9, 8, 0, 0, 0, 8, 0, 0, 0, 5, 0, 7, 7, 8, 0, 0, 0, 5, 0, 8, 0, 7, 8, 8, 7, 0, : 6, 6, 7, 8, 9, 4, 9, 8, 8, 5, 7, 7, 8, 5, 8, 7, 8, 8, 7, 
30: 8, 0, 10, 9, 0, 8, 7, 8, 8, 7, 0, 11, 10, 0, 0, 0, 8, 9, 8, 0, 7, 7, 7, 0, 0, 0, 6, 6, 7, 0, 0, 8, 0, 0, 7, 7, 0, 0, 7, 7, : 8, 10, 9, 8, 7, 8, 8, 7, 11, 10, 8, 9, 8, 7, 7, 7, 6, 6, 7, 8, 7, 7, 7, 7, 
114: 0, 0, 7, 7, 0, 0, 0, 0, 0, 0, 0, 0, 6, 8, 5, 0, 5, 0, 0, 0, 0, 9, 0, 7, 7, 0, 7, 0, 0, 8, 9, 0, 0, 8, 8, 7, 0, 7, 8, 9, : 7, 7, 6, 8, 5, 5, 9, 7, 7, 7, 8, 9, 8, 8, 7, 7, 8, 9, 
124: 0, 10, 8, 0, 10, 7, 9, 8, 7, 10, 0, 8, 0, 10, 0, 0, 0, 0, 8, 7, 0, 9, 7, 0, 6, 0, 0, 7, 9, 7, 0, 0, 8, 0, 0, 0, 9, 6, 0, 0, : 10, 8, 10, 7, 9, 8, 7, 10, 8, 10, 8, 7, 9, 7, 6, 7, 9, 7, 8, 9, 6, 
66: 0, 0, 9, 9, 9, 9, 8, 5, 0, 0, 7, 0, 0, 0, 7, 0, 0, 7, 6, 6, 7, 8, 8, 8, 0, 8, 9, 0, 0, 0, 8, 7, 0, 9, 7, 0, 7, 9, 9, 0, : 9, 9, 9, 9, 8, 5, 7, 7, 7, 6, 6, 7, 8, 8, 8, 8, 9, 8, 7, 9, 7, 7, 9, 9, 
127: 0, 0, 0, 0, 0, 8, 7, 5, 0, 0, 0, 5, 7, 0, 6, 6, 0, 6, 7, 7, 0, 7, 8, 8, 6, 8, 8, 8, 0, 0, 0, 0, 0, 0, 5, 8, 7, 8, 0, 9, : 8, 7, 5, 5, 7, 6, 6, 6, 7, 7, 7, 8, 8, 6, 8, 8, 8, 5, 8, 7, 8, 9, 
50: 0, 0, 10, 9, 5, 0, 8, 7, 11, 7, 8, 4, 10, 8, 0, 0, 0, 6, 0, 7, 7, 9, 8, 0, 0, 6, 0, 0, 6, 0, 0, 7, 8, 0, 0, 8, 7, 0, 8, 0, : 10, 9, 5, 8, 7, 11, 7, 8, 4, 10, 8, 6, 7, 7, 9, 8, 6, 6, 7, 8, 8, 7, 8, 
101: 9, 6, 8, 0, 5, 8, 0, 0, 0, 9, 9, 7, 4, 0, 8, 8, 0, 6, 8, 7, 0, 0, 5, 0, 0, 8, 0, 8, 7, 8, 0, 0, 0, 8, 6, 0, 0, 9, 0, 0, : 9, 6, 8, 5, 8, 9, 9, 7, 4, 8, 8, 6, 8, 7, 5, 8, 8, 7, 8, 8, 6, 9, 
134: 9, 5, 0, 0, 7, 7, 0, 7, 10, 0, 0, 0, 0, 8, 7, 8, 0, 8, 0, 0, 0, 8, 9, 0, 0, 0, 0, 0, 0, 0, 0, 0, 7, 7, 8, 0, 8, 8, 0, 8, : 9, 5, 7, 7, 7, 10, 8, 7, 8, 8, 8, 9, 7, 7, 8, 8, 8, 8, 
130: 0, 0, 9, 7, 9, 0, 8, 7, 0, 0, 10, 10, 8, 0, 0, 0, 8, 8, 0, 9, 0, 8, 0, 9, 8, 0, 6, 0, 0, 0, 6, 8, 0, 0, 0, 0, 0, 0, 0, 0, : 9, 7, 9, 8, 7, 10, 10, 8, 8, 8, 9, 8, 9, 8, 6, 6, 8, 
163: 0, 8, 4, 7, 8, 7, 0, 0, 7, 8, 7, 0, 0, 6, 8, 0, 9, 7, 0, 0, 0, 0, 7, 0, 0, 8, 0, 0, 7, 0, 0, 0, 6, 0, 0, 0, 8, 0, 0, 8, : 8, 4, 7, 8, 7, 7, 8, 7, 6, 8, 9, 7, 7, 8, 7, 6, 8, 8, 
87: 0, 7, 0, 0, 6, 0, 7, 9, 0, 0, 0, 8, 9, 4, 7, 9, 8, 0, 7, 7, 7, 8, 0, 0, 7, 0, 0, 8, 0, 0, 0, 7, 0, 0, 0, 0, 0, 7, 0, 8, : 7, 6, 7, 9, 8, 9, 4, 7, 9, 8, 7, 7, 7, 8, 7, 8, 7, 7, 8, 
158: 6, 0, 6, 6, 0, 0, 0, 0, 8, 0, 7, 0, 7, 0, 0, 7, 0, 7, 0, 5, 0, 6, 0, 0, 0, 9, 0, 7, 6, 0, 0, 0, 0, 7, 7, 9, 0, 0, 7, 0, : 6, 6, 6, 8, 7, 7, 7, 7, 5, 6, 9, 7, 6, 7, 7, 9, 7, 
97: 5, 0, 10, 8, 0, 6, 5, 7, 10, 10, 0, 0, 0, 0, 7, 7, 8, 0, 7, 0, 7, 8, 9, 7, 0, 7, 0, 7, 0, 0, 5, 6, 0, 8, 0, 7, 0, 0, 9, 8, : 5, 10, 8, 6, 5, 7, 10, 10, 7, 7, 8, 7, 7, 8, 9, 7, 7, 7, 5, 6, 8, 7, 9, 8, 
41: 6, 0, 0, 9, 0, 0, 0, 0, 7, 10, 0, 0, 0, 7, 0, 0, 8, 0, 0, 0, 9, 0, 0, 8, 5, 0, 8, 7, 0, 0, 0, 8, 7, 0, 0, 5, 7, 0, 6, 8, : 6, 9, 7, 10, 7, 8, 9, 8, 5, 8, 7, 8, 7, 5, 7, 6, 8, 
31: 8, 7, 7, 0, 0, 0, 0, 0, 0, 6, 0, 7, 10, 0, 8, 0, 8, 0, 7, 0, 0, 0, 0, 0, 7, 0, 8, 7, 9, 7, 9, 0, 0, 0, 7, 8, 7, 8, 0, 6, : 8, 7, 7, 6, 7, 10, 8, 8, 7, 7, 8, 7, 9, 7, 9, 7, 8, 7, 8, 6, 
110: 7, 0, 0, 0, 11, 0, 0, 11, 0, 0, 0, 9, 6, 9, 0, 0, 7, 7, 0, 8, 0, 0, 9, 6, 9, 7, 0, 0, 0, 6, 0, 0, 0, 0, 8, 8, 0, 0, 7, 0, : 7, 11, 11, 9, 6, 9, 7, 7, 8, 9, 6, 9, 7, 6, 8, 8, 7, 
92: 8, 6, 0, 7, 0, 9, 0, 0, 0, 7, 0, 5, 0, 11, 10, 8, 8, 0, 8, 0, 7, 0, 0, 7, 9, 0, 9, 0, 8, 7, 7, 8, 0, 8, 9, 7, 7, 7, 8, 0, : 8, 6, 7, 9, 7, 5, 11, 10, 8, 8, 8, 7, 7, 9, 9, 8, 7, 7, 8, 8, 9, 7, 7, 7, 8, 
94: 8, 8, 0, 0, 7, 10, 7, 0, 0, 0, 8, 9, 0, 0, 7, 0, 9, 0, 0, 0, 0, 0, 0, 7, 9, 9, 0, 0, 7, 9, 8, 0, 0, 0, 8, 0, 8, 8, 6, 0, : 8, 8, 7, 10, 7, 8, 9, 7, 9, 7, 9, 9, 7, 9, 8, 8, 8, 8, 6, 
119: 8, 8, 0, 5, 5, 9, 0, 0, 8, 9, 9, 0, 6, 8, 9, 8, 7, 0, 8, 9, 7, 9, 0, 0, 0, 0, 5, 0, 0, 8, 0, 7, 7, 0, 0, 0, 0, 0, 7, 0, : 8, 8, 5, 5, 9, 8, 9, 9, 6, 8, 9, 8, 7, 8, 9, 7, 9, 5, 8, 7, 7, 7, 
156: 0, 9, 6, 0, 0, 6, 6, 0, 10, 0, 0, 0, 8, 11, 0, 8, 0, 9, 9, 7, 7, 7, 0, 0, 7, 7, 9, 9, 0, 0, 0, 8, 9, 6, 0, 0, 0, 7, 5, 7, : 9, 6, 6, 6, 10, 8, 11, 8, 9, 9, 7, 7, 7, 7, 7, 9, 9, 8, 9, 6, 7, 5, 7, 
26: 0, 9, 0, 7, 0, 0, 0, 11, 0, 6, 0, 0, 4, 7, 7, 8, 7, 6, 0, 9, 8, 0, 8, 9, 0, 9, 9, 0, 8, 7, 0, 0, 7, 0, 9, 0, 9, 5, 0, 0, : 9, 7, 11, 6, 4, 7, 7, 8, 7, 6, 9, 8, 8, 9, 9, 9, 8, 7, 7, 9, 9, 5, 
90: 6, 0, 0, 0, 7, 0, 10, 0, 0, 0, 8, 0, 6, 0, 0, 6, 9, 8, 0, 0, 9, 0, 0, 0, 0, 0, 0, 0, 0, 6, 0, 8, 9, 0, 0, 7, 0, 0, 8, 7, : 6, 7, 10, 8, 6, 6, 9, 8, 9, 6, 8, 9, 7, 8, 7, 
196: 0, 6, 0, 6, 7, 0, 0, 0, 8, 0, 9, 0, 0, 8, 5, 0, 0, 0, 8, 0, 8, 0, 0, 9, 7, 7, 0, 9, 9, 8, 9, 0, 5, 5, 7, 0, 7, 7, 9, 0, : 6, 6, 7, 8, 9, 8, 5, 8, 8, 9, 7, 7, 9, 9, 8, 9, 5, 5, 7, 7, 7, 9, 
165: 0, 11, 6, 0, 9, 0, 6, 0, 0, 0, 8, 0, 7, 0, 0, 10, 0, 9, 0, 0, 8, 0, 7, 0, 0, 0, 8, 0, 0, 7, 6, 9, 0, 9, 0, 8, 0, 6, 7, 0, : 11, 6, 9, 6, 8, 7, 10, 9, 8, 7, 8, 7, 6, 9, 9, 8, 6, 7, 
34: 0, 0, 8, 11, 0, 6, 9, 0, 7, 7, 4, 9, 10, 0, 8, 5, 0, 0, 0, 0, 9, 7, 8, 9, 0, 0, 0, 5, 0, 0, 0, 7, 7, 0, 9, 0, 8, 0, 8, 7, : 8, 11, 6, 9, 7, 7, 4, 9, 10, 8, 5, 9, 7, 8, 9, 5, 7, 7, 9, 8, 8, 7, 
173: 7, 0, 0, 0, 0, 0, 0, 0, 5, 4, 6, 9, 10, 0, 0, 9, 0, 0, 9, 7, 7, 7, 0, 0, 8, 0, 8, 9, 8, 7, 7, 9, 0, 7, 8, 6, 8, 0, 8, 0, : 7, 5, 4, 6, 9, 10, 9, 9, 7, 7, 7, 8, 8, 9, 8, 7, 7, 9, 7, 8, 6, 8, 8, 
182: 7, 8, 8, 0, 8, 0, 8, 0, 0, 0, 5, 0, 0, 6, 0, 0, 7, 9, 0, 0, 0, 0, 0, 0, 9, 8, 7, 6, 5, 0, 0, 0, 9, 0, 0, 9, 0, 7, 0, 9, : 7, 8, 8, 8, 8, 5, 6, 7, 9, 9, 8, 7, 6, 5, 9, 9, 7, 9, 
150: 0, 5, 0, 4, 0, 7, 8, 10, 0, 0, 10, 0, 0, 0, 0, 5, 0, 8, 0, 9, 5, 6, 0, 7, 0, 9, 7, 0, 0, 9, 7, 7, 0, 0, 6, 0, 0, 9, 0, 0, : 5, 4, 7, 8, 10, 10, 5, 8, 9, 5, 6, 7, 9, 7, 9, 7, 7, 6, 9, 
160: 0, 7, 6, 9, 0, 9, 0, 7, 0, 0, 5, 7, 0, 0, 0, 0, 0, 0, 0, 0, 6, 0, 0, 7, 0, 0, 0, 0, 7, 0, 7, 6, 8, 9, 0, 0, 6, 0, 0, 5, : 7, 6, 9, 9, 7, 5, 7, 6, 7, 7, 7, 6, 8, 9, 6, 5, 
128: 8, 0, 6, 0, 5, 0, 4, 7, 0, 7, 6, 4, 7, 6, 8, 0, 0, 0, 8, 0, 0, 8, 0, 8, 7, 0, 8, 0, 0, 8, 8, 0, 0, 0, 0, 9, 9, 0, 7, 7, : 8, 6, 5, 4, 7, 7, 6, 4, 7, 6, 8, 8, 8, 8, 7, 8, 8, 8, 9, 9, 7, 7, 
28: 9, 0, 6, 7, 0, 0, 8, 6, 0, 0, 0, 0, 0, 7, 7, 8, 6, 0, 7, 8, 0, 0, 7, 8, 0, 0, 7, 7, 8, 0, 8, 0, 7, 9, 0, 0, 0, 9, 0, 0, : 9, 6, 7, 8, 6, 7, 7, 8, 6, 7, 8, 7, 8, 7, 7, 8, 8, 7, 9, 9, 
44: 0, 0, 0, 9, 0, 8, 9, 6, 7, 0, 7, 7, 8, 0, 9, 0, 6, 0, 0, 0, 0, 0, 7, 0, 8, 8, 0, 9, 0, 0, 9, 0, 7, 0, 0, 6, 0, 7, 0, 7, : 9, 8, 9, 6, 7, 7, 7, 8, 9, 6, 7, 8, 8, 9, 9, 7, 6, 7, 7, 


143: 5, 8, 8, 0, 0, 0, 8, 0, 7, 5, 8, 0, 0, 10, 0, 7, 0, 0, 0, 8, 7, 0, 0, 8, 0, 0, 0, 7, 0, 0, 7, 6, 8, 0, 0, 0, 8, 0, 0, 0, : 5, 8, 8, 8, 7, 5, 8, 10, 7, 8, 7, 8, 7, 7, 6, 8, 8, 
154: 0, 0, 0, 7, 8, 9, 11, 5, 8, 8, 0, 9, 5, 9, 0, 0, 0, 8, 6, 0, 0, 0, 9, 0, 8, 7, 8, 0, 7, 7, 9, 0, 0, 0, 0, 8, 0, 0, 0, 0, : 7, 8, 9, 11, 5, 8, 8, 9, 5, 9, 8, 6, 9, 8, 7, 8, 7, 7, 9, 8, 
72: 0, 0, 0, 0, 8, 5, 0, 0, 7, 0, 0, 0, 0, 0, 8, 0, 9, 0, 0, 0, 0, 8, 0, 0, 6, 0, 0, 7, 0, 0, 0, 8, 7, 7, 7, 0, 0, 0, 0, 0, : 8, 5, 7, 8, 9, 8, 6, 7, 8, 7, 7, 7, 
180: 8, 0, 0, 6, 5, 11, 7, 8, 0, 9, 0, 6, 8, 6, 0, 6, 9, 7, 7, 0, 8, 8, 0, 0, 0, 0, 8, 8, 7, 9, 8, 0, 0, 0, 0, 0, 0, 8, 0, 0, : 8, 6, 5, 11, 7, 8, 9, 6, 8, 6, 6, 9, 7, 7, 8, 8, 8, 8, 7, 9, 8, 8, 
146: 5, 8, 9, 0, 7, 9, 7, 7, 7, 8, 9, 0, 0, 10, 0, 0, 0, 0, 0, 7, 0, 0, 6, 0, 0, 0, 8, 0, 0, 8, 9, 7, 9, 8, 0, 0, 0, 7, 0, 8, : 5, 8, 9, 7, 9, 7, 7, 7, 8, 9, 10, 7, 6, 8, 8, 9, 7, 9, 8, 7, 8, 
120: 6, 9, 0, 8, 0, 8, 0, 8, 8, 6, 0, 0, 7, 0, 7, 4, 6, 0, 9, 0, 8, 9, 0, 0, 8, 8, 0, 0, 8, 0, 0, 7, 8, 0, 7, 7, 8, 8, 7, 0, : 6, 9, 8, 8, 8, 8, 6, 7, 7, 4, 6, 9, 8, 9, 8, 8, 8, 7, 8, 7, 7, 8, 8, 7, 
99: 8, 7, 0, 4, 0, 0, 0, 5, 0, 0, 0, 7, 6, 0, 0, 7, 0, 9, 9, 8, 0, 9, 7, 8, 9, 7, 9, 0, 7, 0, 0, 8, 7, 8, 8, 7, 7, 9, 8, 8, : 8, 7, 4, 5, 7, 6, 7, 9, 9, 8, 9, 7, 8, 9, 7, 9, 7, 8, 7, 8, 8, 7, 7, 9, 8, 8, 
14: 7, 4, 9, 8, 5, 8, 0, 9, 7, 9, 10, 6, 0, 0, 0, 8, 0, 0, 0, 5, 7, 7, 0, 8, 0, 7, 9, 5, 0, 0, 8, 0, 0, 8, 8, 0, 5, 8, 8, 9, : 7, 4, 9, 8, 5, 8, 9, 7, 9, 10, 6, 8, 5, 7, 7, 8, 7, 9, 5, 8, 8, 8, 5, 8, 8, 9, 
16: 0, 0, 0, 0, 5, 11, 0, 8, 0, 6, 5, 6, 10, 6, 0, 0, 8, 5, 8, 8, 0, 0, 7, 0, 0, 0, 0, 0, 9, 0, 8, 0, 7, 8, 8, 9, 0, 0, 6, 8, : 5, 11, 8, 6, 5, 6, 10, 6, 8, 5, 8, 8, 7, 9, 8, 7, 8, 8, 9, 6, 8, 
89: 9, 0, 0, 6, 6, 6, 0, 0, 0, 0, 0, 0, 6, 0, 0, 6, 7, 0, 0, 0, 7, 7, 8, 0, 8, 0, 0, 9, 0, 0, 0, 5, 0, 9, 7, 6, 8, 0, 7, 5, : 9, 6, 6, 6, 6, 6, 7, 7, 7, 8, 8, 9, 5, 9, 7, 6, 8, 7, 5, 
198: 0, 8, 8, 0, 6, 7, 0, 7, 5, 0, 6, 8, 0, 5, 11, 10, 0, 8, 0, 0, 6, 0, 8, 0, 8, 0, 0, 0, 0, 0, 0, 8, 0, 0, 8, 7, 7, 0, 7, 7, : 8, 8, 6, 7, 7, 5, 6, 8, 5, 11, 10, 8, 6, 8, 8, 8, 8, 7, 7, 7, 7, 
189: 0, 10, 6, 5, 5, 8, 7, 0, 9, 0, 0, 5, 8, 0, 0, 0, 7, 0, 7, 8, 0, 0, 0, 0, 0, 0, 8, 6, 0, 8, 0, 8, 0, 0, 0, 0, 0, 0, 0, 0, : 10, 6, 5, 5, 8, 7, 9, 5, 8, 7, 7, 8, 8, 6, 8, 8, 
84: 0, 0, 6, 0, 0, 0, 0, 0, 0, 0, 9, 10, 0, 0, 10, 8, 8, 9, 0, 0, 9, 7, 0, 6, 0, 7, 8, 0, 0, 0, 7, 0, 0, 0, 0, 0, 8, 0, 0, 0, : 6, 9, 10, 10, 8, 8, 9, 9, 7, 6, 7, 8, 7, 8, 
192: 0, 9, 0, 8, 7, 8, 0, 0, 0, 0, 7, 10, 6, 0, 0, 0, 10, 9, 0, 9, 7, 0, 0, 0, 7, 8, 7, 8, 0, 0, 0, 8, 7, 8, 8, 0, 9, 7, 8, 9, : 9, 8, 7, 8, 7, 10, 6, 10, 9, 9, 7, 7, 8, 7, 8, 8, 7, 8, 8, 9, 7, 8, 9, 
171: 0, 8, 4, 7, 7, 5, 0, 0, 0, 0, 0, 0, 9, 0, 10, 10, 0, 0, 7, 0, 0, 0, 0, 0, 0, 8, 8, 7, 8, 7, 5, 0, 0, 0, 0, 8, 8, 8, 0, 7, : 8, 4, 7, 7, 5, 9, 10, 10, 7, 8, 8, 7, 8, 7, 5, 8, 8, 8, 7, 
200: 0, 0, 0, 0, 0, 0, 9, 7, 0, 0, 5, 10, 4, 6, 0, 0, 0, 5, 0, 7, 8, 0, 0, 0, 8, 8, 7, 9, 9, 0, 7, 0, 8, 0, 0, 8, 0, 0, 0, 8, : 9, 7, 5, 10, 4, 6, 5, 7, 8, 8, 8, 7, 9, 9, 7, 8, 8, 8, 
122: 7, 0, 5, 0, 11, 4, 6, 0, 0, 0, 8, 7, 9, 0, 8, 8, 0, 7, 8, 0, 8, 0, 8, 8, 0, 9, 0, 0, 0, 8, 7, 7, 8, 7, 0, 8, 0, 0, 8, 7, : 7, 5, 11, 4, 6, 8, 7, 9, 8, 8, 7, 8, 8, 8, 8, 9, 8, 7, 7, 8, 7, 8, 8, 7, 
109: 0, 0, 8, 0, 0, 5, 9, 0, 6, 7, 7, 0, 0, 0, 7, 0, 0, 8, 8, 0, 0, 0, 8, 8, 5, 0, 0, 8, 0, 8, 8, 0, 0, 0, 0, 0, 6, 7, 0, 7, : 8, 5, 9, 6, 7, 7, 7, 8, 8, 8, 8, 5, 8, 8, 8, 6, 7, 7, 
47: 0, 7, 0, 0, 0, 10, 6, 8, 8, 7, 0, 0, 0, 7, 7, 5, 0, 0, 0, 7, 0, 5, 0, 8, 0, 5, 0, 7, 8, 0, 8, 0, 8, 0, 0, 0, 8, 0, 5, 0, : 7, 10, 6, 8, 8, 7, 7, 7, 5, 7, 5, 8, 5, 7, 8, 8, 8, 8, 5, 
93: 9, 6, 6, 10, 9, 0, 4, 0, 0, 0, 6, 8, 7, 6, 6, 9, 10, 0, 9, 0, 0, 0, 8, 7, 7, 8, 0, 0, 0, 0, 0, 8, 7, 8, 0, 0, 0, 9, 7, 0, : 9, 6, 6, 10, 9, 4, 6, 8, 7, 6, 6, 9, 10, 9, 8, 7, 7, 8, 8, 7, 8, 9, 7, 
88: 7, 5, 6, 0, 0, 8, 0, 6, 0, 8, 0, 8, 10, 0, 0, 0, 5, 0, 0, 8, 8, 8, 7, 8, 8, 0, 7, 0, 0, 0, 0, 0, 7, 6, 0, 0, 7, 8, 0, 7, : 7, 5, 6, 8, 6, 8, 8, 10, 5, 8, 8, 8, 7, 8, 8, 7, 7, 6, 7, 8, 7, 
111: 9, 0, 0, 0, 0, 0, 8, 8, 0, 0, 0, 0, 8, 9, 7, 5, 7, 9, 7, 7, 8, 8, 7, 9, 7, 0, 0, 7, 8, 7, 8, 0, 0, 0, 0, 7, 7, 0, 7, 8, : 9, 8, 8, 8, 9, 7, 5, 7, 9, 7, 7, 8, 8, 7, 9, 7, 7, 8, 7, 8, 7, 7, 7, 8, 
77: 5, 8, 0, 0, 9, 0, 0, 7, 6, 9, 0, 0, 0, 4, 5, 0, 10, 0, 9, 0, 8, 8, 5, 0, 7, 0, 0, 8, 8, 8, 0, 0, 8, 7, 0, 8, 0, 8, 9, 7, : 5, 8, 9, 7, 6, 9, 4, 5, 10, 9, 8, 8, 5, 7, 8, 8, 8, 8, 7, 8, 8, 9, 7, 
46: 9, 8, 8, 5, 0, 0, 0, 0, 0, 6, 0, 7, 0, 7, 7, 8, 0, 0, 0, 0, 0, 0, 9, 9, 0, 0, 7, 8, 0, 9, 8, 0, 5, 0, 9, 0, 0, 0, 8, 0, : 9, 8, 8, 5, 6, 7, 7, 7, 8, 9, 9, 7, 8, 9, 8, 5, 9, 8, 
12: 7, 0, 6, 0, 0, 0, 10, 9, 7, 0, 7, 6, 5, 10, 5, 0, 0, 8, 6, 0, 8, 0, 8, 0, 8, 7, 7, 8, 7, 7, 7, 0, 0, 8, 7, 7, 9, 8, 0, 0, : 7, 6, 10, 9, 7, 7, 6, 5, 10, 5, 8, 6, 8, 8, 8, 7, 7, 8, 7, 7, 7, 8, 7, 7, 9, 8, 
197: 0, 8, 9, 0, 0, 0, 7, 0, 8, 0, 0, 0, 7, 0, 7, 10, 7, 10, 0, 8, 0, 7, 7, 5, 0, 6, 0, 0, 7, 0, 7, 7, 0, 9, 9, 8, 0, 0, 8, 0, : 8, 9, 7, 8, 7, 7, 10, 7, 10, 8, 7, 7, 5, 6, 7, 7, 7, 9, 9, 8, 8, 
123: 8, 0, 0, 10, 0, 0, 6, 9, 10, 0, 0, 7, 6, 0, 0, 7, 0, 0, 9, 8, 7, 0, 7, 7, 7, 0, 0, 0, 5, 0, 0, 7, 0, 0, 8, 0, 7, 8, 9, 8, : 8, 10, 6, 9, 10, 7, 6, 7, 9, 8, 7, 7, 7, 7, 5, 7, 8, 7, 8, 9, 8, 
118: 9, 0, 8, 0, 0, 0, 8, 0, 0, 9, 0, 0, 0, 0, 0, 7, 5, 5, 0, 7, 7, 7, 0, 7, 0, 0, 7, 7, 8, 0, 6, 0, 9, 0, 5, 0, 7, 0, 8, 0, : 9, 8, 8, 9, 7, 5, 5, 7, 7, 7, 7, 7, 7, 8, 6, 9, 5, 7, 8, 
125: 0, 0, 8, 10, 10, 0, 6, 0, 8, 8, 9, 0, 8, 0, 10, 7, 0, 7, 8, 9, 5, 0, 8, 7, 8, 0, 0, 0, 0, 5, 0, 7, 7, 0, 8, 0, 7, 0, 7, 0, : 8, 10, 10, 6, 8, 8, 9, 8, 10, 7, 7, 8, 9, 5, 8, 7, 8, 5, 7, 7, 8, 7, 7, 
56: 7, 0, 0, 9, 0, 9, 0, 0, 0, 6, 9, 0, 0, 0, 0, 11, 0, 7, 7, 7, 8, 8, 0, 7, 0, 0, 8, 0, 0, 8, 0, 7, 0, 0, 7, 8, 0, 7, 7, 8, : 7, 9, 9, 6, 9, 11, 7, 7, 7, 8, 8, 7, 8, 8, 7, 7, 8, 7, 7, 8, 
15: 0, 5, 0, 7, 0, 0, 9, 0, 0, 0, 0, 8, 0, 0, 4, 0, 7, 0, 0, 0, 0, 6, 0, 7, 0, 8, 0, 7, 8, 6, 0, 9, 8, 7, 7, 9, 0, 0, 0, 8, : 5, 7, 9, 8, 4, 7, 6, 7, 8, 7, 8, 6, 9, 8, 7, 7, 9, 8, 
172: 0, 0, 0, 8, 0, 0, 0, 8, 9, 8, 5, 5, 0, 11, 6, 0, 0, 7, 5, 0, 0, 7, 0, 7, 0, 0, 5, 0, 0, 7, 8, 0, 0, 0, 0, 7, 0, 7, 0, 0, : 8, 8, 9, 8, 5, 5, 11, 6, 7, 5, 7, 7, 5, 7, 8, 7, 7, 
103: 0, 0, 10, 0, 9, 0, 8, 0, 0, 0, 10, 0, 0, 6, 0, 0, 0, 0, 0, 0, 0, 8, 8, 0, 9, 9, 0, 8, 8, 0, 0, 9, 6, 8, 8, 0, 8, 7, 0, 6, : 10, 9, 8, 10, 6, 8, 8, 9, 9, 8, 8, 9, 6, 8, 8, 8, 7, 6, 
126: 9, 0, 9, 0, 8, 0, 8, 7, 6, 8, 7, 0, 11, 0, 0, 0, 8, 0, 0, 0, 9, 0, 7, 0, 7, 0, 7, 0, 7, 7, 0, 8, 0, 7, 0, 5, 0, 5, 8, 7, : 9, 9, 8, 8, 7, 6, 8, 7, 11, 8, 9, 7, 7, 7, 7, 7, 8, 7, 5, 5, 8, 7, 
53: 7, 8, 0, 7, 7, 8, 0, 6, 7, 9, 0, 0, 0, 8, 0, 0, 0, 0, 0, 8, 0, 0, 0, 8, 0, 8, 0, 0, 0, 8, 7, 0, 0, 0, 0, 0, 0, 7, 0, 0, : 7, 8, 7, 7, 8, 6, 7, 9, 8, 8, 8, 8, 8, 7, 7, 
132: 0, 9, 0, 8, 9, 0, 0, 11, 9, 0, 8, 0, 0, 8, 0, 0, 6, 8, 8, 7, 0, 0, 0, 0, 7, 7, 6, 0, 0, 8, 8, 0, 0, 0, 7, 0, 0, 8, 0, 0, : 9, 8, 9, 11, 9, 8, 8, 6, 8, 8, 7, 7, 7, 6, 8, 8, 7, 8, 
43: 0, 0, 8, 0, 0, 0, 0, 0, 0, 0, 0, 8, 0, 8, 10, 0, 5, 0, 6, 0, 0, 0, 0, 0, 0, 0, 8, 0, 6, 0, 0, 0, 0, 7, 0, 0, 8, 6, 8, 0, : 8, 8, 8, 10, 5, 6, 8, 6, 7, 8, 6, 8, 
60: 9, 7, 0, 0, 9, 6, 6, 0, 8, 0, 8, 0, 0, 7, 0, 0, 8, 8, 0, 8, 7, 8, 8, 0, 0, 8, 0, 8, 7, 7, 0, 0, 8, 8, 0, 8, 0, 0, 0, 0, : 9, 7, 9, 6, 6, 8, 8, 7, 8, 8, 8, 7, 8, 8, 8, 8, 7, 7, 8, 8, 8, 
167: 0, 0, 0, 7, 0, 5, 0, 7, 0, 7, 0, 0, 10, 0, 8, 0, 8, 6, 7, 6, 0, 8, 0, 8, 0, 7, 0, 0, 8, 0, 0, 8, 8, 5, 6, 7, 0, 0, 0, 0, : 7, 5, 7, 7, 10, 8, 8, 6, 7, 6, 8, 8, 7, 8, 8, 8, 5, 6, 7, 
137: 0, 8, 9, 10, 0, 0, 0, 0, 0, 7, 7, 9, 0, 7, 7, 7, 0, 0, 0, 0, 0, 7, 0, 0, 8, 8, 8, 8, 0, 8, 0, 8, 0, 7, 8, 8, 8, 0, 0, 8, : 8, 9, 10, 7, 7, 9, 7, 7, 7, 7, 8, 8, 8, 8, 8, 8, 7, 8, 8, 8, 8, 


6: 0, 8, 0, 0, 0, 0, 10, 7, 0, 6, 7, 0, 6, 7, 8, 8, 5, 9, 7, 8, 7, 9, 5, 9, 0, 9, 8, 0, 8, 0, 0, 0, 0, 0, 8, 8, 9, 0, 0, 0, : 8, 10, 7, 6, 7, 6, 7, 8, 8, 5, 9, 7, 8, 7, 9, 5, 9, 9, 8, 8, 8, 8, 9, 
86: 8, 6, 8, 9, 0, 7, 0, 6, 8, 7, 0, 9, 10, 11, 0, 8, 5, 0, 8, 0, 7, 0, 0, 8, 0, 0, 0, 0, 0, 0, 6, 0, 0, 9, 0, 0, 0, 8, 8, 8, : 8, 6, 8, 9, 7, 6, 8, 7, 9, 10, 11, 8, 5, 8, 7, 8, 6, 9, 8, 8, 8, 
85: 6, 0, 6, 8, 8, 0, 8, 7, 10, 0, 0, 0, 0, 4, 7, 0, 7, 7, 0, 0, 9, 0, 0, 0, 0, 0, 8, 0, 0, 0, 8, 0, 8, 0, 9, 6, 0, 0, 9, 8, : 6, 6, 8, 8, 8, 7, 10, 4, 7, 7, 7, 9, 8, 8, 8, 9, 6, 9, 8, 
153: 0, 5, 0, 0, 0, 7, 0, 8, 0, 6, 0, 10, 0, 0, 0, 8, 0, 8, 0, 8, 0, 9, 0, 8, 0, 7, 0, 7, 6, 9, 0, 7, 7, 0, 7, 7, 7, 0, 7, 5, : 5, 7, 8, 6, 10, 8, 8, 8, 9, 8, 7, 7, 6, 9, 7, 7, 7, 7, 7, 7, 5, 
169: 7, 7, 9, 10, 0, 9, 8, 0, 0, 10, 0, 11, 5, 0, 10, 9, 5, 0, 7, 8, 0, 0, 8, 5, 8, 0, 0, 0, 7, 0, 0, 0, 6, 0, 8, 8, 0, 0, 6, 7, : 7, 7, 9, 10, 9, 8, 10, 11, 5, 10, 9, 5, 7, 8, 8, 5, 8, 7, 6, 8, 8, 6, 7, 
21: 9, 7, 0, 6, 9, 9, 0, 7, 6, 0, 10, 5, 0, 11, 6, 0, 0, 0, 0, 8, 0, 0, 0, 9, 0, 7, 5, 0, 0, 8, 0, 7, 7, 0, 0, 8, 0, 9, 0, 0, : 9, 7, 6, 9, 9, 7, 6, 10, 5, 11, 6, 8, 9, 7, 5, 8, 7, 7, 8, 9, 
141: 7, 0, 0, 8, 8, 0, 8, 0, 0, 8, 0, 0, 0, 0, 0, 0, 0, 7, 9, 0, 8, 0, 7, 7, 0, 8, 7, 8, 0, 7, 0, 8, 8, 6, 0, 7, 8, 0, 0, 6, : 7, 8, 8, 8, 8, 7, 9, 8, 7, 7, 8, 7, 8, 7, 8, 8, 6, 7, 8, 6, 
20: 8, 8, 7, 6, 9, 8, 6, 0, 0, 0, 7, 0, 4, 8, 0, 0, 0, 8, 0, 8, 0, 0, 0, 0, 9, 8, 0, 0, 7, 9, 8, 0, 7, 7, 0, 0, 8, 0, 0, 0, : 8, 8, 7, 6, 9, 8, 6, 7, 4, 8, 8, 8, 9, 8, 7, 9, 8, 7, 7, 8, 
144: 0, 0, 9, 0, 0, 0, 7, 7, 8, 0, 8, 0, 0, 0, 7, 7, 9, 0, 0, 0, 0, 8, 0, 8, 8, 0, 8, 0, 9, 0, 0, 9, 9, 8, 0, 0, 9, 0, 8, 8, : 9, 7, 7, 8, 8, 7, 7, 9, 8, 8, 8, 8, 9, 9, 9, 8, 9, 8, 8, 
9: 8, 0, 0, 7, 0, 0, 6, 0, 8, 0, 0, 0, 9, 0, 7, 11, 0, 0, 9, 0, 8, 0, 7, 6, 0, 6, 8, 0, 6, 0, 0, 6, 0, 0, 7, 8, 9, 5, 7, 0, : 8, 7, 6, 8, 9, 7, 11, 9, 8, 7, 6, 6, 8, 6, 6, 7, 8, 9, 5, 7, 
35: 9, 0, 0, 0, 9, 5, 10, 7, 0, 0, 0, 0, 0, 0, 7, 0, 6, 0, 7, 0, 8, 0, 0, 0, 7, 8, 8, 7, 8, 0, 0, 0, 0, 8, 0, 9, 8, 8, 0, 0, : 9, 9, 5, 10, 7, 7, 6, 7, 8, 7, 8, 8, 7, 8, 8, 9, 8, 8, 
142: 9, 8, 0, 0, 11, 9, 6, 8, 6, 0, 0, 11, 7, 0, 8, 8, 9, 0, 0, 7, 9, 9, 6, 0, 9, 0, 0, 9, 0, 0, 0, 8, 0, 0, 6, 6, 6, 0, 7, 0, : 9, 8, 11, 9, 6, 8, 6, 11, 7, 8, 8, 9, 7, 9, 9, 6, 9, 9, 8, 6, 6, 6, 7, 
51: 0, 9, 7, 0, 0, 5, 0, 9, 0, 0, 11, 5, 8, 6, 0, 8, 0, 0, 9, 5, 7, 0, 7, 0, 0, 7, 8, 0, 8, 0, 7, 8, 6, 9, 9, 0, 8, 0, 5, 0, : 9, 7, 5, 9, 11, 5, 8, 6, 8, 9, 5, 7, 7, 7, 8, 8, 7, 8, 6, 9, 9, 8, 5, 
152: 0, 0, 0, 8, 5, 0, 0, 7, 7, 0, 9, 0, 0, 0, 11, 6, 5, 0, 8, 9, 7, 5, 0, 7, 8, 0, 7, 8, 9, 6, 0, 6, 0, 0, 6, 7, 0, 0, 0, 0, : 8, 5, 7, 7, 9, 11, 6, 5, 8, 9, 7, 5, 7, 8, 7, 8, 9, 6, 6, 6, 7, 
3: 5, 9, 5, 6, 0, 0, 0, 0, 0, 0, 5, 5, 5, 9, 0, 0, 0, 7, 0, 0, 0, 0, 9, 0, 8, 0, 0, 7, 7, 0, 9, 0, 0, 7, 8, 0, 0, 0, 0, 0, : 5, 9, 5, 6, 5, 5, 5, 9, 7, 9, 8, 7, 7, 9, 7, 8, 
42: 0, 0, 7, 0, 4, 0, 8, 0, 9, 9, 6, 0, 0, 0, 0, 5, 8, 7, 7, 0, 7, 7, 0, 0, 6, 0, 0, 8, 5, 8, 7, 7, 0, 0, 0, 0, 8, 0, 0, 0, : 7, 4, 8, 9, 9, 6, 5, 8, 7, 7, 7, 7, 6, 8, 5, 8, 7, 7, 8, 
170: 0, 0, 0, 0, 0, 5, 7, 0, 6, 0, 0, 0, 0, 7, 0, 0, 0, 8, 0, 9, 8, 8, 0, 0, 9, 0, 6, 7, 0, 0, 5, 9, 9, 0, 7, 7, 0, 0, 0, 0, : 5, 7, 6, 7, 8, 9, 8, 8, 9, 6, 7, 5, 9, 9, 7, 7, 
188: 6, 9, 9, 0, 0, 6, 0, 7, 7, 0, 0, 10, 0, 9, 0, 5, 0, 6, 0, 0, 0, 0, 0, 0, 7, 7, 0, 0, 7, 8, 9, 0, 8, 0, 0, 8, 0, 0, 8, 0, : 6, 9, 9, 6, 7, 7, 10, 9, 5, 6, 7, 7, 7, 8, 9, 8, 8, 8, 
49: 0, 0, 5, 7, 8, 0, 9, 0, 7, 5, 8, 6, 5, 10, 5, 0, 0, 8, 0, 0, 0, 0, 0, 0, 0, 0, 0, 8, 8, 5, 7, 0, 8, 7, 0, 0, 8, 8, 8, 0, : 5, 7, 8, 9, 7, 5, 8, 6, 5, 10, 5, 8, 8, 8, 5, 7, 8, 7, 8, 8, 8, 
64: 7, 7, 10, 0, 9, 0, 6, 0, 6, 0, 0, 0, 0, 6, 0, 0, 9, 0, 0, 7, 7, 8, 8, 0, 8, 7, 0, 6, 0, 8, 0, 7, 0, 0, 8, 9, 0, 8, 0, 0, : 7, 7, 10, 9, 6, 6, 6, 9, 7, 7, 8, 8, 8, 7, 6, 8, 7, 8, 9, 8, 
61: 0, 0, 9, 5, 0, 0, 0, 8, 0, 0, 0, 4, 0, 0, 0, 0, 8, 0, 0, 0, 0, 7, 7, 0, 7, 6, 8, 8, 0, 0, 7, 8, 5, 0, 0, 0, 0, 0, 0, 7, : 9, 5, 8, 4, 8, 7, 7, 7, 6, 8, 8, 7, 8, 5, 7, 
18: 7, 0, 0, 0, 6, 8, 0, 6, 7, 7, 10, 0, 0, 5, 9, 0, 0, 0, 5, 8, 8, 7, 0, 8, 8, 0, 9, 8, 0, 7, 8, 0, 7, 8, 0, 0, 7, 8, 0, 7, : 7, 6, 8, 6, 7, 7, 10, 5, 9, 5, 8, 8, 7, 8, 8, 9, 8, 7, 8, 7, 8, 7, 8, 7, 
7: 0, 10, 8, 9, 0, 7, 5, 0, 0, 7, 10, 0, 6, 0, 5, 0, 0, 5, 7, 7, 0, 0, 6, 0, 0, 8, 6, 0, 0, 0, 0, 0, 8, 6, 7, 0, 0, 8, 0, 9, : 10, 8, 9, 7, 5, 7, 10, 6, 5, 5, 7, 7, 6, 8, 6, 8, 6, 7, 8, 9, 
102: 0, 5, 0, 0, 5, 9, 8, 8, 0, 11, 7, 5, 0, 7, 0, 8, 0, 7, 7, 0, 0, 0, 8, 0, 8, 0, 8, 0, 8, 0, 8, 8, 8, 9, 9, 0, 8, 9, 8, 0, : 5, 5, 9, 8, 8, 11, 7, 5, 7, 8, 7, 7, 8, 8, 8, 8, 8, 8, 8, 9, 9, 8, 9, 8, 
70: 0, 0, 6, 9, 8, 10, 7, 0, 0, 0, 0, 7, 11, 0, 0, 9, 9, 0, 0, 0, 7, 0, 8, 6, 7, 8, 0, 5, 0, 8, 0, 5, 7, 0, 0, 0, 8, 8, 7, 8, : 6, 9, 8, 10, 7, 7, 11, 9, 9, 7, 8, 6, 7, 8, 5, 8, 5, 7, 8, 8, 7, 8, 
39: 0, 10, 0, 6, 0, 0, 0, 7, 0, 8, 8, 0, 11, 9, 0, 0, 7, 0, 7, 0, 0, 6, 8, 0, 6, 9, 0, 0, 0, 0, 0, 0, 8, 8, 8, 9, 0, 0, 0, 8, : 10, 6, 7, 8, 8, 11, 9, 7, 7, 6, 8, 6, 9, 8, 8, 8, 9, 8, 
100: 0, 9, 0, 0, 9, 8, 0, 8, 8, 0, 5, 0, 6, 0, 0, 6, 8, 9, 0, 6, 6, 0, 0, 0, 0, 0, 7, 8, 0, 0, 8, 8, 7, 7, 0, 0, 7, 7, 8, 7, : 9, 9, 8, 8, 8, 5, 6, 6, 8, 9, 6, 6, 7, 8, 8, 8, 7, 7, 7, 7, 8, 7, 
55: 0, 6, 9, 0, 9, 7, 0, 8, 7, 6, 0, 7, 9, 8, 6, 0, 0, 0, 0, 0, 0, 7, 0, 0, 5, 8, 9, 9, 0, 0, 6, 0, 9, 5, 0, 7, 0, 6, 8, 0, : 6, 9, 9, 7, 8, 7, 6, 7, 9, 8, 6, 7, 5, 8, 9, 9, 6, 9, 5, 7, 6, 8, 
4: 8, 0, 0, 0, 6, 0, 8, 0, 0, 7, 0, 0, 7, 0, 0, 0, 0, 0, 7, 8, 0, 8, 0, 7, 0, 8, 7, 0, 0, 7, 0, 0, 0, 8, 7, 8, 7, 0, 0, 8, : 8, 6, 8, 7, 7, 7, 8, 8, 7, 8, 7, 7, 8, 7, 8, 7, 8, 
151: 8, 0, 0, 0, 6, 0, 0, 6, 0, 0, 7, 7, 0, 0, 0, 4, 0, 8, 8, 7, 0, 0, 0, 8, 0, 5, 0, 0, 9, 8, 9, 8, 0, 0, 5, 0, 6, 9, 9, 6, : 8, 6, 6, 7, 7, 4, 8, 8, 7, 8, 5, 9, 8, 9, 8, 5, 6, 9, 9, 6, 
78: 0, 0, 9, 4, 0, 11, 0, 0, 8, 7, 0, 10, 8, 0, 7, 8, 0, 0, 0, 0, 5, 6, 0, 0, 8, 7, 7, 7, 7, 6, 0, 0, 0, 0, 8, 0, 0, 6, 7, 8, : 9, 4, 11, 8, 7, 10, 8, 7, 8, 5, 6, 8, 7, 7, 7, 7, 6, 8, 6, 7, 8, 
159: 8, 6, 6, 0, 0, 7, 0, 0, 9, 8, 0, 7, 0, 7, 0, 0, 10, 0, 7, 0, 0, 8, 9, 9, 7, 0, 7, 0, 0, 7, 8, 9, 0, 0, 7, 0, 0, 8, 0, 8, : 8, 6, 6, 7, 9, 8, 7, 7, 10, 7, 8, 9, 9, 7, 7, 7, 8, 9, 7, 8, 8, 
67: 7, 8, 0, 8, 0, 0, 10, 10, 0, 8, 5, 0, 11, 8, 9, 0, 0, 8, 0, 7, 0, 8, 8, 7, 0, 0, 0, 0, 0, 7, 0, 0, 0, 8, 0, 8, 0, 0, 0, 0, : 7, 8, 8, 10, 10, 8, 5, 11, 8, 9, 8, 7, 8, 8, 7, 7, 8, 8, 
25: 0, 5, 7, 9, 0, 4, 5, 0, 0, 0, 5, 7, 0, 0, 0, 8, 6, 8, 0, 7, 8, 0, 0, 8, 0, 0, 0, 9, 8, 0, 0, 0, 8, 7, 8, 5, 7, 7, 8, 7, : 5, 7, 9, 4, 5, 5, 7, 8, 6, 8, 7, 8, 8, 9, 8, 8, 7, 8, 5, 7, 7, 8, 7, 
129: 8, 0, 8, 0, 8, 0, 0, 0, 0, 6, 0, 0, 0, 6, 8, 0, 7, 0, 0, 0, 0, 8, 0, 7, 0, 9, 0, 8, 8, 8, 7, 8, 0, 8, 0, 0, 0, 7, 0, 0, : 8, 8, 8, 6, 6, 8, 7, 8, 7, 9, 8, 8, 8, 7, 8, 8, 7, 
10: 8, 8, 0, 8, 0, 0, 0, 0, 0, 0, 5, 0, 5, 0, 8, 9, 10, 7, 7, 0, 7, 8, 7, 0, 0, 0, 0, 0, 0, 0, 8, 7, 0, 0, 0, 0, 0, 0, 6, 9, : 8, 8, 8, 5, 5, 8, 9, 10, 7, 7, 7, 8, 7, 8, 7, 6, 9, 
187: 7, 0, 0, 8, 6, 0, 0, 0, 0, 8, 0, 0, 0, 8, 8, 5, 9, 10, 8, 8, 9, 0, 7, 8, 7, 0, 9, 0, 7, 7, 0, 7, 0, 7, 0, 0, 7, 7, 7, 7, : 7, 8, 6, 8, 8, 8, 5, 9, 10, 8, 8, 9, 7, 8, 7, 9, 7, 7, 7, 7, 7, 7, 7, 7, 
38: 0, 0, 0, 9, 7, 9, 8, 0, 8, 9, 9, 9, 9, 0, 5, 0, 8, 0, 0, 7, 0, 0, 8, 8, 0, 0, 0, 6, 0, 0, 8, 0, 0, 0, 0, 8, 0, 0, 0, 9, : 9, 7, 9, 8, 8, 9, 9, 9, 9, 5, 8, 7, 8, 8, 6, 8, 8, 9, 
107: 0, 0, 6, 0, 0, 0, 0, 0, 6, 0, 0, 9, 0, 0, 0, 10, 0, 7, 8, 8, 8, 7, 9, 7, 0, 8, 0, 7, 0, 8, 7, 0, 0, 8, 0, 0, 5, 7, 0, 0, : 6, 6, 9, 10, 7, 8, 8, 8, 7, 9, 7, 8, 7, 8, 7, 8, 5, 7, 
36: 0, 0, 0, 0, 0, 0, 0, 9, 9, 7, 8, 6, 8, 4, 9, 0, 0, 6, 8, 0, 0, 7, 8, 0, 0, 0, 0, 0, 8, 9, 0, 0, 0, 0, 8, 7, 0, 7, 9, 0, : 9, 9, 7, 8, 6, 8, 4, 9, 6, 8, 7, 8, 8, 9, 8, 7, 7, 9, 


135: 0, 0, 7, 4, 7, 8, 6, 0, 0, 10, 10, 8, 0, 7, 7, 8, 7, 8, 0, 0, 8, 0, 0, 0, 0, 7, 8, 0, 0, 0, 0, 0, 8, 0, 0, 0, 8, 0, 0, 8, : 7, 4, 7, 8, 6, 10, 10, 8, 7, 7, 8, 7, 8, 8, 7, 8, 8, 8, 8, 
8: 6, 0, 0, 0, 7, 0, 0, 7, 8, 9, 10, 10, 9, 0, 0, 0, 7, 0, 0, 9, 7, 9, 8, 0, 0, 0, 0, 0, 0, 0, 0, 9, 0, 8, 0, 8, 8, 0, 0, 9, : 6, 7, 7, 8, 9, 10, 10, 9, 7, 9, 7, 9, 8, 9, 8, 8, 8, 9, 
69: 8, 0, 7, 9, 6, 0, 0, 0, 0, 9, 0, 6, 0, 0, 11, 9, 0, 8, 0, 0, 0, 7, 0, 8, 8, 0, 7, 7, 8, 9, 0, 0, 7, 6, 0, 6, 0, 0, 0, 0, : 8, 7, 9, 6, 9, 6, 11, 9, 8, 7, 8, 8, 7, 7, 8, 9, 7, 6, 6, 
183: 0, 6, 5, 7, 0, 0, 7, 0, 0, 0, 0, 0, 0, 0, 8, 0, 0, 8, 0, 6, 0, 8, 8, 0, 6, 0, 0, 0, 0, 0, 9, 8, 6, 6, 8, 9, 8, 0, 6, 6, : 6, 5, 7, 7, 8, 8, 6, 8, 8, 6, 9, 8, 6, 6, 8, 9, 8, 6, 6, 
5: 0, 7, 7, 10, 8, 0, 0, 7, 0, 8, 7, 7, 6, 0, 8, 7, 8, 0, 0, 8, 0, 0, 0, 0, 0, 8, 8, 9, 0, 0, 8, 7, 9, 7, 8, 0, 0, 0, 0, 8, : 7, 7, 10, 8, 7, 8, 7, 7, 6, 8, 7, 8, 8, 8, 8, 9, 8, 7, 9, 7, 8, 8, 
190: 0, 8, 8, 5, 7, 8, 0, 6, 0, 0, 0, 0, 10, 8, 0, 0, 7, 8, 8, 7, 8, 0, 8, 6, 7, 0, 0, 0, 0, 6, 0, 0, 8, 9, 7, 0, 8, 8, 0, 0, : 8, 8, 5, 7, 8, 6, 10, 8, 7, 8, 8, 7, 8, 8, 6, 7, 6, 8, 9, 7, 8, 8, 
194: 5, 0, 8, 9, 0, 5, 8, 9, 8, 0, 0, 0, 0, 0, 11, 0, 8, 0, 0, 0, 9, 7, 9, 0, 0, 0, 0, 6, 8, 8, 0, 0, 0, 8, 8, 8, 0, 0, 8, 0, : 5, 8, 9, 5, 8, 9, 8, 11, 8, 9, 7, 9, 6, 8, 8, 8, 8, 8, 8, 
22: 7, 7, 0, 0, 0, 0, 0, 7, 0, 0, 10, 0, 0, 6, 0, 0, 0, 9, 0, 0, 0, 0, 0, 0, 0, 8, 0, 0, 6, 0, 0, 7, 0, 0, 9, 7, 7, 8, 8, 8, : 7, 7, 7, 10, 6, 9, 8, 6, 7, 9, 7, 7, 8, 8, 8, 
161: 0, 0, 5, 10, 0, 0, 0, 0, 0, 9, 0, 5, 9, 0, 0, 10, 0, 0, 0, 7, 8, 0, 8, 0, 0, 0, 6, 8, 0, 0, 0, 0, 0, 0, 7, 8, 9, 7, 8, 0, : 5, 10, 9, 5, 9, 10, 7, 8, 8, 6, 8, 7, 8, 9, 7, 8, 
186: 0, 7, 6, 0, 0, 0, 8, 7, 8, 6, 9, 10, 0, 0, 0, 0, 8, 7, 9, 0, 8, 0, 7, 7, 0, 0, 9, 6, 0, 8, 8, 0, 0, 0, 7, 9, 8, 0, 7, 0, : 7, 6, 8, 7, 8, 6, 9, 10, 8, 7, 9, 8, 7, 7, 9, 6, 8, 8, 7, 9, 8, 7, 
168: 0, 0, 0, 6, 0, 0, 0, 0, 0, 5, 10, 0, 0, 5, 0, 10, 7, 7, 0, 8, 8, 0, 0, 6, 8, 0, 8, 8, 0, 0, 0, 8, 0, 8, 7, 8, 8, 0, 8, 8, : 6, 5, 10, 5, 10, 7, 7, 8, 8, 6, 8, 8, 8, 8, 8, 7, 8, 8, 8, 8, 
33: 7, 10, 7, 7, 10, 10, 0, 0, 0, 0, 0, 6, 11, 0, 5, 8, 0, 0, 7, 0, 0, 0, 6, 8, 0, 9, 8, 0, 7, 7, 7, 6, 0, 7, 0, 0, 0, 0, 0, 8, : 7, 10, 7, 7, 10, 10, 6, 11, 5, 8, 7, 6, 8, 9, 8, 7, 7, 7, 6, 7, 8, 
82: 0, 8, 0, 0, 0, 0, 0, 0, 0, 8, 0, 5, 0, 11, 0, 6, 9, 0, 7, 9, 0, 8, 8, 6, 9, 0, 8, 0, 0, 8, 7, 7, 0, 9, 8, 0, 7, 0, 8, 8, : 8, 8, 5, 11, 6, 9, 7, 9, 8, 8, 6, 9, 8, 8, 7, 7, 9, 8, 7, 8, 8, 
193: 7, 0, 0, 0, 0, 7, 7, 0, 0, 0, 7, 4, 5, 0, 7, 4, 0, 0, 0, 7, 7, 0, 0, 0, 8, 7, 0, 5, 7, 5, 6, 8, 8, 9, 0, 0, 0, 0, 0, 0, : 7, 7, 7, 7, 4, 5, 7, 4, 7, 7, 8, 7, 5, 7, 5, 6, 8, 8, 9, 
11: 10, 0, 7, 0, 8, 0, 7, 0, 0, 0, 0, 7, 7, 9, 8, 9, 0, 8, 0, 8, 0, 0, 9, 0, 0, 0, 0, 8, 0, 0, 0, 6, 0, 0, 0, 0, 0, 7, 7, 9, : 10, 7, 8, 7, 7, 7, 9, 8, 9, 8, 8, 9, 8, 6, 7, 7, 9, 
136: 0, 0, 9, 7, 9, 0, 0, 0, 8, 8, 7, 0, 10, 8, 4, 0, 10, 0, 9, 0, 0, 5, 0, 8, 7, 0, 0, 0, 0, 8, 0, 0, 9, 7, 0, 0, 0, 8, 0, 0, : 9, 7, 9, 8, 8, 7, 10, 8, 4, 10, 9, 5, 8, 7, 8, 9, 7, 8, 
117: 0, 6, 0, 8, 0, 6, 0, 0, 7, 0, 0, 0, 0, 0, 10, 0, 0, 6, 7, 0, 0, 0, 9, 0, 0, 8, 0, 8, 8, 0, 8, 8, 0, 0, 9, 9, 0, 7, 8, 0, : 6, 8, 6, 7, 10, 6, 7, 9, 8, 8, 8, 8, 8, 9, 9, 7, 8, 
115: 7, 7, 0, 0, 8, 7, 0, 0, 8, 6, 8, 8, 0, 9, 0, 0, 0, 6, 0, 9, 5, 0, 7, 9, 7, 0, 8, 7, 9, 7, 6, 0, 0, 7, 6, 0, 7, 0, 5, 8, : 7, 7, 8, 7, 8, 6, 8, 8, 9, 6, 9, 5, 7, 9, 7, 8, 7, 9, 7, 6, 7, 6, 7, 5, 8, 
71: 6, 6, 0, 0, 0, 6, 8, 0, 9, 0, 0, 0, 0, 9, 0, 0, 0, 9, 6, 0, 0, 6, 6, 0, 8, 6, 7, 0, 6, 0, 8, 9, 0, 8, 0, 0, 0, 9, 0, 0, : 6, 6, 6, 8, 9, 9, 9, 6, 6, 6, 8, 6, 7, 6, 8, 9, 8, 9, 
27: 0, 0, 11, 0, 9, 0, 0, 0, 9, 0, 0, 0, 7, 10, 10, 0, 8, 0, 0, 7, 0, 9, 0, 8, 0, 0, 0, 0, 0, 0, 8, 0, 7, 8, 5, 0, 0, 8, 8, 0, : 11, 9, 9, 7, 10, 10, 8, 7, 9, 8, 8, 7, 8, 5, 8, 8, 
62: 9, 5, 0, 6, 0, 11, 9, 0, 8, 0, 0, 9, 0, 10, 7, 5, 0, 0, 7, 0, 6, 0, 0, 8, 8, 7, 0, 9, 8, 0, 8, 6, 9, 8, 0, 0, 0, 5, 0, 0, : 9, 5, 6, 11, 9, 8, 9, 10, 7, 5, 7, 6, 8, 8, 7, 9, 8, 8, 6, 9, 8, 5, 
199: 0, 9, 0, 8, 0, 7, 0, 0, 8, 0, 0, 0, 0, 0, 0, 0, 6, 0, 7, 9, 8, 6, 8, 9, 6, 0, 9, 0, 0, 0, 5, 0, 6, 0, 0, 0, 9, 8, 0, 7, : 9, 8, 7, 8, 6, 7, 9, 8, 6, 8, 9, 6, 9, 5, 6, 9, 8, 7, 
104: 0, 5, 0, 7, 8, 0, 11, 7, 7, 0, 5, 0, 0, 0, 0, 8, 0, 8, 8, 7, 0, 0, 7, 0, 5, 6, 8, 0, 0, 0, 0, 0, 8, 0, 8, 8, 0, 9, 0, 0, : 5, 7, 8, 11, 7, 7, 5, 8, 8, 8, 7, 7, 5, 6, 8, 8, 8, 8, 9, 
105: 8, 7, 0, 8, 6, 7, 8, 8, 7, 0, 9, 0, 9, 0, 8, 7, 6, 0, 0, 0, 8, 0, 5, 5, 8, 8, 0, 8, 8, 8, 0, 5, 7, 0, 0, 0, 0, 0, 7, 9, : 8, 7, 8, 6, 7, 8, 8, 7, 9, 9, 8, 7, 6, 8, 5, 5, 8, 8, 8, 8, 8, 5, 7, 7, 9, 
74: 0, 0, 6, 0, 8, 10, 5, 6, 8, 0, 0, 0, 0, 0, 0, 0, 0, 5, 0, 0, 8, 8, 0, 7, 9, 5, 5, 0, 7, 0, 8, 0, 7, 5, 9, 6, 9, 7, 9, 8, : 6, 8, 10, 5, 6, 8, 5, 8, 8, 7, 9, 5, 5, 7, 8, 7, 5, 9, 6, 9, 7, 9, 8, 
45: 7, 0, 0, 0, 0, 0, 10, 7, 0, 6, 6, 8, 8, 0, 0, 0, 0, 0, 8, 5, 0, 0, 0, 0, 6, 0, 6, 0, 8, 0, 0, 0, 8, 0, 0, 0, 5, 8, 7, 0, : 7, 10, 7, 6, 6, 8, 8, 8, 5, 6, 6, 8, 8, 5, 8, 7, 
162: 0, 0, 0, 0, 0, 0, 0, 7, 0, 6, 0, 8, 0, 0, 8, 10, 6, 9, 8, 0, 0, 7, 6, 7, 7, 8, 0, 9, 0, 8, 0, 0, 0, 6, 0, 5, 8, 6, 0, 0, : 7, 6, 8, 8, 10, 6, 9, 8, 7, 6, 7, 7, 8, 9, 8, 6, 5, 8, 6, 
83: 0, 0, 9, 0, 0, 0, 7, 10, 6, 8, 5, 6, 0, 9, 0, 0, 7, 6, 7, 0, 0, 0, 0, 9, 9, 9, 0, 0, 8, 7, 6, 8, 8, 0, 0, 0, 6, 6, 0, 6, : 9, 7, 10, 6, 8, 5, 6, 9, 7, 6, 7, 9, 9, 9, 8, 7, 6, 8, 8, 6, 6, 6, 
73: 8, 0, 0, 0, 6, 0, 7, 8, 0, 8, 8, 0, 0, 9, 8, 8, 0, 0, 8, 0, 7, 8, 0, 8, 0, 0, 0, 7, 8, 0, 7, 0, 0, 0, 0, 7, 8, 8, 6, 0, : 8, 6, 7, 8, 8, 8, 9, 8, 8, 8, 7, 8, 8, 7, 8, 7, 7, 8, 8, 6, 
58: 0, 10, 0, 9, 0, 6, 7, 8, 0, 0, 6, 0, 0, 6, 0, 0, 7, 0, 0, 8, 8, 0, 8, 0, 0, 8, 0, 0, 0, 8, 0, 0, 0, 0, 8, 0, 0, 0, 9, 7, : 10, 9, 6, 7, 8, 6, 6, 7, 8, 8, 8, 8, 8, 8, 9, 7, 
65: 6, 0, 7, 0, 0, 7, 0, 8, 0, 0, 0, 9, 5, 5, 0, 6, 0, 7, 0, 6, 0, 8, 0, 0, 0, 0, 8, 8, 8, 0, 7, 8, 8, 8, 8, 8, 0, 0, 0, 0, : 6, 7, 7, 8, 9, 5, 5, 6, 7, 6, 8, 8, 8, 8, 7, 8, 8, 8, 8, 8, 
80: 10, 10, 0, 9, 8, 7, 0, 0, 0, 0, 9, 9, 9, 4, 6, 8, 0, 0, 7, 0, 9, 8, 8, 0, 8, 0, 7, 0, 0, 6, 0, 9, 5, 0, 6, 0, 0, 8, 0, 0, : 10, 10, 9, 8, 7, 9, 9, 9, 4, 6, 8, 7, 9, 8, 8, 8, 7, 6, 9, 5, 6, 8, 
175: 0, 9, 9, 0, 9, 0, 0, 8, 0, 0, 5, 7, 5, 7, 6, 0, 9, 0, 9, 7, 0, 0, 0, 0, 0, 7, 8, 8, 6, 7, 9, 0, 6, 0, 8, 0, 7, 8, 8, 8, : 9, 9, 9, 8, 5, 7, 5, 7, 6, 9, 9, 7, 7, 8, 8, 6, 7, 9, 6, 8, 7, 8, 8, 8, 
185: 8, 0, 9, 0, 0, 0, 9, 0, 8, 7, 5, 0, 6, 7, 5, 0, 0, 8, 0, 0, 9, 9, 8, 8, 0, 0, 0, 0, 0, 8, 0, 0, 0, 0, 0, 0, 8, 0, 0, 0, : 8, 9, 9, 8, 7, 5, 6, 7, 5, 8, 9, 9, 8, 8, 8, 8, 
179: 0, 8, 0, 0, 4, 7, 0, 0, 0, 6, 0, 0, 4, 0, 0, 0, 0, 0, 9, 8, 6, 8, 0, 8, 8, 8, 0, 0, 0, 8, 9, 7, 0, 0, 0, 8, 0, 0, 0, 0, : 8, 4, 7, 6, 4, 9, 8, 6, 8, 8, 8, 8, 8, 9, 7, 8, 
91: 0, 0, 0, 6, 5, 5, 7, 10, 6, 8, 0, 10, 0, 6, 0, 7, 0, 8, 0, 0, 0, 0, 7, 0, 0, 6, 6, 8, 9, 6, 0, 8, 0, 0, 8, 7, 0, 0, 0, 6, : 6, 5, 5, 7, 10, 6, 8, 10, 6, 7, 8, 7, 6, 6, 8, 9, 6, 8, 8, 7, 6, 
121: 6, 9, 8, 0, 0, 0, 7, 6, 6, 9, 9, 0, 5, 0, 7, 7, 10, 0, 5, 0, 0, 8, 0, 8, 0, 8, 7, 6, 5, 0, 0, 8, 8, 0, 0, 8, 6, 6, 0, 7, : 6, 9, 8, 7, 6, 6, 9, 9, 5, 7, 7, 10, 5, 8, 8, 8, 7, 6, 5, 8, 8, 8, 6, 6, 7, 
106: 10, 6, 0, 0, 6, 7, 6, 0, 6, 6, 0, 8, 8, 5, 6, 6, 7, 8, 8, 0, 6, 8, 0, 0, 0, 8, 9, 0, 9, 0, 0, 8, 0, 8, 0, 7, 6, 0, 8, 7, : 10, 6, 6, 7, 6, 6, 6, 8, 8, 5, 6, 6, 7, 8, 8, 6, 8, 8, 9, 9, 8, 8, 7, 6, 8, 7, 
19: 7, 0, 7, 7, 11, 10, 0, 6, 7, 8, 5, 0, 10, 0, 0, 7, 5, 7, 0, 7, 0, 7, 0, 0, 8, 9, 0, 7, 0, 9, 8, 0, 0, 0, 0, 6, 0, 0, 6, 0, : 7, 7, 7, 11, 10, 6, 7, 8, 5, 10, 7, 5, 7, 7, 7, 8, 9, 7, 9, 8, 6, 6, 
2: 8, 0, 8, 8, 0, 9, 6, 8, 8, 0, 0, 0, 7, 0, 0, 0, 8, 0, 6, 8, 7, 6, 0, 7, 0, 0, 0, 8, 7, 9, 8, 0, 8, 8, 6, 8, 0, 9, 9, 5, : 8, 8, 8, 9, 6, 8, 8, 7, 8, 6, 8, 7, 6, 7, 8, 7, 9, 8, 8, 8, 6, 8, 9, 9, 5, 


