
40
100
75
5

4: 0, 0, 0, 0, 0, 9, 0, 0, 7, 0, 6, 0, 0, 0, 9, 10, 8, 0, 0, 6, 8, 7, 9, 0, 0, 8, 9, 0, 0, 7, 0, 7, 7, 9, 0, 0, 0, 8, 0, 9, : 9, 7, 6, 9, 10, 8, 6, 8, 7, 9, 8, 9, 7, 7, 7, 9, 8, 9, 
2: 0, 10, 10, 0, 0, 0, 8, 0, 0, 0, 0, 5, 8, 4, 11, 0, 6, 7, 0, 0, 0, 0, 8, 0, 0, 9, 0, 0, 0, 8, 7, 7, 7, 6, 0, 0, 0, 0, 7, 0, : 10, 10, 8, 5, 8, 4, 11, 6, 7, 8, 9, 8, 7, 7, 7, 6, 7, 
61: 4, 0, 5, 0, 6, 8, 0, 10, 6, 0, 7, 7, 5, 0, 6, 7, 0, 6, 8, 0, 0, 7, 0, 0, 0, 0, 7, 8, 8, 6, 8, 9, 7, 9, 0, 7, 7, 7, 6, 0, : 4, 5, 6, 8, 10, 6, 7, 7, 5, 6, 7, 6, 8, 7, 7, 8, 8, 6, 8, 9, 7, 9, 7, 7, 7, 6, 
50: 8, 6, 0, 0, 8, 0, 0, 0, 0, 9, 0, 0, 0, 0, 7, 10, 6, 9, 7, 8, 8, 9, 8, 0, 8, 0, 7, 0, 9, 6, 7, 0, 0, 0, 0, 0, 0, 0, 0, 0, : 8, 6, 8, 9, 7, 10, 6, 9, 7, 8, 8, 9, 8, 8, 7, 9, 6, 7, 
55: 7, 0, 7, 0, 6, 0, 0, 0, 0, 5, 6, 8, 8, 8, 4, 0, 6, 7, 0, 7, 7, 8, 0, 7, 8, 9, 0, 0, 8, 0, 0, 0, 8, 7, 0, 0, 7, 0, 0, 8, : 7, 7, 6, 5, 6, 8, 8, 8, 4, 6, 7, 7, 7, 8, 7, 8, 9, 8, 8, 7, 7, 8, 
48: 10, 0, 0, 10, 8, 0, 8, 8, 8, 0, 0, 0, 0, 0, 8, 0, 7, 0, 0, 9, 0, 0, 0, 0, 7, 6, 0, 7, 0, 8, 0, 8, 0, 8, 7, 8, 8, 7, 8, 0, : 10, 10, 8, 8, 8, 8, 8, 7, 9, 7, 6, 7, 8, 8, 8, 7, 8, 8, 7, 8, 
60: 0, 7, 0, 0, 8, 0, 7, 6, 8, 6, 0, 10, 0, 9, 5, 0, 0, 5, 7, 0, 0, 0, 6, 0, 8, 7, 0, 6, 7, 9, 7, 6, 8, 0, 8, 0, 9, 0, 0, 6, : 7, 8, 7, 6, 8, 6, 10, 9, 5, 5, 7, 6, 8, 7, 6, 7, 9, 7, 6, 8, 8, 9, 6, 
9: 0, 0, 0, 7, 0, 0, 6, 0, 7, 0, 10, 11, 11, 10, 0, 0, 0, 0, 6, 0, 7, 0, 0, 0, 0, 0, 0, 9, 0, 7, 0, 8, 0, 0, 0, 0, 0, 8, 8, 6, : 7, 6, 7, 10, 11, 11, 10, 6, 7, 9, 7, 8, 8, 8, 6, 
97: 7, 0, 0, 7, 0, 0, 0, 0, 0, 6, 6, 6, 0, 0, 0, 5, 0, 0, 0, 0, 9, 0, 9, 9, 7, 6, 8, 0, 0, 0, 0, 0, 8, 0, 9, 9, 0, 0, 8, 7, : 7, 7, 6, 6, 6, 5, 9, 9, 9, 7, 6, 8, 8, 9, 9, 8, 7, 
14: 9, 0, 7, 0, 8, 7, 0, 6, 0, 9, 9, 0, 0, 6, 0, 0, 0, 10, 0, 0, 8, 0, 0, 9, 0, 0, 0, 8, 7, 0, 0, 0, 6, 0, 6, 0, 8, 6, 0, 8, : 9, 7, 8, 7, 6, 9, 9, 6, 10, 8, 9, 8, 7, 6, 6, 8, 6, 8, 
28: 0, 6, 7, 6, 0, 0, 0, 9, 0, 0, 0, 0, 5, 8, 8, 0, 9, 10, 0, 0, 6, 0, 0, 8, 0, 8, 8, 0, 6, 0, 6, 6, 0, 0, 7, 8, 0, 9, 0, 0, : 6, 7, 6, 9, 5, 8, 8, 9, 10, 6, 8, 8, 8, 6, 6, 6, 7, 8, 9, 
41: 9, 9, 6, 0, 0, 8, 0, 7, 8, 0, 0, 10, 10, 7, 0, 6, 0, 0, 9, 9, 0, 8, 8, 0, 0, 7, 0, 7, 8, 0, 0, 0, 9, 0, 0, 0, 7, 8, 7, 0, : 9, 9, 6, 8, 7, 8, 10, 10, 7, 6, 9, 9, 8, 8, 7, 7, 8, 9, 7, 8, 7, 
52: 7, 8, 10, 7, 7, 7, 6, 7, 0, 5, 7, 0, 5, 0, 0, 5, 10, 0, 0, 8, 0, 7, 6, 0, 0, 0, 6, 0, 0, 7, 6, 0, 9, 0, 6, 0, 6, 0, 0, 0, : 7, 8, 10, 7, 7, 7, 6, 7, 5, 7, 5, 5, 10, 8, 7, 6, 6, 7, 6, 9, 6, 6, 
32: 7, 4, 6, 0, 9, 10, 0, 8, 0, 0, 0, 0, 0, 8, 0, 9, 9, 0, 0, 0, 0, 0, 0, 6, 9, 7, 8, 6, 0, 9, 8, 7, 6, 8, 8, 7, 0, 0, 0, 7, : 7, 4, 6, 9, 10, 8, 8, 9, 9, 6, 9, 7, 8, 6, 9, 8, 7, 6, 8, 8, 7, 7, 
63: 0, 7, 0, 7, 0, 6, 0, 0, 11, 9, 0, 0, 5, 0, 0, 0, 0, 10, 9, 7, 7, 0, 0, 0, 0, 8, 7, 0, 0, 0, 0, 0, 0, 6, 8, 8, 0, 0, 0, 7, : 7, 7, 6, 11, 9, 5, 10, 9, 7, 7, 8, 7, 6, 8, 8, 7, 
17: 0, 11, 0, 7, 0, 5, 8, 7, 6, 0, 5, 7, 0, 0, 0, 8, 0, 0, 0, 0, 6, 9, 0, 8, 9, 0, 0, 7, 7, 0, 0, 0, 0, 0, 0, 0, 6, 6, 9, 0, : 11, 7, 5, 8, 7, 6, 5, 7, 8, 6, 9, 8, 9, 7, 7, 6, 6, 9, 
75: 0, 7, 11, 0, 0, 0, 10, 0, 0, 9, 0, 0, 10, 0, 10, 5, 0, 0, 6, 0, 0, 8, 0, 7, 6, 0, 0, 0, 0, 8, 9, 9, 0, 0, 9, 9, 8, 0, 9, 9, : 7, 11, 10, 9, 10, 10, 5, 6, 8, 7, 6, 8, 9, 9, 9, 9, 8, 9, 9, 
94: 0, 0, 0, 9, 0, 7, 7, 7, 9, 0, 9, 0, 0, 5, 0, 0, 9, 6, 7, 6, 9, 6, 7, 8, 0, 0, 6, 0, 6, 0, 8, 0, 0, 7, 0, 6, 9, 9, 6, 8, : 9, 7, 7, 7, 9, 9, 5, 9, 6, 7, 6, 9, 6, 7, 8, 6, 6, 8, 7, 6, 9, 9, 6, 8, 
24: 0, 0, 6, 5, 9, 0, 6, 0, 5, 7, 10, 5, 0, 10, 7, 0, 5, 0, 9, 7, 0, 6, 7, 6, 6, 0, 0, 9, 0, 0, 9, 0, 0, 7, 7, 6, 0, 7, 0, 0, : 6, 5, 9, 6, 5, 7, 10, 5, 10, 7, 5, 9, 7, 6, 7, 6, 6, 9, 9, 7, 7, 6, 7, 
11: 7, 0, 0, 10, 6, 8, 9, 0, 0, 10, 0, 6, 8, 0, 0, 10, 0, 5, 7, 8, 0, 0, 7, 7, 7, 0, 9, 8, 9, 0, 0, 8, 0, 8, 0, 7, 0, 0, 7, 0, : 7, 10, 6, 8, 9, 10, 6, 8, 10, 5, 7, 8, 7, 7, 7, 9, 8, 9, 8, 8, 7, 7, 


80: 7, 0, 7, 0, 6, 0, 6, 0, 0, 0, 0, 0, 0, 0, 0, 8, 8, 8, 8, 8, 8, 7, 8, 0, 6, 0, 0, 6, 8, 9, 0, 8, 6, 0, 0, 8, 0, 0, 8, 9, : 7, 7, 6, 6, 8, 8, 8, 8, 8, 8, 7, 8, 6, 6, 8, 9, 8, 6, 8, 8, 9, 
30: 7, 7, 0, 8, 5, 0, 8, 5, 0, 6, 0, 8, 8, 0, 0, 7, 0, 7, 8, 8, 6, 6, 0, 6, 0, 0, 7, 9, 6, 0, 9, 9, 6, 0, 8, 8, 0, 0, 0, 0, : 7, 7, 8, 5, 8, 5, 6, 8, 8, 7, 7, 8, 8, 6, 6, 6, 7, 9, 6, 9, 9, 6, 8, 8, 
77: 7, 7, 6, 0, 7, 0, 0, 0, 0, 6, 0, 0, 6, 9, 0, 10, 0, 0, 7, 8, 0, 0, 0, 6, 8, 0, 6, 8, 0, 6, 0, 0, 0, 0, 0, 9, 6, 6, 7, 0, : 7, 7, 6, 7, 6, 6, 9, 10, 7, 8, 6, 8, 6, 8, 6, 9, 6, 6, 7, 
43: 5, 6, 0, 0, 8, 8, 0, 4, 0, 0, 0, 0, 0, 5, 0, 7, 8, 0, 6, 8, 8, 0, 8, 0, 6, 6, 8, 0, 0, 0, 0, 8, 0, 7, 0, 0, 6, 0, 0, 0, : 5, 6, 8, 8, 4, 5, 7, 8, 6, 8, 8, 8, 6, 6, 8, 8, 7, 6, 
89: 0, 7, 8, 10, 0, 0, 7, 0, 0, 7, 7, 8, 0, 0, 0, 7, 0, 8, 0, 0, 0, 8, 7, 0, 7, 8, 0, 0, 0, 7, 8, 0, 8, 0, 0, 8, 0, 0, 9, 0, : 7, 8, 10, 7, 7, 7, 8, 7, 8, 8, 7, 7, 8, 7, 8, 8, 8, 9, 
37: 7, 0, 10, 6, 7, 0, 10, 10, 11, 11, 8, 7, 6, 10, 8, 9, 7, 0, 0, 6, 7, 0, 8, 0, 6, 6, 6, 0, 0, 0, 6, 0, 0, 0, 0, 0, 0, 0, 0, 6, : 7, 10, 6, 7, 10, 10, 11, 11, 8, 7, 6, 10, 8, 9, 7, 6, 7, 8, 6, 6, 6, 6, 6, 
98: 9, 0, 0, 6, 0, 6, 6, 7, 0, 0, 0, 0, 0, 7, 8, 0, 0, 0, 0, 0, 8, 0, 0, 9, 9, 9, 0, 6, 9, 0, 0, 6, 8, 6, 7, 6, 0, 0, 0, 0, : 9, 6, 6, 6, 7, 7, 8, 8, 9, 9, 9, 6, 9, 6, 8, 6, 7, 6, 
73: 8, 8, 8, 0, 6, 9, 0, 0, 0, 6, 9, 0, 8, 0, 7, 7, 0, 7, 0, 0, 0, 0, 0, 8, 8, 9, 0, 6, 6, 8, 6, 6, 0, 0, 0, 0, 0, 0, 6, 9, : 8, 8, 8, 6, 9, 6, 9, 8, 7, 7, 7, 8, 8, 9, 6, 6, 8, 6, 6, 6, 9, 
31: 10, 5, 0, 0, 0, 10, 10, 10, 6, 0, 0, 0, 0, 8, 0, 0, 8, 8, 0, 0, 8, 7, 9, 9, 9, 0, 0, 7, 8, 6, 8, 0, 0, 8, 6, 7, 8, 0, 8, 8, : 10, 5, 10, 10, 10, 6, 8, 8, 8, 8, 7, 9, 9, 9, 7, 8, 6, 8, 8, 6, 7, 8, 8, 8, 
87: 0, 11, 0, 0, 0, 0, 0, 0, 0, 0, 7, 11, 0, 9, 6, 5, 0, 0, 0, 0, 0, 0, 9, 8, 0, 0, 6, 8, 7, 8, 8, 8, 9, 6, 6, 9, 7, 7, 0, 0, : 11, 7, 11, 9, 6, 5, 9, 8, 6, 8, 7, 8, 8, 8, 9, 6, 6, 9, 7, 7, 
72: 6, 0, 5, 6, 0, 8, 0, 0, 6, 0, 0, 0, 9, 0, 8, 0, 7, 8, 9, 8, 0, 0, 6, 0, 0, 0, 8, 0, 8, 0, 0, 0, 7, 0, 8, 0, 8, 8, 8, 8, : 6, 5, 6, 8, 6, 9, 8, 7, 8, 9, 8, 6, 8, 8, 7, 8, 8, 8, 8, 8, 
65: 0, 9, 10, 0, 0, 0, 9, 0, 4, 0, 0, 6, 0, 0, 0, 0, 9, 0, 0, 0, 0, 0, 6, 8, 0, 0, 0, 8, 0, 8, 0, 8, 0, 0, 0, 0, 9, 8, 0, 0, : 9, 10, 9, 4, 6, 9, 6, 8, 8, 8, 8, 9, 8, 
35: 0, 0, 6, 7, 10, 8, 0, 5, 0, 10, 10, 8, 9, 0, 7, 0, 0, 0, 0, 7, 0, 0, 0, 7, 0, 6, 9, 0, 0, 0, 0, 0, 0, 6, 9, 0, 0, 8, 8, 8, : 6, 7, 10, 8, 5, 10, 10, 8, 9, 7, 7, 7, 6, 9, 6, 9, 8, 8, 8, 
21: 0, 0, 0, 0, 9, 8, 8, 5, 7, 0, 8, 0, 5, 0, 6, 0, 7, 7, 6, 0, 8, 9, 0, 0, 8, 0, 0, 0, 0, 0, 9, 6, 0, 9, 0, 6, 0, 6, 9, 0, : 9, 8, 8, 5, 7, 8, 5, 6, 7, 7, 6, 8, 9, 8, 9, 6, 9, 6, 6, 9, 
42: 0, 10, 0, 7, 0, 0, 0, 11, 10, 0, 0, 7, 0, 6, 8, 8, 7, 0, 7, 8, 0, 0, 6, 0, 0, 8, 9, 0, 0, 8, 0, 0, 8, 0, 0, 0, 9, 0, 0, 7, : 10, 7, 11, 10, 7, 6, 8, 8, 7, 7, 8, 6, 8, 9, 8, 8, 9, 7, 
12: 0, 5, 0, 7, 10, 0, 5, 11, 0, 4, 5, 7, 0, 7, 9, 0, 8, 9, 8, 0, 0, 6, 0, 0, 0, 0, 0, 0, 9, 6, 8, 9, 0, 0, 9, 0, 0, 8, 6, 6, : 5, 7, 10, 5, 11, 4, 5, 7, 7, 9, 8, 9, 8, 6, 9, 6, 8, 9, 9, 8, 6, 6, 
6: 0, 0, 6, 0, 0, 0, 0, 0, 6, 0, 0, 0, 0, 0, 8, 0, 0, 6, 8, 6, 0, 7, 0, 6, 0, 7, 8, 9, 0, 9, 7, 0, 9, 8, 8, 6, 8, 9, 0, 8, : 6, 6, 8, 6, 8, 6, 7, 6, 7, 8, 9, 9, 7, 9, 8, 8, 6, 8, 9, 8, 
7: 0, 0, 9, 0, 0, 6, 0, 7, 6, 6, 7, 8, 7, 0, 0, 0, 6, 7, 8, 0, 8, 8, 0, 0, 0, 8, 0, 0, 0, 0, 6, 0, 0, 9, 8, 0, 8, 0, 6, 6, : 9, 6, 7, 6, 6, 7, 8, 7, 6, 7, 8, 8, 8, 8, 6, 9, 8, 8, 6, 6, 
93: 9, 0, 0, 10, 7, 6, 6, 0, 8, 8, 9, 0, 9, 6, 0, 7, 0, 0, 0, 0, 8, 8, 0, 0, 0, 0, 8, 8, 6, 0, 0, 7, 8, 8, 6, 8, 6, 6, 0, 0, : 9, 10, 7, 6, 6, 8, 8, 9, 9, 6, 7, 8, 8, 8, 8, 6, 7, 8, 8, 6, 8, 6, 6, 
5: 0, 0, 0, 8, 0, 6, 0, 0, 11, 11, 5, 5, 8, 8, 0, 0, 0, 0, 0, 8, 6, 9, 8, 8, 8, 8, 0, 0, 8, 0, 0, 0, 6, 8, 0, 0, 0, 9, 0, 0, : 8, 6, 11, 11, 5, 5, 8, 8, 8, 6, 9, 8, 8, 8, 8, 8, 6, 8, 9, 


22: 0, 0, 10, 0, 0, 9, 5, 6, 0, 0, 0, 0, 0, 9, 6, 9, 0, 9, 9, 0, 8, 0, 0, 0, 8, 0, 8, 8, 6, 0, 7, 0, 7, 9, 0, 8, 0, 0, 7, 0, : 10, 9, 5, 6, 9, 6, 9, 9, 9, 8, 8, 8, 8, 6, 7, 7, 9, 8, 7, 
19: 0, 0, 0, 11, 7, 7, 6, 0, 7, 0, 0, 0, 8, 9, 6, 4, 8, 0, 0, 0, 0, 0, 6, 6, 0, 8, 6, 0, 7, 0, 9, 0, 8, 0, 0, 7, 6, 9, 7, 9, : 11, 7, 7, 6, 7, 8, 9, 6, 4, 8, 6, 6, 8, 6, 7, 9, 8, 7, 6, 9, 7, 9, 
67: 0, 0, 7, 7, 7, 10, 0, 0, 0, 0, 7, 0, 6, 0, 10, 0, 0, 0, 7, 6, 0, 9, 0, 8, 0, 0, 6, 8, 0, 7, 0, 9, 9, 8, 7, 7, 6, 6, 6, 0, : 7, 7, 7, 10, 7, 6, 10, 7, 6, 9, 8, 6, 8, 7, 9, 9, 8, 7, 7, 6, 6, 6, 
100: 8, 0, 9, 0, 0, 0, 0, 6, 0, 0, 0, 7, 0, 0, 5, 6, 9, 7, 6, 0, 0, 0, 0, 9, 0, 8, 9, 6, 0, 7, 0, 9, 8, 7, 0, 8, 0, 0, 0, 0, : 8, 9, 6, 7, 5, 6, 9, 7, 6, 9, 8, 9, 6, 7, 9, 8, 7, 8, 
81: 8, 8, 0, 5, 0, 0, 8, 0, 0, 7, 8, 10, 8, 0, 0, 8, 8, 8, 9, 0, 7, 0, 0, 0, 8, 9, 0, 0, 8, 7, 0, 8, 0, 0, 0, 0, 0, 8, 0, 8, : 8, 8, 5, 8, 7, 8, 10, 8, 8, 8, 8, 9, 7, 8, 9, 8, 7, 8, 8, 8, 
49: 9, 0, 11, 8, 8, 6, 7, 6, 0, 8, 10, 0, 6, 7, 0, 8, 0, 6, 5, 0, 7, 6, 0, 0, 9, 8, 0, 9, 8, 8, 0, 0, 8, 0, 0, 0, 7, 8, 0, 7, : 9, 11, 8, 8, 6, 7, 6, 8, 10, 6, 7, 8, 6, 5, 7, 6, 9, 8, 9, 8, 8, 8, 7, 8, 7, 
69: 0, 9, 0, 7, 0, 6, 8, 0, 7, 10, 0, 6, 0, 0, 4, 0, 9, 0, 8, 9, 0, 7, 7, 0, 9, 7, 9, 0, 0, 9, 8, 0, 0, 8, 7, 9, 0, 0, 9, 8, : 9, 7, 6, 8, 7, 10, 6, 4, 9, 8, 9, 7, 7, 9, 7, 9, 9, 8, 8, 7, 9, 9, 8, 
78: 10, 0, 0, 0, 0, 0, 0, 6, 7, 6, 6, 0, 0, 0, 0, 9, 0, 7, 0, 0, 9, 7, 0, 7, 7, 0, 0, 0, 0, 0, 0, 7, 0, 0, 7, 9, 9, 0, 0, 9, : 10, 6, 7, 6, 6, 9, 7, 9, 7, 7, 7, 7, 7, 9, 9, 9, 
82: 6, 10, 7, 6, 0, 0, 0, 7, 8, 0, 0, 0, 9, 0, 0, 0, 6, 0, 0, 0, 0, 7, 0, 0, 0, 6, 0, 7, 9, 0, 0, 6, 0, 0, 6, 0, 9, 7, 8, 6, : 6, 10, 7, 6, 7, 8, 9, 6, 7, 6, 7, 9, 6, 6, 9, 7, 8, 6, 
71: 0, 7, 0, 7, 0, 9, 0, 10, 9, 0, 0, 7, 7, 0, 7, 5, 0, 0, 0, 8, 8, 0, 0, 7, 8, 0, 0, 7, 0, 9, 0, 7, 7, 6, 0, 0, 0, 0, 0, 0, : 7, 7, 9, 10, 9, 7, 7, 7, 5, 8, 8, 7, 8, 7, 9, 7, 7, 6, 
58: 7, 0, 6, 0, 6, 0, 6, 0, 11, 9, 7, 6, 0, 7, 7, 6, 0, 9, 0, 0, 7, 0, 8, 9, 0, 0, 0, 0, 7, 0, 8, 0, 0, 7, 8, 6, 0, 7, 7, 0, : 7, 6, 6, 6, 11, 9, 7, 6, 7, 7, 6, 9, 7, 8, 9, 7, 8, 7, 8, 6, 7, 7, 
59: 0, 8, 0, 0, 0, 0, 6, 8, 0, 6, 0, 10, 0, 7, 11, 0, 4, 0, 0, 7, 0, 0, 8, 8, 0, 0, 0, 6, 0, 8, 0, 8, 0, 0, 0, 0, 0, 8, 0, 6, : 8, 6, 8, 6, 10, 7, 11, 4, 7, 8, 8, 6, 8, 8, 8, 6, 
20: 5, 7, 5, 0, 6, 0, 0, 0, 0, 0, 7, 0, 0, 8, 11, 0, 0, 5, 0, 8, 0, 9, 9, 0, 6, 7, 7, 7, 0, 8, 0, 0, 6, 0, 9, 0, 8, 0, 9, 0, : 5, 7, 5, 6, 7, 8, 11, 5, 8, 9, 9, 6, 7, 7, 7, 8, 6, 9, 8, 9, 
64: 7, 7, 0, 7, 10, 6, 8, 0, 5, 0, 0, 6, 7, 7, 0, 9, 0, 8, 0, 9, 0, 0, 9, 7, 0, 0, 8, 0, 0, 0, 0, 0, 0, 8, 6, 8, 0, 9, 8, 0, : 7, 7, 7, 10, 6, 8, 5, 6, 7, 7, 9, 8, 9, 9, 7, 8, 8, 6, 8, 9, 8, 
1: 0, 0, 0, 0, 8, 7, 11, 7, 7, 8, 6, 7, 8, 6, 0, 0, 0, 0, 8, 7, 0, 6, 8, 8, 7, 9, 8, 8, 0, 0, 7, 8, 9, 0, 0, 6, 0, 0, 0, 8, : 8, 7, 11, 7, 7, 8, 6, 7, 8, 6, 8, 7, 6, 8, 8, 7, 9, 8, 8, 7, 8, 9, 6, 8, 
10: 0, 8, 5, 0, 7, 9, 10, 8, 0, 7, 0, 8, 0, 5, 0, 0, 11, 7, 0, 6, 6, 0, 6, 0, 7, 6, 0, 0, 9, 0, 6, 7, 0, 0, 9, 0, 8, 6, 0, 7, : 8, 5, 7, 9, 10, 8, 7, 8, 5, 11, 7, 6, 6, 6, 7, 6, 9, 6, 7, 9, 8, 6, 7, 
95: 7, 6, 8, 9, 6, 0, 0, 11, 0, 0, 7, 0, 0, 0, 0, 11, 0, 0, 7, 8, 9, 8, 0, 0, 0, 0, 7, 0, 7, 6, 9, 6, 0, 7, 8, 7, 7, 7, 0, 0, : 7, 6, 8, 9, 6, 11, 7, 11, 7, 8, 9, 8, 7, 7, 6, 9, 6, 7, 8, 7, 7, 7, 
68: 0, 0, 0, 0, 0, 0, 0, 0, 0, 7, 7, 0, 6, 10, 0, 0, 6, 9, 7, 0, 8, 0, 7, 0, 6, 0, 0, 0, 6, 0, 8, 0, 6, 0, 8, 0, 0, 0, 8, 7, : 7, 7, 6, 10, 6, 9, 7, 8, 7, 6, 6, 8, 6, 8, 8, 7, 
44: 0, 0, 0, 8, 10, 6, 0, 0, 7, 0, 10, 8, 10, 0, 0, 0, 8, 0, 0, 0, 6, 8, 0, 0, 0, 7, 7, 0, 0, 6, 6, 0, 0, 6, 0, 0, 7, 0, 0, 0, : 8, 10, 6, 7, 10, 8, 10, 8, 6, 8, 7, 7, 6, 6, 6, 7, 
38: 8, 5, 7, 0, 0, 0, 0, 0, 7, 7, 0, 0, 0, 0, 8, 0, 6, 0, 9, 7, 0, 8, 7, 6, 0, 0, 0, 9, 8, 0, 7, 0, 7, 9, 0, 0, 8, 0, 6, 0, : 8, 5, 7, 7, 7, 8, 6, 9, 7, 8, 7, 6, 9, 8, 7, 7, 9, 8, 6, 


23: 0, 0, 0, 0, 0, 4, 8, 0, 11, 8, 9, 0, 11, 0, 9, 9, 0, 0, 8, 0, 9, 0, 8, 8, 8, 0, 8, 8, 0, 0, 5, 5, 0, 5, 8, 8, 8, 8, 0, 9, : 4, 8, 11, 8, 9, 11, 9, 9, 8, 9, 8, 8, 8, 8, 8, 5, 5, 5, 8, 8, 8, 8, 9, 
13: 0, 7, 5, 6, 0, 11, 7, 8, 0, 9, 5, 5, 0, 8, 7, 5, 0, 0, 8, 8, 8, 0, 0, 0, 0, 0, 8, 0, 0, 0, 8, 6, 0, 0, 8, 0, 8, 0, 8, 8, : 7, 5, 6, 11, 7, 8, 9, 5, 5, 8, 7, 5, 8, 8, 8, 8, 8, 6, 8, 8, 8, 8, 
70: 5, 0, 0, 0, 8, 0, 7, 7, 0, 0, 7, 5, 0, 6, 8, 0, 9, 0, 7, 5, 8, 8, 0, 0, 0, 8, 8, 9, 0, 0, 7, 8, 7, 0, 0, 0, 0, 0, 0, 0, : 5, 8, 7, 7, 7, 5, 6, 8, 9, 7, 5, 8, 8, 8, 8, 9, 7, 8, 7, 
84: 0, 9, 7, 10, 5, 7, 0, 8, 0, 0, 5, 0, 5, 0, 7, 7, 0, 9, 0, 0, 8, 8, 0, 7, 8, 0, 0, 6, 5, 5, 0, 0, 0, 8, 8, 0, 8, 9, 0, 8, : 9, 7, 10, 5, 7, 8, 5, 5, 7, 7, 9, 8, 8, 7, 8, 6, 5, 5, 8, 8, 8, 9, 8, 
29: 9, 7, 7, 0, 0, 0, 10, 0, 7, 0, 0, 0, 11, 0, 0, 0, 8, 0, 8, 8, 5, 0, 6, 6, 6, 5, 0, 0, 7, 7, 8, 0, 8, 8, 0, 0, 7, 8, 0, 8, : 9, 7, 7, 10, 7, 11, 8, 8, 8, 5, 6, 6, 6, 5, 7, 7, 8, 8, 8, 7, 8, 8, 
79: 0, 0, 0, 7, 9, 6, 0, 0, 9, 0, 6, 6, 8, 11, 0, 0, 0, 6, 0, 0, 0, 0, 0, 8, 8, 0, 8, 0, 0, 0, 0, 0, 5, 0, 8, 5, 0, 0, 0, 0, : 7, 9, 6, 9, 6, 6, 8, 11, 6, 8, 8, 8, 5, 8, 5, 
33: 9, 5, 0, 11, 6, 0, 8, 7, 0, 0, 0, 10, 7, 0, 0, 0, 0, 0, 8, 0, 0, 7, 0, 0, 0, 0, 0, 0, 0, 0, 0, 9, 9, 8, 0, 0, 0, 6, 8, 5, : 9, 5, 11, 6, 8, 7, 10, 7, 8, 7, 9, 9, 8, 6, 8, 5, 
36: 0, 0, 11, 0, 0, 0, 0, 6, 8, 5, 6, 7, 4, 7, 0, 0, 8, 8, 0, 0, 0, 0, 5, 8, 0, 0, 0, 0, 8, 0, 0, 0, 0, 7, 0, 8, 0, 8, 0, 0, : 11, 6, 8, 5, 6, 7, 4, 7, 8, 8, 5, 8, 8, 7, 8, 8, 
91: 10, 0, 11, 11, 0, 0, 0, 0, 7, 7, 0, 10, 0, 10, 0, 7, 0, 0, 0, 0, 0, 6, 0, 8, 0, 0, 7, 8, 0, 6, 0, 8, 6, 0, 0, 8, 8, 0, 7, 0, : 10, 11, 11, 7, 7, 10, 10, 7, 6, 8, 7, 8, 6, 8, 6, 8, 8, 7, 
51: 8, 10, 0, 0, 4, 0, 9, 9, 0, 7, 0, 0, 0, 0, 0, 0, 6, 0, 0, 7, 0, 0, 0, 8, 0, 8, 0, 8, 0, 0, 8, 0, 8, 0, 5, 9, 0, 5, 9, 8, : 8, 10, 4, 9, 9, 7, 6, 7, 8, 8, 8, 8, 8, 5, 9, 5, 9, 8, 
74: 8, 0, 0, 0, 0, 8, 0, 0, 6, 0, 0, 0, 0, 7, 10, 0, 8, 0, 0, 8, 0, 8, 0, 0, 7, 0, 0, 5, 6, 8, 0, 0, 0, 0, 9, 8, 0, 0, 0, 0, : 8, 8, 6, 7, 10, 8, 8, 8, 7, 5, 6, 8, 9, 8, 
83: 0, 11, 0, 5, 6, 0, 9, 0, 8, 5, 10, 0, 0, 0, 0, 0, 0, 9, 8, 0, 8, 5, 8, 0, 0, 8, 8, 0, 0, 8, 0, 7, 0, 0, 6, 8, 6, 8, 8, 0, : 11, 5, 6, 9, 8, 5, 10, 9, 8, 8, 5, 8, 8, 8, 8, 7, 6, 8, 6, 8, 8, 
86: 0, 0, 0, 0, 7, 0, 8, 0, 8, 8, 9, 0, 8, 5, 0, 0, 0, 6, 0, 8, 6, 8, 9, 0, 0, 8, 5, 0, 9, 0, 8, 0, 0, 0, 7, 8, 0, 0, 8, 8, : 7, 8, 8, 8, 9, 8, 5, 6, 8, 6, 8, 9, 8, 5, 9, 8, 7, 8, 8, 8, 
16: 0, 9, 7, 0, 10, 10, 0, 0, 0, 0, 8, 0, 0, 0, 8, 8, 6, 8, 8, 8, 0, 0, 0, 0, 8, 0, 0, 0, 8, 0, 0, 8, 8, 8, 0, 7, 8, 8, 0, 7, : 9, 7, 10, 10, 8, 8, 8, 6, 8, 8, 8, 8, 8, 8, 8, 8, 7, 8, 8, 7, 
34: 0, 5, 0, 4, 0, 0, 4, 0, 0, 7, 0, 8, 7, 6, 7, 7, 7, 7, 0, 6, 8, 8, 0, 0, 8, 8, 9, 8, 0, 8, 6, 0, 0, 9, 0, 0, 0, 0, 6, 0, : 5, 4, 4, 7, 8, 7, 6, 7, 7, 7, 7, 6, 8, 8, 8, 8, 9, 8, 8, 6, 9, 6, 
8: 9, 0, 4, 5, 0, 8, 0, 8, 6, 0, 10, 0, 0, 8, 7, 8, 10, 8, 0, 8, 8, 0, 7, 0, 5, 0, 8, 0, 8, 9, 0, 8, 8, 8, 8, 0, 0, 8, 0, 0, : 9, 4, 5, 8, 8, 6, 10, 8, 7, 8, 10, 8, 8, 8, 7, 5, 8, 8, 9, 8, 8, 8, 8, 8, 
25: 8, 8, 10, 0, 0, 0, 0, 10, 5, 0, 0, 8, 0, 0, 7, 7, 0, 0, 0, 0, 7, 0, 8, 8, 0, 9, 6, 7, 0, 0, 0, 8, 0, 0, 0, 0, 9, 7, 8, 6, : 8, 8, 10, 10, 5, 8, 7, 7, 7, 8, 8, 9, 6, 7, 8, 9, 7, 8, 6, 
96: 5, 0, 6, 8, 10, 9, 0, 4, 0, 10, 0, 8, 6, 7, 0, 8, 7, 6, 8, 0, 0, 8, 8, 9, 0, 7, 0, 8, 8, 8, 8, 8, 0, 6, 8, 0, 8, 0, 5, 0, : 5, 6, 8, 10, 9, 4, 10, 8, 6, 7, 8, 7, 6, 8, 8, 8, 9, 7, 8, 8, 8, 8, 8, 6, 8, 8, 5, 
40: 0, 0, 0, 8, 10, 6, 0, 0, 0, 0, 0, 0, 8, 0, 0, 0, 0, 0, 6, 9, 0, 0, 8, 0, 8, 6, 0, 8, 8, 8, 9, 0, 8, 8, 0, 6, 5, 0, 0, 8, : 8, 10, 6, 8, 6, 9, 8, 8, 6, 8, 8, 8, 9, 8, 8, 6, 5, 8, 
53: 4, 4, 7, 0, 0, 6, 5, 8, 0, 9, 0, 8, 0, 0, 5, 9, 6, 8, 6, 0, 0, 9, 8, 5, 9, 8, 0, 0, 8, 8, 8, 0, 8, 0, 0, 0, 0, 0, 8, 0, : 4, 4, 7, 6, 5, 8, 9, 8, 5, 9, 6, 8, 6, 9, 8, 5, 9, 8, 8, 8, 8, 8, 8, 


85: 0, 0, 7, 8, 8, 0, 0, 0, 0, 7, 6, 11, 11, 6, 5, 0, 0, 0, 11, 0, 6, 0, 0, 6, 0, 0, 0, 6, 9, 5, 8, 9, 5, 8, 0, 9, 8, 8, 9, 8, : 7, 8, 8, 7, 6, 11, 11, 6, 5, 11, 6, 6, 6, 9, 5, 8, 9, 5, 8, 9, 8, 8, 9, 8, 
39: 6, 6, 0, 0, 0, 8, 7, 8, 7, 10, 0, 8, 9, 10, 8, 10, 0, 11, 0, 0, 7, 7, 7, 0, 0, 9, 0, 0, 0, 0, 0, 0, 8, 7, 9, 0, 6, 0, 0, 6, : 6, 6, 8, 7, 8, 7, 10, 8, 9, 10, 8, 10, 11, 7, 7, 7, 9, 8, 7, 9, 6, 6, 
66: 0, 6, 4, 4, 6, 6, 5, 7, 0, 6, 8, 0, 8, 9, 11, 8, 8, 8, 0, 6, 7, 8, 9, 9, 0, 0, 0, 9, 0, 0, 0, 0, 0, 7, 8, 9, 0, 9, 9, 7, : 6, 4, 4, 6, 6, 5, 7, 6, 8, 8, 9, 11, 8, 8, 8, 6, 7, 8, 9, 9, 9, 7, 8, 9, 9, 9, 7, 
56: 4, 0, 8, 0, 9, 0, 7, 8, 7, 0, 7, 0, 0, 0, 10, 0, 9, 8, 9, 6, 0, 9, 0, 7, 8, 9, 5, 8, 8, 0, 7, 9, 0, 0, 0, 7, 9, 8, 0, 0, : 4, 8, 9, 7, 8, 7, 7, 10, 9, 8, 9, 6, 9, 7, 8, 9, 5, 8, 8, 7, 9, 7, 9, 8, 
99: 0, 10, 8, 9, 0, 11, 0, 0, 9, 0, 0, 0, 8, 0, 0, 7, 8, 0, 0, 8, 9, 0, 6, 0, 0, 0, 0, 7, 7, 8, 0, 0, 6, 0, 7, 0, 0, 9, 5, 7, : 10, 8, 9, 11, 9, 8, 7, 8, 8, 9, 6, 7, 7, 8, 6, 7, 9, 5, 7, 
90: 0, 0, 7, 6, 0, 0, 10, 0, 0, 0, 7, 0, 0, 0, 0, 0, 8, 0, 0, 0, 9, 0, 8, 9, 9, 0, 7, 9, 0, 9, 7, 6, 8, 0, 0, 8, 0, 0, 0, 0, : 7, 6, 10, 7, 8, 9, 8, 9, 9, 7, 9, 9, 7, 6, 8, 8, 
15: 10, 0, 0, 0, 0, 8, 0, 9, 0, 8, 0, 10, 0, 0, 8, 8, 0, 0, 8, 7, 0, 7, 0, 9, 5, 7, 0, 0, 9, 9, 0, 8, 0, 8, 9, 5, 7, 7, 0, 9, : 10, 8, 9, 8, 10, 8, 8, 8, 7, 7, 9, 5, 7, 9, 9, 8, 8, 9, 5, 7, 7, 9, 
57: 6, 4, 0, 7, 7, 11, 0, 8, 8, 5, 11, 5, 0, 0, 0, 0, 0, 7, 7, 8, 8, 6, 0, 7, 0, 7, 0, 7, 5, 7, 5, 0, 0, 6, 0, 0, 7, 0, 6, 9, : 6, 4, 7, 7, 11, 8, 8, 5, 11, 5, 7, 7, 8, 8, 6, 7, 7, 7, 5, 7, 5, 6, 7, 6, 9, 
47: 0, 8, 0, 7, 8, 0, 7, 6, 8, 0, 0, 7, 0, 5, 0, 4, 0, 0, 5, 0, 5, 0, 8, 8, 9, 5, 8, 0, 0, 0, 7, 0, 9, 0, 7, 0, 0, 0, 7, 0, : 8, 7, 8, 7, 6, 8, 7, 5, 4, 5, 5, 8, 8, 9, 5, 8, 7, 9, 7, 7, 
54: 7, 0, 0, 0, 8, 6, 7, 7, 8, 0, 0, 8, 0, 5, 0, 7, 10, 0, 8, 0, 0, 0, 9, 7, 0, 9, 8, 0, 0, 6, 6, 9, 0, 0, 7, 6, 9, 0, 0, 0, : 7, 8, 6, 7, 7, 8, 8, 5, 7, 10, 8, 9, 7, 9, 8, 6, 6, 9, 7, 6, 9, 
62: 0, 0, 0, 0, 0, 7, 0, 0, 0, 9, 10, 0, 5, 0, 8, 0, 5, 8, 0, 9, 0, 8, 7, 8, 9, 0, 0, 0, 0, 0, 0, 0, 9, 0, 8, 7, 0, 0, 8, 0, : 7, 9, 10, 5, 8, 5, 8, 9, 8, 7, 8, 9, 9, 8, 7, 8, 
46: 0, 0, 9, 9, 0, 6, 0, 7, 0, 0, 0, 0, 5, 0, 4, 0, 0, 6, 6, 7, 7, 0, 0, 0, 6, 0, 0, 0, 0, 0, 0, 7, 0, 9, 5, 9, 7, 6, 0, 0, : 9, 9, 6, 7, 5, 4, 6, 6, 7, 7, 6, 7, 9, 5, 9, 7, 6, 
45: 7, 11, 6, 0, 0, 0, 7, 0, 0, 7, 9, 0, 0, 7, 0, 4, 0, 0, 7, 0, 0, 0, 0, 5, 0, 0, 7, 0, 8, 0, 9, 7, 7, 0, 9, 7, 0, 7, 7, 0, : 7, 11, 6, 7, 7, 9, 7, 4, 7, 5, 7, 8, 9, 7, 7, 9, 7, 7, 7, 
26: 9, 0, 0, 7, 8, 0, 0, 0, 9, 0, 0, 7, 0, 0, 0, 7, 0, 7, 6, 8, 9, 0, 0, 0, 8, 6, 9, 8, 0, 7, 0, 7, 0, 9, 0, 0, 5, 5, 0, 7, : 9, 7, 8, 9, 7, 7, 7, 6, 8, 9, 8, 6, 9, 8, 7, 7, 9, 5, 5, 7, 
88: 7, 9, 0, 0, 0, 0, 0, 0, 0, 8, 0, 5, 8, 9, 0, 0, 4, 0, 0, 0, 0, 0, 0, 0, 0, 8, 0, 5, 0, 0, 8, 0, 0, 0, 0, 0, 0, 0, 0, 8, : 7, 9, 8, 5, 8, 9, 4, 8, 5, 8, 8, 
76: 0, 6, 0, 0, 6, 0, 0, 0, 0, 0, 6, 0, 8, 0, 10, 0, 9, 0, 0, 0, 8, 5, 9, 0, 7, 0, 7, 0, 6, 8, 0, 5, 0, 5, 0, 0, 0, 9, 0, 5, : 6, 6, 6, 8, 10, 9, 8, 5, 9, 7, 7, 6, 8, 5, 5, 9, 5, 
18: 0, 0, 0, 9, 4, 0, 6, 7, 0, 5, 0, 6, 0, 9, 6, 0, 7, 10, 0, 7, 0, 9, 0, 0, 7, 7, 0, 7, 7, 7, 9, 8, 9, 0, 0, 8, 8, 0, 8, 0, : 9, 4, 6, 7, 5, 6, 9, 6, 7, 10, 7, 9, 7, 7, 7, 7, 7, 9, 8, 9, 8, 8, 8, 
27: 8, 9, 10, 0, 0, 0, 0, 0, 5, 0, 5, 8, 8, 6, 0, 10, 0, 4, 0, 0, 0, 9, 0, 0, 7, 0, 6, 0, 9, 9, 0, 0, 7, 7, 6, 0, 0, 0, 9, 0, : 8, 9, 10, 5, 5, 8, 8, 6, 10, 4, 9, 7, 6, 9, 9, 7, 7, 6, 9, 
3: 11, 6, 7, 9, 11, 6, 8, 8, 6, 10, 6, 0, 0, 9, 0, 0, 7, 6, 0, 0, 0, 7, 5, 0, 0, 8, 9, 0, 0, 0, 9, 0, 0, 9, 0, 0, 9, 7, 7, 9, : 11, 6, 7, 9, 11, 6, 8, 8, 6, 10, 6, 9, 7, 6, 7, 5, 8, 9, 9, 9, 9, 7, 7, 9, 
92: 0, 0, 9, 0, 0, 6, 11, 0, 8, 0, 0, 0, 5, 0, 5, 10, 0, 0, 8, 9, 0, 0, 7, 0, 0, 0, 9, 9, 7, 0, 0, 0, 7, 0, 0, 0, 0, 0, 0, 0, : 9, 6, 11, 8, 5, 5, 10, 8, 9, 7, 9, 9, 7, 7, 


