
80
200
150
5

34: 6, 8, 0, 0, 6, 9, 4, 10, 0, 0, 9, 7, 9, 5, 8, 0, 0, 0, 9, 7, 6, 0, 9, 6, 0, 0, 0, 0, 10, 6, 7, 0, 6, 0, 0, 0, 9, 8, 10, 10, 0, 9, 0, 0, 0, 8, 0, 6, 0, 0, 0, 0, 0, 0, 0, 4, 0, 0, 9, 0, 0, 4, 0, 0, 0, 0, 0, 0, 0, 8, 6, 0, 8, 9, 6, 0, 9, 0, 5, 0, : 6, 8, 6, 9, 4, 10, 9, 7, 9, 5, 8, 9, 7, 6, 9, 6, 10, 6, 7, 6, 9, 8, 10, 10, 9, 8, 6, 4, 9, 4, 8, 6, 8, 9, 6, 9, 5, 
10: 0, 7, 7, 8, 0, 0, 8, 0, 8, 8, 8, 9, 0, 0, 0, 0, 8, 6, 8, 0, 0, 0, 0, 0, 0, 6, 8, 0, 8, 9, 6, 0, 9, 6, 8, 0, 0, 0, 0, 0, 7, 6, 7, 0, 10, 0, 0, 7, 9, 0, 10, 0, 0, 10, 0, 0, 9, 9, 0, 9, 0, 0, 9, 10, 8, 0, 8, 0, 7, 0, 6, 6, 0, 7, 0, 0, 0, 6, 0, 0, : 7, 7, 8, 8, 8, 8, 8, 9, 8, 6, 8, 6, 8, 8, 9, 6, 9, 6, 8, 7, 6, 7, 10, 7, 9, 10, 10, 9, 9, 9, 9, 10, 8, 8, 7, 6, 6, 7, 6, 
118: 0, 7, 6, 0, 0, 7, 6, 0, 8, 0, 0, 5, 6, 7, 0, 6, 0, 0, 0, 6, 0, 9, 8, 0, 8, 6, 10, 0, 0, 10, 8, 8, 7, 7, 0, 9, 7, 0, 0, 0, 6, 8, 0, 0, 9, 7, 6, 0, 10, 6, 10, 0, 0, 8, 8, 0, 8, 0, 10, 9, 9, 0, 8, 0, 0, 8, 0, 5, 0, 7, 9, 8, 6, 8, 0, 9, 0, 8, 6, 6, : 7, 6, 7, 6, 8, 5, 6, 7, 6, 6, 9, 8, 8, 6, 10, 10, 8, 8, 7, 7, 9, 7, 6, 8, 9, 7, 6, 10, 6, 10, 8, 8, 8, 10, 9, 9, 8, 8, 5, 7, 9, 8, 6, 8, 9, 8, 6, 6, 
43: 8, 0, 0, 6, 9, 8, 0, 5, 7, 0, 0, 0, 0, 7, 6, 6, 7, 6, 0, 0, 0, 0, 0, 0, 0, 9, 8, 0, 0, 4, 0, 10, 10, 10, 6, 0, 7, 10, 8, 7, 8, 0, 9, 6, 7, 7, 6, 0, 10, 0, 8, 9, 11, 0, 9, 0, 7, 7, 0, 5, 8, 7, 0, 0, 0, 0, 8, 0, 8, 0, 0, 0, 0, 0, 0, 0, 0, 6, 0, 0, : 8, 6, 9, 8, 5, 7, 7, 6, 6, 7, 6, 9, 8, 4, 10, 10, 10, 6, 7, 10, 8, 7, 8, 9, 6, 7, 7, 6, 10, 8, 9, 11, 9, 7, 7, 5, 8, 7, 8, 8, 6, 
187: 0, 0, 0, 0, 0, 0, 0, 9, 8, 8, 6, 0, 0, 0, 0, 0, 8, 0, 0, 0, 9, 0, 0, 7, 0, 0, 0, 0, 0, 0, 0, 6, 7, 0, 8, 0, 10, 0, 6, 0, 0, 10, 0, 0, 5, 8, 0, 11, 7, 0, 10, 0, 0, 0, 8, 11, 0, 11, 8, 8, 9, 9, 0, 5, 0, 6, 5, 0, 0, 8, 7, 9, 6, 5, 7, 0, 8, 9, 9, 5, : 9, 8, 8, 6, 8, 9, 7, 6, 7, 8, 10, 6, 10, 5, 8, 11, 7, 10, 8, 11, 11, 8, 8, 9, 9, 5, 6, 5, 8, 7, 9, 6, 5, 7, 8, 9, 9, 5, 
46: 8, 0, 0, 0, 8, 0, 0, 8, 8, 7, 0, 0, 0, 10, 6, 8, 0, 0, 0, 0, 0, 7, 0, 0, 8, 0, 0, 0, 9, 7, 6, 0, 0, 0, 9, 0, 0, 0, 6, 8, 0, 7, 5, 7, 6, 0, 7, 0, 5, 7, 9, 8, 6, 6, 0, 0, 8, 4, 0, 10, 0, 0, 5, 9, 0, 7, 9, 0, 5, 8, 8, 0, 0, 9, 8, 0, 8, 0, 8, 0, : 8, 8, 8, 8, 7, 10, 6, 8, 7, 8, 9, 7, 6, 9, 6, 8, 7, 5, 7, 6, 7, 5, 7, 9, 8, 6, 6, 8, 4, 10, 5, 9, 7, 9, 5, 8, 8, 9, 8, 8, 8, 
181: 6, 5, 6, 0, 0, 10, 10, 8, 5, 0, 6, 9, 9, 0, 6, 0, 0, 0, 9, 10, 9, 8, 0, 5, 5, 0, 0, 5, 0, 7, 9, 0, 9, 7, 10, 0, 0, 0, 0, 5, 5, 0, 0, 0, 0, 0, 7, 8, 8, 0, 8, 0, 0, 0, 0, 8, 0, 9, 0, 0, 0, 8, 4, 0, 0, 0, 9, 0, 8, 0, 0, 8, 8, 0, 6, 0, 8, 0, 8, 7, : 6, 5, 6, 10, 10, 8, 5, 6, 9, 9, 6, 9, 10, 9, 8, 5, 5, 5, 7, 9, 9, 7, 10, 5, 5, 7, 8, 8, 8, 8, 9, 8, 4, 9, 8, 8, 8, 6, 8, 8, 7, 
30: 8, 6, 0, 7, 8, 0, 8, 7, 8, 9, 0, 9, 0, 7, 0, 0, 9, 6, 0, 0, 0, 7, 5, 0, 10, 0, 7, 10, 7, 0, 10, 9, 0, 6, 0, 0, 10, 11, 6, 0, 8, 0, 0, 9, 0, 9, 7, 8, 8, 8, 0, 0, 7, 0, 8, 0, 8, 0, 9, 8, 0, 5, 0, 6, 10, 10, 6, 9, 8, 9, 0, 5, 0, 8, 0, 0, 0, 0, 0, 0, : 8, 6, 7, 8, 8, 7, 8, 9, 9, 7, 9, 6, 7, 5, 10, 7, 10, 7, 10, 9, 6, 10, 11, 6, 8, 9, 9, 7, 8, 8, 8, 7, 8, 8, 9, 8, 5, 6, 10, 10, 6, 9, 8, 9, 5, 8, 
29: 9, 0, 9, 0, 8, 8, 9, 0, 9, 0, 6, 0, 9, 9, 9, 0, 0, 0, 8, 8, 0, 9, 8, 8, 0, 0, 0, 0, 5, 9, 4, 0, 0, 0, 6, 8, 0, 0, 0, 0, 0, 8, 8, 9, 0, 5, 0, 0, 0, 0, 7, 0, 9, 6, 10, 8, 10, 0, 11, 0, 5, 9, 10, 0, 0, 0, 0, 0, 0, 0, 8, 0, 8, 0, 0, 9, 0, 8, 6, 0, : 9, 9, 8, 8, 9, 9, 6, 9, 9, 9, 8, 8, 9, 8, 8, 5, 9, 4, 6, 8, 8, 8, 9, 5, 7, 9, 6, 10, 8, 10, 11, 5, 9, 10, 8, 8, 9, 8, 6, 
103: 10, 8, 8, 6, 9, 0, 8, 7, 0, 7, 0, 9, 0, 0, 9, 0, 8, 9, 0, 9, 5, 9, 9, 8, 0, 0, 8, 0, 0, 8, 9, 0, 10, 6, 9, 6, 6, 7, 0, 0, 9, 9, 9, 6, 8, 0, 0, 0, 9, 0, 0, 0, 0, 0, 0, 0, 5, 0, 0, 5, 0, 0, 7, 5, 10, 6, 8, 8, 0, 0, 8, 8, 6, 9, 0, 0, 0, 8, 6, 8, : 10, 8, 8, 6, 9, 8, 7, 7, 9, 9, 8, 9, 9, 5, 9, 9, 8, 8, 8, 9, 10, 6, 9, 6, 6, 7, 9, 9, 9, 6, 8, 9, 5, 5, 7, 5, 10, 6, 8, 8, 8, 8, 6, 9, 8, 6, 8, 
180: 9, 7, 7, 6, 0, 8, 0, 7, 0, 7, 7, 0, 10, 0, 9, 0, 0, 0, 8, 0, 9, 5, 8, 0, 0, 6, 0, 0, 0, 7, 0, 0, 8, 0, 0, 6, 0, 6, 9, 10, 7, 8, 6, 0, 8, 6, 0, 8, 0, 7, 0, 0, 0, 9, 9, 0, 5, 10, 5, 9, 0, 9, 5, 0, 0, 5, 8, 0, 8, 0, 0, 8, 0, 0, 0, 0, 8, 5, 0, 0, : 9, 7, 7, 6, 8, 7, 7, 7, 10, 9, 8, 9, 5, 8, 6, 7, 8, 6, 6, 9, 10, 7, 8, 6, 8, 6, 8, 7, 9, 9, 5, 10, 5, 9, 9, 5, 5, 8, 8, 8, 8, 5, 
189: 0, 0, 0, 10, 6, 0, 6, 0, 8, 8, 8, 0, 9, 8, 0, 0, 6, 7, 9, 0, 0, 0, 6, 0, 0, 0, 11, 8, 4, 0, 9, 0, 0, 0, 9, 6, 0, 6, 0, 10, 10, 8, 0, 0, 0, 6, 0, 9, 0, 5, 8, 10, 5, 0, 7, 0, 0, 0, 0, 0, 0, 8, 0, 8, 0, 7, 0, 0, 9, 8, 0, 6, 8, 8, 9, 6, 0, 8, 0, 0, : 10, 6, 6, 8, 8, 8, 9, 8, 6, 7, 9, 6, 11, 8, 4, 9, 9, 6, 6, 10, 10, 8, 6, 9, 5, 8, 10, 5, 7, 8, 8, 7, 9, 8, 6, 8, 8, 9, 6, 8, 
4: 0, 6, 9, 8, 8, 0, 0, 0, 0, 0, 0, 9, 0, 0, 0, 7, 10, 0, 8, 0, 6, 9, 0, 5, 8, 10, 8, 8, 0, 7, 0, 0, 0, 8, 0, 8, 0, 8, 0, 0, 0, 9, 6, 6, 8, 10, 8, 7, 0, 0, 5, 0, 7, 0, 8, 8, 0, 0, 0, 0, 0, 0, 0, 0, 10, 0, 0, 9, 0, 0, 0, 0, 9, 0, 7, 0, 0, 0, 7, 0, : 6, 9, 8, 8, 9, 7, 10, 8, 6, 9, 5, 8, 10, 8, 8, 7, 8, 8, 8, 9, 6, 6, 8, 10, 8, 7, 5, 7, 8, 8, 10, 9, 9, 7, 7, 
78: 8, 0, 7, 7, 0, 6, 8, 0, 6, 0, 0, 6, 9, 9, 6, 8, 0, 10, 0, 8, 9, 8, 10, 8, 10, 7, 0, 7, 0, 0, 7, 6, 8, 6, 0, 0, 6, 0, 0, 0, 6, 0, 8, 0, 0, 0, 0, 0, 5, 0, 7, 0, 0, 8, 0, 5, 0, 0, 5, 0, 8, 0, 0, 0, 0, 0, 0, 6, 6, 8, 6, 9, 8, 0, 0, 0, 0, 0, 0, 6, : 8, 7, 7, 6, 8, 6, 6, 9, 9, 6, 8, 10, 8, 9, 8, 10, 8, 10, 7, 7, 7, 6, 8, 6, 6, 6, 8, 5, 7, 8, 5, 5, 8, 6, 6, 8, 6, 9, 8, 6, 
99: 0, 0, 10, 0, 4, 0, 0, 0, 0, 0, 0, 9, 0, 0, 0, 0, 7, 8, 0, 9, 7, 0, 0, 6, 0, 11, 10, 0, 8, 0, 9, 6, 0, 9, 0, 7, 0, 0, 7, 0, 0, 0, 6, 0, 0, 0, 0, 9, 0, 0, 0, 0, 10, 0, 9, 10, 0, 0, 0, 8, 8, 11, 0, 8, 0, 10, 6, 6, 8, 9, 0, 9, 5, 0, 0, 5, 0, 8, 0, 0, : 10, 4, 9, 7, 8, 9, 7, 6, 11, 10, 8, 9, 6, 9, 7, 7, 6, 9, 10, 9, 10, 8, 8, 11, 8, 10, 6, 6, 8, 9, 9, 5, 5, 8, 
161: 9, 5, 8, 0, 7, 0, 0, 0, 0, 7, 0, 7, 0, 8, 7, 10, 9, 9, 7, 8, 0, 8, 9, 0, 10, 0, 8, 8, 7, 7, 0, 9, 6, 0, 0, 0, 0, 4, 0, 6, 9, 7, 0, 0, 0, 8, 0, 0, 5, 0, 0, 9, 9, 7, 0, 8, 0, 8, 0, 8, 0, 4, 0, 0, 8, 8, 0, 0, 0, 0, 0, 9, 0, 6, 8, 7, 8, 0, 6, 0, : 9, 5, 8, 7, 7, 7, 8, 7, 10, 9, 9, 7, 8, 8, 9, 10, 8, 8, 7, 7, 9, 6, 4, 6, 9, 7, 8, 5, 9, 9, 7, 8, 8, 8, 4, 8, 8, 9, 6, 8, 7, 8, 6, 
91: 0, 0, 0, 8, 10, 8, 0, 4, 8, 9, 0, 0, 0, 0, 0, 0, 0, 9, 6, 7, 0, 7, 0, 0, 0, 8, 0, 0, 0, 0, 6, 0, 0, 0, 7, 0, 8, 0, 7, 8, 0, 0, 0, 7, 0, 6, 8, 7, 7, 0, 0, 10, 6, 0, 0, 8, 4, 5, 7, 0, 8, 5, 0, 4, 5, 0, 6, 8, 8, 6, 0, 0, 7, 0, 0, 6, 7, 0, 0, 9, : 8, 10, 8, 4, 8, 9, 9, 6, 7, 7, 8, 6, 7, 8, 7, 8, 7, 6, 8, 7, 7, 10, 6, 8, 4, 5, 7, 8, 5, 4, 5, 6, 8, 8, 6, 7, 6, 7, 9, 
135: 0, 8, 8, 7, 0, 0, 0, 0, 0, 0, 9, 6, 0, 9, 0, 0, 9, 0, 0, 0, 0, 0, 6, 6, 5, 0, 0, 0, 7, 6, 0, 0, 6, 0, 0, 0, 8, 6, 0, 0, 0, 0, 9, 0, 6, 0, 0, 0, 9, 0, 0, 7, 0, 8, 0, 10, 0, 7, 5, 0, 5, 0, 0, 0, 8, 0, 7, 8, 9, 9, 5, 6, 0, 0, 0, 8, 0, 7, 7, 0, : 8, 8, 7, 9, 6, 9, 9, 6, 6, 5, 7, 6, 6, 8, 6, 9, 6, 9, 7, 8, 10, 7, 5, 5, 8, 7, 8, 9, 9, 5, 6, 8, 7, 7, 
58: 0, 0, 5, 0, 0, 8, 7, 8, 0, 9, 0, 0, 0, 0, 0, 9, 6, 0, 6, 6, 9, 7, 0, 0, 10, 0, 0, 0, 7, 0, 0, 0, 0, 0, 0, 0, 6, 6, 8, 0, 10, 0, 8, 9, 7, 0, 7, 9, 6, 8, 0, 7, 4, 8, 0, 9, 0, 0, 0, 0, 5, 8, 8, 0, 4, 0, 8, 9, 9, 9, 9, 0, 0, 8, 0, 0, 6, 0, 8, 0, : 5, 8, 7, 8, 9, 9, 6, 6, 6, 9, 7, 10, 7, 6, 6, 8, 10, 8, 9, 7, 7, 9, 6, 8, 7, 4, 8, 9, 5, 8, 8, 4, 8, 9, 9, 9, 9, 8, 6, 8, 
24: 0, 0, 9, 0, 0, 5, 5, 0, 0, 0, 9, 9, 0, 9, 0, 8, 6, 0, 5, 0, 0, 0, 5, 0, 7, 7, 6, 0, 7, 0, 0, 7, 0, 0, 6, 10, 0, 0, 0, 0, 0, 0, 0, 5, 6, 0, 0, 0, 0, 5, 8, 7, 10, 5, 8, 0, 9, 0, 0, 0, 8, 0, 0, 0, 6, 0, 9, 0, 6, 0, 0, 8, 0, 0, 0, 8, 7, 0, 9, 8, : 9, 5, 5, 9, 9, 9, 8, 6, 5, 5, 7, 7, 6, 7, 7, 6, 10, 5, 6, 5, 8, 7, 10, 5, 8, 9, 8, 6, 9, 6, 8, 8, 7, 9, 8, 
6: 0, 9, 0, 0, 8, 0, 0, 8, 9, 0, 0, 0, 0, 7, 8, 6, 0, 0, 5, 8, 8, 0, 7, 10, 8, 0, 0, 7, 0, 0, 0, 0, 0, 8, 7, 7, 0, 9, 8, 0, 5, 8, 0, 0, 6, 8, 6, 9, 0, 8, 0, 5, 0, 9, 0, 5, 0, 0, 8, 10, 7, 6, 11, 0, 7, 0, 0, 0, 6, 6, 0, 0, 0, 0, 9, 8, 9, 0, 0, 9, : 9, 8, 8, 9, 7, 8, 6, 5, 8, 8, 7, 10, 8, 7, 8, 7, 7, 9, 8, 5, 8, 6, 8, 6, 9, 8, 5, 9, 5, 8, 10, 7, 6, 11, 7, 6, 6, 9, 8, 9, 9, 
133: 6, 0, 5, 0, 0, 5, 10, 8, 5, 7, 7, 0, 0, 0, 8, 7, 0, 8, 8, 6, 8, 7, 0, 6, 8, 8, 8, 0, 6, 7, 0, 6, 6, 0, 10, 0, 0, 0, 4, 0, 9, 9, 7, 0, 10, 7, 9, 8, 0, 0, 0, 5, 7, 0, 0, 10, 0, 0, 8, 0, 9, 9, 8, 0, 9, 0, 0, 0, 0, 9, 0, 0, 0, 0, 0, 9, 0, 9, 0, 8, : 6, 5, 5, 10, 8, 5, 7, 7, 8, 7, 8, 8, 6, 8, 7, 6, 8, 8, 8, 6, 7, 6, 6, 10, 4, 9, 9, 7, 10, 7, 9, 8, 5, 7, 10, 8, 9, 9, 8, 9, 9, 9, 9, 8, 
112: 8, 0, 0, 0, 0, 0, 8, 8, 0, 0, 0, 9, 7, 6, 8, 8, 0, 0, 6, 9, 0, 9, 0, 8, 9, 0, 4, 0, 0, 0, 6, 0, 7, 9, 6, 8, 6, 0, 10, 0, 0, 0, 0, 0, 8, 0, 8, 6, 0, 10, 0, 10, 6, 6, 6, 0, 0, 0, 0, 4, 0, 0, 9, 5, 10, 8, 0, 8, 0, 0, 9, 0, 6, 6, 8, 0, 0, 0, 8, 6, : 8, 8, 8, 9, 7, 6, 8, 8, 6, 9, 9, 8, 9, 4, 6, 7, 9, 6, 8, 6, 10, 8, 8, 6, 10, 10, 6, 6, 6, 4, 9, 5, 10, 8, 8, 9, 6, 6, 8, 8, 6, 
104: 0, 0, 9, 8, 5, 0, 0, 0, 9, 9, 5, 0, 6, 7, 0, 0, 0, 6, 0, 0, 5, 8, 0, 9, 0, 0, 0, 8, 8, 0, 7, 9, 0, 0, 7, 6, 8, 9, 6, 6, 7, 0, 8, 8, 0, 7, 8, 0, 0, 9, 0, 0, 0, 0, 0, 0, 5, 9, 0, 0, 0, 0, 0, 7, 0, 8, 0, 7, 8, 6, 0, 0, 8, 6, 6, 0, 0, 0, 0, 9, : 9, 8, 5, 9, 9, 5, 6, 7, 6, 5, 8, 9, 8, 8, 7, 9, 7, 6, 8, 9, 6, 6, 7, 8, 8, 7, 8, 9, 5, 9, 7, 8, 7, 8, 6, 8, 6, 6, 9, 
33: 8, 10, 0, 8, 0, 9, 0, 5, 8, 8, 9, 5, 10, 6, 0, 0, 0, 8, 6, 0, 0, 0, 0, 0, 6, 9, 0, 7, 0, 9, 0, 0, 9, 0, 0, 8, 0, 7, 6, 0, 0, 0, 0, 8, 7, 8, 0, 0, 6, 0, 7, 5, 0, 4, 8, 0, 8, 9, 7, 8, 6, 0, 10, 8, 0, 8, 0, 9, 0, 5, 0, 8, 0, 9, 0, 8, 6, 6, 6, 7, : 8, 10, 8, 9, 5, 8, 8, 9, 5, 10, 6, 8, 6, 6, 9, 7, 9, 9, 8, 7, 6, 8, 7, 8, 6, 7, 5, 4, 8, 8, 9, 7, 8, 6, 10, 8, 8, 9, 5, 8, 9, 8, 6, 6, 6, 7, 
72: 9, 0, 9, 0, 0, 0, 8, 0, 0, 8, 0, 0, 6, 0, 0, 0, 0, 0, 0, 7, 0, 0, 7, 7, 0, 0, 0, 7, 0, 0, 0, 0, 0, 6, 0, 9, 0, 6, 0, 0, 9, 0, 7, 7, 8, 0, 8, 5, 0, 0, 0, 0, 0, 0, 0, 0, 11, 0, 0, 0, 0, 9, 0, 0, 0, 0, 0, 8, 0, 0, 8, 0, 7, 8, 0, 6, 0, 9, 0, 0, : 9, 9, 8, 8, 6, 7, 7, 7, 7, 6, 9, 6, 9, 7, 7, 8, 8, 5, 11, 9, 8, 8, 7, 8, 6, 9, 
14: 0, 7, 7, 0, 0, 9, 0, 8, 8, 0, 7, 0, 0, 8, 0, 0, 9, 0, 0, 0, 8, 0, 9, 0, 6, 5, 0, 0, 7, 0, 0, 7, 0, 8, 0, 0, 6, 0, 0, 0, 0, 6, 0, 0, 0, 0, 0, 0, 0, 6, 0, 7, 0, 0, 10, 0, 7, 6, 0, 8, 0, 6, 8, 10, 8, 0, 6, 6, 0, 0, 0, 0, 9, 6, 9, 0, 9, 7, 0, 8, : 7, 7, 9, 8, 8, 7, 8, 9, 8, 9, 6, 5, 7, 7, 8, 6, 6, 6, 7, 10, 7, 6, 8, 6, 8, 10, 8, 6, 6, 9, 6, 9, 9, 7, 8, 
80: 0, 8, 0, 8, 0, 0, 8, 8, 0, 0, 6, 0, 8, 0, 0, 8, 6, 0, 9, 0, 0, 0, 7, 0, 7, 9, 5, 7, 0, 7, 0, 9, 6, 10, 0, 0, 0, 7, 0, 6, 0, 5, 0, 8, 0, 8, 0, 7, 0, 0, 9, 4, 0, 10, 0, 8, 5, 0, 8, 0, 0, 0, 5, 6, 0, 0, 8, 6, 0, 0, 8, 7, 0, 0, 8, 0, 6, 0, 9, 0, : 8, 8, 8, 8, 6, 8, 8, 6, 9, 7, 7, 9, 5, 7, 7, 9, 6, 10, 7, 6, 5, 8, 8, 7, 9, 4, 10, 8, 5, 8, 5, 6, 8, 6, 8, 7, 8, 6, 9, 
49: 0, 9, 0, 9, 0, 8, 8, 0, 7, 7, 8, 0, 7, 8, 8, 0, 6, 0, 0, 0, 6, 7, 6, 10, 0, 8, 4, 8, 0, 0, 0, 0, 6, 6, 6, 6, 8, 7, 0, 7, 8, 0, 9, 10, 0, 0, 5, 0, 7, 0, 7, 11, 0, 5, 4, 4, 9, 0, 8, 0, 0, 0, 0, 0, 6, 6, 0, 0, 0, 8, 6, 0, 0, 0, 8, 0, 0, 9, 0, 6, : 9, 9, 8, 8, 7, 7, 8, 7, 8, 8, 6, 6, 7, 6, 10, 8, 4, 8, 6, 6, 6, 6, 8, 7, 7, 8, 9, 10, 5, 7, 7, 11, 5, 4, 4, 9, 8, 6, 6, 8, 6, 8, 9, 6, 
11: 8, 8, 7, 7, 9, 7, 0, 10, 0, 5, 0, 0, 4, 0, 0, 7, 7, 8, 0, 0, 0, 5, 9, 0, 0, 8, 7, 7, 7, 0, 0, 6, 0, 6, 0, 6, 0, 7, 0, 8, 8, 0, 0, 6, 0, 10, 9, 0, 0, 7, 0, 8, 0, 9, 9, 8, 0, 5, 7, 8, 8, 0, 8, 9, 0, 0, 10, 0, 0, 0, 8, 9, 6, 0, 0, 6, 8, 0, 0, 9, : 8, 8, 7, 7, 9, 7, 10, 5, 4, 7, 7, 8, 5, 9, 8, 7, 7, 7, 6, 6, 6, 7, 8, 8, 6, 10, 9, 7, 8, 9, 9, 8, 5, 7, 8, 8, 8, 9, 10, 8, 9, 6, 6, 8, 9, 
108: 0, 0, 0, 5, 6, 0, 0, 7, 0, 8, 5, 7, 0, 0, 0, 0, 0, 6, 6, 0, 0, 0, 7, 0, 4, 7, 8, 9, 0, 0, 0, 8, 9, 7, 0, 0, 0, 0, 6, 0, 0, 6, 0, 8, 0, 0, 0, 0, 8, 6, 10, 0, 0, 0, 0, 5, 10, 10, 8, 7, 10, 8, 4, 9, 5, 6, 0, 9, 6, 7, 9, 0, 0, 0, 9, 8, 0, 0, 9, 8, : 5, 6, 7, 8, 5, 7, 6, 6, 7, 4, 7, 8, 9, 8, 9, 7, 6, 6, 8, 8, 6, 10, 5, 10, 10, 8, 7, 10, 8, 4, 9, 5, 6, 9, 6, 7, 9, 9, 8, 9, 8, 
19: 0, 0, 6, 10, 0, 7, 0, 8, 7, 0, 9, 6, 7, 0, 5, 8, 0, 9, 8, 0, 0, 0, 0, 9, 0, 5, 0, 7, 0, 0, 8, 9, 0, 0, 8, 8, 8, 9, 0, 9, 6, 8, 0, 0, 7, 0, 0, 7, 0, 9, 5, 8, 9, 9, 4, 7, 0, 9, 5, 0, 4, 0, 10, 8, 0, 8, 8, 0, 6, 0, 0, 0, 9, 0, 6, 0, 8, 6, 0, 0, : 6, 10, 7, 8, 7, 9, 6, 7, 5, 8, 9, 8, 9, 5, 7, 8, 9, 8, 8, 8, 9, 9, 6, 8, 7, 7, 9, 5, 8, 9, 9, 4, 7, 9, 5, 4, 10, 8, 8, 8, 6, 9, 6, 8, 6, 
15: 0, 0, 0, 8, 0, 0, 5, 7, 7, 0, 0, 0, 8, 0, 9, 9, 8, 6, 0, 5, 7, 0, 0, 5, 8, 0, 0, 8, 7, 10, 8, 7, 7, 0, 7, 6, 6, 0, 0, 8, 0, 0, 8, 0, 0, 0, 6, 0, 0, 7, 0, 8, 7, 0, 0, 0, 0, 8, 4, 9, 0, 0, 0, 8, 6, 10, 0, 8, 0, 0, 6, 6, 9, 0, 8, 9, 0, 0, 0, 0, : 8, 5, 7, 7, 8, 9, 9, 8, 6, 5, 7, 5, 8, 8, 7, 10, 8, 7, 7, 7, 6, 6, 8, 8, 6, 7, 8, 7, 8, 4, 9, 8, 6, 10, 8, 6, 6, 9, 8, 9, 
68: 5, 8, 0, 6, 8, 9, 8, 0, 7, 0, 0, 8, 5, 0, 8, 0, 0, 7, 0, 8, 0, 6, 0, 8, 0, 0, 7, 0, 0, 0, 7, 0, 0, 8, 0, 0, 11, 8, 0, 5, 0, 0, 6, 7, 9, 7, 0, 8, 7, 9, 5, 7, 6, 0, 5, 0, 0, 7, 0, 5, 11, 0, 8, 0, 0, 8, 6, 5, 9, 0, 0, 0, 0, 0, 9, 0, 0, 8, 8, 0, : 5, 8, 6, 8, 9, 8, 7, 8, 5, 8, 7, 8, 6, 8, 7, 7, 8, 11, 8, 5, 6, 7, 9, 7, 8, 7, 9, 5, 7, 6, 5, 7, 5, 11, 8, 8, 6, 5, 9, 9, 8, 8, 
105: 0, 0, 0, 0, 8, 0, 0, 0, 0, 5, 0, 0, 7, 0, 8, 6, 8, 0, 0, 6, 7, 0, 8, 0, 0, 8, 7, 7, 8, 6, 10, 7, 0, 0, 8, 8, 8, 9, 7, 0, 7, 7, 0, 8, 0, 9, 8, 0, 0, 10, 7, 0, 5, 0, 6, 0, 10, 0, 0, 7, 0, 6, 8, 0, 7, 7, 8, 0, 8, 0, 0, 0, 9, 7, 0, 8, 5, 0, 0, 8, : 8, 5, 7, 8, 6, 8, 6, 7, 8, 8, 7, 7, 8, 6, 10, 7, 8, 8, 8, 9, 7, 7, 7, 8, 9, 8, 10, 7, 5, 6, 10, 7, 6, 8, 7, 7, 8, 8, 9, 7, 8, 5, 8, 
17: 6, 0, 0, 0, 0, 4, 0, 0, 0, 6, 0, 0, 0, 0, 0, 8, 7, 0, 10, 10, 8, 0, 0, 0, 0, 0, 0, 8, 0, 10, 0, 0, 5, 0, 0, 11, 0, 0, 7, 10, 0, 0, 0, 0, 7, 0, 0, 6, 9, 0, 0, 0, 0, 8, 0, 5, 0, 0, 0, 0, 7, 10, 0, 9, 7, 9, 0, 8, 0, 0, 0, 0, 0, 9, 8, 6, 0, 6, 0, 9, : 6, 4, 6, 8, 7, 10, 10, 8, 8, 10, 5, 11, 7, 10, 7, 6, 9, 8, 5, 7, 10, 9, 7, 9, 8, 9, 8, 6, 6, 9, 
53: 0, 9, 0, 8, 8, 0, 0, 0, 0, 0, 9, 6, 8, 6, 7, 7, 0, 0, 9, 0, 8, 8, 7, 10, 0, 0, 7, 0, 9, 0, 0, 5, 0, 7, 0, 0, 7, 0, 9, 6, 0, 0, 7, 0, 0, 6, 0, 0, 0, 9, 0, 0, 0, 7, 9, 9, 0, 0, 9, 0, 0, 0, 5, 0, 0, 5, 0, 0, 0, 0, 9, 6, 0, 8, 0, 7, 6, 0, 0, 8, : 9, 8, 8, 9, 6, 8, 6, 7, 7, 9, 8, 8, 7, 10, 7, 9, 5, 7, 7, 9, 6, 7, 6, 9, 7, 9, 9, 9, 5, 5, 9, 6, 8, 7, 6, 8, 
69: 5, 6, 0, 0, 7, 9, 9, 0, 0, 0, 9, 6, 0, 9, 8, 8, 0, 7, 0, 0, 8, 0, 0, 0, 7, 9, 9, 10, 0, 0, 7, 7, 9, 10, 7, 0, 0, 0, 0, 7, 6, 0, 9, 0, 8, 0, 8, 0, 0, 0, 0, 0, 9, 0, 5, 0, 7, 8, 0, 0, 0, 0, 0, 8, 8, 0, 7, 0, 8, 6, 7, 8, 0, 8, 0, 9, 6, 9, 8, 0, : 5, 6, 7, 9, 9, 9, 6, 9, 8, 8, 7, 8, 7, 9, 9, 10, 7, 7, 9, 10, 7, 7, 6, 9, 8, 8, 9, 5, 7, 8, 8, 8, 7, 8, 6, 7, 8, 8, 9, 6, 9, 8, 
157: 7, 9, 0, 0, 0, 6, 7, 0, 0, 0, 0, 0, 6, 0, 0, 6, 0, 8, 0, 8, 8, 7, 0, 0, 0, 0, 0, 0, 10, 8, 0, 9, 0, 0, 0, 0, 5, 0, 10, 7, 0, 6, 8, 8, 0, 0, 11, 5, 6, 9, 4, 0, 8, 0, 0, 0, 5, 5, 0, 0, 7, 9, 0, 8, 8, 0, 0, 0, 0, 8, 8, 0, 8, 6, 6, 8, 9, 0, 9, 0, : 7, 9, 6, 7, 6, 6, 8, 8, 8, 7, 10, 8, 9, 5, 10, 7, 6, 8, 8, 11, 5, 6, 9, 4, 8, 5, 5, 7, 9, 8, 8, 8, 8, 8, 6, 6, 8, 9, 9, 
27: 7, 0, 8, 0, 8, 0, 0, 0, 0, 8, 8, 9, 0, 5, 7, 0, 6, 7, 0, 5, 0, 0, 0, 9, 6, 4, 0, 4, 9, 6, 7, 0, 0, 0, 6, 7, 0, 0, 10, 7, 0, 6, 0, 8, 0, 0, 8, 0, 9, 5, 6, 5, 9, 8, 0, 0, 0, 4, 9, 5, 8, 0, 0, 0, 0, 0, 0, 8, 0, 6, 0, 7, 0, 0, 5, 0, 9, 8, 8, 6, : 7, 8, 8, 8, 8, 9, 5, 7, 6, 7, 5, 9, 6, 4, 4, 9, 6, 7, 6, 7, 10, 7, 6, 8, 8, 9, 5, 6, 5, 9, 8, 4, 9, 5, 8, 8, 6, 7, 5, 9, 8, 8, 6, 


97: 0, 0, 8, 9, 7, 0, 0, 0, 0, 0, 8, 9, 9, 8, 0, 5, 0, 0, 0, 9, 9, 10, 9, 9, 6, 7, 7, 0, 8, 0, 0, 0, 0, 10, 0, 0, 4, 7, 0, 0, 0, 8, 6, 0, 6, 0, 8, 9, 7, 0, 8, 0, 7, 0, 0, 7, 7, 6, 0, 0, 4, 7, 9, 0, 0, 0, 0, 0, 8, 0, 8, 8, 8, 0, 8, 0, 0, 0, 0, 0, : 8, 9, 7, 8, 9, 9, 8, 5, 9, 9, 10, 9, 9, 6, 7, 7, 8, 10, 4, 7, 8, 6, 6, 8, 9, 7, 8, 7, 7, 7, 6, 4, 7, 9, 8, 8, 8, 8, 8, 
177: 0, 7, 0, 0, 8, 0, 0, 8, 6, 0, 0, 5, 0, 0, 6, 0, 8, 0, 0, 5, 8, 0, 10, 0, 7, 0, 11, 9, 7, 0, 0, 0, 0, 0, 6, 0, 9, 0, 0, 9, 5, 0, 10, 0, 0, 6, 0, 8, 9, 7, 10, 0, 6, 9, 0, 9, 8, 0, 10, 9, 8, 0, 0, 0, 0, 8, 7, 0, 7, 0, 0, 0, 0, 7, 8, 0, 0, 7, 0, 0, : 7, 8, 8, 6, 5, 6, 8, 5, 8, 10, 7, 11, 9, 7, 6, 9, 9, 5, 10, 6, 8, 9, 7, 10, 6, 9, 9, 8, 10, 9, 8, 8, 7, 7, 7, 8, 7, 
182: 0, 8, 0, 0, 8, 8, 8, 9, 7, 7, 8, 0, 0, 8, 0, 9, 9, 9, 9, 5, 10, 10, 8, 0, 5, 6, 4, 7, 7, 6, 5, 6, 0, 0, 0, 0, 5, 8, 4, 0, 0, 10, 0, 5, 7, 5, 7, 9, 8, 6, 0, 0, 6, 0, 0, 10, 5, 7, 0, 0, 0, 0, 4, 0, 0, 7, 0, 8, 9, 9, 0, 8, 0, 8, 0, 7, 8, 8, 0, 7, : 8, 8, 8, 8, 9, 7, 7, 8, 8, 9, 9, 9, 9, 5, 10, 10, 8, 5, 6, 4, 7, 7, 6, 5, 6, 5, 8, 4, 10, 5, 7, 5, 7, 9, 8, 6, 6, 10, 5, 7, 4, 7, 8, 9, 9, 8, 8, 7, 8, 8, 7, 
40: 0, 0, 9, 9, 0, 0, 6, 0, 0, 0, 6, 8, 8, 0, 8, 0, 8, 8, 0, 0, 0, 0, 0, 0, 7, 0, 9, 0, 0, 0, 0, 8, 5, 0, 7, 0, 0, 9, 9, 7, 9, 0, 0, 10, 0, 8, 0, 8, 7, 8, 7, 0, 0, 7, 0, 0, 0, 0, 0, 8, 0, 0, 0, 0, 9, 0, 7, 0, 0, 0, 9, 0, 7, 0, 7, 0, 7, 0, 0, 7, : 9, 9, 6, 6, 8, 8, 8, 8, 8, 7, 9, 8, 5, 7, 9, 9, 7, 9, 10, 8, 8, 7, 8, 7, 7, 8, 9, 7, 9, 7, 7, 7, 7, 
172: 8, 0, 9, 0, 0, 0, 0, 0, 0, 7, 9, 0, 7, 5, 0, 0, 11, 0, 0, 10, 0, 7, 9, 0, 0, 0, 6, 7, 9, 0, 10, 9, 0, 0, 6, 9, 0, 9, 8, 9, 6, 10, 0, 0, 7, 0, 5, 0, 8, 0, 0, 7, 0, 0, 9, 0, 11, 0, 6, 8, 0, 4, 0, 9, 8, 7, 0, 0, 8, 0, 0, 8, 0, 0, 5, 8, 0, 8, 9, 8, : 8, 9, 7, 9, 7, 5, 11, 10, 7, 9, 6, 7, 9, 10, 9, 6, 9, 9, 8, 9, 6, 10, 7, 5, 8, 7, 9, 11, 6, 8, 4, 9, 8, 7, 8, 8, 5, 8, 8, 9, 8, 
62: 0, 0, 9, 0, 0, 7, 0, 5, 8, 8, 0, 8, 9, 9, 0, 6, 0, 8, 6, 6, 7, 0, 6, 9, 8, 0, 8, 0, 8, 8, 7, 0, 6, 0, 0, 0, 10, 0, 9, 0, 0, 5, 0, 6, 5, 9, 0, 6, 0, 7, 0, 8, 9, 7, 7, 0, 0, 0, 5, 0, 0, 8, 0, 8, 0, 7, 10, 8, 7, 0, 0, 0, 8, 0, 0, 0, 8, 0, 8, 7, : 9, 7, 5, 8, 8, 8, 9, 9, 6, 8, 6, 6, 7, 6, 9, 8, 8, 8, 8, 7, 6, 10, 9, 5, 6, 5, 9, 6, 7, 8, 9, 7, 7, 5, 8, 8, 7, 10, 8, 7, 8, 8, 8, 7, 
127: 0, 8, 0, 0, 0, 5, 0, 0, 5, 0, 5, 8, 0, 9, 0, 7, 6, 0, 0, 0, 0, 0, 0, 9, 0, 0, 0, 0, 9, 10, 0, 9, 0, 9, 0, 9, 6, 6, 0, 0, 0, 8, 0, 9, 8, 0, 0, 0, 0, 0, 8, 6, 10, 0, 0, 0, 0, 9, 8, 8, 6, 7, 0, 7, 0, 0, 8, 0, 0, 7, 7, 0, 0, 5, 7, 7, 0, 0, 7, 0, : 8, 5, 5, 5, 8, 9, 7, 6, 9, 9, 10, 9, 9, 9, 6, 6, 8, 9, 8, 8, 6, 10, 9, 8, 8, 6, 7, 7, 8, 7, 7, 5, 7, 7, 7, 
160: 7, 0, 7, 0, 0, 4, 8, 0, 0, 7, 8, 0, 0, 6, 5, 0, 0, 0, 0, 0, 0, 8, 10, 6, 9, 0, 0, 0, 0, 0, 6, 5, 6, 0, 10, 0, 0, 6, 0, 6, 0, 6, 8, 10, 0, 8, 0, 0, 0, 0, 8, 8, 0, 6, 0, 0, 0, 8, 0, 0, 0, 7, 0, 0, 6, 6, 0, 8, 0, 0, 0, 8, 7, 0, 0, 0, 0, 7, 0, 8, : 7, 7, 4, 8, 7, 8, 6, 5, 8, 10, 6, 9, 6, 5, 6, 10, 6, 6, 6, 8, 10, 8, 8, 8, 6, 8, 7, 6, 6, 8, 8, 7, 7, 8, 
48: 0, 0, 0, 0, 6, 0, 7, 0, 9, 7, 0, 0, 9, 7, 0, 0, 7, 8, 8, 9, 0, 0, 0, 6, 8, 8, 9, 0, 0, 7, 8, 4, 8, 6, 9, 0, 0, 6, 0, 9, 7, 0, 0, 9, 6, 9, 0, 0, 7, 0, 0, 0, 0, 8, 6, 0, 0, 9, 0, 7, 9, 8, 8, 8, 7, 7, 8, 0, 8, 8, 7, 7, 7, 7, 0, 8, 8, 0, 8, 7, : 6, 7, 9, 7, 9, 7, 7, 8, 8, 9, 6, 8, 8, 9, 7, 8, 4, 8, 6, 9, 6, 9, 7, 9, 6, 9, 7, 8, 6, 9, 7, 9, 8, 8, 8, 7, 7, 8, 8, 8, 7, 7, 7, 7, 8, 8, 8, 7, 
90: 8, 8, 0, 0, 8, 8, 0, 0, 0, 0, 0, 7, 5, 7, 9, 8, 0, 5, 0, 9, 9, 0, 8, 6, 10, 0, 6, 0, 8, 4, 0, 0, 0, 0, 5, 0, 0, 0, 0, 5, 8, 7, 6, 7, 0, 0, 9, 0, 8, 8, 0, 6, 7, 8, 0, 6, 0, 0, 7, 8, 7, 0, 7, 7, 0, 0, 7, 0, 8, 8, 8, 0, 0, 8, 0, 0, 0, 0, 7, 0, : 8, 8, 8, 8, 7, 5, 7, 9, 8, 5, 9, 9, 8, 6, 10, 6, 8, 4, 5, 5, 8, 7, 6, 7, 9, 8, 8, 6, 7, 8, 6, 7, 8, 7, 7, 7, 7, 8, 8, 8, 8, 7, 
65: 8, 10, 0, 9, 0, 0, 0, 0, 0, 0, 8, 0, 0, 0, 7, 0, 0, 0, 9, 8, 7, 6, 0, 8, 9, 9, 9, 6, 0, 0, 0, 0, 9, 0, 0, 10, 8, 0, 0, 9, 7, 0, 8, 8, 5, 5, 0, 0, 8, 0, 0, 8, 0, 0, 0, 0, 9, 8, 0, 11, 0, 11, 10, 0, 7, 9, 8, 0, 0, 8, 7, 7, 0, 9, 7, 0, 0, 7, 7, 0, : 8, 10, 9, 8, 7, 9, 8, 7, 6, 8, 9, 9, 9, 6, 9, 10, 8, 9, 7, 8, 8, 5, 5, 8, 8, 9, 8, 11, 11, 10, 7, 9, 8, 8, 7, 7, 9, 7, 7, 7, 
39: 7, 0, 0, 10, 6, 8, 5, 6, 0, 0, 10, 7, 0, 8, 0, 0, 0, 7, 0, 6, 0, 6, 7, 0, 0, 9, 0, 7, 0, 0, 0, 0, 0, 9, 0, 0, 6, 0, 9, 0, 0, 8, 10, 0, 0, 0, 0, 0, 8, 0, 10, 0, 0, 0, 8, 0, 0, 0, 8, 8, 7, 0, 8, 11, 0, 0, 0, 0, 0, 0, 7, 9, 0, 8, 0, 0, 8, 0, 8, 0, : 7, 10, 6, 8, 5, 6, 10, 7, 8, 7, 6, 6, 7, 9, 7, 9, 6, 9, 8, 10, 8, 10, 8, 8, 8, 7, 8, 11, 7, 9, 8, 8, 8, 
13: 8, 9, 8, 9, 0, 6, 8, 6, 0, 0, 0, 0, 7, 0, 6, 9, 0, 0, 7, 8, 9, 0, 0, 9, 8, 10, 0, 0, 4, 8, 9, 0, 0, 0, 7, 5, 9, 4, 7, 0, 9, 6, 8, 0, 0, 11, 0, 8, 6, 0, 7, 7, 7, 10, 0, 8, 0, 6, 0, 9, 8, 0, 5, 7, 7, 0, 8, 7, 6, 0, 8, 0, 0, 0, 8, 9, 7, 7, 7, 0, : 8, 9, 8, 9, 6, 8, 6, 7, 6, 9, 7, 8, 9, 9, 8, 10, 4, 8, 9, 7, 5, 9, 4, 7, 9, 6, 8, 11, 8, 6, 7, 7, 7, 10, 8, 6, 9, 8, 5, 7, 7, 8, 7, 6, 8, 8, 9, 7, 7, 7, 
83: 0, 5, 6, 7, 8, 8, 8, 0, 8, 0, 8, 0, 0, 0, 0, 0, 9, 0, 5, 0, 0, 0, 0, 0, 9, 7, 9, 6, 0, 0, 0, 0, 0, 0, 7, 8, 10, 0, 8, 0, 7, 0, 6, 5, 7, 0, 0, 8, 0, 7, 7, 0, 6, 7, 10, 0, 7, 0, 0, 0, 9, 5, 8, 6, 6, 0, 0, 7, 7, 7, 0, 0, 8, 0, 0, 0, 9, 8, 7, 7, : 5, 6, 7, 8, 8, 8, 8, 8, 9, 5, 9, 7, 9, 6, 7, 8, 10, 8, 7, 6, 5, 7, 8, 7, 7, 6, 7, 10, 7, 9, 5, 8, 6, 6, 7, 7, 7, 8, 9, 8, 7, 7, 
45: 0, 5, 0, 0, 0, 8, 6, 0, 6, 10, 7, 5, 0, 9, 0, 9, 9, 7, 9, 0, 0, 0, 5, 9, 0, 0, 0, 0, 0, 0, 0, 0, 8, 0, 9, 8, 0, 0, 0, 8, 7, 9, 9, 0, 8, 0, 9, 0, 0, 0, 0, 8, 8, 0, 8, 0, 0, 0, 8, 0, 0, 10, 9, 0, 0, 8, 0, 8, 0, 7, 0, 7, 0, 8, 0, 9, 0, 0, 0, 0, : 5, 8, 6, 6, 10, 7, 5, 9, 9, 9, 7, 9, 5, 9, 8, 9, 8, 8, 7, 9, 9, 8, 9, 8, 8, 8, 8, 10, 9, 8, 8, 7, 7, 8, 9, 
111: 9, 7, 0, 8, 7, 0, 0, 0, 0, 8, 6, 0, 0, 0, 0, 8, 9, 0, 0, 0, 8, 7, 5, 0, 0, 0, 8, 8, 0, 8, 9, 0, 9, 5, 0, 0, 0, 7, 9, 0, 0, 7, 6, 0, 8, 5, 9, 6, 6, 0, 6, 0, 0, 8, 0, 0, 0, 8, 6, 0, 0, 4, 0, 9, 0, 0, 0, 0, 8, 0, 0, 7, 9, 0, 7, 5, 8, 9, 0, 0, : 9, 7, 8, 7, 8, 6, 8, 9, 8, 7, 5, 8, 8, 8, 9, 9, 5, 7, 9, 7, 6, 8, 5, 9, 6, 6, 6, 8, 8, 6, 4, 9, 8, 7, 9, 7, 5, 8, 9, 
28: 8, 7, 0, 6, 0, 0, 8, 8, 0, 7, 0, 0, 7, 0, 9, 0, 0, 7, 8, 8, 5, 8, 9, 8, 9, 0, 0, 7, 10, 0, 9, 9, 6, 10, 7, 5, 0, 0, 9, 7, 0, 0, 0, 8, 0, 8, 10, 0, 0, 8, 9, 6, 0, 0, 9, 0, 7, 0, 0, 0, 9, 0, 6, 0, 0, 0, 0, 0, 7, 8, 0, 0, 0, 0, 7, 7, 0, 0, 0, 9, : 8, 7, 6, 8, 8, 7, 7, 9, 7, 8, 8, 5, 8, 9, 8, 9, 7, 10, 9, 9, 6, 10, 7, 5, 9, 7, 8, 8, 10, 8, 9, 6, 9, 7, 9, 6, 7, 8, 7, 7, 9, 
126: 0, 0, 7, 0, 6, 9, 8, 8, 7, 7, 7, 0, 8, 0, 7, 6, 0, 0, 0, 0, 0, 0, 0, 0, 8, 0, 7, 0, 0, 0, 0, 8, 8, 0, 9, 0, 0, 0, 0, 0, 0, 10, 7, 11, 8, 6, 0, 0, 0, 10, 7, 7, 8, 7, 7, 0, 7, 11, 5, 8, 0, 7, 7, 6, 0, 7, 8, 0, 5, 7, 8, 0, 8, 8, 7, 0, 0, 9, 7, 0, : 7, 6, 9, 8, 8, 7, 7, 7, 8, 7, 6, 8, 7, 8, 8, 9, 10, 7, 11, 8, 6, 10, 7, 7, 8, 7, 7, 7, 11, 5, 8, 7, 7, 6, 7, 8, 5, 7, 8, 8, 8, 7, 9, 7, 
190: 7, 0, 0, 7, 9, 0, 0, 7, 0, 9, 6, 9, 0, 0, 5, 6, 6, 5, 8, 0, 5, 0, 0, 0, 0, 8, 9, 9, 6, 5, 5, 8, 0, 10, 0, 0, 0, 0, 0, 0, 4, 0, 8, 7, 8, 8, 11, 7, 6, 7, 0, 7, 0, 6, 0, 0, 0, 8, 8, 0, 0, 8, 0, 0, 7, 0, 8, 0, 0, 8, 8, 0, 8, 8, 0, 8, 8, 0, 0, 0, : 7, 7, 9, 7, 9, 6, 9, 5, 6, 6, 5, 8, 5, 8, 9, 9, 6, 5, 5, 8, 10, 4, 8, 7, 8, 8, 11, 7, 6, 7, 7, 6, 8, 8, 8, 7, 8, 8, 8, 8, 8, 8, 8, 
60: 0, 6, 7, 0, 9, 0, 7, 0, 0, 0, 0, 8, 0, 5, 9, 8, 5, 8, 6, 8, 0, 0, 6, 9, 8, 5, 0, 0, 0, 10, 9, 5, 8, 5, 6, 0, 0, 8, 7, 7, 8, 7, 0, 0, 0, 0, 0, 9, 7, 0, 0, 0, 7, 6, 0, 8, 7, 5, 0, 0, 11, 0, 7, 0, 0, 8, 7, 9, 8, 7, 9, 0, 0, 0, 9, 0, 0, 8, 0, 0, : 6, 7, 9, 7, 8, 5, 9, 8, 5, 8, 6, 8, 6, 9, 8, 5, 10, 9, 5, 8, 5, 6, 8, 7, 7, 8, 7, 9, 7, 7, 6, 8, 7, 5, 11, 7, 8, 7, 9, 8, 7, 9, 9, 8, 
107: 9, 9, 10, 8, 9, 0, 8, 8, 10, 0, 0, 0, 0, 0, 0, 7, 0, 0, 9, 9, 7, 9, 0, 0, 0, 0, 7, 8, 0, 0, 0, 0, 10, 8, 10, 5, 6, 9, 0, 7, 0, 0, 0, 6, 0, 9, 9, 0, 0, 9, 0, 6, 8, 0, 8, 7, 8, 0, 9, 6, 0, 10, 7, 0, 0, 11, 0, 8, 8, 0, 0, 9, 0, 8, 0, 7, 7, 8, 8, 0, : 9, 9, 10, 8, 9, 8, 8, 10, 7, 9, 9, 7, 9, 7, 8, 10, 8, 10, 5, 6, 9, 7, 6, 9, 9, 9, 6, 8, 8, 7, 8, 9, 6, 10, 7, 11, 8, 8, 9, 8, 7, 7, 8, 8, 
96: 9, 0, 5, 4, 9, 7, 0, 6, 0, 9, 8, 0, 5, 9, 7, 0, 6, 5, 0, 0, 0, 5, 0, 7, 5, 9, 0, 0, 0, 7, 7, 9, 0, 9, 0, 9, 0, 0, 6, 0, 8, 0, 0, 0, 7, 0, 0, 7, 0, 8, 0, 0, 0, 9, 0, 5, 0, 7, 0, 9, 8, 7, 7, 8, 7, 0, 8, 5, 8, 0, 0, 5, 8, 0, 9, 0, 0, 7, 0, 7, : 9, 5, 4, 9, 7, 6, 9, 8, 5, 9, 7, 6, 5, 5, 7, 5, 9, 7, 7, 9, 9, 9, 6, 8, 7, 7, 8, 9, 5, 7, 9, 8, 7, 7, 8, 7, 8, 5, 8, 5, 8, 9, 7, 7, 
145: 0, 8, 5, 0, 0, 0, 0, 8, 0, 0, 0, 0, 8, 0, 0, 6, 5, 10, 0, 6, 0, 9, 0, 8, 0, 6, 0, 0, 0, 7, 9, 8, 0, 0, 0, 0, 0, 7, 0, 7, 9, 0, 8, 0, 11, 5, 0, 6, 8, 9, 7, 7, 0, 7, 0, 0, 0, 0, 0, 0, 5, 8, 0, 0, 0, 0, 8, 8, 7, 0, 7, 7, 0, 0, 8, 7, 7, 8, 8, 9, : 8, 5, 8, 8, 6, 5, 10, 6, 9, 8, 6, 7, 9, 8, 7, 7, 9, 8, 11, 5, 6, 8, 9, 7, 7, 7, 5, 8, 8, 8, 7, 7, 7, 8, 7, 7, 8, 8, 9, 
125: 7, 8, 0, 8, 0, 0, 8, 0, 8, 0, 0, 0, 0, 5, 8, 7, 0, 7, 8, 0, 0, 0, 8, 0, 0, 0, 0, 8, 9, 0, 0, 0, 9, 6, 8, 6, 8, 9, 0, 0, 8, 4, 0, 8, 7, 8, 4, 8, 0, 0, 0, 8, 8, 8, 7, 0, 0, 0, 0, 7, 9, 9, 0, 0, 0, 0, 0, 8, 0, 6, 0, 7, 0, 7, 0, 0, 9, 0, 0, 5, : 7, 8, 8, 8, 8, 5, 8, 7, 7, 8, 8, 8, 9, 9, 6, 8, 6, 8, 9, 8, 4, 8, 7, 8, 4, 8, 8, 8, 8, 7, 7, 9, 9, 8, 6, 7, 7, 9, 5, 
31: 9, 0, 0, 5, 0, 0, 0, 9, 8, 0, 0, 9, 6, 9, 0, 0, 8, 0, 9, 8, 8, 10, 0, 9, 7, 0, 0, 8, 0, 0, 8, 6, 0, 9, 0, 9, 9, 0, 0, 0, 0, 0, 0, 0, 5, 0, 0, 0, 0, 8, 6, 0, 7, 10, 8, 9, 0, 8, 8, 9, 0, 0, 0, 0, 0, 6, 4, 7, 0, 5, 0, 0, 8, 7, 7, 8, 0, 0, 7, 0, : 9, 5, 9, 8, 9, 6, 9, 8, 9, 8, 8, 10, 9, 7, 8, 8, 6, 9, 9, 9, 5, 8, 6, 7, 10, 8, 9, 8, 8, 9, 6, 4, 7, 5, 8, 7, 7, 8, 7, 
185: 8, 0, 7, 0, 0, 7, 0, 8, 10, 0, 0, 8, 0, 7, 9, 10, 7, 0, 0, 6, 6, 5, 8, 0, 0, 9, 7, 8, 0, 7, 4, 10, 10, 0, 0, 0, 7, 5, 7, 0, 0, 8, 0, 0, 0, 0, 8, 0, 8, 0, 7, 0, 0, 0, 10, 8, 0, 0, 8, 0, 0, 0, 0, 0, 11, 8, 7, 7, 0, 0, 6, 8, 8, 7, 0, 0, 0, 8, 5, 0, : 8, 7, 7, 8, 10, 8, 7, 9, 10, 7, 6, 6, 5, 8, 9, 7, 8, 7, 4, 10, 10, 7, 5, 7, 8, 8, 8, 7, 10, 8, 8, 11, 8, 7, 7, 6, 8, 8, 7, 8, 5, 
76: 6, 8, 9, 6, 0, 9, 8, 0, 8, 0, 0, 7, 9, 8, 9, 7, 6, 0, 0, 0, 0, 6, 0, 0, 0, 7, 7, 6, 6, 0, 7, 0, 0, 4, 9, 0, 6, 8, 0, 0, 0, 0, 4, 0, 0, 0, 0, 4, 0, 0, 8, 0, 0, 7, 0, 7, 7, 8, 10, 0, 0, 0, 9, 0, 0, 9, 0, 8, 0, 8, 0, 0, 7, 7, 7, 0, 7, 0, 8, 0, : 6, 8, 9, 6, 9, 8, 8, 7, 9, 8, 9, 7, 6, 6, 7, 7, 6, 6, 7, 4, 9, 6, 8, 4, 4, 8, 7, 7, 7, 8, 10, 9, 9, 8, 8, 7, 7, 7, 7, 8, 
136: 7, 0, 0, 0, 0, 6, 8, 0, 7, 0, 7, 0, 7, 0, 0, 0, 7, 11, 7, 0, 0, 0, 0, 0, 6, 7, 0, 0, 8, 9, 5, 0, 8, 0, 5, 8, 0, 0, 5, 8, 6, 0, 8, 0, 0, 0, 5, 8, 0, 8, 0, 0, 0, 0, 7, 9, 9, 0, 9, 8, 9, 0, 0, 8, 8, 4, 0, 8, 0, 0, 0, 6, 0, 9, 8, 8, 0, 0, 8, 8, : 7, 6, 8, 7, 7, 7, 7, 11, 7, 6, 7, 8, 9, 5, 8, 5, 8, 5, 8, 6, 8, 5, 8, 8, 7, 9, 9, 9, 8, 9, 8, 8, 4, 8, 6, 9, 8, 8, 8, 8, 
38: 0, 0, 6, 8, 0, 0, 0, 0, 7, 8, 9, 7, 10, 0, 0, 0, 0, 0, 7, 7, 0, 0, 8, 0, 5, 8, 0, 0, 7, 0, 0, 6, 8, 5, 10, 4, 0, 0, 8, 7, 0, 0, 6, 0, 0, 7, 5, 10, 5, 0, 0, 10, 8, 0, 8, 7, 5, 0, 0, 0, 0, 0, 8, 0, 0, 0, 0, 0, 0, 9, 7, 0, 9, 0, 8, 8, 0, 7, 8, 7, : 6, 8, 7, 8, 9, 7, 10, 7, 7, 8, 5, 8, 7, 6, 8, 5, 10, 4, 8, 7, 6, 7, 5, 10, 5, 10, 8, 8, 7, 5, 8, 9, 7, 9, 8, 8, 7, 8, 7, 
134: 8, 9, 0, 9, 0, 10, 7, 7, 5, 8, 0, 5, 0, 0, 7, 0, 0, 0, 6, 8, 8, 8, 0, 0, 0, 0, 0, 8, 7, 5, 7, 0, 5, 6, 0, 6, 0, 9, 0, 0, 0, 0, 0, 8, 0, 7, 8, 0, 0, 6, 6, 0, 9, 5, 0, 5, 0, 9, 6, 4, 6, 8, 0, 0, 0, 8, 7, 0, 0, 8, 7, 0, 0, 7, 0, 7, 8, 7, 0, 0, : 8, 9, 9, 10, 7, 7, 5, 8, 5, 7, 6, 8, 8, 8, 8, 7, 5, 7, 5, 6, 6, 9, 8, 7, 8, 6, 6, 9, 5, 5, 9, 6, 4, 6, 8, 8, 7, 8, 7, 7, 7, 8, 7, 
26: 0, 8, 0, 6, 5, 9, 7, 0, 0, 8, 6, 0, 7, 6, 7, 6, 0, 9, 6, 8, 0, 8, 0, 0, 0, 0, 0, 0, 7, 0, 0, 8, 7, 0, 0, 9, 0, 0, 0, 6, 8, 0, 6, 5, 0, 7, 0, 8, 0, 0, 8, 8, 0, 0, 8, 0, 9, 0, 0, 0, 0, 0, 11, 7, 9, 8, 7, 7, 7, 0, 0, 9, 0, 0, 7, 8, 0, 5, 9, 8, : 8, 6, 5, 9, 7, 8, 6, 7, 6, 7, 6, 9, 6, 8, 8, 7, 8, 7, 9, 6, 8, 6, 5, 7, 8, 8, 8, 8, 9, 11, 7, 9, 8, 7, 7, 7, 9, 7, 8, 5, 9, 8, 
140: 5, 6, 0, 6, 8, 8, 0, 0, 0, 8, 0, 8, 0, 0, 0, 0, 0, 0, 11, 7, 6, 0, 0, 0, 0, 6, 5, 11, 6, 10, 0, 0, 0, 0, 0, 10, 9, 6, 7, 0, 0, 8, 0, 0, 9, 0, 0, 0, 9, 0, 0, 0, 8, 0, 0, 8, 5, 0, 0, 0, 8, 0, 6, 6, 8, 7, 0, 0, 0, 0, 8, 0, 7, 8, 0, 8, 7, 0, 0, 0, : 5, 6, 6, 8, 8, 8, 8, 11, 7, 6, 6, 5, 11, 6, 10, 10, 9, 6, 7, 8, 9, 9, 8, 8, 5, 8, 6, 6, 8, 7, 8, 7, 8, 8, 7, 
81: 0, 0, 8, 7, 0, 0, 0, 7, 0, 0, 8, 9, 7, 0, 0, 8, 7, 9, 0, 0, 0, 6, 5, 5, 0, 0, 0, 6, 0, 0, 9, 0, 4, 0, 0, 6, 9, 9, 8, 0, 0, 0, 11, 6, 0, 0, 8, 9, 0, 6, 8, 8, 7, 8, 0, 7, 7, 5, 8, 0, 6, 0, 8, 9, 8, 0, 0, 7, 0, 8, 8, 0, 7, 0, 0, 0, 8, 0, 0, 8, : 8, 7, 7, 8, 9, 7, 8, 7, 9, 6, 5, 5, 6, 9, 4, 6, 9, 9, 8, 11, 6, 8, 9, 6, 8, 8, 7, 8, 7, 7, 5, 8, 6, 8, 9, 8, 7, 8, 8, 7, 8, 8, 
151: 7, 0, 0, 0, 8, 6, 0, 0, 0, 5, 0, 0, 0, 0, 9, 0, 9, 7, 5, 0, 6, 8, 0, 7, 0, 5, 9, 0, 8, 7, 9, 0, 10, 7, 0, 0, 0, 0, 0, 9, 8, 6, 0, 5, 0, 0, 0, 0, 0, 6, 0, 7, 0, 0, 7, 5, 0, 0, 0, 5, 0, 7, 0, 0, 8, 7, 0, 0, 0, 8, 0, 0, 7, 0, 0, 0, 0, 0, 0, 7, : 7, 8, 6, 5, 9, 9, 7, 5, 6, 8, 7, 5, 9, 8, 7, 9, 10, 7, 9, 8, 6, 5, 6, 7, 7, 5, 5, 7, 8, 7, 8, 7, 7, 
93: 0, 0, 5, 0, 9, 0, 10, 0, 8, 6, 0, 0, 0, 0, 0, 0, 0, 0, 7, 0, 7, 0, 0, 6, 0, 0, 0, 0, 0, 0, 0, 8, 0, 0, 0, 0, 5, 9, 9, 4, 0, 0, 0, 0, 0, 0, 8, 0, 8, 0, 6, 0, 0, 0, 6, 9, 7, 7, 0, 6, 7, 0, 0, 7, 8, 0, 8, 0, 0, 0, 0, 8, 5, 0, 8, 0, 7, 0, 7, 8, : 5, 9, 10, 8, 6, 7, 7, 6, 8, 5, 9, 9, 4, 8, 8, 6, 6, 9, 7, 7, 6, 7, 7, 8, 8, 8, 5, 8, 7, 7, 8, 
141: 0, 5, 9, 0, 10, 8, 9, 8, 8, 8, 0, 0, 8, 9, 8, 0, 0, 6, 0, 0, 10, 9, 7, 5, 0, 9, 5, 0, 0, 9, 8, 0, 0, 10, 0, 0, 0, 0, 8, 8, 0, 6, 10, 0, 8, 0, 6, 5, 0, 0, 0, 0, 0, 0, 5, 8, 9, 6, 0, 5, 0, 0, 0, 9, 4, 0, 8, 0, 7, 0, 0, 0, 0, 0, 8, 7, 7, 0, 0, 8, : 5, 9, 10, 8, 9, 8, 8, 8, 8, 9, 8, 6, 10, 9, 7, 5, 9, 5, 9, 8, 10, 8, 8, 6, 10, 8, 6, 5, 5, 8, 9, 6, 5, 9, 4, 8, 7, 8, 7, 7, 8, 
143: 5, 0, 8, 9, 0, 9, 0, 10, 0, 6, 8, 6, 9, 7, 6, 9, 8, 0, 0, 0, 6, 0, 0, 0, 10, 6, 0, 4, 7, 7, 0, 9, 0, 7, 10, 8, 9, 9, 0, 9, 0, 0, 0, 0, 11, 0, 0, 0, 0, 7, 0, 8, 8, 0, 0, 0, 7, 0, 0, 0, 0, 6, 0, 8, 7, 0, 0, 8, 0, 0, 5, 7, 0, 7, 0, 0, 0, 8, 0, 0, : 5, 8, 9, 9, 10, 6, 8, 6, 9, 7, 6, 9, 8, 6, 10, 6, 4, 7, 7, 9, 7, 10, 8, 9, 9, 9, 11, 7, 8, 8, 7, 6, 8, 7, 8, 5, 7, 7, 8, 
63: 0, 9, 8, 0, 4, 0, 0, 7, 8, 7, 0, 10, 0, 9, 0, 0, 0, 8, 0, 0, 0, 0, 6, 0, 6, 0, 0, 8, 0, 7, 0, 0, 0, 7, 0, 10, 8, 0, 0, 0, 7, 0, 0, 8, 9, 0, 7, 0, 9, 0, 0, 0, 0, 0, 7, 8, 9, 7, 8, 0, 7, 0, 0, 0, 0, 0, 0, 0, 9, 0, 7, 0, 7, 0, 0, 7, 0, 0, 0, 8, : 9, 8, 4, 7, 8, 7, 10, 9, 8, 6, 6, 8, 7, 7, 10, 8, 7, 8, 9, 7, 9, 7, 8, 9, 7, 8, 7, 9, 7, 7, 7, 8, 
20: 0, 0, 0, 0, 0, 0, 6, 7, 7, 0, 0, 7, 5, 0, 9, 9, 0, 6, 0, 0, 0, 5, 6, 5, 0, 9, 0, 9, 9, 0, 0, 8, 0, 0, 4, 6, 0, 0, 6, 9, 10, 8, 0, 9, 0, 8, 7, 0, 0, 8, 7, 0, 6, 0, 0, 0, 0, 8, 5, 7, 7, 9, 0, 4, 7, 0, 7, 6, 8, 7, 0, 7, 0, 7, 0, 0, 7, 7, 0, 7, : 6, 7, 7, 7, 5, 9, 9, 6, 5, 6, 5, 9, 9, 9, 8, 4, 6, 6, 9, 10, 8, 9, 8, 7, 8, 7, 6, 8, 5, 7, 7, 9, 4, 7, 7, 6, 8, 7, 7, 7, 7, 7, 7, 
188: 0, 0, 0, 0, 6, 0, 0, 8, 0, 0, 8, 0, 0, 0, 0, 0, 0, 0, 0, 0, 9, 0, 10, 10, 0, 0, 8, 0, 0, 9, 0, 7, 6, 8, 6, 0, 7, 0, 7, 0, 9, 9, 5, 0, 0, 11, 7, 7, 8, 7, 0, 10, 0, 7, 5, 0, 0, 0, 8, 0, 0, 0, 6, 6, 8, 8, 0, 8, 0, 7, 9, 8, 7, 0, 0, 7, 5, 7, 7, 0, : 6, 8, 8, 9, 10, 10, 8, 9, 7, 6, 8, 6, 7, 7, 9, 9, 5, 11, 7, 7, 8, 7, 10, 7, 5, 8, 6, 6, 8, 8, 8, 7, 9, 8, 7, 7, 5, 7, 7, 


170: 7, 9, 0, 0, 8, 7, 0, 8, 7, 7, 0, 9, 9, 0, 0, 10, 0, 0, 0, 0, 0, 0, 0, 10, 0, 0, 0, 0, 0, 0, 6, 6, 0, 7, 0, 0, 8, 0, 0, 0, 0, 0, 7, 6, 0, 0, 9, 0, 7, 0, 10, 10, 0, 0, 0, 8, 7, 0, 0, 0, 9, 0, 9, 0, 6, 0, 0, 8, 6, 8, 8, 0, 7, 0, 8, 0, 0, 5, 0, 8, : 7, 9, 8, 7, 8, 7, 7, 9, 9, 10, 10, 6, 6, 7, 8, 7, 6, 9, 7, 10, 10, 8, 7, 9, 9, 6, 8, 6, 8, 8, 7, 8, 5, 8, 
114: 0, 0, 8, 8, 0, 8, 9, 0, 7, 0, 0, 0, 0, 7, 0, 7, 9, 0, 0, 8, 7, 0, 0, 7, 7, 6, 10, 10, 7, 6, 0, 0, 8, 0, 7, 7, 5, 0, 9, 10, 7, 0, 0, 9, 7, 7, 8, 0, 0, 0, 0, 5, 9, 0, 0, 0, 0, 5, 9, 8, 8, 0, 0, 0, 0, 5, 0, 0, 7, 0, 8, 6, 0, 7, 7, 8, 7, 9, 7, 7, : 8, 8, 8, 9, 7, 7, 7, 9, 8, 7, 7, 7, 6, 10, 10, 7, 6, 8, 7, 7, 5, 9, 10, 7, 9, 7, 7, 8, 5, 9, 5, 9, 8, 8, 5, 7, 8, 6, 7, 7, 8, 7, 9, 7, 7, 
12: 6, 0, 7, 0, 0, 6, 0, 0, 0, 8, 6, 7, 0, 6, 0, 0, 0, 9, 0, 7, 9, 4, 10, 0, 0, 0, 0, 6, 6, 10, 6, 7, 8, 0, 0, 0, 0, 0, 8, 0, 6, 8, 0, 7, 0, 0, 0, 0, 0, 8, 0, 9, 0, 0, 8, 0, 7, 7, 0, 0, 9, 9, 10, 0, 7, 9, 0, 8, 0, 0, 0, 0, 0, 9, 8, 7, 0, 8, 0, 7, : 6, 7, 6, 8, 6, 7, 6, 9, 7, 9, 4, 10, 6, 6, 10, 6, 7, 8, 8, 6, 8, 7, 8, 9, 8, 7, 7, 9, 9, 10, 7, 9, 8, 9, 8, 7, 8, 7, 
168: 0, 0, 0, 0, 0, 0, 0, 0, 0, 9, 9, 7, 0, 0, 0, 0, 8, 0, 10, 7, 0, 0, 0, 0, 0, 0, 0, 7, 8, 0, 0, 6, 7, 0, 0, 5, 0, 8, 0, 0, 0, 0, 0, 8, 0, 0, 0, 8, 0, 0, 0, 0, 10, 6, 0, 0, 0, 6, 0, 7, 10, 8, 5, 6, 0, 10, 0, 8, 6, 0, 8, 6, 7, 8, 0, 0, 0, 7, 7, 0, : 9, 9, 7, 8, 10, 7, 7, 8, 6, 7, 5, 8, 8, 8, 10, 6, 6, 7, 10, 8, 5, 6, 10, 8, 6, 8, 6, 7, 8, 7, 7, 
144: 7, 7, 8, 7, 0, 0, 7, 0, 0, 0, 0, 0, 7, 0, 10, 0, 7, 0, 7, 0, 10, 7, 10, 0, 0, 0, 8, 0, 9, 0, 9, 9, 9, 0, 10, 8, 0, 8, 5, 9, 0, 7, 0, 8, 6, 5, 0, 9, 9, 0, 5, 0, 0, 0, 6, 9, 0, 7, 8, 0, 8, 7, 7, 0, 5, 0, 9, 0, 0, 8, 0, 0, 0, 8, 7, 7, 0, 0, 0, 0, : 7, 7, 8, 7, 7, 7, 10, 7, 7, 10, 7, 10, 8, 9, 9, 9, 9, 10, 8, 8, 5, 9, 7, 8, 6, 5, 9, 9, 5, 6, 9, 7, 8, 8, 7, 7, 5, 9, 8, 8, 7, 7, 
23: 0, 5, 10, 0, 7, 7, 0, 6, 7, 9, 0, 7, 10, 0, 0, 8, 8, 8, 0, 0, 0, 10, 0, 0, 9, 0, 0, 0, 0, 0, 7, 0, 0, 0, 11, 8, 8, 0, 0, 0, 9, 0, 9, 9, 0, 7, 0, 0, 5, 0, 0, 0, 8, 0, 6, 6, 9, 0, 0, 0, 0, 10, 7, 8, 6, 8, 8, 8, 0, 0, 0, 0, 0, 0, 8, 7, 9, 0, 8, 8, : 5, 10, 7, 7, 6, 7, 9, 7, 10, 8, 8, 8, 10, 9, 7, 11, 8, 8, 9, 9, 9, 7, 5, 8, 6, 6, 9, 10, 7, 8, 6, 8, 8, 8, 8, 7, 9, 8, 8, 
166: 0, 0, 0, 10, 0, 8, 8, 0, 0, 8, 0, 0, 8, 0, 0, 8, 11, 7, 7, 6, 7, 6, 6, 0, 9, 0, 0, 4, 0, 7, 0, 6, 7, 0, 5, 0, 0, 7, 0, 5, 6, 0, 6, 5, 0, 0, 8, 0, 5, 0, 0, 0, 8, 7, 8, 0, 8, 0, 7, 10, 0, 10, 7, 6, 0, 0, 6, 0, 7, 6, 7, 7, 0, 0, 0, 0, 7, 7, 7, 0, : 10, 8, 8, 8, 8, 8, 11, 7, 7, 6, 7, 6, 6, 9, 4, 7, 6, 7, 5, 7, 5, 6, 6, 5, 8, 5, 8, 7, 8, 8, 7, 10, 10, 7, 6, 6, 7, 6, 7, 7, 7, 7, 7, 
153: 0, 8, 5, 10, 0, 0, 8, 0, 0, 0, 0, 7, 10, 8, 0, 0, 0, 0, 0, 0, 7, 8, 7, 0, 0, 5, 8, 0, 0, 5, 0, 7, 6, 0, 0, 0, 0, 9, 7, 0, 0, 0, 0, 0, 6, 0, 6, 7, 0, 5, 9, 9, 0, 5, 8, 0, 9, 0, 8, 8, 7, 0, 0, 0, 0, 0, 0, 8, 0, 8, 0, 0, 7, 0, 0, 8, 0, 8, 0, 0, : 8, 5, 10, 8, 7, 10, 8, 7, 8, 7, 5, 8, 5, 7, 6, 9, 7, 6, 6, 7, 5, 9, 9, 5, 8, 9, 8, 8, 7, 8, 8, 7, 8, 8, 
42: 0, 0, 0, 6, 0, 0, 0, 7, 7, 7, 6, 0, 7, 0, 0, 0, 6, 5, 0, 0, 6, 0, 6, 0, 0, 9, 6, 0, 6, 7, 0, 0, 0, 8, 0, 0, 0, 0, 0, 8, 0, 0, 0, 0, 8, 0, 9, 5, 0, 0, 9, 7, 7, 0, 8, 8, 9, 6, 0, 0, 0, 0, 10, 0, 7, 0, 6, 6, 7, 0, 8, 0, 0, 8, 6, 7, 8, 7, 0, 7, : 6, 7, 7, 7, 6, 7, 6, 5, 6, 6, 9, 6, 6, 7, 8, 8, 8, 9, 5, 9, 7, 7, 8, 8, 9, 6, 10, 7, 6, 6, 7, 8, 8, 6, 7, 8, 7, 7, 
67: 8, 8, 0, 8, 0, 10, 10, 0, 7, 9, 0, 6, 7, 0, 9, 6, 0, 0, 0, 11, 7, 0, 0, 7, 8, 0, 8, 7, 4, 0, 7, 0, 7, 11, 8, 7, 0, 9, 7, 8, 5, 0, 8, 0, 0, 9, 0, 6, 8, 9, 0, 8, 0, 0, 9, 0, 8, 9, 0, 0, 0, 0, 7, 0, 0, 0, 8, 0, 9, 0, 7, 7, 7, 5, 9, 0, 0, 0, 9, 6, : 8, 8, 8, 10, 10, 7, 9, 6, 7, 9, 6, 11, 7, 7, 8, 8, 7, 4, 7, 7, 11, 8, 7, 9, 7, 8, 5, 8, 9, 6, 8, 9, 8, 9, 8, 9, 7, 8, 9, 7, 7, 7, 5, 9, 9, 6, 
169: 0, 11, 6, 0, 0, 7, 0, 0, 9, 6, 0, 9, 7, 8, 5, 0, 6, 7, 5, 0, 0, 9, 6, 0, 8, 0, 9, 0, 0, 9, 0, 0, 0, 11, 7, 8, 0, 6, 0, 0, 0, 5, 7, 10, 9, 0, 0, 0, 6, 7, 0, 6, 0, 7, 8, 7, 8, 0, 0, 7, 7, 6, 7, 7, 0, 0, 0, 0, 7, 0, 9, 0, 0, 0, 0, 0, 6, 9, 0, 0, : 11, 6, 7, 9, 6, 9, 7, 8, 5, 6, 7, 5, 9, 6, 8, 9, 9, 11, 7, 8, 6, 5, 7, 10, 9, 6, 7, 6, 7, 8, 7, 8, 7, 7, 6, 7, 7, 7, 9, 6, 9, 
116: 0, 0, 0, 8, 0, 0, 6, 8, 0, 0, 7, 0, 0, 0, 7, 8, 6, 0, 0, 10, 0, 6, 6, 0, 5, 7, 0, 0, 0, 0, 6, 7, 0, 7, 0, 6, 7, 0, 0, 6, 0, 0, 0, 6, 0, 8, 0, 0, 5, 0, 7, 8, 0, 8, 0, 0, 0, 0, 9, 0, 9, 5, 7, 7, 0, 5, 0, 8, 7, 0, 0, 7, 7, 0, 0, 0, 0, 7, 6, 8, : 8, 6, 8, 7, 7, 8, 6, 10, 6, 6, 5, 7, 6, 7, 7, 6, 7, 6, 6, 8, 5, 7, 8, 8, 9, 9, 5, 7, 7, 5, 8, 7, 7, 7, 7, 6, 8, 
193: 6, 0, 0, 10, 6, 6, 0, 8, 0, 7, 0, 0, 0, 5, 0, 6, 0, 10, 6, 0, 0, 0, 0, 0, 0, 7, 7, 0, 8, 8, 0, 9, 0, 7, 0, 0, 0, 6, 7, 0, 10, 0, 0, 0, 7, 10, 0, 9, 4, 8, 0, 8, 7, 0, 8, 8, 8, 7, 6, 9, 0, 0, 0, 10, 9, 0, 7, 0, 0, 0, 0, 8, 0, 0, 7, 0, 5, 0, 0, 0, : 6, 10, 6, 6, 8, 7, 5, 6, 10, 6, 7, 7, 8, 8, 9, 7, 6, 7, 10, 7, 10, 9, 4, 8, 8, 7, 8, 8, 8, 7, 6, 9, 10, 9, 7, 8, 7, 5, 
106: 6, 0, 0, 7, 8, 9, 9, 7, 0, 7, 9, 0, 0, 8, 10, 0, 0, 7, 0, 0, 9, 0, 7, 0, 6, 6, 6, 0, 0, 9, 6, 7, 0, 10, 0, 0, 9, 0, 0, 0, 0, 0, 0, 0, 5, 0, 0, 9, 7, 9, 9, 4, 0, 5, 10, 6, 0, 8, 0, 8, 0, 7, 5, 0, 7, 9, 9, 0, 8, 8, 7, 8, 0, 0, 7, 0, 0, 0, 0, 0, : 6, 7, 8, 9, 9, 7, 7, 9, 8, 10, 7, 9, 7, 6, 6, 6, 9, 6, 7, 10, 9, 5, 9, 7, 9, 9, 4, 5, 10, 6, 8, 8, 7, 5, 7, 9, 9, 8, 8, 7, 8, 7, 
75: 9, 6, 0, 0, 10, 6, 0, 9, 8, 0, 9, 9, 6, 0, 0, 6, 0, 0, 0, 0, 0, 7, 0, 8, 0, 9, 9, 0, 10, 6, 7, 9, 0, 0, 0, 7, 9, 6, 0, 7, 0, 0, 7, 6, 8, 7, 7, 0, 8, 5, 0, 0, 7, 0, 7, 9, 6, 7, 0, 8, 0, 5, 0, 10, 9, 8, 5, 8, 8, 0, 0, 9, 8, 9, 5, 8, 7, 0, 8, 0, : 9, 6, 10, 6, 9, 8, 9, 9, 6, 6, 7, 8, 9, 9, 10, 6, 7, 9, 7, 9, 6, 7, 7, 6, 8, 7, 7, 8, 5, 7, 7, 9, 6, 7, 8, 5, 10, 9, 8, 5, 8, 8, 9, 8, 9, 5, 8, 7, 8, 
184: 0, 0, 0, 0, 0, 8, 0, 0, 8, 0, 7, 0, 0, 7, 8, 11, 0, 0, 7, 0, 0, 6, 7, 0, 0, 0, 0, 8, 8, 8, 0, 10, 0, 6, 0, 6, 0, 5, 9, 0, 0, 0, 8, 0, 0, 7, 9, 0, 0, 8, 8, 0, 5, 0, 0, 6, 0, 9, 8, 0, 7, 0, 0, 0, 10, 6, 0, 6, 0, 0, 0, 0, 8, 8, 0, 7, 7, 0, 8, 0, : 8, 8, 7, 7, 8, 11, 7, 6, 7, 8, 8, 8, 10, 6, 6, 5, 9, 8, 7, 9, 8, 8, 5, 6, 9, 8, 7, 10, 6, 6, 8, 8, 7, 7, 8, 
150: 6, 0, 0, 0, 0, 0, 6, 0, 0, 0, 8, 7, 0, 9, 6, 0, 0, 7, 7, 0, 8, 0, 0, 0, 0, 6, 0, 0, 0, 0, 0, 0, 0, 4, 10, 0, 0, 0, 9, 7, 8, 6, 9, 0, 10, 0, 9, 0, 0, 10, 4, 0, 0, 0, 0, 5, 0, 9, 0, 6, 0, 0, 0, 0, 6, 8, 8, 0, 9, 8, 8, 7, 8, 0, 0, 8, 7, 8, 0, 7, : 6, 6, 8, 7, 9, 6, 7, 7, 8, 6, 4, 10, 9, 7, 8, 6, 9, 10, 9, 10, 4, 5, 9, 6, 6, 8, 8, 9, 8, 8, 7, 8, 8, 7, 8, 7, 
148: 0, 0, 0, 0, 5, 0, 7, 10, 7, 0, 0, 9, 7, 6, 0, 10, 7, 0, 7, 0, 7, 0, 8, 9, 7, 0, 0, 7, 0, 7, 8, 0, 7, 7, 0, 6, 6, 6, 8, 0, 8, 7, 0, 8, 8, 0, 0, 0, 9, 0, 9, 8, 0, 5, 8, 7, 0, 7, 8, 7, 0, 9, 0, 0, 10, 7, 6, 0, 8, 9, 0, 0, 0, 0, 7, 5, 8, 0, 0, 8, : 5, 7, 10, 7, 9, 7, 6, 10, 7, 7, 7, 8, 9, 7, 7, 7, 8, 7, 7, 6, 6, 6, 8, 8, 7, 8, 8, 9, 9, 8, 5, 8, 7, 7, 8, 7, 9, 10, 7, 6, 8, 9, 7, 5, 8, 8, 
22: 6, 6, 6, 0, 9, 0, 0, 0, 7, 0, 0, 0, 7, 0, 10, 0, 7, 7, 6, 10, 5, 0, 0, 6, 9, 8, 7, 7, 0, 0, 0, 0, 0, 0, 0, 0, 9, 9, 0, 8, 0, 0, 9, 8, 6, 8, 7, 0, 9, 8, 0, 0, 6, 0, 7, 0, 6, 0, 7, 0, 8, 8, 10, 0, 7, 10, 7, 0, 0, 7, 0, 0, 0, 7, 0, 0, 0, 7, 0, 0, : 6, 6, 6, 9, 7, 7, 10, 7, 7, 6, 10, 5, 6, 9, 8, 7, 7, 9, 9, 8, 9, 8, 6, 8, 7, 9, 8, 6, 7, 6, 7, 8, 8, 10, 7, 10, 7, 7, 7, 7, 
32: 9, 6, 0, 7, 7, 6, 9, 0, 0, 7, 8, 7, 0, 4, 0, 7, 5, 6, 0, 0, 0, 0, 8, 10, 10, 0, 7, 0, 0, 0, 6, 0, 6, 0, 7, 7, 6, 9, 9, 0, 10, 0, 9, 0, 5, 7, 7, 7, 0, 9, 6, 8, 9, 0, 0, 0, 8, 8, 6, 0, 5, 0, 0, 0, 8, 6, 0, 9, 8, 8, 6, 8, 0, 7, 8, 6, 0, 7, 8, 0, : 9, 6, 7, 7, 6, 9, 7, 8, 7, 4, 7, 5, 6, 8, 10, 10, 7, 6, 6, 7, 7, 6, 9, 9, 10, 9, 5, 7, 7, 7, 9, 6, 8, 9, 8, 8, 6, 5, 8, 6, 9, 8, 8, 6, 8, 7, 8, 6, 7, 8, 
154: 0, 7, 7, 5, 0, 8, 0, 0, 0, 0, 9, 6, 0, 8, 0, 0, 8, 0, 0, 8, 0, 0, 0, 0, 6, 6, 7, 9, 5, 8, 0, 0, 11, 0, 0, 0, 0, 7, 6, 0, 7, 7, 7, 8, 7, 0, 8, 0, 0, 0, 6, 0, 9, 8, 0, 0, 8, 7, 0, 10, 0, 0, 0, 0, 10, 0, 6, 0, 0, 0, 0, 8, 7, 6, 8, 0, 9, 6, 0, 0, : 7, 7, 5, 8, 9, 6, 8, 8, 8, 6, 6, 7, 9, 5, 8, 11, 7, 6, 7, 7, 7, 8, 7, 8, 6, 9, 8, 8, 7, 10, 10, 6, 8, 7, 6, 8, 9, 6, 
16: 8, 0, 7, 0, 7, 6, 0, 7, 0, 5, 0, 9, 0, 0, 7, 0, 0, 10, 7, 5, 0, 8, 4, 7, 0, 10, 0, 0, 0, 0, 11, 0, 7, 8, 0, 10, 7, 0, 0, 8, 0, 0, 0, 9, 7, 9, 5, 8, 8, 0, 0, 0, 6, 9, 0, 0, 0, 0, 0, 7, 10, 5, 0, 0, 0, 9, 8, 9, 6, 0, 7, 8, 8, 9, 0, 7, 8, 0, 0, 8, : 8, 7, 7, 6, 7, 5, 9, 7, 10, 7, 5, 8, 4, 7, 10, 11, 7, 8, 10, 7, 8, 9, 7, 9, 5, 8, 8, 6, 9, 7, 10, 5, 9, 8, 9, 6, 7, 8, 8, 9, 7, 8, 8, 
196: 0, 7, 0, 0, 8, 0, 7, 5, 10, 7, 0, 9, 7, 10, 6, 0, 7, 0, 0, 7, 0, 0, 0, 6, 0, 0, 0, 6, 9, 6, 4, 7, 9, 8, 0, 8, 0, 8, 0, 0, 0, 7, 0, 0, 8, 8, 0, 0, 0, 0, 5, 0, 0, 8, 0, 8, 7, 0, 7, 7, 0, 0, 4, 6, 0, 7, 0, 0, 0, 0, 0, 0, 9, 0, 7, 0, 8, 0, 0, 7, : 7, 8, 7, 5, 10, 7, 9, 7, 10, 6, 7, 7, 6, 6, 9, 6, 4, 7, 9, 8, 8, 8, 7, 8, 8, 5, 8, 8, 7, 7, 7, 4, 6, 7, 9, 7, 8, 7, 
82: 7, 7, 10, 0, 6, 0, 8, 0, 9, 0, 0, 0, 9, 0, 10, 0, 0, 7, 8, 0, 6, 7, 9, 0, 5, 6, 0, 6, 9, 9, 0, 7, 0, 7, 0, 0, 0, 8, 7, 6, 0, 0, 9, 8, 9, 8, 7, 5, 0, 5, 0, 0, 0, 8, 0, 0, 0, 0, 5, 0, 0, 8, 0, 8, 0, 0, 0, 0, 0, 0, 6, 7, 8, 7, 0, 0, 8, 8, 0, 0, : 7, 7, 10, 6, 8, 9, 9, 10, 7, 8, 6, 7, 9, 5, 6, 6, 9, 9, 7, 7, 8, 7, 6, 9, 8, 9, 8, 7, 5, 5, 8, 5, 8, 8, 6, 7, 8, 7, 8, 8, 
195: 8, 0, 0, 6, 0, 0, 0, 0, 9, 0, 0, 0, 8, 0, 9, 0, 0, 9, 0, 9, 8, 0, 0, 9, 6, 0, 9, 0, 8, 0, 9, 0, 0, 0, 7, 8, 7, 0, 6, 0, 7, 7, 8, 0, 0, 8, 5, 10, 10, 0, 0, 0, 5, 0, 5, 0, 0, 0, 6, 6, 0, 7, 9, 0, 8, 0, 0, 7, 0, 8, 0, 0, 7, 7, 7, 0, 0, 0, 0, 0, : 8, 6, 9, 8, 9, 9, 9, 8, 9, 6, 9, 8, 9, 7, 8, 7, 6, 7, 7, 8, 8, 5, 10, 10, 5, 5, 6, 6, 7, 9, 8, 7, 8, 7, 7, 7, 
155: 7, 10, 7, 7, 6, 0, 0, 8, 0, 8, 7, 0, 0, 10, 7, 8, 0, 0, 11, 0, 9, 0, 0, 5, 0, 0, 0, 0, 0, 0, 0, 0, 11, 5, 7, 7, 0, 7, 0, 8, 8, 10, 0, 0, 0, 8, 8, 9, 0, 0, 7, 0, 0, 0, 0, 8, 0, 9, 0, 6, 0, 0, 8, 0, 0, 0, 0, 9, 0, 7, 0, 0, 6, 0, 0, 0, 9, 0, 7, 0, : 7, 10, 7, 7, 6, 8, 8, 7, 10, 7, 8, 11, 9, 5, 11, 5, 7, 7, 7, 8, 8, 10, 8, 8, 9, 7, 8, 9, 6, 8, 9, 7, 6, 9, 7, 
158: 8, 6, 7, 9, 0, 6, 6, 7, 7, 7, 0, 7, 0, 0, 6, 6, 7, 6, 9, 7, 0, 6, 5, 8, 8, 7, 0, 0, 7, 8, 7, 0, 0, 0, 7, 0, 8, 0, 8, 6, 0, 8, 0, 0, 0, 5, 0, 0, 0, 0, 0, 5, 0, 0, 0, 0, 7, 0, 0, 0, 6, 0, 9, 8, 6, 8, 0, 0, 0, 0, 9, 7, 8, 0, 7, 7, 0, 0, 8, 7, : 8, 6, 7, 9, 6, 6, 7, 7, 7, 7, 6, 6, 7, 6, 9, 7, 6, 5, 8, 8, 7, 7, 8, 7, 7, 8, 8, 6, 8, 5, 5, 7, 6, 9, 8, 6, 8, 9, 7, 8, 7, 7, 8, 7, 
37: 0, 0, 8, 7, 6, 0, 8, 9, 6, 0, 7, 0, 0, 0, 8, 0, 10, 0, 9, 0, 0, 11, 8, 4, 0, 0, 0, 9, 7, 7, 9, 0, 0, 0, 7, 10, 0, 8, 0, 0, 0, 8, 8, 0, 0, 0, 0, 9, 0, 0, 8, 0, 0, 0, 9, 9, 0, 0, 10, 5, 0, 0, 0, 0, 7, 7, 0, 8, 0, 7, 0, 0, 5, 7, 0, 9, 0, 0, 9, 9, : 8, 7, 6, 8, 9, 6, 7, 8, 10, 9, 11, 8, 4, 9, 7, 7, 9, 7, 10, 8, 8, 8, 9, 8, 9, 9, 10, 5, 7, 7, 8, 7, 5, 7, 9, 9, 9, 
194: 6, 0, 10, 8, 0, 0, 8, 9, 0, 8, 6, 0, 7, 6, 0, 0, 10, 6, 7, 0, 9, 7, 0, 0, 0, 8, 0, 0, 0, 10, 0, 4, 7, 7, 8, 8, 0, 0, 0, 7, 6, 0, 8, 0, 0, 0, 0, 0, 0, 0, 0, 8, 5, 0, 0, 7, 7, 7, 0, 0, 7, 0, 0, 7, 0, 0, 0, 0, 0, 7, 7, 8, 0, 0, 0, 0, 8, 0, 8, 8, : 6, 10, 8, 8, 9, 8, 6, 7, 6, 10, 6, 7, 9, 7, 8, 10, 4, 7, 7, 8, 8, 7, 6, 8, 8, 5, 7, 7, 7, 7, 7, 7, 7, 8, 8, 8, 8, 
47: 8, 0, 0, 0, 7, 7, 0, 0, 0, 6, 7, 0, 7, 0, 6, 10, 0, 7, 0, 9, 7, 10, 7, 8, 7, 0, 8, 8, 8, 0, 0, 0, 0, 7, 6, 10, 7, 0, 9, 8, 7, 0, 0, 8, 0, 9, 7, 7, 0, 0, 8, 10, 8, 7, 0, 0, 0, 0, 7, 0, 7, 7, 6, 9, 0, 9, 8, 0, 8, 0, 8, 0, 9, 8, 0, 8, 7, 7, 5, 5, : 8, 7, 7, 6, 7, 7, 6, 10, 7, 9, 7, 10, 7, 8, 7, 8, 8, 8, 7, 6, 10, 7, 9, 8, 7, 8, 9, 7, 7, 8, 10, 8, 7, 7, 7, 7, 6, 9, 9, 8, 8, 8, 9, 8, 8, 7, 7, 5, 5, 
165: 11, 8, 9, 0, 8, 0, 6, 6, 6, 7, 0, 6, 0, 9, 7, 7, 8, 0, 10, 6, 0, 0, 8, 0, 8, 10, 7, 7, 0, 0, 10, 11, 6, 0, 8, 0, 8, 9, 0, 0, 0, 6, 0, 5, 9, 0, 0, 0, 9, 0, 5, 0, 0, 0, 8, 0, 7, 7, 9, 9, 0, 0, 0, 0, 5, 6, 9, 0, 8, 0, 0, 0, 0, 0, 0, 0, 8, 0, 9, 9, : 11, 8, 9, 8, 6, 6, 6, 7, 6, 9, 7, 7, 8, 10, 6, 8, 8, 10, 7, 7, 10, 11, 6, 8, 8, 9, 6, 5, 9, 9, 5, 8, 7, 7, 9, 9, 5, 6, 9, 8, 8, 9, 9, 
87: 0, 7, 8, 6, 8, 0, 7, 0, 8, 0, 0, 7, 0, 10, 0, 0, 0, 0, 0, 0, 0, 6, 0, 0, 0, 0, 7, 0, 7, 8, 0, 0, 0, 0, 7, 0, 0, 0, 6, 7, 7, 9, 8, 9, 0, 6, 0, 8, 8, 8, 9, 0, 0, 0, 0, 0, 0, 0, 7, 0, 7, 10, 0, 7, 8, 0, 6, 7, 0, 0, 0, 7, 0, 8, 9, 0, 0, 8, 0, 8, : 7, 8, 6, 8, 7, 8, 7, 10, 6, 7, 7, 8, 7, 6, 7, 7, 9, 8, 9, 6, 8, 8, 8, 9, 7, 7, 10, 7, 8, 6, 7, 7, 8, 9, 8, 8, 
74: 8, 0, 0, 0, 10, 0, 0, 6, 0, 0, 7, 9, 8, 0, 0, 0, 10, 0, 7, 6, 6, 8, 0, 7, 10, 0, 0, 8, 0, 0, 0, 7, 9, 0, 6, 0, 0, 0, 0, 6, 0, 6, 5, 0, 0, 6, 0, 6, 0, 4, 0, 5, 9, 10, 5, 0, 7, 0, 8, 0, 0, 0, 0, 7, 0, 7, 10, 0, 8, 7, 0, 0, 0, 0, 9, 8, 0, 0, 7, 0, : 8, 10, 6, 7, 9, 8, 10, 7, 6, 6, 8, 7, 10, 8, 7, 9, 6, 6, 6, 5, 6, 6, 4, 5, 9, 10, 5, 7, 8, 7, 7, 10, 8, 7, 9, 8, 7, 
162: 0, 6, 6, 0, 10, 0, 0, 8, 8, 9, 7, 0, 5, 8, 0, 8, 0, 6, 9, 6, 6, 9, 0, 11, 0, 7, 8, 8, 0, 0, 0, 0, 0, 8, 7, 0, 6, 0, 9, 0, 7, 7, 6, 0, 8, 8, 10, 0, 9, 7, 9, 6, 0, 6, 0, 7, 0, 0, 8, 0, 6, 0, 0, 5, 0, 6, 0, 0, 7, 7, 7, 0, 8, 8, 0, 9, 0, 7, 0, 0, : 6, 6, 10, 8, 8, 9, 7, 5, 8, 8, 6, 9, 6, 6, 9, 11, 7, 8, 8, 8, 7, 6, 9, 7, 7, 6, 8, 8, 10, 9, 7, 9, 6, 6, 7, 8, 6, 5, 6, 7, 7, 7, 8, 8, 9, 7, 
149: 0, 8, 6, 0, 0, 8, 8, 0, 0, 0, 8, 5, 9, 0, 8, 0, 0, 8, 5, 6, 0, 0, 9, 0, 7, 9, 8, 9, 9, 0, 7, 9, 0, 0, 0, 0, 7, 0, 8, 8, 9, 9, 0, 6, 0, 0, 7, 0, 9, 10, 0, 0, 9, 9, 8, 8, 7, 0, 0, 0, 0, 7, 0, 0, 0, 0, 8, 6, 0, 9, 7, 8, 7, 7, 0, 8, 7, 0, 7, 7, : 8, 6, 8, 8, 8, 5, 9, 8, 8, 5, 6, 9, 7, 9, 8, 9, 9, 7, 9, 7, 8, 8, 9, 9, 6, 7, 9, 10, 9, 9, 8, 8, 7, 7, 8, 6, 9, 7, 8, 7, 7, 8, 7, 7, 7, 
130: 0, 0, 7, 0, 0, 9, 0, 0, 8, 0, 0, 0, 0, 0, 4, 5, 0, 0, 0, 0, 6, 0, 8, 8, 9, 0, 5, 8, 0, 0, 9, 8, 8, 8, 7, 0, 9, 10, 0, 0, 0, 9, 0, 0, 0, 0, 5, 0, 0, 0, 9, 10, 0, 9, 7, 8, 0, 8, 7, 8, 9, 8, 0, 5, 9, 0, 8, 8, 7, 7, 0, 9, 0, 0, 8, 0, 7, 0, 0, 7, : 7, 9, 8, 4, 5, 6, 8, 8, 9, 5, 8, 9, 8, 8, 8, 7, 9, 10, 9, 5, 9, 10, 9, 7, 8, 8, 7, 8, 9, 8, 5, 9, 8, 8, 7, 7, 9, 8, 7, 7, 
101: 0, 8, 8, 0, 6, 10, 0, 7, 0, 0, 0, 0, 0, 6, 0, 6, 5, 0, 6, 0, 11, 6, 0, 6, 6, 0, 0, 0, 0, 4, 0, 0, 0, 7, 8, 7, 8, 5, 6, 0, 0, 0, 6, 0, 8, 0, 0, 6, 0, 6, 0, 0, 7, 9, 7, 7, 0, 0, 0, 8, 6, 6, 7, 7, 0, 0, 8, 7, 0, 6, 8, 8, 0, 0, 0, 7, 0, 0, 7, 0, : 8, 8, 6, 10, 7, 6, 6, 5, 6, 11, 6, 6, 6, 4, 7, 8, 7, 8, 5, 6, 6, 8, 6, 6, 7, 9, 7, 7, 8, 6, 6, 7, 7, 8, 7, 6, 8, 8, 7, 7, 
164: 0, 0, 0, 7, 8, 0, 6, 8, 0, 0, 7, 0, 0, 7, 7, 0, 0, 7, 0, 7, 0, 0, 0, 7, 0, 8, 6, 9, 8, 0, 9, 6, 4, 0, 0, 0, 10, 0, 7, 0, 6, 9, 6, 7, 9, 0, 0, 8, 7, 9, 8, 7, 7, 7, 0, 9, 0, 0, 0, 6, 0, 0, 7, 8, 0, 0, 0, 5, 9, 8, 8, 7, 0, 0, 0, 0, 0, 8, 7, 0, : 7, 8, 6, 8, 7, 7, 7, 7, 7, 7, 8, 6, 9, 8, 9, 6, 4, 10, 7, 6, 9, 6, 7, 9, 8, 7, 9, 8, 7, 7, 7, 9, 6, 7, 8, 5, 9, 8, 8, 7, 8, 7, 
115: 9, 0, 0, 6, 0, 0, 0, 7, 0, 9, 9, 0, 5, 0, 0, 5, 0, 0, 0, 6, 0, 9, 11, 0, 0, 7, 0, 0, 0, 0, 7, 0, 7, 0, 0, 0, 6, 0, 0, 8, 9, 6, 0, 0, 0, 0, 0, 9, 0, 6, 0, 0, 9, 9, 0, 0, 0, 8, 0, 0, 0, 8, 0, 10, 0, 0, 0, 0, 0, 0, 7, 0, 0, 7, 8, 0, 0, 8, 0, 9, : 9, 6, 7, 9, 9, 5, 5, 6, 9, 11, 7, 7, 7, 6, 8, 9, 6, 9, 6, 9, 9, 8, 8, 10, 7, 7, 8, 8, 9, 
73: 0, 10, 0, 8, 0, 8, 7, 0, 5, 0, 7, 8, 0, 8, 0, 8, 5, 11, 0, 9, 0, 0, 0, 7, 0, 9, 0, 7, 7, 8, 0, 8, 6, 7, 0, 7, 0, 0, 0, 10, 8, 9, 0, 0, 0, 0, 9, 5, 8, 9, 0, 9, 0, 8, 0, 0, 7, 9, 0, 0, 5, 0, 9, 9, 0, 0, 0, 7, 0, 7, 0, 0, 9, 0, 0, 9, 0, 9, 8, 0, : 10, 8, 8, 7, 5, 7, 8, 8, 8, 5, 11, 9, 7, 9, 7, 7, 8, 8, 6, 7, 7, 10, 8, 9, 9, 5, 8, 9, 9, 8, 7, 9, 5, 9, 9, 7, 7, 9, 9, 9, 8, 


117: 0, 6, 0, 0, 8, 7, 9, 0, 0, 0, 0, 0, 7, 0, 8, 9, 0, 0, 0, 4, 0, 0, 9, 0, 9, 8, 0, 8, 7, 0, 0, 8, 0, 0, 11, 0, 0, 10, 10, 8, 0, 0, 0, 6, 0, 6, 0, 6, 0, 8, 0, 0, 0, 8, 0, 0, 8, 0, 0, 8, 8, 0, 8, 6, 9, 8, 7, 8, 0, 0, 8, 0, 0, 7, 0, 0, 0, 0, 0, 0, : 6, 8, 7, 9, 7, 8, 9, 4, 9, 9, 8, 8, 7, 8, 11, 10, 10, 8, 6, 6, 6, 8, 8, 8, 8, 8, 8, 6, 9, 8, 7, 8, 8, 7, 
54: 0, 0, 5, 0, 0, 0, 9, 0, 0, 8, 6, 8, 0, 0, 7, 0, 8, 9, 8, 9, 7, 0, 8, 0, 8, 6, 6, 8, 0, 8, 8, 0, 0, 7, 0, 7, 5, 8, 8, 10, 7, 9, 9, 6, 7, 0, 0, 7, 6, 0, 0, 7, 6, 10, 0, 7, 10, 5, 7, 7, 6, 7, 9, 7, 0, 7, 0, 8, 8, 0, 0, 0, 8, 0, 0, 8, 7, 7, 7, 8, : 5, 9, 8, 6, 8, 7, 8, 9, 8, 9, 7, 8, 8, 6, 6, 8, 8, 8, 7, 7, 5, 8, 8, 10, 7, 9, 9, 6, 7, 7, 6, 7, 6, 10, 7, 10, 5, 7, 7, 6, 7, 9, 7, 7, 8, 8, 8, 8, 7, 7, 7, 8, 
1: 7, 10, 0, 6, 0, 0, 6, 0, 6, 0, 0, 8, 7, 8, 8, 0, 0, 9, 6, 6, 10, 7, 0, 0, 0, 0, 9, 0, 0, 0, 0, 0, 8, 0, 0, 6, 0, 0, 0, 5, 0, 8, 0, 0, 11, 0, 0, 0, 7, 9, 5, 9, 0, 0, 8, 0, 6, 0, 8, 0, 7, 8, 8, 8, 0, 8, 0, 0, 0, 8, 0, 9, 0, 7, 0, 0, 0, 8, 8, 0, : 7, 10, 6, 6, 6, 8, 7, 8, 8, 9, 6, 6, 10, 7, 9, 8, 6, 5, 8, 11, 7, 9, 5, 9, 8, 6, 8, 7, 8, 8, 8, 8, 8, 9, 7, 8, 8, 
178: 9, 0, 0, 6, 0, 6, 0, 0, 0, 7, 6, 0, 6, 7, 7, 6, 6, 0, 9, 8, 0, 9, 0, 7, 0, 0, 9, 0, 0, 8, 9, 0, 6, 0, 7, 8, 0, 8, 0, 0, 7, 7, 0, 0, 0, 0, 0, 0, 5, 10, 0, 0, 9, 9, 0, 9, 8, 8, 0, 0, 8, 6, 0, 0, 7, 0, 6, 0, 7, 0, 0, 0, 0, 7, 0, 0, 7, 0, 0, 7, : 9, 6, 6, 7, 6, 6, 7, 7, 6, 6, 9, 8, 9, 7, 9, 8, 9, 6, 7, 8, 8, 7, 7, 5, 10, 9, 9, 9, 8, 8, 8, 6, 7, 6, 7, 7, 7, 7, 
142: 8, 0, 6, 7, 6, 0, 7, 0, 6, 9, 0, 0, 0, 0, 0, 8, 8, 0, 0, 0, 8, 0, 5, 9, 9, 8, 8, 8, 7, 6, 7, 0, 0, 0, 0, 0, 5, 7, 9, 0, 9, 0, 8, 7, 10, 0, 0, 6, 5, 7, 0, 0, 0, 8, 9, 9, 0, 9, 0, 0, 7, 0, 8, 8, 0, 0, 7, 7, 0, 0, 8, 7, 7, 8, 8, 0, 8, 6, 0, 8, : 8, 6, 7, 6, 7, 6, 9, 8, 8, 8, 5, 9, 9, 8, 8, 8, 7, 6, 7, 5, 7, 9, 9, 8, 7, 10, 6, 5, 7, 8, 9, 9, 9, 7, 8, 8, 7, 7, 8, 7, 7, 8, 8, 8, 6, 8, 
176: 0, 0, 0, 8, 6, 10, 7, 7, 0, 8, 0, 8, 7, 8, 6, 0, 0, 9, 9, 0, 0, 0, 0, 0, 10, 0, 0, 0, 0, 9, 9, 0, 7, 7, 0, 0, 6, 7, 9, 7, 0, 0, 0, 0, 8, 0, 0, 9, 5, 6, 7, 0, 0, 9, 0, 0, 0, 6, 9, 7, 0, 0, 9, 0, 7, 9, 8, 0, 9, 0, 0, 7, 7, 0, 8, 7, 0, 8, 9, 7, : 8, 6, 10, 7, 7, 8, 8, 7, 8, 6, 9, 9, 10, 9, 9, 7, 7, 6, 7, 9, 7, 8, 9, 5, 6, 7, 9, 6, 9, 7, 9, 7, 9, 8, 9, 7, 7, 8, 7, 8, 9, 7, 
85: 0, 0, 6, 0, 0, 0, 0, 0, 0, 6, 0, 6, 8, 0, 0, 0, 0, 0, 0, 0, 9, 0, 9, 6, 6, 7, 8, 5, 0, 0, 6, 0, 0, 0, 0, 5, 0, 0, 8, 0, 8, 6, 8, 0, 10, 0, 6, 7, 10, 0, 8, 8, 0, 5, 0, 6, 7, 0, 7, 0, 0, 0, 7, 6, 9, 7, 0, 9, 8, 0, 7, 8, 7, 0, 7, 7, 8, 0, 8, 7, : 6, 6, 6, 8, 9, 9, 6, 6, 7, 8, 5, 6, 5, 8, 8, 6, 8, 10, 6, 7, 10, 8, 8, 5, 6, 7, 7, 7, 6, 9, 7, 9, 8, 7, 8, 7, 7, 7, 8, 8, 7, 
70: 0, 0, 0, 0, 8, 9, 0, 0, 7, 0, 0, 9, 0, 4, 8, 0, 5, 7, 0, 0, 0, 0, 0, 0, 0, 5, 0, 9, 6, 0, 7, 0, 0, 7, 7, 10, 0, 0, 5, 0, 0, 6, 5, 0, 0, 0, 9, 0, 9, 8, 7, 9, 6, 0, 0, 8, 0, 0, 0, 0, 0, 0, 0, 9, 7, 0, 0, 7, 6, 0, 8, 0, 6, 0, 0, 0, 0, 7, 0, 7, : 8, 9, 7, 9, 4, 8, 5, 7, 5, 9, 6, 7, 7, 7, 10, 5, 6, 5, 9, 9, 8, 7, 9, 6, 8, 9, 7, 7, 6, 8, 6, 7, 7, 
59: 8, 0, 6, 6, 6, 6, 6, 8, 9, 0, 7, 0, 10, 0, 0, 6, 7, 8, 8, 0, 0, 5, 9, 5, 8, 0, 0, 9, 8, 8, 6, 0, 8, 8, 6, 0, 8, 8, 7, 0, 8, 0, 0, 0, 0, 7, 6, 0, 0, 0, 0, 0, 0, 0, 0, 6, 0, 8, 0, 0, 9, 7, 0, 0, 7, 0, 6, 9, 0, 6, 7, 0, 7, 6, 8, 0, 8, 0, 0, 6, : 8, 6, 6, 6, 6, 6, 8, 9, 7, 10, 6, 7, 8, 8, 5, 9, 5, 8, 9, 8, 8, 6, 8, 8, 6, 8, 8, 7, 8, 7, 6, 6, 8, 9, 7, 7, 6, 9, 6, 7, 7, 6, 8, 8, 6, 
121: 0, 8, 7, 0, 10, 8, 0, 0, 0, 6, 8, 0, 9, 10, 0, 0, 0, 7, 0, 0, 7, 0, 0, 0, 0, 4, 7, 0, 9, 7, 8, 10, 8, 8, 8, 8, 7, 0, 5, 8, 7, 0, 0, 6, 5, 0, 0, 0, 0, 0, 10, 7, 5, 0, 8, 0, 0, 7, 7, 0, 7, 8, 0, 0, 6, 0, 0, 0, 0, 9, 0, 8, 0, 7, 0, 0, 0, 0, 0, 8, : 8, 7, 10, 8, 6, 8, 9, 10, 7, 7, 4, 7, 9, 7, 8, 10, 8, 8, 8, 8, 7, 5, 8, 7, 6, 5, 10, 7, 5, 8, 7, 7, 7, 8, 6, 9, 8, 7, 8, 
131: 0, 7, 7, 5, 0, 7, 0, 0, 0, 0, 9, 5, 8, 6, 0, 0, 7, 0, 0, 0, 0, 7, 7, 7, 6, 0, 8, 6, 7, 10, 7, 0, 0, 7, 0, 0, 6, 0, 0, 10, 0, 8, 0, 10, 7, 6, 0, 0, 7, 0, 9, 0, 8, 5, 0, 0, 6, 7, 8, 7, 0, 8, 6, 0, 9, 0, 8, 7, 0, 0, 7, 8, 9, 0, 0, 6, 7, 0, 0, 0, : 7, 7, 5, 7, 9, 5, 8, 6, 7, 7, 7, 7, 6, 8, 6, 7, 10, 7, 7, 6, 10, 8, 10, 7, 6, 7, 9, 8, 5, 6, 7, 8, 7, 8, 6, 9, 8, 7, 7, 8, 9, 6, 7, 
77: 7, 0, 8, 0, 0, 6, 6, 0, 0, 0, 0, 8, 0, 9, 8, 0, 8, 0, 5, 6, 0, 0, 7, 0, 0, 6, 0, 0, 0, 9, 6, 7, 0, 8, 0, 8, 0, 8, 0, 0, 7, 0, 9, 0, 6, 10, 0, 0, 0, 8, 0, 0, 7, 0, 0, 0, 0, 7, 8, 7, 7, 9, 0, 0, 0, 7, 0, 8, 9, 0, 6, 8, 0, 8, 0, 9, 8, 7, 7, 8, : 7, 8, 6, 6, 8, 9, 8, 8, 5, 6, 7, 6, 9, 6, 7, 8, 8, 8, 7, 9, 6, 10, 8, 7, 7, 8, 7, 7, 9, 7, 8, 9, 6, 8, 8, 9, 8, 7, 7, 8, 
35: 0, 0, 0, 10, 0, 0, 6, 0, 5, 6, 0, 0, 0, 0, 0, 0, 0, 7, 0, 9, 0, 8, 8, 0, 9, 0, 8, 0, 9, 8, 0, 7, 7, 0, 0, 0, 0, 5, 0, 5, 7, 0, 0, 6, 9, 6, 0, 10, 0, 9, 0, 5, 10, 0, 6, 0, 0, 7, 0, 5, 0, 6, 8, 7, 0, 0, 0, 8, 0, 9, 0, 0, 7, 8, 8, 7, 8, 0, 0, 6, : 10, 6, 5, 6, 7, 9, 8, 8, 9, 8, 9, 8, 7, 7, 5, 5, 7, 6, 9, 6, 10, 9, 5, 10, 6, 7, 5, 6, 8, 7, 8, 9, 7, 8, 8, 7, 8, 6, 
163: 0, 0, 8, 0, 8, 0, 8, 0, 0, 0, 9, 0, 0, 0, 0, 9, 4, 5, 0, 0, 0, 0, 6, 9, 0, 8, 10, 0, 0, 0, 0, 8, 0, 7, 6, 0, 0, 5, 7, 7, 11, 7, 11, 0, 5, 0, 6, 10, 0, 9, 9, 6, 0, 0, 0, 7, 0, 7, 9, 0, 0, 8, 0, 8, 0, 7, 9, 7, 8, 7, 0, 8, 7, 8, 6, 0, 0, 9, 0, 0, : 8, 8, 8, 9, 9, 4, 5, 6, 9, 8, 10, 8, 7, 6, 5, 7, 7, 11, 7, 11, 5, 6, 10, 9, 9, 6, 7, 7, 9, 8, 8, 7, 9, 7, 8, 7, 8, 7, 8, 6, 9, 
98: 5, 10, 6, 0, 0, 7, 8, 0, 6, 0, 0, 0, 0, 0, 7, 7, 0, 0, 6, 0, 5, 8, 5, 0, 0, 8, 4, 5, 7, 6, 10, 0, 5, 8, 0, 0, 8, 0, 0, 0, 7, 7, 7, 0, 0, 6, 0, 0, 8, 7, 0, 8, 8, 0, 0, 9, 7, 0, 6, 9, 7, 0, 0, 0, 0, 9, 7, 0, 0, 9, 7, 8, 8, 7, 9, 0, 9, 7, 8, 0, : 5, 10, 6, 7, 8, 6, 7, 7, 6, 5, 8, 5, 8, 4, 5, 7, 6, 10, 5, 8, 8, 7, 7, 7, 6, 8, 7, 8, 8, 9, 7, 6, 9, 7, 9, 7, 9, 7, 8, 8, 7, 9, 9, 7, 8, 
89: 0, 7, 0, 8, 9, 0, 0, 9, 8, 0, 7, 6, 0, 0, 0, 0, 0, 0, 8, 0, 0, 0, 0, 0, 5, 0, 0, 0, 0, 0, 0, 5, 7, 0, 0, 0, 0, 0, 8, 0, 0, 6, 0, 0, 6, 0, 0, 9, 0, 0, 0, 7, 8, 5, 8, 8, 9, 7, 0, 8, 0, 0, 8, 0, 0, 6, 0, 0, 8, 0, 0, 6, 0, 8, 0, 8, 7, 8, 0, 0, : 7, 8, 9, 9, 8, 7, 6, 8, 5, 5, 7, 8, 6, 6, 9, 7, 8, 5, 8, 8, 9, 7, 8, 8, 6, 8, 6, 8, 8, 7, 8, 
92: 9, 9, 0, 0, 6, 8, 8, 0, 7, 7, 6, 7, 8, 7, 0, 0, 7, 0, 9, 0, 6, 8, 9, 0, 0, 0, 0, 8, 0, 0, 0, 0, 0, 6, 0, 0, 10, 8, 0, 9, 0, 0, 7, 8, 7, 10, 8, 9, 0, 0, 0, 0, 0, 0, 5, 5, 0, 10, 8, 0, 9, 0, 0, 0, 0, 0, 8, 0, 0, 8, 9, 0, 0, 0, 0, 8, 9, 8, 0, 0, : 9, 9, 6, 8, 8, 7, 7, 6, 7, 8, 7, 7, 9, 6, 8, 9, 8, 6, 10, 8, 9, 7, 8, 7, 10, 8, 9, 5, 5, 10, 8, 9, 8, 8, 9, 8, 9, 8, 
132: 6, 0, 0, 9, 7, 7, 0, 8, 9, 7, 0, 0, 5, 8, 4, 8, 0, 0, 8, 0, 5, 0, 6, 5, 0, 8, 0, 0, 0, 8, 0, 10, 8, 6, 0, 7, 0, 10, 0, 4, 0, 0, 0, 0, 0, 7, 10, 0, 0, 0, 0, 0, 0, 0, 0, 0, 9, 0, 8, 0, 0, 0, 0, 9, 0, 0, 0, 0, 0, 8, 9, 0, 0, 7, 0, 7, 0, 0, 0, 8, : 6, 9, 7, 7, 8, 9, 7, 5, 8, 4, 8, 8, 5, 6, 5, 8, 8, 10, 8, 6, 7, 10, 4, 7, 10, 9, 8, 9, 8, 9, 7, 7, 8, 
2: 0, 8, 0, 9, 7, 0, 7, 6, 8, 0, 0, 9, 0, 0, 0, 0, 7, 0, 8, 0, 0, 0, 0, 5, 5, 0, 6, 6, 0, 7, 0, 7, 7, 8, 0, 0, 10, 0, 0, 8, 0, 0, 7, 6, 0, 6, 0, 6, 0, 0, 8, 10, 0, 0, 7, 0, 0, 0, 0, 0, 7, 0, 0, 6, 8, 0, 8, 0, 6, 0, 6, 7, 8, 0, 0, 6, 7, 0, 0, 9, : 8, 9, 7, 7, 6, 8, 9, 7, 8, 5, 5, 6, 6, 7, 7, 7, 8, 10, 8, 7, 6, 6, 6, 8, 10, 7, 7, 6, 8, 8, 6, 6, 7, 8, 6, 7, 9, 
139: 9, 0, 7, 10, 0, 0, 0, 0, 0, 9, 7, 9, 8, 0, 0, 7, 0, 6, 0, 0, 0, 9, 0, 0, 0, 0, 0, 7, 0, 0, 7, 8, 0, 0, 8, 0, 7, 8, 0, 0, 8, 8, 8, 0, 7, 0, 0, 7, 9, 7, 7, 5, 10, 0, 6, 6, 7, 8, 8, 0, 0, 0, 0, 6, 7, 8, 6, 6, 7, 8, 8, 8, 8, 6, 7, 0, 0, 7, 8, 0, : 9, 7, 10, 9, 7, 9, 8, 7, 6, 9, 7, 7, 8, 8, 7, 8, 8, 8, 8, 7, 7, 9, 7, 7, 5, 10, 6, 6, 7, 8, 8, 6, 7, 8, 6, 6, 7, 8, 8, 8, 8, 6, 7, 7, 8, 
84: 7, 0, 6, 0, 6, 0, 0, 7, 0, 0, 0, 0, 10, 8, 0, 9, 10, 0, 0, 7, 7, 0, 8, 0, 0, 8, 9, 0, 0, 0, 0, 6, 8, 0, 7, 0, 7, 0, 8, 7, 0, 0, 6, 0, 8, 0, 7, 0, 0, 0, 9, 11, 8, 0, 0, 8, 7, 8, 8, 0, 0, 6, 7, 0, 9, 0, 0, 0, 0, 0, 8, 6, 7, 0, 0, 0, 0, 0, 7, 0, : 7, 6, 6, 7, 10, 8, 9, 10, 7, 7, 8, 8, 9, 6, 8, 7, 7, 8, 7, 6, 8, 7, 9, 11, 8, 8, 7, 8, 8, 6, 7, 9, 8, 6, 7, 7, 
25: 7, 6, 8, 7, 0, 0, 9, 6, 0, 0, 0, 0, 7, 8, 0, 0, 0, 0, 10, 6, 8, 8, 0, 0, 0, 0, 0, 0, 6, 6, 0, 8, 8, 7, 6, 0, 0, 0, 0, 7, 0, 0, 0, 8, 0, 8, 0, 6, 9, 9, 0, 8, 6, 10, 0, 0, 7, 0, 8, 8, 0, 10, 5, 0, 8, 0, 6, 9, 8, 8, 8, 0, 0, 7, 9, 8, 6, 0, 8, 0, : 7, 6, 8, 7, 9, 6, 7, 8, 10, 6, 8, 8, 6, 6, 8, 8, 7, 6, 7, 8, 8, 6, 9, 9, 8, 6, 10, 7, 8, 8, 10, 5, 8, 6, 9, 8, 8, 8, 7, 9, 8, 6, 8, 
152: 0, 8, 0, 0, 0, 0, 0, 8, 0, 7, 9, 5, 0, 0, 0, 7, 0, 9, 0, 9, 6, 0, 8, 9, 9, 0, 6, 8, 0, 0, 0, 9, 0, 5, 8, 0, 5, 0, 0, 0, 7, 8, 0, 7, 0, 0, 0, 0, 9, 7, 4, 0, 6, 6, 9, 7, 10, 8, 0, 0, 0, 7, 6, 0, 0, 0, 0, 0, 0, 7, 0, 0, 8, 9, 7, 7, 0, 0, 6, 7, : 8, 8, 7, 9, 5, 7, 9, 9, 6, 8, 9, 9, 6, 8, 9, 5, 8, 5, 7, 8, 7, 9, 7, 4, 6, 6, 9, 7, 10, 8, 7, 6, 7, 8, 9, 7, 7, 6, 7, 
128: 9, 7, 8, 0, 0, 0, 0, 9, 0, 8, 0, 7, 0, 0, 6, 0, 8, 0, 8, 9, 0, 0, 0, 0, 0, 9, 0, 0, 6, 7, 0, 0, 7, 8, 0, 7, 7, 7, 8, 0, 0, 0, 0, 9, 0, 7, 6, 0, 7, 0, 0, 10, 0, 0, 8, 9, 8, 0, 0, 0, 8, 0, 10, 0, 7, 9, 0, 0, 7, 6, 0, 0, 0, 0, 7, 0, 6, 7, 7, 7, : 9, 7, 8, 9, 8, 7, 6, 8, 8, 9, 9, 6, 7, 7, 8, 7, 7, 7, 8, 9, 7, 6, 7, 10, 8, 9, 8, 8, 10, 7, 9, 7, 6, 7, 6, 7, 7, 7, 
9: 0, 8, 0, 0, 8, 0, 0, 7, 0, 9, 8, 7, 7, 7, 0, 9, 9, 0, 6, 9, 0, 6, 0, 8, 6, 9, 0, 7, 9, 7, 0, 0, 0, 0, 9, 7, 8, 6, 0, 0, 0, 4, 0, 7, 11, 0, 7, 0, 0, 0, 0, 8, 0, 0, 10, 6, 0, 0, 6, 8, 5, 8, 0, 9, 8, 0, 0, 9, 0, 0, 0, 7, 0, 7, 0, 8, 8, 0, 0, 0, : 8, 8, 7, 9, 8, 7, 7, 7, 9, 9, 6, 9, 6, 8, 6, 9, 7, 9, 7, 9, 7, 8, 6, 4, 7, 11, 7, 8, 10, 6, 6, 8, 5, 8, 9, 8, 9, 7, 7, 8, 8, 
174: 0, 7, 0, 0, 0, 6, 9, 6, 8, 0, 4, 0, 7, 8, 9, 0, 0, 0, 6, 6, 7, 0, 0, 0, 4, 0, 0, 0, 0, 0, 7, 6, 0, 0, 0, 9, 8, 0, 6, 6, 0, 0, 0, 7, 0, 0, 0, 0, 0, 0, 8, 8, 0, 0, 9, 0, 0, 0, 7, 0, 0, 7, 9, 0, 0, 7, 0, 8, 8, 0, 0, 7, 0, 9, 7, 0, 0, 8, 9, 0, : 7, 6, 9, 6, 8, 4, 7, 8, 9, 6, 6, 7, 4, 7, 6, 9, 8, 6, 6, 7, 8, 8, 9, 7, 7, 9, 7, 8, 8, 7, 9, 7, 8, 9, 
100: 7, 0, 0, 8, 0, 8, 7, 7, 7, 0, 0, 8, 8, 0, 0, 9, 5, 7, 0, 7, 0, 5, 5, 8, 8, 0, 5, 0, 0, 0, 6, 9, 6, 0, 7, 7, 0, 0, 0, 0, 0, 0, 0, 0, 0, 7, 10, 0, 7, 0, 0, 0, 0, 6, 6, 7, 0, 7, 0, 7, 0, 0, 6, 0, 0, 0, 9, 6, 8, 6, 8, 0, 7, 0, 6, 8, 7, 8, 8, 7, : 7, 8, 8, 7, 7, 7, 8, 8, 9, 5, 7, 7, 5, 5, 8, 8, 5, 6, 9, 6, 7, 7, 7, 10, 7, 6, 6, 7, 7, 7, 6, 9, 6, 8, 6, 8, 7, 6, 8, 7, 8, 8, 7, 
56: 5, 8, 10, 0, 7, 0, 0, 6, 0, 8, 0, 0, 6, 7, 10, 0, 0, 0, 0, 8, 5, 9, 0, 10, 0, 7, 0, 7, 7, 7, 0, 6, 0, 0, 0, 8, 9, 0, 8, 0, 9, 0, 11, 11, 7, 10, 7, 10, 0, 0, 5, 5, 0, 0, 0, 10, 0, 0, 0, 6, 8, 0, 9, 0, 6, 6, 0, 0, 0, 0, 7, 0, 8, 8, 0, 8, 0, 0, 0, 0, : 5, 8, 10, 7, 6, 8, 6, 7, 10, 8, 5, 9, 10, 7, 7, 7, 7, 6, 8, 9, 8, 9, 11, 11, 7, 10, 7, 10, 5, 5, 10, 6, 8, 9, 6, 6, 7, 8, 8, 8, 
192: 0, 9, 0, 0, 6, 0, 0, 9, 0, 8, 8, 9, 0, 0, 0, 0, 0, 0, 4, 0, 8, 0, 8, 0, 0, 0, 7, 8, 0, 0, 8, 0, 0, 0, 8, 6, 0, 0, 10, 0, 0, 0, 7, 11, 0, 0, 0, 7, 0, 5, 8, 0, 9, 6, 0, 0, 0, 0, 0, 0, 7, 6, 0, 8, 0, 0, 7, 0, 8, 6, 0, 0, 9, 0, 8, 0, 0, 9, 0, 8, : 9, 6, 9, 8, 8, 9, 4, 8, 8, 7, 8, 8, 8, 6, 10, 7, 11, 7, 5, 8, 9, 6, 7, 6, 8, 7, 8, 6, 9, 8, 9, 8, 
147: 7, 0, 0, 8, 0, 0, 7, 0, 8, 0, 0, 0, 0, 0, 8, 0, 10, 4, 0, 9, 0, 5, 10, 7, 10, 9, 0, 0, 7, 7, 9, 8, 9, 0, 0, 8, 7, 0, 0, 8, 0, 7, 7, 0, 0, 0, 7, 0, 0, 9, 0, 0, 0, 7, 7, 0, 0, 0, 0, 8, 8, 9, 6, 7, 0, 0, 8, 6, 7, 7, 0, 0, 0, 0, 0, 0, 0, 7, 8, 9, : 7, 8, 7, 8, 8, 10, 4, 9, 5, 10, 7, 10, 9, 7, 7, 9, 8, 9, 8, 7, 8, 7, 7, 7, 9, 7, 7, 8, 8, 9, 6, 7, 8, 6, 7, 7, 7, 8, 9, 
55: 0, 6, 9, 6, 8, 8, 0, 7, 9, 0, 0, 9, 8, 7, 0, 7, 9, 0, 9, 0, 0, 9, 0, 8, 0, 6, 0, 8, 8, 0, 9, 0, 6, 7, 0, 0, 0, 6, 0, 7, 8, 9, 0, 0, 7, 8, 6, 6, 9, 0, 0, 0, 8, 8, 0, 6, 0, 8, 0, 9, 0, 0, 0, 8, 6, 9, 0, 0, 0, 7, 0, 9, 0, 0, 0, 0, 0, 8, 0, 8, : 6, 9, 6, 8, 8, 7, 9, 9, 8, 7, 7, 9, 9, 9, 8, 6, 8, 8, 9, 6, 7, 6, 7, 8, 9, 7, 8, 6, 6, 9, 8, 8, 6, 8, 9, 8, 6, 9, 7, 9, 8, 8, 
179: 8, 0, 9, 8, 8, 9, 0, 0, 0, 9, 9, 0, 6, 0, 0, 8, 0, 8, 0, 7, 0, 0, 0, 8, 8, 0, 0, 7, 6, 0, 0, 6, 0, 8, 0, 0, 0, 0, 0, 8, 0, 0, 0, 0, 7, 11, 6, 7, 0, 5, 10, 0, 0, 0, 5, 0, 5, 8, 5, 9, 8, 8, 7, 6, 0, 0, 6, 0, 0, 0, 0, 7, 0, 0, 8, 0, 8, 0, 6, 0, : 8, 9, 8, 8, 9, 9, 9, 6, 8, 8, 7, 8, 8, 7, 6, 6, 8, 8, 7, 11, 6, 7, 5, 10, 5, 5, 8, 5, 9, 8, 8, 7, 6, 6, 7, 8, 8, 6, 
129: 6, 6, 10, 6, 0, 9, 7, 8, 6, 0, 0, 0, 0, 0, 0, 0, 7, 9, 0, 0, 9, 8, 8, 0, 0, 0, 0, 10, 0, 0, 0, 0, 8, 0, 9, 9, 9, 0, 0, 0, 0, 0, 6, 0, 0, 7, 9, 0, 7, 5, 5, 0, 0, 8, 7, 8, 8, 0, 8, 8, 0, 9, 0, 0, 0, 7, 9, 0, 7, 8, 7, 0, 0, 0, 8, 7, 0, 7, 7, 0, : 6, 6, 10, 6, 9, 7, 8, 6, 7, 9, 9, 8, 8, 10, 8, 9, 9, 9, 6, 7, 9, 7, 5, 5, 8, 7, 8, 8, 8, 8, 9, 7, 9, 7, 8, 7, 8, 7, 7, 7, 
36: 0, 9, 0, 0, 0, 9, 0, 7, 7, 8, 0, 0, 0, 0, 8, 8, 9, 6, 10, 10, 0, 0, 0, 10, 0, 9, 0, 0, 9, 0, 0, 0, 0, 11, 7, 0, 8, 0, 6, 0, 8, 10, 7, 0, 6, 6, 7, 5, 5, 0, 10, 4, 0, 6, 0, 9, 0, 0, 8, 0, 0, 0, 0, 7, 7, 8, 0, 0, 0, 0, 0, 7, 8, 8, 7, 9, 0, 0, 7, 8, : 9, 9, 7, 7, 8, 8, 8, 9, 6, 10, 10, 10, 9, 9, 11, 7, 8, 6, 8, 10, 7, 6, 6, 7, 5, 5, 10, 4, 6, 9, 8, 7, 7, 8, 7, 8, 8, 7, 9, 7, 8, 
191: 7, 0, 9, 6, 9, 6, 8, 9, 0, 7, 7, 9, 0, 9, 8, 7, 0, 9, 7, 0, 8, 0, 0, 0, 8, 0, 9, 9, 0, 8, 7, 7, 11, 0, 5, 6, 0, 9, 0, 8, 5, 7, 6, 8, 0, 0, 11, 0, 7, 4, 5, 0, 8, 10, 6, 0, 0, 9, 0, 7, 7, 0, 0, 7, 9, 0, 7, 6, 0, 8, 0, 7, 0, 0, 0, 0, 0, 8, 8, 0, : 7, 9, 6, 9, 6, 8, 9, 7, 7, 9, 9, 8, 7, 9, 7, 8, 8, 9, 9, 8, 7, 7, 11, 5, 6, 9, 8, 5, 7, 6, 8, 11, 7, 4, 5, 8, 10, 6, 9, 7, 7, 7, 9, 7, 6, 8, 7, 8, 8, 
5: 10, 0, 0, 0, 0, 0, 0, 0, 9, 9, 6, 6, 0, 8, 8, 7, 0, 10, 6, 10, 9, 10, 0, 9, 7, 0, 0, 0, 8, 0, 0, 7, 8, 9, 8, 8, 10, 8, 5, 9, 5, 11, 6, 0, 0, 0, 6, 0, 0, 9, 0, 8, 10, 0, 0, 0, 8, 6, 0, 0, 0, 6, 0, 0, 8, 9, 0, 6, 0, 0, 6, 0, 0, 0, 0, 0, 7, 6, 0, 0, : 10, 9, 9, 6, 6, 8, 8, 7, 10, 6, 10, 9, 10, 9, 7, 8, 7, 8, 9, 8, 8, 10, 8, 5, 9, 5, 11, 6, 6, 9, 8, 10, 8, 6, 6, 8, 9, 6, 6, 7, 6, 
88: 0, 0, 7, 0, 0, 0, 0, 0, 8, 0, 9, 0, 8, 0, 7, 4, 0, 7, 0, 5, 8, 8, 0, 4, 7, 9, 8, 7, 10, 0, 0, 0, 0, 0, 9, 6, 0, 0, 8, 0, 0, 9, 7, 7, 0, 6, 0, 8, 8, 0, 9, 0, 8, 7, 7, 0, 6, 0, 0, 8, 8, 0, 0, 9, 0, 6, 0, 8, 6, 7, 8, 0, 8, 0, 0, 0, 8, 0, 0, 0, : 7, 8, 9, 8, 7, 4, 7, 5, 8, 8, 4, 7, 9, 8, 7, 10, 9, 6, 8, 9, 7, 7, 6, 8, 8, 9, 8, 7, 7, 6, 8, 8, 9, 6, 8, 6, 7, 8, 8, 8, 
57: 0, 5, 8, 9, 8, 6, 9, 0, 8, 0, 9, 7, 0, 6, 7, 6, 0, 7, 0, 0, 0, 7, 8, 9, 0, 9, 9, 0, 6, 8, 0, 0, 0, 0, 0, 0, 0, 7, 0, 0, 8, 7, 8, 6, 0, 0, 10, 9, 0, 0, 7, 7, 0, 0, 9, 0, 8, 0, 7, 7, 0, 0, 6, 9, 6, 6, 9, 8, 6, 0, 0, 8, 6, 8, 7, 7, 7, 0, 0, 0, : 5, 8, 9, 8, 6, 9, 8, 9, 7, 6, 7, 6, 7, 7, 8, 9, 9, 9, 6, 8, 7, 8, 7, 8, 6, 10, 9, 7, 7, 9, 8, 7, 7, 6, 9, 6, 6, 9, 8, 6, 8, 6, 8, 7, 7, 7, 
156: 0, 6, 0, 8, 0, 8, 0, 7, 9, 0, 9, 0, 0, 7, 7, 9, 7, 7, 0, 0, 8, 9, 7, 7, 8, 7, 8, 0, 0, 6, 7, 8, 0, 8, 7, 10, 0, 5, 7, 9, 4, 0, 0, 7, 6, 9, 0, 6, 0, 0, 0, 0, 5, 9, 0, 0, 6, 0, 0, 7, 9, 7, 0, 0, 0, 0, 0, 0, 0, 8, 8, 0, 0, 0, 8, 8, 0, 0, 7, 7, : 6, 8, 8, 7, 9, 9, 7, 7, 9, 7, 7, 8, 9, 7, 7, 8, 7, 8, 6, 7, 8, 8, 7, 10, 5, 7, 9, 4, 7, 6, 9, 6, 5, 9, 6, 7, 9, 7, 8, 8, 8, 8, 7, 7, 
79: 9, 0, 0, 0, 9, 0, 7, 9, 0, 4, 7, 0, 0, 8, 9, 0, 9, 0, 0, 6, 10, 5, 0, 0, 0, 0, 6, 0, 8, 0, 7, 0, 8, 0, 7, 0, 0, 10, 8, 0, 10, 6, 0, 7, 0, 7, 6, 0, 11, 9, 0, 0, 5, 8, 10, 0, 0, 0, 0, 0, 0, 0, 8, 0, 0, 7, 9, 0, 9, 0, 0, 0, 0, 0, 7, 7, 0, 0, 7, 0, : 9, 9, 7, 9, 4, 7, 8, 9, 9, 6, 10, 5, 6, 8, 7, 8, 7, 10, 8, 10, 6, 7, 7, 6, 11, 9, 5, 8, 10, 8, 7, 9, 9, 7, 7, 7, 


137: 0, 0, 8, 9, 0, 0, 0, 0, 0, 0, 0, 0, 8, 0, 7, 5, 0, 0, 10, 0, 0, 4, 8, 0, 6, 8, 7, 0, 0, 0, 6, 10, 0, 0, 9, 0, 0, 8, 0, 4, 0, 6, 0, 0, 6, 9, 0, 0, 10, 0, 0, 0, 8, 0, 9, 0, 0, 0, 0, 0, 9, 0, 5, 0, 5, 8, 0, 7, 7, 8, 9, 6, 0, 8, 8, 0, 6, 0, 0, 7, : 8, 9, 8, 7, 5, 10, 4, 8, 6, 8, 7, 6, 10, 9, 8, 4, 6, 6, 9, 10, 8, 9, 9, 5, 5, 8, 7, 7, 8, 9, 6, 8, 8, 6, 7, 
175: 9, 7, 9, 0, 5, 6, 7, 8, 7, 8, 8, 0, 0, 0, 0, 0, 8, 0, 10, 0, 0, 6, 0, 9, 0, 8, 0, 0, 0, 7, 0, 6, 10, 8, 8, 0, 9, 9, 0, 7, 9, 0, 0, 7, 6, 6, 0, 0, 0, 6, 0, 0, 7, 0, 8, 9, 0, 0, 0, 9, 0, 9, 0, 7, 8, 8, 0, 0, 0, 0, 8, 8, 8, 8, 0, 0, 0, 8, 0, 0, : 9, 7, 9, 5, 6, 7, 8, 7, 8, 8, 8, 10, 6, 9, 8, 7, 6, 10, 8, 8, 9, 9, 7, 9, 7, 6, 6, 6, 7, 8, 9, 9, 9, 7, 8, 8, 8, 8, 8, 8, 8, 
41: 0, 0, 0, 0, 0, 9, 9, 7, 0, 7, 10, 7, 8, 8, 0, 8, 9, 0, 10, 6, 0, 11, 0, 9, 7, 6, 0, 8, 0, 0, 0, 7, 0, 6, 0, 0, 0, 4, 0, 7, 0, 0, 0, 0, 11, 0, 0, 0, 6, 8, 0, 9, 9, 0, 0, 0, 0, 8, 8, 9, 0, 0, 9, 0, 0, 0, 0, 0, 0, 8, 6, 0, 8, 9, 7, 6, 0, 8, 7, 7, : 9, 9, 7, 7, 10, 7, 8, 8, 8, 9, 10, 6, 11, 9, 7, 6, 8, 7, 6, 4, 7, 11, 6, 8, 9, 9, 8, 8, 9, 9, 8, 6, 8, 9, 7, 6, 8, 7, 7, 
71: 5, 6, 0, 0, 0, 6, 9, 0, 7, 0, 0, 0, 0, 6, 8, 8, 9, 0, 0, 6, 0, 9, 0, 8, 5, 0, 9, 10, 0, 6, 8, 0, 0, 0, 0, 7, 8, 7, 0, 0, 0, 0, 0, 0, 10, 0, 0, 7, 0, 8, 7, 0, 6, 0, 7, 7, 0, 0, 0, 0, 0, 8, 6, 0, 0, 6, 8, 8, 8, 0, 7, 6, 0, 8, 7, 8, 0, 0, 0, 0, : 5, 6, 6, 9, 7, 6, 8, 8, 9, 6, 9, 8, 5, 9, 10, 6, 8, 7, 8, 7, 10, 7, 8, 7, 6, 7, 7, 8, 6, 6, 8, 8, 8, 7, 6, 8, 7, 8, 
173: 7, 8, 6, 6, 7, 4, 9, 8, 10, 0, 0, 5, 5, 8, 0, 7, 0, 10, 0, 0, 0, 0, 7, 0, 0, 0, 9, 0, 8, 0, 7, 8, 0, 8, 8, 9, 0, 8, 0, 8, 7, 6, 0, 10, 0, 0, 0, 6, 0, 8, 9, 0, 9, 5, 0, 0, 5, 9, 10, 10, 0, 0, 0, 0, 0, 0, 8, 0, 8, 7, 8, 0, 0, 0, 0, 0, 8, 7, 7, 0, : 7, 8, 6, 6, 7, 4, 9, 8, 10, 5, 5, 8, 7, 10, 7, 9, 8, 7, 8, 8, 8, 9, 8, 8, 7, 6, 10, 6, 8, 9, 9, 5, 5, 9, 10, 10, 8, 8, 7, 8, 8, 7, 7, 
159: 0, 0, 8, 5, 6, 7, 0, 0, 9, 9, 0, 9, 9, 9, 8, 8, 0, 6, 5, 5, 6, 0, 7, 5, 0, 8, 6, 0, 0, 8, 6, 0, 8, 6, 0, 0, 8, 8, 0, 0, 0, 0, 6, 0, 0, 0, 10, 0, 7, 0, 7, 5, 0, 10, 9, 0, 0, 0, 0, 10, 0, 0, 0, 9, 0, 8, 0, 0, 8, 0, 7, 0, 7, 0, 0, 8, 7, 0, 0, 8, : 8, 5, 6, 7, 9, 9, 9, 9, 9, 8, 8, 6, 5, 5, 6, 7, 5, 8, 6, 8, 6, 8, 6, 8, 8, 6, 10, 7, 7, 5, 10, 9, 10, 9, 8, 8, 7, 7, 8, 7, 8, 
167: 6, 0, 8, 0, 8, 0, 0, 0, 0, 7, 8, 9, 0, 0, 8, 0, 4, 7, 0, 10, 0, 9, 5, 5, 9, 6, 6, 9, 8, 8, 0, 0, 0, 6, 8, 0, 7, 0, 0, 0, 0, 0, 8, 0, 6, 0, 0, 6, 0, 7, 9, 9, 0, 0, 6, 0, 0, 0, 0, 9, 0, 9, 0, 0, 8, 8, 0, 0, 8, 7, 7, 8, 8, 8, 0, 0, 0, 0, 8, 0, : 6, 8, 8, 7, 8, 9, 8, 4, 7, 10, 9, 5, 5, 9, 6, 6, 9, 8, 8, 6, 8, 7, 8, 6, 6, 7, 9, 9, 6, 9, 9, 8, 8, 8, 7, 7, 8, 8, 8, 8, 
66: 0, 6, 6, 0, 8, 0, 4, 6, 7, 7, 7, 8, 0, 6, 8, 0, 0, 0, 8, 0, 8, 0, 0, 0, 0, 9, 0, 5, 7, 7, 0, 0, 0, 6, 7, 8, 0, 0, 9, 0, 6, 7, 9, 7, 6, 0, 7, 0, 0, 6, 7, 9, 0, 0, 0, 0, 0, 0, 0, 0, 0, 8, 9, 0, 6, 0, 0, 0, 8, 0, 0, 8, 7, 7, 0, 0, 0, 6, 0, 8, : 6, 6, 8, 4, 6, 7, 7, 7, 8, 6, 8, 8, 8, 9, 5, 7, 7, 6, 7, 8, 9, 6, 7, 9, 7, 6, 7, 6, 7, 9, 8, 9, 6, 8, 8, 7, 7, 6, 8, 
86: 0, 0, 0, 9, 9, 9, 0, 0, 9, 5, 7, 10, 0, 7, 7, 9, 7, 0, 0, 9, 0, 0, 8, 0, 0, 0, 5, 0, 0, 7, 0, 5, 5, 10, 9, 8, 0, 0, 0, 8, 0, 0, 0, 7, 0, 0, 9, 8, 6, 0, 8, 0, 6, 10, 8, 6, 8, 7, 0, 5, 0, 8, 0, 6, 0, 9, 0, 8, 6, 6, 0, 0, 0, 0, 8, 0, 0, 0, 0, 8, : 9, 9, 9, 9, 5, 7, 10, 7, 7, 9, 7, 9, 8, 5, 7, 5, 5, 10, 9, 8, 8, 7, 9, 8, 6, 8, 6, 10, 8, 6, 8, 7, 5, 8, 6, 9, 8, 6, 6, 8, 8, 
95: 7, 0, 0, 0, 9, 0, 7, 8, 8, 9, 0, 7, 5, 8, 0, 8, 7, 5, 7, 9, 9, 7, 0, 0, 0, 0, 8, 0, 6, 0, 0, 0, 10, 0, 8, 9, 7, 7, 0, 0, 6, 6, 0, 0, 0, 0, 0, 0, 0, 0, 8, 8, 6, 0, 0, 0, 8, 0, 0, 0, 0, 6, 0, 9, 0, 0, 0, 0, 0, 0, 8, 0, 8, 0, 0, 6, 0, 0, 8, 0, : 7, 9, 7, 8, 8, 9, 7, 5, 8, 8, 7, 5, 7, 9, 9, 7, 8, 6, 10, 8, 9, 7, 7, 6, 6, 8, 8, 6, 8, 6, 9, 8, 8, 6, 8, 
124: 8, 8, 0, 0, 0, 9, 0, 0, 7, 0, 0, 0, 8, 8, 0, 7, 0, 0, 0, 10, 0, 0, 0, 0, 0, 11, 5, 0, 10, 9, 9, 0, 7, 0, 5, 0, 0, 0, 0, 0, 0, 6, 7, 0, 11, 0, 0, 0, 0, 9, 0, 6, 9, 0, 0, 8, 0, 0, 8, 0, 0, 5, 6, 0, 0, 9, 8, 8, 0, 7, 0, 0, 0, 8, 0, 8, 7, 0, 0, 0, : 8, 8, 9, 7, 8, 8, 7, 10, 11, 5, 10, 9, 9, 7, 5, 6, 7, 11, 9, 6, 9, 8, 8, 5, 6, 9, 8, 8, 7, 8, 8, 7, 
122: 0, 10, 0, 0, 7, 9, 0, 7, 0, 0, 8, 0, 6, 0, 5, 7, 8, 0, 9, 10, 7, 0, 0, 8, 8, 6, 10, 7, 0, 9, 0, 10, 0, 8, 0, 0, 0, 0, 7, 9, 9, 7, 6, 6, 9, 10, 8, 7, 9, 8, 0, 7, 8, 0, 9, 7, 7, 0, 0, 7, 0, 0, 7, 0, 11, 8, 8, 7, 8, 9, 8, 7, 0, 0, 0, 0, 8, 0, 0, 8, : 10, 7, 9, 7, 8, 6, 5, 7, 8, 9, 10, 7, 8, 8, 6, 10, 7, 9, 10, 8, 7, 9, 9, 7, 6, 6, 9, 10, 8, 7, 9, 8, 7, 8, 9, 7, 7, 7, 7, 11, 8, 8, 7, 8, 9, 8, 7, 8, 8, 
109: 0, 7, 9, 7, 0, 9, 0, 7, 7, 0, 0, 11, 7, 7, 6, 0, 7, 0, 0, 0, 8, 5, 0, 9, 6, 0, 0, 8, 7, 0, 7, 8, 0, 0, 0, 7, 0, 0, 0, 6, 0, 0, 0, 0, 9, 0, 0, 0, 8, 7, 9, 8, 0, 9, 0, 0, 6, 0, 8, 0, 0, 0, 9, 7, 8, 0, 0, 0, 0, 0, 7, 9, 8, 0, 6, 7, 0, 0, 0, 8, : 7, 9, 7, 9, 7, 7, 11, 7, 7, 6, 7, 8, 5, 9, 6, 8, 7, 7, 8, 7, 6, 9, 8, 7, 9, 8, 9, 6, 8, 9, 7, 8, 7, 9, 8, 6, 7, 8, 
200: 8, 0, 6, 8, 0, 7, 9, 7, 0, 7, 7, 0, 7, 0, 0, 0, 10, 7, 0, 0, 7, 9, 7, 9, 9, 10, 0, 0, 6, 9, 0, 0, 5, 0, 7, 0, 0, 6, 8, 0, 0, 0, 10, 9, 6, 8, 8, 6, 0, 0, 0, 0, 8, 8, 6, 8, 6, 7, 7, 8, 0, 7, 0, 9, 0, 0, 8, 8, 9, 6, 8, 0, 0, 6, 8, 8, 8, 8, 8, 0, : 8, 6, 8, 7, 9, 7, 7, 7, 7, 10, 7, 7, 9, 7, 9, 9, 10, 6, 9, 5, 7, 6, 8, 10, 9, 6, 8, 8, 6, 8, 8, 6, 8, 6, 7, 7, 8, 7, 9, 8, 8, 9, 6, 8, 6, 8, 8, 8, 8, 8, 
183: 0, 8, 7, 8, 9, 7, 0, 0, 7, 7, 8, 0, 8, 0, 0, 6, 0, 0, 7, 0, 8, 7, 0, 0, 0, 0, 8, 0, 9, 0, 0, 10, 0, 0, 0, 0, 0, 8, 0, 6, 0, 9, 6, 7, 0, 8, 0, 0, 7, 0, 0, 7, 0, 7, 6, 5, 0, 0, 4, 8, 8, 0, 0, 5, 9, 0, 6, 0, 8, 7, 0, 7, 0, 8, 0, 9, 0, 7, 8, 7, : 8, 7, 8, 9, 7, 7, 7, 8, 8, 6, 7, 8, 7, 8, 9, 10, 8, 6, 9, 6, 7, 8, 7, 7, 7, 6, 5, 4, 8, 8, 5, 9, 6, 8, 7, 7, 8, 9, 7, 8, 7, 
52: 0, 0, 0, 0, 7, 7, 0, 0, 0, 0, 8, 0, 9, 9, 7, 9, 9, 6, 0, 0, 0, 0, 0, 10, 7, 0, 7, 10, 9, 0, 0, 0, 0, 0, 9, 6, 7, 8, 0, 0, 5, 8, 6, 9, 0, 0, 7, 0, 6, 7, 9, 0, 6, 9, 0, 0, 8, 8, 0, 0, 10, 6, 0, 0, 8, 0, 8, 0, 0, 8, 8, 0, 8, 6, 7, 0, 7, 7, 0, 0, : 7, 7, 8, 9, 9, 7, 9, 9, 6, 10, 7, 7, 10, 9, 9, 6, 7, 8, 5, 8, 6, 9, 7, 6, 7, 9, 6, 9, 8, 8, 10, 6, 8, 8, 8, 8, 8, 6, 7, 7, 7, 
197: 0, 8, 5, 5, 0, 0, 7, 7, 7, 0, 0, 0, 8, 0, 0, 0, 0, 0, 0, 6, 11, 6, 8, 0, 0, 10, 8, 0, 0, 9, 7, 7, 8, 0, 0, 0, 0, 0, 8, 0, 6, 0, 0, 0, 8, 6, 0, 7, 0, 0, 9, 0, 0, 0, 0, 0, 0, 8, 0, 0, 7, 7, 0, 7, 0, 7, 8, 6, 7, 6, 0, 8, 0, 0, 0, 7, 0, 0, 9, 8, : 8, 5, 5, 7, 7, 7, 8, 6, 11, 6, 8, 10, 8, 9, 7, 7, 8, 8, 6, 8, 6, 7, 9, 8, 7, 7, 7, 7, 8, 6, 7, 6, 8, 7, 9, 8, 
198: 8, 0, 8, 0, 0, 0, 10, 9, 0, 10, 0, 0, 0, 0, 9, 4, 0, 0, 0, 7, 9, 0, 0, 6, 8, 7, 0, 5, 9, 0, 0, 0, 7, 8, 7, 8, 6, 8, 8, 8, 6, 0, 0, 9, 0, 11, 0, 10, 0, 0, 8, 0, 7, 0, 5, 6, 8, 6, 0, 8, 6, 0, 7, 8, 0, 0, 8, 8, 7, 8, 0, 7, 0, 0, 0, 0, 8, 6, 8, 8, : 8, 8, 10, 9, 10, 9, 4, 7, 9, 6, 8, 7, 5, 9, 7, 8, 7, 8, 6, 8, 8, 8, 6, 9, 11, 10, 8, 7, 5, 6, 8, 6, 8, 6, 7, 8, 8, 8, 7, 8, 7, 8, 6, 8, 8, 
3: 0, 0, 0, 0, 0, 0, 7, 0, 7, 7, 0, 0, 9, 6, 6, 8, 0, 8, 9, 0, 0, 0, 6, 0, 8, 0, 0, 6, 0, 0, 9, 7, 0, 7, 0, 7, 0, 0, 8, 7, 8, 0, 8, 6, 0, 7, 6, 7, 10, 5, 0, 8, 10, 7, 7, 6, 6, 7, 7, 7, 6, 7, 0, 0, 7, 0, 0, 0, 6, 0, 0, 0, 0, 0, 0, 0, 0, 0, 0, 0, : 7, 7, 7, 9, 6, 6, 8, 8, 9, 6, 8, 6, 9, 7, 7, 7, 8, 7, 8, 8, 6, 7, 6, 7, 10, 5, 8, 10, 7, 7, 6, 6, 7, 7, 7, 6, 7, 7, 6, 
7: 9, 9, 6, 6, 0, 0, 7, 7, 0, 0, 9, 7, 10, 6, 8, 0, 6, 6, 9, 6, 0, 6, 9, 7, 10, 0, 0, 7, 0, 0, 6, 7, 0, 5, 0, 0, 0, 0, 7, 0, 0, 6, 6, 8, 8, 9, 0, 0, 0, 8, 6, 6, 0, 0, 0, 9, 8, 9, 9, 0, 10, 11, 7, 7, 0, 8, 0, 6, 0, 0, 0, 0, 8, 0, 6, 0, 6, 8, 0, 0, : 9, 9, 6, 6, 7, 7, 9, 7, 10, 6, 8, 6, 6, 9, 6, 6, 9, 7, 10, 7, 6, 7, 5, 7, 6, 6, 8, 8, 9, 8, 6, 6, 9, 8, 9, 9, 10, 11, 7, 7, 8, 6, 8, 6, 6, 8, 
113: 7, 0, 8, 8, 9, 8, 0, 0, 0, 0, 0, 8, 5, 6, 6, 9, 0, 0, 8, 10, 0, 9, 6, 7, 6, 0, 9, 0, 8, 6, 0, 0, 9, 9, 9, 7, 4, 0, 0, 8, 0, 0, 9, 0, 0, 7, 9, 7, 6, 9, 8, 9, 7, 8, 0, 6, 0, 8, 0, 5, 7, 0, 7, 0, 7, 0, 9, 7, 8, 0, 6, 8, 6, 0, 0, 0, 6, 7, 8, 0, : 7, 8, 8, 9, 8, 8, 5, 6, 6, 9, 8, 10, 9, 6, 7, 6, 9, 8, 6, 9, 9, 9, 7, 4, 8, 9, 7, 9, 7, 6, 9, 8, 9, 7, 8, 6, 8, 5, 7, 7, 7, 9, 7, 8, 6, 8, 6, 6, 7, 8, 
21: 8, 8, 0, 0, 0, 7, 0, 7, 7, 9, 7, 0, 0, 9, 11, 0, 8, 0, 0, 0, 0, 0, 0, 0, 0, 9, 7, 9, 0, 0, 0, 0, 0, 0, 0, 0, 9, 9, 7, 0, 8, 0, 9, 0, 5, 0, 10, 7, 0, 8, 7, 0, 0, 9, 10, 9, 0, 7, 9, 7, 6, 10, 0, 8, 0, 0, 8, 8, 0, 0, 0, 8, 8, 7, 8, 6, 8, 9, 6, 9, : 8, 8, 7, 7, 7, 9, 7, 9, 11, 8, 9, 7, 9, 9, 9, 7, 8, 9, 5, 10, 7, 8, 7, 9, 10, 9, 7, 9, 7, 6, 10, 8, 8, 8, 8, 8, 7, 8, 6, 8, 9, 6, 9, 
120: 0, 0, 0, 10, 6, 0, 0, 0, 0, 8, 0, 0, 0, 8, 0, 0, 0, 0, 4, 0, 0, 7, 0, 0, 0, 7, 10, 0, 0, 7, 6, 7, 0, 0, 8, 9, 8, 6, 4, 7, 8, 0, 0, 0, 0, 8, 6, 0, 6, 0, 0, 7, 8, 6, 6, 10, 0, 0, 7, 0, 8, 7, 0, 0, 8, 8, 6, 0, 0, 8, 6, 8, 6, 0, 8, 0, 0, 0, 8, 7, : 10, 6, 8, 8, 4, 7, 7, 10, 7, 6, 7, 8, 9, 8, 6, 4, 7, 8, 8, 6, 6, 7, 8, 6, 6, 10, 7, 8, 7, 8, 8, 6, 8, 6, 8, 6, 8, 8, 7, 
8: 0, 0, 0, 7, 8, 7, 7, 0, 8, 0, 0, 7, 0, 5, 0, 0, 0, 7, 6, 0, 4, 7, 9, 6, 5, 5, 0, 7, 0, 0, 7, 0, 7, 8, 9, 0, 8, 0, 0, 9, 0, 8, 9, 0, 9, 0, 0, 0, 8, 0, 7, 7, 0, 5, 8, 7, 0, 6, 0, 5, 8, 8, 6, 0, 7, 0, 8, 7, 8, 8, 0, 0, 0, 8, 8, 8, 8, 0, 6, 8, : 7, 8, 7, 7, 8, 7, 5, 7, 6, 4, 7, 9, 6, 5, 5, 7, 7, 7, 8, 9, 8, 9, 8, 9, 9, 8, 7, 7, 5, 8, 7, 6, 5, 8, 8, 6, 7, 8, 7, 8, 8, 8, 8, 8, 8, 6, 8, 
171: 7, 0, 0, 0, 9, 0, 8, 0, 0, 7, 0, 0, 6, 0, 9, 0, 7, 0, 0, 8, 7, 0, 8, 8, 0, 6, 0, 8, 8, 0, 8, 6, 7, 0, 8, 8, 8, 7, 6, 0, 0, 8, 0, 6, 0, 7, 0, 10, 8, 8, 0, 8, 9, 9, 7, 8, 0, 8, 5, 0, 0, 0, 0, 0, 9, 7, 0, 0, 8, 8, 0, 8, 0, 0, 0, 0, 8, 8, 0, 0, : 7, 9, 8, 7, 6, 9, 7, 8, 7, 8, 8, 6, 8, 8, 8, 6, 7, 8, 8, 8, 7, 6, 8, 6, 7, 10, 8, 8, 8, 9, 9, 7, 8, 8, 5, 9, 7, 8, 8, 8, 8, 8, 
64: 7, 9, 8, 7, 7, 0, 7, 4, 0, 0, 7, 0, 7, 8, 0, 0, 8, 0, 6, 0, 0, 0, 0, 0, 0, 7, 8, 7, 6, 9, 10, 9, 9, 0, 6, 7, 10, 0, 7, 0, 0, 7, 0, 0, 0, 8, 5, 0, 0, 6, 0, 0, 0, 0, 0, 8, 0, 8, 5, 8, 0, 0, 6, 0, 7, 0, 7, 8, 0, 0, 8, 0, 8, 0, 0, 7, 0, 0, 7, 0, : 7, 9, 8, 7, 7, 7, 4, 7, 7, 8, 8, 6, 7, 8, 7, 6, 9, 10, 9, 9, 6, 7, 10, 7, 7, 8, 5, 6, 8, 8, 5, 8, 6, 7, 7, 8, 8, 8, 7, 7, 
61: 7, 8, 0, 7, 0, 0, 7, 10, 0, 0, 7, 6, 0, 0, 0, 0, 10, 4, 0, 0, 5, 9, 0, 8, 10, 10, 0, 0, 0, 6, 8, 0, 10, 6, 0, 7, 8, 0, 7, 8, 9, 8, 0, 0, 0, 6, 11, 6, 7, 0, 0, 6, 0, 0, 8, 6, 0, 0, 10, 0, 0, 0, 9, 0, 0, 9, 0, 8, 8, 8, 0, 0, 8, 8, 8, 8, 8, 0, 0, 6, : 7, 8, 7, 7, 10, 7, 6, 10, 4, 5, 9, 8, 10, 10, 6, 8, 10, 6, 7, 8, 7, 8, 9, 8, 6, 11, 6, 7, 6, 8, 6, 10, 9, 9, 8, 8, 8, 8, 8, 8, 8, 8, 6, 
102: 0, 6, 0, 9, 8, 10, 0, 6, 5, 8, 0, 0, 0, 0, 0, 0, 0, 7, 0, 7, 9, 10, 5, 7, 0, 0, 0, 0, 0, 0, 8, 8, 8, 0, 0, 0, 8, 0, 8, 0, 0, 0, 0, 8, 0, 11, 6, 0, 7, 9, 0, 0, 9, 0, 0, 0, 6, 7, 9, 7, 9, 6, 0, 9, 0, 7, 6, 8, 0, 0, 8, 0, 7, 0, 7, 0, 0, 8, 0, 0, : 6, 9, 8, 10, 6, 5, 8, 7, 7, 9, 10, 5, 7, 8, 8, 8, 8, 8, 8, 11, 6, 7, 9, 9, 6, 7, 9, 7, 9, 6, 9, 7, 6, 8, 8, 7, 7, 8, 
18: 9, 8, 0, 0, 0, 0, 6, 0, 7, 6, 0, 0, 0, 0, 0, 0, 0, 0, 6, 7, 0, 5, 0, 0, 9, 0, 0, 7, 6, 9, 6, 0, 5, 7, 0, 0, 0, 9, 0, 0, 9, 9, 0, 8, 0, 6, 6, 7, 7, 0, 0, 10, 0, 7, 0, 0, 9, 5, 9, 0, 5, 0, 0, 0, 0, 8, 0, 0, 0, 0, 8, 8, 0, 0, 7, 0, 0, 0, 6, 8, : 9, 8, 6, 7, 6, 6, 7, 5, 9, 7, 6, 9, 6, 5, 7, 9, 9, 9, 8, 6, 6, 7, 7, 10, 7, 9, 5, 9, 5, 8, 8, 8, 7, 6, 8, 
199: 10, 0, 0, 0, 0, 0, 0, 8, 6, 0, 7, 0, 11, 0, 7, 9, 0, 9, 7, 7, 9, 0, 7, 0, 0, 0, 7, 6, 0, 7, 0, 0, 0, 0, 0, 8, 0, 0, 0, 7, 7, 0, 0, 5, 7, 0, 7, 9, 6, 0, 0, 6, 0, 8, 0, 0, 6, 0, 0, 0, 7, 0, 11, 8, 0, 0, 7, 0, 0, 0, 8, 0, 9, 7, 8, 7, 8, 8, 8, 6, : 10, 8, 6, 7, 11, 7, 9, 9, 7, 7, 9, 7, 7, 6, 7, 8, 7, 7, 5, 7, 7, 9, 6, 6, 8, 6, 7, 11, 8, 7, 8, 9, 7, 8, 7, 8, 8, 8, 6, 
50: 0, 6, 9, 0, 6, 7, 0, 9, 0, 0, 0, 6, 0, 11, 8, 0, 6, 7, 0, 0, 0, 0, 11, 0, 0, 0, 9, 0, 5, 8, 8, 0, 6, 0, 0, 9, 7, 9, 8, 0, 8, 0, 9, 0, 0, 0, 0, 6, 8, 0, 7, 0, 0, 7, 0, 9, 8, 0, 0, 0, 8, 0, 7, 7, 0, 6, 7, 8, 0, 0, 8, 0, 7, 0, 8, 8, 0, 0, 8, 0, : 6, 9, 6, 7, 9, 6, 11, 8, 6, 7, 11, 9, 5, 8, 8, 6, 9, 7, 9, 8, 8, 9, 6, 8, 7, 7, 9, 8, 8, 7, 7, 6, 7, 8, 8, 7, 8, 8, 8, 
186: 0, 5, 9, 7, 0, 0, 8, 0, 7, 7, 7, 8, 7, 0, 0, 8, 7, 8, 7, 0, 5, 7, 10, 7, 9, 0, 0, 0, 7, 0, 6, 8, 7, 9, 0, 5, 7, 7, 8, 0, 7, 9, 6, 0, 0, 5, 0, 0, 0, 0, 8, 0, 6, 7, 0, 0, 0, 9, 8, 0, 0, 0, 8, 9, 0, 0, 0, 8, 6, 0, 0, 7, 0, 7, 0, 0, 0, 8, 0, 0, : 5, 9, 7, 8, 7, 7, 7, 8, 7, 8, 7, 8, 7, 5, 7, 10, 7, 9, 7, 6, 8, 7, 9, 5, 7, 7, 8, 7, 9, 6, 5, 8, 6, 7, 9, 8, 8, 9, 8, 6, 7, 7, 8, 
123: 0, 0, 0, 8, 7, 0, 0, 0, 0, 0, 7, 8, 0, 0, 6, 0, 0, 9, 6, 0, 0, 0, 9, 0, 0, 0, 0, 8, 8, 8, 9, 0, 0, 0, 0, 6, 0, 0, 0, 0, 0, 7, 6, 6, 5, 0, 6, 9, 0, 0, 6, 0, 0, 8, 9, 0, 10, 0, 7, 8, 5, 5, 9, 0, 7, 0, 0, 0, 7, 8, 0, 0, 0, 8, 9, 8, 7, 8, 0, 8, : 8, 7, 7, 8, 6, 9, 6, 9, 8, 8, 8, 9, 6, 7, 6, 6, 5, 6, 9, 6, 8, 9, 10, 7, 8, 5, 5, 9, 7, 7, 8, 8, 9, 8, 7, 8, 8, 
146: 0, 0, 10, 9, 0, 0, 0, 0, 0, 0, 0, 6, 0, 0, 0, 7, 0, 10, 0, 6, 7, 8, 8, 0, 7, 5, 5, 0, 0, 6, 9, 0, 0, 0, 6, 8, 0, 7, 8, 8, 7, 9, 0, 0, 0, 0, 0, 0, 0, 0, 0, 0, 0, 5, 0, 0, 8, 8, 0, 7, 6, 0, 9, 5, 8, 6, 7, 0, 0, 0, 0, 0, 7, 6, 0, 8, 0, 6, 7, 0, : 10, 9, 6, 7, 10, 6, 7, 8, 8, 7, 5, 5, 6, 9, 6, 8, 7, 8, 8, 7, 9, 5, 8, 8, 7, 6, 9, 5, 8, 6, 7, 7, 6, 8, 6, 7, 
119: 0, 10, 0, 0, 7, 7, 6, 10, 0, 0, 6, 0, 0, 0, 8, 7, 0, 9, 0, 0, 9, 0, 0, 0, 0, 0, 7, 7, 0, 0, 0, 8, 0, 0, 0, 7, 0, 9, 9, 9, 0, 6, 0, 10, 8, 0, 9, 0, 0, 9, 5, 0, 7, 0, 0, 0, 6, 0, 7, 4, 9, 0, 0, 6, 6, 7, 7, 0, 0, 8, 7, 6, 0, 0, 8, 8, 8, 8, 8, 0, : 10, 7, 7, 6, 10, 6, 8, 7, 9, 9, 7, 7, 8, 7, 9, 9, 9, 6, 10, 8, 9, 9, 5, 7, 6, 7, 4, 9, 6, 6, 7, 7, 8, 7, 6, 8, 8, 8, 8, 8, 
51: 0, 0, 7, 6, 0, 0, 0, 0, 0, 7, 9, 7, 0, 8, 0, 7, 0, 0, 0, 0, 6, 0, 0, 7, 6, 0, 0, 0, 9, 0, 0, 5, 0, 0, 6, 0, 7, 6, 9, 0, 8, 10, 0, 0, 8, 6, 7, 0, 0, 0, 0, 9, 5, 0, 6, 0, 9, 9, 0, 0, 0, 0, 8, 8, 9, 0, 8, 7, 0, 0, 0, 8, 0, 8, 0, 0, 7, 8, 8, 6, : 7, 6, 7, 9, 7, 8, 7, 6, 7, 6, 9, 5, 6, 7, 6, 9, 8, 10, 8, 6, 7, 9, 5, 6, 9, 9, 8, 8, 9, 8, 7, 8, 8, 7, 8, 8, 6, 
44: 7, 0, 7, 0, 8, 0, 9, 0, 9, 0, 0, 7, 0, 7, 0, 0, 6, 9, 0, 4, 0, 0, 4, 0, 8, 0, 0, 0, 7, 0, 0, 8, 8, 6, 6, 0, 0, 0, 8, 8, 9, 0, 9, 7, 0, 0, 7, 0, 8, 0, 0, 0, 0, 0, 0, 7, 0, 0, 0, 0, 8, 9, 0, 0, 0, 0, 0, 0, 0, 0, 0, 8, 6, 7, 8, 0, 0, 0, 0, 7, : 7, 7, 8, 9, 9, 7, 7, 6, 9, 4, 4, 8, 7, 8, 8, 6, 6, 8, 8, 9, 9, 7, 7, 8, 7, 8, 9, 8, 6, 7, 8, 7, 
94: 8, 0, 0, 0, 0, 8, 0, 0, 0, 7, 7, 0, 0, 0, 0, 0, 8, 9, 10, 8, 0, 0, 8, 4, 7, 5, 0, 0, 0, 0, 0, 0, 8, 8, 0, 0, 7, 0, 0, 0, 0, 0, 7, 6, 7, 6, 0, 8, 0, 6, 6, 0, 0, 0, 0, 0, 9, 0, 0, 9, 0, 8, 5, 11, 6, 0, 0, 9, 0, 0, 0, 0, 8, 8, 0, 7, 8, 0, 0, 8, : 8, 8, 7, 7, 8, 9, 10, 8, 8, 4, 7, 5, 8, 8, 7, 7, 6, 7, 6, 8, 6, 6, 9, 9, 8, 5, 11, 6, 9, 8, 8, 7, 8, 8, 
138: 8, 6, 6, 0, 0, 7, 0, 8, 0, 0, 6, 7, 0, 0, 8, 9, 0, 7, 0, 0, 9, 9, 0, 0, 0, 0, 0, 7, 7, 5, 0, 0, 0, 9, 7, 0, 0, 0, 0, 9, 8, 8, 7, 9, 5, 0, 0, 11, 0, 8, 0, 0, 0, 6, 9, 0, 0, 0, 8, 0, 8, 0, 0, 0, 6, 8, 0, 6, 7, 8, 0, 7, 0, 0, 6, 0, 9, 0, 0, 0, : 8, 6, 6, 7, 8, 6, 7, 8, 9, 7, 9, 9, 7, 7, 5, 9, 7, 9, 8, 8, 7, 9, 5, 11, 8, 6, 9, 8, 8, 6, 8, 6, 7, 8, 7, 6, 9, 
110: 5, 7, 0, 9, 0, 0, 7, 7, 9, 8, 0, 7, 7, 0, 0, 0, 6, 0, 6, 9, 7, 0, 0, 11, 0, 7, 0, 9, 0, 0, 0, 6, 6, 10, 0, 0, 7, 0, 6, 7, 0, 0, 7, 0, 0, 6, 6, 6, 10, 0, 0, 6, 0, 0, 7, 9, 9, 6, 5, 0, 0, 6, 0, 5, 0, 5, 0, 0, 0, 7, 0, 0, 0, 0, 0, 8, 0, 7, 7, 0, : 5, 7, 9, 7, 7, 9, 8, 7, 7, 6, 6, 9, 7, 11, 7, 9, 6, 6, 10, 7, 6, 7, 7, 6, 6, 6, 10, 6, 7, 9, 9, 6, 5, 6, 5, 5, 7, 8, 7, 7, 


