
40
20
75
1

8: 0, 5, 0, 7, 9, 6, 0, 0, 7, 0, 10, 5, 0, 10, 0, 10, 11, 0, 0, 0, 0, 0, 0, 0, 9, 0, 0, 0, 0, 0, 0, 0, 0, 0, 8, 6, 0, 8, 9, 7, : 5, 7, 9, 6, 7, 10, 5, 10, 10, 11, 9, 8, 6, 8, 9, 7, 
4: 0, 7, 8, 6, 0, 0, 10, 5, 0, 11, 7, 8, 0, 6, 5, 0, 6, 5, 6, 0, 0, 6, 0, 8, 0, 0, 0, 0, 7, 0, 0, 6, 8, 0, 0, 6, 0, 6, 0, 6, : 7, 8, 6, 10, 5, 11, 7, 8, 6, 5, 6, 5, 6, 6, 8, 7, 6, 8, 6, 6, 6, 
20: 7, 0, 7, 0, 0, 0, 0, 0, 0, 0, 0, 0, 4, 4, 8, 9, 0, 11, 8, 0, 6, 0, 8, 8, 6, 7, 0, 0, 8, 6, 0, 8, 0, 8, 9, 7, 6, 0, 0, 0, : 7, 7, 4, 4, 8, 9, 11, 8, 6, 8, 8, 6, 7, 8, 6, 8, 8, 9, 7, 6, 
9: 0, 8, 0, 11, 0, 7, 0, 0, 0, 9, 5, 0, 9, 5, 7, 5, 0, 0, 0, 7, 8, 9, 0, 0, 6, 0, 0, 0, 0, 0, 0, 8, 8, 0, 8, 8, 0, 0, 8, 0, : 8, 11, 7, 9, 5, 9, 5, 7, 5, 7, 8, 9, 6, 8, 8, 8, 8, 8, 
7: 9, 9, 0, 8, 7, 0, 8, 0, 0, 7, 0, 4, 9, 8, 0, 0, 0, 6, 8, 0, 6, 8, 0, 7, 0, 8, 6, 8, 0, 9, 7, 0, 0, 8, 7, 0, 0, 0, 0, 0, : 9, 9, 8, 7, 8, 7, 4, 9, 8, 6, 8, 6, 8, 7, 8, 6, 8, 9, 7, 8, 7, 
3: 0, 0, 6, 0, 0, 9, 7, 0, 6, 9, 7, 7, 11, 6, 0, 0, 0, 7, 7, 0, 0, 6, 0, 8, 0, 8, 0, 6, 0, 0, 0, 0, 8, 7, 0, 8, 0, 8, 8, 9, : 6, 9, 7, 6, 9, 7, 7, 11, 6, 7, 7, 6, 8, 8, 6, 8, 7, 8, 8, 8, 9, 
19: 8, 0, 9, 0, 0, 0, 5, 6, 7, 0, 6, 7, 0, 0, 9, 6, 9, 0, 8, 8, 8, 0, 0, 9, 0, 9, 8, 0, 0, 7, 8, 0, 7, 7, 0, 8, 0, 0, 8, 8, : 8, 9, 5, 6, 7, 6, 7, 9, 6, 9, 8, 8, 8, 9, 9, 8, 7, 8, 7, 7, 8, 8, 8, 
6: 0, 0, 8, 6, 5, 5, 0, 0, 8, 0, 0, 10, 4, 0, 0, 7, 0, 9, 0, 0, 8, 0, 7, 7, 8, 7, 9, 0, 6, 0, 8, 8, 6, 6, 8, 0, 6, 0, 6, 8, : 8, 6, 5, 5, 8, 10, 4, 7, 9, 8, 7, 7, 8, 7, 9, 6, 8, 8, 6, 6, 8, 6, 6, 8, 
11: 0, 0, 9, 6, 0, 7, 8, 0, 8, 0, 0, 0, 5, 0, 6, 0, 0, 6, 7, 7, 0, 8, 0, 6, 8, 0, 0, 0, 0, 0, 7, 8, 9, 0, 0, 9, 0, 6, 0, 0, : 9, 6, 7, 8, 8, 5, 6, 6, 7, 7, 8, 6, 8, 7, 8, 9, 9, 6, 
1: 5, 0, 7, 0, 11, 7, 6, 0, 0, 5, 0, 0, 0, 0, 6, 0, 9, 0, 0, 0, 0, 0, 6, 8, 0, 0, 0, 8, 8, 8, 8, 7, 6, 0, 0, 0, 8, 0, 0, 0, : 5, 7, 11, 7, 6, 5, 6, 9, 6, 8, 8, 8, 8, 8, 7, 6, 8, 
5: 10, 7, 0, 7, 0, 10, 0, 6, 6, 7, 6, 0, 0, 0, 9, 0, 11, 0, 0, 0, 8, 0, 6, 0, 0, 8, 8, 9, 8, 0, 0, 0, 0, 0, 0, 0, 8, 7, 8, 8, : 10, 7, 7, 10, 6, 6, 7, 6, 9, 11, 8, 6, 8, 8, 9, 8, 8, 7, 8, 8, 
14: 9, 0, 0, 10, 0, 8, 7, 8, 10, 8, 0, 0, 8, 0, 10, 7, 0, 8, 0, 6, 0, 8, 8, 0, 7, 0, 7, 8, 0, 0, 0, 0, 0, 9, 7, 0, 0, 0, 8, 0, : 9, 10, 8, 7, 8, 10, 8, 8, 10, 7, 8, 6, 8, 8, 7, 7, 8, 9, 7, 8, 
18: 6, 0, 5, 7, 0, 0, 0, 0, 7, 7, 0, 11, 0, 0, 0, 0, 7, 0, 10, 0, 0, 7, 8, 0, 8, 6, 0, 0, 8, 8, 8, 0, 7, 8, 6, 0, 8, 8, 0, 8, : 6, 5, 7, 7, 7, 11, 7, 10, 7, 8, 8, 6, 8, 8, 8, 7, 8, 6, 8, 8, 8, 
17: 0, 9, 6, 0, 10, 0, 6, 10, 0, 5, 7, 7, 10, 0, 0, 0, 5, 10, 0, 9, 0, 0, 7, 0, 8, 0, 8, 8, 8, 0, 0, 9, 8, 8, 0, 0, 8, 0, 0, 0, : 9, 6, 10, 6, 10, 5, 7, 7, 10, 5, 10, 9, 7, 8, 8, 8, 8, 9, 8, 8, 8, 
15: 8, 9, 0, 0, 7, 0, 0, 7, 6, 0, 11, 7, 0, 9, 0, 10, 7, 0, 8, 0, 8, 7, 9, 0, 0, 0, 0, 6, 6, 7, 0, 0, 0, 0, 6, 0, 7, 8, 0, 7, : 8, 9, 7, 7, 6, 11, 7, 9, 10, 7, 8, 8, 7, 9, 6, 6, 7, 6, 7, 8, 7, 
10: 0, 0, 0, 0, 0, 0, 8, 10, 0, 0, 7, 0, 7, 0, 0, 0, 5, 6, 0, 9, 0, 8, 8, 8, 0, 0, 7, 7, 0, 0, 9, 0, 0, 0, 8, 8, 0, 0, 0, 8, : 8, 10, 7, 7, 5, 6, 9, 8, 8, 8, 7, 7, 9, 8, 8, 8, 
13: 0, 7, 0, 0, 5, 0, 0, 7, 0, 0, 0, 0, 8, 9, 9, 0, 0, 0, 8, 5, 7, 0, 0, 0, 0, 8, 6, 8, 0, 8, 6, 6, 8, 0, 0, 0, 7, 7, 7, 6, : 7, 5, 7, 8, 9, 9, 8, 5, 7, 8, 6, 8, 8, 6, 6, 8, 7, 7, 7, 6, 
12: 7, 8, 10, 0, 7, 7, 10, 6, 10, 7, 9, 9, 0, 0, 0, 6, 0, 7, 0, 8, 7, 8, 0, 0, 0, 8, 0, 7, 0, 6, 8, 8, 0, 8, 0, 8, 0, 9, 6, 0, : 7, 8, 10, 7, 7, 10, 6, 10, 7, 9, 9, 6, 7, 8, 7, 8, 8, 7, 6, 8, 8, 8, 8, 9, 6, 
2: 0, 0, 0, 7, 7, 0, 0, 0, 0, 0, 0, 0, 0, 9, 0, 5, 5, 0, 5, 8, 0, 0, 8, 0, 8, 6, 8, 0, 7, 8, 0, 7, 0, 0, 8, 0, 8, 8, 7, 0, : 7, 7, 9, 5, 5, 5, 8, 8, 8, 6, 8, 7, 8, 7, 8, 8, 8, 7, 
16: 6, 6, 0, 0, 7, 9, 0, 10, 0, 0, 0, 0, 0, 9, 6, 10, 0, 0, 0, 8, 9, 0, 0, 6, 7, 0, 8, 0, 9, 8, 6, 0, 0, 6, 0, 7, 9, 0, 0, 0, : 6, 6, 7, 9, 10, 9, 6, 10, 8, 9, 6, 7, 8, 9, 8, 6, 6, 7, 9, 


