
40
200
75
10

142: 6, 0, 0, 0, 7, 0, 0, 9, 7, 8, 0, 9, 0, 0, 8, 0, 7, 6, 0, 0, 7, 0, 9, 8, 0, 9, 0, 8, 7, 6, 7, 0, 0, 7, 8, 7, 0, 7, 0, 7, : 6, 7, 9, 7, 8, 9, 8, 7, 6, 7, 9, 8, 9, 8, 7, 6, 7, 7, 8, 7, 7, 7, 
135: 0, 0, 0, 7, 8, 11, 0, 6, 0, 0, 8, 0, 10, 0, 0, 0, 6, 0, 0, 0, 8, 7, 0, 7, 0, 8, 7, 9, 0, 0, 0, 7, 0, 8, 0, 0, 8, 0, 7, 0, : 7, 8, 11, 6, 8, 10, 6, 8, 7, 7, 8, 7, 9, 7, 8, 8, 7, 
192: 0, 9, 10, 9, 0, 0, 10, 0, 0, 0, 0, 0, 0, 0, 7, 9, 10, 0, 0, 7, 8, 0, 7, 7, 0, 0, 0, 7, 7, 9, 9, 0, 0, 0, 7, 0, 8, 9, 0, 7, : 9, 10, 9, 10, 7, 9, 10, 7, 8, 7, 7, 7, 7, 9, 9, 7, 8, 9, 7, 
24: 8, 8, 0, 0, 9, 0, 0, 6, 9, 0, 7, 0, 7, 0, 0, 7, 0, 7, 0, 0, 8, 8, 7, 0, 7, 8, 0, 7, 0, 8, 0, 8, 7, 7, 0, 0, 0, 0, 0, 0, : 8, 8, 9, 6, 9, 7, 7, 7, 7, 8, 8, 7, 7, 8, 7, 8, 8, 7, 7, 
133: 0, 0, 0, 6, 7, 8, 5, 0, 8, 5, 8, 8, 0, 0, 8, 9, 7, 8, 7, 8, 0, 0, 0, 0, 9, 7, 7, 7, 7, 7, 9, 7, 0, 7, 7, 0, 0, 6, 7, 7, : 6, 7, 8, 5, 8, 5, 8, 8, 8, 9, 7, 8, 7, 8, 9, 7, 7, 7, 7, 7, 9, 7, 7, 7, 6, 7, 7, 
131: 0, 7, 6, 7, 0, 7, 10, 7, 9, 8, 9, 0, 7, 7, 5, 0, 8, 8, 8, 9, 0, 8, 8, 0, 7, 7, 0, 7, 0, 7, 0, 7, 8, 0, 0, 0, 0, 0, 7, 0, : 7, 6, 7, 7, 10, 7, 9, 8, 9, 7, 7, 5, 8, 8, 8, 9, 8, 8, 7, 7, 7, 7, 7, 8, 7, 
51: 0, 0, 9, 7, 0, 0, 6, 0, 10, 0, 0, 0, 6, 11, 8, 8, 6, 9, 0, 8, 7, 0, 0, 0, 7, 6, 0, 9, 0, 0, 7, 6, 7, 0, 7, 9, 0, 8, 6, 0, : 9, 7, 6, 10, 6, 11, 8, 8, 6, 9, 8, 7, 7, 6, 9, 7, 6, 7, 7, 9, 8, 6, 
121: 0, 8, 5, 0, 0, 0, 6, 0, 0, 10, 0, 0, 7, 8, 0, 0, 0, 0, 0, 0, 0, 0, 0, 9, 0, 0, 0, 0, 7, 0, 0, 8, 7, 0, 0, 7, 7, 0, 7, 8, : 8, 5, 6, 10, 7, 8, 9, 7, 8, 7, 7, 7, 7, 8, 
30: 9, 0, 0, 0, 0, 0, 0, 10, 0, 9, 0, 7, 7, 7, 6, 7, 0, 0, 9, 0, 0, 0, 6, 6, 0, 7, 0, 0, 9, 0, 7, 0, 0, 8, 9, 9, 7, 9, 0, 9, : 9, 10, 9, 7, 7, 7, 6, 7, 9, 6, 6, 7, 9, 7, 8, 9, 9, 7, 9, 9, 
60: 0, 5, 7, 8, 10, 7, 0, 0, 0, 0, 6, 0, 0, 7, 0, 0, 0, 8, 0, 0, 9, 7, 8, 7, 8, 0, 7, 6, 0, 0, 0, 7, 6, 6, 8, 8, 9, 0, 8, 0, : 5, 7, 8, 10, 7, 6, 7, 8, 9, 7, 8, 7, 8, 7, 6, 7, 6, 6, 8, 8, 9, 8, 
65: 7, 0, 8, 8, 0, 5, 0, 9, 4, 8, 0, 0, 7, 0, 8, 6, 9, 0, 6, 7, 7, 6, 0, 9, 8, 0, 9, 8, 6, 0, 7, 0, 0, 0, 0, 7, 9, 0, 0, 0, : 7, 8, 8, 5, 9, 4, 8, 7, 8, 6, 9, 6, 7, 7, 6, 9, 8, 9, 8, 6, 7, 7, 9, 
150: 9, 6, 0, 0, 7, 7, 0, 0, 0, 8, 0, 7, 0, 0, 0, 0, 5, 7, 8, 0, 8, 0, 7, 0, 9, 0, 8, 0, 8, 7, 0, 0, 0, 0, 0, 8, 0, 0, 8, 0, : 9, 6, 7, 7, 8, 7, 5, 7, 8, 8, 7, 9, 8, 8, 7, 8, 8, 
18: 6, 0, 0, 0, 0, 7, 10, 0, 7, 0, 8, 5, 0, 6, 0, 10, 0, 0, 8, 8, 6, 7, 0, 7, 0, 9, 7, 0, 0, 0, 8, 0, 0, 0, 7, 0, 0, 7, 7, 7, : 6, 7, 10, 7, 8, 5, 6, 10, 8, 8, 6, 7, 7, 9, 7, 8, 7, 7, 7, 7, 
75: 0, 0, 8, 0, 0, 0, 5, 8, 9, 4, 6, 7, 0, 0, 0, 8, 0, 6, 7, 0, 0, 9, 7, 0, 0, 7, 0, 0, 0, 0, 0, 9, 7, 7, 0, 0, 0, 7, 9, 8, : 8, 5, 8, 9, 4, 6, 7, 8, 6, 7, 9, 7, 7, 9, 7, 7, 7, 9, 8, 
187: 7, 8, 0, 0, 0, 6, 8, 5, 0, 0, 8, 7, 11, 0, 0, 0, 9, 0, 8, 8, 0, 8, 0, 8, 0, 0, 0, 0, 0, 0, 8, 0, 7, 0, 0, 6, 7, 7, 0, 0, : 7, 8, 6, 8, 5, 8, 7, 11, 9, 8, 8, 8, 8, 8, 7, 6, 7, 7, 
197: 6, 0, 5, 0, 10, 0, 0, 0, 0, 0, 9, 8, 0, 9, 9, 0, 8, 0, 7, 6, 0, 0, 0, 7, 6, 0, 9, 7, 8, 7, 0, 0, 0, 7, 0, 0, 0, 7, 9, 0, : 6, 5, 10, 9, 8, 9, 9, 8, 7, 6, 7, 6, 9, 7, 8, 7, 7, 7, 9, 
81: 0, 9, 9, 9, 5, 0, 7, 0, 0, 0, 0, 7, 7, 5, 0, 0, 0, 8, 0, 0, 0, 8, 0, 0, 7, 0, 6, 0, 9, 7, 0, 9, 9, 9, 6, 0, 6, 8, 0, 7, : 9, 9, 9, 5, 7, 7, 7, 5, 8, 8, 7, 6, 9, 7, 9, 9, 9, 6, 6, 8, 7, 
153: 0, 9, 8, 0, 0, 8, 0, 0, 5, 0, 0, 0, 6, 0, 11, 5, 0, 8, 0, 0, 0, 7, 9, 0, 7, 0, 8, 0, 7, 8, 6, 0, 8, 9, 0, 0, 7, 0, 0, 6, : 9, 8, 8, 5, 6, 11, 5, 8, 7, 9, 7, 8, 7, 8, 6, 8, 9, 7, 6, 
14: 7, 6, 0, 5, 5, 9, 0, 9, 7, 7, 0, 10, 0, 8, 0, 6, 0, 0, 0, 7, 0, 0, 0, 0, 0, 7, 0, 0, 0, 0, 0, 7, 0, 0, 9, 7, 7, 0, 0, 9, : 7, 6, 5, 5, 9, 9, 7, 7, 10, 8, 6, 7, 7, 7, 9, 7, 7, 9, 
97: 10, 0, 0, 9, 7, 0, 8, 6, 0, 8, 6, 0, 0, 7, 5, 0, 0, 0, 7, 7, 7, 0, 7, 0, 0, 0, 7, 0, 0, 9, 7, 0, 9, 0, 7, 7, 0, 0, 0, 0, : 10, 9, 7, 8, 6, 8, 6, 7, 5, 7, 7, 7, 7, 7, 9, 7, 9, 7, 7, 


33: 0, 0, 0, 5, 7, 0, 7, 7, 9, 10, 7, 7, 0, 0, 9, 0, 0, 0, 0, 7, 0, 7, 0, 0, 0, 0, 0, 8, 0, 0, 9, 7, 0, 7, 0, 0, 0, 6, 7, 7, : 5, 7, 7, 7, 9, 10, 7, 7, 9, 7, 7, 8, 9, 7, 7, 6, 7, 7, 
92: 0, 0, 9, 10, 0, 8, 9, 9, 0, 8, 6, 0, 0, 0, 0, 9, 7, 0, 7, 7, 6, 8, 8, 6, 9, 7, 0, 9, 7, 7, 0, 0, 7, 8, 0, 7, 0, 0, 0, 0, : 9, 10, 8, 9, 9, 8, 6, 9, 7, 7, 7, 6, 8, 8, 6, 9, 7, 9, 7, 7, 7, 8, 7, 
22: 0, 0, 0, 0, 9, 9, 5, 0, 0, 0, 0, 7, 0, 8, 8, 6, 7, 6, 0, 7, 8, 7, 7, 8, 7, 0, 0, 9, 0, 6, 0, 6, 7, 0, 7, 7, 8, 7, 0, 0, : 9, 9, 5, 7, 8, 8, 6, 7, 6, 7, 8, 7, 7, 8, 7, 9, 6, 6, 7, 7, 7, 8, 7, 
42: 0, 7, 0, 7, 0, 0, 0, 8, 5, 7, 0, 0, 0, 11, 6, 8, 10, 8, 0, 9, 0, 0, 0, 0, 0, 0, 7, 7, 0, 0, 7, 7, 0, 7, 6, 0, 9, 7, 7, 7, : 7, 7, 8, 5, 7, 11, 6, 8, 10, 8, 9, 7, 7, 7, 7, 7, 6, 9, 7, 7, 7, 
35: 9, 9, 6, 0, 5, 9, 7, 10, 8, 0, 9, 0, 0, 0, 8, 7, 0, 0, 0, 9, 9, 8, 0, 0, 8, 6, 7, 0, 0, 0, 7, 0, 0, 7, 0, 0, 6, 8, 8, 0, : 9, 9, 6, 5, 9, 7, 10, 8, 9, 8, 7, 9, 9, 8, 8, 6, 7, 7, 7, 6, 8, 8, 
61: 10, 0, 9, 0, 0, 0, 0, 0, 0, 0, 0, 8, 7, 6, 5, 0, 0, 8, 0, 0, 8, 0, 0, 9, 7, 0, 9, 0, 0, 0, 0, 8, 0, 0, 0, 9, 0, 7, 0, 0, : 10, 9, 8, 7, 6, 5, 8, 8, 9, 7, 9, 8, 9, 7, 
4: 4, 7, 0, 6, 0, 4, 5, 7, 0, 0, 5, 7, 9, 0, 0, 0, 0, 0, 9, 7, 0, 0, 7, 7, 7, 7, 7, 0, 9, 0, 7, 7, 8, 9, 0, 6, 9, 8, 6, 9, : 4, 7, 6, 4, 5, 7, 5, 7, 9, 9, 7, 7, 7, 7, 7, 7, 9, 7, 7, 8, 9, 6, 9, 8, 6, 9, 
165: 0, 0, 0, 10, 7, 0, 9, 6, 5, 0, 0, 11, 0, 0, 5, 0, 0, 0, 0, 0, 9, 0, 0, 0, 0, 0, 0, 7, 7, 7, 9, 0, 6, 0, 0, 9, 7, 0, 0, 0, : 10, 7, 9, 6, 5, 11, 5, 9, 7, 7, 7, 9, 6, 9, 7, 
66: 0, 6, 0, 8, 6, 9, 0, 6, 0, 9, 7, 0, 7, 7, 0, 10, 0, 7, 8, 0, 7, 7, 0, 0, 0, 0, 9, 0, 8, 9, 8, 0, 8, 6, 7, 0, 0, 0, 0, 7, : 6, 8, 6, 9, 6, 9, 7, 7, 7, 10, 7, 8, 7, 7, 9, 8, 9, 8, 8, 6, 7, 7, 
125: 0, 0, 0, 6, 0, 0, 0, 0, 0, 7, 8, 0, 5, 10, 11, 0, 8, 0, 9, 0, 7, 6, 0, 7, 7, 7, 8, 0, 7, 8, 0, 0, 7, 0, 0, 0, 0, 0, 7, 0, : 6, 7, 8, 5, 10, 11, 8, 9, 7, 6, 7, 7, 7, 8, 7, 8, 7, 7, 
120: 9, 0, 0, 0, 0, 6, 0, 0, 8, 0, 7, 0, 0, 0, 0, 0, 5, 0, 7, 8, 7, 0, 7, 0, 9, 0, 7, 8, 0, 0, 0, 0, 0, 0, 0, 0, 0, 0, 0, 0, : 9, 6, 8, 7, 5, 7, 8, 7, 7, 9, 7, 8, 
172: 7, 9, 8, 0, 6, 0, 0, 0, 6, 10, 9, 8, 8, 0, 7, 0, 0, 0, 0, 7, 0, 7, 9, 0, 0, 8, 0, 0, 9, 0, 0, 0, 0, 0, 0, 0, 7, 9, 0, 0, : 7, 9, 8, 6, 6, 10, 9, 8, 8, 7, 7, 7, 9, 8, 9, 7, 9, 
129: 0, 7, 7, 7, 6, 8, 6, 0, 0, 7, 0, 0, 6, 0, 0, 8, 6, 7, 7, 0, 0, 9, 9, 7, 0, 7, 6, 0, 7, 0, 7, 0, 0, 7, 8, 7, 0, 9, 8, 8, : 7, 7, 7, 6, 8, 6, 7, 6, 8, 6, 7, 7, 9, 9, 7, 7, 6, 7, 7, 7, 8, 7, 9, 8, 8, 
132: 7, 7, 7, 0, 0, 0, 8, 9, 11, 0, 0, 0, 5, 5, 0, 0, 0, 8, 8, 0, 0, 7, 7, 0, 6, 9, 0, 7, 7, 0, 0, 0, 0, 7, 7, 7, 8, 0, 9, 0, : 7, 7, 7, 8, 9, 11, 5, 5, 8, 8, 7, 7, 6, 9, 7, 7, 7, 7, 7, 8, 9, 
7: 0, 0, 0, 6, 10, 0, 0, 0, 8, 0, 0, 0, 0, 0, 5, 5, 7, 5, 5, 0, 0, 9, 7, 7, 7, 7, 0, 7, 0, 7, 8, 8, 9, 8, 7, 8, 0, 0, 0, 7, : 6, 10, 8, 5, 5, 7, 5, 5, 9, 7, 7, 7, 7, 7, 7, 8, 8, 9, 8, 7, 8, 7, 
52: 8, 10, 8, 10, 0, 7, 0, 8, 0, 0, 0, 7, 0, 0, 11, 0, 9, 0, 0, 0, 0, 0, 0, 7, 8, 0, 0, 6, 8, 7, 0, 0, 0, 0, 9, 0, 7, 0, 0, 9, : 8, 10, 8, 10, 7, 8, 7, 11, 9, 7, 8, 6, 8, 7, 9, 7, 9, 
137: 6, 0, 0, 0, 10, 9, 10, 0, 8, 8, 6, 0, 11, 8, 0, 0, 5, 0, 0, 5, 7, 0, 6, 9, 0, 0, 8, 0, 0, 7, 6, 7, 7, 0, 9, 0, 7, 7, 0, 6, : 6, 10, 9, 10, 8, 8, 6, 11, 8, 5, 5, 7, 6, 9, 8, 7, 6, 7, 7, 9, 7, 7, 6, 
64: 7, 9, 6, 0, 0, 0, 9, 5, 0, 0, 11, 7, 0, 6, 0, 5, 0, 7, 0, 0, 7, 0, 8, 8, 0, 8, 0, 0, 6, 0, 0, 9, 7, 0, 7, 8, 7, 7, 9, 8, : 7, 9, 6, 9, 5, 11, 7, 6, 5, 7, 7, 8, 8, 8, 6, 9, 7, 7, 8, 7, 7, 9, 8, 
147: 0, 0, 9, 0, 0, 6, 0, 0, 7, 4, 0, 6, 10, 10, 0, 11, 0, 9, 8, 9, 0, 0, 0, 0, 0, 9, 7, 7, 0, 8, 7, 9, 9, 0, 8, 0, 0, 0, 7, 0, : 9, 6, 7, 4, 6, 10, 10, 11, 9, 8, 9, 9, 7, 7, 8, 7, 9, 9, 8, 7, 
79: 8, 4, 6, 0, 9, 0, 0, 0, 0, 5, 0, 7, 7, 4, 0, 6, 11, 10, 7, 0, 0, 0, 0, 0, 0, 0, 0, 0, 0, 9, 0, 7, 0, 9, 0, 7, 0, 0, 7, 7, : 8, 4, 6, 9, 5, 7, 7, 4, 6, 11, 10, 7, 9, 7, 9, 7, 7, 7, 


31: 9, 10, 0, 10, 0, 0, 0, 8, 0, 0, 0, 7, 0, 11, 10, 0, 6, 8, 0, 7, 0, 0, 7, 0, 7, 0, 9, 5, 0, 8, 0, 9, 0, 5, 0, 0, 0, 0, 0, 8, : 9, 10, 10, 8, 7, 11, 10, 6, 8, 7, 7, 7, 9, 5, 8, 9, 5, 8, 
178: 9, 0, 8, 0, 0, 7, 6, 0, 10, 6, 6, 0, 0, 0, 0, 0, 0, 4, 0, 7, 0, 8, 5, 7, 8, 7, 0, 0, 0, 0, 0, 8, 7, 8, 0, 7, 0, 7, 8, 0, : 9, 8, 7, 6, 10, 6, 6, 4, 7, 8, 5, 7, 8, 7, 8, 7, 8, 7, 7, 8, 
100: 8, 0, 0, 9, 10, 9, 5, 5, 0, 8, 11, 6, 0, 5, 0, 7, 9, 0, 8, 0, 8, 8, 0, 0, 8, 9, 0, 8, 7, 0, 7, 0, 7, 0, 7, 7, 0, 5, 0, 8, : 8, 9, 10, 9, 5, 5, 8, 11, 6, 5, 7, 9, 8, 8, 8, 8, 9, 8, 7, 7, 7, 7, 7, 5, 8, 
76: 0, 0, 5, 0, 0, 6, 0, 5, 8, 0, 0, 0, 0, 9, 0, 11, 0, 0, 0, 5, 0, 0, 0, 7, 0, 0, 9, 0, 8, 0, 8, 0, 9, 0, 9, 5, 8, 0, 8, 9, : 5, 6, 5, 8, 9, 11, 5, 7, 9, 8, 8, 9, 9, 5, 8, 8, 9, 
198: 5, 8, 10, 9, 6, 0, 7, 0, 0, 0, 8, 0, 0, 8, 7, 6, 9, 9, 0, 0, 0, 5, 0, 7, 0, 0, 7, 8, 0, 7, 0, 7, 0, 7, 8, 0, 9, 7, 7, 0, : 5, 8, 10, 9, 6, 7, 8, 8, 7, 6, 9, 9, 5, 7, 7, 8, 7, 7, 7, 8, 9, 7, 7, 
20: 0, 0, 0, 0, 10, 0, 6, 0, 0, 10, 0, 8, 8, 0, 10, 8, 0, 8, 0, 9, 8, 0, 7, 0, 7, 7, 7, 7, 5, 0, 0, 7, 8, 8, 7, 0, 7, 8, 0, 0, : 10, 6, 10, 8, 8, 10, 8, 8, 9, 8, 7, 7, 7, 7, 7, 5, 7, 8, 8, 7, 7, 8, 
159: 7, 9, 0, 0, 6, 9, 0, 8, 0, 6, 0, 0, 7, 0, 0, 0, 6, 9, 0, 0, 0, 0, 8, 7, 0, 0, 7, 0, 0, 9, 0, 0, 0, 9, 0, 0, 7, 0, 7, 5, : 7, 9, 6, 9, 8, 6, 7, 6, 9, 8, 7, 7, 9, 9, 7, 7, 5, 
96: 0, 6, 0, 9, 0, 0, 6, 0, 8, 0, 7, 6, 10, 6, 0, 0, 0, 0, 5, 9, 7, 0, 0, 9, 9, 0, 0, 9, 0, 0, 8, 8, 0, 0, 5, 0, 0, 0, 0, 0, : 6, 9, 6, 8, 7, 6, 10, 6, 5, 9, 7, 9, 9, 9, 8, 8, 5, 
85: 0, 0, 0, 0, 9, 7, 0, 0, 0, 0, 0, 0, 10, 9, 7, 7, 7, 8, 7, 8, 7, 0, 0, 8, 7, 0, 0, 0, 7, 5, 7, 8, 5, 7, 0, 9, 0, 7, 8, 0, : 9, 7, 10, 9, 7, 7, 7, 8, 7, 8, 7, 8, 7, 7, 5, 7, 8, 5, 7, 9, 7, 8, 
145: 0, 8, 7, 7, 0, 8, 0, 0, 6, 0, 5, 10, 7, 0, 6, 9, 0, 0, 8, 0, 0, 0, 8, 0, 5, 8, 0, 9, 8, 0, 0, 0, 7, 8, 0, 0, 9, 0, 5, 7, : 8, 7, 7, 8, 6, 5, 10, 7, 6, 9, 8, 8, 5, 8, 9, 8, 7, 8, 9, 5, 7, 
161: 0, 5, 9, 0, 5, 6, 9, 8, 10, 0, 9, 10, 8, 0, 0, 0, 8, 0, 7, 0, 0, 7, 9, 0, 9, 0, 8, 7, 7, 9, 7, 7, 9, 0, 9, 8, 5, 9, 9, 0, : 5, 9, 5, 6, 9, 8, 10, 9, 10, 8, 8, 7, 7, 9, 9, 8, 7, 7, 9, 7, 7, 9, 9, 8, 5, 9, 9, 
27: 10, 7, 0, 0, 0, 0, 11, 7, 8, 9, 8, 0, 9, 0, 0, 4, 4, 0, 9, 0, 8, 9, 0, 9, 0, 8, 0, 0, 9, 8, 0, 0, 8, 0, 7, 0, 0, 9, 0, 0, : 10, 7, 11, 7, 8, 9, 8, 9, 4, 4, 9, 8, 9, 9, 8, 9, 8, 8, 7, 9, 
57: 0, 9, 7, 6, 10, 7, 0, 8, 5, 5, 7, 8, 0, 4, 8, 0, 8, 6, 9, 7, 9, 7, 7, 0, 8, 9, 8, 0, 0, 8, 0, 9, 0, 9, 0, 7, 0, 0, 7, 0, : 9, 7, 6, 10, 7, 8, 5, 5, 7, 8, 4, 8, 8, 6, 9, 7, 9, 7, 7, 8, 9, 8, 8, 9, 9, 7, 7, 
179: 5, 7, 7, 0, 0, 6, 0, 0, 0, 0, 0, 7, 0, 8, 0, 0, 0, 7, 7, 0, 0, 0, 0, 8, 0, 7, 0, 0, 9, 0, 9, 7, 8, 7, 0, 7, 7, 0, 9, 9, : 5, 7, 7, 6, 7, 8, 7, 7, 8, 7, 9, 9, 7, 8, 7, 7, 7, 9, 9, 
103: 0, 0, 6, 0, 7, 10, 0, 9, 0, 8, 0, 0, 5, 0, 0, 0, 8, 0, 0, 7, 0, 8, 7, 8, 0, 5, 0, 7, 0, 0, 0, 0, 0, 0, 0, 0, 0, 8, 7, 0, : 6, 7, 10, 9, 8, 5, 8, 7, 8, 7, 8, 5, 7, 8, 7, 
126: 9, 0, 6, 0, 0, 0, 0, 0, 0, 7, 5, 5, 7, 7, 4, 7, 0, 0, 6, 0, 0, 7, 8, 0, 0, 0, 0, 8, 8, 7, 8, 0, 0, 0, 0, 9, 0, 7, 0, 7, : 9, 6, 7, 5, 5, 7, 7, 4, 7, 6, 7, 8, 8, 8, 7, 8, 9, 7, 7, 
117: 0, 0, 10, 4, 0, 0, 0, 0, 9, 8, 0, 0, 0, 8, 0, 0, 0, 0, 9, 8, 9, 0, 9, 5, 0, 0, 8, 0, 0, 0, 5, 0, 0, 0, 7, 0, 8, 8, 0, 7, : 10, 4, 9, 8, 8, 9, 8, 9, 9, 5, 8, 5, 7, 8, 8, 7, 
157: 0, 6, 0, 10, 0, 0, 8, 11, 5, 8, 0, 8, 4, 0, 8, 0, 0, 7, 0, 0, 7, 0, 0, 0, 0, 8, 7, 0, 0, 7, 0, 5, 0, 0, 0, 0, 0, 0, 0, 0, : 6, 10, 8, 11, 5, 8, 8, 4, 8, 7, 7, 8, 7, 7, 5, 
146: 6, 0, 0, 5, 7, 0, 7, 0, 6, 0, 0, 0, 0, 0, 6, 8, 10, 9, 0, 0, 5, 9, 0, 0, 0, 7, 5, 7, 0, 0, 7, 0, 7, 0, 8, 8, 7, 0, 0, 8, : 6, 5, 7, 7, 6, 6, 8, 10, 9, 5, 9, 7, 5, 7, 7, 7, 8, 8, 7, 8, 
134: 7, 0, 0, 6, 5, 0, 10, 6, 0, 0, 9, 0, 0, 0, 9, 8, 0, 0, 0, 8, 7, 7, 0, 0, 7, 0, 0, 0, 7, 7, 9, 0, 0, 7, 8, 8, 8, 0, 0, 7, : 7, 6, 5, 10, 6, 9, 9, 8, 8, 7, 7, 7, 7, 7, 9, 7, 8, 8, 8, 7, 


188: 0, 0, 0, 0, 7, 0, 9, 5, 8, 0, 0, 0, 9, 7, 0, 7, 0, 9, 0, 6, 7, 9, 0, 7, 0, 0, 0, 0, 0, 7, 7, 9, 0, 7, 0, 9, 7, 0, 8, 7, : 7, 9, 5, 8, 9, 7, 7, 9, 6, 7, 9, 7, 7, 7, 9, 7, 9, 7, 8, 7, 
98: 7, 0, 0, 0, 7, 6, 0, 0, 0, 4, 7, 0, 8, 5, 9, 10, 0, 6, 0, 0, 0, 7, 7, 0, 0, 8, 8, 7, 9, 0, 8, 6, 8, 8, 0, 0, 0, 7, 0, 0, : 7, 7, 6, 4, 7, 8, 5, 9, 10, 6, 7, 7, 8, 8, 7, 9, 8, 6, 8, 8, 7, 
195: 0, 8, 11, 8, 0, 0, 0, 0, 0, 0, 0, 5, 0, 6, 0, 7, 0, 8, 0, 6, 0, 7, 9, 0, 9, 0, 7, 0, 9, 0, 0, 8, 7, 0, 7, 0, 8, 0, 0, 0, : 8, 11, 8, 5, 6, 7, 8, 6, 7, 9, 9, 7, 9, 8, 7, 7, 8, 
16: 6, 0, 9, 0, 0, 8, 8, 0, 9, 0, 7, 9, 0, 0, 0, 0, 0, 0, 0, 9, 0, 6, 0, 7, 0, 7, 0, 8, 7, 0, 0, 8, 7, 0, 0, 7, 0, 0, 7, 0, : 6, 9, 8, 8, 9, 7, 9, 9, 6, 7, 7, 8, 7, 8, 7, 7, 7, 
11: 0, 0, 0, 0, 9, 9, 8, 7, 0, 0, 0, 0, 6, 0, 0, 8, 0, 6, 7, 0, 7, 0, 8, 7, 0, 0, 7, 0, 0, 0, 6, 0, 7, 0, 7, 0, 0, 7, 7, 0, : 9, 9, 8, 7, 6, 8, 6, 7, 7, 8, 7, 7, 6, 7, 7, 7, 7, 
122: 0, 11, 6, 0, 7, 6, 0, 10, 0, 0, 0, 0, 10, 9, 0, 0, 10, 10, 8, 8, 0, 0, 0, 7, 8, 0, 0, 9, 7, 8, 0, 7, 9, 0, 8, 0, 0, 9, 7, 8, : 11, 6, 7, 6, 10, 10, 9, 10, 10, 8, 8, 7, 8, 9, 7, 8, 7, 9, 8, 9, 7, 8, 
118: 0, 0, 0, 0, 5, 0, 0, 0, 0, 8, 0, 0, 0, 0, 5, 6, 6, 0, 9, 8, 8, 0, 0, 6, 7, 7, 0, 0, 8, 9, 7, 0, 7, 7, 0, 0, 0, 8, 0, 7, : 5, 8, 5, 6, 6, 9, 8, 8, 6, 7, 7, 8, 9, 7, 7, 7, 8, 7, 
82: 0, 7, 0, 6, 9, 5, 5, 7, 7, 8, 9, 0, 0, 9, 0, 6, 8, 0, 0, 0, 7, 0, 0, 0, 8, 7, 7, 7, 6, 0, 7, 7, 6, 0, 0, 6, 7, 0, 7, 6, : 7, 6, 9, 5, 5, 7, 7, 8, 9, 9, 6, 8, 7, 8, 7, 7, 7, 6, 7, 7, 6, 6, 7, 7, 6, 
86: 0, 0, 9, 0, 9, 0, 10, 0, 0, 10, 9, 0, 0, 7, 8, 0, 6, 0, 7, 9, 6, 0, 9, 0, 7, 8, 0, 8, 7, 0, 0, 0, 8, 9, 7, 0, 0, 6, 6, 8, : 9, 9, 10, 10, 9, 7, 8, 6, 7, 9, 6, 9, 7, 8, 8, 7, 8, 9, 7, 6, 6, 8, 
111: 9, 6, 6, 11, 0, 0, 0, 6, 0, 0, 0, 7, 8, 6, 7, 8, 0, 0, 0, 0, 0, 0, 7, 9, 0, 7, 0, 0, 0, 0, 0, 0, 0, 0, 9, 0, 0, 0, 9, 0, : 9, 6, 6, 11, 6, 7, 8, 6, 7, 8, 7, 9, 7, 9, 9, 
163: 0, 0, 8, 5, 0, 7, 0, 0, 0, 8, 10, 6, 0, 0, 7, 0, 7, 8, 8, 7, 7, 7, 0, 7, 0, 9, 6, 7, 0, 0, 8, 0, 0, 7, 0, 0, 7, 7, 9, 9, : 8, 5, 7, 8, 10, 6, 7, 7, 8, 8, 7, 7, 7, 7, 9, 6, 7, 8, 7, 7, 7, 9, 9, 
8: 8, 0, 0, 9, 0, 0, 0, 0, 8, 0, 6, 5, 5, 0, 8, 7, 7, 0, 9, 0, 0, 0, 7, 8, 0, 0, 8, 0, 7, 0, 0, 0, 0, 0, 6, 7, 0, 0, 0, 7, : 8, 9, 8, 6, 5, 5, 8, 7, 7, 9, 7, 8, 8, 7, 6, 7, 7, 
37: 6, 0, 0, 6, 0, 0, 0, 7, 7, 9, 9, 7, 0, 0, 0, 0, 8, 0, 0, 7, 0, 7, 6, 9, 7, 7, 0, 7, 8, 0, 0, 9, 0, 9, 8, 8, 9, 8, 0, 0, : 6, 6, 7, 7, 9, 9, 7, 8, 7, 7, 6, 9, 7, 7, 7, 8, 9, 9, 8, 8, 9, 8, 
128: 8, 0, 0, 0, 6, 0, 9, 0, 5, 7, 0, 0, 7, 9, 0, 0, 8, 6, 0, 0, 0, 0, 0, 0, 0, 9, 0, 0, 0, 7, 0, 0, 0, 0, 9, 8, 0, 0, 0, 0, : 8, 6, 9, 5, 7, 7, 9, 8, 6, 9, 7, 9, 8, 
87: 0, 6, 8, 7, 0, 9, 7, 7, 0, 6, 4, 0, 7, 0, 0, 0, 0, 0, 6, 7, 0, 7, 0, 0, 0, 0, 7, 0, 0, 9, 7, 7, 0, 7, 7, 7, 8, 0, 0, 7, : 6, 8, 7, 9, 7, 7, 6, 4, 7, 6, 7, 7, 7, 9, 7, 7, 7, 7, 7, 8, 7, 
99: 0, 8, 0, 10, 0, 0, 5, 9, 7, 0, 6, 8, 0, 11, 8, 0, 8, 8, 0, 8, 0, 8, 0, 0, 6, 0, 9, 6, 7, 7, 0, 0, 7, 8, 0, 0, 7, 7, 7, 9, : 8, 10, 5, 9, 7, 6, 8, 11, 8, 8, 8, 8, 8, 6, 9, 6, 7, 7, 7, 8, 7, 7, 7, 9, 
105: 9, 9, 6, 0, 7, 10, 0, 0, 8, 7, 8, 9, 0, 0, 10, 0, 7, 8, 7, 0, 7, 0, 7, 0, 7, 0, 9, 7, 0, 8, 0, 0, 9, 0, 0, 7, 0, 0, 0, 7, : 9, 9, 6, 7, 10, 8, 7, 8, 9, 10, 7, 8, 7, 7, 7, 7, 9, 7, 8, 9, 7, 7, 
40: 8, 7, 6, 7, 0, 9, 7, 0, 8, 0, 0, 0, 0, 0, 8, 8, 0, 0, 6, 0, 9, 9, 0, 0, 7, 6, 7, 0, 0, 6, 9, 0, 0, 7, 7, 9, 7, 0, 0, 0, : 8, 7, 6, 7, 9, 7, 8, 8, 8, 6, 9, 9, 7, 6, 7, 6, 9, 7, 7, 9, 7, 
91: 8, 6, 0, 6, 9, 6, 0, 8, 0, 8, 0, 11, 8, 6, 0, 0, 0, 0, 8, 0, 8, 0, 8, 8, 9, 0, 0, 0, 0, 7, 9, 7, 0, 0, 0, 7, 9, 7, 8, 0, : 8, 6, 6, 9, 6, 8, 8, 11, 8, 6, 8, 8, 8, 8, 9, 7, 9, 7, 7, 9, 7, 8, 
183: 6, 7, 6, 0, 0, 0, 7, 9, 8, 0, 0, 8, 7, 0, 5, 8, 0, 6, 0, 0, 9, 8, 7, 0, 0, 0, 0, 9, 0, 7, 7, 7, 0, 6, 0, 0, 6, 9, 0, 0, : 6, 7, 6, 7, 9, 8, 8, 7, 5, 8, 6, 9, 8, 7, 9, 7, 7, 7, 6, 6, 9, 


156: 0, 10, 7, 10, 7, 0, 9, 8, 0, 0, 9, 0, 6, 0, 0, 8, 7, 0, 0, 9, 9, 8, 0, 0, 7, 8, 0, 0, 7, 6, 9, 0, 0, 0, 0, 6, 0, 7, 7, 0, : 10, 7, 10, 7, 9, 8, 9, 6, 8, 7, 9, 9, 8, 7, 8, 7, 6, 9, 6, 7, 7, 
9: 0, 0, 4, 0, 0, 0, 0, 0, 5, 0, 0, 8, 8, 7, 0, 0, 0, 0, 0, 5, 9, 5, 9, 9, 6, 0, 0, 8, 0, 0, 0, 0, 0, 7, 0, 9, 0, 0, 0, 5, : 4, 5, 8, 8, 7, 5, 9, 5, 9, 9, 6, 8, 7, 9, 5, 
193: 7, 11, 9, 0, 0, 0, 0, 7, 5, 7, 0, 0, 0, 0, 6, 11, 0, 0, 0, 6, 8, 0, 0, 0, 0, 0, 0, 8, 0, 8, 9, 0, 9, 7, 0, 5, 9, 0, 5, 8, : 7, 11, 9, 7, 5, 7, 6, 11, 6, 8, 8, 8, 9, 9, 7, 5, 9, 5, 8, 
175: 0, 9, 8, 7, 7, 0, 6, 0, 0, 6, 0, 0, 8, 9, 0, 7, 0, 0, 0, 9, 0, 0, 0, 0, 9, 0, 0, 6, 0, 5, 9, 6, 0, 0, 7, 9, 9, 8, 9, 0, : 9, 8, 7, 7, 6, 6, 8, 9, 7, 9, 9, 6, 5, 9, 6, 7, 9, 9, 8, 9, 
155: 8, 8, 8, 8, 0, 7, 0, 0, 8, 4, 0, 0, 0, 6, 7, 5, 6, 7, 9, 0, 6, 7, 0, 6, 8, 0, 8, 0, 0, 0, 7, 0, 0, 0, 7, 9, 0, 8, 0, 0, : 8, 8, 8, 8, 7, 8, 4, 6, 7, 5, 6, 7, 9, 6, 7, 6, 8, 8, 7, 7, 9, 8, 
151: 0, 0, 7, 0, 0, 0, 7, 0, 6, 8, 0, 7, 0, 7, 0, 0, 0, 5, 8, 0, 0, 0, 9, 0, 0, 0, 0, 0, 9, 7, 0, 8, 7, 8, 6, 0, 0, 0, 9, 9, : 7, 7, 6, 8, 7, 7, 5, 8, 9, 9, 7, 8, 7, 8, 6, 9, 9, 
112: 0, 5, 0, 0, 0, 7, 0, 0, 0, 11, 0, 0, 0, 0, 0, 6, 0, 6, 7, 0, 7, 0, 9, 0, 0, 9, 8, 0, 6, 0, 7, 7, 0, 0, 0, 0, 0, 0, 6, 0, : 5, 7, 11, 6, 6, 7, 7, 9, 9, 8, 6, 7, 7, 6, 
23: 6, 0, 5, 0, 6, 11, 0, 10, 11, 0, 0, 0, 6, 0, 0, 7, 8, 0, 0, 8, 9, 0, 7, 8, 0, 8, 7, 7, 5, 0, 0, 9, 0, 7, 9, 0, 8, 6, 0, 7, : 6, 5, 6, 11, 10, 11, 6, 7, 8, 8, 9, 7, 8, 8, 7, 7, 5, 9, 7, 9, 8, 6, 7, 
174: 10, 0, 0, 0, 0, 0, 0, 5, 0, 0, 0, 6, 7, 7, 0, 11, 7, 9, 0, 0, 0, 0, 0, 7, 7, 0, 0, 7, 9, 7, 6, 0, 7, 9, 5, 0, 0, 5, 0, 7, : 10, 5, 6, 7, 7, 11, 7, 9, 7, 7, 7, 9, 7, 6, 7, 9, 5, 5, 7, 
88: 0, 6, 0, 0, 9, 7, 7, 0, 8, 0, 7, 6, 9, 0, 0, 0, 10, 6, 0, 9, 0, 7, 7, 9, 0, 9, 0, 0, 0, 9, 0, 0, 0, 6, 9, 0, 5, 0, 7, 6, : 6, 9, 7, 7, 8, 7, 6, 9, 10, 6, 9, 7, 7, 9, 9, 9, 6, 9, 5, 7, 6, 
114: 0, 0, 0, 0, 8, 8, 7, 9, 0, 0, 8, 6, 0, 8, 9, 0, 7, 0, 6, 0, 0, 0, 6, 0, 0, 7, 7, 0, 0, 0, 8, 7, 8, 9, 0, 7, 7, 0, 0, 0, : 8, 8, 7, 9, 8, 6, 8, 9, 7, 6, 6, 7, 7, 8, 7, 8, 9, 7, 7, 
73: 0, 4, 8, 5, 0, 0, 0, 7, 0, 11, 7, 8, 6, 0, 8, 0, 5, 0, 0, 0, 0, 0, 0, 0, 9, 0, 0, 0, 7, 9, 7, 8, 0, 8, 8, 7, 0, 7, 0, 0, : 4, 8, 5, 7, 11, 7, 8, 6, 8, 5, 9, 7, 9, 7, 8, 8, 8, 7, 7, 
26: 7, 0, 11, 0, 0, 0, 9, 0, 11, 5, 6, 0, 9, 0, 7, 0, 0, 0, 9, 0, 5, 9, 8, 0, 0, 6, 9, 0, 0, 0, 8, 9, 0, 5, 0, 0, 7, 7, 0, 0, : 7, 11, 9, 11, 5, 6, 9, 7, 9, 5, 9, 8, 6, 9, 8, 9, 5, 7, 7, 
143: 8, 8, 0, 8, 9, 0, 0, 8, 0, 7, 0, 6, 0, 0, 8, 8, 0, 8, 0, 6, 0, 0, 0, 9, 7, 7, 7, 0, 7, 0, 0, 7, 5, 0, 0, 0, 7, 9, 8, 0, : 8, 8, 8, 9, 8, 7, 6, 8, 8, 8, 6, 9, 7, 7, 7, 7, 7, 5, 7, 9, 8, 
83: 11, 6, 0, 7, 6, 0, 0, 0, 10, 0, 9, 0, 0, 6, 0, 0, 0, 6, 8, 7, 7, 0, 0, 7, 5, 7, 0, 7, 0, 0, 5, 0, 6, 9, 7, 8, 8, 0, 7, 0, : 11, 6, 7, 6, 10, 9, 6, 6, 8, 7, 7, 7, 5, 7, 7, 5, 6, 9, 7, 8, 8, 7, 
124: 6, 0, 0, 0, 5, 7, 8, 7, 7, 0, 0, 10, 6, 9, 10, 7, 10, 0, 0, 7, 9, 9, 8, 7, 0, 9, 9, 0, 0, 9, 0, 0, 9, 0, 0, 7, 6, 9, 0, 9, : 6, 5, 7, 8, 7, 7, 10, 6, 9, 10, 7, 10, 7, 9, 9, 8, 7, 9, 9, 9, 9, 7, 6, 9, 9, 
41: 7, 0, 0, 10, 0, 6, 6, 9, 0, 8, 5, 0, 0, 8, 5, 0, 0, 0, 10, 0, 0, 8, 5, 0, 0, 0, 9, 5, 0, 8, 0, 5, 7, 0, 8, 8, 0, 0, 8, 0, : 7, 10, 6, 6, 9, 8, 5, 8, 5, 10, 8, 5, 9, 5, 8, 5, 7, 8, 8, 8, 
191: 0, 8, 0, 6, 0, 8, 7, 0, 4, 8, 8, 9, 0, 0, 9, 5, 8, 10, 7, 0, 0, 7, 7, 8, 8, 0, 5, 9, 8, 0, 0, 0, 8, 0, 0, 0, 0, 9, 0, 7, : 8, 6, 8, 7, 4, 8, 8, 9, 9, 5, 8, 10, 7, 7, 7, 8, 8, 5, 9, 8, 8, 9, 7, 
173: 0, 0, 0, 5, 8, 8, 0, 5, 0, 0, 8, 0, 10, 0, 6, 0, 7, 10, 5, 9, 0, 9, 0, 0, 0, 0, 6, 9, 8, 7, 0, 0, 9, 0, 0, 0, 0, 0, 0, 8, : 5, 8, 8, 5, 8, 10, 6, 7, 10, 5, 9, 9, 6, 9, 8, 7, 9, 8, 
77: 5, 0, 8, 9, 10, 6, 9, 0, 0, 0, 8, 9, 0, 8, 0, 0, 0, 8, 6, 0, 6, 6, 0, 5, 9, 5, 0, 9, 9, 0, 0, 9, 0, 0, 9, 0, 9, 0, 9, 9, : 5, 8, 9, 10, 6, 9, 8, 9, 8, 8, 6, 6, 6, 5, 9, 5, 9, 9, 9, 9, 9, 9, 9, 


160: 5, 6, 0, 9, 0, 6, 0, 0, 9, 6, 8, 5, 8, 7, 0, 8, 0, 8, 6, 8, 0, 8, 7, 7, 0, 0, 8, 6, 0, 0, 0, 0, 6, 8, 0, 0, 0, 0, 6, 8, : 5, 6, 9, 6, 9, 6, 8, 5, 8, 7, 8, 8, 6, 8, 8, 7, 7, 8, 6, 6, 8, 6, 8, 
196: 0, 7, 0, 11, 0, 0, 5, 0, 0, 0, 0, 0, 0, 0, 0, 8, 0, 0, 0, 8, 0, 0, 0, 0, 0, 7, 0, 8, 0, 0, 0, 0, 7, 0, 0, 6, 0, 0, 0, 7, : 7, 11, 5, 8, 8, 7, 8, 7, 6, 7, 
71: 0, 0, 4, 0, 11, 0, 0, 7, 6, 5, 11, 0, 0, 6, 7, 0, 0, 0, 8, 7, 0, 0, 6, 8, 8, 8, 9, 0, 0, 7, 8, 0, 0, 0, 0, 8, 6, 0, 8, 0, : 4, 11, 7, 6, 5, 11, 6, 7, 8, 7, 6, 8, 8, 8, 9, 7, 8, 8, 6, 8, 
12: 0, 5, 10, 0, 0, 0, 0, 8, 8, 7, 0, 0, 0, 0, 5, 0, 9, 7, 0, 0, 7, 8, 7, 7, 8, 6, 0, 8, 7, 8, 8, 7, 0, 6, 7, 0, 0, 8, 0, 0, : 5, 10, 8, 8, 7, 5, 9, 7, 7, 8, 7, 7, 8, 6, 8, 7, 8, 8, 7, 6, 7, 8, 
181: 8, 0, 0, 0, 4, 0, 7, 0, 0, 6, 7, 0, 11, 0, 0, 0, 8, 8, 0, 0, 8, 0, 9, 8, 7, 0, 0, 8, 6, 0, 0, 0, 7, 8, 8, 7, 0, 0, 0, 6, : 8, 4, 7, 6, 7, 11, 8, 8, 8, 9, 8, 7, 8, 6, 7, 8, 8, 7, 6, 
53: 10, 6, 6, 0, 0, 0, 7, 7, 5, 9, 0, 10, 0, 8, 8, 0, 0, 8, 0, 6, 8, 7, 0, 0, 0, 0, 7, 0, 0, 0, 7, 9, 8, 9, 9, 0, 6, 8, 0, 8, : 10, 6, 6, 7, 7, 5, 9, 10, 8, 8, 8, 6, 8, 7, 7, 7, 9, 8, 9, 9, 6, 8, 8, 
56: 0, 7, 8, 5, 0, 7, 7, 4, 8, 6, 0, 0, 10, 6, 0, 8, 10, 7, 8, 7, 6, 8, 0, 8, 0, 8, 0, 0, 0, 0, 0, 6, 8, 0, 8, 0, 8, 0, 8, 7, : 7, 8, 5, 7, 7, 4, 8, 6, 10, 6, 8, 10, 7, 8, 7, 6, 8, 8, 8, 6, 8, 8, 8, 8, 7, 
84: 7, 8, 0, 4, 7, 6, 0, 11, 6, 0, 0, 0, 0, 0, 5, 0, 6, 0, 0, 0, 6, 0, 8, 0, 0, 0, 0, 0, 9, 6, 6, 8, 0, 0, 0, 0, 0, 9, 0, 6, : 7, 8, 4, 7, 6, 11, 6, 5, 6, 6, 8, 9, 6, 6, 8, 9, 6, 
139: 0, 8, 0, 6, 7, 7, 0, 0, 0, 0, 7, 10, 0, 0, 10, 6, 0, 0, 0, 0, 8, 0, 0, 0, 0, 8, 8, 0, 8, 0, 0, 0, 0, 0, 7, 0, 7, 0, 0, 0, : 8, 6, 7, 7, 7, 10, 10, 6, 8, 8, 8, 8, 7, 7, 
115: 6, 0, 0, 0, 0, 0, 0, 0, 5, 0, 6, 7, 5, 0, 5, 0, 0, 7, 6, 8, 7, 8, 0, 0, 0, 6, 0, 0, 8, 9, 8, 8, 0, 6, 0, 8, 0, 8, 7, 8, : 6, 5, 6, 7, 5, 5, 7, 6, 8, 7, 8, 6, 8, 9, 8, 8, 6, 8, 8, 7, 8, 
67: 0, 0, 8, 6, 9, 0, 9, 0, 0, 0, 10, 0, 0, 5, 0, 7, 8, 0, 9, 8, 9, 7, 0, 6, 6, 8, 8, 9, 8, 8, 8, 8, 0, 8, 0, 7, 0, 6, 8, 0, : 8, 6, 9, 9, 10, 5, 7, 8, 9, 8, 9, 7, 6, 6, 8, 8, 9, 8, 8, 8, 8, 8, 7, 6, 8, 
184: 0, 0, 5, 8, 7, 10, 5, 0, 7, 0, 0, 6, 0, 6, 0, 7, 7, 0, 0, 0, 0, 0, 6, 0, 7, 0, 6, 7, 0, 0, 0, 8, 8, 0, 8, 8, 8, 0, 0, 9, : 5, 8, 7, 10, 5, 7, 6, 6, 7, 7, 6, 7, 6, 7, 8, 8, 8, 8, 8, 9, 
107: 6, 10, 0, 0, 0, 0, 0, 0, 0, 0, 6, 0, 5, 8, 0, 5, 7, 0, 7, 0, 8, 0, 8, 0, 9, 8, 0, 7, 0, 0, 7, 0, 6, 7, 6, 0, 8, 6, 0, 8, : 6, 10, 6, 5, 8, 5, 7, 7, 8, 8, 9, 8, 7, 7, 6, 7, 6, 8, 6, 8, 
119: 7, 0, 0, 9, 7, 7, 8, 9, 0, 9, 8, 8, 7, 0, 10, 0, 8, 7, 0, 9, 0, 0, 8, 8, 0, 0, 8, 0, 7, 6, 0, 6, 0, 0, 8, 8, 0, 0, 8, 0, : 7, 9, 7, 7, 8, 9, 9, 8, 8, 7, 10, 8, 7, 9, 8, 8, 8, 7, 6, 6, 8, 8, 8, 
169: 10, 8, 9, 9, 0, 9, 0, 5, 0, 0, 0, 5, 8, 10, 9, 7, 0, 0, 8, 0, 0, 9, 8, 0, 0, 0, 0, 8, 8, 0, 0, 8, 0, 0, 8, 0, 8, 0, 6, 0, : 10, 8, 9, 9, 9, 5, 5, 8, 10, 9, 7, 8, 9, 8, 8, 8, 8, 8, 8, 6, 
158: 8, 0, 9, 0, 9, 9, 0, 0, 0, 0, 0, 11, 8, 11, 7, 0, 5, 9, 8, 8, 8, 0, 8, 6, 6, 0, 0, 8, 0, 8, 6, 0, 8, 8, 0, 0, 9, 7, 8, 8, : 8, 9, 9, 9, 11, 8, 11, 7, 5, 9, 8, 8, 8, 8, 6, 6, 8, 8, 6, 8, 8, 9, 7, 8, 8, 
54: 0, 10, 7, 0, 7, 10, 0, 10, 11, 8, 0, 5, 0, 0, 0, 0, 0, 0, 0, 6, 0, 8, 0, 0, 8, 7, 6, 0, 6, 0, 0, 0, 0, 0, 0, 0, 7, 8, 0, 0, : 10, 7, 7, 10, 10, 11, 8, 5, 6, 8, 8, 7, 6, 6, 7, 8, 
171: 8, 0, 0, 8, 7, 0, 11, 0, 0, 0, 0, 8, 0, 0, 0, 8, 7, 8, 0, 0, 0, 6, 0, 0, 8, 0, 0, 0, 0, 8, 8, 0, 0, 8, 0, 9, 8, 8, 7, 0, : 8, 8, 7, 11, 8, 8, 7, 8, 6, 8, 8, 8, 8, 9, 8, 8, 7, 
123: 0, 0, 0, 0, 0, 0, 9, 7, 10, 10, 5, 0, 5, 0, 0, 0, 0, 0, 8, 0, 0, 6, 0, 9, 0, 9, 7, 0, 0, 7, 9, 0, 8, 7, 0, 8, 0, 7, 9, 0, : 9, 7, 10, 10, 5, 5, 8, 6, 9, 9, 7, 7, 9, 8, 7, 8, 7, 9, 
199: 0, 0, 9, 0, 0, 4, 7, 7, 0, 9, 7, 0, 8, 8, 9, 11, 0, 6, 7, 0, 0, 0, 0, 8, 8, 0, 8, 6, 8, 8, 0, 7, 9, 0, 6, 6, 0, 0, 0, 0, : 9, 4, 7, 7, 9, 7, 8, 8, 9, 11, 6, 7, 8, 8, 8, 6, 8, 8, 7, 9, 6, 6, 


110: 7, 6, 0, 5, 7, 0, 5, 7, 0, 6, 0, 7, 0, 0, 8, 9, 0, 9, 8, 7, 0, 0, 0, 8, 8, 8, 0, 6, 8, 0, 0, 0, 6, 8, 8, 0, 6, 0, 6, 6, : 7, 6, 5, 7, 5, 7, 6, 7, 8, 9, 9, 8, 7, 8, 8, 8, 6, 8, 6, 8, 8, 6, 6, 6, 
21: 0, 4, 6, 0, 0, 9, 0, 6, 10, 0, 0, 7, 0, 0, 0, 0, 7, 0, 8, 0, 8, 0, 0, 6, 0, 0, 0, 8, 0, 0, 0, 0, 0, 8, 8, 8, 0, 0, 0, 7, : 4, 6, 9, 6, 10, 7, 7, 8, 8, 6, 8, 8, 8, 8, 7, 
32: 9, 0, 0, 7, 9, 6, 5, 0, 5, 0, 5, 7, 7, 7, 0, 0, 5, 6, 6, 7, 7, 0, 8, 0, 8, 7, 8, 0, 6, 8, 0, 8, 8, 8, 0, 8, 0, 8, 7, 0, : 9, 7, 9, 6, 5, 5, 5, 7, 7, 7, 5, 6, 6, 7, 7, 8, 8, 7, 8, 6, 8, 8, 8, 8, 8, 8, 7, 
59: 7, 7, 7, 8, 0, 6, 0, 0, 0, 8, 8, 0, 0, 10, 8, 0, 6, 9, 9, 0, 8, 7, 8, 0, 0, 0, 7, 8, 0, 0, 0, 8, 0, 0, 0, 8, 8, 6, 6, 0, : 7, 7, 7, 8, 6, 8, 8, 10, 8, 6, 9, 9, 8, 7, 8, 7, 8, 8, 8, 8, 6, 6, 
36: 0, 9, 0, 5, 7, 0, 0, 6, 0, 9, 8, 9, 8, 9, 0, 11, 10, 0, 0, 6, 0, 8, 6, 0, 0, 0, 0, 0, 7, 7, 8, 0, 8, 0, 6, 8, 8, 6, 0, 8, : 9, 5, 7, 6, 9, 8, 9, 8, 9, 11, 10, 6, 8, 6, 7, 7, 8, 8, 6, 8, 8, 6, 8, 
74: 0, 7, 4, 0, 0, 0, 7, 5, 0, 7, 7, 0, 0, 0, 0, 8, 0, 0, 0, 0, 8, 0, 8, 0, 8, 0, 8, 8, 8, 8, 0, 8, 0, 0, 0, 0, 8, 0, 0, 0, : 7, 4, 7, 5, 7, 7, 8, 8, 8, 8, 8, 8, 8, 8, 8, 8, 
93: 0, 10, 9, 0, 0, 0, 0, 8, 6, 0, 0, 0, 0, 7, 6, 0, 0, 0, 0, 0, 0, 8, 8, 7, 0, 8, 8, 0, 8, 0, 0, 6, 7, 6, 0, 0, 6, 8, 8, 8, : 10, 9, 8, 6, 7, 6, 8, 8, 7, 8, 8, 8, 6, 7, 6, 6, 8, 8, 8, 
6: 0, 0, 0, 8, 10, 0, 0, 9, 9, 0, 0, 7, 0, 6, 0, 0, 5, 0, 8, 0, 8, 8, 0, 6, 8, 0, 0, 0, 0, 0, 8, 8, 6, 0, 8, 0, 8, 0, 0, 8, : 8, 10, 9, 9, 7, 6, 5, 8, 8, 8, 6, 8, 8, 8, 6, 8, 8, 8, 
39: 8, 9, 0, 0, 0, 7, 0, 0, 7, 7, 8, 0, 7, 0, 0, 7, 10, 0, 0, 8, 8, 8, 0, 8, 0, 0, 0, 8, 8, 0, 8, 8, 0, 8, 0, 0, 8, 0, 8, 0, : 8, 9, 7, 7, 7, 8, 7, 7, 10, 8, 8, 8, 8, 8, 8, 8, 8, 8, 8, 8, 
106: 0, 0, 0, 0, 6, 9, 8, 8, 0, 7, 0, 0, 6, 0, 10, 6, 0, 0, 7, 0, 8, 6, 7, 8, 0, 0, 0, 0, 0, 0, 6, 0, 0, 8, 0, 0, 0, 8, 0, 8, : 6, 9, 8, 8, 7, 6, 10, 6, 7, 8, 6, 7, 8, 6, 8, 8, 8, 
140: 0, 0, 0, 0, 0, 5, 0, 0, 0, 7, 7, 0, 7, 0, 6, 0, 6, 9, 9, 0, 8, 8, 8, 8, 0, 8, 0, 6, 0, 0, 0, 0, 8, 8, 8, 6, 0, 8, 8, 0, : 5, 7, 7, 7, 6, 6, 9, 9, 8, 8, 8, 8, 8, 6, 8, 8, 8, 6, 8, 8, 
43: 0, 0, 0, 10, 10, 0, 9, 0, 6, 0, 0, 7, 7, 0, 10, 0, 0, 0, 0, 0, 0, 0, 0, 0, 8, 6, 6, 0, 0, 8, 8, 0, 8, 0, 0, 0, 0, 0, 0, 6, : 10, 10, 9, 6, 7, 7, 10, 8, 6, 6, 8, 8, 8, 6, 
168: 8, 7, 8, 0, 0, 0, 0, 0, 8, 0, 0, 10, 11, 7, 6, 6, 0, 0, 0, 6, 0, 0, 0, 0, 0, 0, 6, 0, 0, 0, 0, 7, 0, 0, 0, 0, 0, 8, 8, 0, : 8, 7, 8, 8, 10, 11, 7, 6, 6, 6, 6, 7, 8, 8, 
55: 8, 0, 0, 7, 0, 0, 9, 0, 8, 0, 0, 0, 8, 0, 0, 0, 0, 5, 0, 8, 0, 6, 6, 0, 8, 8, 8, 8, 8, 8, 0, 0, 0, 0, 0, 0, 8, 8, 0, 0, : 8, 7, 9, 8, 8, 5, 8, 6, 6, 8, 8, 8, 8, 8, 8, 8, 8, 
194: 0, 8, 7, 10, 7, 8, 7, 0, 9, 8, 8, 8, 6, 0, 0, 0, 0, 9, 5, 8, 0, 8, 0, 8, 8, 8, 8, 0, 8, 8, 6, 6, 0, 8, 8, 8, 0, 0, 8, 0, : 8, 7, 10, 7, 8, 7, 9, 8, 8, 8, 6, 9, 5, 8, 8, 8, 8, 8, 8, 8, 8, 6, 6, 8, 8, 8, 8, 
34: 8, 8, 9, 0, 0, 8, 0, 0, 0, 0, 8, 5, 0, 6, 0, 8, 9, 8, 9, 8, 6, 0, 0, 0, 6, 8, 0, 8, 0, 6, 8, 8, 8, 6, 0, 8, 0, 0, 0, 8, : 8, 8, 9, 8, 8, 5, 6, 8, 9, 8, 9, 8, 6, 6, 8, 8, 6, 8, 8, 8, 6, 8, 8, 
58: 9, 0, 9, 0, 8, 9, 7, 10, 0, 0, 7, 0, 0, 7, 6, 5, 0, 8, 0, 8, 0, 8, 8, 0, 0, 0, 8, 8, 0, 0, 8, 0, 0, 0, 8, 7, 0, 0, 8, 0, : 9, 9, 8, 9, 7, 10, 7, 7, 6, 5, 8, 8, 8, 8, 8, 8, 8, 8, 7, 8, 
166: 6, 0, 10, 0, 0, 0, 8, 0, 0, 9, 0, 0, 8, 0, 8, 0, 8, 0, 0, 0, 0, 0, 0, 8, 0, 6, 0, 7, 8, 6, 0, 8, 8, 0, 7, 8, 0, 7, 0, 8, : 6, 10, 8, 9, 8, 8, 8, 8, 6, 7, 8, 6, 8, 8, 7, 8, 7, 8, 
25: 5, 0, 0, 9, 6, 8, 0, 7, 0, 7, 9, 0, 0, 6, 0, 5, 9, 7, 0, 0, 0, 0, 0, 8, 7, 0, 0, 0, 6, 8, 7, 0, 0, 0, 6, 6, 7, 8, 0, 8, : 5, 9, 6, 8, 7, 7, 9, 6, 5, 9, 7, 8, 7, 6, 8, 7, 6, 6, 7, 8, 8, 
152: 0, 0, 6, 6, 5, 0, 10, 9, 7, 0, 0, 8, 0, 10, 7, 10, 0, 5, 6, 9, 6, 0, 8, 0, 6, 8, 8, 0, 0, 8, 8, 0, 8, 7, 8, 0, 8, 0, 8, 0, : 6, 6, 5, 10, 9, 7, 8, 10, 7, 10, 5, 6, 9, 6, 8, 6, 8, 8, 8, 8, 8, 7, 8, 8, 8, 


70: 7, 8, 0, 0, 0, 0, 0, 0, 8, 0, 10, 5, 8, 6, 0, 8, 7, 9, 0, 6, 7, 0, 0, 6, 7, 0, 6, 0, 6, 6, 0, 0, 0, 0, 9, 0, 7, 8, 9, 0, : 7, 8, 8, 10, 5, 8, 6, 8, 7, 9, 6, 7, 6, 7, 6, 6, 6, 9, 7, 8, 9, 
185: 7, 0, 0, 7, 0, 10, 7, 0, 11, 10, 0, 0, 11, 0, 7, 0, 0, 6, 0, 5, 0, 8, 9, 0, 8, 7, 0, 8, 0, 8, 0, 0, 6, 0, 0, 8, 8, 0, 0, 9, : 7, 7, 10, 7, 11, 10, 11, 7, 6, 5, 8, 9, 8, 7, 8, 8, 6, 8, 8, 9, 
127: 9, 7, 0, 10, 9, 0, 7, 0, 0, 0, 0, 0, 6, 0, 8, 7, 10, 7, 8, 8, 0, 8, 0, 9, 0, 0, 9, 0, 0, 9, 8, 0, 0, 0, 0, 8, 0, 9, 0, 9, : 9, 7, 10, 9, 7, 6, 8, 7, 10, 7, 8, 8, 8, 9, 9, 9, 8, 8, 9, 9, 
45: 7, 10, 6, 0, 6, 10, 0, 9, 0, 0, 8, 0, 0, 0, 8, 0, 0, 0, 6, 0, 8, 0, 8, 0, 0, 8, 0, 0, 0, 0, 7, 9, 0, 7, 0, 0, 7, 8, 8, 0, : 7, 10, 6, 6, 10, 9, 8, 8, 6, 8, 8, 8, 7, 9, 7, 7, 8, 8, 
10: 0, 0, 8, 9, 9, 6, 0, 6, 6, 6, 0, 0, 0, 8, 0, 0, 0, 5, 0, 7, 9, 0, 0, 7, 6, 6, 7, 0, 0, 9, 6, 8, 9, 0, 7, 9, 0, 6, 0, 8, : 8, 9, 9, 6, 6, 6, 6, 8, 5, 7, 9, 7, 6, 6, 7, 9, 6, 8, 9, 7, 9, 6, 8, 
1: 0, 0, 8, 0, 9, 0, 8, 0, 0, 0, 0, 6, 0, 7, 0, 9, 7, 0, 0, 0, 7, 6, 6, 0, 9, 7, 7, 0, 9, 0, 9, 0, 8, 0, 0, 8, 0, 0, 7, 7, : 8, 9, 8, 6, 7, 9, 7, 7, 6, 6, 9, 7, 7, 9, 9, 8, 8, 7, 7, 
176: 0, 0, 9, 0, 0, 0, 0, 0, 5, 0, 0, 10, 0, 6, 11, 0, 0, 0, 0, 9, 9, 0, 0, 0, 8, 0, 0, 7, 8, 0, 7, 7, 0, 7, 9, 6, 8, 0, 6, 0, : 9, 5, 10, 6, 11, 9, 9, 8, 7, 8, 7, 7, 7, 9, 6, 8, 6, 
108: 0, 7, 0, 0, 10, 7, 8, 6, 10, 6, 4, 0, 7, 0, 0, 9, 0, 9, 9, 0, 0, 7, 0, 8, 7, 0, 8, 6, 0, 7, 0, 0, 6, 0, 6, 0, 9, 7, 0, 7, : 7, 10, 7, 8, 6, 10, 6, 4, 7, 9, 9, 9, 7, 8, 7, 8, 6, 7, 6, 6, 9, 7, 7, 
62: 0, 7, 0, 0, 0, 0, 0, 0, 0, 0, 8, 7, 10, 7, 0, 6, 7, 0, 8, 9, 0, 0, 7, 7, 8, 9, 0, 9, 7, 0, 0, 0, 8, 8, 6, 0, 9, 0, 8, 0, : 7, 8, 7, 10, 7, 6, 7, 8, 9, 7, 7, 8, 9, 9, 7, 8, 8, 6, 9, 8, 
44: 0, 6, 9, 8, 6, 6, 0, 5, 0, 0, 5, 4, 8, 0, 7, 0, 0, 0, 8, 8, 0, 6, 0, 9, 0, 8, 0, 8, 0, 0, 0, 0, 7, 6, 0, 9, 8, 0, 0, 6, : 6, 9, 8, 6, 6, 5, 5, 4, 8, 7, 8, 8, 6, 9, 8, 8, 7, 6, 9, 8, 6, 
48: 9, 0, 6, 6, 6, 0, 7, 0, 0, 4, 0, 8, 5, 11, 0, 0, 8, 7, 0, 0, 0, 0, 9, 0, 0, 6, 0, 0, 8, 0, 6, 0, 0, 7, 7, 7, 0, 8, 9, 0, : 9, 6, 6, 6, 7, 4, 8, 5, 11, 8, 7, 9, 6, 8, 6, 7, 7, 7, 8, 9, 
49: 5, 0, 0, 6, 0, 0, 8, 8, 9, 6, 0, 10, 10, 0, 0, 0, 10, 0, 8, 0, 6, 9, 6, 6, 0, 7, 8, 8, 6, 0, 0, 6, 9, 0, 8, 6, 0, 7, 8, 6, : 5, 6, 8, 8, 9, 6, 10, 10, 10, 8, 6, 9, 6, 6, 7, 8, 8, 6, 6, 9, 8, 6, 7, 8, 6, 
200: 9, 7, 0, 7, 6, 0, 8, 10, 0, 8, 9, 0, 0, 10, 0, 9, 4, 7, 9, 0, 6, 0, 0, 0, 0, 9, 0, 7, 9, 7, 8, 6, 0, 0, 0, 7, 0, 0, 0, 0, : 9, 7, 7, 6, 8, 10, 8, 9, 10, 9, 4, 7, 9, 6, 9, 7, 9, 7, 8, 6, 7, 
38: 0, 0, 8, 6, 0, 6, 0, 9, 8, 0, 7, 6, 5, 0, 0, 4, 0, 0, 0, 8, 8, 0, 8, 0, 9, 0, 0, 0, 0, 0, 9, 0, 7, 8, 0, 0, 6, 7, 0, 8, : 8, 6, 6, 9, 8, 7, 6, 5, 4, 8, 8, 8, 9, 9, 7, 8, 6, 7, 8, 
170: 8, 7, 7, 10, 0, 0, 0, 8, 0, 7, 0, 10, 0, 0, 5, 6, 0, 0, 0, 0, 0, 7, 0, 0, 0, 0, 7, 0, 8, 0, 0, 7, 7, 9, 0, 0, 7, 0, 0, 0, : 8, 7, 7, 10, 8, 7, 10, 5, 6, 7, 7, 8, 7, 7, 9, 7, 
189: 0, 8, 0, 0, 0, 9, 8, 0, 5, 8, 6, 9, 5, 7, 8, 0, 0, 0, 7, 8, 0, 0, 0, 0, 0, 0, 0, 0, 7, 6, 7, 7, 0, 8, 0, 7, 0, 0, 7, 8, : 8, 9, 8, 5, 8, 6, 9, 5, 7, 8, 7, 8, 7, 6, 7, 7, 8, 7, 7, 8, 
116: 0, 8, 6, 0, 7, 0, 0, 0, 0, 9, 0, 0, 0, 5, 8, 0, 9, 8, 5, 0, 8, 7, 7, 8, 0, 8, 0, 7, 0, 8, 8, 8, 8, 0, 7, 0, 0, 0, 6, 7, : 8, 6, 7, 9, 5, 8, 9, 8, 5, 8, 7, 7, 8, 8, 7, 8, 8, 8, 8, 7, 6, 7, 
130: 0, 0, 0, 0, 7, 8, 9, 8, 0, 0, 0, 0, 0, 8, 6, 0, 0, 9, 0, 0, 0, 8, 7, 8, 0, 0, 8, 0, 7, 8, 0, 8, 0, 0, 8, 0, 0, 9, 7, 0, : 7, 8, 9, 8, 8, 6, 9, 8, 7, 8, 8, 7, 8, 8, 8, 9, 7, 
89: 7, 0, 0, 0, 0, 7, 0, 6, 9, 0, 8, 0, 0, 0, 7, 10, 6, 8, 0, 0, 0, 9, 0, 0, 6, 0, 6, 9, 0, 7, 0, 0, 0, 9, 0, 0, 0, 0, 0, 0, : 7, 7, 6, 9, 8, 7, 10, 6, 8, 9, 6, 6, 9, 7, 9, 
144: 7, 0, 8, 6, 0, 6, 5, 0, 4, 11, 10, 0, 0, 0, 0, 7, 7, 0, 7, 7, 7, 0, 8, 7, 7, 0, 9, 6, 0, 0, 0, 9, 0, 6, 8, 0, 6, 6, 0, 0, : 7, 8, 6, 6, 5, 4, 11, 10, 7, 7, 7, 7, 7, 8, 7, 7, 9, 6, 9, 6, 8, 6, 6, 


80: 0, 10, 0, 0, 0, 0, 8, 0, 0, 0, 0, 0, 9, 9, 10, 0, 0, 0, 0, 0, 8, 0, 0, 7, 9, 5, 9, 0, 8, 8, 0, 0, 6, 8, 0, 9, 8, 8, 9, 9, : 10, 8, 9, 9, 10, 8, 7, 9, 5, 9, 8, 8, 6, 8, 9, 8, 8, 9, 9, 
46: 9, 5, 0, 6, 10, 0, 4, 0, 8, 6, 0, 4, 8, 9, 0, 6, 6, 0, 0, 0, 8, 0, 0, 6, 8, 0, 8, 0, 6, 0, 0, 0, 0, 0, 0, 0, 6, 0, 8, 0, : 9, 5, 6, 10, 4, 8, 6, 4, 8, 9, 6, 6, 8, 6, 8, 8, 6, 6, 8, 
164: 8, 8, 5, 8, 8, 9, 0, 0, 0, 6, 0, 10, 0, 9, 0, 0, 7, 7, 0, 7, 0, 8, 8, 5, 9, 0, 5, 5, 0, 0, 0, 0, 0, 0, 0, 8, 0, 7, 9, 8, : 8, 8, 5, 8, 8, 9, 6, 10, 9, 7, 7, 7, 8, 8, 5, 9, 5, 5, 8, 7, 9, 8, 
15: 5, 0, 0, 5, 0, 0, 0, 8, 0, 0, 7, 6, 5, 7, 6, 11, 0, 6, 0, 8, 0, 8, 0, 0, 5, 0, 0, 0, 8, 8, 9, 7, 5, 8, 0, 7, 9, 0, 8, 7, : 5, 5, 8, 7, 6, 5, 7, 6, 11, 6, 8, 8, 5, 8, 8, 9, 7, 5, 8, 7, 9, 8, 7, 
141: 8, 9, 5, 9, 5, 8, 0, 0, 11, 0, 8, 4, 5, 7, 5, 9, 0, 9, 9, 9, 5, 0, 7, 0, 0, 8, 0, 0, 7, 0, 0, 0, 8, 8, 0, 0, 0, 0, 7, 8, : 8, 9, 5, 9, 5, 8, 11, 8, 4, 5, 7, 5, 9, 9, 9, 9, 5, 7, 8, 7, 8, 8, 7, 8, 
180: 0, 8, 0, 0, 0, 0, 11, 0, 0, 0, 0, 0, 0, 6, 10, 10, 10, 10, 8, 0, 0, 0, 0, 9, 0, 0, 7, 7, 8, 0, 8, 9, 0, 0, 0, 0, 0, 8, 0, 0, : 8, 11, 6, 10, 10, 10, 10, 8, 9, 7, 7, 8, 8, 9, 8, 
148: 0, 0, 0, 8, 0, 0, 0, 0, 0, 0, 9, 0, 0, 0, 0, 6, 9, 0, 0, 0, 0, 9, 8, 0, 0, 0, 0, 9, 0, 5, 6, 0, 0, 0, 8, 5, 0, 7, 0, 0, : 8, 9, 6, 9, 9, 8, 9, 5, 6, 8, 5, 7, 
182: 5, 0, 0, 9, 0, 0, 5, 6, 6, 7, 0, 0, 0, 6, 0, 0, 0, 0, 0, 5, 0, 7, 9, 0, 8, 8, 8, 8, 9, 0, 0, 8, 0, 8, 9, 0, 5, 8, 0, 6, : 5, 9, 5, 6, 6, 7, 6, 5, 7, 9, 8, 8, 8, 8, 9, 8, 8, 9, 5, 8, 6, 
13: 10, 9, 0, 0, 8, 0, 0, 7, 0, 0, 6, 11, 0, 0, 0, 0, 8, 7, 6, 0, 0, 7, 8, 7, 0, 0, 0, 8, 9, 0, 0, 0, 0, 5, 0, 7, 9, 0, 0, 0, : 10, 9, 8, 7, 6, 11, 8, 7, 6, 7, 8, 7, 8, 9, 5, 7, 9, 
72: 5, 9, 5, 0, 7, 5, 6, 0, 5, 0, 8, 0, 10, 7, 0, 6, 0, 7, 7, 0, 9, 0, 0, 0, 0, 9, 7, 0, 7, 0, 0, 0, 0, 7, 8, 0, 0, 9, 0, 0, : 5, 9, 5, 7, 5, 6, 5, 8, 10, 7, 6, 7, 7, 9, 9, 7, 7, 7, 8, 9, 
69: 9, 0, 8, 0, 0, 10, 0, 0, 4, 7, 11, 0, 0, 0, 7, 0, 0, 9, 0, 7, 6, 8, 0, 0, 6, 0, 8, 0, 0, 0, 9, 9, 0, 6, 8, 9, 0, 0, 8, 7, : 9, 8, 10, 4, 7, 11, 7, 9, 7, 6, 8, 6, 8, 9, 9, 6, 8, 9, 8, 7, 
3: 0, 5, 0, 6, 0, 7, 0, 0, 9, 8, 6, 8, 6, 0, 7, 5, 6, 0, 0, 9, 0, 0, 9, 0, 8, 8, 6, 0, 0, 8, 7, 0, 9, 9, 0, 0, 7, 0, 7, 0, : 5, 6, 7, 9, 8, 6, 8, 6, 7, 5, 6, 9, 9, 8, 8, 6, 8, 7, 9, 9, 7, 7, 
29: 0, 0, 0, 0, 7, 7, 8, 11, 0, 11, 0, 0, 10, 0, 0, 0, 6, 0, 8, 0, 7, 0, 0, 0, 0, 0, 9, 6, 0, 8, 8, 8, 7, 9, 9, 0, 0, 0, 0, 0, : 7, 7, 8, 11, 11, 10, 6, 8, 7, 9, 6, 8, 8, 8, 7, 9, 9, 
28: 0, 0, 7, 0, 8, 9, 0, 9, 0, 0, 0, 0, 0, 0, 8, 9, 0, 5, 8, 8, 0, 5, 0, 8, 7, 9, 0, 0, 0, 0, 0, 6, 0, 0, 0, 8, 8, 0, 0, 0, : 7, 8, 9, 9, 8, 9, 5, 8, 8, 5, 8, 7, 9, 6, 8, 8, 
78: 9, 7, 0, 7, 6, 5, 8, 7, 0, 8, 0, 0, 7, 7, 0, 0, 0, 7, 0, 8, 8, 0, 0, 0, 7, 6, 0, 8, 8, 0, 0, 0, 0, 0, 5, 0, 0, 9, 0, 0, : 9, 7, 7, 6, 5, 8, 7, 8, 7, 7, 7, 8, 8, 7, 6, 8, 8, 5, 9, 
154: 7, 0, 8, 0, 0, 9, 0, 7, 0, 8, 7, 7, 10, 0, 5, 8, 5, 8, 9, 0, 0, 0, 0, 8, 0, 7, 8, 7, 0, 7, 7, 7, 9, 0, 0, 8, 8, 0, 6, 0, : 7, 8, 9, 7, 8, 7, 7, 10, 5, 8, 5, 8, 9, 8, 7, 8, 7, 7, 7, 7, 9, 8, 8, 6, 
113: 0, 0, 10, 0, 6, 0, 10, 0, 9, 10, 8, 6, 0, 8, 0, 0, 7, 0, 5, 6, 8, 8, 5, 8, 0, 0, 0, 9, 0, 6, 5, 0, 8, 0, 7, 0, 8, 5, 0, 8, : 10, 6, 10, 9, 10, 8, 6, 8, 7, 5, 6, 8, 8, 5, 8, 9, 6, 5, 8, 7, 8, 5, 8, 
50: 0, 0, 9, 0, 10, 0, 9, 4, 8, 0, 0, 0, 5, 0, 10, 0, 0, 0, 8, 0, 7, 6, 7, 0, 0, 8, 0, 0, 5, 7, 8, 5, 8, 0, 8, 0, 0, 0, 0, 8, : 9, 10, 9, 4, 8, 5, 10, 8, 7, 6, 7, 8, 5, 7, 8, 5, 8, 8, 8, 
90: 0, 0, 8, 9, 0, 6, 0, 10, 8, 4, 5, 11, 0, 0, 7, 0, 11, 0, 7, 8, 0, 9, 8, 8, 0, 0, 0, 0, 0, 9, 0, 8, 7, 0, 7, 6, 7, 8, 8, 9, : 8, 9, 6, 10, 8, 4, 5, 11, 7, 11, 7, 8, 9, 8, 8, 9, 8, 7, 7, 6, 7, 8, 8, 9, 
47: 0, 5, 10, 8, 0, 0, 6, 6, 7, 0, 0, 8, 0, 0, 0, 5, 0, 0, 0, 0, 9, 0, 6, 9, 8, 7, 0, 8, 0, 9, 8, 8, 8, 7, 6, 8, 0, 6, 5, 5, : 5, 10, 8, 6, 6, 7, 8, 5, 9, 6, 9, 8, 7, 8, 9, 8, 8, 8, 7, 6, 8, 6, 5, 5, 


149: 8, 8, 6, 5, 0, 0, 0, 4, 0, 10, 8, 5, 7, 8, 0, 0, 5, 0, 7, 0, 0, 8, 5, 0, 0, 8, 9, 0, 5, 0, 0, 0, 0, 9, 8, 0, 9, 0, 0, 0, : 8, 8, 6, 5, 4, 10, 8, 5, 7, 8, 5, 7, 8, 5, 8, 9, 5, 9, 8, 9, 
102: 0, 0, 7, 9, 9, 7, 11, 8, 9, 0, 10, 7, 0, 0, 7, 0, 8, 0, 8, 7, 9, 8, 0, 8, 8, 0, 9, 0, 0, 0, 7, 0, 9, 7, 5, 0, 5, 5, 8, 0, : 7, 9, 9, 7, 11, 8, 9, 10, 7, 7, 8, 8, 7, 9, 8, 8, 8, 9, 7, 9, 7, 5, 5, 5, 8, 
17: 0, 9, 0, 0, 0, 0, 0, 6, 0, 0, 8, 5, 0, 0, 7, 6, 7, 9, 0, 0, 8, 0, 7, 0, 0, 7, 0, 7, 8, 0, 0, 9, 0, 0, 0, 9, 7, 0, 7, 0, : 9, 6, 8, 5, 7, 6, 7, 9, 8, 7, 7, 7, 8, 9, 9, 7, 7, 
94: 0, 7, 9, 0, 6, 6, 7, 0, 0, 4, 0, 10, 0, 11, 6, 0, 0, 8, 8, 5, 0, 0, 7, 0, 0, 0, 8, 0, 9, 0, 7, 0, 8, 0, 7, 0, 7, 8, 0, 0, : 7, 9, 6, 6, 7, 4, 10, 11, 6, 8, 8, 5, 7, 8, 9, 7, 8, 7, 7, 8, 
136: 0, 0, 0, 8, 0, 0, 10, 9, 0, 0, 6, 0, 10, 8, 8, 9, 0, 0, 0, 8, 0, 5, 0, 7, 0, 5, 5, 7, 8, 8, 0, 0, 5, 7, 9, 0, 9, 0, 7, 7, : 8, 10, 9, 6, 10, 8, 8, 9, 8, 5, 7, 5, 5, 7, 8, 8, 5, 7, 9, 9, 7, 7, 
5: 0, 0, 8, 0, 8, 8, 0, 0, 0, 8, 0, 0, 7, 7, 0, 0, 5, 0, 8, 0, 7, 7, 7, 0, 0, 9, 0, 8, 0, 0, 8, 7, 0, 0, 0, 0, 0, 0, 0, 9, : 8, 8, 8, 8, 7, 7, 5, 8, 7, 7, 7, 9, 8, 8, 7, 9, 
190: 0, 0, 0, 8, 7, 0, 0, 7, 0, 0, 0, 0, 0, 0, 10, 0, 8, 0, 8, 0, 0, 9, 7, 8, 9, 7, 0, 8, 0, 7, 7, 7, 0, 0, 9, 9, 0, 8, 7, 8, : 8, 7, 7, 10, 8, 8, 9, 7, 8, 9, 7, 8, 7, 7, 7, 9, 9, 8, 7, 8, 
95: 8, 0, 0, 5, 5, 8, 0, 7, 4, 5, 0, 0, 4, 5, 0, 6, 10, 9, 5, 0, 0, 0, 8, 5, 0, 0, 7, 0, 7, 7, 0, 8, 0, 7, 7, 0, 8, 9, 0, 7, : 8, 5, 5, 8, 7, 4, 5, 4, 5, 6, 10, 9, 5, 8, 5, 7, 7, 7, 8, 7, 7, 8, 9, 7, 
104: 5, 8, 8, 0, 10, 7, 7, 0, 8, 0, 0, 0, 0, 5, 0, 0, 0, 0, 7, 8, 9, 8, 0, 7, 8, 9, 8, 5, 7, 0, 9, 9, 0, 8, 0, 8, 0, 9, 0, 9, : 5, 8, 8, 10, 7, 7, 8, 5, 7, 8, 9, 8, 7, 8, 9, 8, 5, 7, 9, 9, 8, 8, 9, 9, 
138: 8, 8, 0, 7, 8, 4, 0, 0, 9, 10, 0, 9, 9, 8, 0, 0, 0, 7, 8, 8, 0, 7, 8, 0, 7, 0, 0, 9, 7, 0, 5, 0, 7, 0, 0, 7, 0, 0, 5, 0, : 8, 8, 7, 8, 4, 9, 10, 9, 9, 8, 7, 8, 8, 7, 8, 7, 9, 7, 5, 7, 7, 5, 
19: 0, 0, 0, 10, 6, 0, 0, 0, 0, 0, 11, 9, 0, 0, 0, 6, 0, 0, 8, 0, 0, 0, 0, 0, 7, 0, 8, 0, 7, 0, 8, 0, 0, 0, 0, 7, 8, 0, 0, 7, : 10, 6, 11, 9, 6, 8, 7, 8, 7, 8, 7, 8, 7, 
2: 9, 0, 10, 0, 0, 0, 0, 0, 0, 0, 0, 6, 5, 0, 5, 8, 7, 8, 0, 8, 8, 0, 0, 7, 9, 0, 0, 0, 0, 8, 8, 8, 0, 8, 0, 0, 7, 7, 9, 8, : 9, 10, 6, 5, 5, 8, 7, 8, 8, 8, 7, 9, 8, 8, 8, 8, 7, 7, 9, 8, 
162: 10, 6, 0, 0, 0, 7, 0, 0, 7, 8, 5, 0, 0, 0, 0, 9, 9, 7, 0, 0, 0, 0, 0, 9, 0, 0, 0, 0, 0, 9, 0, 0, 0, 0, 7, 8, 7, 0, 8, 0, : 10, 6, 7, 7, 8, 5, 9, 9, 7, 9, 9, 7, 8, 7, 8, 
101: 0, 0, 0, 9, 7, 11, 8, 0, 8, 9, 4, 8, 0, 0, 0, 8, 0, 7, 0, 7, 7, 7, 8, 7, 7, 7, 0, 0, 0, 0, 0, 0, 9, 7, 7, 5, 8, 7, 8, 5, : 9, 7, 11, 8, 8, 9, 4, 8, 8, 7, 7, 7, 7, 8, 7, 7, 7, 9, 7, 7, 5, 8, 7, 8, 5, 
109: 6, 8, 0, 0, 0, 0, 9, 0, 0, 0, 8, 0, 0, 6, 6, 8, 0, 0, 0, 8, 0, 0, 0, 0, 5, 8, 7, 7, 0, 7, 0, 8, 8, 0, 0, 0, 0, 7, 7, 8, : 6, 8, 9, 8, 6, 6, 8, 8, 5, 8, 7, 7, 7, 8, 8, 7, 7, 8, 
63: 6, 5, 5, 0, 9, 7, 0, 8, 10, 0, 8, 0, 9, 0, 8, 0, 9, 5, 0, 8, 7, 0, 0, 0, 0, 7, 0, 0, 9, 7, 0, 7, 8, 8, 8, 8, 0, 8, 0, 0, : 6, 5, 5, 9, 7, 8, 10, 8, 9, 8, 9, 5, 8, 7, 7, 9, 7, 7, 8, 8, 8, 8, 8, 
167: 0, 10, 6, 0, 0, 0, 6, 10, 0, 5, 7, 0, 7, 0, 10, 0, 0, 0, 8, 8, 7, 7, 0, 8, 8, 0, 0, 7, 0, 8, 0, 5, 7, 0, 8, 0, 0, 0, 9, 0, : 10, 6, 6, 10, 5, 7, 7, 10, 8, 8, 7, 7, 8, 8, 7, 8, 5, 7, 8, 9, 
177: 7, 6, 0, 8, 0, 0, 4, 8, 6, 8, 0, 9, 9, 10, 8, 7, 0, 7, 0, 0, 5, 0, 0, 0, 7, 0, 7, 9, 0, 9, 0, 7, 7, 9, 0, 7, 0, 0, 0, 0, : 7, 6, 8, 4, 8, 6, 8, 9, 9, 10, 8, 7, 7, 5, 7, 7, 9, 9, 7, 7, 9, 7, 
186: 8, 0, 8, 6, 0, 10, 6, 8, 6, 0, 0, 0, 0, 0, 0, 0, 0, 0, 0, 0, 0, 9, 9, 9, 0, 8, 7, 8, 8, 5, 7, 0, 0, 5, 0, 0, 0, 0, 0, 7, : 8, 8, 6, 10, 6, 8, 6, 9, 9, 9, 8, 7, 8, 8, 5, 7, 5, 7, 
68: 0, 0, 8, 0, 0, 0, 7, 0, 8, 8, 0, 7, 8, 7, 0, 8, 7, 8, 0, 0, 8, 0, 9, 0, 0, 0, 0, 0, 0, 0, 9, 0, 7, 0, 0, 7, 0, 7, 0, 0, : 8, 7, 8, 8, 7, 8, 7, 8, 7, 8, 8, 9, 9, 7, 7, 7, 


