
80
40
150
1

4: 0, 7, 0, 0, 0, 0, 0, 0, 0, 0, 0, 0, 0, 0, 0, 0, 10, 0, 10, 0, 0, 6, 7, 9, 0, 0, 0, 6, 0, 9, 8, 0, 8, 6, 7, 7, 5, 6, 0, 0, 0, 7, 9, 7, 0, 6, 0, 9, 7, 5, 0, 0, 9, 6, 7, 8, 0, 0, 0, 6, 0, 5, 0, 10, 0, 0, 0, 0, 9, 0, 0, 7, 8, 7, 0, 0, 0, 5, 0, 0, : 7, 10, 10, 6, 7, 9, 6, 9, 8, 8, 6, 7, 7, 5, 6, 7, 9, 7, 6, 9, 7, 5, 9, 6, 7, 8, 6, 5, 10, 9, 7, 8, 7, 5, 
9: 8, 7, 0, 0, 0, 8, 10, 0, 0, 5, 7, 6, 0, 0, 9, 6, 9, 0, 9, 8, 0, 5, 6, 9, 0, 6, 0, 0, 7, 0, 6, 0, 6, 7, 6, 7, 6, 0, 7, 0, 0, 0, 0, 8, 0, 8, 0, 8, 8, 7, 7, 0, 11, 0, 6, 6, 0, 0, 0, 0, 0, 7, 9, 7, 0, 0, 7, 0, 0, 0, 7, 0, 0, 0, 7, 8, 0, 7, 7, 0, : 8, 7, 8, 10, 5, 7, 6, 9, 6, 9, 9, 8, 5, 6, 9, 6, 7, 6, 6, 7, 6, 7, 6, 7, 8, 8, 8, 8, 7, 7, 11, 6, 6, 7, 9, 7, 7, 7, 7, 8, 7, 7, 
3: 0, 0, 8, 0, 8, 0, 0, 0, 9, 8, 6, 0, 0, 7, 7, 0, 0, 8, 8, 8, 0, 0, 0, 0, 7, 9, 0, 0, 0, 7, 6, 9, 7, 0, 0, 0, 0, 0, 10, 10, 6, 10, 0, 0, 0, 0, 8, 0, 0, 0, 9, 0, 9, 5, 0, 6, 10, 5, 0, 0, 9, 9, 0, 0, 0, 8, 5, 0, 0, 0, 0, 0, 8, 0, 6, 7, 0, 8, 5, 0, : 8, 8, 9, 8, 6, 7, 7, 8, 8, 8, 7, 9, 7, 6, 9, 7, 10, 10, 6, 10, 8, 9, 9, 5, 6, 10, 5, 9, 9, 8, 5, 8, 6, 7, 8, 5, 
6: 0, 0, 0, 9, 0, 6, 0, 0, 7, 8, 8, 0, 0, 8, 0, 0, 0, 0, 0, 0, 6, 7, 8, 8, 6, 0, 0, 10, 6, 8, 0, 9, 8, 7, 8, 0, 8, 10, 0, 9, 0, 9, 0, 0, 0, 0, 8, 7, 10, 8, 9, 0, 0, 8, 8, 0, 6, 0, 9, 11, 0, 0, 10, 8, 6, 0, 8, 5, 0, 0, 0, 6, 7, 0, 0, 5, 0, 0, 8, 8, : 9, 6, 7, 8, 8, 8, 6, 7, 8, 8, 6, 10, 6, 8, 9, 8, 7, 8, 8, 10, 9, 9, 8, 7, 10, 8, 9, 8, 8, 6, 9, 11, 10, 8, 6, 8, 5, 6, 7, 5, 8, 8, 
37: 7, 5, 0, 0, 0, 6, 0, 10, 0, 0, 0, 7, 10, 0, 0, 6, 8, 0, 0, 0, 0, 8, 0, 9, 0, 6, 9, 0, 0, 0, 9, 0, 0, 8, 6, 0, 0, 0, 0, 0, 0, 0, 0, 0, 8, 7, 0, 0, 10, 0, 0, 0, 0, 0, 8, 8, 0, 5, 9, 6, 10, 10, 6, 8, 8, 7, 6, 0, 0, 7, 0, 0, 0, 8, 5, 0, 6, 8, 7, 7, : 7, 5, 6, 10, 7, 10, 6, 8, 8, 9, 6, 9, 9, 8, 6, 8, 7, 10, 8, 8, 5, 9, 6, 10, 10, 6, 8, 8, 7, 6, 7, 8, 5, 6, 8, 7, 7, 
15: 0, 6, 8, 8, 0, 8, 0, 9, 6, 0, 8, 0, 8, 0, 9, 0, 6, 8, 0, 6, 8, 9, 5, 6, 0, 0, 0, 6, 7, 0, 6, 7, 0, 0, 0, 5, 0, 0, 6, 9, 0, 8, 0, 5, 0, 0, 0, 0, 0, 10, 0, 11, 0, 0, 5, 0, 10, 0, 10, 6, 7, 8, 0, 8, 5, 8, 0, 7, 0, 0, 0, 0, 0, 7, 6, 0, 0, 0, 0, 0, : 6, 8, 8, 8, 9, 6, 8, 8, 9, 6, 8, 6, 8, 9, 5, 6, 6, 7, 6, 7, 5, 6, 9, 8, 5, 10, 11, 5, 10, 10, 6, 7, 8, 8, 5, 8, 7, 7, 6, 
29: 0, 0, 6, 7, 0, 0, 0, 8, 5, 6, 0, 0, 9, 5, 0, 0, 0, 0, 8, 0, 0, 0, 0, 6, 0, 0, 10, 8, 0, 0, 0, 8, 8, 0, 0, 0, 9, 0, 0, 0, 8, 0, 7, 7, 0, 4, 0, 6, 0, 0, 0, 4, 0, 11, 6, 6, 6, 0, 7, 6, 8, 0, 8, 0, 0, 0, 0, 8, 0, 0, 9, 0, 0, 9, 8, 7, 7, 0, 0, 0, : 6, 7, 8, 5, 6, 9, 5, 8, 6, 10, 8, 8, 8, 9, 8, 7, 7, 4, 6, 4, 11, 6, 6, 6, 7, 6, 8, 8, 8, 9, 9, 8, 7, 7, 
30: 9, 0, 0, 0, 6, 0, 8, 0, 0, 8, 6, 7, 11, 7, 8, 0, 0, 0, 0, 6, 0, 0, 0, 0, 9, 9, 6, 7, 0, 0, 0, 10, 7, 7, 7, 0, 0, 7, 0, 0, 0, 5, 9, 0, 7, 8, 6, 8, 6, 0, 7, 0, 5, 7, 0, 7, 9, 0, 0, 10, 0, 6, 0, 5, 8, 0, 8, 8, 8, 9, 8, 6, 8, 7, 0, 9, 7, 7, 8, 0, : 9, 6, 8, 8, 6, 7, 11, 7, 8, 6, 9, 9, 6, 7, 10, 7, 7, 7, 7, 5, 9, 7, 8, 6, 8, 6, 7, 5, 7, 7, 9, 10, 6, 5, 8, 8, 8, 8, 9, 8, 6, 8, 7, 9, 7, 7, 8, 
21: 7, 9, 5, 0, 7, 0, 0, 8, 0, 0, 9, 11, 0, 7, 0, 8, 0, 0, 9, 8, 10, 0, 9, 8, 0, 7, 9, 8, 7, 7, 0, 5, 0, 5, 10, 8, 0, 0, 6, 0, 9, 0, 0, 6, 0, 7, 5, 0, 5, 0, 0, 7, 8, 0, 7, 0, 0, 0, 6, 0, 6, 8, 0, 7, 0, 7, 0, 8, 5, 0, 0, 8, 0, 9, 7, 0, 0, 8, 0, 7, : 7, 9, 5, 7, 8, 9, 11, 7, 8, 9, 8, 10, 9, 8, 7, 9, 8, 7, 7, 5, 5, 10, 8, 6, 9, 6, 7, 5, 5, 7, 8, 7, 6, 6, 8, 7, 7, 8, 5, 8, 9, 7, 8, 7, 
16: 8, 0, 10, 8, 0, 9, 7, 8, 0, 0, 0, 7, 0, 0, 0, 8, 7, 0, 9, 0, 9, 0, 0, 7, 7, 10, 9, 0, 0, 0, 8, 0, 8, 9, 7, 0, 7, 0, 9, 9, 5, 0, 6, 0, 8, 0, 0, 0, 0, 9, 7, 0, 8, 0, 0, 11, 0, 6, 8, 9, 0, 5, 10, 8, 0, 0, 0, 9, 7, 6, 9, 0, 0, 0, 0, 0, 0, 0, 0, 9, : 8, 10, 8, 9, 7, 8, 7, 8, 7, 9, 9, 7, 7, 10, 9, 8, 8, 9, 7, 7, 9, 9, 5, 6, 8, 9, 7, 8, 11, 6, 8, 9, 5, 10, 8, 9, 7, 6, 9, 9, 
32: 8, 0, 0, 0, 0, 7, 7, 0, 8, 0, 8, 7, 7, 6, 0, 9, 7, 6, 0, 9, 0, 0, 7, 0, 0, 0, 0, 0, 9, 0, 9, 0, 0, 0, 0, 0, 7, 8, 9, 0, 0, 9, 0, 9, 0, 8, 0, 6, 0, 0, 8, 0, 7, 0, 0, 0, 0, 9, 0, 8, 0, 9, 5, 0, 8, 8, 0, 0, 8, 8, 0, 9, 0, 0, 7, 7, 7, 0, 8, 8, : 8, 7, 7, 8, 8, 7, 7, 6, 9, 7, 6, 9, 7, 9, 9, 7, 8, 9, 9, 9, 8, 6, 8, 7, 9, 8, 9, 5, 8, 8, 8, 8, 9, 7, 7, 7, 8, 8, 
8: 8, 8, 0, 0, 0, 7, 7, 7, 8, 0, 10, 0, 0, 0, 0, 9, 6, 5, 0, 9, 0, 10, 0, 10, 7, 0, 0, 8, 6, 7, 0, 8, 0, 0, 0, 0, 0, 7, 10, 0, 7, 0, 8, 6, 8, 9, 0, 0, 7, 0, 0, 0, 7, 9, 9, 0, 0, 0, 0, 0, 0, 0, 7, 0, 0, 8, 8, 0, 0, 7, 9, 7, 5, 0, 8, 6, 8, 7, 0, 0, : 8, 8, 7, 7, 7, 8, 10, 9, 6, 5, 9, 10, 10, 7, 8, 6, 7, 8, 7, 10, 7, 8, 6, 8, 9, 7, 7, 9, 9, 7, 8, 8, 7, 9, 7, 5, 8, 6, 8, 7, 
25: 0, 5, 7, 0, 9, 0, 6, 0, 0, 0, 0, 0, 0, 7, 9, 5, 0, 9, 6, 10, 0, 9, 9, 7, 0, 6, 10, 0, 10, 8, 5, 0, 0, 0, 0, 7, 8, 11, 6, 0, 0, 0, 0, 8, 7, 0, 0, 0, 0, 0, 0, 0, 0, 7, 9, 5, 9, 7, 8, 0, 0, 0, 0, 0, 10, 0, 0, 6, 0, 8, 0, 0, 0, 0, 0, 8, 0, 8, 6, 0, : 5, 7, 9, 6, 7, 9, 5, 9, 6, 10, 9, 9, 7, 6, 10, 10, 8, 5, 7, 8, 11, 6, 8, 7, 7, 9, 5, 9, 7, 8, 10, 6, 8, 8, 8, 6, 
34: 0, 0, 0, 0, 0, 0, 8, 0, 0, 9, 0, 0, 8, 9, 0, 0, 0, 7, 0, 5, 9, 7, 0, 0, 8, 8, 6, 6, 6, 0, 7, 8, 5, 8, 8, 5, 0, 5, 5, 0, 7, 0, 0, 0, 8, 0, 6, 0, 0, 0, 11, 7, 0, 0, 0, 0, 0, 6, 6, 0, 11, 0, 0, 6, 9, 9, 9, 0, 0, 0, 7, 8, 9, 7, 0, 0, 6, 0, 0, 0, : 8, 9, 8, 9, 7, 5, 9, 7, 8, 8, 6, 6, 6, 7, 8, 5, 8, 8, 5, 5, 5, 7, 8, 6, 11, 7, 6, 6, 11, 6, 9, 9, 9, 7, 8, 9, 7, 6, 
14: 8, 0, 0, 0, 6, 0, 0, 0, 6, 6, 0, 8, 0, 0, 0, 0, 0, 5, 7, 0, 6, 0, 0, 6, 0, 0, 6, 8, 6, 0, 0, 0, 8, 6, 6, 8, 9, 0, 0, 0, 0, 0, 9, 0, 10, 7, 8, 0, 8, 0, 7, 0, 0, 6, 6, 6, 11, 0, 0, 9, 0, 7, 0, 0, 8, 0, 0, 8, 0, 7, 7, 7, 0, 0, 7, 0, 0, 0, 7, 0, : 8, 6, 6, 6, 8, 5, 7, 6, 6, 6, 8, 6, 8, 6, 6, 8, 9, 9, 10, 7, 8, 8, 7, 6, 6, 6, 11, 9, 7, 8, 8, 7, 7, 7, 7, 7, 
7: 7, 7, 9, 7, 9, 6, 6, 7, 6, 8, 7, 0, 0, 0, 8, 9, 0, 0, 0, 7, 7, 0, 0, 9, 10, 0, 0, 7, 9, 7, 7, 6, 8, 6, 9, 0, 8, 8, 4, 6, 0, 0, 0, 0, 0, 8, 7, 6, 4, 8, 4, 8, 0, 8, 0, 0, 8, 10, 0, 0, 9, 0, 8, 0, 0, 7, 0, 0, 0, 0, 0, 0, 9, 0, 0, 0, 9, 6, 7, 0, : 7, 7, 9, 7, 9, 6, 6, 7, 6, 8, 7, 8, 9, 7, 7, 9, 10, 7, 9, 7, 7, 6, 8, 6, 9, 8, 8, 4, 6, 8, 7, 6, 4, 8, 4, 8, 8, 8, 10, 9, 8, 7, 9, 9, 6, 7, 
39: 0, 8, 0, 0, 8, 0, 0, 0, 0, 9, 0, 10, 9, 0, 0, 0, 10, 6, 7, 5, 6, 0, 9, 0, 9, 0, 8, 7, 0, 8, 0, 9, 0, 0, 8, 6, 11, 0, 7, 7, 0, 5, 0, 0, 9, 0, 0, 8, 0, 11, 0, 7, 0, 0, 6, 0, 0, 0, 6, 0, 0, 0, 7, 0, 0, 0, 7, 8, 8, 9, 6, 0, 9, 0, 0, 0, 7, 0, 8, 0, : 8, 8, 9, 10, 9, 10, 6, 7, 5, 6, 9, 9, 8, 7, 8, 9, 8, 6, 11, 7, 7, 5, 9, 8, 11, 7, 6, 6, 7, 7, 8, 8, 9, 6, 9, 7, 8, 
18: 0, 0, 7, 0, 0, 4, 8, 5, 0, 0, 5, 0, 0, 7, 0, 0, 0, 7, 6, 9, 8, 0, 10, 0, 8, 0, 5, 8, 8, 8, 6, 5, 0, 6, 6, 9, 0, 10, 0, 6, 0, 0, 8, 0, 0, 10, 0, 8, 0, 0, 0, 8, 6, 0, 6, 9, 0, 8, 5, 6, 8, 0, 0, 0, 8, 0, 0, 8, 8, 0, 0, 0, 0, 6, 0, 8, 8, 0, 8, 7, : 7, 4, 8, 5, 5, 7, 7, 6, 9, 8, 10, 8, 5, 8, 8, 8, 6, 5, 6, 6, 9, 10, 6, 8, 10, 8, 8, 6, 6, 9, 8, 5, 6, 8, 8, 8, 8, 6, 8, 8, 8, 7, 
36: 0, 10, 0, 9, 0, 0, 0, 8, 0, 0, 0, 0, 7, 8, 8, 7, 7, 10, 0, 7, 0, 7, 7, 6, 9, 0, 0, 0, 0, 0, 0, 8, 0, 0, 0, 11, 0, 7, 6, 0, 5, 7, 8, 8, 7, 0, 0, 0, 8, 0, 8, 6, 0, 0, 0, 9, 0, 0, 0, 7, 6, 0, 8, 0, 8, 6, 0, 7, 0, 7, 0, 9, 0, 5, 0, 6, 0, 7, 0, 0, : 10, 9, 8, 7, 8, 8, 7, 7, 10, 7, 7, 7, 6, 9, 8, 11, 7, 6, 5, 7, 8, 8, 7, 8, 8, 6, 9, 7, 6, 8, 8, 6, 7, 7, 9, 5, 6, 7, 
26: 6, 0, 0, 8, 8, 0, 8, 0, 0, 8, 5, 7, 6, 9, 6, 0, 0, 8, 0, 0, 7, 7, 6, 7, 0, 0, 0, 6, 9, 8, 8, 7, 0, 7, 0, 7, 0, 8, 0, 7, 7, 9, 5, 8, 0, 0, 10, 0, 0, 7, 0, 8, 6, 0, 0, 0, 0, 11, 0, 0, 0, 0, 0, 8, 0, 0, 9, 9, 0, 0, 8, 0, 6, 9, 9, 0, 7, 0, 0, 0, : 6, 8, 8, 8, 8, 5, 7, 6, 9, 6, 8, 7, 7, 6, 7, 6, 9, 8, 8, 7, 7, 7, 8, 7, 7, 9, 5, 8, 10, 7, 8, 6, 11, 8, 9, 9, 8, 6, 9, 9, 7, 
11: 0, 0, 0, 0, 8, 0, 8, 7, 8, 0, 0, 6, 0, 0, 0, 7, 8, 0, 0, 9, 6, 7, 5, 5, 0, 9, 8, 7, 0, 0, 0, 0, 0, 0, 5, 0, 0, 0, 0, 7, 0, 8, 7, 0, 9, 8, 0, 8, 0, 8, 6, 10, 7, 0, 0, 8, 0, 7, 6, 0, 6, 0, 0, 0, 7, 9, 0, 8, 7, 0, 5, 7, 0, 0, 9, 8, 0, 7, 0, 0, : 8, 8, 7, 8, 6, 7, 8, 9, 6, 7, 5, 5, 9, 8, 7, 5, 7, 8, 7, 9, 8, 8, 8, 6, 10, 7, 8, 7, 6, 6, 7, 9, 8, 7, 5, 7, 9, 8, 7, 
27: 7, 0, 0, 6, 0, 0, 4, 8, 0, 0, 8, 0, 5, 0, 6, 8, 0, 8, 0, 0, 5, 6, 0, 0, 0, 9, 0, 0, 0, 7, 0, 6, 8, 0, 0, 6, 0, 8, 0, 7, 0, 0, 9, 0, 8, 8, 0, 8, 8, 0, 0, 9, 8, 0, 10, 0, 5, 0, 0, 6, 0, 10, 0, 7, 0, 0, 0, 0, 7, 8, 0, 0, 8, 8, 0, 7, 0, 0, 9, 0, : 7, 6, 4, 8, 8, 5, 6, 8, 8, 5, 6, 9, 7, 6, 8, 6, 8, 7, 9, 8, 8, 8, 8, 9, 8, 10, 5, 6, 10, 7, 7, 8, 8, 8, 7, 9, 
23: 0, 0, 8, 0, 8, 7, 9, 6, 8, 11, 7, 8, 0, 8, 9, 0, 0, 8, 0, 0, 0, 10, 8, 0, 0, 6, 0, 0, 8, 9, 9, 7, 7, 8, 7, 7, 6, 0, 0, 4, 0, 7, 0, 10, 0, 5, 0, 8, 0, 4, 0, 0, 0, 7, 0, 0, 7, 9, 0, 0, 7, 5, 0, 5, 0, 7, 0, 0, 8, 0, 7, 8, 8, 7, 0, 0, 8, 0, 8, 6, : 8, 8, 7, 9, 6, 8, 11, 7, 8, 8, 9, 8, 10, 8, 6, 8, 9, 9, 7, 7, 8, 7, 7, 6, 4, 7, 10, 5, 8, 4, 7, 7, 9, 7, 5, 5, 7, 8, 7, 8, 8, 7, 8, 8, 6, 
2: 7, 9, 9, 7, 0, 8, 0, 0, 6, 0, 0, 7, 0, 5, 6, 8, 5, 10, 8, 0, 0, 0, 0, 0, 0, 0, 0, 6, 0, 7, 8, 0, 9, 8, 0, 0, 6, 0, 9, 8, 0, 8, 8, 0, 6, 9, 0, 0, 0, 6, 8, 0, 0, 9, 5, 7, 6, 10, 11, 0, 0, 0, 0, 0, 8, 8, 7, 0, 7, 0, 0, 9, 7, 7, 9, 0, 0, 8, 8, 8, : 7, 9, 9, 7, 8, 6, 7, 5, 6, 8, 5, 10, 8, 6, 7, 8, 9, 8, 6, 9, 8, 8, 8, 6, 9, 6, 8, 9, 5, 7, 6, 10, 11, 8, 8, 7, 7, 9, 7, 7, 9, 8, 8, 8, 
10: 0, 8, 0, 8, 0, 11, 10, 0, 5, 6, 0, 9, 10, 7, 0, 6, 0, 0, 0, 0, 0, 5, 0, 0, 5, 8, 0, 9, 7, 0, 8, 0, 0, 0, 9, 7, 7, 0, 7, 8, 9, 0, 8, 0, 6, 0, 4, 6, 0, 7, 7, 6, 0, 6, 8, 0, 0, 5, 0, 0, 0, 0, 8, 0, 7, 9, 0, 7, 7, 8, 8, 7, 7, 6, 0, 9, 9, 0, 0, 7, : 8, 8, 11, 10, 5, 6, 9, 10, 7, 6, 5, 5, 8, 9, 7, 8, 9, 7, 7, 7, 8, 9, 8, 6, 4, 6, 7, 7, 6, 6, 8, 5, 8, 7, 9, 7, 7, 8, 8, 7, 7, 6, 9, 9, 7, 
40: 0, 7, 0, 6, 7, 9, 0, 0, 9, 7, 0, 0, 0, 8, 0, 6, 8, 8, 0, 0, 9, 9, 0, 0, 7, 0, 7, 9, 0, 9, 0, 0, 5, 0, 0, 0, 7, 6, 9, 0, 0, 5, 0, 6, 8, 0, 9, 0, 0, 7, 7, 0, 0, 8, 0, 7, 7, 0, 0, 6, 9, 6, 8, 9, 7, 7, 7, 7, 0, 0, 8, 0, 8, 0, 7, 0, 9, 0, 0, 9, : 7, 6, 7, 9, 9, 7, 8, 6, 8, 8, 9, 9, 7, 7, 9, 9, 5, 7, 6, 9, 5, 6, 8, 9, 7, 7, 8, 7, 7, 6, 9, 6, 8, 9, 7, 7, 7, 7, 8, 8, 7, 9, 9, 
28: 0, 0, 7, 0, 0, 0, 0, 0, 7, 0, 0, 5, 7, 0, 0, 0, 0, 0, 8, 6, 7, 0, 0, 0, 7, 0, 0, 0, 8, 8, 8, 0, 7, 0, 8, 8, 0, 0, 0, 0, 5, 0, 0, 0, 9, 0, 8, 0, 0, 0, 0, 0, 0, 0, 7, 9, 0, 0, 11, 0, 0, 0, 5, 0, 7, 0, 8, 0, 0, 9, 6, 0, 6, 0, 0, 7, 0, 9, 0, 5, : 7, 7, 5, 7, 8, 6, 7, 7, 8, 8, 8, 7, 8, 8, 5, 9, 8, 7, 9, 11, 5, 7, 8, 9, 6, 6, 7, 9, 5, 
17: 0, 0, 7, 7, 10, 8, 7, 0, 10, 7, 7, 7, 0, 8, 5, 9, 0, 0, 5, 0, 0, 0, 0, 6, 7, 8, 7, 7, 6, 6, 0, 8, 9, 10, 0, 0, 0, 7, 0, 0, 8, 0, 8, 9, 6, 0, 0, 0, 7, 7, 6, 0, 7, 0, 0, 0, 7, 6, 0, 0, 8, 9, 0, 9, 10, 8, 0, 7, 0, 8, 0, 5, 0, 0, 0, 0, 5, 8, 0, 9, : 7, 7, 10, 8, 7, 10, 7, 7, 7, 8, 5, 9, 5, 6, 7, 8, 7, 7, 6, 6, 8, 9, 10, 7, 8, 8, 9, 6, 7, 7, 6, 7, 7, 6, 8, 9, 9, 10, 8, 7, 8, 5, 5, 8, 9, 
35: 0, 0, 0, 7, 7, 0, 0, 6, 0, 0, 9, 5, 0, 0, 0, 0, 5, 0, 5, 0, 0, 0, 9, 6, 6, 7, 0, 0, 8, 6, 7, 0, 10, 0, 0, 7, 7, 5, 6, 0, 0, 9, 0, 9, 0, 7, 8, 0, 0, 0, 0, 0, 6, 0, 0, 6, 0, 0, 7, 0, 5, 11, 8, 8, 0, 7, 0, 0, 9, 0, 7, 8, 7, 9, 0, 0, 8, 8, 7, 0, : 7, 7, 6, 9, 5, 5, 5, 9, 6, 6, 7, 8, 6, 7, 10, 7, 7, 5, 6, 9, 9, 7, 8, 6, 6, 7, 5, 11, 8, 8, 7, 9, 7, 8, 7, 9, 8, 8, 7, 
33: 5, 0, 0, 0, 9, 7, 5, 10, 8, 8, 11, 6, 6, 0, 5, 0, 10, 0, 7, 0, 0, 8, 0, 0, 8, 7, 0, 0, 0, 0, 0, 0, 0, 8, 0, 8, 0, 5, 8, 11, 9, 0, 6, 0, 8, 6, 8, 10, 0, 9, 4, 0, 8, 5, 0, 5, 0, 9, 6, 9, 6, 0, 0, 0, 0, 5, 0, 0, 9, 0, 0, 0, 9, 0, 8, 0, 8, 9, 0, 0, : 5, 9, 7, 5, 10, 8, 8, 11, 6, 6, 5, 10, 7, 8, 8, 7, 8, 8, 5, 8, 11, 9, 6, 8, 6, 8, 10, 9, 4, 8, 5, 5, 9, 6, 9, 6, 5, 9, 9, 8, 8, 9, 
22: 9, 7, 0, 8, 9, 8, 0, 5, 0, 0, 0, 0, 0, 11, 8, 8, 0, 8, 0, 5, 0, 7, 0, 0, 8, 0, 0, 0, 0, 7, 0, 8, 0, 10, 0, 0, 9, 0, 6, 6, 7, 0, 0, 0, 0, 0, 8, 0, 8, 0, 0, 8, 0, 0, 8, 0, 7, 0, 5, 0, 0, 0, 6, 6, 0, 0, 9, 0, 9, 7, 0, 8, 0, 0, 7, 0, 0, 9, 0, 7, : 9, 7, 8, 9, 8, 5, 11, 8, 8, 8, 5, 7, 8, 7, 8, 10, 9, 6, 6, 7, 8, 8, 8, 8, 7, 5, 6, 6, 9, 9, 7, 8, 7, 9, 7, 
12: 0, 9, 8, 8, 0, 7, 0, 0, 8, 8, 7, 0, 0, 9, 9, 5, 0, 0, 0, 0, 0, 0, 0, 0, 0, 0, 7, 0, 0, 0, 0, 0, 0, 0, 0, 0, 8, 9, 0, 9, 7, 0, 0, 7, 0, 0, 9, 9, 7, 4, 9, 7, 0, 0, 0, 0, 9, 0, 0, 8, 0, 6, 7, 0, 6, 0, 7, 0, 7, 9, 0, 8, 0, 7, 0, 8, 0, 7, 7, 8, : 9, 8, 8, 7, 8, 8, 7, 9, 9, 5, 7, 8, 9, 9, 7, 7, 9, 9, 7, 4, 9, 7, 9, 8, 6, 7, 6, 7, 7, 9, 8, 7, 8, 7, 7, 8, 
38: 8, 8, 8, 5, 7, 0, 7, 0, 8, 5, 0, 10, 6, 0, 0, 7, 7, 0, 7, 0, 0, 8, 6, 0, 0, 6, 0, 0, 0, 0, 9, 7, 8, 8, 8, 9, 0, 6, 9, 0, 0, 8, 6, 9, 0, 8, 0, 8, 7, 10, 10, 9, 5, 0, 0, 0, 0, 0, 6, 5, 5, 0, 9, 0, 0, 0, 7, 0, 7, 6, 7, 0, 7, 0, 0, 7, 0, 0, 0, 7, : 8, 8, 8, 5, 7, 7, 8, 5, 10, 6, 7, 7, 7, 8, 6, 6, 9, 7, 8, 8, 8, 9, 6, 9, 8, 6, 9, 8, 8, 7, 10, 10, 9, 5, 6, 5, 5, 9, 7, 7, 6, 7, 7, 7, 7, 
19: 0, 0, 0, 10, 0, 0, 9, 8, 0, 0, 0, 7, 7, 0, 9, 10, 7, 9, 8, 0, 8, 6, 9, 0, 0, 0, 9, 0, 0, 8, 7, 7, 0, 0, 8, 9, 7, 0, 0, 6, 9, 9, 0, 0, 4, 9, 8, 0, 0, 0, 0, 4, 0, 7, 9, 8, 0, 0, 0, 7, 6, 6, 0, 10, 7, 7, 7, 7, 0, 0, 8, 7, 0, 0, 7, 0, 0, 0, 0, 8, : 10, 9, 8, 7, 7, 9, 10, 7, 9, 8, 8, 6, 9, 9, 8, 7, 7, 8, 9, 7, 6, 9, 9, 4, 9, 8, 4, 7, 9, 8, 7, 6, 6, 10, 7, 7, 7, 7, 8, 7, 7, 8, 
20: 8, 7, 9, 0, 4, 7, 0, 0, 8, 8, 10, 0, 7, 0, 7, 0, 5, 0, 8, 9, 0, 0, 5, 0, 0, 9, 7, 0, 6, 0, 9, 0, 0, 8, 8, 9, 5, 0, 0, 7, 10, 8, 8, 6, 0, 0, 9, 4, 9, 0, 0, 0, 7, 7, 0, 0, 5, 8, 5, 9, 0, 6, 0, 7, 6, 7, 7, 7, 6, 5, 9, 0, 7, 8, 0, 0, 8, 6, 8, 8, : 8, 7, 9, 4, 7, 8, 8, 10, 7, 7, 5, 8, 9, 5, 9, 7, 6, 9, 8, 8, 9, 5, 7, 10, 8, 8, 6, 9, 4, 9, 7, 7, 5, 8, 5, 9, 6, 7, 6, 7, 7, 7, 6, 5, 9, 7, 8, 8, 6, 8, 8, 
1: 9, 0, 7, 8, 6, 0, 0, 0, 0, 0, 0, 0, 7, 8, 7, 0, 0, 6, 0, 9, 8, 0, 0, 9, 6, 0, 7, 0, 0, 0, 0, 0, 8, 8, 0, 0, 0, 9, 11, 9, 9, 6, 6, 0, 0, 0, 0, 9, 9, 9, 0, 8, 0, 6, 0, 10, 8, 7, 10, 0, 10, 0, 0, 0, 0, 8, 8, 0, 8, 0, 0, 7, 0, 0, 8, 8, 7, 0, 9, 6, : 9, 7, 8, 6, 7, 8, 7, 6, 9, 8, 9, 6, 7, 8, 8, 9, 11, 9, 9, 6, 6, 9, 9, 9, 8, 6, 10, 8, 7, 10, 10, 8, 8, 8, 7, 8, 8, 7, 9, 6, 
5: 5, 0, 5, 6, 7, 8, 8, 8, 10, 10, 5, 0, 7, 0, 0, 0, 8, 0, 9, 0, 9, 0, 0, 0, 0, 7, 6, 10, 0, 0, 0, 0, 6, 0, 0, 0, 10, 0, 0, 0, 8, 7, 0, 8, 7, 8, 6, 6, 6, 7, 0, 7, 10, 8, 11, 0, 6, 0, 0, 5, 5, 9, 7, 6, 0, 0, 8, 0, 0, 7, 0, 0, 7, 8, 0, 8, 0, 8, 9, 8, : 5, 5, 6, 7, 8, 8, 8, 10, 10, 5, 7, 8, 9, 9, 7, 6, 10, 6, 10, 8, 7, 8, 7, 8, 6, 6, 6, 7, 7, 10, 8, 11, 6, 5, 5, 9, 7, 6, 8, 7, 7, 8, 8, 8, 9, 8, 
13: 8, 8, 6, 8, 0, 0, 0, 6, 0, 5, 7, 10, 0, 0, 7, 0, 8, 0, 0, 7, 8, 0, 9, 8, 0, 0, 0, 7, 8, 0, 0, 0, 0, 0, 0, 0, 0, 8, 0, 0, 7, 0, 9, 6, 0, 0, 9, 8, 7, 0, 9, 10, 9, 10, 0, 0, 0, 6, 0, 11, 9, 0, 0, 0, 0, 0, 0, 8, 0, 7, 7, 9, 0, 8, 8, 8, 0, 0, 6, 0, : 8, 8, 6, 8, 6, 5, 7, 10, 7, 8, 7, 8, 9, 8, 7, 8, 8, 7, 9, 6, 9, 8, 7, 9, 10, 9, 10, 6, 11, 9, 8, 7, 7, 9, 8, 8, 8, 6, 
24: 0, 8, 8, 0, 7, 9, 8, 8, 0, 0, 0, 0, 5, 0, 8, 0, 9, 6, 0, 8, 5, 0, 10, 0, 7, 5, 6, 0, 0, 6, 0, 0, 0, 0, 9, 0, 0, 0, 0, 5, 0, 6, 0, 0, 0, 0, 0, 0, 9, 0, 0, 0, 0, 10, 9, 9, 6, 7, 0, 0, 0, 8, 6, 8, 7, 0, 0, 0, 0, 0, 0, 0, 0, 8, 8, 0, 8, 0, 0, 0, : 8, 8, 7, 9, 8, 8, 5, 8, 9, 6, 8, 5, 10, 7, 5, 6, 6, 9, 5, 6, 9, 10, 9, 9, 6, 7, 8, 6, 8, 7, 8, 8, 8, 
31: 8, 7, 8, 0, 0, 0, 0, 8, 0, 0, 0, 0, 8, 6, 0, 9, 0, 8, 6, 0, 9, 9, 6, 9, 9, 8, 8, 0, 9, 0, 0, 8, 0, 0, 0, 0, 0, 0, 0, 0, 8, 0, 6, 8, 7, 0, 6, 0, 0, 7, 7, 6, 7, 0, 0, 0, 8, 9, 9, 0, 0, 0, 8, 0, 0, 0, 8, 8, 6, 8, 8, 0, 0, 0, 9, 9, 8, 0, 0, 8, : 8, 7, 8, 8, 8, 6, 9, 8, 6, 9, 9, 6, 9, 9, 8, 8, 9, 8, 8, 6, 8, 7, 6, 7, 7, 6, 7, 8, 9, 9, 8, 8, 8, 6, 8, 8, 9, 9, 8, 8, 


