
40
80
150
2

10: 0, 10, 7, 8, 0, 0, 6, 0, 0, 0, 9, 0, 8, 0, 6, 0, 5, 7, 8, 0, 0, 7, 0, 0, 0, 8, 9, 0, 0, 0, 8, 0, 0, 8, 8, 0, 9, 0, 0, 0, : 10, 7, 8, 6, 9, 8, 6, 5, 7, 8, 7, 8, 9, 8, 8, 8, 9, 
67: 0, 5, 7, 0, 0, 7, 8, 0, 5, 8, 0, 8, 6, 7, 9, 6, 0, 0, 0, 0, 8, 0, 7, 8, 0, 0, 8, 7, 8, 0, 8, 7, 7, 0, 8, 8, 0, 8, 8, 0, : 5, 7, 7, 8, 5, 8, 8, 6, 7, 9, 6, 8, 7, 8, 8, 7, 8, 8, 7, 7, 8, 8, 8, 8, 
22: 6, 8, 6, 7, 8, 0, 8, 0, 9, 8, 6, 7, 7, 0, 0, 5, 0, 8, 0, 8, 0, 0, 8, 7, 0, 9, 0, 0, 0, 8, 5, 0, 6, 8, 0, 8, 8, 0, 0, 0, : 6, 8, 6, 7, 8, 8, 9, 8, 6, 7, 7, 5, 8, 8, 8, 7, 9, 8, 5, 6, 8, 8, 8, 
68: 0, 0, 0, 0, 0, 6, 0, 0, 6, 0, 4, 0, 0, 0, 10, 10, 7, 7, 7, 0, 8, 0, 5, 8, 0, 0, 8, 0, 8, 8, 8, 0, 7, 7, 0, 0, 8, 0, 8, 0, : 6, 6, 4, 10, 10, 7, 7, 7, 8, 5, 8, 8, 8, 8, 8, 7, 7, 8, 8, 
57: 6, 0, 0, 9, 0, 0, 0, 8, 0, 6, 0, 6, 0, 0, 0, 9, 0, 9, 0, 0, 8, 7, 0, 7, 7, 0, 6, 0, 0, 8, 0, 8, 0, 0, 0, 0, 0, 8, 0, 8, : 6, 9, 8, 6, 6, 9, 9, 8, 7, 7, 7, 6, 8, 8, 8, 8, 
24: 6, 6, 0, 0, 0, 9, 0, 7, 0, 8, 0, 11, 0, 0, 0, 7, 8, 0, 0, 7, 7, 0, 0, 8, 0, 0, 8, 7, 0, 0, 8, 8, 9, 0, 6, 6, 0, 7, 0, 0, : 6, 6, 9, 7, 8, 11, 7, 8, 7, 7, 8, 8, 7, 8, 8, 9, 6, 6, 7, 
14: 0, 0, 0, 7, 0, 11, 0, 0, 0, 5, 0, 0, 7, 9, 0, 9, 0, 9, 0, 0, 9, 7, 0, 0, 7, 0, 0, 0, 0, 9, 9, 0, 7, 7, 7, 6, 7, 0, 0, 9, : 7, 11, 5, 7, 9, 9, 9, 9, 7, 7, 9, 9, 7, 7, 7, 6, 7, 9, 
33: 0, 0, 0, 0, 0, 9, 0, 10, 0, 0, 0, 4, 0, 8, 0, 8, 0, 0, 0, 7, 0, 0, 9, 8, 8, 7, 0, 0, 6, 5, 0, 9, 8, 0, 7, 0, 0, 6, 6, 8, : 9, 10, 4, 8, 8, 7, 9, 8, 8, 7, 6, 5, 9, 8, 7, 6, 6, 8, 
55: 0, 0, 10, 7, 8, 8, 0, 0, 8, 4, 0, 0, 8, 8, 0, 6, 0, 0, 0, 7, 0, 0, 6, 0, 0, 8, 0, 0, 7, 8, 0, 0, 7, 9, 8, 0, 9, 8, 7, 0, : 10, 7, 8, 8, 8, 4, 8, 8, 6, 7, 6, 8, 7, 8, 7, 9, 8, 9, 8, 7, 
27: 8, 7, 0, 7, 0, 0, 0, 0, 6, 0, 0, 5, 8, 10, 7, 0, 5, 8, 0, 0, 0, 8, 0, 0, 8, 8, 0, 0, 5, 0, 7, 0, 0, 8, 0, 9, 0, 5, 9, 0, : 8, 7, 7, 6, 5, 8, 10, 7, 5, 8, 8, 8, 8, 5, 7, 8, 9, 5, 9, 
12: 8, 6, 6, 8, 8, 7, 7, 8, 0, 7, 8, 11, 0, 0, 0, 6, 0, 6, 0, 8, 7, 8, 8, 8, 8, 8, 0, 7, 9, 8, 0, 0, 0, 7, 0, 0, 8, 0, 8, 7, : 8, 6, 6, 8, 8, 7, 7, 8, 7, 8, 11, 6, 6, 8, 7, 8, 8, 8, 8, 8, 7, 9, 8, 7, 8, 8, 7, 
4: 10, 0, 0, 0, 8, 7, 0, 0, 5, 0, 0, 0, 6, 10, 7, 0, 0, 0, 9, 8, 0, 8, 8, 0, 8, 5, 0, 8, 0, 0, 8, 7, 0, 0, 0, 0, 7, 8, 0, 0, : 10, 8, 7, 5, 6, 10, 7, 9, 8, 8, 8, 8, 5, 8, 8, 7, 7, 8, 
31: 0, 11, 0, 0, 6, 0, 0, 10, 9, 0, 0, 0, 8, 0, 0, 7, 8, 7, 0, 7, 7, 8, 0, 0, 7, 7, 7, 0, 0, 8, 0, 0, 8, 0, 6, 7, 8, 0, 8, 0, : 11, 6, 10, 9, 8, 7, 8, 7, 7, 7, 8, 7, 7, 7, 8, 8, 6, 7, 8, 8, 
40: 0, 0, 7, 0, 0, 10, 8, 9, 0, 0, 0, 0, 7, 0, 0, 9, 0, 7, 8, 6, 6, 0, 0, 8, 0, 8, 8, 7, 7, 0, 7, 7, 8, 8, 0, 0, 0, 8, 7, 0, : 7, 10, 8, 9, 7, 9, 7, 8, 6, 6, 8, 8, 8, 7, 7, 7, 7, 8, 8, 8, 7, 
35: 0, 6, 8, 0, 6, 0, 8, 7, 0, 0, 11, 0, 0, 0, 0, 8, 0, 0, 8, 0, 0, 9, 0, 8, 0, 0, 0, 0, 8, 7, 8, 8, 0, 0, 0, 0, 5, 0, 0, 7, : 6, 8, 6, 8, 7, 11, 8, 8, 9, 8, 8, 7, 8, 8, 5, 7, 
45: 9, 0, 7, 9, 10, 0, 7, 8, 0, 9, 8, 0, 0, 5, 5, 0, 9, 7, 0, 0, 7, 0, 0, 8, 7, 9, 0, 0, 8, 0, 6, 0, 8, 5, 0, 8, 8, 8, 0, 8, : 9, 7, 9, 10, 7, 8, 9, 8, 5, 5, 9, 7, 7, 8, 7, 9, 8, 6, 8, 5, 8, 8, 8, 8, 
41: 6, 0, 0, 6, 0, 0, 0, 9, 0, 0, 8, 6, 10, 9, 7, 0, 10, 9, 0, 0, 0, 0, 8, 0, 0, 7, 7, 6, 9, 8, 0, 8, 9, 8, 8, 0, 0, 9, 7, 0, : 6, 6, 9, 8, 6, 10, 9, 7, 10, 9, 8, 7, 7, 6, 9, 8, 8, 9, 8, 8, 9, 7, 
69: 0, 7, 11, 0, 0, 0, 8, 7, 0, 0, 0, 0, 0, 0, 0, 0, 0, 0, 0, 0, 7, 0, 7, 6, 8, 0, 8, 8, 0, 6, 0, 0, 0, 0, 8, 8, 0, 0, 8, 8, : 7, 11, 8, 7, 7, 7, 6, 8, 8, 8, 6, 8, 8, 8, 8, 
64: 6, 10, 0, 0, 5, 7, 0, 5, 0, 7, 0, 8, 4, 0, 6, 0, 0, 0, 7, 0, 9, 0, 0, 0, 8, 8, 5, 0, 0, 7, 7, 8, 5, 0, 8, 0, 0, 8, 0, 0, : 6, 10, 5, 7, 5, 7, 8, 4, 6, 7, 9, 8, 8, 5, 7, 7, 8, 5, 8, 8, 
26: 6, 11, 9, 6, 8, 0, 8, 7, 8, 0, 7, 0, 8, 0, 0, 0, 6, 0, 0, 0, 0, 7, 8, 8, 0, 0, 0, 0, 6, 0, 0, 8, 8, 7, 8, 8, 0, 0, 0, 6, : 6, 11, 9, 6, 8, 8, 7, 8, 7, 8, 6, 7, 8, 8, 6, 8, 8, 7, 8, 8, 6, 
43: 8, 0, 6, 0, 7, 0, 8, 0, 0, 11, 4, 0, 0, 0, 0, 0, 11, 0, 7, 0, 0, 0, 7, 7, 0, 7, 0, 6, 8, 7, 0, 6, 8, 0, 9, 0, 8, 0, 0, 7, : 8, 6, 7, 8, 11, 4, 11, 7, 7, 7, 7, 6, 8, 7, 6, 8, 9, 8, 7, 
75: 0, 0, 8, 7, 0, 5, 8, 0, 7, 0, 0, 0, 0, 8, 6, 0, 0, 0, 7, 0, 8, 0, 8, 0, 0, 8, 9, 0, 0, 7, 7, 9, 0, 0, 8, 0, 8, 0, 0, 0, : 8, 7, 5, 8, 7, 8, 6, 7, 8, 8, 8, 9, 7, 7, 9, 8, 8, 
60: 0, 0, 6, 0, 0, 8, 0, 0, 5, 10, 4, 0, 8, 8, 8, 9, 0, 0, 8, 8, 0, 7, 0, 0, 8, 0, 8, 5, 7, 0, 8, 5, 0, 0, 0, 0, 0, 7, 0, 0, : 6, 8, 5, 10, 4, 8, 8, 8, 9, 8, 8, 7, 8, 8, 5, 7, 8, 5, 7, 
36: 9, 0, 4, 0, 0, 0, 6, 8, 7, 0, 11, 7, 8, 0, 0, 0, 0, 5, 8, 0, 6, 0, 0, 7, 7, 8, 7, 9, 0, 0, 0, 8, 0, 9, 0, 8, 8, 8, 5, 0, : 9, 4, 6, 8, 7, 11, 7, 8, 5, 8, 6, 7, 7, 8, 7, 9, 8, 9, 8, 8, 8, 5, 
80: 8, 0, 0, 5, 8, 0, 0, 0, 0, 6, 7, 0, 10, 0, 0, 0, 0, 8, 7, 7, 0, 8, 0, 0, 0, 0, 0, 8, 0, 0, 0, 0, 0, 0, 0, 0, 0, 0, 8, 8, : 8, 5, 8, 6, 7, 10, 8, 7, 7, 8, 8, 8, 8, 
34: 0, 6, 10, 7, 0, 6, 0, 8, 9, 0, 7, 0, 8, 5, 8, 0, 5, 7, 0, 8, 0, 0, 8, 0, 6, 8, 0, 0, 0, 7, 0, 0, 8, 0, 8, 0, 0, 7, 0, 0, : 6, 10, 7, 6, 8, 9, 7, 8, 5, 8, 5, 7, 8, 8, 6, 8, 7, 8, 8, 7, 
53: 0, 7, 6, 0, 10, 0, 0, 0, 0, 0, 0, 0, 0, 6, 10, 7, 7, 6, 8, 8, 0, 8, 0, 0, 8, 0, 0, 8, 8, 0, 0, 0, 0, 0, 0, 7, 6, 8, 0, 0, : 7, 6, 10, 6, 10, 7, 7, 6, 8, 8, 8, 8, 8, 8, 7, 6, 8, 
38: 9, 4, 7, 0, 4, 0, 0, 0, 9, 8, 0, 10, 8, 8, 8, 8, 11, 8, 0, 0, 0, 8, 7, 0, 0, 0, 8, 8, 0, 0, 0, 7, 8, 8, 0, 7, 0, 0, 0, 9, : 9, 4, 7, 4, 9, 8, 10, 8, 8, 8, 8, 11, 8, 8, 7, 8, 8, 7, 8, 8, 7, 9, 
49: 0, 7, 0, 7, 0, 7, 0, 7, 7, 0, 0, 8, 0, 7, 7, 0, 7, 5, 9, 0, 0, 8, 9, 9, 0, 0, 0, 8, 7, 9, 8, 0, 0, 0, 0, 9, 8, 0, 6, 8, : 7, 7, 7, 7, 7, 8, 7, 7, 7, 5, 9, 8, 9, 9, 8, 7, 9, 8, 9, 8, 6, 8, 
54: 9, 10, 8, 9, 6, 9, 0, 0, 7, 7, 0, 5, 0, 0, 7, 10, 7, 0, 8, 5, 5, 5, 7, 5, 0, 0, 0, 8, 0, 8, 0, 6, 0, 0, 0, 0, 7, 9, 7, 8, : 9, 10, 8, 9, 6, 9, 7, 7, 5, 7, 10, 7, 8, 5, 5, 5, 7, 5, 8, 8, 6, 7, 9, 7, 8, 
77: 0, 6, 0, 6, 10, 0, 11, 0, 9, 11, 6, 11, 0, 7, 0, 6, 7, 0, 0, 9, 0, 0, 8, 7, 9, 0, 8, 0, 8, 0, 7, 0, 0, 8, 0, 8, 7, 7, 8, 5, : 6, 6, 10, 11, 9, 11, 6, 11, 7, 6, 7, 9, 8, 7, 9, 8, 8, 7, 8, 8, 7, 7, 8, 5, 
32: 6, 0, 8, 0, 7, 8, 0, 0, 0, 0, 11, 6, 0, 0, 10, 0, 9, 0, 7, 0, 0, 8, 0, 0, 8, 0, 0, 0, 0, 0, 8, 7, 0, 6, 0, 0, 6, 8, 9, 7, : 6, 8, 7, 8, 11, 6, 10, 9, 7, 8, 8, 8, 7, 6, 6, 8, 9, 7, 
6: 0, 8, 0, 8, 6, 0, 9, 0, 8, 0, 10, 0, 0, 0, 0, 0, 7, 0, 0, 0, 0, 0, 0, 0, 8, 6, 7, 8, 7, 8, 0, 0, 8, 6, 7, 5, 0, 0, 0, 8, : 8, 8, 6, 9, 8, 10, 7, 8, 6, 7, 8, 7, 8, 8, 6, 7, 5, 8, 
5: 0, 0, 0, 0, 0, 0, 6, 5, 0, 10, 6, 7, 0, 6, 8, 7, 9, 9, 0, 7, 8, 6, 0, 0, 5, 8, 8, 0, 8, 0, 0, 0, 0, 7, 7, 0, 0, 6, 8, 6, : 6, 5, 10, 6, 7, 6, 8, 7, 9, 9, 7, 8, 6, 5, 8, 8, 8, 7, 7, 6, 8, 6, 
78: 7, 0, 9, 0, 0, 7, 6, 6, 0, 0, 0, 7, 0, 8, 8, 7, 0, 0, 7, 8, 8, 8, 0, 8, 0, 0, 6, 8, 8, 0, 9, 8, 0, 0, 9, 8, 0, 0, 8, 0, : 7, 9, 7, 6, 6, 7, 8, 8, 7, 7, 8, 8, 8, 8, 6, 8, 8, 9, 8, 9, 8, 8, 
19: 0, 0, 0, 0, 7, 0, 6, 0, 0, 4, 11, 7, 10, 8, 7, 0, 5, 8, 8, 9, 8, 6, 0, 0, 0, 0, 0, 9, 0, 6, 0, 8, 0, 8, 0, 8, 0, 0, 0, 7, : 7, 6, 4, 11, 7, 10, 8, 7, 5, 8, 8, 9, 8, 6, 9, 6, 8, 8, 8, 7, 
51: 9, 0, 0, 0, 0, 8, 0, 8, 9, 8, 7, 9, 0, 0, 0, 0, 0, 0, 6, 7, 8, 0, 0, 6, 6, 0, 8, 0, 0, 0, 6, 0, 7, 0, 7, 7, 8, 0, 8, 8, : 9, 8, 8, 9, 8, 7, 9, 6, 7, 8, 6, 6, 8, 6, 7, 7, 7, 8, 8, 8, 
56: 4, 0, 0, 11, 0, 0, 6, 0, 8, 0, 5, 0, 5, 0, 0, 0, 7, 0, 0, 0, 8, 0, 6, 9, 0, 7, 0, 7, 0, 0, 0, 0, 6, 0, 0, 7, 0, 7, 7, 0, : 4, 11, 6, 8, 5, 5, 7, 8, 6, 9, 7, 7, 6, 7, 7, 7, 
76: 0, 9, 0, 7, 7, 4, 7, 8, 9, 7, 0, 0, 6, 6, 6, 6, 0, 10, 8, 8, 0, 0, 8, 0, 0, 6, 7, 0, 8, 8, 8, 0, 0, 8, 8, 8, 7, 0, 0, 0, : 9, 7, 7, 4, 7, 8, 9, 7, 6, 6, 6, 6, 10, 8, 8, 8, 6, 7, 8, 8, 8, 8, 8, 8, 7, 
18: 10, 6, 0, 9, 11, 7, 9, 5, 0, 6, 0, 7, 0, 7, 0, 0, 0, 0, 5, 8, 8, 9, 8, 0, 9, 0, 0, 8, 0, 0, 0, 8, 8, 8, 5, 0, 0, 0, 0, 8, : 10, 6, 9, 11, 7, 9, 5, 6, 7, 7, 5, 8, 8, 9, 8, 9, 8, 8, 8, 8, 5, 8, 


61: 0, 6, 10, 6, 0, 0, 0, 0, 8, 0, 6, 10, 9, 4, 10, 5, 0, 0, 0, 6, 0, 0, 0, 7, 7, 8, 7, 7, 8, 0, 7, 0, 8, 0, 0, 7, 0, 0, 8, 8, : 6, 10, 6, 8, 6, 10, 9, 4, 10, 5, 6, 7, 7, 8, 7, 7, 8, 7, 8, 7, 8, 8, 
50: 0, 0, 0, 6, 10, 8, 10, 0, 0, 8, 7, 0, 0, 5, 0, 0, 0, 9, 0, 8, 8, 8, 8, 0, 7, 0, 0, 0, 6, 0, 0, 5, 7, 7, 9, 0, 8, 9, 0, 9, : 6, 10, 8, 10, 8, 7, 5, 9, 8, 8, 8, 8, 7, 6, 5, 7, 7, 9, 8, 9, 9, 
11: 0, 5, 0, 0, 8, 8, 9, 0, 6, 6, 9, 10, 7, 4, 0, 8, 0, 5, 6, 7, 6, 0, 0, 0, 6, 7, 0, 0, 8, 0, 0, 0, 8, 0, 8, 0, 0, 0, 5, 6, : 5, 8, 8, 9, 6, 6, 9, 10, 7, 4, 8, 5, 6, 7, 6, 6, 7, 8, 8, 8, 5, 6, 
73: 0, 10, 11, 0, 0, 10, 0, 0, 0, 0, 0, 0, 7, 0, 9, 0, 0, 10, 0, 0, 0, 0, 0, 8, 0, 0, 7, 0, 0, 7, 0, 8, 0, 9, 7, 6, 8, 8, 7, 0, : 10, 11, 10, 7, 9, 10, 8, 7, 7, 8, 9, 7, 6, 8, 8, 7, 
9: 0, 0, 9, 11, 7, 0, 0, 0, 8, 8, 6, 8, 0, 0, 10, 8, 8, 0, 0, 0, 0, 6, 0, 0, 5, 0, 7, 0, 9, 0, 8, 8, 7, 0, 8, 5, 7, 0, 8, 0, : 9, 11, 7, 8, 8, 6, 8, 10, 8, 8, 6, 5, 7, 9, 8, 8, 7, 8, 5, 7, 8, 
28: 0, 0, 0, 0, 4, 9, 7, 0, 8, 9, 0, 0, 0, 9, 0, 0, 6, 5, 0, 0, 0, 0, 8, 0, 8, 0, 8, 8, 7, 0, 0, 0, 8, 8, 0, 7, 5, 0, 0, 0, : 4, 9, 7, 8, 9, 9, 6, 5, 8, 8, 8, 8, 7, 8, 8, 7, 5, 
29: 0, 0, 0, 10, 0, 0, 0, 7, 6, 6, 0, 9, 0, 10, 0, 10, 0, 0, 0, 0, 0, 0, 8, 0, 8, 8, 0, 7, 9, 8, 0, 0, 0, 0, 0, 0, 7, 0, 8, 0, : 10, 7, 6, 6, 9, 10, 10, 8, 8, 8, 7, 9, 8, 7, 8, 
37: 11, 9, 7, 0, 0, 0, 0, 7, 7, 7, 5, 7, 11, 0, 6, 8, 6, 0, 8, 8, 5, 8, 8, 0, 7, 0, 0, 0, 0, 8, 0, 0, 8, 8, 0, 0, 9, 0, 0, 8, : 11, 9, 7, 7, 7, 7, 5, 7, 11, 6, 8, 6, 8, 8, 5, 8, 8, 7, 8, 8, 8, 9, 8, 
16: 0, 11, 0, 7, 0, 0, 0, 8, 0, 0, 0, 0, 4, 9, 0, 0, 8, 6, 0, 8, 7, 6, 9, 0, 0, 0, 0, 8, 7, 8, 0, 8, 5, 0, 0, 0, 0, 8, 0, 0, : 11, 7, 8, 4, 9, 8, 6, 8, 7, 6, 9, 8, 7, 8, 8, 5, 8, 
1: 9, 0, 5, 0, 8, 0, 8, 9, 8, 8, 7, 6, 0, 0, 0, 0, 7, 0, 0, 0, 9, 0, 0, 0, 0, 0, 0, 0, 8, 0, 8, 6, 0, 8, 0, 0, 8, 0, 0, 0, : 9, 5, 8, 8, 9, 8, 8, 7, 6, 7, 9, 8, 8, 6, 8, 8, 
70: 9, 0, 8, 0, 9, 8, 10, 6, 8, 4, 6, 9, 0, 0, 0, 0, 0, 5, 9, 7, 0, 9, 0, 8, 0, 0, 7, 6, 7, 8, 0, 8, 6, 0, 0, 0, 8, 0, 9, 8, : 9, 8, 9, 8, 10, 6, 8, 4, 6, 9, 5, 9, 7, 9, 8, 7, 6, 7, 8, 8, 6, 8, 9, 8, 
13: 8, 0, 0, 0, 8, 9, 0, 0, 0, 8, 0, 9, 8, 0, 0, 0, 0, 0, 7, 8, 6, 0, 7, 0, 7, 7, 8, 8, 0, 8, 0, 0, 8, 0, 8, 7, 0, 0, 0, 7, : 8, 8, 9, 8, 9, 8, 7, 8, 6, 7, 7, 7, 8, 8, 8, 8, 8, 7, 7, 
74: 5, 0, 0, 9, 0, 0, 0, 0, 0, 11, 0, 8, 8, 9, 0, 0, 0, 8, 0, 0, 8, 0, 0, 0, 0, 7, 0, 7, 7, 6, 0, 7, 7, 7, 8, 7, 0, 9, 7, 8, : 5, 9, 11, 8, 8, 9, 8, 8, 7, 7, 7, 6, 7, 7, 7, 8, 7, 9, 7, 8, 
66: 6, 9, 5, 6, 0, 7, 0, 0, 8, 9, 0, 0, 0, 5, 9, 8, 8, 0, 0, 0, 0, 8, 0, 8, 8, 8, 8, 9, 0, 8, 0, 0, 0, 8, 8, 0, 6, 0, 0, 8, : 6, 9, 5, 6, 7, 8, 9, 5, 9, 8, 8, 8, 8, 8, 8, 8, 9, 8, 8, 8, 6, 8, 
3: 0, 7, 0, 6, 8, 0, 0, 0, 0, 9, 0, 0, 0, 0, 0, 0, 0, 0, 8, 0, 0, 0, 0, 7, 0, 0, 8, 8, 0, 0, 0, 9, 0, 0, 0, 8, 8, 7, 6, 0, : 7, 6, 8, 9, 8, 7, 8, 8, 9, 8, 8, 7, 6, 
44: 4, 7, 0, 0, 0, 0, 7, 8, 0, 6, 9, 0, 0, 0, 4, 0, 8, 9, 8, 8, 8, 8, 6, 6, 0, 0, 6, 0, 0, 0, 0, 8, 0, 9, 0, 7, 0, 8, 8, 8, : 4, 7, 7, 8, 6, 9, 4, 8, 9, 8, 8, 8, 8, 6, 6, 6, 8, 9, 7, 8, 8, 8, 
2: 0, 5, 7, 0, 8, 5, 0, 8, 0, 5, 10, 0, 8, 0, 7, 0, 0, 0, 0, 0, 0, 8, 0, 0, 0, 9, 8, 0, 5, 9, 8, 0, 0, 7, 7, 0, 6, 8, 6, 7, : 5, 7, 8, 5, 8, 5, 10, 8, 7, 8, 9, 8, 5, 9, 8, 7, 7, 6, 8, 6, 7, 
48: 6, 0, 8, 7, 0, 8, 6, 7, 6, 0, 9, 0, 7, 8, 8, 0, 6, 6, 0, 0, 6, 8, 8, 8, 8, 5, 0, 8, 0, 0, 7, 0, 8, 0, 0, 8, 9, 8, 7, 0, : 6, 8, 7, 8, 6, 7, 6, 9, 7, 8, 8, 6, 6, 6, 8, 8, 8, 8, 5, 8, 7, 8, 8, 9, 8, 7, 
58: 6, 0, 0, 5, 0, 0, 0, 10, 0, 0, 0, 0, 0, 8, 8, 11, 0, 10, 8, 6, 0, 6, 0, 0, 8, 0, 8, 0, 0, 5, 9, 8, 9, 0, 7, 8, 0, 0, 0, 0, : 6, 5, 10, 8, 8, 11, 10, 8, 6, 6, 8, 8, 5, 9, 8, 9, 7, 8, 
8: 7, 8, 8, 0, 0, 5, 0, 0, 0, 0, 7, 0, 8, 9, 7, 4, 10, 9, 7, 0, 8, 8, 0, 9, 8, 0, 6, 0, 8, 0, 8, 7, 0, 8, 9, 8, 0, 0, 7, 7, : 7, 8, 8, 5, 7, 8, 9, 7, 4, 10, 9, 7, 8, 8, 9, 8, 6, 8, 8, 7, 8, 9, 8, 7, 7, 
52: 0, 0, 0, 7, 8, 7, 8, 4, 0, 0, 11, 8, 9, 10, 8, 0, 8, 8, 0, 0, 0, 0, 7, 0, 0, 0, 0, 0, 8, 8, 0, 0, 8, 0, 7, 8, 0, 8, 0, 0, : 7, 8, 7, 8, 4, 11, 8, 9, 10, 8, 8, 8, 7, 8, 8, 8, 7, 8, 8, 
71: 9, 0, 5, 7, 0, 7, 8, 0, 0, 0, 0, 7, 0, 7, 0, 8, 10, 0, 8, 0, 8, 7, 5, 8, 0, 0, 0, 0, 0, 7, 8, 0, 8, 0, 0, 0, 8, 0, 0, 8, : 9, 5, 7, 7, 8, 7, 7, 8, 10, 8, 8, 7, 5, 8, 7, 8, 8, 8, 8, 
59: 0, 0, 6, 8, 10, 9, 0, 8, 0, 0, 0, 0, 9, 0, 0, 5, 11, 0, 0, 0, 8, 8, 8, 8, 0, 8, 8, 8, 0, 7, 8, 0, 0, 0, 6, 0, 0, 8, 0, 0, : 6, 8, 10, 9, 8, 9, 5, 11, 8, 8, 8, 8, 8, 8, 8, 7, 8, 6, 8, 
42: 7, 5, 9, 0, 7, 8, 9, 6, 9, 5, 0, 5, 0, 0, 0, 5, 0, 0, 6, 0, 0, 0, 8, 5, 0, 7, 8, 0, 0, 9, 6, 0, 8, 8, 0, 9, 0, 7, 0, 5, : 7, 5, 9, 7, 8, 9, 6, 9, 5, 5, 5, 6, 8, 5, 7, 8, 9, 6, 8, 8, 9, 7, 5, 
17: 9, 7, 0, 0, 7, 0, 0, 0, 0, 0, 0, 0, 6, 7, 9, 0, 0, 0, 9, 8, 0, 0, 8, 7, 0, 8, 8, 0, 0, 8, 0, 8, 0, 7, 6, 0, 0, 7, 8, 0, : 9, 7, 7, 6, 7, 9, 9, 8, 8, 7, 8, 8, 8, 8, 7, 6, 7, 8, 
30: 0, 0, 0, 5, 9, 8, 0, 0, 4, 0, 0, 6, 0, 10, 0, 0, 9, 0, 9, 9, 0, 8, 7, 9, 0, 8, 0, 0, 0, 0, 7, 7, 0, 0, 0, 0, 7, 8, 8, 0, : 5, 9, 8, 4, 6, 10, 9, 9, 9, 8, 7, 9, 8, 7, 7, 7, 8, 8, 
25: 9, 9, 6, 7, 0, 0, 0, 9, 8, 9, 0, 0, 0, 7, 9, 10, 4, 7, 0, 6, 6, 9, 0, 0, 0, 0, 0, 0, 0, 0, 8, 0, 0, 0, 8, 0, 0, 0, 0, 8, : 9, 9, 6, 7, 9, 8, 9, 7, 9, 10, 4, 7, 6, 6, 9, 8, 8, 8, 
46: 6, 0, 9, 7, 9, 0, 0, 0, 0, 0, 8, 6, 8, 0, 0, 0, 5, 8, 0, 5, 8, 0, 6, 0, 8, 8, 0, 0, 0, 7, 0, 7, 8, 6, 0, 8, 8, 6, 8, 7, : 6, 9, 7, 9, 8, 6, 8, 5, 8, 5, 8, 6, 8, 8, 7, 7, 8, 6, 8, 8, 6, 8, 7, 
7: 5, 5, 9, 0, 5, 5, 8, 9, 0, 8, 0, 0, 0, 5, 0, 5, 5, 8, 9, 0, 0, 8, 7, 8, 8, 8, 0, 7, 8, 8, 7, 8, 6, 8, 0, 6, 0, 8, 0, 0, : 5, 5, 9, 5, 5, 8, 9, 8, 5, 5, 5, 8, 9, 8, 7, 8, 8, 8, 7, 8, 8, 7, 8, 6, 8, 6, 8, 
72: 0, 0, 9, 8, 0, 0, 9, 0, 7, 0, 8, 6, 7, 8, 6, 8, 0, 0, 6, 8, 7, 0, 8, 0, 0, 8, 9, 0, 7, 0, 0, 8, 0, 0, 0, 9, 8, 7, 8, 9, : 9, 8, 9, 7, 8, 6, 7, 8, 6, 8, 6, 8, 7, 8, 8, 9, 7, 8, 9, 8, 7, 8, 9, 
21: 0, 10, 6, 9, 0, 0, 6, 0, 0, 0, 10, 7, 9, 0, 0, 7, 7, 8, 0, 8, 8, 5, 0, 0, 0, 0, 9, 5, 0, 8, 0, 0, 0, 8, 0, 0, 8, 0, 7, 0, : 10, 6, 9, 6, 10, 7, 9, 7, 7, 8, 8, 8, 5, 9, 5, 8, 8, 8, 7, 
20: 9, 0, 0, 0, 7, 0, 4, 5, 10, 0, 9, 0, 7, 0, 0, 0, 0, 8, 5, 0, 0, 0, 8, 0, 7, 6, 5, 8, 0, 0, 7, 0, 0, 5, 8, 0, 7, 0, 8, 0, : 9, 7, 4, 5, 10, 9, 7, 8, 5, 8, 7, 6, 5, 8, 7, 5, 8, 7, 8, 
15: 0, 0, 7, 0, 0, 7, 11, 9, 6, 8, 5, 6, 0, 0, 7, 8, 0, 0, 0, 9, 0, 0, 8, 8, 8, 7, 0, 0, 0, 0, 8, 0, 0, 0, 0, 0, 7, 0, 0, 7, : 7, 7, 11, 9, 6, 8, 5, 6, 7, 8, 9, 8, 8, 8, 7, 8, 7, 7, 
79: 0, 0, 0, 0, 0, 0, 5, 0, 9, 0, 6, 7, 4, 8, 7, 9, 0, 0, 0, 6, 8, 8, 8, 8, 0, 0, 0, 8, 8, 6, 8, 0, 0, 8, 0, 0, 0, 7, 8, 0, : 5, 9, 6, 7, 4, 8, 7, 9, 6, 8, 8, 8, 8, 8, 8, 6, 8, 8, 7, 8, 
47: 0, 0, 0, 9, 5, 4, 7, 8, 0, 7, 5, 0, 5, 0, 6, 8, 8, 6, 6, 0, 8, 0, 0, 0, 0, 0, 0, 9, 0, 0, 5, 6, 9, 0, 5, 8, 0, 6, 0, 6, : 9, 5, 4, 7, 8, 7, 5, 5, 6, 8, 8, 6, 6, 8, 9, 5, 6, 9, 5, 8, 6, 6, 
62: 7, 10, 6, 10, 0, 7, 7, 0, 10, 0, 0, 0, 0, 0, 4, 9, 7, 0, 8, 9, 0, 0, 0, 8, 8, 8, 0, 8, 6, 0, 6, 9, 0, 0, 8, 8, 8, 0, 9, 0, : 7, 10, 6, 10, 7, 7, 10, 4, 9, 7, 8, 9, 8, 8, 8, 8, 6, 6, 9, 8, 8, 8, 9, 
63: 10, 7, 0, 0, 0, 11, 7, 8, 0, 0, 7, 0, 9, 0, 0, 0, 0, 0, 0, 0, 9, 8, 0, 7, 9, 9, 0, 7, 8, 0, 9, 7, 0, 7, 0, 0, 0, 0, 0, 0, : 10, 7, 11, 7, 8, 7, 9, 9, 8, 7, 9, 9, 7, 8, 9, 7, 7, 
39: 0, 6, 0, 0, 0, 0, 4, 0, 0, 0, 0, 9, 0, 0, 8, 0, 0, 0, 9, 8, 9, 0, 0, 0, 9, 6, 7, 6, 0, 0, 8, 0, 7, 0, 8, 8, 0, 0, 0, 8, : 6, 4, 9, 8, 9, 8, 9, 9, 6, 7, 6, 8, 7, 8, 8, 8, 
23: 0, 7, 0, 0, 8, 0, 0, 9, 6, 9, 0, 7, 0, 0, 8, 0, 0, 9, 9, 8, 0, 6, 0, 6, 0, 0, 0, 8, 8, 7, 0, 0, 0, 6, 7, 0, 0, 5, 0, 8, : 7, 8, 9, 6, 9, 7, 8, 9, 9, 8, 6, 6, 8, 8, 7, 6, 7, 5, 8, 
65: 8, 7, 0, 0, 5, 0, 0, 5, 8, 0, 0, 0, 0, 8, 0, 6, 9, 6, 5, 0, 0, 0, 0, 7, 6, 0, 8, 0, 8, 0, 0, 8, 7, 8, 8, 8, 0, 8, 0, 0, : 8, 7, 5, 5, 8, 8, 6, 9, 6, 5, 7, 6, 8, 8, 8, 7, 8, 8, 8, 8, 


