
80
200
150
5

126: 6, 0, 0, 9, 0, 7, 7, 8, 6, 7, 10, 0, 0, 7, 0, 5, 0, 8, 0, 6, 8, 7, 0, 8, 6, 9, 0, 10, 8, 0, 0, 6, 8, 0, 6, 0, 7, 6, 6, 6, 0, 8, 0, 8, 8, 0, 8, 0, 9, 0, 9, 7, 6, 0, 9, 6, 0, 0, 0, 0, 0, 0, 0, 0, 5, 9, 0, 0, 9, 9, 0, 7, 0, 6, 7, 0, 9, 0, 7, 8, : 6, 9, 7, 7, 8, 6, 7, 10, 7, 5, 8, 6, 8, 7, 8, 6, 9, 10, 8, 6, 8, 6, 7, 6, 6, 6, 8, 8, 8, 8, 9, 9, 7, 6, 9, 6, 5, 9, 9, 9, 7, 6, 7, 9, 7, 8, 
19: 7, 10, 0, 0, 0, 7, 5, 0, 8, 0, 7, 7, 5, 0, 0, 0, 6, 0, 0, 0, 7, 7, 0, 6, 8, 8, 0, 0, 6, 0, 8, 0, 0, 8, 0, 7, 0, 8, 0, 0, 0, 6, 7, 0, 9, 0, 7, 5, 8, 7, 0, 0, 6, 0, 7, 0, 6, 9, 0, 11, 0, 6, 8, 8, 7, 9, 8, 0, 6, 7, 0, 9, 0, 9, 0, 0, 0, 0, 6, 0, : 7, 10, 7, 5, 8, 7, 7, 5, 6, 7, 7, 6, 8, 8, 6, 8, 8, 7, 8, 6, 7, 9, 7, 5, 8, 7, 6, 7, 6, 9, 11, 6, 8, 8, 7, 9, 8, 6, 7, 9, 9, 6, 
183: 0, 7, 9, 0, 8, 5, 0, 0, 0, 0, 0, 9, 6, 0, 0, 6, 8, 6, 0, 0, 7, 0, 0, 7, 0, 0, 0, 9, 11, 0, 10, 9, 0, 0, 8, 0, 0, 0, 7, 0, 0, 0, 0, 9, 0, 8, 0, 0, 0, 7, 7, 5, 0, 6, 7, 9, 6, 0, 0, 0, 0, 10, 0, 0, 6, 8, 0, 9, 0, 7, 8, 8, 9, 0, 0, 9, 0, 0, 9, 0, : 7, 9, 8, 5, 9, 6, 6, 8, 6, 7, 7, 9, 11, 10, 9, 8, 7, 9, 8, 7, 7, 5, 6, 7, 9, 6, 10, 6, 8, 9, 7, 8, 8, 9, 9, 9, 
195: 8, 8, 6, 11, 6, 0, 7, 0, 8, 8, 7, 8, 0, 8, 6, 0, 6, 0, 7, 0, 9, 8, 0, 0, 9, 8, 8, 0, 0, 0, 0, 4, 4, 7, 8, 8, 7, 10, 9, 8, 0, 7, 0, 0, 8, 0, 9, 8, 9, 0, 5, 9, 5, 0, 6, 7, 0, 0, 0, 7, 7, 0, 0, 0, 8, 0, 0, 9, 7, 0, 7, 7, 9, 0, 9, 7, 7, 0, 9, 0, : 8, 8, 6, 11, 6, 7, 8, 8, 7, 8, 8, 6, 6, 7, 9, 8, 9, 8, 8, 4, 4, 7, 8, 8, 7, 10, 9, 8, 7, 8, 9, 8, 9, 5, 9, 5, 6, 7, 7, 7, 8, 9, 7, 7, 7, 9, 9, 7, 7, 9, 
72: 7, 0, 6, 9, 0, 0, 0, 0, 0, 0, 8, 0, 0, 8, 0, 0, 0, 0, 6, 0, 0, 8, 0, 10, 0, 0, 8, 0, 0, 6, 8, 6, 0, 0, 0, 0, 8, 0, 0, 9, 9, 0, 0, 0, 7, 0, 9, 9, 9, 5, 0, 0, 0, 11, 0, 7, 8, 0, 6, 7, 6, 7, 7, 7, 8, 8, 9, 0, 0, 9, 6, 7, 0, 9, 0, 7, 8, 0, 0, 6, : 7, 6, 9, 8, 8, 6, 8, 10, 8, 6, 8, 6, 8, 9, 9, 7, 9, 9, 9, 5, 11, 7, 8, 6, 7, 6, 7, 7, 7, 8, 8, 9, 9, 6, 7, 9, 7, 8, 6, 
173: 0, 6, 6, 0, 0, 0, 7, 9, 0, 0, 6, 0, 0, 0, 0, 0, 0, 8, 4, 6, 5, 0, 0, 8, 5, 7, 0, 0, 0, 6, 0, 6, 9, 0, 5, 9, 0, 0, 0, 6, 6, 0, 7, 8, 9, 0, 0, 9, 0, 9, 0, 9, 10, 0, 8, 9, 0, 0, 10, 0, 0, 9, 6, 6, 9, 9, 6, 0, 9, 7, 8, 7, 0, 7, 0, 7, 8, 0, 7, 7, : 6, 6, 7, 9, 6, 8, 4, 6, 5, 8, 5, 7, 6, 6, 9, 5, 9, 6, 6, 7, 8, 9, 9, 9, 9, 10, 8, 9, 10, 9, 6, 6, 9, 9, 6, 9, 7, 8, 7, 7, 7, 8, 7, 7, 
101: 0, 7, 9, 6, 0, 0, 6, 0, 6, 0, 0, 7, 7, 0, 0, 0, 7, 0, 0, 0, 0, 9, 0, 0, 0, 0, 9, 5, 0, 0, 0, 0, 0, 5, 6, 7, 0, 0, 7, 7, 8, 0, 7, 9, 0, 9, 7, 0, 9, 7, 10, 5, 8, 8, 0, 0, 0, 8, 8, 0, 0, 9, 6, 0, 8, 0, 0, 0, 0, 0, 6, 7, 7, 0, 0, 8, 0, 8, 0, 9, : 7, 9, 6, 6, 6, 7, 7, 7, 9, 9, 5, 5, 6, 7, 7, 7, 8, 7, 9, 9, 7, 9, 7, 10, 5, 8, 8, 8, 8, 9, 6, 8, 6, 7, 7, 8, 8, 9, 
196: 0, 8, 10, 6, 7, 0, 8, 0, 6, 0, 0, 5, 8, 0, 8, 8, 0, 0, 0, 0, 0, 8, 0, 0, 7, 0, 6, 5, 8, 9, 4, 7, 6, 0, 0, 0, 0, 0, 0, 7, 5, 8, 0, 0, 7, 0, 0, 7, 0, 8, 0, 8, 0, 6, 0, 7, 0, 0, 0, 0, 7, 0, 9, 5, 0, 9, 0, 0, 8, 8, 0, 0, 0, 0, 6, 7, 0, 0, 8, 8, : 8, 10, 6, 7, 8, 6, 5, 8, 8, 8, 8, 7, 6, 5, 8, 9, 4, 7, 6, 7, 5, 8, 7, 7, 8, 8, 6, 7, 7, 9, 5, 9, 8, 8, 6, 7, 8, 8, 
117: 5, 6, 0, 0, 9, 10, 0, 7, 0, 0, 6, 10, 10, 0, 6, 0, 4, 0, 0, 0, 0, 7, 0, 0, 0, 0, 9, 0, 0, 5, 6, 10, 0, 7, 0, 8, 6, 8, 0, 6, 0, 0, 9, 0, 0, 6, 0, 0, 5, 0, 0, 0, 6, 6, 6, 0, 0, 5, 0, 9, 0, 0, 0, 9, 0, 9, 0, 0, 0, 0, 0, 0, 8, 7, 6, 6, 0, 8, 7, 8, : 5, 6, 9, 10, 7, 6, 10, 10, 6, 4, 7, 9, 5, 6, 10, 7, 8, 6, 8, 6, 9, 6, 5, 6, 6, 6, 5, 9, 9, 9, 8, 7, 6, 6, 8, 7, 8, 
97: 0, 7, 0, 9, 0, 0, 6, 0, 7, 6, 0, 6, 8, 10, 9, 0, 0, 5, 0, 0, 0, 7, 8, 0, 0, 9, 0, 9, 0, 0, 0, 8, 0, 9, 0, 7, 8, 8, 0, 0, 0, 0, 0, 8, 9, 7, 0, 7, 0, 0, 0, 8, 0, 10, 6, 6, 7, 7, 0, 7, 9, 0, 0, 0, 0, 0, 8, 0, 8, 0, 8, 6, 8, 6, 7, 9, 0, 8, 9, 7, : 7, 9, 6, 7, 6, 6, 8, 10, 9, 5, 7, 8, 9, 9, 8, 9, 7, 8, 8, 8, 9, 7, 7, 8, 10, 6, 6, 7, 7, 7, 9, 8, 8, 8, 6, 8, 6, 7, 9, 8, 9, 7, 
84: 0, 6, 0, 0, 6, 0, 0, 0, 0, 8, 8, 6, 11, 0, 0, 7, 0, 11, 9, 8, 0, 8, 4, 0, 0, 6, 0, 0, 5, 0, 0, 0, 10, 10, 8, 0, 0, 0, 0, 0, 6, 0, 0, 6, 0, 9, 8, 8, 0, 0, 6, 6, 0, 0, 0, 6, 0, 8, 0, 0, 0, 0, 8, 8, 8, 0, 0, 6, 0, 0, 0, 0, 7, 7, 8, 6, 0, 7, 0, 7, : 6, 6, 8, 8, 6, 11, 7, 11, 9, 8, 8, 4, 6, 5, 10, 10, 8, 6, 6, 9, 8, 8, 6, 6, 6, 8, 8, 8, 8, 6, 7, 7, 8, 6, 7, 7, 
153: 0, 7, 0, 0, 9, 6, 7, 0, 0, 0, 0, 8, 8, 0, 0, 11, 11, 0, 7, 0, 7, 7, 6, 8, 0, 0, 0, 0, 7, 0, 0, 0, 0, 6, 0, 0, 0, 7, 7, 0, 7, 0, 5, 8, 0, 0, 8, 0, 7, 9, 7, 0, 10, 6, 9, 0, 9, 0, 0, 7, 0, 0, 7, 0, 9, 0, 0, 8, 0, 9, 8, 7, 7, 6, 0, 0, 8, 0, 0, 0, : 7, 9, 6, 7, 8, 8, 11, 11, 7, 7, 7, 6, 8, 7, 6, 7, 7, 7, 5, 8, 8, 7, 9, 7, 10, 6, 9, 9, 7, 7, 9, 8, 9, 8, 7, 7, 6, 8, 
68: 8, 6, 9, 0, 7, 8, 8, 8, 6, 0, 10, 0, 7, 0, 6, 8, 7, 7, 7, 0, 0, 8, 10, 0, 0, 0, 0, 7, 0, 0, 5, 0, 9, 8, 7, 7, 0, 0, 10, 10, 0, 0, 10, 0, 6, 7, 0, 7, 0, 0, 0, 7, 0, 8, 0, 0, 0, 9, 6, 9, 7, 0, 8, 8, 0, 0, 9, 8, 6, 7, 7, 6, 0, 0, 7, 0, 0, 9, 0, 0, : 8, 6, 9, 7, 8, 8, 8, 6, 10, 7, 6, 8, 7, 7, 7, 8, 10, 7, 5, 9, 8, 7, 7, 10, 10, 10, 6, 7, 7, 7, 8, 9, 6, 9, 7, 8, 8, 9, 8, 6, 7, 7, 6, 7, 9, 
45: 9, 0, 7, 10, 8, 6, 0, 9, 0, 6, 0, 5, 0, 5, 7, 0, 9, 0, 6, 6, 0, 0, 7, 0, 7, 0, 6, 10, 0, 7, 6, 0, 0, 0, 0, 0, 0, 5, 0, 6, 0, 0, 0, 0, 0, 8, 0, 0, 0, 7, 0, 0, 0, 0, 0, 11, 0, 7, 9, 7, 0, 0, 9, 8, 9, 0, 6, 0, 0, 0, 7, 0, 6, 0, 0, 9, 0, 6, 8, 6, : 9, 7, 10, 8, 6, 9, 6, 5, 5, 7, 9, 6, 6, 7, 7, 6, 10, 7, 6, 5, 6, 8, 7, 11, 7, 9, 7, 9, 8, 9, 6, 7, 6, 9, 6, 8, 6, 
96: 0, 0, 6, 0, 0, 0, 10, 10, 0, 9, 0, 0, 0, 7, 9, 8, 5, 7, 0, 9, 9, 6, 0, 7, 6, 8, 0, 6, 4, 0, 7, 0, 8, 0, 0, 0, 5, 0, 7, 0, 7, 9, 9, 5, 0, 7, 0, 10, 7, 9, 0, 7, 0, 9, 8, 6, 9, 11, 0, 0, 7, 0, 0, 9, 0, 8, 0, 0, 7, 7, 9, 0, 0, 0, 0, 9, 9, 9, 9, 6, : 6, 10, 10, 9, 7, 9, 8, 5, 7, 9, 9, 6, 7, 6, 8, 6, 4, 7, 8, 5, 7, 7, 9, 9, 5, 7, 10, 7, 9, 7, 9, 8, 6, 9, 11, 7, 9, 8, 7, 7, 9, 9, 9, 9, 9, 6, 
169: 0, 0, 7, 9, 0, 9, 0, 0, 0, 0, 6, 7, 6, 10, 8, 11, 0, 7, 7, 7, 6, 0, 0, 0, 0, 7, 0, 8, 0, 0, 8, 0, 8, 0, 10, 0, 0, 5, 0, 7, 10, 0, 0, 8, 0, 6, 9, 0, 8, 9, 10, 5, 8, 0, 0, 8, 0, 0, 7, 0, 5, 0, 0, 10, 0, 5, 0, 6, 0, 0, 0, 8, 9, 0, 0, 0, 7, 8, 0, 0, : 7, 9, 9, 6, 7, 6, 10, 8, 11, 7, 7, 7, 6, 7, 8, 8, 8, 10, 5, 7, 10, 8, 6, 9, 8, 9, 10, 5, 8, 8, 7, 5, 10, 5, 6, 8, 9, 7, 8, 
98: 0, 8, 0, 7, 0, 8, 6, 6, 0, 0, 0, 0, 0, 0, 0, 6, 0, 9, 0, 0, 0, 0, 0, 4, 7, 0, 6, 7, 10, 4, 9, 8, 0, 5, 10, 8, 7, 7, 8, 0, 0, 0, 8, 8, 0, 0, 8, 0, 7, 9, 8, 6, 0, 7, 6, 9, 0, 0, 0, 9, 0, 6, 8, 0, 5, 0, 7, 0, 9, 6, 7, 9, 7, 0, 0, 7, 0, 7, 0, 0, : 8, 7, 8, 6, 6, 6, 9, 4, 7, 6, 7, 10, 4, 9, 8, 5, 10, 8, 7, 7, 8, 8, 8, 8, 7, 9, 8, 6, 7, 6, 9, 9, 6, 8, 5, 7, 9, 6, 7, 9, 7, 7, 7, 
184: 0, 0, 0, 0, 0, 7, 0, 7, 11, 6, 8, 0, 9, 0, 7, 0, 11, 9, 0, 4, 0, 0, 8, 9, 9, 0, 5, 5, 0, 0, 8, 8, 0, 0, 0, 7, 8, 0, 7, 0, 0, 6, 6, 9, 0, 7, 0, 0, 0, 0, 0, 0, 0, 0, 0, 8, 7, 0, 0, 8, 5, 0, 0, 0, 7, 0, 0, 8, 6, 0, 6, 0, 6, 0, 0, 0, 0, 9, 0, 0, : 7, 7, 11, 6, 8, 9, 7, 11, 9, 4, 8, 9, 9, 5, 5, 8, 8, 7, 8, 7, 6, 6, 9, 7, 8, 7, 8, 5, 7, 8, 6, 6, 6, 9, 
185: 0, 0, 0, 8, 0, 0, 7, 0, 0, 6, 11, 10, 9, 4, 0, 6, 7, 6, 6, 0, 9, 9, 8, 8, 8, 0, 8, 6, 0, 9, 10, 0, 0, 6, 0, 10, 0, 0, 0, 0, 0, 7, 8, 0, 0, 8, 0, 0, 0, 0, 6, 6, 8, 0, 6, 0, 6, 7, 7, 0, 0, 0, 0, 0, 0, 0, 6, 6, 0, 7, 8, 6, 0, 0, 0, 9, 0, 0, 0, 0, : 8, 7, 6, 11, 10, 9, 4, 6, 7, 6, 6, 9, 9, 8, 8, 8, 8, 6, 9, 10, 6, 10, 7, 8, 8, 6, 6, 8, 6, 6, 7, 7, 6, 6, 7, 8, 6, 9, 
1: 0, 0, 8, 6, 6, 6, 0, 7, 6, 0, 0, 0, 0, 10, 0, 6, 0, 4, 0, 0, 0, 0, 9, 8, 0, 0, 6, 0, 0, 10, 10, 0, 6, 0, 8, 0, 7, 7, 8, 7, 8, 8, 0, 0, 8, 0, 0, 8, 9, 0, 0, 0, 9, 0, 0, 0, 9, 6, 0, 0, 6, 8, 8, 9, 0, 8, 8, 0, 9, 7, 6, 9, 7, 0, 7, 0, 9, 0, 0, 9, : 8, 6, 6, 6, 7, 6, 10, 6, 4, 9, 8, 6, 10, 10, 6, 8, 7, 7, 8, 7, 8, 8, 8, 8, 9, 9, 9, 6, 6, 8, 8, 9, 8, 8, 9, 7, 6, 9, 7, 7, 9, 9, 
162: 7, 8, 0, 7, 4, 0, 0, 9, 6, 0, 0, 10, 0, 9, 0, 0, 11, 10, 0, 0, 8, 8, 0, 0, 0, 0, 0, 0, 9, 7, 0, 10, 11, 0, 8, 0, 9, 0, 6, 9, 7, 10, 8, 7, 0, 7, 0, 0, 8, 0, 7, 0, 0, 0, 0, 7, 0, 7, 0, 0, 7, 7, 8, 8, 0, 0, 7, 8, 7, 0, 0, 0, 6, 8, 0, 0, 0, 0, 0, 0, : 7, 8, 7, 4, 9, 6, 10, 9, 11, 10, 8, 8, 9, 7, 10, 11, 8, 9, 6, 9, 7, 10, 8, 7, 7, 8, 7, 7, 7, 7, 7, 8, 8, 7, 8, 7, 6, 8, 
76: 9, 0, 0, 0, 6, 0, 0, 0, 0, 7, 0, 8, 8, 6, 6, 6, 0, 0, 7, 8, 0, 0, 8, 6, 7, 6, 0, 0, 0, 9, 6, 6, 8, 10, 7, 0, 10, 9, 0, 0, 6, 8, 8, 0, 0, 0, 0, 0, 5, 0, 9, 0, 5, 5, 9, 0, 7, 9, 7, 7, 0, 0, 0, 9, 0, 0, 5, 0, 9, 0, 9, 9, 8, 0, 9, 0, 7, 7, 8, 7, : 9, 6, 7, 8, 8, 6, 6, 6, 7, 8, 8, 6, 7, 6, 9, 6, 6, 8, 10, 7, 10, 9, 6, 8, 8, 5, 9, 5, 5, 9, 7, 9, 7, 7, 9, 5, 9, 9, 9, 8, 9, 7, 7, 8, 7, 
198: 10, 9, 0, 10, 0, 0, 9, 7, 0, 9, 8, 0, 0, 10, 11, 9, 0, 0, 0, 8, 0, 0, 0, 0, 7, 9, 0, 0, 0, 0, 0, 0, 0, 5, 8, 9, 7, 10, 0, 0, 0, 8, 8, 7, 8, 9, 7, 7, 0, 10, 5, 0, 5, 0, 0, 0, 11, 0, 8, 6, 0, 0, 6, 6, 7, 8, 7, 0, 0, 0, 0, 0, 0, 8, 7, 0, 6, 0, 6, 7, : 10, 9, 10, 9, 7, 9, 8, 10, 11, 9, 8, 7, 9, 5, 8, 9, 7, 10, 8, 8, 7, 8, 9, 7, 7, 10, 5, 5, 11, 8, 6, 6, 6, 7, 8, 7, 8, 7, 6, 6, 7, 
120: 0, 0, 0, 0, 0, 0, 0, 0, 0, 6, 0, 0, 0, 6, 9, 0, 9, 8, 9, 7, 8, 4, 0, 0, 5, 6, 0, 0, 0, 0, 5, 7, 7, 0, 7, 5, 4, 8, 0, 7, 6, 8, 0, 7, 8, 0, 7, 0, 0, 0, 8, 0, 6, 0, 9, 6, 6, 7, 0, 0, 9, 9, 0, 8, 9, 0, 0, 0, 0, 0, 8, 0, 0, 9, 0, 8, 0, 6, 0, 0, : 6, 6, 9, 9, 8, 9, 7, 8, 4, 5, 6, 5, 7, 7, 7, 5, 4, 8, 7, 6, 8, 7, 8, 7, 8, 6, 9, 6, 6, 7, 9, 9, 8, 9, 8, 9, 8, 6, 
170: 6, 9, 7, 0, 6, 0, 0, 0, 0, 0, 5, 7, 0, 0, 0, 0, 7, 0, 8, 8, 10, 0, 8, 8, 9, 6, 6, 0, 5, 0, 0, 0, 8, 8, 0, 0, 0, 0, 0, 7, 8, 0, 7, 6, 0, 9, 0, 7, 0, 9, 5, 0, 0, 8, 6, 0, 10, 11, 7, 0, 0, 9, 0, 6, 0, 0, 0, 9, 7, 6, 9, 9, 8, 0, 9, 8, 0, 0, 0, 0, : 6, 9, 7, 6, 5, 7, 7, 8, 8, 10, 8, 8, 9, 6, 6, 5, 8, 8, 7, 8, 7, 6, 9, 7, 9, 5, 8, 6, 10, 11, 7, 9, 6, 9, 7, 6, 9, 9, 8, 9, 8, 
34: 7, 0, 0, 7, 8, 0, 0, 7, 0, 9, 0, 0, 7, 0, 9, 0, 7, 0, 8, 0, 8, 8, 0, 6, 0, 0, 9, 0, 9, 9, 7, 0, 0, 8, 0, 0, 9, 9, 0, 0, 10, 0, 0, 9, 7, 7, 6, 8, 7, 0, 0, 7, 0, 0, 0, 9, 6, 0, 0, 0, 8, 5, 9, 0, 7, 7, 0, 8, 7, 0, 0, 0, 0, 7, 6, 0, 0, 7, 0, 9, : 7, 7, 8, 7, 9, 7, 9, 7, 8, 8, 8, 6, 9, 9, 9, 7, 8, 9, 9, 10, 9, 7, 7, 6, 8, 7, 7, 9, 6, 8, 5, 9, 7, 7, 8, 7, 7, 6, 7, 9, 
150: 8, 0, 4, 0, 9, 7, 0, 10, 7, 0, 10, 0, 0, 0, 0, 9, 0, 0, 7, 10, 5, 0, 6, 0, 8, 7, 0, 0, 10, 0, 0, 9, 0, 0, 8, 5, 9, 0, 5, 0, 0, 0, 5, 7, 5, 8, 7, 7, 10, 6, 0, 10, 0, 8, 9, 0, 0, 0, 6, 6, 0, 8, 0, 0, 0, 6, 0, 6, 0, 0, 0, 8, 7, 0, 0, 0, 7, 0, 7, 0, : 8, 4, 9, 7, 10, 7, 10, 9, 7, 10, 5, 6, 8, 7, 10, 9, 8, 5, 9, 5, 5, 7, 5, 8, 7, 7, 10, 6, 10, 8, 9, 6, 6, 8, 6, 6, 8, 7, 7, 7, 
160: 0, 7, 6, 0, 8, 0, 0, 0, 9, 0, 0, 0, 0, 0, 0, 0, 0, 0, 8, 8, 7, 0, 6, 8, 7, 0, 0, 0, 0, 0, 8, 8, 8, 0, 0, 0, 7, 6, 0, 9, 0, 7, 9, 0, 0, 7, 8, 9, 0, 6, 7, 9, 8, 0, 5, 0, 0, 6, 7, 0, 0, 8, 6, 0, 0, 7, 8, 0, 8, 0, 0, 0, 6, 0, 9, 0, 0, 9, 6, 8, : 7, 6, 8, 9, 8, 8, 7, 6, 8, 7, 8, 8, 8, 7, 6, 9, 7, 9, 7, 8, 9, 6, 7, 9, 8, 5, 6, 7, 8, 6, 7, 8, 8, 6, 9, 9, 6, 8, 
109: 0, 0, 11, 7, 10, 0, 8, 0, 0, 0, 0, 0, 0, 8, 0, 9, 0, 8, 9, 8, 0, 0, 0, 7, 9, 9, 0, 0, 0, 8, 0, 0, 0, 8, 0, 7, 0, 9, 9, 7, 9, 0, 0, 0, 0, 0, 7, 5, 0, 0, 0, 0, 8, 5, 11, 0, 6, 0, 8, 8, 0, 5, 0, 8, 0, 0, 9, 9, 0, 0, 0, 0, 9, 7, 8, 6, 0, 0, 0, 0, : 11, 7, 10, 8, 8, 9, 8, 9, 8, 7, 9, 9, 8, 8, 7, 9, 9, 7, 9, 7, 5, 8, 5, 11, 6, 8, 8, 5, 8, 9, 9, 9, 7, 8, 6, 
130: 7, 4, 0, 0, 0, 8, 10, 6, 0, 6, 9, 0, 7, 6, 10, 8, 8, 8, 9, 0, 9, 0, 8, 0, 0, 0, 5, 6, 7, 10, 8, 0, 0, 0, 0, 10, 0, 0, 0, 0, 9, 7, 0, 6, 5, 0, 0, 8, 0, 8, 10, 0, 11, 8, 8, 0, 0, 0, 0, 0, 0, 0, 10, 7, 6, 0, 6, 0, 0, 0, 0, 0, 0, 0, 6, 0, 9, 0, 0, 9, : 7, 4, 8, 10, 6, 6, 9, 7, 6, 10, 8, 8, 8, 9, 9, 8, 5, 6, 7, 10, 8, 10, 9, 7, 6, 5, 8, 8, 10, 11, 8, 8, 10, 7, 6, 6, 6, 9, 9, 
137: 6, 0, 9, 7, 6, 6, 9, 6, 9, 9, 0, 6, 10, 0, 4, 0, 0, 0, 0, 8, 7, 0, 8, 10, 0, 6, 6, 0, 8, 7, 8, 9, 8, 0, 5, 8, 0, 0, 8, 0, 7, 9, 0, 0, 9, 0, 5, 0, 8, 0, 9, 0, 0, 9, 0, 0, 0, 7, 8, 7, 8, 0, 0, 0, 0, 0, 9, 7, 0, 6, 7, 0, 0, 0, 7, 7, 7, 0, 6, 0, : 6, 9, 7, 6, 6, 9, 6, 9, 9, 6, 10, 4, 8, 7, 8, 10, 6, 6, 8, 7, 8, 9, 8, 5, 8, 8, 7, 9, 9, 5, 8, 9, 9, 7, 8, 7, 8, 9, 7, 6, 7, 7, 7, 7, 6, 
47: 9, 0, 0, 0, 0, 0, 0, 6, 9, 5, 5, 0, 6, 0, 0, 8, 0, 0, 0, 7, 0, 0, 0, 0, 0, 9, 9, 9, 0, 8, 0, 0, 8, 9, 0, 0, 0, 7, 6, 0, 0, 8, 9, 0, 0, 0, 0, 0, 0, 0, 7, 0, 9, 5, 0, 7, 0, 0, 11, 6, 0, 0, 6, 0, 0, 5, 0, 0, 0, 8, 0, 7, 0, 7, 0, 0, 0, 0, 7, 0, : 9, 6, 9, 5, 5, 6, 8, 7, 9, 9, 9, 8, 8, 9, 7, 6, 8, 9, 7, 9, 5, 7, 11, 6, 6, 5, 8, 7, 7, 7, 
92: 9, 7, 8, 6, 0, 10, 5, 0, 10, 6, 0, 0, 0, 6, 0, 0, 8, 0, 10, 0, 7, 0, 6, 7, 8, 0, 0, 9, 8, 0, 0, 0, 7, 0, 0, 0, 0, 0, 9, 0, 0, 9, 0, 0, 0, 5, 8, 0, 7, 7, 8, 9, 8, 0, 0, 0, 9, 7, 7, 0, 0, 8, 9, 0, 9, 8, 9, 7, 6, 0, 9, 0, 9, 6, 0, 6, 6, 0, 0, 9, : 9, 7, 8, 6, 10, 5, 10, 6, 6, 8, 10, 7, 6, 7, 8, 9, 8, 7, 9, 9, 5, 8, 7, 7, 8, 9, 8, 9, 7, 7, 8, 9, 9, 8, 9, 7, 6, 9, 9, 6, 6, 6, 9, 
132: 7, 9, 8, 6, 8, 0, 0, 0, 6, 7, 7, 0, 0, 8, 5, 0, 6, 7, 0, 0, 0, 8, 7, 0, 0, 9, 8, 0, 7, 0, 0, 5, 0, 0, 8, 8, 8, 0, 0, 8, 7, 0, 0, 0, 7, 0, 8, 7, 0, 0, 0, 0, 0, 0, 0, 0, 0, 0, 7, 9, 9, 8, 5, 0, 0, 0, 0, 8, 6, 0, 0, 0, 0, 0, 0, 0, 9, 9, 7, 0, : 7, 9, 8, 6, 8, 6, 7, 7, 8, 5, 6, 7, 8, 7, 9, 8, 7, 5, 8, 8, 8, 8, 7, 7, 8, 7, 7, 9, 9, 8, 5, 8, 6, 9, 9, 7, 
118: 0, 11, 0, 0, 0, 8, 0, 6, 7, 0, 0, 9, 8, 0, 0, 0, 0, 0, 0, 6, 9, 5, 0, 0, 9, 0, 0, 0, 5, 6, 0, 0, 0, 0, 7, 0, 0, 8, 7, 7, 0, 0, 6, 0, 0, 0, 8, 0, 0, 7, 0, 0, 9, 8, 8, 6, 0, 6, 0, 7, 11, 0, 7, 0, 0, 9, 9, 6, 0, 0, 7, 0, 0, 7, 8, 0, 7, 7, 0, 7, : 11, 8, 6, 7, 9, 8, 6, 9, 5, 9, 5, 6, 7, 8, 7, 7, 6, 8, 7, 9, 8, 8, 6, 6, 7, 11, 7, 9, 9, 6, 7, 7, 8, 7, 7, 7, 
64: 0, 0, 7, 0, 0, 7, 9, 9, 6, 11, 0, 0, 0, 0, 0, 7, 0, 8, 6, 10, 5, 0, 8, 0, 0, 6, 9, 7, 0, 0, 0, 8, 0, 9, 0, 0, 6, 0, 8, 0, 7, 5, 7, 0, 8, 0, 0, 9, 5, 0, 7, 10, 0, 0, 0, 6, 8, 0, 9, 0, 8, 8, 0, 0, 0, 6, 5, 0, 7, 8, 0, 6, 0, 9, 8, 7, 0, 6, 9, 7, : 7, 7, 9, 9, 6, 11, 7, 8, 6, 10, 5, 8, 6, 9, 7, 8, 9, 6, 8, 7, 5, 7, 8, 9, 5, 7, 10, 6, 8, 9, 8, 8, 6, 5, 7, 8, 6, 9, 8, 7, 6, 9, 7, 
66: 0, 0, 7, 4, 0, 0, 9, 0, 0, 9, 6, 0, 5, 5, 9, 0, 0, 10, 0, 0, 0, 8, 7, 0, 0, 0, 10, 7, 5, 9, 0, 8, 5, 7, 0, 5, 10, 6, 9, 0, 0, 0, 0, 0, 0, 0, 6, 5, 7, 0, 0, 0, 5, 0, 7, 0, 6, 0, 6, 0, 8, 0, 0, 5, 8, 6, 9, 9, 0, 9, 0, 0, 0, 9, 7, 0, 6, 0, 7, 0, : 7, 4, 9, 9, 6, 5, 5, 9, 10, 8, 7, 10, 7, 5, 9, 8, 5, 7, 5, 10, 6, 9, 6, 5, 7, 5, 7, 6, 6, 8, 5, 8, 6, 9, 9, 9, 9, 7, 6, 7, 
115: 7, 0, 0, 0, 0, 8, 0, 8, 0, 0, 0, 8, 0, 8, 7, 0, 5, 0, 0, 9, 0, 0, 0, 7, 0, 6, 0, 8, 9, 5, 9, 8, 5, 7, 7, 6, 0, 0, 0, 0, 8, 0, 7, 8, 8, 0, 0, 0, 0, 6, 0, 0, 0, 0, 0, 10, 0, 6, 0, 7, 7, 7, 0, 6, 0, 0, 0, 6, 9, 6, 0, 0, 7, 0, 0, 8, 6, 7, 8, 0, : 7, 8, 8, 8, 8, 7, 5, 9, 7, 6, 8, 9, 5, 9, 8, 5, 7, 7, 6, 8, 7, 8, 8, 6, 10, 6, 7, 7, 7, 6, 6, 9, 6, 7, 8, 6, 7, 8, 
122: 0, 0, 0, 0, 11, 8, 7, 0, 9, 0, 6, 6, 0, 0, 8, 8, 8, 0, 0, 0, 0, 0, 10, 0, 9, 9, 10, 7, 0, 8, 0, 0, 0, 8, 0, 9, 0, 0, 7, 8, 0, 5, 0, 7, 7, 8, 0, 0, 0, 5, 0, 9, 0, 7, 0, 0, 7, 0, 0, 0, 6, 7, 0, 0, 6, 0, 0, 7, 0, 9, 0, 0, 0, 8, 0, 0, 8, 6, 0, 6, : 11, 8, 7, 9, 6, 6, 8, 8, 8, 10, 9, 9, 10, 7, 8, 8, 9, 7, 8, 5, 7, 7, 8, 5, 9, 7, 7, 6, 7, 6, 7, 9, 8, 8, 6, 6, 
43: 8, 0, 0, 6, 8, 9, 0, 5, 8, 10, 7, 8, 5, 9, 6, 4, 0, 4, 10, 7, 0, 10, 8, 8, 0, 0, 7, 10, 9, 8, 0, 0, 7, 0, 9, 0, 8, 7, 0, 9, 0, 7, 0, 0, 7, 8, 0, 0, 6, 0, 0, 8, 0, 10, 0, 0, 7, 7, 6, 6, 10, 6, 0, 0, 9, 6, 0, 0, 0, 8, 0, 8, 0, 8, 9, 0, 7, 7, 0, 0, : 8, 6, 8, 9, 5, 8, 10, 7, 8, 5, 9, 6, 4, 4, 10, 7, 10, 8, 8, 7, 10, 9, 8, 7, 9, 8, 7, 9, 7, 7, 8, 6, 8, 10, 7, 7, 6, 6, 10, 6, 9, 6, 8, 8, 8, 9, 7, 7, 


39: 0, 0, 0, 8, 7, 9, 0, 0, 10, 0, 9, 6, 9, 0, 0, 8, 7, 7, 8, 9, 8, 8, 8, 7, 9, 0, 0, 0, 0, 6, 0, 0, 9, 0, 10, 0, 0, 0, 8, 7, 6, 10, 0, 0, 0, 9, 8, 0, 9, 0, 8, 7, 0, 0, 5, 0, 7, 0, 0, 0, 9, 0, 0, 10, 5, 7, 8, 8, 9, 7, 7, 0, 0, 0, 8, 0, 5, 0, 0, 0, : 8, 7, 9, 10, 9, 6, 9, 8, 7, 7, 8, 9, 8, 8, 8, 7, 9, 6, 9, 10, 8, 7, 6, 10, 9, 8, 9, 8, 7, 5, 7, 9, 10, 5, 7, 8, 8, 9, 7, 7, 8, 5, 
50: 8, 0, 0, 8, 0, 0, 10, 7, 0, 8, 7, 0, 6, 0, 9, 8, 8, 8, 0, 0, 0, 0, 0, 7, 0, 0, 0, 0, 0, 0, 6, 0, 0, 9, 0, 8, 0, 0, 10, 5, 7, 0, 0, 0, 0, 8, 0, 0, 9, 0, 0, 0, 0, 9, 8, 7, 0, 7, 0, 0, 9, 5, 0, 0, 0, 0, 8, 0, 8, 0, 8, 0, 7, 8, 0, 8, 0, 8, 0, 8, : 8, 8, 10, 7, 8, 7, 6, 9, 8, 8, 8, 7, 6, 9, 8, 10, 5, 7, 8, 9, 9, 8, 7, 7, 9, 5, 8, 8, 8, 7, 8, 8, 8, 8, 
189: 0, 8, 8, 0, 0, 0, 0, 7, 9, 8, 10, 6, 0, 9, 0, 7, 7, 9, 0, 9, 0, 0, 0, 0, 0, 0, 0, 0, 0, 8, 6, 0, 5, 0, 0, 0, 10, 7, 5, 0, 8, 8, 10, 9, 7, 0, 0, 0, 0, 6, 0, 8, 8, 7, 11, 10, 5, 0, 0, 0, 9, 0, 9, 8, 9, 0, 6, 0, 0, 9, 0, 0, 8, 0, 7, 0, 8, 7, 9, 5, : 8, 8, 7, 9, 8, 10, 6, 9, 7, 7, 9, 9, 8, 6, 5, 10, 7, 5, 8, 8, 10, 9, 7, 6, 8, 8, 7, 11, 10, 5, 9, 9, 8, 9, 6, 9, 8, 7, 8, 7, 9, 5, 
199: 8, 7, 0, 0, 5, 7, 6, 0, 7, 0, 0, 7, 0, 9, 5, 8, 7, 0, 0, 0, 6, 9, 11, 8, 8, 8, 7, 0, 0, 9, 0, 0, 10, 0, 7, 0, 0, 0, 0, 0, 7, 0, 0, 6, 0, 6, 5, 5, 8, 0, 0, 8, 7, 0, 10, 7, 0, 9, 6, 0, 0, 0, 7, 9, 0, 0, 0, 0, 0, 0, 8, 0, 0, 8, 8, 9, 7, 0, 6, 7, : 8, 7, 5, 7, 6, 7, 7, 9, 5, 8, 7, 6, 9, 11, 8, 8, 8, 7, 9, 10, 7, 7, 6, 6, 5, 5, 8, 8, 7, 10, 7, 9, 6, 7, 9, 8, 8, 8, 9, 7, 6, 7, 
146: 0, 0, 0, 7, 8, 7, 0, 0, 0, 6, 0, 0, 7, 0, 8, 0, 7, 0, 0, 5, 7, 5, 8, 6, 8, 7, 5, 0, 0, 0, 6, 7, 5, 8, 6, 7, 9, 8, 0, 8, 9, 0, 6, 9, 0, 9, 7, 6, 9, 5, 0, 0, 0, 6, 6, 0, 0, 9, 0, 7, 0, 7, 0, 0, 0, 0, 0, 8, 8, 7, 5, 7, 0, 0, 0, 0, 0, 0, 0, 6, : 7, 8, 7, 6, 7, 8, 7, 5, 7, 5, 8, 6, 8, 7, 5, 6, 7, 5, 8, 6, 7, 9, 8, 8, 9, 6, 9, 9, 7, 6, 9, 5, 6, 6, 9, 7, 7, 8, 8, 7, 5, 7, 6, 
179: 0, 8, 0, 0, 0, 6, 0, 0, 0, 6, 6, 0, 6, 6, 8, 8, 8, 0, 0, 0, 7, 0, 5, 4, 0, 9, 0, 8, 9, 7, 0, 0, 0, 9, 0, 8, 8, 5, 7, 0, 6, 0, 8, 7, 5, 6, 6, 0, 0, 9, 0, 6, 0, 0, 10, 0, 0, 8, 0, 0, 5, 6, 7, 6, 0, 0, 0, 8, 0, 8, 0, 9, 0, 0, 0, 0, 0, 0, 8, 0, : 8, 6, 6, 6, 6, 6, 8, 8, 8, 7, 5, 4, 9, 8, 9, 7, 9, 8, 8, 5, 7, 6, 8, 7, 5, 6, 6, 9, 6, 10, 8, 5, 6, 7, 6, 8, 8, 9, 8, 
69: 7, 0, 8, 9, 0, 0, 0, 0, 5, 0, 8, 0, 0, 0, 0, 9, 8, 0, 6, 8, 0, 7, 0, 0, 8, 0, 7, 0, 0, 8, 9, 9, 9, 0, 9, 0, 0, 0, 0, 0, 0, 9, 8, 0, 0, 9, 0, 6, 0, 0, 9, 0, 9, 0, 0, 8, 6, 0, 8, 10, 7, 6, 0, 0, 8, 6, 0, 0, 0, 0, 8, 0, 7, 7, 5, 8, 0, 8, 7, 0, : 7, 8, 9, 5, 8, 9, 8, 6, 8, 7, 8, 7, 8, 9, 9, 9, 9, 9, 8, 9, 6, 9, 9, 8, 6, 8, 10, 7, 6, 8, 6, 8, 7, 7, 5, 8, 8, 7, 
167: 8, 0, 7, 8, 0, 7, 0, 0, 7, 8, 0, 0, 9, 0, 0, 0, 9, 6, 6, 7, 0, 8, 9, 0, 0, 8, 0, 0, 0, 0, 9, 9, 0, 0, 0, 6, 7, 6, 0, 0, 0, 6, 0, 7, 6, 7, 0, 9, 5, 0, 0, 5, 9, 8, 0, 0, 8, 0, 0, 8, 0, 0, 0, 10, 8, 7, 0, 0, 0, 7, 8, 7, 0, 8, 6, 7, 0, 6, 0, 8, : 8, 7, 8, 7, 7, 8, 9, 9, 6, 6, 7, 8, 9, 8, 9, 9, 6, 7, 6, 6, 7, 6, 7, 9, 5, 5, 9, 8, 8, 8, 10, 8, 7, 7, 8, 7, 8, 6, 7, 6, 8, 
6: 0, 7, 8, 0, 0, 7, 0, 9, 0, 0, 0, 0, 7, 6, 10, 8, 8, 7, 9, 6, 0, 0, 8, 8, 5, 8, 7, 8, 0, 7, 5, 6, 5, 0, 0, 0, 5, 6, 0, 8, 0, 0, 0, 0, 9, 9, 9, 9, 7, 9, 8, 8, 9, 7, 0, 0, 0, 0, 9, 6, 8, 0, 0, 0, 6, 0, 0, 8, 8, 0, 0, 5, 7, 8, 0, 0, 0, 5, 6, 8, : 7, 8, 7, 9, 7, 6, 10, 8, 8, 7, 9, 6, 8, 8, 5, 8, 7, 8, 7, 5, 6, 5, 5, 6, 8, 9, 9, 9, 9, 7, 9, 8, 8, 9, 7, 9, 6, 8, 6, 8, 8, 5, 7, 8, 5, 6, 8, 
15: 9, 7, 0, 9, 0, 0, 9, 8, 6, 7, 0, 8, 9, 0, 9, 0, 0, 0, 0, 0, 0, 0, 6, 0, 7, 9, 0, 7, 0, 0, 0, 5, 0, 10, 5, 0, 8, 7, 6, 0, 0, 0, 7, 7, 0, 6, 8, 10, 7, 0, 0, 0, 11, 0, 8, 0, 10, 0, 0, 0, 0, 8, 0, 8, 6, 8, 9, 7, 0, 6, 0, 8, 8, 7, 8, 0, 9, 0, 0, 0, : 9, 7, 9, 9, 8, 6, 7, 8, 9, 9, 6, 7, 9, 7, 5, 10, 5, 8, 7, 6, 7, 7, 6, 8, 10, 7, 11, 8, 10, 8, 8, 6, 8, 9, 7, 6, 8, 8, 7, 8, 9, 
157: 7, 8, 0, 0, 7, 8, 9, 0, 0, 8, 9, 7, 0, 8, 0, 7, 0, 8, 8, 0, 8, 0, 0, 0, 0, 0, 0, 5, 7, 0, 0, 6, 0, 0, 0, 8, 0, 0, 0, 7, 8, 0, 0, 0, 0, 7, 9, 7, 0, 9, 7, 0, 6, 7, 0, 8, 0, 0, 0, 9, 0, 0, 10, 0, 7, 8, 0, 9, 0, 7, 8, 8, 0, 0, 9, 8, 7, 0, 8, 0, : 7, 8, 7, 8, 9, 8, 9, 7, 8, 7, 8, 8, 8, 5, 7, 6, 8, 7, 8, 7, 9, 7, 9, 7, 6, 7, 8, 9, 10, 7, 8, 9, 7, 8, 8, 9, 8, 7, 8, 
4: 0, 9, 0, 0, 9, 0, 9, 6, 0, 7, 0, 0, 0, 9, 8, 9, 0, 9, 0, 10, 0, 7, 9, 0, 0, 0, 8, 0, 7, 0, 0, 9, 6, 10, 7, 6, 8, 6, 0, 0, 0, 8, 9, 0, 7, 0, 8, 0, 9, 7, 9, 9, 6, 0, 0, 6, 8, 6, 7, 0, 0, 0, 8, 0, 0, 8, 0, 6, 6, 7, 0, 0, 8, 8, 0, 0, 0, 8, 0, 0, : 9, 9, 9, 6, 7, 9, 8, 9, 9, 10, 7, 9, 8, 7, 9, 6, 10, 7, 6, 8, 6, 8, 9, 7, 8, 9, 7, 9, 9, 6, 6, 8, 6, 7, 8, 8, 6, 6, 7, 8, 8, 8, 
40: 7, 8, 0, 0, 0, 0, 7, 9, 0, 0, 8, 0, 6, 6, 8, 7, 6, 0, 9, 0, 9, 6, 0, 8, 8, 8, 0, 6, 8, 0, 9, 0, 0, 8, 6, 7, 0, 0, 8, 0, 0, 0, 6, 0, 7, 0, 0, 0, 7, 0, 7, 0, 4, 0, 0, 0, 0, 5, 6, 5, 0, 7, 5, 0, 8, 0, 0, 0, 0, 0, 9, 0, 9, 8, 0, 8, 0, 9, 7, 0, : 7, 8, 7, 9, 8, 6, 6, 8, 7, 6, 9, 9, 6, 8, 8, 8, 6, 8, 9, 8, 6, 7, 8, 6, 7, 7, 7, 4, 5, 6, 5, 7, 5, 8, 9, 9, 8, 8, 9, 7, 
17: 7, 0, 8, 6, 7, 0, 7, 7, 0, 0, 7, 0, 7, 0, 0, 0, 0, 0, 10, 0, 0, 0, 0, 0, 0, 6, 0, 8, 0, 0, 0, 0, 5, 0, 8, 0, 8, 8, 0, 8, 0, 7, 4, 0, 7, 0, 0, 0, 0, 6, 0, 0, 7, 0, 0, 9, 0, 7, 10, 8, 0, 0, 0, 5, 6, 0, 0, 0, 6, 8, 7, 0, 0, 7, 7, 6, 0, 0, 0, 7, : 7, 8, 6, 7, 7, 7, 7, 7, 10, 6, 8, 5, 8, 8, 8, 8, 7, 4, 7, 6, 7, 9, 7, 10, 8, 5, 6, 6, 8, 7, 7, 7, 6, 7, 
197: 0, 0, 8, 7, 0, 7, 0, 0, 0, 8, 0, 0, 0, 0, 10, 7, 9, 0, 5, 7, 7, 10, 8, 5, 0, 0, 0, 7, 7, 0, 0, 0, 9, 6, 9, 9, 0, 9, 0, 0, 8, 8, 10, 0, 0, 0, 0, 0, 0, 0, 0, 0, 0, 0, 6, 6, 10, 0, 0, 7, 7, 0, 9, 0, 6, 6, 0, 9, 0, 8, 0, 0, 0, 7, 0, 7, 0, 0, 8, 9, : 8, 7, 7, 8, 10, 7, 9, 5, 7, 7, 10, 8, 5, 7, 7, 9, 6, 9, 9, 9, 8, 8, 10, 6, 6, 10, 7, 7, 9, 6, 6, 9, 8, 7, 7, 8, 9, 
38: 0, 8, 0, 0, 0, 0, 9, 7, 8, 8, 7, 9, 0, 8, 0, 6, 7, 0, 0, 0, 0, 0, 8, 0, 0, 0, 8, 7, 0, 0, 0, 7, 7, 6, 9, 0, 6, 10, 8, 0, 8, 7, 0, 0, 0, 0, 0, 8, 6, 0, 0, 9, 0, 11, 0, 7, 0, 0, 7, 0, 0, 9, 7, 6, 0, 0, 8, 0, 0, 0, 0, 8, 7, 8, 7, 8, 0, 0, 0, 0, : 8, 9, 7, 8, 8, 7, 9, 8, 6, 7, 8, 8, 7, 7, 7, 6, 9, 6, 10, 8, 8, 7, 8, 6, 9, 11, 7, 7, 9, 7, 6, 8, 8, 7, 8, 7, 8, 
190: 8, 0, 7, 0, 7, 8, 7, 9, 8, 9, 0, 9, 8, 5, 0, 6, 10, 0, 0, 0, 0, 0, 0, 7, 0, 0, 7, 8, 8, 0, 10, 0, 6, 9, 0, 0, 7, 0, 0, 0, 0, 9, 0, 10, 6, 9, 6, 0, 8, 0, 0, 0, 0, 0, 0, 0, 0, 5, 8, 7, 8, 9, 0, 0, 0, 7, 0, 0, 9, 7, 0, 0, 0, 0, 6, 0, 0, 8, 8, 0, : 8, 7, 7, 8, 7, 9, 8, 9, 9, 8, 5, 6, 10, 7, 7, 8, 8, 10, 6, 9, 7, 9, 10, 6, 9, 6, 8, 5, 8, 7, 8, 9, 7, 9, 7, 6, 8, 8, 
131: 0, 0, 9, 0, 0, 0, 8, 9, 0, 0, 9, 0, 0, 5, 0, 0, 0, 0, 0, 0, 7, 11, 0, 6, 8, 8, 0, 7, 7, 0, 7, 0, 0, 0, 5, 6, 0, 8, 0, 8, 0, 0, 10, 5, 0, 0, 0, 0, 10, 0, 0, 7, 0, 0, 0, 0, 10, 7, 0, 0, 4, 6, 9, 0, 9, 8, 0, 8, 7, 9, 8, 7, 0, 0, 7, 8, 0, 0, 0, 8, : 9, 8, 9, 9, 5, 7, 11, 6, 8, 8, 7, 7, 7, 5, 6, 8, 8, 10, 5, 10, 7, 10, 7, 4, 6, 9, 9, 8, 8, 7, 9, 8, 7, 7, 8, 8, 
86: 0, 7, 6, 0, 0, 0, 6, 4, 0, 0, 7, 6, 0, 0, 8, 9, 7, 0, 8, 6, 5, 0, 0, 6, 0, 7, 8, 0, 5, 5, 0, 6, 0, 0, 0, 8, 0, 8, 5, 0, 0, 7, 0, 8, 0, 0, 0, 0, 5, 8, 9, 0, 9, 0, 6, 8, 9, 6, 7, 0, 7, 9, 6, 0, 0, 8, 8, 8, 0, 0, 0, 8, 7, 7, 8, 8, 7, 0, 8, 8, : 7, 6, 6, 4, 7, 6, 8, 9, 7, 8, 6, 5, 6, 7, 8, 5, 5, 6, 8, 8, 5, 7, 8, 5, 8, 9, 9, 6, 8, 9, 6, 7, 7, 9, 6, 8, 8, 8, 8, 7, 7, 8, 8, 7, 8, 8, 
81: 8, 0, 0, 7, 0, 0, 0, 7, 9, 0, 0, 6, 0, 0, 7, 0, 0, 9, 6, 7, 0, 0, 0, 8, 10, 8, 0, 0, 9, 5, 10, 0, 0, 5, 9, 9, 5, 0, 7, 4, 10, 0, 5, 6, 9, 0, 0, 8, 0, 9, 6, 0, 8, 10, 5, 0, 6, 7, 7, 0, 7, 0, 0, 9, 8, 0, 8, 7, 8, 0, 0, 8, 0, 0, 0, 0, 0, 0, 7, 0, : 8, 7, 7, 9, 6, 7, 9, 6, 7, 8, 10, 8, 9, 5, 10, 5, 9, 9, 5, 7, 4, 10, 5, 6, 9, 8, 9, 6, 8, 10, 5, 6, 7, 7, 7, 9, 8, 8, 7, 8, 8, 7, 
147: 0, 7, 0, 0, 5, 0, 0, 0, 8, 8, 0, 9, 0, 0, 0, 9, 0, 8, 0, 0, 0, 0, 0, 8, 0, 0, 8, 0, 8, 0, 0, 6, 0, 0, 9, 0, 0, 0, 0, 7, 8, 4, 9, 0, 7, 0, 9, 7, 6, 8, 6, 7, 7, 6, 7, 8, 0, 0, 5, 7, 0, 6, 5, 7, 8, 9, 8, 8, 0, 9, 7, 0, 7, 0, 0, 7, 0, 6, 0, 0, : 7, 5, 8, 8, 9, 9, 8, 8, 8, 8, 6, 9, 7, 8, 4, 9, 7, 9, 7, 6, 8, 6, 7, 7, 6, 7, 8, 5, 7, 6, 5, 7, 8, 9, 8, 8, 9, 7, 7, 7, 6, 
67: 0, 7, 8, 7, 0, 0, 0, 8, 8, 7, 0, 8, 0, 0, 8, 0, 0, 0, 8, 0, 4, 8, 0, 0, 7, 8, 8, 0, 7, 9, 9, 5, 0, 0, 0, 0, 10, 9, 0, 10, 4, 0, 9, 8, 0, 0, 9, 0, 7, 0, 9, 0, 0, 0, 0, 0, 0, 0, 6, 6, 5, 4, 0, 9, 8, 0, 0, 7, 0, 0, 8, 0, 6, 0, 8, 0, 9, 7, 7, 7, : 7, 8, 7, 8, 8, 7, 8, 8, 8, 4, 8, 7, 8, 8, 7, 9, 9, 5, 10, 9, 10, 4, 9, 8, 9, 7, 9, 6, 6, 5, 4, 9, 8, 7, 8, 6, 8, 9, 7, 7, 7, 
48: 8, 0, 5, 8, 0, 0, 5, 0, 0, 0, 0, 0, 9, 6, 0, 6, 9, 0, 8, 0, 0, 0, 0, 10, 9, 5, 0, 8, 5, 0, 6, 6, 0, 0, 6, 8, 0, 0, 9, 0, 6, 6, 0, 8, 4, 0, 0, 0, 9, 0, 0, 0, 0, 0, 0, 9, 0, 0, 9, 0, 0, 0, 7, 5, 0, 9, 7, 0, 7, 0, 0, 0, 8, 0, 0, 0, 0, 8, 0, 0, : 8, 5, 8, 5, 9, 6, 6, 9, 8, 10, 9, 5, 8, 5, 6, 6, 6, 8, 9, 6, 6, 8, 4, 9, 9, 9, 7, 5, 9, 7, 7, 8, 8, 
139: 7, 0, 7, 0, 7, 0, 6, 0, 0, 0, 8, 9, 9, 0, 6, 6, 6, 0, 0, 0, 0, 9, 8, 0, 8, 7, 8, 0, 0, 0, 0, 10, 10, 6, 0, 0, 0, 5, 8, 8, 9, 0, 8, 4, 0, 5, 0, 0, 6, 0, 6, 0, 7, 9, 0, 0, 7, 0, 8, 0, 0, 0, 9, 7, 8, 0, 6, 0, 7, 0, 7, 8, 5, 0, 8, 0, 0, 0, 8, 8, : 7, 7, 7, 6, 8, 9, 9, 6, 6, 6, 9, 8, 8, 7, 8, 10, 10, 6, 5, 8, 8, 9, 8, 4, 5, 6, 6, 7, 9, 7, 8, 9, 7, 8, 6, 7, 7, 8, 5, 8, 8, 8, 
56: 7, 8, 8, 0, 9, 7, 4, 10, 7, 7, 0, 0, 8, 0, 0, 0, 0, 7, 0, 0, 8, 8, 0, 0, 0, 0, 9, 0, 9, 10, 0, 0, 0, 8, 0, 0, 10, 0, 7, 6, 0, 0, 0, 0, 0, 8, 0, 9, 10, 8, 0, 0, 0, 8, 7, 6, 0, 0, 0, 6, 0, 0, 0, 6, 0, 9, 6, 0, 8, 8, 8, 0, 8, 0, 0, 0, 6, 0, 0, 8, : 7, 8, 8, 9, 7, 4, 10, 7, 7, 8, 7, 8, 8, 9, 9, 10, 8, 10, 7, 6, 8, 9, 10, 8, 8, 7, 6, 6, 6, 9, 6, 8, 8, 8, 8, 6, 8, 
143: 8, 0, 8, 8, 7, 9, 0, 9, 0, 9, 0, 0, 7, 9, 5, 0, 0, 7, 0, 8, 7, 5, 6, 0, 0, 0, 7, 0, 9, 7, 5, 0, 0, 9, 0, 0, 10, 0, 6, 0, 0, 10, 0, 6, 0, 8, 7, 9, 0, 0, 0, 0, 6, 5, 0, 10, 6, 0, 0, 5, 10, 0, 9, 0, 0, 8, 9, 8, 9, 5, 8, 0, 0, 0, 0, 8, 6, 8, 8, 8, : 8, 8, 8, 7, 9, 9, 9, 7, 9, 5, 7, 8, 7, 5, 6, 7, 9, 7, 5, 9, 10, 6, 10, 6, 8, 7, 9, 6, 5, 10, 6, 5, 10, 9, 8, 9, 8, 9, 5, 8, 8, 6, 8, 8, 8, 
10: 0, 0, 0, 7, 0, 10, 0, 6, 8, 0, 6, 7, 0, 10, 0, 0, 0, 0, 6, 8, 0, 8, 0, 8, 8, 0, 8, 9, 0, 0, 6, 10, 0, 0, 0, 9, 6, 0, 10, 9, 7, 9, 5, 0, 0, 0, 0, 8, 0, 6, 9, 9, 0, 7, 0, 0, 0, 0, 7, 8, 6, 8, 10, 0, 8, 9, 0, 6, 0, 0, 0, 8, 0, 0, 0, 0, 8, 0, 7, 0, : 7, 10, 6, 8, 6, 7, 10, 6, 8, 8, 8, 8, 8, 9, 6, 10, 9, 6, 10, 9, 7, 9, 5, 8, 6, 9, 9, 7, 7, 8, 6, 8, 10, 8, 9, 6, 8, 8, 7, 
121: 0, 8, 0, 0, 8, 0, 0, 0, 6, 6, 8, 0, 0, 8, 0, 9, 0, 0, 9, 9, 0, 0, 7, 0, 7, 0, 0, 0, 8, 0, 0, 0, 10, 7, 0, 0, 0, 9, 0, 0, 0, 6, 8, 0, 10, 10, 9, 0, 0, 6, 4, 6, 0, 7, 8, 0, 0, 8, 7, 8, 0, 7, 0, 5, 0, 0, 8, 0, 8, 0, 7, 0, 0, 5, 8, 9, 8, 0, 9, 0, : 8, 8, 6, 6, 8, 8, 9, 9, 9, 7, 7, 8, 10, 7, 9, 6, 8, 10, 10, 9, 6, 4, 6, 7, 8, 8, 7, 8, 7, 5, 8, 8, 7, 5, 8, 9, 8, 9, 
70: 8, 0, 7, 8, 0, 0, 0, 5, 7, 0, 6, 0, 0, 0, 0, 0, 6, 9, 0, 9, 6, 8, 9, 0, 0, 8, 5, 5, 6, 8, 8, 0, 0, 0, 9, 5, 6, 8, 0, 9, 0, 0, 0, 7, 9, 0, 0, 0, 0, 0, 7, 8, 0, 7, 8, 5, 0, 5, 0, 0, 0, 9, 0, 0, 7, 8, 9, 8, 7, 8, 0, 0, 8, 8, 0, 5, 7, 7, 0, 7, : 8, 7, 8, 5, 7, 6, 6, 9, 9, 6, 8, 9, 8, 5, 5, 6, 8, 8, 9, 5, 6, 8, 9, 7, 9, 7, 8, 7, 8, 5, 5, 9, 7, 8, 9, 8, 7, 8, 8, 8, 5, 7, 7, 7, 
82: 7, 0, 7, 8, 0, 7, 10, 7, 5, 0, 0, 7, 0, 7, 8, 0, 0, 0, 7, 0, 0, 0, 0, 0, 0, 0, 0, 0, 7, 8, 8, 8, 7, 0, 0, 0, 0, 7, 8, 7, 0, 0, 7, 7, 6, 0, 0, 9, 0, 8, 0, 8, 0, 0, 0, 6, 7, 8, 9, 0, 0, 0, 5, 7, 7, 5, 0, 0, 0, 0, 0, 8, 8, 7, 0, 8, 8, 0, 8, 0, : 7, 7, 8, 7, 10, 7, 5, 7, 7, 8, 7, 7, 8, 8, 8, 7, 7, 8, 7, 7, 7, 6, 9, 8, 8, 6, 7, 8, 9, 5, 7, 7, 5, 8, 8, 7, 8, 8, 8, 
32: 0, 5, 7, 0, 7, 9, 0, 0, 10, 0, 0, 8, 8, 0, 0, 0, 0, 10, 7, 0, 0, 0, 0, 8, 0, 0, 0, 7, 7, 0, 8, 9, 5, 0, 0, 9, 0, 0, 9, 7, 0, 0, 0, 10, 0, 8, 0, 0, 0, 9, 7, 0, 0, 0, 0, 0, 5, 8, 0, 9, 10, 0, 5, 0, 0, 0, 6, 6, 0, 7, 6, 8, 8, 0, 0, 7, 8, 8, 0, 9, : 5, 7, 7, 9, 10, 8, 8, 10, 7, 8, 7, 7, 8, 9, 5, 9, 9, 7, 10, 8, 9, 7, 5, 8, 9, 10, 5, 6, 6, 7, 6, 8, 8, 7, 8, 8, 9, 
89: 5, 0, 0, 0, 7, 6, 0, 0, 0, 0, 0, 6, 0, 7, 9, 0, 0, 5, 0, 0, 0, 0, 0, 8, 5, 0, 8, 8, 8, 7, 7, 9, 0, 6, 0, 0, 0, 0, 0, 0, 7, 0, 0, 0, 9, 4, 8, 7, 0, 7, 8, 8, 7, 8, 0, 0, 7, 10, 0, 9, 8, 0, 0, 8, 0, 0, 8, 6, 7, 0, 8, 8, 0, 0, 0, 0, 8, 0, 8, 0, : 5, 7, 6, 6, 7, 9, 5, 8, 5, 8, 8, 8, 7, 7, 9, 6, 7, 9, 4, 8, 7, 7, 8, 8, 7, 8, 7, 10, 9, 8, 8, 8, 6, 7, 8, 8, 8, 8, 
58: 0, 8, 7, 7, 0, 0, 7, 0, 0, 10, 6, 0, 6, 8, 7, 0, 0, 7, 0, 10, 9, 9, 7, 0, 5, 8, 0, 8, 0, 8, 0, 0, 8, 0, 5, 0, 5, 7, 7, 7, 0, 8, 7, 7, 10, 0, 9, 5, 5, 0, 8, 0, 9, 0, 0, 7, 0, 0, 0, 7, 6, 10, 0, 0, 0, 0, 0, 0, 0, 7, 0, 6, 8, 9, 0, 0, 8, 8, 0, 0, : 8, 7, 7, 7, 10, 6, 6, 8, 7, 7, 10, 9, 9, 7, 5, 8, 8, 8, 8, 5, 5, 7, 7, 7, 8, 7, 7, 10, 9, 5, 5, 8, 9, 7, 7, 6, 10, 7, 6, 8, 9, 8, 8, 
188: 0, 0, 0, 8, 8, 9, 0, 0, 8, 6, 8, 0, 0, 8, 6, 0, 5, 0, 0, 0, 6, 6, 0, 11, 7, 5, 7, 9, 0, 0, 0, 0, 9, 0, 6, 7, 8, 0, 0, 0, 8, 8, 7, 0, 0, 0, 8, 5, 0, 7, 7, 0, 8, 0, 6, 0, 9, 0, 0, 0, 9, 0, 10, 0, 0, 7, 0, 7, 7, 0, 7, 8, 0, 8, 0, 0, 8, 7, 5, 0, : 8, 8, 9, 8, 6, 8, 8, 6, 5, 6, 6, 11, 7, 5, 7, 9, 9, 6, 7, 8, 8, 8, 7, 8, 5, 7, 7, 8, 6, 9, 9, 10, 7, 7, 7, 7, 8, 8, 8, 7, 5, 
174: 0, 7, 0, 0, 8, 5, 9, 8, 0, 0, 0, 8, 0, 0, 6, 5, 0, 0, 7, 0, 11, 4, 4, 0, 8, 8, 9, 9, 0, 9, 0, 0, 0, 7, 0, 6, 0, 0, 0, 0, 8, 0, 7, 0, 0, 8, 0, 7, 0, 10, 0, 9, 0, 7, 9, 6, 5, 10, 8, 0, 0, 10, 6, 0, 0, 0, 7, 0, 0, 8, 0, 0, 0, 0, 8, 0, 0, 7, 0, 7, : 7, 8, 5, 9, 8, 8, 6, 5, 7, 11, 4, 4, 8, 8, 9, 9, 9, 7, 6, 8, 7, 8, 7, 10, 9, 7, 9, 6, 5, 10, 8, 10, 6, 7, 8, 8, 7, 7, 
106: 0, 0, 0, 0, 7, 5, 7, 0, 0, 8, 0, 0, 7, 8, 0, 0, 0, 7, 7, 5, 0, 0, 8, 9, 0, 7, 0, 0, 9, 7, 0, 8, 10, 10, 0, 0, 7, 0, 0, 7, 0, 7, 0, 10, 7, 0, 0, 7, 0, 7, 0, 7, 6, 7, 5, 0, 0, 0, 0, 9, 0, 5, 7, 0, 0, 0, 6, 0, 0, 8, 0, 0, 0, 8, 8, 0, 8, 8, 0, 8, : 7, 5, 7, 8, 7, 8, 7, 7, 5, 8, 9, 7, 9, 7, 8, 10, 10, 7, 7, 7, 10, 7, 7, 7, 7, 6, 7, 5, 9, 5, 7, 6, 8, 8, 8, 8, 8, 8, 
119: 7, 8, 9, 5, 9, 0, 7, 0, 7, 0, 6, 9, 8, 0, 0, 0, 0, 7, 9, 6, 10, 0, 7, 0, 0, 0, 8, 8, 0, 0, 0, 0, 9, 7, 9, 10, 0, 0, 7, 0, 0, 0, 0, 0, 8, 6, 6, 0, 0, 6, 10, 0, 0, 5, 8, 0, 10, 10, 7, 9, 10, 0, 0, 11, 0, 0, 8, 0, 0, 0, 0, 7, 8, 8, 8, 8, 0, 0, 0, 0, : 7, 8, 9, 5, 9, 7, 7, 6, 9, 8, 7, 9, 6, 10, 7, 8, 8, 9, 7, 9, 10, 7, 8, 6, 6, 6, 10, 5, 8, 10, 10, 7, 9, 10, 11, 8, 7, 8, 8, 8, 8, 
16: 9, 8, 8, 0, 0, 0, 0, 0, 0, 0, 0, 8, 0, 8, 5, 8, 9, 6, 7, 5, 9, 0, 6, 8, 7, 0, 0, 0, 0, 6, 0, 9, 0, 0, 0, 9, 0, 10, 8, 0, 7, 8, 0, 0, 0, 0, 8, 9, 0, 0, 6, 8, 0, 9, 10, 6, 8, 0, 0, 0, 6, 0, 0, 7, 8, 7, 7, 0, 7, 0, 0, 0, 0, 6, 0, 7, 0, 8, 0, 6, : 9, 8, 8, 8, 8, 5, 8, 9, 6, 7, 5, 9, 6, 8, 7, 6, 9, 9, 10, 8, 7, 8, 8, 9, 6, 8, 9, 10, 6, 8, 6, 7, 8, 7, 7, 7, 6, 7, 8, 6, 
113: 7, 0, 0, 7, 10, 10, 8, 8, 0, 6, 8, 0, 8, 0, 0, 0, 0, 8, 0, 7, 10, 8, 8, 0, 8, 8, 8, 8, 0, 7, 10, 6, 0, 5, 10, 0, 7, 7, 7, 9, 0, 5, 0, 9, 9, 8, 5, 0, 0, 0, 0, 9, 7, 0, 7, 0, 7, 9, 0, 0, 0, 10, 0, 7, 10, 6, 0, 0, 8, 0, 0, 7, 8, 0, 9, 6, 7, 0, 0, 8, : 7, 7, 10, 10, 8, 8, 6, 8, 8, 8, 7, 10, 8, 8, 8, 8, 8, 8, 7, 10, 6, 5, 10, 7, 7, 7, 9, 5, 9, 9, 8, 5, 9, 7, 7, 7, 9, 10, 7, 10, 6, 8, 7, 8, 9, 6, 7, 8, 
24: 0, 7, 0, 8, 8, 7, 0, 0, 7, 0, 7, 7, 6, 0, 0, 0, 7, 6, 0, 9, 6, 6, 0, 0, 0, 0, 0, 0, 0, 9, 6, 0, 6, 5, 6, 5, 0, 0, 0, 9, 9, 0, 0, 0, 8, 0, 6, 0, 8, 0, 0, 4, 0, 0, 0, 11, 0, 6, 9, 0, 0, 9, 0, 0, 0, 0, 0, 8, 6, 0, 8, 7, 0, 0, 7, 0, 8, 9, 8, 0, : 7, 8, 8, 7, 7, 7, 7, 6, 7, 6, 9, 6, 6, 9, 6, 6, 5, 6, 5, 9, 9, 8, 6, 8, 4, 11, 6, 9, 9, 8, 6, 8, 7, 7, 8, 9, 8, 


125: 0, 7, 7, 0, 6, 0, 6, 9, 0, 0, 11, 0, 8, 0, 8, 9, 6, 7, 9, 7, 6, 7, 0, 10, 9, 0, 8, 0, 8, 0, 0, 0, 0, 7, 0, 0, 0, 0, 5, 0, 6, 8, 7, 0, 7, 0, 8, 0, 8, 0, 10, 10, 6, 0, 0, 5, 10, 8, 10, 0, 0, 0, 8, 11, 0, 0, 8, 0, 0, 7, 9, 9, 0, 0, 0, 8, 0, 0, 0, 8, : 7, 7, 6, 6, 9, 11, 8, 8, 9, 6, 7, 9, 7, 6, 7, 10, 9, 8, 8, 7, 5, 6, 8, 7, 7, 8, 8, 10, 10, 6, 5, 10, 8, 10, 8, 11, 8, 7, 9, 9, 8, 8, 
128: 8, 0, 0, 0, 9, 6, 0, 7, 0, 6, 6, 0, 7, 7, 6, 9, 0, 8, 0, 0, 0, 7, 0, 0, 9, 8, 7, 10, 0, 11, 0, 0, 0, 8, 8, 0, 0, 8, 0, 0, 7, 8, 0, 0, 0, 11, 8, 8, 0, 0, 0, 0, 0, 8, 0, 7, 0, 0, 8, 5, 8, 0, 0, 0, 7, 0, 8, 0, 0, 7, 7, 9, 8, 0, 0, 0, 9, 9, 8, 0, : 8, 9, 6, 7, 6, 6, 7, 7, 6, 9, 8, 7, 9, 8, 7, 10, 11, 8, 8, 8, 7, 8, 11, 8, 8, 8, 7, 8, 5, 8, 7, 8, 7, 7, 9, 8, 9, 9, 8, 
93: 8, 0, 0, 7, 0, 0, 0, 8, 0, 0, 0, 6, 0, 7, 0, 7, 8, 0, 6, 0, 0, 9, 0, 0, 0, 0, 0, 0, 0, 6, 0, 0, 0, 0, 0, 7, 8, 8, 0, 9, 0, 9, 9, 0, 0, 8, 10, 0, 0, 0, 0, 0, 0, 0, 9, 6, 0, 6, 7, 0, 0, 0, 0, 8, 7, 0, 0, 7, 7, 9, 9, 8, 7, 0, 6, 8, 8, 0, 0, 0, : 8, 7, 8, 6, 7, 7, 8, 6, 9, 6, 7, 8, 8, 9, 9, 9, 8, 10, 9, 6, 6, 7, 8, 7, 7, 7, 9, 9, 8, 7, 6, 8, 8, 
164: 0, 9, 7, 0, 0, 0, 0, 9, 0, 6, 0, 8, 0, 8, 0, 5, 5, 0, 0, 0, 0, 0, 8, 0, 9, 7, 6, 7, 7, 0, 6, 0, 5, 0, 9, 6, 0, 5, 8, 0, 0, 0, 0, 0, 7, 4, 0, 0, 6, 8, 6, 7, 10, 0, 9, 7, 0, 0, 0, 10, 5, 6, 8, 9, 0, 6, 0, 6, 8, 7, 0, 7, 0, 7, 0, 0, 7, 0, 7, 0, : 9, 7, 9, 6, 8, 8, 5, 5, 8, 9, 7, 6, 7, 7, 6, 5, 9, 6, 5, 8, 7, 4, 6, 8, 6, 7, 10, 9, 7, 10, 5, 6, 8, 9, 6, 6, 8, 7, 7, 7, 7, 7, 
27: 8, 7, 0, 0, 6, 10, 0, 7, 0, 0, 0, 9, 0, 9, 7, 0, 0, 0, 8, 0, 0, 9, 10, 7, 9, 10, 5, 0, 0, 7, 10, 6, 9, 0, 7, 0, 0, 0, 0, 7, 0, 9, 0, 6, 0, 0, 8, 0, 6, 0, 7, 7, 0, 10, 6, 9, 0, 5, 0, 0, 0, 8, 11, 8, 6, 8, 0, 8, 0, 7, 7, 0, 7, 8, 0, 0, 0, 0, 0, 9, : 8, 7, 6, 10, 7, 9, 9, 7, 8, 9, 10, 7, 9, 10, 5, 7, 10, 6, 9, 7, 7, 9, 6, 8, 6, 7, 7, 10, 6, 9, 5, 8, 11, 8, 6, 8, 8, 7, 7, 7, 8, 9, 
35: 0, 0, 8, 7, 0, 8, 10, 0, 9, 0, 0, 0, 0, 0, 0, 8, 7, 0, 6, 9, 8, 10, 5, 0, 0, 8, 0, 0, 9, 0, 7, 8, 0, 0, 0, 9, 6, 5, 0, 0, 0, 8, 7, 7, 0, 0, 0, 0, 6, 7, 8, 7, 0, 0, 7, 0, 6, 9, 0, 0, 0, 0, 0, 7, 9, 0, 6, 9, 0, 9, 8, 0, 8, 0, 9, 0, 0, 7, 0, 9, : 8, 7, 8, 10, 9, 8, 7, 6, 9, 8, 10, 5, 8, 9, 7, 8, 9, 6, 5, 8, 7, 7, 6, 7, 8, 7, 7, 6, 9, 7, 9, 6, 9, 9, 8, 8, 9, 7, 9, 
21: 0, 0, 0, 6, 0, 0, 9, 0, 0, 7, 5, 0, 0, 6, 0, 8, 8, 0, 0, 0, 7, 0, 6, 5, 0, 0, 10, 0, 7, 7, 8, 0, 0, 0, 8, 0, 0, 8, 0, 0, 0, 8, 5, 0, 7, 0, 7, 0, 0, 6, 7, 7, 7, 5, 0, 8, 0, 0, 6, 0, 10, 10, 0, 0, 0, 6, 0, 6, 0, 8, 7, 0, 0, 9, 0, 0, 7, 0, 7, 0, : 6, 9, 7, 5, 6, 8, 8, 7, 6, 5, 10, 7, 7, 8, 8, 8, 8, 5, 7, 7, 6, 7, 7, 7, 5, 8, 6, 10, 10, 6, 6, 8, 7, 9, 7, 7, 
144: 8, 0, 8, 10, 0, 0, 9, 0, 7, 7, 6, 6, 0, 5, 9, 0, 8, 7, 7, 8, 0, 0, 7, 0, 0, 0, 0, 0, 0, 0, 0, 7, 7, 8, 0, 0, 0, 0, 0, 0, 0, 8, 0, 6, 9, 0, 0, 8, 6, 0, 6, 0, 7, 7, 7, 7, 4, 0, 0, 0, 0, 5, 8, 6, 0, 7, 10, 8, 0, 8, 0, 0, 9, 0, 0, 0, 0, 0, 0, 7, : 8, 8, 10, 9, 7, 7, 6, 6, 5, 9, 8, 7, 7, 8, 7, 7, 7, 8, 8, 6, 9, 8, 6, 6, 7, 7, 7, 7, 4, 5, 8, 6, 7, 10, 8, 8, 9, 7, 
135: 8, 0, 10, 0, 0, 0, 0, 0, 6, 9, 9, 8, 0, 8, 8, 8, 0, 8, 7, 0, 5, 6, 0, 0, 7, 0, 7, 0, 0, 0, 11, 0, 0, 8, 6, 9, 0, 0, 0, 8, 0, 7, 0, 6, 0, 8, 6, 7, 7, 9, 5, 0, 0, 0, 11, 7, 10, 0, 0, 7, 8, 0, 9, 0, 0, 6, 0, 0, 8, 7, 0, 7, 0, 9, 8, 0, 7, 0, 9, 0, : 8, 10, 6, 9, 9, 8, 8, 8, 8, 8, 7, 5, 6, 7, 7, 11, 8, 6, 9, 8, 7, 6, 8, 6, 7, 7, 9, 5, 11, 7, 10, 7, 8, 9, 6, 8, 7, 7, 9, 8, 7, 9, 
55: 8, 0, 7, 0, 0, 8, 0, 7, 0, 6, 9, 5, 0, 7, 0, 0, 8, 0, 0, 9, 10, 9, 0, 0, 7, 8, 8, 0, 7, 0, 6, 5, 8, 6, 0, 0, 0, 0, 6, 0, 0, 0, 8, 0, 0, 7, 6, 5, 9, 9, 11, 0, 7, 0, 8, 6, 10, 8, 0, 7, 0, 0, 7, 9, 0, 0, 0, 0, 0, 8, 9, 0, 8, 7, 0, 7, 9, 0, 0, 8, : 8, 7, 8, 7, 6, 9, 5, 7, 8, 9, 10, 9, 7, 8, 8, 7, 6, 5, 8, 6, 6, 8, 7, 6, 5, 9, 9, 11, 7, 8, 6, 10, 8, 7, 7, 9, 8, 9, 8, 7, 7, 9, 8, 
181: 0, 0, 7, 6, 0, 0, 0, 0, 7, 0, 0, 5, 7, 0, 11, 0, 0, 0, 7, 6, 9, 0, 0, 0, 0, 9, 0, 8, 0, 7, 0, 7, 0, 0, 0, 6, 0, 0, 8, 5, 0, 0, 7, 9, 8, 7, 0, 9, 8, 6, 8, 6, 6, 6, 0, 0, 0, 9, 0, 0, 8, 0, 0, 9, 6, 8, 0, 0, 9, 8, 0, 7, 0, 7, 0, 0, 8, 7, 6, 0, : 7, 6, 7, 5, 7, 11, 7, 6, 9, 9, 8, 7, 7, 6, 8, 5, 7, 9, 8, 7, 9, 8, 6, 8, 6, 6, 6, 9, 8, 9, 6, 8, 9, 8, 7, 7, 8, 7, 6, 
59: 7, 0, 6, 7, 0, 9, 8, 0, 0, 6, 7, 0, 0, 8, 8, 0, 0, 0, 0, 5, 0, 9, 0, 8, 7, 10, 0, 0, 0, 7, 6, 0, 0, 0, 6, 8, 6, 0, 0, 7, 9, 9, 8, 0, 0, 8, 8, 11, 9, 0, 7, 0, 7, 7, 0, 0, 0, 5, 0, 8, 5, 9, 0, 0, 7, 0, 5, 0, 7, 0, 0, 0, 0, 0, 9, 8, 0, 8, 7, 0, : 7, 6, 7, 9, 8, 6, 7, 8, 8, 5, 9, 8, 7, 10, 7, 6, 6, 8, 6, 7, 9, 9, 8, 8, 8, 11, 9, 7, 7, 7, 5, 8, 5, 9, 7, 5, 7, 9, 8, 8, 7, 
114: 7, 8, 8, 0, 0, 0, 7, 8, 6, 7, 8, 0, 6, 0, 5, 0, 0, 9, 8, 0, 9, 8, 0, 0, 0, 0, 0, 0, 7, 7, 0, 7, 9, 9, 8, 0, 5, 0, 0, 7, 0, 6, 0, 5, 7, 6, 0, 0, 7, 10, 0, 0, 6, 5, 6, 0, 0, 0, 6, 9, 7, 0, 0, 0, 9, 8, 0, 7, 7, 0, 8, 8, 8, 0, 0, 8, 8, 0, 0, 7, : 7, 8, 8, 7, 8, 6, 7, 8, 6, 5, 9, 8, 9, 8, 7, 7, 7, 9, 9, 8, 5, 7, 6, 5, 7, 6, 7, 10, 6, 5, 6, 6, 9, 7, 9, 8, 7, 7, 8, 8, 8, 8, 8, 7, 
36: 0, 0, 8, 7, 10, 0, 0, 0, 0, 0, 0, 0, 0, 6, 0, 0, 9, 8, 8, 0, 0, 0, 0, 9, 0, 0, 7, 7, 0, 0, 6, 0, 0, 9, 9, 0, 0, 7, 0, 5, 9, 0, 0, 8, 0, 0, 0, 0, 0, 0, 9, 7, 0, 0, 0, 0, 8, 8, 0, 0, 7, 6, 5, 0, 5, 0, 0, 7, 0, 0, 0, 7, 0, 8, 7, 7, 0, 0, 0, 0, : 8, 7, 10, 6, 9, 8, 8, 9, 7, 7, 6, 9, 9, 7, 5, 9, 8, 9, 7, 8, 8, 7, 6, 5, 5, 7, 7, 8, 7, 7, 
108: 6, 0, 0, 0, 7, 0, 0, 0, 6, 9, 0, 0, 0, 0, 7, 0, 0, 5, 5, 0, 0, 0, 0, 0, 6, 6, 0, 0, 0, 11, 0, 0, 10, 9, 9, 9, 9, 9, 0, 0, 0, 0, 9, 10, 7, 10, 7, 8, 0, 0, 0, 0, 11, 7, 0, 0, 9, 5, 0, 0, 9, 0, 0, 0, 0, 0, 6, 0, 0, 7, 0, 0, 0, 0, 8, 7, 7, 7, 0, 8, : 6, 7, 6, 9, 7, 5, 5, 6, 6, 11, 10, 9, 9, 9, 9, 9, 9, 10, 7, 10, 7, 8, 11, 7, 9, 5, 9, 6, 7, 8, 7, 7, 7, 8, 
62: 0, 8, 9, 0, 10, 7, 7, 6, 10, 8, 0, 6, 7, 0, 8, 0, 6, 7, 0, 7, 5, 0, 0, 0, 0, 0, 0, 0, 6, 0, 0, 0, 0, 0, 0, 9, 9, 8, 9, 0, 7, 0, 0, 9, 8, 5, 0, 9, 7, 9, 0, 8, 0, 7, 5, 0, 8, 0, 8, 6, 0, 0, 0, 0, 9, 6, 8, 0, 0, 6, 0, 0, 8, 0, 0, 0, 0, 7, 0, 8, : 8, 9, 10, 7, 7, 6, 10, 8, 6, 7, 8, 6, 7, 7, 5, 6, 9, 9, 8, 9, 7, 9, 8, 5, 9, 7, 9, 8, 7, 5, 8, 8, 6, 9, 6, 8, 6, 8, 7, 8, 
104: 7, 0, 7, 0, 6, 0, 8, 0, 0, 0, 6, 7, 0, 0, 7, 0, 0, 0, 0, 0, 6, 0, 10, 0, 0, 8, 8, 6, 8, 8, 7, 11, 0, 0, 0, 7, 6, 0, 0, 0, 8, 0, 0, 0, 0, 0, 0, 7, 0, 0, 9, 0, 7, 0, 0, 0, 9, 0, 0, 0, 10, 0, 0, 0, 8, 9, 9, 7, 0, 7, 8, 7, 0, 7, 7, 0, 0, 0, 7, 0, : 7, 7, 6, 8, 6, 7, 7, 6, 10, 8, 8, 6, 8, 8, 7, 11, 7, 6, 8, 7, 9, 7, 9, 10, 8, 9, 9, 7, 7, 8, 7, 7, 7, 7, 
51: 7, 7, 0, 9, 8, 0, 8, 10, 0, 0, 8, 6, 6, 7, 0, 0, 0, 0, 0, 8, 0, 10, 10, 7, 10, 7, 7, 0, 8, 0, 7, 7, 0, 0, 0, 7, 7, 9, 0, 0, 0, 0, 10, 7, 0, 6, 7, 8, 9, 5, 0, 0, 0, 0, 0, 8, 0, 0, 0, 7, 0, 7, 6, 0, 0, 10, 8, 8, 0, 8, 0, 7, 7, 7, 8, 6, 0, 7, 0, 7, : 7, 7, 9, 8, 8, 10, 8, 6, 6, 7, 8, 10, 10, 7, 10, 7, 7, 8, 7, 7, 7, 7, 9, 10, 7, 6, 7, 8, 9, 5, 8, 7, 7, 6, 10, 8, 8, 8, 7, 7, 7, 8, 6, 7, 7, 
79: 0, 7, 0, 0, 7, 6, 7, 7, 0, 0, 0, 0, 6, 0, 7, 0, 7, 6, 0, 9, 6, 0, 0, 0, 0, 7, 0, 7, 8, 0, 8, 0, 9, 9, 8, 0, 8, 0, 8, 0, 9, 6, 0, 0, 9, 0, 0, 9, 0, 8, 0, 8, 0, 0, 0, 0, 0, 0, 7, 8, 0, 8, 0, 5, 0, 0, 0, 9, 7, 0, 8, 0, 0, 0, 0, 7, 0, 0, 8, 7, : 7, 7, 6, 7, 7, 6, 7, 7, 6, 9, 6, 7, 7, 8, 8, 9, 9, 8, 8, 8, 9, 6, 9, 9, 8, 8, 7, 8, 8, 5, 9, 7, 8, 7, 8, 7, 
175: 9, 7, 6, 8, 7, 0, 0, 0, 8, 0, 6, 9, 6, 8, 5, 8, 9, 0, 7, 9, 0, 0, 8, 0, 5, 7, 0, 7, 0, 0, 7, 0, 8, 0, 0, 0, 0, 9, 9, 8, 0, 0, 0, 0, 0, 10, 5, 9, 9, 0, 0, 8, 0, 11, 0, 7, 0, 10, 8, 10, 8, 6, 0, 0, 7, 0, 8, 0, 0, 0, 0, 8, 7, 0, 0, 9, 7, 8, 0, 0, : 9, 7, 6, 8, 7, 8, 6, 9, 6, 8, 5, 8, 9, 7, 9, 8, 5, 7, 7, 7, 8, 9, 9, 8, 10, 5, 9, 9, 8, 11, 7, 10, 8, 10, 8, 6, 7, 8, 8, 7, 9, 7, 8, 
186: 0, 6, 0, 9, 0, 6, 7, 6, 0, 8, 0, 0, 9, 0, 0, 0, 7, 0, 0, 8, 8, 0, 8, 7, 5, 0, 0, 7, 5, 7, 6, 8, 0, 8, 0, 8, 0, 0, 9, 0, 9, 9, 8, 10, 9, 0, 11, 0, 0, 0, 4, 0, 10, 0, 10, 6, 0, 7, 10, 0, 5, 9, 0, 0, 8, 0, 0, 8, 0, 6, 7, 0, 7, 0, 7, 0, 0, 7, 7, 0, : 6, 9, 6, 7, 6, 8, 9, 7, 8, 8, 8, 7, 5, 7, 5, 7, 6, 8, 8, 8, 9, 9, 9, 8, 10, 9, 11, 4, 10, 10, 6, 7, 10, 5, 9, 8, 8, 6, 7, 7, 7, 7, 7, 
148: 0, 0, 0, 0, 9, 6, 0, 10, 0, 0, 8, 7, 0, 6, 0, 0, 0, 0, 8, 7, 9, 5, 0, 8, 0, 0, 0, 0, 0, 0, 7, 7, 0, 9, 0, 8, 0, 0, 8, 7, 0, 7, 6, 8, 8, 0, 10, 0, 0, 0, 0, 0, 4, 7, 0, 7, 8, 8, 8, 0, 0, 0, 7, 0, 0, 0, 6, 0, 6, 0, 0, 0, 6, 0, 0, 0, 0, 6, 0, 0, : 9, 6, 10, 8, 7, 6, 8, 7, 9, 5, 8, 7, 7, 9, 8, 8, 7, 7, 6, 8, 8, 10, 4, 7, 7, 8, 8, 8, 7, 6, 6, 6, 6, 
152: 7, 7, 0, 0, 10, 8, 8, 6, 10, 10, 0, 9, 0, 0, 9, 0, 7, 0, 0, 7, 0, 0, 0, 0, 0, 0, 0, 7, 11, 7, 0, 9, 6, 0, 0, 0, 9, 6, 0, 0, 0, 0, 8, 7, 0, 8, 0, 10, 0, 5, 0, 0, 5, 0, 0, 0, 0, 0, 5, 5, 0, 0, 6, 6, 6, 0, 7, 7, 7, 0, 0, 0, 0, 0, 7, 7, 0, 8, 0, 7, : 7, 7, 10, 8, 8, 6, 10, 10, 9, 9, 7, 7, 7, 11, 7, 9, 6, 9, 6, 8, 7, 8, 10, 5, 5, 5, 5, 6, 6, 6, 7, 7, 7, 7, 7, 8, 7, 
155: 0, 0, 0, 0, 6, 6, 6, 0, 7, 6, 0, 8, 0, 0, 0, 6, 0, 9, 8, 9, 0, 0, 0, 7, 7, 0, 8, 7, 0, 7, 0, 9, 0, 0, 5, 0, 9, 0, 0, 9, 0, 7, 7, 0, 8, 0, 9, 0, 0, 0, 0, 4, 0, 0, 8, 10, 0, 0, 6, 0, 0, 0, 0, 8, 6, 9, 0, 0, 7, 0, 0, 0, 8, 8, 8, 9, 0, 9, 0, 8, : 6, 6, 6, 7, 6, 8, 6, 9, 8, 9, 7, 7, 8, 7, 7, 9, 5, 9, 9, 7, 7, 8, 9, 4, 8, 10, 6, 8, 6, 9, 7, 8, 8, 8, 9, 9, 8, 
136: 0, 7, 0, 7, 7, 0, 0, 0, 9, 9, 7, 9, 7, 0, 7, 6, 8, 0, 0, 0, 10, 6, 9, 10, 10, 6, 6, 9, 0, 0, 0, 6, 8, 0, 0, 8, 9, 0, 7, 9, 8, 0, 7, 0, 0, 0, 8, 0, 4, 10, 8, 10, 0, 6, 7, 10, 6, 0, 0, 0, 0, 5, 0, 0, 0, 0, 0, 0, 8, 0, 0, 0, 0, 8, 0, 7, 0, 0, 0, 0, : 7, 7, 7, 9, 9, 7, 9, 7, 7, 6, 8, 10, 6, 9, 10, 10, 6, 6, 9, 6, 8, 8, 9, 7, 9, 8, 7, 8, 4, 10, 8, 10, 6, 7, 10, 6, 5, 8, 8, 7, 
154: 0, 7, 0, 0, 6, 0, 0, 6, 7, 0, 0, 0, 8, 0, 0, 8, 0, 7, 8, 0, 0, 6, 8, 6, 0, 8, 8, 8, 10, 0, 7, 8, 6, 5, 0, 7, 7, 0, 8, 8, 0, 0, 0, 0, 0, 0, 0, 6, 10, 7, 5, 0, 0, 0, 0, 0, 8, 10, 8, 0, 0, 9, 9, 0, 0, 0, 8, 8, 0, 0, 7, 0, 0, 0, 0, 0, 0, 8, 7, 0, : 7, 6, 6, 7, 8, 8, 7, 8, 6, 8, 6, 8, 8, 8, 10, 7, 8, 6, 5, 7, 7, 8, 8, 6, 10, 7, 5, 8, 10, 8, 9, 9, 8, 8, 7, 8, 7, 
141: 0, 0, 6, 0, 0, 0, 6, 9, 5, 7, 0, 0, 11, 0, 0, 0, 7, 7, 0, 0, 8, 8, 6, 5, 8, 8, 0, 9, 0, 6, 0, 0, 0, 7, 0, 0, 6, 0, 10, 0, 7, 0, 8, 0, 0, 9, 8, 0, 0, 0, 0, 6, 6, 0, 0, 6, 7, 7, 8, 0, 9, 9, 8, 0, 9, 9, 0, 0, 7, 0, 7, 6, 0, 0, 0, 7, 0, 8, 8, 7, : 6, 6, 9, 5, 7, 11, 7, 7, 8, 8, 6, 5, 8, 8, 9, 6, 7, 6, 10, 7, 8, 9, 8, 6, 6, 6, 7, 7, 8, 9, 9, 8, 9, 9, 7, 7, 6, 7, 8, 8, 7, 
111: 8, 8, 11, 6, 6, 7, 0, 7, 6, 10, 6, 0, 9, 0, 0, 0, 0, 8, 0, 7, 7, 0, 0, 10, 5, 5, 0, 0, 7, 7, 0, 0, 8, 5, 7, 8, 0, 6, 0, 10, 6, 0, 9, 0, 7, 0, 0, 0, 0, 7, 0, 8, 7, 8, 5, 8, 0, 6, 0, 10, 7, 6, 9, 0, 9, 7, 0, 8, 6, 7, 8, 0, 0, 6, 7, 8, 7, 7, 9, 6, : 8, 8, 11, 6, 6, 7, 7, 6, 10, 6, 9, 8, 7, 7, 10, 5, 5, 7, 7, 8, 5, 7, 8, 6, 10, 6, 9, 7, 7, 8, 7, 8, 5, 8, 6, 10, 7, 6, 9, 9, 7, 8, 6, 7, 8, 6, 7, 8, 7, 7, 9, 6, 
178: 7, 8, 8, 6, 8, 10, 0, 0, 9, 0, 0, 11, 9, 0, 0, 8, 0, 0, 0, 6, 0, 7, 5, 5, 0, 0, 0, 8, 0, 8, 0, 9, 7, 0, 0, 0, 0, 0, 0, 0, 7, 0, 0, 0, 7, 7, 0, 7, 0, 7, 0, 8, 10, 10, 8, 0, 5, 0, 8, 0, 0, 0, 8, 6, 0, 0, 8, 0, 7, 0, 0, 6, 0, 0, 7, 0, 8, 0, 8, 7, : 7, 8, 8, 6, 8, 10, 9, 11, 9, 8, 6, 7, 5, 5, 8, 8, 9, 7, 7, 7, 7, 7, 7, 8, 10, 10, 8, 5, 8, 8, 6, 8, 7, 6, 7, 8, 8, 7, 
177: 0, 0, 8, 8, 7, 0, 7, 0, 0, 0, 0, 0, 0, 8, 9, 7, 0, 7, 7, 7, 0, 8, 0, 9, 0, 0, 7, 10, 7, 7, 7, 0, 10, 6, 9, 0, 8, 9, 8, 0, 9, 6, 6, 0, 6, 0, 8, 7, 0, 0, 0, 0, 0, 7, 6, 0, 0, 0, 0, 8, 10, 9, 9, 8, 0, 0, 8, 0, 9, 0, 8, 8, 6, 7, 0, 8, 8, 7, 8, 0, : 8, 8, 7, 7, 8, 9, 7, 7, 7, 7, 8, 9, 7, 10, 7, 7, 7, 10, 6, 9, 8, 9, 8, 9, 6, 6, 6, 8, 7, 7, 6, 8, 10, 9, 9, 8, 8, 9, 8, 8, 6, 7, 8, 8, 7, 8, 
12: 0, 0, 0, 6, 0, 7, 0, 7, 8, 0, 9, 0, 8, 0, 0, 7, 0, 8, 0, 7, 6, 0, 10, 0, 9, 8, 8, 0, 0, 0, 7, 0, 5, 0, 8, 0, 0, 0, 0, 0, 8, 7, 7, 8, 0, 0, 0, 0, 11, 11, 7, 7, 0, 0, 8, 0, 9, 8, 0, 7, 7, 0, 5, 7, 0, 0, 7, 7, 8, 8, 0, 8, 0, 7, 8, 7, 7, 8, 0, 8, : 6, 7, 7, 8, 9, 8, 7, 8, 7, 6, 10, 9, 8, 8, 7, 5, 8, 8, 7, 7, 8, 11, 11, 7, 7, 8, 9, 8, 7, 7, 5, 7, 7, 7, 8, 8, 8, 7, 8, 7, 7, 8, 8, 
158: 8, 0, 0, 8, 0, 10, 0, 0, 0, 0, 0, 0, 0, 8, 8, 0, 7, 8, 9, 0, 0, 6, 7, 7, 0, 5, 0, 0, 0, 0, 0, 0, 0, 9, 0, 0, 0, 6, 7, 0, 5, 0, 0, 9, 5, 0, 0, 6, 0, 0, 7, 0, 7, 0, 7, 7, 6, 0, 0, 9, 5, 0, 0, 5, 0, 7, 0, 7, 8, 9, 7, 7, 9, 0, 0, 0, 0, 0, 7, 7, : 8, 8, 10, 8, 8, 7, 8, 9, 6, 7, 7, 5, 9, 6, 7, 5, 9, 5, 6, 7, 7, 7, 7, 6, 9, 5, 5, 7, 7, 8, 9, 7, 7, 9, 7, 7, 
77: 0, 0, 7, 0, 8, 0, 0, 6, 7, 6, 0, 8, 8, 11, 0, 0, 8, 7, 0, 0, 9, 0, 5, 9, 7, 0, 9, 6, 0, 0, 0, 0, 7, 5, 6, 0, 10, 8, 0, 6, 9, 7, 0, 5, 7, 0, 4, 0, 6, 0, 9, 0, 0, 0, 10, 0, 0, 9, 10, 0, 0, 8, 0, 7, 8, 7, 0, 8, 0, 0, 0, 8, 7, 7, 0, 0, 7, 7, 8, 0, : 7, 8, 6, 7, 6, 8, 8, 11, 8, 7, 9, 5, 9, 7, 9, 6, 7, 5, 6, 10, 8, 6, 9, 7, 5, 7, 4, 6, 9, 10, 9, 10, 8, 7, 8, 7, 8, 8, 7, 7, 7, 7, 8, 
166: 0, 8, 0, 6, 0, 8, 0, 6, 7, 0, 8, 0, 0, 0, 0, 8, 0, 9, 0, 6, 7, 6, 7, 0, 0, 0, 10, 6, 7, 0, 11, 0, 7, 0, 6, 0, 7, 6, 5, 9, 0, 0, 0, 8, 0, 5, 0, 0, 8, 0, 0, 9, 0, 0, 0, 0, 0, 7, 5, 7, 5, 0, 6, 0, 6, 8, 0, 0, 0, 0, 6, 0, 7, 8, 7, 8, 7, 8, 0, 7, : 8, 6, 8, 6, 7, 8, 8, 9, 6, 7, 6, 7, 10, 6, 7, 11, 7, 6, 7, 6, 5, 9, 8, 5, 8, 9, 7, 5, 7, 5, 6, 6, 8, 6, 7, 8, 7, 8, 7, 8, 7, 
163: 6, 8, 0, 9, 7, 7, 9, 0, 0, 0, 9, 9, 0, 8, 0, 8, 8, 0, 6, 0, 0, 0, 0, 0, 6, 0, 6, 8, 0, 0, 7, 5, 0, 0, 0, 5, 6, 0, 7, 0, 0, 7, 0, 0, 5, 7, 5, 6, 0, 7, 0, 11, 0, 9, 0, 9, 0, 0, 0, 8, 0, 10, 0, 0, 11, 5, 7, 7, 0, 7, 0, 0, 0, 9, 7, 0, 0, 0, 7, 0, : 6, 8, 9, 7, 7, 9, 9, 9, 8, 8, 8, 6, 6, 6, 8, 7, 5, 5, 6, 7, 7, 5, 7, 5, 6, 7, 11, 9, 9, 8, 10, 11, 5, 7, 7, 7, 9, 7, 7, 
37: 0, 8, 0, 0, 0, 6, 8, 0, 0, 0, 8, 0, 6, 7, 6, 8, 0, 8, 9, 0, 7, 9, 6, 9, 0, 0, 7, 0, 7, 10, 0, 0, 9, 0, 9, 6, 0, 7, 5, 7, 7, 9, 9, 7, 0, 0, 0, 4, 9, 8, 0, 7, 10, 6, 0, 0, 7, 8, 8, 0, 0, 0, 0, 7, 0, 8, 0, 0, 8, 0, 6, 9, 0, 7, 7, 7, 0, 0, 7, 0, : 8, 6, 8, 8, 6, 7, 6, 8, 8, 9, 7, 9, 6, 9, 7, 7, 10, 9, 9, 6, 7, 5, 7, 7, 9, 9, 7, 4, 9, 8, 7, 10, 6, 7, 8, 8, 7, 8, 8, 6, 9, 7, 7, 7, 7, 
74: 8, 6, 0, 7, 0, 9, 0, 0, 10, 0, 0, 0, 10, 0, 7, 6, 0, 0, 0, 9, 0, 5, 7, 0, 7, 0, 8, 6, 0, 8, 0, 8, 5, 7, 5, 0, 8, 9, 6, 9, 6, 5, 0, 0, 9, 8, 0, 0, 0, 7, 0, 0, 8, 6, 7, 0, 7, 0, 0, 6, 0, 5, 0, 7, 0, 8, 7, 0, 9, 0, 7, 0, 9, 7, 9, 0, 8, 0, 7, 7, : 8, 6, 7, 9, 10, 10, 7, 6, 9, 5, 7, 7, 8, 6, 8, 8, 5, 7, 5, 8, 9, 6, 9, 6, 5, 9, 8, 7, 8, 6, 7, 7, 6, 5, 7, 8, 7, 9, 7, 9, 7, 9, 8, 7, 7, 
103: 8, 0, 6, 11, 0, 0, 7, 0, 0, 8, 9, 6, 5, 0, 8, 8, 8, 0, 10, 0, 0, 0, 0, 0, 0, 0, 0, 7, 6, 6, 0, 7, 0, 7, 9, 7, 7, 7, 7, 7, 7, 0, 0, 0, 10, 0, 0, 6, 0, 0, 0, 5, 9, 9, 0, 0, 6, 0, 0, 0, 9, 8, 6, 9, 7, 0, 0, 8, 0, 0, 7, 0, 7, 0, 7, 0, 7, 7, 0, 0, : 8, 6, 11, 7, 8, 9, 6, 5, 8, 8, 8, 10, 7, 6, 6, 7, 7, 9, 7, 7, 7, 7, 7, 7, 10, 6, 5, 9, 9, 6, 9, 8, 6, 9, 7, 8, 7, 7, 7, 7, 7, 
33: 0, 9, 6, 0, 0, 6, 7, 9, 0, 10, 5, 8, 7, 7, 0, 8, 9, 7, 7, 0, 8, 0, 8, 7, 0, 9, 0, 0, 7, 6, 0, 6, 0, 0, 0, 6, 0, 10, 0, 5, 7, 0, 0, 8, 0, 8, 7, 0, 5, 4, 10, 0, 0, 0, 0, 10, 0, 7, 7, 5, 8, 0, 8, 0, 0, 8, 8, 0, 0, 0, 0, 7, 0, 0, 7, 7, 6, 0, 0, 0, : 9, 6, 6, 7, 9, 10, 5, 8, 7, 7, 8, 9, 7, 7, 8, 8, 7, 9, 7, 6, 6, 6, 10, 5, 7, 8, 8, 7, 5, 4, 10, 10, 7, 7, 5, 8, 8, 8, 8, 7, 7, 7, 6, 
127: 7, 8, 0, 0, 0, 0, 6, 0, 6, 5, 0, 0, 0, 9, 0, 0, 0, 0, 0, 0, 0, 0, 0, 5, 8, 6, 0, 0, 8, 0, 9, 10, 7, 9, 8, 10, 0, 0, 10, 8, 0, 0, 5, 7, 0, 8, 0, 0, 0, 0, 7, 0, 0, 9, 6, 0, 7, 0, 7, 8, 0, 7, 7, 8, 0, 0, 8, 0, 7, 0, 0, 7, 7, 7, 0, 0, 8, 0, 8, 8, : 7, 8, 6, 6, 5, 9, 5, 8, 6, 8, 9, 10, 7, 9, 8, 10, 10, 8, 5, 7, 8, 7, 9, 6, 7, 7, 8, 7, 7, 8, 8, 7, 7, 7, 7, 8, 8, 8, 


142: 0, 9, 9, 0, 6, 8, 5, 5, 0, 0, 5, 4, 0, 0, 4, 9, 0, 0, 8, 8, 9, 8, 6, 0, 8, 9, 9, 8, 0, 0, 0, 0, 7, 10, 0, 0, 0, 0, 7, 0, 9, 8, 0, 8, 0, 0, 6, 0, 4, 0, 9, 0, 0, 7, 0, 9, 0, 0, 6, 10, 0, 8, 8, 0, 0, 0, 8, 0, 0, 0, 9, 0, 0, 0, 0, 7, 8, 5, 0, 0, : 9, 9, 6, 8, 5, 5, 5, 4, 4, 9, 8, 8, 9, 8, 6, 8, 9, 9, 8, 7, 10, 7, 9, 8, 8, 6, 4, 9, 7, 9, 6, 10, 8, 8, 8, 9, 7, 8, 5, 
87: 10, 9, 0, 0, 10, 8, 0, 0, 0, 0, 5, 0, 0, 9, 0, 8, 8, 0, 0, 0, 0, 8, 9, 0, 6, 0, 7, 6, 9, 10, 9, 0, 0, 8, 0, 0, 0, 4, 0, 7, 5, 7, 0, 0, 0, 0, 9, 0, 0, 7, 0, 7, 0, 11, 0, 0, 7, 0, 0, 8, 0, 0, 5, 6, 7, 0, 8, 0, 8, 8, 7, 7, 0, 9, 8, 8, 9, 9, 0, 7, : 10, 9, 10, 8, 5, 9, 8, 8, 8, 9, 6, 7, 6, 9, 10, 9, 8, 4, 7, 5, 7, 9, 7, 7, 11, 7, 8, 5, 6, 7, 8, 8, 8, 7, 7, 9, 8, 8, 9, 9, 7, 
25: 7, 6, 0, 8, 0, 0, 0, 0, 8, 8, 8, 0, 0, 0, 7, 7, 10, 0, 8, 7, 0, 0, 8, 10, 8, 0, 6, 7, 0, 7, 0, 7, 9, 0, 0, 0, 10, 6, 4, 0, 0, 7, 5, 7, 5, 8, 0, 5, 0, 0, 0, 0, 5, 5, 0, 0, 8, 0, 0, 0, 0, 0, 6, 6, 0, 7, 10, 7, 9, 6, 0, 8, 0, 7, 0, 0, 9, 0, 8, 0, : 7, 6, 8, 8, 8, 8, 7, 7, 10, 8, 7, 8, 10, 8, 6, 7, 7, 7, 9, 10, 6, 4, 7, 5, 7, 5, 8, 5, 5, 5, 8, 6, 6, 7, 10, 7, 9, 6, 8, 7, 9, 8, 
3: 7, 0, 0, 8, 8, 0, 9, 4, 6, 4, 6, 8, 6, 0, 10, 9, 0, 7, 9, 0, 7, 0, 5, 0, 0, 0, 9, 10, 0, 0, 0, 0, 0, 0, 0, 0, 0, 0, 8, 0, 8, 5, 0, 8, 6, 8, 5, 4, 6, 6, 8, 0, 0, 0, 6, 0, 5, 0, 0, 0, 0, 0, 9, 8, 6, 9, 0, 0, 0, 0, 7, 8, 0, 0, 0, 7, 0, 8, 7, 0, : 7, 8, 8, 9, 4, 6, 4, 6, 8, 6, 10, 9, 7, 9, 7, 5, 9, 10, 8, 8, 5, 8, 6, 8, 5, 4, 6, 6, 8, 6, 5, 9, 8, 6, 9, 7, 8, 7, 8, 7, 
102: 0, 9, 9, 0, 8, 6, 6, 6, 10, 6, 0, 9, 6, 4, 0, 0, 9, 0, 0, 0, 5, 11, 7, 5, 7, 0, 8, 0, 7, 0, 9, 6, 0, 0, 0, 0, 0, 0, 6, 0, 0, 0, 8, 0, 0, 10, 0, 0, 0, 8, 0, 11, 7, 0, 0, 10, 6, 10, 0, 10, 6, 0, 0, 0, 5, 0, 8, 8, 7, 6, 0, 0, 0, 0, 9, 0, 8, 7, 8, 9, : 9, 9, 8, 6, 6, 6, 10, 6, 9, 6, 4, 9, 5, 11, 7, 5, 7, 8, 7, 9, 6, 6, 8, 10, 8, 11, 7, 10, 6, 10, 10, 6, 5, 8, 8, 7, 6, 9, 8, 7, 8, 9, 
78: 9, 6, 6, 0, 0, 6, 0, 8, 0, 6, 0, 7, 0, 4, 0, 0, 0, 9, 0, 0, 9, 0, 11, 5, 9, 0, 6, 10, 0, 6, 0, 9, 0, 0, 0, 7, 6, 8, 6, 0, 0, 0, 8, 7, 8, 7, 0, 7, 8, 0, 7, 9, 0, 9, 10, 0, 0, 0, 0, 5, 6, 5, 8, 9, 9, 0, 0, 0, 8, 0, 8, 8, 8, 0, 0, 8, 0, 0, 0, 0, : 9, 6, 6, 6, 8, 6, 7, 4, 9, 9, 11, 5, 9, 6, 10, 6, 9, 7, 6, 8, 6, 8, 7, 8, 7, 7, 8, 7, 9, 9, 10, 5, 6, 5, 8, 9, 9, 8, 8, 8, 8, 8, 
53: 0, 0, 0, 9, 0, 0, 10, 0, 0, 10, 0, 0, 0, 0, 0, 0, 8, 9, 0, 0, 9, 7, 7, 6, 0, 0, 0, 0, 0, 0, 0, 0, 9, 0, 0, 8, 7, 8, 0, 0, 0, 0, 8, 7, 0, 9, 8, 0, 0, 8, 0, 0, 0, 4, 0, 6, 10, 0, 8, 0, 8, 0, 8, 0, 10, 9, 7, 5, 0, 0, 8, 0, 6, 6, 7, 8, 0, 8, 8, 8, : 9, 10, 10, 8, 9, 9, 7, 7, 6, 9, 8, 7, 8, 8, 7, 9, 8, 8, 4, 6, 10, 8, 8, 8, 10, 9, 7, 5, 8, 6, 6, 7, 8, 8, 8, 8, 
110: 7, 7, 0, 0, 0, 0, 7, 10, 0, 0, 0, 8, 0, 8, 9, 8, 0, 0, 0, 10, 0, 0, 0, 0, 5, 10, 0, 8, 0, 7, 5, 0, 0, 0, 9, 0, 6, 10, 0, 4, 0, 8, 0, 0, 0, 6, 7, 7, 8, 7, 10, 6, 7, 0, 9, 0, 7, 0, 6, 7, 0, 0, 6, 0, 6, 9, 0, 8, 8, 0, 0, 9, 0, 0, 9, 9, 6, 0, 0, 8, : 7, 7, 7, 10, 8, 8, 9, 8, 10, 5, 10, 8, 7, 5, 9, 6, 10, 4, 8, 6, 7, 7, 8, 7, 10, 6, 7, 9, 7, 6, 7, 6, 6, 9, 8, 8, 9, 9, 9, 6, 8, 
23: 0, 8, 8, 4, 8, 9, 0, 11, 8, 0, 9, 0, 10, 0, 8, 0, 0, 0, 0, 5, 5, 0, 0, 0, 6, 0, 0, 7, 6, 0, 7, 5, 5, 6, 6, 8, 0, 0, 9, 8, 8, 0, 0, 5, 8, 7, 0, 7, 0, 0, 0, 8, 0, 6, 0, 8, 0, 9, 0, 7, 0, 0, 6, 0, 9, 8, 0, 7, 6, 0, 0, 9, 6, 0, 7, 8, 0, 0, 8, 0, : 8, 8, 4, 8, 9, 11, 8, 9, 10, 8, 5, 5, 6, 7, 6, 7, 5, 5, 6, 6, 8, 9, 8, 8, 5, 8, 7, 7, 8, 6, 8, 9, 7, 6, 9, 8, 7, 6, 9, 6, 7, 8, 8, 
61: 0, 7, 0, 9, 9, 0, 10, 7, 10, 5, 7, 0, 0, 9, 0, 0, 8, 10, 10, 0, 10, 6, 8, 9, 6, 0, 0, 0, 10, 0, 6, 7, 8, 9, 0, 0, 0, 7, 9, 10, 0, 0, 0, 0, 5, 7, 0, 0, 8, 0, 11, 0, 11, 0, 9, 0, 10, 5, 10, 8, 6, 9, 0, 0, 8, 8, 0, 8, 0, 6, 0, 8, 8, 8, 8, 8, 8, 8, 0, 9, : 7, 9, 9, 10, 7, 10, 5, 7, 9, 8, 10, 10, 10, 6, 8, 9, 6, 10, 6, 7, 8, 9, 7, 9, 10, 5, 7, 8, 11, 11, 9, 10, 5, 10, 8, 6, 9, 8, 8, 8, 6, 8, 8, 8, 8, 8, 8, 8, 9, 
182: 9, 8, 7, 0, 5, 8, 5, 0, 8, 7, 9, 7, 0, 0, 0, 0, 6, 7, 0, 7, 0, 8, 0, 7, 9, 6, 0, 0, 6, 7, 0, 9, 8, 0, 8, 0, 6, 10, 0, 6, 8, 8, 8, 7, 9, 0, 8, 9, 5, 6, 0, 7, 7, 7, 0, 9, 0, 7, 9, 7, 9, 9, 9, 9, 0, 7, 9, 8, 8, 8, 0, 0, 8, 0, 0, 0, 6, 8, 0, 6, : 9, 8, 7, 5, 8, 5, 8, 7, 9, 7, 6, 7, 7, 8, 7, 9, 6, 6, 7, 9, 8, 8, 6, 10, 6, 8, 8, 8, 7, 9, 8, 9, 5, 6, 7, 7, 7, 9, 7, 9, 7, 9, 9, 9, 9, 7, 9, 8, 8, 8, 8, 6, 8, 6, 
8: 7, 0, 0, 7, 9, 0, 0, 0, 0, 9, 0, 8, 6, 8, 0, 0, 0, 6, 0, 0, 0, 0, 0, 8, 0, 5, 10, 5, 7, 9, 6, 0, 6, 7, 8, 7, 7, 0, 0, 8, 0, 0, 8, 9, 6, 5, 0, 6, 0, 11, 0, 0, 0, 0, 7, 0, 0, 0, 0, 0, 8, 10, 0, 0, 0, 0, 9, 0, 7, 8, 0, 0, 0, 9, 0, 5, 8, 0, 6, 7, : 7, 7, 9, 9, 8, 6, 8, 6, 8, 5, 10, 5, 7, 9, 6, 6, 7, 8, 7, 7, 8, 8, 9, 6, 5, 6, 11, 7, 8, 10, 9, 7, 8, 9, 5, 8, 6, 7, 
112: 0, 0, 9, 10, 0, 0, 6, 0, 0, 6, 0, 6, 0, 0, 0, 0, 7, 10, 5, 8, 0, 0, 9, 0, 0, 0, 0, 6, 0, 8, 0, 0, 7, 10, 0, 0, 7, 0, 7, 0, 8, 6, 0, 8, 0, 10, 6, 0, 6, 0, 5, 8, 0, 0, 6, 9, 9, 8, 5, 10, 0, 7, 8, 5, 0, 7, 0, 6, 0, 8, 0, 0, 7, 8, 0, 0, 8, 6, 0, 0, : 9, 10, 6, 6, 6, 7, 10, 5, 8, 9, 6, 8, 7, 10, 7, 7, 8, 6, 8, 10, 6, 6, 5, 8, 6, 9, 9, 8, 5, 10, 7, 8, 5, 7, 6, 8, 7, 8, 8, 6, 
63: 8, 0, 10, 6, 0, 5, 9, 9, 9, 0, 0, 0, 9, 5, 9, 0, 0, 0, 7, 0, 8, 6, 9, 0, 0, 0, 0, 0, 0, 6, 0, 6, 0, 0, 0, 0, 7, 0, 0, 0, 0, 0, 0, 9, 7, 0, 0, 8, 0, 0, 7, 10, 7, 0, 0, 9, 6, 8, 9, 8, 7, 6, 0, 8, 7, 0, 7, 8, 8, 0, 0, 0, 0, 7, 8, 0, 0, 0, 9, 0, : 8, 10, 6, 5, 9, 9, 9, 9, 5, 9, 7, 8, 6, 9, 6, 6, 7, 9, 7, 8, 7, 10, 7, 9, 6, 8, 9, 8, 7, 6, 8, 7, 7, 8, 8, 7, 8, 9, 
161: 5, 0, 0, 0, 0, 7, 0, 5, 10, 0, 10, 8, 11, 0, 6, 0, 7, 0, 8, 0, 0, 0, 0, 0, 9, 5, 0, 0, 6, 0, 0, 7, 0, 0, 8, 7, 8, 0, 6, 0, 0, 5, 8, 0, 0, 0, 6, 0, 0, 0, 8, 0, 0, 10, 10, 6, 0, 0, 7, 8, 0, 0, 9, 0, 9, 0, 7, 0, 0, 0, 9, 0, 8, 0, 8, 0, 0, 0, 0, 8, : 5, 7, 5, 10, 10, 8, 11, 6, 7, 8, 9, 5, 6, 7, 8, 7, 8, 6, 5, 8, 6, 8, 10, 10, 6, 7, 8, 9, 9, 7, 9, 8, 8, 8, 
156: 0, 0, 0, 0, 8, 6, 5, 0, 0, 5, 0, 9, 4, 10, 6, 8, 6, 7, 8, 6, 7, 0, 6, 9, 0, 8, 0, 0, 10, 9, 8, 0, 0, 0, 8, 5, 0, 0, 8, 0, 7, 0, 0, 0, 0, 9, 0, 0, 0, 0, 7, 7, 8, 6, 6, 0, 9, 7, 5, 0, 0, 9, 7, 0, 0, 0, 6, 9, 8, 0, 8, 7, 0, 0, 6, 9, 7, 0, 7, 7, : 8, 6, 5, 5, 9, 4, 10, 6, 8, 6, 7, 8, 6, 7, 6, 9, 8, 10, 9, 8, 8, 5, 8, 7, 9, 7, 7, 8, 6, 6, 9, 7, 5, 9, 7, 6, 9, 8, 8, 7, 6, 9, 7, 7, 7, 
192: 0, 0, 9, 0, 0, 0, 0, 0, 7, 0, 0, 0, 9, 9, 0, 4, 0, 0, 6, 0, 0, 5, 0, 0, 10, 0, 8, 0, 0, 0, 7, 7, 7, 9, 0, 6, 0, 9, 10, 9, 7, 0, 0, 0, 0, 0, 0, 0, 9, 0, 0, 8, 0, 0, 6, 6, 0, 0, 5, 0, 0, 0, 0, 10, 7, 10, 6, 0, 0, 5, 9, 7, 7, 8, 8, 9, 7, 0, 9, 6, : 9, 7, 9, 9, 4, 6, 5, 10, 8, 7, 7, 7, 9, 6, 9, 10, 9, 7, 9, 8, 6, 6, 5, 10, 7, 10, 6, 5, 9, 7, 7, 8, 8, 9, 7, 9, 6, 
7: 0, 7, 0, 9, 6, 0, 0, 0, 0, 7, 0, 0, 0, 9, 0, 0, 7, 0, 7, 4, 0, 0, 9, 0, 7, 9, 0, 0, 6, 0, 0, 0, 9, 6, 0, 7, 9, 0, 0, 6, 7, 7, 0, 0, 9, 0, 7, 0, 0, 0, 0, 5, 8, 10, 0, 0, 0, 10, 0, 9, 0, 6, 0, 0, 7, 0, 0, 0, 8, 0, 0, 6, 0, 0, 0, 8, 0, 8, 6, 8, : 7, 9, 6, 7, 9, 7, 7, 4, 9, 7, 9, 6, 9, 6, 7, 9, 6, 7, 7, 9, 7, 5, 8, 10, 10, 9, 6, 7, 8, 6, 8, 8, 6, 8, 
75: 0, 0, 5, 0, 0, 6, 0, 6, 0, 0, 7, 0, 0, 11, 4, 6, 0, 7, 0, 9, 8, 0, 5, 0, 0, 0, 9, 7, 0, 0, 0, 10, 0, 0, 6, 0, 0, 0, 0, 0, 0, 8, 9, 0, 7, 0, 0, 0, 8, 0, 9, 5, 0, 0, 0, 9, 0, 0, 0, 0, 0, 0, 9, 6, 0, 9, 0, 0, 0, 7, 8, 0, 7, 5, 0, 0, 0, 7, 0, 0, : 5, 6, 6, 7, 11, 4, 6, 7, 9, 8, 5, 9, 7, 10, 6, 8, 9, 7, 8, 9, 5, 9, 9, 6, 9, 7, 8, 7, 5, 7, 
124: 0, 5, 0, 8, 0, 0, 9, 0, 0, 0, 0, 8, 0, 0, 0, 0, 0, 0, 0, 9, 9, 0, 0, 0, 5, 7, 0, 0, 7, 6, 9, 0, 9, 6, 8, 0, 0, 0, 7, 6, 0, 0, 0, 0, 6, 0, 0, 8, 0, 7, 0, 0, 11, 6, 0, 6, 9, 8, 6, 5, 6, 5, 0, 0, 6, 0, 0, 8, 0, 0, 8, 0, 0, 0, 8, 8, 0, 0, 0, 0, : 5, 8, 9, 8, 9, 9, 5, 7, 7, 6, 9, 9, 6, 8, 7, 6, 6, 8, 7, 11, 6, 6, 9, 8, 6, 5, 6, 5, 6, 8, 8, 8, 8, 
83: 9, 7, 0, 0, 0, 6, 0, 9, 6, 0, 4, 9, 0, 6, 9, 5, 0, 8, 10, 8, 6, 8, 7, 5, 0, 0, 0, 0, 0, 0, 8, 0, 0, 9, 5, 9, 0, 0, 10, 0, 7, 8, 6, 8, 8, 9, 0, 0, 0, 0, 7, 0, 0, 6, 7, 0, 8, 0, 0, 8, 7, 0, 10, 8, 10, 0, 7, 0, 7, 9, 0, 0, 8, 8, 0, 0, 0, 0, 0, 8, : 9, 7, 6, 9, 6, 4, 9, 6, 9, 5, 8, 10, 8, 6, 8, 7, 5, 8, 9, 5, 9, 10, 7, 8, 6, 8, 8, 9, 7, 6, 7, 8, 8, 7, 10, 8, 10, 7, 7, 9, 8, 8, 8, 
29: 0, 9, 0, 0, 0, 0, 0, 6, 0, 0, 8, 8, 9, 0, 6, 7, 8, 8, 0, 9, 8, 8, 9, 10, 8, 7, 0, 10, 6, 0, 7, 0, 7, 0, 7, 8, 0, 0, 8, 7, 0, 10, 0, 9, 0, 0, 0, 0, 7, 8, 8, 8, 0, 0, 0, 7, 0, 5, 9, 0, 6, 10, 0, 6, 0, 5, 0, 0, 8, 8, 8, 8, 0, 7, 5, 8, 0, 9, 8, 8, : 9, 6, 8, 8, 9, 6, 7, 8, 8, 9, 8, 8, 9, 10, 8, 7, 10, 6, 7, 7, 7, 8, 8, 7, 10, 9, 7, 8, 8, 8, 7, 5, 9, 6, 10, 6, 5, 8, 8, 8, 8, 7, 5, 8, 9, 8, 8, 
140: 7, 0, 0, 7, 0, 6, 7, 0, 5, 0, 8, 6, 0, 8, 9, 0, 6, 0, 8, 0, 4, 8, 0, 0, 0, 0, 10, 0, 10, 7, 0, 9, 0, 0, 0, 6, 9, 0, 0, 0, 5, 0, 0, 7, 8, 0, 0, 9, 0, 5, 0, 8, 8, 8, 5, 8, 0, 9, 7, 0, 7, 0, 0, 9, 8, 10, 9, 0, 6, 0, 0, 6, 0, 8, 8, 6, 8, 7, 0, 0, : 7, 7, 6, 7, 5, 8, 6, 8, 9, 6, 8, 4, 8, 10, 10, 7, 9, 6, 9, 5, 7, 8, 9, 5, 8, 8, 8, 5, 8, 9, 7, 7, 9, 8, 10, 9, 6, 6, 8, 8, 6, 8, 7, 
30: 10, 10, 0, 6, 0, 0, 9, 9, 0, 0, 7, 11, 8, 8, 0, 6, 0, 8, 7, 5, 0, 6, 0, 8, 0, 0, 10, 9, 7, 8, 0, 0, 0, 8, 9, 7, 6, 0, 0, 8, 0, 0, 7, 6, 9, 8, 6, 6, 0, 5, 6, 7, 6, 0, 0, 5, 0, 7, 0, 7, 0, 8, 0, 0, 5, 0, 0, 8, 0, 7, 0, 8, 8, 0, 0, 0, 8, 0, 0, 0, : 10, 10, 6, 9, 9, 7, 11, 8, 8, 6, 8, 7, 5, 6, 8, 10, 9, 7, 8, 8, 9, 7, 6, 8, 7, 6, 9, 8, 6, 6, 5, 6, 7, 6, 5, 7, 7, 8, 5, 8, 7, 8, 8, 8, 
191: 0, 8, 6, 10, 0, 9, 0, 5, 0, 0, 0, 0, 6, 0, 0, 5, 5, 0, 0, 0, 0, 9, 0, 9, 0, 9, 0, 8, 0, 6, 0, 0, 7, 7, 0, 10, 11, 6, 6, 10, 10, 0, 9, 0, 0, 0, 11, 6, 7, 6, 5, 0, 0, 7, 0, 0, 5, 9, 0, 0, 0, 0, 7, 6, 9, 6, 0, 10, 0, 0, 0, 5, 9, 8, 0, 0, 0, 0, 0, 0, : 8, 6, 10, 9, 5, 6, 5, 5, 9, 9, 9, 8, 6, 7, 7, 10, 11, 6, 6, 10, 10, 9, 11, 6, 7, 6, 5, 7, 5, 9, 7, 6, 9, 6, 10, 5, 9, 8, 
88: 8, 5, 0, 0, 0, 7, 8, 0, 4, 7, 8, 0, 4, 7, 0, 9, 0, 8, 0, 0, 0, 0, 7, 0, 0, 0, 6, 0, 7, 0, 10, 8, 0, 6, 0, 0, 8, 6, 0, 5, 8, 8, 7, 6, 0, 7, 9, 8, 0, 8, 7, 0, 9, 6, 0, 6, 0, 9, 8, 0, 0, 0, 0, 7, 0, 7, 8, 7, 0, 0, 0, 8, 0, 6, 0, 0, 0, 8, 5, 6, : 8, 5, 7, 8, 4, 7, 8, 4, 7, 9, 8, 7, 6, 7, 10, 8, 6, 8, 6, 5, 8, 8, 7, 6, 7, 9, 8, 8, 7, 9, 6, 6, 9, 8, 7, 7, 8, 7, 8, 6, 8, 5, 6, 
54: 5, 5, 7, 0, 9, 0, 0, 8, 0, 7, 9, 0, 0, 10, 5, 0, 0, 0, 4, 9, 0, 9, 5, 0, 7, 7, 5, 0, 0, 0, 7, 0, 0, 7, 10, 7, 10, 9, 0, 0, 10, 9, 9, 0, 0, 0, 0, 0, 0, 0, 0, 0, 0, 8, 4, 0, 0, 7, 0, 6, 0, 6, 0, 0, 0, 8, 6, 6, 0, 8, 6, 0, 5, 8, 0, 0, 0, 6, 0, 0, : 5, 5, 7, 9, 8, 7, 9, 10, 5, 4, 9, 9, 5, 7, 7, 5, 7, 7, 10, 7, 10, 9, 10, 9, 9, 8, 4, 7, 6, 6, 8, 6, 6, 8, 6, 5, 8, 6, 
172: 0, 0, 6, 0, 0, 8, 0, 10, 5, 10, 10, 10, 9, 6, 0, 0, 0, 8, 0, 11, 0, 5, 0, 6, 0, 7, 0, 7, 0, 0, 0, 7, 6, 0, 0, 0, 8, 10, 0, 8, 6, 9, 8, 0, 0, 4, 7, 8, 9, 8, 7, 0, 7, 0, 9, 5, 0, 0, 9, 0, 8, 0, 7, 0, 0, 0, 5, 0, 0, 0, 8, 7, 0, 9, 0, 0, 0, 7, 0, 8, : 6, 8, 10, 5, 10, 10, 10, 9, 6, 8, 11, 5, 6, 7, 7, 7, 6, 8, 10, 8, 6, 9, 8, 4, 7, 8, 9, 8, 7, 7, 9, 5, 9, 8, 7, 5, 8, 7, 9, 7, 8, 
60: 0, 0, 0, 5, 9, 0, 0, 0, 8, 8, 0, 0, 5, 0, 8, 7, 0, 7, 7, 7, 0, 0, 0, 9, 7, 0, 5, 7, 6, 0, 0, 9, 0, 5, 7, 0, 0, 7, 0, 0, 0, 0, 0, 0, 7, 0, 0, 0, 6, 0, 0, 4, 0, 0, 0, 10, 5, 0, 8, 0, 0, 6, 0, 0, 0, 0, 0, 0, 0, 0, 8, 0, 0, 0, 0, 7, 0, 8, 7, 5, : 5, 9, 8, 8, 5, 8, 7, 7, 7, 7, 9, 7, 5, 7, 6, 9, 5, 7, 7, 7, 6, 4, 10, 5, 8, 6, 8, 7, 8, 7, 5, 
28: 0, 0, 8, 0, 0, 9, 10, 9, 6, 6, 9, 0, 0, 0, 7, 8, 8, 0, 5, 9, 0, 0, 0, 7, 7, 6, 7, 0, 0, 0, 6, 0, 7, 0, 0, 10, 0, 6, 7, 8, 8, 0, 5, 8, 0, 6, 7, 7, 9, 0, 0, 0, 4, 0, 5, 10, 7, 0, 0, 0, 9, 8, 0, 0, 8, 5, 0, 0, 0, 0, 7, 0, 0, 0, 6, 0, 8, 0, 8, 8, : 8, 9, 10, 9, 6, 6, 9, 7, 8, 8, 5, 9, 7, 7, 6, 7, 6, 7, 10, 6, 7, 8, 8, 5, 8, 6, 7, 7, 9, 4, 5, 10, 7, 9, 8, 8, 5, 7, 6, 8, 8, 8, 
91: 7, 0, 0, 7, 6, 0, 0, 0, 0, 9, 0, 0, 7, 0, 10, 0, 8, 5, 0, 7, 9, 0, 0, 0, 0, 9, 8, 0, 0, 0, 8, 8, 10, 7, 7, 0, 0, 6, 9, 7, 8, 0, 7, 0, 7, 9, 8, 9, 8, 0, 0, 0, 0, 0, 0, 0, 5, 7, 8, 8, 8, 8, 0, 0, 0, 0, 0, 7, 0, 9, 7, 0, 0, 7, 0, 6, 0, 0, 8, 0, : 7, 7, 6, 9, 7, 10, 8, 5, 7, 9, 9, 8, 8, 8, 10, 7, 7, 6, 9, 7, 8, 7, 7, 9, 8, 9, 8, 5, 7, 8, 8, 8, 8, 7, 9, 7, 7, 6, 8, 
46: 9, 8, 7, 0, 7, 0, 0, 0, 7, 0, 0, 7, 6, 6, 6, 0, 8, 7, 11, 0, 0, 9, 0, 9, 7, 0, 0, 0, 7, 9, 0, 7, 7, 0, 6, 0, 6, 9, 0, 0, 0, 0, 7, 0, 9, 0, 0, 0, 8, 0, 0, 0, 0, 11, 0, 0, 0, 0, 0, 6, 0, 7, 0, 8, 0, 0, 0, 0, 6, 8, 0, 9, 9, 0, 6, 6, 0, 0, 8, 0, : 9, 8, 7, 7, 7, 7, 6, 6, 6, 8, 7, 11, 9, 9, 7, 7, 9, 7, 7, 6, 6, 9, 7, 9, 8, 11, 6, 7, 8, 6, 8, 9, 9, 6, 6, 8, 
13: 6, 0, 0, 7, 7, 9, 8, 0, 10, 0, 0, 0, 0, 0, 8, 0, 7, 7, 0, 0, 0, 8, 6, 7, 0, 6, 7, 0, 8, 8, 7, 0, 6, 0, 0, 11, 0, 7, 0, 7, 7, 0, 0, 0, 10, 5, 7, 9, 0, 0, 0, 7, 7, 7, 8, 7, 0, 6, 0, 0, 6, 11, 0, 0, 0, 6, 7, 6, 7, 0, 0, 0, 0, 0, 9, 0, 8, 0, 0, 9, : 6, 7, 7, 9, 8, 10, 8, 7, 7, 8, 6, 7, 6, 7, 8, 8, 7, 6, 11, 7, 7, 7, 10, 5, 7, 9, 7, 7, 7, 8, 7, 6, 6, 11, 6, 7, 6, 7, 9, 8, 9, 
149: 0, 0, 8, 0, 6, 0, 0, 0, 0, 0, 7, 5, 7, 0, 0, 10, 0, 4, 0, 0, 6, 0, 0, 0, 0, 10, 7, 0, 8, 6, 10, 0, 9, 6, 0, 7, 0, 8, 6, 7, 0, 7, 9, 7, 0, 9, 10, 9, 0, 9, 8, 0, 8, 0, 9, 0, 0, 5, 0, 0, 0, 0, 5, 6, 7, 0, 8, 0, 9, 0, 6, 0, 7, 8, 0, 0, 9, 8, 0, 8, : 8, 6, 7, 5, 7, 10, 4, 6, 10, 7, 8, 6, 10, 9, 6, 7, 8, 6, 7, 7, 9, 7, 9, 10, 9, 9, 8, 8, 9, 5, 5, 6, 7, 8, 9, 6, 7, 8, 9, 8, 8, 
52: 0, 0, 8, 0, 0, 0, 0, 10, 5, 0, 8, 0, 0, 0, 0, 0, 0, 8, 8, 0, 11, 9, 0, 8, 0, 6, 0, 6, 0, 8, 7, 7, 0, 0, 0, 0, 4, 0, 7, 0, 8, 9, 0, 8, 0, 7, 10, 0, 0, 9, 0, 7, 10, 0, 9, 0, 0, 9, 0, 7, 0, 0, 0, 0, 0, 0, 0, 7, 0, 8, 0, 0, 0, 8, 8, 8, 7, 0, 7, 0, : 8, 10, 5, 8, 8, 8, 11, 9, 8, 6, 6, 8, 7, 7, 4, 7, 8, 9, 8, 7, 10, 9, 7, 10, 9, 9, 7, 7, 8, 8, 8, 8, 7, 7, 
123: 6, 0, 5, 9, 8, 10, 8, 8, 11, 11, 0, 4, 10, 7, 0, 6, 10, 0, 0, 0, 0, 0, 9, 7, 10, 0, 0, 8, 0, 7, 0, 6, 0, 8, 6, 8, 8, 0, 10, 9, 0, 7, 0, 8, 0, 0, 4, 8, 9, 0, 7, 0, 5, 8, 7, 0, 9, 0, 8, 0, 9, 0, 0, 10, 0, 0, 0, 0, 8, 9, 5, 0, 6, 6, 7, 0, 6, 6, 9, 0, : 6, 5, 9, 8, 10, 8, 8, 11, 11, 4, 10, 7, 6, 10, 9, 7, 10, 8, 7, 6, 8, 6, 8, 8, 10, 9, 7, 8, 4, 8, 9, 7, 5, 8, 7, 9, 8, 9, 10, 8, 9, 5, 6, 6, 7, 6, 6, 9, 
95: 0, 0, 0, 6, 6, 9, 0, 0, 0, 10, 0, 0, 0, 0, 0, 0, 5, 0, 6, 0, 6, 0, 8, 0, 9, 0, 0, 9, 9, 10, 0, 7, 7, 7, 10, 0, 0, 7, 0, 0, 0, 0, 7, 0, 9, 0, 0, 0, 6, 9, 6, 11, 0, 0, 7, 0, 7, 0, 0, 0, 11, 0, 6, 7, 0, 0, 8, 0, 0, 0, 8, 0, 9, 0, 7, 0, 0, 8, 8, 0, : 6, 6, 9, 10, 5, 6, 6, 8, 9, 9, 9, 10, 7, 7, 7, 10, 7, 7, 9, 6, 9, 6, 11, 7, 7, 11, 6, 7, 8, 8, 9, 7, 8, 8, 
200: 0, 0, 6, 0, 5, 0, 5, 0, 7, 0, 0, 0, 10, 0, 11, 11, 0, 0, 8, 7, 6, 5, 0, 0, 0, 9, 7, 0, 8, 6, 8, 0, 0, 0, 7, 0, 0, 0, 0, 0, 6, 5, 0, 8, 0, 0, 0, 10, 11, 7, 0, 7, 8, 0, 0, 5, 10, 0, 7, 6, 11, 0, 6, 7, 0, 7, 7, 8, 0, 7, 0, 8, 8, 0, 0, 0, 0, 9, 6, 0, : 6, 5, 5, 7, 10, 11, 11, 8, 7, 6, 5, 9, 7, 8, 6, 8, 7, 6, 5, 8, 10, 11, 7, 7, 8, 5, 10, 7, 6, 11, 6, 7, 7, 7, 8, 7, 8, 8, 9, 6, 
107: 8, 7, 10, 9, 10, 8, 6, 0, 0, 9, 6, 0, 0, 6, 0, 8, 0, 0, 0, 5, 0, 7, 0, 0, 0, 7, 6, 7, 0, 0, 6, 0, 0, 0, 6, 6, 0, 7, 0, 10, 0, 9, 7, 0, 0, 0, 9, 0, 8, 8, 0, 0, 7, 8, 0, 0, 0, 5, 0, 0, 5, 5, 11, 9, 7, 7, 0, 9, 5, 7, 0, 6, 8, 0, 8, 0, 5, 0, 0, 7, : 8, 7, 10, 9, 10, 8, 6, 9, 6, 6, 8, 5, 7, 7, 6, 7, 6, 6, 6, 7, 10, 9, 7, 9, 8, 8, 7, 8, 5, 5, 5, 11, 9, 7, 7, 9, 5, 7, 6, 8, 8, 5, 7, 
18: 6, 10, 7, 6, 0, 0, 8, 5, 0, 0, 0, 8, 8, 0, 8, 9, 9, 0, 0, 0, 8, 0, 0, 6, 0, 8, 0, 5, 0, 0, 0, 9, 0, 9, 9, 6, 7, 0, 0, 0, 0, 0, 0, 0, 7, 0, 0, 0, 0, 8, 8, 0, 0, 0, 11, 0, 8, 0, 10, 0, 7, 7, 0, 0, 0, 6, 0, 0, 9, 8, 6, 8, 8, 0, 0, 7, 7, 0, 0, 0, : 6, 10, 7, 6, 8, 5, 8, 8, 8, 9, 9, 8, 6, 8, 5, 9, 9, 9, 6, 7, 7, 8, 8, 11, 8, 10, 7, 7, 6, 9, 8, 6, 8, 8, 7, 7, 


171: 7, 0, 0, 0, 9, 6, 0, 0, 0, 0, 0, 0, 7, 7, 7, 9, 0, 8, 8, 0, 0, 0, 0, 0, 0, 0, 10, 0, 10, 0, 6, 0, 0, 9, 6, 0, 7, 0, 7, 0, 7, 8, 7, 0, 8, 0, 8, 8, 8, 0, 5, 0, 0, 0, 0, 8, 9, 10, 0, 9, 0, 6, 7, 7, 7, 0, 0, 6, 8, 0, 10, 6, 0, 0, 8, 0, 0, 0, 8, 0, : 7, 9, 6, 7, 7, 7, 9, 8, 8, 10, 10, 6, 9, 6, 7, 7, 7, 8, 7, 8, 8, 8, 8, 5, 8, 9, 10, 9, 6, 7, 7, 7, 6, 8, 10, 6, 8, 8, 
194: 9, 0, 9, 0, 0, 7, 0, 0, 5, 7, 0, 6, 0, 9, 0, 5, 0, 9, 7, 0, 6, 8, 4, 0, 8, 0, 0, 0, 6, 6, 9, 0, 0, 8, 0, 6, 0, 0, 9, 8, 9, 9, 0, 8, 0, 0, 0, 8, 0, 8, 0, 7, 8, 5, 0, 7, 7, 10, 0, 8, 8, 0, 9, 0, 0, 9, 0, 7, 8, 0, 8, 8, 0, 7, 8, 8, 9, 8, 9, 6, : 9, 9, 7, 5, 7, 6, 9, 5, 9, 7, 6, 8, 4, 8, 6, 6, 9, 8, 6, 9, 8, 9, 9, 8, 8, 8, 7, 8, 5, 7, 7, 10, 8, 8, 9, 9, 7, 8, 8, 8, 7, 8, 8, 9, 8, 9, 6, 
105: 0, 0, 8, 0, 8, 6, 7, 5, 6, 8, 0, 0, 0, 0, 0, 9, 0, 10, 7, 10, 0, 0, 0, 11, 0, 10, 7, 0, 0, 0, 0, 0, 7, 0, 6, 7, 0, 0, 9, 9, 0, 6, 7, 0, 5, 0, 8, 8, 0, 0, 0, 8, 0, 9, 7, 0, 5, 6, 9, 9, 0, 6, 0, 9, 0, 0, 0, 0, 0, 0, 0, 8, 7, 0, 0, 9, 9, 8, 0, 8, : 8, 8, 6, 7, 5, 6, 8, 9, 10, 7, 10, 11, 10, 7, 7, 6, 7, 9, 9, 6, 7, 5, 8, 8, 8, 9, 7, 5, 6, 9, 9, 6, 9, 8, 7, 9, 9, 8, 8, 
5: 0, 0, 6, 6, 8, 9, 0, 0, 8, 0, 0, 9, 8, 0, 0, 8, 0, 6, 0, 7, 0, 7, 6, 7, 0, 0, 5, 7, 11, 9, 0, 4, 7, 0, 11, 7, 9, 10, 0, 7, 0, 0, 9, 0, 8, 6, 6, 6, 8, 5, 0, 8, 8, 0, 7, 8, 0, 0, 0, 8, 7, 0, 4, 5, 8, 8, 0, 8, 0, 0, 0, 6, 0, 7, 0, 0, 0, 8, 8, 0, : 6, 6, 8, 9, 8, 9, 8, 8, 6, 7, 7, 6, 7, 5, 7, 11, 9, 4, 7, 11, 7, 9, 10, 7, 9, 8, 6, 6, 6, 8, 5, 8, 8, 7, 8, 8, 7, 4, 5, 8, 8, 8, 6, 7, 8, 8, 
193: 0, 6, 10, 10, 10, 0, 0, 6, 7, 0, 0, 0, 4, 9, 8, 0, 0, 0, 0, 7, 0, 0, 10, 0, 0, 9, 0, 10, 5, 0, 0, 8, 0, 7, 9, 11, 0, 0, 0, 6, 0, 7, 0, 8, 0, 0, 7, 8, 5, 0, 0, 8, 0, 8, 0, 0, 7, 0, 8, 6, 0, 0, 0, 0, 9, 8, 0, 0, 8, 0, 7, 0, 5, 8, 0, 7, 0, 6, 0, 7, : 6, 10, 10, 10, 6, 7, 4, 9, 8, 7, 10, 9, 10, 5, 8, 7, 9, 11, 6, 7, 8, 7, 8, 5, 8, 8, 7, 8, 6, 9, 8, 8, 7, 5, 8, 7, 6, 7, 
80: 0, 0, 5, 8, 0, 0, 7, 0, 0, 5, 9, 0, 8, 0, 0, 0, 0, 0, 0, 11, 0, 0, 8, 0, 0, 5, 4, 9, 9, 7, 0, 4, 4, 0, 0, 6, 7, 7, 8, 7, 0, 0, 0, 9, 9, 8, 0, 8, 0, 7, 0, 0, 0, 8, 8, 6, 0, 0, 9, 0, 0, 9, 9, 8, 0, 10, 6, 8, 0, 0, 0, 8, 8, 5, 8, 0, 0, 0, 5, 0, : 5, 8, 7, 5, 9, 8, 11, 8, 5, 4, 9, 9, 7, 4, 4, 6, 7, 7, 8, 7, 9, 9, 8, 8, 7, 8, 8, 6, 9, 9, 9, 8, 10, 6, 8, 8, 8, 5, 8, 5, 
9: 6, 6, 0, 10, 9, 8, 7, 6, 0, 9, 0, 5, 8, 0, 9, 7, 7, 5, 7, 0, 8, 8, 0, 0, 0, 0, 9, 0, 0, 0, 8, 8, 0, 0, 0, 0, 8, 7, 0, 10, 9, 9, 0, 8, 0, 10, 0, 0, 9, 10, 9, 0, 9, 0, 6, 9, 10, 9, 7, 0, 8, 0, 0, 0, 0, 8, 7, 4, 10, 8, 0, 0, 0, 8, 0, 0, 6, 0, 8, 0, : 6, 6, 10, 9, 8, 7, 6, 9, 5, 8, 9, 7, 7, 5, 7, 8, 8, 9, 8, 8, 8, 7, 10, 9, 9, 8, 10, 9, 10, 9, 9, 6, 9, 10, 9, 7, 8, 8, 7, 4, 10, 8, 8, 6, 8, 
2: 0, 4, 0, 8, 0, 0, 0, 6, 0, 0, 8, 6, 0, 8, 4, 8, 9, 7, 0, 9, 7, 8, 0, 7, 5, 5, 8, 0, 0, 0, 0, 8, 0, 0, 8, 9, 0, 9, 7, 0, 0, 0, 7, 8, 0, 6, 0, 7, 5, 0, 8, 0, 0, 6, 5, 6, 0, 0, 0, 0, 9, 8, 0, 9, 0, 0, 7, 0, 0, 0, 0, 0, 0, 8, 0, 7, 8, 0, 6, 5, : 4, 8, 6, 8, 6, 8, 4, 8, 9, 7, 9, 7, 8, 7, 5, 5, 8, 8, 8, 9, 9, 7, 7, 8, 6, 7, 5, 8, 6, 5, 6, 9, 8, 9, 7, 8, 7, 8, 6, 5, 
11: 8, 0, 0, 0, 7, 0, 11, 0, 0, 6, 0, 9, 0, 0, 9, 8, 8, 0, 0, 7, 0, 4, 6, 7, 11, 0, 0, 7, 0, 4, 0, 5, 0, 0, 0, 7, 7, 0, 0, 0, 0, 0, 0, 0, 7, 0, 0, 10, 8, 0, 0, 0, 5, 0, 0, 0, 7, 10, 0, 0, 0, 0, 0, 0, 6, 0, 0, 8, 0, 8, 6, 0, 0, 0, 0, 0, 8, 0, 0, 8, : 8, 7, 11, 6, 9, 9, 8, 8, 7, 4, 6, 7, 11, 7, 4, 5, 7, 7, 7, 10, 8, 5, 7, 10, 6, 8, 8, 6, 8, 8, 
31: 0, 0, 0, 9, 5, 0, 0, 0, 0, 0, 0, 8, 0, 0, 0, 0, 5, 8, 6, 7, 8, 0, 0, 9, 0, 9, 10, 8, 5, 9, 8, 0, 10, 8, 0, 8, 0, 8, 8, 0, 0, 9, 0, 0, 8, 5, 8, 9, 5, 8, 0, 9, 0, 0, 0, 0, 0, 9, 0, 0, 0, 0, 0, 0, 4, 7, 0, 8, 0, 6, 9, 8, 7, 0, 7, 6, 0, 7, 0, 6, : 9, 5, 8, 5, 8, 6, 7, 8, 9, 9, 10, 8, 5, 9, 8, 10, 8, 8, 8, 8, 9, 8, 5, 8, 9, 5, 8, 9, 9, 4, 7, 8, 6, 9, 8, 7, 7, 6, 7, 6, 
99: 6, 6, 0, 7, 7, 0, 0, 7, 9, 0, 6, 9, 5, 0, 0, 0, 0, 0, 8, 0, 4, 8, 7, 6, 10, 0, 0, 0, 11, 9, 6, 0, 5, 0, 0, 0, 0, 0, 6, 0, 0, 0, 8, 9, 6, 0, 9, 0, 8, 0, 8, 0, 6, 7, 7, 0, 0, 0, 7, 6, 0, 0, 10, 0, 0, 0, 0, 0, 6, 8, 6, 5, 8, 0, 7, 0, 7, 0, 0, 0, : 6, 6, 7, 7, 7, 9, 6, 9, 5, 8, 4, 8, 7, 6, 10, 11, 9, 6, 5, 6, 8, 9, 6, 9, 8, 8, 6, 7, 7, 7, 6, 10, 6, 8, 6, 5, 8, 7, 7, 
94: 0, 0, 8, 0, 0, 7, 9, 0, 0, 10, 6, 0, 8, 0, 8, 0, 0, 0, 7, 7, 10, 10, 6, 10, 0, 0, 0, 11, 7, 0, 6, 8, 0, 0, 8, 9, 0, 0, 0, 0, 0, 7, 8, 6, 0, 9, 7, 0, 0, 0, 0, 7, 8, 0, 0, 0, 9, 0, 9, 8, 8, 0, 0, 9, 0, 0, 9, 0, 8, 9, 0, 7, 6, 6, 8, 0, 0, 0, 0, 7, : 8, 7, 9, 10, 6, 8, 8, 7, 7, 10, 10, 6, 10, 11, 7, 6, 8, 8, 9, 7, 8, 6, 9, 7, 7, 8, 9, 9, 8, 8, 9, 9, 8, 9, 7, 6, 6, 8, 7, 
134: 0, 8, 0, 0, 5, 0, 6, 0, 0, 7, 0, 0, 0, 9, 8, 0, 7, 0, 9, 0, 11, 8, 0, 10, 6, 0, 6, 0, 0, 0, 6, 6, 9, 0, 7, 6, 0, 6, 0, 7, 0, 0, 0, 0, 0, 8, 0, 6, 7, 11, 7, 0, 7, 7, 7, 0, 7, 7, 7, 0, 0, 0, 0, 0, 10, 0, 7, 9, 0, 7, 0, 0, 6, 0, 5, 0, 9, 8, 0, 8, : 8, 5, 6, 7, 9, 8, 7, 9, 11, 8, 10, 6, 6, 6, 6, 9, 7, 6, 6, 7, 8, 6, 7, 11, 7, 7, 7, 7, 7, 7, 7, 10, 7, 9, 7, 6, 5, 9, 8, 8, 
20: 9, 9, 0, 0, 8, 6, 0, 11, 7, 10, 0, 8, 0, 8, 0, 6, 7, 7, 0, 0, 6, 8, 0, 7, 10, 0, 0, 5, 8, 8, 11, 0, 0, 5, 0, 8, 8, 9, 8, 0, 8, 0, 7, 0, 0, 8, 0, 0, 0, 7, 9, 0, 8, 8, 9, 7, 0, 0, 0, 9, 0, 0, 0, 7, 10, 0, 0, 0, 0, 0, 8, 7, 7, 8, 9, 0, 8, 7, 0, 8, : 9, 9, 8, 6, 11, 7, 10, 8, 8, 6, 7, 7, 6, 8, 7, 10, 5, 8, 8, 11, 5, 8, 8, 9, 8, 8, 7, 8, 7, 9, 8, 8, 9, 7, 9, 7, 10, 8, 7, 7, 8, 9, 8, 7, 8, 
90: 0, 0, 0, 6, 0, 9, 0, 0, 0, 0, 0, 9, 0, 0, 7, 7, 8, 0, 0, 0, 0, 7, 7, 0, 7, 0, 0, 5, 0, 0, 0, 6, 7, 7, 0, 0, 9, 7, 7, 9, 9, 8, 10, 0, 8, 0, 0, 8, 0, 6, 0, 9, 7, 0, 0, 8, 0, 0, 10, 0, 4, 8, 7, 6, 0, 0, 10, 8, 7, 0, 0, 0, 0, 7, 8, 0, 6, 7, 0, 0, : 6, 9, 9, 7, 7, 8, 7, 7, 7, 5, 6, 7, 7, 9, 7, 7, 9, 9, 8, 10, 8, 8, 6, 9, 7, 8, 10, 4, 8, 7, 6, 10, 8, 7, 7, 8, 6, 7, 
187: 9, 11, 5, 0, 0, 9, 7, 0, 11, 0, 10, 7, 0, 7, 0, 0, 0, 0, 0, 6, 7, 9, 8, 0, 0, 0, 0, 9, 0, 5, 0, 0, 9, 6, 7, 0, 0, 7, 0, 6, 6, 8, 0, 0, 7, 6, 6, 0, 8, 8, 6, 8, 0, 0, 8, 0, 0, 0, 8, 8, 7, 8, 0, 6, 7, 0, 8, 0, 8, 0, 8, 0, 7, 9, 0, 8, 7, 0, 8, 9, : 9, 11, 5, 9, 7, 11, 10, 7, 7, 6, 7, 9, 8, 9, 5, 9, 6, 7, 7, 6, 6, 8, 7, 6, 6, 8, 8, 6, 8, 8, 8, 8, 7, 8, 6, 7, 8, 8, 8, 7, 9, 8, 7, 8, 9, 
65: 5, 8, 6, 0, 6, 10, 10, 7, 5, 0, 9, 0, 8, 0, 0, 0, 6, 0, 0, 0, 7, 0, 8, 6, 0, 6, 0, 4, 5, 11, 10, 6, 0, 0, 9, 8, 9, 0, 0, 0, 0, 0, 0, 0, 0, 0, 10, 8, 0, 8, 8, 0, 9, 7, 7, 10, 6, 0, 0, 7, 5, 0, 0, 9, 0, 0, 0, 0, 8, 4, 0, 0, 0, 0, 9, 0, 6, 5, 0, 0, : 5, 8, 6, 6, 10, 10, 7, 5, 9, 8, 6, 7, 8, 6, 6, 4, 5, 11, 10, 6, 9, 8, 9, 10, 8, 8, 8, 9, 7, 7, 10, 6, 7, 5, 9, 8, 4, 9, 6, 5, 
41: 0, 0, 4, 0, 0, 7, 6, 10, 0, 6, 0, 8, 7, 0, 0, 0, 10, 5, 9, 0, 0, 10, 7, 9, 0, 0, 5, 0, 8, 0, 5, 10, 0, 7, 7, 0, 6, 5, 6, 0, 8, 0, 9, 7, 8, 0, 7, 5, 6, 0, 0, 0, 0, 0, 8, 0, 0, 7, 6, 0, 9, 0, 0, 0, 0, 0, 0, 6, 0, 7, 7, 7, 0, 7, 7, 0, 8, 9, 0, 7, : 4, 7, 6, 10, 6, 8, 7, 10, 5, 9, 10, 7, 9, 5, 8, 5, 10, 7, 7, 6, 5, 6, 8, 9, 7, 8, 7, 5, 6, 8, 7, 6, 9, 6, 7, 7, 7, 7, 7, 8, 9, 7, 
168: 0, 5, 0, 9, 0, 0, 8, 0, 0, 7, 5, 0, 0, 9, 6, 0, 5, 8, 0, 8, 8, 6, 0, 6, 0, 5, 0, 0, 5, 8, 0, 0, 0, 7, 0, 0, 0, 6, 0, 9, 0, 0, 8, 0, 0, 7, 8, 0, 0, 0, 0, 0, 0, 0, 0, 5, 10, 0, 0, 0, 0, 10, 6, 0, 8, 8, 0, 0, 7, 9, 7, 6, 7, 0, 7, 0, 0, 8, 8, 9, : 5, 9, 8, 7, 5, 9, 6, 5, 8, 8, 8, 6, 6, 5, 5, 8, 7, 6, 9, 8, 7, 8, 5, 10, 10, 6, 8, 8, 7, 9, 7, 6, 7, 7, 8, 8, 9, 
165: 0, 0, 10, 0, 0, 8, 0, 0, 6, 8, 7, 9, 6, 0, 4, 8, 9, 7, 9, 4, 8, 0, 0, 0, 5, 8, 0, 0, 0, 9, 0, 0, 7, 10, 7, 7, 0, 0, 0, 0, 7, 0, 0, 0, 0, 0, 0, 0, 0, 0, 7, 8, 0, 0, 0, 0, 0, 0, 0, 0, 9, 5, 7, 0, 0, 0, 7, 8, 0, 0, 6, 0, 8, 0, 6, 8, 0, 0, 0, 0, : 10, 8, 6, 8, 7, 9, 6, 4, 8, 9, 7, 9, 4, 8, 5, 8, 9, 7, 10, 7, 7, 7, 7, 8, 9, 5, 7, 7, 8, 6, 8, 6, 8, 
42: 7, 6, 0, 6, 7, 5, 0, 0, 9, 0, 9, 7, 0, 8, 0, 8, 7, 8, 5, 0, 6, 0, 0, 0, 0, 0, 0, 5, 0, 0, 0, 0, 8, 0, 11, 0, 7, 0, 0, 0, 8, 11, 0, 9, 0, 8, 8, 7, 7, 7, 8, 9, 6, 6, 0, 6, 8, 7, 0, 0, 0, 0, 6, 0, 0, 5, 7, 8, 0, 8, 0, 0, 0, 0, 0, 8, 0, 8, 0, 0, : 7, 6, 6, 7, 5, 9, 9, 7, 8, 8, 7, 8, 5, 6, 5, 8, 11, 7, 8, 11, 9, 8, 8, 7, 7, 7, 8, 9, 6, 6, 6, 8, 7, 6, 5, 7, 8, 8, 8, 8, 
49: 0, 8, 7, 0, 8, 8, 7, 9, 5, 0, 0, 7, 0, 7, 8, 0, 8, 7, 0, 0, 9, 7, 0, 0, 7, 0, 0, 0, 0, 6, 0, 0, 0, 11, 0, 0, 0, 6, 0, 7, 7, 9, 0, 8, 10, 0, 8, 6, 7, 0, 4, 5, 7, 0, 10, 8, 0, 8, 0, 9, 0, 0, 0, 0, 0, 4, 0, 7, 0, 10, 0, 9, 6, 8, 6, 0, 8, 9, 8, 0, : 8, 7, 8, 8, 7, 9, 5, 7, 7, 8, 8, 7, 9, 7, 7, 6, 11, 6, 7, 7, 9, 8, 10, 8, 6, 7, 4, 5, 7, 10, 8, 8, 9, 4, 7, 10, 9, 6, 8, 6, 8, 9, 8, 
22: 0, 6, 0, 6, 6, 0, 0, 7, 0, 0, 9, 0, 8, 4, 8, 9, 6, 7, 7, 0, 10, 0, 0, 9, 7, 10, 11, 0, 7, 0, 0, 0, 7, 8, 7, 0, 7, 8, 9, 8, 6, 6, 4, 7, 5, 0, 0, 0, 0, 9, 7, 4, 8, 10, 8, 0, 0, 0, 0, 7, 8, 7, 0, 7, 8, 8, 0, 0, 9, 0, 0, 0, 0, 9, 7, 0, 8, 0, 9, 7, : 6, 6, 6, 7, 9, 8, 4, 8, 9, 6, 7, 7, 10, 9, 7, 10, 11, 7, 7, 8, 7, 7, 8, 9, 8, 6, 6, 4, 7, 5, 9, 7, 4, 8, 10, 8, 7, 8, 7, 7, 8, 8, 9, 9, 7, 8, 9, 7, 
133: 9, 0, 0, 0, 0, 0, 0, 6, 0, 9, 8, 0, 0, 0, 7, 4, 0, 0, 10, 0, 0, 0, 0, 6, 0, 11, 10, 0, 0, 11, 8, 8, 6, 0, 0, 0, 0, 0, 9, 8, 0, 4, 0, 8, 8, 0, 0, 0, 0, 0, 0, 0, 8, 0, 0, 0, 5, 7, 0, 0, 9, 10, 9, 0, 9, 8, 0, 0, 7, 0, 0, 0, 0, 0, 0, 8, 0, 0, 7, 8, : 9, 6, 9, 8, 7, 4, 10, 6, 11, 10, 11, 8, 8, 6, 9, 8, 4, 8, 8, 8, 5, 7, 9, 10, 9, 9, 8, 7, 8, 7, 8, 
14: 9, 0, 0, 8, 0, 0, 0, 0, 0, 8, 5, 0, 6, 0, 7, 0, 9, 8, 0, 7, 0, 0, 8, 9, 9, 0, 9, 10, 7, 0, 10, 10, 10, 4, 4, 0, 0, 8, 0, 6, 6, 0, 0, 7, 0, 0, 0, 0, 0, 0, 0, 0, 0, 0, 0, 10, 0, 0, 0, 0, 6, 4, 0, 0, 7, 0, 0, 0, 0, 0, 0, 0, 0, 0, 0, 6, 0, 0, 7, 6, : 9, 8, 8, 5, 6, 7, 9, 8, 7, 8, 9, 9, 9, 10, 7, 10, 10, 10, 4, 4, 8, 6, 6, 7, 10, 6, 4, 7, 6, 7, 6, 
57: 0, 0, 0, 7, 9, 0, 6, 9, 7, 7, 0, 0, 0, 8, 0, 0, 9, 0, 0, 0, 0, 0, 6, 0, 8, 5, 0, 10, 0, 0, 8, 0, 6, 0, 0, 0, 6, 0, 7, 0, 0, 0, 0, 0, 0, 0, 5, 0, 0, 4, 8, 6, 8, 0, 0, 0, 0, 0, 6, 6, 4, 0, 0, 10, 7, 7, 9, 8, 8, 0, 8, 8, 0, 9, 0, 8, 0, 0, 7, 0, : 7, 9, 6, 9, 7, 7, 8, 9, 6, 8, 5, 10, 8, 6, 6, 7, 5, 4, 8, 6, 8, 6, 6, 4, 10, 7, 7, 9, 8, 8, 8, 8, 9, 8, 7, 
138: 6, 0, 6, 5, 0, 7, 8, 8, 8, 8, 6, 8, 0, 5, 0, 9, 8, 0, 7, 5, 6, 7, 8, 7, 9, 6, 0, 0, 0, 0, 0, 0, 8, 8, 9, 8, 8, 9, 7, 0, 0, 0, 9, 7, 0, 7, 7, 0, 0, 8, 6, 0, 0, 0, 8, 0, 0, 5, 0, 0, 0, 0, 0, 0, 8, 8, 8, 7, 0, 8, 9, 8, 8, 6, 8, 0, 0, 9, 6, 0, : 6, 6, 5, 7, 8, 8, 8, 8, 6, 8, 5, 9, 8, 7, 5, 6, 7, 8, 7, 9, 6, 8, 8, 9, 8, 8, 9, 7, 9, 7, 7, 7, 8, 6, 8, 5, 8, 8, 8, 7, 8, 9, 8, 8, 6, 8, 9, 6, 
44: 0, 0, 11, 0, 10, 8, 0, 6, 0, 5, 9, 0, 8, 8, 9, 9, 0, 0, 0, 0, 0, 0, 0, 0, 7, 9, 0, 10, 7, 8, 0, 0, 6, 0, 7, 0, 8, 0, 0, 0, 8, 0, 6, 4, 7, 6, 0, 0, 10, 6, 0, 7, 7, 0, 0, 8, 9, 0, 8, 0, 0, 8, 6, 4, 0, 6, 0, 7, 4, 0, 0, 0, 9, 0, 0, 6, 7, 0, 9, 0, : 11, 10, 8, 6, 5, 9, 8, 8, 9, 9, 7, 9, 10, 7, 8, 6, 7, 8, 8, 6, 4, 7, 6, 10, 6, 7, 7, 8, 9, 8, 8, 6, 4, 6, 7, 4, 9, 6, 7, 9, 
71: 10, 0, 7, 0, 6, 0, 6, 9, 10, 0, 0, 0, 0, 0, 0, 0, 0, 5, 0, 0, 7, 7, 10, 0, 0, 0, 5, 7, 0, 11, 4, 10, 0, 0, 0, 0, 0, 0, 0, 8, 6, 8, 0, 0, 0, 8, 10, 0, 9, 8, 7, 7, 0, 8, 9, 0, 0, 4, 0, 0, 0, 7, 9, 7, 0, 9, 8, 0, 8, 6, 8, 0, 8, 7, 0, 9, 0, 8, 8, 0, : 10, 7, 6, 6, 9, 10, 5, 7, 7, 10, 5, 7, 11, 4, 10, 8, 6, 8, 8, 10, 9, 8, 7, 7, 8, 9, 4, 7, 9, 7, 9, 8, 8, 6, 8, 8, 7, 9, 8, 8, 
145: 8, 7, 9, 0, 7, 0, 9, 0, 7, 0, 0, 0, 0, 0, 0, 0, 0, 8, 0, 10, 0, 6, 0, 7, 5, 7, 8, 0, 0, 0, 8, 0, 0, 9, 5, 0, 10, 7, 0, 7, 8, 0, 7, 0, 0, 0, 8, 5, 0, 8, 10, 8, 0, 8, 7, 7, 6, 8, 8, 4, 7, 5, 5, 7, 6, 0, 0, 0, 0, 0, 7, 8, 0, 0, 0, 7, 8, 0, 7, 9, : 8, 7, 9, 7, 9, 7, 8, 10, 6, 7, 5, 7, 8, 8, 9, 5, 10, 7, 7, 8, 7, 8, 5, 8, 10, 8, 8, 7, 7, 6, 8, 8, 4, 7, 5, 5, 7, 6, 7, 8, 7, 8, 7, 9, 
159: 0, 8, 8, 7, 0, 0, 6, 0, 0, 0, 0, 4, 10, 7, 0, 0, 8, 0, 8, 7, 0, 0, 0, 0, 10, 8, 0, 0, 0, 4, 11, 8, 9, 0, 7, 9, 0, 0, 0, 0, 7, 0, 8, 0, 0, 8, 0, 0, 10, 0, 0, 7, 0, 8, 6, 8, 0, 0, 0, 9, 0, 9, 10, 0, 7, 7, 5, 0, 0, 7, 0, 8, 9, 0, 9, 8, 0, 0, 0, 8, : 8, 8, 7, 6, 4, 10, 7, 8, 8, 7, 10, 8, 4, 11, 8, 9, 7, 9, 7, 8, 8, 10, 7, 8, 6, 8, 9, 9, 10, 7, 7, 5, 7, 8, 9, 9, 8, 8, 
180: 5, 9, 7, 0, 0, 0, 0, 0, 0, 0, 0, 8, 6, 8, 9, 6, 0, 9, 9, 7, 0, 0, 8, 0, 6, 0, 5, 7, 0, 0, 4, 0, 0, 0, 9, 7, 10, 7, 7, 9, 10, 0, 5, 0, 8, 10, 0, 0, 6, 8, 8, 0, 9, 0, 8, 0, 0, 0, 0, 8, 10, 0, 0, 8, 5, 0, 4, 0, 6, 9, 8, 0, 8, 0, 8, 0, 0, 7, 0, 8, : 5, 9, 7, 8, 6, 8, 9, 6, 9, 9, 7, 8, 6, 5, 7, 4, 9, 7, 10, 7, 7, 9, 10, 5, 8, 10, 6, 8, 8, 9, 8, 8, 10, 8, 5, 4, 6, 9, 8, 8, 8, 7, 8, 
116: 0, 9, 9, 7, 0, 10, 0, 9, 8, 9, 0, 0, 9, 0, 0, 8, 0, 0, 7, 7, 0, 0, 9, 6, 4, 7, 6, 7, 11, 0, 9, 0, 0, 8, 0, 0, 0, 8, 8, 0, 0, 7, 8, 10, 8, 0, 7, 0, 0, 0, 8, 8, 0, 9, 9, 0, 6, 6, 8, 0, 9, 6, 9, 7, 0, 7, 8, 8, 7, 8, 8, 0, 0, 8, 0, 8, 7, 0, 0, 0, : 9, 9, 7, 10, 9, 8, 9, 9, 8, 7, 7, 9, 6, 4, 7, 6, 7, 11, 9, 8, 8, 8, 7, 8, 10, 8, 7, 8, 8, 9, 9, 6, 6, 8, 9, 6, 9, 7, 7, 8, 8, 7, 8, 8, 8, 8, 7, 
151: 11, 0, 0, 9, 0, 0, 8, 6, 7, 9, 6, 0, 8, 8, 7, 0, 0, 0, 0, 0, 8, 0, 0, 0, 0, 0, 9, 0, 10, 0, 0, 0, 0, 0, 0, 10, 7, 0, 7, 0, 9, 5, 10, 0, 9, 0, 6, 7, 0, 9, 0, 0, 0, 0, 0, 7, 8, 6, 6, 10, 9, 9, 7, 0, 8, 7, 0, 0, 8, 0, 0, 7, 9, 0, 0, 7, 8, 8, 0, 8, : 11, 9, 8, 6, 7, 9, 6, 8, 8, 7, 8, 9, 10, 10, 7, 7, 9, 5, 10, 9, 6, 7, 9, 7, 8, 6, 6, 10, 9, 9, 7, 8, 7, 8, 7, 9, 7, 8, 8, 8, 
26: 7, 7, 0, 10, 8, 0, 9, 8, 0, 7, 8, 9, 9, 5, 0, 0, 6, 8, 0, 9, 0, 0, 0, 0, 0, 10, 0, 9, 0, 0, 0, 0, 8, 6, 0, 4, 0, 8, 0, 7, 0, 7, 0, 0, 0, 8, 7, 10, 0, 0, 8, 8, 8, 7, 0, 7, 9, 8, 0, 0, 8, 0, 0, 0, 9, 0, 7, 7, 0, 7, 8, 0, 9, 8, 7, 5, 0, 8, 8, 0, : 7, 7, 10, 8, 9, 8, 7, 8, 9, 9, 5, 6, 8, 9, 10, 9, 8, 6, 4, 8, 7, 7, 8, 7, 10, 8, 8, 8, 7, 7, 9, 8, 8, 9, 7, 7, 7, 8, 9, 8, 7, 5, 8, 8, 
100: 0, 9, 6, 0, 0, 0, 0, 0, 9, 0, 9, 0, 8, 0, 7, 7, 0, 0, 7, 7, 0, 6, 0, 7, 0, 4, 8, 0, 9, 8, 0, 7, 0, 0, 0, 7, 6, 8, 0, 0, 0, 0, 7, 8, 4, 0, 0, 0, 7, 0, 9, 0, 6, 9, 0, 0, 7, 7, 5, 4, 6, 6, 6, 6, 0, 9, 8, 0, 0, 0, 4, 0, 8, 0, 0, 8, 8, 0, 0, 0, : 9, 6, 9, 9, 8, 7, 7, 7, 7, 6, 7, 4, 8, 9, 8, 7, 7, 6, 8, 7, 8, 4, 7, 9, 6, 9, 7, 7, 5, 4, 6, 6, 6, 6, 9, 8, 4, 8, 8, 8, 
73: 6, 0, 0, 4, 7, 7, 0, 9, 0, 0, 0, 6, 0, 7, 9, 8, 0, 0, 0, 8, 0, 0, 7, 0, 9, 9, 8, 0, 0, 5, 5, 7, 9, 9, 0, 0, 5, 0, 5, 0, 0, 6, 6, 6, 9, 0, 0, 9, 9, 0, 0, 9, 0, 6, 6, 7, 8, 8, 4, 0, 0, 0, 8, 0, 0, 7, 8, 0, 8, 6, 0, 9, 0, 7, 0, 0, 0, 0, 0, 0, : 6, 4, 7, 7, 9, 6, 7, 9, 8, 8, 7, 9, 9, 8, 5, 5, 7, 9, 9, 5, 5, 6, 6, 6, 9, 9, 9, 9, 6, 6, 7, 8, 8, 4, 8, 7, 8, 8, 6, 9, 7, 
129: 6, 10, 9, 0, 0, 6, 5, 0, 0, 5, 6, 8, 9, 9, 9, 0, 0, 0, 8, 0, 6, 10, 0, 4, 0, 0, 0, 0, 0, 6, 8, 9, 0, 7, 0, 6, 6, 0, 9, 6, 5, 9, 0, 7, 0, 8, 0, 0, 0, 0, 0, 0, 0, 7, 0, 0, 7, 8, 8, 0, 0, 9, 7, 0, 7, 0, 10, 8, 0, 8, 0, 9, 0, 0, 8, 9, 0, 6, 6, 8, : 6, 10, 9, 6, 5, 5, 6, 8, 9, 9, 9, 8, 6, 10, 4, 6, 8, 9, 7, 6, 6, 9, 6, 5, 9, 7, 8, 7, 7, 8, 8, 9, 7, 7, 10, 8, 8, 9, 8, 9, 6, 6, 8, 
85: 7, 0, 0, 8, 0, 7, 0, 6, 9, 0, 7, 0, 0, 0, 0, 7, 8, 0, 5, 0, 8, 0, 7, 0, 7, 0, 7, 5, 5, 0, 0, 8, 8, 6, 6, 0, 0, 0, 0, 0, 0, 7, 0, 6, 0, 7, 0, 7, 0, 5, 0, 0, 8, 7, 0, 8, 0, 0, 9, 8, 0, 0, 9, 9, 0, 0, 7, 10, 7, 7, 0, 0, 0, 8, 0, 0, 5, 0, 0, 0, : 7, 8, 7, 6, 9, 7, 7, 8, 5, 8, 7, 7, 7, 5, 5, 8, 8, 6, 6, 7, 6, 7, 7, 5, 8, 7, 8, 9, 8, 9, 9, 7, 10, 7, 7, 8, 5, 
176: 0, 8, 0, 0, 0, 0, 8, 0, 7, 0, 8, 0, 0, 0, 0, 0, 0, 10, 0, 0, 0, 6, 10, 0, 0, 7, 0, 5, 4, 6, 0, 10, 0, 0, 0, 0, 0, 0, 7, 6, 7, 0, 0, 0, 8, 7, 0, 0, 8, 0, 0, 0, 0, 0, 0, 0, 0, 0, 8, 7, 0, 10, 0, 10, 0, 0, 0, 0, 0, 0, 8, 8, 0, 0, 0, 0, 0, 6, 8, 0, : 8, 8, 7, 8, 10, 6, 10, 7, 5, 4, 6, 10, 7, 6, 7, 8, 7, 8, 8, 7, 10, 10, 8, 8, 6, 8, 


