
20
20
75
1

9: 10, 7, 0, 6, 10, 5, 7, 0, 8, 0, 0, 8, 0, 0, 0, 0, 6, 8, 8, 8, : 10, 7, 6, 10, 5, 7, 8, 8, 6, 8, 8, 8, 
19: 0, 0, 8, 9, 8, 0, 0, 5, 6, 0, 0, 0, 6, 8, 0, 0, 6, 0, 0, 8, : 8, 9, 8, 5, 6, 6, 8, 6, 8, 
8: 4, 7, 0, 7, 8, 0, 8, 0, 0, 0, 8, 8, 0, 0, 8, 8, 8, 8, 8, 0, : 4, 7, 7, 8, 8, 8, 8, 8, 8, 8, 8, 8, 
1: 0, 0, 8, 0, 6, 9, 0, 0, 0, 0, 8, 0, 0, 8, 0, 5, 0, 0, 0, 6, : 8, 6, 9, 8, 8, 5, 6, 
18: 0, 0, 0, 11, 0, 0, 9, 8, 0, 0, 0, 8, 6, 0, 6, 8, 8, 0, 8, 0, : 11, 9, 8, 8, 6, 6, 8, 8, 8, 
4: 0, 8, 0, 0, 0, 6, 8, 0, 0, 8, 8, 5, 0, 6, 8, 8, 0, 6, 0, 0, : 8, 6, 8, 8, 8, 5, 6, 8, 8, 6, 
12: 6, 7, 7, 0, 0, 0, 0, 10, 8, 6, 8, 0, 5, 0, 0, 8, 0, 8, 6, 0, : 6, 7, 7, 10, 8, 6, 8, 5, 8, 8, 6, 
16: 8, 8, 0, 11, 10, 0, 5, 8, 0, 0, 0, 0, 8, 10, 0, 8, 0, 8, 8, 8, : 8, 8, 11, 10, 5, 8, 8, 10, 8, 8, 8, 8, 
7: 0, 0, 8, 4, 6, 0, 0, 0, 8, 5, 0, 0, 0, 0, 10, 10, 0, 5, 6, 8, : 8, 4, 6, 8, 5, 10, 10, 5, 6, 8, 
14: 0, 11, 4, 0, 0, 8, 0, 8, 5, 0, 10, 0, 8, 0, 8, 0, 5, 0, 10, 0, : 11, 4, 8, 8, 5, 10, 8, 8, 5, 10, 
15: 5, 0, 8, 0, 0, 0, 0, 0, 0, 8, 0, 6, 0, 8, 0, 0, 8, 8, 0, 6, : 5, 8, 8, 6, 8, 8, 8, 6, 
20: 0, 0, 6, 0, 0, 6, 8, 0, 6, 8, 6, 0, 8, 8, 8, 6, 0, 10, 0, 0, : 6, 6, 8, 6, 8, 6, 8, 8, 8, 6, 10, 
10: 11, 0, 10, 0, 6, 6, 7, 8, 0, 8, 0, 0, 0, 0, 0, 0, 0, 0, 0, 10, : 11, 10, 6, 6, 7, 8, 8, 10, 
17: 5, 0, 0, 8, 7, 0, 0, 6, 0, 0, 6, 8, 10, 5, 0, 6, 0, 0, 0, 0, : 5, 8, 7, 6, 6, 8, 10, 5, 6, 
13: 0, 0, 0, 0, 7, 7, 0, 8, 10, 6, 8, 0, 8, 6, 6, 0, 8, 0, 8, 0, : 7, 7, 8, 10, 6, 8, 8, 6, 6, 8, 8, 
6: 0, 11, 0, 0, 0, 0, 0, 6, 8, 8, 0, 8, 0, 8, 0, 0, 8, 0, 8, 0, : 11, 6, 8, 8, 8, 8, 8, 8, 
3: 7, 4, 5, 7, 0, 8, 0, 0, 8, 0, 8, 8, 8, 0, 8, 0, 0, 0, 0, 0, : 7, 4, 5, 7, 8, 8, 8, 8, 8, 8, 
5: 9, 7, 0, 7, 0, 9, 6, 0, 0, 0, 0, 10, 0, 0, 5, 0, 8, 8, 0, 8, : 9, 7, 7, 9, 6, 10, 5, 8, 8, 8, 
11: 10, 0, 0, 5, 0, 11, 10, 0, 0, 8, 5, 0, 8, 0, 8, 0, 0, 6, 0, 8, : 10, 5, 11, 10, 8, 5, 8, 8, 6, 8, 
2: 0, 5, 11, 0, 7, 0, 7, 8, 8, 10, 0, 6, 0, 8, 0, 8, 10, 0, 5, 5, : 5, 11, 7, 7, 8, 8, 10, 6, 8, 8, 10, 5, 5, 


