
40
80
150
2

66: 0, 0, 9, 0, 7, 0, 0, 8, 7, 9, 9, 0, 0, 0, 6, 0, 8, 0, 8, 0, 0, 0, 7, 7, 0, 7, 0, 9, 7, 7, 7, 0, 0, 7, 8, 0, 0, 0, 7, 8, : 9, 7, 8, 7, 9, 9, 6, 8, 8, 7, 7, 7, 9, 7, 7, 7, 7, 8, 7, 8, 
67: 7, 8, 9, 5, 8, 0, 0, 0, 0, 0, 0, 0, 7, 0, 0, 0, 0, 0, 8, 0, 7, 6, 0, 7, 0, 0, 0, 0, 8, 0, 0, 6, 6, 7, 0, 8, 8, 7, 0, 0, : 7, 8, 9, 5, 8, 7, 8, 7, 6, 7, 8, 6, 6, 7, 8, 8, 7, 
73: 0, 8, 6, 6, 9, 0, 0, 0, 6, 9, 0, 0, 0, 6, 0, 0, 0, 0, 7, 0, 0, 7, 9, 7, 0, 9, 8, 0, 7, 0, 8, 6, 8, 9, 7, 0, 7, 0, 7, 9, : 8, 6, 6, 9, 6, 9, 6, 7, 7, 9, 7, 9, 8, 7, 8, 6, 8, 9, 7, 7, 7, 9, 
23: 5, 9, 0, 0, 0, 0, 0, 0, 7, 0, 0, 0, 0, 0, 8, 5, 9, 7, 0, 8, 8, 7, 7, 0, 0, 9, 0, 0, 0, 0, 9, 0, 0, 7, 6, 7, 7, 0, 8, 0, : 5, 9, 7, 8, 5, 9, 7, 8, 8, 7, 7, 9, 9, 7, 6, 7, 7, 8, 
40: 9, 0, 7, 7, 0, 0, 0, 10, 9, 7, 9, 6, 6, 0, 9, 0, 7, 0, 8, 0, 0, 7, 8, 0, 9, 0, 7, 7, 0, 7, 7, 7, 7, 9, 9, 0, 7, 7, 9, 7, : 9, 7, 7, 10, 9, 7, 9, 6, 6, 9, 7, 8, 7, 8, 9, 7, 7, 7, 7, 7, 7, 9, 9, 7, 7, 9, 7, 
22: 0, 5, 0, 0, 8, 8, 0, 0, 7, 8, 0, 0, 8, 9, 0, 0, 0, 0, 10, 0, 0, 0, 7, 0, 0, 7, 0, 7, 9, 0, 0, 0, 0, 0, 7, 9, 9, 7, 8, 0, : 5, 8, 8, 7, 8, 8, 9, 10, 7, 7, 7, 9, 7, 9, 9, 7, 8, 
1: 0, 0, 0, 6, 9, 6, 7, 0, 0, 8, 5, 10, 0, 0, 0, 4, 8, 0, 0, 0, 0, 7, 0, 8, 0, 9, 6, 9, 8, 0, 0, 0, 9, 0, 0, 9, 9, 7, 0, 7, : 6, 9, 6, 7, 8, 5, 10, 4, 8, 7, 8, 9, 6, 9, 8, 9, 9, 9, 7, 7, 
3: 6, 8, 9, 8, 0, 0, 0, 0, 0, 0, 9, 5, 8, 0, 0, 0, 7, 8, 0, 0, 0, 0, 6, 0, 0, 7, 0, 6, 0, 7, 8, 9, 0, 0, 0, 6, 0, 6, 0, 7, : 6, 8, 9, 8, 9, 5, 8, 7, 8, 6, 7, 6, 7, 8, 9, 6, 6, 7, 
15: 0, 8, 0, 11, 7, 7, 7, 8, 7, 7, 0, 0, 8, 5, 10, 0, 0, 8, 0, 0, 6, 0, 0, 9, 7, 0, 0, 6, 0, 0, 0, 0, 9, 0, 7, 0, 0, 7, 0, 7, : 8, 11, 7, 7, 7, 8, 7, 7, 8, 5, 10, 8, 6, 9, 7, 6, 9, 7, 7, 7, 
18: 8, 7, 0, 8, 0, 7, 9, 0, 0, 0, 6, 0, 7, 0, 0, 7, 0, 0, 9, 0, 0, 0, 0, 7, 0, 7, 9, 8, 8, 9, 0, 0, 0, 0, 7, 7, 9, 8, 6, 0, : 8, 7, 8, 7, 9, 6, 7, 7, 9, 7, 7, 9, 8, 8, 9, 7, 7, 9, 8, 6, 
38: 7, 0, 8, 6, 8, 7, 6, 6, 11, 9, 9, 0, 8, 0, 8, 0, 0, 0, 8, 9, 0, 7, 0, 9, 0, 8, 0, 0, 0, 0, 6, 0, 0, 0, 0, 8, 0, 0, 9, 6, : 7, 8, 6, 8, 7, 6, 6, 11, 9, 9, 8, 8, 8, 9, 7, 9, 8, 6, 8, 9, 6, 
79: 0, 4, 4, 5, 0, 0, 0, 8, 0, 0, 0, 0, 0, 0, 11, 8, 0, 8, 0, 0, 7, 7, 0, 0, 0, 0, 0, 0, 0, 0, 0, 7, 8, 7, 0, 0, 0, 0, 6, 8, : 4, 4, 5, 8, 11, 8, 8, 7, 7, 7, 8, 7, 6, 8, 
43: 7, 0, 5, 0, 7, 8, 7, 5, 9, 0, 9, 6, 0, 8, 7, 8, 7, 9, 7, 7, 0, 0, 9, 0, 7, 0, 0, 9, 0, 0, 7, 7, 8, 7, 9, 9, 6, 0, 0, 7, : 7, 5, 7, 8, 7, 5, 9, 9, 6, 8, 7, 8, 7, 9, 7, 7, 9, 7, 9, 7, 7, 8, 7, 9, 9, 6, 7, 
34: 5, 9, 8, 0, 0, 9, 9, 0, 8, 6, 0, 6, 0, 9, 0, 9, 6, 8, 7, 7, 9, 0, 0, 8, 0, 7, 0, 0, 6, 6, 7, 0, 7, 0, 0, 0, 0, 0, 0, 6, : 5, 9, 8, 9, 9, 8, 6, 6, 9, 9, 6, 8, 7, 7, 9, 8, 7, 6, 6, 7, 7, 6, 
9: 10, 0, 0, 9, 11, 8, 0, 0, 0, 9, 8, 7, 8, 0, 5, 7, 8, 0, 0, 0, 0, 0, 7, 0, 7, 0, 0, 8, 7, 7, 8, 0, 0, 7, 0, 8, 9, 0, 0, 8, : 10, 9, 11, 8, 9, 8, 7, 8, 5, 7, 8, 7, 7, 8, 7, 7, 8, 7, 8, 9, 8, 
45: 8, 0, 0, 0, 0, 9, 0, 10, 8, 0, 0, 8, 7, 6, 6, 0, 8, 0, 6, 8, 0, 7, 6, 8, 7, 9, 8, 0, 7, 0, 0, 9, 7, 0, 7, 0, 7, 0, 0, 0, : 8, 9, 10, 8, 8, 7, 6, 6, 8, 6, 8, 7, 6, 8, 7, 9, 8, 7, 9, 7, 7, 7, 
2: 8, 0, 0, 8, 0, 0, 9, 0, 9, 8, 0, 0, 0, 0, 5, 0, 0, 7, 0, 0, 7, 0, 7, 0, 8, 0, 0, 7, 0, 8, 0, 0, 7, 7, 0, 7, 7, 9, 0, 0, : 8, 8, 9, 9, 8, 5, 7, 7, 7, 8, 7, 8, 7, 7, 7, 7, 9, 
33: 9, 5, 0, 0, 7, 6, 0, 5, 0, 9, 0, 9, 0, 6, 8, 8, 6, 0, 6, 10, 0, 0, 7, 8, 7, 0, 8, 0, 7, 7, 0, 0, 0, 0, 7, 7, 7, 8, 0, 0, : 9, 5, 7, 6, 5, 9, 9, 6, 8, 8, 6, 6, 10, 7, 8, 7, 8, 7, 7, 7, 7, 7, 8, 
31: 0, 9, 8, 0, 0, 0, 8, 8, 0, 0, 6, 9, 0, 0, 10, 0, 0, 6, 0, 0, 0, 7, 9, 9, 8, 0, 7, 8, 0, 9, 8, 8, 0, 0, 0, 7, 6, 0, 0, 7, : 9, 8, 8, 8, 6, 9, 10, 6, 7, 9, 9, 8, 7, 8, 9, 8, 8, 7, 6, 7, 
39: 8, 10, 0, 0, 9, 0, 7, 0, 0, 7, 9, 8, 8, 0, 0, 0, 8, 8, 9, 9, 0, 0, 8, 6, 8, 0, 7, 7, 7, 0, 0, 7, 0, 0, 0, 7, 0, 0, 7, 7, : 8, 10, 9, 7, 7, 9, 8, 8, 8, 8, 9, 9, 8, 6, 8, 7, 7, 7, 7, 7, 7, 7, 
56: 0, 0, 0, 0, 0, 6, 7, 7, 6, 0, 0, 0, 8, 9, 0, 0, 0, 6, 9, 6, 9, 0, 0, 0, 0, 7, 9, 7, 9, 0, 7, 0, 0, 7, 6, 0, 8, 9, 0, 0, : 6, 7, 7, 6, 8, 9, 6, 9, 6, 9, 7, 9, 7, 9, 7, 7, 6, 8, 9, 
5: 0, 0, 10, 0, 0, 0, 8, 7, 5, 0, 5, 5, 8, 6, 9, 0, 11, 0, 0, 7, 0, 0, 9, 0, 9, 0, 0, 0, 6, 0, 0, 8, 6, 7, 0, 0, 0, 0, 7, 7, : 10, 8, 7, 5, 5, 5, 8, 6, 9, 11, 7, 9, 9, 6, 8, 6, 7, 7, 7, 
25: 0, 0, 0, 10, 0, 8, 9, 7, 0, 0, 6, 9, 9, 0, 0, 11, 9, 6, 8, 8, 9, 0, 7, 9, 7, 0, 6, 0, 7, 9, 0, 0, 7, 0, 7, 9, 0, 9, 7, 0, : 10, 8, 9, 7, 6, 9, 9, 11, 9, 6, 8, 8, 9, 7, 9, 7, 6, 7, 9, 7, 7, 9, 9, 7, 
69: 0, 7, 0, 0, 8, 0, 0, 0, 4, 0, 0, 0, 7, 8, 0, 8, 0, 0, 0, 0, 8, 9, 8, 0, 7, 8, 7, 0, 0, 6, 0, 7, 0, 8, 8, 8, 0, 7, 0, 0, : 7, 8, 4, 7, 8, 8, 8, 9, 8, 7, 8, 7, 6, 7, 8, 8, 8, 7, 
71: 0, 7, 11, 7, 0, 9, 0, 0, 0, 5, 10, 0, 0, 6, 0, 9, 4, 7, 0, 6, 0, 8, 0, 0, 6, 7, 9, 7, 0, 0, 7, 0, 7, 6, 0, 0, 7, 6, 9, 0, : 7, 11, 7, 9, 5, 10, 6, 9, 4, 7, 6, 8, 6, 7, 9, 7, 7, 7, 6, 7, 6, 9, 
37: 8, 8, 0, 0, 0, 6, 7, 8, 7, 0, 5, 9, 8, 10, 8, 10, 0, 0, 0, 0, 0, 6, 8, 0, 0, 0, 7, 0, 9, 0, 0, 7, 0, 8, 8, 0, 7, 7, 7, 0, : 8, 8, 6, 7, 8, 7, 5, 9, 8, 10, 8, 10, 6, 8, 7, 9, 7, 8, 8, 7, 7, 7, 
68: 0, 8, 7, 7, 0, 0, 0, 6, 0, 0, 0, 0, 6, 0, 7, 8, 6, 8, 6, 0, 7, 0, 0, 0, 7, 0, 8, 0, 0, 7, 7, 8, 0, 0, 0, 0, 0, 0, 8, 0, : 8, 7, 7, 6, 6, 7, 8, 6, 8, 6, 7, 7, 8, 7, 7, 8, 8, 
27: 0, 0, 8, 0, 0, 7, 7, 7, 10, 0, 0, 7, 0, 7, 8, 0, 0, 0, 0, 9, 7, 8, 7, 7, 0, 0, 9, 7, 0, 7, 7, 7, 0, 0, 0, 7, 7, 8, 0, 7, : 8, 7, 7, 7, 10, 7, 7, 8, 9, 7, 8, 7, 7, 9, 7, 7, 7, 7, 7, 7, 8, 7, 
36: 8, 5, 0, 9, 0, 7, 6, 8, 9, 9, 9, 0, 7, 9, 7, 0, 8, 0, 6, 7, 7, 9, 0, 7, 0, 6, 0, 8, 9, 7, 9, 0, 0, 8, 0, 0, 0, 8, 7, 9, : 8, 5, 9, 7, 6, 8, 9, 9, 9, 7, 9, 7, 8, 6, 7, 7, 9, 7, 6, 8, 9, 7, 9, 8, 8, 7, 9, 
47: 0, 0, 0, 9, 5, 0, 9, 0, 0, 0, 10, 8, 0, 9, 0, 8, 0, 0, 0, 6, 8, 0, 0, 7, 6, 8, 0, 0, 0, 8, 9, 0, 9, 8, 8, 6, 0, 7, 8, 0, : 9, 5, 9, 10, 8, 9, 8, 6, 8, 7, 6, 8, 8, 9, 9, 8, 8, 6, 7, 8, 
50: 8, 0, 0, 0, 0, 0, 0, 0, 0, 7, 0, 0, 0, 9, 6, 0, 0, 9, 0, 8, 0, 7, 0, 0, 0, 0, 0, 0, 7, 7, 0, 7, 9, 0, 7, 0, 0, 0, 0, 0, : 8, 7, 9, 6, 9, 8, 7, 7, 7, 7, 9, 7, 
48: 0, 0, 7, 9, 7, 7, 6, 0, 0, 11, 7, 0, 0, 0, 0, 8, 0, 10, 0, 7, 7, 9, 0, 0, 7, 0, 7, 0, 0, 0, 0, 0, 0, 9, 0, 0, 0, 0, 0, 7, : 7, 9, 7, 7, 6, 11, 7, 8, 10, 7, 7, 9, 7, 7, 9, 7, 
19: 0, 0, 6, 0, 0, 0, 0, 0, 6, 4, 6, 9, 0, 0, 7, 8, 7, 7, 8, 8, 7, 8, 7, 7, 8, 6, 7, 0, 7, 0, 9, 7, 7, 7, 7, 7, 0, 0, 0, 0, : 6, 6, 4, 6, 9, 7, 8, 7, 7, 8, 8, 7, 8, 7, 7, 8, 6, 7, 7, 9, 7, 7, 7, 7, 7, 
4: 8, 0, 0, 0, 9, 0, 7, 0, 0, 0, 7, 8, 6, 0, 0, 9, 0, 6, 6, 7, 0, 0, 7, 0, 9, 0, 0, 7, 8, 0, 6, 0, 8, 6, 9, 0, 0, 0, 7, 0, : 8, 9, 7, 7, 8, 6, 9, 6, 6, 7, 7, 9, 7, 8, 6, 8, 6, 9, 7, 
63: 6, 0, 9, 0, 6, 0, 0, 7, 8, 0, 0, 0, 6, 8, 0, 0, 5, 0, 8, 0, 9, 8, 0, 7, 0, 8, 0, 7, 7, 8, 7, 9, 7, 0, 0, 7, 0, 9, 0, 0, : 6, 9, 6, 7, 8, 6, 8, 5, 8, 9, 8, 7, 8, 7, 7, 8, 7, 9, 7, 7, 9, 
24: 10, 6, 7, 8, 6, 9, 0, 0, 0, 0, 0, 0, 0, 7, 0, 4, 0, 0, 0, 6, 7, 9, 0, 7, 0, 7, 0, 7, 0, 8, 0, 7, 0, 0, 0, 0, 0, 7, 7, 8, : 10, 6, 7, 8, 6, 9, 7, 4, 6, 7, 9, 7, 7, 7, 8, 7, 7, 7, 8, 
6: 0, 9, 0, 8, 4, 0, 0, 10, 0, 0, 0, 8, 10, 6, 5, 0, 0, 10, 0, 0, 6, 0, 0, 6, 9, 7, 7, 0, 0, 7, 0, 0, 0, 0, 9, 7, 8, 0, 9, 9, : 9, 8, 4, 10, 8, 10, 6, 5, 10, 6, 6, 9, 7, 7, 7, 9, 7, 8, 9, 9, 
51: 0, 0, 5, 0, 7, 9, 7, 7, 0, 6, 0, 0, 0, 0, 0, 0, 10, 0, 0, 0, 8, 7, 0, 0, 0, 0, 0, 0, 0, 0, 0, 0, 7, 0, 0, 0, 8, 0, 0, 0, : 5, 7, 9, 7, 7, 6, 10, 8, 7, 7, 8, 
72: 0, 10, 7, 0, 8, 0, 8, 8, 0, 8, 6, 7, 0, 0, 0, 5, 0, 5, 6, 7, 0, 0, 0, 0, 7, 0, 7, 9, 0, 0, 7, 9, 7, 0, 7, 0, 0, 7, 0, 0, : 10, 7, 8, 8, 8, 8, 6, 7, 5, 5, 6, 7, 7, 7, 9, 7, 9, 7, 7, 7, 
16: 5, 0, 0, 4, 0, 7, 0, 0, 7, 4, 0, 6, 0, 7, 0, 6, 8, 7, 0, 0, 7, 0, 0, 0, 0, 7, 7, 0, 0, 9, 0, 8, 0, 9, 0, 0, 7, 0, 7, 9, : 5, 4, 7, 7, 4, 6, 7, 6, 8, 7, 7, 7, 7, 9, 8, 9, 7, 7, 9, 


42: 0, 9, 10, 0, 0, 10, 0, 0, 0, 0, 0, 9, 0, 5, 7, 0, 7, 6, 0, 7, 6, 7, 0, 7, 8, 9, 0, 0, 6, 0, 0, 8, 0, 6, 0, 0, 0, 7, 7, 0, : 9, 10, 10, 9, 5, 7, 7, 6, 7, 6, 7, 7, 8, 9, 6, 8, 6, 7, 7, 
64: 9, 8, 7, 6, 0, 10, 0, 0, 0, 0, 0, 0, 0, 8, 8, 0, 0, 0, 7, 8, 8, 0, 8, 8, 0, 0, 0, 6, 7, 8, 7, 8, 8, 0, 0, 0, 8, 0, 0, 7, : 9, 8, 7, 6, 10, 8, 8, 7, 8, 8, 8, 8, 6, 7, 8, 7, 8, 8, 8, 7, 
49: 5, 0, 9, 0, 0, 0, 7, 9, 8, 0, 7, 7, 0, 0, 0, 8, 8, 0, 0, 0, 0, 0, 0, 9, 7, 7, 0, 8, 0, 0, 6, 0, 0, 7, 8, 7, 7, 6, 7, 0, : 5, 9, 7, 9, 8, 7, 7, 8, 8, 9, 7, 7, 8, 6, 7, 8, 7, 7, 6, 7, 
26: 7, 0, 6, 8, 0, 7, 0, 0, 5, 6, 9, 7, 6, 0, 0, 0, 0, 0, 0, 6, 0, 0, 7, 0, 6, 0, 6, 0, 7, 0, 0, 0, 0, 7, 6, 0, 0, 8, 7, 0, : 7, 6, 8, 7, 5, 6, 9, 7, 6, 6, 7, 6, 6, 7, 7, 6, 8, 7, 
70: 0, 0, 0, 0, 9, 6, 7, 0, 0, 7, 7, 7, 7, 11, 5, 6, 0, 0, 9, 7, 0, 8, 0, 7, 0, 7, 0, 9, 0, 0, 7, 0, 0, 0, 0, 0, 6, 0, 7, 6, : 9, 6, 7, 7, 7, 7, 7, 11, 5, 6, 9, 7, 8, 7, 7, 9, 7, 6, 7, 6, 
76: 0, 7, 0, 0, 11, 0, 0, 0, 0, 10, 0, 6, 8, 6, 10, 8, 0, 0, 0, 0, 7, 0, 8, 0, 0, 0, 0, 8, 7, 0, 0, 7, 0, 8, 8, 8, 0, 0, 0, 0, : 7, 11, 10, 6, 8, 6, 10, 8, 7, 8, 8, 7, 7, 8, 8, 8, 
11: 5, 5, 9, 7, 7, 6, 0, 0, 0, 0, 7, 0, 8, 7, 0, 8, 0, 0, 9, 0, 6, 0, 9, 0, 0, 7, 7, 0, 8, 0, 0, 6, 0, 0, 8, 0, 0, 0, 7, 0, : 5, 5, 9, 7, 7, 6, 7, 8, 7, 8, 9, 6, 9, 7, 7, 8, 6, 8, 7, 
57: 9, 0, 0, 0, 5, 0, 9, 10, 0, 0, 0, 0, 8, 0, 0, 0, 8, 0, 8, 0, 0, 7, 0, 0, 0, 0, 0, 8, 6, 7, 8, 0, 0, 0, 0, 9, 0, 0, 0, 0, : 9, 5, 9, 10, 8, 8, 8, 7, 8, 6, 7, 8, 9, 
65: 5, 0, 0, 0, 0, 9, 0, 5, 6, 8, 9, 0, 9, 0, 10, 0, 0, 8, 0, 9, 0, 8, 0, 8, 8, 0, 9, 0, 8, 8, 0, 0, 0, 7, 8, 8, 0, 0, 0, 9, : 5, 9, 5, 6, 8, 9, 9, 10, 8, 9, 8, 8, 8, 9, 8, 8, 7, 8, 8, 9, 
13: 9, 0, 10, 9, 0, 10, 4, 8, 0, 8, 8, 0, 0, 9, 0, 0, 8, 8, 7, 7, 7, 6, 7, 9, 7, 7, 0, 6, 0, 9, 0, 0, 7, 0, 0, 0, 0, 0, 8, 7, : 9, 10, 9, 10, 4, 8, 8, 8, 9, 8, 8, 7, 7, 7, 6, 7, 9, 7, 7, 6, 9, 7, 8, 7, 
46: 0, 7, 0, 0, 0, 0, 10, 8, 6, 0, 0, 0, 5, 0, 7, 0, 7, 9, 7, 0, 8, 8, 8, 0, 0, 0, 0, 8, 6, 0, 0, 7, 7, 0, 0, 7, 0, 7, 0, 8, : 7, 10, 8, 6, 5, 7, 7, 9, 7, 8, 8, 8, 8, 6, 7, 7, 7, 7, 8, 
10: 7, 0, 5, 0, 8, 8, 6, 0, 7, 8, 7, 0, 0, 6, 0, 7, 0, 0, 0, 9, 7, 0, 0, 0, 0, 0, 8, 7, 8, 6, 8, 0, 0, 0, 6, 0, 0, 0, 0, 6, : 7, 5, 8, 8, 6, 7, 8, 7, 6, 7, 9, 7, 8, 7, 8, 6, 8, 6, 6, 
28: 0, 7, 0, 10, 0, 0, 0, 6, 10, 8, 8, 0, 0, 0, 0, 0, 0, 8, 6, 0, 9, 0, 0, 0, 0, 0, 0, 6, 8, 0, 9, 0, 8, 0, 7, 0, 0, 8, 8, 0, : 7, 10, 6, 10, 8, 8, 8, 6, 9, 6, 8, 9, 8, 7, 8, 8, 
77: 8, 0, 7, 6, 10, 6, 10, 0, 8, 0, 10, 11, 0, 0, 11, 7, 7, 0, 7, 8, 0, 7, 8, 0, 0, 0, 8, 0, 0, 0, 8, 8, 8, 0, 8, 7, 8, 9, 0, 7, : 8, 7, 6, 10, 6, 10, 8, 10, 11, 11, 7, 7, 7, 8, 7, 8, 8, 8, 8, 8, 8, 7, 8, 9, 7, 
8: 0, 0, 0, 0, 0, 0, 7, 5, 0, 7, 0, 6, 0, 9, 0, 7, 0, 7, 0, 0, 0, 0, 6, 8, 8, 0, 0, 0, 8, 7, 8, 9, 0, 0, 0, 0, 0, 7, 0, 7, : 7, 5, 7, 6, 9, 7, 7, 6, 8, 8, 8, 7, 8, 9, 7, 7, 
60: 0, 10, 8, 0, 7, 7, 8, 7, 7, 0, 0, 0, 5, 6, 6, 0, 7, 6, 0, 6, 0, 0, 6, 0, 0, 0, 0, 9, 7, 7, 6, 9, 6, 7, 0, 7, 7, 9, 6, 8, : 10, 8, 7, 7, 8, 7, 7, 5, 6, 6, 7, 6, 6, 6, 9, 7, 7, 6, 9, 6, 7, 7, 7, 9, 6, 8, 
74: 8, 0, 0, 0, 5, 0, 10, 10, 10, 0, 8, 8, 6, 8, 0, 9, 9, 0, 0, 7, 9, 6, 0, 7, 0, 7, 0, 7, 9, 6, 7, 7, 0, 8, 0, 0, 7, 8, 0, 0, : 8, 5, 10, 10, 10, 8, 8, 6, 8, 9, 9, 7, 9, 6, 7, 7, 7, 9, 6, 7, 7, 8, 7, 8, 
21: 10, 0, 10, 0, 0, 0, 0, 5, 10, 6, 0, 0, 0, 0, 0, 8, 0, 7, 6, 8, 0, 8, 0, 0, 7, 0, 9, 0, 0, 9, 0, 0, 9, 0, 0, 0, 0, 0, 8, 7, : 10, 10, 5, 10, 6, 8, 7, 6, 8, 8, 7, 9, 9, 9, 8, 7, 
14: 8, 6, 9, 0, 0, 0, 0, 0, 0, 7, 0, 0, 8, 0, 8, 0, 10, 6, 0, 0, 6, 6, 0, 7, 0, 9, 8, 9, 0, 8, 7, 8, 0, 0, 9, 9, 0, 0, 8, 7, : 8, 6, 9, 7, 8, 8, 10, 6, 6, 6, 7, 9, 8, 9, 8, 7, 8, 9, 9, 8, 7, 
75: 8, 0, 8, 9, 7, 9, 6, 7, 0, 0, 0, 0, 0, 0, 8, 5, 9, 0, 0, 0, 0, 8, 0, 6, 8, 8, 0, 0, 7, 0, 0, 6, 0, 0, 0, 8, 0, 7, 7, 8, : 8, 8, 9, 7, 9, 6, 7, 8, 5, 9, 8, 6, 8, 8, 7, 6, 8, 7, 7, 8, 
29: 0, 8, 7, 9, 6, 0, 0, 0, 11, 8, 8, 0, 0, 8, 0, 7, 8, 0, 0, 0, 9, 0, 8, 8, 9, 8, 0, 7, 8, 0, 9, 8, 0, 0, 0, 8, 8, 7, 8, 9, : 8, 7, 9, 6, 11, 8, 8, 8, 7, 8, 9, 8, 8, 9, 8, 7, 8, 9, 8, 8, 8, 7, 8, 9, 
61: 0, 0, 9, 0, 0, 0, 8, 6, 6, 0, 6, 0, 0, 10, 0, 8, 0, 0, 0, 9, 8, 0, 0, 0, 0, 7, 0, 0, 0, 0, 0, 0, 0, 6, 9, 0, 8, 0, 0, 8, : 9, 8, 6, 6, 6, 10, 8, 9, 8, 7, 6, 9, 8, 8, 
17: 0, 0, 0, 5, 7, 8, 10, 7, 0, 9, 0, 0, 7, 0, 0, 0, 0, 8, 0, 0, 0, 8, 9, 0, 9, 0, 9, 0, 7, 8, 0, 9, 0, 0, 0, 7, 0, 9, 9, 0, : 5, 7, 8, 10, 7, 9, 7, 8, 8, 9, 9, 9, 7, 8, 9, 7, 9, 9, 
58: 8, 8, 4, 6, 0, 0, 5, 0, 10, 0, 8, 0, 0, 5, 0, 0, 0, 8, 9, 0, 0, 9, 0, 8, 6, 9, 7, 0, 0, 0, 0, 0, 8, 8, 8, 0, 0, 8, 0, 0, : 8, 8, 4, 6, 5, 10, 8, 5, 8, 9, 9, 8, 6, 9, 7, 8, 8, 8, 8, 
41: 10, 0, 0, 4, 0, 0, 7, 0, 0, 0, 9, 11, 8, 6, 5, 6, 6, 7, 0, 8, 0, 7, 0, 0, 7, 0, 7, 7, 0, 8, 6, 6, 0, 0, 8, 0, 9, 8, 0, 8, : 10, 4, 7, 9, 11, 8, 6, 5, 6, 6, 7, 8, 7, 7, 7, 7, 8, 6, 6, 8, 9, 8, 8, 
30: 6, 0, 0, 0, 10, 0, 10, 5, 0, 7, 0, 5, 7, 5, 8, 7, 0, 9, 8, 0, 0, 7, 7, 9, 0, 0, 0, 7, 0, 7, 0, 0, 6, 0, 0, 0, 0, 6, 0, 7, : 6, 10, 10, 5, 7, 5, 7, 5, 8, 7, 9, 8, 7, 7, 9, 7, 7, 6, 6, 7, 
55: 0, 0, 5, 0, 7, 8, 0, 0, 0, 0, 0, 0, 8, 10, 0, 8, 8, 0, 0, 0, 0, 9, 0, 7, 9, 8, 8, 0, 0, 0, 0, 0, 0, 0, 0, 8, 7, 6, 6, 8, : 5, 7, 8, 8, 10, 8, 8, 9, 7, 9, 8, 8, 8, 7, 6, 6, 8, 
80: 0, 9, 0, 10, 0, 6, 0, 0, 0, 6, 0, 9, 8, 0, 7, 0, 6, 7, 7, 8, 0, 0, 8, 0, 0, 6, 0, 8, 0, 9, 0, 7, 7, 0, 7, 0, 7, 8, 6, 0, : 9, 10, 6, 6, 9, 8, 7, 6, 7, 7, 8, 8, 6, 8, 9, 7, 7, 7, 7, 8, 6, 
59: 7, 10, 0, 4, 0, 0, 0, 0, 6, 8, 0, 5, 0, 5, 0, 5, 8, 7, 8, 8, 0, 0, 0, 0, 0, 6, 7, 0, 8, 0, 0, 8, 7, 8, 0, 8, 8, 0, 0, 6, : 7, 10, 4, 6, 8, 5, 5, 5, 8, 7, 8, 8, 6, 7, 8, 8, 7, 8, 8, 8, 6, 
32: 0, 9, 0, 0, 9, 0, 0, 6, 6, 6, 0, 0, 11, 0, 0, 6, 0, 0, 8, 0, 8, 7, 7, 0, 7, 8, 0, 7, 9, 7, 8, 0, 7, 8, 7, 7, 9, 0, 0, 0, : 9, 9, 6, 6, 6, 11, 6, 8, 8, 7, 7, 7, 8, 7, 9, 7, 8, 7, 8, 7, 7, 9, 
62: 7, 6, 0, 0, 8, 8, 10, 0, 0, 0, 0, 0, 0, 0, 7, 0, 5, 0, 7, 0, 8, 0, 0, 8, 8, 8, 7, 0, 9, 6, 0, 7, 7, 9, 9, 0, 0, 0, 0, 0, : 7, 6, 8, 8, 10, 7, 5, 7, 8, 8, 8, 8, 7, 9, 6, 7, 7, 9, 9, 
7: 0, 7, 0, 11, 0, 7, 6, 0, 0, 0, 5, 7, 0, 0, 10, 0, 0, 7, 0, 0, 7, 0, 8, 6, 7, 0, 8, 8, 0, 7, 8, 8, 8, 9, 0, 0, 8, 0, 9, 9, : 7, 11, 7, 6, 5, 7, 10, 7, 7, 8, 6, 7, 8, 8, 7, 8, 8, 8, 9, 8, 9, 9, 
12: 0, 6, 0, 0, 0, 0, 5, 8, 0, 9, 8, 0, 0, 7, 8, 10, 0, 0, 7, 7, 0, 0, 0, 7, 0, 0, 6, 7, 0, 8, 9, 0, 8, 8, 7, 6, 6, 7, 9, 0, : 6, 5, 8, 9, 8, 7, 8, 10, 7, 7, 7, 6, 7, 8, 9, 8, 8, 7, 6, 6, 7, 9, 
20: 0, 0, 8, 7, 0, 4, 5, 7, 0, 7, 0, 7, 0, 8, 5, 0, 7, 0, 8, 0, 8, 0, 7, 7, 0, 0, 6, 0, 0, 0, 8, 0, 7, 6, 0, 0, 7, 0, 0, 8, : 8, 7, 4, 5, 7, 7, 7, 8, 5, 7, 8, 8, 7, 7, 6, 8, 7, 6, 7, 8, 
78: 0, 4, 0, 0, 8, 8, 0, 10, 9, 0, 7, 8, 9, 0, 0, 0, 6, 8, 0, 8, 7, 9, 0, 0, 8, 0, 7, 8, 7, 8, 7, 7, 0, 8, 0, 6, 7, 0, 0, 0, : 4, 8, 8, 10, 9, 7, 8, 9, 6, 8, 8, 7, 9, 8, 7, 8, 7, 8, 7, 7, 8, 6, 7, 
52: 0, 0, 4, 7, 0, 9, 0, 11, 6, 0, 6, 8, 0, 0, 5, 0, 6, 0, 8, 7, 7, 8, 9, 6, 6, 7, 0, 0, 0, 0, 7, 0, 8, 7, 7, 7, 0, 0, 7, 0, : 4, 7, 9, 11, 6, 6, 8, 5, 6, 8, 7, 7, 8, 9, 6, 6, 7, 7, 8, 7, 7, 7, 7, 
35: 8, 0, 0, 9, 7, 4, 0, 0, 6, 0, 7, 8, 0, 0, 0, 10, 0, 7, 6, 0, 8, 7, 7, 0, 0, 8, 0, 0, 0, 0, 0, 0, 9, 7, 0, 9, 9, 7, 8, 0, : 8, 9, 7, 4, 6, 7, 8, 10, 7, 6, 8, 7, 7, 8, 9, 7, 9, 9, 7, 8, 
53: 6, 9, 0, 6, 8, 0, 0, 0, 7, 7, 0, 6, 6, 0, 0, 10, 0, 9, 0, 6, 7, 0, 6, 0, 0, 6, 8, 0, 0, 7, 0, 0, 6, 0, 6, 8, 6, 8, 0, 0, : 6, 9, 6, 8, 7, 7, 6, 6, 10, 9, 6, 7, 6, 6, 8, 7, 6, 6, 8, 6, 8, 
54: 0, 10, 7, 9, 4, 0, 0, 0, 6, 8, 0, 6, 9, 11, 7, 0, 10, 0, 8, 7, 0, 0, 7, 8, 8, 0, 8, 0, 0, 0, 0, 7, 9, 7, 7, 6, 0, 0, 0, 0, : 10, 7, 9, 4, 6, 8, 6, 9, 11, 7, 10, 8, 7, 7, 8, 8, 8, 7, 9, 7, 7, 6, 
44: 0, 5, 8, 8, 7, 0, 0, 10, 0, 0, 6, 9, 7, 0, 8, 0, 0, 8, 0, 0, 0, 0, 0, 0, 7, 8, 7, 0, 0, 0, 7, 0, 0, 9, 7, 0, 8, 0, 8, 0, : 5, 8, 8, 7, 10, 6, 9, 7, 8, 8, 7, 8, 7, 7, 9, 7, 8, 8, 


