
80
200
150
5

162: 6, 0, 0, 9, 0, 0, 5, 0, 6, 0, 0, 0, 0, 0, 7, 0, 0, 0, 7, 9, 0, 0, 7, 6, 0, 6, 7, 0, 8, 0, 0, 9, 6, 9, 0, 4, 0, 0, 0, 0, 8, 8, 0, 0, 0, 9, 10, 0, 0, 0, 9, 0, 10, 6, 11, 0, 10, 8, 0, 9, 5, 9, 0, 0, 7, 5, 0, 7, 8, 0, 9, 5, 0, 0, 0, 0, 0, 7, 7, 0, : 6, 9, 5, 6, 7, 7, 9, 7, 6, 6, 7, 8, 9, 6, 9, 4, 8, 8, 9, 10, 9, 10, 6, 11, 10, 8, 9, 5, 9, 7, 5, 7, 8, 9, 5, 7, 7, 
197: 4, 10, 0, 0, 0, 9, 10, 9, 0, 0, 5, 0, 9, 0, 10, 7, 0, 0, 6, 0, 0, 0, 9, 8, 6, 0, 7, 0, 0, 0, 7, 6, 0, 7, 9, 8, 0, 0, 10, 6, 0, 0, 10, 0, 9, 7, 0, 7, 4, 0, 10, 6, 7, 7, 0, 7, 0, 0, 7, 7, 0, 10, 10, 6, 9, 10, 0, 0, 0, 0, 0, 0, 0, 8, 0, 0, 8, 0, 0, 7, : 4, 10, 9, 10, 9, 5, 9, 10, 7, 6, 9, 8, 6, 7, 7, 6, 7, 9, 8, 10, 6, 10, 9, 7, 7, 4, 10, 6, 7, 7, 7, 7, 7, 10, 10, 6, 9, 10, 8, 8, 7, 
199: 0, 5, 0, 0, 0, 0, 7, 0, 0, 0, 6, 0, 7, 8, 9, 4, 9, 7, 10, 0, 9, 5, 0, 6, 9, 7, 8, 8, 0, 0, 0, 10, 0, 0, 7, 0, 8, 7, 5, 7, 0, 7, 0, 0, 0, 9, 0, 7, 5, 0, 0, 0, 0, 0, 0, 7, 7, 8, 8, 5, 9, 4, 0, 0, 7, 0, 0, 7, 5, 8, 8, 0, 0, 0, 0, 0, 0, 0, 0, 9, : 5, 7, 6, 7, 8, 9, 4, 9, 7, 10, 9, 5, 6, 9, 7, 8, 8, 10, 7, 8, 7, 5, 7, 7, 9, 7, 5, 7, 7, 8, 8, 5, 9, 4, 7, 7, 5, 8, 8, 9, 
20: 7, 6, 0, 0, 0, 6, 6, 0, 7, 0, 0, 0, 7, 4, 0, 7, 0, 5, 9, 0, 9, 9, 0, 0, 0, 0, 0, 8, 0, 8, 8, 8, 9, 0, 7, 0, 0, 10, 9, 0, 0, 0, 6, 0, 5, 9, 10, 6, 0, 7, 7, 9, 0, 0, 0, 0, 0, 0, 6, 8, 9, 7, 0, 9, 6, 8, 6, 8, 0, 0, 0, 0, 7, 9, 8, 0, 0, 9, 0, 9, : 7, 6, 6, 6, 7, 7, 4, 7, 5, 9, 9, 9, 8, 8, 8, 8, 9, 7, 10, 9, 6, 5, 9, 10, 6, 7, 7, 9, 6, 8, 9, 7, 9, 6, 8, 6, 8, 7, 9, 8, 9, 9, 
29: 0, 7, 7, 8, 8, 10, 0, 0, 0, 7, 7, 6, 0, 0, 6, 11, 10, 6, 9, 7, 6, 0, 0, 6, 11, 0, 0, 6, 0, 0, 0, 8, 0, 0, 7, 7, 7, 0, 0, 0, 5, 0, 0, 0, 0, 6, 8, 10, 0, 0, 0, 9, 8, 0, 0, 0, 7, 0, 7, 8, 8, 0, 0, 7, 9, 9, 0, 0, 0, 7, 9, 0, 0, 0, 0, 8, 9, 0, 8, 6, : 7, 7, 8, 8, 10, 7, 7, 6, 6, 11, 10, 6, 9, 7, 6, 6, 11, 6, 8, 7, 7, 7, 5, 6, 8, 10, 9, 8, 7, 7, 8, 8, 7, 9, 9, 7, 9, 8, 9, 8, 6, 
190: 0, 0, 9, 0, 0, 0, 7, 0, 0, 5, 9, 9, 0, 8, 11, 0, 7, 0, 9, 7, 6, 0, 0, 0, 8, 7, 9, 0, 8, 6, 0, 8, 0, 0, 0, 8, 6, 0, 0, 0, 6, 6, 6, 0, 0, 0, 4, 7, 0, 0, 5, 9, 0, 0, 0, 8, 0, 7, 0, 0, 8, 0, 7, 0, 0, 0, 0, 0, 0, 0, 8, 0, 8, 0, 0, 0, 7, 0, 0, 0, : 9, 7, 5, 9, 9, 8, 11, 7, 9, 7, 6, 8, 7, 9, 8, 6, 8, 8, 6, 6, 6, 6, 4, 7, 5, 9, 8, 7, 8, 7, 8, 8, 7, 
100: 6, 0, 0, 0, 8, 7, 6, 0, 0, 0, 8, 0, 9, 8, 8, 0, 0, 0, 0, 5, 0, 0, 0, 0, 7, 8, 7, 0, 5, 0, 6, 8, 0, 7, 6, 0, 7, 8, 0, 10, 6, 0, 7, 0, 8, 5, 0, 8, 0, 8, 0, 7, 0, 8, 8, 7, 6, 0, 0, 7, 0, 9, 0, 6, 0, 6, 0, 0, 6, 0, 9, 8, 0, 0, 7, 0, 0, 0, 0, 8, : 6, 8, 7, 6, 8, 9, 8, 8, 5, 7, 8, 7, 5, 6, 8, 7, 6, 7, 8, 10, 6, 7, 8, 5, 8, 8, 7, 8, 8, 7, 6, 7, 9, 6, 6, 6, 9, 8, 7, 8, 
158: 11, 0, 8, 8, 9, 0, 9, 5, 10, 9, 0, 0, 7, 0, 0, 7, 8, 0, 8, 6, 0, 7, 0, 9, 0, 9, 6, 9, 6, 0, 9, 0, 7, 5, 0, 7, 8, 0, 0, 0, 0, 0, 9, 6, 6, 0, 0, 0, 8, 4, 8, 0, 5, 5, 6, 10, 7, 0, 8, 7, 0, 9, 0, 0, 8, 6, 7, 0, 7, 9, 6, 8, 0, 0, 7, 5, 0, 0, 8, 7, : 11, 8, 8, 9, 9, 5, 10, 9, 7, 7, 8, 8, 6, 7, 9, 9, 6, 9, 6, 9, 7, 5, 7, 8, 9, 6, 6, 8, 4, 8, 5, 5, 6, 10, 7, 8, 7, 9, 8, 6, 7, 7, 9, 6, 8, 7, 5, 8, 7, 
63: 7, 7, 6, 0, 0, 9, 0, 0, 0, 0, 0, 8, 0, 0, 0, 0, 0, 0, 0, 6, 0, 8, 6, 0, 7, 7, 0, 0, 9, 6, 0, 0, 8, 9, 7, 0, 0, 9, 7, 7, 0, 0, 7, 0, 9, 7, 5, 10, 0, 0, 9, 7, 7, 0, 0, 0, 0, 8, 0, 0, 0, 8, 0, 8, 6, 8, 0, 7, 0, 7, 9, 9, 0, 6, 9, 7, 8, 0, 0, 0, : 7, 7, 6, 9, 8, 6, 8, 6, 7, 7, 9, 6, 8, 9, 7, 9, 7, 7, 7, 9, 7, 5, 10, 9, 7, 7, 8, 8, 8, 6, 8, 7, 7, 9, 9, 6, 9, 7, 8, 
43: 0, 0, 7, 0, 10, 0, 5, 9, 0, 6, 8, 6, 7, 9, 0, 9, 0, 0, 7, 0, 7, 7, 0, 0, 0, 0, 0, 0, 8, 0, 8, 6, 0, 7, 0, 0, 0, 8, 5, 7, 6, 0, 0, 9, 10, 0, 7, 6, 0, 0, 9, 0, 7, 0, 5, 0, 8, 10, 10, 8, 8, 10, 0, 0, 7, 7, 0, 8, 9, 8, 8, 0, 6, 0, 9, 7, 0, 7, 8, 8, : 7, 10, 5, 9, 6, 8, 6, 7, 9, 9, 7, 7, 7, 8, 8, 6, 7, 8, 5, 7, 6, 9, 10, 7, 6, 9, 7, 5, 8, 10, 10, 8, 8, 10, 7, 7, 8, 9, 8, 8, 6, 9, 7, 7, 8, 8, 
181: 0, 0, 7, 6, 0, 0, 9, 0, 8, 0, 9, 8, 0, 0, 0, 0, 0, 0, 10, 0, 0, 0, 0, 6, 0, 6, 9, 0, 0, 0, 0, 0, 0, 0, 0, 9, 0, 0, 0, 9, 9, 10, 5, 0, 7, 0, 0, 5, 0, 0, 0, 0, 9, 0, 7, 6, 0, 7, 0, 8, 0, 6, 0, 8, 0, 0, 7, 0, 8, 0, 0, 9, 0, 9, 0, 8, 7, 0, 7, 7, : 7, 6, 9, 8, 9, 8, 10, 6, 6, 9, 9, 9, 9, 10, 5, 7, 5, 9, 7, 6, 7, 8, 6, 8, 7, 8, 9, 9, 8, 7, 7, 7, 
146: 0, 8, 0, 0, 0, 5, 0, 7, 6, 0, 0, 6, 0, 4, 7, 9, 0, 0, 7, 7, 0, 9, 10, 7, 0, 10, 0, 7, 8, 0, 0, 0, 8, 0, 8, 7, 8, 0, 7, 0, 10, 8, 0, 6, 0, 10, 10, 11, 8, 0, 6, 0, 9, 0, 0, 10, 0, 0, 0, 0, 9, 0, 6, 0, 0, 0, 9, 9, 0, 9, 0, 0, 6, 8, 8, 8, 0, 0, 9, 0, : 8, 5, 7, 6, 6, 4, 7, 9, 7, 7, 9, 10, 7, 10, 7, 8, 8, 8, 7, 8, 7, 10, 8, 6, 10, 10, 11, 8, 6, 9, 10, 9, 6, 9, 9, 9, 6, 8, 8, 8, 9, 
171: 9, 0, 0, 4, 6, 0, 0, 7, 8, 9, 8, 0, 0, 7, 0, 0, 6, 10, 7, 6, 0, 0, 0, 9, 6, 7, 9, 0, 0, 0, 0, 0, 0, 8, 0, 6, 0, 0, 0, 9, 0, 0, 6, 0, 0, 0, 0, 0, 7, 0, 5, 0, 0, 0, 7, 0, 9, 7, 6, 0, 4, 9, 6, 0, 5, 0, 9, 0, 8, 0, 7, 9, 8, 0, 0, 9, 6, 8, 8, 8, : 9, 4, 6, 7, 8, 9, 8, 7, 6, 10, 7, 6, 9, 6, 7, 9, 8, 6, 9, 6, 7, 5, 7, 9, 7, 6, 4, 9, 6, 5, 9, 8, 7, 9, 8, 9, 6, 8, 8, 8, 
188: 6, 0, 10, 0, 8, 8, 9, 5, 0, 8, 8, 10, 0, 7, 7, 4, 9, 4, 6, 0, 8, 6, 7, 8, 8, 0, 9, 6, 8, 7, 0, 0, 7, 6, 0, 8, 0, 6, 7, 10, 7, 8, 0, 0, 0, 8, 7, 9, 5, 11, 0, 10, 5, 0, 0, 8, 10, 0, 0, 9, 6, 0, 0, 6, 0, 0, 6, 7, 0, 0, 0, 6, 0, 0, 9, 9, 9, 9, 6, 0, : 6, 10, 8, 8, 9, 5, 8, 8, 10, 7, 7, 4, 9, 4, 6, 8, 6, 7, 8, 8, 9, 6, 8, 7, 7, 6, 8, 6, 7, 10, 7, 8, 8, 7, 9, 5, 11, 10, 5, 8, 10, 9, 6, 6, 6, 7, 6, 9, 9, 9, 9, 6, 
174: 7, 5, 0, 9, 0, 0, 0, 6, 7, 0, 7, 0, 8, 0, 0, 0, 0, 8, 0, 5, 0, 0, 10, 7, 0, 6, 0, 6, 9, 0, 0, 0, 8, 0, 0, 6, 0, 0, 6, 0, 0, 8, 0, 0, 0, 7, 0, 0, 11, 6, 6, 0, 0, 6, 0, 0, 0, 0, 0, 0, 0, 0, 7, 0, 7, 0, 0, 8, 0, 7, 0, 8, 0, 0, 6, 0, 0, 0, 0, 0, : 7, 5, 9, 6, 7, 7, 8, 8, 5, 10, 7, 6, 6, 9, 8, 6, 6, 8, 7, 11, 6, 6, 6, 7, 7, 8, 7, 8, 6, 
89: 10, 8, 9, 6, 6, 4, 10, 0, 0, 0, 0, 8, 9, 8, 8, 9, 4, 6, 0, 0, 0, 8, 0, 6, 0, 0, 0, 0, 0, 0, 7, 0, 0, 7, 5, 0, 0, 0, 7, 0, 0, 7, 0, 6, 0, 6, 8, 0, 9, 0, 5, 0, 0, 8, 10, 6, 0, 0, 0, 6, 0, 0, 10, 0, 10, 0, 0, 9, 6, 0, 7, 7, 6, 8, 0, 0, 0, 7, 8, 0, : 10, 8, 9, 6, 6, 4, 10, 8, 9, 8, 8, 9, 4, 6, 8, 6, 7, 7, 5, 7, 7, 6, 6, 8, 9, 5, 8, 10, 6, 6, 10, 10, 9, 6, 7, 7, 6, 8, 7, 8, 
151: 0, 7, 0, 9, 0, 0, 4, 8, 8, 7, 0, 7, 8, 0, 0, 0, 6, 0, 0, 0, 7, 0, 6, 0, 0, 0, 0, 0, 0, 9, 0, 0, 0, 0, 0, 0, 7, 7, 10, 9, 6, 0, 0, 10, 0, 0, 8, 8, 7, 6, 0, 9, 9, 7, 7, 0, 0, 0, 8, 0, 7, 0, 0, 8, 0, 9, 0, 6, 0, 7, 0, 6, 0, 0, 0, 0, 0, 5, 9, 8, : 7, 9, 4, 8, 8, 7, 7, 8, 6, 7, 6, 9, 7, 7, 10, 9, 6, 10, 8, 8, 7, 6, 9, 9, 7, 7, 8, 7, 8, 9, 6, 7, 6, 5, 9, 8, 
150: 7, 0, 5, 9, 0, 8, 0, 0, 0, 8, 0, 8, 0, 10, 0, 8, 7, 10, 6, 10, 0, 0, 0, 8, 7, 10, 10, 0, 0, 0, 9, 0, 6, 0, 0, 0, 6, 0, 9, 0, 0, 0, 7, 0, 8, 8, 8, 0, 9, 0, 4, 0, 0, 0, 0, 7, 0, 0, 0, 0, 7, 0, 0, 6, 9, 0, 0, 0, 0, 6, 7, 0, 0, 8, 8, 6, 9, 0, 5, 0, : 7, 5, 9, 8, 8, 8, 10, 8, 7, 10, 6, 10, 8, 7, 10, 10, 9, 6, 6, 9, 7, 8, 8, 8, 9, 4, 7, 7, 6, 9, 6, 7, 8, 8, 6, 9, 5, 
135: 8, 5, 0, 9, 9, 7, 0, 7, 0, 0, 0, 0, 0, 7, 0, 7, 8, 5, 0, 11, 0, 5, 5, 0, 0, 0, 6, 0, 8, 6, 9, 6, 8, 8, 8, 8, 8, 4, 0, 0, 0, 0, 9, 7, 0, 0, 8, 0, 0, 7, 0, 6, 0, 7, 0, 0, 6, 5, 8, 0, 0, 7, 6, 8, 6, 7, 7, 0, 0, 9, 0, 0, 8, 0, 0, 7, 8, 8, 0, 8, : 8, 5, 9, 9, 7, 7, 7, 7, 8, 5, 11, 5, 5, 6, 8, 6, 9, 6, 8, 8, 8, 8, 8, 4, 9, 7, 8, 7, 6, 7, 6, 5, 8, 7, 6, 8, 6, 7, 7, 9, 8, 7, 8, 8, 8, 
8: 8, 9, 0, 0, 0, 8, 0, 0, 0, 6, 9, 7, 4, 0, 0, 0, 0, 9, 7, 0, 8, 0, 0, 0, 0, 0, 0, 0, 0, 8, 0, 8, 0, 9, 0, 0, 9, 0, 0, 0, 0, 0, 0, 9, 6, 0, 0, 0, 0, 7, 10, 0, 0, 7, 0, 10, 7, 7, 0, 0, 0, 4, 7, 0, 0, 8, 8, 0, 0, 7, 6, 0, 7, 8, 8, 0, 6, 0, 8, 8, : 8, 9, 8, 6, 9, 7, 4, 9, 7, 8, 8, 8, 9, 9, 9, 6, 7, 10, 7, 10, 7, 7, 4, 7, 8, 8, 7, 6, 7, 8, 8, 6, 8, 8, 
153: 9, 0, 0, 0, 0, 0, 8, 0, 0, 7, 0, 0, 7, 7, 6, 8, 11, 10, 0, 7, 0, 0, 7, 8, 0, 0, 0, 7, 0, 8, 7, 0, 0, 0, 7, 0, 4, 7, 0, 5, 8, 6, 0, 7, 7, 7, 0, 6, 0, 6, 0, 8, 9, 9, 0, 6, 0, 7, 0, 10, 9, 7, 0, 6, 0, 8, 0, 9, 0, 8, 0, 0, 8, 9, 6, 0, 0, 9, 7, 9, : 9, 8, 7, 7, 7, 6, 8, 11, 10, 7, 7, 8, 7, 8, 7, 7, 4, 7, 5, 8, 6, 7, 7, 7, 6, 6, 8, 9, 9, 6, 7, 10, 9, 7, 6, 8, 9, 8, 8, 9, 6, 9, 7, 9, 
60: 9, 0, 9, 6, 0, 7, 0, 0, 5, 6, 7, 6, 8, 0, 8, 0, 7, 7, 0, 9, 5, 9, 0, 11, 6, 0, 0, 8, 8, 7, 6, 0, 7, 8, 0, 8, 0, 8, 0, 7, 7, 0, 8, 0, 0, 8, 6, 0, 6, 5, 8, 7, 0, 0, 0, 0, 0, 7, 8, 9, 0, 0, 0, 0, 0, 0, 5, 7, 9, 0, 0, 0, 9, 7, 0, 0, 7, 0, 6, 0, : 9, 9, 6, 7, 5, 6, 7, 6, 8, 8, 7, 7, 9, 5, 9, 11, 6, 8, 8, 7, 6, 7, 8, 8, 8, 7, 7, 8, 8, 6, 6, 5, 8, 7, 7, 8, 9, 5, 7, 9, 9, 7, 7, 6, 
116: 10, 0, 8, 0, 0, 0, 6, 4, 9, 0, 0, 0, 0, 0, 4, 8, 0, 0, 5, 7, 6, 6, 11, 0, 0, 0, 6, 0, 0, 0, 0, 0, 6, 0, 0, 6, 0, 0, 7, 0, 0, 6, 0, 7, 7, 0, 7, 7, 0, 0, 8, 5, 0, 7, 0, 0, 7, 8, 8, 0, 0, 8, 0, 0, 0, 0, 0, 6, 8, 0, 9, 0, 5, 0, 8, 8, 8, 0, 6, 7, : 10, 8, 6, 4, 9, 4, 8, 5, 7, 6, 6, 11, 6, 6, 6, 7, 6, 7, 7, 7, 7, 8, 5, 7, 7, 8, 8, 8, 6, 8, 9, 5, 8, 8, 8, 6, 7, 
101: 5, 0, 5, 0, 8, 9, 0, 0, 9, 9, 7, 0, 0, 0, 8, 0, 8, 0, 0, 0, 5, 0, 0, 8, 9, 0, 0, 9, 0, 0, 0, 0, 7, 0, 10, 0, 0, 9, 0, 9, 0, 9, 8, 8, 9, 0, 0, 4, 0, 0, 0, 7, 0, 5, 0, 7, 0, 10, 5, 5, 9, 7, 0, 7, 10, 7, 8, 0, 7, 0, 8, 0, 7, 0, 0, 0, 0, 0, 0, 0, : 5, 5, 8, 9, 9, 9, 7, 8, 8, 5, 8, 9, 9, 7, 10, 9, 9, 9, 8, 8, 9, 4, 7, 5, 7, 10, 5, 5, 9, 7, 7, 10, 7, 8, 7, 8, 7, 
7: 0, 4, 7, 6, 0, 0, 0, 0, 4, 10, 0, 10, 6, 10, 0, 0, 0, 7, 0, 0, 9, 8, 0, 0, 6, 7, 8, 0, 6, 8, 7, 8, 10, 0, 0, 9, 0, 11, 8, 6, 0, 0, 0, 8, 6, 6, 0, 0, 9, 9, 0, 9, 6, 8, 7, 0, 0, 7, 0, 7, 0, 0, 0, 10, 8, 6, 6, 5, 6, 0, 0, 6, 8, 6, 0, 0, 0, 0, 9, 0, : 4, 7, 6, 4, 10, 10, 6, 10, 7, 9, 8, 6, 7, 8, 6, 8, 7, 8, 10, 9, 11, 8, 6, 8, 6, 6, 9, 9, 9, 6, 8, 7, 7, 7, 10, 8, 6, 6, 5, 6, 6, 8, 6, 9, 
102: 0, 9, 0, 9, 6, 7, 8, 0, 10, 9, 8, 0, 0, 7, 0, 0, 0, 0, 0, 9, 0, 5, 0, 6, 7, 6, 7, 9, 0, 0, 8, 9, 0, 0, 8, 9, 0, 0, 10, 0, 8, 7, 9, 0, 0, 0, 7, 7, 0, 9, 0, 6, 8, 0, 7, 0, 0, 0, 0, 0, 0, 0, 8, 0, 0, 0, 0, 8, 0, 0, 0, 0, 7, 0, 0, 6, 8, 6, 0, 8, : 9, 9, 6, 7, 8, 10, 9, 8, 7, 9, 5, 6, 7, 6, 7, 9, 8, 9, 8, 9, 10, 8, 7, 9, 7, 7, 9, 6, 8, 7, 8, 8, 7, 6, 8, 6, 8, 
71: 0, 8, 0, 0, 10, 0, 0, 9, 0, 0, 0, 5, 0, 0, 7, 6, 0, 0, 6, 0, 8, 8, 0, 0, 0, 6, 0, 7, 8, 8, 8, 8, 9, 0, 0, 0, 8, 7, 0, 0, 7, 6, 9, 7, 0, 9, 0, 0, 0, 0, 0, 0, 0, 8, 7, 0, 7, 7, 0, 5, 0, 8, 0, 10, 8, 0, 0, 0, 9, 9, 7, 7, 0, 7, 0, 7, 9, 0, 9, 0, : 8, 10, 9, 5, 7, 6, 6, 8, 8, 6, 7, 8, 8, 8, 8, 9, 8, 7, 7, 6, 9, 7, 9, 8, 7, 7, 7, 5, 8, 10, 8, 9, 9, 7, 7, 7, 7, 9, 9, 
37: 0, 10, 0, 0, 5, 10, 0, 9, 0, 6, 6, 9, 7, 6, 9, 0, 0, 9, 0, 0, 0, 10, 9, 0, 0, 7, 0, 9, 9, 5, 8, 7, 6, 0, 9, 8, 6, 8, 0, 8, 0, 8, 0, 7, 0, 0, 7, 9, 9, 9, 7, 7, 10, 0, 8, 0, 7, 0, 0, 0, 0, 0, 0, 7, 0, 0, 7, 0, 0, 8, 0, 8, 0, 0, 6, 6, 0, 8, 0, 9, : 10, 5, 10, 9, 6, 6, 9, 7, 6, 9, 9, 10, 9, 7, 9, 9, 5, 8, 7, 6, 9, 8, 6, 8, 8, 8, 7, 7, 9, 9, 9, 7, 7, 10, 8, 7, 7, 7, 8, 8, 6, 6, 8, 9, 
69: 5, 8, 8, 0, 9, 7, 8, 0, 5, 0, 7, 0, 10, 7, 0, 9, 0, 8, 5, 0, 9, 11, 6, 0, 7, 0, 0, 5, 0, 0, 6, 0, 0, 7, 0, 0, 7, 0, 8, 0, 0, 0, 0, 6, 0, 0, 0, 0, 0, 8, 0, 0, 8, 8, 0, 8, 7, 5, 9, 0, 8, 0, 9, 7, 0, 8, 7, 0, 0, 6, 7, 9, 9, 6, 0, 9, 8, 7, 0, 0, : 5, 8, 8, 9, 7, 8, 5, 7, 10, 7, 9, 8, 5, 9, 11, 6, 7, 5, 6, 7, 7, 8, 6, 8, 8, 8, 8, 7, 5, 9, 8, 9, 7, 8, 7, 6, 7, 9, 9, 6, 9, 8, 7, 
159: 7, 0, 0, 7, 7, 0, 0, 0, 10, 0, 5, 0, 0, 9, 4, 0, 7, 0, 0, 0, 6, 0, 6, 0, 9, 9, 0, 8, 6, 8, 0, 6, 6, 6, 10, 9, 0, 0, 8, 0, 0, 9, 0, 8, 0, 6, 0, 0, 7, 0, 0, 0, 0, 0, 0, 7, 8, 0, 7, 5, 10, 0, 9, 0, 7, 7, 8, 7, 9, 8, 5, 8, 9, 9, 7, 8, 5, 8, 0, 0, : 7, 7, 7, 10, 5, 9, 4, 7, 6, 6, 9, 9, 8, 6, 8, 6, 6, 6, 10, 9, 8, 9, 8, 6, 7, 7, 8, 7, 5, 10, 9, 7, 7, 8, 7, 9, 8, 5, 8, 9, 9, 7, 8, 5, 8, 
128: 0, 0, 0, 9, 5, 0, 9, 7, 0, 0, 0, 7, 6, 8, 9, 7, 9, 0, 0, 7, 9, 0, 0, 0, 6, 0, 0, 8, 7, 8, 6, 0, 7, 0, 0, 0, 9, 6, 0, 5, 9, 0, 7, 8, 6, 0, 8, 0, 0, 9, 0, 0, 0, 10, 7, 7, 0, 0, 0, 0, 0, 0, 7, 0, 0, 7, 9, 8, 7, 0, 0, 8, 8, 7, 0, 0, 6, 0, 0, 6, : 9, 5, 9, 7, 7, 6, 8, 9, 7, 9, 7, 9, 6, 8, 7, 8, 6, 7, 9, 6, 5, 9, 7, 8, 6, 8, 9, 10, 7, 7, 7, 7, 9, 8, 7, 8, 8, 7, 6, 6, 
99: 9, 9, 7, 0, 4, 5, 9, 7, 5, 0, 0, 6, 0, 0, 0, 0, 0, 0, 0, 0, 0, 7, 10, 6, 0, 0, 6, 7, 9, 9, 8, 0, 7, 0, 0, 10, 6, 7, 8, 0, 8, 7, 7, 0, 0, 7, 0, 0, 0, 9, 10, 0, 6, 0, 8, 0, 8, 7, 7, 0, 4, 5, 7, 0, 0, 6, 8, 0, 7, 5, 8, 7, 8, 0, 7, 0, 8, 7, 0, 0, : 9, 9, 7, 4, 5, 9, 7, 5, 6, 7, 10, 6, 6, 7, 9, 9, 8, 7, 10, 6, 7, 8, 8, 7, 7, 7, 9, 10, 6, 8, 8, 7, 7, 4, 5, 7, 6, 8, 7, 5, 8, 7, 8, 7, 8, 7, 
62: 0, 0, 0, 5, 0, 0, 0, 0, 0, 5, 6, 8, 9, 0, 0, 8, 0, 0, 0, 9, 0, 7, 8, 0, 10, 0, 0, 0, 0, 0, 8, 6, 0, 6, 6, 0, 0, 0, 4, 0, 6, 0, 10, 9, 7, 0, 0, 0, 10, 0, 6, 5, 0, 0, 7, 0, 8, 0, 8, 0, 7, 0, 5, 5, 0, 0, 9, 6, 0, 8, 0, 7, 0, 8, 5, 9, 0, 8, 8, 0, : 5, 5, 6, 8, 9, 8, 9, 7, 8, 10, 8, 6, 6, 6, 4, 6, 10, 9, 7, 10, 6, 5, 7, 8, 8, 7, 5, 5, 9, 6, 8, 7, 8, 5, 9, 8, 8, 
50: 0, 0, 9, 6, 0, 8, 0, 10, 0, 0, 0, 0, 6, 8, 8, 0, 0, 0, 0, 0, 7, 0, 0, 9, 0, 9, 0, 0, 0, 6, 0, 8, 0, 10, 0, 0, 9, 8, 0, 8, 9, 10, 0, 0, 8, 0, 0, 8, 0, 0, 0, 9, 0, 0, 8, 0, 0, 0, 0, 0, 7, 0, 0, 0, 0, 0, 8, 0, 8, 0, 7, 0, 0, 7, 8, 7, 0, 8, 7, 6, : 9, 6, 8, 10, 6, 8, 8, 7, 9, 9, 6, 8, 10, 9, 8, 8, 9, 10, 8, 8, 9, 8, 7, 8, 8, 7, 7, 8, 7, 8, 7, 6, 
78: 0, 8, 9, 0, 8, 10, 0, 9, 7, 9, 0, 0, 8, 0, 0, 9, 4, 9, 6, 6, 7, 0, 6, 9, 0, 8, 8, 6, 5, 7, 9, 8, 0, 8, 8, 0, 0, 7, 0, 9, 8, 8, 6, 0, 0, 8, 0, 8, 7, 4, 0, 0, 7, 10, 0, 7, 7, 8, 6, 9, 0, 0, 7, 7, 0, 0, 0, 0, 0, 0, 6, 8, 9, 7, 0, 0, 0, 0, 0, 0, : 8, 9, 8, 10, 9, 7, 9, 8, 9, 4, 9, 6, 6, 7, 6, 9, 8, 8, 6, 5, 7, 9, 8, 8, 8, 7, 9, 8, 8, 6, 8, 8, 7, 4, 7, 10, 7, 7, 8, 6, 9, 7, 7, 6, 8, 9, 7, 
19: 0, 11, 0, 8, 9, 0, 0, 5, 9, 10, 0, 8, 0, 0, 0, 6, 6, 7, 0, 0, 0, 6, 0, 7, 6, 0, 6, 0, 7, 10, 0, 0, 8, 0, 6, 7, 7, 5, 0, 0, 10, 6, 6, 8, 0, 0, 0, 7, 10, 10, 0, 0, 0, 0, 7, 7, 0, 9, 10, 0, 7, 9, 5, 0, 0, 10, 0, 9, 7, 0, 0, 7, 0, 5, 0, 0, 7, 9, 0, 0, : 11, 8, 9, 5, 9, 10, 8, 6, 6, 7, 6, 7, 6, 6, 7, 10, 8, 6, 7, 7, 5, 10, 6, 6, 8, 7, 10, 10, 7, 7, 9, 10, 7, 9, 5, 10, 9, 7, 7, 5, 7, 9, 
13: 0, 0, 7, 9, 0, 0, 0, 8, 7, 0, 10, 8, 8, 0, 0, 0, 10, 9, 9, 9, 0, 9, 7, 0, 0, 6, 9, 9, 0, 0, 6, 0, 0, 0, 8, 0, 11, 0, 7, 5, 7, 0, 0, 8, 9, 0, 7, 0, 7, 11, 10, 0, 7, 6, 8, 7, 0, 0, 0, 0, 0, 0, 7, 10, 7, 0, 0, 0, 0, 0, 0, 0, 7, 0, 0, 0, 0, 8, 0, 5, : 7, 9, 8, 7, 10, 8, 8, 10, 9, 9, 9, 9, 7, 6, 9, 9, 6, 8, 11, 7, 5, 7, 8, 9, 7, 7, 11, 10, 7, 6, 8, 7, 7, 10, 7, 7, 8, 5, 
28: 0, 6, 4, 0, 9, 0, 0, 0, 0, 0, 0, 0, 0, 0, 0, 0, 0, 0, 0, 0, 9, 0, 7, 0, 7, 0, 5, 8, 0, 9, 0, 7, 0, 7, 6, 6, 9, 0, 0, 6, 0, 0, 0, 0, 8, 0, 0, 0, 0, 0, 8, 0, 0, 8, 5, 8, 0, 0, 9, 8, 0, 7, 9, 0, 0, 8, 0, 0, 7, 7, 0, 0, 0, 8, 9, 8, 7, 0, 0, 0, : 6, 4, 9, 9, 7, 7, 5, 8, 9, 7, 7, 6, 6, 9, 6, 8, 8, 8, 5, 8, 9, 8, 7, 9, 8, 7, 7, 8, 9, 8, 7, 
80: 0, 0, 9, 8, 6, 6, 7, 9, 0, 8, 10, 0, 0, 8, 7, 0, 6, 6, 0, 0, 10, 0, 8, 0, 0, 0, 0, 0, 0, 0, 0, 6, 0, 8, 0, 0, 0, 8, 0, 8, 0, 0, 8, 6, 6, 8, 9, 0, 4, 0, 0, 6, 7, 10, 10, 0, 7, 0, 0, 10, 9, 7, 10, 0, 6, 0, 8, 9, 9, 7, 0, 0, 0, 0, 8, 8, 0, 6, 7, 0, : 9, 8, 6, 6, 7, 9, 8, 10, 8, 7, 6, 6, 10, 8, 6, 8, 8, 8, 8, 6, 6, 8, 9, 4, 6, 7, 10, 10, 7, 10, 9, 7, 10, 6, 8, 9, 9, 7, 8, 8, 6, 7, 
58: 0, 0, 0, 0, 0, 0, 8, 10, 10, 6, 0, 0, 0, 0, 7, 7, 8, 8, 11, 8, 0, 0, 5, 0, 8, 9, 8, 0, 8, 7, 0, 0, 10, 8, 8, 0, 0, 0, 8, 0, 0, 6, 0, 0, 9, 0, 6, 0, 8, 5, 0, 9, 6, 0, 0, 0, 7, 8, 5, 0, 0, 0, 8, 9, 8, 0, 8, 0, 0, 0, 0, 0, 0, 0, 7, 0, 0, 6, 0, 7, : 8, 10, 10, 6, 7, 7, 8, 8, 11, 8, 5, 8, 9, 8, 8, 7, 10, 8, 8, 8, 6, 9, 6, 8, 5, 9, 6, 7, 8, 5, 8, 9, 8, 8, 7, 6, 7, 


193: 0, 0, 0, 10, 4, 0, 0, 0, 0, 0, 0, 7, 6, 0, 0, 0, 8, 6, 0, 6, 8, 7, 0, 10, 7, 0, 5, 7, 0, 9, 0, 7, 9, 0, 6, 0, 0, 6, 0, 9, 0, 0, 9, 10, 8, 0, 0, 8, 0, 0, 0, 0, 7, 0, 0, 8, 6, 6, 0, 0, 8, 7, 0, 7, 6, 0, 0, 5, 0, 0, 7, 8, 0, 6, 8, 0, 0, 0, 7, 0, : 10, 4, 7, 6, 8, 6, 6, 8, 7, 10, 7, 5, 7, 9, 7, 9, 6, 6, 9, 9, 10, 8, 8, 7, 8, 6, 6, 8, 7, 7, 6, 5, 7, 8, 6, 8, 7, 
17: 9, 0, 7, 5, 7, 0, 7, 9, 10, 8, 7, 0, 6, 8, 0, 7, 0, 10, 8, 0, 10, 0, 0, 0, 8, 0, 7, 0, 0, 8, 0, 7, 8, 7, 0, 6, 9, 0, 9, 0, 0, 0, 9, 8, 6, 8, 6, 0, 5, 10, 0, 10, 0, 10, 9, 0, 0, 5, 5, 10, 0, 0, 8, 6, 7, 7, 7, 0, 8, 0, 0, 0, 8, 0, 0, 7, 0, 7, 0, 0, : 9, 7, 5, 7, 7, 9, 10, 8, 7, 6, 8, 7, 10, 8, 10, 8, 7, 8, 7, 8, 7, 6, 9, 9, 9, 8, 6, 8, 6, 5, 10, 10, 10, 9, 5, 5, 10, 8, 6, 7, 7, 7, 8, 8, 7, 7, 
168: 7, 6, 8, 10, 9, 5, 0, 0, 0, 8, 7, 8, 7, 8, 6, 0, 10, 0, 11, 9, 8, 0, 6, 7, 6, 0, 7, 8, 0, 0, 0, 0, 0, 0, 0, 6, 0, 0, 0, 7, 5, 7, 0, 0, 0, 0, 0, 0, 10, 10, 6, 7, 8, 8, 7, 0, 0, 7, 6, 7, 6, 0, 0, 0, 10, 0, 0, 7, 7, 7, 8, 7, 8, 0, 0, 0, 8, 0, 8, 6, : 7, 6, 8, 10, 9, 5, 8, 7, 8, 7, 8, 6, 10, 11, 9, 8, 6, 7, 6, 7, 8, 6, 7, 5, 7, 10, 10, 6, 7, 8, 8, 7, 7, 6, 7, 6, 10, 7, 7, 7, 8, 7, 8, 8, 8, 6, 
180: 7, 0, 8, 5, 9, 8, 8, 6, 0, 0, 0, 8, 0, 0, 8, 0, 7, 11, 0, 9, 0, 5, 0, 0, 5, 7, 0, 0, 5, 9, 9, 10, 8, 7, 8, 0, 0, 6, 0, 9, 0, 0, 0, 0, 0, 6, 8, 8, 0, 8, 10, 0, 0, 7, 0, 7, 0, 0, 7, 7, 0, 0, 0, 6, 0, 0, 7, 0, 0, 0, 0, 9, 7, 0, 0, 0, 0, 0, 7, 7, : 7, 8, 5, 9, 8, 8, 6, 8, 8, 7, 11, 9, 5, 5, 7, 5, 9, 9, 10, 8, 7, 8, 6, 9, 6, 8, 8, 8, 10, 7, 7, 7, 7, 6, 7, 9, 7, 7, 7, 
59: 8, 9, 10, 8, 0, 10, 9, 9, 7, 0, 0, 7, 0, 0, 6, 0, 0, 0, 0, 7, 6, 10, 0, 0, 0, 7, 6, 0, 7, 9, 0, 6, 8, 6, 9, 0, 6, 5, 0, 4, 8, 0, 10, 5, 9, 0, 0, 7, 0, 0, 5, 0, 9, 6, 0, 6, 0, 9, 0, 0, 8, 6, 10, 0, 0, 9, 0, 8, 8, 7, 0, 7, 0, 7, 8, 0, 7, 8, 7, 8, : 8, 9, 10, 8, 10, 9, 9, 7, 7, 6, 7, 6, 10, 7, 6, 7, 9, 6, 8, 6, 9, 6, 5, 4, 8, 10, 5, 9, 7, 5, 9, 6, 6, 9, 8, 6, 10, 9, 8, 8, 7, 7, 7, 8, 7, 8, 7, 8, 
68: 7, 0, 0, 7, 8, 8, 0, 0, 7, 8, 0, 0, 0, 0, 8, 0, 7, 0, 0, 0, 7, 7, 0, 0, 0, 0, 6, 7, 0, 8, 6, 0, 0, 9, 0, 7, 0, 7, 0, 7, 0, 0, 0, 0, 7, 0, 8, 6, 9, 0, 0, 0, 7, 7, 0, 5, 9, 0, 7, 0, 9, 6, 6, 0, 7, 0, 8, 8, 0, 0, 7, 6, 0, 0, 7, 0, 8, 0, 0, 7, : 7, 7, 8, 8, 7, 8, 8, 7, 7, 7, 6, 7, 8, 6, 9, 7, 7, 7, 7, 8, 6, 9, 7, 7, 5, 9, 7, 9, 6, 6, 7, 8, 8, 7, 6, 7, 8, 7, 
48: 9, 9, 0, 5, 9, 0, 0, 9, 8, 0, 0, 0, 8, 0, 0, 0, 6, 0, 9, 0, 0, 0, 7, 8, 0, 0, 7, 6, 7, 8, 0, 0, 8, 7, 8, 7, 0, 9, 8, 6, 6, 0, 7, 0, 9, 8, 9, 0, 0, 0, 0, 0, 0, 8, 6, 0, 0, 6, 9, 6, 0, 7, 7, 0, 0, 7, 0, 7, 7, 8, 7, 7, 8, 7, 0, 0, 6, 0, 0, 0, : 9, 9, 5, 9, 9, 8, 8, 6, 9, 7, 8, 7, 6, 7, 8, 8, 7, 8, 7, 9, 8, 6, 6, 7, 9, 8, 9, 8, 6, 6, 9, 6, 7, 7, 7, 7, 7, 8, 7, 7, 8, 7, 6, 
139: 0, 0, 0, 7, 7, 4, 8, 7, 8, 0, 0, 8, 0, 8, 8, 8, 10, 0, 6, 10, 0, 8, 9, 9, 0, 0, 9, 10, 7, 0, 0, 8, 0, 0, 6, 0, 10, 0, 0, 11, 6, 7, 6, 0, 10, 8, 9, 8, 7, 0, 0, 5, 8, 5, 8, 0, 0, 7, 0, 0, 0, 0, 0, 6, 0, 9, 7, 8, 7, 0, 0, 7, 0, 0, 0, 7, 7, 7, 0, 9, : 7, 7, 4, 8, 7, 8, 8, 8, 8, 8, 10, 6, 10, 8, 9, 9, 9, 10, 7, 8, 6, 10, 11, 6, 7, 6, 10, 8, 9, 8, 7, 5, 8, 5, 8, 7, 6, 9, 7, 8, 7, 7, 7, 7, 7, 9, 
23: 0, 6, 0, 0, 5, 8, 9, 0, 7, 6, 7, 0, 0, 5, 0, 0, 5, 6, 9, 0, 0, 7, 5, 0, 7, 0, 0, 7, 0, 8, 0, 0, 0, 0, 0, 0, 8, 8, 0, 0, 10, 8, 8, 0, 8, 0, 8, 8, 0, 7, 0, 10, 0, 0, 0, 0, 9, 0, 6, 0, 0, 0, 0, 0, 9, 0, 7, 0, 7, 7, 7, 0, 0, 7, 7, 7, 0, 0, 0, 8, : 6, 5, 8, 9, 7, 6, 7, 5, 5, 6, 9, 7, 5, 7, 7, 8, 8, 8, 10, 8, 8, 8, 8, 8, 7, 10, 9, 6, 9, 7, 7, 7, 7, 7, 7, 7, 8, 
11: 0, 0, 6, 7, 0, 0, 7, 0, 0, 6, 8, 8, 0, 0, 0, 9, 0, 8, 0, 8, 0, 7, 0, 9, 8, 7, 7, 5, 0, 0, 0, 0, 7, 9, 0, 10, 7, 0, 7, 0, 8, 0, 6, 8, 7, 0, 0, 10, 0, 10, 8, 0, 5, 0, 11, 8, 7, 8, 6, 0, 7, 9, 7, 8, 8, 9, 9, 7, 0, 0, 8, 8, 0, 8, 8, 8, 7, 8, 8, 7, : 6, 7, 7, 6, 8, 8, 9, 8, 8, 7, 9, 8, 7, 7, 5, 7, 9, 10, 7, 7, 8, 6, 8, 7, 10, 10, 8, 5, 11, 8, 7, 8, 6, 7, 9, 7, 8, 8, 9, 9, 7, 8, 8, 8, 8, 8, 7, 8, 8, 7, 
85: 7, 0, 10, 0, 0, 0, 7, 0, 0, 9, 8, 8, 8, 0, 6, 0, 9, 0, 0, 6, 0, 8, 0, 8, 0, 5, 0, 0, 0, 0, 0, 0, 7, 9, 0, 0, 11, 6, 0, 0, 6, 0, 0, 9, 0, 0, 0, 0, 8, 8, 7, 5, 0, 9, 7, 0, 0, 0, 6, 0, 0, 0, 0, 0, 6, 5, 0, 8, 0, 7, 0, 8, 7, 8, 8, 0, 7, 0, 8, 7, : 7, 10, 7, 9, 8, 8, 8, 6, 9, 6, 8, 8, 5, 7, 9, 11, 6, 6, 9, 8, 8, 7, 5, 9, 7, 6, 6, 5, 8, 7, 8, 7, 8, 8, 7, 8, 7, 
184: 0, 0, 0, 7, 8, 7, 0, 0, 0, 7, 0, 0, 9, 8, 7, 6, 0, 6, 0, 8, 7, 0, 0, 9, 9, 7, 7, 0, 9, 0, 0, 9, 6, 8, 0, 6, 0, 0, 0, 0, 0, 9, 6, 0, 0, 5, 0, 0, 0, 0, 0, 7, 6, 7, 0, 0, 0, 0, 9, 0, 0, 0, 0, 0, 7, 0, 0, 8, 0, 0, 0, 7, 8, 8, 7, 0, 0, 8, 0, 7, : 7, 8, 7, 7, 9, 8, 7, 6, 6, 8, 7, 9, 9, 7, 7, 9, 9, 6, 8, 6, 9, 6, 5, 7, 6, 7, 9, 7, 8, 7, 8, 8, 7, 8, 7, 
67: 0, 8, 9, 0, 0, 0, 9, 10, 6, 8, 8, 0, 0, 6, 8, 7, 8, 0, 4, 8, 0, 0, 0, 6, 0, 10, 0, 0, 0, 7, 7, 6, 7, 8, 9, 7, 7, 0, 11, 0, 0, 6, 6, 7, 0, 10, 8, 0, 8, 6, 7, 8, 7, 8, 0, 6, 5, 9, 7, 0, 0, 8, 0, 0, 9, 0, 0, 0, 0, 7, 8, 0, 6, 0, 8, 7, 8, 0, 0, 0, : 8, 9, 9, 10, 6, 8, 8, 6, 8, 7, 8, 4, 8, 6, 10, 7, 7, 6, 7, 8, 9, 7, 7, 11, 6, 6, 7, 10, 8, 8, 6, 7, 8, 7, 8, 6, 5, 9, 7, 8, 9, 7, 8, 6, 8, 7, 8, 
147: 0, 0, 0, 0, 8, 9, 0, 7, 0, 9, 0, 8, 0, 9, 9, 7, 0, 0, 0, 0, 0, 0, 10, 0, 0, 0, 0, 0, 7, 0, 6, 0, 0, 0, 7, 8, 8, 8, 8, 6, 9, 0, 7, 8, 0, 0, 0, 0, 5, 0, 9, 0, 0, 0, 8, 8, 0, 0, 0, 5, 6, 0, 0, 0, 7, 0, 0, 0, 0, 9, 8, 7, 9, 0, 8, 0, 8, 7, 0, 8, : 8, 9, 7, 9, 8, 9, 9, 7, 10, 7, 6, 7, 8, 8, 8, 8, 6, 9, 7, 8, 5, 9, 8, 8, 5, 6, 7, 9, 8, 7, 9, 8, 8, 7, 8, 
132: 0, 0, 10, 7, 0, 0, 9, 0, 0, 0, 0, 8, 7, 8, 0, 0, 0, 6, 8, 0, 7, 8, 0, 0, 5, 9, 10, 0, 7, 0, 0, 0, 8, 0, 7, 0, 0, 0, 6, 7, 0, 8, 0, 0, 0, 8, 9, 5, 5, 0, 0, 6, 0, 0, 8, 0, 6, 0, 11, 9, 0, 0, 6, 10, 6, 0, 7, 0, 8, 7, 9, 8, 0, 7, 0, 7, 8, 0, 0, 0, : 10, 7, 9, 8, 7, 8, 6, 8, 7, 8, 5, 9, 10, 7, 8, 7, 6, 7, 8, 8, 9, 5, 5, 6, 8, 6, 11, 9, 6, 10, 6, 7, 8, 7, 9, 8, 7, 7, 8, 
36: 8, 7, 0, 10, 8, 8, 9, 0, 9, 0, 9, 0, 8, 0, 5, 5, 0, 10, 7, 11, 0, 10, 0, 0, 0, 10, 0, 0, 0, 9, 7, 8, 0, 0, 8, 8, 0, 6, 0, 0, 7, 8, 0, 0, 0, 0, 6, 9, 7, 0, 6, 0, 9, 0, 0, 7, 0, 6, 0, 7, 0, 0, 0, 0, 0, 7, 7, 0, 6, 0, 7, 0, 0, 0, 7, 7, 9, 0, 9, 0, : 8, 7, 10, 8, 8, 9, 9, 9, 8, 5, 5, 10, 7, 11, 10, 10, 9, 7, 8, 8, 8, 6, 7, 8, 6, 9, 7, 6, 9, 7, 6, 7, 7, 7, 6, 7, 7, 7, 9, 9, 
167: 0, 0, 0, 6, 0, 0, 8, 9, 0, 0, 9, 0, 8, 0, 0, 7, 0, 0, 0, 6, 0, 0, 0, 0, 9, 0, 10, 0, 9, 7, 0, 6, 0, 0, 0, 8, 0, 0, 0, 0, 9, 6, 0, 7, 7, 0, 0, 0, 11, 6, 6, 8, 10, 0, 0, 8, 0, 0, 9, 0, 9, 0, 5, 0, 6, 8, 8, 0, 8, 0, 0, 0, 7, 0, 0, 0, 0, 7, 6, 0, : 6, 8, 9, 9, 8, 7, 6, 9, 10, 9, 7, 6, 8, 9, 6, 7, 7, 11, 6, 6, 8, 10, 8, 9, 9, 5, 6, 8, 8, 8, 7, 7, 6, 
126: 0, 0, 0, 0, 0, 0, 8, 7, 0, 10, 0, 0, 9, 0, 0, 0, 0, 0, 0, 0, 7, 7, 8, 10, 0, 0, 0, 9, 7, 0, 0, 0, 10, 8, 0, 8, 6, 0, 0, 7, 0, 0, 0, 0, 6, 7, 6, 0, 8, 0, 11, 0, 0, 0, 7, 0, 10, 7, 0, 6, 0, 0, 0, 7, 0, 7, 8, 0, 0, 8, 6, 7, 8, 8, 0, 8, 8, 0, 8, 7, : 8, 7, 10, 9, 7, 7, 8, 10, 9, 7, 10, 8, 8, 6, 7, 6, 7, 6, 8, 11, 7, 10, 7, 6, 7, 7, 8, 8, 6, 7, 8, 8, 8, 8, 8, 7, 
176: 10, 5, 0, 0, 8, 0, 7, 7, 0, 0, 0, 8, 8, 8, 9, 7, 0, 0, 0, 0, 5, 8, 0, 7, 0, 7, 10, 0, 7, 5, 8, 0, 0, 0, 0, 7, 0, 7, 6, 0, 0, 6, 0, 0, 9, 0, 5, 0, 10, 0, 0, 7, 5, 0, 0, 10, 0, 7, 0, 0, 7, 8, 7, 7, 0, 7, 8, 0, 0, 8, 0, 8, 0, 0, 7, 9, 0, 8, 8, 0, : 10, 5, 8, 7, 7, 8, 8, 8, 9, 7, 5, 8, 7, 7, 10, 7, 5, 8, 7, 7, 6, 6, 9, 5, 10, 7, 5, 10, 7, 7, 8, 7, 7, 7, 8, 8, 8, 7, 9, 8, 8, 
142: 6, 0, 8, 8, 0, 0, 0, 0, 5, 5, 0, 9, 0, 0, 0, 9, 0, 7, 7, 0, 7, 8, 7, 6, 0, 7, 9, 0, 9, 0, 9, 7, 8, 8, 8, 0, 8, 11, 7, 0, 11, 10, 6, 0, 6, 9, 0, 10, 0, 6, 6, 0, 7, 0, 8, 0, 0, 0, 0, 6, 5, 8, 9, 0, 9, 0, 7, 0, 0, 8, 0, 0, 8, 0, 8, 8, 0, 0, 7, 0, : 6, 8, 8, 5, 5, 9, 9, 7, 7, 7, 8, 7, 6, 7, 9, 9, 9, 7, 8, 8, 8, 8, 11, 7, 11, 10, 6, 6, 9, 10, 6, 6, 7, 8, 6, 5, 8, 9, 9, 7, 8, 8, 8, 8, 7, 
81: 0, 8, 8, 0, 6, 0, 0, 0, 7, 8, 0, 0, 6, 7, 6, 6, 0, 9, 6, 0, 0, 0, 0, 0, 0, 9, 0, 9, 7, 0, 0, 8, 0, 0, 6, 0, 0, 0, 5, 0, 7, 0, 0, 10, 8, 8, 0, 0, 0, 6, 0, 0, 0, 0, 8, 0, 8, 0, 6, 0, 0, 6, 8, 0, 0, 9, 0, 0, 0, 8, 0, 0, 7, 7, 0, 0, 0, 8, 0, 7, : 8, 8, 6, 7, 8, 6, 7, 6, 6, 9, 6, 9, 9, 7, 8, 6, 5, 7, 10, 8, 8, 6, 8, 8, 6, 6, 8, 9, 8, 7, 7, 8, 7, 
10: 0, 10, 6, 0, 0, 7, 0, 0, 9, 0, 7, 10, 0, 7, 0, 0, 7, 0, 0, 0, 0, 0, 9, 0, 10, 0, 9, 0, 8, 0, 9, 0, 0, 0, 0, 7, 9, 9, 6, 0, 8, 6, 8, 6, 0, 8, 0, 0, 0, 0, 6, 8, 0, 0, 0, 0, 0, 0, 0, 6, 9, 7, 7, 5, 7, 0, 0, 0, 7, 0, 7, 0, 0, 0, 0, 8, 7, 0, 8, 0, : 10, 6, 7, 9, 7, 10, 7, 7, 9, 10, 9, 8, 9, 7, 9, 9, 6, 8, 6, 8, 6, 8, 6, 8, 6, 9, 7, 7, 5, 7, 7, 7, 8, 7, 8, 
107: 8, 7, 5, 0, 0, 0, 0, 6, 9, 0, 0, 0, 7, 0, 0, 0, 7, 7, 7, 0, 8, 8, 9, 7, 9, 0, 0, 4, 0, 7, 8, 7, 0, 0, 0, 0, 0, 9, 0, 8, 0, 0, 0, 0, 0, 0, 6, 0, 9, 7, 0, 0, 7, 6, 6, 9, 7, 9, 0, 10, 0, 0, 6, 10, 0, 7, 8, 7, 7, 8, 0, 0, 0, 7, 0, 0, 0, 0, 7, 8, : 8, 7, 5, 6, 9, 7, 7, 7, 7, 8, 8, 9, 7, 9, 4, 7, 8, 7, 9, 8, 6, 9, 7, 7, 6, 6, 9, 7, 9, 10, 6, 10, 7, 8, 7, 7, 8, 7, 7, 8, 
161: 7, 6, 0, 8, 8, 7, 10, 0, 0, 0, 9, 5, 7, 0, 7, 10, 0, 8, 0, 0, 8, 0, 7, 8, 8, 7, 0, 7, 7, 0, 8, 0, 8, 0, 6, 0, 0, 7, 9, 0, 0, 0, 8, 0, 7, 0, 7, 7, 8, 11, 8, 9, 0, 9, 5, 0, 6, 0, 0, 7, 0, 0, 9, 6, 0, 0, 0, 8, 0, 7, 0, 0, 8, 0, 8, 0, 7, 9, 8, 8, : 7, 6, 8, 8, 7, 10, 9, 5, 7, 7, 10, 8, 8, 7, 8, 8, 7, 7, 7, 8, 8, 6, 7, 9, 8, 7, 7, 7, 8, 11, 8, 9, 9, 5, 6, 7, 9, 6, 8, 7, 8, 8, 7, 9, 8, 8, 
195: 0, 8, 7, 0, 6, 8, 5, 6, 9, 0, 7, 7, 8, 0, 7, 0, 8, 0, 7, 0, 7, 6, 8, 7, 8, 0, 0, 6, 0, 0, 9, 6, 0, 0, 7, 10, 6, 0, 8, 0, 0, 0, 5, 0, 8, 0, 0, 8, 0, 0, 0, 8, 0, 0, 0, 0, 0, 10, 0, 6, 6, 6, 0, 7, 0, 0, 8, 0, 9, 0, 8, 0, 0, 8, 0, 7, 7, 0, 0, 0, : 8, 7, 6, 8, 5, 6, 9, 7, 7, 8, 7, 8, 7, 7, 6, 8, 7, 8, 6, 9, 6, 7, 10, 6, 8, 5, 8, 8, 8, 10, 6, 6, 6, 7, 8, 9, 8, 8, 7, 7, 
75: 7, 10, 0, 8, 6, 0, 0, 8, 0, 7, 8, 7, 8, 0, 7, 0, 0, 6, 0, 4, 0, 0, 10, 0, 0, 6, 0, 8, 9, 5, 8, 0, 0, 6, 0, 0, 0, 0, 0, 8, 0, 0, 0, 8, 0, 6, 8, 8, 0, 0, 10, 0, 10, 7, 0, 6, 7, 10, 9, 0, 8, 0, 7, 5, 0, 7, 9, 8, 8, 0, 0, 8, 0, 8, 0, 8, 0, 0, 7, 0, : 7, 10, 8, 6, 8, 7, 8, 7, 8, 7, 6, 4, 10, 6, 8, 9, 5, 8, 6, 8, 8, 6, 8, 8, 10, 10, 7, 6, 7, 10, 9, 8, 7, 5, 7, 9, 8, 8, 8, 8, 8, 7, 
134: 0, 0, 7, 0, 0, 0, 0, 8, 0, 8, 8, 0, 8, 8, 9, 8, 9, 0, 11, 7, 7, 6, 0, 7, 0, 0, 4, 9, 8, 0, 0, 8, 0, 0, 0, 7, 7, 0, 9, 0, 10, 10, 0, 6, 9, 9, 0, 0, 8, 8, 0, 7, 10, 6, 6, 0, 10, 0, 5, 11, 6, 8, 0, 0, 8, 7, 0, 8, 7, 0, 0, 8, 0, 7, 0, 8, 0, 7, 0, 0, : 7, 8, 8, 8, 8, 8, 9, 8, 9, 11, 7, 7, 6, 7, 4, 9, 8, 8, 7, 7, 9, 10, 10, 6, 9, 9, 8, 8, 7, 10, 6, 6, 10, 5, 11, 6, 8, 8, 7, 8, 7, 8, 7, 8, 7, 
103: 8, 6, 8, 8, 0, 9, 0, 7, 7, 8, 8, 7, 0, 0, 0, 9, 0, 0, 9, 0, 0, 0, 8, 0, 10, 0, 0, 10, 0, 0, 0, 8, 0, 0, 7, 0, 0, 0, 0, 5, 8, 8, 8, 7, 9, 0, 0, 0, 0, 0, 7, 6, 7, 9, 6, 7, 9, 0, 0, 0, 0, 10, 0, 9, 9, 0, 7, 7, 0, 0, 8, 0, 0, 0, 6, 0, 7, 8, 8, 0, : 8, 6, 8, 8, 9, 7, 7, 8, 8, 7, 9, 9, 8, 10, 10, 8, 7, 5, 8, 8, 8, 7, 9, 7, 6, 7, 9, 6, 7, 9, 10, 9, 9, 7, 7, 8, 6, 7, 8, 8, 
22: 0, 8, 8, 0, 11, 9, 5, 8, 8, 0, 0, 0, 0, 6, 0, 6, 9, 9, 8, 0, 0, 0, 0, 5, 5, 0, 7, 0, 0, 0, 0, 9, 5, 6, 0, 0, 7, 0, 0, 0, 0, 7, 0, 0, 0, 0, 8, 6, 0, 0, 5, 5, 10, 0, 0, 7, 6, 7, 0, 0, 0, 0, 0, 9, 0, 8, 0, 7, 0, 7, 0, 0, 0, 0, 0, 0, 0, 0, 7, 8, : 8, 8, 11, 9, 5, 8, 8, 6, 6, 9, 9, 8, 5, 5, 7, 9, 5, 6, 7, 7, 8, 6, 5, 5, 10, 7, 6, 7, 9, 8, 7, 7, 7, 8, 
138: 7, 0, 0, 9, 0, 0, 5, 0, 7, 7, 0, 9, 6, 0, 0, 5, 0, 0, 6, 0, 0, 0, 0, 9, 9, 10, 10, 0, 0, 0, 6, 0, 9, 6, 0, 7, 0, 0, 0, 11, 0, 0, 10, 0, 0, 7, 7, 0, 0, 9, 8, 0, 0, 0, 10, 9, 0, 6, 0, 8, 10, 0, 0, 0, 0, 0, 0, 7, 0, 8, 0, 0, 0, 7, 7, 8, 0, 8, 0, 0, : 7, 9, 5, 7, 7, 9, 6, 5, 6, 9, 9, 10, 10, 6, 9, 6, 7, 11, 10, 7, 7, 9, 8, 10, 9, 6, 8, 10, 7, 8, 7, 7, 8, 8, 
175: 7, 6, 0, 0, 0, 0, 0, 0, 7, 0, 7, 0, 0, 6, 9, 0, 6, 0, 8, 8, 11, 0, 6, 7, 5, 0, 0, 0, 9, 9, 0, 0, 0, 6, 7, 9, 6, 8, 7, 6, 0, 0, 0, 9, 0, 9, 0, 0, 0, 7, 0, 7, 0, 0, 9, 0, 10, 0, 0, 9, 11, 0, 0, 7, 0, 0, 0, 0, 7, 0, 8, 0, 0, 8, 7, 0, 0, 7, 8, 0, : 7, 6, 7, 7, 6, 9, 6, 8, 8, 11, 6, 7, 5, 9, 9, 6, 7, 9, 6, 8, 7, 6, 9, 9, 7, 7, 9, 10, 9, 11, 7, 7, 8, 8, 7, 7, 8, 
173: 8, 0, 5, 0, 10, 7, 5, 0, 0, 0, 4, 5, 0, 8, 0, 8, 8, 7, 7, 7, 6, 8, 0, 0, 0, 9, 0, 0, 9, 7, 0, 0, 0, 0, 0, 0, 7, 6, 6, 0, 0, 0, 0, 0, 0, 0, 0, 0, 0, 0, 0, 6, 5, 5, 0, 0, 7, 10, 0, 0, 6, 0, 9, 0, 0, 7, 5, 0, 8, 0, 0, 0, 8, 7, 0, 0, 8, 7, 0, 0, : 8, 5, 10, 7, 5, 4, 5, 8, 8, 8, 7, 7, 7, 6, 8, 9, 9, 7, 7, 6, 6, 6, 5, 5, 7, 10, 6, 9, 7, 5, 8, 8, 7, 8, 7, 
108: 0, 9, 0, 0, 6, 0, 0, 5, 0, 0, 0, 0, 0, 9, 0, 0, 0, 8, 0, 0, 0, 0, 8, 5, 0, 0, 7, 7, 0, 7, 8, 0, 7, 7, 9, 8, 0, 0, 0, 10, 7, 6, 9, 8, 0, 6, 10, 0, 7, 6, 0, 11, 5, 0, 0, 5, 9, 5, 10, 7, 0, 9, 9, 10, 0, 9, 0, 0, 8, 8, 8, 0, 0, 8, 0, 0, 0, 7, 0, 0, : 9, 6, 5, 9, 8, 8, 5, 7, 7, 7, 8, 7, 7, 9, 8, 10, 7, 6, 9, 8, 6, 10, 7, 6, 11, 5, 5, 9, 5, 10, 7, 9, 9, 10, 9, 8, 8, 8, 8, 7, 
39: 0, 7, 6, 0, 0, 6, 0, 0, 0, 9, 0, 0, 0, 7, 7, 8, 7, 8, 0, 0, 0, 0, 9, 0, 0, 9, 0, 5, 8, 7, 8, 0, 9, 8, 9, 0, 0, 8, 6, 0, 5, 6, 7, 0, 5, 6, 0, 7, 0, 7, 7, 0, 0, 0, 0, 0, 0, 9, 7, 0, 9, 7, 6, 0, 8, 6, 0, 0, 0, 0, 0, 8, 7, 0, 7, 6, 7, 0, 0, 0, : 7, 6, 6, 9, 7, 7, 8, 7, 8, 9, 9, 5, 8, 7, 8, 9, 8, 9, 8, 6, 5, 6, 7, 5, 6, 7, 7, 7, 9, 7, 9, 7, 6, 8, 6, 8, 7, 7, 6, 7, 
86: 0, 8, 0, 0, 7, 7, 0, 0, 0, 0, 5, 7, 0, 9, 10, 10, 7, 6, 0, 7, 0, 0, 0, 0, 0, 9, 0, 10, 0, 7, 5, 0, 0, 0, 8, 0, 6, 6, 5, 0, 7, 10, 0, 0, 6, 0, 0, 9, 0, 0, 0, 0, 8, 7, 9, 7, 0, 0, 10, 0, 0, 5, 0, 0, 5, 0, 0, 0, 0, 0, 0, 0, 7, 0, 8, 7, 8, 0, 7, 8, : 8, 7, 7, 5, 7, 9, 10, 10, 7, 6, 7, 9, 10, 7, 5, 8, 6, 6, 5, 7, 10, 6, 9, 8, 7, 9, 7, 10, 5, 5, 7, 8, 7, 8, 7, 8, 
91: 5, 0, 0, 0, 0, 9, 0, 0, 0, 7, 7, 0, 0, 0, 0, 0, 0, 7, 6, 8, 0, 6, 0, 0, 7, 4, 0, 0, 0, 0, 6, 0, 0, 9, 9, 8, 6, 0, 0, 9, 8, 0, 8, 6, 6, 0, 0, 8, 6, 8, 0, 0, 0, 10, 0, 0, 0, 0, 0, 9, 7, 6, 9, 0, 0, 7, 0, 8, 8, 7, 7, 0, 7, 0, 0, 8, 8, 6, 7, 0, : 5, 9, 7, 7, 7, 6, 8, 6, 7, 4, 6, 9, 9, 8, 6, 9, 8, 8, 6, 6, 8, 6, 8, 10, 9, 7, 6, 9, 7, 8, 8, 7, 7, 7, 8, 8, 6, 7, 
117: 6, 0, 7, 9, 0, 8, 7, 7, 6, 7, 0, 0, 0, 6, 8, 0, 0, 0, 6, 7, 8, 7, 6, 0, 0, 5, 0, 9, 0, 0, 7, 7, 6, 0, 0, 0, 0, 0, 0, 8, 0, 0, 0, 6, 0, 6, 0, 0, 6, 5, 10, 0, 0, 0, 5, 8, 7, 7, 0, 8, 0, 9, 8, 9, 10, 8, 7, 7, 8, 8, 7, 7, 7, 9, 0, 8, 0, 8, 0, 8, : 6, 7, 9, 8, 7, 7, 6, 7, 6, 8, 6, 7, 8, 7, 6, 5, 9, 7, 7, 6, 8, 6, 6, 6, 5, 10, 5, 8, 7, 7, 8, 9, 8, 9, 10, 8, 7, 7, 8, 8, 7, 7, 7, 9, 8, 8, 8, 
61: 0, 0, 0, 0, 0, 6, 0, 0, 0, 5, 10, 6, 8, 0, 0, 0, 5, 0, 0, 0, 7, 0, 7, 6, 8, 6, 5, 7, 0, 0, 9, 9, 6, 8, 0, 6, 0, 9, 10, 5, 5, 6, 7, 6, 0, 8, 6, 5, 5, 0, 8, 0, 0, 0, 7, 0, 5, 0, 9, 0, 0, 8, 0, 7, 0, 0, 7, 0, 0, 0, 8, 0, 0, 0, 9, 0, 0, 8, 0, 7, : 6, 5, 10, 6, 8, 5, 7, 7, 6, 8, 6, 5, 7, 9, 9, 6, 8, 6, 9, 10, 5, 5, 6, 7, 6, 8, 6, 5, 5, 8, 7, 5, 9, 8, 7, 7, 8, 9, 8, 7, 
4: 0, 7, 7, 0, 0, 0, 8, 8, 7, 0, 7, 0, 0, 9, 0, 8, 7, 5, 0, 7, 9, 9, 6, 0, 0, 0, 8, 0, 4, 7, 7, 5, 6, 8, 6, 0, 8, 0, 8, 0, 0, 9, 0, 8, 0, 0, 7, 6, 0, 5, 0, 10, 0, 7, 0, 9, 0, 0, 0, 6, 6, 0, 0, 9, 0, 0, 0, 9, 7, 6, 7, 8, 7, 0, 7, 0, 0, 7, 0, 8, : 7, 7, 8, 8, 7, 7, 9, 8, 7, 5, 7, 9, 9, 6, 8, 4, 7, 7, 5, 6, 8, 6, 8, 8, 9, 8, 7, 6, 5, 10, 7, 9, 6, 6, 9, 9, 7, 6, 7, 8, 7, 7, 7, 8, 
26: 9, 0, 0, 6, 0, 0, 0, 7, 7, 0, 0, 0, 8, 0, 0, 0, 0, 0, 0, 7, 7, 0, 5, 0, 7, 0, 0, 0, 0, 7, 0, 9, 0, 0, 0, 0, 8, 9, 9, 7, 0, 7, 0, 8, 0, 8, 9, 7, 8, 0, 0, 0, 0, 9, 0, 10, 7, 0, 6, 0, 7, 10, 7, 0, 6, 0, 9, 8, 0, 0, 0, 7, 8, 8, 0, 7, 0, 0, 0, 7, : 9, 6, 7, 7, 8, 7, 7, 5, 7, 7, 9, 8, 9, 9, 7, 7, 8, 8, 9, 7, 8, 9, 10, 7, 6, 7, 10, 7, 6, 9, 8, 7, 8, 8, 7, 7, 


5: 5, 7, 7, 0, 9, 6, 0, 8, 0, 7, 6, 10, 0, 0, 0, 0, 7, 10, 0, 0, 5, 5, 0, 5, 0, 8, 0, 0, 0, 7, 0, 0, 0, 9, 10, 0, 7, 0, 4, 7, 0, 9, 0, 0, 0, 0, 10, 5, 0, 0, 9, 0, 4, 0, 0, 8, 0, 5, 9, 0, 0, 6, 0, 8, 0, 8, 10, 0, 0, 0, 8, 8, 0, 0, 0, 0, 7, 7, 8, 0, : 5, 7, 7, 9, 6, 8, 7, 6, 10, 7, 10, 5, 5, 5, 8, 7, 9, 10, 7, 4, 7, 9, 10, 5, 9, 4, 8, 5, 9, 6, 8, 8, 10, 8, 8, 7, 7, 8, 
115: 0, 0, 8, 0, 9, 0, 10, 8, 8, 0, 0, 0, 9, 0, 8, 0, 10, 0, 0, 10, 10, 0, 8, 0, 9, 9, 0, 0, 0, 4, 6, 8, 0, 0, 7, 7, 8, 10, 0, 0, 0, 8, 10, 0, 0, 0, 0, 8, 8, 8, 0, 9, 7, 8, 0, 8, 0, 9, 0, 9, 0, 8, 9, 5, 0, 7, 9, 8, 7, 0, 9, 7, 0, 8, 0, 7, 9, 0, 0, 0, : 8, 9, 10, 8, 8, 9, 8, 10, 10, 10, 8, 9, 9, 4, 6, 8, 7, 7, 8, 10, 8, 10, 8, 8, 8, 9, 7, 8, 8, 9, 9, 8, 9, 5, 7, 9, 8, 7, 9, 7, 8, 7, 9, 
65: 0, 0, 0, 8, 9, 8, 0, 8, 7, 0, 0, 6, 7, 0, 6, 0, 6, 8, 0, 6, 6, 8, 8, 6, 7, 7, 0, 0, 7, 0, 0, 0, 10, 10, 9, 0, 0, 0, 6, 0, 9, 9, 0, 5, 0, 6, 6, 4, 0, 8, 8, 7, 8, 0, 11, 0, 8, 0, 6, 6, 9, 0, 7, 0, 0, 6, 9, 8, 0, 8, 0, 0, 7, 7, 0, 0, 8, 0, 0, 0, : 8, 9, 8, 8, 7, 6, 7, 6, 6, 8, 6, 6, 8, 8, 6, 7, 7, 7, 10, 10, 9, 6, 9, 9, 5, 6, 6, 4, 8, 8, 7, 8, 11, 8, 6, 6, 9, 7, 6, 9, 8, 8, 7, 7, 8, 
196: 8, 8, 0, 0, 0, 7, 0, 8, 6, 7, 0, 6, 0, 9, 7, 6, 0, 0, 0, 9, 0, 9, 0, 7, 0, 0, 8, 7, 5, 7, 0, 0, 0, 7, 8, 5, 6, 0, 6, 0, 5, 0, 0, 0, 0, 0, 0, 10, 7, 0, 6, 9, 0, 8, 8, 4, 9, 0, 7, 0, 7, 0, 8, 10, 0, 0, 6, 0, 7, 7, 6, 7, 8, 0, 8, 8, 0, 8, 0, 0, : 8, 8, 7, 8, 6, 7, 6, 9, 7, 6, 9, 9, 7, 8, 7, 5, 7, 7, 8, 5, 6, 6, 5, 10, 7, 6, 9, 8, 8, 4, 9, 7, 7, 8, 10, 6, 7, 7, 6, 7, 8, 8, 8, 8, 
66: 0, 0, 8, 0, 8, 7, 7, 8, 0, 0, 7, 0, 6, 9, 7, 0, 9, 7, 6, 0, 0, 0, 0, 0, 9, 6, 6, 0, 0, 7, 11, 0, 0, 9, 6, 5, 10, 0, 7, 0, 7, 0, 0, 6, 0, 0, 10, 6, 6, 0, 6, 0, 6, 10, 0, 0, 0, 0, 8, 9, 6, 10, 8, 0, 7, 0, 0, 0, 7, 0, 0, 0, 8, 0, 0, 0, 0, 7, 0, 8, : 8, 8, 7, 7, 8, 7, 6, 9, 7, 9, 7, 6, 9, 6, 6, 7, 11, 9, 6, 5, 10, 7, 7, 6, 10, 6, 6, 6, 6, 10, 8, 9, 6, 10, 8, 7, 7, 8, 7, 8, 
72: 0, 7, 0, 0, 7, 8, 0, 10, 7, 0, 8, 7, 0, 0, 0, 7, 0, 7, 5, 0, 0, 6, 0, 7, 7, 6, 7, 8, 0, 7, 8, 9, 6, 0, 9, 10, 0, 0, 0, 0, 9, 7, 10, 0, 7, 6, 0, 10, 8, 0, 0, 7, 0, 9, 0, 7, 4, 0, 9, 8, 0, 6, 7, 6, 0, 0, 0, 7, 0, 0, 0, 0, 7, 8, 7, 0, 0, 5, 6, 0, : 7, 7, 8, 10, 7, 8, 7, 7, 7, 5, 6, 7, 7, 6, 7, 8, 7, 8, 9, 6, 9, 10, 9, 7, 10, 7, 6, 10, 8, 7, 9, 7, 4, 9, 8, 6, 7, 6, 7, 7, 8, 7, 5, 6, 
77: 7, 0, 6, 6, 0, 9, 0, 0, 0, 7, 7, 0, 0, 6, 7, 9, 9, 0, 0, 0, 6, 11, 10, 6, 6, 0, 0, 0, 0, 0, 0, 0, 8, 6, 0, 10, 6, 6, 6, 10, 7, 0, 7, 8, 0, 7, 8, 0, 9, 0, 0, 7, 9, 0, 6, 0, 0, 7, 0, 0, 6, 0, 0, 0, 10, 0, 8, 0, 0, 7, 0, 5, 8, 0, 0, 0, 7, 0, 0, 0, : 7, 6, 6, 9, 7, 7, 6, 7, 9, 9, 6, 11, 10, 6, 6, 8, 6, 10, 6, 6, 6, 10, 7, 7, 8, 7, 8, 9, 7, 9, 6, 7, 6, 10, 8, 7, 5, 8, 7, 
2: 0, 8, 0, 0, 0, 0, 5, 8, 7, 0, 0, 9, 6, 5, 0, 0, 9, 4, 0, 0, 0, 0, 6, 0, 0, 0, 8, 7, 9, 9, 0, 0, 0, 0, 7, 9, 0, 6, 0, 9, 4, 5, 8, 0, 8, 0, 0, 0, 9, 5, 0, 0, 0, 0, 9, 0, 10, 9, 9, 5, 8, 6, 0, 7, 0, 0, 9, 9, 0, 9, 7, 7, 7, 0, 5, 9, 0, 7, 7, 8, : 8, 5, 8, 7, 9, 6, 5, 9, 4, 6, 8, 7, 9, 9, 7, 9, 6, 9, 4, 5, 8, 8, 9, 5, 9, 10, 9, 9, 5, 8, 6, 7, 9, 9, 9, 7, 7, 7, 5, 9, 7, 7, 8, 
76: 8, 0, 7, 0, 0, 0, 4, 0, 6, 0, 0, 7, 7, 0, 0, 0, 8, 5, 0, 0, 9, 0, 6, 8, 0, 7, 8, 0, 6, 6, 7, 0, 9, 0, 0, 0, 8, 7, 0, 9, 0, 0, 7, 8, 8, 10, 8, 0, 0, 0, 7, 10, 9, 6, 4, 7, 6, 0, 7, 0, 6, 9, 0, 8, 7, 7, 0, 0, 7, 0, 9, 8, 0, 0, 0, 0, 0, 9, 0, 7, : 8, 7, 4, 6, 7, 7, 8, 5, 9, 6, 8, 7, 8, 6, 6, 7, 9, 8, 7, 9, 7, 8, 8, 10, 8, 7, 10, 9, 6, 4, 7, 6, 7, 6, 9, 8, 7, 7, 7, 9, 8, 9, 7, 
83: 0, 7, 6, 0, 7, 0, 7, 0, 9, 11, 0, 0, 7, 0, 10, 8, 0, 0, 0, 7, 7, 0, 6, 0, 10, 0, 9, 0, 6, 8, 8, 8, 8, 0, 8, 0, 0, 0, 7, 0, 6, 0, 0, 10, 0, 5, 0, 0, 0, 7, 8, 0, 7, 0, 7, 0, 0, 6, 6, 0, 0, 0, 8, 8, 0, 0, 0, 9, 0, 8, 7, 9, 9, 7, 0, 0, 7, 0, 0, 8, : 7, 6, 7, 7, 9, 11, 7, 10, 8, 7, 7, 6, 10, 9, 6, 8, 8, 8, 8, 8, 7, 6, 10, 5, 7, 8, 7, 7, 6, 6, 8, 8, 9, 8, 7, 9, 9, 7, 7, 8, 
51: 6, 8, 0, 7, 7, 0, 0, 0, 0, 7, 0, 0, 0, 9, 0, 6, 0, 8, 0, 0, 0, 0, 0, 0, 0, 7, 8, 8, 0, 0, 7, 0, 0, 0, 5, 0, 5, 7, 0, 7, 8, 6, 0, 5, 0, 0, 9, 0, 0, 0, 0, 0, 0, 11, 0, 0, 0, 0, 5, 6, 0, 7, 0, 8, 8, 10, 7, 7, 0, 0, 8, 7, 0, 7, 0, 7, 0, 8, 8, 0, : 6, 8, 7, 7, 7, 9, 6, 8, 7, 8, 8, 7, 5, 5, 7, 7, 8, 6, 5, 9, 11, 5, 6, 7, 8, 8, 10, 7, 7, 8, 7, 7, 7, 8, 8, 
123: 8, 0, 0, 7, 0, 0, 0, 0, 0, 0, 7, 0, 5, 6, 7, 0, 0, 7, 9, 0, 8, 7, 8, 7, 7, 0, 0, 7, 0, 0, 0, 7, 8, 0, 0, 6, 0, 8, 0, 0, 0, 0, 5, 5, 6, 0, 6, 5, 7, 0, 0, 7, 0, 0, 0, 8, 6, 0, 0, 0, 0, 0, 0, 7, 0, 8, 7, 0, 0, 0, 7, 0, 7, 8, 7, 7, 0, 8, 0, 9, : 8, 7, 7, 5, 6, 7, 7, 9, 8, 7, 8, 7, 7, 7, 7, 8, 6, 8, 5, 5, 6, 6, 5, 7, 7, 8, 6, 7, 8, 7, 7, 7, 8, 7, 7, 8, 9, 
130: 0, 0, 9, 0, 0, 0, 8, 0, 0, 5, 0, 0, 7, 7, 0, 9, 0, 8, 0, 0, 10, 0, 0, 0, 0, 0, 0, 9, 10, 0, 8, 9, 6, 10, 6, 0, 0, 0, 10, 8, 0, 0, 0, 10, 6, 5, 10, 8, 0, 8, 8, 0, 0, 8, 0, 6, 7, 0, 0, 0, 9, 0, 6, 9, 0, 7, 7, 7, 0, 7, 7, 0, 7, 0, 8, 7, 7, 7, 0, 8, : 9, 8, 5, 7, 7, 9, 8, 10, 9, 10, 8, 9, 6, 10, 6, 10, 8, 10, 6, 5, 10, 8, 8, 8, 8, 6, 7, 9, 6, 9, 7, 7, 7, 7, 7, 7, 8, 7, 7, 7, 8, 
21: 0, 6, 0, 8, 0, 0, 6, 6, 0, 9, 7, 7, 11, 8, 9, 6, 0, 0, 0, 0, 0, 9, 0, 6, 0, 0, 0, 0, 0, 10, 0, 0, 0, 0, 5, 0, 0, 6, 0, 0, 0, 9, 0, 0, 7, 8, 7, 0, 9, 0, 8, 0, 8, 0, 0, 0, 0, 4, 0, 0, 0, 7, 8, 5, 8, 8, 7, 0, 0, 0, 0, 0, 7, 7, 7, 8, 0, 7, 7, 8, : 6, 8, 6, 6, 9, 7, 7, 11, 8, 9, 6, 9, 6, 10, 5, 6, 9, 7, 8, 7, 9, 8, 8, 4, 7, 8, 5, 8, 8, 7, 7, 7, 7, 8, 7, 7, 8, 
154: 0, 0, 7, 9, 0, 7, 9, 0, 7, 7, 7, 0, 0, 0, 0, 6, 8, 0, 9, 9, 9, 0, 5, 8, 8, 0, 0, 9, 7, 10, 9, 7, 0, 9, 0, 8, 0, 0, 0, 0, 10, 0, 5, 0, 0, 0, 8, 8, 9, 0, 5, 7, 0, 8, 7, 0, 8, 0, 8, 0, 6, 8, 0, 0, 5, 0, 7, 0, 9, 0, 0, 0, 8, 7, 0, 5, 0, 0, 5, 0, : 7, 9, 7, 9, 7, 7, 7, 6, 8, 9, 9, 9, 5, 8, 8, 9, 7, 10, 9, 7, 9, 8, 10, 5, 8, 8, 9, 5, 7, 8, 7, 8, 8, 6, 8, 5, 7, 9, 8, 7, 5, 5, 
6: 0, 0, 8, 0, 9, 0, 0, 7, 0, 9, 0, 6, 6, 0, 7, 7, 6, 9, 7, 7, 0, 7, 0, 9, 9, 7, 8, 0, 0, 0, 0, 0, 9, 5, 9, 0, 6, 11, 9, 8, 0, 5, 0, 9, 0, 0, 0, 0, 5, 5, 0, 9, 8, 0, 0, 0, 5, 9, 0, 7, 8, 0, 0, 0, 8, 0, 0, 7, 7, 0, 0, 0, 0, 0, 0, 0, 0, 6, 7, 7, : 8, 9, 7, 9, 6, 6, 7, 7, 6, 9, 7, 7, 7, 9, 9, 7, 8, 9, 5, 9, 6, 11, 9, 8, 5, 9, 5, 5, 9, 8, 5, 9, 7, 8, 8, 7, 7, 6, 7, 7, 
170: 8, 7, 8, 9, 7, 10, 0, 0, 10, 0, 6, 9, 0, 0, 9, 5, 0, 0, 7, 9, 0, 6, 0, 0, 0, 0, 0, 0, 9, 9, 6, 6, 0, 5, 0, 10, 0, 0, 7, 8, 0, 0, 7, 5, 0, 10, 0, 0, 0, 0, 10, 6, 7, 7, 0, 6, 7, 8, 0, 6, 0, 7, 5, 0, 9, 9, 0, 0, 0, 0, 9, 8, 0, 0, 0, 0, 0, 0, 8, 0, : 8, 7, 8, 9, 7, 10, 10, 6, 9, 9, 5, 7, 9, 6, 9, 9, 6, 6, 5, 10, 7, 8, 7, 5, 10, 10, 6, 7, 7, 6, 7, 8, 6, 7, 5, 9, 9, 9, 8, 8, 
46: 7, 0, 0, 0, 6, 9, 9, 0, 0, 0, 11, 0, 9, 6, 0, 0, 0, 0, 10, 0, 8, 0, 0, 10, 6, 0, 0, 6, 8, 0, 6, 0, 8, 8, 9, 0, 0, 0, 10, 0, 10, 8, 6, 7, 11, 0, 6, 0, 0, 0, 0, 0, 0, 0, 0, 8, 0, 0, 6, 10, 9, 7, 0, 8, 0, 7, 0, 0, 7, 0, 7, 0, 7, 7, 9, 0, 7, 0, 0, 9, : 7, 6, 9, 9, 11, 9, 6, 10, 8, 10, 6, 6, 8, 6, 8, 8, 9, 10, 10, 8, 6, 7, 11, 6, 8, 6, 10, 9, 7, 8, 7, 7, 7, 7, 7, 9, 7, 9, 
92: 8, 0, 8, 8, 0, 7, 7, 0, 0, 0, 9, 7, 0, 0, 7, 10, 8, 0, 5, 0, 7, 7, 8, 7, 7, 7, 0, 6, 7, 0, 8, 0, 0, 0, 11, 0, 10, 0, 0, 0, 7, 8, 7, 9, 0, 9, 0, 8, 0, 10, 0, 0, 0, 5, 0, 0, 7, 0, 6, 0, 9, 0, 8, 0, 5, 0, 0, 0, 0, 0, 8, 7, 9, 9, 0, 9, 8, 0, 0, 0, : 8, 8, 8, 7, 7, 9, 7, 7, 10, 8, 5, 7, 7, 8, 7, 7, 7, 6, 7, 8, 11, 10, 7, 8, 7, 9, 9, 8, 10, 5, 7, 6, 9, 8, 5, 8, 7, 9, 9, 9, 8, 
145: 8, 10, 0, 8, 10, 0, 7, 0, 9, 6, 0, 0, 0, 0, 0, 0, 0, 0, 6, 0, 0, 0, 0, 0, 9, 8, 0, 8, 0, 0, 7, 8, 7, 6, 0, 8, 8, 0, 0, 0, 0, 0, 0, 0, 10, 0, 5, 8, 0, 9, 0, 8, 9, 6, 9, 7, 0, 7, 0, 0, 0, 0, 8, 0, 0, 0, 0, 10, 7, 0, 0, 9, 0, 0, 7, 0, 0, 0, 8, 5, : 8, 10, 8, 10, 7, 9, 6, 6, 9, 8, 8, 7, 8, 7, 6, 8, 8, 10, 5, 8, 9, 8, 9, 6, 9, 7, 7, 8, 10, 7, 9, 7, 8, 5, 
98: 6, 9, 0, 6, 4, 7, 0, 0, 0, 0, 7, 10, 0, 0, 0, 7, 0, 9, 9, 5, 7, 0, 0, 6, 7, 10, 7, 6, 0, 8, 7, 0, 8, 7, 0, 7, 6, 8, 7, 4, 8, 5, 9, 0, 10, 0, 0, 8, 8, 8, 8, 0, 0, 0, 8, 9, 8, 7, 0, 0, 0, 6, 0, 8, 0, 0, 4, 0, 0, 7, 9, 0, 0, 8, 0, 0, 8, 0, 8, 8, : 6, 9, 6, 4, 7, 7, 10, 7, 9, 9, 5, 7, 6, 7, 10, 7, 6, 8, 7, 8, 7, 7, 6, 8, 7, 4, 8, 5, 9, 10, 8, 8, 8, 8, 8, 9, 8, 7, 6, 8, 4, 7, 9, 8, 8, 8, 8, 
31: 0, 0, 0, 0, 7, 0, 6, 6, 6, 6, 8, 0, 0, 9, 6, 0, 0, 6, 9, 7, 0, 7, 6, 0, 0, 0, 6, 0, 8, 0, 0, 11, 9, 9, 0, 6, 10, 0, 8, 0, 9, 0, 8, 0, 0, 10, 0, 0, 10, 8, 8, 9, 0, 8, 0, 6, 6, 11, 0, 5, 10, 0, 8, 6, 0, 9, 0, 0, 7, 8, 7, 7, 0, 9, 8, 8, 5, 0, 0, 0, : 7, 6, 6, 6, 6, 8, 9, 6, 6, 9, 7, 7, 6, 6, 8, 11, 9, 9, 6, 10, 8, 9, 8, 10, 10, 8, 8, 9, 8, 6, 6, 11, 5, 10, 8, 6, 9, 7, 8, 7, 7, 9, 8, 8, 5, 
35: 7, 7, 7, 0, 7, 0, 0, 0, 0, 0, 0, 6, 0, 0, 0, 0, 0, 0, 0, 0, 0, 0, 9, 0, 8, 0, 9, 5, 9, 0, 0, 7, 0, 10, 0, 9, 8, 10, 6, 6, 0, 5, 6, 10, 5, 7, 8, 0, 8, 0, 0, 0, 0, 8, 0, 9, 8, 7, 10, 6, 6, 0, 0, 8, 0, 5, 7, 7, 0, 0, 0, 9, 6, 0, 0, 7, 8, 9, 9, 7, : 7, 7, 7, 7, 6, 9, 8, 9, 5, 9, 7, 10, 9, 8, 10, 6, 6, 5, 6, 10, 5, 7, 8, 8, 8, 9, 8, 7, 10, 6, 6, 8, 5, 7, 7, 9, 6, 7, 8, 9, 9, 7, 
186: 0, 0, 0, 8, 7, 0, 0, 0, 11, 0, 10, 0, 0, 7, 0, 7, 6, 0, 9, 9, 0, 0, 0, 0, 0, 7, 0, 0, 0, 0, 0, 7, 6, 0, 0, 9, 0, 5, 0, 0, 0, 10, 0, 0, 8, 8, 0, 6, 0, 7, 0, 0, 7, 8, 9, 9, 0, 0, 0, 6, 7, 0, 0, 0, 6, 8, 7, 0, 0, 0, 0, 0, 5, 6, 9, 7, 7, 0, 8, 0, : 8, 7, 11, 10, 7, 7, 6, 9, 9, 7, 7, 6, 9, 5, 10, 8, 8, 6, 7, 7, 8, 9, 9, 6, 7, 6, 8, 7, 5, 6, 9, 7, 7, 8, 
177: 8, 0, 0, 0, 0, 10, 0, 10, 0, 0, 9, 6, 7, 0, 5, 0, 0, 0, 0, 5, 0, 0, 9, 8, 0, 0, 10, 8, 9, 8, 7, 0, 0, 0, 0, 0, 0, 0, 8, 0, 0, 0, 0, 0, 0, 0, 7, 9, 8, 8, 7, 7, 0, 6, 0, 0, 0, 10, 0, 8, 0, 9, 5, 0, 6, 0, 8, 7, 9, 5, 0, 0, 0, 0, 7, 0, 0, 0, 7, 8, : 8, 10, 10, 9, 6, 7, 5, 5, 9, 8, 10, 8, 9, 8, 7, 8, 7, 9, 8, 8, 7, 7, 6, 10, 8, 9, 5, 6, 8, 7, 9, 5, 7, 7, 8, 
192: 9, 0, 9, 0, 0, 0, 6, 6, 7, 7, 6, 0, 8, 7, 6, 7, 9, 7, 6, 5, 7, 0, 7, 0, 4, 0, 0, 0, 0, 0, 0, 0, 0, 5, 6, 0, 0, 0, 0, 7, 0, 0, 0, 0, 0, 0, 0, 9, 8, 0, 7, 6, 0, 0, 7, 0, 0, 0, 0, 0, 0, 0, 6, 0, 0, 8, 0, 8, 9, 7, 0, 8, 0, 8, 8, 0, 7, 7, 0, 7, : 9, 9, 6, 6, 7, 7, 6, 8, 7, 6, 7, 9, 7, 6, 5, 7, 7, 4, 5, 6, 7, 9, 8, 7, 6, 7, 6, 8, 8, 9, 7, 8, 8, 8, 7, 7, 7, 
127: 0, 9, 6, 9, 9, 0, 0, 0, 8, 0, 0, 7, 10, 10, 0, 9, 0, 0, 0, 8, 5, 7, 10, 0, 7, 7, 0, 9, 0, 8, 0, 0, 5, 0, 0, 5, 10, 7, 10, 0, 0, 10, 0, 0, 0, 0, 0, 0, 7, 0, 6, 0, 0, 0, 6, 0, 11, 8, 0, 0, 0, 8, 0, 8, 8, 0, 8, 8, 5, 9, 0, 0, 0, 9, 9, 7, 0, 7, 0, 6, : 9, 6, 9, 9, 8, 7, 10, 10, 9, 8, 5, 7, 10, 7, 7, 9, 8, 5, 5, 10, 7, 10, 10, 7, 6, 6, 11, 8, 8, 8, 8, 8, 8, 5, 9, 9, 9, 7, 7, 6, 
40: 9, 8, 0, 7, 0, 7, 7, 0, 0, 0, 0, 6, 0, 0, 0, 9, 0, 0, 9, 7, 8, 10, 6, 0, 0, 8, 0, 0, 7, 7, 8, 0, 6, 0, 0, 0, 0, 0, 0, 8, 9, 0, 7, 0, 9, 5, 0, 0, 0, 0, 9, 0, 0, 0, 6, 0, 0, 0, 10, 7, 0, 0, 0, 6, 8, 5, 0, 7, 8, 8, 5, 7, 7, 0, 9, 0, 0, 8, 7, 9, : 9, 8, 7, 7, 7, 6, 9, 9, 7, 8, 10, 6, 8, 7, 7, 8, 6, 8, 9, 7, 9, 5, 9, 6, 10, 7, 6, 8, 5, 7, 8, 8, 5, 7, 7, 9, 8, 7, 9, 
182: 0, 0, 4, 8, 0, 0, 0, 10, 9, 8, 7, 0, 0, 0, 0, 8, 0, 0, 9, 0, 0, 10, 0, 0, 0, 0, 9, 9, 9, 0, 0, 5, 0, 0, 0, 0, 0, 8, 0, 0, 9, 0, 0, 0, 5, 9, 7, 0, 0, 7, 0, 10, 5, 7, 8, 0, 0, 0, 0, 0, 6, 0, 10, 0, 0, 8, 6, 8, 8, 7, 0, 6, 0, 5, 7, 0, 0, 0, 7, 7, : 4, 8, 10, 9, 8, 7, 8, 9, 10, 9, 9, 9, 5, 8, 9, 5, 9, 7, 7, 10, 5, 7, 8, 6, 10, 8, 6, 8, 8, 7, 6, 5, 7, 7, 7, 
70: 8, 0, 0, 8, 0, 7, 8, 0, 8, 7, 0, 0, 10, 7, 0, 8, 6, 0, 6, 0, 7, 8, 10, 0, 0, 0, 7, 0, 0, 0, 6, 0, 10, 0, 9, 0, 9, 0, 6, 10, 0, 7, 5, 7, 0, 0, 0, 0, 0, 9, 0, 0, 11, 0, 7, 7, 7, 6, 7, 6, 0, 0, 6, 10, 0, 0, 9, 0, 8, 8, 0, 0, 0, 0, 0, 8, 0, 8, 0, 7, : 8, 8, 7, 8, 8, 7, 10, 7, 8, 6, 6, 7, 8, 10, 7, 6, 10, 9, 9, 6, 10, 7, 5, 7, 9, 11, 7, 7, 7, 6, 7, 6, 6, 10, 9, 8, 8, 8, 8, 7, 
45: 8, 6, 9, 0, 0, 7, 0, 8, 0, 0, 0, 7, 0, 0, 7, 0, 8, 9, 6, 0, 0, 0, 7, 0, 0, 8, 0, 0, 0, 0, 0, 6, 7, 5, 5, 0, 7, 6, 0, 6, 7, 8, 11, 0, 7, 6, 8, 0, 0, 5, 0, 0, 7, 0, 0, 0, 0, 9, 8, 9, 0, 7, 0, 0, 6, 0, 0, 0, 9, 7, 0, 0, 7, 0, 0, 0, 7, 0, 0, 0, : 8, 6, 9, 7, 8, 7, 7, 8, 9, 6, 7, 8, 6, 7, 5, 5, 7, 6, 6, 7, 8, 11, 7, 6, 8, 5, 7, 9, 8, 9, 7, 6, 9, 7, 7, 7, 
88: 0, 9, 0, 7, 8, 0, 10, 6, 0, 8, 0, 11, 7, 7, 0, 0, 8, 0, 0, 10, 7, 7, 0, 0, 0, 0, 0, 0, 0, 8, 4, 8, 9, 0, 7, 0, 0, 8, 0, 9, 0, 0, 8, 6, 10, 0, 8, 0, 0, 6, 0, 7, 8, 0, 8, 10, 7, 0, 0, 0, 0, 0, 0, 0, 10, 0, 0, 0, 0, 6, 0, 0, 9, 0, 7, 9, 6, 0, 9, 0, : 9, 7, 8, 10, 6, 8, 11, 7, 7, 8, 10, 7, 7, 8, 4, 8, 9, 7, 8, 9, 8, 6, 10, 8, 6, 7, 8, 8, 10, 7, 10, 6, 9, 7, 9, 6, 9, 
27: 0, 7, 8, 0, 0, 5, 0, 7, 0, 7, 8, 7, 0, 0, 7, 0, 8, 6, 0, 0, 0, 7, 0, 9, 8, 9, 0, 0, 7, 8, 0, 9, 0, 0, 0, 10, 0, 7, 0, 0, 0, 0, 0, 11, 7, 0, 5, 0, 7, 9, 0, 0, 0, 0, 8, 8, 8, 5, 6, 0, 0, 7, 10, 0, 9, 8, 0, 0, 0, 0, 0, 9, 9, 7, 6, 6, 0, 7, 8, 0, : 7, 8, 5, 7, 7, 8, 7, 7, 8, 6, 7, 9, 8, 9, 7, 8, 9, 10, 7, 11, 7, 5, 7, 9, 8, 8, 8, 5, 6, 7, 10, 9, 8, 9, 9, 7, 6, 6, 7, 8, 
137: 0, 4, 7, 7, 7, 0, 8, 7, 7, 10, 7, 9, 7, 7, 0, 9, 7, 8, 8, 0, 7, 0, 7, 6, 8, 7, 6, 4, 0, 6, 11, 7, 0, 8, 5, 5, 0, 6, 6, 0, 7, 0, 0, 0, 4, 0, 5, 0, 0, 0, 7, 6, 0, 9, 0, 7, 0, 0, 0, 10, 0, 0, 0, 0, 8, 0, 0, 6, 6, 0, 7, 8, 0, 7, 0, 0, 8, 0, 7, 7, : 4, 7, 7, 7, 8, 7, 7, 10, 7, 9, 7, 7, 9, 7, 8, 8, 7, 7, 6, 8, 7, 6, 4, 6, 11, 7, 8, 5, 5, 6, 6, 7, 4, 5, 7, 6, 9, 7, 10, 8, 6, 6, 7, 8, 7, 8, 7, 7, 
124: 8, 0, 10, 0, 0, 7, 8, 4, 6, 6, 0, 0, 8, 6, 9, 0, 6, 10, 0, 8, 0, 6, 0, 7, 7, 0, 8, 8, 6, 6, 0, 6, 5, 0, 0, 7, 5, 4, 8, 7, 0, 8, 5, 7, 5, 8, 0, 7, 7, 0, 0, 7, 7, 7, 0, 0, 9, 7, 8, 8, 7, 0, 7, 0, 0, 0, 0, 0, 8, 7, 0, 0, 0, 9, 0, 0, 8, 0, 0, 0, : 8, 10, 7, 8, 4, 6, 6, 8, 6, 9, 6, 10, 8, 6, 7, 7, 8, 8, 6, 6, 6, 5, 7, 5, 4, 8, 7, 8, 5, 7, 5, 8, 7, 7, 7, 7, 7, 9, 7, 8, 8, 7, 7, 8, 7, 9, 8, 
187: 0, 0, 0, 0, 7, 9, 10, 0, 5, 0, 0, 0, 7, 7, 0, 7, 7, 7, 0, 0, 0, 0, 0, 10, 0, 8, 4, 9, 0, 0, 9, 10, 0, 0, 9, 0, 5, 0, 0, 6, 6, 10, 0, 8, 0, 7, 0, 6, 0, 9, 7, 0, 0, 0, 0, 0, 0, 0, 7, 0, 0, 8, 0, 6, 5, 0, 0, 4, 0, 0, 8, 0, 0, 0, 0, 8, 0, 8, 0, 0, : 7, 9, 10, 5, 7, 7, 7, 7, 7, 10, 8, 4, 9, 9, 10, 9, 5, 6, 6, 10, 8, 7, 6, 9, 7, 7, 8, 6, 5, 4, 8, 8, 8, 
110: 8, 8, 0, 0, 0, 0, 0, 10, 0, 0, 7, 7, 6, 10, 8, 0, 5, 9, 0, 8, 0, 0, 0, 10, 0, 10, 0, 10, 0, 7, 0, 4, 0, 0, 0, 7, 8, 0, 10, 6, 0, 0, 0, 7, 8, 9, 0, 9, 0, 7, 10, 8, 6, 7, 0, 11, 9, 8, 0, 0, 7, 9, 0, 0, 0, 9, 7, 7, 0, 0, 8, 7, 0, 0, 7, 8, 9, 0, 0, 0, : 8, 8, 10, 7, 7, 6, 10, 8, 5, 9, 8, 10, 10, 10, 7, 4, 7, 8, 10, 6, 7, 8, 9, 9, 7, 10, 8, 6, 7, 11, 9, 8, 7, 9, 9, 7, 7, 8, 7, 7, 8, 9, 
157: 0, 6, 0, 4, 0, 9, 8, 0, 0, 0, 0, 0, 0, 0, 9, 0, 0, 6, 0, 8, 10, 6, 0, 8, 0, 4, 6, 7, 4, 0, 7, 8, 0, 5, 0, 7, 8, 10, 0, 6, 8, 7, 9, 7, 0, 9, 0, 8, 5, 0, 6, 4, 9, 0, 9, 0, 0, 0, 8, 0, 7, 6, 6, 0, 0, 7, 0, 9, 8, 9, 0, 7, 8, 0, 8, 7, 0, 9, 0, 0, : 6, 4, 9, 8, 9, 6, 8, 10, 6, 8, 4, 6, 7, 4, 7, 8, 5, 7, 8, 10, 6, 8, 7, 9, 7, 9, 8, 5, 6, 4, 9, 9, 8, 7, 6, 6, 7, 9, 8, 9, 7, 8, 8, 7, 9, 
44: 6, 9, 0, 6, 6, 0, 0, 5, 7, 8, 0, 0, 0, 0, 9, 0, 0, 0, 7, 7, 0, 7, 7, 0, 0, 0, 8, 0, 7, 0, 0, 0, 6, 8, 0, 0, 0, 10, 0, 0, 0, 0, 10, 0, 9, 0, 9, 8, 0, 7, 0, 0, 0, 4, 5, 5, 0, 0, 0, 9, 7, 0, 0, 9, 9, 6, 0, 0, 0, 7, 7, 0, 0, 0, 7, 8, 9, 8, 9, 0, : 6, 9, 6, 6, 5, 7, 8, 9, 7, 7, 7, 7, 8, 7, 6, 8, 10, 10, 9, 9, 8, 7, 4, 5, 5, 9, 7, 9, 9, 6, 7, 7, 7, 8, 9, 8, 9, 
163: 0, 0, 8, 10, 0, 4, 0, 0, 0, 8, 6, 0, 0, 8, 0, 0, 0, 0, 8, 6, 7, 0, 7, 0, 7, 0, 8, 0, 10, 0, 0, 0, 0, 9, 0, 0, 0, 0, 9, 9, 5, 6, 0, 0, 0, 6, 0, 0, 5, 0, 0, 0, 8, 0, 8, 0, 0, 8, 0, 10, 10, 9, 10, 0, 8, 0, 8, 7, 7, 9, 7, 0, 0, 7, 0, 0, 8, 0, 7, 7, : 8, 10, 4, 8, 6, 8, 8, 6, 7, 7, 7, 8, 10, 9, 9, 9, 5, 6, 6, 5, 8, 8, 8, 10, 10, 9, 10, 8, 8, 7, 7, 9, 7, 7, 8, 7, 7, 


140: 9, 0, 8, 8, 0, 7, 0, 0, 7, 0, 6, 0, 10, 5, 6, 9, 0, 9, 7, 0, 6, 9, 8, 7, 0, 0, 8, 0, 0, 10, 6, 0, 0, 0, 0, 11, 0, 7, 7, 0, 8, 0, 8, 0, 7, 0, 7, 0, 10, 0, 10, 0, 0, 7, 0, 9, 0, 0, 8, 9, 0, 0, 0, 7, 6, 8, 0, 9, 0, 7, 7, 0, 8, 9, 0, 0, 7, 0, 6, 7, : 9, 8, 8, 7, 7, 6, 10, 5, 6, 9, 9, 7, 6, 9, 8, 7, 8, 10, 6, 11, 7, 7, 8, 8, 7, 7, 10, 10, 7, 9, 8, 9, 7, 6, 8, 9, 7, 7, 8, 9, 7, 6, 7, 
56: 5, 7, 6, 0, 6, 0, 0, 0, 0, 6, 7, 0, 10, 0, 0, 7, 7, 9, 0, 5, 0, 0, 5, 9, 8, 7, 10, 0, 8, 7, 10, 10, 6, 9, 0, 9, 0, 7, 6, 0, 6, 8, 0, 8, 5, 9, 0, 0, 0, 7, 6, 11, 6, 9, 0, 7, 6, 11, 8, 6, 0, 0, 0, 8, 0, 9, 8, 0, 0, 8, 8, 8, 0, 0, 9, 0, 0, 9, 6, 0, : 5, 7, 6, 6, 6, 7, 10, 7, 7, 9, 5, 5, 9, 8, 7, 10, 8, 7, 10, 10, 6, 9, 9, 7, 6, 6, 8, 8, 5, 9, 7, 6, 11, 6, 9, 7, 6, 11, 8, 6, 8, 9, 8, 8, 8, 8, 9, 9, 6, 
172: 8, 0, 5, 10, 9, 8, 6, 10, 9, 8, 0, 0, 0, 6, 6, 0, 6, 7, 10, 0, 0, 7, 8, 5, 0, 7, 7, 7, 0, 0, 0, 7, 6, 8, 10, 0, 7, 0, 6, 11, 7, 8, 0, 0, 0, 10, 8, 8, 0, 7, 0, 10, 7, 0, 5, 6, 11, 0, 9, 0, 6, 8, 10, 0, 0, 7, 0, 8, 6, 8, 0, 0, 0, 9, 8, 0, 7, 0, 0, 8, : 8, 5, 10, 9, 8, 6, 10, 9, 8, 6, 6, 6, 7, 10, 7, 8, 5, 7, 7, 7, 7, 6, 8, 10, 7, 6, 11, 7, 8, 10, 8, 8, 7, 10, 7, 5, 6, 11, 9, 6, 8, 10, 7, 8, 6, 8, 9, 8, 7, 8, 
178: 7, 0, 6, 0, 9, 0, 0, 8, 0, 7, 7, 0, 9, 0, 8, 10, 0, 0, 8, 9, 0, 9, 10, 7, 0, 9, 7, 0, 7, 0, 10, 0, 0, 7, 0, 8, 10, 10, 5, 6, 0, 5, 0, 0, 0, 0, 10, 0, 6, 5, 0, 0, 6, 7, 8, 8, 7, 0, 0, 8, 7, 0, 0, 9, 8, 7, 0, 0, 0, 7, 6, 0, 0, 0, 0, 7, 0, 8, 8, 0, : 7, 6, 9, 8, 7, 7, 9, 8, 10, 8, 9, 9, 10, 7, 9, 7, 7, 10, 7, 8, 10, 10, 5, 6, 5, 10, 6, 5, 6, 7, 8, 8, 7, 8, 7, 9, 8, 7, 7, 6, 7, 8, 8, 
24: 0, 6, 0, 9, 6, 9, 0, 0, 0, 0, 0, 0, 0, 0, 0, 7, 6, 0, 0, 7, 8, 0, 6, 8, 0, 0, 0, 8, 7, 7, 0, 0, 4, 5, 6, 0, 5, 5, 6, 0, 0, 6, 0, 7, 10, 0, 0, 0, 0, 0, 0, 0, 0, 8, 0, 0, 0, 6, 0, 8, 11, 7, 8, 0, 7, 8, 6, 7, 6, 8, 0, 0, 8, 0, 0, 7, 0, 8, 0, 0, : 6, 9, 6, 9, 7, 6, 7, 8, 6, 8, 8, 7, 7, 4, 5, 6, 5, 5, 6, 6, 7, 10, 8, 6, 8, 11, 7, 8, 7, 8, 6, 7, 6, 8, 8, 7, 8, 
155: 8, 10, 0, 0, 0, 9, 10, 0, 6, 0, 5, 0, 5, 7, 5, 0, 0, 8, 9, 9, 0, 6, 5, 0, 6, 9, 0, 6, 0, 0, 6, 0, 6, 0, 7, 9, 7, 6, 0, 7, 8, 0, 4, 4, 4, 5, 6, 0, 7, 0, 0, 0, 8, 0, 8, 0, 5, 0, 10, 8, 8, 7, 0, 0, 0, 6, 7, 0, 8, 8, 0, 7, 0, 8, 9, 0, 0, 0, 0, 7, : 8, 10, 9, 10, 6, 5, 5, 7, 5, 8, 9, 9, 6, 5, 6, 9, 6, 6, 6, 7, 9, 7, 6, 7, 8, 4, 4, 4, 5, 6, 7, 8, 8, 5, 10, 8, 8, 7, 6, 7, 8, 8, 7, 8, 9, 7, 
104: 9, 10, 0, 9, 0, 0, 6, 0, 0, 8, 8, 0, 8, 0, 0, 0, 0, 0, 0, 0, 0, 0, 6, 0, 0, 8, 8, 7, 0, 0, 8, 0, 5, 0, 0, 0, 0, 0, 0, 0, 0, 8, 7, 0, 0, 10, 9, 0, 0, 0, 0, 5, 0, 6, 0, 0, 7, 8, 0, 7, 0, 10, 8, 0, 8, 0, 0, 8, 7, 0, 8, 9, 6, 6, 7, 0, 0, 7, 0, 0, : 9, 10, 9, 6, 8, 8, 8, 6, 8, 8, 7, 8, 5, 8, 7, 10, 9, 5, 6, 7, 8, 7, 10, 8, 8, 8, 7, 8, 9, 6, 6, 7, 7, 
112: 10, 0, 7, 0, 8, 0, 9, 0, 10, 0, 0, 0, 0, 6, 0, 0, 0, 0, 6, 7, 9, 0, 8, 6, 0, 0, 0, 8, 10, 7, 0, 0, 6, 7, 6, 0, 4, 0, 0, 0, 0, 0, 0, 9, 0, 8, 4, 7, 10, 0, 0, 0, 8, 0, 8, 7, 8, 0, 0, 0, 0, 7, 0, 8, 7, 0, 8, 0, 9, 7, 0, 6, 0, 8, 6, 0, 6, 0, 0, 0, : 10, 7, 8, 9, 10, 6, 6, 7, 9, 8, 6, 8, 10, 7, 6, 7, 6, 4, 9, 8, 4, 7, 10, 8, 8, 7, 8, 7, 8, 7, 8, 9, 7, 6, 8, 6, 6, 
53: 7, 0, 0, 7, 10, 0, 0, 6, 0, 0, 0, 0, 0, 0, 4, 6, 0, 0, 0, 0, 0, 5, 0, 0, 0, 0, 7, 0, 0, 6, 9, 0, 7, 7, 0, 6, 8, 7, 9, 5, 0, 7, 0, 7, 0, 6, 0, 9, 7, 6, 8, 9, 0, 8, 8, 8, 6, 0, 8, 0, 8, 0, 0, 0, 9, 0, 8, 6, 0, 9, 0, 8, 0, 8, 8, 0, 9, 0, 0, 6, : 7, 7, 10, 6, 4, 6, 5, 7, 6, 9, 7, 7, 6, 8, 7, 9, 5, 7, 7, 6, 9, 7, 6, 8, 9, 8, 8, 8, 6, 8, 8, 9, 8, 6, 9, 8, 8, 8, 9, 6, 
64: 0, 10, 0, 6, 10, 0, 7, 0, 0, 0, 10, 6, 7, 6, 10, 11, 6, 0, 7, 0, 0, 0, 7, 0, 0, 7, 0, 0, 7, 0, 6, 0, 0, 0, 9, 9, 0, 11, 0, 8, 7, 0, 6, 0, 7, 0, 0, 6, 7, 10, 0, 6, 7, 8, 6, 6, 7, 7, 0, 7, 8, 0, 7, 6, 0, 0, 7, 7, 9, 8, 8, 8, 0, 6, 0, 0, 8, 0, 9, 9, : 10, 6, 10, 7, 10, 6, 7, 6, 10, 11, 6, 7, 7, 7, 7, 6, 9, 9, 11, 8, 7, 6, 7, 6, 7, 10, 6, 7, 8, 6, 6, 7, 7, 7, 8, 7, 6, 7, 7, 9, 8, 8, 8, 6, 8, 9, 9, 
149: 0, 7, 7, 0, 5, 0, 6, 0, 0, 7, 10, 6, 0, 0, 8, 0, 9, 6, 6, 0, 9, 8, 0, 9, 0, 0, 0, 7, 8, 0, 8, 0, 0, 10, 5, 9, 0, 0, 7, 5, 0, 0, 5, 0, 9, 0, 0, 0, 6, 7, 5, 0, 5, 0, 7, 0, 0, 0, 8, 9, 8, 0, 6, 0, 0, 6, 0, 6, 0, 0, 0, 7, 6, 0, 0, 0, 0, 0, 7, 0, : 7, 7, 5, 6, 7, 10, 6, 8, 9, 6, 6, 9, 8, 9, 7, 8, 8, 10, 5, 9, 7, 5, 5, 9, 6, 7, 5, 5, 7, 8, 9, 8, 6, 6, 6, 7, 6, 7, 
121: 0, 0, 0, 10, 7, 0, 0, 8, 7, 10, 0, 8, 6, 0, 0, 8, 0, 8, 0, 0, 0, 9, 9, 0, 6, 0, 0, 9, 0, 6, 6, 6, 6, 8, 5, 0, 0, 0, 0, 8, 7, 8, 0, 8, 8, 5, 8, 0, 0, 10, 7, 0, 11, 8, 0, 0, 6, 0, 8, 6, 0, 9, 7, 6, 9, 0, 0, 0, 0, 6, 0, 0, 7, 0, 7, 0, 0, 0, 6, 7, : 10, 7, 8, 7, 10, 8, 6, 8, 8, 9, 9, 6, 9, 6, 6, 6, 6, 8, 5, 8, 7, 8, 8, 8, 5, 8, 10, 7, 11, 8, 6, 8, 6, 9, 7, 6, 9, 6, 7, 7, 6, 7, 
198: 10, 5, 0, 0, 0, 0, 0, 0, 8, 8, 0, 9, 0, 8, 0, 5, 8, 0, 0, 0, 9, 6, 0, 0, 7, 0, 8, 0, 8, 0, 6, 11, 10, 0, 8, 7, 5, 6, 5, 5, 7, 0, 6, 10, 10, 8, 10, 0, 0, 0, 5, 9, 0, 0, 6, 0, 10, 0, 8, 6, 7, 7, 0, 10, 7, 8, 8, 0, 7, 0, 9, 6, 7, 0, 0, 0, 0, 8, 0, 7, : 10, 5, 8, 8, 9, 8, 5, 8, 9, 6, 7, 8, 8, 6, 11, 10, 8, 7, 5, 6, 5, 5, 7, 6, 10, 10, 8, 10, 5, 9, 6, 10, 8, 6, 7, 7, 10, 7, 8, 8, 7, 9, 6, 7, 8, 7, 
94: 0, 9, 0, 5, 8, 10, 6, 8, 8, 0, 0, 8, 0, 10, 0, 10, 0, 7, 8, 0, 7, 0, 0, 0, 0, 0, 0, 9, 7, 7, 0, 9, 0, 0, 0, 7, 0, 0, 0, 7, 0, 0, 0, 0, 0, 7, 0, 0, 0, 0, 0, 6, 8, 7, 0, 5, 8, 5, 0, 0, 0, 0, 0, 7, 0, 7, 0, 8, 0, 0, 0, 9, 0, 0, 0, 8, 7, 0, 0, 0, : 9, 5, 8, 10, 6, 8, 8, 8, 10, 10, 7, 8, 7, 9, 7, 7, 9, 7, 7, 7, 6, 8, 7, 5, 8, 5, 7, 7, 8, 9, 8, 7, 
144: 6, 0, 8, 6, 0, 0, 8, 6, 8, 0, 0, 8, 7, 4, 0, 4, 8, 0, 0, 8, 0, 9, 0, 0, 9, 0, 6, 0, 0, 8, 7, 5, 0, 0, 0, 10, 7, 8, 0, 0, 8, 0, 0, 5, 9, 5, 0, 7, 0, 6, 0, 0, 0, 0, 11, 0, 8, 8, 0, 6, 6, 0, 0, 0, 8, 0, 7, 0, 0, 6, 0, 0, 8, 6, 0, 8, 0, 8, 0, 0, : 6, 8, 6, 8, 6, 8, 8, 7, 4, 4, 8, 8, 9, 9, 6, 8, 7, 5, 10, 7, 8, 8, 5, 9, 5, 7, 6, 11, 8, 8, 6, 6, 8, 7, 6, 8, 6, 8, 8, 
34: 0, 0, 0, 0, 0, 7, 0, 6, 0, 0, 8, 0, 0, 0, 10, 0, 10, 8, 0, 0, 0, 0, 0, 0, 9, 7, 0, 7, 6, 0, 9, 9, 9, 6, 0, 0, 8, 10, 0, 0, 0, 6, 8, 0, 0, 7, 0, 0, 10, 5, 7, 0, 0, 0, 0, 7, 11, 0, 7, 0, 0, 7, 6, 7, 0, 0, 0, 6, 0, 0, 7, 6, 9, 0, 8, 8, 0, 0, 0, 6, : 7, 6, 8, 10, 10, 8, 9, 7, 7, 6, 9, 9, 9, 6, 8, 10, 6, 8, 7, 10, 5, 7, 7, 11, 7, 7, 6, 7, 6, 7, 6, 9, 8, 8, 6, 
57: 0, 6, 0, 0, 8, 0, 8, 0, 7, 5, 0, 10, 5, 0, 9, 7, 5, 0, 0, 0, 0, 6, 5, 9, 0, 7, 7, 0, 9, 0, 8, 0, 0, 5, 0, 8, 0, 8, 0, 0, 0, 0, 6, 0, 0, 0, 0, 10, 7, 7, 0, 0, 0, 0, 8, 0, 0, 7, 0, 0, 0, 7, 0, 7, 0, 8, 0, 0, 8, 6, 0, 7, 0, 0, 0, 9, 8, 8, 8, 8, : 6, 8, 8, 7, 5, 10, 5, 9, 7, 5, 6, 5, 9, 7, 7, 9, 8, 5, 8, 8, 6, 10, 7, 7, 8, 7, 7, 7, 8, 8, 6, 7, 9, 8, 8, 8, 8, 
16: 5, 0, 6, 0, 0, 10, 0, 7, 8, 6, 8, 7, 0, 9, 6, 0, 0, 0, 8, 10, 7, 0, 0, 8, 8, 6, 0, 6, 8, 7, 0, 7, 10, 0, 10, 0, 11, 0, 8, 8, 11, 8, 10, 9, 10, 0, 10, 0, 0, 8, 11, 0, 0, 0, 0, 0, 8, 9, 6, 0, 7, 0, 10, 0, 0, 7, 0, 0, 0, 0, 7, 7, 8, 0, 7, 0, 0, 8, 0, 0, : 5, 6, 10, 7, 8, 6, 8, 7, 9, 6, 8, 10, 7, 8, 8, 6, 6, 8, 7, 7, 10, 10, 11, 8, 8, 11, 8, 10, 9, 10, 10, 8, 11, 8, 9, 6, 7, 10, 7, 7, 7, 8, 7, 8, 
118: 6, 0, 10, 10, 5, 9, 9, 7, 5, 10, 6, 0, 0, 0, 0, 0, 0, 0, 0, 0, 9, 6, 10, 9, 7, 6, 0, 0, 6, 8, 6, 6, 0, 0, 6, 5, 0, 0, 0, 8, 0, 8, 0, 0, 0, 0, 7, 0, 6, 9, 0, 5, 0, 0, 10, 10, 8, 0, 7, 0, 10, 10, 0, 0, 8, 0, 0, 7, 0, 0, 7, 0, 8, 0, 6, 6, 9, 0, 0, 8, : 6, 10, 10, 5, 9, 9, 7, 5, 10, 6, 9, 6, 10, 9, 7, 6, 6, 8, 6, 6, 6, 5, 8, 8, 7, 6, 9, 5, 10, 10, 8, 7, 10, 10, 8, 7, 7, 8, 6, 6, 9, 8, 
200: 7, 8, 0, 0, 0, 0, 0, 0, 0, 0, 8, 0, 0, 9, 0, 0, 9, 0, 8, 7, 5, 0, 8, 0, 8, 0, 8, 11, 7, 7, 0, 0, 9, 5, 8, 0, 0, 0, 0, 8, 8, 0, 8, 5, 8, 0, 8, 0, 11, 7, 0, 10, 0, 0, 7, 8, 0, 9, 0, 7, 7, 0, 0, 9, 6, 0, 7, 0, 0, 9, 0, 0, 0, 8, 0, 0, 7, 8, 0, 0, : 7, 8, 8, 9, 9, 8, 7, 5, 8, 8, 8, 11, 7, 7, 9, 5, 8, 8, 8, 8, 5, 8, 8, 11, 7, 10, 7, 8, 9, 7, 7, 9, 6, 7, 9, 8, 7, 8, 
52: 0, 6, 8, 7, 7, 7, 7, 9, 6, 0, 0, 0, 0, 8, 0, 0, 0, 9, 9, 0, 5, 9, 0, 0, 6, 6, 7, 7, 0, 9, 0, 8, 8, 8, 10, 0, 6, 0, 7, 0, 9, 0, 8, 0, 7, 4, 0, 0, 0, 0, 0, 9, 6, 0, 7, 0, 0, 11, 0, 0, 0, 0, 0, 0, 10, 6, 6, 7, 0, 0, 9, 0, 8, 0, 9, 0, 8, 6, 7, 8, : 6, 8, 7, 7, 7, 7, 9, 6, 8, 9, 9, 5, 9, 6, 6, 7, 7, 9, 8, 8, 8, 10, 6, 7, 9, 8, 7, 4, 9, 6, 7, 11, 10, 6, 6, 7, 9, 8, 9, 8, 6, 7, 8, 
160: 0, 0, 0, 0, 0, 10, 8, 0, 0, 7, 10, 0, 0, 7, 6, 8, 10, 0, 0, 8, 6, 0, 7, 0, 0, 0, 6, 0, 0, 0, 0, 0, 0, 11, 7, 0, 0, 7, 8, 0, 0, 7, 8, 8, 6, 6, 0, 0, 10, 0, 0, 0, 10, 0, 0, 0, 5, 0, 0, 0, 0, 7, 7, 0, 0, 0, 8, 0, 8, 0, 0, 9, 0, 0, 7, 6, 0, 9, 8, 7, : 10, 8, 7, 10, 7, 6, 8, 10, 8, 6, 7, 6, 11, 7, 7, 8, 7, 8, 8, 6, 6, 10, 10, 5, 7, 7, 8, 8, 9, 7, 6, 9, 8, 7, 
9: 7, 0, 10, 0, 0, 6, 0, 7, 0, 8, 0, 10, 10, 0, 0, 0, 5, 6, 0, 0, 9, 0, 6, 0, 8, 10, 7, 0, 7, 8, 0, 6, 10, 0, 8, 0, 0, 0, 0, 11, 5, 10, 8, 8, 0, 10, 9, 10, 7, 0, 10, 0, 8, 6, 7, 5, 0, 7, 0, 0, 0, 0, 7, 0, 0, 7, 8, 8, 0, 8, 6, 6, 7, 0, 6, 7, 0, 0, 0, 8, : 7, 10, 6, 7, 8, 10, 10, 5, 6, 9, 6, 8, 10, 7, 7, 8, 6, 10, 8, 11, 5, 10, 8, 8, 10, 9, 10, 7, 10, 8, 6, 7, 5, 7, 7, 7, 8, 8, 8, 6, 6, 7, 6, 7, 8, 
133: 10, 7, 0, 0, 10, 0, 0, 7, 0, 8, 6, 10, 6, 0, 0, 7, 0, 5, 7, 0, 8, 0, 0, 0, 6, 0, 8, 0, 0, 8, 0, 0, 0, 0, 0, 0, 0, 5, 11, 0, 0, 9, 7, 8, 0, 0, 6, 5, 0, 7, 0, 0, 0, 0, 0, 7, 0, 7, 0, 0, 0, 0, 7, 0, 0, 0, 9, 9, 8, 0, 0, 0, 0, 7, 0, 0, 6, 7, 0, 0, : 10, 7, 10, 7, 8, 6, 10, 6, 7, 5, 7, 8, 6, 8, 8, 5, 11, 9, 7, 8, 6, 5, 7, 7, 7, 7, 9, 9, 8, 7, 6, 7, 
47: 0, 0, 8, 0, 0, 6, 0, 0, 7, 7, 8, 0, 0, 0, 6, 0, 0, 0, 5, 0, 0, 0, 0, 0, 8, 0, 0, 7, 0, 0, 0, 4, 0, 8, 8, 4, 0, 0, 7, 8, 0, 9, 0, 5, 0, 7, 7, 6, 0, 0, 7, 7, 0, 0, 0, 8, 7, 8, 5, 0, 9, 7, 0, 7, 8, 9, 0, 0, 9, 0, 8, 0, 0, 7, 8, 0, 0, 0, 7, 9, : 8, 6, 7, 7, 8, 6, 5, 8, 7, 4, 8, 8, 4, 7, 8, 9, 5, 7, 7, 6, 7, 7, 8, 7, 8, 5, 9, 7, 7, 8, 9, 9, 8, 7, 8, 7, 9, 
183: 0, 0, 0, 6, 6, 6, 9, 8, 0, 6, 6, 9, 7, 0, 8, 0, 7, 7, 6, 0, 7, 5, 7, 0, 10, 0, 0, 0, 0, 0, 0, 0, 5, 0, 0, 0, 0, 10, 9, 0, 0, 0, 7, 0, 0, 7, 0, 6, 0, 0, 10, 7, 0, 11, 8, 8, 0, 0, 0, 8, 0, 0, 0, 8, 0, 0, 7, 0, 7, 0, 0, 8, 7, 0, 0, 8, 7, 0, 7, 0, : 6, 6, 6, 9, 8, 6, 6, 9, 7, 8, 7, 7, 6, 7, 5, 7, 10, 5, 10, 9, 7, 7, 6, 10, 7, 11, 8, 8, 8, 8, 7, 7, 8, 7, 8, 7, 7, 
12: 7, 7, 0, 7, 7, 6, 7, 9, 6, 0, 7, 7, 0, 0, 0, 0, 0, 0, 0, 0, 0, 8, 9, 0, 0, 6, 0, 7, 6, 6, 0, 9, 10, 10, 0, 0, 8, 0, 10, 7, 7, 0, 0, 0, 5, 0, 8, 7, 0, 0, 0, 6, 9, 7, 5, 0, 0, 0, 0, 0, 0, 0, 0, 8, 8, 0, 6, 7, 8, 0, 0, 7, 0, 0, 7, 8, 6, 8, 8, 6, : 7, 7, 7, 7, 6, 7, 9, 6, 7, 7, 8, 9, 6, 7, 6, 6, 9, 10, 10, 8, 10, 7, 7, 5, 8, 7, 6, 9, 7, 5, 8, 8, 6, 7, 8, 7, 7, 8, 6, 8, 8, 6, 
90: 0, 0, 0, 0, 0, 0, 0, 0, 0, 0, 0, 8, 10, 11, 6, 0, 9, 10, 0, 8, 0, 9, 0, 0, 0, 11, 8, 7, 0, 9, 0, 9, 0, 8, 8, 0, 6, 6, 0, 7, 6, 6, 0, 0, 8, 0, 0, 0, 8, 10, 7, 0, 7, 9, 0, 6, 0, 0, 6, 9, 0, 6, 9, 9, 9, 0, 0, 0, 0, 7, 6, 0, 6, 8, 8, 0, 0, 0, 8, 6, : 8, 10, 11, 6, 9, 10, 8, 9, 11, 8, 7, 9, 9, 8, 8, 6, 6, 7, 6, 6, 8, 8, 10, 7, 7, 9, 6, 6, 9, 6, 9, 9, 9, 7, 6, 6, 8, 8, 8, 6, 
96: 0, 0, 10, 0, 9, 0, 0, 0, 8, 0, 0, 8, 0, 9, 11, 8, 0, 7, 9, 7, 0, 0, 0, 10, 0, 7, 0, 6, 0, 0, 0, 0, 0, 6, 5, 7, 6, 7, 10, 9, 0, 0, 10, 8, 0, 0, 7, 0, 0, 0, 7, 8, 6, 7, 7, 7, 0, 8, 0, 7, 7, 10, 0, 0, 0, 0, 7, 7, 6, 0, 9, 8, 0, 6, 0, 6, 0, 0, 6, 0, : 10, 9, 8, 8, 9, 11, 8, 7, 9, 7, 10, 7, 6, 6, 5, 7, 6, 7, 10, 9, 10, 8, 7, 7, 8, 6, 7, 7, 7, 8, 7, 7, 10, 7, 7, 6, 9, 8, 6, 6, 6, 
82: 0, 7, 7, 0, 7, 0, 8, 8, 0, 0, 0, 6, 5, 0, 0, 9, 0, 0, 5, 0, 0, 0, 9, 0, 7, 8, 0, 0, 0, 0, 0, 0, 0, 7, 7, 5, 0, 0, 5, 9, 10, 7, 0, 0, 0, 9, 5, 0, 0, 0, 6, 8, 7, 5, 0, 0, 0, 0, 11, 0, 7, 6, 7, 7, 0, 0, 9, 9, 0, 8, 7, 8, 8, 7, 6, 8, 8, 7, 8, 0, : 7, 7, 7, 8, 8, 6, 5, 9, 5, 9, 7, 8, 7, 7, 5, 5, 9, 10, 7, 9, 5, 6, 8, 7, 5, 11, 7, 6, 7, 7, 9, 9, 8, 7, 8, 8, 7, 6, 8, 8, 7, 8, 
87: 7, 0, 0, 10, 0, 0, 0, 0, 0, 7, 0, 0, 8, 6, 0, 0, 8, 0, 0, 9, 0, 8, 0, 7, 0, 7, 6, 8, 7, 0, 9, 10, 11, 0, 0, 0, 11, 0, 0, 0, 0, 0, 9, 9, 6, 0, 5, 8, 0, 0, 0, 0, 0, 0, 0, 7, 0, 8, 5, 0, 6, 0, 8, 0, 7, 9, 0, 8, 7, 0, 0, 8, 8, 7, 8, 8, 0, 0, 8, 8, : 7, 10, 7, 8, 6, 8, 9, 8, 7, 7, 6, 8, 7, 9, 10, 11, 11, 9, 9, 6, 5, 8, 7, 8, 5, 6, 8, 7, 9, 8, 7, 8, 8, 7, 8, 8, 8, 8, 
120: 8, 6, 7, 5, 0, 8, 0, 0, 8, 9, 10, 0, 6, 5, 9, 7, 0, 0, 0, 0, 6, 7, 9, 6, 10, 0, 8, 7, 0, 0, 0, 6, 0, 0, 0, 9, 9, 8, 0, 7, 0, 11, 0, 8, 9, 0, 10, 4, 7, 0, 0, 7, 0, 7, 6, 0, 0, 0, 0, 0, 0, 9, 9, 0, 0, 9, 9, 7, 8, 8, 0, 0, 0, 8, 0, 8, 9, 6, 9, 0, : 8, 6, 7, 5, 8, 8, 9, 10, 6, 5, 9, 7, 6, 7, 9, 6, 10, 8, 7, 6, 9, 9, 8, 7, 11, 8, 9, 10, 4, 7, 7, 7, 6, 9, 9, 9, 9, 7, 8, 8, 8, 8, 9, 6, 9, 
105: 0, 9, 7, 7, 0, 0, 8, 8, 7, 0, 7, 5, 6, 0, 7, 6, 0, 7, 9, 9, 6, 6, 8, 0, 7, 0, 0, 0, 9, 0, 6, 0, 8, 0, 0, 0, 8, 7, 0, 0, 9, 7, 0, 10, 0, 0, 6, 10, 0, 0, 8, 8, 8, 8, 0, 0, 0, 7, 7, 5, 0, 8, 0, 7, 0, 8, 0, 0, 7, 0, 6, 0, 9, 0, 0, 7, 6, 7, 0, 8, : 9, 7, 7, 8, 8, 7, 7, 5, 6, 7, 6, 7, 9, 9, 6, 6, 8, 7, 9, 6, 8, 8, 7, 9, 7, 10, 6, 10, 8, 8, 8, 8, 7, 7, 5, 8, 7, 8, 7, 6, 9, 7, 6, 7, 8, 
189: 0, 8, 0, 6, 0, 6, 0, 8, 0, 0, 0, 6, 0, 10, 7, 0, 7, 6, 0, 5, 6, 8, 0, 9, 0, 7, 0, 0, 0, 0, 9, 6, 0, 6, 0, 6, 10, 4, 8, 0, 0, 0, 0, 0, 0, 8, 0, 7, 0, 10, 5, 7, 0, 0, 7, 0, 0, 6, 0, 0, 7, 0, 5, 0, 0, 8, 8, 0, 0, 0, 0, 0, 9, 8, 0, 6, 0, 0, 7, 0, : 8, 6, 6, 8, 6, 10, 7, 7, 6, 5, 6, 8, 9, 7, 9, 6, 6, 6, 10, 4, 8, 8, 7, 10, 5, 7, 7, 6, 7, 5, 8, 8, 9, 8, 6, 7, 
95: 0, 6, 9, 0, 0, 5, 7, 0, 9, 8, 7, 0, 10, 0, 0, 6, 7, 9, 0, 5, 10, 0, 0, 5, 6, 0, 0, 8, 0, 9, 0, 0, 7, 0, 9, 6, 0, 0, 0, 6, 7, 0, 0, 0, 0, 10, 0, 6, 0, 0, 7, 7, 0, 0, 0, 0, 0, 0, 5, 0, 6, 6, 6, 0, 6, 0, 0, 0, 7, 0, 8, 0, 6, 0, 0, 0, 8, 0, 0, 9, : 6, 9, 5, 7, 9, 8, 7, 10, 6, 7, 9, 5, 10, 5, 6, 8, 9, 7, 9, 6, 6, 7, 10, 6, 7, 7, 5, 6, 6, 6, 6, 7, 8, 6, 8, 9, 
164: 0, 0, 10, 8, 0, 6, 9, 7, 0, 0, 0, 0, 0, 6, 10, 9, 0, 8, 7, 8, 10, 0, 0, 5, 0, 8, 0, 0, 7, 6, 5, 0, 0, 0, 0, 7, 7, 0, 0, 0, 0, 0, 10, 0, 8, 0, 0, 0, 5, 7, 7, 0, 7, 0, 0, 11, 8, 0, 0, 7, 6, 0, 8, 0, 7, 0, 0, 8, 8, 7, 0, 0, 0, 0, 8, 0, 0, 7, 9, 0, : 10, 8, 6, 9, 7, 6, 10, 9, 8, 7, 8, 10, 5, 8, 7, 6, 5, 7, 7, 10, 8, 5, 7, 7, 7, 11, 8, 7, 6, 8, 7, 8, 8, 7, 8, 7, 9, 
106: 8, 0, 0, 0, 0, 8, 6, 0, 0, 0, 0, 6, 0, 7, 8, 0, 7, 7, 8, 8, 0, 0, 0, 7, 8, 0, 11, 0, 0, 0, 0, 8, 0, 0, 8, 8, 0, 0, 0, 0, 7, 6, 7, 0, 0, 9, 0, 7, 7, 5, 8, 5, 0, 0, 11, 0, 8, 5, 7, 8, 0, 0, 0, 6, 0, 7, 0, 0, 7, 0, 0, 0, 0, 8, 0, 9, 8, 6, 0, 0, : 8, 8, 6, 6, 7, 8, 7, 7, 8, 8, 7, 8, 11, 8, 8, 8, 7, 6, 7, 9, 7, 7, 5, 8, 5, 11, 8, 5, 7, 8, 6, 7, 7, 8, 9, 8, 6, 
143: 0, 0, 0, 8, 6, 7, 6, 6, 0, 0, 6, 7, 8, 0, 0, 0, 9, 7, 0, 9, 0, 0, 0, 8, 6, 0, 7, 0, 9, 0, 0, 0, 0, 0, 0, 0, 0, 0, 0, 0, 7, 0, 0, 7, 0, 0, 0, 7, 5, 6, 0, 0, 8, 8, 0, 10, 6, 5, 9, 8, 0, 0, 6, 0, 0, 0, 7, 0, 0, 0, 8, 8, 0, 0, 8, 7, 8, 9, 8, 0, : 8, 6, 7, 6, 6, 6, 7, 8, 9, 7, 9, 8, 6, 7, 9, 7, 7, 7, 5, 6, 8, 8, 10, 6, 5, 9, 8, 6, 7, 8, 8, 8, 7, 8, 9, 8, 
109: 6, 8, 6, 0, 0, 0, 0, 0, 9, 6, 0, 6, 0, 0, 0, 6, 0, 0, 0, 6, 0, 10, 0, 8, 0, 7, 0, 8, 0, 8, 8, 10, 0, 9, 0, 0, 0, 0, 10, 0, 6, 0, 8, 0, 9, 0, 0, 10, 9, 0, 0, 0, 0, 5, 0, 0, 0, 0, 0, 0, 0, 6, 0, 9, 7, 0, 0, 8, 0, 7, 8, 0, 7, 7, 0, 9, 0, 0, 0, 0, : 6, 8, 6, 9, 6, 6, 6, 6, 10, 8, 7, 8, 8, 8, 10, 9, 10, 6, 8, 9, 10, 9, 5, 6, 9, 7, 8, 7, 8, 7, 7, 9, 
73: 0, 8, 5, 6, 7, 0, 0, 7, 7, 9, 0, 0, 7, 11, 0, 0, 7, 0, 8, 6, 8, 0, 0, 8, 0, 0, 6, 0, 7, 7, 8, 4, 7, 0, 0, 0, 7, 11, 6, 0, 0, 6, 0, 7, 5, 0, 0, 10, 5, 11, 9, 0, 8, 9, 0, 0, 0, 8, 8, 11, 9, 6, 9, 5, 5, 6, 0, 0, 0, 8, 8, 0, 0, 9, 0, 0, 8, 6, 0, 8, : 8, 5, 6, 7, 7, 7, 9, 7, 11, 7, 8, 6, 8, 8, 6, 7, 7, 8, 4, 7, 7, 11, 6, 6, 7, 5, 10, 5, 11, 9, 8, 9, 8, 8, 11, 9, 6, 9, 5, 5, 6, 8, 8, 9, 8, 6, 8, 


114: 0, 8, 0, 8, 0, 0, 0, 0, 6, 0, 7, 8, 0, 0, 0, 0, 7, 8, 0, 0, 0, 0, 0, 0, 0, 6, 0, 0, 9, 8, 0, 0, 6, 8, 0, 6, 0, 8, 0, 6, 0, 5, 0, 0, 0, 8, 0, 7, 7, 0, 0, 9, 9, 0, 0, 8, 0, 0, 10, 8, 9, 0, 0, 0, 9, 5, 8, 0, 8, 7, 0, 0, 0, 0, 0, 5, 0, 6, 7, 0, : 8, 8, 6, 7, 8, 7, 8, 6, 9, 8, 6, 8, 6, 8, 6, 5, 8, 7, 7, 9, 9, 8, 10, 8, 9, 9, 5, 8, 8, 7, 5, 6, 7, 
136: 0, 0, 6, 8, 0, 0, 9, 6, 0, 6, 7, 7, 9, 0, 0, 0, 0, 0, 0, 8, 8, 0, 9, 8, 8, 0, 9, 8, 8, 0, 0, 7, 0, 0, 6, 0, 9, 9, 0, 10, 0, 0, 8, 0, 8, 0, 0, 10, 5, 0, 0, 10, 5, 0, 7, 11, 9, 9, 0, 0, 0, 0, 0, 0, 8, 0, 0, 0, 0, 7, 7, 7, 0, 7, 0, 7, 8, 5, 8, 8, : 6, 8, 9, 6, 6, 7, 7, 9, 8, 8, 9, 8, 8, 9, 8, 8, 7, 6, 9, 9, 10, 8, 8, 10, 5, 10, 5, 7, 11, 9, 9, 8, 7, 7, 7, 7, 7, 8, 5, 8, 8, 
125: 9, 0, 7, 0, 8, 6, 9, 9, 5, 0, 0, 8, 7, 0, 8, 0, 0, 9, 7, 0, 7, 0, 10, 6, 7, 0, 6, 0, 0, 9, 8, 0, 6, 0, 6, 0, 8, 0, 0, 8, 7, 9, 0, 0, 6, 0, 0, 8, 0, 0, 0, 0, 7, 7, 5, 0, 0, 7, 4, 0, 9, 0, 0, 0, 0, 0, 9, 7, 8, 8, 7, 0, 0, 9, 7, 0, 0, 9, 7, 7, : 9, 7, 8, 6, 9, 9, 5, 8, 7, 8, 9, 7, 7, 10, 6, 7, 6, 9, 8, 6, 6, 8, 8, 7, 9, 6, 8, 7, 7, 5, 7, 4, 9, 9, 7, 8, 8, 7, 9, 7, 9, 7, 7, 
79: 0, 0, 8, 0, 8, 6, 0, 0, 7, 0, 7, 0, 0, 7, 0, 7, 7, 0, 9, 0, 4, 0, 5, 0, 0, 0, 5, 0, 9, 0, 0, 0, 0, 10, 0, 0, 0, 0, 9, 0, 6, 0, 0, 0, 0, 5, 8, 7, 0, 9, 6, 0, 5, 9, 0, 10, 7, 8, 0, 0, 9, 0, 0, 7, 0, 0, 0, 9, 0, 0, 7, 8, 7, 7, 8, 9, 8, 7, 0, 8, : 8, 8, 6, 7, 7, 7, 7, 7, 9, 4, 5, 5, 9, 10, 9, 6, 5, 8, 7, 9, 6, 5, 9, 10, 7, 8, 9, 7, 9, 7, 8, 7, 7, 8, 9, 8, 7, 8, 
97: 6, 8, 10, 6, 8, 7, 7, 0, 0, 9, 0, 7, 7, 7, 0, 9, 9, 7, 0, 9, 7, 0, 4, 8, 6, 8, 0, 10, 0, 0, 7, 6, 0, 9, 0, 0, 0, 7, 8, 0, 8, 0, 0, 9, 0, 8, 7, 6, 9, 7, 11, 0, 7, 0, 0, 0, 0, 0, 6, 0, 8, 6, 9, 0, 8, 8, 0, 0, 7, 0, 0, 0, 7, 0, 0, 0, 5, 7, 0, 8, : 6, 8, 10, 6, 8, 7, 7, 9, 7, 7, 7, 9, 9, 7, 9, 7, 4, 8, 6, 8, 10, 7, 6, 9, 7, 8, 8, 9, 8, 7, 6, 9, 7, 11, 7, 6, 8, 6, 9, 8, 8, 7, 7, 5, 7, 8, 
41: 0, 7, 8, 8, 0, 0, 9, 0, 9, 7, 7, 0, 0, 8, 7, 0, 0, 6, 8, 9, 0, 0, 7, 10, 0, 9, 0, 5, 0, 7, 0, 0, 0, 0, 0, 9, 5, 6, 0, 8, 0, 8, 0, 6, 8, 9, 0, 9, 0, 9, 8, 7, 10, 7, 6, 0, 7, 10, 0, 8, 0, 7, 0, 6, 0, 8, 7, 0, 8, 8, 0, 8, 9, 7, 7, 7, 7, 8, 0, 7, : 7, 8, 8, 9, 9, 7, 7, 8, 7, 6, 8, 9, 7, 10, 9, 5, 7, 9, 5, 6, 8, 8, 6, 8, 9, 9, 9, 8, 7, 10, 7, 6, 7, 10, 8, 7, 6, 8, 7, 8, 8, 8, 9, 7, 7, 7, 7, 8, 7, 
32: 0, 0, 0, 0, 8, 0, 0, 10, 7, 10, 8, 0, 6, 9, 9, 0, 0, 9, 6, 0, 9, 0, 0, 10, 7, 8, 0, 0, 9, 9, 5, 9, 0, 0, 0, 8, 0, 0, 5, 8, 0, 6, 7, 7, 0, 7, 0, 9, 0, 0, 9, 0, 0, 0, 7, 0, 8, 6, 0, 0, 0, 7, 8, 8, 11, 0, 7, 0, 9, 0, 0, 0, 8, 0, 9, 7, 0, 7, 0, 0, : 8, 10, 7, 10, 8, 6, 9, 9, 9, 6, 9, 10, 7, 8, 9, 9, 5, 9, 8, 5, 8, 6, 7, 7, 7, 9, 9, 7, 8, 6, 7, 8, 8, 11, 7, 9, 8, 9, 7, 7, 
42: 9, 8, 6, 0, 0, 0, 0, 7, 7, 0, 0, 0, 0, 7, 9, 7, 0, 8, 7, 7, 6, 8, 10, 6, 0, 5, 9, 6, 6, 8, 0, 0, 8, 0, 6, 0, 9, 9, 0, 0, 10, 0, 9, 7, 0, 9, 0, 0, 0, 7, 6, 0, 9, 6, 0, 6, 8, 0, 0, 8, 6, 8, 8, 8, 8, 8, 7, 6, 7, 7, 6, 8, 7, 0, 0, 0, 8, 8, 0, 0, : 9, 8, 6, 7, 7, 7, 9, 7, 8, 7, 7, 6, 8, 10, 6, 5, 9, 6, 6, 8, 8, 6, 9, 9, 10, 9, 7, 9, 7, 6, 9, 6, 6, 8, 8, 6, 8, 8, 8, 8, 8, 7, 6, 7, 7, 6, 8, 7, 8, 8, 
185: 0, 9, 8, 0, 9, 0, 0, 0, 0, 6, 0, 9, 0, 0, 6, 0, 0, 0, 8, 0, 8, 8, 0, 6, 0, 6, 5, 9, 0, 0, 0, 7, 7, 0, 9, 0, 0, 5, 8, 5, 10, 0, 0, 0, 0, 0, 8, 0, 0, 0, 0, 0, 11, 0, 10, 6, 9, 7, 8, 0, 8, 0, 0, 0, 10, 0, 8, 0, 7, 0, 0, 7, 9, 8, 0, 0, 6, 0, 0, 6, : 9, 8, 9, 6, 9, 6, 8, 8, 8, 6, 6, 5, 9, 7, 7, 9, 5, 8, 5, 10, 8, 11, 10, 6, 9, 7, 8, 8, 10, 8, 7, 7, 9, 8, 6, 6, 
119: 0, 0, 0, 0, 0, 0, 9, 7, 7, 0, 0, 0, 7, 0, 9, 9, 0, 0, 0, 0, 0, 7, 7, 6, 7, 10, 7, 7, 6, 0, 8, 0, 0, 9, 9, 7, 7, 0, 0, 6, 5, 8, 7, 0, 0, 0, 6, 0, 0, 10, 0, 8, 0, 9, 0, 7, 0, 8, 0, 0, 0, 9, 10, 7, 0, 8, 0, 0, 8, 0, 0, 0, 8, 0, 7, 7, 7, 0, 8, 0, : 9, 7, 7, 7, 9, 9, 7, 7, 6, 7, 10, 7, 7, 6, 8, 9, 9, 7, 7, 6, 5, 8, 7, 6, 10, 8, 9, 7, 8, 9, 10, 7, 8, 8, 8, 7, 7, 7, 8, 
141: 0, 9, 0, 0, 6, 8, 0, 8, 7, 0, 5, 0, 0, 0, 0, 4, 0, 7, 7, 7, 0, 9, 0, 0, 7, 0, 0, 0, 0, 9, 0, 0, 8, 0, 0, 7, 7, 0, 6, 7, 7, 0, 10, 0, 5, 9, 0, 0, 7, 0, 5, 8, 0, 0, 7, 0, 0, 8, 8, 9, 0, 4, 8, 8, 0, 4, 0, 10, 0, 7, 0, 0, 0, 0, 0, 0, 0, 7, 0, 0, : 9, 6, 8, 8, 7, 5, 4, 7, 7, 7, 9, 7, 9, 8, 7, 7, 6, 7, 7, 10, 5, 9, 7, 5, 8, 7, 8, 8, 9, 4, 8, 8, 4, 10, 7, 7, 
74: 10, 0, 0, 0, 0, 8, 6, 7, 0, 0, 9, 10, 9, 0, 6, 0, 7, 8, 0, 8, 0, 4, 7, 0, 10, 0, 8, 0, 0, 0, 9, 7, 0, 0, 0, 6, 10, 7, 5, 0, 0, 0, 0, 7, 7, 0, 0, 7, 7, 0, 6, 0, 0, 0, 0, 8, 6, 0, 8, 10, 0, 6, 0, 9, 0, 0, 0, 8, 0, 8, 7, 5, 0, 0, 7, 8, 0, 0, 9, 7, : 10, 8, 6, 7, 9, 10, 9, 6, 7, 8, 8, 4, 7, 10, 8, 9, 7, 6, 10, 7, 5, 7, 7, 7, 7, 6, 8, 6, 8, 10, 6, 9, 8, 8, 7, 5, 7, 8, 9, 7, 
33: 8, 7, 0, 0, 6, 0, 6, 0, 6, 0, 6, 0, 10, 5, 7, 7, 0, 0, 0, 9, 8, 0, 0, 0, 0, 6, 9, 0, 0, 0, 8, 0, 7, 0, 5, 10, 0, 8, 0, 9, 9, 0, 9, 0, 0, 7, 7, 8, 9, 8, 0, 11, 0, 6, 6, 0, 0, 0, 0, 0, 9, 10, 8, 9, 0, 0, 8, 0, 0, 0, 0, 8, 8, 0, 0, 0, 0, 0, 8, 5, : 8, 7, 6, 6, 6, 6, 10, 5, 7, 7, 9, 8, 6, 9, 8, 7, 5, 10, 8, 9, 9, 9, 7, 7, 8, 9, 8, 11, 6, 6, 9, 10, 8, 9, 8, 8, 8, 8, 5, 
38: 0, 10, 8, 0, 0, 9, 0, 9, 9, 5, 7, 0, 8, 7, 8, 0, 0, 8, 0, 0, 0, 10, 8, 0, 0, 0, 7, 8, 7, 6, 0, 0, 7, 10, 0, 0, 0, 0, 0, 0, 0, 0, 0, 0, 0, 7, 10, 0, 0, 0, 8, 6, 6, 7, 0, 0, 0, 0, 0, 0, 0, 0, 0, 0, 0, 6, 4, 0, 7, 9, 0, 0, 0, 8, 8, 0, 0, 0, 0, 0, : 10, 8, 9, 9, 9, 5, 7, 8, 7, 8, 8, 10, 8, 7, 8, 7, 6, 7, 10, 7, 10, 8, 6, 6, 7, 6, 4, 7, 9, 8, 8, 
166: 5, 0, 0, 9, 8, 0, 0, 6, 0, 0, 0, 7, 7, 9, 7, 0, 9, 0, 8, 9, 0, 5, 0, 9, 0, 0, 0, 0, 8, 0, 0, 0, 6, 8, 8, 6, 8, 0, 9, 0, 0, 0, 0, 6, 7, 0, 8, 6, 7, 11, 0, 0, 0, 10, 0, 7, 4, 0, 0, 8, 6, 7, 0, 0, 0, 0, 0, 4, 0, 0, 0, 7, 0, 0, 0, 0, 0, 8, 5, 8, : 5, 9, 8, 6, 7, 7, 9, 7, 9, 8, 9, 5, 9, 8, 6, 8, 8, 6, 8, 9, 6, 7, 8, 6, 7, 11, 10, 7, 4, 8, 6, 7, 4, 7, 8, 5, 8, 
179: 8, 7, 0, 0, 8, 6, 7, 5, 9, 0, 0, 0, 6, 0, 0, 0, 0, 0, 0, 0, 9, 9, 9, 0, 0, 0, 0, 0, 0, 0, 0, 0, 0, 0, 0, 9, 8, 10, 7, 9, 0, 0, 0, 0, 8, 0, 7, 8, 0, 6, 10, 5, 0, 0, 6, 4, 10, 6, 6, 8, 0, 0, 0, 5, 7, 0, 8, 0, 9, 0, 7, 0, 0, 8, 0, 0, 0, 8, 0, 7, : 8, 7, 8, 6, 7, 5, 9, 6, 9, 9, 9, 9, 8, 10, 7, 9, 8, 7, 8, 6, 10, 5, 6, 4, 10, 6, 6, 8, 5, 7, 8, 9, 7, 8, 8, 7, 
25: 0, 0, 9, 0, 7, 9, 0, 6, 10, 0, 7, 8, 7, 9, 7, 0, 7, 8, 0, 7, 0, 0, 8, 9, 8, 9, 0, 0, 0, 0, 9, 0, 0, 0, 8, 0, 9, 7, 9, 10, 0, 0, 9, 0, 7, 0, 0, 0, 8, 0, 0, 0, 0, 0, 5, 7, 0, 0, 6, 0, 7, 0, 8, 8, 0, 10, 9, 0, 7, 0, 5, 0, 0, 0, 0, 8, 8, 0, 8, 9, : 9, 7, 9, 6, 10, 7, 8, 7, 9, 7, 7, 8, 7, 8, 9, 8, 9, 9, 8, 9, 7, 9, 10, 9, 7, 8, 5, 7, 6, 7, 8, 8, 10, 9, 7, 5, 8, 8, 8, 9, 
148: 7, 0, 0, 8, 0, 0, 7, 0, 0, 9, 0, 7, 7, 7, 6, 7, 0, 0, 0, 0, 0, 0, 5, 0, 6, 0, 10, 6, 0, 5, 0, 8, 0, 0, 0, 6, 0, 8, 0, 8, 6, 0, 7, 8, 0, 0, 7, 0, 0, 8, 0, 0, 6, 7, 7, 0, 0, 0, 6, 0, 0, 0, 0, 0, 8, 0, 0, 8, 0, 0, 0, 8, 5, 8, 7, 7, 0, 9, 6, 8, : 7, 8, 7, 9, 7, 7, 7, 6, 7, 5, 6, 10, 6, 5, 8, 6, 8, 8, 6, 7, 8, 7, 8, 6, 7, 7, 6, 8, 8, 8, 5, 8, 7, 7, 9, 6, 8, 
191: 7, 0, 0, 0, 5, 0, 9, 7, 0, 7, 0, 6, 8, 0, 8, 0, 9, 0, 0, 4, 0, 0, 0, 0, 0, 0, 8, 0, 8, 5, 0, 8, 0, 0, 0, 8, 6, 7, 8, 0, 0, 6, 6, 0, 0, 0, 0, 10, 6, 6, 8, 7, 0, 0, 0, 6, 10, 0, 0, 0, 0, 0, 8, 11, 8, 0, 8, 0, 4, 0, 0, 0, 0, 0, 8, 0, 0, 9, 7, 9, : 7, 5, 9, 7, 7, 6, 8, 8, 9, 4, 8, 8, 5, 8, 8, 6, 7, 8, 6, 6, 10, 6, 6, 8, 7, 6, 10, 8, 11, 8, 8, 4, 8, 9, 7, 9, 
122: 7, 0, 0, 5, 6, 0, 9, 9, 0, 0, 10, 0, 8, 0, 0, 0, 6, 0, 0, 6, 8, 0, 9, 6, 7, 4, 0, 0, 9, 9, 8, 8, 0, 7, 7, 0, 0, 0, 0, 0, 10, 0, 0, 6, 8, 5, 8, 0, 0, 7, 8, 6, 7, 0, 10, 7, 0, 0, 0, 6, 8, 10, 6, 8, 0, 0, 6, 7, 6, 9, 0, 0, 8, 8, 9, 0, 7, 0, 7, 8, : 7, 5, 6, 9, 9, 10, 8, 6, 6, 8, 9, 6, 7, 4, 9, 9, 8, 8, 7, 7, 10, 6, 8, 5, 8, 7, 8, 6, 7, 10, 7, 6, 8, 10, 6, 8, 6, 7, 6, 9, 8, 8, 9, 7, 7, 8, 
84: 8, 6, 9, 0, 6, 0, 7, 8, 8, 8, 0, 5, 0, 8, 0, 0, 0, 9, 0, 7, 0, 0, 0, 0, 0, 0, 0, 7, 8, 0, 8, 10, 7, 0, 7, 7, 0, 7, 0, 0, 8, 10, 0, 0, 8, 0, 8, 0, 9, 0, 0, 0, 0, 7, 7, 0, 5, 7, 9, 0, 7, 8, 0, 0, 0, 0, 6, 0, 9, 0, 9, 0, 7, 5, 0, 8, 0, 0, 0, 0, : 8, 6, 9, 6, 7, 8, 8, 8, 5, 8, 9, 7, 7, 8, 8, 10, 7, 7, 7, 7, 8, 10, 8, 8, 9, 7, 7, 5, 7, 9, 7, 8, 6, 9, 9, 7, 5, 8, 
54: 8, 0, 0, 8, 0, 7, 5, 7, 9, 0, 0, 6, 0, 0, 8, 0, 0, 6, 10, 0, 0, 0, 9, 8, 0, 7, 0, 8, 0, 9, 0, 8, 8, 7, 0, 0, 0, 0, 0, 0, 0, 9, 0, 7, 0, 8, 9, 6, 0, 0, 9, 0, 0, 0, 0, 0, 0, 6, 8, 6, 4, 0, 6, 0, 8, 7, 8, 6, 0, 8, 9, 6, 0, 0, 5, 0, 9, 8, 8, 0, : 8, 8, 7, 5, 7, 9, 6, 8, 6, 10, 9, 8, 7, 8, 9, 8, 8, 7, 9, 7, 8, 9, 6, 9, 6, 8, 6, 4, 6, 8, 7, 8, 6, 8, 9, 6, 5, 9, 8, 8, 
18: 0, 7, 8, 9, 0, 9, 0, 0, 8, 7, 9, 8, 6, 0, 0, 0, 8, 6, 7, 6, 0, 7, 6, 7, 8, 0, 0, 9, 9, 8, 6, 0, 0, 6, 8, 6, 6, 9, 0, 0, 0, 0, 10, 0, 0, 7, 0, 0, 0, 0, 0, 0, 0, 7, 8, 0, 6, 9, 0, 0, 7, 0, 0, 0, 0, 9, 0, 0, 9, 0, 7, 9, 0, 7, 0, 0, 0, 0, 0, 0, : 7, 8, 9, 9, 8, 7, 9, 8, 6, 8, 6, 7, 6, 7, 6, 7, 8, 9, 9, 8, 6, 6, 8, 6, 6, 9, 10, 7, 7, 8, 6, 9, 7, 9, 9, 7, 9, 7, 
165: 6, 0, 0, 6, 0, 8, 7, 0, 0, 8, 6, 0, 0, 0, 8, 6, 8, 0, 9, 0, 9, 9, 6, 0, 0, 9, 9, 5, 5, 0, 8, 5, 0, 6, 0, 8, 7, 7, 9, 0, 0, 7, 7, 7, 9, 7, 0, 0, 0, 8, 0, 0, 8, 0, 11, 10, 8, 0, 7, 4, 0, 7, 8, 9, 6, 6, 0, 0, 0, 0, 8, 0, 0, 7, 0, 7, 8, 0, 0, 7, : 6, 6, 8, 7, 8, 6, 8, 6, 8, 9, 9, 9, 6, 9, 9, 5, 5, 8, 5, 6, 8, 7, 7, 9, 7, 7, 7, 9, 7, 8, 8, 11, 10, 8, 7, 4, 7, 8, 9, 6, 6, 8, 7, 7, 8, 7, 
49: 0, 0, 7, 0, 10, 0, 0, 0, 0, 0, 0, 0, 8, 0, 0, 0, 6, 0, 8, 0, 5, 0, 0, 5, 9, 10, 9, 0, 8, 9, 8, 8, 0, 0, 0, 0, 0, 7, 9, 0, 9, 9, 6, 9, 8, 0, 6, 0, 10, 0, 7, 8, 0, 0, 0, 9, 7, 8, 8, 6, 0, 8, 4, 6, 5, 6, 0, 0, 0, 9, 0, 0, 7, 0, 0, 0, 0, 0, 7, 0, : 7, 10, 8, 6, 8, 5, 5, 9, 10, 9, 8, 9, 8, 8, 7, 9, 9, 9, 6, 9, 8, 6, 10, 7, 8, 9, 7, 8, 8, 6, 8, 4, 6, 5, 6, 9, 7, 7, 
131: 0, 6, 0, 9, 0, 0, 6, 0, 0, 0, 0, 8, 6, 6, 0, 0, 6, 0, 8, 0, 8, 7, 7, 0, 0, 9, 5, 7, 0, 0, 0, 7, 9, 8, 8, 0, 7, 9, 6, 9, 7, 7, 0, 9, 8, 0, 8, 6, 7, 9, 0, 7, 0, 5, 10, 8, 0, 0, 0, 0, 8, 8, 0, 8, 0, 0, 0, 8, 0, 0, 0, 0, 6, 9, 7, 9, 0, 0, 8, 0, : 6, 9, 6, 8, 6, 6, 6, 8, 8, 7, 7, 9, 5, 7, 7, 9, 8, 8, 7, 9, 6, 9, 7, 7, 9, 8, 8, 6, 7, 9, 7, 5, 10, 8, 8, 8, 8, 8, 6, 9, 7, 9, 8, 
194: 8, 5, 6, 5, 7, 8, 0, 0, 0, 8, 8, 0, 0, 9, 0, 7, 7, 4, 0, 9, 10, 0, 0, 0, 10, 0, 0, 8, 5, 0, 8, 7, 7, 6, 9, 0, 0, 0, 0, 8, 8, 9, 0, 0, 0, 8, 0, 7, 8, 10, 4, 0, 0, 8, 0, 0, 0, 8, 8, 0, 0, 8, 0, 4, 0, 0, 0, 0, 0, 8, 0, 0, 7, 8, 8, 8, 7, 0, 0, 9, : 8, 5, 6, 5, 7, 8, 8, 8, 9, 7, 7, 4, 9, 10, 10, 8, 5, 8, 7, 7, 6, 9, 8, 8, 9, 8, 7, 8, 10, 4, 8, 8, 8, 8, 4, 8, 7, 8, 8, 8, 7, 9, 
152: 0, 6, 0, 0, 0, 10, 0, 9, 0, 0, 7, 0, 0, 6, 7, 7, 4, 0, 9, 0, 0, 6, 8, 7, 0, 0, 0, 5, 7, 7, 0, 5, 7, 7, 0, 0, 6, 0, 7, 0, 4, 9, 10, 8, 9, 10, 0, 0, 6, 0, 0, 0, 7, 6, 0, 0, 10, 0, 8, 0, 9, 0, 0, 0, 4, 0, 0, 8, 0, 0, 9, 8, 7, 0, 6, 0, 7, 7, 0, 7, : 6, 10, 9, 7, 6, 7, 7, 4, 9, 6, 8, 7, 5, 7, 7, 5, 7, 7, 6, 7, 4, 9, 10, 8, 9, 10, 6, 7, 6, 10, 8, 9, 4, 8, 9, 8, 7, 6, 7, 7, 7, 
111: 8, 10, 6, 8, 0, 7, 7, 0, 0, 6, 6, 0, 0, 7, 0, 6, 8, 8, 0, 0, 7, 0, 0, 0, 6, 8, 9, 0, 0, 0, 0, 8, 0, 7, 8, 0, 0, 0, 9, 0, 0, 0, 0, 0, 0, 0, 0, 0, 0, 0, 5, 5, 0, 9, 0, 0, 8, 0, 0, 7, 0, 6, 8, 0, 9, 0, 10, 9, 7, 7, 0, 7, 0, 0, 0, 0, 9, 0, 0, 0, : 8, 10, 6, 8, 7, 7, 6, 6, 7, 6, 8, 8, 7, 6, 8, 9, 8, 7, 8, 9, 5, 5, 9, 8, 7, 6, 8, 9, 10, 9, 7, 7, 7, 9, 
3: 0, 8, 0, 7, 0, 7, 9, 0, 7, 10, 0, 11, 7, 0, 0, 7, 0, 0, 8, 0, 8, 7, 0, 0, 9, 0, 0, 10, 0, 8, 7, 0, 0, 9, 0, 8, 0, 0, 7, 9, 0, 5, 7, 8, 8, 0, 0, 0, 0, 5, 7, 0, 0, 11, 0, 0, 0, 0, 0, 6, 0, 0, 0, 6, 0, 10, 0, 7, 0, 0, 7, 0, 9, 0, 8, 0, 7, 0, 0, 0, : 8, 7, 7, 9, 7, 10, 11, 7, 7, 8, 8, 7, 9, 10, 8, 7, 9, 8, 7, 9, 5, 7, 8, 8, 5, 7, 11, 6, 6, 10, 7, 7, 9, 8, 7, 
30: 0, 0, 7, 7, 0, 9, 0, 6, 0, 7, 8, 8, 8, 0, 0, 10, 6, 0, 0, 0, 0, 8, 0, 10, 0, 0, 8, 0, 0, 0, 0, 9, 0, 5, 0, 0, 0, 5, 0, 0, 0, 0, 7, 9, 0, 8, 0, 6, 0, 5, 0, 0, 8, 0, 7, 0, 0, 0, 8, 7, 6, 7, 7, 0, 0, 0, 0, 9, 7, 8, 0, 9, 0, 7, 0, 7, 7, 7, 9, 7, : 7, 7, 9, 6, 7, 8, 8, 8, 10, 6, 8, 10, 8, 9, 5, 5, 7, 9, 8, 6, 5, 8, 7, 8, 7, 6, 7, 7, 9, 7, 8, 9, 7, 7, 7, 7, 9, 7, 
1: 8, 0, 0, 7, 9, 0, 0, 7, 7, 0, 0, 7, 0, 6, 0, 7, 0, 7, 4, 7, 0, 8, 7, 0, 7, 6, 6, 0, 6, 0, 6, 0, 8, 0, 7, 9, 0, 9, 4, 0, 6, 0, 0, 8, 6, 0, 6, 0, 0, 7, 0, 7, 7, 8, 0, 0, 7, 6, 9, 0, 0, 7, 0, 0, 7, 8, 8, 8, 0, 0, 8, 7, 7, 7, 8, 8, 0, 7, 7, 0, : 8, 7, 9, 7, 7, 7, 6, 7, 7, 4, 7, 8, 7, 7, 6, 6, 6, 6, 8, 7, 9, 9, 4, 6, 8, 6, 6, 7, 7, 7, 8, 7, 6, 9, 7, 7, 8, 8, 8, 8, 7, 7, 7, 8, 8, 7, 7, 
113: 7, 0, 8, 0, 10, 9, 0, 0, 6, 8, 0, 0, 0, 0, 9, 9, 0, 7, 0, 8, 0, 0, 0, 0, 0, 6, 0, 0, 5, 8, 7, 8, 10, 6, 8, 0, 0, 0, 0, 7, 0, 0, 4, 0, 7, 7, 7, 7, 9, 6, 7, 6, 9, 0, 8, 8, 8, 4, 0, 8, 0, 9, 0, 8, 8, 9, 9, 0, 9, 8, 7, 7, 8, 0, 0, 9, 8, 0, 0, 0, : 7, 8, 10, 9, 6, 8, 9, 9, 7, 8, 6, 5, 8, 7, 8, 10, 6, 8, 7, 4, 7, 7, 7, 7, 9, 6, 7, 6, 9, 8, 8, 8, 4, 8, 9, 8, 8, 9, 9, 9, 8, 7, 7, 8, 9, 8, 
129: 0, 6, 9, 7, 0, 6, 0, 0, 0, 8, 7, 0, 0, 0, 0, 9, 0, 0, 7, 4, 9, 9, 0, 4, 0, 0, 0, 0, 0, 0, 6, 0, 0, 8, 7, 0, 6, 0, 8, 8, 5, 5, 0, 0, 0, 6, 11, 0, 6, 0, 9, 8, 0, 0, 0, 7, 0, 6, 6, 10, 7, 8, 8, 0, 0, 9, 8, 7, 0, 0, 8, 7, 8, 7, 0, 6, 0, 0, 0, 8, : 6, 9, 7, 6, 8, 7, 9, 7, 4, 9, 9, 4, 6, 8, 7, 6, 8, 8, 5, 5, 6, 11, 6, 9, 8, 7, 6, 6, 10, 7, 8, 8, 9, 8, 7, 8, 7, 8, 7, 6, 8, 
169: 0, 6, 0, 6, 0, 0, 8, 0, 6, 0, 8, 0, 9, 9, 4, 9, 9, 8, 9, 0, 4, 5, 0, 0, 10, 0, 0, 8, 0, 0, 7, 0, 8, 7, 10, 0, 0, 6, 8, 0, 0, 8, 7, 0, 10, 0, 0, 10, 10, 5, 10, 9, 9, 0, 0, 0, 0, 0, 0, 0, 7, 0, 11, 0, 0, 0, 6, 6, 0, 0, 8, 0, 0, 0, 7, 0, 9, 0, 8, 7, : 6, 6, 8, 6, 8, 9, 9, 4, 9, 9, 8, 9, 4, 5, 10, 8, 7, 8, 7, 10, 6, 8, 8, 7, 10, 10, 10, 5, 10, 9, 9, 7, 11, 6, 6, 8, 7, 9, 8, 7, 
14: 0, 8, 7, 9, 6, 0, 0, 8, 0, 7, 11, 7, 0, 9, 9, 0, 10, 0, 6, 0, 0, 0, 0, 9, 8, 9, 8, 8, 9, 6, 0, 0, 9, 0, 0, 9, 9, 0, 0, 4, 9, 4, 6, 7, 0, 7, 6, 0, 7, 7, 0, 7, 6, 0, 0, 9, 5, 0, 0, 7, 8, 0, 0, 5, 6, 7, 0, 7, 0, 7, 0, 7, 0, 9, 0, 7, 0, 7, 0, 0, : 8, 7, 9, 6, 8, 7, 11, 7, 9, 9, 10, 6, 9, 8, 9, 8, 8, 9, 6, 9, 9, 9, 4, 9, 4, 6, 7, 7, 6, 7, 7, 7, 6, 9, 5, 7, 8, 5, 6, 7, 7, 7, 7, 9, 7, 7, 
15: 7, 0, 0, 10, 0, 4, 0, 0, 0, 0, 0, 0, 0, 9, 0, 0, 0, 10, 0, 8, 7, 9, 0, 0, 6, 0, 0, 8, 0, 5, 0, 8, 5, 7, 9, 6, 8, 0, 0, 6, 8, 0, 8, 0, 8, 8, 5, 7, 7, 0, 0, 6, 0, 7, 7, 6, 0, 0, 0, 8, 8, 0, 7, 0, 9, 0, 0, 0, 0, 7, 8, 0, 8, 6, 8, 0, 8, 8, 0, 0, : 7, 10, 4, 9, 10, 8, 7, 9, 6, 8, 5, 8, 5, 7, 9, 6, 8, 6, 8, 8, 8, 8, 5, 7, 7, 6, 7, 7, 6, 8, 8, 7, 9, 7, 8, 8, 6, 8, 8, 8, 
93: 7, 0, 7, 0, 7, 0, 6, 9, 0, 8, 0, 0, 0, 6, 0, 8, 10, 0, 0, 0, 9, 8, 0, 0, 0, 0, 6, 0, 0, 7, 0, 7, 7, 0, 5, 6, 9, 0, 0, 0, 8, 7, 0, 9, 0, 0, 0, 0, 0, 0, 0, 10, 0, 6, 6, 0, 8, 9, 0, 7, 0, 0, 6, 0, 0, 9, 0, 7, 0, 7, 0, 8, 0, 8, 7, 8, 7, 0, 7, 0, : 7, 7, 7, 6, 9, 8, 6, 8, 10, 9, 8, 6, 7, 7, 7, 5, 6, 9, 8, 7, 9, 10, 6, 6, 8, 9, 7, 6, 9, 7, 7, 8, 8, 7, 8, 7, 7, 
55: 7, 0, 0, 0, 8, 0, 8, 0, 0, 6, 0, 7, 0, 0, 8, 6, 0, 0, 5, 9, 0, 0, 9, 8, 0, 8, 0, 8, 0, 8, 9, 0, 10, 0, 0, 0, 6, 0, 0, 5, 0, 10, 0, 9, 0, 0, 8, 0, 0, 0, 0, 0, 7, 0, 10, 0, 0, 8, 7, 9, 0, 0, 6, 10, 6, 4, 6, 0, 6, 6, 8, 9, 0, 0, 0, 8, 0, 0, 9, 0, : 7, 8, 8, 6, 7, 8, 6, 5, 9, 9, 8, 8, 8, 8, 9, 10, 6, 5, 10, 9, 8, 7, 10, 8, 7, 9, 6, 10, 6, 4, 6, 6, 6, 8, 9, 8, 9, 
156: 0, 9, 6, 0, 0, 7, 0, 0, 10, 0, 0, 6, 0, 0, 0, 9, 7, 7, 0, 9, 0, 7, 0, 8, 4, 7, 7, 0, 9, 0, 8, 0, 0, 0, 0, 9, 0, 0, 9, 0, 0, 9, 6, 4, 5, 0, 0, 6, 6, 0, 7, 0, 7, 8, 0, 6, 0, 10, 10, 0, 0, 0, 6, 0, 5, 9, 0, 9, 8, 5, 8, 0, 0, 0, 9, 0, 0, 8, 7, 0, : 9, 6, 7, 10, 6, 9, 7, 7, 9, 7, 8, 4, 7, 7, 9, 8, 9, 9, 9, 6, 4, 5, 6, 6, 7, 7, 8, 6, 10, 10, 6, 5, 9, 9, 8, 5, 8, 9, 8, 7, 


