
80
160
300
2

68: 0, 0, 8, 0, 6, 0, 8, 9, 7, 7, 9, 11, 7, 7, 0, 0, 9, 0, 0, 5, 0, 6, 0, 0, 0, 0, 6, 7, 0, 8, 0, 0, 10, 0, 6, 0, 0, 0, 0, 8, 7, 10, 9, 8, 0, 0, 8, 0, 8, 8, 6, 8, 0, 10, 11, 0, 7, 7, 7, 0, 0, 0, 8, 6, 0, 9, 7, 8, 8, 0, 0, 0, 7, 0, 8, 8, 0, 7, 7, 0, : 8, 6, 8, 9, 7, 7, 9, 11, 7, 7, 9, 5, 6, 6, 7, 8, 10, 6, 8, 7, 10, 9, 8, 8, 8, 8, 6, 8, 10, 11, 7, 7, 7, 8, 6, 9, 7, 8, 8, 7, 8, 8, 7, 7, 
40: 6, 10, 0, 7, 0, 0, 0, 8, 0, 0, 0, 0, 8, 9, 0, 0, 0, 8, 0, 9, 8, 0, 0, 0, 10, 6, 0, 0, 10, 6, 6, 8, 0, 0, 0, 0, 0, 7, 8, 0, 8, 8, 7, 0, 8, 0, 8, 0, 0, 0, 0, 8, 0, 10, 0, 0, 0, 8, 0, 0, 10, 0, 0, 0, 0, 5, 0, 0, 0, 8, 0, 8, 0, 5, 0, 7, 0, 6, 0, 0, : 6, 10, 7, 8, 8, 9, 8, 9, 8, 10, 6, 10, 6, 6, 8, 7, 8, 8, 8, 7, 8, 8, 8, 10, 8, 10, 5, 8, 8, 5, 7, 6, 
96: 0, 6, 9, 10, 4, 10, 8, 0, 0, 6, 9, 0, 0, 7, 0, 6, 0, 5, 8, 0, 0, 7, 0, 7, 11, 10, 0, 6, 9, 0, 0, 0, 0, 0, 0, 5, 10, 8, 0, 0, 0, 5, 0, 0, 0, 6, 8, 0, 7, 7, 7, 7, 6, 9, 7, 7, 0, 10, 0, 0, 0, 8, 7, 0, 0, 8, 0, 7, 0, 8, 8, 0, 8, 8, 8, 9, 7, 6, 8, 8, : 6, 9, 10, 4, 10, 8, 6, 9, 7, 6, 5, 8, 7, 7, 11, 10, 6, 9, 5, 10, 8, 5, 6, 8, 7, 7, 7, 7, 6, 9, 7, 7, 10, 8, 7, 8, 7, 8, 8, 8, 8, 8, 9, 7, 6, 8, 8, 
77: 0, 8, 0, 10, 9, 7, 8, 0, 7, 0, 9, 9, 0, 0, 0, 0, 0, 6, 9, 6, 8, 6, 0, 8, 8, 8, 7, 6, 0, 9, 0, 0, 7, 9, 0, 0, 0, 0, 0, 0, 8, 0, 5, 0, 8, 0, 0, 0, 0, 0, 0, 0, 0, 0, 0, 0, 0, 7, 0, 7, 0, 5, 11, 0, 7, 0, 0, 7, 0, 7, 9, 7, 0, 0, 9, 9, 0, 5, 0, 0, : 8, 10, 9, 7, 8, 7, 9, 9, 6, 9, 6, 8, 6, 8, 8, 8, 7, 6, 9, 7, 9, 8, 5, 8, 7, 7, 5, 11, 7, 7, 7, 9, 7, 9, 9, 5, 
15: 0, 0, 8, 8, 8, 0, 0, 0, 9, 6, 0, 9, 0, 0, 0, 6, 7, 7, 0, 0, 7, 0, 0, 0, 8, 9, 0, 7, 7, 0, 8, 0, 9, 0, 0, 0, 7, 10, 8, 0, 0, 0, 7, 0, 0, 0, 0, 8, 7, 0, 0, 5, 6, 0, 6, 0, 7, 0, 0, 0, 0, 8, 8, 0, 9, 10, 0, 0, 0, 0, 0, 0, 0, 0, 9, 6, 0, 9, 0, 9, : 8, 8, 8, 9, 6, 9, 6, 7, 7, 7, 8, 9, 7, 7, 8, 9, 7, 10, 8, 7, 8, 7, 5, 6, 6, 7, 8, 8, 9, 10, 9, 6, 9, 9, 
119: 0, 0, 8, 0, 0, 0, 0, 0, 8, 6, 7, 8, 0, 6, 8, 0, 0, 7, 0, 0, 0, 8, 9, 8, 5, 0, 0, 9, 0, 0, 0, 0, 0, 11, 10, 0, 0, 0, 0, 0, 0, 0, 0, 0, 0, 8, 0, 9, 0, 8, 6, 0, 0, 0, 0, 0, 7, 0, 0, 8, 0, 0, 0, 9, 5, 6, 9, 9, 0, 0, 8, 9, 8, 0, 0, 8, 0, 0, 7, 0, : 8, 8, 6, 7, 8, 6, 8, 7, 8, 9, 8, 5, 9, 11, 10, 8, 9, 8, 6, 7, 8, 9, 5, 6, 9, 9, 8, 9, 8, 8, 7, 
11: 0, 0, 6, 0, 8, 6, 8, 0, 0, 0, 9, 5, 0, 0, 7, 0, 11, 0, 0, 11, 6, 9, 0, 7, 6, 6, 0, 9, 6, 0, 8, 5, 0, 5, 7, 7, 9, 0, 0, 0, 0, 6, 0, 0, 6, 0, 0, 6, 0, 0, 0, 0, 8, 0, 6, 0, 7, 0, 9, 9, 0, 6, 0, 0, 11, 10, 0, 0, 0, 0, 0, 0, 0, 8, 5, 0, 0, 8, 0, 0, : 6, 8, 6, 8, 9, 5, 7, 11, 11, 6, 9, 7, 6, 6, 9, 6, 8, 5, 5, 7, 7, 9, 6, 6, 6, 8, 6, 7, 9, 9, 6, 11, 10, 8, 5, 8, 
18: 0, 0, 5, 0, 0, 0, 7, 0, 6, 0, 8, 0, 0, 0, 8, 0, 0, 0, 0, 8, 0, 0, 0, 0, 0, 0, 0, 0, 7, 0, 7, 0, 0, 8, 0, 0, 0, 0, 0, 0, 9, 8, 8, 0, 0, 7, 0, 0, 0, 7, 0, 0, 0, 8, 8, 6, 0, 7, 9, 7, 0, 0, 0, 0, 7, 0, 0, 0, 8, 8, 0, 7, 0, 7, 0, 8, 8, 0, 0, 8, : 5, 7, 6, 8, 8, 8, 7, 7, 8, 9, 8, 8, 7, 7, 8, 8, 6, 7, 9, 7, 7, 8, 8, 7, 7, 8, 8, 8, 
90: 8, 0, 8, 10, 7, 0, 11, 6, 8, 0, 7, 0, 0, 0, 10, 6, 0, 9, 10, 8, 0, 0, 0, 0, 10, 0, 9, 8, 7, 0, 7, 0, 0, 8, 0, 0, 0, 0, 8, 7, 0, 8, 9, 0, 0, 7, 6, 0, 0, 0, 8, 0, 0, 0, 5, 7, 0, 7, 10, 7, 9, 0, 0, 7, 0, 0, 7, 8, 0, 0, 0, 0, 0, 7, 8, 0, 8, 0, 0, 7, : 8, 8, 10, 7, 11, 6, 8, 7, 10, 6, 9, 10, 8, 10, 9, 8, 7, 7, 8, 8, 7, 8, 9, 7, 6, 8, 5, 7, 7, 10, 7, 9, 7, 7, 8, 7, 8, 8, 7, 
138: 0, 8, 0, 0, 8, 0, 0, 8, 0, 0, 9, 10, 7, 7, 7, 11, 6, 0, 0, 8, 0, 10, 10, 7, 9, 9, 0, 6, 0, 0, 6, 0, 0, 6, 0, 7, 5, 7, 6, 0, 5, 9, 7, 7, 0, 0, 0, 7, 0, 7, 7, 0, 8, 6, 11, 8, 7, 0, 5, 7, 9, 8, 7, 0, 0, 7, 7, 0, 8, 0, 0, 0, 7, 0, 0, 8, 6, 8, 0, 0, : 8, 8, 8, 9, 10, 7, 7, 7, 11, 6, 8, 10, 10, 7, 9, 9, 6, 6, 6, 7, 5, 7, 6, 5, 9, 7, 7, 7, 7, 7, 8, 6, 11, 8, 7, 5, 7, 9, 8, 7, 7, 7, 8, 7, 8, 6, 8, 
78: 0, 0, 0, 10, 0, 0, 0, 7, 0, 0, 9, 0, 6, 0, 0, 0, 0, 0, 0, 0, 0, 4, 10, 0, 5, 0, 0, 8, 0, 0, 9, 6, 0, 7, 6, 8, 8, 8, 7, 8, 0, 0, 0, 7, 0, 0, 0, 0, 0, 0, 0, 0, 0, 9, 9, 7, 0, 0, 7, 0, 0, 0, 0, 9, 0, 9, 10, 7, 7, 7, 0, 7, 0, 8, 0, 8, 0, 0, 8, 9, : 10, 7, 9, 6, 4, 10, 5, 8, 9, 6, 7, 6, 8, 8, 8, 7, 8, 7, 9, 9, 7, 7, 9, 9, 10, 7, 7, 7, 7, 8, 8, 8, 9, 
123: 5, 7, 0, 0, 7, 0, 0, 7, 8, 0, 8, 6, 8, 0, 6, 8, 11, 0, 9, 9, 0, 0, 10, 9, 6, 7, 8, 0, 0, 5, 0, 7, 0, 0, 0, 8, 8, 0, 8, 0, 6, 0, 0, 9, 7, 9, 8, 0, 9, 0, 8, 7, 6, 0, 0, 0, 7, 0, 0, 9, 9, 8, 8, 0, 0, 0, 7, 0, 0, 8, 8, 8, 9, 0, 8, 0, 8, 9, 6, 8, : 5, 7, 7, 7, 8, 8, 6, 8, 6, 8, 11, 9, 9, 10, 9, 6, 7, 8, 5, 7, 8, 8, 8, 6, 9, 7, 9, 8, 9, 8, 7, 6, 7, 9, 9, 8, 8, 7, 8, 8, 8, 9, 8, 8, 9, 6, 8, 
110: 0, 9, 0, 7, 0, 0, 0, 7, 6, 0, 0, 0, 8, 7, 0, 8, 9, 0, 5, 0, 6, 0, 7, 5, 0, 0, 8, 8, 0, 5, 6, 7, 0, 0, 10, 6, 9, 9, 0, 8, 0, 7, 0, 0, 0, 8, 8, 8, 0, 5, 9, 6, 0, 0, 8, 0, 7, 7, 0, 8, 7, 0, 7, 0, 0, 6, 10, 0, 0, 0, 9, 0, 0, 9, 0, 0, 5, 0, 7, 7, : 9, 7, 7, 6, 8, 7, 8, 9, 5, 6, 7, 5, 8, 8, 5, 6, 7, 10, 6, 9, 9, 8, 7, 8, 8, 8, 5, 9, 6, 8, 7, 7, 8, 7, 7, 6, 10, 9, 9, 5, 7, 7, 
46: 10, 0, 7, 0, 7, 0, 5, 9, 0, 0, 0, 0, 7, 6, 0, 0, 7, 10, 0, 9, 0, 8, 9, 0, 9, 9, 10, 0, 9, 8, 0, 0, 0, 0, 8, 0, 8, 9, 7, 7, 0, 0, 0, 8, 7, 8, 9, 6, 0, 0, 6, 0, 0, 0, 0, 0, 9, 0, 6, 7, 7, 0, 0, 7, 7, 0, 9, 8, 8, 0, 0, 0, 8, 0, 8, 0, 0, 0, 9, 0, : 10, 7, 7, 5, 9, 7, 6, 7, 10, 9, 8, 9, 9, 9, 10, 9, 8, 8, 8, 9, 7, 7, 8, 7, 8, 9, 6, 6, 9, 6, 7, 7, 7, 7, 9, 8, 8, 8, 8, 9, 
62: 0, 8, 0, 0, 0, 0, 5, 0, 9, 0, 0, 7, 0, 8, 0, 9, 6, 0, 0, 0, 9, 0, 0, 0, 0, 6, 0, 9, 0, 0, 5, 5, 7, 0, 0, 0, 0, 0, 7, 5, 0, 8, 0, 0, 0, 0, 0, 8, 0, 8, 8, 8, 7, 0, 0, 0, 7, 7, 0, 0, 8, 0, 0, 8, 7, 0, 0, 8, 7, 0, 0, 8, 8, 0, 9, 8, 0, 0, 0, 6, : 8, 5, 9, 7, 8, 9, 6, 9, 6, 9, 5, 5, 7, 7, 5, 8, 8, 8, 8, 8, 7, 7, 7, 8, 8, 7, 8, 7, 8, 8, 9, 8, 6, 
8: 7, 8, 0, 7, 0, 7, 7, 0, 0, 11, 6, 8, 0, 6, 0, 5, 6, 8, 0, 0, 0, 7, 8, 0, 0, 0, 10, 0, 0, 0, 0, 0, 7, 0, 0, 0, 8, 0, 0, 0, 0, 6, 7, 9, 7, 0, 8, 8, 0, 7, 7, 8, 8, 0, 7, 9, 6, 7, 0, 8, 0, 8, 0, 0, 0, 6, 8, 0, 0, 6, 7, 8, 0, 0, 0, 0, 0, 0, 0, 8, : 7, 8, 7, 7, 7, 11, 6, 8, 6, 5, 6, 8, 7, 8, 10, 7, 8, 6, 7, 9, 7, 8, 8, 7, 7, 8, 8, 7, 9, 6, 7, 8, 8, 6, 8, 6, 7, 8, 8, 
3: 8, 7, 10, 0, 0, 7, 9, 0, 7, 0, 9, 0, 9, 0, 0, 8, 0, 0, 7, 10, 7, 0, 7, 8, 10, 5, 7, 7, 0, 0, 7, 6, 0, 10, 8, 0, 0, 8, 8, 6, 0, 0, 0, 6, 0, 0, 7, 0, 7, 7, 0, 0, 0, 0, 7, 0, 11, 0, 6, 0, 9, 0, 0, 0, 0, 9, 7, 9, 0, 0, 7, 0, 0, 8, 6, 7, 0, 0, 9, 5, : 8, 7, 10, 7, 9, 7, 9, 9, 8, 7, 10, 7, 7, 8, 10, 5, 7, 7, 7, 6, 10, 8, 8, 8, 6, 6, 7, 7, 7, 7, 11, 6, 9, 9, 7, 9, 7, 8, 6, 7, 9, 5, 
39: 9, 8, 7, 8, 0, 0, 10, 0, 7, 0, 0, 9, 0, 7, 10, 0, 0, 0, 5, 9, 9, 9, 9, 0, 0, 6, 0, 10, 6, 10, 0, 10, 0, 6, 10, 0, 0, 9, 0, 7, 0, 5, 0, 7, 0, 8, 6, 0, 0, 0, 0, 8, 0, 0, 0, 0, 0, 10, 6, 9, 0, 7, 8, 0, 0, 8, 0, 0, 0, 8, 8, 0, 9, 0, 8, 6, 0, 8, 0, 0, : 9, 8, 7, 8, 10, 7, 9, 7, 10, 5, 9, 9, 9, 9, 6, 10, 6, 10, 10, 6, 10, 9, 7, 5, 7, 8, 6, 8, 10, 6, 9, 7, 8, 8, 8, 8, 9, 8, 6, 8, 
41: 0, 0, 10, 0, 0, 0, 0, 0, 0, 0, 0, 8, 8, 7, 0, 0, 8, 7, 0, 8, 0, 6, 0, 7, 0, 6, 9, 5, 0, 0, 5, 0, 6, 0, 0, 0, 7, 9, 0, 0, 8, 7, 0, 0, 6, 7, 8, 7, 0, 0, 0, 6, 6, 7, 0, 0, 0, 0, 8, 0, 10, 0, 6, 0, 6, 7, 0, 0, 9, 0, 8, 0, 8, 6, 7, 0, 8, 7, 0, 0, : 10, 8, 8, 7, 8, 7, 8, 6, 7, 6, 9, 5, 5, 6, 7, 9, 8, 7, 6, 7, 8, 7, 6, 6, 7, 8, 10, 6, 6, 7, 9, 8, 8, 6, 7, 8, 7, 
24: 8, 5, 8, 6, 0, 0, 0, 10, 0, 9, 0, 8, 6, 9, 0, 0, 9, 6, 0, 7, 0, 7, 0, 0, 0, 0, 0, 0, 4, 7, 9, 0, 10, 0, 9, 6, 8, 0, 9, 9, 0, 0, 7, 0, 8, 0, 7, 0, 9, 10, 0, 0, 0, 0, 0, 0, 0, 0, 7, 0, 0, 0, 0, 0, 0, 0, 0, 8, 8, 9, 0, 0, 0, 8, 0, 8, 7, 0, 0, 6, : 8, 5, 8, 6, 10, 9, 8, 6, 9, 9, 6, 7, 7, 4, 7, 9, 10, 9, 6, 8, 9, 9, 7, 8, 7, 9, 10, 7, 8, 8, 9, 8, 8, 7, 6, 
146: 7, 0, 5, 0, 7, 8, 6, 8, 9, 0, 0, 0, 6, 0, 6, 0, 5, 9, 0, 6, 9, 0, 9, 10, 0, 7, 9, 0, 6, 8, 0, 0, 0, 11, 0, 0, 7, 0, 0, 9, 8, 0, 0, 8, 0, 10, 0, 0, 0, 9, 0, 0, 9, 7, 0, 0, 8, 7, 8, 0, 0, 8, 0, 0, 9, 0, 0, 0, 8, 8, 0, 8, 7, 0, 9, 6, 8, 0, 8, 7, : 7, 5, 7, 8, 6, 8, 9, 6, 6, 5, 9, 6, 9, 9, 10, 7, 9, 6, 8, 11, 7, 9, 8, 8, 10, 9, 9, 7, 8, 7, 8, 8, 9, 8, 8, 8, 7, 9, 6, 8, 8, 7, 
128: 0, 0, 8, 7, 9, 9, 10, 0, 5, 9, 7, 0, 8, 8, 0, 9, 11, 8, 7, 0, 8, 8, 6, 0, 0, 0, 0, 8, 0, 9, 9, 0, 0, 0, 0, 7, 0, 0, 0, 0, 0, 8, 0, 7, 0, 0, 0, 0, 7, 0, 0, 9, 7, 6, 0, 8, 8, 0, 9, 0, 7, 8, 8, 0, 0, 0, 0, 9, 8, 0, 5, 8, 6, 9, 9, 0, 0, 8, 0, 8, : 8, 7, 9, 9, 10, 5, 9, 7, 8, 8, 9, 11, 8, 7, 8, 8, 6, 8, 9, 9, 7, 8, 7, 7, 9, 7, 6, 8, 8, 9, 7, 8, 8, 9, 8, 5, 8, 6, 9, 9, 8, 8, 
33: 0, 0, 7, 0, 7, 0, 6, 9, 0, 0, 8, 0, 10, 0, 9, 0, 5, 0, 9, 9, 8, 8, 8, 0, 7, 0, 0, 7, 0, 0, 4, 0, 7, 0, 0, 0, 7, 7, 0, 9, 7, 8, 0, 0, 6, 10, 0, 6, 0, 6, 7, 6, 0, 6, 9, 8, 0, 9, 8, 10, 8, 10, 0, 8, 0, 0, 6, 0, 0, 7, 9, 0, 0, 0, 0, 0, 0, 0, 0, 0, : 7, 7, 6, 9, 8, 10, 9, 5, 9, 9, 8, 8, 8, 7, 7, 4, 7, 7, 7, 9, 7, 8, 6, 10, 6, 6, 7, 6, 6, 9, 8, 9, 8, 10, 8, 10, 8, 6, 7, 9, 
19: 10, 0, 0, 8, 0, 0, 7, 0, 0, 11, 0, 8, 0, 8, 10, 8, 0, 0, 0, 0, 9, 6, 6, 0, 0, 0, 6, 9, 5, 0, 0, 0, 0, 6, 0, 0, 7, 0, 0, 0, 0, 7, 0, 8, 8, 9, 9, 0, 7, 7, 5, 0, 8, 7, 7, 0, 0, 9, 0, 7, 8, 8, 6, 0, 0, 0, 7, 0, 0, 9, 0, 9, 0, 0, 0, 0, 0, 0, 6, 0, : 10, 8, 7, 11, 8, 8, 10, 8, 9, 6, 6, 6, 9, 5, 6, 7, 7, 8, 8, 9, 9, 7, 7, 5, 8, 7, 7, 9, 7, 8, 8, 6, 7, 9, 9, 6, 
56: 0, 0, 0, 6, 10, 0, 0, 0, 0, 0, 0, 0, 8, 0, 9, 8, 0, 0, 10, 0, 8, 0, 0, 0, 0, 0, 0, 10, 0, 0, 9, 7, 0, 6, 6, 7, 0, 0, 7, 0, 0, 0, 0, 0, 0, 7, 0, 0, 0, 0, 7, 0, 0, 0, 8, 9, 6, 0, 0, 7, 0, 0, 10, 7, 0, 9, 6, 8, 0, 8, 8, 8, 0, 8, 0, 0, 8, 0, 5, 0, : 6, 10, 8, 9, 8, 10, 8, 10, 9, 7, 6, 6, 7, 7, 7, 7, 8, 9, 6, 7, 10, 7, 9, 6, 8, 8, 8, 8, 8, 8, 5, 
151: 6, 0, 5, 10, 0, 0, 7, 0, 7, 0, 0, 6, 5, 7, 9, 10, 0, 0, 7, 0, 4, 8, 0, 0, 8, 6, 0, 0, 0, 0, 10, 0, 0, 0, 6, 8, 0, 0, 7, 0, 0, 0, 6, 8, 0, 0, 6, 7, 0, 0, 0, 0, 0, 10, 9, 0, 5, 6, 7, 0, 0, 8, 6, 7, 0, 8, 8, 0, 0, 7, 0, 8, 8, 7, 7, 7, 9, 6, 9, 9, : 6, 5, 10, 7, 7, 6, 5, 7, 9, 10, 7, 4, 8, 8, 6, 10, 6, 8, 7, 6, 8, 6, 7, 10, 9, 5, 6, 7, 8, 6, 7, 8, 8, 7, 8, 8, 7, 7, 7, 9, 6, 9, 9, 
95: 0, 8, 10, 0, 0, 8, 0, 5, 7, 8, 0, 8, 0, 0, 6, 8, 0, 4, 7, 0, 9, 6, 7, 0, 0, 0, 9, 0, 0, 0, 6, 0, 11, 0, 8, 10, 0, 0, 0, 6, 7, 0, 0, 7, 6, 6, 0, 0, 0, 0, 8, 0, 0, 9, 0, 0, 0, 0, 0, 0, 0, 9, 0, 0, 8, 7, 0, 8, 0, 7, 6, 0, 7, 8, 8, 0, 6, 0, 0, 0, : 8, 10, 8, 5, 7, 8, 8, 6, 8, 4, 7, 9, 6, 7, 9, 6, 11, 8, 10, 6, 7, 7, 6, 6, 8, 9, 9, 8, 7, 8, 7, 6, 7, 8, 8, 6, 
118: 8, 10, 10, 0, 0, 8, 5, 0, 9, 0, 0, 6, 0, 0, 6, 0, 10, 10, 6, 7, 8, 0, 0, 0, 0, 8, 0, 6, 0, 0, 0, 10, 0, 10, 0, 7, 0, 8, 0, 8, 6, 11, 7, 6, 8, 0, 0, 7, 0, 0, 0, 8, 0, 0, 0, 8, 0, 10, 7, 7, 0, 0, 5, 0, 0, 9, 9, 0, 8, 0, 8, 9, 7, 0, 7, 0, 8, 0, 0, 9, : 8, 10, 10, 8, 5, 9, 6, 6, 10, 10, 6, 7, 8, 8, 6, 10, 10, 7, 8, 8, 6, 11, 7, 6, 8, 7, 8, 8, 10, 7, 7, 5, 9, 9, 8, 8, 9, 7, 7, 8, 9, 
114: 0, 0, 6, 0, 10, 0, 6, 0, 0, 8, 8, 0, 0, 6, 7, 9, 6, 7, 9, 0, 6, 10, 7, 0, 10, 9, 0, 0, 0, 7, 0, 7, 5, 0, 8, 0, 0, 8, 0, 0, 0, 0, 8, 8, 8, 0, 10, 7, 0, 0, 0, 0, 0, 0, 0, 0, 0, 0, 0, 0, 0, 0, 9, 9, 10, 7, 8, 6, 8, 0, 8, 8, 0, 0, 9, 0, 7, 8, 8, 0, : 6, 10, 6, 8, 8, 6, 7, 9, 6, 7, 9, 6, 10, 7, 10, 9, 7, 7, 5, 8, 8, 8, 8, 8, 10, 7, 9, 9, 10, 7, 8, 6, 8, 8, 8, 9, 7, 8, 8, 
108: 9, 6, 0, 0, 10, 7, 7, 0, 0, 8, 0, 0, 0, 8, 6, 0, 6, 0, 0, 0, 0, 0, 0, 6, 0, 0, 0, 0, 7, 9, 9, 8, 0, 7, 7, 0, 4, 5, 0, 7, 10, 0, 8, 9, 9, 9, 0, 0, 7, 6, 0, 8, 5, 0, 0, 10, 0, 9, 8, 0, 0, 5, 0, 0, 8, 7, 8, 8, 0, 7, 0, 9, 8, 0, 0, 8, 0, 0, 0, 8, : 9, 6, 10, 7, 7, 8, 8, 6, 6, 6, 7, 9, 9, 8, 7, 7, 4, 5, 7, 10, 8, 9, 9, 9, 7, 6, 8, 5, 10, 9, 8, 5, 8, 7, 8, 8, 7, 9, 8, 8, 8, 
71: 8, 6, 0, 0, 0, 9, 9, 6, 5, 0, 0, 8, 0, 0, 0, 0, 8, 6, 9, 0, 9, 0, 0, 10, 0, 0, 0, 0, 8, 0, 9, 9, 0, 0, 7, 0, 8, 9, 0, 0, 7, 0, 0, 7, 0, 0, 0, 0, 6, 8, 7, 0, 0, 0, 10, 0, 9, 0, 0, 0, 5, 0, 7, 8, 6, 7, 9, 7, 0, 9, 0, 0, 8, 0, 8, 0, 8, 0, 8, 0, : 8, 6, 9, 9, 6, 5, 8, 8, 6, 9, 9, 10, 8, 9, 9, 7, 8, 9, 7, 7, 6, 8, 7, 10, 9, 5, 7, 8, 6, 7, 9, 7, 9, 8, 8, 8, 8, 
25: 0, 0, 0, 0, 7, 0, 0, 0, 7, 8, 0, 9, 5, 7, 0, 0, 7, 0, 7, 0, 6, 9, 0, 0, 6, 9, 9, 8, 0, 0, 0, 0, 0, 0, 0, 10, 0, 0, 0, 0, 7, 0, 0, 0, 8, 8, 0, 7, 0, 7, 0, 10, 9, 8, 6, 6, 0, 0, 0, 7, 0, 7, 5, 0, 9, 8, 9, 8, 10, 9, 0, 8, 6, 0, 6, 8, 9, 0, 0, 9, : 7, 7, 8, 9, 5, 7, 7, 7, 6, 9, 6, 9, 9, 8, 10, 7, 8, 8, 7, 7, 10, 9, 8, 6, 6, 7, 7, 5, 9, 8, 9, 8, 10, 9, 8, 6, 6, 8, 9, 9, 
79: 0, 8, 0, 8, 0, 8, 0, 0, 0, 0, 0, 0, 0, 5, 0, 0, 0, 0, 0, 6, 0, 0, 0, 7, 5, 0, 9, 0, 10, 0, 0, 0, 6, 6, 0, 7, 7, 0, 9, 8, 7, 0, 10, 10, 7, 0, 0, 0, 0, 9, 7, 0, 8, 8, 0, 0, 0, 0, 0, 5, 9, 7, 8, 7, 0, 9, 0, 7, 8, 5, 0, 0, 0, 0, 7, 0, 9, 7, 0, 0, : 8, 8, 8, 5, 6, 7, 5, 9, 10, 6, 6, 7, 7, 9, 8, 7, 10, 10, 7, 9, 7, 8, 8, 5, 9, 7, 8, 7, 9, 7, 8, 5, 7, 9, 7, 
127: 0, 7, 9, 8, 7, 6, 0, 7, 9, 0, 7, 7, 0, 10, 0, 8, 0, 8, 0, 8, 8, 7, 6, 0, 7, 0, 0, 5, 9, 7, 0, 0, 0, 10, 7, 8, 0, 0, 9, 8, 8, 0, 5, 0, 0, 0, 0, 0, 9, 0, 9, 0, 0, 9, 0, 7, 8, 8, 7, 7, 0, 0, 7, 11, 8, 0, 0, 6, 7, 0, 7, 9, 9, 0, 8, 8, 9, 9, 8, 8, : 7, 9, 8, 7, 6, 7, 9, 7, 7, 10, 8, 8, 8, 8, 7, 6, 7, 5, 9, 7, 10, 7, 8, 9, 8, 8, 5, 9, 9, 9, 7, 8, 8, 7, 7, 7, 11, 8, 6, 7, 7, 9, 9, 8, 8, 9, 9, 8, 8, 
23: 0, 0, 0, 5, 0, 8, 7, 4, 0, 0, 0, 0, 8, 11, 0, 0, 5, 8, 6, 8, 0, 9, 7, 6, 0, 8, 0, 9, 9, 9, 0, 0, 5, 4, 10, 7, 9, 0, 0, 6, 0, 0, 8, 8, 9, 7, 7, 10, 10, 10, 8, 9, 0, 8, 9, 7, 7, 0, 0, 0, 8, 7, 8, 4, 6, 6, 8, 0, 7, 8, 0, 8, 0, 8, 0, 7, 0, 9, 8, 7, : 5, 8, 7, 4, 8, 11, 5, 8, 6, 8, 9, 7, 6, 8, 9, 9, 9, 5, 4, 10, 7, 9, 6, 8, 8, 9, 7, 7, 10, 10, 10, 8, 9, 8, 9, 7, 7, 8, 7, 8, 4, 6, 6, 8, 7, 8, 8, 8, 7, 9, 8, 7, 
94: 0, 0, 0, 0, 0, 0, 0, 0, 11, 6, 9, 0, 7, 0, 6, 0, 0, 10, 0, 0, 7, 0, 0, 0, 7, 4, 6, 7, 8, 0, 0, 7, 7, 9, 4, 0, 7, 6, 0, 0, 0, 8, 8, 0, 0, 0, 0, 7, 9, 9, 7, 8, 8, 10, 7, 6, 0, 8, 0, 6, 0, 8, 0, 8, 8, 8, 7, 0, 9, 0, 0, 7, 8, 0, 8, 8, 0, 0, 0, 0, : 11, 6, 9, 7, 6, 10, 7, 7, 4, 6, 7, 8, 7, 7, 9, 4, 7, 6, 8, 8, 7, 9, 9, 7, 8, 8, 10, 7, 6, 8, 6, 8, 8, 8, 8, 7, 9, 7, 8, 8, 8, 
91: 8, 7, 0, 6, 0, 0, 0, 0, 9, 0, 0, 10, 0, 0, 0, 0, 0, 7, 0, 8, 7, 6, 0, 10, 0, 0, 0, 0, 7, 9, 0, 9, 0, 0, 7, 7, 0, 10, 8, 8, 10, 7, 9, 0, 0, 0, 9, 0, 10, 6, 9, 0, 0, 8, 0, 9, 8, 0, 9, 8, 6, 7, 8, 10, 0, 7, 6, 0, 0, 0, 8, 0, 0, 0, 0, 8, 8, 9, 0, 0, : 8, 7, 6, 9, 10, 7, 8, 7, 6, 10, 7, 9, 9, 7, 7, 10, 8, 8, 10, 7, 9, 9, 10, 6, 9, 8, 9, 8, 9, 8, 6, 7, 8, 10, 7, 6, 8, 8, 8, 9, 
65: 7, 0, 7, 0, 0, 8, 0, 0, 8, 10, 0, 0, 0, 0, 0, 0, 7, 7, 9, 0, 0, 0, 0, 0, 0, 0, 10, 0, 6, 0, 0, 8, 0, 0, 0, 6, 9, 0, 0, 0, 8, 0, 7, 6, 0, 0, 7, 8, 0, 0, 8, 0, 7, 0, 0, 7, 9, 0, 0, 0, 4, 0, 0, 9, 8, 9, 7, 8, 0, 0, 0, 8, 0, 0, 0, 9, 0, 8, 8, 0, : 7, 7, 8, 8, 10, 7, 7, 9, 10, 6, 8, 6, 9, 8, 7, 6, 7, 8, 8, 7, 7, 9, 4, 9, 8, 9, 7, 8, 8, 9, 8, 8, 
105: 0, 0, 0, 0, 0, 7, 9, 0, 0, 10, 0, 0, 6, 0, 0, 0, 0, 0, 0, 0, 0, 9, 8, 7, 8, 6, 7, 10, 0, 0, 10, 0, 0, 9, 0, 0, 7, 0, 9, 8, 8, 0, 0, 0, 0, 0, 8, 0, 0, 0, 5, 8, 0, 0, 8, 7, 0, 0, 0, 9, 6, 0, 0, 0, 0, 7, 0, 0, 0, 0, 0, 0, 0, 9, 7, 0, 0, 9, 8, 0, : 7, 9, 10, 6, 9, 8, 7, 8, 6, 7, 10, 10, 9, 7, 9, 8, 8, 8, 5, 8, 8, 7, 9, 6, 7, 9, 7, 9, 8, 
70: 10, 0, 0, 8, 0, 7, 8, 11, 0, 8, 11, 5, 0, 6, 7, 8, 0, 0, 8, 0, 0, 0, 9, 0, 0, 7, 10, 0, 8, 0, 7, 10, 4, 8, 0, 0, 0, 6, 8, 0, 0, 7, 10, 0, 7, 6, 0, 6, 9, 0, 10, 0, 9, 0, 0, 8, 6, 7, 0, 0, 7, 8, 8, 7, 0, 7, 0, 7, 0, 0, 0, 0, 8, 7, 0, 9, 0, 0, 0, 0, : 10, 8, 7, 8, 11, 8, 11, 5, 6, 7, 8, 8, 9, 7, 10, 8, 7, 10, 4, 8, 6, 8, 7, 10, 7, 6, 6, 9, 10, 9, 8, 6, 7, 7, 8, 8, 7, 7, 7, 8, 7, 9, 
134: 8, 8, 8, 0, 0, 8, 0, 0, 0, 8, 7, 6, 0, 7, 8, 6, 9, 8, 0, 0, 10, 0, 0, 7, 0, 9, 0, 0, 10, 6, 0, 4, 6, 9, 8, 0, 0, 0, 0, 8, 7, 0, 7, 0, 0, 0, 9, 10, 9, 0, 9, 8, 8, 7, 0, 11, 5, 7, 10, 0, 0, 0, 8, 7, 8, 0, 8, 0, 0, 0, 0, 6, 8, 0, 0, 0, 9, 0, 9, 9, : 8, 8, 8, 8, 8, 7, 6, 7, 8, 6, 9, 8, 10, 7, 9, 10, 6, 4, 6, 9, 8, 8, 7, 7, 9, 10, 9, 9, 8, 8, 7, 11, 5, 7, 10, 8, 7, 8, 8, 6, 8, 9, 9, 9, 
156: 0, 0, 0, 10, 0, 9, 0, 0, 0, 0, 10, 0, 0, 9, 7, 0, 0, 9, 5, 8, 0, 7, 0, 6, 7, 0, 6, 0, 0, 9, 8, 9, 7, 0, 5, 7, 0, 7, 8, 0, 8, 0, 8, 6, 0, 0, 0, 8, 8, 10, 5, 0, 0, 9, 6, 7, 10, 7, 0, 10, 8, 10, 7, 10, 8, 8, 0, 8, 0, 8, 0, 7, 0, 0, 0, 0, 7, 6, 6, 0, : 10, 9, 10, 9, 7, 9, 5, 8, 7, 6, 7, 6, 9, 8, 9, 7, 5, 7, 7, 8, 8, 8, 6, 8, 8, 10, 5, 9, 6, 7, 10, 7, 10, 8, 10, 7, 10, 8, 8, 8, 8, 7, 7, 6, 6, 
160: 0, 8, 7, 0, 0, 7, 8, 0, 0, 8, 6, 6, 7, 7, 5, 7, 9, 0, 0, 0, 0, 0, 0, 9, 0, 0, 0, 11, 9, 0, 6, 7, 5, 0, 9, 0, 8, 0, 9, 6, 0, 0, 0, 7, 7, 0, 0, 0, 0, 0, 0, 5, 9, 0, 0, 10, 0, 0, 10, 0, 7, 7, 0, 7, 0, 0, 0, 0, 0, 7, 0, 5, 0, 0, 0, 7, 0, 0, 0, 0, : 8, 7, 7, 8, 8, 6, 6, 7, 7, 5, 7, 9, 9, 11, 9, 6, 7, 5, 9, 8, 9, 6, 7, 7, 5, 9, 10, 10, 7, 7, 7, 7, 5, 7, 
76: 9, 0, 7, 5, 0, 0, 0, 7, 10, 7, 0, 8, 0, 0, 8, 10, 0, 10, 0, 0, 0, 0, 7, 0, 0, 0, 10, 0, 5, 0, 9, 0, 0, 0, 0, 8, 8, 8, 6, 0, 8, 0, 5, 0, 6, 7, 8, 0, 0, 0, 0, 0, 0, 7, 7, 10, 9, 0, 0, 0, 8, 5, 5, 7, 0, 0, 9, 8, 0, 8, 0, 0, 0, 6, 0, 8, 0, 8, 7, 0, : 9, 7, 5, 7, 10, 7, 8, 8, 10, 10, 7, 10, 5, 9, 8, 8, 8, 6, 8, 5, 6, 7, 8, 7, 7, 10, 9, 8, 5, 5, 7, 9, 8, 8, 6, 8, 8, 7, 
12: 0, 5, 9, 0, 10, 5, 0, 0, 11, 0, 0, 0, 0, 0, 9, 10, 0, 11, 8, 0, 7, 0, 7, 7, 0, 0, 7, 5, 10, 0, 10, 7, 8, 10, 0, 0, 0, 0, 10, 0, 0, 0, 0, 10, 8, 8, 0, 7, 0, 0, 0, 8, 7, 5, 11, 0, 0, 0, 0, 9, 0, 6, 7, 0, 0, 0, 0, 9, 8, 8, 8, 6, 6, 0, 9, 7, 0, 0, 8, 6, : 5, 9, 10, 5, 11, 9, 10, 11, 8, 7, 7, 7, 7, 5, 10, 10, 7, 8, 10, 10, 10, 8, 8, 7, 8, 7, 5, 11, 9, 6, 7, 9, 8, 8, 8, 6, 6, 9, 7, 8, 6, 
155: 8, 9, 8, 5, 0, 8, 7, 6, 0, 8, 9, 0, 11, 0, 0, 7, 10, 0, 0, 8, 0, 8, 7, 8, 4, 10, 0, 0, 9, 5, 0, 10, 11, 0, 0, 0, 8, 8, 0, 8, 8, 9, 0, 8, 0, 7, 8, 7, 6, 6, 0, 10, 0, 0, 8, 0, 8, 11, 7, 0, 8, 10, 0, 0, 8, 7, 0, 8, 9, 0, 7, 6, 0, 8, 0, 9, 7, 0, 0, 6, : 8, 9, 8, 5, 8, 7, 6, 8, 9, 11, 7, 10, 8, 8, 7, 8, 4, 10, 9, 5, 10, 11, 8, 8, 8, 8, 9, 8, 7, 8, 7, 6, 6, 10, 8, 8, 11, 7, 8, 10, 8, 7, 8, 9, 7, 6, 8, 9, 7, 6, 
117: 0, 0, 6, 0, 7, 10, 0, 7, 0, 8, 0, 0, 10, 8, 0, 0, 6, 9, 7, 6, 0, 0, 5, 0, 0, 0, 0, 0, 0, 0, 0, 9, 0, 0, 11, 0, 0, 0, 0, 0, 9, 0, 8, 0, 8, 8, 0, 0, 9, 10, 0, 8, 10, 0, 9, 8, 6, 0, 9, 0, 0, 5, 0, 8, 9, 8, 0, 0, 8, 0, 0, 7, 7, 0, 7, 0, 0, 8, 9, 8, : 6, 7, 10, 7, 8, 10, 8, 6, 9, 7, 6, 5, 9, 11, 9, 8, 8, 8, 9, 10, 8, 10, 9, 8, 6, 9, 5, 8, 9, 8, 8, 7, 7, 7, 8, 9, 8, 
48: 0, 6, 0, 6, 5, 10, 8, 0, 4, 0, 8, 0, 9, 10, 11, 0, 0, 9, 6, 0, 9, 0, 9, 8, 7, 0, 11, 0, 7, 6, 0, 0, 9, 9, 11, 9, 8, 8, 5, 0, 0, 7, 0, 9, 0, 8, 0, 0, 9, 8, 0, 8, 0, 0, 7, 6, 0, 0, 0, 0, 0, 8, 0, 8, 7, 0, 7, 6, 0, 0, 9, 9, 0, 8, 0, 9, 9, 0, 9, 0, : 6, 6, 5, 10, 8, 4, 8, 9, 10, 11, 9, 6, 9, 9, 8, 7, 11, 7, 6, 9, 9, 11, 9, 8, 8, 5, 7, 9, 8, 9, 8, 8, 7, 6, 8, 8, 7, 7, 6, 9, 9, 8, 9, 9, 9, 
140: 0, 0, 0, 0, 0, 0, 8, 10, 0, 9, 0, 0, 9, 0, 7, 0, 6, 0, 0, 9, 0, 10, 10, 5, 0, 0, 8, 10, 0, 9, 10, 7, 7, 0, 8, 0, 0, 7, 0, 0, 8, 0, 8, 0, 0, 0, 7, 9, 0, 9, 0, 0, 6, 0, 0, 0, 9, 10, 10, 9, 0, 0, 0, 8, 0, 0, 0, 0, 9, 0, 8, 8, 0, 0, 0, 0, 0, 8, 0, 0, : 8, 10, 9, 9, 7, 6, 9, 10, 10, 5, 8, 10, 9, 10, 7, 7, 8, 7, 8, 8, 7, 9, 9, 6, 9, 10, 10, 9, 8, 9, 8, 8, 8, 
30: 9, 5, 0, 0, 0, 0, 0, 0, 0, 0, 0, 6, 9, 0, 0, 7, 0, 0, 10, 0, 0, 0, 0, 6, 7, 9, 5, 10, 0, 0, 10, 0, 0, 0, 10, 8, 7, 0, 0, 7, 0, 0, 0, 0, 0, 10, 0, 0, 8, 7, 6, 0, 0, 10, 7, 11, 0, 9, 10, 0, 6, 0, 0, 8, 0, 6, 7, 0, 7, 9, 8, 0, 8, 0, 0, 0, 0, 8, 6, 0, : 9, 5, 6, 9, 7, 10, 6, 7, 9, 5, 10, 10, 10, 8, 7, 7, 10, 8, 7, 6, 10, 7, 11, 9, 10, 6, 8, 6, 7, 7, 9, 8, 8, 8, 6, 
44: 7, 0, 0, 10, 9, 7, 10, 6, 0, 0, 4, 0, 0, 0, 8, 0, 0, 5, 4, 5, 0, 0, 0, 0, 8, 0, 0, 0, 0, 4, 0, 0, 6, 9, 7, 11, 7, 0, 0, 9, 8, 0, 8, 0, 7, 7, 6, 7, 0, 0, 0, 7, 10, 8, 7, 7, 0, 0, 0, 0, 6, 0, 5, 10, 8, 6, 0, 7, 6, 8, 9, 8, 0, 8, 0, 8, 0, 8, 0, 7, : 7, 10, 9, 7, 10, 6, 4, 8, 5, 4, 5, 8, 4, 6, 9, 7, 11, 7, 9, 8, 8, 7, 7, 6, 7, 7, 10, 8, 7, 7, 6, 5, 10, 8, 6, 7, 6, 8, 9, 8, 8, 8, 8, 7, 
7: 9, 7, 0, 8, 0, 0, 0, 0, 0, 0, 0, 9, 8, 0, 0, 8, 9, 8, 9, 9, 0, 0, 9, 0, 5, 6, 5, 0, 0, 0, 0, 0, 7, 7, 0, 0, 10, 7, 0, 0, 0, 0, 7, 8, 9, 7, 7, 0, 6, 9, 8, 6, 0, 9, 6, 7, 7, 0, 0, 5, 0, 0, 0, 0, 0, 9, 0, 0, 0, 0, 0, 0, 9, 8, 0, 0, 6, 0, 0, 0, : 9, 7, 8, 9, 8, 8, 9, 8, 9, 9, 9, 5, 6, 5, 7, 7, 10, 7, 7, 8, 9, 7, 7, 6, 9, 8, 6, 9, 6, 7, 7, 5, 9, 9, 8, 6, 
147: 8, 0, 6, 0, 8, 5, 0, 10, 8, 5, 6, 8, 0, 0, 0, 9, 10, 0, 7, 10, 10, 0, 6, 0, 0, 0, 0, 0, 8, 0, 0, 7, 10, 10, 0, 0, 0, 0, 7, 0, 0, 0, 0, 7, 0, 0, 7, 0, 0, 9, 8, 0, 7, 6, 9, 0, 0, 8, 0, 0, 8, 7, 0, 0, 8, 0, 8, 7, 6, 8, 0, 0, 0, 0, 0, 6, 0, 0, 0, 0, : 8, 6, 8, 5, 10, 8, 5, 6, 8, 9, 10, 7, 10, 10, 6, 8, 7, 10, 10, 7, 7, 7, 9, 8, 7, 6, 9, 8, 8, 7, 8, 8, 7, 6, 8, 6, 
106: 8, 0, 0, 9, 0, 8, 0, 8, 6, 0, 8, 0, 8, 10, 5, 6, 0, 0, 9, 0, 9, 0, 10, 10, 7, 0, 0, 8, 0, 0, 7, 10, 9, 0, 7, 0, 0, 6, 6, 9, 6, 8, 7, 0, 0, 0, 7, 0, 0, 0, 0, 9, 9, 6, 0, 0, 0, 8, 7, 0, 9, 7, 8, 6, 0, 0, 0, 0, 6, 0, 0, 0, 0, 0, 0, 7, 0, 9, 0, 8, : 8, 9, 8, 8, 6, 8, 8, 10, 5, 6, 9, 9, 10, 10, 7, 8, 7, 10, 9, 7, 6, 6, 9, 6, 8, 7, 7, 9, 9, 6, 8, 7, 9, 7, 8, 6, 6, 7, 9, 8, 
82: 0, 8, 0, 7, 7, 0, 0, 0, 4, 0, 0, 10, 7, 0, 0, 0, 8, 0, 0, 0, 0, 9, 0, 0, 0, 8, 0, 0, 11, 0, 0, 6, 8, 6, 7, 0, 0, 9, 0, 8, 0, 0, 9, 0, 0, 0, 0, 7, 9, 0, 0, 8, 8, 0, 8, 0, 0, 0, 6, 0, 8, 9, 0, 0, 0, 0, 0, 0, 0, 0, 0, 8, 0, 7, 0, 0, 7, 0, 0, 0, : 8, 7, 7, 4, 10, 7, 8, 9, 8, 11, 6, 8, 6, 7, 9, 8, 9, 7, 9, 8, 8, 8, 6, 8, 9, 8, 7, 7, 
84: 10, 10, 7, 7, 0, 5, 0, 6, 11, 0, 8, 7, 6, 0, 0, 0, 0, 0, 0, 0, 0, 0, 0, 9, 9, 9, 0, 0, 10, 0, 5, 0, 10, 7, 0, 0, 0, 10, 8, 0, 9, 9, 9, 8, 8, 0, 0, 10, 7, 0, 0, 0, 0, 0, 0, 0, 0, 0, 5, 8, 10, 0, 7, 0, 6, 0, 0, 0, 0, 7, 9, 9, 8, 0, 8, 9, 9, 7, 0, 8, : 10, 10, 7, 7, 5, 6, 11, 8, 7, 6, 9, 9, 9, 10, 5, 10, 7, 10, 8, 9, 9, 9, 8, 8, 10, 7, 5, 8, 10, 7, 6, 7, 9, 9, 8, 8, 9, 9, 7, 8, 
109: 0, 8, 0, 0, 0, 0, 11, 10, 8, 9, 0, 8, 9, 0, 0, 0, 8, 6, 0, 0, 6, 0, 8, 0, 0, 0, 0, 9, 0, 7, 7, 0, 0, 0, 0, 7, 7, 7, 7, 8, 0, 0, 8, 6, 6, 6, 8, 0, 0, 0, 9, 0, 8, 0, 0, 7, 7, 0, 0, 0, 7, 0, 8, 8, 8, 0, 0, 7, 8, 0, 0, 0, 0, 0, 0, 0, 0, 0, 8, 0, : 8, 11, 10, 8, 9, 8, 9, 8, 6, 6, 8, 9, 7, 7, 7, 7, 7, 7, 8, 8, 6, 6, 6, 8, 9, 8, 7, 7, 7, 8, 8, 8, 7, 8, 8, 
1: 7, 0, 8, 6, 7, 10, 9, 8, 0, 9, 0, 0, 7, 6, 0, 10, 0, 9, 0, 0, 5, 10, 0, 0, 0, 9, 0, 0, 5, 10, 9, 0, 9, 0, 0, 7, 0, 7, 7, 0, 7, 9, 8, 0, 0, 7, 0, 9, 7, 0, 0, 0, 5, 0, 0, 5, 10, 6, 10, 7, 0, 9, 9, 0, 0, 8, 7, 0, 0, 0, 7, 7, 8, 9, 7, 0, 8, 7, 0, 7, : 7, 8, 6, 7, 10, 9, 8, 9, 7, 6, 10, 9, 5, 10, 9, 5, 10, 9, 9, 7, 7, 7, 7, 9, 8, 7, 9, 7, 5, 5, 10, 6, 10, 7, 9, 9, 8, 7, 7, 7, 8, 9, 7, 8, 7, 7, 
2: 7, 9, 5, 0, 8, 9, 6, 0, 6, 0, 8, 0, 7, 8, 8, 0, 6, 5, 6, 7, 0, 8, 0, 10, 6, 0, 0, 0, 9, 10, 9, 0, 9, 0, 0, 8, 0, 8, 0, 8, 0, 0, 0, 0, 0, 8, 6, 0, 0, 6, 8, 7, 9, 10, 6, 6, 0, 5, 7, 0, 0, 0, 8, 0, 0, 0, 0, 8, 8, 9, 7, 0, 0, 7, 0, 0, 8, 7, 7, 8, : 7, 9, 5, 8, 9, 6, 6, 8, 7, 8, 8, 6, 5, 6, 7, 8, 10, 6, 9, 10, 9, 9, 8, 8, 8, 8, 6, 6, 8, 7, 9, 10, 6, 6, 5, 7, 8, 8, 8, 9, 7, 7, 8, 7, 7, 8, 
129: 0, 7, 9, 0, 0, 6, 0, 6, 0, 0, 5, 0, 0, 6, 0, 0, 5, 0, 8, 0, 8, 0, 7, 8, 10, 6, 6, 0, 5, 7, 7, 9, 6, 0, 7, 10, 6, 8, 8, 7, 5, 8, 0, 5, 7, 6, 9, 0, 7, 0, 10, 0, 0, 0, 10, 0, 10, 0, 0, 0, 0, 0, 0, 5, 7, 0, 0, 10, 0, 0, 0, 0, 0, 0, 0, 0, 0, 0, 9, 0, : 7, 9, 6, 6, 5, 6, 5, 8, 8, 7, 8, 10, 6, 6, 5, 7, 7, 9, 6, 7, 10, 6, 8, 8, 7, 5, 8, 5, 7, 6, 9, 7, 10, 10, 10, 5, 7, 10, 9, 
153: 0, 9, 9, 0, 9, 0, 6, 7, 0, 7, 0, 0, 0, 0, 0, 7, 0, 9, 8, 5, 0, 9, 0, 0, 0, 0, 9, 0, 0, 8, 0, 7, 7, 7, 6, 4, 7, 8, 8, 8, 0, 0, 6, 8, 10, 7, 0, 0, 6, 0, 10, 7, 0, 9, 0, 0, 0, 5, 7, 6, 0, 0, 0, 8, 0, 0, 7, 0, 7, 9, 6, 7, 9, 7, 8, 0, 0, 0, 0, 9, : 9, 9, 9, 6, 7, 7, 7, 9, 8, 5, 9, 9, 8, 7, 7, 7, 6, 4, 7, 8, 8, 8, 6, 8, 10, 7, 6, 10, 7, 9, 5, 7, 6, 8, 7, 7, 9, 6, 7, 9, 7, 8, 9, 
116: 6, 0, 0, 7, 0, 11, 5, 4, 9, 9, 8, 7, 0, 7, 0, 0, 0, 8, 0, 0, 0, 8, 0, 7, 0, 0, 7, 4, 8, 7, 8, 8, 8, 8, 0, 0, 0, 7, 0, 10, 6, 0, 8, 8, 8, 7, 0, 0, 0, 9, 10, 5, 8, 5, 0, 7, 0, 10, 0, 10, 9, 0, 10, 8, 7, 0, 7, 0, 0, 0, 0, 0, 8, 0, 6, 8, 8, 9, 8, 8, : 6, 7, 11, 5, 4, 9, 9, 8, 7, 7, 8, 8, 7, 7, 4, 8, 7, 8, 8, 8, 8, 7, 10, 6, 8, 8, 8, 7, 9, 10, 5, 8, 5, 7, 10, 10, 9, 10, 8, 7, 7, 8, 6, 8, 8, 9, 8, 8, 
9: 7, 7, 0, 0, 8, 7, 0, 0, 9, 7, 7, 0, 0, 8, 0, 6, 6, 0, 9, 4, 0, 0, 0, 0, 10, 0, 8, 7, 0, 7, 0, 0, 0, 0, 8, 9, 0, 0, 9, 8, 9, 0, 0, 10, 8, 9, 0, 8, 0, 6, 0, 0, 0, 8, 7, 0, 9, 0, 0, 9, 0, 0, 8, 0, 6, 0, 0, 0, 0, 0, 0, 0, 0, 0, 6, 0, 0, 0, 8, 0, : 7, 7, 8, 7, 9, 7, 7, 8, 6, 6, 9, 4, 10, 8, 7, 7, 8, 9, 9, 8, 9, 10, 8, 9, 8, 6, 8, 7, 9, 9, 8, 6, 6, 8, 
61: 0, 0, 10, 0, 9, 0, 10, 8, 6, 9, 6, 0, 10, 8, 6, 5, 0, 0, 0, 9, 0, 0, 8, 7, 0, 7, 9, 0, 9, 0, 0, 7, 0, 7, 7, 0, 0, 0, 0, 0, 0, 9, 0, 0, 0, 8, 7, 7, 8, 0, 9, 10, 9, 0, 0, 0, 0, 7, 8, 0, 7, 9, 0, 0, 0, 0, 0, 0, 0, 0, 8, 0, 8, 0, 9, 5, 0, 0, 0, 0, : 10, 9, 10, 8, 6, 9, 6, 10, 8, 6, 5, 9, 8, 7, 7, 9, 9, 7, 7, 7, 9, 8, 7, 7, 8, 9, 10, 9, 7, 8, 7, 9, 8, 8, 9, 5, 
115: 8, 8, 0, 0, 7, 7, 7, 0, 0, 4, 5, 8, 0, 0, 0, 0, 9, 0, 0, 0, 5, 8, 9, 4, 8, 5, 0, 0, 9, 6, 0, 10, 0, 5, 0, 0, 8, 0, 0, 10, 0, 0, 6, 0, 7, 8, 0, 8, 9, 0, 0, 0, 6, 7, 0, 8, 0, 5, 0, 7, 8, 0, 0, 0, 9, 10, 0, 0, 9, 0, 6, 0, 7, 8, 0, 0, 0, 0, 7, 8, : 8, 8, 7, 7, 7, 4, 5, 8, 9, 5, 8, 9, 4, 8, 5, 9, 6, 10, 5, 8, 10, 6, 7, 8, 8, 9, 6, 7, 8, 5, 7, 8, 9, 10, 9, 6, 7, 8, 7, 8, 
72: 0, 0, 6, 7, 5, 8, 0, 9, 0, 10, 0, 0, 7, 0, 7, 6, 0, 0, 0, 0, 6, 9, 0, 10, 10, 11, 0, 7, 9, 10, 5, 8, 6, 0, 0, 0, 9, 0, 8, 7, 9, 7, 0, 8, 6, 0, 0, 0, 0, 0, 8, 0, 0, 6, 0, 10, 0, 0, 0, 5, 0, 0, 0, 5, 0, 0, 0, 8, 8, 6, 7, 0, 7, 7, 8, 0, 8, 7, 0, 0, : 6, 7, 5, 8, 9, 10, 7, 7, 6, 6, 9, 10, 10, 11, 7, 9, 10, 5, 8, 6, 9, 8, 7, 9, 7, 8, 6, 8, 6, 10, 5, 5, 8, 8, 6, 7, 7, 7, 8, 8, 7, 
52: 0, 0, 9, 10, 0, 0, 0, 9, 6, 7, 0, 7, 8, 0, 0, 7, 0, 6, 0, 9, 0, 0, 9, 11, 8, 6, 0, 5, 6, 0, 0, 5, 10, 7, 0, 9, 8, 0, 0, 7, 0, 7, 7, 7, 0, 9, 0, 7, 0, 8, 0, 8, 0, 0, 0, 0, 0, 0, 9, 8, 7, 0, 9, 0, 4, 0, 0, 8, 0, 7, 9, 0, 5, 8, 0, 0, 7, 8, 0, 8, : 9, 10, 9, 6, 7, 7, 8, 7, 6, 9, 9, 11, 8, 6, 5, 6, 5, 10, 7, 9, 8, 7, 7, 7, 7, 9, 7, 8, 8, 9, 8, 7, 9, 4, 8, 7, 9, 5, 8, 7, 8, 8, 
145: 0, 10, 0, 0, 0, 0, 0, 0, 8, 7, 8, 0, 0, 0, 6, 0, 0, 0, 0, 9, 0, 6, 0, 0, 0, 0, 9, 10, 0, 0, 0, 0, 0, 0, 7, 9, 0, 7, 0, 0, 0, 0, 11, 0, 7, 0, 7, 8, 8, 7, 0, 0, 0, 0, 9, 10, 0, 0, 0, 8, 0, 0, 0, 5, 0, 0, 7, 7, 0, 8, 8, 8, 0, 8, 8, 9, 9, 6, 0, 9, : 10, 8, 7, 8, 6, 9, 6, 9, 10, 7, 9, 7, 11, 7, 7, 8, 8, 7, 9, 10, 8, 5, 7, 7, 8, 8, 8, 8, 8, 9, 9, 6, 9, 
124: 0, 0, 0, 8, 7, 0, 10, 0, 0, 0, 6, 4, 0, 9, 9, 10, 7, 0, 10, 6, 0, 6, 0, 5, 0, 10, 7, 0, 0, 9, 0, 10, 9, 7, 0, 7, 0, 0, 7, 0, 11, 9, 0, 0, 0, 7, 7, 8, 0, 0, 8, 0, 8, 0, 5, 0, 10, 7, 7, 8, 7, 0, 0, 7, 0, 0, 8, 0, 0, 6, 0, 7, 8, 9, 0, 0, 7, 8, 9, 6, : 8, 7, 10, 6, 4, 9, 9, 10, 7, 10, 6, 6, 5, 10, 7, 9, 10, 9, 7, 7, 7, 11, 9, 7, 7, 8, 8, 8, 5, 10, 7, 7, 8, 7, 7, 8, 6, 7, 8, 9, 7, 8, 9, 6, 
139: 5, 0, 0, 6, 6, 0, 0, 9, 0, 7, 0, 0, 0, 0, 8, 5, 8, 0, 10, 0, 0, 0, 5, 10, 6, 10, 0, 0, 0, 8, 0, 0, 10, 8, 8, 8, 7, 0, 8, 7, 0, 0, 0, 11, 0, 0, 0, 9, 8, 7, 0, 0, 10, 0, 0, 0, 0, 0, 6, 9, 0, 7, 0, 0, 10, 0, 7, 0, 0, 0, 0, 0, 7, 0, 7, 0, 0, 0, 9, 0, : 5, 6, 6, 9, 7, 8, 5, 8, 10, 5, 10, 6, 10, 8, 10, 8, 8, 8, 7, 8, 7, 11, 9, 8, 7, 10, 6, 9, 7, 10, 7, 7, 7, 9, 
5: 7, 10, 0, 0, 0, 0, 0, 6, 9, 0, 9, 0, 0, 0, 10, 10, 0, 7, 0, 8, 0, 0, 8, 0, 0, 10, 4, 6, 5, 6, 0, 9, 0, 0, 0, 7, 11, 0, 0, 0, 7, 8, 0, 7, 0, 0, 0, 0, 6, 7, 0, 0, 0, 8, 0, 9, 8, 9, 0, 0, 0, 7, 10, 0, 0, 0, 7, 0, 7, 0, 8, 8, 8, 9, 7, 8, 8, 0, 6, 0, : 7, 10, 6, 9, 9, 10, 10, 7, 8, 8, 10, 4, 6, 5, 6, 9, 7, 11, 7, 8, 7, 6, 7, 8, 9, 8, 9, 7, 10, 7, 7, 8, 8, 8, 9, 7, 8, 8, 6, 
121: 9, 0, 8, 0, 8, 0, 0, 9, 0, 5, 0, 9, 0, 8, 8, 8, 0, 10, 0, 0, 8, 8, 0, 9, 0, 0, 0, 0, 0, 10, 8, 10, 0, 8, 10, 0, 0, 8, 7, 0, 0, 5, 0, 0, 10, 0, 7, 7, 7, 0, 10, 10, 10, 0, 0, 0, 0, 0, 6, 0, 5, 10, 0, 0, 0, 8, 0, 8, 9, 0, 0, 0, 8, 6, 0, 0, 6, 9, 8, 0, : 9, 8, 8, 9, 5, 9, 8, 8, 8, 10, 8, 8, 9, 10, 8, 10, 8, 10, 8, 7, 5, 10, 7, 7, 7, 10, 10, 10, 6, 5, 10, 8, 8, 9, 8, 6, 6, 9, 8, 
49: 5, 6, 0, 7, 6, 6, 0, 11, 8, 0, 8, 0, 0, 0, 7, 0, 0, 0, 7, 6, 0, 9, 0, 9, 0, 0, 7, 0, 0, 0, 11, 0, 0, 6, 8, 8, 0, 8, 0, 0, 0, 8, 0, 0, 8, 8, 0, 0, 7, 8, 0, 9, 0, 5, 6, 0, 0, 0, 0, 9, 0, 7, 7, 8, 7, 8, 9, 0, 7, 8, 7, 0, 0, 0, 8, 0, 0, 7, 8, 7, : 5, 6, 7, 6, 6, 11, 8, 8, 7, 7, 6, 9, 9, 7, 11, 6, 8, 8, 8, 8, 8, 8, 7, 8, 9, 5, 6, 9, 7, 7, 8, 7, 8, 9, 7, 8, 7, 8, 7, 8, 7, 
58: 6, 8, 10, 9, 0, 0, 7, 0, 0, 0, 0, 9, 0, 0, 0, 8, 0, 0, 0, 0, 0, 0, 7, 0, 0, 0, 6, 6, 8, 8, 0, 6, 0, 7, 0, 0, 9, 4, 8, 0, 9, 6, 9, 7, 10, 0, 0, 0, 6, 0, 0, 8, 0, 6, 0, 0, 7, 0, 0, 6, 0, 0, 0, 9, 10, 0, 6, 6, 0, 7, 7, 0, 8, 8, 0, 0, 0, 8, 0, 0, : 6, 8, 10, 9, 7, 9, 8, 7, 6, 6, 8, 8, 6, 7, 9, 4, 8, 9, 6, 9, 7, 10, 6, 8, 6, 7, 6, 9, 10, 6, 6, 7, 7, 8, 8, 8, 
150: 0, 9, 0, 8, 10, 9, 8, 10, 0, 6, 6, 9, 10, 0, 7, 0, 0, 9, 7, 10, 8, 6, 4, 0, 6, 0, 7, 0, 0, 6, 0, 0, 8, 0, 0, 8, 7, 8, 0, 0, 9, 8, 0, 7, 9, 0, 9, 0, 6, 9, 5, 0, 5, 0, 8, 5, 7, 7, 8, 0, 7, 0, 9, 0, 0, 7, 0, 8, 8, 9, 0, 7, 0, 0, 0, 9, 6, 8, 0, 8, : 9, 8, 10, 9, 8, 10, 6, 6, 9, 10, 7, 9, 7, 10, 8, 6, 4, 6, 7, 6, 8, 8, 7, 8, 9, 8, 7, 9, 9, 6, 9, 5, 5, 8, 5, 7, 7, 8, 7, 9, 7, 8, 8, 9, 7, 9, 6, 8, 8, 
87: 8, 0, 7, 0, 6, 6, 7, 0, 0, 7, 0, 7, 8, 0, 0, 7, 0, 0, 8, 0, 10, 6, 0, 0, 10, 0, 0, 0, 0, 0, 5, 0, 0, 0, 7, 8, 0, 0, 6, 8, 8, 6, 0, 0, 9, 0, 7, 6, 10, 0, 0, 6, 0, 8, 0, 7, 7, 0, 8, 8, 0, 0, 0, 0, 0, 0, 9, 0, 8, 8, 7, 0, 0, 7, 0, 0, 8, 0, 0, 0, : 8, 7, 6, 6, 7, 7, 7, 8, 7, 8, 10, 6, 10, 5, 7, 8, 6, 8, 8, 6, 9, 7, 6, 10, 6, 8, 7, 7, 8, 8, 9, 8, 8, 7, 7, 8, 
92: 7, 0, 0, 9, 9, 0, 0, 0, 0, 8, 9, 7, 0, 9, 0, 0, 8, 5, 9, 0, 8, 0, 8, 6, 0, 10, 5, 9, 0, 0, 0, 0, 0, 0, 0, 0, 0, 0, 8, 0, 5, 10, 9, 0, 0, 0, 8, 10, 0, 0, 0, 8, 0, 0, 0, 0, 10, 6, 0, 0, 0, 9, 0, 0, 7, 0, 8, 9, 7, 0, 9, 0, 0, 7, 8, 0, 8, 0, 7, 8, : 7, 9, 9, 8, 9, 7, 9, 8, 5, 9, 8, 8, 6, 10, 5, 9, 8, 5, 10, 9, 8, 10, 8, 10, 6, 9, 7, 8, 9, 7, 9, 7, 8, 8, 7, 8, 
111: 0, 7, 0, 0, 9, 0, 0, 5, 0, 0, 0, 0, 0, 10, 10, 0, 8, 0, 0, 7, 9, 0, 5, 7, 0, 8, 6, 0, 0, 9, 0, 0, 7, 7, 5, 8, 0, 0, 9, 8, 0, 8, 0, 0, 0, 0, 9, 8, 7, 0, 0, 0, 7, 0, 0, 0, 5, 7, 7, 0, 10, 10, 0, 0, 8, 0, 0, 0, 5, 7, 7, 0, 9, 7, 0, 0, 0, 8, 8, 0, : 7, 9, 5, 10, 10, 8, 7, 9, 5, 7, 8, 6, 9, 7, 7, 5, 8, 9, 8, 8, 9, 8, 7, 7, 5, 7, 7, 10, 10, 8, 5, 7, 7, 9, 7, 8, 8, 
28: 8, 0, 0, 0, 0, 0, 0, 0, 0, 5, 0, 0, 5, 8, 9, 6, 9, 0, 0, 0, 9, 0, 0, 0, 9, 6, 9, 0, 0, 7, 0, 0, 0, 0, 0, 0, 0, 7, 8, 0, 0, 7, 0, 0, 0, 8, 0, 0, 0, 6, 0, 8, 9, 0, 0, 0, 0, 7, 0, 0, 0, 0, 10, 6, 9, 0, 0, 7, 7, 0, 0, 8, 0, 9, 8, 7, 0, 0, 7, 9, : 8, 5, 5, 8, 9, 6, 9, 9, 9, 6, 9, 7, 7, 8, 7, 8, 6, 8, 9, 7, 10, 6, 9, 7, 7, 8, 9, 8, 7, 7, 9, 
74: 0, 0, 0, 7, 9, 9, 0, 8, 9, 0, 0, 0, 8, 0, 0, 0, 0, 0, 6, 6, 7, 0, 0, 0, 8, 0, 0, 9, 0, 10, 10, 6, 7, 0, 0, 9, 6, 0, 0, 7, 0, 9, 0, 0, 9, 0, 10, 8, 6, 8, 8, 0, 7, 6, 6, 5, 0, 9, 0, 0, 9, 0, 0, 11, 7, 0, 0, 0, 7, 0, 8, 0, 0, 9, 0, 6, 9, 0, 0, 7, : 7, 9, 9, 8, 9, 8, 6, 6, 7, 8, 9, 10, 10, 6, 7, 9, 6, 7, 9, 9, 10, 8, 6, 8, 8, 7, 6, 6, 5, 9, 9, 11, 7, 7, 8, 9, 6, 9, 7, 


102: 7, 0, 0, 0, 0, 0, 0, 6, 10, 9, 8, 7, 0, 0, 9, 0, 7, 10, 6, 8, 0, 0, 9, 0, 0, 4, 7, 0, 0, 7, 0, 0, 0, 7, 8, 6, 11, 0, 0, 7, 7, 6, 0, 0, 7, 0, 6, 10, 7, 0, 0, 8, 0, 7, 0, 8, 5, 0, 0, 8, 0, 0, 0, 0, 0, 8, 0, 0, 7, 8, 0, 0, 8, 9, 0, 0, 8, 7, 8, 8, : 7, 6, 10, 9, 8, 7, 9, 7, 10, 6, 8, 9, 4, 7, 7, 7, 8, 6, 11, 7, 7, 6, 7, 6, 10, 7, 8, 7, 8, 5, 8, 8, 7, 8, 8, 9, 8, 7, 8, 8, 
16: 0, 8, 10, 6, 7, 8, 7, 0, 8, 0, 0, 0, 6, 9, 0, 0, 0, 0, 8, 0, 0, 0, 0, 0, 0, 8, 9, 0, 9, 0, 9, 0, 0, 0, 9, 6, 0, 6, 8, 0, 8, 0, 0, 7, 0, 0, 7, 9, 0, 0, 0, 0, 0, 6, 9, 0, 8, 8, 0, 8, 0, 0, 0, 0, 7, 0, 7, 0, 8, 8, 8, 8, 9, 0, 0, 0, 9, 8, 7, 0, : 8, 10, 6, 7, 8, 7, 8, 6, 9, 8, 8, 9, 9, 9, 9, 6, 6, 8, 8, 7, 7, 9, 6, 9, 8, 8, 8, 7, 7, 8, 8, 8, 8, 9, 9, 8, 7, 
27: 10, 0, 0, 0, 5, 9, 8, 0, 6, 6, 0, 0, 0, 0, 0, 0, 0, 0, 0, 9, 0, 0, 0, 7, 0, 0, 0, 9, 0, 0, 6, 0, 7, 0, 5, 0, 0, 0, 0, 0, 0, 0, 8, 9, 0, 0, 0, 6, 0, 5, 8, 0, 9, 0, 0, 0, 10, 0, 8, 7, 11, 9, 9, 6, 9, 0, 6, 8, 6, 0, 0, 7, 0, 0, 7, 9, 0, 8, 0, 0, : 10, 5, 9, 8, 6, 6, 9, 7, 9, 6, 7, 5, 8, 9, 6, 5, 8, 9, 10, 8, 7, 11, 9, 9, 6, 9, 6, 8, 6, 7, 7, 9, 8, 
136: 10, 8, 0, 0, 7, 7, 5, 8, 0, 11, 11, 9, 6, 4, 0, 0, 0, 0, 9, 0, 9, 0, 8, 5, 6, 0, 0, 0, 7, 0, 0, 5, 9, 10, 0, 6, 9, 0, 0, 0, 0, 7, 11, 10, 0, 10, 0, 0, 0, 9, 8, 8, 0, 0, 0, 0, 5, 7, 8, 7, 0, 0, 7, 0, 0, 8, 0, 0, 0, 8, 0, 0, 0, 7, 0, 0, 7, 8, 8, 9, : 10, 8, 7, 7, 5, 8, 11, 11, 9, 6, 4, 9, 9, 8, 5, 6, 7, 5, 9, 10, 6, 9, 7, 11, 10, 10, 9, 8, 8, 5, 7, 8, 7, 7, 8, 8, 7, 7, 8, 8, 9, 
6: 0, 10, 7, 0, 6, 7, 0, 7, 8, 0, 0, 0, 10, 0, 10, 0, 0, 0, 7, 0, 10, 8, 0, 8, 7, 9, 0, 6, 0, 0, 0, 0, 0, 10, 10, 9, 0, 0, 0, 8, 0, 7, 6, 6, 11, 7, 10, 7, 7, 8, 0, 6, 0, 0, 0, 6, 9, 7, 0, 11, 10, 0, 0, 7, 8, 0, 7, 0, 0, 0, 8, 0, 0, 0, 0, 0, 9, 0, 8, 0, : 10, 7, 6, 7, 7, 8, 10, 10, 7, 10, 8, 8, 7, 9, 6, 10, 10, 9, 8, 7, 6, 6, 11, 7, 10, 7, 7, 8, 6, 6, 9, 7, 11, 10, 7, 8, 7, 8, 9, 8, 
17: 0, 0, 0, 8, 0, 0, 6, 11, 5, 8, 0, 0, 0, 10, 0, 10, 0, 5, 0, 0, 0, 0, 0, 0, 8, 6, 7, 9, 7, 0, 0, 6, 0, 0, 0, 0, 7, 8, 7, 0, 5, 0, 8, 8, 8, 0, 0, 0, 0, 0, 9, 0, 0, 5, 10, 9, 0, 0, 8, 6, 8, 8, 0, 0, 6, 8, 0, 0, 0, 7, 8, 7, 7, 0, 0, 0, 8, 0, 0, 8, : 8, 6, 11, 5, 8, 10, 10, 5, 8, 6, 7, 9, 7, 6, 7, 8, 7, 5, 8, 8, 8, 9, 5, 10, 9, 8, 6, 8, 8, 6, 8, 7, 8, 7, 7, 8, 8, 
112: 0, 9, 0, 7, 0, 0, 0, 0, 9, 6, 9, 8, 0, 8, 9, 0, 9, 0, 9, 5, 9, 9, 0, 7, 9, 7, 0, 0, 9, 8, 0, 9, 0, 0, 0, 7, 9, 0, 8, 0, 10, 9, 0, 0, 0, 8, 0, 0, 0, 8, 0, 5, 0, 0, 9, 6, 0, 0, 0, 0, 0, 0, 7, 8, 0, 6, 9, 8, 0, 0, 0, 0, 7, 9, 0, 7, 7, 8, 7, 8, : 9, 7, 9, 6, 9, 8, 8, 9, 9, 9, 5, 9, 9, 7, 9, 7, 9, 8, 9, 7, 9, 8, 10, 9, 8, 8, 5, 9, 6, 7, 8, 6, 9, 8, 7, 9, 7, 7, 8, 7, 8, 
99: 9, 7, 0, 0, 0, 10, 0, 0, 0, 9, 9, 7, 6, 8, 0, 10, 0, 6, 7, 0, 0, 7, 8, 11, 0, 0, 0, 0, 6, 0, 0, 5, 9, 8, 0, 0, 0, 9, 0, 10, 0, 0, 8, 0, 0, 8, 0, 7, 9, 9, 6, 9, 6, 8, 9, 0, 0, 0, 0, 8, 6, 8, 0, 0, 0, 7, 7, 8, 7, 6, 8, 0, 0, 9, 0, 0, 7, 0, 8, 0, : 9, 7, 10, 9, 9, 7, 6, 8, 10, 6, 7, 7, 8, 11, 6, 5, 9, 8, 9, 10, 8, 8, 7, 9, 9, 6, 9, 6, 8, 9, 8, 6, 8, 7, 7, 8, 7, 6, 8, 9, 7, 8, 
152: 0, 6, 6, 0, 10, 0, 0, 8, 9, 0, 0, 6, 0, 6, 7, 9, 0, 0, 0, 0, 0, 10, 0, 8, 0, 0, 7, 7, 0, 0, 0, 0, 0, 6, 0, 0, 8, 0, 9, 0, 0, 0, 0, 6, 10, 7, 0, 0, 7, 0, 0, 0, 0, 0, 0, 0, 0, 0, 7, 0, 8, 9, 0, 8, 0, 8, 0, 7, 8, 0, 0, 0, 8, 0, 0, 5, 9, 0, 0, 8, : 6, 6, 10, 8, 9, 6, 6, 7, 9, 10, 8, 7, 7, 6, 8, 9, 6, 10, 7, 7, 7, 8, 9, 8, 8, 7, 8, 8, 5, 9, 8, 
130: 6, 8, 7, 7, 10, 0, 0, 7, 9, 8, 7, 5, 7, 0, 6, 9, 0, 7, 0, 9, 6, 0, 0, 5, 8, 0, 0, 7, 0, 8, 10, 9, 8, 7, 9, 0, 8, 9, 8, 9, 0, 8, 0, 0, 0, 0, 9, 10, 10, 0, 8, 8, 6, 0, 6, 0, 0, 6, 9, 0, 0, 0, 0, 0, 0, 8, 0, 8, 0, 0, 6, 0, 9, 9, 0, 0, 0, 9, 0, 9, : 6, 8, 7, 7, 10, 7, 9, 8, 7, 5, 7, 6, 9, 7, 9, 6, 5, 8, 7, 8, 10, 9, 8, 7, 9, 8, 9, 8, 9, 8, 9, 10, 10, 8, 8, 6, 6, 6, 9, 8, 8, 6, 9, 9, 9, 9, 
69: 8, 0, 0, 9, 0, 8, 10, 0, 0, 9, 9, 10, 0, 8, 0, 0, 8, 0, 0, 7, 7, 5, 0, 0, 7, 0, 0, 0, 0, 0, 0, 0, 7, 7, 7, 10, 6, 6, 0, 0, 11, 0, 0, 8, 5, 6, 7, 0, 0, 0, 7, 8, 8, 8, 9, 0, 0, 10, 0, 0, 7, 6, 0, 0, 7, 6, 0, 9, 7, 8, 8, 7, 8, 0, 9, 0, 5, 0, 0, 6, : 8, 9, 8, 10, 9, 9, 10, 8, 8, 7, 7, 5, 7, 7, 7, 7, 10, 6, 6, 11, 8, 5, 6, 7, 7, 8, 8, 8, 9, 10, 7, 6, 7, 6, 9, 7, 8, 8, 7, 8, 9, 5, 6, 
122: 9, 7, 0, 6, 0, 9, 9, 5, 0, 0, 0, 0, 0, 8, 0, 8, 8, 4, 7, 0, 0, 0, 0, 0, 0, 10, 7, 0, 0, 7, 7, 0, 0, 8, 0, 0, 5, 7, 6, 0, 8, 0, 0, 10, 0, 9, 9, 0, 7, 0, 5, 0, 9, 0, 9, 0, 0, 0, 9, 6, 0, 7, 0, 7, 6, 0, 0, 0, 9, 6, 0, 7, 0, 9, 9, 8, 7, 7, 0, 7, : 9, 7, 6, 9, 9, 5, 8, 8, 8, 4, 7, 10, 7, 7, 7, 8, 5, 7, 6, 8, 10, 9, 9, 7, 5, 9, 9, 9, 6, 7, 7, 6, 9, 6, 7, 9, 9, 8, 7, 7, 7, 
120: 0, 0, 0, 11, 0, 5, 7, 0, 9, 0, 6, 11, 9, 6, 0, 7, 7, 0, 0, 0, 0, 0, 9, 4, 0, 0, 0, 7, 0, 7, 8, 5, 0, 9, 6, 0, 7, 0, 8, 7, 8, 9, 0, 8, 9, 0, 6, 9, 8, 9, 0, 9, 7, 0, 8, 9, 10, 0, 10, 0, 8, 0, 7, 7, 8, 0, 9, 7, 8, 0, 0, 8, 6, 0, 7, 0, 0, 8, 8, 0, : 11, 5, 7, 9, 6, 11, 9, 6, 7, 7, 9, 4, 7, 7, 8, 5, 9, 6, 7, 8, 7, 8, 9, 8, 9, 6, 9, 8, 9, 9, 7, 8, 9, 10, 10, 8, 7, 7, 8, 9, 7, 8, 8, 6, 7, 8, 8, 
37: 7, 7, 7, 6, 7, 9, 0, 0, 7, 0, 6, 8, 8, 0, 0, 9, 0, 9, 0, 7, 8, 7, 0, 9, 0, 0, 8, 8, 0, 8, 0, 9, 0, 6, 10, 0, 0, 7, 0, 0, 0, 7, 6, 0, 7, 0, 8, 6, 9, 6, 8, 0, 0, 9, 7, 0, 0, 9, 7, 0, 6, 7, 8, 7, 0, 0, 0, 0, 0, 8, 0, 6, 0, 0, 0, 6, 0, 7, 0, 0, : 7, 7, 7, 6, 7, 9, 7, 6, 8, 8, 9, 9, 7, 8, 7, 9, 8, 8, 8, 9, 6, 10, 7, 7, 6, 7, 8, 6, 9, 6, 8, 9, 7, 9, 7, 6, 7, 8, 7, 8, 6, 6, 7, 
126: 0, 5, 0, 0, 0, 0, 0, 9, 10, 0, 0, 0, 0, 7, 6, 0, 4, 0, 9, 0, 0, 0, 10, 8, 0, 6, 0, 0, 0, 0, 0, 0, 0, 0, 11, 8, 7, 10, 6, 0, 0, 10, 5, 0, 0, 8, 0, 9, 0, 10, 7, 8, 6, 0, 0, 6, 8, 0, 5, 8, 8, 0, 0, 8, 7, 0, 9, 7, 0, 0, 0, 0, 0, 6, 0, 8, 0, 9, 8, 6, : 5, 9, 10, 7, 6, 4, 9, 10, 8, 6, 11, 8, 7, 10, 6, 10, 5, 8, 9, 10, 7, 8, 6, 6, 8, 5, 8, 8, 8, 7, 9, 7, 6, 8, 9, 8, 6, 
97: 9, 9, 0, 0, 0, 8, 0, 0, 0, 0, 8, 9, 8, 0, 8, 0, 7, 0, 0, 10, 9, 0, 9, 0, 11, 7, 0, 0, 5, 0, 0, 8, 8, 0, 0, 0, 0, 10, 8, 0, 8, 0, 0, 6, 8, 0, 5, 7, 0, 0, 10, 8, 8, 0, 9, 9, 0, 0, 0, 8, 0, 0, 0, 0, 0, 0, 0, 0, 7, 0, 8, 0, 0, 6, 8, 7, 0, 0, 5, 8, : 9, 9, 8, 8, 9, 8, 8, 7, 10, 9, 9, 11, 7, 5, 8, 8, 10, 8, 8, 6, 8, 5, 7, 10, 8, 8, 9, 9, 8, 7, 8, 6, 8, 7, 5, 8, 
75: 0, 10, 0, 0, 0, 0, 0, 0, 0, 0, 9, 6, 8, 0, 0, 0, 10, 5, 0, 0, 0, 9, 7, 0, 11, 8, 10, 0, 0, 9, 0, 7, 0, 8, 9, 0, 0, 6, 8, 8, 8, 0, 11, 9, 0, 0, 0, 0, 0, 0, 5, 6, 7, 0, 6, 0, 7, 0, 7, 0, 0, 9, 7, 0, 0, 8, 0, 0, 9, 8, 9, 0, 0, 0, 0, 0, 8, 8, 0, 7, : 10, 9, 6, 8, 10, 5, 9, 7, 11, 8, 10, 9, 7, 8, 9, 6, 8, 8, 8, 11, 9, 5, 6, 7, 6, 7, 7, 9, 7, 8, 9, 8, 9, 8, 8, 7, 
67: 7, 9, 9, 0, 10, 0, 0, 8, 8, 0, 0, 9, 0, 0, 10, 0, 0, 6, 8, 0, 0, 0, 8, 0, 0, 0, 0, 0, 6, 0, 0, 7, 8, 0, 0, 9, 0, 0, 0, 8, 0, 8, 0, 0, 4, 0, 5, 7, 9, 9, 9, 7, 6, 0, 0, 10, 0, 10, 5, 10, 6, 0, 8, 0, 6, 6, 8, 8, 0, 7, 0, 8, 8, 0, 0, 0, 0, 0, 9, 8, : 7, 9, 9, 10, 8, 8, 9, 10, 6, 8, 8, 6, 7, 8, 9, 8, 8, 4, 5, 7, 9, 9, 9, 7, 6, 10, 10, 5, 10, 6, 8, 6, 6, 8, 8, 7, 8, 8, 9, 8, 
50: 0, 8, 0, 0, 0, 9, 8, 6, 7, 8, 9, 8, 8, 0, 5, 9, 6, 0, 7, 9, 0, 9, 0, 0, 6, 6, 9, 6, 0, 7, 10, 8, 0, 9, 0, 7, 0, 0, 0, 8, 6, 0, 9, 8, 0, 11, 8, 0, 0, 7, 0, 11, 0, 10, 0, 0, 9, 9, 0, 0, 9, 0, 0, 7, 8, 0, 8, 8, 9, 0, 8, 7, 8, 8, 9, 0, 8, 0, 6, 0, : 8, 9, 8, 6, 7, 8, 9, 8, 8, 5, 9, 6, 7, 9, 9, 6, 6, 9, 6, 7, 10, 8, 9, 7, 8, 6, 9, 8, 11, 8, 7, 11, 10, 9, 9, 9, 7, 8, 8, 8, 9, 8, 7, 8, 8, 9, 8, 6, 
80: 0, 7, 8, 7, 0, 7, 8, 0, 6, 0, 0, 9, 5, 7, 0, 7, 0, 0, 0, 7, 8, 10, 6, 0, 4, 0, 9, 0, 7, 0, 9, 10, 0, 4, 0, 0, 7, 0, 6, 0, 6, 9, 0, 0, 0, 6, 0, 5, 0, 0, 0, 10, 7, 8, 0, 0, 0, 6, 6, 0, 10, 0, 6, 0, 0, 0, 6, 8, 0, 9, 0, 0, 0, 8, 0, 0, 0, 0, 0, 8, : 7, 8, 7, 7, 8, 6, 9, 5, 7, 7, 7, 8, 10, 6, 4, 9, 7, 9, 10, 4, 7, 6, 6, 9, 6, 5, 10, 7, 8, 6, 6, 10, 6, 6, 8, 9, 8, 8, 
4: 7, 0, 9, 0, 5, 8, 0, 0, 0, 7, 0, 0, 9, 0, 0, 7, 8, 0, 9, 0, 9, 5, 8, 8, 5, 8, 9, 8, 8, 8, 8, 7, 6, 6, 0, 9, 0, 9, 8, 0, 0, 9, 10, 0, 0, 7, 9, 7, 10, 5, 8, 0, 0, 6, 0, 8, 6, 0, 10, 7, 6, 9, 8, 0, 0, 0, 0, 0, 0, 8, 8, 0, 7, 8, 7, 8, 0, 0, 9, 0, : 7, 9, 5, 8, 7, 9, 7, 8, 9, 9, 5, 8, 8, 5, 8, 9, 8, 8, 8, 8, 7, 6, 6, 9, 9, 8, 9, 10, 7, 9, 7, 10, 5, 8, 6, 8, 6, 10, 7, 6, 9, 8, 8, 8, 7, 8, 7, 8, 9, 
142: 0, 0, 6, 0, 8, 0, 0, 8, 0, 0, 7, 7, 9, 0, 8, 6, 8, 0, 7, 0, 0, 8, 11, 10, 0, 8, 9, 0, 8, 6, 7, 0, 0, 0, 0, 0, 0, 0, 0, 0, 0, 5, 7, 0, 0, 9, 0, 6, 0, 7, 0, 0, 8, 0, 8, 0, 0, 0, 0, 0, 0, 7, 9, 9, 9, 8, 0, 9, 8, 7, 7, 0, 8, 9, 9, 9, 9, 0, 9, 0, : 6, 8, 8, 7, 7, 9, 8, 6, 8, 7, 8, 11, 10, 8, 9, 8, 6, 7, 5, 7, 9, 6, 7, 8, 8, 7, 9, 9, 9, 8, 9, 8, 7, 7, 8, 9, 9, 9, 9, 9, 
47: 0, 8, 0, 7, 0, 0, 7, 9, 0, 6, 0, 6, 8, 8, 0, 10, 7, 9, 8, 6, 0, 0, 0, 8, 9, 0, 8, 5, 0, 0, 10, 9, 0, 0, 0, 6, 6, 0, 9, 8, 0, 6, 10, 5, 7, 5, 7, 0, 7, 0, 5, 7, 0, 0, 0, 0, 9, 7, 0, 7, 0, 0, 6, 5, 8, 0, 0, 7, 9, 7, 8, 0, 8, 0, 7, 7, 0, 9, 0, 0, : 8, 7, 7, 9, 6, 6, 8, 8, 10, 7, 9, 8, 6, 8, 9, 8, 5, 10, 9, 6, 6, 9, 8, 6, 10, 5, 7, 5, 7, 7, 5, 7, 9, 7, 7, 6, 5, 8, 7, 9, 7, 8, 8, 7, 7, 9, 
21: 0, 7, 6, 6, 9, 5, 0, 0, 0, 9, 8, 0, 0, 0, 7, 7, 8, 0, 8, 9, 8, 8, 0, 6, 0, 8, 0, 0, 7, 7, 0, 7, 0, 7, 7, 8, 10, 0, 0, 0, 0, 5, 8, 8, 6, 0, 0, 0, 6, 10, 5, 0, 9, 6, 9, 0, 8, 0, 0, 0, 0, 6, 0, 8, 0, 8, 0, 0, 8, 0, 5, 8, 0, 0, 0, 8, 7, 0, 8, 0, : 7, 6, 6, 9, 5, 9, 8, 7, 7, 8, 8, 9, 8, 8, 6, 8, 7, 7, 7, 7, 7, 8, 10, 5, 8, 8, 6, 6, 10, 5, 9, 6, 9, 8, 6, 8, 8, 8, 5, 8, 8, 7, 8, 
98: 0, 10, 0, 0, 0, 8, 4, 5, 0, 6, 0, 0, 9, 0, 7, 5, 0, 7, 0, 10, 8, 7, 5, 0, 7, 0, 0, 0, 7, 7, 0, 0, 9, 0, 11, 10, 0, 9, 0, 6, 7, 8, 0, 0, 0, 11, 0, 0, 0, 10, 0, 0, 0, 6, 0, 8, 0, 6, 0, 10, 0, 8, 0, 0, 9, 0, 8, 0, 0, 8, 0, 8, 7, 0, 9, 0, 0, 0, 6, 0, : 10, 8, 4, 5, 6, 9, 7, 5, 7, 10, 8, 7, 5, 7, 7, 7, 9, 11, 10, 9, 6, 7, 8, 11, 10, 6, 8, 6, 10, 8, 9, 8, 8, 8, 7, 9, 6, 
154: 0, 0, 8, 0, 9, 0, 0, 0, 0, 6, 0, 0, 0, 0, 0, 7, 8, 8, 10, 10, 10, 6, 0, 8, 9, 9, 0, 8, 6, 9, 8, 0, 8, 8, 0, 0, 0, 0, 0, 8, 9, 8, 0, 0, 0, 7, 10, 5, 8, 6, 0, 7, 0, 8, 8, 0, 7, 0, 0, 0, 0, 0, 0, 0, 6, 8, 8, 0, 9, 0, 0, 8, 0, 0, 8, 0, 0, 0, 8, 0, : 8, 9, 6, 7, 8, 8, 10, 10, 10, 6, 8, 9, 9, 8, 6, 9, 8, 8, 8, 8, 9, 8, 7, 10, 5, 8, 6, 7, 8, 8, 7, 6, 8, 8, 9, 8, 8, 8, 
26: 7, 7, 0, 9, 7, 9, 0, 0, 7, 9, 9, 8, 0, 0, 7, 0, 8, 0, 10, 0, 0, 7, 10, 8, 7, 10, 0, 0, 9, 0, 8, 0, 0, 8, 8, 10, 9, 9, 5, 6, 11, 7, 0, 0, 9, 0, 0, 10, 6, 0, 8, 9, 6, 6, 0, 0, 0, 0, 7, 0, 7, 0, 0, 0, 0, 0, 6, 0, 8, 0, 8, 0, 9, 7, 0, 0, 8, 0, 8, 7, : 7, 7, 9, 7, 9, 7, 9, 9, 8, 7, 8, 10, 7, 10, 8, 7, 10, 9, 8, 8, 8, 10, 9, 9, 5, 6, 11, 7, 9, 10, 6, 8, 9, 6, 6, 7, 7, 6, 8, 8, 9, 7, 8, 8, 7, 
64: 5, 9, 8, 6, 0, 5, 9, 8, 0, 0, 5, 0, 8, 6, 0, 0, 0, 0, 0, 7, 6, 0, 0, 8, 6, 10, 7, 0, 0, 0, 8, 6, 8, 0, 0, 8, 10, 9, 11, 0, 0, 11, 9, 0, 7, 0, 8, 0, 11, 8, 0, 0, 7, 0, 0, 8, 0, 0, 0, 0, 0, 0, 8, 0, 6, 0, 0, 0, 7, 0, 0, 8, 0, 8, 7, 0, 6, 0, 7, 8, : 5, 9, 8, 6, 5, 9, 8, 5, 8, 6, 7, 6, 8, 6, 10, 7, 8, 6, 8, 8, 10, 9, 11, 11, 9, 7, 8, 11, 8, 7, 8, 8, 6, 7, 8, 8, 7, 6, 7, 8, 
32: 9, 9, 10, 0, 5, 8, 11, 9, 0, 0, 6, 0, 0, 0, 6, 9, 8, 0, 10, 6, 0, 6, 10, 0, 0, 8, 5, 8, 0, 8, 0, 0, 0, 9, 0, 8, 7, 6, 7, 0, 0, 9, 0, 0, 7, 6, 0, 0, 0, 7, 6, 8, 7, 9, 10, 8, 6, 0, 9, 0, 7, 9, 9, 0, 10, 0, 0, 0, 8, 0, 0, 0, 5, 5, 9, 0, 0, 0, 9, 0, : 9, 9, 10, 5, 8, 11, 9, 6, 6, 9, 8, 10, 6, 6, 10, 8, 5, 8, 8, 9, 8, 7, 6, 7, 9, 7, 6, 7, 6, 8, 7, 9, 10, 8, 6, 9, 7, 9, 9, 10, 8, 5, 5, 9, 9, 
73: 0, 0, 0, 7, 8, 6, 0, 0, 0, 0, 8, 0, 0, 0, 6, 0, 0, 8, 0, 8, 5, 0, 0, 0, 10, 0, 0, 8, 0, 0, 6, 10, 7, 0, 0, 8, 0, 5, 0, 0, 7, 8, 5, 0, 0, 11, 0, 7, 0, 8, 0, 0, 0, 8, 10, 6, 9, 7, 7, 0, 6, 0, 8, 9, 0, 7, 8, 7, 0, 0, 0, 8, 6, 8, 0, 7, 0, 9, 8, 8, : 7, 8, 6, 8, 6, 8, 8, 5, 10, 8, 6, 10, 7, 8, 5, 7, 8, 5, 11, 7, 8, 8, 10, 6, 9, 7, 7, 6, 8, 9, 7, 8, 7, 8, 6, 8, 7, 9, 8, 8, 
53: 9, 7, 7, 0, 0, 0, 8, 0, 6, 0, 0, 0, 0, 0, 0, 0, 0, 0, 0, 0, 7, 0, 8, 7, 0, 6, 8, 0, 0, 9, 0, 0, 0, 8, 0, 7, 0, 0, 10, 6, 9, 0, 6, 8, 0, 0, 0, 0, 10, 0, 7, 6, 8, 0, 0, 9, 0, 8, 8, 8, 0, 6, 0, 0, 0, 0, 7, 0, 0, 9, 0, 0, 0, 0, 0, 8, 8, 7, 0, 8, : 9, 7, 7, 8, 6, 7, 8, 7, 6, 8, 9, 8, 7, 10, 6, 9, 6, 8, 10, 7, 6, 8, 9, 8, 8, 8, 6, 7, 9, 8, 8, 7, 8, 
45: 0, 0, 8, 7, 0, 0, 9, 0, 8, 0, 0, 0, 0, 7, 7, 0, 0, 8, 5, 4, 0, 8, 11, 7, 0, 8, 0, 0, 9, 0, 6, 0, 7, 0, 0, 6, 0, 6, 7, 10, 8, 0, 7, 0, 0, 0, 0, 8, 6, 0, 8, 0, 0, 0, 7, 8, 0, 8, 0, 0, 0, 0, 7, 0, 9, 0, 0, 9, 8, 0, 7, 7, 0, 0, 9, 8, 0, 0, 0, 0, : 8, 7, 9, 8, 7, 7, 8, 5, 4, 8, 11, 7, 8, 9, 6, 7, 6, 6, 7, 10, 8, 7, 8, 6, 8, 7, 8, 8, 7, 9, 9, 8, 7, 7, 9, 8, 
35: 8, 0, 9, 5, 0, 0, 0, 0, 0, 8, 0, 9, 0, 8, 8, 0, 0, 9, 10, 0, 0, 6, 0, 0, 8, 0, 8, 0, 6, 0, 6, 0, 10, 0, 8, 9, 0, 10, 0, 0, 8, 8, 8, 0, 0, 0, 0, 0, 7, 0, 0, 0, 0, 0, 7, 10, 0, 9, 0, 0, 9, 0, 0, 0, 8, 8, 0, 0, 0, 0, 0, 0, 0, 0, 6, 0, 0, 8, 6, 9, : 8, 9, 5, 8, 9, 8, 8, 9, 10, 6, 8, 8, 6, 6, 10, 8, 9, 10, 8, 8, 8, 7, 7, 10, 9, 9, 8, 8, 6, 8, 6, 9, 
51: 0, 7, 0, 0, 9, 5, 0, 0, 9, 0, 0, 0, 0, 8, 0, 0, 9, 6, 7, 8, 10, 0, 0, 0, 0, 8, 8, 8, 7, 9, 8, 9, 8, 0, 8, 0, 0, 0, 0, 7, 9, 0, 0, 9, 6, 9, 9, 0, 0, 0, 6, 0, 0, 0, 0, 8, 8, 8, 0, 8, 0, 0, 0, 0, 6, 8, 8, 9, 0, 0, 7, 9, 9, 7, 7, 7, 0, 0, 7, 0, : 7, 9, 5, 9, 8, 9, 6, 7, 8, 10, 8, 8, 8, 7, 9, 8, 9, 8, 8, 7, 9, 9, 6, 9, 9, 6, 8, 8, 8, 8, 6, 8, 8, 9, 7, 9, 9, 7, 7, 7, 7, 
113: 9, 0, 8, 8, 9, 0, 8, 0, 9, 0, 7, 0, 0, 0, 0, 0, 10, 11, 8, 0, 0, 7, 0, 0, 0, 6, 5, 6, 0, 6, 0, 8, 0, 0, 9, 0, 8, 9, 0, 0, 5, 0, 0, 6, 9, 0, 7, 9, 0, 7, 9, 0, 0, 0, 0, 8, 0, 0, 0, 9, 7, 0, 6, 11, 0, 0, 0, 0, 0, 8, 0, 0, 9, 8, 8, 0, 0, 8, 0, 8, : 9, 8, 8, 9, 8, 9, 7, 10, 11, 8, 7, 6, 5, 6, 6, 8, 9, 8, 9, 5, 6, 9, 7, 9, 7, 9, 8, 9, 7, 6, 11, 8, 9, 8, 8, 8, 8, 
144: 0, 0, 0, 10, 6, 0, 0, 6, 0, 0, 0, 4, 7, 7, 0, 0, 0, 8, 0, 8, 10, 7, 8, 0, 0, 0, 7, 0, 0, 10, 0, 0, 0, 10, 7, 0, 6, 0, 8, 0, 5, 7, 8, 7, 8, 0, 0, 5, 0, 11, 10, 7, 5, 7, 0, 0, 10, 7, 6, 11, 0, 6, 9, 7, 8, 11, 0, 9, 8, 8, 0, 9, 0, 0, 0, 0, 0, 0, 0, 7, : 10, 6, 6, 4, 7, 7, 8, 8, 10, 7, 8, 7, 10, 10, 7, 6, 8, 5, 7, 8, 7, 8, 5, 11, 10, 7, 5, 7, 10, 7, 6, 11, 6, 9, 7, 8, 11, 9, 8, 8, 9, 7, 
10: 8, 6, 6, 0, 0, 0, 7, 0, 0, 6, 4, 5, 0, 7, 9, 0, 8, 8, 0, 0, 0, 4, 7, 9, 7, 5, 0, 0, 0, 0, 0, 6, 7, 0, 0, 0, 0, 0, 9, 0, 7, 0, 0, 11, 7, 6, 0, 0, 7, 6, 9, 0, 0, 0, 0, 0, 9, 0, 0, 6, 8, 7, 0, 0, 8, 0, 0, 0, 9, 0, 0, 9, 0, 0, 8, 0, 0, 8, 8, 9, : 8, 6, 6, 7, 6, 4, 5, 7, 9, 8, 8, 4, 7, 9, 7, 5, 6, 7, 9, 7, 11, 7, 6, 7, 6, 9, 9, 6, 8, 7, 8, 9, 9, 8, 8, 8, 9, 
22: 0, 0, 8, 0, 0, 0, 6, 0, 0, 0, 0, 0, 0, 0, 11, 8, 7, 8, 7, 6, 8, 6, 0, 9, 8, 9, 10, 8, 8, 0, 0, 8, 7, 0, 0, 6, 0, 0, 0, 6, 0, 6, 0, 8, 8, 0, 10, 9, 0, 0, 0, 0, 8, 7, 7, 5, 0, 0, 0, 8, 8, 0, 8, 9, 7, 0, 10, 0, 8, 0, 0, 7, 6, 0, 0, 0, 0, 7, 7, 7, : 8, 6, 11, 8, 7, 8, 7, 6, 8, 6, 9, 8, 9, 10, 8, 8, 8, 7, 6, 6, 6, 8, 8, 10, 9, 8, 7, 7, 5, 8, 8, 8, 9, 7, 10, 8, 7, 6, 7, 7, 7, 
143: 8, 0, 5, 0, 0, 10, 0, 0, 6, 9, 8, 0, 8, 0, 8, 0, 0, 7, 0, 9, 0, 0, 9, 0, 0, 9, 8, 9, 0, 0, 0, 0, 9, 0, 8, 0, 9, 7, 0, 7, 6, 0, 8, 0, 0, 6, 0, 0, 8, 0, 7, 5, 6, 7, 6, 9, 0, 0, 0, 9, 0, 0, 0, 0, 0, 8, 0, 7, 0, 0, 6, 0, 0, 8, 0, 8, 0, 8, 9, 9, : 8, 5, 10, 6, 9, 8, 8, 8, 7, 9, 9, 9, 8, 9, 9, 8, 9, 7, 7, 6, 8, 6, 8, 7, 5, 6, 7, 6, 9, 9, 8, 7, 6, 8, 8, 8, 9, 9, 
103: 0, 0, 0, 6, 0, 0, 8, 8, 6, 10, 0, 7, 0, 0, 0, 5, 0, 0, 10, 0, 9, 7, 0, 0, 5, 7, 8, 0, 8, 6, 8, 0, 7, 9, 0, 9, 6, 7, 0, 5, 8, 0, 0, 0, 7, 7, 0, 8, 0, 0, 0, 9, 8, 10, 0, 0, 0, 8, 7, 0, 0, 7, 0, 0, 0, 9, 0, 6, 0, 9, 0, 6, 0, 0, 0, 7, 0, 0, 0, 7, : 6, 8, 8, 6, 10, 7, 5, 10, 9, 7, 5, 7, 8, 8, 6, 8, 7, 9, 9, 6, 7, 5, 8, 7, 7, 8, 9, 8, 10, 8, 7, 7, 9, 6, 9, 6, 7, 7, 
36: 8, 0, 0, 8, 7, 0, 8, 0, 0, 0, 0, 8, 6, 0, 0, 6, 8, 0, 0, 0, 0, 8, 0, 8, 0, 0, 0, 9, 6, 0, 0, 7, 9, 4, 0, 0, 6, 8, 8, 8, 8, 10, 7, 0, 9, 8, 8, 0, 7, 9, 0, 9, 0, 0, 0, 0, 6, 0, 7, 7, 0, 0, 6, 9, 8, 6, 8, 0, 0, 0, 9, 8, 9, 6, 0, 9, 0, 9, 0, 8, : 8, 8, 7, 8, 8, 6, 6, 8, 8, 8, 9, 6, 7, 9, 4, 6, 8, 8, 8, 8, 10, 7, 9, 8, 8, 7, 9, 9, 6, 7, 7, 6, 9, 8, 6, 8, 9, 8, 9, 6, 9, 9, 8, 
60: 0, 0, 10, 6, 0, 10, 0, 7, 0, 0, 0, 0, 7, 9, 7, 0, 0, 7, 0, 0, 0, 0, 0, 6, 0, 9, 6, 5, 9, 11, 0, 0, 5, 0, 7, 0, 0, 11, 6, 0, 5, 0, 0, 0, 0, 0, 9, 0, 0, 0, 0, 6, 8, 0, 7, 7, 10, 9, 7, 0, 8, 7, 0, 6, 9, 0, 0, 7, 0, 8, 0, 7, 0, 0, 0, 6, 0, 9, 0, 0, : 10, 6, 10, 7, 7, 9, 7, 7, 6, 9, 6, 5, 9, 11, 5, 7, 11, 6, 5, 9, 6, 8, 7, 7, 10, 9, 7, 8, 7, 6, 9, 7, 8, 7, 6, 9, 
20: 0, 7, 8, 0, 0, 0, 7, 9, 6, 9, 0, 0, 6, 6, 7, 0, 6, 6, 0, 10, 0, 10, 6, 0, 0, 7, 8, 0, 0, 0, 9, 8, 8, 7, 0, 0, 9, 0, 10, 6, 0, 4, 5, 8, 11, 0, 9, 9, 10, 0, 5, 6, 8, 0, 9, 6, 0, 7, 9, 0, 9, 7, 0, 0, 0, 0, 7, 0, 0, 0, 9, 0, 0, 9, 0, 9, 7, 0, 0, 7, : 7, 8, 7, 9, 6, 9, 6, 6, 7, 6, 6, 10, 10, 6, 7, 8, 9, 8, 8, 7, 9, 10, 6, 4, 5, 8, 11, 9, 9, 10, 5, 6, 8, 9, 6, 7, 9, 9, 7, 7, 9, 9, 9, 7, 7, 
66: 0, 6, 8, 0, 8, 8, 10, 7, 0, 5, 0, 8, 0, 0, 10, 8, 0, 8, 0, 6, 8, 6, 7, 0, 10, 0, 0, 0, 8, 0, 5, 0, 0, 7, 8, 8, 0, 7, 0, 0, 0, 0, 0, 5, 5, 0, 4, 0, 8, 0, 0, 8, 9, 9, 0, 0, 5, 0, 8, 0, 0, 8, 8, 0, 0, 8, 0, 0, 0, 7, 0, 9, 7, 7, 0, 0, 7, 8, 0, 9, : 6, 8, 8, 8, 10, 7, 5, 8, 10, 8, 8, 6, 8, 6, 7, 10, 8, 5, 7, 8, 8, 7, 5, 5, 4, 8, 8, 9, 9, 5, 8, 8, 8, 8, 7, 9, 7, 7, 7, 8, 9, 
135: 0, 0, 6, 8, 8, 0, 0, 0, 0, 0, 0, 8, 8, 11, 10, 0, 0, 0, 0, 0, 0, 0, 6, 0, 9, 0, 7, 7, 8, 0, 0, 0, 0, 8, 8, 6, 0, 8, 7, 7, 0, 0, 5, 7, 0, 0, 9, 0, 7, 8, 0, 10, 0, 0, 7, 0, 0, 0, 0, 8, 6, 0, 9, 7, 8, 0, 0, 0, 0, 8, 0, 0, 8, 8, 0, 9, 0, 0, 0, 0, : 6, 8, 8, 8, 8, 11, 10, 6, 9, 7, 7, 8, 8, 8, 6, 8, 7, 7, 5, 7, 9, 7, 8, 10, 7, 8, 6, 9, 7, 8, 8, 8, 8, 9, 
34: 0, 8, 0, 0, 6, 0, 7, 8, 4, 7, 0, 0, 7, 0, 0, 0, 7, 0, 0, 0, 7, 0, 9, 7, 8, 0, 0, 0, 0, 6, 10, 0, 10, 0, 0, 9, 8, 6, 0, 0, 0, 6, 9, 7, 0, 0, 0, 8, 0, 0, 0, 0, 8, 0, 5, 8, 0, 9, 0, 6, 0, 9, 6, 8, 8, 7, 8, 8, 0, 0, 0, 0, 7, 0, 6, 0, 9, 7, 0, 0, : 8, 6, 7, 8, 4, 7, 7, 7, 7, 9, 7, 8, 6, 10, 10, 9, 8, 6, 6, 9, 7, 8, 8, 5, 8, 9, 6, 9, 6, 8, 8, 7, 8, 8, 7, 6, 9, 7, 
131: 7, 0, 0, 10, 9, 0, 6, 4, 0, 9, 0, 0, 0, 0, 8, 7, 0, 0, 10, 7, 6, 0, 8, 10, 0, 0, 0, 0, 8, 8, 0, 0, 0, 9, 7, 9, 8, 0, 10, 9, 0, 0, 6, 0, 0, 0, 6, 10, 9, 0, 0, 6, 0, 7, 0, 0, 0, 0, 0, 7, 8, 0, 8, 8, 8, 9, 8, 0, 0, 9, 0, 0, 6, 9, 8, 8, 8, 0, 0, 8, : 7, 10, 9, 6, 4, 9, 8, 7, 10, 7, 6, 8, 10, 8, 8, 9, 7, 9, 8, 10, 9, 6, 6, 10, 9, 6, 7, 7, 8, 8, 8, 8, 9, 8, 9, 6, 9, 8, 8, 8, 8, 
63: 0, 0, 0, 10, 6, 0, 0, 0, 0, 0, 0, 0, 10, 0, 0, 8, 0, 0, 0, 9, 0, 0, 0, 8, 0, 7, 0, 8, 10, 9, 0, 7, 0, 0, 9, 0, 7, 8, 0, 8, 10, 0, 0, 0, 8, 6, 0, 0, 0, 6, 10, 0, 0, 0, 7, 0, 0, 0, 6, 0, 0, 7, 0, 9, 7, 6, 7, 0, 0, 0, 9, 0, 0, 7, 0, 9, 7, 0, 0, 0, : 10, 6, 10, 8, 9, 8, 7, 8, 10, 9, 7, 9, 7, 8, 8, 10, 8, 6, 6, 10, 7, 6, 7, 9, 7, 6, 7, 9, 7, 9, 7, 
133: 0, 0, 8, 0, 9, 7, 0, 0, 0, 4, 6, 5, 0, 7, 9, 0, 0, 7, 0, 7, 0, 0, 4, 0, 0, 0, 8, 0, 0, 7, 0, 0, 0, 0, 0, 0, 7, 0, 7, 0, 0, 0, 10, 0, 9, 0, 0, 0, 8, 0, 0, 0, 0, 0, 0, 0, 0, 9, 7, 7, 5, 0, 6, 0, 7, 0, 7, 6, 9, 0, 7, 0, 0, 0, 7, 7, 8, 8, 0, 6, : 8, 9, 7, 4, 6, 5, 7, 9, 7, 7, 4, 8, 7, 7, 7, 10, 9, 8, 9, 7, 7, 5, 6, 7, 7, 6, 9, 7, 7, 7, 8, 8, 6, 
132: 7, 10, 0, 0, 7, 0, 8, 7, 0, 0, 6, 0, 8, 0, 0, 7, 0, 0, 9, 0, 8, 10, 0, 8, 8, 0, 0, 9, 0, 9, 10, 0, 0, 7, 0, 0, 0, 0, 0, 0, 10, 0, 0, 8, 0, 0, 8, 6, 0, 0, 0, 6, 0, 9, 0, 7, 10, 9, 8, 7, 0, 0, 0, 0, 0, 9, 0, 8, 0, 0, 0, 0, 8, 0, 7, 0, 9, 7, 0, 0, : 7, 10, 7, 8, 7, 6, 8, 7, 9, 8, 10, 8, 8, 9, 9, 10, 7, 10, 8, 8, 6, 6, 9, 7, 10, 9, 8, 7, 9, 8, 8, 7, 9, 7, 
158: 0, 0, 0, 0, 6, 7, 0, 0, 8, 0, 7, 0, 0, 0, 7, 0, 9, 8, 6, 9, 0, 7, 0, 0, 7, 10, 0, 7, 9, 7, 8, 10, 0, 0, 9, 0, 9, 0, 0, 0, 8, 0, 0, 0, 7, 0, 6, 7, 0, 5, 10, 0, 8, 0, 9, 7, 8, 0, 0, 8, 6, 0, 8, 0, 0, 0, 0, 8, 8, 9, 7, 0, 9, 6, 0, 9, 7, 8, 0, 0, : 6, 7, 8, 7, 7, 9, 8, 6, 9, 7, 7, 10, 7, 9, 7, 8, 10, 9, 9, 8, 7, 6, 7, 5, 10, 8, 9, 7, 8, 8, 6, 8, 8, 8, 9, 7, 9, 6, 9, 7, 8, 
86: 0, 0, 9, 0, 0, 10, 7, 9, 0, 9, 8, 7, 9, 0, 0, 7, 5, 0, 0, 0, 7, 9, 7, 0, 0, 0, 0, 8, 0, 0, 0, 0, 0, 7, 6, 7, 0, 8, 0, 5, 8, 8, 0, 0, 6, 0, 0, 0, 0, 6, 8, 0, 10, 8, 6, 0, 0, 10, 9, 0, 0, 8, 0, 0, 6, 0, 6, 7, 0, 0, 8, 0, 8, 0, 6, 8, 9, 0, 0, 0, : 9, 10, 7, 9, 9, 8, 7, 9, 7, 5, 7, 9, 7, 8, 7, 6, 7, 8, 5, 8, 8, 6, 6, 8, 10, 8, 6, 10, 9, 8, 6, 6, 7, 8, 8, 6, 8, 9, 
104: 0, 0, 0, 9, 0, 0, 0, 0, 0, 0, 0, 0, 0, 0, 9, 9, 0, 8, 0, 0, 6, 10, 9, 0, 0, 0, 9, 9, 10, 8, 7, 0, 0, 0, 5, 7, 0, 0, 0, 0, 0, 11, 7, 0, 6, 0, 8, 8, 9, 10, 0, 0, 0, 7, 0, 0, 7, 0, 0, 0, 0, 0, 0, 6, 0, 7, 0, 8, 6, 0, 9, 6, 0, 0, 8, 0, 8, 8, 0, 8, : 9, 9, 9, 8, 6, 10, 9, 9, 9, 10, 8, 7, 5, 7, 11, 7, 6, 8, 8, 9, 10, 7, 7, 6, 7, 8, 6, 9, 6, 8, 8, 8, 8, 
159: 0, 0, 7, 7, 9, 0, 0, 6, 0, 0, 9, 0, 0, 5, 8, 0, 7, 0, 0, 8, 7, 0, 8, 0, 6, 0, 7, 7, 8, 0, 4, 8, 6, 0, 8, 0, 10, 7, 0, 0, 0, 0, 7, 0, 0, 0, 10, 0, 7, 4, 0, 5, 0, 9, 5, 0, 0, 0, 0, 0, 0, 0, 0, 8, 0, 0, 9, 6, 0, 7, 8, 8, 9, 0, 8, 0, 8, 0, 0, 0, : 7, 7, 9, 6, 9, 5, 8, 7, 8, 7, 8, 6, 7, 7, 8, 4, 8, 6, 8, 10, 7, 7, 10, 7, 4, 5, 9, 5, 8, 9, 6, 7, 8, 8, 9, 8, 8, 
125: 0, 9, 7, 0, 9, 9, 6, 10, 0, 0, 0, 0, 0, 6, 7, 0, 6, 7, 0, 8, 7, 8, 0, 6, 8, 0, 0, 0, 8, 0, 6, 7, 4, 0, 7, 0, 0, 0, 0, 8, 9, 10, 0, 7, 0, 5, 0, 0, 6, 0, 7, 6, 10, 9, 0, 9, 6, 5, 7, 6, 0, 7, 9, 0, 0, 5, 0, 0, 0, 8, 0, 0, 0, 8, 8, 6, 7, 0, 8, 0, : 9, 7, 9, 9, 6, 10, 6, 7, 6, 7, 8, 7, 8, 6, 8, 8, 6, 7, 4, 7, 8, 9, 10, 7, 5, 6, 7, 6, 10, 9, 9, 6, 5, 7, 6, 7, 9, 5, 8, 8, 8, 6, 7, 8, 
55: 9, 7, 0, 8, 0, 0, 7, 0, 0, 9, 0, 0, 0, 0, 0, 7, 0, 7, 0, 8, 0, 0, 0, 0, 0, 0, 0, 0, 5, 0, 0, 0, 0, 0, 0, 0, 6, 0, 9, 9, 0, 0, 10, 0, 9, 0, 0, 10, 4, 10, 0, 0, 0, 0, 0, 0, 7, 0, 0, 0, 6, 0, 7, 8, 7, 10, 6, 0, 0, 0, 7, 9, 8, 0, 0, 8, 0, 0, 8, 0, : 9, 7, 8, 7, 9, 7, 7, 8, 5, 6, 9, 9, 10, 9, 10, 4, 10, 7, 6, 7, 8, 7, 10, 6, 7, 9, 8, 8, 8, 
107: 0, 6, 0, 8, 0, 8, 9, 10, 0, 6, 5, 0, 4, 9, 8, 0, 7, 0, 0, 0, 6, 10, 7, 0, 0, 0, 9, 8, 9, 0, 0, 0, 0, 10, 0, 6, 7, 7, 0, 8, 10, 8, 9, 0, 7, 8, 0, 0, 9, 7, 0, 0, 8, 0, 7, 0, 10, 10, 0, 0, 0, 6, 9, 10, 8, 0, 0, 8, 0, 8, 7, 9, 0, 7, 7, 0, 0, 0, 9, 0, : 6, 8, 8, 9, 10, 6, 5, 4, 9, 8, 7, 6, 10, 7, 9, 8, 9, 10, 6, 7, 7, 8, 10, 8, 9, 7, 8, 9, 7, 8, 7, 10, 10, 6, 9, 10, 8, 8, 8, 7, 9, 7, 7, 9, 
13: 8, 0, 0, 10, 0, 10, 0, 0, 8, 0, 0, 0, 0, 8, 6, 0, 8, 8, 0, 7, 0, 7, 0, 0, 11, 0, 0, 6, 8, 0, 7, 0, 8, 7, 0, 0, 9, 0, 8, 0, 0, 0, 5, 9, 0, 9, 11, 10, 0, 8, 6, 0, 0, 9, 7, 0, 8, 7, 0, 8, 7, 0, 0, 8, 0, 0, 9, 9, 7, 0, 8, 7, 0, 0, 0, 8, 8, 0, 7, 5, : 8, 10, 10, 8, 8, 6, 8, 8, 7, 7, 11, 6, 8, 7, 8, 7, 9, 8, 5, 9, 9, 11, 10, 8, 6, 9, 7, 8, 7, 8, 7, 8, 9, 9, 7, 8, 7, 8, 8, 7, 5, 
59: 0, 8, 0, 6, 5, 0, 0, 0, 5, 8, 8, 0, 0, 0, 6, 7, 0, 9, 8, 0, 7, 0, 8, 0, 8, 0, 0, 8, 0, 9, 0, 7, 0, 9, 7, 6, 0, 0, 6, 0, 0, 9, 0, 11, 0, 8, 7, 0, 0, 0, 0, 0, 8, 9, 6, 0, 7, 7, 7, 0, 8, 9, 7, 0, 0, 0, 0, 7, 0, 8, 9, 0, 7, 7, 8, 0, 0, 7, 7, 0, : 8, 6, 5, 5, 8, 8, 6, 7, 9, 8, 7, 8, 8, 8, 9, 7, 9, 7, 6, 6, 9, 11, 8, 7, 8, 9, 6, 7, 7, 7, 8, 9, 7, 7, 8, 9, 7, 7, 8, 7, 7, 
148: 7, 0, 0, 0, 9, 0, 11, 0, 0, 10, 0, 9, 8, 0, 0, 7, 0, 6, 8, 6, 0, 0, 0, 0, 0, 0, 0, 0, 8, 8, 4, 0, 6, 0, 7, 10, 8, 0, 8, 8, 0, 0, 0, 9, 0, 0, 8, 0, 6, 0, 0, 9, 0, 9, 9, 0, 7, 9, 0, 0, 7, 0, 10, 9, 0, 0, 8, 6, 0, 7, 0, 8, 0, 0, 8, 0, 0, 0, 0, 0, : 7, 9, 11, 10, 9, 8, 7, 6, 8, 6, 8, 8, 4, 6, 7, 10, 8, 8, 8, 9, 8, 6, 9, 9, 9, 7, 9, 7, 10, 9, 8, 6, 7, 8, 8, 
141: 9, 0, 0, 9, 8, 6, 11, 0, 8, 5, 11, 9, 0, 10, 0, 0, 11, 9, 9, 0, 8, 8, 7, 8, 0, 7, 8, 0, 0, 6, 10, 0, 0, 6, 0, 0, 8, 0, 7, 8, 0, 0, 6, 0, 0, 8, 6, 10, 0, 0, 0, 0, 0, 8, 5, 9, 0, 0, 0, 0, 0, 8, 11, 0, 0, 0, 0, 8, 0, 0, 7, 0, 7, 0, 9, 0, 0, 5, 7, 0, : 9, 9, 8, 6, 11, 8, 5, 11, 9, 10, 11, 9, 9, 8, 8, 7, 8, 7, 8, 6, 10, 6, 8, 7, 8, 6, 8, 6, 10, 8, 5, 9, 8, 11, 8, 7, 7, 9, 5, 7, 
57: 6, 0, 7, 5, 0, 8, 0, 0, 10, 0, 9, 0, 9, 9, 0, 0, 9, 10, 8, 0, 5, 9, 8, 9, 8, 6, 0, 8, 0, 5, 0, 8, 0, 0, 6, 7, 0, 0, 0, 5, 0, 6, 0, 7, 10, 0, 9, 0, 8, 0, 0, 8, 10, 8, 0, 8, 0, 7, 9, 0, 0, 0, 9, 8, 0, 8, 7, 7, 6, 0, 8, 9, 8, 8, 7, 0, 0, 9, 0, 0, : 6, 7, 5, 8, 10, 9, 9, 9, 9, 10, 8, 5, 9, 8, 9, 8, 6, 8, 5, 8, 6, 7, 5, 6, 7, 10, 9, 8, 8, 10, 8, 8, 7, 9, 9, 8, 8, 7, 7, 6, 8, 9, 8, 8, 7, 9, 
137: 0, 8, 0, 0, 6, 0, 0, 0, 10, 6, 0, 0, 0, 0, 7, 8, 8, 10, 0, 0, 0, 0, 6, 0, 0, 0, 0, 0, 0, 0, 8, 10, 10, 0, 0, 0, 0, 0, 7, 0, 0, 0, 9, 0, 0, 0, 6, 0, 5, 8, 5, 10, 9, 0, 0, 10, 0, 7, 5, 0, 10, 6, 0, 9, 0, 0, 8, 0, 8, 8, 0, 0, 0, 0, 0, 0, 0, 8, 0, 7, : 8, 6, 10, 6, 7, 8, 8, 10, 6, 8, 10, 10, 7, 9, 6, 5, 8, 5, 10, 9, 10, 7, 5, 10, 6, 9, 8, 8, 8, 8, 7, 
54: 7, 8, 0, 0, 8, 0, 0, 6, 8, 0, 9, 8, 9, 8, 0, 10, 0, 8, 4, 9, 7, 0, 7, 0, 0, 9, 0, 7, 8, 10, 6, 0, 8, 7, 0, 0, 0, 7, 0, 5, 7, 0, 0, 5, 10, 4, 5, 0, 0, 0, 0, 0, 0, 0, 0, 7, 0, 0, 8, 10, 8, 0, 0, 0, 0, 6, 0, 0, 7, 0, 0, 0, 0, 8, 0, 9, 7, 0, 7, 0, : 7, 8, 8, 6, 8, 9, 8, 9, 8, 10, 8, 4, 9, 7, 7, 9, 7, 8, 10, 6, 8, 7, 7, 5, 7, 5, 10, 4, 5, 7, 8, 10, 8, 6, 7, 8, 9, 7, 7, 
89: 7, 0, 0, 0, 0, 6, 5, 7, 9, 6, 8, 7, 0, 0, 0, 8, 0, 0, 0, 0, 9, 0, 0, 8, 0, 0, 6, 9, 0, 0, 0, 8, 6, 9, 7, 7, 0, 0, 0, 0, 5, 5, 9, 0, 0, 10, 0, 0, 7, 4, 7, 9, 0, 0, 8, 7, 6, 7, 0, 8, 0, 8, 0, 6, 0, 7, 7, 8, 6, 7, 6, 8, 7, 7, 5, 7, 8, 0, 0, 0, : 7, 6, 5, 7, 9, 6, 8, 7, 8, 9, 8, 6, 9, 8, 6, 9, 7, 7, 5, 5, 9, 10, 7, 4, 7, 9, 8, 7, 6, 7, 8, 8, 6, 7, 7, 8, 6, 7, 6, 8, 7, 7, 5, 7, 8, 
88: 0, 0, 0, 0, 0, 0, 7, 8, 7, 0, 0, 6, 8, 8, 8, 7, 10, 0, 7, 0, 0, 0, 7, 0, 7, 9, 5, 0, 0, 7, 10, 5, 8, 0, 9, 0, 0, 7, 0, 0, 0, 9, 0, 10, 0, 9, 0, 0, 4, 7, 10, 0, 7, 7, 7, 7, 0, 0, 8, 9, 7, 0, 0, 8, 11, 6, 8, 8, 8, 0, 0, 7, 0, 0, 0, 7, 8, 0, 0, 8, : 7, 8, 7, 6, 8, 8, 8, 7, 10, 7, 7, 7, 9, 5, 7, 10, 5, 8, 9, 7, 9, 10, 9, 4, 7, 10, 7, 7, 7, 7, 8, 9, 7, 8, 11, 6, 8, 8, 8, 7, 7, 8, 8, 
29: 9, 0, 9, 0, 0, 0, 0, 9, 9, 9, 5, 7, 8, 9, 0, 7, 0, 0, 0, 0, 0, 7, 0, 0, 0, 9, 0, 0, 7, 5, 6, 4, 10, 0, 0, 8, 0, 7, 0, 0, 6, 0, 10, 8, 7, 0, 0, 0, 7, 0, 8, 0, 8, 0, 0, 8, 0, 0, 0, 0, 0, 0, 8, 7, 7, 0, 7, 0, 7, 7, 7, 5, 0, 8, 0, 0, 0, 0, 0, 9, : 9, 9, 9, 9, 9, 5, 7, 8, 9, 7, 7, 9, 7, 5, 6, 4, 10, 8, 7, 6, 10, 8, 7, 7, 8, 8, 8, 8, 7, 7, 7, 7, 7, 7, 5, 8, 9, 
101: 0, 0, 8, 0, 0, 0, 5, 0, 6, 0, 0, 8, 8, 11, 8, 0, 0, 0, 6, 0, 0, 0, 0, 8, 0, 0, 6, 10, 8, 10, 11, 8, 0, 0, 5, 0, 0, 0, 0, 7, 7, 0, 0, 7, 0, 7, 0, 6, 0, 0, 10, 8, 10, 0, 0, 8, 8, 6, 6, 6, 8, 8, 10, 0, 9, 0, 9, 0, 0, 0, 8, 9, 8, 8, 6, 0, 0, 6, 8, 7, : 8, 5, 6, 8, 8, 11, 8, 6, 8, 6, 10, 8, 10, 11, 8, 5, 7, 7, 7, 7, 6, 10, 8, 10, 8, 8, 6, 6, 6, 8, 8, 10, 9, 9, 8, 9, 8, 8, 6, 6, 8, 7, 
85: 6, 7, 0, 8, 0, 0, 0, 7, 9, 0, 0, 10, 9, 0, 0, 7, 7, 0, 0, 8, 4, 0, 5, 0, 7, 0, 0, 0, 6, 0, 0, 0, 8, 9, 0, 10, 0, 0, 8, 0, 9, 5, 8, 0, 0, 0, 7, 7, 0, 0, 0, 0, 0, 6, 0, 0, 8, 7, 11, 0, 0, 8, 0, 0, 0, 0, 0, 9, 8, 8, 0, 8, 0, 0, 9, 0, 0, 0, 9, 8, : 6, 7, 8, 7, 9, 10, 9, 7, 7, 8, 4, 5, 7, 6, 8, 9, 10, 8, 9, 5, 8, 7, 7, 6, 8, 7, 11, 8, 9, 8, 8, 8, 9, 9, 8, 
157: 6, 0, 6, 0, 7, 9, 0, 8, 9, 0, 7, 8, 0, 0, 0, 7, 7, 0, 0, 0, 0, 0, 0, 0, 7, 7, 0, 0, 0, 0, 0, 0, 4, 5, 6, 0, 6, 7, 7, 10, 7, 0, 0, 9, 7, 8, 8, 0, 0, 7, 0, 0, 0, 0, 0, 6, 0, 0, 0, 5, 0, 8, 0, 6, 8, 9, 8, 0, 8, 0, 0, 8, 0, 0, 0, 7, 0, 6, 0, 0, : 6, 6, 7, 9, 8, 9, 7, 8, 7, 7, 7, 7, 4, 5, 6, 6, 7, 7, 10, 7, 9, 7, 8, 8, 7, 6, 5, 8, 6, 8, 9, 8, 8, 8, 7, 6, 
43: 7, 7, 8, 10, 0, 0, 8, 0, 0, 0, 5, 10, 7, 8, 0, 8, 8, 7, 0, 0, 0, 9, 8, 11, 0, 7, 8, 0, 0, 9, 9, 0, 0, 0, 6, 0, 0, 0, 6, 9, 0, 10, 0, 0, 0, 8, 0, 8, 10, 10, 0, 0, 5, 5, 10, 5, 0, 9, 8, 0, 0, 9, 0, 0, 9, 7, 8, 0, 7, 0, 0, 7, 9, 9, 8, 7, 7, 7, 9, 0, : 7, 7, 8, 10, 8, 5, 10, 7, 8, 8, 8, 7, 9, 8, 11, 7, 8, 9, 9, 6, 6, 9, 10, 8, 8, 10, 10, 5, 5, 10, 5, 9, 8, 9, 9, 7, 8, 7, 7, 9, 9, 8, 7, 7, 7, 9, 
31: 8, 8, 8, 7, 0, 8, 0, 10, 0, 9, 9, 0, 6, 6, 5, 0, 10, 10, 7, 6, 9, 0, 0, 0, 0, 7, 6, 7, 0, 0, 0, 0, 8, 7, 0, 0, 10, 8, 0, 0, 0, 0, 0, 0, 0, 0, 0, 7, 0, 0, 0, 9, 8, 0, 0, 0, 7, 5, 0, 0, 0, 8, 0, 6, 9, 0, 8, 8, 8, 6, 7, 8, 0, 7, 0, 8, 0, 6, 0, 0, : 8, 8, 8, 7, 8, 10, 9, 9, 6, 6, 5, 10, 10, 7, 6, 9, 7, 6, 7, 8, 7, 10, 8, 7, 9, 8, 7, 5, 8, 6, 9, 8, 8, 8, 6, 7, 8, 7, 8, 6, 
83: 0, 5, 7, 8, 0, 0, 9, 5, 8, 0, 9, 0, 6, 8, 0, 7, 0, 0, 0, 6, 0, 7, 4, 9, 0, 8, 0, 0, 9, 0, 7, 8, 0, 0, 0, 0, 6, 0, 0, 0, 0, 0, 7, 0, 8, 5, 0, 0, 0, 11, 0, 8, 0, 0, 0, 0, 6, 0, 0, 8, 9, 0, 7, 0, 5, 7, 0, 0, 0, 8, 8, 0, 0, 0, 0, 0, 8, 7, 0, 9, : 5, 7, 8, 9, 5, 8, 9, 6, 8, 7, 6, 7, 4, 9, 8, 9, 7, 8, 6, 7, 8, 5, 11, 8, 6, 8, 9, 7, 5, 7, 8, 8, 8, 7, 9, 
93: 6, 8, 0, 0, 8, 9, 0, 11, 0, 9, 9, 8, 0, 8, 9, 7, 0, 6, 7, 9, 9, 0, 8, 5, 7, 0, 7, 9, 0, 6, 6, 9, 6, 0, 0, 7, 6, 0, 8, 9, 0, 7, 0, 4, 8, 0, 7, 0, 0, 7, 9, 0, 8, 0, 0, 0, 0, 7, 0, 5, 9, 0, 5, 0, 0, 9, 8, 7, 0, 0, 0, 0, 0, 8, 0, 9, 6, 0, 0, 7, : 6, 8, 8, 9, 11, 9, 9, 8, 8, 9, 7, 6, 7, 9, 9, 8, 5, 7, 7, 9, 6, 6, 9, 6, 7, 6, 8, 9, 7, 4, 8, 7, 7, 9, 8, 7, 5, 9, 5, 9, 8, 7, 8, 9, 6, 7, 
42: 0, 0, 7, 0, 8, 7, 10, 8, 0, 8, 0, 0, 0, 7, 0, 0, 6, 0, 5, 0, 9, 0, 0, 7, 7, 0, 8, 0, 0, 0, 0, 0, 0, 8, 0, 5, 9, 0, 0, 10, 0, 0, 0, 5, 5, 0, 0, 8, 0, 0, 0, 0, 0, 7, 7, 0, 9, 8, 10, 0, 0, 0, 6, 9, 0, 0, 0, 0, 8, 9, 0, 0, 8, 7, 8, 8, 9, 0, 7, 0, : 7, 8, 7, 10, 8, 8, 7, 6, 5, 9, 7, 7, 8, 8, 5, 9, 10, 5, 5, 8, 7, 7, 9, 8, 10, 6, 9, 8, 9, 8, 7, 8, 8, 9, 7, 
149: 8, 0, 8, 0, 0, 0, 9, 0, 6, 8, 9, 0, 10, 0, 7, 0, 0, 10, 6, 0, 7, 0, 0, 6, 6, 0, 9, 8, 0, 8, 0, 0, 0, 10, 7, 0, 0, 5, 0, 0, 7, 0, 0, 0, 0, 8, 0, 8, 0, 0, 9, 0, 0, 0, 8, 5, 9, 0, 7, 0, 8, 10, 7, 9, 0, 8, 8, 0, 0, 0, 8, 0, 7, 0, 8, 7, 0, 7, 0, 0, : 8, 8, 9, 6, 8, 9, 10, 7, 10, 6, 7, 6, 6, 9, 8, 8, 10, 7, 5, 7, 8, 8, 9, 8, 5, 9, 7, 8, 10, 7, 9, 8, 8, 8, 7, 8, 7, 7, 
38: 8, 0, 10, 0, 0, 6, 0, 0, 0, 0, 0, 7, 8, 9, 0, 0, 0, 0, 6, 0, 0, 9, 0, 8, 0, 0, 10, 0, 0, 0, 0, 10, 10, 0, 0, 0, 0, 8, 8, 11, 0, 0, 0, 7, 0, 0, 0, 0, 10, 0, 0, 0, 0, 9, 0, 9, 0, 0, 0, 6, 9, 11, 0, 6, 0, 0, 0, 0, 0, 6, 8, 0, 0, 0, 8, 0, 6, 8, 7, 7, : 8, 10, 6, 7, 8, 9, 6, 9, 8, 10, 10, 10, 8, 8, 11, 7, 10, 9, 9, 6, 9, 11, 6, 6, 8, 8, 6, 8, 7, 7, 
14: 0, 0, 0, 9, 10, 7, 5, 6, 8, 0, 0, 9, 0, 0, 0, 0, 0, 0, 0, 0, 0, 0, 0, 0, 9, 8, 0, 9, 0, 0, 7, 10, 7, 0, 10, 0, 0, 9, 0, 8, 0, 0, 4, 10, 8, 9, 0, 4, 0, 0, 8, 8, 0, 9, 0, 0, 5, 6, 0, 0, 7, 6, 7, 7, 0, 0, 0, 0, 7, 8, 0, 8, 0, 8, 8, 0, 0, 0, 0, 0, : 9, 10, 7, 5, 6, 8, 9, 9, 8, 9, 7, 10, 7, 10, 9, 8, 4, 10, 8, 9, 4, 8, 8, 9, 5, 6, 7, 6, 7, 7, 7, 8, 8, 8, 8, 
81: 7, 0, 7, 8, 0, 0, 0, 10, 0, 6, 0, 0, 0, 6, 0, 0, 6, 0, 8, 8, 0, 0, 0, 8, 9, 0, 0, 7, 9, 0, 8, 8, 10, 0, 6, 9, 6, 0, 9, 8, 0, 6, 0, 0, 10, 9, 9, 0, 0, 0, 10, 0, 0, 7, 8, 9, 8, 0, 0, 9, 0, 7, 0, 0, 0, 9, 0, 0, 0, 0, 0, 0, 0, 0, 0, 8, 9, 9, 8, 0, : 7, 7, 8, 10, 6, 6, 6, 8, 8, 8, 9, 7, 9, 8, 8, 10, 6, 9, 6, 9, 8, 6, 10, 9, 9, 10, 7, 8, 9, 8, 9, 7, 9, 8, 9, 9, 8, 
100: 8, 0, 0, 8, 10, 5, 0, 0, 0, 8, 8, 0, 0, 0, 0, 9, 0, 0, 0, 7, 8, 0, 0, 0, 0, 0, 0, 8, 0, 6, 0, 0, 0, 0, 0, 7, 0, 8, 5, 0, 0, 9, 9, 0, 0, 7, 0, 8, 0, 8, 0, 0, 7, 8, 0, 0, 0, 0, 10, 0, 0, 7, 0, 0, 0, 9, 0, 8, 7, 7, 9, 0, 8, 0, 0, 0, 0, 0, 8, 0, : 8, 8, 10, 5, 8, 8, 9, 7, 8, 8, 6, 7, 8, 5, 9, 9, 7, 8, 8, 7, 8, 10, 7, 9, 8, 7, 7, 9, 8, 8, 


