
40
40
150
1

25: 0, 0, 0, 0, 5, 6, 0, 9, 0, 0, 0, 0, 8, 7, 7, 0, 7, 8, 0, 0, 9, 7, 0, 0, 0, 0, 9, 7, 0, 0, 8, 9, 7, 0, 7, 0, 0, 8, 7, 5, : 5, 6, 9, 8, 7, 7, 7, 8, 9, 7, 9, 7, 8, 9, 7, 7, 8, 7, 5, 
24: 7, 0, 0, 9, 8, 8, 0, 0, 0, 0, 0, 6, 6, 0, 0, 7, 6, 0, 8, 0, 7, 7, 0, 7, 0, 0, 6, 0, 8, 0, 7, 0, 7, 6, 6, 0, 7, 0, 0, 0, : 7, 9, 8, 8, 6, 6, 7, 6, 8, 7, 7, 7, 6, 8, 7, 7, 6, 6, 7, 
28: 7, 0, 0, 0, 7, 0, 7, 9, 0, 0, 5, 7, 0, 7, 0, 10, 0, 0, 8, 0, 0, 6, 5, 0, 7, 0, 0, 0, 7, 8, 9, 9, 6, 7, 0, 5, 9, 0, 8, 7, : 7, 7, 7, 9, 5, 7, 7, 10, 8, 6, 5, 7, 7, 8, 9, 9, 6, 7, 5, 9, 8, 7, 
11: 7, 11, 0, 8, 0, 0, 8, 0, 0, 11, 0, 7, 9, 6, 0, 0, 9, 0, 7, 7, 0, 0, 7, 7, 8, 0, 0, 0, 9, 9, 6, 9, 9, 8, 0, 7, 0, 9, 0, 0, : 7, 11, 8, 8, 11, 7, 9, 6, 9, 7, 7, 7, 7, 8, 9, 9, 6, 9, 9, 8, 7, 9, 
40: 0, 8, 0, 0, 0, 5, 7, 7, 0, 0, 7, 6, 6, 0, 8, 5, 7, 6, 6, 0, 0, 5, 0, 0, 8, 9, 5, 0, 0, 9, 0, 0, 7, 0, 8, 9, 0, 7, 7, 0, : 8, 5, 7, 7, 7, 6, 6, 8, 5, 7, 6, 6, 5, 8, 9, 5, 9, 7, 8, 9, 7, 7, 
21: 6, 0, 0, 9, 0, 0, 0, 8, 9, 0, 0, 6, 0, 0, 0, 11, 0, 0, 0, 0, 0, 0, 0, 8, 0, 7, 8, 0, 6, 0, 9, 6, 0, 0, 7, 0, 9, 0, 8, 0, : 6, 9, 8, 9, 6, 11, 8, 7, 8, 6, 9, 6, 7, 9, 8, 
37: 10, 8, 0, 6, 6, 8, 0, 0, 6, 4, 8, 0, 9, 0, 9, 0, 7, 9, 7, 0, 0, 8, 8, 0, 0, 0, 9, 9, 0, 0, 0, 0, 0, 9, 0, 0, 0, 6, 0, 0, : 10, 8, 6, 6, 8, 6, 4, 8, 9, 9, 7, 9, 7, 8, 8, 9, 9, 9, 6, 
23: 0, 8, 0, 0, 0, 0, 10, 5, 6, 8, 5, 0, 7, 9, 0, 0, 0, 5, 0, 9, 0, 7, 6, 0, 7, 7, 0, 7, 8, 8, 0, 8, 8, 0, 9, 8, 0, 0, 8, 7, : 8, 10, 5, 6, 8, 5, 7, 9, 5, 9, 7, 6, 7, 7, 7, 8, 8, 8, 8, 9, 8, 8, 7, 
26: 0, 9, 9, 0, 0, 5, 0, 0, 9, 6, 0, 0, 0, 0, 6, 0, 0, 8, 0, 0, 9, 0, 0, 7, 9, 0, 8, 6, 7, 0, 0, 0, 9, 0, 9, 0, 0, 0, 0, 0, : 9, 9, 5, 9, 6, 6, 8, 9, 7, 9, 8, 6, 7, 9, 9, 
29: 0, 0, 8, 8, 0, 8, 4, 9, 8, 6, 8, 7, 9, 0, 0, 0, 0, 0, 0, 0, 7, 0, 8, 0, 7, 7, 0, 7, 0, 7, 0, 0, 0, 0, 5, 8, 8, 0, 0, 9, : 8, 8, 8, 4, 9, 8, 6, 8, 7, 9, 7, 8, 7, 7, 7, 7, 5, 8, 8, 9, 
36: 0, 0, 7, 5, 8, 0, 6, 7, 0, 11, 0, 0, 0, 9, 0, 0, 0, 0, 7, 0, 6, 0, 0, 9, 0, 7, 0, 0, 9, 7, 9, 8, 0, 7, 0, 7, 7, 0, 8, 6, : 7, 5, 8, 6, 7, 11, 9, 7, 6, 9, 7, 9, 7, 9, 8, 7, 7, 7, 8, 6, 
8: 7, 5, 0, 8, 9, 8, 7, 0, 0, 0, 10, 0, 0, 5, 0, 5, 5, 0, 0, 8, 0, 0, 0, 9, 0, 8, 0, 7, 5, 0, 8, 5, 0, 0, 7, 0, 7, 5, 9, 7, : 7, 5, 8, 9, 8, 7, 10, 5, 5, 5, 8, 9, 8, 7, 5, 8, 5, 7, 7, 5, 9, 7, 
20: 9, 0, 0, 7, 0, 0, 0, 0, 5, 0, 0, 10, 0, 0, 7, 8, 6, 0, 9, 8, 0, 0, 0, 7, 0, 0, 7, 9, 0, 5, 0, 7, 9, 7, 0, 0, 0, 7, 0, 9, : 9, 7, 5, 10, 7, 8, 6, 9, 8, 7, 7, 9, 5, 7, 9, 7, 7, 9, 
32: 9, 0, 0, 9, 0, 0, 0, 0, 6, 7, 10, 0, 0, 9, 8, 0, 0, 6, 7, 0, 0, 7, 7, 9, 7, 0, 0, 7, 0, 7, 0, 0, 0, 8, 8, 0, 0, 9, 7, 8, : 9, 9, 6, 7, 10, 9, 8, 6, 7, 7, 7, 9, 7, 7, 7, 8, 8, 9, 7, 8, 
39: 0, 7, 9, 0, 0, 4, 6, 0, 0, 6, 6, 0, 0, 0, 7, 5, 0, 7, 0, 8, 9, 0, 9, 0, 9, 9, 0, 9, 0, 0, 0, 0, 0, 0, 0, 8, 0, 7, 7, 0, : 7, 9, 4, 6, 6, 6, 7, 5, 7, 8, 9, 9, 9, 9, 9, 8, 7, 7, 
10: 10, 0, 7, 6, 8, 7, 0, 11, 9, 0, 0, 7, 0, 9, 4, 7, 0, 0, 9, 9, 7, 0, 9, 9, 9, 7, 7, 8, 0, 0, 0, 7, 9, 8, 7, 0, 8, 7, 7, 0, : 10, 7, 6, 8, 7, 11, 9, 7, 9, 4, 7, 9, 9, 7, 9, 9, 9, 7, 7, 8, 7, 9, 8, 7, 8, 7, 7, 
7: 0, 0, 7, 0, 0, 8, 0, 7, 0, 0, 7, 0, 0, 0, 0, 7, 0, 11, 0, 0, 0, 7, 9, 0, 9, 7, 8, 7, 8, 7, 0, 0, 7, 7, 0, 0, 0, 7, 7, 9, : 7, 8, 7, 7, 7, 11, 7, 9, 9, 7, 8, 7, 8, 7, 7, 7, 7, 7, 9, 
5: 0, 0, 0, 8, 0, 9, 0, 0, 7, 0, 0, 7, 6, 0, 8, 0, 11, 9, 7, 0, 0, 9, 0, 0, 6, 0, 0, 0, 8, 0, 0, 0, 7, 5, 9, 6, 8, 0, 9, 0, : 8, 9, 7, 7, 6, 8, 11, 9, 7, 9, 6, 8, 7, 5, 9, 6, 8, 9, 
17: 0, 0, 8, 6, 0, 8, 7, 6, 0, 9, 7, 7, 0, 6, 0, 0, 8, 0, 0, 7, 0, 7, 0, 0, 0, 0, 0, 0, 9, 6, 7, 7, 0, 0, 0, 0, 0, 0, 9, 0, : 8, 6, 8, 7, 6, 9, 7, 7, 6, 8, 7, 7, 9, 6, 7, 7, 9, 
30: 6, 0, 0, 8, 9, 0, 9, 0, 8, 8, 0, 0, 8, 0, 6, 8, 9, 5, 0, 7, 7, 7, 0, 6, 0, 5, 9, 7, 0, 0, 7, 0, 0, 8, 7, 7, 0, 7, 7, 7, : 6, 8, 9, 9, 8, 8, 8, 6, 8, 9, 5, 7, 7, 7, 6, 5, 9, 7, 7, 8, 7, 7, 7, 7, 7, 
15: 8, 0, 7, 8, 10, 9, 8, 0, 10, 0, 0, 9, 0, 0, 0, 0, 9, 6, 6, 7, 0, 9, 9, 0, 0, 0, 7, 0, 7, 0, 0, 7, 7, 9, 0, 7, 8, 0, 7, 8, : 8, 7, 8, 10, 9, 8, 10, 9, 9, 6, 6, 7, 9, 9, 7, 7, 7, 7, 9, 7, 8, 7, 8, 
19: 8, 0, 8, 0, 0, 0, 0, 10, 0, 7, 7, 8, 0, 10, 0, 0, 9, 9, 7, 7, 7, 9, 7, 8, 8, 8, 0, 5, 7, 7, 0, 9, 0, 7, 0, 0, 0, 0, 0, 0, : 8, 8, 10, 7, 7, 8, 10, 9, 9, 7, 7, 7, 9, 7, 8, 8, 8, 5, 7, 7, 9, 7, 
12: 7, 6, 9, 0, 7, 10, 8, 6, 6, 8, 0, 9, 7, 7, 10, 7, 7, 0, 0, 8, 5, 0, 7, 8, 0, 7, 8, 0, 7, 7, 0, 0, 0, 7, 0, 0, 7, 0, 0, 0, : 7, 6, 9, 7, 10, 8, 6, 6, 8, 9, 7, 7, 10, 7, 7, 8, 5, 7, 8, 7, 8, 7, 7, 7, 7, 
14: 0, 7, 0, 8, 0, 9, 0, 0, 8, 0, 8, 0, 0, 0, 0, 0, 8, 0, 8, 0, 9, 0, 7, 0, 0, 7, 0, 0, 0, 0, 8, 0, 0, 7, 7, 0, 7, 0, 5, 7, : 7, 8, 9, 8, 8, 8, 8, 9, 7, 7, 8, 7, 7, 7, 5, 7, 
3: 0, 8, 0, 9, 7, 0, 0, 0, 4, 8, 0, 8, 8, 0, 0, 11, 0, 8, 0, 0, 0, 0, 8, 7, 8, 0, 0, 8, 0, 8, 0, 0, 8, 0, 0, 0, 7, 0, 0, 0, : 8, 9, 7, 4, 8, 8, 8, 11, 8, 8, 7, 8, 8, 8, 8, 7, 
22: 7, 7, 0, 9, 9, 0, 0, 6, 0, 0, 6, 9, 8, 8, 8, 0, 0, 7, 8, 0, 8, 0, 7, 0, 5, 7, 7, 0, 0, 8, 7, 7, 7, 0, 0, 7, 0, 7, 0, 8, : 7, 7, 9, 9, 6, 6, 9, 8, 8, 8, 7, 8, 8, 7, 5, 7, 7, 8, 7, 7, 7, 7, 7, 8, 
1: 0, 0, 8, 0, 10, 0, 0, 0, 6, 0, 0, 0, 0, 0, 8, 7, 7, 0, 0, 8, 0, 8, 0, 8, 0, 9, 0, 0, 7, 0, 7, 0, 0, 0, 0, 7, 7, 0, 0, 8, : 8, 10, 6, 8, 7, 7, 8, 8, 8, 9, 7, 7, 7, 7, 8, 
13: 0, 9, 6, 5, 0, 0, 0, 7, 0, 0, 7, 7, 5, 4, 5, 0, 0, 0, 9, 7, 8, 0, 0, 8, 7, 8, 0, 0, 0, 8, 0, 7, 0, 7, 0, 0, 0, 0, 0, 0, : 9, 6, 5, 7, 7, 7, 5, 4, 5, 9, 7, 8, 8, 7, 8, 8, 7, 7, 
6: 0, 0, 8, 0, 0, 0, 7, 10, 0, 0, 9, 0, 7, 0, 8, 7, 7, 7, 9, 0, 0, 9, 7, 0, 0, 0, 0, 0, 0, 0, 0, 0, 0, 0, 7, 8, 5, 9, 0, 7, : 8, 7, 10, 9, 7, 8, 7, 7, 7, 9, 9, 7, 7, 8, 5, 9, 7, 
16: 5, 7, 9, 0, 8, 0, 9, 8, 11, 0, 9, 9, 9, 6, 8, 8, 0, 0, 0, 9, 0, 7, 7, 7, 0, 8, 9, 0, 0, 7, 7, 8, 8, 0, 9, 7, 0, 0, 8, 8, : 5, 7, 9, 8, 9, 8, 11, 9, 9, 9, 6, 8, 8, 9, 7, 7, 7, 8, 9, 7, 7, 8, 8, 9, 7, 8, 8, 
31: 0, 5, 7, 0, 7, 8, 6, 0, 7, 4, 0, 0, 9, 0, 0, 7, 0, 0, 7, 6, 7, 8, 0, 0, 7, 6, 0, 0, 9, 7, 5, 0, 0, 0, 0, 9, 0, 0, 0, 7, : 5, 7, 7, 8, 6, 7, 4, 9, 7, 7, 6, 7, 8, 7, 6, 9, 7, 5, 9, 7, 
9: 11, 7, 8, 0, 6, 7, 6, 9, 0, 0, 7, 7, 0, 7, 0, 0, 6, 0, 0, 0, 7, 0, 7, 0, 8, 0, 7, 7, 0, 0, 0, 0, 7, 7, 0, 9, 0, 9, 0, 0, : 11, 7, 8, 6, 7, 6, 9, 7, 7, 7, 6, 7, 7, 8, 7, 7, 7, 7, 9, 9, 
27: 9, 0, 0, 0, 8, 0, 10, 0, 0, 10, 0, 5, 0, 0, 0, 0, 0, 8, 0, 6, 8, 8, 0, 0, 0, 8, 7, 0, 7, 0, 7, 0, 8, 9, 0, 0, 7, 8, 0, 9, : 9, 8, 10, 10, 5, 8, 6, 8, 8, 8, 7, 7, 7, 8, 9, 7, 8, 9, 
4: 5, 7, 0, 0, 4, 7, 0, 0, 9, 0, 6, 0, 0, 10, 0, 6, 11, 7, 0, 0, 7, 0, 0, 7, 7, 0, 0, 8, 7, 0, 9, 7, 0, 0, 7, 0, 9, 8, 7, 0, : 5, 7, 4, 7, 9, 6, 10, 6, 11, 7, 7, 7, 7, 8, 7, 9, 7, 7, 9, 8, 7, 
34: 0, 0, 0, 7, 0, 0, 8, 0, 0, 7, 9, 0, 6, 0, 8, 9, 0, 0, 0, 8, 8, 0, 0, 7, 7, 0, 0, 0, 0, 9, 7, 7, 8, 0, 8, 7, 9, 0, 0, 0, : 7, 8, 7, 9, 6, 8, 9, 8, 8, 7, 7, 9, 7, 7, 8, 8, 7, 9, 
33: 0, 7, 6, 0, 10, 0, 0, 0, 0, 0, 0, 0, 0, 5, 10, 0, 5, 9, 6, 0, 8, 8, 0, 0, 0, 0, 7, 7, 0, 0, 8, 0, 7, 0, 7, 0, 0, 8, 0, 0, : 7, 6, 10, 5, 10, 5, 9, 6, 8, 8, 7, 7, 8, 7, 7, 8, 
35: 7, 5, 5, 0, 4, 0, 0, 6, 0, 8, 0, 0, 8, 9, 0, 0, 6, 7, 7, 7, 0, 7, 8, 7, 0, 0, 7, 8, 7, 9, 0, 8, 0, 0, 8, 0, 6, 7, 6, 0, : 7, 5, 5, 4, 6, 8, 8, 9, 6, 7, 7, 7, 7, 8, 7, 7, 8, 7, 9, 8, 8, 6, 7, 6, 
2: 0, 9, 7, 0, 0, 7, 11, 4, 8, 5, 0, 0, 6, 8, 9, 7, 0, 0, 0, 7, 0, 0, 8, 5, 7, 9, 8, 0, 8, 0, 8, 0, 0, 9, 0, 7, 8, 0, 0, 7, : 9, 7, 7, 11, 4, 8, 5, 6, 8, 9, 7, 7, 8, 5, 7, 9, 8, 8, 8, 9, 7, 8, 7, 
18: 5, 0, 0, 7, 0, 0, 0, 6, 0, 8, 0, 0, 0, 0, 6, 0, 0, 8, 0, 7, 0, 0, 0, 0, 0, 0, 7, 8, 0, 7, 0, 8, 5, 0, 0, 9, 0, 8, 9, 7, : 5, 7, 6, 8, 6, 8, 7, 7, 8, 7, 8, 5, 9, 8, 9, 7, 
38: 0, 10, 7, 0, 0, 9, 6, 0, 8, 9, 9, 9, 9, 9, 0, 8, 0, 0, 8, 0, 7, 0, 0, 0, 0, 0, 0, 9, 0, 0, 7, 7, 0, 8, 8, 8, 7, 7, 0, 0, : 10, 7, 9, 6, 8, 9, 9, 9, 9, 9, 8, 8, 7, 9, 7, 7, 8, 8, 8, 7, 7, 


