
40
400
150
10

2: 9, 0, 0, 7, 0, 0, 0, 5, 9, 9, 7, 11, 0, 8, 0, 8, 8, 8, 7, 6, 7, 7, 9, 7, 5, 0, 7, 7, 7, 7, 0, 0, 8, 0, 0, 0, 0, 6, 8, 8, : 9, 7, 5, 9, 9, 7, 11, 8, 8, 8, 8, 7, 6, 7, 7, 9, 7, 5, 7, 7, 7, 7, 8, 6, 8, 8, 
387: 0, 6, 9, 8, 0, 0, 5, 0, 9, 0, 0, 5, 8, 11, 7, 5, 0, 0, 0, 7, 8, 7, 0, 0, 0, 7, 9, 0, 9, 0, 0, 0, 0, 9, 0, 0, 0, 8, 0, 0, : 6, 9, 8, 5, 9, 5, 8, 11, 7, 5, 7, 8, 7, 7, 9, 9, 9, 8, 
96: 0, 9, 6, 8, 0, 8, 0, 0, 5, 0, 8, 7, 8, 6, 11, 0, 0, 7, 8, 7, 9, 0, 0, 0, 8, 0, 0, 0, 9, 7, 7, 6, 7, 0, 0, 0, 7, 0, 0, 9, : 9, 6, 8, 8, 5, 8, 7, 8, 6, 11, 7, 8, 7, 9, 8, 9, 7, 7, 6, 7, 7, 9, 
290: 0, 0, 7, 0, 9, 0, 0, 0, 9, 0, 0, 0, 7, 0, 0, 11, 6, 6, 0, 9, 0, 0, 5, 9, 0, 6, 5, 0, 0, 0, 7, 0, 8, 0, 9, 8, 9, 0, 0, 0, : 7, 9, 9, 7, 11, 6, 6, 9, 5, 9, 6, 5, 7, 8, 9, 8, 9, 
133: 8, 0, 0, 0, 0, 0, 0, 0, 6, 6, 10, 6, 0, 0, 0, 5, 0, 8, 0, 7, 0, 9, 0, 8, 0, 9, 9, 0, 0, 9, 0, 8, 7, 0, 0, 7, 0, 0, 0, 7, : 8, 6, 6, 10, 6, 5, 8, 7, 9, 8, 9, 9, 9, 8, 7, 7, 7, 
38: 0, 0, 8, 7, 0, 8, 7, 0, 0, 6, 7, 0, 10, 8, 0, 7, 0, 0, 0, 0, 9, 7, 9, 7, 0, 9, 0, 8, 7, 0, 8, 0, 0, 7, 8, 0, 7, 9, 0, 8, : 8, 7, 8, 7, 6, 7, 10, 8, 7, 9, 7, 9, 7, 9, 8, 7, 8, 7, 8, 7, 9, 8, 
316: 0, 0, 0, 0, 9, 0, 7, 8, 0, 0, 9, 0, 0, 0, 0, 0, 6, 6, 0, 0, 7, 0, 0, 7, 9, 8, 0, 9, 6, 9, 6, 7, 9, 0, 6, 0, 8, 0, 0, 0, : 9, 7, 8, 9, 6, 6, 7, 7, 9, 8, 9, 6, 9, 6, 7, 9, 6, 8, 
154: 9, 0, 0, 9, 10, 0, 8, 0, 0, 6, 9, 0, 6, 9, 4, 0, 7, 10, 9, 7, 0, 0, 8, 8, 8, 7, 0, 0, 0, 0, 8, 9, 6, 7, 7, 0, 0, 7, 7, 0, : 9, 9, 10, 8, 6, 9, 6, 9, 4, 7, 10, 9, 7, 8, 8, 8, 7, 8, 9, 6, 7, 7, 7, 7, 
57: 7, 8, 0, 0, 0, 0, 8, 0, 0, 0, 0, 5, 0, 9, 0, 7, 0, 0, 8, 0, 7, 7, 0, 0, 0, 0, 0, 0, 0, 9, 0, 0, 0, 7, 0, 7, 0, 0, 0, 9, : 7, 8, 8, 5, 9, 7, 8, 7, 7, 9, 7, 7, 9, 
195: 7, 0, 9, 7, 6, 0, 9, 0, 7, 0, 0, 0, 5, 9, 11, 9, 11, 7, 7, 7, 0, 0, 7, 5, 0, 0, 7, 0, 0, 0, 5, 0, 6, 7, 0, 0, 9, 0, 0, 6, : 7, 9, 7, 6, 9, 7, 5, 9, 11, 9, 11, 7, 7, 7, 7, 5, 7, 5, 6, 7, 9, 6, 
16: 0, 7, 0, 0, 6, 0, 0, 10, 0, 8, 0, 8, 9, 0, 8, 0, 8, 8, 9, 0, 7, 9, 0, 7, 0, 7, 0, 6, 0, 7, 0, 0, 0, 0, 7, 0, 5, 9, 8, 0, : 7, 6, 10, 8, 8, 9, 8, 8, 8, 9, 7, 9, 7, 7, 6, 7, 7, 5, 9, 8, 
209: 0, 8, 11, 9, 6, 8, 0, 8, 9, 6, 8, 7, 0, 0, 0, 5, 0, 0, 0, 0, 8, 9, 0, 9, 0, 0, 0, 7, 8, 0, 8, 9, 0, 0, 9, 9, 7, 8, 0, 6, : 8, 11, 9, 6, 8, 8, 9, 6, 8, 7, 5, 8, 9, 9, 7, 8, 8, 9, 9, 9, 7, 8, 6, 
331: 7, 5, 0, 7, 0, 0, 0, 6, 7, 0, 9, 0, 8, 0, 8, 0, 0, 0, 0, 0, 0, 0, 0, 0, 0, 0, 0, 0, 8, 0, 0, 0, 0, 0, 0, 7, 7, 5, 7, 9, : 7, 5, 7, 6, 7, 9, 8, 8, 8, 7, 7, 5, 7, 9, 
307: 5, 8, 6, 0, 0, 9, 6, 8, 0, 0, 5, 0, 0, 4, 0, 5, 8, 0, 8, 0, 9, 0, 8, 0, 6, 0, 0, 7, 0, 7, 9, 8, 0, 0, 9, 0, 0, 7, 0, 0, : 5, 8, 6, 9, 6, 8, 5, 4, 5, 8, 8, 9, 8, 6, 7, 7, 9, 8, 9, 7, 
127: 8, 0, 6, 5, 0, 0, 0, 9, 4, 0, 0, 0, 9, 7, 8, 10, 0, 0, 0, 0, 9, 0, 0, 9, 7, 6, 0, 7, 9, 0, 9, 9, 0, 0, 8, 7, 7, 7, 9, 7, : 8, 6, 5, 9, 4, 9, 7, 8, 10, 9, 9, 7, 6, 7, 9, 9, 9, 8, 7, 7, 7, 9, 7, 
233: 0, 10, 0, 7, 10, 6, 11, 0, 0, 4, 0, 0, 0, 8, 0, 0, 6, 7, 8, 7, 0, 9, 0, 0, 0, 0, 9, 0, 0, 0, 0, 0, 0, 0, 0, 5, 9, 0, 6, 7, : 10, 7, 10, 6, 11, 4, 8, 6, 7, 8, 7, 9, 9, 5, 9, 6, 7, 
58: 6, 6, 7, 6, 6, 11, 0, 7, 10, 6, 9, 6, 7, 6, 0, 0, 7, 8, 0, 9, 0, 0, 7, 0, 7, 7, 0, 6, 0, 0, 7, 0, 7, 0, 7, 8, 0, 7, 7, 8, : 6, 6, 7, 6, 6, 11, 7, 10, 6, 9, 6, 7, 6, 7, 8, 9, 7, 7, 7, 6, 7, 7, 7, 8, 7, 7, 8, 
264: 0, 0, 0, 9, 8, 0, 0, 0, 8, 0, 0, 7, 11, 0, 6, 0, 8, 8, 0, 9, 0, 8, 8, 7, 9, 0, 0, 0, 0, 5, 6, 0, 5, 0, 7, 0, 0, 0, 0, 0, : 9, 8, 8, 7, 11, 6, 8, 8, 9, 8, 8, 7, 9, 5, 6, 5, 7, 
251: 8, 7, 6, 6, 0, 8, 7, 6, 0, 8, 8, 10, 0, 0, 0, 6, 7, 0, 7, 0, 0, 7, 6, 0, 0, 0, 7, 0, 0, 0, 0, 0, 9, 8, 0, 8, 0, 0, 7, 0, : 8, 7, 6, 6, 8, 7, 6, 8, 8, 10, 6, 7, 7, 7, 6, 7, 9, 8, 8, 7, 
324: 0, 0, 0, 0, 0, 8, 8, 8, 0, 0, 0, 10, 6, 8, 8, 0, 0, 0, 0, 0, 0, 0, 7, 8, 0, 0, 0, 0, 0, 6, 0, 7, 9, 6, 7, 9, 8, 0, 0, 5, : 8, 8, 8, 10, 6, 8, 8, 7, 8, 6, 7, 9, 6, 7, 9, 8, 5, 
208: 0, 11, 7, 9, 0, 7, 0, 0, 7, 0, 0, 0, 7, 0, 5, 9, 0, 0, 7, 8, 8, 7, 7, 9, 6, 9, 0, 8, 0, 6, 0, 7, 8, 7, 9, 9, 0, 6, 6, 0, : 11, 7, 9, 7, 7, 7, 5, 9, 7, 8, 8, 7, 7, 9, 6, 9, 8, 6, 7, 8, 7, 9, 9, 6, 6, 
130: 0, 7, 10, 0, 0, 0, 0, 0, 0, 7, 0, 9, 0, 11, 0, 0, 6, 0, 8, 0, 7, 6, 0, 7, 8, 0, 6, 0, 6, 0, 0, 0, 0, 8, 7, 7, 0, 0, 0, 0, : 7, 10, 7, 9, 11, 6, 8, 7, 6, 7, 8, 6, 6, 8, 7, 7, 
330: 0, 7, 0, 0, 7, 0, 8, 6, 9, 0, 0, 0, 6, 0, 0, 0, 7, 0, 6, 5, 7, 7, 0, 0, 8, 5, 8, 0, 7, 0, 0, 7, 0, 8, 6, 6, 0, 0, 8, 7, : 7, 7, 8, 6, 9, 6, 7, 6, 5, 7, 7, 8, 5, 8, 7, 7, 8, 6, 6, 8, 7, 
272: 0, 0, 8, 0, 0, 7, 7, 0, 0, 0, 0, 9, 0, 5, 0, 0, 0, 7, 0, 0, 0, 8, 0, 6, 7, 9, 8, 9, 7, 7, 9, 7, 9, 0, 7, 0, 0, 0, 8, 7, : 8, 7, 7, 9, 5, 7, 8, 6, 7, 9, 8, 9, 7, 7, 9, 7, 9, 7, 8, 7, 
191: 6, 8, 0, 10, 0, 0, 0, 0, 0, 0, 0, 0, 0, 0, 6, 7, 0, 8, 8, 0, 0, 0, 0, 0, 9, 0, 0, 8, 0, 8, 7, 0, 0, 9, 0, 0, 0, 8, 0, 8, : 6, 8, 10, 6, 7, 8, 8, 9, 8, 8, 7, 9, 8, 8, 
148: 8, 7, 0, 6, 0, 9, 0, 0, 10, 9, 6, 7, 4, 5, 10, 8, 0, 6, 7, 0, 0, 0, 0, 0, 0, 8, 0, 0, 0, 7, 7, 6, 0, 9, 0, 0, 6, 0, 0, 0, : 8, 7, 6, 9, 10, 9, 6, 7, 4, 5, 10, 8, 6, 7, 8, 7, 7, 6, 9, 6, 
19: 0, 0, 0, 0, 0, 5, 7, 0, 0, 11, 8, 8, 10, 0, 0, 0, 10, 7, 8, 0, 0, 0, 6, 6, 0, 0, 7, 7, 8, 8, 0, 8, 0, 9, 0, 9, 0, 9, 7, 0, : 5, 7, 11, 8, 8, 10, 10, 7, 8, 6, 6, 7, 7, 8, 8, 8, 9, 9, 9, 7, 
354: 7, 0, 7, 0, 8, 0, 0, 9, 0, 0, 6, 9, 5, 0, 0, 0, 9, 7, 0, 7, 5, 9, 9, 7, 7, 0, 7, 0, 0, 8, 7, 8, 0, 0, 0, 0, 0, 0, 0, 9, : 7, 7, 8, 9, 6, 9, 5, 9, 7, 7, 5, 9, 9, 7, 7, 7, 8, 7, 8, 9, 
79: 0, 8, 7, 0, 7, 4, 0, 0, 0, 8, 11, 0, 0, 0, 0, 8, 0, 0, 8, 8, 7, 8, 9, 0, 7, 0, 7, 7, 0, 0, 0, 0, 7, 7, 0, 7, 0, 0, 0, 7, : 8, 7, 7, 4, 8, 11, 8, 8, 8, 7, 8, 9, 7, 7, 7, 7, 7, 7, 7, 
225: 0, 0, 7, 0, 7, 8, 6, 8, 7, 0, 0, 0, 0, 4, 9, 0, 9, 0, 0, 0, 6, 0, 0, 0, 0, 7, 8, 8, 8, 7, 7, 9, 0, 6, 0, 0, 9, 9, 0, 7, : 7, 7, 8, 6, 8, 7, 4, 9, 9, 6, 7, 8, 8, 8, 7, 7, 9, 6, 9, 9, 7, 
93: 0, 0, 0, 0, 8, 7, 0, 8, 8, 0, 0, 0, 0, 0, 6, 8, 8, 7, 8, 0, 8, 7, 0, 7, 7, 0, 9, 9, 9, 0, 9, 0, 0, 0, 5, 9, 0, 0, 0, 9, : 8, 7, 8, 8, 6, 8, 8, 7, 8, 8, 7, 7, 7, 9, 9, 9, 9, 5, 9, 9, 
301: 7, 0, 6, 0, 4, 8, 8, 7, 5, 7, 0, 4, 9, 9, 5, 10, 0, 9, 0, 0, 0, 0, 7, 0, 0, 0, 0, 0, 0, 9, 7, 0, 7, 5, 0, 0, 7, 9, 7, 0, : 7, 6, 4, 8, 8, 7, 5, 7, 4, 9, 9, 5, 10, 9, 7, 9, 7, 7, 5, 7, 9, 7, 
74: 0, 0, 0, 6, 11, 11, 5, 9, 0, 9, 5, 0, 0, 0, 10, 0, 5, 0, 0, 7, 0, 0, 0, 0, 9, 0, 7, 5, 9, 7, 0, 0, 9, 9, 8, 0, 7, 0, 9, 0, : 6, 11, 11, 5, 9, 9, 5, 10, 5, 7, 9, 7, 5, 9, 7, 9, 9, 8, 7, 9, 
88: 5, 0, 0, 9, 0, 6, 4, 10, 0, 0, 6, 8, 7, 0, 0, 0, 0, 8, 0, 7, 7, 8, 0, 0, 0, 7, 0, 0, 7, 0, 0, 0, 8, 8, 9, 0, 0, 7, 5, 0, : 5, 9, 6, 4, 10, 6, 8, 7, 8, 7, 7, 8, 7, 7, 8, 8, 9, 7, 5, 
192: 0, 0, 9, 0, 6, 8, 0, 8, 7, 7, 7, 0, 0, 0, 0, 0, 5, 8, 0, 8, 7, 0, 7, 0, 0, 9, 6, 7, 0, 9, 0, 7, 7, 0, 0, 7, 8, 7, 9, 0, : 9, 6, 8, 8, 7, 7, 7, 5, 8, 8, 7, 7, 9, 6, 7, 9, 7, 7, 7, 8, 7, 9, 
288: 9, 0, 8, 8, 0, 4, 0, 6, 0, 0, 6, 6, 0, 0, 7, 7, 0, 0, 0, 9, 0, 5, 7, 9, 0, 8, 0, 7, 7, 0, 0, 9, 7, 7, 0, 0, 9, 0, 7, 0, : 9, 8, 8, 4, 6, 6, 6, 7, 7, 9, 5, 7, 9, 8, 7, 7, 9, 7, 7, 9, 7, 
115: 10, 6, 0, 7, 8, 0, 10, 0, 8, 6, 0, 0, 8, 0, 8, 8, 9, 0, 5, 8, 0, 6, 0, 0, 9, 8, 0, 0, 5, 0, 9, 0, 0, 7, 0, 6, 0, 8, 9, 0, : 10, 6, 7, 8, 10, 8, 6, 8, 8, 8, 9, 5, 8, 6, 9, 8, 5, 9, 7, 6, 8, 9, 
246: 9, 7, 6, 0, 4, 0, 10, 0, 0, 9, 6, 0, 0, 7, 7, 0, 0, 0, 8, 8, 0, 0, 7, 0, 7, 0, 9, 9, 7, 0, 0, 5, 0, 0, 8, 0, 7, 0, 0, 0, : 9, 7, 6, 4, 10, 9, 6, 7, 7, 8, 8, 7, 7, 9, 9, 7, 5, 8, 7, 
235: 6, 9, 0, 0, 10, 0, 9, 0, 0, 10, 0, 0, 0, 7, 6, 7, 0, 0, 0, 0, 8, 0, 8, 0, 0, 7, 7, 9, 7, 0, 0, 7, 0, 0, 7, 7, 8, 7, 9, 0, : 6, 9, 10, 9, 10, 7, 6, 7, 8, 8, 7, 7, 9, 7, 7, 7, 7, 8, 7, 9, 
22: 9, 6, 0, 0, 0, 0, 0, 4, 6, 8, 0, 8, 0, 9, 0, 0, 0, 0, 6, 0, 0, 0, 9, 8, 7, 7, 8, 0, 0, 8, 8, 7, 7, 0, 0, 8, 6, 7, 7, 7, : 9, 6, 4, 6, 8, 8, 9, 6, 9, 8, 7, 7, 8, 8, 8, 7, 7, 8, 6, 7, 7, 7, 


271: 0, 8, 0, 0, 8, 5, 10, 0, 0, 7, 0, 6, 7, 7, 9, 8, 8, 9, 8, 0, 0, 0, 0, 0, 9, 0, 9, 6, 8, 0, 9, 6, 0, 0, 6, 6, 0, 8, 6, 6, : 8, 8, 5, 10, 7, 6, 7, 7, 9, 8, 8, 9, 8, 9, 9, 6, 8, 9, 6, 6, 6, 8, 6, 6, 
125: 0, 0, 0, 8, 0, 10, 0, 10, 10, 0, 4, 6, 7, 10, 0, 10, 0, 7, 0, 0, 0, 5, 0, 0, 0, 7, 0, 6, 9, 9, 6, 6, 7, 9, 0, 0, 9, 0, 6, 0, : 8, 10, 10, 10, 4, 6, 7, 10, 10, 7, 5, 7, 6, 9, 9, 6, 6, 7, 9, 9, 6, 
345: 7, 8, 8, 9, 0, 0, 6, 10, 0, 0, 0, 0, 0, 0, 9, 0, 4, 0, 7, 6, 8, 6, 8, 8, 6, 6, 9, 0, 8, 0, 0, 7, 9, 9, 0, 6, 9, 0, 8, 0, : 7, 8, 8, 9, 6, 10, 9, 4, 7, 6, 8, 6, 8, 8, 6, 6, 9, 8, 7, 9, 9, 6, 9, 8, 
67: 6, 9, 9, 9, 8, 7, 0, 5, 0, 9, 7, 8, 0, 0, 7, 0, 6, 8, 10, 6, 7, 0, 0, 0, 0, 6, 8, 0, 0, 7, 8, 0, 8, 6, 0, 8, 6, 7, 8, 8, : 6, 9, 9, 9, 8, 7, 5, 9, 7, 8, 7, 6, 8, 10, 6, 7, 6, 8, 7, 8, 8, 6, 8, 6, 7, 8, 8, 
47: 0, 7, 6, 7, 10, 7, 6, 0, 0, 8, 7, 5, 0, 0, 0, 4, 0, 0, 0, 7, 6, 0, 6, 0, 8, 8, 0, 0, 0, 8, 8, 0, 0, 0, 0, 0, 8, 9, 8, 0, : 7, 6, 7, 10, 7, 6, 8, 7, 5, 4, 7, 6, 6, 8, 8, 8, 8, 8, 9, 8, 
226: 9, 9, 8, 0, 0, 0, 0, 0, 0, 0, 10, 7, 8, 7, 0, 11, 8, 10, 6, 8, 0, 7, 8, 0, 7, 0, 8, 9, 0, 0, 0, 6, 0, 0, 9, 7, 7, 5, 0, 8, : 9, 9, 8, 10, 7, 8, 7, 11, 8, 10, 6, 8, 7, 8, 7, 8, 9, 6, 9, 7, 7, 5, 8, 
313: 0, 5, 0, 0, 0, 5, 10, 0, 0, 10, 0, 0, 9, 0, 9, 6, 8, 6, 0, 0, 8, 6, 6, 0, 0, 8, 0, 5, 9, 6, 0, 0, 6, 9, 9, 0, 0, 0, 0, 8, : 5, 5, 10, 10, 9, 9, 6, 8, 6, 8, 6, 6, 8, 5, 9, 6, 6, 9, 9, 8, 
34: 7, 8, 0, 0, 0, 8, 7, 8, 8, 4, 11, 0, 9, 0, 8, 0, 7, 6, 0, 0, 7, 7, 6, 0, 0, 0, 8, 7, 7, 6, 6, 8, 8, 8, 8, 0, 0, 6, 7, 5, : 7, 8, 8, 7, 8, 8, 4, 11, 9, 8, 7, 6, 7, 7, 6, 8, 7, 7, 6, 6, 8, 8, 8, 8, 6, 7, 5, 
291: 8, 0, 0, 0, 6, 5, 0, 0, 0, 0, 0, 0, 0, 0, 0, 8, 0, 0, 0, 8, 0, 0, 8, 0, 8, 5, 0, 0, 0, 0, 8, 9, 0, 7, 7, 5, 0, 9, 0, 9, : 8, 6, 5, 8, 8, 8, 8, 5, 8, 9, 7, 7, 5, 9, 9, 
384: 10, 0, 0, 0, 8, 6, 7, 6, 4, 0, 6, 0, 8, 10, 0, 7, 0, 0, 0, 8, 0, 0, 0, 8, 9, 6, 8, 9, 6, 0, 0, 0, 0, 0, 0, 8, 0, 8, 0, 9, : 10, 8, 6, 7, 6, 4, 6, 8, 10, 7, 8, 8, 9, 6, 8, 9, 6, 8, 8, 9, 
270: 0, 0, 6, 0, 11, 7, 7, 0, 11, 11, 11, 0, 10, 8, 0, 0, 5, 8, 6, 0, 0, 9, 0, 0, 8, 8, 7, 0, 0, 5, 0, 7, 6, 0, 8, 0, 0, 9, 0, 0, : 6, 11, 7, 7, 11, 11, 11, 10, 8, 5, 8, 6, 9, 8, 8, 7, 5, 7, 6, 8, 9, 
81: 5, 10, 0, 0, 7, 5, 0, 9, 6, 0, 8, 0, 0, 5, 0, 0, 0, 0, 7, 0, 8, 9, 0, 0, 0, 0, 0, 8, 0, 7, 0, 0, 0, 8, 8, 8, 7, 0, 0, 7, : 5, 10, 7, 5, 9, 6, 8, 5, 7, 8, 9, 8, 7, 8, 8, 8, 7, 7, 
303: 0, 0, 0, 6, 7, 7, 0, 5, 7, 7, 0, 0, 6, 0, 0, 5, 6, 0, 0, 0, 6, 0, 7, 0, 0, 0, 0, 8, 7, 6, 0, 6, 0, 0, 6, 9, 7, 0, 6, 0, : 6, 7, 7, 5, 7, 7, 6, 5, 6, 6, 7, 8, 7, 6, 6, 6, 9, 7, 6, 
156: 0, 4, 0, 0, 0, 0, 6, 10, 10, 0, 6, 6, 4, 0, 9, 0, 7, 0, 9, 7, 0, 8, 8, 9, 0, 0, 0, 8, 0, 0, 0, 0, 9, 8, 5, 9, 8, 8, 8, 8, : 4, 6, 10, 10, 6, 6, 4, 9, 7, 9, 7, 8, 8, 9, 8, 9, 8, 5, 9, 8, 8, 8, 8, 
247: 4, 10, 7, 7, 0, 9, 0, 0, 0, 11, 8, 0, 10, 7, 8, 7, 0, 7, 8, 0, 9, 0, 0, 8, 0, 9, 5, 7, 8, 0, 9, 8, 0, 0, 6, 0, 0, 0, 9, 0, : 4, 10, 7, 7, 9, 11, 8, 10, 7, 8, 7, 7, 8, 9, 8, 9, 5, 7, 8, 9, 8, 6, 9, 
293: 0, 0, 8, 0, 7, 0, 0, 0, 0, 0, 0, 0, 7, 10, 7, 0, 0, 6, 0, 0, 0, 8, 0, 9, 0, 0, 0, 0, 6, 0, 0, 0, 9, 6, 0, 0, 9, 0, 0, 8, : 8, 7, 7, 10, 7, 6, 8, 9, 6, 9, 6, 9, 8, 
338: 6, 6, 10, 0, 5, 0, 8, 0, 0, 10, 0, 0, 0, 7, 0, 0, 6, 0, 0, 8, 0, 0, 0, 0, 0, 7, 0, 0, 0, 8, 0, 0, 0, 0, 0, 0, 8, 0, 8, 8, : 6, 6, 10, 5, 8, 10, 7, 6, 8, 7, 8, 8, 8, 8, 
103: 7, 5, 0, 0, 0, 7, 0, 7, 0, 0, 0, 0, 0, 0, 8, 6, 0, 6, 0, 0, 0, 9, 8, 5, 8, 0, 6, 0, 6, 0, 7, 0, 9, 7, 0, 0, 8, 8, 0, 0, : 7, 5, 7, 7, 8, 6, 6, 9, 8, 5, 8, 6, 6, 7, 9, 7, 8, 8, 
153: 9, 0, 0, 8, 8, 0, 10, 8, 11, 4, 0, 0, 10, 0, 6, 0, 10, 8, 7, 0, 7, 0, 7, 8, 6, 0, 0, 0, 7, 0, 8, 5, 8, 0, 0, 0, 6, 0, 8, 8, : 9, 8, 8, 10, 8, 11, 4, 10, 6, 10, 8, 7, 7, 7, 8, 6, 7, 8, 5, 8, 6, 8, 8, 
374: 0, 6, 7, 5, 0, 0, 0, 5, 8, 4, 0, 0, 0, 0, 0, 8, 8, 7, 0, 0, 8, 7, 9, 0, 8, 7, 8, 0, 8, 9, 8, 0, 0, 8, 0, 6, 8, 0, 8, 0, : 6, 7, 5, 5, 8, 4, 8, 8, 7, 8, 7, 9, 8, 7, 8, 8, 9, 8, 8, 6, 8, 8, 
276: 0, 9, 6, 10, 6, 0, 10, 0, 0, 8, 0, 9, 0, 5, 7, 9, 0, 0, 8, 7, 0, 0, 9, 0, 0, 8, 0, 0, 0, 0, 0, 8, 0, 6, 8, 9, 8, 6, 9, 0, : 9, 6, 10, 6, 10, 8, 9, 5, 7, 9, 8, 7, 9, 8, 8, 6, 8, 9, 8, 6, 9, 
124: 0, 0, 0, 6, 9, 0, 7, 5, 4, 5, 4, 7, 0, 7, 0, 6, 9, 0, 0, 0, 0, 8, 0, 6, 0, 9, 0, 0, 0, 7, 0, 0, 6, 8, 0, 0, 0, 0, 0, 8, : 6, 9, 7, 5, 4, 5, 4, 7, 7, 6, 9, 8, 6, 9, 7, 6, 8, 8, 
33: 0, 0, 8, 0, 6, 10, 9, 9, 0, 8, 0, 9, 8, 0, 7, 0, 0, 10, 0, 9, 0, 8, 6, 6, 0, 0, 8, 6, 0, 0, 0, 0, 0, 0, 8, 0, 0, 0, 0, 9, : 8, 6, 10, 9, 9, 8, 9, 8, 7, 10, 9, 8, 6, 6, 8, 6, 8, 9, 
366: 5, 8, 8, 0, 0, 11, 0, 0, 4, 0, 0, 10, 0, 0, 7, 8, 0, 0, 8, 7, 0, 0, 0, 8, 7, 0, 0, 9, 8, 0, 0, 0, 0, 8, 0, 9, 0, 8, 5, 0, : 5, 8, 8, 11, 4, 10, 7, 8, 8, 7, 8, 7, 9, 8, 8, 9, 8, 5, 
61: 8, 8, 5, 6, 0, 11, 0, 7, 8, 0, 0, 0, 0, 9, 0, 9, 10, 9, 4, 8, 9, 6, 0, 6, 9, 0, 8, 0, 0, 0, 7, 0, 0, 0, 0, 6, 8, 8, 0, 0, : 8, 8, 5, 6, 11, 7, 8, 9, 9, 10, 9, 4, 8, 9, 6, 6, 9, 8, 7, 6, 8, 8, 
152: 0, 0, 6, 6, 0, 8, 5, 0, 9, 0, 6, 0, 9, 6, 0, 0, 0, 0, 0, 5, 0, 0, 0, 7, 0, 0, 0, 9, 0, 0, 0, 8, 0, 0, 8, 0, 0, 0, 9, 6, : 6, 6, 8, 5, 9, 6, 9, 6, 5, 7, 9, 8, 8, 9, 6, 
56: 0, 0, 7, 0, 0, 0, 8, 8, 9, 0, 0, 7, 0, 7, 4, 10, 0, 0, 6, 0, 9, 6, 0, 7, 7, 0, 0, 8, 0, 8, 5, 8, 8, 9, 7, 7, 0, 7, 0, 7, : 7, 8, 8, 9, 7, 7, 4, 10, 6, 9, 6, 7, 7, 8, 8, 5, 8, 8, 9, 7, 7, 7, 7, 
142: 8, 0, 0, 10, 11, 0, 0, 0, 4, 5, 6, 0, 0, 7, 9, 0, 0, 7, 7, 0, 8, 0, 0, 8, 0, 6, 0, 0, 0, 8, 8, 0, 7, 0, 0, 0, 0, 6, 0, 0, : 8, 10, 11, 4, 5, 6, 7, 9, 7, 7, 8, 8, 6, 8, 8, 7, 6, 
341: 11, 11, 9, 10, 6, 0, 0, 10, 5, 7, 7, 0, 4, 8, 10, 0, 0, 6, 8, 0, 5, 0, 5, 0, 9, 0, 7, 6, 9, 6, 0, 0, 5, 8, 0, 0, 9, 8, 0, 0, : 11, 11, 9, 10, 6, 10, 5, 7, 7, 4, 8, 10, 6, 8, 5, 5, 9, 7, 6, 9, 6, 5, 8, 9, 8, 
285: 7, 0, 0, 7, 0, 0, 0, 0, 0, 0, 0, 4, 6, 10, 0, 0, 0, 0, 10, 9, 0, 0, 0, 6, 8, 0, 0, 0, 9, 8, 9, 7, 0, 0, 6, 0, 0, 9, 0, 0, : 7, 7, 4, 6, 10, 10, 9, 6, 8, 9, 8, 9, 7, 6, 9, 
298: 0, 0, 0, 10, 0, 7, 0, 6, 11, 0, 0, 0, 9, 0, 0, 5, 0, 0, 7, 6, 0, 0, 8, 0, 8, 0, 6, 0, 6, 9, 8, 8, 8, 0, 0, 0, 5, 0, 0, 0, : 10, 7, 6, 11, 9, 5, 7, 6, 8, 8, 6, 6, 9, 8, 8, 8, 5, 
155: 8, 0, 0, 0, 6, 0, 0, 0, 5, 0, 0, 0, 6, 6, 0, 7, 0, 0, 0, 0, 0, 8, 8, 9, 0, 0, 8, 8, 5, 9, 7, 9, 6, 5, 8, 8, 0, 0, 0, 6, : 8, 6, 5, 6, 6, 7, 8, 8, 9, 8, 8, 5, 9, 7, 9, 6, 5, 8, 8, 6, 
393: 8, 0, 10, 7, 9, 5, 6, 0, 0, 8, 8, 9, 7, 0, 9, 0, 10, 10, 0, 9, 0, 0, 9, 0, 8, 0, 0, 7, 0, 0, 0, 9, 7, 0, 0, 8, 0, 6, 0, 0, : 8, 10, 7, 9, 5, 6, 8, 8, 9, 7, 9, 10, 10, 9, 9, 8, 7, 9, 7, 8, 6, 
183: 9, 0, 9, 0, 5, 0, 7, 0, 0, 0, 10, 8, 0, 0, 6, 10, 10, 4, 8, 7, 0, 8, 9, 0, 0, 9, 6, 0, 8, 8, 0, 0, 0, 8, 0, 8, 0, 0, 9, 0, : 9, 9, 5, 7, 10, 8, 6, 10, 10, 4, 8, 7, 8, 9, 9, 6, 8, 8, 8, 8, 9, 
182: 0, 0, 0, 5, 0, 0, 0, 9, 8, 5, 7, 9, 0, 0, 0, 6, 0, 0, 0, 9, 8, 8, 0, 0, 0, 8, 9, 0, 0, 8, 6, 0, 8, 7, 0, 8, 0, 0, 7, 6, : 5, 9, 8, 5, 7, 9, 6, 9, 8, 8, 8, 9, 8, 6, 8, 7, 8, 7, 6, 
123: 0, 0, 0, 0, 0, 0, 6, 0, 0, 0, 6, 7, 0, 4, 0, 0, 0, 8, 8, 0, 8, 9, 7, 8, 0, 8, 7, 8, 8, 0, 0, 8, 8, 0, 0, 0, 0, 0, 8, 0, : 6, 6, 7, 4, 8, 8, 8, 9, 7, 8, 8, 7, 8, 8, 8, 8, 8, 
202: 0, 5, 6, 6, 0, 0, 0, 0, 8, 9, 11, 11, 0, 10, 0, 0, 7, 0, 0, 8, 7, 0, 0, 7, 6, 8, 0, 8, 0, 8, 0, 9, 8, 0, 7, 7, 6, 8, 7, 0, : 5, 6, 6, 8, 9, 11, 11, 10, 7, 8, 7, 7, 6, 8, 8, 8, 9, 8, 7, 7, 6, 8, 7, 
159: 0, 0, 0, 0, 7, 0, 6, 0, 0, 10, 0, 4, 6, 0, 6, 0, 6, 0, 0, 0, 7, 8, 0, 8, 5, 0, 0, 0, 0, 0, 9, 8, 0, 6, 8, 8, 0, 0, 0, 0, : 7, 6, 10, 4, 6, 6, 6, 7, 8, 8, 5, 9, 8, 6, 8, 8, 
382: 8, 7, 7, 0, 0, 10, 0, 6, 0, 0, 0, 9, 0, 0, 0, 0, 8, 8, 8, 0, 6, 0, 0, 9, 6, 8, 9, 0, 0, 0, 6, 0, 0, 0, 9, 0, 6, 7, 0, 9, : 8, 7, 7, 10, 6, 9, 8, 8, 8, 6, 9, 6, 8, 9, 6, 9, 6, 7, 9, 
349: 0, 7, 0, 8, 0, 0, 9, 7, 0, 0, 7, 9, 0, 0, 5, 0, 7, 0, 0, 8, 9, 0, 8, 0, 0, 9, 6, 8, 8, 0, 8, 0, 0, 0, 9, 0, 8, 0, 6, 7, : 7, 8, 9, 7, 7, 9, 5, 7, 8, 9, 8, 9, 6, 8, 8, 8, 9, 8, 6, 7, 


77: 8, 0, 9, 10, 8, 10, 7, 0, 6, 0, 0, 0, 0, 0, 11, 10, 0, 0, 10, 7, 0, 7, 0, 0, 0, 0, 9, 8, 8, 0, 0, 8, 9, 7, 0, 9, 0, 9, 0, 7, : 8, 9, 10, 8, 10, 7, 6, 11, 10, 10, 7, 7, 9, 8, 8, 8, 9, 7, 9, 9, 7, 
187: 0, 11, 0, 6, 10, 11, 0, 0, 0, 0, 0, 0, 0, 0, 8, 0, 9, 7, 5, 8, 0, 0, 8, 0, 7, 6, 0, 0, 7, 0, 0, 7, 0, 8, 0, 0, 0, 0, 0, 7, : 11, 6, 10, 11, 8, 9, 7, 5, 8, 8, 7, 6, 7, 7, 8, 7, 
181: 10, 6, 0, 0, 0, 8, 0, 0, 0, 0, 0, 6, 0, 5, 9, 0, 9, 0, 7, 0, 0, 0, 8, 8, 7, 7, 7, 0, 9, 0, 8, 6, 0, 8, 7, 0, 7, 7, 0, 9, : 10, 6, 8, 6, 5, 9, 9, 7, 8, 8, 7, 7, 7, 9, 8, 6, 8, 7, 7, 7, 9, 
252: 0, 8, 8, 0, 6, 6, 0, 7, 0, 8, 5, 8, 0, 7, 8, 8, 8, 0, 7, 0, 7, 0, 0, 0, 0, 0, 0, 7, 7, 8, 6, 0, 0, 6, 0, 8, 6, 0, 7, 0, : 8, 8, 6, 6, 7, 8, 5, 8, 7, 8, 8, 8, 7, 7, 7, 7, 8, 6, 6, 8, 6, 7, 
87: 8, 6, 0, 7, 5, 8, 7, 8, 0, 11, 0, 0, 7, 0, 0, 9, 4, 7, 7, 0, 0, 0, 0, 7, 8, 7, 7, 7, 0, 7, 9, 0, 0, 7, 7, 0, 0, 8, 0, 0, : 8, 6, 7, 5, 8, 7, 8, 11, 7, 9, 4, 7, 7, 7, 8, 7, 7, 7, 7, 9, 7, 7, 8, 
176: 6, 7, 0, 0, 8, 0, 8, 7, 0, 0, 11, 6, 0, 0, 0, 7, 0, 7, 7, 8, 8, 7, 7, 0, 7, 9, 0, 6, 8, 0, 7, 9, 0, 9, 7, 7, 0, 0, 8, 7, : 6, 7, 8, 8, 7, 11, 6, 7, 7, 7, 8, 8, 7, 7, 7, 9, 6, 8, 7, 9, 9, 7, 7, 8, 7, 
70: 7, 11, 6, 6, 8, 5, 7, 0, 0, 0, 0, 8, 0, 0, 0, 8, 0, 10, 0, 0, 0, 0, 7, 0, 0, 0, 9, 6, 0, 0, 0, 7, 7, 0, 7, 7, 0, 6, 0, 0, : 7, 11, 6, 6, 8, 5, 7, 8, 8, 10, 7, 9, 6, 7, 7, 7, 7, 6, 
211: 0, 9, 9, 0, 0, 10, 8, 0, 0, 5, 7, 0, 7, 8, 7, 0, 7, 0, 0, 0, 0, 8, 0, 7, 7, 7, 0, 7, 8, 0, 7, 0, 8, 0, 9, 0, 7, 7, 0, 6, : 9, 9, 10, 8, 5, 7, 7, 8, 7, 7, 8, 7, 7, 7, 7, 8, 7, 8, 9, 7, 7, 6, 
45: 5, 0, 11, 10, 5, 0, 0, 8, 7, 7, 7, 0, 6, 6, 0, 0, 8, 0, 8, 7, 7, 8, 7, 7, 7, 7, 8, 9, 9, 7, 7, 0, 8, 0, 0, 8, 0, 0, 7, 0, : 5, 11, 10, 5, 8, 7, 7, 7, 6, 6, 8, 8, 7, 7, 8, 7, 7, 7, 7, 8, 9, 9, 7, 7, 8, 8, 7, 
161: 0, 6, 0, 11, 0, 0, 0, 10, 0, 7, 8, 4, 0, 7, 7, 0, 0, 0, 0, 7, 0, 0, 7, 0, 0, 0, 7, 7, 8, 8, 0, 8, 0, 9, 7, 8, 8, 0, 6, 8, : 6, 11, 10, 7, 8, 4, 7, 7, 7, 7, 7, 7, 8, 8, 8, 9, 7, 8, 8, 6, 8, 
168: 0, 0, 0, 0, 7, 5, 8, 9, 9, 0, 0, 0, 0, 8, 0, 0, 0, 0, 0, 7, 6, 0, 0, 0, 8, 0, 0, 0, 0, 7, 0, 8, 0, 6, 7, 7, 7, 7, 0, 7, : 7, 5, 8, 9, 9, 8, 7, 6, 8, 7, 8, 6, 7, 7, 7, 7, 7, 
107: 9, 0, 0, 6, 7, 0, 8, 0, 7, 0, 7, 0, 0, 0, 10, 9, 6, 8, 8, 0, 9, 6, 0, 9, 6, 8, 0, 9, 0, 0, 8, 0, 7, 0, 0, 0, 8, 0, 0, 0, : 9, 6, 7, 8, 7, 7, 10, 9, 6, 8, 8, 9, 6, 9, 6, 8, 9, 8, 7, 8, 
13: 0, 10, 0, 0, 6, 0, 11, 5, 0, 0, 0, 0, 7, 8, 7, 9, 7, 0, 8, 6, 7, 0, 6, 8, 8, 7, 8, 0, 8, 9, 7, 0, 0, 0, 0, 8, 0, 0, 6, 0, : 10, 6, 11, 5, 7, 8, 7, 9, 7, 8, 6, 7, 6, 8, 8, 7, 8, 8, 9, 7, 8, 6, 
236: 0, 6, 7, 0, 0, 0, 8, 7, 7, 0, 6, 7, 8, 8, 6, 4, 8, 0, 0, 7, 0, 7, 0, 0, 0, 7, 8, 0, 7, 0, 0, 7, 0, 8, 8, 0, 7, 7, 7, 0, : 6, 7, 8, 7, 7, 6, 7, 8, 8, 6, 4, 8, 7, 7, 7, 8, 7, 7, 8, 8, 7, 7, 7, 
282: 0, 8, 5, 0, 0, 4, 0, 0, 8, 6, 0, 0, 8, 0, 0, 0, 8, 0, 8, 0, 0, 0, 7, 0, 9, 0, 0, 0, 0, 6, 0, 8, 8, 7, 6, 0, 9, 8, 8, 9, : 8, 5, 4, 8, 6, 8, 8, 8, 7, 9, 6, 8, 8, 7, 6, 9, 8, 8, 9, 
237: 0, 0, 7, 0, 6, 0, 0, 0, 0, 6, 6, 0, 7, 0, 0, 0, 7, 8, 0, 7, 0, 8, 0, 0, 8, 8, 7, 0, 0, 0, 7, 7, 0, 0, 0, 0, 7, 8, 0, 8, : 7, 6, 6, 6, 7, 7, 8, 7, 8, 8, 8, 7, 7, 7, 7, 8, 8, 
6: 8, 5, 6, 7, 0, 0, 0, 7, 7, 0, 5, 6, 0, 0, 0, 0, 0, 8, 0, 0, 0, 0, 7, 6, 9, 0, 9, 0, 0, 7, 0, 0, 8, 0, 8, 0, 8, 7, 0, 0, : 8, 5, 6, 7, 7, 7, 5, 6, 8, 7, 6, 9, 9, 7, 8, 8, 8, 7, 
394: 0, 0, 9, 0, 5, 9, 7, 7, 0, 0, 0, 0, 0, 7, 8, 0, 0, 8, 7, 8, 0, 0, 0, 6, 0, 7, 7, 8, 0, 8, 0, 7, 0, 8, 0, 7, 0, 0, 0, 0, : 9, 5, 9, 7, 7, 7, 8, 8, 7, 8, 6, 7, 7, 8, 8, 7, 8, 7, 
102: 11, 8, 0, 10, 0, 9, 8, 0, 0, 8, 9, 0, 7, 0, 0, 0, 6, 0, 0, 8, 6, 0, 0, 7, 7, 0, 6, 0, 7, 0, 0, 7, 0, 0, 7, 0, 8, 7, 0, 0, : 11, 8, 10, 9, 8, 8, 9, 7, 6, 8, 6, 7, 7, 6, 7, 7, 7, 8, 7, 
14: 0, 0, 6, 6, 10, 0, 4, 7, 0, 5, 0, 0, 8, 11, 4, 0, 0, 0, 0, 7, 7, 0, 7, 8, 0, 8, 0, 7, 0, 0, 0, 0, 7, 0, 0, 8, 0, 0, 9, 7, : 6, 6, 10, 4, 7, 5, 8, 11, 4, 7, 7, 7, 8, 8, 7, 7, 8, 9, 7, 
5: 0, 0, 5, 6, 0, 0, 8, 0, 6, 0, 0, 7, 0, 6, 6, 7, 0, 6, 0, 0, 7, 7, 0, 7, 6, 8, 7, 0, 0, 9, 9, 6, 0, 7, 0, 0, 7, 9, 0, 0, : 5, 6, 8, 6, 7, 6, 6, 7, 6, 7, 7, 7, 6, 8, 7, 9, 9, 6, 7, 7, 9, 
397: 0, 0, 0, 10, 0, 0, 0, 8, 0, 0, 0, 11, 0, 0, 0, 9, 0, 0, 0, 7, 7, 7, 8, 7, 7, 0, 0, 8, 0, 0, 0, 0, 0, 0, 0, 6, 0, 7, 0, 7, : 10, 8, 11, 9, 7, 7, 7, 8, 7, 7, 8, 6, 7, 7, 
40: 0, 9, 0, 0, 9, 0, 0, 7, 7, 8, 0, 0, 0, 7, 0, 7, 5, 0, 9, 9, 7, 8, 0, 0, 8, 0, 7, 0, 6, 0, 7, 0, 7, 0, 0, 0, 7, 0, 0, 0, : 9, 9, 7, 7, 8, 7, 7, 5, 9, 9, 7, 8, 8, 7, 6, 7, 7, 7, 
26: 0, 0, 11, 0, 0, 7, 8, 7, 0, 9, 7, 7, 6, 0, 0, 0, 0, 5, 0, 0, 8, 8, 0, 0, 0, 8, 0, 0, 6, 8, 0, 9, 0, 8, 0, 0, 9, 0, 8, 8, : 11, 7, 8, 7, 9, 7, 7, 6, 5, 8, 8, 8, 6, 8, 9, 8, 9, 8, 8, 
170: 6, 0, 0, 0, 11, 0, 8, 8, 0, 0, 8, 8, 9, 0, 0, 0, 0, 10, 6, 0, 0, 0, 8, 0, 0, 0, 0, 0, 0, 0, 8, 7, 7, 0, 0, 0, 0, 0, 9, 0, : 6, 11, 8, 8, 8, 8, 9, 10, 6, 8, 8, 7, 7, 9, 
90: 0, 0, 8, 5, 0, 9, 6, 0, 0, 6, 8, 6, 7, 10, 9, 7, 0, 0, 7, 0, 8, 0, 0, 7, 0, 9, 7, 8, 7, 0, 8, 0, 7, 7, 8, 7, 0, 7, 0, 0, : 8, 5, 9, 6, 6, 8, 6, 7, 10, 9, 7, 7, 8, 7, 9, 7, 8, 7, 8, 7, 7, 8, 7, 7, 
227: 7, 7, 0, 9, 0, 0, 6, 0, 0, 6, 10, 0, 9, 0, 8, 7, 8, 0, 0, 0, 7, 7, 6, 0, 8, 0, 0, 0, 7, 0, 8, 8, 9, 8, 9, 0, 0, 8, 7, 0, : 7, 7, 9, 6, 6, 10, 9, 8, 7, 8, 7, 7, 6, 8, 7, 8, 8, 9, 8, 9, 8, 7, 
196: 8, 0, 7, 0, 7, 10, 0, 7, 8, 9, 9, 0, 8, 0, 5, 0, 7, 0, 8, 0, 9, 0, 7, 8, 0, 0, 0, 0, 9, 7, 0, 0, 9, 0, 0, 7, 0, 0, 8, 7, : 8, 7, 7, 10, 7, 8, 9, 9, 8, 5, 7, 8, 9, 7, 8, 9, 7, 9, 7, 8, 7, 
24: 6, 7, 0, 0, 10, 7, 5, 7, 10, 6, 0, 8, 8, 0, 0, 0, 0, 0, 0, 0, 8, 0, 0, 8, 0, 0, 0, 0, 7, 7, 9, 7, 6, 7, 6, 7, 0, 9, 8, 7, : 6, 7, 10, 7, 5, 7, 10, 6, 8, 8, 8, 8, 7, 7, 9, 7, 6, 7, 6, 7, 9, 8, 7, 
143: 7, 6, 7, 0, 0, 0, 0, 0, 0, 11, 10, 0, 8, 10, 0, 0, 8, 7, 9, 8, 9, 6, 8, 0, 7, 0, 0, 0, 0, 6, 0, 0, 0, 0, 0, 8, 0, 0, 0, 8, : 7, 6, 7, 11, 10, 8, 10, 8, 7, 9, 8, 9, 6, 8, 7, 6, 8, 8, 
255: 6, 8, 7, 7, 9, 0, 0, 0, 6, 9, 0, 9, 6, 9, 0, 0, 10, 7, 8, 7, 0, 9, 0, 0, 0, 0, 8, 8, 0, 8, 6, 0, 7, 0, 9, 6, 0, 8, 0, 0, : 6, 8, 7, 7, 9, 6, 9, 9, 6, 9, 10, 7, 8, 7, 9, 8, 8, 8, 6, 7, 9, 6, 8, 
359: 0, 0, 0, 0, 0, 0, 0, 0, 10, 8, 6, 0, 4, 9, 7, 0, 9, 7, 0, 0, 8, 8, 0, 7, 0, 9, 7, 7, 0, 9, 0, 0, 0, 9, 0, 9, 0, 0, 0, 0, : 10, 8, 6, 4, 9, 7, 9, 7, 8, 8, 7, 9, 7, 7, 9, 9, 9, 
149: 8, 0, 0, 0, 0, 7, 0, 0, 0, 0, 7, 6, 9, 5, 7, 8, 0, 8, 0, 0, 0, 0, 0, 0, 7, 0, 0, 0, 0, 0, 0, 0, 6, 0, 7, 0, 0, 8, 7, 7, : 8, 7, 7, 6, 9, 5, 7, 8, 8, 7, 6, 7, 8, 7, 7, 
111: 0, 0, 0, 7, 9, 0, 0, 10, 7, 0, 6, 9, 0, 0, 8, 5, 7, 8, 8, 9, 0, 7, 0, 9, 0, 0, 8, 7, 0, 7, 7, 9, 7, 0, 8, 7, 7, 0, 0, 0, : 7, 9, 10, 7, 6, 9, 8, 5, 7, 8, 8, 9, 7, 9, 8, 7, 7, 7, 9, 7, 8, 7, 7, 
395: 6, 0, 0, 8, 0, 0, 8, 0, 10, 0, 8, 9, 0, 6, 0, 7, 0, 7, 0, 0, 0, 9, 9, 0, 0, 0, 8, 7, 7, 8, 8, 0, 8, 7, 8, 0, 7, 0, 9, 8, : 6, 8, 8, 10, 8, 9, 6, 7, 7, 9, 9, 8, 7, 7, 8, 8, 8, 7, 8, 7, 9, 8, 
344: 7, 0, 5, 5, 0, 6, 0, 0, 6, 9, 0, 9, 0, 0, 0, 0, 0, 7, 6, 0, 8, 7, 9, 9, 9, 8, 6, 0, 0, 7, 0, 0, 0, 7, 0, 0, 6, 0, 8, 8, : 7, 5, 5, 6, 6, 9, 9, 7, 6, 8, 7, 9, 9, 9, 8, 6, 7, 7, 6, 8, 8, 
173: 0, 0, 9, 6, 4, 8, 10, 0, 8, 0, 0, 8, 0, 0, 0, 9, 0, 7, 0, 0, 0, 7, 0, 0, 0, 0, 0, 0, 8, 7, 7, 0, 0, 7, 8, 0, 8, 0, 7, 0, : 9, 6, 4, 8, 10, 8, 8, 9, 7, 7, 8, 7, 7, 7, 8, 8, 7, 
9: 0, 6, 0, 0, 0, 0, 0, 5, 6, 6, 0, 0, 0, 8, 6, 7, 0, 0, 0, 7, 0, 0, 9, 7, 0, 7, 0, 8, 7, 0, 0, 8, 8, 0, 0, 0, 9, 7, 7, 0, : 6, 5, 6, 6, 8, 6, 7, 7, 9, 7, 7, 8, 7, 8, 8, 9, 7, 7, 
99: 10, 0, 8, 8, 0, 5, 0, 0, 7, 0, 0, 0, 11, 0, 0, 5, 9, 0, 7, 7, 7, 0, 8, 0, 0, 7, 0, 9, 0, 0, 0, 7, 7, 0, 0, 9, 8, 6, 7, 6, : 10, 8, 8, 5, 7, 11, 5, 9, 7, 7, 7, 8, 7, 9, 7, 7, 9, 8, 6, 7, 6, 
217: 7, 6, 0, 0, 0, 6, 0, 9, 8, 0, 0, 8, 0, 5, 9, 8, 0, 8, 0, 9, 0, 9, 7, 8, 0, 6, 0, 7, 0, 0, 7, 0, 0, 0, 7, 7, 0, 0, 7, 9, : 7, 6, 6, 9, 8, 8, 5, 9, 8, 8, 9, 9, 7, 8, 6, 7, 7, 7, 7, 7, 9, 


368: 0, 0, 0, 0, 5, 6, 0, 4, 7, 4, 4, 0, 0, 0, 0, 0, 6, 9, 0, 7, 7, 6, 6, 0, 0, 0, 0, 0, 7, 7, 7, 9, 7, 0, 6, 7, 9, 7, 0, 7, : 5, 6, 4, 7, 4, 4, 6, 9, 7, 7, 6, 6, 7, 7, 7, 9, 7, 6, 7, 9, 7, 7, 
265: 0, 4, 5, 0, 6, 0, 8, 0, 0, 8, 0, 9, 8, 0, 0, 10, 6, 0, 7, 7, 7, 9, 0, 7, 0, 7, 0, 7, 8, 7, 0, 0, 8, 0, 9, 0, 7, 9, 0, 7, : 4, 5, 6, 8, 8, 9, 8, 10, 6, 7, 7, 7, 9, 7, 7, 7, 8, 7, 8, 9, 7, 9, 7, 
188: 0, 0, 0, 0, 10, 6, 0, 0, 10, 7, 0, 0, 8, 0, 6, 9, 0, 8, 0, 6, 9, 0, 9, 9, 0, 0, 9, 8, 8, 0, 8, 0, 0, 9, 7, 0, 6, 0, 0, 0, : 10, 6, 10, 7, 8, 6, 9, 8, 6, 9, 9, 9, 9, 8, 8, 8, 9, 7, 6, 
241: 0, 0, 8, 6, 0, 0, 6, 7, 0, 6, 0, 0, 7, 0, 0, 0, 6, 0, 8, 0, 7, 0, 7, 7, 0, 0, 9, 6, 0, 9, 8, 7, 0, 9, 0, 5, 8, 5, 8, 0, : 8, 6, 6, 7, 6, 7, 6, 8, 7, 7, 7, 9, 6, 9, 8, 7, 9, 5, 8, 5, 8, 
139: 6, 4, 0, 10, 0, 8, 10, 7, 9, 0, 0, 0, 10, 9, 0, 0, 0, 9, 7, 9, 9, 7, 0, 0, 0, 7, 0, 0, 0, 0, 7, 0, 0, 0, 6, 6, 0, 0, 0, 6, : 6, 4, 10, 8, 10, 7, 9, 10, 9, 9, 7, 9, 9, 7, 7, 7, 6, 6, 6, 
312: 5, 0, 4, 9, 0, 7, 6, 8, 0, 10, 6, 6, 6, 0, 0, 0, 8, 8, 0, 0, 0, 0, 0, 0, 0, 0, 7, 6, 9, 0, 6, 9, 0, 0, 9, 0, 0, 9, 0, 8, : 5, 4, 9, 7, 6, 8, 10, 6, 6, 6, 8, 8, 7, 6, 9, 6, 9, 9, 9, 8, 
256: 7, 8, 10, 8, 0, 0, 10, 7, 0, 0, 0, 0, 0, 0, 0, 6, 0, 0, 0, 0, 7, 9, 0, 6, 0, 0, 0, 0, 0, 0, 7, 0, 0, 5, 0, 8, 7, 0, 6, 7, : 7, 8, 10, 8, 10, 7, 6, 7, 9, 6, 7, 5, 8, 7, 6, 7, 
36: 10, 0, 0, 9, 9, 0, 0, 0, 8, 0, 9, 0, 0, 8, 9, 7, 7, 0, 7, 0, 0, 0, 7, 8, 7, 7, 7, 0, 6, 0, 0, 7, 9, 0, 0, 0, 0, 7, 0, 0, : 10, 9, 9, 8, 9, 8, 9, 7, 7, 7, 7, 8, 7, 7, 7, 6, 7, 9, 7, 
82: 0, 8, 0, 8, 8, 0, 0, 7, 0, 8, 10, 6, 6, 0, 7, 0, 6, 0, 0, 0, 8, 9, 0, 0, 8, 6, 0, 0, 7, 0, 0, 0, 0, 0, 0, 0, 7, 8, 0, 0, : 8, 8, 8, 7, 8, 10, 6, 6, 7, 6, 8, 9, 8, 6, 7, 7, 8, 
18: 5, 0, 10, 0, 0, 0, 0, 10, 0, 0, 10, 6, 9, 0, 7, 8, 0, 7, 7, 6, 0, 9, 7, 0, 0, 0, 0, 5, 7, 5, 9, 0, 0, 0, 5, 9, 0, 0, 0, 7, : 5, 10, 10, 10, 6, 9, 7, 8, 7, 7, 6, 9, 7, 5, 7, 5, 9, 5, 9, 7, 
69: 9, 9, 0, 0, 0, 7, 0, 0, 7, 6, 0, 0, 9, 8, 0, 8, 0, 6, 8, 8, 6, 0, 0, 8, 7, 0, 6, 0, 0, 0, 8, 0, 0, 0, 8, 0, 0, 0, 7, 0, : 9, 9, 7, 7, 6, 9, 8, 8, 6, 8, 8, 6, 8, 7, 6, 8, 8, 7, 
335: 0, 0, 0, 0, 8, 9, 7, 9, 0, 9, 0, 0, 0, 9, 0, 8, 0, 0, 7, 0, 8, 5, 0, 0, 7, 7, 0, 0, 0, 8, 0, 7, 0, 7, 0, 0, 8, 7, 7, 0, : 8, 9, 7, 9, 9, 9, 8, 7, 8, 5, 7, 7, 8, 7, 7, 8, 7, 7, 
23: 9, 8, 0, 8, 9, 9, 7, 7, 0, 0, 0, 8, 0, 0, 7, 0, 0, 7, 9, 0, 0, 9, 7, 9, 9, 0, 9, 9, 9, 9, 0, 0, 7, 7, 9, 0, 0, 6, 9, 0, : 9, 8, 8, 9, 9, 7, 7, 8, 7, 7, 9, 9, 7, 9, 9, 9, 9, 9, 9, 7, 7, 9, 6, 9, 
295: 0, 0, 0, 0, 7, 0, 9, 7, 8, 6, 8, 4, 9, 9, 7, 6, 9, 0, 6, 0, 0, 8, 7, 0, 9, 0, 0, 7, 0, 0, 0, 7, 0, 9, 0, 0, 0, 9, 7, 9, : 7, 9, 7, 8, 6, 8, 4, 9, 9, 7, 6, 9, 6, 8, 7, 9, 7, 7, 9, 9, 7, 9, 
318: 0, 0, 6, 0, 0, 0, 0, 9, 8, 0, 4, 10, 8, 5, 6, 0, 0, 6, 0, 0, 9, 0, 9, 0, 7, 8, 8, 9, 0, 8, 9, 8, 7, 7, 0, 9, 8, 7, 5, 0, : 6, 9, 8, 4, 10, 8, 5, 6, 6, 9, 9, 7, 8, 8, 9, 8, 9, 8, 7, 7, 9, 8, 7, 5, 
114: 6, 7, 9, 5, 0, 7, 9, 6, 0, 0, 0, 0, 0, 0, 0, 0, 9, 0, 9, 7, 0, 7, 8, 0, 6, 0, 0, 0, 0, 0, 0, 0, 0, 8, 7, 0, 5, 0, 0, 0, : 6, 7, 9, 5, 7, 9, 6, 9, 9, 7, 7, 8, 6, 8, 7, 5, 
76: 9, 0, 10, 5, 0, 0, 0, 8, 5, 8, 0, 0, 0, 6, 9, 7, 0, 0, 8, 7, 6, 0, 8, 0, 8, 0, 7, 9, 8, 9, 0, 0, 0, 6, 7, 7, 0, 0, 0, 0, : 9, 10, 5, 8, 5, 8, 6, 9, 7, 8, 7, 6, 8, 8, 7, 9, 8, 9, 6, 7, 7, 
322: 8, 9, 8, 8, 0, 5, 7, 0, 7, 5, 6, 6, 0, 0, 0, 0, 0, 8, 0, 7, 9, 8, 0, 7, 0, 7, 0, 9, 8, 0, 0, 8, 9, 7, 9, 0, 0, 8, 7, 6, : 8, 9, 8, 8, 5, 7, 7, 5, 6, 6, 8, 7, 9, 8, 7, 7, 9, 8, 8, 9, 7, 9, 8, 7, 6, 
283: 0, 7, 0, 8, 0, 0, 4, 0, 0, 0, 0, 0, 8, 6, 9, 6, 7, 0, 7, 0, 8, 7, 0, 7, 0, 0, 0, 0, 7, 7, 9, 8, 9, 8, 0, 0, 0, 0, 0, 9, : 7, 8, 4, 8, 6, 9, 6, 7, 7, 8, 7, 7, 7, 7, 9, 8, 9, 8, 9, 
31: 7, 7, 0, 7, 8, 0, 0, 7, 0, 0, 7, 0, 0, 8, 6, 0, 8, 0, 8, 9, 0, 0, 0, 0, 9, 5, 7, 0, 0, 0, 9, 7, 0, 9, 0, 0, 7, 9, 0, 9, : 7, 7, 7, 8, 7, 7, 8, 6, 8, 8, 9, 9, 5, 7, 9, 7, 9, 7, 9, 9, 
311: 8, 0, 9, 9, 9, 0, 0, 0, 6, 0, 0, 9, 10, 8, 10, 8, 11, 7, 0, 0, 0, 0, 0, 0, 8, 9, 9, 8, 0, 6, 6, 6, 0, 0, 0, 9, 0, 7, 0, 7, : 8, 9, 9, 9, 6, 9, 10, 8, 10, 8, 11, 7, 8, 9, 9, 8, 6, 6, 6, 9, 7, 7, 
339: 0, 5, 0, 0, 9, 0, 0, 5, 0, 4, 9, 9, 0, 7, 0, 0, 7, 7, 7, 8, 0, 8, 7, 9, 0, 6, 0, 7, 0, 0, 7, 9, 8, 0, 0, 7, 0, 0, 6, 0, : 5, 9, 5, 4, 9, 9, 7, 7, 7, 7, 8, 8, 7, 9, 6, 7, 7, 9, 8, 7, 6, 
73: 0, 8, 0, 0, 6, 8, 6, 0, 0, 9, 0, 0, 0, 0, 0, 9, 0, 0, 0, 9, 0, 0, 0, 7, 0, 8, 7, 0, 7, 8, 5, 0, 9, 0, 8, 7, 9, 6, 0, 0, : 8, 6, 8, 6, 9, 9, 9, 7, 8, 7, 7, 8, 5, 9, 8, 7, 9, 6, 
332: 0, 6, 7, 10, 0, 0, 0, 0, 0, 9, 5, 0, 0, 0, 0, 0, 0, 7, 0, 6, 7, 7, 7, 0, 7, 9, 0, 7, 0, 0, 8, 9, 0, 0, 8, 0, 0, 7, 7, 0, : 6, 7, 10, 9, 5, 7, 6, 7, 7, 7, 7, 9, 7, 8, 9, 8, 7, 7, 
131: 0, 11, 0, 4, 8, 6, 7, 0, 5, 0, 8, 0, 6, 8, 8, 0, 5, 6, 0, 7, 0, 0, 6, 7, 7, 7, 7, 0, 0, 0, 7, 0, 6, 9, 0, 0, 6, 0, 9, 7, : 11, 4, 8, 6, 7, 5, 8, 6, 8, 8, 5, 6, 7, 6, 7, 7, 7, 7, 7, 6, 9, 6, 9, 7, 
254: 5, 0, 5, 9, 5, 9, 8, 10, 9, 8, 7, 9, 0, 6, 0, 0, 0, 7, 0, 0, 0, 6, 0, 0, 8, 9, 8, 7, 0, 7, 0, 0, 0, 0, 0, 6, 0, 0, 7, 0, : 5, 5, 9, 5, 9, 8, 10, 9, 8, 7, 9, 6, 7, 6, 8, 9, 8, 7, 7, 6, 7, 
218: 0, 5, 11, 0, 0, 6, 0, 0, 9, 0, 0, 8, 0, 0, 7, 8, 0, 0, 8, 7, 0, 7, 0, 7, 0, 0, 0, 0, 5, 0, 7, 8, 0, 0, 7, 9, 9, 8, 0, 7, : 5, 11, 6, 9, 8, 7, 8, 8, 7, 7, 7, 5, 7, 8, 7, 9, 9, 8, 7, 
250: 9, 11, 7, 9, 0, 8, 11, 0, 0, 0, 0, 5, 0, 10, 0, 0, 7, 8, 0, 0, 0, 0, 0, 0, 0, 0, 0, 0, 0, 9, 0, 5, 0, 0, 0, 9, 0, 0, 8, 8, : 9, 11, 7, 9, 8, 11, 5, 10, 7, 8, 9, 5, 9, 8, 8, 
137: 6, 0, 0, 5, 0, 0, 8, 0, 4, 10, 5, 0, 6, 5, 7, 6, 7, 0, 7, 0, 5, 0, 5, 0, 9, 9, 0, 8, 0, 6, 0, 7, 7, 7, 0, 8, 9, 0, 0, 0, : 6, 5, 8, 4, 10, 5, 6, 5, 7, 6, 7, 7, 5, 5, 9, 9, 8, 6, 7, 7, 7, 8, 9, 
375: 7, 9, 0, 0, 5, 6, 0, 5, 8, 0, 8, 8, 5, 8, 8, 0, 0, 0, 0, 0, 8, 7, 0, 0, 0, 9, 0, 0, 6, 7, 9, 0, 7, 8, 0, 7, 0, 0, 9, 8, : 7, 9, 5, 6, 5, 8, 8, 8, 5, 8, 8, 8, 7, 9, 6, 7, 9, 7, 8, 7, 9, 8, 
201: 0, 0, 6, 0, 8, 0, 0, 9, 8, 0, 0, 0, 0, 6, 8, 6, 8, 0, 0, 0, 0, 0, 0, 9, 6, 7, 7, 0, 9, 7, 7, 6, 8, 8, 0, 0, 0, 7, 8, 9, : 6, 8, 9, 8, 6, 8, 6, 8, 9, 6, 7, 7, 9, 7, 7, 6, 8, 8, 7, 8, 9, 
266: 11, 0, 0, 0, 7, 10, 7, 0, 8, 11, 8, 9, 5, 0, 7, 7, 0, 9, 0, 0, 0, 0, 7, 0, 0, 0, 9, 7, 0, 8, 0, 0, 7, 6, 7, 0, 0, 0, 0, 0, : 11, 7, 10, 7, 8, 11, 8, 9, 5, 7, 7, 9, 7, 9, 7, 8, 7, 6, 7, 
230: 0, 0, 5, 9, 8, 8, 8, 0, 8, 5, 0, 7, 0, 8, 0, 11, 6, 0, 0, 0, 7, 0, 8, 6, 7, 8, 8, 0, 0, 7, 0, 0, 9, 0, 7, 8, 0, 0, 7, 8, : 5, 9, 8, 8, 8, 8, 5, 7, 8, 11, 6, 7, 8, 6, 7, 8, 8, 7, 9, 7, 8, 7, 8, 
263: 8, 0, 0, 0, 0, 7, 0, 0, 0, 0, 0, 0, 0, 0, 0, 0, 9, 0, 9, 0, 0, 0, 9, 8, 0, 0, 0, 0, 9, 0, 0, 0, 7, 7, 7, 0, 9, 0, 0, 9, : 8, 7, 9, 9, 9, 8, 9, 7, 7, 7, 9, 9, 
163: 0, 7, 0, 0, 9, 9, 0, 0, 8, 8, 8, 0, 10, 8, 0, 7, 0, 9, 0, 8, 0, 0, 0, 0, 0, 0, 6, 9, 7, 9, 0, 0, 5, 0, 9, 7, 0, 7, 9, 0, : 7, 9, 9, 8, 8, 8, 10, 8, 7, 9, 8, 6, 9, 7, 9, 5, 9, 7, 7, 9, 
367: 7, 0, 7, 0, 0, 0, 0, 7, 8, 0, 0, 9, 0, 0, 8, 0, 0, 9, 6, 8, 0, 7, 9, 7, 0, 0, 0, 7, 0, 0, 0, 7, 0, 0, 7, 0, 7, 0, 9, 0, : 7, 7, 7, 8, 9, 8, 9, 6, 8, 7, 9, 7, 7, 7, 7, 7, 9, 
223: 0, 0, 0, 0, 6, 0, 0, 0, 0, 9, 10, 6, 0, 8, 5, 0, 0, 6, 8, 8, 9, 7, 8, 9, 0, 0, 5, 8, 7, 0, 0, 0, 0, 7, 0, 0, 8, 8, 0, 5, : 6, 9, 10, 6, 8, 5, 6, 8, 8, 9, 7, 8, 9, 5, 8, 7, 7, 8, 8, 5, 
151: 0, 9, 7, 4, 0, 0, 0, 11, 0, 0, 0, 7, 7, 0, 0, 7, 0, 0, 7, 0, 7, 0, 9, 5, 9, 7, 0, 0, 9, 0, 0, 0, 7, 0, 8, 7, 7, 0, 8, 0, : 9, 7, 4, 11, 7, 7, 7, 7, 7, 9, 5, 9, 7, 9, 7, 8, 7, 7, 8, 
360: 8, 8, 9, 0, 0, 9, 5, 0, 0, 0, 9, 9, 7, 0, 0, 0, 8, 7, 0, 7, 7, 8, 0, 8, 7, 8, 8, 7, 0, 7, 0, 7, 6, 0, 0, 7, 7, 9, 0, 0, : 8, 8, 9, 9, 5, 9, 9, 7, 8, 7, 7, 7, 8, 8, 7, 8, 8, 7, 7, 7, 6, 7, 7, 9, 
112: 0, 0, 7, 0, 0, 0, 7, 0, 0, 0, 9, 0, 6, 0, 9, 6, 10, 0, 0, 9, 0, 0, 0, 0, 5, 0, 7, 0, 7, 0, 7, 9, 8, 7, 0, 8, 7, 0, 7, 7, : 7, 7, 9, 6, 9, 6, 10, 9, 5, 7, 7, 7, 9, 8, 7, 8, 7, 7, 7, 


269: 9, 7, 0, 0, 0, 8, 0, 7, 7, 8, 10, 5, 6, 0, 0, 0, 0, 0, 8, 0, 6, 9, 7, 9, 0, 9, 9, 7, 0, 0, 0, 0, 0, 7, 0, 0, 9, 7, 7, 7, : 9, 7, 8, 7, 7, 8, 10, 5, 6, 8, 6, 9, 7, 9, 9, 9, 7, 7, 9, 7, 7, 7, 
169: 7, 0, 0, 5, 10, 0, 0, 8, 0, 0, 0, 6, 0, 0, 0, 6, 0, 0, 7, 9, 8, 0, 0, 8, 9, 0, 0, 7, 9, 6, 9, 0, 0, 0, 8, 0, 6, 7, 6, 8, : 7, 5, 10, 8, 6, 6, 7, 9, 8, 8, 9, 7, 9, 6, 9, 8, 6, 7, 6, 8, 
224: 0, 0, 0, 0, 8, 0, 0, 8, 0, 0, 4, 0, 9, 8, 4, 8, 0, 0, 9, 0, 0, 7, 9, 0, 0, 7, 7, 0, 8, 0, 0, 0, 0, 7, 7, 0, 7, 0, 0, 6, : 8, 8, 4, 9, 8, 4, 8, 9, 7, 9, 7, 7, 8, 7, 7, 7, 6, 
362: 0, 0, 7, 8, 0, 9, 0, 0, 0, 0, 0, 8, 0, 6, 9, 10, 8, 0, 0, 0, 8, 0, 6, 9, 0, 9, 0, 9, 0, 6, 0, 0, 7, 0, 0, 0, 0, 0, 9, 9, : 7, 8, 9, 8, 6, 9, 10, 8, 8, 6, 9, 9, 9, 6, 7, 9, 9, 
144: 7, 0, 0, 7, 0, 0, 0, 4, 0, 6, 0, 0, 0, 0, 9, 0, 8, 0, 7, 0, 7, 0, 7, 8, 0, 0, 0, 0, 7, 9, 9, 7, 9, 0, 0, 8, 0, 0, 0, 0, : 7, 7, 4, 6, 9, 8, 7, 7, 7, 8, 7, 9, 9, 7, 9, 8, 
180: 0, 0, 6, 7, 7, 10, 7, 0, 0, 10, 8, 0, 5, 0, 0, 9, 0, 8, 0, 0, 0, 6, 9, 0, 7, 7, 7, 0, 6, 9, 6, 6, 6, 8, 0, 6, 0, 0, 0, 0, : 6, 7, 7, 10, 7, 10, 8, 5, 9, 8, 6, 9, 7, 7, 7, 6, 9, 6, 6, 6, 8, 6, 
214: 7, 0, 7, 0, 0, 0, 11, 0, 8, 0, 0, 0, 7, 10, 6, 0, 0, 0, 8, 8, 9, 9, 0, 6, 0, 0, 0, 0, 9, 8, 8, 9, 0, 6, 0, 6, 0, 8, 6, 0, : 7, 7, 11, 8, 7, 10, 6, 8, 8, 9, 9, 6, 9, 8, 8, 9, 6, 6, 8, 6, 
27: 0, 0, 8, 0, 0, 4, 0, 8, 10, 8, 10, 9, 0, 0, 6, 8, 0, 0, 8, 9, 7, 0, 0, 8, 0, 0, 0, 7, 8, 7, 0, 6, 6, 9, 0, 0, 0, 7, 7, 0, : 8, 4, 8, 10, 8, 10, 9, 6, 8, 8, 9, 7, 8, 7, 8, 7, 6, 6, 9, 7, 7, 
262: 0, 0, 0, 6, 10, 6, 10, 6, 8, 0, 0, 0, 10, 9, 6, 7, 5, 0, 9, 7, 7, 7, 0, 0, 7, 0, 7, 0, 0, 6, 0, 9, 7, 0, 0, 8, 0, 0, 7, 0, : 6, 10, 6, 10, 6, 8, 10, 9, 6, 7, 5, 9, 7, 7, 7, 7, 7, 6, 9, 7, 8, 7, 
89: 8, 8, 0, 0, 8, 7, 7, 0, 9, 0, 0, 0, 0, 0, 10, 0, 0, 0, 0, 9, 8, 0, 0, 0, 0, 0, 0, 8, 0, 0, 0, 6, 6, 0, 0, 0, 8, 0, 7, 7, : 8, 8, 8, 7, 7, 9, 10, 9, 8, 8, 6, 6, 8, 7, 7, 
240: 0, 0, 0, 0, 0, 0, 0, 9, 8, 0, 5, 7, 9, 0, 0, 0, 0, 0, 0, 0, 0, 8, 6, 6, 7, 6, 6, 0, 0, 0, 9, 8, 0, 9, 0, 0, 6, 0, 7, 0, : 9, 8, 5, 7, 9, 8, 6, 6, 7, 6, 6, 9, 8, 9, 6, 7, 
113: 0, 11, 9, 9, 11, 8, 10, 0, 7, 8, 7, 9, 0, 0, 0, 0, 9, 0, 7, 0, 6, 0, 0, 0, 0, 6, 0, 0, 7, 7, 7, 8, 7, 0, 8, 0, 0, 0, 0, 7, : 11, 9, 9, 11, 8, 10, 7, 8, 7, 9, 9, 7, 6, 6, 7, 7, 7, 8, 7, 8, 7, 
342: 0, 8, 7, 9, 5, 0, 8, 9, 0, 0, 9, 10, 0, 0, 0, 9, 7, 8, 8, 8, 8, 0, 0, 9, 6, 0, 9, 7, 9, 0, 0, 0, 9, 8, 0, 6, 0, 0, 0, 0, : 8, 7, 9, 5, 8, 9, 9, 10, 9, 7, 8, 8, 8, 8, 9, 6, 9, 7, 9, 9, 8, 6, 
105: 7, 0, 7, 0, 4, 0, 8, 0, 6, 8, 8, 0, 9, 0, 0, 0, 8, 0, 0, 0, 9, 6, 0, 0, 0, 0, 6, 9, 0, 0, 0, 0, 0, 0, 9, 0, 0, 0, 0, 0, : 7, 7, 4, 8, 6, 8, 8, 9, 8, 9, 6, 6, 9, 9, 
116: 9, 5, 6, 8, 4, 9, 0, 0, 7, 7, 0, 7, 6, 0, 7, 7, 0, 6, 6, 7, 0, 0, 7, 0, 0, 0, 0, 0, 8, 8, 0, 7, 0, 0, 9, 7, 0, 6, 0, 0, : 9, 5, 6, 8, 4, 9, 7, 7, 7, 6, 7, 7, 6, 6, 7, 7, 8, 8, 7, 9, 7, 6, 
171: 10, 8, 7, 0, 0, 0, 7, 7, 6, 10, 7, 8, 7, 0, 8, 0, 0, 6, 0, 8, 9, 0, 0, 7, 0, 7, 6, 0, 0, 9, 0, 0, 9, 0, 7, 0, 7, 0, 8, 0, : 10, 8, 7, 7, 7, 6, 10, 7, 8, 7, 8, 6, 8, 9, 7, 7, 6, 9, 9, 7, 7, 8, 
42: 7, 5, 0, 0, 6, 0, 5, 10, 9, 8, 0, 0, 8, 10, 0, 7, 6, 7, 8, 9, 0, 6, 6, 6, 7, 0, 0, 0, 7, 9, 8, 8, 8, 0, 9, 0, 7, 0, 8, 0, : 7, 5, 6, 5, 10, 9, 8, 8, 10, 7, 6, 7, 8, 9, 6, 6, 6, 7, 7, 9, 8, 8, 8, 9, 7, 8, 
98: 0, 0, 0, 5, 9, 8, 8, 6, 7, 6, 8, 0, 7, 5, 7, 0, 0, 8, 0, 8, 7, 0, 7, 0, 7, 0, 8, 0, 0, 0, 0, 0, 0, 0, 0, 0, 9, 9, 7, 0, : 5, 9, 8, 8, 6, 7, 6, 8, 7, 5, 7, 8, 8, 7, 7, 7, 8, 9, 9, 7, 
65: 0, 7, 9, 0, 7, 11, 0, 0, 7, 0, 7, 0, 10, 9, 7, 0, 0, 8, 0, 0, 6, 9, 0, 7, 0, 0, 0, 0, 9, 8, 7, 9, 0, 6, 7, 0, 0, 7, 8, 8, : 7, 9, 7, 11, 7, 7, 10, 9, 7, 8, 6, 9, 7, 9, 8, 7, 9, 6, 7, 7, 8, 8, 
306: 7, 0, 0, 8, 0, 8, 0, 0, 7, 4, 0, 8, 0, 7, 5, 0, 0, 0, 0, 8, 0, 7, 0, 0, 0, 8, 9, 0, 0, 0, 0, 0, 0, 7, 9, 7, 0, 0, 9, 6, : 7, 8, 8, 7, 4, 8, 7, 5, 8, 7, 8, 9, 7, 9, 7, 9, 6, 
299: 0, 7, 0, 0, 7, 7, 7, 0, 4, 7, 0, 0, 10, 0, 0, 10, 9, 8, 8, 7, 8, 0, 8, 0, 8, 7, 0, 7, 7, 0, 0, 7, 0, 7, 6, 7, 6, 0, 0, 9, : 7, 7, 7, 7, 4, 7, 10, 10, 9, 8, 8, 7, 8, 8, 8, 7, 7, 7, 7, 7, 6, 7, 6, 9, 
329: 8, 11, 0, 0, 0, 0, 0, 0, 10, 7, 0, 8, 0, 5, 0, 0, 0, 8, 6, 0, 0, 8, 9, 7, 8, 6, 7, 6, 6, 0, 7, 0, 9, 8, 6, 0, 0, 8, 9, 7, : 8, 11, 10, 7, 8, 5, 8, 6, 8, 9, 7, 8, 6, 7, 6, 6, 7, 9, 8, 6, 8, 9, 7, 
134: 8, 0, 7, 9, 0, 0, 0, 10, 0, 0, 0, 9, 7, 4, 8, 0, 9, 0, 0, 0, 0, 7, 9, 7, 9, 0, 0, 8, 0, 8, 0, 7, 0, 0, 0, 0, 9, 9, 0, 8, : 8, 7, 9, 10, 9, 7, 4, 8, 9, 7, 9, 7, 9, 8, 8, 7, 9, 9, 8, 
323: 0, 0, 8, 0, 0, 0, 8, 0, 0, 0, 0, 0, 0, 8, 9, 5, 0, 8, 8, 0, 0, 0, 8, 9, 8, 7, 8, 0, 0, 7, 0, 8, 0, 0, 8, 0, 0, 0, 0, 0, : 8, 8, 8, 9, 5, 8, 8, 8, 9, 8, 7, 8, 7, 8, 8, 
221: 0, 7, 10, 6, 0, 8, 0, 7, 0, 0, 0, 5, 4, 0, 0, 6, 0, 6, 7, 0, 0, 7, 8, 0, 0, 6, 7, 8, 7, 7, 9, 0, 8, 0, 0, 8, 0, 8, 0, 0, : 7, 10, 6, 8, 7, 5, 4, 6, 6, 7, 7, 8, 6, 7, 8, 7, 7, 9, 8, 8, 8, 
174: 0, 6, 7, 6, 9, 0, 8, 7, 5, 0, 6, 0, 0, 9, 0, 0, 0, 0, 6, 0, 0, 6, 6, 0, 9, 0, 0, 8, 0, 0, 8, 0, 9, 0, 0, 9, 9, 8, 0, 0, : 6, 7, 6, 9, 8, 7, 5, 6, 9, 6, 6, 6, 9, 8, 8, 9, 9, 9, 8, 
20: 10, 7, 11, 9, 0, 0, 7, 0, 0, 6, 8, 5, 0, 6, 0, 0, 6, 0, 8, 0, 0, 0, 0, 8, 0, 0, 0, 0, 6, 0, 7, 7, 0, 0, 6, 9, 0, 0, 8, 7, : 10, 7, 11, 9, 7, 6, 8, 5, 6, 6, 8, 8, 6, 7, 7, 6, 9, 8, 7, 
15: 6, 0, 6, 0, 0, 0, 8, 6, 0, 0, 9, 0, 0, 9, 0, 0, 7, 0, 0, 6, 6, 0, 7, 0, 9, 0, 7, 7, 7, 6, 0, 0, 7, 6, 0, 0, 8, 6, 9, 6, : 6, 6, 8, 6, 9, 9, 7, 6, 6, 7, 9, 7, 7, 7, 6, 7, 6, 8, 6, 9, 6, 
398: 9, 10, 6, 0, 0, 0, 0, 10, 0, 0, 0, 6, 10, 5, 0, 0, 10, 0, 0, 0, 0, 9, 0, 7, 6, 0, 6, 6, 0, 9, 0, 9, 0, 7, 7, 7, 7, 7, 6, 0, : 9, 10, 6, 10, 6, 10, 5, 10, 9, 7, 6, 6, 6, 9, 9, 7, 7, 7, 7, 7, 6, 
300: 7, 7, 9, 10, 7, 5, 0, 5, 0, 6, 7, 0, 5, 9, 7, 7, 0, 0, 0, 0, 7, 0, 0, 0, 7, 9, 0, 9, 0, 7, 7, 0, 0, 7, 0, 9, 7, 6, 0, 0, : 7, 7, 9, 10, 7, 5, 5, 6, 7, 5, 9, 7, 7, 7, 7, 9, 9, 7, 7, 7, 9, 7, 6, 
189: 0, 6, 0, 10, 0, 0, 8, 0, 0, 0, 0, 9, 0, 0, 0, 10, 5, 8, 0, 6, 0, 0, 0, 0, 6, 8, 0, 9, 0, 0, 6, 0, 0, 0, 6, 6, 8, 7, 0, 7, : 6, 10, 8, 9, 10, 5, 8, 6, 6, 8, 9, 6, 6, 6, 8, 7, 7, 
391: 6, 0, 0, 0, 0, 6, 7, 0, 6, 9, 0, 0, 0, 0, 0, 7, 10, 9, 0, 7, 9, 8, 8, 0, 9, 8, 0, 0, 0, 0, 8, 9, 0, 0, 7, 7, 7, 9, 7, 0, : 6, 6, 7, 6, 9, 7, 10, 9, 7, 9, 8, 8, 9, 8, 8, 9, 7, 7, 7, 9, 7, 
277: 5, 0, 0, 5, 10, 7, 6, 0, 0, 10, 7, 0, 9, 8, 0, 5, 8, 0, 0, 7, 7, 7, 9, 6, 6, 7, 8, 0, 7, 7, 0, 7, 8, 7, 0, 0, 0, 0, 0, 6, : 5, 5, 10, 7, 6, 10, 7, 9, 8, 5, 8, 7, 7, 7, 9, 6, 6, 7, 8, 7, 7, 7, 8, 7, 6, 
228: 0, 0, 0, 0, 6, 0, 0, 0, 9, 0, 8, 6, 7, 0, 8, 8, 7, 7, 0, 0, 0, 8, 0, 0, 0, 9, 7, 0, 9, 0, 6, 0, 8, 9, 0, 9, 7, 7, 0, 9, : 6, 9, 8, 6, 7, 8, 8, 7, 7, 8, 9, 7, 9, 6, 8, 9, 9, 7, 7, 9, 
194: 0, 8, 0, 8, 0, 0, 5, 0, 0, 0, 0, 10, 0, 4, 0, 7, 0, 8, 0, 6, 0, 0, 7, 7, 8, 0, 9, 6, 0, 0, 7, 0, 7, 8, 7, 7, 0, 0, 6, 9, : 8, 8, 5, 10, 4, 7, 8, 6, 7, 7, 8, 9, 6, 7, 7, 8, 7, 7, 6, 9, 
238: 6, 6, 0, 0, 0, 7, 5, 9, 10, 8, 0, 0, 5, 0, 8, 8, 7, 8, 6, 8, 0, 0, 7, 0, 0, 9, 0, 6, 6, 0, 0, 0, 0, 0, 0, 9, 8, 0, 0, 0, : 6, 6, 7, 5, 9, 10, 8, 5, 8, 8, 7, 8, 6, 8, 7, 9, 6, 6, 9, 8, 
210: 0, 0, 8, 0, 0, 10, 0, 0, 0, 0, 5, 8, 0, 0, 9, 0, 8, 6, 0, 0, 0, 0, 0, 0, 0, 0, 8, 0, 8, 0, 9, 0, 7, 6, 8, 8, 0, 0, 9, 8, : 8, 10, 5, 8, 9, 8, 6, 8, 8, 9, 7, 6, 8, 8, 9, 8, 
355: 0, 9, 0, 0, 8, 7, 0, 0, 0, 0, 9, 7, 0, 8, 0, 6, 6, 9, 9, 6, 0, 9, 0, 0, 7, 0, 0, 7, 0, 0, 0, 7, 0, 9, 7, 7, 6, 9, 0, 9, : 9, 8, 7, 9, 7, 8, 6, 6, 9, 9, 6, 9, 7, 7, 7, 9, 7, 7, 6, 9, 9, 
369: 7, 0, 5, 8, 6, 0, 0, 7, 0, 8, 0, 0, 0, 0, 9, 0, 0, 7, 0, 0, 8, 7, 0, 7, 0, 8, 9, 0, 0, 7, 6, 6, 6, 0, 9, 0, 0, 6, 0, 0, : 7, 5, 8, 6, 7, 8, 9, 7, 8, 7, 7, 8, 9, 7, 6, 6, 6, 9, 6, 
400: 0, 7, 0, 7, 8, 5, 0, 7, 0, 6, 8, 0, 0, 11, 8, 0, 7, 7, 7, 7, 0, 0, 0, 9, 0, 7, 0, 9, 0, 0, 7, 0, 7, 9, 0, 0, 9, 9, 0, 7, : 7, 7, 8, 5, 7, 6, 8, 11, 8, 7, 7, 7, 7, 9, 7, 9, 7, 7, 9, 9, 9, 7, 


54: 0, 0, 5, 0, 4, 0, 10, 0, 7, 8, 8, 0, 0, 7, 10, 0, 0, 0, 8, 0, 0, 8, 5, 8, 0, 0, 0, 0, 8, 8, 0, 7, 8, 7, 8, 0, 0, 8, 0, 8, : 5, 4, 10, 7, 8, 8, 7, 10, 8, 8, 5, 8, 8, 8, 7, 8, 7, 8, 8, 8, 
132: 9, 7, 8, 0, 7, 7, 0, 0, 0, 9, 8, 0, 10, 0, 7, 10, 0, 8, 8, 8, 8, 0, 0, 0, 8, 8, 0, 8, 0, 0, 0, 0, 7, 7, 6, 8, 7, 8, 5, 8, : 9, 7, 8, 7, 7, 9, 8, 10, 7, 10, 8, 8, 8, 8, 8, 8, 8, 7, 7, 6, 8, 7, 8, 5, 8, 
267: 7, 0, 0, 9, 5, 4, 0, 9, 0, 7, 10, 7, 8, 0, 6, 5, 8, 8, 8, 0, 8, 0, 8, 8, 0, 8, 8, 8, 0, 8, 8, 8, 8, 0, 7, 0, 0, 9, 0, 9, : 7, 9, 5, 4, 9, 7, 10, 7, 8, 6, 5, 8, 8, 8, 8, 8, 8, 8, 8, 8, 8, 8, 8, 8, 7, 9, 9, 
118: 9, 0, 10, 0, 7, 5, 8, 6, 0, 8, 9, 0, 10, 0, 0, 7, 0, 6, 0, 9, 6, 0, 0, 7, 0, 9, 0, 0, 0, 0, 7, 7, 6, 8, 7, 0, 0, 0, 0, 0, : 9, 10, 7, 5, 8, 6, 8, 9, 10, 7, 6, 9, 6, 7, 9, 7, 7, 6, 8, 7, 
279: 8, 0, 7, 6, 0, 0, 0, 0, 0, 9, 6, 0, 0, 0, 0, 11, 7, 0, 0, 8, 0, 0, 0, 8, 7, 0, 0, 7, 6, 8, 0, 8, 7, 9, 7, 0, 7, 8, 8, 8, : 8, 7, 6, 9, 6, 11, 7, 8, 8, 7, 7, 6, 8, 8, 7, 9, 7, 7, 8, 8, 8, 
351: 9, 8, 8, 5, 7, 9, 0, 7, 6, 7, 9, 7, 0, 0, 10, 0, 6, 0, 7, 0, 6, 9, 0, 0, 0, 0, 6, 0, 8, 8, 0, 0, 0, 0, 9, 0, 0, 8, 0, 0, : 9, 8, 8, 5, 7, 9, 7, 6, 7, 9, 7, 10, 6, 7, 6, 9, 6, 8, 8, 9, 8, 
268: 6, 8, 0, 0, 0, 0, 8, 10, 7, 6, 0, 0, 10, 8, 0, 7, 9, 0, 0, 8, 8, 0, 0, 0, 0, 8, 8, 6, 0, 0, 0, 6, 0, 8, 5, 0, 0, 0, 0, 0, : 6, 8, 8, 10, 7, 6, 10, 8, 7, 9, 8, 8, 8, 8, 6, 6, 8, 5, 
292: 0, 0, 0, 0, 0, 0, 0, 0, 7, 0, 10, 9, 0, 8, 0, 7, 0, 0, 7, 8, 9, 8, 8, 0, 0, 0, 9, 8, 0, 6, 5, 7, 9, 8, 8, 8, 0, 0, 0, 6, : 7, 10, 9, 8, 7, 7, 8, 9, 8, 8, 9, 8, 6, 5, 7, 9, 8, 8, 8, 6, 
386: 9, 0, 7, 0, 0, 0, 0, 6, 8, 7, 6, 0, 9, 0, 4, 0, 9, 7, 7, 0, 9, 9, 0, 0, 9, 7, 0, 8, 0, 0, 9, 0, 0, 7, 8, 5, 8, 9, 8, 7, : 9, 7, 6, 8, 7, 6, 9, 4, 9, 7, 7, 9, 9, 9, 7, 8, 9, 7, 8, 5, 8, 9, 8, 7, 
109: 0, 0, 0, 5, 9, 0, 0, 0, 6, 8, 0, 0, 0, 0, 0, 8, 0, 0, 0, 0, 0, 0, 0, 0, 9, 0, 9, 9, 0, 0, 8, 0, 0, 0, 8, 8, 8, 8, 8, 7, : 5, 9, 6, 8, 8, 9, 9, 9, 8, 8, 8, 8, 8, 8, 7, 
128: 6, 5, 7, 11, 9, 0, 0, 8, 0, 0, 0, 0, 7, 6, 0, 0, 6, 8, 7, 8, 8, 8, 7, 0, 7, 6, 0, 0, 0, 9, 8, 7, 7, 0, 0, 0, 6, 0, 0, 0, : 6, 5, 7, 11, 9, 8, 7, 6, 6, 8, 7, 8, 8, 8, 7, 7, 6, 9, 8, 7, 7, 6, 
51: 0, 7, 0, 7, 0, 0, 7, 8, 0, 0, 0, 0, 5, 8, 0, 7, 0, 7, 0, 0, 0, 7, 7, 9, 7, 7, 7, 0, 7, 8, 0, 9, 0, 8, 0, 6, 6, 0, 0, 0, : 7, 7, 7, 8, 5, 8, 7, 7, 7, 7, 9, 7, 7, 7, 7, 8, 9, 8, 6, 6, 
352: 7, 8, 0, 0, 8, 0, 8, 8, 0, 0, 0, 0, 0, 0, 5, 0, 9, 0, 8, 0, 0, 0, 0, 7, 0, 8, 8, 7, 0, 0, 0, 0, 0, 8, 0, 0, 0, 0, 7, 0, : 7, 8, 8, 8, 8, 5, 9, 8, 7, 8, 8, 7, 8, 7, 
372: 0, 0, 0, 7, 0, 6, 0, 9, 8, 10, 0, 0, 0, 0, 10, 0, 0, 8, 8, 5, 0, 0, 0, 0, 0, 8, 0, 0, 8, 0, 7, 6, 7, 0, 0, 0, 0, 7, 6, 9, : 7, 6, 9, 8, 10, 10, 8, 8, 5, 8, 8, 7, 6, 7, 7, 6, 9, 
302: 0, 11, 5, 0, 7, 0, 6, 0, 6, 0, 0, 0, 0, 0, 0, 0, 0, 8, 0, 0, 0, 6, 0, 8, 0, 0, 8, 5, 8, 8, 7, 0, 7, 8, 0, 0, 7, 0, 8, 8, : 11, 5, 7, 6, 6, 8, 6, 8, 8, 5, 8, 8, 7, 7, 8, 7, 8, 8, 
379: 10, 4, 8, 7, 8, 9, 10, 8, 6, 8, 6, 9, 0, 0, 0, 0, 8, 8, 9, 8, 0, 8, 8, 0, 7, 0, 0, 7, 8, 0, 8, 0, 0, 0, 9, 8, 8, 0, 0, 7, : 10, 4, 8, 7, 8, 9, 10, 8, 6, 8, 6, 9, 8, 8, 9, 8, 8, 8, 7, 7, 8, 8, 9, 8, 8, 7, 
198: 5, 0, 0, 0, 0, 8, 0, 0, 8, 0, 0, 7, 0, 6, 7, 7, 7, 0, 0, 0, 5, 0, 7, 7, 0, 5, 0, 7, 0, 8, 0, 0, 0, 0, 7, 7, 0, 7, 0, 8, : 5, 8, 8, 7, 6, 7, 7, 7, 5, 7, 7, 5, 7, 8, 7, 7, 7, 8, 
216: 6, 7, 0, 0, 9, 8, 9, 6, 0, 0, 6, 6, 0, 0, 7, 0, 0, 9, 0, 7, 0, 8, 0, 8, 6, 0, 7, 0, 8, 0, 8, 0, 8, 0, 0, 0, 8, 8, 0, 0, : 6, 7, 9, 8, 9, 6, 6, 6, 7, 9, 7, 8, 8, 6, 7, 8, 8, 8, 8, 8, 
297: 7, 0, 11, 0, 0, 0, 5, 0, 0, 6, 6, 0, 0, 10, 0, 0, 7, 7, 0, 8, 0, 0, 8, 0, 7, 9, 0, 0, 5, 8, 0, 8, 0, 0, 0, 0, 0, 0, 7, 8, : 7, 11, 5, 6, 6, 10, 7, 7, 8, 8, 7, 9, 5, 8, 8, 7, 8, 
320: 7, 0, 8, 10, 0, 0, 0, 0, 10, 7, 0, 0, 5, 0, 0, 0, 9, 0, 9, 7, 0, 8, 6, 8, 0, 0, 7, 9, 9, 5, 6, 0, 0, 0, 0, 8, 0, 8, 9, 6, : 7, 8, 10, 10, 7, 5, 9, 9, 7, 8, 6, 8, 7, 9, 9, 5, 6, 8, 8, 9, 6, 
52: 0, 10, 6, 6, 0, 0, 0, 8, 0, 8, 8, 0, 7, 0, 6, 8, 0, 0, 7, 7, 0, 0, 8, 0, 6, 0, 0, 0, 0, 7, 8, 5, 0, 7, 7, 8, 0, 0, 7, 8, : 10, 6, 6, 8, 8, 8, 7, 6, 8, 7, 7, 8, 6, 7, 8, 5, 7, 7, 8, 7, 8, 
248: 7, 0, 0, 6, 0, 5, 0, 9, 0, 6, 0, 0, 0, 9, 8, 5, 8, 8, 7, 0, 0, 0, 7, 6, 8, 0, 8, 0, 0, 8, 0, 8, 8, 0, 0, 0, 9, 0, 7, 7, : 7, 6, 5, 9, 6, 9, 8, 5, 8, 8, 7, 7, 6, 8, 8, 8, 8, 8, 9, 7, 7, 
220: 0, 0, 0, 0, 10, 7, 7, 10, 8, 0, 0, 7, 9, 6, 0, 7, 0, 0, 0, 0, 7, 6, 0, 0, 0, 0, 0, 0, 7, 0, 9, 0, 0, 5, 0, 7, 7, 0, 0, 0, : 10, 7, 7, 10, 8, 7, 9, 6, 7, 7, 6, 7, 9, 5, 7, 7, 
50: 0, 0, 9, 10, 0, 0, 0, 0, 9, 0, 7, 6, 5, 8, 0, 8, 0, 9, 0, 0, 0, 7, 8, 5, 8, 8, 0, 0, 7, 9, 7, 0, 8, 8, 8, 0, 8, 7, 8, 8, : 9, 10, 9, 7, 6, 5, 8, 8, 9, 7, 8, 5, 8, 8, 7, 9, 7, 8, 8, 8, 8, 7, 8, 8, 
385: 7, 8, 7, 9, 6, 11, 0, 0, 0, 0, 7, 0, 5, 6, 7, 0, 0, 0, 0, 7, 0, 7, 9, 0, 0, 0, 8, 8, 7, 0, 0, 8, 8, 0, 8, 0, 8, 8, 0, 0, : 7, 8, 7, 9, 6, 11, 7, 5, 6, 7, 7, 7, 9, 8, 8, 7, 8, 8, 8, 8, 8, 
204: 0, 0, 0, 5, 0, 0, 7, 0, 0, 7, 8, 9, 9, 0, 7, 0, 8, 7, 0, 0, 0, 0, 7, 6, 0, 7, 7, 0, 0, 7, 8, 7, 0, 0, 8, 7, 0, 6, 0, 0, : 5, 7, 7, 8, 9, 9, 7, 8, 7, 7, 6, 7, 7, 7, 8, 7, 8, 7, 6, 
390: 0, 0, 6, 0, 0, 9, 7, 0, 0, 0, 0, 0, 0, 11, 0, 0, 0, 0, 8, 8, 7, 0, 6, 0, 8, 0, 0, 0, 8, 7, 0, 8, 9, 0, 0, 8, 0, 7, 8, 5, : 6, 9, 7, 11, 8, 8, 7, 6, 8, 8, 7, 8, 9, 8, 7, 8, 5, 
396: 0, 9, 5, 0, 8, 0, 9, 0, 10, 0, 6, 9, 8, 11, 8, 0, 0, 7, 8, 0, 0, 8, 0, 0, 8, 0, 7, 8, 0, 0, 0, 9, 8, 0, 0, 0, 9, 0, 6, 0, : 9, 5, 8, 9, 10, 6, 9, 8, 11, 8, 7, 8, 8, 8, 7, 8, 9, 8, 9, 6, 
232: 0, 0, 8, 8, 0, 0, 0, 0, 7, 0, 8, 7, 6, 8, 0, 9, 0, 8, 0, 8, 7, 0, 0, 0, 8, 0, 8, 0, 8, 0, 0, 8, 0, 8, 8, 0, 8, 0, 0, 0, : 8, 8, 7, 8, 7, 6, 8, 9, 8, 8, 7, 8, 8, 8, 8, 8, 8, 8, 
259: 9, 7, 0, 9, 0, 0, 0, 0, 0, 0, 8, 0, 0, 7, 10, 6, 7, 0, 5, 0, 7, 8, 0, 0, 8, 0, 0, 0, 7, 7, 0, 8, 8, 9, 0, 0, 5, 6, 8, 0, : 9, 7, 9, 8, 7, 10, 6, 7, 5, 7, 8, 8, 7, 7, 8, 8, 9, 5, 6, 8, 
280: 0, 0, 0, 0, 10, 8, 0, 0, 7, 5, 0, 9, 7, 0, 6, 8, 0, 8, 0, 6, 8, 0, 8, 7, 0, 0, 0, 0, 0, 0, 0, 0, 8, 0, 6, 7, 8, 8, 8, 0, : 10, 8, 7, 5, 9, 7, 6, 8, 8, 6, 8, 8, 7, 8, 6, 7, 8, 8, 8, 
319: 8, 6, 0, 9, 5, 10, 8, 0, 7, 0, 0, 5, 0, 0, 11, 11, 5, 0, 0, 9, 8, 8, 8, 8, 0, 6, 0, 8, 0, 6, 6, 8, 0, 6, 0, 0, 8, 0, 7, 0, : 8, 6, 9, 5, 10, 8, 7, 5, 11, 11, 5, 9, 8, 8, 8, 8, 6, 8, 6, 6, 8, 6, 8, 7, 
327: 0, 7, 9, 0, 0, 7, 5, 5, 0, 9, 0, 9, 0, 0, 0, 0, 0, 0, 0, 8, 8, 8, 8, 0, 0, 7, 0, 8, 0, 7, 8, 0, 0, 6, 0, 9, 0, 0, 8, 0, : 7, 9, 7, 5, 5, 9, 9, 8, 8, 8, 8, 7, 8, 7, 8, 6, 9, 8, 
157: 7, 7, 0, 0, 0, 0, 0, 5, 0, 0, 0, 8, 0, 0, 0, 7, 8, 5, 7, 0, 0, 0, 0, 9, 0, 8, 0, 0, 9, 0, 0, 0, 0, 8, 0, 8, 0, 0, 9, 0, : 7, 7, 5, 8, 7, 8, 5, 7, 9, 8, 9, 8, 8, 9, 
172: 0, 8, 0, 9, 7, 6, 8, 5, 0, 0, 0, 7, 0, 6, 0, 0, 0, 0, 0, 7, 8, 7, 0, 7, 8, 8, 5, 8, 8, 0, 7, 0, 0, 8, 0, 0, 7, 5, 8, 7, : 8, 9, 7, 6, 8, 5, 7, 6, 7, 8, 7, 7, 8, 8, 5, 8, 8, 7, 8, 7, 5, 8, 7, 
219: 0, 8, 0, 0, 0, 8, 8, 7, 7, 10, 7, 6, 9, 6, 0, 0, 7, 7, 7, 6, 0, 7, 0, 8, 0, 7, 8, 0, 8, 0, 8, 0, 0, 0, 8, 8, 8, 7, 0, 0, : 8, 8, 8, 7, 7, 10, 7, 6, 9, 6, 7, 7, 7, 6, 7, 8, 7, 8, 8, 8, 8, 8, 8, 7, 
389: 0, 0, 0, 8, 11, 7, 5, 0, 8, 0, 0, 5, 6, 8, 7, 8, 6, 7, 0, 0, 8, 0, 0, 0, 8, 8, 8, 7, 6, 0, 0, 0, 0, 7, 0, 8, 0, 0, 0, 0, : 8, 11, 7, 5, 8, 5, 6, 8, 7, 8, 6, 7, 8, 8, 8, 8, 7, 6, 7, 8, 
166: 7, 7, 7, 0, 8, 8, 7, 0, 0, 0, 7, 8, 0, 0, 8, 4, 0, 0, 0, 0, 7, 0, 0, 0, 8, 8, 0, 0, 0, 0, 0, 0, 6, 0, 8, 7, 0, 0, 0, 8, : 7, 7, 7, 8, 8, 7, 7, 8, 8, 4, 7, 8, 8, 6, 8, 7, 8, 
68: 0, 8, 9, 4, 0, 8, 8, 7, 0, 0, 0, 0, 6, 7, 6, 0, 8, 0, 7, 0, 8, 0, 8, 8, 0, 0, 8, 8, 0, 8, 8, 8, 8, 0, 0, 9, 0, 0, 0, 8, : 8, 9, 4, 8, 8, 7, 6, 7, 6, 8, 7, 8, 8, 8, 8, 8, 8, 8, 8, 8, 9, 8, 
63: 0, 0, 0, 0, 5, 0, 0, 9, 8, 5, 0, 10, 9, 4, 0, 0, 8, 0, 8, 0, 0, 5, 9, 8, 5, 0, 6, 6, 0, 0, 0, 0, 5, 0, 0, 6, 0, 8, 0, 0, : 5, 9, 8, 5, 10, 9, 4, 8, 8, 5, 9, 8, 5, 6, 6, 5, 6, 8, 


207: 0, 0, 0, 5, 7, 8, 0, 7, 0, 7, 9, 8, 7, 0, 6, 0, 0, 7, 0, 8, 0, 8, 0, 8, 0, 0, 8, 7, 0, 8, 7, 0, 9, 0, 0, 9, 7, 8, 9, 0, : 5, 7, 8, 7, 7, 9, 8, 7, 6, 7, 8, 8, 8, 8, 7, 8, 7, 9, 9, 7, 8, 9, 
358: 0, 0, 9, 0, 0, 7, 0, 8, 0, 0, 8, 9, 8, 0, 5, 8, 6, 0, 0, 0, 8, 8, 0, 0, 7, 0, 0, 7, 0, 7, 8, 0, 0, 7, 8, 9, 7, 5, 0, 0, : 9, 7, 8, 8, 9, 8, 5, 8, 6, 8, 8, 7, 7, 7, 8, 7, 8, 9, 7, 5, 
392: 4, 0, 7, 0, 9, 7, 0, 4, 8, 8, 0, 6, 7, 5, 9, 4, 9, 0, 0, 7, 9, 7, 0, 0, 0, 8, 0, 6, 0, 8, 9, 7, 0, 0, 0, 0, 6, 7, 8, 8, : 4, 7, 9, 7, 4, 8, 8, 6, 7, 5, 9, 4, 9, 7, 9, 7, 8, 6, 8, 9, 7, 6, 7, 8, 8, 
32: 0, 0, 0, 8, 9, 7, 0, 8, 0, 0, 0, 8, 8, 0, 8, 0, 0, 9, 7, 0, 0, 0, 9, 0, 0, 7, 8, 0, 0, 0, 8, 0, 8, 6, 0, 8, 9, 0, 7, 0, : 8, 9, 7, 8, 8, 8, 8, 9, 7, 9, 7, 8, 8, 8, 6, 8, 9, 7, 
310: 0, 5, 6, 0, 10, 0, 8, 7, 0, 0, 9, 8, 7, 9, 0, 0, 0, 8, 7, 8, 8, 8, 7, 0, 9, 0, 0, 8, 0, 0, 7, 7, 7, 0, 0, 8, 7, 6, 8, 6, : 5, 6, 10, 8, 7, 9, 8, 7, 9, 8, 7, 8, 8, 8, 7, 9, 8, 7, 7, 7, 8, 7, 6, 8, 6, 
348: 0, 7, 0, 8, 0, 0, 7, 0, 6, 8, 0, 7, 0, 6, 0, 8, 0, 0, 0, 8, 8, 0, 8, 6, 7, 0, 0, 8, 7, 0, 5, 0, 5, 9, 9, 8, 0, 0, 6, 9, : 7, 8, 7, 6, 8, 7, 6, 8, 8, 8, 8, 6, 7, 8, 7, 5, 5, 9, 9, 8, 6, 9, 
84: 8, 7, 7, 7, 6, 6, 10, 0, 0, 0, 0, 8, 0, 5, 0, 8, 7, 0, 9, 0, 0, 0, 0, 8, 8, 7, 0, 0, 0, 0, 7, 9, 8, 0, 0, 8, 0, 7, 0, 6, : 8, 7, 7, 7, 6, 6, 10, 8, 5, 8, 7, 9, 8, 8, 7, 7, 9, 8, 8, 7, 6, 
162: 10, 0, 5, 0, 0, 8, 7, 0, 8, 8, 0, 0, 0, 0, 0, 0, 9, 0, 7, 0, 6, 0, 0, 0, 0, 0, 0, 0, 8, 0, 8, 9, 0, 9, 0, 0, 0, 0, 0, 0, : 10, 5, 8, 7, 8, 8, 9, 7, 6, 8, 8, 9, 9, 
121: 6, 0, 8, 0, 8, 0, 5, 10, 9, 5, 9, 0, 0, 0, 0, 0, 4, 7, 0, 9, 7, 8, 0, 0, 0, 6, 9, 7, 8, 0, 6, 0, 0, 9, 0, 0, 0, 0, 8, 0, : 6, 8, 8, 5, 10, 9, 5, 9, 4, 7, 9, 7, 8, 6, 9, 7, 8, 6, 9, 8, 
193: 7, 9, 0, 0, 0, 0, 0, 11, 8, 7, 5, 7, 0, 0, 0, 5, 0, 0, 0, 9, 0, 9, 0, 8, 7, 8, 7, 0, 8, 0, 0, 0, 7, 6, 8, 6, 5, 0, 7, 0, : 7, 9, 11, 8, 7, 5, 7, 5, 9, 9, 8, 7, 8, 7, 8, 7, 6, 8, 6, 5, 7, 
117: 0, 9, 8, 0, 8, 9, 0, 0, 6, 5, 8, 0, 0, 0, 6, 0, 8, 0, 0, 0, 0, 8, 0, 0, 0, 0, 0, 0, 6, 9, 0, 7, 0, 0, 8, 0, 8, 9, 7, 8, : 9, 8, 8, 9, 6, 5, 8, 6, 8, 8, 6, 9, 7, 8, 8, 9, 7, 8, 
145: 6, 8, 9, 9, 0, 0, 0, 7, 7, 0, 7, 8, 6, 0, 0, 6, 0, 8, 8, 0, 9, 0, 0, 7, 0, 0, 7, 0, 7, 0, 0, 0, 0, 8, 0, 7, 9, 0, 0, 5, : 6, 8, 9, 9, 7, 7, 7, 8, 6, 6, 8, 8, 9, 7, 7, 7, 8, 7, 9, 5, 
245: 0, 0, 0, 10, 8, 0, 8, 6, 8, 8, 9, 0, 0, 8, 6, 0, 9, 5, 0, 5, 0, 7, 9, 9, 0, 9, 8, 0, 7, 0, 9, 0, 7, 7, 6, 0, 0, 8, 7, 7, : 10, 8, 8, 6, 8, 8, 9, 8, 6, 9, 5, 5, 7, 9, 9, 9, 8, 7, 9, 7, 7, 6, 8, 7, 7, 
258: 7, 0, 0, 10, 0, 0, 8, 0, 5, 6, 0, 0, 5, 10, 0, 0, 0, 8, 7, 0, 8, 7, 0, 0, 5, 8, 0, 7, 0, 6, 0, 6, 0, 8, 0, 8, 0, 0, 0, 0, : 7, 10, 8, 5, 6, 5, 10, 8, 7, 8, 7, 5, 8, 7, 6, 6, 8, 8, 
261: 9, 0, 0, 8, 7, 0, 7, 0, 0, 5, 0, 0, 0, 0, 0, 8, 6, 9, 9, 7, 9, 5, 0, 7, 8, 0, 8, 0, 8, 0, 6, 8, 8, 0, 7, 8, 0, 0, 0, 7, : 9, 8, 7, 7, 5, 8, 6, 9, 9, 7, 9, 5, 7, 8, 8, 8, 6, 8, 8, 7, 8, 7, 
160: 0, 5, 0, 8, 10, 10, 0, 0, 0, 0, 5, 0, 0, 0, 9, 9, 0, 0, 9, 0, 7, 9, 8, 7, 8, 0, 0, 0, 8, 0, 0, 0, 0, 0, 7, 0, 0, 0, 9, 0, : 5, 8, 10, 10, 5, 9, 9, 9, 7, 9, 8, 7, 8, 8, 7, 9, 
371: 10, 0, 0, 0, 0, 0, 0, 4, 5, 0, 7, 0, 0, 4, 9, 0, 7, 0, 0, 9, 6, 0, 9, 0, 6, 0, 8, 8, 0, 9, 0, 0, 7, 7, 8, 0, 0, 0, 0, 0, : 10, 4, 5, 7, 4, 9, 7, 9, 6, 9, 6, 8, 8, 9, 7, 7, 8, 
315: 7, 8, 0, 6, 9, 0, 9, 8, 8, 0, 0, 8, 0, 0, 10, 0, 5, 0, 0, 0, 8, 0, 7, 0, 0, 0, 5, 8, 0, 9, 9, 8, 8, 0, 0, 7, 8, 8, 0, 7, : 7, 8, 6, 9, 9, 8, 8, 8, 10, 5, 8, 7, 5, 8, 9, 9, 8, 8, 7, 8, 8, 7, 
94: 6, 0, 9, 6, 0, 0, 5, 0, 11, 10, 0, 7, 7, 8, 0, 7, 7, 8, 0, 6, 0, 6, 7, 0, 8, 8, 9, 5, 0, 0, 0, 0, 0, 7, 0, 0, 9, 0, 0, 8, : 6, 9, 6, 5, 11, 10, 7, 7, 8, 7, 7, 8, 6, 6, 7, 8, 8, 9, 5, 7, 9, 8, 
186: 6, 9, 0, 0, 0, 0, 6, 0, 0, 0, 0, 5, 0, 8, 8, 8, 0, 0, 0, 0, 0, 0, 8, 8, 0, 0, 0, 0, 0, 0, 8, 8, 6, 8, 0, 5, 7, 0, 0, 7, : 6, 9, 6, 5, 8, 8, 8, 8, 8, 8, 8, 6, 8, 5, 7, 7, 
91: 0, 10, 0, 0, 0, 7, 0, 4, 0, 0, 8, 0, 10, 0, 10, 6, 0, 8, 0, 0, 0, 0, 8, 9, 6, 7, 0, 6, 7, 0, 0, 0, 7, 8, 8, 7, 0, 8, 0, 0, : 10, 7, 4, 8, 10, 10, 6, 8, 8, 9, 6, 7, 6, 7, 7, 8, 8, 7, 8, 
11: 10, 9, 0, 0, 7, 5, 0, 9, 0, 0, 0, 9, 0, 0, 7, 8, 0, 4, 7, 8, 0, 0, 0, 7, 9, 6, 9, 0, 5, 0, 0, 0, 9, 0, 9, 8, 0, 0, 7, 0, : 10, 9, 7, 5, 9, 9, 7, 8, 4, 7, 8, 7, 9, 6, 9, 5, 9, 9, 8, 7, 
309: 7, 9, 7, 0, 8, 8, 9, 0, 0, 0, 0, 0, 0, 7, 7, 0, 0, 9, 8, 0, 9, 6, 7, 0, 0, 0, 0, 0, 8, 0, 0, 7, 0, 8, 0, 0, 8, 9, 9, 7, : 7, 9, 7, 8, 8, 9, 7, 7, 9, 8, 9, 6, 7, 8, 7, 8, 8, 9, 9, 7, 
10: 9, 7, 0, 6, 8, 0, 0, 0, 9, 0, 9, 0, 10, 8, 8, 7, 5, 0, 7, 6, 0, 0, 8, 0, 0, 0, 0, 7, 8, 0, 7, 6, 8, 0, 7, 0, 8, 7, 8, 9, : 9, 7, 6, 8, 9, 9, 10, 8, 8, 7, 5, 7, 6, 8, 7, 8, 7, 6, 8, 7, 8, 7, 8, 9, 
158: 8, 0, 0, 9, 5, 8, 5, 0, 8, 7, 0, 0, 9, 6, 5, 8, 0, 0, 0, 7, 0, 0, 0, 8, 0, 8, 8, 0, 0, 0, 0, 9, 0, 0, 0, 0, 8, 7, 5, 0, : 8, 9, 5, 8, 5, 8, 7, 9, 6, 5, 8, 7, 8, 8, 8, 9, 8, 7, 5, 
333: 8, 5, 0, 0, 5, 0, 0, 10, 0, 8, 8, 0, 10, 0, 8, 0, 9, 8, 7, 0, 6, 7, 0, 8, 8, 0, 6, 8, 9, 8, 8, 8, 0, 0, 0, 0, 8, 0, 8, 0, : 8, 5, 5, 10, 8, 8, 10, 8, 9, 8, 7, 6, 7, 8, 8, 6, 8, 9, 8, 8, 8, 8, 8, 
41: 0, 5, 8, 7, 0, 0, 6, 0, 6, 7, 0, 8, 0, 6, 6, 0, 0, 8, 0, 7, 0, 8, 0, 7, 7, 0, 8, 0, 9, 8, 0, 5, 9, 5, 5, 7, 0, 8, 0, 8, : 5, 8, 7, 6, 6, 7, 8, 6, 6, 8, 7, 8, 7, 7, 8, 9, 8, 5, 9, 5, 5, 7, 8, 8, 
365: 0, 0, 8, 0, 0, 9, 0, 9, 0, 9, 0, 0, 8, 9, 7, 0, 9, 0, 0, 8, 0, 0, 8, 8, 8, 0, 0, 9, 0, 0, 0, 0, 6, 0, 6, 8, 0, 8, 0, 0, : 8, 9, 9, 9, 8, 9, 7, 9, 8, 8, 8, 8, 9, 6, 6, 8, 8, 
260: 5, 10, 0, 0, 6, 6, 0, 10, 0, 0, 8, 4, 0, 8, 0, 7, 11, 8, 9, 7, 8, 7, 8, 0, 0, 5, 8, 9, 6, 7, 0, 0, 8, 7, 0, 0, 0, 0, 0, 0, : 5, 10, 6, 6, 10, 8, 4, 8, 7, 11, 8, 9, 7, 8, 7, 8, 5, 8, 9, 6, 7, 8, 7, 
86: 0, 6, 5, 0, 6, 0, 9, 0, 9, 0, 6, 10, 7, 0, 0, 0, 8, 7, 5, 0, 0, 0, 6, 0, 8, 0, 0, 7, 9, 7, 0, 0, 0, 7, 7, 0, 7, 0, 0, 0, : 6, 5, 6, 9, 9, 6, 10, 7, 8, 7, 5, 6, 8, 7, 9, 7, 7, 7, 7, 
141: 0, 0, 8, 4, 0, 5, 0, 6, 9, 10, 0, 0, 8, 0, 8, 0, 0, 7, 5, 6, 0, 0, 0, 6, 7, 9, 0, 8, 8, 7, 0, 0, 8, 0, 7, 7, 0, 0, 8, 0, : 8, 4, 5, 6, 9, 10, 8, 8, 7, 5, 6, 6, 7, 9, 8, 8, 7, 8, 7, 7, 8, 
346: 0, 0, 0, 0, 0, 0, 8, 8, 0, 0, 8, 0, 0, 0, 0, 0, 0, 7, 0, 0, 7, 0, 0, 8, 8, 0, 7, 0, 0, 7, 8, 7, 0, 0, 0, 0, 0, 7, 8, 0, : 8, 8, 8, 7, 7, 8, 8, 7, 7, 8, 7, 7, 8, 
377: 0, 0, 0, 9, 8, 9, 8, 7, 0, 9, 4, 8, 10, 0, 0, 9, 8, 7, 6, 0, 5, 0, 7, 0, 0, 8, 7, 8, 0, 7, 7, 0, 0, 8, 8, 0, 0, 0, 0, 9, : 9, 8, 9, 8, 7, 9, 4, 8, 10, 9, 8, 7, 6, 5, 7, 8, 7, 8, 7, 7, 8, 8, 9, 
243: 10, 0, 4, 0, 6, 0, 10, 0, 6, 8, 6, 0, 4, 9, 0, 0, 0, 0, 0, 8, 7, 9, 0, 7, 0, 8, 0, 8, 0, 8, 8, 0, 8, 0, 7, 6, 6, 7, 0, 7, : 10, 4, 6, 10, 6, 8, 6, 4, 9, 8, 7, 9, 7, 8, 8, 8, 8, 8, 7, 6, 6, 7, 7, 
97: 7, 8, 0, 0, 0, 9, 7, 7, 0, 0, 0, 0, 0, 0, 0, 10, 0, 8, 9, 8, 0, 0, 6, 0, 0, 7, 7, 0, 7, 8, 0, 8, 0, 0, 8, 0, 0, 0, 7, 0, : 7, 8, 9, 7, 7, 10, 8, 9, 8, 6, 7, 7, 7, 8, 8, 8, 7, 
30: 0, 0, 10, 6, 0, 7, 0, 0, 10, 0, 0, 8, 7, 10, 8, 0, 0, 0, 8, 0, 7, 6, 0, 9, 0, 9, 0, 0, 0, 8, 0, 8, 0, 0, 8, 0, 7, 8, 0, 0, : 10, 6, 7, 10, 8, 7, 10, 8, 8, 7, 6, 9, 9, 8, 8, 8, 7, 8, 
231: 0, 0, 7, 9, 0, 0, 8, 0, 0, 8, 9, 0, 0, 0, 0, 7, 8, 0, 8, 0, 8, 0, 5, 5, 0, 7, 7, 0, 7, 6, 8, 7, 7, 8, 0, 9, 0, 0, 8, 8, : 7, 9, 8, 8, 9, 7, 8, 8, 8, 5, 5, 7, 7, 7, 6, 8, 7, 7, 8, 9, 8, 8, 
108: 0, 7, 9, 7, 0, 0, 0, 0, 0, 7, 0, 7, 6, 10, 0, 8, 0, 0, 0, 0, 0, 9, 8, 0, 9, 0, 6, 0, 0, 5, 0, 8, 0, 8, 0, 7, 8, 8, 0, 8, : 7, 9, 7, 7, 7, 6, 10, 8, 9, 8, 9, 6, 5, 8, 8, 7, 8, 8, 8, 
326: 0, 7, 9, 0, 0, 6, 0, 0, 0, 0, 0, 7, 0, 9, 0, 0, 6, 0, 0, 0, 0, 0, 0, 0, 7, 7, 0, 0, 0, 0, 7, 0, 0, 0, 9, 0, 0, 9, 6, 8, : 7, 9, 6, 7, 9, 6, 7, 7, 7, 9, 9, 6, 8, 
106: 0, 0, 7, 8, 0, 9, 0, 0, 4, 0, 8, 0, 6, 5, 0, 9, 9, 0, 8, 9, 0, 8, 7, 0, 0, 8, 0, 9, 0, 8, 0, 8, 0, 0, 0, 0, 8, 6, 0, 8, : 7, 8, 9, 4, 8, 6, 5, 9, 9, 8, 9, 8, 7, 8, 9, 8, 8, 8, 6, 8, 


350: 8, 10, 7, 0, 0, 7, 9, 8, 0, 6, 0, 0, 8, 0, 5, 0, 8, 0, 0, 0, 0, 0, 0, 0, 0, 7, 8, 8, 7, 0, 7, 0, 0, 0, 7, 7, 0, 8, 5, 0, : 8, 10, 7, 7, 9, 8, 6, 8, 5, 8, 7, 8, 8, 7, 7, 7, 7, 8, 5, 
104: 9, 0, 11, 6, 5, 11, 0, 0, 6, 8, 6, 8, 0, 0, 0, 0, 8, 0, 0, 0, 7, 7, 7, 7, 0, 7, 0, 8, 0, 0, 0, 0, 7, 7, 0, 0, 0, 9, 8, 0, : 9, 11, 6, 5, 11, 6, 8, 6, 8, 8, 7, 7, 7, 7, 7, 8, 7, 7, 9, 8, 
340: 7, 7, 7, 7, 8, 8, 6, 0, 6, 6, 6, 9, 0, 0, 8, 9, 0, 8, 0, 7, 0, 0, 0, 0, 0, 0, 8, 0, 8, 0, 0, 0, 0, 0, 0, 7, 8, 0, 7, 0, : 7, 7, 7, 7, 8, 8, 6, 6, 6, 6, 9, 8, 9, 8, 7, 8, 8, 7, 8, 7, 
28: 0, 8, 0, 8, 5, 0, 9, 7, 0, 0, 10, 0, 0, 0, 0, 0, 5, 8, 0, 0, 7, 0, 5, 0, 0, 0, 0, 7, 0, 7, 0, 0, 8, 0, 8, 0, 0, 7, 7, 0, : 8, 8, 5, 9, 7, 10, 5, 8, 7, 5, 7, 7, 8, 8, 7, 7, 
287: 0, 0, 0, 9, 0, 0, 0, 5, 0, 0, 5, 0, 7, 0, 9, 0, 0, 0, 7, 0, 7, 9, 0, 7, 7, 8, 0, 0, 7, 0, 5, 0, 7, 7, 7, 7, 9, 8, 7, 0, : 9, 5, 5, 7, 9, 7, 7, 9, 7, 7, 8, 7, 5, 7, 7, 7, 7, 9, 8, 7, 
8: 9, 6, 0, 9, 0, 10, 8, 0, 0, 7, 7, 0, 8, 8, 10, 0, 8, 0, 0, 8, 9, 0, 0, 8, 7, 0, 0, 8, 7, 8, 8, 9, 0, 0, 0, 8, 5, 8, 8, 0, : 9, 6, 9, 10, 8, 7, 7, 8, 8, 10, 8, 8, 9, 8, 7, 8, 7, 8, 8, 9, 8, 5, 8, 8, 
229: 7, 0, 0, 9, 0, 0, 0, 11, 0, 0, 0, 7, 0, 10, 6, 0, 0, 8, 8, 8, 8, 7, 0, 0, 8, 7, 0, 7, 8, 8, 0, 7, 7, 5, 0, 0, 8, 0, 0, 0, : 7, 9, 11, 7, 10, 6, 8, 8, 8, 8, 7, 8, 7, 7, 8, 8, 7, 7, 5, 8, 
60: 0, 0, 0, 5, 0, 7, 10, 8, 6, 0, 0, 9, 10, 7, 0, 0, 0, 7, 0, 8, 8, 0, 0, 7, 0, 9, 8, 0, 9, 0, 0, 8, 8, 0, 7, 8, 0, 0, 0, 7, : 5, 7, 10, 8, 6, 9, 10, 7, 7, 8, 8, 7, 9, 8, 9, 8, 8, 7, 8, 7, 
275: 7, 7, 11, 0, 0, 0, 8, 6, 0, 7, 10, 7, 9, 0, 0, 0, 0, 0, 0, 7, 8, 0, 0, 0, 8, 0, 0, 7, 0, 0, 7, 5, 8, 8, 0, 0, 7, 8, 0, 7, : 7, 7, 11, 8, 6, 7, 10, 7, 9, 7, 8, 8, 7, 7, 5, 8, 8, 7, 8, 7, 
85: 8, 0, 0, 0, 0, 0, 0, 10, 0, 0, 0, 0, 6, 7, 10, 0, 0, 0, 7, 0, 0, 9, 8, 0, 5, 8, 0, 5, 8, 0, 8, 0, 8, 8, 8, 7, 0, 0, 0, 8, : 8, 10, 6, 7, 10, 7, 9, 8, 5, 8, 5, 8, 8, 8, 8, 8, 7, 8, 
184: 6, 0, 6, 0, 0, 6, 7, 0, 8, 0, 0, 6, 0, 6, 7, 0, 6, 7, 7, 0, 0, 0, 0, 0, 8, 0, 0, 0, 9, 0, 0, 9, 0, 7, 8, 7, 7, 8, 8, 8, : 6, 6, 6, 7, 8, 6, 6, 7, 6, 7, 7, 8, 9, 9, 7, 8, 7, 7, 8, 8, 8, 
257: 6, 0, 7, 0, 10, 7, 0, 8, 6, 8, 8, 0, 0, 0, 0, 0, 8, 8, 0, 7, 8, 0, 8, 0, 0, 7, 8, 0, 0, 0, 0, 7, 0, 0, 0, 0, 7, 0, 0, 8, : 6, 7, 10, 7, 8, 6, 8, 8, 8, 8, 7, 8, 8, 7, 8, 7, 7, 8, 
383: 0, 9, 0, 5, 7, 6, 10, 8, 0, 0, 0, 9, 7, 9, 0, 8, 8, 0, 8, 7, 8, 0, 0, 7, 9, 0, 0, 8, 0, 0, 0, 7, 9, 8, 7, 0, 9, 0, 0, 7, : 9, 5, 7, 6, 10, 8, 9, 7, 9, 8, 8, 8, 7, 8, 7, 9, 8, 7, 9, 8, 7, 9, 7, 
59: 9, 8, 8, 0, 0, 5, 0, 0, 4, 8, 0, 0, 8, 10, 5, 11, 0, 6, 0, 0, 0, 0, 8, 0, 0, 8, 8, 8, 0, 8, 8, 0, 7, 0, 8, 5, 7, 7, 0, 7, : 9, 8, 8, 5, 4, 8, 8, 10, 5, 11, 6, 8, 8, 8, 8, 8, 8, 7, 8, 5, 7, 7, 7, 
101: 0, 6, 6, 11, 6, 0, 0, 0, 6, 0, 0, 0, 4, 0, 10, 7, 10, 0, 0, 0, 0, 7, 0, 0, 7, 0, 7, 0, 7, 8, 0, 8, 0, 0, 0, 0, 8, 0, 7, 0, : 6, 6, 11, 6, 6, 4, 10, 7, 10, 7, 7, 7, 7, 8, 8, 8, 7, 
336: 9, 9, 0, 7, 10, 0, 0, 6, 7, 0, 0, 7, 7, 8, 4, 8, 0, 8, 0, 0, 7, 0, 7, 8, 7, 8, 7, 9, 0, 7, 7, 7, 0, 0, 0, 0, 0, 0, 8, 7, : 9, 9, 7, 10, 6, 7, 7, 7, 8, 4, 8, 8, 7, 7, 8, 7, 8, 7, 9, 7, 7, 7, 8, 7, 
119: 0, 6, 0, 0, 0, 9, 8, 7, 5, 6, 7, 0, 0, 4, 0, 7, 0, 0, 0, 8, 0, 0, 7, 9, 0, 0, 0, 0, 0, 7, 8, 8, 7, 7, 0, 8, 0, 0, 8, 7, : 6, 9, 8, 7, 5, 6, 7, 4, 7, 8, 7, 9, 7, 8, 8, 7, 7, 8, 8, 7, 
110: 0, 0, 0, 10, 7, 0, 6, 0, 0, 10, 8, 0, 0, 9, 0, 10, 0, 6, 0, 0, 0, 0, 8, 0, 0, 0, 8, 0, 7, 0, 8, 0, 0, 7, 0, 0, 0, 0, 0, 7, : 10, 7, 6, 10, 8, 9, 10, 6, 8, 8, 7, 8, 7, 7, 
49: 0, 7, 0, 9, 5, 0, 6, 0, 9, 0, 8, 6, 0, 9, 0, 10, 7, 6, 0, 7, 0, 7, 7, 0, 8, 0, 0, 0, 0, 7, 0, 7, 0, 0, 0, 0, 0, 0, 0, 0, : 7, 9, 5, 6, 9, 8, 6, 9, 10, 7, 6, 7, 7, 7, 8, 7, 7, 
373: 0, 6, 0, 6, 0, 10, 7, 0, 10, 0, 9, 8, 0, 0, 6, 0, 8, 6, 8, 0, 7, 0, 0, 8, 7, 8, 7, 9, 0, 0, 8, 8, 7, 7, 8, 8, 8, 7, 8, 8, : 6, 6, 10, 7, 10, 9, 8, 6, 8, 6, 8, 7, 8, 7, 8, 7, 9, 8, 8, 7, 7, 8, 8, 8, 7, 8, 8, 
378: 0, 10, 7, 0, 6, 0, 8, 0, 10, 0, 0, 10, 0, 7, 7, 0, 0, 0, 0, 8, 0, 0, 7, 8, 0, 0, 0, 8, 0, 0, 0, 0, 8, 0, 7, 0, 8, 9, 0, 7, : 10, 7, 6, 8, 10, 10, 7, 7, 8, 7, 8, 8, 8, 7, 8, 9, 7, 
206: 0, 10, 0, 5, 0, 0, 0, 10, 8, 0, 7, 0, 0, 0, 7, 6, 0, 7, 7, 7, 7, 0, 0, 8, 0, 0, 0, 0, 7, 7, 0, 8, 0, 0, 8, 0, 0, 7, 7, 8, : 10, 5, 10, 8, 7, 7, 6, 7, 7, 7, 7, 8, 7, 7, 8, 8, 7, 7, 8, 
363: 0, 0, 0, 0, 0, 9, 0, 0, 0, 9, 6, 4, 10, 0, 0, 4, 0, 0, 8, 9, 7, 8, 0, 9, 0, 7, 5, 7, 8, 5, 9, 0, 0, 0, 0, 0, 0, 8, 0, 0, : 9, 9, 6, 4, 10, 4, 8, 9, 7, 8, 9, 7, 5, 7, 8, 5, 9, 8, 
328: 9, 8, 10, 0, 7, 7, 0, 0, 0, 0, 0, 0, 0, 8, 9, 9, 0, 0, 7, 6, 7, 8, 9, 7, 0, 0, 0, 0, 7, 0, 0, 8, 7, 8, 0, 7, 7, 0, 0, 0, : 9, 8, 10, 7, 7, 8, 9, 9, 7, 6, 7, 8, 9, 7, 7, 8, 7, 8, 7, 7, 
325: 7, 0, 7, 9, 11, 8, 0, 0, 8, 11, 0, 0, 8, 0, 0, 7, 0, 0, 8, 0, 0, 5, 0, 0, 7, 0, 8, 7, 0, 0, 0, 7, 8, 9, 0, 0, 7, 8, 8, 0, : 7, 7, 9, 11, 8, 8, 11, 8, 7, 8, 5, 7, 8, 7, 7, 8, 9, 7, 8, 8, 
138: 7, 0, 9, 5, 7, 0, 0, 0, 8, 7, 7, 7, 0, 0, 0, 8, 6, 10, 0, 8, 8, 8, 7, 5, 0, 7, 7, 0, 8, 9, 0, 0, 8, 0, 9, 7, 0, 0, 0, 0, : 7, 9, 5, 7, 8, 7, 7, 7, 8, 6, 10, 8, 8, 8, 7, 5, 7, 7, 8, 9, 8, 9, 7, 
35: 6, 0, 6, 8, 0, 6, 6, 10, 6, 8, 0, 6, 0, 5, 0, 0, 8, 0, 8, 0, 0, 8, 7, 7, 9, 9, 9, 8, 0, 0, 0, 8, 0, 8, 0, 8, 0, 0, 7, 8, : 6, 6, 8, 6, 6, 10, 6, 8, 6, 5, 8, 8, 8, 7, 7, 9, 9, 9, 8, 8, 8, 8, 7, 8, 
203: 8, 0, 5, 0, 9, 7, 5, 6, 11, 7, 8, 9, 8, 0, 0, 0, 7, 8, 8, 8, 0, 8, 0, 0, 0, 7, 8, 7, 0, 7, 7, 0, 0, 0, 0, 0, 0, 7, 0, 0, : 8, 5, 9, 7, 5, 6, 11, 7, 8, 9, 8, 7, 8, 8, 8, 8, 7, 8, 7, 7, 7, 7, 
347: 0, 0, 9, 0, 5, 0, 0, 8, 0, 0, 7, 0, 0, 0, 10, 6, 9, 0, 0, 7, 0, 8, 8, 7, 8, 8, 7, 0, 8, 7, 8, 0, 0, 0, 9, 7, 0, 7, 0, 0, : 9, 5, 8, 7, 10, 6, 9, 7, 8, 8, 7, 8, 8, 7, 8, 7, 8, 9, 7, 7, 
29: 0, 6, 5, 0, 0, 0, 10, 0, 0, 8, 0, 0, 9, 0, 6, 0, 9, 7, 7, 0, 7, 0, 7, 0, 8, 7, 7, 0, 0, 0, 0, 0, 5, 7, 7, 0, 8, 0, 0, 0, : 6, 5, 10, 8, 9, 6, 9, 7, 7, 7, 7, 8, 7, 7, 5, 7, 7, 8, 
178: 0, 0, 0, 7, 0, 6, 0, 9, 9, 0, 0, 6, 5, 0, 9, 7, 0, 8, 9, 8, 8, 8, 8, 8, 0, 0, 0, 0, 7, 7, 7, 7, 0, 8, 0, 8, 0, 0, 9, 5, : 7, 6, 9, 9, 6, 5, 9, 7, 8, 9, 8, 8, 8, 8, 8, 7, 7, 7, 7, 8, 8, 9, 5, 
222: 8, 7, 6, 0, 0, 0, 0, 7, 0, 7, 0, 0, 0, 9, 0, 5, 6, 0, 6, 7, 0, 7, 0, 0, 8, 0, 0, 0, 8, 7, 7, 0, 0, 8, 7, 8, 0, 7, 0, 0, : 8, 7, 6, 7, 7, 9, 5, 6, 6, 7, 7, 8, 8, 7, 7, 8, 7, 8, 7, 
55: 0, 0, 0, 0, 8, 6, 6, 0, 0, 10, 0, 8, 5, 8, 0, 0, 0, 8, 0, 0, 0, 0, 8, 0, 0, 5, 0, 0, 0, 8, 7, 0, 0, 7, 7, 9, 8, 8, 7, 9, : 8, 6, 6, 10, 8, 5, 8, 8, 8, 5, 8, 7, 7, 7, 9, 8, 8, 7, 9, 
361: 6, 6, 0, 7, 0, 0, 0, 6, 0, 4, 0, 9, 10, 5, 6, 0, 0, 8, 8, 0, 6, 0, 0, 0, 0, 8, 7, 7, 0, 9, 8, 0, 0, 7, 0, 7, 0, 5, 0, 7, : 6, 6, 7, 6, 4, 9, 10, 5, 6, 8, 8, 6, 8, 7, 7, 9, 8, 7, 7, 5, 7, 
92: 0, 0, 0, 0, 0, 0, 0, 4, 0, 0, 0, 0, 8, 0, 8, 5, 0, 0, 9, 8, 8, 8, 7, 8, 7, 8, 9, 8, 0, 0, 7, 0, 0, 0, 7, 8, 8, 7, 7, 9, : 4, 8, 8, 5, 9, 8, 8, 8, 7, 8, 7, 8, 9, 8, 7, 7, 8, 8, 7, 7, 9, 
185: 6, 6, 8, 0, 7, 9, 7, 0, 9, 7, 10, 5, 0, 0, 0, 6, 6, 0, 0, 0, 0, 7, 8, 0, 0, 7, 7, 0, 0, 8, 7, 7, 8, 9, 0, 0, 7, 0, 7, 8, : 6, 6, 8, 7, 9, 7, 9, 7, 10, 5, 6, 6, 7, 8, 7, 7, 8, 7, 7, 8, 9, 7, 7, 8, 
80: 0, 8, 9, 0, 10, 6, 7, 0, 8, 0, 9, 0, 5, 0, 0, 0, 5, 9, 0, 0, 0, 7, 0, 7, 0, 0, 7, 7, 0, 0, 0, 0, 7, 0, 0, 0, 7, 7, 9, 8, : 8, 9, 10, 6, 7, 8, 9, 5, 5, 9, 7, 7, 7, 7, 7, 7, 7, 9, 8, 
66: 0, 0, 6, 0, 0, 0, 0, 0, 0, 6, 4, 0, 0, 7, 0, 0, 8, 7, 6, 0, 0, 0, 0, 8, 8, 0, 0, 7, 5, 8, 0, 0, 0, 8, 8, 0, 7, 0, 0, 0, : 6, 6, 4, 7, 8, 7, 6, 8, 8, 7, 5, 8, 8, 8, 7, 
321: 8, 0, 0, 8, 10, 0, 0, 0, 0, 0, 8, 0, 8, 9, 0, 8, 0, 0, 8, 7, 0, 7, 0, 7, 7, 0, 0, 0, 8, 0, 9, 8, 7, 0, 5, 9, 0, 0, 8, 0, : 8, 8, 10, 8, 8, 9, 8, 8, 7, 7, 7, 7, 8, 9, 8, 7, 5, 9, 8, 
294: 0, 0, 0, 0, 7, 0, 7, 6, 0, 0, 0, 10, 0, 5, 8, 9, 10, 0, 6, 0, 8, 7, 9, 0, 7, 0, 0, 0, 7, 8, 0, 7, 9, 0, 8, 0, 0, 0, 0, 0, : 7, 7, 6, 10, 5, 8, 9, 10, 6, 8, 7, 9, 7, 7, 8, 7, 9, 8, 


164: 0, 0, 5, 9, 0, 5, 0, 0, 10, 9, 0, 0, 6, 0, 6, 0, 0, 8, 6, 0, 0, 5, 9, 8, 0, 0, 0, 7, 7, 0, 8, 0, 8, 0, 8, 0, 9, 0, 0, 6, : 5, 9, 5, 10, 9, 6, 6, 8, 6, 5, 9, 8, 7, 7, 8, 8, 8, 9, 6, 
370: 9, 5, 0, 8, 7, 6, 0, 10, 7, 8, 7, 6, 0, 0, 7, 0, 0, 0, 9, 0, 0, 0, 8, 0, 8, 0, 7, 0, 8, 7, 0, 0, 8, 7, 8, 9, 9, 7, 0, 8, : 9, 5, 8, 7, 6, 10, 7, 8, 7, 6, 7, 9, 8, 8, 7, 8, 7, 8, 7, 8, 9, 9, 7, 8, 
296: 0, 7, 0, 6, 0, 0, 0, 7, 7, 0, 0, 0, 10, 0, 0, 6, 0, 0, 8, 0, 7, 8, 8, 5, 8, 0, 0, 0, 0, 5, 0, 0, 0, 0, 0, 7, 0, 8, 7, 0, : 7, 6, 7, 7, 10, 6, 8, 7, 8, 8, 5, 8, 5, 7, 8, 7, 
199: 0, 6, 6, 0, 9, 10, 0, 0, 0, 6, 7, 9, 0, 8, 0, 0, 7, 9, 0, 8, 6, 0, 0, 0, 7, 8, 0, 7, 9, 8, 8, 8, 8, 0, 0, 0, 0, 7, 0, 0, : 6, 6, 9, 10, 6, 7, 9, 8, 7, 9, 8, 6, 7, 8, 7, 9, 8, 8, 8, 8, 7, 
72: 0, 0, 10, 0, 5, 0, 7, 0, 6, 0, 7, 7, 0, 0, 0, 0, 0, 0, 7, 0, 0, 0, 0, 0, 0, 8, 8, 0, 7, 8, 6, 8, 6, 0, 8, 7, 0, 8, 7, 7, : 10, 5, 7, 6, 7, 7, 7, 8, 8, 7, 8, 6, 8, 6, 8, 7, 8, 7, 7, 
146: 7, 0, 9, 10, 0, 0, 6, 5, 0, 0, 8, 0, 8, 0, 10, 7, 0, 0, 0, 8, 8, 0, 0, 0, 8, 6, 8, 8, 0, 0, 9, 7, 0, 7, 0, 8, 7, 7, 0, 8, : 7, 9, 10, 6, 5, 8, 8, 10, 7, 8, 8, 8, 6, 8, 8, 9, 7, 7, 8, 7, 7, 8, 
75: 7, 0, 4, 0, 0, 0, 7, 0, 10, 6, 8, 8, 7, 0, 8, 0, 6, 0, 6, 0, 0, 0, 6, 7, 9, 9, 0, 8, 0, 8, 0, 7, 7, 8, 7, 0, 7, 0, 9, 8, : 7, 4, 7, 10, 6, 8, 8, 7, 8, 6, 6, 6, 7, 9, 9, 8, 8, 7, 7, 8, 7, 7, 9, 8, 
190: 7, 0, 0, 0, 0, 0, 0, 7, 0, 0, 0, 0, 10, 10, 8, 4, 0, 0, 0, 8, 0, 8, 8, 8, 0, 7, 0, 0, 0, 0, 8, 0, 8, 7, 0, 0, 6, 0, 8, 7, : 7, 7, 10, 10, 8, 4, 8, 8, 8, 8, 7, 8, 8, 7, 6, 8, 7, 
136: 5, 0, 0, 0, 8, 0, 0, 0, 6, 0, 5, 11, 0, 0, 9, 0, 7, 8, 0, 7, 8, 8, 0, 6, 0, 0, 8, 0, 0, 9, 0, 0, 7, 0, 8, 0, 0, 0, 0, 7, : 5, 8, 6, 5, 11, 9, 7, 8, 7, 8, 8, 6, 8, 9, 7, 8, 7, 
215: 5, 0, 7, 0, 9, 7, 0, 0, 0, 7, 9, 7, 10, 0, 0, 9, 0, 0, 0, 9, 8, 8, 0, 0, 8, 7, 8, 0, 0, 0, 8, 0, 0, 0, 9, 0, 0, 0, 0, 8, : 5, 7, 9, 7, 7, 9, 7, 10, 9, 9, 8, 8, 8, 7, 8, 8, 9, 8, 
381: 8, 9, 8, 5, 11, 9, 9, 5, 0, 7, 0, 0, 8, 6, 9, 0, 0, 0, 0, 0, 0, 0, 7, 0, 0, 0, 0, 9, 7, 7, 7, 5, 7, 6, 0, 7, 0, 7, 0, 5, : 8, 9, 8, 5, 11, 9, 9, 5, 7, 8, 6, 9, 7, 9, 7, 7, 7, 5, 7, 6, 7, 7, 5, 
43: 0, 4, 9, 0, 9, 0, 9, 0, 7, 10, 7, 0, 0, 6, 0, 6, 7, 8, 0, 8, 9, 0, 0, 0, 7, 0, 0, 6, 8, 8, 0, 0, 7, 0, 0, 0, 0, 8, 7, 7, : 4, 9, 9, 9, 7, 10, 7, 6, 6, 7, 8, 8, 9, 7, 6, 8, 8, 7, 8, 7, 7, 
48: 8, 0, 0, 0, 0, 6, 6, 7, 9, 0, 9, 7, 6, 8, 9, 6, 0, 0, 5, 0, 0, 9, 8, 0, 0, 0, 0, 8, 0, 0, 0, 0, 0, 5, 0, 8, 0, 0, 7, 0, : 8, 6, 6, 7, 9, 9, 7, 6, 8, 9, 6, 5, 9, 8, 8, 5, 8, 7, 
129: 0, 0, 10, 0, 0, 10, 9, 0, 8, 7, 0, 7, 8, 9, 0, 6, 0, 0, 8, 0, 8, 0, 8, 8, 7, 8, 8, 0, 0, 0, 0, 8, 0, 7, 0, 0, 8, 0, 0, 8, : 10, 10, 9, 8, 7, 7, 8, 9, 6, 8, 8, 8, 8, 7, 8, 8, 8, 7, 8, 8, 
53: 5, 6, 10, 5, 0, 10, 0, 0, 0, 0, 0, 0, 7, 6, 0, 0, 8, 7, 0, 6, 8, 8, 7, 7, 0, 9, 8, 0, 8, 7, 0, 0, 9, 7, 0, 0, 8, 0, 0, 0, : 5, 6, 10, 5, 10, 7, 6, 8, 7, 6, 8, 8, 7, 7, 9, 8, 8, 7, 9, 7, 8, 
200: 0, 0, 0, 0, 0, 10, 0, 8, 0, 0, 0, 7, 8, 6, 0, 0, 9, 0, 8, 8, 0, 6, 7, 0, 0, 5, 6, 8, 7, 0, 8, 0, 7, 0, 7, 9, 8, 0, 8, 0, : 10, 8, 7, 8, 6, 9, 8, 8, 6, 7, 5, 6, 8, 7, 8, 7, 7, 9, 8, 8, 
25: 0, 0, 0, 0, 0, 0, 9, 0, 7, 7, 0, 0, 0, 7, 7, 0, 9, 9, 0, 9, 8, 0, 9, 0, 0, 0, 8, 8, 8, 0, 5, 8, 0, 8, 8, 0, 7, 8, 7, 8, : 9, 7, 7, 7, 7, 9, 9, 9, 8, 9, 8, 8, 8, 5, 8, 8, 8, 7, 8, 7, 8, 
95: 0, 5, 5, 6, 0, 0, 7, 0, 6, 0, 0, 9, 0, 7, 0, 0, 0, 5, 8, 0, 0, 7, 5, 8, 0, 8, 7, 8, 8, 0, 9, 8, 7, 0, 0, 0, 0, 8, 0, 8, : 5, 5, 6, 7, 6, 9, 7, 5, 8, 7, 5, 8, 8, 7, 8, 8, 9, 8, 7, 8, 8, 
120: 10, 8, 10, 0, 6, 5, 0, 0, 6, 0, 0, 0, 7, 0, 7, 0, 8, 6, 8, 0, 0, 7, 0, 8, 7, 0, 0, 8, 8, 0, 0, 0, 0, 0, 0, 6, 8, 5, 7, 8, : 10, 8, 10, 6, 5, 6, 7, 7, 8, 6, 8, 7, 8, 7, 8, 8, 6, 8, 5, 7, 8, 
253: 0, 0, 0, 10, 7, 0, 6, 6, 7, 0, 0, 6, 4, 8, 0, 5, 0, 0, 0, 0, 7, 0, 0, 8, 8, 7, 0, 0, 0, 0, 0, 0, 0, 0, 0, 0, 0, 8, 7, 0, : 10, 7, 6, 6, 7, 6, 4, 8, 5, 7, 8, 8, 7, 8, 7, 
212: 0, 6, 7, 9, 0, 7, 7, 0, 0, 8, 0, 7, 9, 7, 0, 10, 0, 9, 0, 0, 0, 7, 0, 9, 0, 7, 7, 0, 0, 0, 0, 0, 8, 0, 9, 8, 8, 7, 0, 0, : 6, 7, 9, 7, 7, 8, 7, 9, 7, 10, 9, 7, 9, 7, 7, 8, 9, 8, 8, 7, 
364: 0, 6, 7, 0, 7, 5, 0, 5, 0, 7, 8, 9, 6, 4, 0, 9, 0, 8, 0, 0, 8, 0, 0, 8, 0, 7, 0, 8, 8, 0, 7, 0, 0, 0, 0, 7, 0, 0, 5, 0, : 6, 7, 7, 5, 5, 7, 8, 9, 6, 4, 9, 8, 8, 8, 7, 8, 8, 7, 7, 5, 
337: 7, 8, 0, 7, 10, 0, 7, 7, 0, 0, 0, 0, 8, 0, 0, 0, 9, 8, 8, 8, 7, 7, 8, 0, 0, 0, 0, 0, 0, 8, 0, 7, 8, 0, 0, 0, 0, 0, 0, 9, : 7, 8, 7, 10, 7, 7, 8, 9, 8, 8, 8, 7, 7, 8, 8, 7, 8, 9, 
234: 0, 9, 0, 4, 10, 6, 0, 0, 0, 7, 0, 7, 0, 8, 0, 0, 9, 0, 7, 6, 0, 8, 8, 8, 6, 8, 7, 0, 7, 9, 8, 7, 9, 9, 0, 5, 7, 8, 0, 0, : 9, 4, 10, 6, 7, 7, 8, 9, 7, 6, 8, 8, 8, 6, 8, 7, 7, 9, 8, 7, 9, 9, 5, 7, 8, 
122: 8, 7, 0, 9, 7, 0, 6, 0, 10, 9, 5, 0, 0, 8, 8, 9, 4, 7, 0, 6, 0, 7, 0, 7, 8, 0, 9, 0, 0, 8, 0, 0, 0, 8, 0, 0, 0, 7, 8, 0, : 8, 7, 9, 7, 6, 10, 9, 5, 8, 8, 9, 4, 7, 6, 7, 7, 8, 9, 8, 8, 7, 8, 
304: 10, 5, 6, 6, 0, 0, 0, 9, 0, 7, 0, 0, 0, 0, 0, 0, 0, 8, 0, 0, 8, 0, 8, 0, 0, 7, 0, 7, 0, 7, 8, 0, 0, 8, 0, 7, 8, 0, 9, 9, : 10, 5, 6, 6, 9, 7, 8, 8, 8, 7, 7, 7, 8, 8, 7, 8, 9, 9, 
278: 0, 0, 0, 0, 0, 6, 7, 8, 6, 0, 11, 0, 0, 0, 8, 9, 0, 7, 0, 8, 8, 8, 8, 7, 7, 0, 8, 7, 7, 0, 7, 0, 0, 8, 8, 8, 5, 8, 0, 0, : 6, 7, 8, 6, 11, 8, 9, 7, 8, 8, 8, 8, 7, 7, 8, 7, 7, 7, 8, 8, 8, 5, 8, 
37: 8, 11, 0, 9, 0, 0, 0, 0, 10, 9, 7, 0, 0, 9, 9, 9, 0, 0, 0, 0, 6, 0, 7, 8, 0, 0, 0, 0, 0, 0, 7, 7, 0, 0, 8, 8, 0, 9, 8, 0, : 8, 11, 9, 10, 9, 7, 9, 9, 9, 6, 7, 8, 7, 7, 8, 8, 9, 8, 
62: 0, 10, 7, 7, 9, 7, 0, 10, 6, 7, 0, 5, 0, 0, 9, 9, 7, 0, 0, 0, 8, 0, 7, 0, 8, 0, 0, 7, 7, 8, 0, 7, 8, 0, 8, 0, 0, 0, 0, 0, : 10, 7, 7, 9, 7, 10, 6, 7, 5, 9, 9, 7, 8, 7, 8, 7, 7, 8, 7, 8, 8, 
140: 8, 10, 0, 0, 0, 0, 7, 0, 0, 10, 7, 8, 0, 0, 6, 10, 6, 0, 8, 0, 9, 0, 0, 0, 0, 0, 9, 0, 6, 7, 0, 8, 8, 8, 0, 8, 8, 0, 0, 7, : 8, 10, 7, 10, 7, 8, 6, 10, 6, 8, 9, 9, 6, 7, 8, 8, 8, 8, 8, 7, 
78: 8, 9, 8, 10, 0, 0, 0, 0, 0, 6, 0, 9, 0, 0, 6, 0, 0, 7, 8, 7, 0, 8, 0, 0, 0, 0, 0, 0, 0, 8, 7, 9, 0, 0, 5, 8, 0, 8, 8, 0, : 8, 9, 8, 10, 6, 9, 6, 7, 8, 7, 8, 8, 7, 9, 5, 8, 8, 8, 
175: 0, 0, 8, 0, 0, 6, 8, 8, 0, 0, 0, 5, 0, 8, 7, 8, 7, 7, 0, 8, 0, 0, 0, 7, 0, 0, 0, 0, 8, 0, 0, 9, 5, 0, 0, 8, 0, 0, 8, 0, : 8, 6, 8, 8, 5, 8, 7, 8, 7, 7, 8, 7, 8, 9, 5, 8, 8, 
289: 6, 0, 10, 0, 6, 7, 0, 7, 0, 0, 0, 0, 0, 8, 0, 6, 6, 6, 8, 8, 5, 0, 0, 0, 0, 7, 0, 7, 0, 0, 0, 0, 0, 8, 7, 8, 0, 9, 0, 0, : 6, 10, 6, 7, 7, 8, 6, 6, 6, 8, 8, 5, 7, 7, 8, 7, 8, 9, 
274: 0, 0, 0, 8, 8, 8, 9, 0, 0, 0, 7, 0, 9, 7, 0, 8, 9, 8, 8, 5, 0, 8, 0, 9, 8, 0, 5, 0, 9, 8, 7, 0, 8, 7, 0, 0, 7, 0, 0, 0, : 8, 8, 8, 9, 7, 9, 7, 8, 9, 8, 8, 5, 8, 9, 8, 5, 9, 8, 7, 8, 7, 7, 
273: 7, 0, 0, 0, 0, 0, 10, 8, 8, 0, 6, 0, 4, 0, 0, 6, 9, 7, 7, 0, 8, 0, 0, 7, 0, 0, 7, 5, 0, 6, 7, 8, 0, 8, 6, 7, 8, 6, 8, 0, : 7, 10, 8, 8, 6, 4, 6, 9, 7, 7, 8, 7, 7, 5, 6, 7, 8, 8, 6, 7, 8, 6, 8, 
21: 0, 0, 0, 0, 5, 0, 0, 7, 0, 5, 9, 0, 0, 0, 0, 0, 8, 8, 0, 8, 6, 0, 7, 0, 5, 8, 7, 8, 0, 0, 0, 0, 0, 0, 8, 7, 0, 0, 8, 7, : 5, 7, 5, 9, 8, 8, 8, 6, 7, 5, 8, 7, 8, 8, 7, 8, 7, 
17: 10, 8, 0, 6, 5, 0, 0, 9, 0, 0, 9, 0, 7, 10, 0, 0, 6, 0, 8, 8, 0, 0, 0, 7, 7, 8, 0, 0, 0, 0, 0, 7, 0, 0, 7, 0, 7, 0, 8, 7, : 10, 8, 6, 5, 9, 9, 7, 10, 6, 8, 8, 7, 7, 8, 7, 7, 7, 8, 7, 
353: 0, 0, 0, 9, 0, 10, 6, 0, 6, 0, 6, 9, 0, 0, 6, 0, 0, 0, 8, 0, 0, 7, 0, 0, 9, 8, 8, 7, 5, 0, 8, 6, 0, 7, 7, 0, 0, 7, 0, 0, : 9, 10, 6, 6, 6, 9, 6, 8, 7, 9, 8, 8, 7, 5, 8, 6, 7, 7, 7, 
64: 0, 0, 4, 0, 7, 10, 8, 7, 8, 0, 0, 0, 0, 0, 7, 8, 9, 0, 0, 0, 0, 7, 0, 0, 8, 8, 7, 9, 0, 7, 8, 8, 7, 9, 7, 0, 7, 0, 6, 8, : 4, 7, 10, 8, 7, 8, 7, 8, 9, 7, 8, 8, 7, 9, 7, 8, 8, 7, 9, 7, 7, 6, 8, 
12: 7, 11, 0, 7, 5, 0, 0, 10, 0, 8, 8, 7, 8, 0, 4, 0, 0, 0, 7, 7, 0, 9, 7, 0, 7, 0, 0, 0, 8, 7, 0, 8, 0, 8, 7, 0, 8, 0, 0, 0, : 7, 11, 7, 5, 10, 8, 8, 7, 8, 4, 7, 7, 9, 7, 7, 8, 7, 8, 8, 7, 8, 


46: 0, 5, 6, 0, 0, 0, 7, 9, 0, 0, 0, 7, 6, 0, 4, 8, 10, 6, 0, 7, 0, 0, 7, 6, 6, 0, 0, 0, 9, 8, 8, 8, 9, 0, 0, 0, 8, 8, 0, 7, : 5, 6, 7, 9, 7, 6, 4, 8, 10, 6, 7, 7, 6, 6, 9, 8, 8, 8, 9, 8, 8, 7, 
135: 9, 6, 7, 8, 0, 0, 6, 0, 5, 0, 0, 0, 8, 7, 9, 0, 8, 8, 0, 0, 0, 0, 0, 0, 0, 0, 0, 0, 0, 9, 9, 7, 0, 0, 7, 7, 0, 0, 9, 0, : 9, 6, 7, 8, 6, 5, 8, 7, 9, 8, 8, 9, 9, 7, 7, 7, 9, 
399: 7, 0, 0, 0, 5, 5, 0, 6, 0, 0, 6, 0, 0, 8, 7, 0, 8, 10, 0, 0, 7, 7, 8, 6, 0, 0, 0, 0, 7, 0, 7, 9, 8, 0, 0, 0, 8, 0, 0, 0, : 7, 5, 5, 6, 6, 8, 7, 8, 10, 7, 7, 8, 6, 7, 7, 9, 8, 8, 
83: 5, 0, 0, 5, 6, 0, 5, 6, 0, 8, 9, 0, 5, 10, 0, 10, 0, 8, 0, 0, 0, 0, 8, 0, 0, 7, 0, 6, 0, 8, 8, 9, 8, 0, 0, 0, 0, 7, 7, 8, : 5, 5, 6, 5, 6, 8, 9, 5, 10, 10, 8, 8, 7, 6, 8, 8, 9, 8, 7, 7, 8, 
205: 9, 0, 0, 0, 0, 8, 0, 6, 7, 8, 5, 9, 8, 7, 0, 11, 0, 0, 0, 7, 0, 6, 0, 0, 6, 0, 7, 0, 0, 8, 8, 7, 0, 8, 0, 7, 0, 0, 0, 0, : 9, 8, 6, 7, 8, 5, 9, 8, 7, 11, 7, 6, 6, 7, 8, 8, 7, 8, 7, 
286: 6, 7, 0, 5, 9, 0, 7, 0, 10, 0, 0, 11, 6, 8, 4, 6, 0, 8, 0, 8, 7, 0, 7, 0, 8, 0, 7, 8, 0, 0, 9, 0, 8, 0, 0, 0, 7, 9, 0, 7, : 6, 7, 5, 9, 7, 10, 11, 6, 8, 4, 6, 8, 8, 7, 7, 8, 7, 8, 9, 8, 7, 9, 7, 
242: 0, 0, 0, 0, 11, 7, 0, 0, 0, 0, 0, 0, 0, 7, 0, 0, 10, 6, 0, 0, 8, 7, 0, 9, 8, 0, 0, 9, 6, 6, 0, 0, 7, 0, 0, 6, 0, 6, 0, 9, : 11, 7, 7, 10, 6, 8, 7, 9, 8, 9, 6, 6, 7, 6, 6, 9, 
7: 7, 5, 0, 6, 5, 0, 9, 0, 0, 6, 0, 6, 9, 9, 6, 0, 0, 0, 0, 7, 8, 0, 0, 0, 7, 8, 8, 0, 8, 7, 6, 9, 7, 0, 0, 0, 9, 8, 8, 0, : 7, 5, 6, 5, 9, 6, 6, 9, 9, 6, 7, 8, 7, 8, 8, 8, 7, 6, 9, 7, 9, 8, 8, 
4: 0, 9, 7, 9, 4, 10, 0, 8, 6, 0, 0, 0, 0, 0, 6, 5, 7, 7, 0, 0, 6, 8, 6, 8, 0, 0, 8, 0, 7, 8, 0, 0, 0, 0, 6, 0, 7, 0, 9, 7, : 9, 7, 9, 4, 10, 8, 6, 6, 5, 7, 7, 6, 8, 6, 8, 8, 7, 8, 6, 7, 9, 7, 
147: 0, 0, 7, 8, 8, 0, 0, 0, 8, 9, 0, 10, 0, 0, 0, 9, 11, 0, 0, 8, 0, 8, 7, 7, 0, 7, 0, 7, 0, 0, 6, 0, 7, 0, 7, 8, 6, 0, 0, 6, : 7, 8, 8, 8, 9, 10, 9, 11, 8, 8, 7, 7, 7, 7, 6, 7, 7, 8, 6, 6, 
244: 8, 0, 0, 0, 0, 0, 9, 0, 0, 6, 5, 5, 0, 5, 10, 8, 0, 0, 7, 0, 0, 0, 0, 8, 8, 6, 0, 6, 0, 7, 0, 8, 7, 7, 8, 7, 8, 6, 7, 8, : 8, 9, 6, 5, 5, 5, 10, 8, 7, 8, 8, 6, 6, 7, 8, 7, 7, 8, 7, 8, 6, 7, 8, 
177: 5, 7, 6, 0, 9, 0, 0, 7, 8, 7, 0, 0, 7, 5, 0, 9, 0, 0, 8, 0, 7, 0, 0, 0, 0, 6, 6, 7, 6, 7, 7, 6, 8, 9, 8, 0, 0, 7, 0, 6, : 5, 7, 6, 9, 7, 8, 7, 7, 5, 9, 8, 7, 6, 6, 7, 6, 7, 7, 6, 8, 9, 8, 7, 6, 
1: 0, 9, 0, 0, 0, 8, 9, 0, 6, 0, 8, 4, 0, 0, 0, 9, 0, 0, 7, 7, 9, 0, 0, 0, 0, 8, 0, 0, 7, 8, 0, 8, 6, 7, 8, 7, 0, 7, 0, 8, : 9, 8, 9, 6, 8, 4, 9, 7, 7, 9, 8, 7, 8, 8, 6, 7, 8, 7, 7, 8, 
126: 0, 0, 6, 0, 8, 0, 0, 0, 0, 7, 9, 0, 8, 7, 10, 0, 6, 0, 9, 0, 6, 0, 8, 0, 9, 8, 0, 0, 0, 0, 6, 0, 0, 0, 6, 0, 0, 9, 8, 7, : 6, 8, 7, 9, 8, 7, 10, 6, 9, 6, 8, 9, 8, 6, 6, 9, 8, 7, 
388: 8, 0, 0, 5, 9, 11, 7, 8, 0, 0, 0, 8, 0, 9, 0, 0, 11, 6, 0, 0, 9, 0, 9, 0, 0, 8, 0, 0, 7, 0, 8, 0, 0, 8, 0, 8, 7, 0, 0, 9, : 8, 5, 9, 11, 7, 8, 8, 9, 11, 6, 9, 9, 8, 7, 8, 8, 8, 7, 9, 
380: 0, 8, 7, 0, 9, 0, 0, 10, 9, 9, 9, 0, 0, 0, 0, 10, 0, 8, 8, 0, 8, 7, 7, 8, 0, 8, 8, 8, 7, 0, 7, 7, 0, 6, 9, 0, 7, 0, 0, 0, : 8, 7, 9, 10, 9, 9, 9, 10, 8, 8, 8, 7, 7, 8, 8, 8, 8, 7, 7, 7, 6, 9, 7, 
317: 0, 6, 0, 0, 10, 9, 0, 11, 0, 0, 8, 8, 0, 0, 6, 0, 0, 0, 7, 0, 0, 9, 0, 7, 0, 0, 0, 0, 8, 0, 0, 0, 0, 8, 8, 0, 8, 0, 8, 0, : 6, 10, 9, 11, 8, 8, 6, 7, 9, 7, 8, 8, 8, 8, 8, 
284: 8, 8, 0, 8, 0, 10, 8, 6, 7, 0, 0, 9, 0, 0, 6, 6, 6, 0, 7, 9, 0, 6, 8, 9, 0, 7, 0, 7, 0, 0, 0, 0, 0, 7, 7, 9, 0, 0, 8, 7, : 8, 8, 8, 10, 8, 6, 7, 9, 6, 6, 6, 7, 9, 6, 8, 9, 7, 7, 7, 7, 9, 8, 7, 
314: 6, 0, 0, 6, 10, 5, 0, 9, 5, 0, 8, 5, 6, 0, 9, 8, 0, 0, 0, 7, 7, 0, 0, 0, 0, 9, 7, 0, 0, 0, 0, 8, 0, 9, 0, 0, 9, 0, 9, 0, : 6, 6, 10, 5, 9, 5, 8, 5, 6, 9, 8, 7, 7, 9, 7, 8, 9, 9, 9, 
179: 0, 9, 10, 0, 0, 0, 10, 7, 8, 8, 0, 0, 0, 0, 10, 0, 7, 9, 6, 6, 8, 8, 0, 0, 0, 7, 9, 0, 8, 9, 7, 0, 0, 0, 8, 0, 0, 0, 8, 9, : 9, 10, 10, 7, 8, 8, 10, 7, 9, 6, 6, 8, 8, 7, 9, 8, 9, 7, 8, 8, 9, 
213: 0, 0, 10, 0, 11, 0, 0, 0, 8, 0, 10, 5, 8, 0, 0, 7, 0, 6, 8, 9, 0, 0, 0, 6, 0, 0, 0, 8, 0, 7, 0, 0, 7, 8, 0, 8, 8, 7, 8, 8, : 10, 11, 8, 10, 5, 8, 7, 6, 8, 9, 6, 8, 7, 7, 8, 8, 8, 7, 8, 8, 
334: 7, 0, 6, 8, 0, 0, 6, 8, 0, 7, 0, 6, 8, 6, 0, 6, 8, 7, 7, 7, 7, 0, 0, 7, 8, 0, 0, 0, 8, 0, 8, 6, 0, 9, 0, 0, 0, 6, 6, 0, : 7, 6, 8, 6, 8, 7, 6, 8, 6, 6, 8, 7, 7, 7, 7, 7, 8, 8, 8, 6, 9, 6, 6, 
249: 9, 8, 6, 0, 5, 0, 0, 0, 0, 0, 0, 0, 0, 9, 6, 0, 0, 6, 8, 9, 0, 7, 7, 8, 7, 0, 0, 9, 8, 0, 0, 7, 0, 6, 0, 9, 9, 0, 8, 0, : 9, 8, 6, 5, 9, 6, 6, 8, 9, 7, 7, 8, 7, 9, 8, 7, 6, 9, 9, 8, 
197: 9, 0, 0, 7, 7, 9, 0, 0, 5, 10, 7, 8, 7, 0, 0, 0, 8, 0, 8, 0, 0, 6, 0, 7, 7, 0, 8, 0, 0, 0, 0, 0, 0, 0, 0, 0, 8, 8, 6, 0, : 9, 7, 7, 9, 5, 10, 7, 8, 7, 8, 8, 6, 7, 7, 8, 8, 8, 6, 
165: 7, 8, 0, 7, 6, 5, 9, 7, 0, 0, 0, 0, 7, 7, 8, 0, 6, 0, 0, 7, 8, 7, 0, 0, 6, 9, 0, 0, 8, 0, 7, 0, 0, 8, 8, 6, 0, 0, 7, 6, : 7, 8, 7, 6, 5, 9, 7, 7, 7, 8, 6, 7, 8, 7, 6, 9, 8, 7, 8, 8, 6, 7, 6, 
239: 0, 0, 10, 0, 0, 0, 9, 0, 9, 0, 0, 9, 9, 0, 0, 4, 7, 0, 6, 0, 7, 7, 9, 0, 8, 9, 9, 0, 6, 6, 0, 7, 0, 0, 9, 8, 8, 0, 7, 0, : 10, 9, 9, 9, 9, 4, 7, 6, 7, 7, 9, 8, 9, 9, 6, 6, 7, 9, 8, 8, 7, 
376: 0, 9, 0, 0, 0, 5, 7, 0, 0, 9, 9, 0, 0, 8, 0, 4, 5, 9, 0, 6, 0, 7, 8, 7, 9, 7, 7, 8, 0, 9, 0, 0, 0, 8, 7, 6, 7, 0, 7, 0, : 9, 5, 7, 9, 9, 8, 4, 5, 9, 6, 7, 8, 7, 9, 7, 7, 8, 9, 8, 7, 6, 7, 7, 
281: 8, 10, 0, 9, 4, 10, 0, 0, 0, 9, 0, 0, 0, 6, 8, 0, 7, 0, 9, 0, 7, 0, 0, 0, 7, 7, 8, 6, 0, 0, 0, 8, 0, 7, 6, 0, 0, 7, 0, 8, : 8, 10, 9, 4, 10, 9, 6, 8, 7, 9, 7, 7, 7, 8, 6, 8, 7, 6, 7, 8, 
71: 0, 0, 8, 9, 0, 5, 11, 5, 10, 4, 7, 0, 9, 0, 0, 0, 0, 8, 0, 0, 0, 8, 8, 7, 7, 0, 7, 0, 0, 7, 0, 8, 7, 0, 0, 0, 0, 0, 6, 0, : 8, 9, 5, 11, 5, 10, 4, 7, 9, 8, 8, 8, 7, 7, 7, 7, 8, 7, 6, 
305: 9, 0, 6, 0, 0, 0, 0, 0, 0, 8, 8, 10, 0, 0, 0, 0, 0, 0, 0, 0, 0, 8, 8, 0, 9, 0, 0, 8, 0, 6, 0, 0, 0, 7, 7, 8, 0, 8, 7, 0, : 9, 6, 8, 8, 10, 8, 8, 9, 8, 6, 7, 7, 8, 8, 7, 
357: 0, 7, 0, 0, 0, 0, 0, 0, 0, 0, 8, 0, 0, 8, 9, 10, 0, 0, 7, 0, 9, 0, 6, 8, 0, 6, 0, 7, 7, 0, 0, 8, 9, 0, 0, 8, 6, 0, 0, 8, : 7, 8, 8, 9, 10, 7, 9, 6, 8, 6, 7, 7, 8, 9, 8, 6, 8, 
150: 0, 8, 0, 0, 0, 0, 8, 5, 7, 9, 7, 9, 6, 7, 7, 0, 0, 0, 9, 7, 0, 8, 6, 0, 8, 0, 9, 7, 0, 0, 0, 0, 6, 7, 7, 7, 0, 0, 0, 0, : 8, 8, 5, 7, 9, 7, 9, 6, 7, 7, 9, 7, 8, 6, 8, 9, 7, 6, 7, 7, 7, 
308: 7, 0, 9, 8, 0, 8, 5, 7, 7, 6, 5, 0, 0, 8, 9, 0, 8, 0, 7, 8, 0, 9, 0, 0, 0, 0, 0, 9, 8, 7, 7, 6, 7, 0, 7, 0, 0, 9, 0, 7, : 7, 9, 8, 8, 5, 7, 7, 6, 5, 8, 9, 8, 7, 8, 9, 9, 8, 7, 7, 6, 7, 7, 9, 7, 
356: 8, 7, 0, 9, 0, 8, 0, 10, 9, 0, 9, 0, 10, 0, 0, 0, 0, 8, 7, 8, 7, 0, 7, 8, 7, 0, 7, 7, 0, 0, 8, 0, 8, 8, 8, 0, 7, 8, 0, 0, : 8, 7, 9, 8, 10, 9, 9, 10, 8, 7, 8, 7, 7, 8, 7, 7, 7, 8, 8, 8, 8, 7, 8, 
44: 0, 8, 0, 10, 0, 9, 7, 7, 0, 8, 6, 0, 9, 0, 8, 0, 0, 0, 0, 7, 0, 8, 0, 8, 0, 0, 7, 0, 7, 0, 7, 0, 8, 0, 0, 0, 7, 7, 0, 7, : 8, 10, 9, 7, 7, 8, 6, 9, 8, 7, 8, 8, 7, 7, 7, 8, 7, 7, 7, 
39: 8, 0, 8, 5, 9, 5, 0, 0, 11, 0, 0, 10, 8, 0, 0, 0, 5, 8, 7, 0, 8, 0, 0, 7, 8, 0, 8, 7, 9, 8, 0, 7, 8, 7, 0, 7, 0, 7, 0, 0, : 8, 8, 5, 9, 5, 11, 10, 8, 5, 8, 7, 8, 7, 8, 8, 7, 9, 8, 7, 8, 7, 7, 7, 
100: 0, 0, 9, 0, 0, 5, 0, 0, 0, 6, 0, 4, 0, 0, 8, 5, 4, 8, 0, 9, 7, 0, 9, 0, 7, 8, 6, 8, 0, 0, 8, 7, 0, 0, 0, 9, 0, 8, 7, 0, : 9, 5, 6, 4, 8, 5, 4, 8, 9, 7, 9, 7, 8, 6, 8, 8, 7, 9, 8, 7, 
3: 0, 0, 9, 0, 5, 8, 5, 0, 0, 6, 7, 0, 0, 0, 0, 7, 0, 7, 0, 0, 0, 0, 0, 0, 0, 8, 6, 0, 9, 0, 0, 0, 9, 6, 9, 0, 6, 0, 0, 0, : 9, 5, 8, 5, 6, 7, 7, 7, 8, 6, 9, 9, 6, 9, 6, 
167: 0, 6, 8, 9, 0, 0, 6, 0, 0, 0, 0, 7, 0, 9, 0, 8, 8, 7, 0, 7, 0, 9, 7, 9, 0, 0, 8, 8, 0, 7, 9, 0, 6, 0, 0, 8, 0, 0, 0, 0, : 6, 8, 9, 6, 7, 9, 8, 8, 7, 7, 9, 7, 9, 8, 8, 7, 9, 6, 8, 
343: 0, 0, 5, 9, 0, 0, 0, 8, 5, 0, 0, 0, 6, 0, 0, 0, 0, 0, 8, 0, 0, 0, 0, 0, 0, 7, 0, 0, 0, 8, 0, 0, 0, 0, 0, 7, 0, 8, 0, 8, : 5, 9, 8, 5, 6, 8, 7, 8, 7, 8, 8, 


