
40
200
75
10

114: 0, 9, 0, 0, 4, 0, 0, 0, 0, 7, 9, 6, 0, 6, 0, 0, 8, 0, 0, 9, 5, 9, 6, 7, 0, 0, 0, 0, 0, 0, 0, 8, 7, 9, 8, 0, 8, 0, 7, 0, : 9, 4, 7, 9, 6, 6, 8, 9, 5, 9, 6, 7, 8, 7, 9, 8, 8, 7, 
173: 0, 9, 9, 6, 0, 0, 5, 9, 8, 8, 7, 0, 0, 0, 0, 0, 7, 8, 7, 0, 0, 0, 8, 0, 8, 0, 8, 8, 0, 5, 0, 6, 9, 7, 9, 8, 7, 0, 7, 8, : 9, 9, 6, 5, 9, 8, 8, 7, 7, 8, 7, 8, 8, 8, 8, 5, 6, 9, 7, 9, 8, 7, 7, 8, 
113: 0, 7, 0, 5, 0, 5, 0, 0, 5, 0, 8, 5, 0, 8, 7, 0, 0, 0, 8, 9, 0, 0, 8, 8, 9, 0, 8, 0, 5, 8, 7, 0, 6, 8, 0, 7, 0, 0, 0, 5, : 7, 5, 5, 5, 8, 5, 8, 7, 8, 9, 8, 8, 9, 8, 5, 8, 7, 6, 8, 7, 5, 
199: 0, 7, 10, 0, 6, 0, 9, 7, 0, 10, 7, 10, 6, 11, 6, 10, 9, 9, 9, 0, 0, 0, 8, 9, 0, 8, 7, 0, 0, 0, 0, 8, 0, 8, 8, 0, 0, 6, 9, 8, : 7, 10, 6, 9, 7, 10, 7, 10, 6, 11, 6, 10, 9, 9, 9, 8, 9, 8, 7, 8, 8, 8, 6, 9, 8, 
123: 9, 0, 10, 0, 8, 0, 6, 0, 7, 0, 0, 7, 6, 0, 6, 6, 0, 7, 8, 8, 8, 8, 8, 0, 0, 7, 0, 9, 7, 9, 0, 9, 8, 0, 0, 8, 8, 8, 0, 7, : 9, 10, 8, 6, 7, 7, 6, 6, 6, 7, 8, 8, 8, 8, 8, 7, 9, 7, 9, 9, 8, 8, 8, 8, 7, 
41: 8, 0, 7, 0, 8, 0, 8, 6, 9, 0, 0, 0, 11, 8, 11, 10, 0, 0, 0, 8, 0, 8, 6, 8, 0, 8, 6, 9, 0, 0, 7, 8, 0, 9, 9, 0, 7, 7, 9, 0, : 8, 7, 8, 8, 6, 9, 11, 8, 11, 10, 8, 8, 6, 8, 8, 6, 9, 7, 8, 9, 9, 7, 7, 9, 
196: 7, 0, 6, 8, 6, 5, 9, 9, 0, 5, 4, 10, 7, 0, 0, 0, 7, 9, 5, 6, 0, 9, 0, 6, 5, 0, 0, 5, 7, 6, 0, 5, 0, 6, 0, 8, 8, 8, 8, 0, : 7, 6, 8, 6, 5, 9, 9, 5, 4, 10, 7, 7, 9, 5, 6, 9, 6, 5, 5, 7, 6, 5, 6, 8, 8, 8, 8, 
118: 6, 0, 0, 8, 0, 9, 0, 7, 0, 8, 0, 0, 8, 0, 7, 0, 5, 5, 6, 0, 0, 6, 9, 8, 6, 0, 0, 0, 9, 8, 8, 0, 0, 5, 0, 9, 9, 8, 0, 9, : 6, 8, 9, 7, 8, 8, 7, 5, 5, 6, 6, 9, 8, 6, 9, 8, 8, 5, 9, 9, 8, 9, 
169: 10, 0, 0, 9, 0, 0, 0, 6, 0, 8, 0, 0, 0, 5, 0, 9, 10, 0, 9, 0, 9, 0, 0, 7, 9, 5, 0, 0, 9, 0, 8, 0, 0, 0, 0, 7, 0, 5, 6, 0, : 10, 9, 6, 8, 5, 9, 10, 9, 9, 7, 9, 5, 9, 8, 7, 5, 6, 
61: 0, 5, 0, 0, 0, 8, 8, 0, 0, 6, 0, 5, 7, 0, 6, 7, 0, 8, 8, 8, 8, 8, 5, 0, 0, 0, 5, 8, 8, 0, 0, 8, 0, 0, 0, 0, 5, 7, 0, 0, : 5, 8, 8, 6, 5, 7, 6, 7, 8, 8, 8, 8, 8, 5, 5, 8, 8, 8, 5, 7, 
14: 8, 8, 8, 0, 0, 7, 0, 0, 6, 0, 0, 0, 0, 8, 0, 5, 5, 7, 0, 0, 0, 0, 0, 0, 0, 0, 0, 0, 0, 0, 6, 9, 0, 8, 0, 0, 0, 0, 5, 7, : 8, 8, 8, 7, 6, 8, 5, 5, 7, 6, 9, 8, 5, 7, 
42: 0, 0, 8, 6, 6, 0, 0, 0, 7, 0, 0, 7, 0, 0, 7, 0, 0, 8, 0, 8, 8, 0, 9, 0, 0, 8, 0, 0, 8, 7, 9, 0, 9, 0, 0, 9, 8, 0, 0, 8, : 8, 6, 6, 7, 7, 7, 8, 8, 8, 9, 8, 8, 7, 9, 9, 9, 8, 8, 
11: 7, 0, 6, 10, 0, 10, 0, 8, 8, 7, 8, 0, 7, 7, 9, 6, 6, 0, 7, 0, 6, 0, 0, 0, 0, 9, 0, 0, 6, 0, 0, 0, 8, 0, 6, 5, 0, 9, 0, 0, : 7, 6, 10, 10, 8, 8, 7, 8, 7, 7, 9, 6, 6, 7, 6, 9, 6, 8, 6, 5, 9, 
163: 0, 0, 0, 0, 8, 0, 5, 7, 8, 0, 0, 10, 0, 0, 0, 0, 0, 0, 0, 0, 0, 6, 0, 5, 7, 8, 8, 6, 0, 0, 5, 0, 8, 0, 0, 0, 0, 8, 0, 0, : 8, 5, 7, 8, 10, 6, 5, 7, 8, 8, 6, 5, 8, 8, 
110: 4, 9, 0, 0, 9, 8, 0, 0, 0, 0, 11, 0, 9, 7, 0, 6, 0, 0, 0, 8, 9, 0, 0, 0, 8, 0, 9, 8, 8, 8, 0, 0, 0, 0, 0, 6, 9, 0, 0, 8, : 4, 9, 9, 8, 11, 9, 7, 6, 8, 9, 8, 9, 8, 8, 8, 6, 9, 8, 
150: 9, 6, 5, 6, 0, 0, 9, 8, 0, 0, 0, 7, 7, 0, 8, 7, 0, 6, 8, 5, 8, 0, 0, 0, 8, 0, 0, 8, 8, 7, 8, 0, 0, 0, 7, 8, 0, 0, 8, 9, : 9, 6, 5, 6, 9, 8, 7, 7, 8, 7, 6, 8, 5, 8, 8, 8, 8, 7, 8, 7, 8, 8, 9, 
87: 0, 0, 0, 0, 10, 9, 8, 0, 0, 0, 0, 0, 0, 0, 8, 0, 0, 8, 0, 6, 8, 8, 0, 0, 8, 9, 7, 7, 0, 0, 9, 0, 7, 8, 8, 0, 0, 0, 0, 6, : 10, 9, 8, 8, 8, 6, 8, 8, 8, 9, 7, 7, 9, 7, 8, 8, 6, 
73: 0, 9, 0, 0, 10, 8, 0, 0, 8, 9, 8, 0, 7, 0, 0, 0, 11, 0, 0, 0, 0, 5, 0, 8, 0, 0, 9, 0, 0, 0, 0, 0, 0, 7, 7, 0, 0, 9, 8, 0, : 9, 10, 8, 8, 9, 8, 7, 11, 5, 8, 9, 7, 7, 9, 8, 
116: 0, 6, 0, 9, 0, 0, 0, 0, 0, 0, 6, 0, 0, 8, 0, 9, 0, 0, 0, 0, 6, 0, 8, 0, 0, 6, 8, 7, 0, 9, 8, 7, 5, 0, 8, 0, 6, 0, 8, 0, : 6, 9, 6, 8, 9, 6, 8, 6, 8, 7, 9, 8, 7, 5, 8, 6, 8, 
166: 7, 0, 6, 8, 0, 6, 8, 8, 9, 7, 7, 8, 0, 7, 0, 0, 7, 0, 0, 0, 0, 8, 0, 9, 7, 7, 0, 0, 0, 8, 0, 7, 8, 0, 5, 0, 0, 0, 0, 0, : 7, 6, 8, 6, 8, 8, 9, 7, 7, 8, 7, 7, 8, 9, 7, 7, 8, 7, 8, 5, 


145: 9, 0, 7, 0, 10, 0, 0, 7, 7, 9, 0, 0, 5, 0, 6, 0, 8, 7, 9, 0, 8, 0, 9, 8, 0, 0, 9, 0, 0, 0, 5, 0, 8, 8, 5, 0, 5, 0, 5, 0, : 9, 7, 10, 7, 7, 9, 5, 6, 8, 7, 9, 8, 9, 8, 9, 5, 8, 8, 5, 5, 5, 
189: 0, 5, 9, 6, 0, 6, 7, 5, 6, 8, 6, 11, 9, 0, 0, 0, 0, 0, 9, 0, 8, 7, 0, 8, 0, 0, 0, 8, 0, 8, 0, 8, 6, 0, 0, 0, 7, 8, 8, 7, : 5, 9, 6, 6, 7, 5, 6, 8, 6, 11, 9, 9, 8, 7, 8, 8, 8, 8, 6, 7, 8, 8, 7, 
90: 5, 0, 6, 10, 0, 0, 5, 0, 0, 0, 0, 0, 0, 8, 0, 0, 0, 7, 0, 9, 8, 0, 0, 0, 0, 0, 8, 0, 8, 6, 0, 6, 0, 7, 8, 9, 0, 0, 7, 8, : 5, 6, 10, 5, 8, 7, 9, 8, 8, 8, 6, 6, 7, 8, 9, 7, 8, 
64: 0, 0, 0, 10, 8, 9, 0, 9, 0, 0, 0, 0, 0, 11, 5, 8, 9, 0, 7, 7, 8, 9, 5, 0, 0, 0, 7, 8, 8, 0, 0, 0, 0, 0, 0, 8, 0, 0, 0, 0, : 10, 8, 9, 9, 11, 5, 8, 9, 7, 7, 8, 9, 5, 7, 8, 8, 8, 
57: 0, 0, 9, 0, 6, 0, 0, 0, 8, 7, 8, 9, 0, 6, 0, 0, 0, 0, 0, 9, 0, 8, 8, 0, 8, 0, 0, 0, 0, 8, 8, 8, 0, 6, 8, 0, 8, 8, 8, 0, : 9, 6, 8, 7, 8, 9, 6, 9, 8, 8, 8, 8, 8, 8, 6, 8, 8, 8, 8, 
187: 0, 0, 5, 0, 5, 0, 9, 9, 0, 0, 7, 0, 0, 0, 9, 8, 4, 0, 0, 0, 7, 0, 0, 0, 5, 0, 0, 7, 0, 8, 0, 0, 0, 0, 0, 8, 9, 0, 6, 8, : 5, 5, 9, 9, 7, 9, 8, 4, 7, 5, 7, 8, 8, 9, 6, 8, 
143: 0, 0, 7, 0, 0, 0, 0, 0, 0, 7, 0, 0, 5, 0, 0, 7, 0, 7, 0, 0, 0, 8, 0, 8, 0, 5, 8, 0, 0, 8, 7, 0, 0, 8, 9, 5, 8, 6, 0, 8, : 7, 7, 5, 7, 7, 8, 8, 5, 8, 8, 7, 8, 9, 5, 8, 6, 8, 
191: 0, 10, 0, 5, 5, 8, 7, 7, 0, 10, 8, 8, 8, 5, 10, 0, 8, 0, 0, 8, 8, 8, 6, 0, 0, 8, 8, 8, 7, 5, 0, 9, 0, 0, 8, 8, 0, 8, 0, 9, : 10, 5, 5, 8, 7, 7, 10, 8, 8, 8, 5, 10, 8, 8, 8, 8, 6, 8, 8, 8, 7, 5, 9, 8, 8, 8, 9, 
200: 10, 0, 0, 0, 0, 9, 0, 6, 9, 0, 8, 0, 0, 10, 11, 0, 6, 9, 0, 7, 0, 0, 0, 8, 0, 8, 8, 0, 0, 0, 8, 0, 8, 8, 7, 8, 0, 8, 0, 8, : 10, 9, 6, 9, 8, 10, 11, 6, 9, 7, 8, 8, 8, 8, 8, 8, 7, 8, 8, 8, 
176: 11, 9, 0, 5, 0, 6, 0, 0, 0, 8, 0, 9, 0, 5, 7, 8, 6, 0, 0, 0, 0, 8, 7, 7, 0, 9, 0, 8, 0, 0, 8, 5, 0, 0, 0, 8, 0, 0, 0, 0, : 11, 9, 5, 6, 8, 9, 5, 7, 8, 6, 8, 7, 7, 9, 8, 8, 5, 8, 
9: 6, 8, 8, 7, 9, 0, 9, 0, 10, 8, 8, 6, 0, 0, 8, 0, 0, 5, 0, 8, 0, 0, 8, 0, 8, 6, 0, 8, 5, 0, 0, 8, 8, 0, 0, 0, 0, 0, 8, 5, : 6, 8, 8, 7, 9, 9, 10, 8, 8, 6, 8, 5, 8, 8, 8, 6, 8, 5, 8, 8, 8, 5, 
155: 4, 7, 0, 6, 0, 8, 0, 0, 5, 5, 0, 0, 5, 7, 0, 6, 0, 8, 8, 0, 5, 5, 8, 5, 7, 8, 6, 6, 0, 0, 0, 7, 0, 9, 0, 0, 8, 7, 0, 0, : 4, 7, 6, 8, 5, 5, 5, 7, 6, 8, 8, 5, 5, 8, 5, 7, 8, 6, 6, 7, 9, 8, 7, 
154: 0, 0, 0, 0, 6, 10, 0, 9, 9, 8, 0, 0, 0, 0, 0, 6, 8, 6, 8, 5, 0, 0, 0, 8, 8, 0, 8, 0, 8, 8, 8, 8, 8, 0, 0, 0, 8, 0, 0, 0, : 6, 10, 9, 9, 8, 6, 8, 6, 8, 5, 8, 8, 8, 8, 8, 8, 8, 8, 8, 
148: 9, 4, 0, 7, 0, 0, 0, 0, 0, 0, 0, 5, 0, 0, 0, 4, 7, 0, 0, 8, 9, 0, 8, 0, 8, 8, 0, 0, 6, 8, 0, 0, 5, 8, 0, 0, 6, 0, 0, 0, : 9, 4, 7, 5, 4, 7, 8, 9, 8, 8, 8, 6, 8, 5, 8, 6, 
188: 7, 8, 9, 0, 0, 0, 7, 9, 0, 5, 0, 8, 9, 10, 0, 9, 0, 9, 6, 6, 0, 0, 0, 8, 6, 0, 5, 0, 8, 0, 9, 8, 0, 0, 8, 0, 0, 9, 0, 6, : 7, 8, 9, 7, 9, 5, 8, 9, 10, 9, 9, 6, 6, 8, 6, 5, 8, 9, 8, 8, 9, 6, 
91: 8, 9, 0, 9, 8, 0, 9, 7, 8, 0, 0, 0, 0, 0, 0, 0, 0, 0, 7, 0, 0, 8, 0, 6, 0, 7, 0, 8, 0, 9, 8, 0, 7, 0, 0, 6, 0, 8, 8, 0, : 8, 9, 9, 8, 9, 7, 8, 7, 8, 6, 7, 8, 9, 8, 7, 6, 8, 8, 
55: 0, 0, 10, 10, 7, 6, 9, 0, 7, 0, 9, 5, 6, 8, 0, 8, 10, 0, 8, 0, 0, 0, 8, 0, 9, 0, 0, 5, 8, 0, 0, 0, 0, 5, 8, 8, 8, 0, 8, 8, : 10, 10, 7, 6, 9, 7, 9, 5, 6, 8, 8, 10, 8, 8, 9, 5, 8, 5, 8, 8, 8, 8, 8, 
125: 0, 0, 0, 0, 0, 8, 6, 0, 6, 0, 10, 0, 9, 5, 7, 0, 9, 8, 5, 0, 0, 6, 8, 0, 8, 0, 0, 9, 9, 0, 0, 0, 8, 0, 8, 0, 0, 8, 8, 0, : 8, 6, 6, 10, 9, 5, 7, 9, 8, 5, 6, 8, 8, 9, 9, 8, 8, 8, 8, 
99: 0, 9, 5, 0, 0, 5, 0, 0, 0, 0, 5, 7, 8, 0, 4, 0, 0, 9, 8, 8, 6, 8, 0, 0, 8, 8, 8, 0, 8, 0, 6, 8, 8, 8, 0, 7, 0, 5, 9, 8, : 9, 5, 5, 5, 7, 8, 4, 9, 8, 8, 6, 8, 8, 8, 8, 8, 6, 8, 8, 8, 7, 5, 9, 8, 
115: 6, 6, 0, 0, 11, 0, 7, 7, 0, 0, 6, 7, 11, 0, 8, 11, 0, 0, 0, 0, 8, 0, 0, 9, 0, 8, 0, 0, 0, 7, 8, 0, 9, 8, 6, 0, 8, 0, 0, 0, : 6, 6, 11, 7, 7, 6, 7, 11, 8, 11, 8, 9, 8, 7, 8, 9, 8, 6, 8, 


84: 6, 9, 0, 8, 0, 0, 9, 9, 7, 8, 0, 10, 0, 0, 7, 11, 5, 0, 0, 7, 7, 0, 9, 7, 7, 0, 7, 0, 8, 7, 7, 0, 0, 0, 7, 0, 7, 0, 0, 0, : 6, 9, 8, 9, 9, 7, 8, 10, 7, 11, 5, 7, 7, 9, 7, 7, 7, 8, 7, 7, 7, 7, 
122: 7, 8, 8, 0, 0, 8, 0, 8, 0, 0, 11, 9, 8, 0, 7, 8, 7, 0, 0, 9, 0, 9, 7, 0, 0, 0, 0, 7, 8, 8, 0, 0, 7, 7, 8, 0, 9, 7, 0, 0, : 7, 8, 8, 8, 8, 11, 9, 8, 7, 8, 7, 9, 9, 7, 7, 8, 8, 7, 7, 8, 9, 7, 
95: 8, 0, 5, 0, 6, 0, 0, 0, 6, 8, 9, 0, 11, 0, 0, 0, 0, 0, 9, 0, 0, 8, 7, 0, 9, 9, 0, 0, 0, 9, 0, 0, 0, 0, 7, 7, 0, 0, 0, 0, : 8, 5, 6, 6, 8, 9, 11, 9, 8, 7, 9, 9, 9, 7, 7, 
138: 0, 0, 0, 8, 0, 8, 6, 0, 0, 0, 0, 8, 0, 7, 9, 5, 0, 0, 0, 0, 0, 0, 0, 0, 7, 7, 0, 0, 9, 7, 7, 8, 0, 7, 0, 7, 0, 0, 0, 7, : 8, 8, 6, 8, 7, 9, 5, 7, 7, 9, 7, 7, 8, 7, 7, 7, 
54: 0, 6, 0, 6, 0, 0, 6, 6, 9, 4, 0, 8, 7, 0, 0, 0, 11, 0, 7, 6, 7, 0, 8, 0, 0, 0, 0, 0, 9, 0, 7, 6, 9, 0, 0, 0, 0, 0, 0, 0, : 6, 6, 6, 6, 9, 4, 8, 7, 11, 7, 6, 7, 8, 9, 7, 6, 9, 
175: 8, 6, 8, 9, 0, 0, 8, 0, 7, 7, 8, 0, 0, 0, 10, 0, 5, 6, 0, 0, 9, 6, 0, 9, 0, 8, 8, 9, 0, 8, 9, 7, 0, 0, 0, 9, 0, 7, 0, 7, : 8, 6, 8, 9, 8, 7, 7, 8, 10, 5, 6, 9, 6, 9, 8, 8, 9, 8, 9, 7, 9, 7, 7, 
158: 0, 6, 8, 8, 9, 7, 8, 6, 0, 0, 0, 0, 9, 0, 0, 7, 8, 0, 0, 0, 0, 0, 7, 7, 7, 0, 0, 0, 0, 0, 0, 0, 0, 9, 7, 0, 0, 0, 7, 7, : 6, 8, 8, 9, 7, 8, 6, 9, 7, 8, 7, 7, 7, 9, 7, 7, 7, 
129: 0, 8, 0, 0, 8, 8, 0, 0, 0, 8, 0, 0, 0, 0, 0, 5, 8, 8, 6, 9, 0, 7, 9, 8, 0, 0, 9, 8, 7, 0, 0, 7, 7, 0, 0, 0, 0, 9, 0, 0, : 8, 8, 8, 8, 5, 8, 8, 6, 9, 7, 9, 8, 9, 8, 7, 7, 7, 9, 
119: 0, 0, 0, 0, 9, 0, 9, 0, 0, 0, 4, 4, 5, 6, 0, 5, 0, 0, 0, 8, 0, 7, 0, 7, 8, 0, 6, 8, 0, 7, 9, 7, 7, 0, 0, 0, 9, 8, 9, 7, : 9, 9, 4, 4, 5, 6, 5, 8, 7, 7, 8, 6, 8, 7, 9, 7, 7, 9, 8, 9, 7, 
37: 10, 0, 8, 5, 5, 0, 9, 0, 4, 11, 4, 8, 0, 8, 7, 7, 7, 8, 0, 0, 7, 0, 0, 7, 8, 7, 0, 9, 0, 0, 0, 9, 6, 0, 0, 0, 8, 9, 6, 0, : 10, 8, 5, 5, 9, 4, 11, 4, 8, 8, 7, 7, 7, 8, 7, 7, 8, 7, 9, 9, 6, 8, 9, 6, 
172: 7, 0, 6, 0, 8, 0, 0, 0, 0, 4, 9, 8, 0, 0, 5, 0, 0, 9, 8, 0, 9, 7, 0, 0, 0, 0, 0, 7, 7, 0, 8, 0, 0, 8, 9, 7, 6, 7, 8, 9, : 7, 6, 8, 4, 9, 8, 5, 9, 8, 9, 7, 7, 7, 8, 8, 9, 7, 6, 7, 8, 9, 
60: 8, 8, 0, 0, 0, 9, 0, 5, 9, 10, 7, 0, 0, 10, 0, 8, 0, 6, 0, 9, 7, 7, 0, 7, 7, 8, 0, 7, 7, 0, 0, 7, 7, 6, 0, 8, 7, 8, 7, 8, : 8, 8, 9, 5, 9, 10, 7, 10, 8, 6, 9, 7, 7, 7, 7, 8, 7, 7, 7, 7, 6, 8, 7, 8, 7, 8, 
133: 7, 0, 0, 6, 8, 7, 0, 7, 10, 0, 0, 0, 4, 7, 0, 0, 0, 7, 9, 0, 0, 0, 0, 0, 0, 7, 0, 7, 7, 0, 0, 7, 9, 9, 0, 9, 0, 6, 7, 0, : 7, 6, 8, 7, 7, 10, 4, 7, 7, 9, 7, 7, 7, 7, 9, 9, 9, 6, 7, 
70: 0, 0, 6, 0, 0, 8, 5, 0, 0, 0, 0, 5, 8, 9, 9, 0, 0, 9, 0, 0, 9, 0, 0, 0, 0, 0, 0, 0, 0, 7, 7, 0, 7, 0, 7, 6, 8, 7, 8, 8, : 6, 8, 5, 5, 8, 9, 9, 9, 9, 7, 7, 7, 7, 6, 8, 7, 8, 8, 
136: 0, 0, 10, 0, 0, 7, 0, 5, 8, 0, 9, 0, 0, 7, 0, 11, 0, 8, 6, 0, 0, 9, 6, 0, 0, 7, 9, 6, 0, 7, 0, 0, 8, 7, 6, 0, 7, 0, 0, 0, : 10, 7, 5, 8, 9, 7, 11, 8, 6, 9, 6, 7, 9, 6, 7, 8, 7, 6, 7, 
53: 0, 0, 0, 7, 6, 0, 0, 10, 10, 0, 0, 0, 6, 0, 8, 8, 0, 0, 6, 0, 7, 0, 7, 0, 0, 6, 7, 0, 6, 0, 7, 8, 0, 7, 7, 8, 7, 7, 0, 9, : 7, 6, 10, 10, 6, 8, 8, 6, 7, 7, 6, 7, 6, 7, 8, 7, 7, 8, 7, 7, 9, 
59: 8, 11, 0, 0, 7, 0, 0, 0, 5, 0, 6, 0, 9, 0, 6, 0, 7, 0, 7, 8, 0, 0, 8, 8, 6, 9, 7, 0, 0, 0, 0, 0, 0, 0, 8, 0, 7, 0, 7, 7, : 8, 11, 7, 5, 6, 9, 6, 7, 7, 8, 8, 8, 6, 9, 7, 8, 7, 7, 7, 
127: 6, 0, 0, 0, 0, 7, 8, 0, 0, 9, 8, 0, 0, 6, 0, 0, 0, 0, 8, 7, 6, 0, 0, 0, 7, 0, 7, 0, 7, 9, 8, 9, 8, 8, 0, 7, 0, 0, 7, 0, : 6, 7, 8, 9, 8, 6, 8, 7, 6, 7, 7, 7, 9, 8, 9, 8, 8, 7, 7, 
38: 0, 6, 6, 9, 0, 6, 0, 9, 0, 0, 0, 4, 0, 7, 0, 0, 10, 6, 9, 6, 7, 8, 0, 6, 9, 0, 7, 7, 0, 6, 6, 0, 0, 7, 9, 0, 0, 0, 0, 0, : 6, 6, 9, 6, 9, 4, 7, 10, 6, 9, 6, 7, 8, 6, 9, 7, 7, 6, 6, 7, 9, 
4: 0, 7, 10, 9, 9, 0, 7, 10, 0, 6, 0, 11, 8, 8, 7, 0, 7, 8, 0, 6, 0, 7, 7, 9, 0, 7, 8, 0, 0, 0, 0, 0, 0, 0, 0, 7, 0, 0, 9, 6, : 7, 10, 9, 9, 7, 10, 6, 11, 8, 8, 7, 7, 8, 6, 7, 7, 9, 7, 8, 7, 9, 6, 


45: 0, 0, 0, 10, 0, 7, 8, 0, 11, 8, 0, 0, 5, 5, 0, 4, 4, 9, 8, 7, 5, 0, 0, 0, 8, 8, 0, 0, 0, 9, 0, 0, 8, 8, 9, 0, 6, 0, 7, 0, : 10, 7, 8, 11, 8, 5, 5, 4, 4, 9, 8, 7, 5, 8, 8, 9, 8, 8, 9, 6, 7, 
184: 0, 0, 5, 0, 0, 7, 0, 0, 7, 0, 0, 0, 0, 0, 0, 10, 0, 8, 0, 9, 0, 0, 0, 0, 0, 0, 5, 0, 0, 0, 6, 6, 8, 0, 0, 0, 0, 9, 8, 8, : 5, 7, 7, 10, 8, 9, 5, 6, 6, 8, 9, 8, 8, 
49: 8, 0, 10, 9, 0, 7, 6, 8, 0, 0, 8, 9, 9, 9, 0, 8, 0, 0, 8, 0, 0, 0, 0, 7, 9, 9, 8, 7, 9, 0, 0, 0, 0, 0, 8, 6, 9, 6, 0, 0, : 8, 10, 9, 7, 6, 8, 8, 9, 9, 9, 8, 8, 7, 9, 9, 8, 7, 9, 8, 6, 9, 6, 
83: 9, 5, 0, 11, 0, 0, 0, 0, 4, 10, 0, 8, 0, 8, 0, 7, 10, 7, 6, 8, 0, 0, 9, 0, 0, 9, 0, 6, 0, 8, 6, 0, 0, 5, 6, 8, 0, 0, 0, 0, : 9, 5, 11, 4, 10, 8, 8, 7, 10, 7, 6, 8, 9, 9, 6, 8, 6, 5, 6, 8, 
88: 0, 0, 0, 6, 7, 0, 5, 7, 0, 0, 6, 7, 8, 0, 7, 7, 0, 7, 8, 8, 0, 6, 7, 6, 0, 6, 0, 8, 8, 6, 9, 8, 0, 9, 8, 9, 0, 9, 0, 0, : 6, 7, 5, 7, 6, 7, 8, 7, 7, 7, 8, 8, 6, 7, 6, 6, 8, 8, 6, 9, 8, 9, 8, 9, 9, 
93: 11, 0, 6, 4, 0, 0, 0, 0, 0, 5, 5, 0, 9, 0, 9, 6, 7, 6, 0, 0, 0, 8, 0, 0, 6, 0, 0, 9, 0, 5, 9, 0, 0, 0, 0, 0, 0, 6, 0, 7, : 11, 6, 4, 5, 5, 9, 9, 6, 7, 6, 8, 6, 9, 5, 9, 6, 7, 
124: 10, 8, 7, 8, 4, 0, 0, 0, 0, 0, 0, 0, 8, 8, 0, 0, 7, 0, 0, 5, 9, 8, 0, 0, 0, 0, 0, 6, 9, 0, 0, 0, 0, 0, 5, 0, 0, 0, 9, 8, : 10, 8, 7, 8, 4, 8, 8, 7, 5, 9, 8, 6, 9, 5, 9, 8, 
181: 0, 9, 7, 0, 8, 9, 0, 7, 5, 9, 5, 0, 0, 7, 0, 6, 6, 9, 8, 0, 0, 0, 9, 9, 0, 0, 0, 0, 5, 0, 0, 0, 0, 6, 0, 9, 6, 8, 9, 0, : 9, 7, 8, 9, 7, 5, 9, 5, 7, 6, 6, 9, 8, 9, 9, 5, 6, 9, 6, 8, 9, 
139: 0, 6, 0, 0, 7, 0, 0, 9, 0, 0, 0, 7, 0, 0, 0, 10, 0, 0, 0, 9, 8, 0, 8, 0, 0, 6, 0, 0, 9, 7, 8, 0, 6, 6, 0, 5, 9, 7, 0, 9, : 6, 7, 9, 7, 10, 9, 8, 8, 6, 9, 7, 8, 6, 6, 5, 9, 7, 9, 
67: 0, 0, 0, 0, 7, 0, 8, 11, 8, 0, 10, 6, 0, 0, 5, 6, 8, 0, 5, 0, 9, 0, 5, 9, 0, 0, 6, 9, 6, 0, 0, 5, 6, 0, 0, 0, 8, 0, 0, 0, : 7, 8, 11, 8, 10, 6, 5, 6, 8, 5, 9, 5, 9, 6, 9, 6, 5, 6, 8, 
16: 7, 5, 0, 0, 0, 0, 0, 0, 9, 0, 9, 8, 9, 9, 10, 0, 0, 11, 0, 8, 6, 8, 0, 8, 6, 5, 0, 5, 0, 6, 9, 9, 0, 8, 8, 8, 9, 0, 9, 0, : 7, 5, 9, 9, 8, 9, 9, 10, 11, 8, 6, 8, 8, 6, 5, 5, 6, 9, 9, 8, 8, 8, 9, 9, 
152: 6, 9, 0, 0, 0, 8, 6, 4, 0, 5, 7, 6, 0, 0, 7, 0, 0, 0, 0, 0, 0, 5, 0, 8, 7, 0, 8, 0, 0, 0, 8, 0, 9, 0, 0, 8, 0, 0, 0, 0, : 6, 9, 8, 6, 4, 5, 7, 6, 7, 5, 8, 7, 8, 8, 9, 8, 
35: 0, 9, 9, 0, 0, 6, 8, 9, 6, 0, 10, 0, 6, 0, 11, 0, 11, 7, 7, 0, 8, 6, 6, 9, 0, 7, 9, 0, 7, 9, 8, 0, 0, 9, 6, 9, 0, 8, 0, 6, : 9, 9, 6, 8, 9, 6, 10, 6, 11, 11, 7, 7, 8, 6, 6, 9, 7, 9, 7, 9, 8, 9, 6, 9, 8, 6, 
78: 0, 0, 10, 6, 8, 9, 10, 0, 0, 0, 0, 0, 0, 0, 6, 0, 7, 0, 9, 0, 0, 7, 0, 5, 8, 0, 7, 8, 0, 9, 0, 9, 9, 0, 9, 0, 7, 8, 6, 5, : 10, 6, 8, 9, 10, 6, 7, 9, 7, 5, 8, 7, 8, 9, 9, 9, 9, 7, 8, 6, 5, 
151: 6, 0, 5, 5, 10, 0, 0, 0, 0, 5, 8, 0, 9, 11, 4, 0, 0, 0, 0, 0, 8, 0, 0, 0, 0, 8, 9, 0, 6, 0, 0, 8, 0, 0, 0, 0, 0, 0, 8, 9, : 6, 5, 5, 10, 5, 8, 9, 11, 4, 8, 8, 9, 6, 8, 8, 9, 
8: 0, 7, 0, 0, 0, 9, 9, 6, 8, 0, 0, 8, 5, 0, 8, 0, 0, 0, 0, 8, 0, 9, 6, 0, 5, 0, 6, 8, 0, 0, 0, 6, 8, 0, 7, 6, 8, 0, 6, 0, : 7, 9, 9, 6, 8, 8, 5, 8, 8, 9, 6, 5, 6, 8, 6, 8, 7, 6, 8, 6, 
126: 5, 10, 10, 0, 10, 4, 0, 8, 7, 11, 0, 0, 0, 6, 0, 11, 8, 4, 0, 0, 0, 9, 8, 0, 9, 0, 8, 0, 0, 8, 0, 7, 9, 8, 9, 7, 0, 0, 0, 0, : 5, 10, 10, 10, 4, 8, 7, 11, 6, 11, 8, 4, 9, 8, 9, 8, 8, 7, 9, 8, 9, 7, 
15: 0, 0, 0, 8, 7, 9, 6, 6, 0, 6, 0, 10, 0, 8, 0, 0, 0, 0, 0, 7, 7, 0, 0, 6, 0, 0, 9, 0, 0, 8, 0, 9, 7, 0, 0, 0, 0, 9, 0, 8, : 8, 7, 9, 6, 6, 6, 10, 8, 7, 7, 6, 9, 8, 9, 7, 9, 8, 
75: 8, 7, 0, 0, 0, 0, 9, 0, 10, 9, 7, 0, 7, 4, 8, 0, 7, 7, 8, 0, 9, 9, 8, 0, 9, 9, 0, 0, 8, 0, 5, 0, 0, 7, 0, 0, 8, 5, 8, 9, : 8, 7, 9, 10, 9, 7, 7, 4, 8, 7, 7, 8, 9, 9, 8, 9, 9, 8, 5, 7, 8, 5, 8, 9, 
128: 5, 0, 6, 8, 7, 0, 0, 0, 0, 7, 0, 6, 0, 0, 0, 0, 0, 0, 8, 6, 6, 0, 9, 8, 8, 8, 0, 9, 8, 0, 7, 8, 5, 9, 0, 0, 5, 0, 5, 6, : 5, 6, 8, 7, 7, 6, 8, 6, 6, 9, 8, 8, 8, 9, 8, 7, 8, 5, 9, 5, 5, 6, 


186: 0, 9, 0, 8, 0, 0, 9, 6, 6, 0, 5, 8, 0, 11, 0, 6, 5, 0, 0, 8, 0, 7, 7, 7, 0, 9, 7, 7, 0, 9, 7, 0, 8, 0, 0, 0, 0, 5, 0, 7, : 9, 8, 9, 6, 6, 5, 8, 11, 6, 5, 8, 7, 7, 7, 9, 7, 7, 9, 7, 8, 5, 7, 
47: 0, 5, 6, 7, 0, 0, 8, 0, 11, 8, 0, 0, 6, 0, 0, 0, 0, 6, 7, 0, 9, 8, 8, 5, 0, 0, 0, 8, 0, 0, 0, 9, 0, 7, 8, 0, 0, 0, 7, 0, : 5, 6, 7, 8, 11, 8, 6, 6, 7, 9, 8, 8, 5, 8, 9, 7, 8, 7, 
160: 8, 5, 6, 0, 0, 4, 0, 8, 0, 4, 0, 10, 0, 7, 6, 7, 0, 0, 7, 7, 7, 0, 8, 7, 0, 8, 0, 7, 0, 0, 0, 0, 9, 9, 0, 8, 7, 0, 8, 0, : 8, 5, 6, 4, 8, 4, 10, 7, 6, 7, 7, 7, 7, 8, 7, 8, 7, 9, 9, 8, 7, 8, 
108: 0, 9, 7, 7, 0, 9, 0, 5, 8, 0, 9, 0, 4, 5, 0, 8, 6, 8, 10, 0, 0, 0, 5, 8, 0, 0, 8, 0, 7, 0, 9, 5, 0, 0, 0, 8, 0, 0, 0, 7, : 9, 7, 7, 9, 5, 8, 9, 4, 5, 8, 6, 8, 10, 5, 8, 8, 7, 9, 5, 8, 7, 
17: 0, 8, 0, 7, 4, 7, 0, 0, 0, 8, 7, 7, 8, 7, 8, 8, 9, 0, 0, 0, 8, 8, 0, 0, 0, 0, 9, 0, 8, 0, 8, 7, 7, 0, 0, 0, 0, 7, 8, 0, : 8, 7, 4, 7, 8, 7, 7, 8, 7, 8, 8, 9, 8, 8, 9, 8, 8, 7, 7, 7, 8, 
32: 9, 0, 7, 0, 0, 7, 7, 0, 0, 0, 10, 0, 0, 5, 8, 8, 11, 0, 0, 9, 0, 0, 9, 9, 9, 0, 7, 8, 0, 0, 0, 8, 0, 0, 0, 9, 8, 0, 5, 9, : 9, 7, 7, 7, 10, 5, 8, 8, 11, 9, 9, 9, 9, 7, 8, 8, 9, 8, 5, 9, 
112: 0, 8, 0, 0, 0, 8, 6, 0, 0, 0, 9, 0, 0, 0, 0, 7, 5, 0, 0, 0, 7, 0, 7, 0, 7, 0, 0, 5, 7, 7, 0, 0, 0, 0, 0, 0, 5, 0, 0, 8, : 8, 8, 6, 9, 7, 5, 7, 7, 7, 5, 7, 7, 5, 8, 
194: 0, 0, 0, 6, 0, 9, 9, 6, 5, 0, 0, 0, 9, 0, 0, 0, 0, 0, 0, 7, 0, 7, 8, 0, 0, 0, 8, 0, 0, 0, 0, 0, 8, 8, 0, 7, 9, 7, 0, 9, : 6, 9, 9, 6, 5, 9, 7, 7, 8, 8, 8, 8, 7, 9, 7, 9, 
24: 4, 0, 8, 9, 0, 8, 10, 11, 5, 6, 0, 10, 0, 0, 0, 0, 7, 0, 5, 0, 7, 0, 0, 0, 7, 9, 7, 0, 0, 7, 8, 0, 7, 9, 7, 0, 8, 8, 0, 0, : 4, 8, 9, 8, 10, 11, 5, 6, 10, 7, 5, 7, 7, 9, 7, 7, 8, 7, 9, 7, 8, 8, 
111: 9, 0, 10, 0, 0, 9, 7, 0, 0, 0, 0, 0, 0, 0, 8, 0, 0, 0, 8, 7, 7, 7, 0, 8, 7, 5, 9, 0, 8, 9, 8, 0, 5, 7, 0, 7, 9, 0, 9, 0, : 9, 10, 9, 7, 8, 8, 7, 7, 7, 8, 7, 5, 9, 8, 9, 8, 5, 7, 7, 9, 9, 
120: 9, 0, 0, 0, 7, 0, 6, 0, 0, 6, 5, 9, 9, 8, 7, 6, 10, 8, 8, 8, 5, 0, 0, 0, 0, 8, 0, 0, 8, 8, 0, 7, 0, 0, 9, 0, 0, 9, 9, 5, : 9, 7, 6, 6, 5, 9, 9, 8, 7, 6, 10, 8, 8, 8, 5, 8, 8, 8, 7, 9, 9, 9, 5, 
121: 0, 0, 0, 0, 8, 0, 0, 0, 11, 0, 0, 0, 7, 0, 9, 0, 0, 5, 9, 7, 0, 9, 0, 0, 8, 7, 0, 0, 0, 0, 0, 8, 0, 0, 5, 8, 0, 7, 0, 0, : 8, 11, 7, 9, 5, 9, 7, 9, 8, 7, 8, 5, 8, 7, 
159: 8, 7, 0, 11, 8, 0, 5, 0, 0, 0, 8, 0, 6, 10, 6, 0, 7, 10, 0, 0, 0, 0, 9, 7, 9, 0, 0, 8, 7, 0, 7, 0, 0, 5, 0, 7, 0, 0, 0, 8, : 8, 7, 11, 8, 5, 8, 6, 10, 6, 7, 10, 9, 7, 9, 8, 7, 7, 5, 7, 8, 
131: 7, 0, 0, 6, 8, 0, 0, 0, 7, 11, 0, 0, 11, 0, 8, 6, 7, 8, 0, 0, 0, 0, 0, 9, 7, 7, 0, 0, 5, 8, 0, 7, 7, 7, 9, 0, 7, 0, 0, 8, : 7, 6, 8, 7, 11, 11, 8, 6, 7, 8, 9, 7, 7, 5, 8, 7, 7, 7, 9, 7, 8, 
92: 7, 0, 7, 0, 7, 0, 0, 8, 0, 8, 0, 5, 9, 0, 0, 0, 0, 0, 6, 0, 0, 0, 7, 7, 0, 8, 7, 7, 0, 7, 0, 8, 7, 8, 7, 0, 8, 8, 7, 0, : 7, 7, 7, 8, 8, 5, 9, 6, 7, 7, 8, 7, 7, 7, 8, 7, 8, 7, 8, 8, 7, 
100: 5, 9, 10, 0, 8, 0, 0, 0, 0, 11, 0, 7, 0, 6, 0, 0, 0, 7, 8, 0, 8, 8, 0, 0, 0, 0, 5, 0, 0, 7, 5, 9, 0, 8, 7, 9, 7, 0, 7, 0, : 5, 9, 10, 8, 11, 7, 6, 7, 8, 8, 8, 5, 7, 5, 9, 8, 7, 9, 7, 7, 
66: 0, 8, 0, 4, 9, 8, 0, 9, 8, 8, 8, 4, 0, 9, 0, 9, 0, 0, 7, 8, 9, 9, 0, 0, 0, 7, 8, 9, 0, 0, 0, 0, 0, 0, 8, 7, 0, 7, 8, 7, : 8, 4, 9, 8, 9, 8, 8, 8, 4, 9, 9, 7, 8, 9, 9, 7, 8, 9, 8, 7, 7, 8, 7, 
157: 9, 7, 7, 10, 0, 0, 0, 9, 7, 0, 4, 8, 0, 0, 7, 10, 0, 7, 0, 0, 8, 5, 0, 0, 8, 0, 0, 0, 9, 0, 7, 0, 9, 7, 8, 0, 0, 8, 0, 0, : 9, 7, 7, 10, 9, 7, 4, 8, 7, 10, 7, 8, 5, 8, 9, 7, 9, 7, 8, 8, 
101: 0, 0, 0, 0, 8, 6, 0, 7, 7, 0, 10, 0, 0, 0, 8, 0, 0, 8, 0, 5, 0, 0, 7, 8, 5, 0, 0, 7, 7, 5, 9, 7, 0, 0, 0, 5, 0, 9, 0, 7, : 8, 6, 7, 7, 10, 8, 8, 5, 7, 8, 5, 7, 7, 5, 9, 7, 5, 9, 7, 
31: 0, 0, 7, 0, 8, 0, 8, 6, 0, 5, 0, 7, 6, 7, 0, 0, 8, 8, 0, 9, 0, 7, 0, 0, 8, 7, 0, 9, 9, 8, 7, 0, 8, 0, 7, 0, 7, 0, 7, 0, : 7, 8, 8, 6, 5, 7, 6, 7, 8, 8, 9, 7, 8, 7, 9, 9, 8, 7, 8, 7, 7, 7, 


165: 9, 4, 0, 6, 0, 8, 0, 7, 0, 6, 8, 0, 0, 0, 0, 0, 9, 7, 0, 9, 9, 8, 9, 9, 8, 0, 0, 0, 8, 0, 0, 0, 7, 0, 0, 0, 6, 9, 0, 9, : 9, 4, 6, 8, 7, 6, 8, 9, 7, 9, 9, 8, 9, 9, 8, 8, 7, 6, 9, 9, 
168: 8, 0, 0, 0, 0, 0, 0, 0, 8, 7, 7, 8, 6, 10, 0, 0, 6, 0, 7, 0, 8, 0, 0, 0, 8, 8, 0, 0, 0, 6, 6, 0, 8, 0, 6, 6, 7, 9, 9, 0, : 8, 8, 7, 7, 8, 6, 10, 6, 7, 8, 8, 8, 6, 6, 8, 6, 6, 7, 9, 9, 
182: 0, 0, 8, 0, 8, 6, 7, 5, 9, 0, 0, 8, 0, 9, 5, 9, 0, 8, 9, 0, 0, 0, 9, 0, 0, 9, 9, 8, 9, 8, 6, 8, 6, 6, 0, 0, 8, 0, 0, 9, : 8, 8, 6, 7, 5, 9, 8, 9, 5, 9, 8, 9, 9, 9, 9, 8, 9, 8, 6, 8, 6, 6, 8, 9, 
3: 0, 0, 9, 6, 0, 0, 10, 0, 0, 7, 0, 8, 0, 0, 9, 0, 10, 9, 0, 7, 6, 8, 0, 8, 0, 0, 0, 7, 7, 8, 0, 8, 7, 8, 9, 6, 8, 0, 0, 7, : 9, 6, 10, 7, 8, 9, 10, 9, 7, 6, 8, 8, 7, 7, 8, 8, 7, 8, 9, 6, 8, 7, 
89: 9, 10, 6, 0, 6, 10, 0, 10, 0, 0, 0, 0, 9, 0, 0, 9, 0, 0, 7, 8, 0, 0, 0, 0, 0, 0, 6, 7, 0, 6, 0, 0, 6, 7, 0, 8, 7, 6, 8, 0, : 9, 10, 6, 6, 10, 10, 9, 9, 7, 8, 6, 7, 6, 6, 7, 8, 7, 6, 8, 
97: 5, 10, 10, 0, 0, 0, 9, 0, 8, 0, 7, 6, 0, 0, 0, 7, 8, 0, 0, 0, 0, 6, 7, 0, 0, 0, 8, 6, 0, 0, 0, 0, 0, 0, 8, 0, 0, 8, 0, 8, : 5, 10, 10, 9, 8, 7, 6, 7, 8, 6, 7, 8, 6, 8, 8, 8, 
185: 0, 0, 9, 9, 5, 0, 0, 0, 6, 6, 5, 0, 0, 0, 8, 0, 0, 0, 6, 0, 7, 0, 6, 0, 7, 6, 6, 0, 0, 0, 0, 0, 0, 7, 8, 0, 0, 0, 8, 8, : 9, 9, 5, 6, 6, 5, 8, 6, 7, 6, 7, 6, 6, 7, 8, 8, 8, 
86: 6, 0, 0, 0, 10, 6, 11, 7, 8, 8, 0, 9, 0, 6, 0, 0, 0, 9, 0, 0, 0, 7, 0, 6, 6, 6, 7, 9, 7, 8, 0, 0, 0, 6, 7, 0, 7, 6, 0, 0, : 6, 10, 6, 11, 7, 8, 8, 9, 6, 9, 7, 6, 6, 6, 7, 9, 7, 8, 6, 7, 7, 6, 
63: 8, 8, 0, 5, 0, 6, 7, 6, 0, 0, 0, 0, 0, 7, 0, 10, 0, 8, 0, 0, 0, 9, 0, 0, 9, 8, 0, 6, 6, 9, 0, 7, 0, 0, 0, 7, 0, 8, 8, 0, : 8, 8, 5, 6, 7, 6, 7, 10, 8, 9, 9, 8, 6, 6, 9, 7, 7, 8, 8, 
6: 0, 11, 0, 0, 8, 6, 8, 0, 10, 11, 7, 0, 6, 0, 7, 0, 9, 6, 0, 8, 7, 7, 8, 6, 0, 7, 0, 0, 6, 7, 0, 9, 0, 0, 0, 0, 0, 0, 7, 0, : 11, 8, 6, 8, 10, 11, 7, 6, 7, 9, 6, 8, 7, 7, 8, 6, 7, 6, 7, 9, 7, 
179: 0, 0, 0, 11, 0, 8, 0, 8, 7, 10, 11, 7, 7, 7, 0, 0, 6, 0, 0, 0, 8, 0, 0, 9, 9, 7, 0, 0, 8, 0, 8, 6, 0, 9, 0, 0, 0, 7, 0, 0, : 11, 8, 8, 7, 10, 11, 7, 7, 7, 6, 8, 9, 9, 7, 8, 8, 6, 9, 7, 
79: 0, 0, 6, 9, 0, 9, 0, 0, 0, 5, 0, 11, 0, 0, 5, 5, 0, 7, 8, 7, 0, 7, 8, 0, 0, 0, 8, 8, 7, 9, 7, 0, 0, 9, 0, 0, 8, 8, 0, 0, : 6, 9, 9, 5, 11, 5, 5, 7, 8, 7, 7, 8, 8, 8, 7, 9, 7, 9, 8, 8, 
147: 0, 8, 6, 0, 6, 0, 5, 9, 7, 0, 7, 0, 11, 6, 8, 6, 9, 0, 8, 9, 6, 0, 0, 8, 0, 8, 7, 0, 0, 0, 0, 9, 9, 0, 0, 9, 9, 7, 0, 8, : 8, 6, 6, 5, 9, 7, 7, 11, 6, 8, 6, 9, 8, 9, 6, 8, 8, 7, 9, 9, 9, 9, 7, 8, 
44: 10, 5, 4, 0, 9, 0, 0, 0, 0, 0, 0, 0, 7, 0, 9, 5, 5, 0, 0, 6, 0, 0, 0, 8, 0, 0, 0, 8, 8, 0, 9, 0, 8, 0, 8, 7, 0, 0, 0, 7, : 10, 5, 4, 9, 7, 9, 5, 5, 6, 8, 8, 8, 9, 8, 8, 7, 7, 
20: 6, 0, 0, 0, 6, 0, 0, 0, 0, 0, 0, 5, 6, 0, 9, 0, 0, 0, 8, 0, 0, 0, 6, 7, 0, 7, 0, 9, 0, 0, 7, 8, 0, 0, 6, 9, 9, 0, 0, 0, : 6, 6, 5, 6, 9, 8, 6, 7, 7, 9, 7, 8, 6, 9, 9, 
13: 4, 6, 0, 10, 10, 0, 6, 6, 0, 8, 0, 0, 8, 7, 0, 8, 0, 7, 0, 6, 0, 8, 8, 7, 7, 0, 8, 0, 0, 0, 0, 7, 0, 0, 0, 0, 0, 7, 6, 0, : 4, 6, 10, 10, 6, 6, 8, 8, 7, 8, 7, 6, 8, 8, 7, 7, 8, 7, 7, 6, 
105: 10, 5, 7, 8, 0, 9, 0, 7, 6, 0, 0, 0, 8, 8, 9, 6, 6, 0, 0, 8, 9, 0, 0, 0, 7, 0, 0, 7, 9, 0, 7, 0, 0, 8, 0, 7, 0, 0, 7, 7, : 10, 5, 7, 8, 9, 7, 6, 8, 8, 9, 6, 6, 8, 9, 7, 7, 9, 7, 8, 7, 7, 7, 
26: 0, 8, 0, 4, 0, 7, 5, 10, 0, 0, 10, 7, 7, 7, 0, 0, 7, 9, 9, 0, 0, 0, 7, 0, 6, 0, 9, 0, 0, 7, 8, 7, 7, 0, 7, 0, 0, 0, 6, 6, : 8, 4, 7, 5, 10, 10, 7, 7, 7, 7, 9, 9, 7, 6, 9, 7, 8, 7, 7, 7, 6, 6, 
190: 0, 0, 10, 0, 0, 0, 0, 0, 0, 0, 7, 0, 0, 8, 6, 10, 0, 0, 6, 7, 8, 9, 0, 0, 8, 9, 7, 0, 0, 7, 8, 6, 9, 8, 9, 8, 6, 0, 9, 6, : 10, 7, 8, 6, 10, 6, 7, 8, 9, 8, 9, 7, 7, 8, 6, 9, 8, 9, 8, 6, 9, 6, 
161: 0, 0, 0, 7, 7, 0, 7, 0, 6, 7, 6, 6, 0, 0, 0, 0, 0, 5, 7, 0, 7, 6, 7, 7, 0, 0, 0, 0, 0, 0, 9, 0, 8, 7, 7, 8, 0, 0, 7, 0, : 7, 7, 7, 6, 7, 6, 6, 5, 7, 7, 6, 7, 7, 9, 8, 7, 7, 8, 7, 


27: 7, 0, 6, 7, 6, 0, 0, 10, 0, 5, 6, 0, 0, 0, 0, 5, 0, 6, 7, 8, 0, 7, 6, 8, 0, 0, 0, 8, 7, 7, 8, 6, 8, 7, 9, 8, 9, 7, 7, 8, : 7, 6, 7, 6, 10, 5, 6, 5, 6, 7, 8, 7, 6, 8, 8, 7, 7, 8, 6, 8, 7, 9, 8, 9, 7, 7, 8, 
80: 7, 0, 0, 0, 5, 5, 9, 10, 0, 10, 0, 8, 0, 0, 5, 4, 0, 5, 8, 0, 8, 0, 0, 6, 0, 0, 9, 0, 7, 0, 0, 0, 0, 0, 0, 8, 0, 0, 7, 7, : 7, 5, 5, 9, 10, 10, 8, 5, 4, 5, 8, 8, 6, 9, 7, 8, 7, 7, 
171: 10, 0, 0, 8, 9, 0, 8, 7, 8, 0, 0, 0, 8, 8, 0, 5, 9, 8, 7, 0, 0, 0, 0, 7, 0, 0, 8, 8, 6, 8, 7, 0, 8, 0, 7, 0, 0, 8, 0, 0, : 10, 8, 9, 8, 7, 8, 8, 8, 5, 9, 8, 7, 7, 8, 8, 6, 8, 7, 8, 7, 8, 
19: 0, 0, 6, 5, 5, 0, 5, 7, 7, 0, 5, 0, 0, 7, 0, 0, 0, 8, 8, 0, 7, 7, 0, 0, 0, 8, 0, 7, 0, 0, 0, 8, 8, 0, 0, 0, 8, 8, 9, 0, : 6, 5, 5, 5, 7, 7, 5, 7, 8, 8, 7, 7, 8, 7, 8, 8, 8, 8, 9, 
162: 0, 7, 7, 0, 0, 0, 0, 0, 7, 8, 0, 10, 5, 0, 9, 8, 5, 7, 0, 7, 0, 0, 9, 9, 9, 6, 0, 0, 0, 9, 0, 8, 0, 0, 0, 0, 8, 0, 7, 8, : 7, 7, 7, 8, 10, 5, 9, 8, 5, 7, 7, 9, 9, 9, 6, 9, 8, 8, 7, 8, 
28: 7, 0, 7, 6, 0, 10, 8, 0, 0, 10, 11, 6, 0, 0, 7, 0, 0, 0, 5, 0, 0, 8, 0, 7, 8, 7, 0, 0, 0, 0, 0, 0, 9, 0, 8, 0, 0, 9, 8, 7, : 7, 7, 6, 10, 8, 10, 11, 6, 7, 5, 8, 7, 8, 7, 9, 8, 9, 8, 7, 
96: 8, 0, 0, 9, 0, 7, 0, 9, 0, 7, 9, 0, 7, 7, 8, 0, 0, 0, 0, 6, 8, 7, 7, 8, 0, 0, 0, 7, 7, 0, 7, 9, 0, 0, 8, 0, 0, 0, 0, 9, : 8, 9, 7, 9, 7, 9, 7, 7, 8, 6, 8, 7, 7, 8, 7, 7, 7, 9, 8, 9, 
81: 0, 9, 0, 0, 8, 0, 0, 4, 0, 0, 5, 8, 5, 0, 0, 0, 5, 9, 10, 0, 0, 0, 8, 7, 7, 0, 8, 0, 8, 0, 0, 0, 0, 0, 8, 0, 0, 8, 0, 0, : 9, 8, 4, 5, 8, 5, 5, 9, 10, 8, 7, 7, 8, 8, 8, 8, 
104: 0, 10, 0, 0, 0, 10, 4, 8, 0, 0, 0, 10, 8, 6, 0, 0, 0, 6, 7, 0, 6, 8, 7, 0, 6, 9, 0, 0, 0, 0, 8, 0, 7, 8, 0, 7, 7, 6, 0, 6, : 10, 10, 4, 8, 10, 8, 6, 6, 7, 6, 8, 7, 6, 9, 8, 7, 8, 7, 7, 6, 6, 
153: 0, 6, 0, 5, 0, 0, 10, 0, 0, 0, 0, 8, 0, 0, 0, 9, 9, 0, 0, 8, 7, 6, 0, 0, 8, 8, 7, 7, 0, 8, 7, 0, 0, 7, 0, 7, 8, 0, 8, 0, : 6, 5, 10, 8, 9, 9, 8, 7, 6, 8, 8, 7, 7, 8, 7, 7, 7, 8, 8, 
62: 7, 7, 0, 0, 6, 7, 7, 8, 5, 6, 6, 7, 7, 0, 0, 0, 8, 9, 0, 7, 8, 8, 7, 0, 7, 0, 0, 8, 0, 8, 0, 0, 7, 8, 6, 9, 7, 0, 6, 7, : 7, 7, 6, 7, 7, 8, 5, 6, 6, 7, 7, 8, 9, 7, 8, 8, 7, 7, 8, 8, 7, 8, 6, 9, 7, 6, 7, 
170: 0, 0, 8, 0, 10, 0, 0, 0, 8, 7, 0, 0, 0, 6, 0, 10, 11, 0, 0, 9, 7, 9, 0, 8, 0, 7, 7, 6, 8, 0, 0, 0, 0, 0, 0, 0, 0, 8, 8, 8, : 8, 10, 8, 7, 6, 10, 11, 9, 7, 9, 8, 7, 7, 6, 8, 8, 8, 8, 
77: 7, 0, 9, 8, 0, 0, 0, 0, 8, 0, 8, 0, 0, 9, 8, 0, 8, 0, 0, 0, 8, 0, 0, 0, 0, 0, 0, 8, 8, 7, 6, 7, 0, 8, 7, 7, 0, 0, 0, 0, : 7, 9, 8, 8, 8, 9, 8, 8, 8, 8, 8, 7, 6, 7, 8, 7, 7, 
85: 0, 8, 8, 8, 9, 0, 9, 0, 9, 0, 0, 8, 0, 8, 8, 10, 5, 0, 0, 8, 9, 0, 8, 0, 8, 0, 6, 9, 9, 0, 7, 7, 0, 8, 0, 6, 0, 0, 0, 8, : 8, 8, 8, 9, 9, 9, 8, 8, 8, 10, 5, 8, 9, 8, 8, 6, 9, 9, 7, 7, 8, 6, 8, 
39: 0, 7, 0, 0, 9, 10, 0, 0, 0, 0, 8, 0, 0, 0, 8, 8, 0, 0, 0, 0, 0, 0, 7, 7, 0, 8, 7, 0, 8, 7, 0, 0, 7, 0, 0, 7, 6, 0, 0, 0, : 7, 9, 10, 8, 8, 8, 7, 7, 8, 7, 8, 7, 7, 7, 6, 
2: 7, 0, 0, 11, 0, 6, 0, 0, 6, 0, 0, 0, 10, 8, 7, 5, 0, 7, 8, 0, 7, 0, 8, 8, 0, 7, 0, 7, 0, 8, 0, 0, 7, 7, 0, 0, 0, 0, 0, 0, : 7, 11, 6, 6, 10, 8, 7, 5, 7, 8, 7, 8, 8, 7, 7, 8, 7, 7, 
29: 0, 7, 9, 0, 8, 0, 0, 0, 8, 7, 0, 5, 9, 0, 7, 0, 0, 10, 7, 7, 0, 7, 8, 0, 7, 8, 8, 0, 7, 0, 8, 8, 0, 0, 7, 0, 0, 7, 0, 0, : 7, 9, 8, 8, 7, 5, 9, 7, 10, 7, 7, 7, 8, 7, 8, 8, 7, 8, 8, 7, 7, 
107: 7, 7, 0, 8, 0, 7, 0, 7, 9, 0, 0, 0, 9, 8, 0, 0, 0, 0, 8, 0, 0, 0, 0, 0, 7, 0, 8, 0, 0, 0, 8, 7, 6, 6, 7, 0, 7, 0, 7, 7, : 7, 7, 8, 7, 7, 9, 9, 8, 8, 7, 8, 8, 7, 6, 6, 7, 7, 7, 7, 
106: 0, 0, 8, 0, 0, 8, 6, 5, 0, 8, 7, 0, 0, 0, 8, 0, 11, 0, 0, 7, 0, 8, 0, 0, 8, 0, 0, 0, 0, 6, 0, 7, 8, 7, 0, 8, 8, 7, 8, 0, : 8, 8, 6, 5, 8, 7, 8, 11, 7, 8, 8, 6, 7, 8, 7, 8, 8, 7, 8, 
1: 8, 7, 7, 0, 0, 5, 9, 0, 0, 7, 10, 5, 7, 8, 0, 11, 4, 0, 0, 8, 0, 0, 0, 0, 0, 7, 7, 0, 0, 7, 9, 8, 0, 9, 8, 8, 7, 7, 0, 0, : 8, 7, 7, 5, 9, 7, 10, 5, 7, 8, 11, 4, 8, 7, 7, 7, 9, 8, 9, 8, 8, 7, 7, 


135: 0, 8, 8, 0, 0, 7, 10, 0, 0, 11, 7, 0, 0, 0, 9, 5, 8, 6, 7, 0, 0, 0, 6, 0, 0, 0, 6, 0, 0, 8, 6, 8, 8, 7, 8, 8, 0, 0, 7, 6, : 8, 8, 7, 10, 11, 7, 9, 5, 8, 6, 7, 6, 6, 8, 6, 8, 8, 7, 8, 8, 7, 6, 
146: 6, 10, 0, 7, 7, 6, 7, 8, 7, 0, 6, 10, 0, 0, 0, 6, 6, 10, 0, 0, 8, 9, 8, 6, 6, 0, 8, 9, 0, 0, 8, 9, 0, 0, 0, 0, 8, 0, 0, 0, : 6, 10, 7, 7, 6, 7, 8, 7, 6, 10, 6, 6, 10, 8, 9, 8, 6, 6, 8, 9, 8, 9, 8, 
34: 0, 6, 7, 0, 0, 0, 0, 7, 5, 0, 10, 0, 6, 0, 10, 0, 0, 0, 0, 0, 0, 8, 0, 0, 0, 0, 6, 0, 6, 6, 8, 8, 0, 0, 0, 8, 7, 6, 0, 8, : 6, 7, 7, 5, 10, 6, 10, 8, 6, 6, 6, 8, 8, 8, 7, 6, 8, 
25: 9, 6, 0, 8, 7, 11, 0, 6, 0, 6, 8, 0, 0, 9, 0, 0, 9, 8, 7, 0, 8, 6, 0, 0, 8, 0, 0, 8, 9, 0, 9, 0, 0, 6, 9, 7, 9, 0, 8, 0, : 9, 6, 8, 7, 11, 6, 6, 8, 9, 9, 8, 7, 8, 6, 8, 8, 9, 9, 6, 9, 7, 9, 8, 
142: 6, 0, 7, 7, 0, 0, 0, 7, 10, 0, 0, 0, 6, 0, 6, 0, 0, 0, 7, 6, 6, 8, 8, 0, 6, 8, 6, 8, 9, 9, 0, 6, 6, 6, 0, 8, 0, 6, 6, 6, : 6, 7, 7, 7, 10, 6, 6, 7, 6, 6, 8, 8, 6, 8, 6, 8, 9, 9, 6, 6, 6, 8, 6, 6, 6, 
5: 6, 0, 7, 0, 10, 10, 8, 7, 0, 6, 0, 0, 0, 7, 0, 0, 0, 0, 0, 9, 0, 9, 6, 0, 9, 0, 0, 0, 0, 9, 0, 8, 0, 9, 9, 0, 0, 0, 0, 8, : 6, 7, 10, 10, 8, 7, 6, 7, 9, 9, 6, 9, 9, 8, 9, 9, 8, 
40: 9, 8, 6, 0, 0, 8, 0, 0, 0, 11, 0, 9, 8, 10, 0, 0, 0, 0, 0, 6, 0, 6, 9, 6, 0, 7, 0, 8, 8, 8, 0, 8, 8, 0, 0, 0, 8, 0, 0, 0, : 9, 8, 6, 8, 11, 9, 8, 10, 6, 6, 9, 6, 7, 8, 8, 8, 8, 8, 8, 
46: 8, 8, 7, 5, 0, 8, 7, 0, 0, 9, 0, 7, 0, 0, 8, 8, 5, 9, 0, 0, 9, 0, 0, 8, 6, 6, 0, 0, 8, 0, 6, 9, 7, 8, 0, 0, 0, 0, 8, 0, : 8, 8, 7, 5, 8, 7, 9, 7, 8, 8, 5, 9, 9, 8, 6, 6, 8, 6, 9, 7, 8, 8, 
174: 0, 0, 0, 6, 6, 0, 7, 0, 0, 6, 6, 0, 0, 7, 0, 0, 0, 0, 6, 10, 8, 0, 0, 0, 8, 9, 9, 0, 8, 7, 7, 0, 6, 0, 6, 0, 8, 8, 6, 0, : 6, 6, 7, 6, 6, 7, 6, 10, 8, 8, 9, 9, 8, 7, 7, 6, 6, 8, 8, 6, 
36: 0, 0, 9, 0, 4, 6, 11, 7, 8, 6, 0, 8, 9, 9, 7, 0, 9, 6, 0, 8, 0, 0, 8, 8, 8, 0, 9, 0, 8, 0, 8, 0, 0, 8, 6, 8, 6, 8, 0, 7, : 9, 4, 6, 11, 7, 8, 6, 8, 9, 9, 7, 9, 6, 8, 8, 8, 8, 9, 8, 8, 8, 6, 8, 6, 8, 7, 
109: 9, 7, 0, 0, 7, 0, 5, 0, 8, 0, 0, 6, 10, 0, 0, 0, 0, 0, 0, 0, 7, 6, 6, 9, 0, 0, 0, 0, 6, 8, 8, 0, 8, 6, 0, 0, 6, 0, 8, 0, : 9, 7, 7, 5, 8, 6, 10, 7, 6, 6, 9, 6, 8, 8, 8, 6, 6, 8, 
197: 0, 0, 0, 7, 10, 6, 0, 0, 8, 0, 8, 7, 0, 0, 9, 8, 0, 8, 10, 7, 0, 0, 0, 6, 9, 8, 0, 9, 6, 6, 0, 0, 8, 8, 0, 6, 0, 8, 0, 8, : 7, 10, 6, 8, 8, 7, 9, 8, 8, 10, 7, 6, 9, 8, 9, 6, 6, 8, 8, 6, 8, 8, 
76: 8, 8, 0, 9, 0, 0, 9, 8, 0, 0, 0, 0, 0, 5, 0, 4, 4, 6, 9, 0, 0, 0, 9, 8, 7, 0, 0, 0, 0, 6, 6, 0, 9, 0, 6, 0, 0, 8, 9, 6, : 8, 8, 9, 9, 8, 5, 4, 4, 6, 9, 9, 8, 7, 6, 6, 9, 6, 8, 9, 6, 
68: 0, 0, 0, 0, 0, 0, 5, 6, 10, 6, 0, 0, 0, 6, 6, 0, 8, 0, 0, 8, 0, 8, 0, 0, 8, 6, 8, 6, 0, 0, 0, 0, 0, 0, 8, 9, 0, 6, 0, 0, : 5, 6, 10, 6, 6, 6, 8, 8, 8, 8, 6, 8, 6, 8, 9, 6, 
52: 0, 0, 11, 10, 0, 0, 0, 0, 7, 0, 6, 8, 5, 7, 0, 9, 0, 0, 8, 0, 0, 7, 0, 0, 0, 9, 8, 0, 0, 0, 0, 0, 0, 0, 7, 0, 8, 0, 0, 9, : 11, 10, 7, 6, 8, 5, 7, 9, 8, 7, 9, 8, 7, 8, 9, 
56: 9, 0, 0, 7, 8, 0, 0, 0, 5, 8, 0, 9, 10, 0, 0, 9, 0, 6, 6, 0, 0, 0, 7, 7, 0, 8, 0, 6, 0, 0, 9, 6, 0, 0, 0, 0, 0, 0, 6, 0, : 9, 7, 8, 5, 8, 9, 10, 9, 6, 6, 7, 7, 8, 6, 9, 6, 6, 
98: 0, 0, 6, 9, 0, 0, 0, 8, 0, 0, 0, 0, 5, 9, 0, 10, 11, 9, 8, 0, 7, 0, 0, 0, 0, 6, 0, 7, 7, 8, 0, 6, 6, 0, 8, 0, 9, 9, 8, 8, : 6, 9, 8, 5, 9, 10, 11, 9, 8, 7, 6, 7, 7, 8, 6, 6, 8, 9, 9, 8, 8, 
117: 0, 9, 7, 0, 9, 9, 0, 0, 7, 6, 8, 0, 9, 0, 6, 6, 0, 0, 0, 7, 6, 0, 0, 8, 0, 0, 7, 8, 0, 0, 0, 0, 9, 0, 0, 9, 0, 0, 0, 9, : 9, 7, 9, 9, 7, 6, 8, 9, 6, 6, 7, 6, 8, 7, 8, 9, 9, 9, 
167: 0, 0, 0, 0, 7, 0, 6, 0, 0, 0, 10, 6, 0, 6, 6, 0, 5, 0, 7, 7, 9, 0, 0, 9, 0, 0, 8, 6, 0, 0, 0, 0, 0, 8, 0, 6, 0, 7, 0, 0, : 7, 6, 10, 6, 6, 6, 5, 7, 7, 9, 9, 8, 6, 8, 6, 7, 
149: 5, 5, 0, 0, 0, 4, 0, 11, 0, 0, 6, 5, 7, 0, 8, 10, 10, 7, 0, 7, 7, 8, 8, 0, 0, 8, 0, 0, 0, 0, 0, 7, 0, 9, 8, 6, 6, 9, 9, 0, : 5, 5, 4, 11, 6, 5, 7, 8, 10, 10, 7, 7, 7, 8, 8, 8, 7, 9, 8, 6, 6, 9, 9, 


198: 0, 9, 0, 0, 0, 0, 0, 9, 8, 0, 0, 0, 0, 0, 6, 0, 0, 0, 8, 8, 0, 8, 7, 8, 8, 8, 0, 9, 8, 6, 0, 0, 9, 8, 8, 0, 7, 6, 0, 8, : 9, 9, 8, 6, 8, 8, 8, 7, 8, 8, 8, 9, 8, 6, 9, 8, 8, 7, 6, 8, 
51: 0, 0, 8, 7, 7, 0, 0, 0, 0, 10, 8, 0, 6, 0, 11, 0, 0, 0, 0, 0, 9, 0, 6, 8, 0, 0, 6, 8, 8, 0, 0, 7, 0, 7, 0, 0, 8, 8, 7, 0, : 8, 7, 7, 10, 8, 6, 11, 9, 6, 8, 6, 8, 8, 7, 7, 8, 8, 7, 
177: 0, 7, 0, 0, 0, 0, 0, 8, 0, 0, 0, 0, 0, 0, 0, 0, 0, 0, 7, 9, 0, 6, 0, 7, 7, 0, 0, 0, 0, 0, 0, 8, 0, 0, 8, 9, 6, 7, 0, 8, : 7, 8, 7, 9, 6, 7, 7, 8, 8, 9, 6, 7, 8, 
164: 6, 8, 8, 5, 8, 0, 10, 9, 0, 0, 9, 0, 0, 6, 7, 0, 7, 0, 0, 8, 8, 8, 7, 0, 0, 0, 0, 0, 6, 0, 6, 0, 0, 0, 0, 8, 8, 0, 6, 8, : 6, 8, 8, 5, 8, 10, 9, 9, 6, 7, 7, 8, 8, 8, 7, 6, 6, 8, 8, 6, 8, 
50: 0, 0, 0, 0, 0, 9, 0, 9, 0, 8, 0, 0, 6, 6, 0, 0, 0, 6, 0, 8, 0, 0, 0, 0, 0, 0, 0, 0, 0, 0, 8, 9, 6, 9, 8, 8, 0, 0, 8, 6, : 9, 9, 8, 6, 6, 6, 8, 8, 9, 6, 9, 8, 8, 8, 6, 
43: 7, 7, 6, 10, 0, 9, 8, 7, 10, 8, 0, 7, 0, 7, 0, 8, 0, 9, 7, 8, 7, 7, 8, 6, 9, 0, 8, 7, 0, 0, 0, 7, 0, 0, 0, 6, 0, 8, 8, 7, : 7, 7, 6, 10, 9, 8, 7, 10, 8, 7, 7, 8, 9, 7, 8, 7, 7, 8, 6, 9, 8, 7, 7, 6, 8, 8, 7, 
30: 0, 8, 9, 10, 0, 4, 0, 0, 0, 0, 7, 7, 8, 0, 0, 9, 7, 7, 8, 6, 8, 0, 9, 7, 8, 0, 0, 7, 6, 8, 8, 0, 7, 0, 8, 7, 9, 0, 0, 0, : 8, 9, 10, 4, 7, 7, 8, 9, 7, 7, 8, 6, 8, 9, 7, 8, 7, 6, 8, 8, 7, 8, 7, 9, 
58: 0, 6, 0, 8, 6, 0, 6, 0, 5, 10, 0, 0, 0, 0, 0, 5, 7, 0, 0, 0, 0, 8, 8, 9, 0, 9, 0, 0, 0, 0, 7, 8, 0, 8, 0, 7, 0, 0, 7, 0, : 6, 8, 6, 6, 5, 10, 5, 7, 8, 8, 9, 9, 7, 8, 8, 7, 7, 
10: 7, 0, 8, 5, 6, 7, 7, 0, 0, 8, 0, 8, 7, 8, 0, 0, 9, 8, 7, 0, 0, 0, 6, 0, 0, 8, 7, 8, 0, 8, 0, 0, 8, 0, 0, 0, 0, 8, 0, 0, : 7, 8, 5, 6, 7, 7, 8, 8, 7, 8, 9, 8, 7, 6, 8, 7, 8, 8, 8, 8, 
193: 8, 7, 0, 0, 0, 7, 6, 0, 10, 5, 0, 8, 0, 0, 6, 8, 0, 0, 8, 8, 8, 6, 0, 0, 6, 0, 0, 0, 7, 0, 6, 8, 8, 8, 0, 0, 0, 0, 0, 0, : 8, 7, 7, 6, 10, 5, 8, 6, 8, 8, 8, 8, 6, 6, 7, 6, 8, 8, 8, 
21: 6, 0, 9, 0, 10, 7, 8, 6, 0, 0, 8, 7, 0, 6, 0, 0, 0, 0, 0, 7, 7, 8, 8, 6, 0, 7, 6, 6, 9, 0, 8, 0, 0, 8, 7, 6, 8, 6, 0, 8, : 6, 9, 10, 7, 8, 6, 8, 7, 6, 7, 7, 8, 8, 6, 7, 6, 6, 9, 8, 8, 7, 6, 8, 6, 8, 
180: 9, 0, 0, 7, 10, 0, 7, 8, 0, 7, 8, 5, 7, 11, 11, 0, 0, 5, 0, 0, 0, 0, 0, 8, 0, 6, 0, 0, 0, 0, 9, 0, 8, 8, 8, 0, 0, 0, 0, 0, : 9, 7, 10, 7, 8, 7, 8, 5, 7, 11, 11, 5, 8, 6, 9, 8, 8, 8, 
33: 0, 0, 0, 0, 0, 9, 0, 7, 7, 0, 8, 9, 7, 8, 0, 0, 0, 7, 0, 0, 8, 0, 0, 8, 8, 8, 8, 8, 8, 7, 0, 0, 6, 7, 0, 8, 0, 0, 0, 0, : 9, 7, 7, 8, 9, 7, 8, 7, 8, 8, 8, 8, 8, 8, 8, 7, 6, 7, 8, 
18: 8, 9, 0, 0, 6, 0, 0, 0, 0, 0, 6, 0, 0, 8, 7, 7, 8, 9, 9, 0, 8, 0, 0, 8, 6, 6, 7, 6, 8, 0, 0, 6, 0, 0, 0, 0, 0, 0, 8, 8, : 8, 9, 6, 6, 8, 7, 7, 8, 9, 9, 8, 8, 6, 6, 7, 6, 8, 6, 8, 8, 
192: 0, 0, 5, 5, 0, 0, 0, 0, 8, 0, 0, 8, 0, 0, 8, 10, 9, 8, 0, 7, 6, 0, 0, 0, 7, 7, 8, 0, 8, 7, 8, 0, 8, 6, 0, 8, 6, 9, 6, 6, : 5, 5, 8, 8, 8, 10, 9, 8, 7, 6, 7, 7, 8, 8, 7, 8, 8, 6, 8, 6, 9, 6, 6, 
94: 9, 0, 7, 0, 4, 0, 8, 5, 7, 8, 5, 9, 0, 0, 6, 8, 8, 8, 7, 6, 0, 7, 0, 0, 8, 8, 9, 8, 0, 8, 0, 8, 0, 0, 0, 8, 8, 0, 0, 9, : 9, 7, 4, 8, 5, 7, 8, 5, 9, 6, 8, 8, 8, 7, 6, 7, 8, 8, 9, 8, 8, 8, 8, 8, 9, 
183: 0, 0, 0, 7, 0, 9, 6, 0, 6, 5, 10, 0, 9, 0, 0, 8, 10, 8, 0, 0, 0, 0, 0, 0, 0, 0, 0, 0, 7, 9, 7, 0, 8, 6, 9, 0, 0, 7, 8, 7, : 7, 9, 6, 6, 5, 10, 9, 8, 10, 8, 7, 9, 7, 8, 6, 9, 7, 8, 7, 
22: 8, 8, 9, 0, 11, 0, 0, 0, 7, 0, 6, 0, 8, 9, 5, 5, 5, 0, 8, 0, 0, 0, 8, 0, 8, 0, 0, 0, 0, 6, 0, 0, 7, 0, 6, 0, 8, 8, 9, 0, : 8, 8, 9, 11, 7, 6, 8, 9, 5, 5, 5, 8, 8, 8, 6, 7, 6, 8, 8, 9, 
48: 0, 0, 6, 11, 0, 6, 9, 0, 7, 6, 0, 0, 9, 0, 0, 7, 0, 0, 6, 0, 6, 8, 0, 0, 0, 8, 8, 8, 0, 8, 8, 8, 0, 0, 6, 0, 0, 8, 8, 0, : 6, 11, 6, 9, 7, 6, 9, 7, 6, 6, 8, 8, 8, 8, 8, 8, 8, 6, 8, 8, 
72: 7, 6, 0, 0, 7, 8, 0, 7, 0, 0, 0, 7, 8, 6, 8, 0, 5, 0, 0, 0, 0, 9, 8, 0, 0, 0, 8, 0, 0, 8, 0, 6, 0, 0, 7, 0, 7, 0, 0, 0, : 7, 6, 7, 8, 7, 7, 8, 6, 8, 5, 9, 8, 8, 8, 6, 7, 7, 


69: 9, 0, 0, 0, 0, 8, 8, 5, 7, 7, 10, 7, 9, 0, 0, 0, 0, 7, 0, 8, 0, 8, 0, 8, 0, 0, 0, 8, 9, 0, 0, 7, 8, 0, 8, 8, 0, 6, 0, 8, : 9, 8, 8, 5, 7, 7, 10, 7, 9, 7, 8, 8, 8, 8, 9, 7, 8, 8, 8, 6, 8, 
141: 6, 9, 0, 6, 0, 0, 7, 9, 0, 8, 0, 0, 8, 0, 8, 0, 8, 0, 8, 6, 6, 7, 8, 7, 0, 0, 8, 0, 0, 0, 0, 0, 8, 0, 6, 0, 6, 0, 8, 0, : 6, 9, 6, 7, 9, 8, 8, 8, 8, 8, 6, 6, 7, 8, 7, 8, 8, 6, 6, 8, 
137: 0, 0, 0, 7, 10, 7, 8, 0, 10, 10, 0, 0, 6, 6, 5, 5, 0, 0, 0, 0, 7, 0, 0, 0, 0, 8, 0, 7, 0, 7, 0, 9, 0, 7, 7, 0, 0, 8, 0, 7, : 7, 10, 7, 8, 10, 10, 6, 6, 5, 5, 7, 8, 7, 7, 9, 7, 7, 8, 7, 
156: 0, 0, 7, 0, 0, 0, 0, 0, 4, 7, 0, 0, 0, 11, 4, 0, 7, 9, 7, 7, 0, 7, 0, 6, 6, 0, 6, 7, 8, 0, 8, 0, 0, 8, 0, 0, 0, 7, 8, 0, : 7, 4, 7, 11, 4, 7, 9, 7, 7, 7, 6, 6, 6, 7, 8, 8, 8, 7, 8, 
82: 10, 0, 0, 8, 7, 0, 0, 9, 10, 0, 0, 0, 0, 0, 0, 0, 11, 0, 0, 0, 8, 8, 7, 8, 9, 8, 8, 0, 0, 0, 0, 6, 8, 0, 0, 7, 0, 0, 6, 0, : 10, 8, 7, 9, 10, 11, 8, 8, 7, 8, 9, 8, 8, 6, 8, 7, 6, 
74: 0, 0, 9, 9, 9, 7, 9, 9, 0, 0, 7, 4, 0, 8, 11, 7, 0, 0, 0, 8, 0, 0, 7, 0, 0, 8, 7, 0, 8, 8, 8, 0, 7, 6, 0, 0, 0, 0, 7, 8, : 9, 9, 9, 7, 9, 9, 7, 4, 8, 11, 7, 8, 7, 8, 7, 8, 8, 8, 7, 6, 7, 8, 
23: 0, 10, 0, 0, 0, 8, 0, 0, 5, 0, 0, 0, 0, 0, 0, 0, 5, 0, 8, 8, 0, 9, 8, 8, 0, 6, 8, 6, 8, 0, 0, 6, 8, 0, 0, 0, 8, 8, 0, 6, : 10, 8, 5, 5, 8, 8, 9, 8, 8, 6, 8, 6, 8, 6, 8, 8, 8, 6, 
132: 0, 0, 9, 4, 0, 9, 0, 0, 0, 0, 0, 7, 8, 0, 11, 9, 5, 6, 6, 0, 0, 0, 9, 7, 8, 9, 7, 6, 0, 0, 0, 8, 8, 0, 8, 7, 8, 0, 8, 8, : 9, 4, 9, 7, 8, 11, 9, 5, 6, 6, 9, 7, 8, 9, 7, 6, 8, 8, 8, 7, 8, 8, 8, 
7: 0, 9, 9, 0, 5, 0, 10, 0, 8, 7, 5, 7, 9, 10, 0, 0, 0, 0, 0, 0, 7, 0, 6, 0, 0, 8, 6, 8, 0, 0, 6, 8, 0, 7, 0, 0, 0, 0, 0, 8, : 9, 9, 5, 10, 8, 7, 5, 7, 9, 10, 7, 6, 8, 6, 8, 6, 8, 7, 8, 
102: 0, 7, 0, 0, 0, 0, 0, 8, 0, 8, 8, 6, 8, 0, 0, 0, 6, 6, 0, 0, 9, 0, 0, 0, 7, 0, 8, 0, 0, 0, 9, 0, 0, 9, 8, 0, 8, 0, 8, 0, : 7, 8, 8, 8, 6, 8, 6, 6, 9, 7, 8, 9, 9, 8, 8, 8, 
65: 9, 7, 6, 9, 8, 9, 0, 8, 0, 6, 7, 8, 5, 5, 0, 7, 7, 7, 0, 6, 0, 6, 0, 0, 8, 0, 0, 9, 0, 7, 8, 7, 0, 6, 9, 0, 7, 6, 0, 7, : 9, 7, 6, 9, 8, 9, 8, 6, 7, 8, 5, 5, 7, 7, 7, 6, 6, 8, 9, 7, 8, 7, 6, 9, 7, 6, 7, 
71: 8, 0, 8, 0, 6, 0, 5, 0, 0, 0, 0, 0, 0, 0, 0, 6, 0, 9, 8, 0, 0, 0, 0, 0, 0, 0, 0, 0, 0, 8, 8, 0, 6, 0, 7, 0, 9, 0, 0, 0, : 8, 8, 6, 5, 6, 9, 8, 8, 8, 6, 7, 9, 
195: 5, 7, 0, 8, 0, 0, 9, 0, 8, 0, 5, 8, 5, 6, 0, 11, 10, 9, 6, 0, 0, 8, 0, 0, 0, 0, 0, 0, 8, 8, 6, 0, 9, 8, 0, 8, 6, 0, 8, 0, : 5, 7, 8, 9, 8, 5, 8, 5, 6, 11, 10, 9, 6, 8, 8, 8, 6, 9, 8, 8, 6, 8, 
103: 0, 0, 8, 8, 5, 5, 5, 0, 7, 0, 0, 0, 7, 9, 11, 4, 0, 6, 7, 0, 6, 8, 0, 0, 6, 6, 0, 0, 6, 0, 8, 0, 7, 0, 8, 9, 0, 8, 6, 8, : 8, 8, 5, 5, 5, 7, 7, 9, 11, 4, 6, 7, 6, 8, 6, 6, 6, 8, 7, 8, 9, 8, 6, 8, 
134: 8, 0, 0, 0, 0, 5, 6, 0, 0, 0, 11, 0, 0, 5, 0, 11, 7, 10, 8, 0, 0, 0, 8, 0, 7, 8, 0, 8, 6, 9, 0, 8, 0, 8, 0, 8, 8, 9, 0, 0, : 8, 5, 6, 11, 5, 11, 7, 10, 8, 8, 7, 8, 8, 6, 9, 8, 8, 8, 8, 9, 
12: 7, 0, 6, 0, 0, 0, 8, 10, 0, 5, 0, 11, 0, 5, 5, 11, 0, 0, 0, 7, 0, 0, 0, 8, 8, 0, 0, 8, 8, 8, 7, 0, 0, 8, 0, 0, 0, 8, 0, 0, : 7, 6, 8, 10, 5, 11, 5, 5, 11, 7, 8, 8, 8, 8, 8, 7, 8, 8, 
140: 5, 5, 0, 0, 8, 0, 0, 0, 0, 0, 8, 7, 0, 0, 11, 0, 0, 0, 0, 8, 8, 0, 8, 9, 8, 0, 8, 0, 0, 6, 0, 8, 0, 0, 6, 6, 0, 0, 9, 0, : 5, 5, 8, 8, 7, 11, 8, 8, 8, 9, 8, 8, 6, 8, 6, 6, 9, 
144: 0, 7, 8, 10, 0, 8, 0, 5, 8, 10, 8, 10, 10, 0, 4, 0, 9, 0, 9, 8, 8, 0, 8, 8, 0, 7, 0, 0, 7, 6, 7, 0, 0, 0, 8, 8, 7, 7, 0, 9, : 7, 8, 10, 8, 5, 8, 10, 8, 10, 10, 4, 9, 9, 8, 8, 8, 8, 7, 7, 6, 7, 8, 8, 7, 7, 9, 
130: 0, 9, 5, 6, 9, 0, 0, 5, 0, 7, 0, 0, 0, 10, 5, 0, 0, 6, 0, 0, 8, 6, 0, 0, 0, 7, 0, 8, 7, 0, 0, 8, 0, 8, 0, 6, 8, 0, 0, 6, : 9, 5, 6, 9, 5, 7, 10, 5, 6, 8, 6, 7, 8, 7, 8, 8, 6, 8, 6, 
178: 8, 5, 0, 0, 8, 9, 0, 7, 8, 0, 6, 0, 0, 0, 0, 4, 0, 0, 8, 9, 8, 8, 6, 6, 8, 0, 9, 0, 0, 8, 0, 0, 6, 0, 0, 8, 0, 8, 7, 0, : 8, 5, 8, 9, 7, 8, 6, 4, 8, 9, 8, 8, 6, 6, 8, 9, 8, 6, 8, 8, 7, 


