
120
120
450
1

93: 7, 0, 7, 0, 6, 0, 9, 11, 8, 6, 6, 8, 8, 0, 9, 0, 9, 7, 0, 0, 7, 0, 0, 8, 0, 0, 8, 0, 0, 7, 0, 8, 9, 9, 0, 0, 0, 7, 8, 6, 0, 8, 0, 8, 0, 7, 7, 0, 0, 0, 0, 0, 0, 0, 0, 7, 0, 8, 6, 0, 7, 0, 0, 9, 8, 0, 0, 7, 6, 8, 9, 7, 7, 0, 8, 0, 0, 10, 0, 0, 0, 0, 9, 6, 0, 7, 10, 0, 7, 0, 0, 10, 0, 5, 0, 10, 6, 7, 0, 10, 7, 9, 8, 6, 0, 5, 10, 7, 0, 0, 0, 0, 8, 0, 0, 0, 9, 7, 0, 9, : 7, 7, 6, 9, 11, 8, 6, 6, 8, 8, 9, 9, 7, 7, 8, 8, 7, 8, 9, 9, 7, 8, 6, 8, 8, 7, 7, 7, 8, 6, 7, 9, 8, 7, 6, 8, 9, 7, 7, 8, 10, 9, 6, 7, 10, 7, 10, 5, 10, 6, 7, 10, 7, 9, 8, 6, 5, 10, 7, 8, 9, 7, 9, 
118: 0, 0, 0, 0, 11, 7, 0, 0, 0, 9, 6, 0, 0, 4, 0, 0, 0, 0, 7, 0, 0, 0, 6, 0, 0, 7, 6, 0, 0, 0, 0, 0, 0, 0, 6, 6, 0, 7, 0, 9, 0, 0, 0, 5, 7, 8, 9, 5, 0, 0, 0, 7, 11, 0, 0, 8, 8, 0, 0, 7, 0, 0, 7, 6, 9, 0, 0, 7, 10, 7, 0, 0, 0, 0, 0, 0, 0, 6, 7, 4, 10, 8, 0, 8, 7, 9, 9, 0, 0, 0, 0, 0, 0, 6, 8, 0, 0, 5, 0, 6, 0, 9, 8, 7, 0, 8, 0, 0, 8, 8, 0, 10, 9, 0, 8, 5, 9, 10, 0, 7, : 11, 7, 9, 6, 4, 7, 6, 7, 6, 6, 6, 7, 9, 5, 7, 8, 9, 5, 7, 11, 8, 8, 7, 7, 6, 9, 7, 10, 7, 6, 7, 4, 10, 8, 8, 7, 9, 9, 6, 8, 5, 6, 9, 8, 7, 8, 8, 8, 10, 9, 8, 5, 9, 10, 7, 
3: 0, 0, 0, 0, 0, 5, 8, 7, 0, 0, 0, 8, 7, 0, 10, 8, 8, 11, 0, 0, 6, 0, 0, 8, 0, 0, 5, 7, 10, 0, 0, 0, 0, 0, 9, 0, 0, 7, 7, 0, 5, 7, 0, 6, 0, 7, 8, 0, 0, 0, 0, 5, 4, 0, 0, 9, 0, 6, 0, 7, 7, 0, 8, 0, 7, 5, 8, 6, 6, 7, 5, 8, 0, 0, 0, 0, 0, 6, 6, 8, 8, 7, 6, 6, 7, 0, 0, 0, 11, 7, 0, 6, 0, 0, 0, 9, 0, 0, 0, 0, 7, 0, 7, 7, 0, 0, 7, 8, 7, 0, 7, 0, 0, 0, 8, 8, 0, 9, 8, 10, : 5, 8, 7, 8, 7, 10, 8, 8, 11, 6, 8, 5, 7, 10, 9, 7, 7, 5, 7, 6, 7, 8, 5, 4, 9, 6, 7, 7, 8, 7, 5, 8, 6, 6, 7, 5, 8, 6, 6, 8, 8, 7, 6, 6, 7, 11, 7, 6, 9, 7, 7, 7, 7, 8, 7, 7, 8, 8, 9, 8, 10, 
54: 8, 9, 6, 0, 0, 0, 7, 9, 5, 5, 0, 7, 0, 0, 0, 8, 7, 0, 5, 6, 7, 0, 8, 7, 0, 8, 11, 6, 0, 0, 8, 0, 6, 9, 0, 6, 0, 6, 0, 0, 0, 6, 0, 7, 0, 0, 8, 0, 8, 7, 7, 7, 0, 0, 6, 0, 7, 8, 0, 0, 7, 8, 9, 0, 6, 6, 0, 8, 0, 6, 7, 5, 7, 0, 0, 0, 0, 6, 7, 7, 7, 10, 0, 0, 6, 7, 8, 9, 7, 5, 8, 6, 5, 10, 8, 0, 9, 7, 6, 6, 0, 0, 0, 7, 5, 0, 7, 7, 0, 9, 6, 11, 0, 0, 0, 0, 6, 8, 5, 0, : 8, 9, 6, 7, 9, 5, 5, 7, 8, 7, 5, 6, 7, 8, 7, 8, 11, 6, 8, 6, 9, 6, 6, 6, 7, 8, 8, 7, 7, 7, 6, 7, 8, 7, 8, 9, 6, 6, 8, 6, 7, 5, 7, 6, 7, 7, 7, 10, 6, 7, 8, 9, 7, 5, 8, 6, 5, 10, 8, 9, 7, 6, 6, 7, 5, 7, 7, 9, 6, 11, 6, 8, 5, 
65: 0, 7, 7, 0, 0, 0, 0, 7, 7, 0, 8, 9, 7, 6, 0, 0, 7, 9, 0, 0, 0, 8, 5, 10, 10, 0, 9, 10, 8, 9, 0, 9, 8, 0, 0, 0, 6, 0, 6, 0, 7, 0, 0, 0, 0, 0, 0, 8, 0, 8, 0, 0, 0, 0, 9, 9, 11, 0, 0, 8, 10, 0, 0, 7, 0, 8, 0, 8, 0, 10, 7, 0, 6, 5, 10, 0, 8, 8, 0, 0, 8, 8, 0, 0, 0, 0, 6, 0, 0, 8, 0, 0, 0, 0, 0, 9, 0, 0, 0, 0, 0, 0, 8, 0, 0, 8, 7, 7, 0, 0, 6, 0, 0, 6, 6, 0, 0, 8, 7, 0, : 7, 7, 7, 7, 8, 9, 7, 6, 7, 9, 8, 5, 10, 10, 9, 10, 8, 9, 9, 8, 6, 6, 7, 8, 8, 9, 9, 11, 8, 10, 7, 8, 8, 10, 7, 6, 5, 10, 8, 8, 8, 8, 6, 8, 9, 8, 8, 7, 7, 6, 6, 6, 8, 7, 
119: 0, 6, 0, 0, 7, 7, 0, 0, 8, 6, 0, 0, 8, 7, 0, 7, 0, 0, 5, 8, 0, 4, 7, 0, 0, 8, 7, 7, 7, 9, 7, 0, 0, 5, 0, 9, 8, 9, 8, 0, 8, 6, 0, 8, 0, 8, 8, 0, 0, 9, 5, 7, 7, 6, 0, 5, 6, 6, 0, 8, 7, 0, 0, 0, 0, 6, 7, 8, 0, 9, 7, 0, 6, 0, 0, 0, 0, 10, 0, 0, 0, 0, 6, 0, 5, 7, 0, 0, 0, 5, 0, 0, 10, 6, 7, 6, 6, 6, 0, 8, 8, 0, 6, 0, 0, 0, 0, 8, 6, 5, 9, 0, 0, 8, 0, 9, 7, 0, 0, 0, : 6, 7, 7, 8, 6, 8, 7, 7, 5, 8, 4, 7, 8, 7, 7, 7, 9, 7, 5, 9, 8, 9, 8, 8, 6, 8, 8, 8, 9, 5, 7, 7, 6, 5, 6, 6, 8, 7, 6, 7, 8, 9, 7, 6, 10, 6, 5, 7, 5, 10, 6, 7, 6, 6, 6, 8, 8, 6, 8, 6, 5, 9, 8, 9, 7, 
48: 0, 5, 8, 0, 7, 0, 0, 0, 6, 0, 7, 0, 0, 0, 6, 0, 0, 8, 0, 0, 0, 7, 7, 7, 7, 0, 8, 0, 0, 7, 5, 0, 0, 5, 6, 9, 0, 7, 0, 0, 0, 0, 7, 0, 6, 0, 7, 9, 8, 7, 8, 9, 0, 8, 6, 8, 10, 0, 0, 6, 0, 9, 7, 6, 5, 8, 0, 6, 10, 6, 0, 0, 8, 7, 9, 5, 9, 0, 0, 0, 8, 6, 0, 0, 7, 0, 8, 0, 0, 7, 0, 10, 0, 6, 8, 0, 0, 11, 0, 7, 0, 8, 0, 0, 6, 7, 9, 0, 0, 7, 7, 0, 5, 7, 0, 6, 8, 7, 8, 9, : 5, 8, 7, 6, 7, 6, 8, 7, 7, 7, 7, 8, 7, 5, 5, 6, 9, 7, 7, 6, 7, 9, 8, 7, 8, 9, 8, 6, 8, 10, 6, 9, 7, 6, 5, 8, 6, 10, 6, 8, 7, 9, 5, 9, 8, 6, 7, 8, 7, 10, 6, 8, 11, 7, 8, 6, 7, 9, 7, 7, 5, 7, 6, 8, 7, 8, 9, 
27: 0, 8, 7, 0, 0, 8, 0, 0, 8, 7, 9, 0, 6, 0, 0, 0, 0, 10, 6, 0, 0, 0, 8, 8, 10, 10, 9, 0, 0, 6, 6, 6, 8, 9, 0, 0, 7, 0, 0, 0, 7, 7, 8, 10, 9, 5, 0, 8, 6, 8, 9, 8, 6, 9, 0, 8, 8, 8, 8, 6, 6, 4, 0, 0, 0, 6, 0, 9, 7, 0, 0, 0, 0, 9, 8, 7, 0, 9, 8, 0, 0, 8, 8, 0, 8, 5, 0, 10, 0, 0, 5, 0, 0, 0, 0, 0, 10, 0, 0, 0, 0, 0, 9, 7, 8, 0, 7, 0, 0, 0, 5, 5, 9, 0, 7, 6, 6, 0, 0, 0, : 8, 7, 8, 8, 7, 9, 6, 10, 6, 8, 8, 10, 10, 9, 6, 6, 6, 8, 9, 7, 7, 7, 8, 10, 9, 5, 8, 6, 8, 9, 8, 6, 9, 8, 8, 8, 8, 6, 6, 4, 6, 9, 7, 9, 8, 7, 9, 8, 8, 8, 8, 5, 10, 5, 10, 9, 7, 8, 7, 5, 5, 9, 7, 6, 6, 
19: 0, 8, 0, 0, 7, 0, 7, 8, 7, 0, 0, 8, 0, 8, 8, 7, 4, 0, 0, 0, 9, 0, 9, 10, 7, 0, 0, 0, 0, 0, 6, 8, 0, 7, 0, 0, 0, 6, 7, 0, 0, 0, 7, 7, 0, 0, 0, 7, 0, 7, 7, 0, 6, 0, 5, 7, 9, 0, 8, 0, 0, 9, 9, 0, 0, 7, 0, 0, 10, 0, 0, 0, 8, 6, 8, 8, 0, 0, 7, 9, 6, 9, 0, 10, 0, 9, 7, 0, 4, 5, 7, 0, 0, 0, 8, 8, 10, 9, 0, 7, 0, 8, 7, 0, 0, 0, 10, 0, 9, 0, 7, 0, 7, 8, 0, 0, 0, 9, 0, 7, : 8, 7, 7, 8, 7, 8, 8, 8, 7, 4, 9, 9, 10, 7, 6, 8, 7, 6, 7, 7, 7, 7, 7, 7, 6, 5, 7, 9, 8, 9, 9, 7, 10, 8, 6, 8, 8, 7, 9, 6, 9, 10, 9, 7, 4, 5, 7, 8, 8, 10, 9, 7, 8, 7, 10, 9, 7, 7, 8, 9, 7, 
59: 0, 0, 0, 0, 0, 0, 8, 10, 0, 0, 0, 0, 8, 8, 10, 9, 0, 0, 9, 0, 7, 9, 10, 0, 0, 0, 0, 9, 4, 0, 0, 6, 8, 8, 5, 0, 8, 9, 6, 6, 0, 0, 5, 0, 0, 5, 0, 0, 8, 0, 0, 8, 0, 6, 0, 7, 5, 6, 8, 0, 10, 0, 0, 0, 0, 0, 0, 8, 7, 10, 8, 6, 0, 8, 8, 7, 0, 7, 0, 0, 7, 7, 0, 8, 6, 0, 0, 6, 5, 0, 0, 0, 5, 7, 8, 0, 5, 0, 0, 0, 6, 0, 8, 0, 0, 0, 0, 9, 0, 6, 6, 0, 5, 0, 4, 8, 7, 0, 7, 6, : 8, 10, 8, 8, 10, 9, 9, 7, 9, 10, 9, 4, 6, 8, 8, 5, 8, 9, 6, 6, 5, 5, 8, 8, 6, 7, 5, 6, 8, 10, 8, 7, 10, 8, 6, 8, 8, 7, 7, 7, 7, 8, 6, 6, 5, 5, 7, 8, 5, 6, 8, 9, 6, 6, 5, 4, 8, 7, 7, 6, 
8: 6, 8, 0, 0, 0, 0, 0, 0, 0, 0, 9, 0, 0, 6, 10, 5, 7, 0, 8, 9, 8, 7, 0, 8, 0, 10, 0, 0, 0, 0, 0, 8, 0, 10, 0, 0, 7, 7, 9, 7, 8, 8, 6, 6, 9, 0, 0, 7, 7, 0, 6, 0, 0, 0, 8, 7, 0, 7, 0, 7, 10, 6, 9, 0, 9, 0, 0, 10, 0, 8, 0, 0, 5, 0, 5, 0, 0, 8, 7, 5, 7, 0, 0, 7, 0, 0, 0, 0, 0, 0, 0, 0, 6, 0, 0, 0, 0, 9, 9, 0, 0, 0, 0, 0, 0, 8, 7, 0, 0, 0, 8, 0, 8, 7, 7, 0, 0, 8, 6, 0, : 6, 8, 9, 6, 10, 5, 7, 8, 9, 8, 7, 8, 10, 8, 10, 7, 7, 9, 7, 8, 8, 6, 6, 9, 7, 7, 6, 8, 7, 7, 7, 10, 6, 9, 9, 10, 8, 5, 5, 8, 7, 5, 7, 7, 6, 9, 9, 8, 7, 8, 8, 7, 7, 8, 6, 
52: 8, 0, 6, 6, 0, 6, 7, 8, 0, 8, 5, 0, 0, 8, 0, 0, 8, 8, 8, 0, 0, 5, 0, 0, 0, 8, 4, 7, 8, 0, 8, 8, 0, 0, 0, 0, 0, 7, 7, 0, 0, 0, 0, 0, 0, 0, 7, 9, 0, 8, 0, 9, 0, 11, 5, 0, 0, 5, 6, 6, 9, 0, 0, 8, 0, 8, 6, 0, 6, 0, 10, 7, 6, 0, 8, 0, 10, 8, 6, 8, 4, 0, 0, 0, 0, 0, 0, 0, 7, 5, 8, 0, 0, 7, 0, 10, 0, 6, 8, 6, 7, 0, 6, 0, 7, 8, 7, 5, 0, 7, 8, 7, 9, 7, 7, 0, 0, 6, 8, 0, : 8, 6, 6, 6, 7, 8, 8, 5, 8, 8, 8, 8, 5, 8, 4, 7, 8, 8, 8, 7, 7, 7, 9, 8, 9, 11, 5, 5, 6, 6, 9, 8, 8, 6, 6, 10, 7, 6, 8, 10, 8, 6, 8, 4, 7, 5, 8, 7, 10, 6, 8, 6, 7, 6, 7, 8, 7, 5, 7, 8, 7, 9, 7, 7, 6, 8, 
44: 9, 10, 7, 0, 10, 0, 7, 0, 9, 0, 9, 8, 0, 0, 8, 7, 5, 0, 6, 7, 8, 0, 0, 8, 0, 0, 0, 0, 0, 4, 0, 0, 7, 0, 8, 5, 6, 6, 0, 0, 9, 0, 0, 6, 0, 6, 10, 0, 0, 0, 4, 0, 9, 8, 8, 0, 8, 0, 7, 9, 6, 5, 0, 0, 0, 0, 8, 7, 0, 0, 0, 0, 5, 0, 6, 8, 8, 0, 7, 0, 0, 7, 8, 0, 0, 0, 0, 0, 0, 8, 9, 4, 0, 10, 9, 0, 6, 0, 8, 0, 9, 9, 0, 7, 9, 6, 0, 7, 7, 0, 0, 6, 0, 8, 10, 0, 0, 7, 7, 0, : 9, 10, 7, 10, 7, 9, 9, 8, 8, 7, 5, 6, 7, 8, 8, 4, 7, 8, 5, 6, 6, 9, 6, 6, 10, 4, 9, 8, 8, 8, 7, 9, 6, 5, 8, 7, 5, 6, 8, 8, 7, 7, 8, 8, 9, 4, 10, 9, 6, 8, 9, 9, 7, 9, 6, 7, 7, 6, 8, 10, 7, 7, 
21: 0, 0, 0, 9, 9, 8, 0, 0, 5, 0, 7, 0, 0, 7, 0, 7, 0, 0, 0, 0, 7, 0, 7, 0, 8, 7, 0, 0, 0, 0, 0, 9, 9, 7, 0, 8, 0, 6, 7, 8, 0, 0, 9, 0, 0, 6, 0, 0, 8, 0, 8, 0, 0, 0, 0, 0, 0, 6, 6, 0, 0, 6, 9, 0, 0, 7, 4, 6, 0, 0, 0, 0, 6, 7, 0, 8, 0, 8, 9, 0, 0, 7, 0, 0, 8, 0, 0, 0, 0, 9, 11, 0, 9, 6, 7, 8, 6, 0, 0, 8, 8, 0, 6, 0, 7, 8, 0, 0, 8, 7, 9, 8, 8, 0, 6, 10, 0, 8, 0, 0, : 9, 9, 8, 5, 7, 7, 7, 7, 7, 8, 7, 9, 9, 7, 8, 6, 7, 8, 9, 6, 8, 8, 6, 6, 6, 9, 7, 4, 6, 6, 7, 8, 8, 9, 7, 8, 9, 11, 9, 6, 7, 8, 6, 8, 8, 6, 7, 8, 8, 7, 9, 8, 8, 6, 10, 8, 
28: 0, 9, 8, 7, 0, 7, 10, 0, 9, 0, 0, 0, 10, 8, 8, 7, 0, 8, 0, 0, 8, 4, 6, 0, 7, 8, 7, 0, 0, 8, 7, 7, 7, 8, 8, 0, 8, 0, 0, 0, 0, 8, 0, 9, 6, 9, 0, 0, 0, 7, 5, 0, 0, 0, 9, 0, 0, 0, 11, 6, 8, 6, 10, 6, 0, 7, 8, 0, 0, 7, 0, 6, 8, 0, 0, 5, 8, 0, 0, 7, 6, 0, 9, 8, 0, 7, 0, 9, 0, 0, 8, 0, 9, 9, 0, 0, 8, 0, 9, 0, 0, 7, 8, 8, 7, 0, 6, 9, 8, 0, 0, 8, 8, 8, 7, 0, 0, 0, 0, 0, : 9, 8, 7, 7, 10, 9, 10, 8, 8, 7, 8, 8, 4, 6, 7, 8, 7, 8, 7, 7, 7, 8, 8, 8, 8, 9, 6, 9, 7, 5, 9, 11, 6, 8, 6, 10, 6, 7, 8, 7, 6, 8, 5, 8, 7, 6, 9, 8, 7, 9, 8, 9, 9, 8, 9, 7, 8, 8, 7, 6, 9, 8, 8, 8, 8, 7, 
5: 9, 10, 0, 0, 0, 0, 7, 8, 0, 8, 5, 0, 9, 9, 0, 10, 7, 0, 4, 9, 0, 7, 0, 7, 0, 7, 0, 8, 7, 8, 5, 9, 0, 0, 6, 6, 0, 7, 0, 7, 7, 0, 0, 8, 7, 7, 0, 0, 0, 0, 0, 0, 0, 0, 0, 0, 0, 0, 8, 11, 7, 0, 7, 0, 8, 6, 8, 0, 7, 0, 0, 0, 0, 9, 0, 8, 7, 0, 9, 7, 0, 0, 0, 0, 0, 8, 8, 0, 0, 0, 5, 8, 0, 9, 0, 6, 9, 0, 0, 6, 6, 6, 5, 7, 8, 7, 0, 8, 0, 7, 0, 0, 0, 6, 0, 9, 10, 7, 6, 0, : 9, 10, 7, 8, 8, 5, 9, 9, 10, 7, 4, 9, 7, 7, 7, 8, 7, 8, 5, 9, 6, 6, 7, 7, 7, 8, 7, 7, 8, 11, 7, 7, 8, 6, 8, 7, 9, 8, 7, 9, 7, 8, 8, 5, 8, 9, 6, 9, 6, 6, 6, 5, 7, 8, 7, 8, 7, 6, 9, 10, 7, 6, 
1: 7, 0, 7, 9, 0, 10, 0, 0, 0, 10, 0, 0, 9, 9, 0, 9, 0, 0, 0, 5, 0, 7, 0, 0, 6, 0, 0, 7, 7, 0, 6, 0, 4, 0, 0, 9, 8, 0, 8, 0, 7, 10, 0, 7, 6, 9, 0, 8, 7, 7, 7, 0, 0, 8, 8, 0, 7, 0, 6, 6, 8, 0, 0, 0, 0, 8, 7, 9, 0, 0, 10, 7, 0, 6, 8, 9, 10, 0, 0, 0, 0, 7, 10, 0, 8, 9, 6, 5, 9, 0, 0, 0, 0, 0, 0, 0, 7, 0, 8, 8, 8, 0, 0, 0, 0, 7, 7, 0, 9, 0, 5, 0, 0, 10, 0, 9, 0, 6, 8, 5, : 7, 7, 9, 10, 10, 9, 9, 9, 5, 7, 6, 7, 7, 6, 4, 9, 8, 8, 7, 10, 7, 6, 9, 8, 7, 7, 7, 8, 8, 7, 6, 6, 8, 8, 7, 9, 10, 7, 6, 8, 9, 10, 7, 10, 8, 9, 6, 5, 9, 7, 8, 8, 8, 7, 7, 9, 5, 10, 9, 6, 8, 5, 
72: 0, 9, 5, 0, 0, 8, 11, 5, 0, 7, 0, 0, 0, 0, 8, 0, 7, 8, 0, 8, 11, 0, 0, 9, 9, 7, 7, 9, 0, 6, 0, 0, 0, 0, 0, 0, 9, 0, 0, 0, 0, 7, 0, 0, 0, 0, 8, 0, 0, 0, 0, 7, 5, 0, 8, 5, 6, 0, 0, 0, 0, 10, 8, 7, 0, 0, 7, 10, 7, 8, 9, 10, 6, 0, 6, 0, 7, 10, 0, 10, 0, 7, 7, 8, 7, 0, 9, 0, 0, 9, 6, 6, 8, 10, 0, 0, 0, 0, 9, 0, 0, 0, 0, 8, 7, 8, 0, 0, 10, 8, 7, 0, 10, 0, 6, 0, 6, 9, 0, 9, : 9, 5, 8, 11, 5, 7, 8, 7, 8, 8, 11, 9, 9, 7, 7, 9, 6, 9, 7, 8, 7, 5, 8, 5, 6, 10, 8, 7, 7, 10, 7, 8, 9, 10, 6, 6, 7, 10, 10, 7, 7, 8, 7, 9, 9, 6, 6, 8, 10, 9, 8, 7, 8, 10, 8, 7, 10, 6, 6, 9, 9, 
36: 0, 0, 0, 0, 0, 5, 7, 0, 0, 8, 7, 0, 9, 5, 8, 10, 9, 0, 0, 11, 6, 0, 0, 0, 7, 8, 0, 0, 0, 0, 0, 9, 0, 0, 0, 8, 0, 0, 9, 6, 0, 6, 8, 0, 6, 0, 0, 0, 0, 0, 5, 0, 0, 0, 9, 0, 0, 5, 7, 5, 0, 0, 6, 6, 8, 5, 9, 8, 6, 0, 6, 7, 0, 0, 0, 0, 8, 6, 0, 7, 8, 7, 0, 0, 0, 0, 0, 8, 4, 9, 0, 7, 5, 8, 10, 0, 5, 10, 0, 0, 9, 7, 0, 0, 0, 0, 7, 0, 0, 0, 0, 0, 7, 6, 7, 0, 7, 7, 0, 7, : 5, 7, 8, 7, 9, 5, 8, 10, 9, 11, 6, 7, 8, 9, 8, 9, 6, 6, 8, 6, 5, 9, 5, 7, 5, 6, 6, 8, 5, 9, 8, 6, 6, 7, 8, 6, 7, 8, 7, 8, 4, 9, 7, 5, 8, 10, 5, 10, 9, 7, 7, 7, 6, 7, 7, 7, 7, 
30: 7, 0, 7, 10, 7, 7, 7, 6, 0, 0, 0, 0, 7, 0, 0, 7, 10, 0, 0, 0, 0, 0, 0, 10, 5, 5, 7, 0, 0, 0, 0, 0, 8, 0, 0, 0, 0, 0, 0, 9, 9, 0, 6, 8, 8, 7, 0, 0, 0, 0, 0, 7, 0, 0, 0, 0, 0, 0, 7, 0, 6, 0, 0, 0, 6, 8, 0, 0, 0, 7, 0, 0, 9, 0, 9, 0, 0, 0, 10, 0, 0, 7, 9, 0, 0, 8, 6, 7, 7, 10, 7, 0, 5, 0, 0, 10, 8, 0, 0, 8, 6, 9, 7, 0, 0, 0, 6, 8, 6, 9, 7, 8, 0, 0, 8, 6, 0, 0, 8, 7, : 7, 7, 10, 7, 7, 7, 6, 7, 7, 10, 10, 5, 5, 7, 8, 9, 9, 6, 8, 8, 7, 7, 7, 6, 6, 8, 7, 9, 9, 10, 7, 9, 8, 6, 7, 7, 10, 7, 5, 10, 8, 8, 6, 9, 7, 6, 8, 6, 9, 7, 8, 8, 6, 8, 7, 
39: 8, 0, 9, 0, 6, 7, 5, 0, 0, 7, 6, 5, 7, 6, 8, 0, 0, 0, 0, 9, 0, 8, 9, 7, 10, 0, 0, 8, 0, 8, 0, 9, 0, 8, 8, 7, 0, 0, 0, 0, 6, 8, 7, 7, 0, 0, 8, 8, 0, 6, 4, 8, 0, 8, 6, 8, 0, 6, 0, 10, 0, 0, 0, 5, 0, 0, 9, 0, 0, 0, 0, 6, 8, 0, 0, 6, 8, 0, 0, 6, 7, 0, 0, 0, 6, 0, 0, 0, 0, 7, 0, 0, 9, 0, 10, 5, 0, 6, 0, 8, 0, 0, 8, 0, 0, 9, 0, 7, 10, 5, 8, 9, 0, 7, 10, 0, 0, 0, 0, 0, : 8, 9, 6, 7, 5, 7, 6, 5, 7, 6, 8, 9, 8, 9, 7, 10, 8, 8, 9, 8, 8, 7, 6, 8, 7, 7, 8, 8, 6, 4, 8, 8, 6, 8, 6, 10, 5, 9, 6, 8, 6, 8, 6, 7, 6, 7, 9, 10, 5, 6, 8, 8, 9, 7, 10, 5, 8, 9, 7, 10, 
4: 0, 0, 0, 0, 8, 0, 0, 6, 0, 6, 8, 6, 5, 0, 7, 0, 0, 10, 11, 8, 5, 0, 0, 5, 0, 0, 7, 0, 0, 8, 0, 8, 7, 8, 8, 0, 8, 8, 6, 7, 7, 0, 0, 0, 9, 0, 6, 0, 8, 0, 0, 9, 0, 0, 9, 8, 0, 0, 7, 0, 7, 5, 11, 7, 6, 0, 0, 0, 0, 8, 10, 7, 0, 9, 0, 0, 0, 0, 0, 7, 0, 8, 0, 6, 7, 0, 7, 5, 0, 8, 8, 0, 7, 8, 9, 0, 0, 9, 6, 9, 0, 7, 0, 6, 8, 9, 0, 0, 7, 10, 9, 10, 9, 6, 10, 4, 0, 0, 5, 8, : 8, 6, 6, 8, 6, 5, 7, 10, 11, 8, 5, 5, 7, 8, 8, 7, 8, 8, 8, 8, 6, 7, 7, 9, 6, 8, 9, 9, 8, 7, 7, 5, 11, 7, 6, 8, 10, 7, 9, 7, 8, 6, 7, 7, 5, 8, 8, 7, 8, 9, 9, 6, 9, 7, 6, 8, 9, 7, 10, 9, 10, 9, 6, 10, 4, 5, 8, 
17: 0, 0, 9, 8, 0, 9, 7, 5, 7, 10, 0, 0, 0, 0, 6, 0, 6, 0, 9, 8, 8, 8, 7, 9, 0, 4, 0, 7, 0, 0, 7, 5, 5, 0, 0, 0, 0, 0, 0, 0, 0, 8, 8, 0, 0, 7, 8, 0, 8, 0, 10, 8, 9, 0, 7, 9, 0, 0, 6, 9, 0, 7, 0, 9, 0, 0, 0, 8, 0, 6, 9, 8, 9, 0, 6, 9, 0, 0, 7, 0, 6, 0, 7, 0, 9, 0, 7, 0, 0, 0, 0, 0, 0, 0, 5, 0, 6, 9, 5, 4, 8, 0, 7, 0, 8, 9, 9, 0, 7, 7, 0, 6, 6, 0, 5, 0, 0, 9, 7, 0, : 9, 8, 9, 7, 5, 7, 10, 6, 6, 9, 8, 8, 8, 7, 9, 4, 7, 7, 5, 5, 8, 8, 7, 8, 8, 10, 8, 9, 7, 9, 6, 9, 7, 9, 8, 6, 9, 8, 9, 6, 9, 7, 6, 7, 9, 7, 5, 6, 9, 5, 4, 8, 7, 8, 9, 9, 7, 7, 6, 6, 5, 9, 7, 
108: 0, 6, 0, 7, 0, 6, 0, 0, 8, 9, 0, 0, 7, 0, 0, 0, 0, 6, 8, 7, 0, 7, 0, 9, 0, 9, 6, 8, 0, 7, 8, 0, 8, 6, 0, 0, 0, 6, 6, 0, 0, 0, 8, 8, 0, 0, 10, 7, 0, 0, 0, 8, 8, 0, 7, 8, 8, 7, 0, 0, 0, 8, 0, 0, 7, 0, 0, 4, 0, 7, 8, 9, 0, 9, 8, 10, 0, 0, 0, 0, 11, 6, 0, 0, 6, 8, 0, 0, 0, 0, 0, 0, 10, 0, 0, 0, 9, 0, 5, 8, 0, 6, 0, 7, 0, 9, 8, 5, 6, 8, 0, 6, 6, 8, 6, 6, 6, 0, 0, 0, : 6, 7, 6, 8, 9, 7, 6, 8, 7, 7, 9, 9, 6, 8, 7, 8, 8, 6, 6, 6, 8, 8, 10, 7, 8, 8, 7, 8, 8, 7, 8, 7, 4, 7, 8, 9, 9, 8, 10, 11, 6, 6, 8, 10, 9, 5, 8, 6, 7, 9, 8, 5, 6, 8, 6, 6, 8, 6, 6, 6, 
26: 0, 9, 8, 8, 8, 7, 0, 0, 0, 7, 0, 10, 0, 0, 0, 9, 6, 0, 8, 0, 8, 6, 9, 10, 5, 5, 8, 6, 7, 0, 0, 7, 0, 0, 0, 8, 0, 0, 0, 9, 0, 9, 0, 9, 9, 10, 6, 6, 10, 8, 8, 6, 8, 0, 0, 7, 0, 9, 0, 8, 0, 10, 4, 7, 6, 6, 0, 8, 7, 0, 0, 7, 0, 6, 0, 10, 0, 6, 10, 6, 0, 10, 0, 0, 9, 7, 6, 0, 0, 6, 9, 8, 0, 10, 6, 5, 0, 8, 0, 0, 7, 8, 6, 0, 5, 0, 0, 8, 0, 8, 7, 9, 0, 8, 0, 7, 0, 0, 6, 8, : 9, 8, 8, 8, 7, 7, 10, 9, 6, 8, 8, 6, 9, 10, 5, 5, 8, 6, 7, 7, 8, 9, 9, 9, 9, 10, 6, 6, 10, 8, 8, 6, 8, 7, 9, 8, 10, 4, 7, 6, 6, 8, 7, 7, 6, 10, 6, 10, 6, 10, 9, 7, 6, 6, 9, 8, 10, 6, 5, 8, 7, 8, 6, 5, 8, 8, 7, 9, 8, 7, 6, 8, 
77: 0, 0, 0, 0, 0, 7, 7, 0, 0, 5, 0, 0, 6, 0, 0, 7, 0, 6, 8, 7, 0, 0, 0, 0, 0, 0, 0, 6, 8, 9, 0, 0, 0, 8, 0, 8, 9, 9, 0, 5, 8, 0, 8, 0, 0, 6, 6, 8, 5, 5, 8, 0, 0, 7, 7, 6, 0, 8, 0, 0, 5, 0, 0, 8, 9, 0, 0, 0, 0, 0, 0, 9, 9, 0, 7, 0, 8, 9, 9, 0, 0, 6, 0, 0, 8, 0, 6, 0, 0, 0, 7, 9, 0, 8, 0, 0, 5, 0, 0, 0, 0, 0, 0, 8, 8, 0, 7, 10, 7, 9, 0, 0, 9, 0, 10, 0, 0, 8, 0, 0, : 7, 7, 5, 6, 7, 6, 8, 7, 6, 8, 9, 8, 8, 9, 9, 5, 8, 8, 6, 6, 8, 5, 5, 8, 7, 7, 6, 8, 5, 8, 9, 9, 9, 7, 8, 9, 9, 6, 8, 6, 7, 9, 8, 5, 8, 8, 7, 10, 7, 9, 9, 10, 8, 
109: 0, 8, 6, 0, 0, 0, 0, 0, 6, 9, 7, 9, 7, 0, 0, 7, 6, 0, 0, 0, 0, 0, 0, 7, 0, 0, 0, 0, 0, 10, 0, 0, 0, 0, 6, 9, 7, 6, 9, 0, 0, 0, 7, 0, 5, 0, 7, 0, 8, 8, 0, 8, 0, 9, 8, 0, 8, 0, 0, 10, 0, 0, 0, 10, 0, 0, 0, 0, 6, 0, 6, 0, 8, 0, 0, 6, 9, 9, 7, 9, 0, 8, 10, 0, 6, 0, 8, 0, 6, 8, 6, 0, 0, 6, 0, 7, 0, 0, 0, 0, 7, 7, 9, 0, 7, 6, 0, 0, 0, 0, 0, 7, 0, 6, 0, 6, 8, 0, 0, 0, : 8, 6, 6, 9, 7, 9, 7, 7, 6, 7, 10, 6, 9, 7, 6, 9, 7, 5, 7, 8, 8, 8, 9, 8, 8, 10, 10, 6, 6, 8, 6, 9, 9, 7, 9, 8, 10, 6, 8, 6, 8, 6, 6, 7, 7, 7, 9, 7, 6, 7, 6, 6, 8, 
91: 0, 8, 0, 0, 7, 8, 7, 0, 0, 0, 0, 0, 8, 7, 0, 0, 0, 6, 0, 6, 10, 0, 10, 4, 0, 0, 0, 0, 7, 7, 5, 0, 0, 5, 0, 6, 0, 0, 0, 0, 8, 0, 0, 0, 8, 0, 10, 6, 8, 4, 9, 5, 5, 0, 0, 0, 5, 7, 0, 6, 8, 0, 0, 0, 10, 4, 8, 9, 6, 0, 0, 6, 7, 0, 9, 9, 6, 8, 0, 0, 6, 4, 0, 0, 9, 5, 0, 6, 0, 11, 0, 7, 0, 0, 10, 8, 0, 5, 6, 7, 6, 0, 0, 0, 0, 8, 0, 0, 0, 8, 0, 8, 6, 5, 5, 7, 6, 0, 0, 7, : 8, 7, 8, 7, 8, 7, 6, 6, 10, 10, 4, 7, 7, 5, 5, 6, 8, 8, 10, 6, 8, 4, 9, 5, 5, 5, 7, 6, 8, 10, 4, 8, 9, 6, 6, 7, 9, 9, 6, 8, 6, 4, 9, 5, 6, 11, 7, 10, 8, 5, 6, 7, 6, 8, 8, 8, 6, 5, 5, 7, 6, 7, 
41: 5, 0, 7, 0, 0, 7, 8, 8, 0, 7, 8, 7, 7, 0, 0, 10, 0, 5, 8, 8, 0, 0, 0, 0, 8, 0, 9, 5, 7, 0, 7, 8, 0, 6, 7, 7, 0, 0, 0, 0, 0, 0, 0, 8, 7, 7, 5, 7, 0, 0, 6, 0, 0, 9, 9, 0, 0, 0, 6, 10, 8, 6, 0, 0, 8, 0, 7, 0, 9, 0, 0, 7, 0, 0, 5, 0, 8, 0, 0, 0, 8, 0, 0, 7, 6, 8, 0, 8, 0, 0, 0, 9, 0, 0, 0, 8, 10, 6, 5, 0, 0, 6, 0, 7, 7, 0, 0, 0, 0, 0, 0, 8, 0, 5, 0, 6, 7, 6, 9, 9, : 5, 7, 7, 8, 8, 7, 8, 7, 7, 10, 5, 8, 8, 8, 9, 5, 7, 7, 8, 6, 7, 7, 8, 7, 7, 5, 7, 6, 9, 9, 6, 10, 8, 6, 8, 7, 9, 7, 5, 8, 8, 7, 6, 8, 8, 9, 8, 10, 6, 5, 6, 7, 7, 8, 5, 6, 7, 6, 9, 9, 
60: 6, 0, 5, 8, 5, 7, 7, 0, 0, 6, 0, 7, 0, 0, 0, 8, 0, 7, 8, 6, 0, 0, 5, 10, 8, 7, 7, 0, 0, 7, 9, 8, 8, 9, 0, 0, 7, 0, 10, 9, 0, 7, 0, 0, 8, 0, 0, 7, 7, 8, 0, 0, 0, 9, 0, 9, 0, 0, 0, 0, 10, 0, 0, 8, 0, 0, 10, 9, 0, 6, 0, 0, 0, 0, 6, 8, 0, 5, 0, 7, 0, 0, 8, 7, 8, 0, 5, 7, 0, 0, 0, 0, 8, 0, 0, 0, 0, 8, 0, 0, 0, 0, 0, 0, 0, 0, 0, 0, 9, 0, 0, 8, 0, 0, 0, 6, 10, 0, 8, 6, : 6, 5, 8, 5, 7, 7, 6, 7, 8, 7, 8, 6, 5, 10, 8, 7, 7, 7, 9, 8, 8, 9, 7, 10, 9, 7, 8, 7, 7, 8, 9, 9, 10, 8, 10, 9, 6, 6, 8, 5, 7, 8, 7, 8, 5, 7, 8, 8, 9, 8, 6, 10, 8, 6, 
18: 7, 6, 7, 0, 0, 0, 0, 7, 0, 0, 0, 6, 6, 7, 0, 6, 0, 0, 8, 5, 0, 9, 0, 6, 0, 0, 0, 0, 6, 9, 7, 8, 8, 0, 0, 9, 0, 0, 0, 0, 0, 10, 10, 0, 7, 0, 9, 0, 7, 10, 6, 6, 8, 0, 8, 11, 0, 0, 6, 0, 8, 6, 0, 0, 6, 7, 10, 9, 10, 8, 6, 7, 9, 0, 8, 0, 7, 0, 0, 0, 6, 0, 7, 0, 9, 0, 9, 7, 5, 0, 0, 6, 0, 0, 0, 0, 0, 9, 0, 6, 8, 0, 0, 0, 0, 5, 0, 0, 0, 0, 8, 0, 0, 0, 0, 0, 0, 8, 10, 0, : 7, 6, 7, 7, 6, 6, 7, 6, 8, 5, 9, 6, 6, 9, 7, 8, 8, 9, 10, 10, 7, 9, 7, 10, 6, 6, 8, 8, 11, 6, 8, 6, 6, 7, 10, 9, 10, 8, 6, 7, 9, 8, 7, 6, 7, 9, 9, 7, 5, 6, 9, 6, 8, 5, 8, 8, 10, 
15: 8, 0, 0, 7, 0, 10, 0, 0, 0, 6, 6, 9, 0, 7, 7, 9, 0, 0, 0, 7, 6, 7, 4, 9, 0, 7, 0, 10, 0, 7, 0, 0, 7, 5, 6, 0, 0, 0, 0, 5, 6, 7, 0, 6, 0, 0, 7, 8, 7, 7, 0, 9, 0, 0, 0, 0, 0, 0, 8, 0, 0, 7, 0, 7, 0, 0, 0, 7, 8, 0, 0, 8, 0, 8, 8, 8, 0, 0, 7, 0, 8, 7, 0, 8, 6, 0, 8, 0, 8, 6, 5, 0, 0, 0, 0, 8, 6, 6, 7, 0, 7, 0, 0, 0, 0, 7, 0, 0, 0, 8, 6, 6, 8, 0, 0, 0, 7, 8, 0, 7, : 8, 7, 10, 6, 6, 9, 7, 7, 9, 7, 6, 7, 4, 9, 7, 10, 7, 7, 5, 6, 5, 6, 7, 6, 7, 8, 7, 7, 9, 8, 7, 7, 7, 8, 8, 8, 8, 8, 7, 8, 7, 8, 6, 8, 8, 6, 5, 8, 6, 6, 7, 7, 7, 8, 6, 6, 8, 7, 8, 7, 
96: 6, 6, 6, 9, 0, 0, 8, 0, 7, 0, 0, 0, 8, 0, 0, 0, 0, 9, 0, 0, 0, 0, 7, 0, 8, 0, 0, 0, 6, 0, 9, 5, 0, 6, 9, 0, 8, 9, 0, 8, 0, 0, 0, 0, 8, 0, 0, 0, 0, 0, 7, 8, 0, 8, 0, 8, 0, 8, 8, 9, 6, 0, 8, 0, 8, 0, 8, 7, 0, 7, 0, 0, 0, 7, 0, 4, 6, 9, 0, 0, 0, 8, 7, 7, 0, 6, 0, 0, 9, 6, 8, 7, 0, 8, 0, 0, 9, 0, 0, 7, 9, 0, 7, 0, 0, 0, 7, 0, 0, 7, 9, 7, 0, 0, 0, 11, 0, 0, 7, 0, : 6, 6, 6, 9, 8, 7, 8, 9, 7, 8, 6, 9, 5, 6, 9, 8, 9, 8, 8, 7, 8, 8, 8, 8, 8, 9, 6, 8, 8, 8, 7, 7, 7, 4, 6, 9, 8, 7, 7, 6, 9, 6, 8, 7, 8, 9, 7, 9, 7, 7, 7, 9, 7, 11, 7, 
37: 0, 8, 7, 0, 0, 0, 0, 8, 0, 0, 0, 6, 5, 8, 0, 0, 0, 8, 7, 6, 0, 0, 0, 7, 0, 0, 10, 0, 0, 7, 0, 4, 0, 9, 6, 8, 0, 0, 8, 7, 7, 0, 9, 0, 6, 0, 0, 8, 0, 0, 8, 9, 7, 7, 0, 0, 7, 5, 7, 8, 8, 0, 0, 0, 0, 10, 9, 0, 0, 8, 7, 0, 0, 8, 0, 8, 5, 0, 0, 0, 0, 7, 0, 8, 0, 0, 7, 6, 7, 0, 0, 6, 9, 0, 9, 5, 7, 0, 0, 0, 9, 8, 0, 0, 9, 0, 6, 0, 6, 7, 0, 5, 0, 0, 0, 7, 7, 0, 0, 0, : 8, 7, 8, 6, 5, 8, 8, 7, 6, 7, 10, 7, 4, 9, 6, 8, 8, 7, 7, 9, 6, 8, 8, 9, 7, 7, 7, 5, 7, 8, 8, 10, 9, 8, 7, 8, 8, 5, 7, 8, 7, 6, 7, 6, 9, 9, 5, 7, 9, 8, 9, 6, 6, 7, 5, 7, 7, 
78: 0, 0, 0, 0, 6, 7, 7, 0, 7, 7, 10, 5, 0, 0, 6, 8, 9, 7, 0, 8, 0, 10, 0, 0, 7, 0, 0, 0, 6, 10, 8, 9, 0, 0, 8, 0, 7, 6, 7, 8, 0, 7, 6, 0, 8, 8, 8, 8, 7, 8, 6, 8, 0, 0, 0, 9, 0, 8, 0, 7, 4, 0, 0, 6, 0, 9, 7, 6, 5, 8, 0, 0, 0, 0, 0, 8, 0, 0, 0, 9, 5, 6, 8, 9, 0, 0, 0, 9, 8, 0, 8, 0, 0, 0, 0, 9, 0, 0, 0, 0, 4, 9, 9, 0, 7, 7, 8, 8, 8, 8, 0, 0, 0, 10, 6, 7, 0, 0, 8, 6, : 6, 7, 7, 7, 7, 10, 5, 6, 8, 9, 7, 8, 10, 7, 6, 10, 8, 9, 8, 7, 6, 7, 8, 7, 6, 8, 8, 8, 8, 7, 8, 6, 8, 9, 8, 7, 4, 6, 9, 7, 6, 5, 8, 8, 9, 5, 6, 8, 9, 9, 8, 8, 9, 4, 9, 9, 7, 7, 8, 8, 8, 8, 10, 6, 7, 8, 6, 
100: 7, 9, 8, 8, 0, 0, 0, 0, 0, 7, 0, 7, 7, 0, 0, 0, 0, 0, 0, 5, 6, 0, 8, 8, 7, 6, 0, 4, 6, 7, 0, 0, 0, 0, 9, 0, 0, 9, 7, 10, 7, 0, 0, 0, 0, 7, 8, 0, 0, 0, 0, 0, 8, 0, 8, 0, 7, 0, 0, 0, 9, 0, 0, 0, 0, 0, 9, 7, 7, 0, 0, 0, 8, 7, 0, 0, 0, 0, 0, 9, 7, 6, 6, 5, 5, 0, 0, 0, 0, 0, 0, 10, 8, 0, 0, 0, 0, 9, 0, 0, 0, 8, 0, 0, 7, 0, 0, 0, 10, 0, 9, 0, 7, 7, 6, 7, 0, 0, 0, 8, : 7, 9, 8, 8, 7, 7, 7, 5, 6, 8, 8, 7, 6, 4, 6, 7, 9, 9, 7, 10, 7, 7, 8, 8, 8, 7, 9, 9, 7, 7, 8, 7, 9, 7, 6, 6, 5, 5, 10, 8, 9, 8, 7, 10, 9, 7, 7, 6, 7, 8, 
45: 7, 0, 10, 0, 0, 0, 0, 0, 8, 0, 0, 0, 7, 9, 9, 0, 8, 9, 6, 7, 0, 8, 8, 6, 8, 6, 0, 0, 0, 8, 0, 6, 0, 0, 0, 0, 0, 7, 0, 0, 7, 9, 7, 0, 6, 7, 0, 0, 0, 0, 0, 0, 7, 8, 0, 0, 9, 0, 8, 8, 0, 5, 8, 8, 8, 7, 0, 7, 0, 0, 7, 0, 7, 6, 7, 0, 0, 0, 8, 0, 7, 9, 0, 0, 9, 0, 8, 0, 10, 9, 0, 0, 8, 0, 0, 9, 0, 0, 0, 9, 0, 0, 0, 8, 6, 0, 0, 8, 0, 6, 0, 0, 10, 10, 8, 8, 8, 8, 6, 0, : 7, 10, 8, 7, 9, 9, 8, 9, 6, 7, 8, 8, 6, 8, 6, 8, 6, 7, 7, 9, 7, 6, 7, 7, 8, 9, 8, 8, 5, 8, 8, 8, 7, 7, 7, 7, 6, 7, 8, 7, 9, 9, 8, 10, 9, 8, 9, 9, 8, 6, 8, 6, 10, 10, 8, 8, 8, 8, 6, 
120: 7, 7, 10, 7, 6, 8, 6, 8, 0, 7, 9, 7, 0, 7, 9, 0, 9, 0, 7, 8, 0, 0, 7, 0, 7, 7, 0, 0, 0, 0, 8, 0, 0, 9, 0, 0, 5, 0, 0, 0, 7, 8, 10, 8, 0, 0, 0, 0, 5, 0, 0, 0, 6, 6, 8, 6, 8, 6, 0, 0, 7, 0, 5, 9, 0, 0, 0, 0, 0, 8, 0, 0, 0, 0, 0, 0, 0, 0, 10, 0, 8, 5, 0, 0, 0, 5, 8, 8, 0, 8, 0, 0, 10, 0, 7, 9, 8, 9, 8, 0, 8, 0, 0, 0, 0, 0, 0, 6, 6, 7, 0, 8, 0, 0, 9, 0, 6, 0, 0, 8, : 7, 7, 10, 7, 6, 8, 6, 8, 7, 9, 7, 7, 9, 9, 7, 8, 7, 7, 7, 8, 9, 5, 7, 8, 10, 8, 5, 6, 6, 8, 6, 8, 6, 7, 5, 9, 8, 10, 8, 5, 5, 8, 8, 8, 10, 7, 9, 8, 9, 8, 8, 6, 6, 7, 8, 9, 6, 8, 
111: 6, 0, 8, 7, 6, 0, 9, 7, 0, 0, 8, 0, 0, 0, 7, 9, 0, 0, 0, 0, 0, 7, 10, 0, 0, 0, 4, 0, 9, 7, 8, 0, 8, 0, 0, 0, 0, 7, 9, 0, 0, 8, 0, 6, 5, 8, 9, 0, 8, 5, 8, 7, 8, 9, 0, 8, 9, 9, 0, 0, 0, 0, 8, 0, 6, 7, 0, 8, 6, 6, 0, 0, 8, 7, 8, 0, 7, 0, 0, 6, 10, 6, 7, 8, 0, 8, 0, 0, 0, 0, 5, 0, 5, 0, 10, 7, 0, 7, 0, 9, 0, 0, 8, 8, 0, 0, 0, 0, 0, 0, 0, 0, 0, 8, 0, 6, 0, 6, 6, 7, : 6, 8, 7, 6, 9, 7, 8, 7, 9, 7, 10, 4, 9, 7, 8, 8, 7, 9, 8, 6, 5, 8, 9, 8, 5, 8, 7, 8, 9, 8, 9, 9, 8, 6, 7, 8, 6, 6, 8, 7, 8, 7, 6, 10, 6, 7, 8, 8, 5, 5, 10, 7, 7, 9, 8, 8, 8, 6, 6, 6, 7, 
86: 6, 5, 0, 0, 8, 0, 0, 7, 0, 9, 0, 0, 0, 0, 6, 0, 0, 7, 9, 7, 7, 6, 9, 0, 9, 0, 0, 6, 0, 0, 10, 10, 9, 0, 8, 0, 0, 5, 0, 0, 0, 0, 0, 6, 0, 0, 0, 0, 8, 0, 0, 0, 0, 6, 9, 0, 7, 7, 10, 0, 0, 7, 0, 8, 5, 6, 7, 0, 6, 7, 7, 0, 6, 8, 0, 7, 7, 7, 6, 0, 0, 0, 5, 0, 7, 0, 0, 0, 5, 7, 0, 0, 0, 6, 0, 6, 6, 6, 9, 6, 0, 0, 6, 8, 0, 8, 8, 7, 7, 0, 0, 9, 8, 8, 6, 9, 8, 8, 0, 8, : 6, 5, 8, 7, 9, 6, 7, 9, 7, 7, 6, 9, 9, 6, 10, 10, 9, 8, 5, 6, 8, 6, 9, 7, 7, 10, 7, 8, 5, 6, 7, 6, 7, 7, 6, 8, 7, 7, 7, 6, 5, 7, 5, 7, 6, 6, 6, 6, 9, 6, 6, 8, 8, 8, 7, 7, 9, 8, 8, 6, 9, 8, 8, 8, 
83: 6, 7, 6, 9, 9, 0, 8, 0, 11, 7, 8, 0, 0, 0, 0, 0, 6, 9, 6, 0, 0, 0, 6, 7, 0, 9, 0, 0, 8, 0, 8, 0, 6, 6, 8, 0, 8, 0, 0, 9, 7, 9, 10, 0, 10, 8, 0, 0, 5, 10, 0, 7, 0, 8, 8, 0, 0, 7, 7, 0, 5, 7, 0, 8, 9, 7, 0, 0, 10, 8, 0, 7, 6, 7, 0, 10, 0, 7, 0, 0, 9, 0, 8, 0, 7, 8, 0, 0, 0, 5, 5, 7, 0, 6, 0, 7, 7, 0, 0, 0, 0, 0, 0, 8, 9, 0, 0, 0, 8, 10, 0, 0, 0, 5, 0, 0, 0, 9, 7, 6, : 6, 7, 6, 9, 9, 8, 11, 7, 8, 6, 9, 6, 6, 7, 9, 8, 8, 6, 6, 8, 8, 9, 7, 9, 10, 10, 8, 5, 10, 7, 8, 8, 7, 7, 5, 7, 8, 9, 7, 10, 8, 7, 6, 7, 10, 7, 9, 8, 7, 8, 5, 5, 7, 6, 7, 7, 8, 9, 8, 10, 5, 9, 7, 6, 
67: 0, 0, 0, 11, 5, 11, 9, 7, 7, 8, 8, 8, 0, 7, 8, 0, 8, 0, 8, 7, 8, 10, 6, 0, 5, 0, 7, 9, 0, 0, 6, 0, 0, 7, 9, 0, 7, 7, 0, 6, 0, 0, 8, 0, 7, 0, 8, 7, 0, 7, 6, 8, 0, 0, 8, 0, 8, 9, 0, 7, 0, 7, 8, 6, 8, 0, 0, 0, 10, 0, 0, 10, 0, 8, 8, 0, 9, 9, 0, 7, 7, 0, 7, 6, 0, 7, 9, 0, 5, 0, 9, 0, 5, 5, 6, 0, 9, 0, 7, 8, 6, 0, 7, 0, 0, 7, 6, 10, 0, 8, 0, 0, 10, 10, 0, 0, 0, 0, 7, 10, : 11, 5, 11, 9, 7, 7, 8, 8, 8, 7, 8, 8, 8, 7, 8, 10, 6, 5, 7, 9, 6, 7, 9, 7, 7, 6, 8, 7, 8, 7, 7, 6, 8, 8, 8, 9, 7, 7, 8, 6, 8, 10, 10, 8, 8, 9, 9, 7, 7, 7, 6, 7, 9, 5, 9, 5, 5, 6, 9, 7, 8, 6, 7, 7, 6, 10, 8, 10, 10, 7, 10, 
107: 8, 0, 0, 0, 0, 11, 7, 7, 7, 6, 0, 9, 7, 10, 5, 0, 0, 0, 0, 6, 7, 8, 0, 0, 10, 7, 0, 0, 0, 0, 9, 0, 0, 0, 9, 6, 5, 0, 7, 0, 9, 7, 0, 7, 0, 0, 8, 0, 7, 0, 0, 5, 7, 6, 7, 9, 0, 0, 8, 5, 0, 0, 9, 8, 0, 7, 7, 0, 8, 6, 0, 0, 6, 6, 6, 0, 0, 6, 0, 7, 7, 0, 0, 9, 8, 5, 0, 0, 10, 7, 9, 8, 4, 0, 0, 0, 0, 0, 0, 0, 0, 6, 6, 0, 8, 7, 0, 0, 0, 0, 0, 7, 0, 0, 0, 8, 0, 6, 0, 0, : 8, 11, 7, 7, 7, 6, 9, 7, 10, 5, 6, 7, 8, 10, 7, 9, 9, 6, 5, 7, 9, 7, 7, 8, 7, 5, 7, 6, 7, 9, 8, 5, 9, 8, 7, 7, 8, 6, 6, 6, 6, 6, 7, 7, 9, 8, 5, 10, 7, 9, 8, 4, 6, 6, 8, 7, 7, 8, 6, 
81: 0, 0, 0, 0, 0, 0, 0, 6, 7, 0, 8, 7, 10, 0, 0, 6, 0, 0, 0, 0, 5, 0, 0, 6, 4, 0, 0, 0, 8, 4, 0, 0, 0, 0, 8, 8, 7, 0, 9, 8, 0, 8, 0, 7, 0, 0, 0, 8, 0, 9, 0, 0, 0, 6, 0, 0, 8, 8, 6, 0, 0, 0, 8, 9, 7, 8, 0, 0, 0, 0, 0, 0, 10, 0, 6, 6, 0, 7, 7, 0, 0, 6, 0, 9, 0, 8, 8, 7, 5, 0, 0, 0, 10, 9, 8, 0, 7, 5, 0, 9, 0, 0, 6, 6, 9, 7, 7, 10, 0, 6, 5, 0, 0, 7, 0, 8, 9, 0, 0, 0, : 6, 7, 8, 7, 10, 6, 5, 6, 4, 8, 4, 8, 8, 7, 9, 8, 8, 7, 8, 9, 6, 8, 8, 6, 8, 9, 7, 8, 10, 6, 6, 7, 7, 6, 9, 8, 8, 7, 5, 10, 9, 8, 7, 5, 9, 6, 6, 9, 7, 7, 10, 6, 5, 7, 8, 9, 
22: 6, 9, 0, 0, 4, 0, 8, 0, 0, 7, 0, 8, 0, 0, 0, 0, 9, 0, 0, 0, 0, 8, 0, 0, 7, 0, 7, 0, 9, 0, 0, 9, 8, 0, 7, 7, 0, 0, 5, 6, 0, 6, 0, 0, 0, 7, 8, 8, 8, 9, 7, 0, 0, 0, 0, 6, 0, 0, 0, 0, 7, 8, 7, 0, 0, 7, 0, 0, 7, 0, 7, 0, 5, 0, 0, 9, 6, 0, 5, 8, 0, 0, 0, 8, 0, 9, 7, 6, 7, 0, 7, 7, 9, 5, 0, 0, 7, 0, 10, 0, 6, 0, 8, 0, 0, 9, 7, 0, 0, 0, 0, 0, 0, 8, 0, 0, 0, 7, 7, 0, : 6, 9, 4, 8, 7, 8, 9, 8, 7, 7, 9, 9, 8, 7, 7, 5, 6, 6, 7, 8, 8, 8, 9, 7, 6, 7, 8, 7, 7, 7, 7, 5, 9, 6, 5, 8, 8, 9, 7, 6, 7, 7, 7, 9, 5, 7, 10, 6, 8, 9, 7, 8, 7, 7, 
113: 0, 0, 8, 0, 0, 8, 6, 0, 6, 7, 0, 8, 9, 8, 0, 9, 10, 5, 0, 5, 0, 7, 0, 0, 0, 0, 0, 0, 10, 0, 0, 0, 6, 0, 8, 0, 9, 8, 0, 6, 9, 7, 0, 0, 6, 5, 7, 5, 0, 7, 0, 10, 8, 9, 8, 0, 5, 4, 0, 0, 0, 8, 0, 0, 6, 9, 0, 0, 5, 0, 8, 9, 0, 8, 0, 9, 0, 7, 7, 0, 7, 7, 0, 10, 0, 6, 0, 5, 0, 0, 0, 0, 6, 8, 6, 0, 5, 0, 0, 8, 0, 0, 8, 0, 9, 7, 9, 0, 6, 8, 0, 0, 0, 7, 7, 0, 6, 0, 0, 0, : 8, 8, 6, 6, 7, 8, 9, 8, 9, 10, 5, 5, 7, 10, 6, 8, 9, 8, 6, 9, 7, 6, 5, 7, 5, 7, 10, 8, 9, 8, 5, 4, 8, 6, 9, 5, 8, 9, 8, 9, 7, 7, 7, 7, 10, 6, 5, 6, 8, 6, 5, 8, 8, 9, 7, 9, 6, 8, 7, 7, 6, 
47: 10, 0, 7, 7, 0, 0, 6, 0, 6, 0, 0, 0, 0, 6, 0, 8, 9, 6, 0, 0, 8, 9, 0, 7, 5, 0, 0, 0, 0, 8, 7, 0, 6, 6, 0, 5, 6, 8, 9, 0, 0, 0, 8, 0, 8, 0, 5, 5, 8, 0, 0, 0, 7, 6, 0, 8, 0, 7, 9, 9, 7, 0, 6, 0, 6, 0, 8, 0, 6, 5, 0, 0, 10, 0, 0, 5, 0, 0, 0, 9, 0, 10, 6, 7, 9, 0, 6, 8, 9, 0, 0, 6, 7, 5, 8, 0, 0, 9, 6, 7, 8, 7, 0, 0, 7, 0, 0, 7, 8, 0, 0, 7, 7, 0, 7, 6, 0, 8, 0, 6, : 10, 7, 7, 6, 6, 6, 8, 9, 6, 8, 9, 7, 5, 8, 7, 6, 6, 5, 6, 8, 9, 8, 8, 5, 5, 8, 7, 6, 8, 7, 9, 9, 7, 6, 6, 8, 6, 5, 10, 5, 9, 10, 6, 7, 9, 6, 8, 9, 6, 7, 5, 8, 9, 6, 7, 8, 7, 7, 7, 8, 7, 7, 7, 6, 8, 6, 
106: 0, 7, 6, 0, 0, 7, 0, 0, 0, 0, 7, 0, 0, 10, 11, 0, 7, 8, 0, 0, 0, 6, 4, 5, 0, 0, 0, 11, 6, 8, 0, 7, 7, 8, 0, 7, 0, 0, 6, 0, 8, 0, 0, 10, 0, 0, 0, 0, 6, 7, 8, 0, 0, 0, 0, 0, 6, 0, 6, 10, 0, 10, 0, 0, 0, 9, 7, 0, 0, 7, 0, 0, 0, 0, 7, 8, 0, 7, 0, 0, 5, 0, 7, 0, 0, 0, 7, 8, 9, 9, 9, 7, 8, 0, 8, 6, 8, 9, 8, 0, 0, 0, 0, 7, 0, 0, 5, 8, 0, 0, 9, 6, 10, 0, 6, 0, 0, 7, 0, 6, : 7, 6, 7, 7, 10, 11, 7, 8, 6, 4, 5, 11, 6, 8, 7, 7, 8, 7, 6, 8, 10, 6, 7, 8, 6, 6, 10, 10, 9, 7, 7, 7, 8, 7, 5, 7, 7, 8, 9, 9, 9, 7, 8, 8, 6, 8, 9, 8, 7, 5, 8, 9, 6, 10, 6, 7, 6, 
46: 0, 0, 0, 6, 8, 0, 0, 7, 0, 0, 7, 6, 0, 9, 9, 0, 0, 0, 0, 0, 0, 0, 9, 0, 9, 7, 0, 5, 0, 0, 0, 0, 5, 0, 7, 9, 6, 0, 0, 0, 0, 0, 0, 8, 8, 7, 0, 7, 0, 8, 0, 4, 6, 0, 0, 6, 7, 0, 9, 0, 0, 0, 0, 8, 9, 0, 0, 9, 0, 0, 7, 0, 0, 6, 0, 0, 8, 7, 9, 6, 9, 7, 0, 0, 8, 8, 0, 8, 5, 0, 0, 9, 10, 7, 0, 0, 8, 8, 7, 8, 7, 0, 7, 6, 0, 0, 0, 0, 9, 6, 0, 6, 6, 0, 0, 5, 6, 0, 0, 8, : 6, 8, 7, 7, 6, 9, 9, 9, 9, 7, 5, 5, 7, 9, 6, 8, 8, 7, 7, 8, 4, 6, 6, 7, 9, 8, 9, 9, 7, 6, 8, 7, 9, 6, 9, 7, 8, 8, 8, 5, 9, 10, 7, 8, 8, 7, 8, 7, 7, 6, 9, 6, 6, 6, 5, 6, 8, 
116: 6, 0, 10, 5, 5, 0, 4, 0, 8, 0, 5, 0, 0, 7, 8, 0, 0, 8, 8, 7, 0, 10, 8, 8, 0, 7, 9, 10, 0, 0, 9, 0, 0, 0, 0, 0, 0, 6, 0, 8, 7, 7, 0, 0, 0, 0, 0, 7, 0, 8, 0, 6, 0, 0, 9, 0, 6, 0, 10, 6, 0, 0, 0, 0, 0, 0, 0, 6, 0, 10, 7, 10, 0, 0, 6, 0, 8, 0, 8, 0, 9, 0, 6, 7, 0, 8, 5, 0, 7, 0, 6, 0, 0, 8, 0, 6, 0, 0, 7, 0, 9, 0, 8, 7, 0, 0, 9, 7, 8, 0, 0, 8, 0, 0, 8, 0, 6, 0, 6, 0, : 6, 10, 5, 5, 4, 8, 5, 7, 8, 8, 8, 7, 10, 8, 8, 7, 9, 10, 9, 6, 8, 7, 7, 7, 8, 6, 9, 6, 10, 6, 6, 10, 7, 10, 6, 8, 8, 9, 6, 7, 8, 5, 7, 6, 8, 6, 7, 9, 8, 7, 9, 7, 8, 8, 8, 6, 6, 
105: 0, 8, 0, 0, 7, 7, 9, 0, 6, 0, 6, 0, 9, 7, 0, 0, 7, 0, 0, 8, 7, 0, 0, 6, 8, 0, 0, 7, 0, 10, 0, 8, 5, 8, 0, 0, 6, 0, 5, 6, 0, 0, 0, 9, 8, 0, 7, 0, 0, 0, 9, 0, 8, 7, 0, 7, 0, 0, 8, 0, 4, 7, 10, 8, 0, 0, 0, 9, 8, 0, 8, 0, 8, 7, 0, 6, 5, 0, 9, 5, 0, 0, 9, 0, 0, 7, 7, 9, 7, 9, 7, 0, 7, 0, 6, 0, 9, 0, 7, 7, 0, 7, 0, 0, 9, 0, 8, 6, 0, 7, 0, 0, 6, 10, 0, 0, 10, 0, 9, 0, : 8, 7, 7, 9, 6, 6, 9, 7, 7, 8, 7, 6, 8, 7, 10, 8, 5, 8, 6, 5, 6, 9, 8, 7, 9, 8, 7, 7, 8, 4, 7, 10, 8, 9, 8, 8, 8, 7, 6, 5, 9, 5, 9, 7, 7, 9, 7, 9, 7, 7, 6, 9, 7, 7, 7, 9, 8, 6, 7, 6, 10, 10, 9, 
90: 0, 0, 10, 7, 6, 0, 7, 7, 0, 0, 0, 7, 0, 0, 6, 6, 8, 0, 0, 10, 8, 0, 9, 0, 0, 7, 8, 10, 0, 0, 10, 0, 8, 6, 0, 8, 0, 8, 0, 0, 6, 7, 6, 0, 7, 0, 0, 10, 0, 8, 0, 7, 0, 0, 0, 0, 0, 0, 5, 0, 0, 0, 0, 0, 0, 0, 0, 8, 8, 8, 0, 6, 6, 0, 0, 7, 10, 8, 6, 0, 0, 0, 0, 7, 7, 7, 6, 6, 10, 4, 0, 10, 8, 0, 7, 0, 0, 7, 9, 0, 9, 0, 7, 9, 0, 7, 0, 7, 7, 0, 0, 0, 0, 7, 0, 7, 0, 8, 8, 0, : 10, 7, 6, 7, 7, 7, 6, 6, 8, 10, 8, 9, 7, 8, 10, 10, 8, 6, 8, 8, 6, 7, 6, 7, 10, 8, 7, 5, 8, 8, 8, 6, 6, 7, 10, 8, 6, 7, 7, 7, 6, 6, 10, 4, 10, 8, 7, 7, 9, 9, 7, 9, 7, 7, 7, 7, 7, 8, 8, 
24: 0, 7, 0, 10, 8, 0, 6, 0, 9, 0, 9, 0, 9, 10, 0, 0, 0, 7, 8, 0, 8, 0, 6, 0, 5, 0, 7, 7, 7, 0, 0, 6, 7, 0, 0, 0, 6, 0, 7, 8, 0, 7, 0, 0, 7, 6, 6, 0, 0, 0, 0, 0, 6, 8, 4, 0, 6, 0, 0, 0, 0, 9, 0, 8, 7, 9, 6, 7, 0, 7, 10, 8, 0, 7, 7, 0, 0, 7, 8, 9, 0, 8, 8, 0, 7, 8, 0, 0, 7, 5, 7, 8, 8, 7, 0, 0, 0, 7, 0, 0, 7, 0, 6, 0, 0, 0, 7, 7, 6, 0, 8, 6, 0, 5, 6, 7, 9, 0, 6, 6, : 7, 10, 8, 6, 9, 9, 9, 10, 7, 8, 8, 6, 5, 7, 7, 7, 6, 7, 6, 7, 8, 7, 7, 6, 6, 6, 8, 4, 6, 9, 8, 7, 9, 6, 7, 7, 10, 8, 7, 7, 7, 8, 9, 8, 8, 7, 8, 7, 5, 7, 8, 8, 7, 7, 7, 6, 7, 7, 6, 8, 6, 5, 6, 7, 9, 6, 6, 
50: 0, 0, 0, 11, 7, 5, 0, 5, 7, 0, 6, 8, 0, 0, 0, 0, 0, 7, 8, 0, 8, 0, 0, 8, 7, 7, 7, 0, 0, 0, 0, 0, 0, 0, 0, 6, 0, 8, 0, 0, 8, 6, 8, 0, 10, 0, 6, 6, 0, 8, 8, 8, 0, 8, 6, 0, 0, 0, 0, 7, 0, 0, 5, 0, 0, 7, 0, 0, 9, 0, 0, 0, 6, 6, 0, 0, 0, 6, 0, 0, 8, 7, 5, 7, 0, 7, 7, 0, 0, 7, 10, 0, 5, 0, 0, 6, 0, 0, 6, 7, 9, 8, 0, 7, 0, 0, 8, 8, 0, 0, 0, 9, 6, 0, 0, 0, 6, 0, 8, 0, : 11, 7, 5, 5, 7, 6, 8, 7, 8, 8, 8, 7, 7, 7, 6, 8, 8, 6, 8, 10, 6, 6, 8, 8, 8, 8, 6, 7, 5, 7, 9, 6, 6, 6, 8, 7, 5, 7, 7, 7, 7, 10, 5, 6, 6, 7, 9, 8, 7, 8, 8, 9, 6, 6, 8, 
63: 0, 4, 0, 0, 7, 10, 0, 7, 7, 7, 7, 0, 0, 8, 5, 0, 0, 0, 11, 6, 6, 0, 10, 8, 0, 11, 8, 0, 7, 6, 0, 7, 8, 0, 0, 5, 0, 0, 0, 8, 0, 0, 6, 0, 0, 8, 7, 6, 9, 0, 9, 0, 8, 0, 0, 8, 0, 8, 6, 10, 0, 0, 0, 9, 10, 0, 0, 0, 0, 9, 0, 9, 10, 0, 7, 8, 0, 0, 0, 6, 0, 0, 0, 7, 0, 0, 5, 0, 0, 6, 5, 9, 0, 0, 7, 8, 9, 0, 9, 9, 0, 5, 0, 0, 0, 9, 9, 9, 9, 9, 10, 0, 0, 8, 8, 0, 0, 0, 0, 0, : 4, 7, 10, 7, 7, 7, 7, 8, 5, 11, 6, 6, 10, 8, 11, 8, 7, 6, 7, 8, 5, 8, 6, 8, 7, 6, 9, 9, 8, 8, 8, 6, 10, 9, 10, 9, 9, 10, 7, 8, 6, 7, 5, 6, 5, 9, 7, 8, 9, 9, 9, 5, 9, 9, 9, 9, 9, 10, 8, 8, 
29: 7, 7, 0, 8, 10, 0, 0, 6, 7, 0, 0, 7, 9, 10, 0, 8, 9, 4, 0, 6, 0, 7, 6, 0, 0, 6, 0, 7, 0, 0, 7, 0, 0, 0, 5, 0, 7, 0, 5, 10, 6, 10, 0, 0, 0, 0, 8, 0, 8, 7, 0, 0, 8, 8, 9, 6, 0, 7, 0, 0, 6, 8, 0, 7, 8, 0, 7, 7, 7, 4, 6, 0, 0, 0, 7, 0, 8, 7, 0, 10, 0, 0, 8, 8, 0, 7, 0, 9, 0, 10, 0, 11, 0, 9, 10, 7, 0, 0, 7, 7, 0, 8, 0, 8, 0, 8, 0, 8, 5, 8, 5, 0, 0, 0, 0, 0, 0, 0, 0, 0, : 7, 7, 8, 10, 6, 7, 7, 9, 10, 8, 9, 4, 6, 7, 6, 6, 7, 7, 5, 7, 5, 10, 6, 10, 8, 8, 7, 8, 8, 9, 6, 7, 6, 8, 7, 8, 7, 7, 7, 4, 6, 7, 8, 7, 10, 8, 8, 7, 9, 10, 11, 9, 10, 7, 7, 7, 8, 8, 8, 8, 5, 8, 5, 
61: 0, 5, 8, 5, 7, 8, 6, 7, 0, 7, 0, 0, 0, 11, 0, 0, 6, 7, 6, 0, 6, 7, 7, 0, 0, 6, 0, 8, 9, 7, 4, 0, 7, 8, 8, 6, 0, 0, 7, 0, 8, 0, 0, 0, 8, 0, 0, 0, 0, 0, 8, 0, 6, 0, 0, 9, 9, 7, 0, 0, 0, 0, 6, 4, 8, 10, 0, 5, 0, 7, 0, 0, 0, 9, 0, 0, 0, 0, 9, 4, 0, 7, 0, 0, 9, 0, 9, 0, 7, 8, 11, 0, 7, 0, 4, 0, 0, 0, 5, 0, 6, 0, 8, 6, 0, 8, 9, 10, 5, 0, 0, 7, 0, 0, 8, 9, 7, 0, 0, 5, : 5, 8, 5, 7, 8, 6, 7, 7, 11, 6, 7, 6, 6, 7, 7, 6, 8, 9, 7, 4, 7, 8, 8, 6, 7, 8, 8, 8, 6, 9, 9, 7, 6, 4, 8, 10, 5, 7, 9, 9, 4, 7, 9, 9, 7, 8, 11, 7, 4, 5, 6, 8, 6, 8, 9, 10, 5, 7, 8, 9, 7, 5, 
32: 0, 0, 8, 6, 9, 8, 9, 0, 0, 0, 0, 8, 0, 7, 7, 7, 0, 8, 7, 0, 7, 0, 0, 9, 10, 11, 6, 0, 7, 0, 7, 0, 5, 0, 0, 7, 0, 0, 0, 0, 0, 7, 0, 5, 0, 6, 0, 0, 0, 0, 0, 0, 4, 0, 6, 5, 0, 7, 0, 0, 6, 7, 0, 8, 6, 0, 6, 0, 7, 0, 7, 6, 0, 0, 0, 7, 0, 8, 0, 8, 0, 0, 0, 9, 0, 7, 0, 0, 6, 7, 5, 7, 0, 0, 0, 0, 7, 8, 6, 0, 0, 8, 8, 6, 0, 0, 8, 0, 8, 7, 4, 5, 6, 4, 0, 0, 7, 10, 0, 0, : 8, 6, 9, 8, 9, 8, 7, 7, 7, 8, 7, 7, 9, 10, 11, 6, 7, 7, 5, 7, 7, 5, 6, 4, 6, 5, 7, 6, 7, 8, 6, 6, 7, 7, 6, 7, 8, 8, 9, 7, 6, 7, 5, 7, 7, 8, 6, 8, 8, 6, 8, 8, 7, 4, 5, 6, 4, 7, 10, 
49: 7, 0, 0, 0, 0, 0, 8, 7, 9, 0, 9, 0, 4, 7, 9, 6, 7, 9, 10, 11, 0, 8, 8, 7, 9, 10, 6, 9, 8, 6, 0, 0, 7, 6, 0, 8, 7, 8, 8, 0, 0, 9, 0, 0, 0, 9, 0, 0, 0, 0, 8, 9, 9, 7, 0, 0, 0, 0, 5, 8, 0, 5, 9, 5, 8, 0, 0, 0, 8, 6, 0, 0, 8, 0, 8, 6, 6, 8, 9, 0, 0, 0, 0, 9, 0, 0, 8, 8, 7, 0, 4, 0, 0, 8, 0, 8, 0, 0, 9, 6, 0, 8, 0, 0, 0, 0, 8, 6, 0, 0, 6, 0, 0, 0, 9, 8, 0, 0, 8, 0, : 7, 8, 7, 9, 9, 4, 7, 9, 6, 7, 9, 10, 11, 8, 8, 7, 9, 10, 6, 9, 8, 6, 7, 6, 8, 7, 8, 8, 9, 9, 8, 9, 9, 7, 5, 8, 5, 9, 5, 8, 8, 6, 8, 8, 6, 6, 8, 9, 9, 8, 8, 7, 4, 8, 8, 9, 6, 8, 8, 6, 6, 9, 8, 8, 
95: 0, 5, 0, 0, 0, 8, 0, 6, 0, 0, 6, 0, 0, 7, 0, 0, 5, 0, 8, 0, 0, 7, 0, 0, 0, 6, 0, 8, 9, 0, 0, 0, 0, 6, 9, 0, 10, 6, 0, 0, 10, 0, 9, 0, 6, 8, 7, 0, 8, 8, 10, 8, 0, 8, 0, 7, 0, 0, 8, 0, 8, 0, 7, 7, 0, 8, 5, 7, 0, 0, 10, 0, 7, 0, 0, 6, 0, 0, 7, 0, 0, 0, 7, 0, 0, 0, 0, 0, 0, 6, 8, 8, 0, 6, 0, 0, 0, 7, 0, 0, 0, 8, 9, 0, 7, 8, 5, 0, 0, 0, 8, 0, 0, 0, 0, 0, 0, 0, 0, 7, : 5, 8, 6, 6, 7, 5, 8, 7, 6, 8, 9, 6, 9, 10, 6, 10, 9, 6, 8, 7, 8, 8, 10, 8, 8, 7, 8, 8, 7, 7, 8, 5, 7, 10, 7, 6, 7, 7, 6, 8, 8, 6, 7, 8, 9, 7, 8, 5, 8, 7, 
57: 6, 8, 5, 7, 7, 9, 0, 0, 8, 0, 6, 0, 6, 0, 7, 5, 0, 0, 0, 0, 0, 0, 0, 6, 8, 7, 10, 8, 10, 0, 0, 0, 9, 0, 0, 6, 0, 0, 0, 9, 0, 9, 7, 7, 0, 7, 7, 7, 0, 0, 7, 0, 7, 0, 0, 0, 9, 0, 9, 0, 11, 0, 7, 9, 0, 0, 0, 10, 0, 0, 0, 6, 7, 0, 0, 0, 7, 7, 0, 0, 7, 8, 6, 0, 0, 8, 6, 9, 0, 0, 5, 8, 0, 7, 0, 0, 0, 8, 9, 0, 5, 0, 7, 0, 0, 0, 8, 9, 6, 7, 0, 9, 7, 10, 0, 6, 9, 0, 0, 9, : 6, 8, 5, 7, 7, 9, 8, 6, 6, 7, 5, 6, 8, 7, 10, 8, 10, 9, 6, 9, 9, 7, 7, 7, 7, 7, 7, 7, 9, 9, 11, 7, 9, 10, 6, 7, 7, 7, 7, 8, 6, 8, 6, 9, 5, 8, 7, 8, 9, 5, 7, 8, 9, 6, 7, 9, 7, 10, 6, 9, 9, 
101: 0, 0, 0, 0, 10, 0, 0, 7, 0, 6, 0, 0, 0, 0, 0, 6, 8, 8, 0, 0, 0, 8, 10, 0, 8, 11, 0, 0, 5, 5, 10, 0, 9, 6, 6, 0, 0, 8, 7, 0, 0, 8, 8, 5, 0, 7, 0, 8, 8, 9, 0, 0, 0, 8, 0, 0, 7, 8, 0, 6, 8, 9, 9, 0, 7, 0, 6, 0, 10, 7, 0, 0, 0, 0, 0, 7, 0, 0, 7, 0, 8, 0, 0, 0, 6, 6, 0, 9, 0, 0, 7, 5, 0, 0, 0, 8, 7, 0, 7, 9, 7, 0, 0, 9, 8, 8, 5, 0, 6, 8, 10, 0, 8, 0, 7, 0, 8, 0, 0, 0, : 10, 7, 6, 6, 8, 8, 8, 10, 8, 11, 5, 5, 10, 9, 6, 6, 8, 7, 8, 8, 5, 7, 8, 8, 9, 8, 7, 8, 6, 8, 9, 9, 7, 6, 10, 7, 7, 7, 8, 6, 6, 9, 7, 5, 8, 7, 7, 9, 7, 9, 8, 8, 5, 6, 8, 10, 8, 7, 8, 
13: 0, 0, 0, 7, 7, 0, 0, 10, 10, 6, 0, 9, 8, 0, 0, 0, 6, 0, 8, 0, 0, 0, 10, 7, 11, 0, 8, 9, 0, 5, 0, 9, 9, 0, 0, 0, 7, 0, 0, 0, 0, 7, 0, 0, 0, 9, 0, 5, 6, 0, 8, 0, 7, 0, 0, 0, 6, 0, 0, 6, 0, 7, 9, 0, 0, 0, 0, 0, 9, 7, 0, 0, 7, 0, 6, 8, 8, 0, 6, 7, 0, 11, 7, 6, 5, 0, 8, 9, 6, 7, 6, 0, 0, 0, 0, 5, 8, 5, 9, 0, 0, 0, 0, 6, 10, 0, 0, 0, 0, 0, 7, 0, 0, 11, 8, 6, 11, 8, 8, 0, : 7, 7, 10, 10, 6, 9, 8, 6, 8, 10, 7, 11, 8, 9, 5, 9, 9, 7, 7, 9, 5, 6, 8, 7, 6, 6, 7, 9, 9, 7, 7, 6, 8, 8, 6, 7, 11, 7, 6, 5, 8, 9, 6, 7, 6, 5, 8, 5, 9, 6, 10, 7, 11, 8, 6, 11, 8, 8, 
20: 0, 0, 5, 0, 0, 0, 0, 6, 9, 0, 9, 0, 0, 5, 9, 6, 7, 0, 0, 0, 9, 7, 0, 7, 0, 5, 7, 7, 7, 0, 5, 7, 8, 0, 8, 0, 0, 7, 0, 6, 0, 0, 0, 9, 0, 0, 7, 8, 0, 0, 7, 0, 0, 0, 0, 6, 0, 0, 4, 9, 0, 4, 0, 9, 0, 7, 0, 7, 0, 8, 0, 8, 0, 10, 0, 0, 7, 0, 0, 6, 8, 9, 0, 0, 0, 8, 0, 5, 8, 8, 6, 4, 10, 0, 0, 6, 0, 9, 7, 0, 8, 7, 7, 0, 7, 6, 9, 0, 0, 0, 0, 8, 7, 0, 8, 0, 8, 7, 6, 9, : 5, 6, 9, 9, 5, 9, 6, 7, 9, 7, 7, 5, 7, 7, 7, 5, 7, 8, 8, 7, 6, 9, 7, 8, 7, 6, 4, 9, 4, 9, 7, 7, 8, 8, 10, 7, 6, 8, 9, 8, 5, 8, 8, 6, 4, 10, 6, 9, 7, 8, 7, 7, 7, 6, 9, 8, 7, 8, 8, 7, 6, 9, 
115: 9, 0, 0, 8, 0, 0, 7, 0, 0, 0, 0, 0, 0, 0, 6, 0, 8, 8, 7, 7, 0, 0, 0, 7, 10, 5, 0, 0, 0, 0, 6, 7, 9, 5, 0, 7, 0, 0, 8, 0, 0, 0, 8, 0, 6, 0, 0, 8, 0, 0, 0, 0, 0, 0, 0, 0, 7, 8, 7, 0, 9, 9, 7, 9, 6, 7, 9, 6, 5, 5, 8, 0, 6, 8, 0, 7, 6, 0, 0, 0, 8, 8, 0, 0, 0, 0, 0, 0, 9, 0, 0, 0, 7, 0, 0, 0, 5, 0, 0, 9, 0, 6, 0, 8, 6, 0, 8, 0, 8, 0, 9, 0, 5, 0, 7, 0, 7, 8, 0, 8, : 9, 8, 7, 6, 8, 8, 7, 7, 7, 10, 5, 6, 7, 9, 5, 7, 8, 8, 6, 8, 7, 8, 7, 9, 9, 7, 9, 6, 7, 9, 6, 5, 5, 8, 6, 8, 7, 6, 8, 8, 9, 7, 5, 9, 6, 8, 6, 8, 8, 9, 5, 7, 7, 8, 8, 
9: 0, 8, 8, 6, 8, 0, 0, 7, 9, 0, 0, 7, 0, 0, 7, 7, 0, 10, 0, 8, 0, 6, 6, 6, 0, 0, 10, 5, 0, 8, 0, 0, 9, 6, 0, 0, 6, 0, 6, 0, 6, 6, 0, 7, 0, 8, 0, 6, 0, 10, 7, 0, 6, 7, 0, 7, 6, 6, 8, 9, 0, 11, 6, 0, 0, 0, 9, 0, 0, 0, 9, 0, 0, 0, 0, 0, 0, 7, 6, 0, 8, 0, 0, 0, 8, 0, 5, 0, 7, 0, 0, 0, 9, 8, 6, 8, 0, 0, 7, 0, 0, 7, 0, 0, 0, 0, 7, 0, 8, 0, 9, 0, 5, 7, 0, 0, 0, 0, 10, 0, : 8, 8, 6, 8, 7, 9, 7, 7, 7, 10, 8, 6, 6, 6, 10, 5, 8, 9, 6, 6, 6, 6, 6, 7, 8, 6, 10, 7, 6, 7, 7, 6, 6, 8, 9, 11, 6, 9, 9, 7, 6, 8, 8, 5, 7, 9, 8, 6, 8, 7, 7, 7, 8, 9, 5, 7, 10, 
70: 0, 0, 0, 0, 0, 0, 9, 8, 6, 10, 6, 0, 0, 0, 7, 0, 7, 7, 6, 5, 7, 0, 0, 0, 6, 0, 0, 10, 7, 0, 7, 0, 9, 0, 0, 8, 6, 0, 0, 0, 0, 0, 0, 0, 8, 7, 8, 0, 6, 10, 8, 8, 9, 0, 8, 0, 0, 9, 0, 0, 6, 9, 8, 4, 7, 8, 0, 0, 0, 10, 0, 0, 0, 11, 0, 0, 6, 0, 0, 5, 0, 0, 6, 0, 9, 0, 5, 7, 5, 9, 7, 7, 6, 8, 0, 5, 6, 0, 0, 0, 6, 0, 9, 6, 0, 0, 0, 0, 9, 0, 8, 9, 6, 5, 10, 0, 7, 0, 0, 0, : 9, 8, 6, 10, 6, 7, 7, 7, 6, 5, 7, 6, 10, 7, 7, 9, 8, 6, 8, 7, 8, 6, 10, 8, 8, 9, 8, 9, 6, 9, 8, 4, 7, 8, 10, 11, 6, 5, 6, 9, 5, 7, 5, 9, 7, 7, 6, 8, 5, 6, 6, 9, 6, 9, 8, 9, 6, 5, 10, 7, 
64: 5, 0, 8, 4, 0, 10, 0, 0, 0, 0, 7, 0, 0, 0, 7, 4, 0, 0, 7, 0, 7, 8, 0, 0, 10, 0, 6, 9, 0, 5, 8, 8, 0, 6, 0, 8, 0, 0, 9, 0, 7, 0, 9, 7, 10, 8, 0, 8, 0, 0, 7, 10, 0, 9, 11, 0, 8, 0, 0, 5, 6, 0, 0, 9, 8, 0, 8, 0, 8, 0, 7, 6, 0, 6, 8, 6, 9, 7, 4, 10, 6, 8, 9, 0, 9, 0, 0, 7, 0, 0, 0, 0, 7, 0, 8, 0, 0, 0, 9, 0, 6, 6, 0, 8, 0, 7, 8, 0, 0, 6, 0, 9, 5, 0, 8, 0, 7, 7, 9, 0, : 5, 8, 4, 10, 7, 7, 4, 7, 7, 8, 10, 6, 9, 5, 8, 8, 6, 8, 9, 7, 9, 7, 10, 8, 8, 7, 10, 9, 11, 8, 5, 6, 9, 8, 8, 8, 7, 6, 6, 8, 6, 9, 7, 4, 10, 6, 8, 9, 9, 7, 7, 8, 9, 6, 6, 8, 7, 8, 6, 9, 5, 8, 7, 7, 9, 
94: 0, 7, 0, 4, 0, 0, 0, 7, 7, 0, 0, 0, 9, 6, 0, 6, 0, 0, 0, 4, 10, 0, 0, 0, 0, 0, 7, 0, 5, 0, 0, 8, 0, 0, 9, 6, 0, 0, 8, 8, 7, 0, 6, 0, 0, 5, 0, 0, 8, 0, 5, 6, 0, 0, 0, 7, 0, 6, 0, 6, 10, 0, 9, 0, 0, 0, 7, 7, 0, 6, 0, 6, 0, 10, 0, 0, 0, 0, 7, 0, 0, 0, 9, 9, 0, 0, 0, 0, 4, 7, 0, 0, 8, 8, 6, 4, 7, 7, 8, 0, 0, 0, 7, 9, 6, 6, 0, 0, 0, 5, 0, 0, 0, 6, 8, 7, 0, 0, 0, 0, : 7, 4, 7, 7, 9, 6, 6, 4, 10, 7, 5, 8, 9, 6, 8, 8, 7, 6, 5, 8, 5, 6, 7, 6, 6, 10, 9, 7, 7, 6, 6, 10, 7, 9, 9, 4, 7, 8, 8, 6, 4, 7, 7, 8, 7, 9, 6, 6, 5, 6, 8, 7, 
56: 7, 8, 5, 10, 0, 6, 0, 6, 0, 7, 6, 11, 6, 0, 0, 8, 0, 0, 6, 0, 7, 8, 0, 5, 0, 0, 0, 7, 7, 0, 0, 0, 6, 9, 0, 7, 8, 0, 7, 0, 0, 7, 0, 0, 7, 0, 7, 6, 7, 0, 0, 0, 0, 0, 7, 8, 0, 6, 0, 0, 0, 0, 6, 4, 8, 8, 0, 6, 0, 9, 6, 6, 0, 0, 0, 6, 6, 0, 0, 0, 0, 0, 0, 0, 7, 8, 0, 0, 0, 7, 0, 0, 0, 0, 6, 6, 9, 0, 0, 0, 0, 10, 0, 8, 8, 0, 7, 7, 0, 0, 0, 8, 7, 0, 7, 0, 8, 0, 0, 0, : 7, 8, 5, 10, 6, 6, 7, 6, 11, 6, 8, 6, 7, 8, 5, 7, 7, 6, 9, 7, 8, 7, 7, 7, 7, 6, 7, 7, 8, 6, 6, 4, 8, 8, 6, 9, 6, 6, 6, 6, 7, 8, 7, 6, 6, 9, 10, 8, 8, 7, 7, 8, 7, 7, 8, 
75: 0, 0, 9, 5, 0, 7, 0, 0, 8, 7, 0, 0, 11, 7, 0, 0, 7, 9, 0, 7, 5, 0, 6, 6, 10, 0, 0, 0, 10, 7, 0, 0, 0, 0, 0, 0, 0, 8, 0, 6, 9, 8, 0, 7, 0, 8, 0, 9, 0, 9, 8, 0, 0, 5, 6, 0, 8, 9, 0, 8, 0, 0, 7, 11, 0, 6, 10, 0, 6, 0, 0, 0, 8, 8, 10, 0, 0, 0, 7, 0, 0, 0, 0, 0, 8, 9, 0, 8, 0, 6, 0, 5, 0, 5, 0, 0, 0, 0, 0, 0, 9, 0, 0, 0, 8, 6, 7, 0, 0, 0, 0, 8, 0, 0, 6, 0, 0, 0, 7, 0, : 9, 5, 7, 8, 7, 11, 7, 7, 9, 7, 5, 6, 6, 10, 10, 7, 8, 6, 9, 8, 7, 8, 9, 9, 8, 5, 6, 8, 9, 8, 7, 11, 6, 10, 6, 8, 8, 10, 7, 8, 9, 8, 6, 5, 5, 9, 8, 6, 7, 8, 6, 7, 
103: 0, 6, 0, 8, 6, 0, 7, 8, 7, 8, 0, 0, 0, 0, 10, 0, 9, 0, 0, 0, 0, 8, 0, 5, 0, 6, 0, 0, 9, 5, 0, 0, 6, 8, 9, 0, 7, 11, 8, 8, 0, 6, 0, 9, 7, 6, 0, 6, 0, 7, 0, 7, 8, 4, 11, 0, 9, 9, 9, 0, 0, 6, 6, 9, 8, 0, 7, 0, 7, 0, 6, 10, 0, 8, 6, 7, 8, 0, 5, 0, 0, 0, 0, 5, 0, 0, 0, 0, 0, 0, 7, 8, 5, 0, 5, 8, 8, 7, 8, 0, 0, 8, 0, 0, 7, 0, 8, 0, 0, 8, 0, 0, 8, 7, 5, 0, 0, 0, 7, 5, : 6, 8, 6, 7, 8, 7, 8, 10, 9, 8, 5, 6, 9, 5, 6, 8, 9, 7, 11, 8, 8, 6, 9, 7, 6, 6, 7, 7, 8, 4, 11, 9, 9, 9, 6, 6, 9, 8, 7, 7, 6, 10, 8, 6, 7, 8, 5, 5, 7, 8, 5, 5, 8, 8, 7, 8, 8, 7, 8, 8, 8, 7, 5, 7, 5, 
34: 6, 8, 0, 0, 0, 0, 6, 0, 5, 9, 0, 6, 0, 10, 4, 7, 0, 0, 0, 7, 7, 10, 0, 0, 5, 10, 9, 9, 5, 0, 0, 7, 8, 0, 0, 9, 0, 7, 0, 5, 5, 9, 0, 7, 8, 10, 0, 0, 0, 0, 0, 7, 0, 9, 8, 0, 0, 0, 0, 0, 0, 7, 5, 0, 0, 6, 0, 8, 0, 0, 0, 8, 0, 0, 9, 0, 8, 0, 0, 6, 10, 7, 0, 0, 0, 8, 0, 7, 0, 0, 7, 8, 0, 0, 0, 0, 0, 9, 8, 5, 0, 7, 0, 8, 0, 0, 0, 9, 0, 0, 0, 0, 0, 9, 0, 0, 0, 0, 0, 10, : 6, 8, 6, 5, 9, 6, 10, 4, 7, 7, 7, 10, 5, 10, 9, 9, 5, 7, 8, 9, 7, 5, 5, 9, 7, 8, 10, 7, 9, 8, 7, 5, 6, 8, 8, 9, 8, 6, 10, 7, 8, 7, 7, 8, 9, 8, 5, 7, 8, 9, 9, 10, 
114: 6, 7, 8, 8, 4, 0, 5, 8, 0, 8, 0, 0, 0, 0, 7, 9, 0, 0, 8, 8, 0, 5, 0, 0, 7, 0, 0, 0, 4, 10, 7, 0, 0, 6, 9, 0, 0, 7, 7, 7, 0, 0, 6, 8, 0, 0, 0, 0, 0, 0, 0, 0, 8, 11, 6, 8, 9, 0, 0, 0, 8, 0, 6, 10, 0, 0, 0, 9, 0, 7, 7, 0, 0, 0, 0, 6, 0, 0, 6, 7, 0, 0, 0, 0, 0, 0, 7, 8, 10, 0, 7, 5, 0, 0, 0, 0, 0, 7, 0, 9, 0, 0, 0, 6, 7, 9, 0, 9, 9, 0, 0, 0, 0, 6, 5, 0, 7, 0, 6, 0, : 6, 7, 8, 8, 4, 5, 8, 8, 7, 9, 8, 8, 5, 7, 4, 10, 7, 6, 9, 7, 7, 7, 6, 8, 8, 11, 6, 8, 9, 8, 6, 10, 9, 7, 7, 6, 6, 7, 7, 8, 10, 7, 5, 7, 9, 6, 7, 9, 9, 9, 6, 5, 7, 6, 
62: 9, 0, 0, 6, 8, 0, 10, 0, 7, 0, 7, 0, 0, 8, 0, 0, 0, 0, 0, 0, 8, 0, 0, 8, 7, 0, 0, 6, 0, 8, 7, 5, 0, 0, 0, 0, 9, 0, 8, 0, 9, 0, 0, 10, 0, 8, 0, 7, 0, 6, 7, 0, 8, 0, 0, 0, 0, 0, 0, 0, 5, 8, 5, 8, 0, 0, 0, 0, 0, 0, 0, 0, 0, 0, 0, 8, 0, 7, 7, 0, 6, 0, 0, 6, 7, 0, 0, 6, 0, 0, 9, 0, 0, 8, 8, 9, 0, 7, 6, 7, 0, 7, 10, 8, 0, 0, 7, 7, 7, 7, 0, 0, 0, 7, 0, 0, 6, 8, 5, 6, : 9, 6, 8, 10, 7, 7, 8, 8, 8, 7, 6, 8, 7, 5, 9, 8, 9, 10, 8, 7, 6, 7, 8, 5, 8, 5, 8, 8, 7, 7, 6, 6, 7, 6, 9, 8, 8, 9, 7, 6, 7, 7, 10, 8, 7, 7, 7, 7, 7, 6, 8, 5, 6, 
117: 0, 0, 0, 0, 7, 0, 0, 8, 6, 0, 0, 0, 7, 8, 9, 0, 0, 9, 0, 7, 0, 7, 0, 0, 0, 4, 7, 7, 7, 9, 0, 6, 0, 0, 0, 0, 0, 0, 9, 7, 0, 5, 9, 8, 0, 7, 8, 7, 6, 9, 0, 7, 6, 5, 0, 0, 8, 0, 6, 6, 6, 9, 0, 6, 0, 0, 8, 0, 0, 0, 7, 0, 0, 8, 0, 0, 4, 0, 0, 9, 0, 9, 9, 0, 0, 6, 10, 0, 0, 8, 0, 0, 7, 9, 0, 6, 0, 7, 7, 10, 6, 0, 7, 0, 0, 0, 0, 5, 0, 9, 0, 9, 0, 0, 0, 0, 7, 0, 8, 0, : 7, 8, 6, 7, 8, 9, 9, 7, 7, 4, 7, 7, 7, 9, 6, 9, 7, 5, 9, 8, 7, 8, 7, 6, 9, 7, 6, 5, 8, 6, 6, 6, 9, 6, 8, 7, 8, 4, 9, 9, 9, 6, 10, 8, 7, 9, 6, 7, 7, 10, 6, 7, 5, 9, 9, 7, 8, 
6: 8, 0, 9, 8, 10, 7, 5, 0, 0, 8, 0, 7, 6, 7, 5, 0, 0, 8, 10, 0, 0, 5, 8, 0, 0, 7, 8, 8, 0, 0, 7, 0, 0, 9, 0, 6, 9, 0, 0, 9, 0, 7, 7, 7, 7, 10, 0, 0, 0, 0, 0, 10, 0, 0, 8, 0, 5, 0, 9, 8, 9, 6, 7, 0, 0, 7, 0, 0, 0, 9, 5, 7, 0, 8, 4, 0, 0, 0, 7, 10, 9, 10, 8, 8, 0, 6, 0, 0, 9, 0, 10, 8, 0, 9, 7, 0, 0, 9, 9, 0, 10, 5, 0, 8, 7, 9, 0, 0, 0, 0, 0, 0, 0, 9, 10, 0, 0, 0, 5, 9, : 8, 9, 8, 10, 7, 5, 8, 7, 6, 7, 5, 8, 10, 5, 8, 7, 8, 8, 7, 9, 6, 9, 9, 7, 7, 7, 7, 10, 10, 8, 5, 9, 8, 9, 6, 7, 7, 9, 5, 7, 8, 4, 7, 10, 9, 10, 8, 8, 6, 9, 10, 8, 9, 7, 9, 9, 10, 5, 8, 7, 9, 9, 10, 5, 9, 
84: 0, 0, 7, 0, 8, 7, 0, 8, 8, 7, 7, 7, 0, 0, 7, 10, 0, 0, 8, 8, 9, 6, 0, 0, 0, 8, 5, 9, 7, 0, 0, 8, 0, 0, 0, 8, 9, 0, 7, 11, 0, 0, 9, 0, 0, 0, 0, 0, 8, 8, 0, 0, 7, 0, 0, 7, 7, 0, 7, 0, 0, 0, 6, 8, 0, 8, 0, 7, 9, 0, 8, 6, 0, 6, 0, 10, 9, 8, 0, 7, 0, 7, 9, 0, 0, 0, 8, 9, 0, 5, 0, 8, 9, 10, 6, 0, 8, 0, 0, 7, 0, 0, 9, 8, 6, 6, 0, 0, 0, 9, 0, 6, 9, 0, 8, 0, 4, 0, 0, 0, : 7, 8, 7, 8, 8, 7, 7, 7, 7, 10, 8, 8, 9, 6, 8, 5, 9, 7, 8, 8, 9, 7, 11, 9, 8, 8, 7, 7, 7, 7, 6, 8, 8, 7, 9, 8, 6, 6, 10, 9, 8, 7, 7, 9, 8, 9, 5, 8, 9, 10, 6, 8, 7, 9, 8, 6, 6, 9, 6, 9, 8, 4, 
82: 8, 0, 9, 7, 8, 0, 7, 10, 0, 5, 0, 0, 0, 8, 0, 8, 6, 8, 9, 6, 0, 0, 0, 7, 0, 9, 7, 0, 7, 7, 0, 0, 8, 8, 8, 9, 8, 0, 7, 0, 6, 0, 7, 10, 0, 8, 0, 8, 6, 0, 0, 0, 9, 0, 0, 0, 9, 0, 10, 0, 0, 0, 0, 0, 4, 7, 8, 0, 0, 0, 10, 0, 8, 9, 8, 0, 9, 0, 5, 0, 0, 0, 0, 9, 4, 8, 9, 7, 7, 6, 0, 0, 0, 9, 0, 0, 7, 0, 0, 0, 9, 0, 0, 6, 0, 7, 6, 6, 6, 0, 0, 0, 8, 0, 8, 0, 8, 0, 0, 0, : 8, 9, 7, 8, 7, 10, 5, 8, 8, 6, 8, 9, 6, 7, 9, 7, 7, 7, 8, 8, 8, 9, 8, 7, 6, 7, 10, 8, 8, 6, 9, 9, 10, 4, 7, 8, 10, 8, 9, 8, 9, 5, 9, 4, 8, 9, 7, 7, 6, 9, 7, 9, 6, 7, 6, 6, 6, 8, 8, 8, 
85: 8, 0, 9, 7, 7, 5, 0, 9, 6, 0, 7, 0, 0, 9, 7, 10, 0, 0, 0, 10, 0, 0, 0, 6, 0, 0, 7, 7, 0, 0, 8, 0, 0, 8, 0, 8, 0, 5, 0, 7, 0, 5, 8, 9, 7, 8, 0, 0, 6, 0, 5, 0, 0, 0, 0, 0, 0, 7, 8, 0, 0, 0, 7, 9, 0, 9, 8, 0, 7, 0, 0, 9, 9, 0, 11, 0, 9, 7, 0, 8, 6, 0, 6, 7, 0, 0, 9, 9, 0, 8, 0, 5, 0, 0, 6, 7, 0, 0, 0, 7, 0, 7, 0, 7, 6, 8, 8, 0, 0, 7, 0, 0, 9, 0, 0, 0, 6, 0, 0, 0, : 8, 9, 7, 7, 5, 9, 6, 7, 9, 7, 10, 10, 6, 7, 7, 8, 8, 8, 5, 7, 5, 8, 9, 7, 8, 6, 5, 7, 8, 7, 9, 9, 8, 7, 9, 9, 11, 9, 7, 8, 6, 6, 7, 9, 9, 8, 5, 6, 7, 7, 7, 7, 6, 8, 8, 7, 9, 6, 
55: 0, 6, 0, 0, 0, 0, 6, 7, 0, 0, 0, 0, 0, 0, 0, 5, 5, 0, 0, 0, 10, 0, 8, 0, 0, 8, 8, 8, 8, 7, 9, 5, 0, 9, 9, 0, 0, 8, 11, 0, 0, 7, 6, 9, 7, 0, 0, 0, 8, 7, 9, 8, 0, 8, 8, 0, 8, 0, 0, 7, 0, 8, 6, 0, 10, 7, 7, 6, 8, 0, 8, 0, 0, 0, 0, 7, 6, 0, 7, 7, 0, 6, 0, 7, 7, 0, 8, 8, 9, 0, 0, 0, 0, 8, 6, 8, 0, 7, 0, 0, 8, 7, 6, 0, 0, 7, 7, 7, 0, 0, 6, 6, 6, 8, 9, 0, 5, 0, 0, 5, : 6, 6, 7, 5, 5, 10, 8, 8, 8, 8, 8, 7, 9, 5, 9, 9, 8, 11, 7, 6, 9, 7, 8, 7, 9, 8, 8, 8, 8, 7, 8, 6, 10, 7, 7, 6, 8, 8, 7, 6, 7, 7, 6, 7, 7, 8, 8, 9, 8, 6, 8, 7, 8, 7, 6, 7, 7, 7, 6, 6, 6, 8, 9, 5, 5, 
31: 8, 7, 0, 0, 7, 5, 0, 0, 6, 0, 0, 8, 6, 6, 0, 0, 7, 8, 9, 0, 0, 7, 7, 8, 0, 7, 0, 4, 0, 7, 0, 8, 10, 0, 7, 9, 8, 8, 7, 0, 10, 6, 8, 0, 9, 0, 0, 7, 5, 8, 0, 9, 7, 8, 0, 0, 6, 6, 9, 0, 0, 5, 9, 0, 7, 0, 0, 6, 8, 10, 6, 7, 7, 0, 6, 0, 6, 6, 0, 7, 0, 0, 6, 6, 8, 9, 0, 6, 7, 6, 6, 9, 0, 7, 0, 0, 8, 7, 8, 5, 6, 9, 7, 0, 6, 7, 0, 7, 0, 5, 8, 7, 0, 8, 11, 0, 0, 0, 0, 9, : 8, 7, 7, 5, 6, 8, 6, 6, 7, 8, 9, 7, 7, 8, 7, 4, 7, 8, 10, 7, 9, 8, 8, 7, 10, 6, 8, 9, 7, 5, 8, 9, 7, 8, 6, 6, 9, 5, 9, 7, 6, 8, 10, 6, 7, 7, 6, 6, 6, 7, 6, 6, 8, 9, 6, 7, 6, 6, 9, 7, 8, 7, 8, 5, 6, 9, 7, 6, 7, 7, 5, 8, 7, 8, 11, 9, 
79: 0, 7, 8, 0, 0, 0, 0, 0, 0, 0, 6, 6, 0, 0, 5, 7, 8, 5, 8, 8, 9, 0, 7, 0, 0, 0, 7, 7, 0, 7, 8, 0, 0, 0, 0, 8, 7, 8, 0, 8, 7, 0, 6, 0, 0, 9, 9, 0, 0, 8, 9, 7, 8, 0, 6, 0, 7, 9, 6, 0, 5, 8, 0, 0, 0, 0, 6, 8, 0, 0, 8, 0, 8, 6, 7, 8, 8, 7, 5, 7, 0, 0, 0, 8, 6, 7, 0, 8, 0, 10, 0, 7, 0, 9, 8, 0, 7, 0, 7, 0, 9, 0, 0, 0, 10, 0, 0, 0, 9, 7, 8, 8, 8, 0, 8, 0, 7, 0, 9, 6, : 7, 8, 6, 6, 5, 7, 8, 5, 8, 8, 9, 7, 7, 7, 7, 8, 8, 7, 8, 8, 7, 6, 9, 9, 8, 9, 7, 8, 6, 7, 9, 6, 5, 8, 6, 8, 8, 8, 6, 7, 8, 8, 7, 5, 7, 8, 6, 7, 8, 10, 7, 9, 8, 7, 7, 9, 10, 9, 7, 8, 8, 8, 8, 7, 9, 6, 
88: 0, 0, 0, 0, 8, 6, 0, 8, 0, 7, 0, 0, 6, 5, 5, 9, 6, 0, 7, 8, 7, 7, 0, 0, 7, 0, 5, 6, 0, 0, 0, 0, 0, 7, 8, 0, 0, 8, 7, 9, 0, 0, 8, 8, 0, 8, 0, 8, 9, 6, 0, 0, 9, 9, 8, 7, 0, 9, 9, 7, 7, 0, 0, 7, 9, 0, 6, 7, 8, 0, 7, 0, 7, 6, 0, 7, 0, 0, 0, 10, 9, 0, 8, 8, 10, 0, 8, 0, 0, 0, 6, 0, 0, 6, 7, 8, 9, 8, 8, 0, 0, 8, 0, 6, 8, 0, 0, 5, 8, 5, 0, 5, 7, 8, 0, 0, 0, 0, 7, 9, : 8, 6, 8, 7, 6, 5, 5, 9, 6, 7, 8, 7, 7, 7, 5, 6, 7, 8, 8, 7, 9, 8, 8, 8, 8, 9, 6, 9, 9, 8, 7, 9, 9, 7, 7, 7, 9, 6, 7, 8, 7, 7, 6, 7, 10, 9, 8, 8, 10, 8, 6, 6, 7, 8, 9, 8, 8, 8, 6, 8, 5, 8, 5, 5, 7, 8, 7, 9, 
110: 0, 7, 7, 8, 0, 0, 0, 5, 0, 6, 7, 0, 0, 6, 0, 0, 6, 0, 8, 9, 8, 7, 10, 0, 0, 0, 0, 0, 9, 0, 0, 0, 0, 0, 7, 8, 8, 6, 0, 0, 6, 0, 0, 6, 6, 0, 7, 0, 5, 8, 0, 6, 0, 0, 6, 0, 0, 6, 5, 0, 0, 7, 0, 0, 8, 0, 7, 0, 9, 6, 7, 0, 0, 8, 0, 8, 0, 9, 0, 7, 0, 0, 0, 6, 8, 10, 7, 0, 8, 10, 0, 8, 6, 0, 9, 0, 0, 0, 0, 5, 0, 0, 0, 0, 0, 0, 0, 0, 0, 9, 0, 9, 7, 0, 7, 0, 0, 9, 5, 0, : 7, 7, 8, 5, 6, 7, 6, 6, 8, 9, 8, 7, 10, 9, 7, 8, 8, 6, 6, 6, 6, 7, 5, 8, 6, 6, 6, 5, 7, 8, 7, 9, 6, 7, 8, 8, 9, 7, 6, 8, 10, 7, 8, 10, 8, 6, 9, 5, 9, 9, 7, 7, 9, 5, 
35: 8, 0, 6, 0, 0, 0, 0, 0, 7, 0, 0, 7, 5, 0, 9, 8, 0, 0, 7, 7, 9, 0, 7, 0, 6, 0, 0, 0, 7, 0, 8, 6, 5, 7, 0, 0, 9, 8, 7, 7, 0, 0, 0, 0, 8, 0, 7, 8, 7, 6, 8, 9, 6, 0, 6, 6, 0, 9, 0, 0, 0, 8, 6, 7, 0, 0, 6, 10, 7, 7, 9, 9, 0, 5, 7, 7, 0, 0, 7, 0, 7, 0, 4, 9, 0, 8, 0, 0, 0, 0, 0, 7, 0, 0, 0, 8, 6, 6, 7, 0, 0, 0, 0, 8, 7, 0, 0, 0, 7, 0, 11, 0, 6, 5, 0, 7, 10, 6, 0, 7, : 8, 6, 7, 7, 5, 9, 8, 7, 7, 9, 7, 6, 7, 8, 6, 5, 7, 9, 8, 7, 7, 8, 7, 8, 7, 6, 8, 9, 6, 6, 6, 9, 8, 6, 7, 6, 10, 7, 7, 9, 9, 5, 7, 7, 7, 7, 4, 9, 8, 7, 8, 6, 6, 7, 8, 7, 7, 11, 6, 5, 7, 10, 6, 7, 
10: 8, 9, 0, 0, 9, 10, 0, 0, 7, 9, 6, 7, 0, 7, 8, 0, 0, 0, 0, 0, 9, 8, 4, 7, 0, 10, 0, 7, 0, 0, 0, 0, 0, 9, 0, 6, 9, 7, 0, 6, 7, 7, 7, 0, 0, 8, 5, 0, 10, 0, 0, 7, 7, 0, 7, 0, 0, 0, 0, 9, 8, 0, 8, 0, 0, 7, 7, 0, 0, 7, 7, 7, 0, 7, 0, 0, 0, 0, 9, 8, 7, 0, 8, 8, 0, 7, 9, 5, 0, 0, 8, 8, 11, 0, 10, 7, 7, 0, 5, 0, 8, 6, 6, 0, 0, 8, 0, 7, 7, 0, 0, 7, 0, 9, 0, 6, 0, 6, 0, 6, : 8, 9, 9, 10, 7, 9, 6, 7, 7, 8, 9, 8, 4, 7, 10, 7, 9, 6, 9, 7, 6, 7, 7, 7, 8, 5, 10, 7, 7, 7, 9, 8, 8, 7, 7, 7, 7, 7, 7, 9, 8, 7, 8, 8, 7, 9, 5, 8, 8, 11, 10, 7, 7, 5, 8, 6, 6, 8, 7, 7, 7, 9, 6, 6, 6, 
40: 0, 7, 4, 5, 7, 8, 0, 8, 8, 0, 0, 0, 7, 0, 8, 0, 8, 0, 9, 7, 0, 7, 8, 0, 8, 8, 0, 0, 0, 0, 7, 7, 7, 0, 6, 7, 6, 0, 0, 0, 0, 0, 9, 6, 6, 0, 8, 0, 0, 0, 0, 0, 10, 0, 0, 0, 6, 0, 9, 0, 0, 0, 10, 0, 8, 9, 0, 0, 5, 0, 7, 5, 0, 9, 6, 9, 7, 0, 6, 0, 0, 0, 0, 8, 8, 0, 5, 9, 9, 0, 6, 7, 0, 7, 8, 9, 0, 0, 0, 9, 8, 9, 8, 0, 8, 0, 0, 7, 8, 7, 8, 0, 9, 6, 0, 6, 8, 0, 8, 7, : 7, 4, 5, 7, 8, 8, 8, 7, 8, 8, 9, 7, 7, 8, 8, 8, 7, 7, 7, 6, 7, 6, 9, 6, 6, 8, 10, 6, 9, 10, 8, 9, 5, 7, 5, 9, 6, 9, 7, 6, 8, 8, 5, 9, 9, 6, 7, 7, 8, 9, 9, 8, 9, 8, 8, 7, 8, 7, 8, 9, 6, 6, 8, 8, 7, 
25: 6, 7, 9, 10, 0, 0, 0, 0, 9, 8, 0, 7, 7, 0, 8, 7, 0, 0, 6, 0, 0, 7, 8, 0, 0, 9, 0, 0, 0, 6, 7, 9, 7, 6, 0, 0, 7, 0, 0, 7, 8, 0, 0, 0, 0, 8, 0, 0, 0, 0, 0, 0, 0, 9, 0, 0, 0, 8, 0, 8, 0, 0, 7, 6, 7, 8, 4, 0, 7, 0, 5, 8, 0, 8, 0, 7, 0, 5, 0, 0, 0, 0, 5, 4, 5, 0, 0, 0, 8, 7, 0, 0, 7, 9, 5, 7, 0, 6, 7, 9, 0, 9, 0, 7, 7, 8, 7, 0, 6, 0, 0, 7, 0, 0, 7, 0, 0, 0, 0, 7, : 6, 7, 9, 10, 9, 8, 7, 7, 8, 7, 6, 7, 8, 9, 6, 7, 9, 7, 6, 7, 7, 8, 8, 9, 8, 8, 7, 6, 7, 8, 4, 7, 5, 8, 8, 7, 5, 5, 4, 5, 8, 7, 7, 9, 5, 7, 6, 7, 9, 9, 7, 7, 8, 7, 6, 7, 7, 7, 
33: 7, 0, 0, 7, 8, 0, 0, 0, 9, 0, 0, 6, 0, 0, 0, 0, 5, 8, 5, 0, 0, 9, 7, 0, 6, 0, 6, 6, 5, 9, 7, 8, 6, 0, 6, 8, 0, 6, 0, 0, 6, 0, 8, 0, 0, 8, 0, 0, 0, 5, 0, 0, 0, 0, 6, 8, 8, 10, 8, 0, 0, 0, 0, 7, 0, 9, 9, 0, 0, 8, 0, 9, 7, 7, 9, 0, 0, 8, 0, 10, 9, 7, 0, 10, 10, 8, 0, 8, 7, 0, 0, 10, 0, 0, 9, 0, 0, 0, 6, 0, 6, 0, 6, 7, 6, 7, 6, 5, 0, 0, 7, 0, 8, 0, 0, 7, 6, 5, 0, 9, : 7, 7, 8, 9, 6, 5, 8, 5, 9, 7, 6, 6, 6, 5, 9, 7, 8, 6, 6, 8, 6, 6, 8, 8, 5, 6, 8, 8, 10, 8, 7, 9, 9, 8, 9, 7, 7, 9, 8, 10, 9, 7, 10, 10, 8, 8, 7, 10, 9, 6, 6, 6, 7, 6, 7, 6, 5, 7, 8, 7, 6, 5, 9, 
102: 9, 0, 0, 7, 0, 0, 0, 8, 6, 10, 0, 10, 8, 0, 0, 7, 8, 7, 8, 0, 8, 0, 7, 0, 0, 0, 0, 8, 7, 5, 0, 0, 6, 0, 5, 0, 9, 7, 8, 0, 8, 6, 6, 0, 0, 0, 0, 0, 0, 0, 0, 0, 9, 6, 0, 8, 6, 6, 6, 6, 6, 0, 5, 6, 7, 0, 0, 0, 7, 8, 0, 0, 0, 0, 6, 6, 9, 4, 7, 0, 0, 0, 0, 7, 9, 0, 8, 4, 0, 9, 0, 0, 6, 0, 7, 7, 0, 0, 7, 7, 5, 6, 0, 8, 0, 7, 0, 6, 0, 5, 7, 6, 8, 0, 0, 0, 10, 7, 8, 8, : 9, 7, 8, 6, 10, 10, 8, 7, 8, 7, 8, 8, 7, 8, 7, 5, 6, 5, 9, 7, 8, 8, 6, 6, 9, 6, 8, 6, 6, 6, 6, 6, 5, 6, 7, 7, 8, 6, 6, 9, 4, 7, 7, 9, 8, 4, 9, 6, 7, 7, 7, 7, 5, 6, 8, 7, 6, 5, 7, 6, 8, 10, 7, 8, 8, 
66: 0, 0, 0, 0, 7, 0, 0, 0, 6, 0, 9, 0, 6, 0, 9, 8, 8, 0, 0, 10, 7, 0, 0, 0, 0, 6, 9, 8, 0, 8, 8, 0, 9, 7, 6, 0, 8, 0, 0, 7, 7, 0, 0, 0, 6, 6, 0, 0, 8, 8, 6, 8, 9, 6, 0, 0, 7, 0, 0, 7, 0, 8, 0, 0, 0, 0, 8, 0, 8, 0, 0, 0, 8, 7, 0, 0, 0, 5, 0, 6, 0, 0, 8, 0, 0, 6, 0, 8, 0, 0, 9, 5, 0, 5, 0, 6, 8, 6, 8, 9, 0, 8, 0, 8, 8, 7, 0, 0, 0, 7, 8, 0, 0, 0, 0, 9, 7, 5, 0, 0, : 7, 6, 9, 6, 9, 8, 8, 10, 7, 6, 9, 8, 8, 8, 9, 7, 6, 8, 7, 7, 6, 6, 8, 8, 6, 8, 9, 6, 7, 7, 8, 8, 8, 8, 7, 5, 6, 8, 6, 8, 9, 5, 5, 6, 8, 6, 8, 9, 8, 8, 8, 7, 7, 8, 9, 7, 5, 
38: 8, 7, 5, 0, 0, 0, 8, 0, 0, 6, 8, 6, 6, 0, 7, 7, 0, 7, 0, 0, 0, 0, 0, 0, 0, 0, 6, 0, 0, 7, 0, 8, 9, 0, 8, 0, 5, 9, 8, 8, 0, 9, 8, 8, 7, 0, 6, 5, 0, 5, 0, 7, 0, 6, 0, 9, 0, 0, 7, 4, 8, 0, 10, 0, 0, 8, 0, 0, 0, 0, 0, 0, 0, 0, 8, 0, 6, 8, 0, 7, 0, 8, 6, 0, 8, 0, 7, 0, 9, 8, 9, 9, 7, 9, 0, 0, 0, 10, 9, 0, 7, 0, 8, 8, 9, 8, 7, 0, 0, 8, 8, 0, 0, 0, 0, 9, 9, 6, 6, 0, : 8, 7, 5, 8, 6, 8, 6, 6, 7, 7, 7, 6, 7, 8, 9, 8, 5, 9, 8, 8, 9, 8, 8, 7, 6, 5, 5, 7, 6, 9, 7, 4, 8, 10, 8, 8, 6, 8, 7, 8, 6, 8, 7, 9, 8, 9, 9, 7, 9, 10, 9, 7, 8, 8, 9, 8, 7, 8, 8, 9, 9, 6, 6, 
11: 7, 0, 0, 9, 6, 0, 8, 7, 0, 0, 0, 0, 0, 6, 0, 0, 0, 7, 0, 0, 6, 0, 0, 10, 10, 0, 9, 0, 0, 0, 0, 6, 6, 0, 0, 0, 5, 0, 0, 0, 0, 7, 0, 0, 0, 6, 6, 8, 7, 0, 7, 0, 9, 4, 6, 5, 7, 0, 0, 8, 0, 0, 0, 0, 7, 0, 0, 0, 8, 0, 10, 7, 8, 8, 8, 6, 6, 0, 6, 8, 8, 0, 6, 0, 0, 9, 0, 0, 0, 0, 0, 5, 0, 0, 10, 7, 0, 7, 7, 8, 0, 8, 0, 0, 0, 0, 0, 0, 0, 0, 0, 0, 0, 9, 8, 8, 9, 0, 0, 0, : 7, 9, 6, 8, 7, 6, 7, 6, 10, 10, 9, 6, 6, 5, 7, 6, 6, 8, 7, 7, 9, 4, 6, 5, 7, 8, 7, 8, 10, 7, 8, 8, 8, 6, 6, 6, 8, 8, 6, 9, 5, 10, 7, 7, 7, 8, 8, 9, 8, 8, 9, 
58: 4, 8, 0, 10, 0, 0, 0, 6, 0, 0, 10, 9, 0, 0, 0, 8, 0, 6, 0, 0, 4, 0, 9, 0, 6, 0, 0, 0, 0, 0, 9, 10, 8, 0, 0, 0, 9, 6, 6, 8, 10, 0, 0, 0, 8, 0, 0, 0, 0, 0, 0, 8, 6, 0, 0, 8, 0, 0, 0, 0, 0, 8, 0, 0, 0, 0, 7, 6, 5, 9, 0, 7, 8, 0, 6, 0, 0, 0, 0, 0, 0, 6, 7, 9, 0, 0, 0, 0, 0, 8, 0, 7, 0, 0, 0, 8, 0, 0, 9, 7, 0, 4, 0, 0, 0, 6, 0, 0, 0, 0, 6, 9, 0, 7, 7, 9, 5, 0, 6, 0, : 4, 8, 10, 6, 10, 9, 8, 6, 4, 9, 6, 9, 10, 8, 9, 6, 6, 8, 10, 8, 8, 6, 8, 8, 7, 6, 5, 9, 7, 8, 6, 6, 7, 9, 8, 7, 8, 9, 7, 4, 6, 6, 9, 7, 7, 9, 5, 6, 
104: 7, 8, 6, 0, 0, 6, 6, 0, 0, 6, 0, 6, 0, 0, 9, 6, 10, 0, 7, 0, 6, 0, 0, 0, 7, 5, 0, 5, 0, 10, 0, 6, 0, 0, 8, 9, 0, 7, 0, 7, 6, 8, 0, 0, 0, 6, 0, 8, 10, 8, 8, 0, 8, 7, 8, 0, 6, 11, 0, 0, 5, 5, 6, 0, 0, 7, 8, 0, 0, 0, 6, 0, 0, 0, 7, 0, 0, 0, 8, 5, 7, 8, 7, 0, 0, 6, 8, 0, 6, 7, 7, 0, 6, 10, 0, 7, 0, 0, 0, 0, 9, 0, 6, 9, 8, 0, 0, 8, 8, 0, 6, 8, 0, 0, 0, 8, 0, 0, 10, 7, : 7, 8, 6, 6, 6, 6, 6, 9, 6, 10, 7, 6, 7, 5, 5, 10, 6, 8, 9, 7, 7, 6, 8, 6, 8, 10, 8, 8, 8, 7, 8, 6, 11, 5, 5, 6, 7, 8, 6, 7, 8, 5, 7, 8, 7, 6, 8, 6, 7, 7, 6, 10, 7, 9, 6, 9, 8, 8, 8, 6, 8, 8, 10, 7, 
69: 10, 0, 0, 0, 0, 8, 0, 0, 0, 9, 0, 6, 0, 0, 8, 6, 7, 0, 0, 9, 7, 0, 0, 0, 6, 5, 0, 7, 10, 9, 9, 0, 0, 8, 6, 6, 0, 8, 0, 0, 8, 0, 0, 0, 0, 0, 8, 0, 0, 0, 0, 0, 0, 7, 4, 6, 0, 8, 6, 0, 6, 8, 0, 0, 0, 7, 0, 0, 0, 6, 6, 7, 7, 0, 8, 0, 8, 8, 0, 0, 0, 7, 0, 8, 7, 9, 0, 0, 0, 0, 0, 9, 0, 0, 0, 0, 0, 0, 0, 6, 0, 0, 0, 6, 7, 7, 6, 0, 0, 0, 0, 8, 6, 0, 0, 0, 0, 4, 0, 7, : 10, 8, 9, 6, 8, 6, 7, 9, 7, 6, 5, 7, 10, 9, 9, 8, 6, 6, 8, 8, 8, 7, 4, 6, 8, 6, 6, 8, 7, 6, 6, 7, 7, 8, 8, 8, 7, 8, 7, 9, 9, 6, 6, 7, 7, 6, 8, 6, 4, 7, 
97: 0, 9, 0, 5, 9, 8, 5, 0, 8, 7, 7, 9, 6, 0, 6, 0, 7, 0, 0, 0, 0, 0, 0, 0, 6, 0, 0, 0, 9, 9, 7, 7, 0, 8, 8, 9, 9, 9, 0, 0, 5, 0, 0, 6, 0, 0, 7, 8, 0, 7, 7, 0, 8, 0, 6, 6, 0, 0, 0, 0, 7, 11, 0, 7, 8, 0, 8, 8, 0, 5, 6, 5, 8, 0, 8, 0, 0, 0, 0, 8, 0, 0, 0, 0, 0, 8, 0, 7, 9, 0, 0, 5, 8, 6, 8, 0, 10, 6, 0, 9, 7, 6, 0, 0, 8, 0, 0, 7, 0, 0, 9, 0, 8, 0, 0, 8, 0, 7, 6, 0, : 9, 5, 9, 8, 5, 8, 7, 7, 9, 6, 6, 7, 6, 9, 9, 7, 7, 8, 8, 9, 9, 9, 5, 6, 7, 8, 7, 7, 8, 6, 6, 7, 11, 7, 8, 8, 8, 5, 6, 5, 8, 8, 8, 8, 7, 9, 5, 8, 6, 8, 10, 6, 9, 7, 6, 8, 7, 9, 8, 8, 7, 6, 
98: 9, 6, 0, 7, 10, 0, 0, 8, 0, 8, 10, 6, 8, 0, 0, 7, 0, 10, 0, 0, 0, 6, 0, 6, 9, 8, 5, 0, 7, 0, 6, 0, 0, 8, 0, 7, 0, 9, 8, 0, 0, 0, 6, 0, 9, 0, 0, 8, 7, 0, 0, 0, 0, 8, 0, 7, 8, 8, 6, 0, 0, 9, 9, 0, 6, 8, 0, 7, 0, 0, 0, 0, 10, 8, 8, 9, 0, 6, 0, 0, 6, 7, 9, 0, 0, 0, 0, 5, 9, 0, 8, 9, 8, 0, 9, 8, 8, 0, 0, 5, 0, 7, 6, 0, 6, 0, 7, 0, 0, 8, 0, 4, 0, 0, 5, 6, 5, 7, 7, 8, : 9, 6, 7, 10, 8, 8, 10, 6, 8, 7, 10, 6, 6, 9, 8, 5, 7, 6, 8, 7, 9, 8, 6, 9, 8, 7, 8, 7, 8, 8, 6, 9, 9, 6, 8, 7, 10, 8, 8, 9, 6, 6, 7, 9, 5, 9, 8, 9, 8, 9, 8, 8, 5, 7, 6, 6, 7, 8, 4, 5, 6, 5, 7, 7, 8, 
68: 0, 9, 0, 0, 0, 6, 11, 9, 9, 7, 7, 9, 7, 0, 7, 0, 9, 6, 0, 0, 0, 5, 5, 0, 0, 0, 5, 0, 8, 0, 7, 0, 8, 0, 6, 7, 7, 0, 7, 8, 8, 0, 9, 0, 0, 0, 7, 0, 8, 0, 0, 0, 9, 7, 0, 6, 0, 0, 8, 0, 7, 0, 0, 8, 0, 6, 7, 0, 0, 10, 7, 0, 0, 6, 8, 6, 0, 0, 0, 9, 0, 7, 8, 7, 8, 0, 8, 0, 0, 0, 0, 5, 8, 8, 8, 10, 7, 0, 6, 0, 6, 6, 7, 0, 0, 0, 0, 0, 8, 8, 7, 0, 0, 8, 0, 7, 8, 7, 7, 6, : 9, 6, 11, 9, 9, 7, 7, 9, 7, 7, 9, 6, 5, 5, 5, 8, 7, 8, 6, 7, 7, 7, 8, 8, 9, 7, 8, 9, 7, 6, 8, 7, 8, 6, 7, 10, 7, 6, 8, 6, 9, 7, 8, 7, 8, 8, 5, 8, 8, 8, 10, 7, 6, 6, 6, 7, 8, 8, 7, 8, 7, 8, 7, 7, 6, 
112: 0, 0, 7, 6, 0, 9, 5, 0, 0, 0, 8, 9, 10, 9, 7, 6, 0, 8, 7, 9, 0, 7, 9, 0, 0, 9, 5, 7, 5, 0, 0, 5, 0, 9, 9, 0, 0, 5, 8, 7, 0, 0, 7, 7, 0, 0, 0, 10, 5, 0, 5, 10, 8, 7, 0, 0, 9, 0, 0, 9, 0, 6, 6, 0, 8, 0, 0, 9, 9, 0, 7, 8, 8, 0, 10, 6, 0, 7, 9, 0, 9, 0, 0, 6, 7, 5, 8, 9, 8, 0, 0, 0, 8, 0, 8, 8, 0, 0, 0, 8, 7, 9, 9, 7, 0, 0, 7, 0, 0, 0, 0, 0, 0, 7, 0, 8, 8, 0, 8, 0, : 7, 6, 9, 5, 8, 9, 10, 9, 7, 6, 8, 7, 9, 7, 9, 9, 5, 7, 5, 5, 9, 9, 5, 8, 7, 7, 7, 10, 5, 5, 10, 8, 7, 9, 9, 6, 6, 8, 9, 9, 7, 8, 8, 10, 6, 7, 9, 9, 6, 7, 5, 8, 9, 8, 8, 8, 8, 8, 7, 9, 9, 7, 7, 7, 8, 8, 8, 
89: 7, 8, 7, 5, 6, 5, 0, 7, 5, 0, 8, 0, 0, 7, 0, 9, 0, 9, 9, 8, 9, 9, 8, 6, 4, 8, 0, 0, 8, 0, 5, 8, 0, 0, 8, 0, 6, 0, 6, 7, 8, 0, 6, 7, 6, 0, 7, 7, 0, 0, 9, 8, 0, 0, 6, 6, 7, 0, 0, 7, 11, 9, 0, 0, 9, 0, 0, 0, 0, 0, 0, 10, 6, 7, 0, 8, 0, 10, 7, 8, 6, 0, 0, 0, 0, 0, 9, 0, 7, 0, 8, 0, 9, 6, 0, 0, 5, 0, 0, 6, 7, 6, 0, 0, 8, 0, 0, 7, 7, 6, 9, 6, 8, 6, 0, 0, 7, 10, 0, 0, : 7, 8, 7, 5, 6, 5, 7, 5, 8, 7, 9, 9, 9, 8, 9, 9, 8, 6, 4, 8, 8, 5, 8, 8, 6, 6, 7, 8, 6, 7, 6, 7, 7, 9, 8, 6, 6, 7, 7, 11, 9, 9, 10, 6, 7, 8, 10, 7, 8, 6, 9, 7, 8, 9, 6, 5, 6, 7, 6, 8, 7, 7, 6, 9, 6, 8, 6, 7, 10, 
42: 8, 10, 7, 7, 8, 5, 0, 8, 7, 0, 0, 0, 8, 6, 7, 0, 7, 6, 0, 0, 0, 0, 5, 0, 0, 6, 8, 7, 0, 7, 0, 0, 8, 0, 8, 0, 7, 8, 0, 0, 0, 0, 0, 0, 8, 0, 6, 7, 7, 0, 8, 7, 0, 5, 0, 0, 7, 0, 0, 8, 10, 0, 0, 7, 7, 0, 6, 0, 0, 6, 0, 0, 9, 9, 0, 0, 0, 7, 10, 0, 0, 0, 8, 0, 7, 0, 0, 8, 9, 0, 9, 5, 0, 0, 5, 7, 5, 6, 7, 8, 9, 0, 6, 8, 8, 0, 0, 7, 0, 0, 6, 0, 0, 0, 9, 10, 0, 10, 0, 8, : 8, 10, 7, 7, 8, 5, 8, 7, 8, 6, 7, 7, 6, 5, 6, 8, 7, 7, 8, 8, 7, 8, 8, 6, 7, 7, 8, 7, 5, 7, 8, 10, 7, 7, 6, 6, 9, 9, 7, 10, 8, 7, 8, 9, 9, 5, 5, 7, 5, 6, 7, 8, 9, 6, 8, 8, 7, 6, 9, 10, 10, 8, 
16: 8, 0, 0, 0, 0, 6, 8, 0, 0, 0, 7, 0, 0, 0, 0, 0, 6, 7, 7, 0, 6, 0, 0, 5, 8, 6, 0, 0, 7, 0, 9, 5, 0, 0, 9, 8, 0, 0, 0, 8, 6, 0, 0, 7, 7, 6, 8, 0, 0, 5, 9, 0, 7, 0, 8, 0, 7, 0, 7, 0, 0, 6, 7, 7, 8, 0, 0, 0, 4, 0, 0, 0, 0, 9, 0, 0, 6, 8, 9, 7, 9, 6, 6, 0, 0, 6, 7, 8, 8, 9, 0, 0, 7, 7, 0, 0, 0, 7, 0, 0, 0, 9, 7, 0, 0, 8, 0, 0, 7, 0, 0, 0, 0, 7, 0, 0, 0, 6, 8, 0, : 8, 6, 8, 7, 6, 7, 7, 6, 5, 8, 6, 7, 9, 5, 9, 8, 8, 6, 7, 7, 6, 8, 5, 9, 7, 8, 7, 7, 6, 7, 7, 8, 4, 9, 6, 8, 9, 7, 9, 6, 6, 6, 7, 8, 8, 9, 7, 7, 7, 9, 7, 8, 7, 7, 6, 8, 
87: 9, 0, 11, 0, 0, 0, 8, 0, 8, 7, 9, 8, 9, 0, 7, 0, 0, 5, 0, 0, 8, 11, 0, 8, 0, 0, 0, 0, 9, 9, 0, 9, 9, 0, 6, 0, 0, 0, 0, 0, 9, 8, 7, 9, 5, 6, 6, 0, 5, 4, 7, 6, 0, 8, 8, 0, 0, 8, 9, 8, 8, 0, 0, 0, 0, 9, 0, 5, 0, 7, 0, 0, 6, 8, 6, 0, 7, 0, 8, 6, 6, 5, 0, 7, 7, 9, 0, 7, 8, 7, 0, 0, 4, 0, 6, 0, 9, 7, 5, 0, 9, 0, 0, 7, 7, 0, 8, 0, 5, 0, 7, 7, 0, 6, 8, 0, 7, 5, 0, 0, : 9, 11, 8, 8, 7, 9, 8, 9, 7, 5, 8, 11, 8, 9, 9, 9, 9, 6, 9, 8, 7, 9, 5, 6, 6, 5, 4, 7, 6, 8, 8, 8, 9, 8, 8, 9, 5, 7, 6, 8, 6, 7, 8, 6, 6, 5, 7, 7, 9, 7, 8, 7, 4, 6, 9, 7, 5, 9, 7, 7, 8, 5, 7, 7, 6, 8, 7, 5, 
2: 0, 0, 8, 6, 0, 0, 10, 7, 7, 0, 0, 7, 0, 6, 0, 9, 0, 0, 0, 9, 0, 6, 6, 8, 0, 0, 8, 0, 0, 8, 9, 9, 0, 5, 6, 0, 0, 0, 9, 7, 7, 6, 5, 8, 9, 7, 9, 8, 0, 8, 0, 0, 0, 8, 0, 0, 7, 7, 0, 0, 0, 8, 0, 0, 0, 0, 6, 6, 8, 0, 0, 5, 0, 0, 0, 7, 8, 0, 7, 10, 4, 0, 8, 0, 0, 0, 0, 0, 0, 0, 0, 0, 9, 4, 6, 0, 0, 0, 0, 0, 0, 0, 0, 10, 0, 7, 10, 0, 0, 9, 7, 7, 7, 7, 0, 9, 0, 0, 10, 8, : 8, 6, 10, 7, 7, 7, 6, 9, 9, 6, 6, 8, 8, 8, 9, 9, 5, 6, 9, 7, 7, 6, 5, 8, 9, 7, 9, 8, 8, 8, 7, 7, 8, 6, 6, 8, 5, 7, 8, 7, 10, 4, 8, 9, 4, 6, 10, 7, 10, 9, 7, 7, 7, 7, 9, 10, 8, 
14: 0, 0, 7, 8, 8, 6, 0, 0, 0, 8, 7, 0, 0, 0, 0, 0, 0, 8, 0, 0, 7, 0, 7, 0, 0, 8, 7, 7, 0, 0, 0, 7, 7, 7, 0, 8, 6, 0, 0, 8, 6, 6, 6, 7, 10, 7, 0, 7, 7, 7, 9, 0, 0, 0, 9, 6, 8, 7, 7, 7, 0, 7, 0, 7, 0, 0, 0, 9, 7, 5, 0, 0, 0, 0, 0, 9, 8, 0, 8, 0, 6, 0, 8, 7, 0, 0, 8, 10, 6, 0, 0, 0, 7, 0, 6, 10, 8, 8, 7, 7, 8, 8, 0, 6, 6, 7, 0, 7, 7, 0, 6, 6, 6, 0, 0, 7, 0, 6, 8, 7, : 7, 8, 8, 6, 8, 7, 8, 7, 7, 8, 7, 7, 7, 7, 7, 8, 6, 8, 6, 6, 6, 7, 10, 7, 7, 7, 7, 9, 9, 6, 8, 7, 7, 7, 7, 7, 9, 7, 5, 9, 8, 8, 6, 8, 7, 8, 10, 6, 7, 6, 10, 8, 8, 7, 7, 8, 8, 6, 6, 7, 7, 7, 6, 6, 6, 7, 6, 8, 7, 
74: 8, 6, 8, 8, 7, 6, 0, 6, 7, 0, 8, 6, 8, 8, 5, 6, 9, 0, 5, 0, 0, 0, 0, 0, 8, 9, 4, 0, 7, 0, 0, 0, 6, 7, 6, 0, 8, 0, 6, 5, 0, 9, 6, 0, 0, 0, 7, 0, 7, 0, 6, 6, 8, 0, 9, 10, 0, 9, 0, 6, 0, 0, 0, 0, 7, 7, 6, 8, 8, 0, 0, 9, 10, 6, 0, 0, 9, 8, 0, 0, 0, 9, 7, 5, 7, 0, 8, 6, 0, 10, 0, 6, 0, 0, 0, 6, 0, 5, 6, 8, 9, 9, 7, 7, 0, 7, 5, 7, 0, 7, 7, 0, 7, 8, 0, 0, 0, 7, 9, 7, : 8, 6, 8, 8, 7, 6, 6, 7, 8, 6, 8, 8, 5, 6, 9, 5, 8, 9, 4, 7, 6, 7, 6, 8, 6, 5, 9, 6, 7, 7, 6, 6, 8, 9, 10, 9, 6, 7, 7, 6, 8, 8, 9, 10, 6, 9, 8, 9, 7, 5, 7, 8, 6, 10, 6, 6, 5, 6, 8, 9, 9, 7, 7, 7, 5, 7, 7, 7, 7, 8, 7, 9, 7, 
76: 7, 6, 0, 9, 8, 0, 0, 0, 0, 9, 8, 9, 7, 0, 0, 0, 0, 0, 6, 0, 5, 0, 6, 10, 8, 0, 0, 5, 7, 0, 4, 0, 0, 7, 8, 9, 7, 8, 8, 0, 8, 0, 0, 0, 9, 0, 5, 0, 9, 5, 0, 5, 0, 0, 7, 0, 0, 7, 7, 6, 8, 0, 6, 0, 4, 6, 8, 5, 0, 9, 5, 6, 0, 5, 0, 0, 8, 0, 0, 0, 0, 0, 7, 0, 0, 0, 0, 5, 0, 0, 4, 7, 0, 7, 0, 9, 8, 8, 0, 0, 0, 0, 0, 6, 0, 10, 7, 0, 7, 0, 0, 0, 8, 9, 9, 10, 6, 6, 0, 0, : 7, 6, 9, 8, 9, 8, 9, 7, 6, 5, 6, 10, 8, 5, 7, 4, 7, 8, 9, 7, 8, 8, 8, 9, 5, 9, 5, 5, 7, 7, 7, 6, 8, 6, 4, 6, 8, 5, 9, 5, 6, 5, 8, 7, 5, 4, 7, 7, 9, 8, 8, 6, 10, 7, 7, 8, 9, 9, 10, 6, 6, 
53: 0, 0, 7, 0, 11, 0, 8, 0, 10, 8, 0, 6, 7, 7, 6, 5, 8, 5, 0, 8, 0, 10, 7, 4, 6, 8, 10, 0, 10, 0, 10, 6, 9, 8, 6, 8, 0, 0, 7, 7, 0, 0, 8, 8, 0, 7, 0, 0, 9, 7, 0, 7, 7, 6, 7, 8, 7, 0, 8, 7, 0, 0, 0, 7, 0, 0, 0, 0, 6, 8, 0, 7, 9, 0, 0, 9, 8, 4, 8, 0, 7, 9, 7, 0, 0, 8, 7, 7, 8, 6, 0, 0, 0, 0, 0, 0, 0, 7, 0, 0, 7, 7, 8, 10, 0, 8, 0, 0, 7, 0, 0, 6, 6, 7, 6, 7, 0, 0, 8, 0, : 7, 11, 8, 10, 8, 6, 7, 7, 6, 5, 8, 5, 8, 10, 7, 4, 6, 8, 10, 10, 10, 6, 9, 8, 6, 8, 7, 7, 8, 8, 7, 9, 7, 7, 7, 6, 7, 8, 7, 8, 7, 7, 6, 8, 7, 9, 9, 8, 4, 8, 7, 9, 7, 8, 7, 7, 8, 6, 7, 7, 7, 8, 10, 8, 7, 6, 6, 7, 6, 7, 8, 
71: 0, 7, 0, 8, 6, 4, 10, 0, 7, 0, 0, 7, 6, 9, 0, 0, 0, 0, 6, 6, 10, 6, 7, 0, 6, 0, 7, 0, 0, 0, 5, 0, 5, 7, 0, 6, 0, 0, 0, 7, 0, 0, 8, 6, 0, 10, 9, 0, 9, 0, 0, 4, 7, 6, 8, 9, 0, 6, 0, 8, 7, 0, 8, 0, 7, 0, 6, 6, 7, 0, 10, 6, 0, 7, 8, 7, 7, 0, 4, 7, 0, 0, 10, 0, 0, 8, 6, 8, 0, 4, 10, 0, 8, 0, 6, 8, 9, 0, 0, 0, 7, 0, 7, 7, 0, 0, 0, 9, 5, 0, 10, 9, 7, 0, 0, 5, 0, 11, 7, 10, : 7, 8, 6, 4, 10, 7, 7, 6, 9, 6, 6, 10, 6, 7, 6, 7, 5, 5, 7, 6, 7, 8, 6, 10, 9, 9, 4, 7, 6, 8, 9, 6, 8, 7, 8, 7, 6, 6, 7, 10, 6, 7, 8, 7, 7, 4, 7, 10, 8, 6, 8, 4, 10, 8, 6, 8, 9, 7, 7, 7, 9, 5, 10, 9, 7, 5, 11, 7, 10, 
73: 0, 8, 0, 0, 0, 9, 0, 0, 7, 8, 7, 8, 0, 6, 0, 8, 8, 5, 0, 0, 0, 0, 0, 0, 6, 0, 7, 6, 8, 0, 9, 7, 0, 8, 7, 8, 6, 0, 6, 7, 9, 0, 0, 0, 0, 0, 7, 7, 9, 8, 10, 0, 5, 5, 0, 9, 8, 0, 0, 6, 0, 10, 0, 0, 9, 4, 9, 0, 8, 9, 8, 8, 6, 0, 0, 0, 4, 9, 0, 7, 7, 9, 0, 6, 8, 9, 0, 7, 9, 0, 8, 0, 6, 7, 6, 0, 6, 9, 0, 0, 0, 8, 0, 8, 6, 0, 0, 8, 0, 7, 7, 7, 11, 0, 0, 8, 0, 0, 0, 8, : 8, 9, 7, 8, 7, 8, 6, 8, 8, 5, 6, 7, 6, 8, 9, 7, 8, 7, 8, 6, 6, 7, 9, 7, 7, 9, 8, 10, 5, 5, 9, 8, 6, 10, 9, 4, 9, 8, 9, 8, 8, 6, 4, 9, 7, 7, 9, 6, 8, 9, 7, 9, 8, 6, 7, 6, 6, 9, 8, 8, 6, 8, 7, 7, 7, 11, 8, 8, 
80: 8, 5, 0, 7, 5, 7, 7, 10, 9, 0, 6, 0, 8, 6, 0, 0, 6, 0, 8, 6, 0, 7, 0, 0, 7, 0, 0, 0, 0, 6, 0, 7, 0, 0, 9, 6, 9, 9, 0, 0, 0, 0, 7, 6, 0, 0, 0, 7, 7, 6, 0, 0, 7, 0, 0, 6, 0, 6, 9, 5, 9, 0, 8, 0, 7, 0, 5, 0, 0, 0, 0, 7, 0, 8, 0, 0, 7, 6, 0, 0, 5, 0, 6, 8, 0, 7, 0, 0, 0, 9, 0, 8, 0, 0, 0, 0, 0, 8, 0, 0, 0, 0, 8, 0, 9, 0, 0, 6, 5, 8, 5, 7, 0, 0, 6, 0, 9, 0, 0, 5, : 8, 5, 7, 5, 7, 7, 10, 9, 6, 8, 6, 6, 8, 6, 7, 7, 6, 7, 9, 6, 9, 9, 7, 6, 7, 7, 6, 7, 6, 6, 9, 5, 9, 8, 7, 5, 7, 8, 7, 6, 5, 6, 8, 7, 9, 8, 8, 8, 9, 6, 5, 8, 5, 7, 6, 9, 5, 
12: 8, 7, 8, 8, 0, 0, 0, 8, 0, 8, 0, 9, 10, 5, 7, 5, 7, 7, 5, 5, 0, 0, 0, 7, 0, 8, 0, 4, 6, 6, 8, 6, 10, 0, 0, 0, 0, 0, 0, 7, 7, 8, 6, 5, 7, 0, 8, 7, 0, 0, 9, 5, 0, 8, 0, 0, 0, 7, 0, 0, 0, 0, 0, 6, 0, 7, 0, 0, 0, 0, 7, 10, 7, 5, 8, 0, 0, 9, 7, 0, 0, 7, 0, 5, 7, 0, 0, 0, 6, 0, 0, 9, 0, 0, 8, 6, 7, 0, 0, 7, 0, 8, 0, 0, 7, 7, 7, 0, 0, 0, 0, 9, 7, 8, 0, 9, 0, 6, 8, 0, : 8, 7, 8, 8, 8, 8, 9, 10, 5, 7, 5, 7, 7, 5, 5, 7, 8, 4, 6, 6, 8, 6, 10, 7, 7, 8, 6, 5, 7, 8, 7, 9, 5, 8, 7, 6, 7, 7, 10, 7, 5, 8, 9, 7, 7, 5, 7, 6, 9, 8, 6, 7, 7, 8, 7, 7, 7, 9, 7, 8, 9, 6, 8, 
51: 8, 7, 7, 7, 0, 8, 5, 7, 0, 0, 7, 5, 7, 6, 0, 0, 10, 7, 5, 0, 0, 9, 8, 10, 0, 0, 8, 0, 0, 9, 0, 0, 0, 9, 7, 0, 8, 7, 6, 0, 6, 8, 7, 0, 0, 9, 7, 0, 0, 9, 9, 8, 6, 0, 0, 8, 0, 9, 0, 8, 0, 6, 9, 0, 0, 0, 9, 0, 0, 0, 5, 0, 6, 6, 7, 0, 0, 9, 10, 8, 7, 0, 0, 0, 0, 0, 0, 9, 0, 9, 9, 0, 5, 7, 7, 6, 7, 0, 9, 7, 4, 0, 10, 0, 7, 0, 0, 7, 7, 6, 6, 0, 0, 0, 0, 0, 0, 9, 0, 0, : 8, 7, 7, 7, 8, 5, 7, 7, 5, 7, 6, 10, 7, 5, 9, 8, 10, 8, 9, 9, 7, 8, 7, 6, 6, 8, 7, 9, 7, 9, 9, 8, 6, 8, 9, 8, 6, 9, 9, 5, 6, 6, 7, 9, 10, 8, 7, 9, 9, 9, 5, 7, 7, 6, 7, 9, 7, 4, 10, 7, 7, 7, 6, 6, 9, 
23: 9, 0, 0, 6, 0, 0, 7, 0, 0, 0, 6, 0, 7, 7, 6, 0, 0, 6, 0, 0, 5, 0, 0, 9, 7, 0, 11, 0, 9, 7, 0, 9, 6, 0, 0, 7, 0, 0, 0, 7, 8, 7, 0, 8, 7, 5, 0, 7, 8, 0, 0, 7, 0, 7, 7, 0, 0, 9, 0, 0, 7, 6, 5, 0, 7, 8, 6, 8, 0, 0, 9, 0, 0, 0, 5, 0, 0, 7, 10, 0, 7, 6, 7, 0, 0, 6, 0, 6, 0, 0, 6, 9, 7, 0, 5, 0, 0, 0, 8, 6, 10, 7, 8, 0, 0, 5, 0, 8, 9, 6, 0, 6, 0, 0, 6, 8, 0, 5, 0, 0, : 9, 6, 7, 6, 7, 7, 6, 6, 5, 9, 7, 11, 9, 7, 9, 6, 7, 7, 8, 7, 8, 7, 5, 7, 8, 7, 7, 7, 9, 7, 6, 5, 7, 8, 6, 8, 9, 5, 7, 10, 7, 6, 7, 6, 6, 6, 9, 7, 5, 8, 6, 10, 7, 8, 5, 8, 9, 6, 6, 6, 8, 5, 
99: 8, 9, 0, 0, 0, 9, 9, 0, 0, 0, 8, 5, 0, 0, 0, 0, 6, 7, 7, 7, 7, 8, 0, 0, 0, 4, 0, 9, 9, 6, 6, 0, 0, 9, 7, 0, 0, 0, 7, 7, 8, 6, 6, 6, 9, 0, 0, 0, 0, 0, 9, 0, 7, 0, 0, 7, 8, 8, 0, 7, 0, 7, 0, 0, 8, 10, 9, 0, 7, 0, 7, 7, 0, 0, 9, 8, 0, 8, 0, 7, 0, 9, 10, 5, 0, 0, 7, 0, 8, 0, 7, 9, 8, 7, 0, 0, 0, 6, 0, 5, 7, 6, 0, 0, 0, 0, 8, 6, 8, 10, 7, 0, 0, 0, 0, 6, 0, 9, 9, 6, : 8, 9, 9, 9, 8, 5, 6, 7, 7, 7, 7, 8, 4, 9, 9, 6, 6, 9, 7, 7, 7, 8, 6, 6, 6, 9, 9, 7, 7, 8, 8, 7, 7, 8, 10, 9, 7, 7, 7, 9, 8, 8, 7, 9, 10, 5, 7, 8, 7, 9, 8, 7, 6, 5, 7, 6, 8, 6, 8, 10, 7, 6, 9, 9, 6, 
7: 8, 0, 8, 0, 6, 8, 6, 9, 0, 6, 10, 7, 6, 0, 0, 0, 0, 6, 0, 0, 7, 10, 8, 8, 0, 0, 10, 0, 0, 0, 8, 8, 0, 0, 9, 9, 0, 8, 8, 0, 7, 9, 8, 8, 5, 0, 0, 10, 0, 0, 0, 0, 0, 9, 6, 6, 0, 0, 0, 0, 5, 0, 7, 6, 7, 0, 0, 0, 0, 8, 0, 8, 0, 0, 6, 0, 7, 0, 0, 6, 0, 0, 0, 9, 8, 6, 9, 0, 0, 7, 10, 0, 7, 6, 7, 0, 6, 6, 9, 0, 0, 6, 8, 8, 7, 7, 8, 9, 8, 10, 8, 0, 5, 0, 0, 11, 0, 8, 0, 6, : 8, 8, 6, 8, 6, 9, 6, 10, 7, 6, 6, 7, 10, 8, 8, 10, 8, 8, 9, 9, 8, 8, 7, 9, 8, 8, 5, 10, 9, 6, 6, 5, 7, 6, 7, 8, 8, 6, 7, 6, 9, 8, 6, 9, 7, 10, 7, 6, 7, 6, 6, 9, 6, 8, 8, 7, 7, 8, 9, 8, 10, 8, 5, 11, 8, 6, 
92: 7, 0, 0, 0, 0, 8, 8, 7, 0, 0, 0, 0, 7, 0, 0, 7, 8, 0, 0, 8, 8, 5, 7, 6, 5, 0, 0, 7, 4, 7, 9, 8, 0, 9, 5, 0, 8, 8, 7, 7, 8, 6, 0, 6, 0, 0, 0, 9, 8, 6, 6, 8, 9, 7, 7, 0, 7, 0, 6, 0, 9, 9, 0, 8, 0, 9, 8, 8, 0, 5, 5, 7, 6, 0, 0, 6, 7, 0, 0, 0, 9, 0, 0, 8, 8, 7, 6, 0, 7, 0, 9, 0, 0, 0, 9, 0, 0, 8, 0, 9, 0, 0, 8, 0, 7, 6, 7, 7, 8, 0, 8, 0, 8, 0, 8, 6, 7, 6, 0, 9, : 7, 8, 8, 7, 7, 7, 8, 8, 8, 5, 7, 6, 5, 7, 4, 7, 9, 8, 9, 5, 8, 8, 7, 7, 8, 6, 6, 9, 8, 6, 6, 8, 9, 7, 7, 7, 6, 9, 9, 8, 9, 8, 8, 5, 5, 7, 6, 6, 7, 9, 8, 8, 7, 6, 7, 9, 9, 8, 9, 8, 7, 6, 7, 7, 8, 8, 8, 8, 6, 7, 6, 9, 
43: 0, 8, 0, 7, 8, 8, 0, 6, 0, 7, 0, 7, 0, 10, 6, 0, 0, 6, 7, 8, 7, 0, 0, 0, 0, 8, 10, 10, 0, 8, 0, 0, 0, 8, 0, 5, 8, 8, 0, 0, 0, 6, 7, 0, 7, 10, 8, 8, 8, 8, 7, 0, 0, 8, 0, 8, 0, 0, 0, 0, 8, 6, 0, 7, 0, 9, 0, 4, 0, 0, 7, 7, 6, 7, 0, 0, 6, 0, 0, 0, 10, 4, 7, 0, 0, 0, 0, 8, 0, 7, 8, 0, 0, 6, 0, 8, 8, 0, 0, 8, 0, 8, 7, 8, 0, 0, 0, 6, 0, 6, 7, 0, 0, 0, 0, 6, 0, 7, 9, 7, : 8, 7, 8, 8, 6, 7, 7, 10, 6, 6, 7, 8, 7, 8, 10, 10, 8, 8, 5, 8, 8, 6, 7, 7, 10, 8, 8, 8, 8, 7, 8, 8, 8, 6, 7, 9, 4, 7, 7, 6, 7, 6, 10, 4, 7, 8, 7, 8, 6, 8, 8, 8, 8, 7, 8, 6, 6, 7, 6, 7, 9, 7, 


