
120
120
450
1

79: 7, 0, 10, 0, 0, 0, 8, 10, 5, 0, 9, 6, 0, 0, 0, 5, 8, 0, 0, 9, 0, 0, 5, 6, 7, 0, 7, 0, 0, 0, 9, 6, 0, 0, 0, 4, 9, 0, 0, 0, 0, 7, 6, 7, 0, 0, 10, 0, 6, 6, 0, 11, 6, 6, 0, 0, 0, 0, 0, 5, 0, 0, 0, 0, 0, 7, 0, 0, 6, 9, 0, 0, 0, 0, 6, 7, 0, 8, 8, 0, 4, 0, 0, 8, 8, 0, 8, 0, 0, 0, 9, 7, 0, 0, 0, 0, 6, 0, 8, 0, 7, 0, 10, 0, 0, 0, 0, 0, 0, 8, 0, 0, 0, 5, 0, 7, 0, 0, 9, 0, : 7, 10, 8, 10, 5, 9, 6, 5, 8, 9, 5, 6, 7, 7, 9, 6, 4, 9, 7, 6, 7, 10, 6, 6, 11, 6, 6, 5, 7, 6, 9, 6, 7, 8, 8, 4, 8, 8, 8, 9, 7, 6, 8, 7, 10, 8, 5, 7, 9, 
103: 0, 6, 7, 10, 7, 0, 0, 8, 7, 7, 0, 9, 0, 7, 8, 6, 7, 0, 0, 0, 0, 0, 7, 0, 0, 8, 0, 6, 0, 0, 8, 9, 0, 5, 0, 8, 0, 0, 6, 0, 0, 7, 7, 7, 8, 0, 7, 7, 0, 6, 0, 6, 6, 7, 0, 7, 7, 0, 7, 0, 5, 7, 0, 5, 0, 10, 0, 6, 0, 6, 0, 0, 7, 0, 8, 0, 5, 0, 8, 6, 4, 5, 0, 6, 0, 6, 8, 6, 0, 7, 9, 9, 6, 0, 5, 6, 7, 0, 10, 0, 8, 7, 0, 0, 0, 7, 9, 9, 0, 0, 0, 9, 0, 7, 0, 0, 10, 5, 0, 0, : 6, 7, 10, 7, 8, 7, 7, 9, 7, 8, 6, 7, 7, 8, 6, 8, 9, 5, 8, 6, 7, 7, 7, 8, 7, 7, 6, 6, 6, 7, 7, 7, 7, 5, 7, 5, 10, 6, 6, 7, 8, 5, 8, 6, 4, 5, 6, 6, 8, 6, 7, 9, 9, 6, 5, 6, 7, 10, 8, 7, 7, 9, 9, 9, 7, 10, 5, 
29: 0, 0, 0, 0, 9, 0, 0, 7, 7, 7, 0, 0, 6, 7, 5, 0, 8, 7, 0, 0, 8, 6, 7, 6, 9, 0, 6, 6, 6, 6, 7, 5, 6, 7, 8, 0, 0, 0, 8, 9, 0, 9, 0, 8, 8, 0, 6, 7, 7, 0, 0, 0, 0, 0, 5, 0, 7, 10, 7, 0, 0, 0, 0, 0, 8, 6, 0, 0, 7, 0, 0, 0, 8, 8, 9, 8, 8, 9, 0, 0, 7, 0, 8, 0, 8, 8, 0, 0, 5, 7, 0, 8, 8, 7, 8, 7, 7, 9, 0, 5, 0, 9, 0, 6, 8, 0, 0, 10, 9, 8, 9, 5, 0, 0, 0, 0, 0, 0, 0, 8, : 9, 7, 7, 7, 6, 7, 5, 8, 7, 8, 6, 7, 6, 9, 6, 6, 6, 6, 7, 5, 6, 7, 8, 8, 9, 9, 8, 8, 6, 7, 7, 5, 7, 10, 7, 8, 6, 7, 8, 8, 9, 8, 8, 9, 7, 8, 8, 8, 5, 7, 8, 8, 7, 8, 7, 7, 9, 5, 9, 6, 8, 10, 9, 8, 9, 5, 8, 
18: 6, 7, 0, 0, 0, 0, 10, 0, 0, 6, 7, 9, 6, 8, 8, 9, 0, 10, 10, 0, 9, 8, 0, 0, 0, 7, 10, 8, 10, 0, 6, 0, 7, 0, 0, 0, 10, 6, 0, 9, 0, 7, 0, 9, 0, 0, 6, 0, 5, 0, 0, 0, 6, 0, 6, 6, 0, 7, 0, 6, 8, 0, 0, 8, 9, 5, 10, 0, 0, 8, 0, 0, 0, 0, 8, 6, 9, 0, 9, 0, 7, 7, 0, 0, 0, 0, 6, 6, 0, 7, 0, 6, 5, 0, 0, 7, 0, 7, 8, 6, 7, 8, 5, 7, 8, 0, 0, 6, 0, 6, 10, 7, 0, 0, 4, 0, 7, 5, 8, 8, : 6, 7, 10, 6, 7, 9, 6, 8, 8, 9, 10, 10, 9, 8, 7, 10, 8, 10, 6, 7, 10, 6, 9, 7, 9, 6, 5, 6, 6, 6, 7, 6, 8, 8, 9, 5, 10, 8, 8, 6, 9, 9, 7, 7, 6, 6, 7, 6, 5, 7, 7, 8, 6, 7, 8, 5, 7, 8, 6, 6, 10, 7, 4, 7, 5, 8, 8, 
7: 8, 0, 0, 7, 10, 0, 0, 6, 6, 0, 7, 7, 7, 0, 6, 6, 0, 7, 0, 7, 0, 9, 6, 6, 7, 0, 0, 0, 0, 0, 0, 8, 7, 0, 6, 0, 7, 9, 6, 9, 0, 5, 0, 0, 7, 6, 0, 10, 10, 6, 7, 0, 0, 6, 5, 6, 0, 7, 8, 6, 0, 0, 8, 10, 0, 0, 0, 0, 0, 10, 8, 0, 0, 7, 6, 0, 0, 8, 6, 7, 9, 0, 6, 0, 6, 7, 6, 0, 8, 0, 8, 0, 0, 0, 0, 9, 0, 0, 6, 0, 0, 0, 9, 0, 0, 0, 0, 0, 0, 10, 0, 6, 5, 0, 6, 9, 0, 0, 9, 7, : 8, 7, 10, 6, 6, 7, 7, 7, 6, 6, 7, 7, 9, 6, 6, 7, 8, 7, 6, 7, 9, 6, 9, 5, 7, 6, 10, 10, 6, 7, 6, 5, 6, 7, 8, 6, 8, 10, 10, 8, 7, 6, 8, 6, 7, 9, 6, 6, 7, 6, 8, 8, 9, 6, 9, 10, 6, 5, 6, 9, 9, 7, 
59: 8, 0, 0, 9, 7, 0, 6, 8, 0, 7, 0, 0, 9, 0, 7, 6, 8, 0, 0, 7, 0, 6, 0, 8, 6, 7, 0, 7, 0, 7, 0, 10, 0, 8, 7, 6, 0, 0, 8, 0, 0, 0, 6, 0, 0, 6, 6, 0, 0, 0, 0, 6, 7, 0, 9, 0, 7, 0, 0, 7, 0, 0, 0, 9, 0, 0, 7, 9, 7, 0, 0, 0, 0, 0, 7, 9, 6, 6, 0, 0, 0, 7, 0, 8, 7, 0, 9, 0, 0, 9, 0, 0, 8, 0, 8, 5, 8, 0, 0, 0, 7, 0, 5, 8, 8, 7, 0, 5, 10, 0, 0, 0, 0, 8, 0, 8, 0, 5, 0, 8, : 8, 9, 7, 6, 8, 7, 9, 7, 6, 8, 7, 6, 8, 6, 7, 7, 7, 10, 8, 7, 6, 8, 6, 6, 6, 6, 7, 9, 7, 7, 9, 7, 9, 7, 7, 9, 6, 6, 7, 8, 7, 9, 9, 8, 8, 5, 8, 7, 5, 8, 8, 7, 5, 10, 8, 8, 5, 8, 
2: 0, 6, 9, 5, 0, 0, 9, 0, 9, 7, 8, 0, 0, 10, 6, 9, 10, 8, 6, 0, 0, 0, 9, 0, 0, 5, 10, 0, 0, 8, 9, 10, 0, 7, 0, 0, 7, 6, 0, 0, 7, 0, 0, 0, 0, 0, 0, 0, 0, 6, 0, 6, 5, 0, 0, 0, 8, 7, 0, 0, 10, 0, 8, 7, 0, 0, 8, 0, 7, 7, 0, 9, 6, 9, 0, 9, 0, 0, 7, 0, 8, 6, 0, 6, 8, 7, 0, 8, 0, 0, 0, 0, 0, 5, 0, 8, 7, 0, 0, 9, 0, 7, 9, 7, 0, 8, 7, 0, 0, 0, 0, 8, 8, 0, 0, 9, 7, 10, 0, 6, : 6, 9, 5, 9, 9, 7, 8, 10, 6, 9, 10, 8, 6, 9, 5, 10, 8, 9, 10, 7, 7, 6, 7, 6, 6, 5, 8, 7, 10, 8, 7, 8, 7, 7, 9, 6, 9, 9, 7, 8, 6, 6, 8, 7, 8, 5, 8, 7, 9, 7, 9, 7, 8, 7, 8, 8, 9, 7, 10, 6, 
27: 6, 0, 0, 0, 7, 0, 0, 0, 0, 7, 0, 0, 9, 8, 7, 9, 7, 0, 0, 0, 8, 8, 7, 7, 5, 0, 6, 0, 8, 6, 0, 0, 0, 0, 5, 8, 5, 0, 8, 0, 0, 0, 0, 7, 9, 8, 0, 0, 0, 6, 7, 9, 0, 8, 6, 7, 6, 7, 0, 9, 10, 6, 7, 0, 0, 7, 0, 0, 0, 0, 5, 7, 7, 8, 8, 6, 6, 6, 0, 0, 0, 8, 7, 9, 8, 0, 0, 9, 5, 0, 6, 8, 7, 6, 0, 9, 0, 0, 8, 0, 7, 8, 0, 0, 6, 10, 5, 9, 7, 0, 8, 8, 0, 6, 0, 0, 8, 0, 0, 0, : 6, 7, 7, 9, 8, 7, 9, 7, 8, 8, 7, 7, 5, 6, 8, 6, 5, 8, 5, 8, 7, 9, 8, 6, 7, 9, 8, 6, 7, 6, 7, 9, 10, 6, 7, 7, 5, 7, 7, 8, 8, 6, 6, 6, 8, 7, 9, 8, 9, 5, 6, 8, 7, 6, 9, 8, 7, 8, 6, 10, 5, 9, 7, 8, 8, 6, 8, 
119: 9, 0, 0, 0, 0, 0, 10, 7, 9, 0, 0, 9, 7, 0, 0, 0, 8, 0, 8, 7, 0, 0, 0, 0, 7, 0, 0, 0, 0, 0, 0, 0, 0, 6, 0, 7, 0, 10, 9, 0, 9, 0, 0, 0, 0, 8, 0, 7, 0, 0, 0, 0, 0, 7, 6, 9, 8, 9, 8, 0, 0, 8, 0, 8, 0, 0, 0, 0, 0, 0, 8, 0, 0, 6, 0, 7, 8, 7, 8, 7, 9, 0, 0, 0, 7, 0, 0, 10, 0, 0, 0, 6, 0, 8, 0, 0, 0, 9, 0, 0, 0, 0, 0, 0, 8, 0, 0, 8, 0, 0, 5, 7, 0, 5, 0, 11, 0, 7, 10, 0, : 9, 10, 7, 9, 9, 7, 8, 8, 7, 7, 6, 7, 10, 9, 9, 8, 7, 7, 6, 9, 8, 9, 8, 8, 8, 8, 6, 7, 8, 7, 8, 7, 9, 7, 10, 6, 8, 9, 8, 8, 5, 7, 5, 11, 7, 10, 
3: 0, 8, 8, 0, 7, 8, 6, 7, 11, 7, 0, 0, 0, 0, 0, 0, 7, 9, 6, 6, 6, 6, 7, 0, 9, 0, 0, 5, 5, 5, 9, 7, 7, 0, 9, 10, 9, 0, 0, 7, 7, 0, 0, 0, 0, 0, 0, 8, 0, 7, 8, 0, 6, 9, 6, 5, 0, 7, 0, 9, 0, 7, 7, 7, 7, 9, 0, 0, 0, 5, 0, 0, 5, 0, 7, 9, 8, 0, 7, 9, 0, 0, 6, 0, 8, 0, 6, 0, 0, 0, 0, 7, 0, 0, 0, 0, 0, 6, 0, 0, 6, 0, 7, 8, 9, 0, 5, 6, 7, 0, 0, 0, 8, 0, 9, 8, 0, 0, 0, 8, : 8, 8, 7, 8, 6, 7, 11, 7, 7, 9, 6, 6, 6, 6, 7, 9, 5, 5, 5, 9, 7, 7, 9, 10, 9, 7, 7, 8, 7, 8, 6, 9, 6, 5, 7, 9, 7, 7, 7, 7, 9, 5, 5, 7, 9, 8, 7, 9, 6, 8, 6, 7, 6, 6, 7, 8, 9, 5, 6, 7, 8, 9, 8, 8, 
74: 0, 0, 8, 7, 0, 10, 0, 0, 7, 9, 0, 7, 6, 0, 0, 7, 0, 0, 0, 0, 5, 0, 7, 6, 0, 8, 0, 0, 8, 7, 8, 8, 7, 0, 8, 5, 0, 6, 0, 0, 0, 7, 7, 8, 0, 0, 0, 7, 8, 8, 9, 6, 0, 6, 0, 0, 6, 8, 7, 9, 0, 0, 8, 7, 7, 0, 0, 0, 9, 9, 7, 5, 6, 7, 7, 7, 9, 0, 4, 0, 0, 7, 0, 6, 0, 9, 0, 0, 0, 7, 0, 7, 6, 0, 6, 8, 8, 8, 0, 7, 4, 0, 0, 8, 0, 9, 6, 0, 0, 7, 0, 0, 5, 4, 0, 10, 9, 8, 0, 0, : 8, 7, 10, 7, 9, 7, 6, 7, 5, 7, 6, 8, 8, 7, 8, 8, 7, 8, 5, 6, 7, 7, 8, 7, 8, 8, 9, 6, 6, 6, 8, 7, 9, 8, 7, 7, 9, 9, 7, 5, 6, 7, 7, 7, 9, 4, 7, 6, 9, 7, 7, 6, 6, 8, 8, 8, 7, 4, 8, 9, 6, 7, 5, 4, 10, 9, 8, 
48: 8, 0, 0, 0, 6, 0, 10, 9, 6, 0, 10, 5, 7, 0, 6, 11, 5, 7, 7, 0, 0, 6, 0, 7, 0, 0, 6, 0, 0, 0, 6, 0, 0, 8, 0, 9, 7, 7, 0, 10, 9, 0, 0, 7, 0, 0, 9, 0, 6, 0, 6, 0, 9, 0, 0, 0, 5, 5, 7, 0, 6, 0, 5, 0, 5, 0, 7, 5, 7, 0, 7, 8, 0, 0, 8, 0, 5, 0, 0, 0, 0, 0, 8, 0, 0, 9, 0, 0, 9, 6, 8, 10, 0, 0, 8, 7, 0, 0, 0, 7, 8, 7, 7, 0, 6, 9, 7, 0, 8, 0, 0, 0, 0, 7, 0, 9, 0, 0, 6, 0, : 8, 6, 10, 9, 6, 10, 5, 7, 6, 11, 5, 7, 7, 6, 7, 6, 6, 8, 9, 7, 7, 10, 9, 7, 9, 6, 6, 9, 5, 5, 7, 6, 5, 5, 7, 5, 7, 7, 8, 8, 5, 8, 9, 9, 6, 8, 10, 8, 7, 7, 8, 7, 7, 6, 9, 7, 8, 7, 9, 6, 
91: 7, 0, 7, 10, 6, 8, 0, 0, 0, 0, 9, 0, 0, 6, 0, 0, 9, 0, 8, 0, 9, 0, 0, 8, 7, 7, 0, 10, 6, 0, 0, 0, 7, 8, 7, 7, 7, 9, 9, 0, 0, 8, 0, 0, 7, 0, 0, 7, 0, 8, 7, 9, 5, 0, 6, 0, 0, 6, 7, 6, 0, 7, 0, 0, 0, 8, 0, 7, 8, 8, 8, 8, 0, 6, 0, 10, 6, 7, 0, 0, 0, 7, 0, 0, 8, 0, 0, 0, 7, 0, 8, 0, 6, 0, 7, 0, 5, 0, 0, 10, 9, 0, 8, 0, 0, 0, 0, 0, 0, 0, 5, 8, 4, 0, 5, 8, 8, 5, 0, 0, : 7, 7, 10, 6, 8, 9, 6, 9, 8, 9, 8, 7, 7, 10, 6, 7, 8, 7, 7, 7, 9, 9, 8, 7, 7, 8, 7, 9, 5, 6, 6, 7, 6, 7, 8, 7, 8, 8, 8, 8, 6, 10, 6, 7, 7, 8, 7, 8, 6, 7, 5, 10, 9, 8, 5, 8, 4, 5, 8, 8, 5, 
102: 8, 0, 7, 7, 0, 10, 9, 0, 7, 6, 7, 7, 8, 0, 6, 0, 0, 8, 0, 0, 0, 0, 0, 6, 7, 0, 9, 0, 11, 0, 0, 7, 0, 5, 0, 0, 0, 6, 9, 0, 0, 7, 6, 0, 7, 9, 6, 0, 0, 7, 8, 0, 0, 0, 0, 10, 9, 0, 7, 0, 8, 0, 6, 7, 0, 0, 10, 7, 8, 0, 0, 8, 0, 0, 6, 9, 8, 0, 7, 0, 7, 0, 7, 0, 6, 0, 0, 9, 10, 8, 0, 0, 7, 0, 0, 6, 8, 5, 7, 6, 0, 0, 5, 7, 0, 8, 0, 6, 0, 0, 0, 0, 6, 5, 0, 8, 7, 0, 0, 0, : 8, 7, 7, 10, 9, 7, 6, 7, 7, 8, 6, 8, 6, 7, 9, 11, 7, 5, 6, 9, 7, 6, 7, 9, 6, 7, 8, 10, 9, 7, 8, 6, 7, 10, 7, 8, 8, 6, 9, 8, 7, 7, 7, 6, 9, 10, 8, 7, 6, 8, 5, 7, 6, 5, 7, 8, 6, 6, 5, 8, 7, 
78: 6, 5, 0, 0, 10, 0, 0, 0, 0, 8, 7, 0, 8, 0, 0, 0, 0, 0, 0, 0, 0, 8, 0, 0, 0, 7, 0, 8, 9, 0, 0, 0, 0, 8, 7, 0, 8, 0, 7, 8, 0, 5, 0, 7, 7, 0, 0, 8, 5, 6, 0, 9, 0, 0, 0, 0, 8, 6, 0, 0, 9, 7, 8, 8, 5, 6, 0, 9, 8, 8, 0, 11, 7, 0, 0, 0, 0, 0, 8, 0, 0, 0, 7, 0, 8, 0, 0, 0, 0, 6, 0, 0, 0, 7, 10, 0, 0, 0, 0, 0, 8, 0, 9, 0, 8, 0, 0, 9, 5, 9, 0, 5, 9, 0, 7, 4, 11, 0, 5, 6, : 6, 5, 10, 8, 7, 8, 8, 7, 8, 9, 8, 7, 8, 7, 8, 5, 7, 7, 8, 5, 6, 9, 8, 6, 9, 7, 8, 8, 5, 6, 9, 8, 8, 11, 7, 8, 7, 8, 6, 7, 10, 8, 9, 8, 9, 5, 9, 5, 9, 7, 4, 11, 5, 6, 
21: 0, 9, 0, 0, 0, 0, 0, 0, 8, 6, 6, 0, 7, 0, 10, 5, 0, 9, 9, 0, 0, 6, 7, 10, 5, 0, 0, 0, 6, 6, 0, 0, 0, 0, 0, 0, 0, 8, 0, 10, 0, 0, 0, 0, 0, 8, 7, 0, 0, 7, 5, 7, 11, 0, 10, 0, 0, 7, 0, 7, 0, 0, 0, 7, 6, 7, 0, 0, 0, 0, 8, 8, 5, 0, 9, 0, 0, 6, 7, 8, 0, 7, 6, 0, 7, 5, 8, 0, 0, 8, 7, 4, 6, 5, 0, 0, 8, 0, 5, 0, 0, 8, 0, 9, 0, 0, 7, 9, 6, 0, 8, 6, 8, 0, 0, 0, 0, 0, 6, 9, : 9, 8, 6, 6, 7, 10, 5, 9, 9, 6, 7, 10, 5, 6, 6, 8, 10, 8, 7, 7, 5, 7, 11, 10, 7, 7, 7, 6, 7, 8, 8, 5, 9, 6, 7, 8, 7, 6, 7, 5, 8, 8, 7, 4, 6, 5, 8, 5, 8, 9, 7, 9, 6, 8, 6, 8, 6, 9, 
47: 6, 6, 0, 0, 0, 0, 8, 0, 8, 8, 0, 0, 9, 9, 0, 0, 11, 9, 0, 6, 0, 9, 0, 5, 8, 0, 5, 0, 5, 7, 0, 8, 6, 6, 0, 6, 8, 9, 0, 0, 0, 0, 7, 5, 0, 0, 0, 8, 9, 0, 0, 6, 0, 0, 0, 9, 0, 0, 0, 8, 0, 9, 6, 7, 9, 0, 7, 0, 7, 0, 9, 0, 0, 0, 0, 0, 8, 9, 7, 7, 0, 0, 0, 6, 8, 9, 7, 0, 0, 6, 0, 10, 0, 0, 0, 7, 0, 9, 4, 7, 5, 7, 0, 8, 9, 8, 8, 7, 0, 8, 0, 0, 0, 0, 9, 5, 8, 6, 6, 5, : 6, 6, 8, 8, 8, 9, 9, 11, 9, 6, 9, 5, 8, 5, 5, 7, 8, 6, 6, 6, 8, 9, 7, 5, 8, 9, 6, 9, 8, 9, 6, 7, 9, 7, 7, 9, 8, 9, 7, 7, 6, 8, 9, 7, 6, 10, 7, 9, 4, 7, 5, 7, 8, 9, 8, 8, 7, 8, 9, 5, 8, 6, 6, 5, 
40: 7, 0, 9, 5, 9, 0, 0, 7, 8, 0, 0, 7, 0, 5, 6, 6, 0, 5, 9, 7, 5, 0, 5, 0, 8, 0, 0, 0, 8, 6, 6, 0, 0, 8, 0, 0, 8, 5, 0, 8, 0, 8, 0, 0, 7, 9, 7, 9, 0, 0, 6, 0, 7, 0, 0, 5, 7, 9, 6, 6, 0, 8, 0, 6, 8, 0, 0, 9, 0, 0, 0, 7, 7, 0, 0, 5, 0, 0, 8, 8, 7, 9, 9, 5, 0, 0, 0, 9, 7, 0, 8, 0, 0, 8, 0, 9, 0, 8, 9, 5, 7, 0, 8, 0, 8, 7, 8, 0, 0, 7, 5, 8, 8, 0, 8, 7, 0, 7, 0, 7, : 7, 9, 5, 9, 7, 8, 7, 5, 6, 6, 5, 9, 7, 5, 5, 8, 8, 6, 6, 8, 8, 5, 8, 8, 7, 9, 7, 9, 6, 7, 5, 7, 9, 6, 6, 8, 6, 8, 9, 7, 7, 5, 8, 8, 7, 9, 9, 5, 9, 7, 8, 8, 9, 8, 9, 5, 7, 8, 8, 7, 8, 7, 5, 8, 8, 8, 7, 7, 7, 
106: 0, 0, 0, 0, 9, 6, 0, 0, 7, 7, 7, 0, 0, 7, 5, 6, 0, 6, 0, 0, 7, 0, 6, 6, 9, 6, 9, 0, 7, 0, 8, 5, 7, 0, 7, 9, 6, 0, 6, 8, 9, 0, 6, 7, 5, 5, 7, 8, 7, 7, 7, 7, 9, 0, 0, 8, 0, 0, 0, 6, 0, 6, 0, 8, 7, 5, 7, 0, 0, 10, 7, 0, 0, 8, 0, 0, 0, 9, 0, 7, 0, 7, 8, 8, 8, 0, 0, 7, 0, 0, 9, 0, 0, 9, 0, 6, 9, 0, 0, 0, 8, 0, 0, 0, 7, 0, 5, 0, 7, 0, 0, 0, 9, 0, 5, 10, 7, 9, 0, 0, : 9, 6, 7, 7, 7, 7, 5, 6, 6, 7, 6, 6, 9, 6, 9, 7, 8, 5, 7, 7, 9, 6, 6, 8, 9, 6, 7, 5, 5, 7, 8, 7, 7, 7, 7, 9, 8, 6, 6, 8, 7, 5, 7, 10, 7, 8, 9, 7, 7, 8, 8, 8, 7, 9, 9, 6, 9, 8, 7, 5, 7, 9, 5, 10, 7, 9, 
93: 0, 6, 9, 9, 7, 8, 0, 7, 0, 8, 0, 7, 7, 6, 0, 0, 7, 8, 0, 7, 8, 8, 0, 5, 0, 7, 0, 0, 10, 0, 0, 0, 0, 0, 10, 8, 6, 9, 0, 0, 0, 0, 9, 0, 6, 0, 0, 0, 6, 0, 0, 0, 0, 0, 0, 0, 7, 0, 0, 7, 7, 0, 0, 0, 5, 5, 9, 8, 0, 0, 0, 6, 8, 9, 6, 9, 7, 0, 0, 0, 6, 0, 0, 0, 0, 0, 0, 0, 0, 0, 8, 9, 0, 10, 7, 5, 0, 6, 6, 0, 5, 0, 0, 0, 8, 9, 8, 9, 0, 0, 9, 0, 0, 0, 0, 9, 11, 4, 5, 5, : 6, 9, 9, 7, 8, 7, 8, 7, 7, 6, 7, 8, 7, 8, 8, 5, 7, 10, 10, 8, 6, 9, 9, 6, 6, 7, 7, 7, 5, 5, 9, 8, 6, 8, 9, 6, 9, 7, 6, 8, 9, 10, 7, 5, 6, 6, 5, 8, 9, 8, 9, 9, 9, 11, 4, 5, 5, 
104: 0, 7, 0, 9, 0, 5, 0, 0, 0, 0, 0, 11, 0, 8, 9, 0, 5, 0, 7, 8, 7, 0, 8, 7, 5, 10, 6, 0, 9, 8, 0, 10, 7, 0, 0, 0, 9, 10, 10, 0, 6, 0, 0, 0, 7, 6, 8, 5, 0, 10, 7, 7, 7, 0, 8, 0, 10, 0, 7, 0, 9, 0, 9, 7, 0, 0, 0, 0, 0, 7, 8, 7, 0, 8, 0, 0, 0, 8, 7, 7, 0, 0, 6, 0, 0, 7, 8, 0, 7, 7, 8, 0, 8, 8, 7, 6, 0, 0, 8, 0, 0, 10, 7, 8, 0, 7, 0, 6, 7, 0, 5, 6, 8, 8, 0, 9, 0, 9, 6, 0, : 7, 9, 5, 11, 8, 9, 5, 7, 8, 7, 8, 7, 5, 10, 6, 9, 8, 10, 7, 9, 10, 10, 6, 7, 6, 8, 5, 10, 7, 7, 7, 8, 10, 7, 9, 9, 7, 7, 8, 7, 8, 8, 7, 7, 6, 7, 8, 7, 7, 8, 8, 8, 7, 6, 8, 10, 7, 8, 7, 6, 7, 5, 6, 8, 8, 9, 9, 6, 
116: 6, 8, 7, 0, 0, 0, 7, 7, 9, 7, 0, 7, 0, 6, 9, 0, 0, 0, 6, 0, 9, 0, 7, 8, 6, 6, 8, 8, 6, 8, 0, 7, 0, 0, 0, 0, 0, 0, 7, 6, 6, 6, 0, 8, 7, 0, 5, 0, 0, 0, 7, 7, 0, 7, 7, 6, 0, 0, 0, 8, 0, 0, 7, 0, 6, 0, 6, 8, 7, 7, 0, 8, 9, 0, 0, 6, 8, 9, 0, 9, 0, 8, 0, 0, 0, 0, 9, 7, 8, 10, 7, 0, 8, 0, 8, 0, 0, 8, 9, 0, 10, 0, 8, 7, 8, 0, 0, 0, 10, 0, 8, 0, 8, 0, 7, 7, 0, 0, 7, 0, : 6, 8, 7, 7, 7, 9, 7, 7, 6, 9, 6, 9, 7, 8, 6, 6, 8, 8, 6, 8, 7, 7, 6, 6, 6, 8, 7, 5, 7, 7, 7, 7, 6, 8, 7, 6, 6, 8, 7, 7, 8, 9, 6, 8, 9, 9, 8, 9, 7, 8, 10, 7, 8, 8, 8, 9, 10, 8, 7, 8, 10, 8, 8, 7, 7, 7, 
87: 0, 0, 0, 7, 0, 0, 5, 0, 7, 8, 8, 0, 0, 9, 7, 0, 0, 0, 0, 9, 0, 8, 10, 9, 5, 0, 0, 9, 0, 0, 8, 0, 0, 0, 6, 8, 8, 0, 7, 0, 0, 9, 0, 0, 0, 0, 8, 8, 0, 0, 6, 7, 7, 0, 7, 0, 0, 8, 0, 8, 6, 0, 7, 0, 7, 0, 6, 0, 6, 6, 0, 9, 0, 7, 0, 0, 9, 8, 9, 0, 9, 0, 8, 6, 8, 0, 0, 0, 0, 9, 0, 6, 7, 6, 6, 0, 8, 5, 6, 8, 0, 0, 0, 0, 0, 8, 0, 0, 5, 0, 8, 5, 0, 0, 0, 8, 7, 0, 6, 6, : 7, 5, 7, 8, 8, 9, 7, 9, 8, 10, 9, 5, 9, 8, 6, 8, 8, 7, 9, 8, 8, 6, 7, 7, 7, 8, 8, 6, 7, 7, 6, 6, 6, 9, 7, 9, 8, 9, 9, 8, 6, 8, 9, 6, 7, 6, 6, 8, 5, 6, 8, 8, 5, 8, 5, 8, 7, 6, 6, 
12: 6, 7, 0, 7, 0, 7, 8, 0, 7, 0, 5, 0, 0, 0, 8, 0, 0, 0, 5, 0, 0, 9, 7, 8, 0, 9, 0, 0, 0, 8, 9, 8, 0, 7, 8, 8, 0, 0, 0, 8, 7, 8, 9, 9, 8, 0, 0, 0, 0, 0, 0, 7, 0, 7, 0, 0, 0, 0, 0, 6, 0, 0, 0, 8, 0, 9, 0, 6, 8, 9, 7, 0, 8, 6, 0, 6, 7, 7, 0, 0, 0, 10, 8, 7, 0, 0, 0, 5, 8, 8, 4, 0, 0, 8, 8, 0, 7, 7, 0, 8, 7, 9, 0, 5, 7, 0, 8, 0, 6, 5, 7, 0, 7, 8, 9, 8, 10, 7, 0, 6, : 6, 7, 7, 7, 8, 7, 5, 8, 5, 9, 7, 8, 9, 8, 9, 8, 7, 8, 8, 8, 7, 8, 9, 9, 8, 7, 7, 6, 8, 9, 6, 8, 9, 7, 8, 6, 6, 7, 7, 10, 8, 7, 5, 8, 8, 4, 8, 8, 7, 7, 8, 7, 9, 5, 7, 8, 6, 5, 7, 7, 8, 9, 8, 10, 7, 6, 
57: 0, 0, 5, 0, 8, 9, 0, 0, 8, 8, 0, 9, 9, 0, 7, 0, 6, 0, 0, 0, 0, 0, 0, 0, 0, 0, 0, 7, 0, 0, 0, 7, 9, 0, 9, 7, 0, 8, 0, 11, 9, 6, 0, 0, 6, 8, 0, 0, 8, 0, 0, 6, 0, 11, 0, 0, 6, 0, 8, 7, 7, 6, 6, 6, 0, 0, 7, 7, 0, 6, 8, 0, 0, 0, 0, 0, 0, 0, 9, 9, 9, 0, 7, 0, 0, 0, 0, 0, 5, 0, 0, 0, 0, 0, 5, 0, 8, 0, 0, 9, 9, 0, 0, 0, 10, 0, 9, 0, 6, 0, 0, 8, 0, 8, 8, 0, 5, 0, 0, 7, : 5, 8, 9, 8, 8, 9, 9, 7, 6, 7, 7, 9, 9, 7, 8, 11, 9, 6, 6, 8, 8, 6, 11, 6, 8, 7, 7, 6, 6, 6, 7, 7, 6, 8, 9, 9, 9, 7, 5, 5, 8, 9, 9, 10, 9, 6, 8, 8, 8, 5, 7, 
61: 0, 0, 0, 0, 5, 0, 0, 0, 0, 0, 8, 0, 10, 6, 0, 5, 0, 5, 8, 0, 6, 8, 5, 10, 0, 0, 0, 6, 0, 9, 6, 0, 8, 0, 0, 8, 0, 8, 8, 9, 0, 0, 0, 0, 0, 0, 0, 0, 0, 8, 6, 8, 0, 9, 0, 8, 8, 0, 0, 7, 6, 10, 0, 0, 5, 8, 7, 0, 7, 8, 0, 5, 6, 0, 0, 0, 7, 4, 5, 9, 9, 6, 7, 5, 8, 8, 6, 0, 0, 0, 8, 8, 0, 5, 5, 8, 0, 7, 5, 6, 8, 0, 0, 5, 7, 0, 10, 8, 0, 0, 0, 8, 0, 0, 8, 7, 6, 10, 9, 0, : 5, 8, 10, 6, 5, 5, 8, 6, 8, 5, 10, 6, 9, 6, 8, 8, 8, 8, 9, 8, 6, 8, 9, 8, 8, 7, 6, 10, 5, 8, 7, 7, 8, 5, 6, 7, 4, 5, 9, 9, 6, 7, 5, 8, 8, 6, 8, 8, 5, 5, 8, 7, 5, 6, 8, 5, 7, 10, 8, 8, 8, 7, 6, 10, 9, 
66: 0, 0, 5, 7, 0, 0, 9, 4, 8, 0, 0, 0, 8, 5, 7, 0, 0, 8, 0, 8, 0, 0, 9, 9, 8, 8, 0, 0, 6, 6, 6, 7, 0, 9, 6, 9, 0, 0, 7, 9, 0, 8, 8, 0, 0, 8, 0, 7, 0, 0, 0, 6, 7, 0, 0, 8, 0, 0, 6, 0, 0, 7, 8, 8, 9, 6, 5, 0, 7, 7, 9, 7, 0, 9, 0, 6, 9, 0, 0, 0, 7, 6, 0, 7, 0, 0, 6, 0, 8, 0, 0, 8, 0, 8, 4, 5, 8, 8, 0, 8, 0, 8, 7, 5, 7, 6, 0, 0, 7, 0, 0, 0, 0, 8, 0, 6, 4, 5, 9, 0, : 5, 7, 9, 4, 8, 8, 5, 7, 8, 8, 9, 9, 8, 8, 6, 6, 6, 7, 9, 6, 9, 7, 9, 8, 8, 8, 7, 6, 7, 8, 6, 7, 8, 8, 9, 6, 5, 7, 7, 9, 7, 9, 6, 9, 7, 6, 7, 6, 8, 8, 8, 4, 5, 8, 8, 8, 8, 7, 5, 7, 6, 7, 8, 6, 4, 5, 9, 
92: 7, 7, 0, 7, 0, 5, 0, 9, 0, 4, 0, 0, 8, 11, 8, 0, 0, 6, 0, 8, 0, 0, 7, 0, 7, 7, 0, 8, 8, 8, 0, 8, 8, 0, 0, 0, 5, 5, 0, 6, 0, 0, 8, 11, 0, 7, 0, 0, 8, 8, 6, 0, 0, 0, 8, 7, 5, 0, 6, 10, 0, 0, 0, 0, 0, 0, 7, 8, 0, 7, 0, 0, 0, 9, 8, 0, 0, 9, 0, 0, 0, 0, 6, 11, 8, 8, 8, 9, 0, 7, 0, 0, 0, 7, 0, 10, 0, 0, 0, 7, 0, 9, 6, 8, 0, 0, 0, 5, 6, 5, 0, 6, 7, 0, 0, 0, 0, 7, 0, 7, : 7, 7, 7, 5, 9, 4, 8, 11, 8, 6, 8, 7, 7, 7, 8, 8, 8, 8, 8, 5, 5, 6, 8, 11, 7, 8, 8, 6, 8, 7, 5, 6, 10, 7, 8, 7, 9, 8, 9, 6, 11, 8, 8, 8, 9, 7, 7, 10, 7, 9, 6, 8, 5, 6, 5, 6, 7, 7, 7, 
38: 6, 0, 0, 7, 0, 0, 10, 0, 6, 0, 0, 9, 0, 5, 0, 0, 6, 0, 0, 0, 8, 0, 6, 7, 0, 0, 0, 0, 7, 9, 0, 0, 0, 0, 4, 0, 9, 0, 8, 0, 7, 0, 0, 6, 0, 0, 0, 7, 0, 6, 6, 6, 7, 7, 7, 0, 0, 8, 7, 7, 7, 0, 0, 0, 0, 8, 0, 6, 7, 0, 7, 7, 0, 0, 9, 0, 7, 0, 8, 0, 0, 7, 0, 8, 7, 0, 8, 8, 0, 0, 0, 0, 8, 8, 8, 0, 7, 0, 7, 6, 0, 6, 8, 7, 0, 6, 8, 6, 8, 0, 9, 10, 0, 0, 11, 0, 6, 0, 6, 9, : 6, 7, 10, 6, 9, 5, 6, 8, 6, 7, 7, 9, 4, 9, 8, 7, 6, 7, 6, 6, 6, 7, 7, 7, 8, 7, 7, 7, 8, 6, 7, 7, 7, 9, 7, 8, 7, 8, 7, 8, 8, 8, 8, 8, 7, 7, 6, 6, 8, 7, 6, 8, 6, 8, 9, 10, 11, 6, 6, 9, 
80: 0, 0, 0, 0, 0, 8, 6, 9, 0, 0, 0, 0, 7, 0, 0, 8, 0, 5, 8, 0, 8, 0, 0, 0, 0, 10, 0, 9, 0, 0, 0, 9, 0, 9, 0, 0, 7, 7, 10, 0, 0, 0, 0, 9, 0, 8, 10, 0, 8, 0, 0, 0, 0, 10, 8, 7, 0, 6, 0, 0, 0, 7, 0, 9, 7, 0, 0, 6, 0, 0, 6, 0, 8, 0, 0, 8, 0, 8, 0, 8, 0, 0, 6, 6, 7, 8, 6, 0, 0, 0, 0, 0, 5, 0, 0, 0, 0, 0, 0, 8, 9, 0, 7, 0, 7, 7, 8, 0, 8, 0, 7, 9, 9, 0, 6, 6, 7, 7, 11, 9, : 8, 6, 9, 7, 8, 5, 8, 8, 10, 9, 9, 9, 7, 7, 10, 9, 8, 10, 8, 10, 8, 7, 6, 7, 9, 7, 6, 6, 8, 8, 8, 8, 6, 6, 7, 8, 6, 5, 8, 9, 7, 7, 7, 8, 8, 7, 9, 9, 6, 6, 7, 7, 11, 9, 
120: 7, 8, 8, 6, 9, 0, 6, 7, 0, 5, 0, 7, 7, 8, 5, 6, 8, 0, 8, 8, 0, 0, 0, 7, 0, 8, 0, 8, 8, 0, 0, 6, 0, 0, 0, 0, 0, 6, 0, 0, 6, 0, 7, 8, 8, 0, 7, 8, 7, 0, 0, 9, 8, 9, 0, 0, 9, 0, 7, 7, 7, 7, 7, 8, 0, 9, 7, 0, 0, 9, 0, 6, 8, 0, 8, 7, 0, 0, 6, 0, 8, 0, 10, 8, 0, 0, 0, 0, 9, 7, 8, 0, 8, 0, 0, 8, 0, 0, 0, 7, 0, 7, 0, 0, 8, 7, 10, 0, 7, 8, 0, 0, 6, 6, 0, 0, 0, 4, 0, 6, : 7, 8, 8, 6, 9, 6, 7, 5, 7, 7, 8, 5, 6, 8, 8, 8, 7, 8, 8, 8, 6, 6, 6, 7, 8, 8, 7, 8, 7, 9, 8, 9, 9, 7, 7, 7, 7, 7, 8, 9, 7, 9, 6, 8, 8, 7, 6, 8, 10, 8, 9, 7, 8, 8, 8, 7, 7, 8, 7, 10, 7, 8, 6, 6, 4, 6, 
118: 0, 0, 7, 0, 6, 7, 0, 0, 0, 0, 8, 0, 0, 9, 8, 7, 9, 0, 0, 7, 0, 8, 10, 7, 10, 0, 7, 7, 0, 0, 0, 7, 9, 0, 8, 9, 0, 0, 0, 5, 8, 10, 0, 5, 0, 8, 6, 0, 0, 0, 0, 8, 9, 0, 0, 6, 7, 7, 8, 6, 0, 0, 7, 8, 0, 6, 7, 8, 10, 0, 0, 0, 9, 0, 4, 0, 0, 7, 0, 8, 5, 0, 0, 0, 0, 0, 0, 0, 0, 0, 0, 0, 8, 7, 9, 0, 5, 8, 8, 7, 0, 6, 6, 9, 0, 0, 8, 7, 5, 0, 0, 8, 0, 8, 8, 0, 0, 0, 0, 0, : 7, 6, 7, 8, 9, 8, 7, 9, 7, 8, 10, 7, 10, 7, 7, 7, 9, 8, 9, 5, 8, 10, 5, 8, 6, 8, 9, 6, 7, 7, 8, 6, 7, 8, 6, 7, 8, 10, 9, 4, 7, 8, 5, 8, 7, 9, 5, 8, 8, 7, 6, 6, 9, 8, 7, 5, 8, 8, 8, 
17: 6, 0, 0, 6, 0, 7, 0, 0, 0, 0, 9, 0, 0, 0, 8, 0, 0, 0, 0, 0, 0, 0, 0, 0, 0, 9, 7, 7, 0, 0, 0, 0, 0, 8, 0, 9, 0, 0, 0, 8, 8, 6, 9, 5, 0, 0, 9, 11, 0, 6, 0, 0, 6, 0, 0, 0, 0, 0, 0, 0, 8, 0, 8, 0, 0, 0, 0, 0, 7, 0, 7, 7, 6, 8, 0, 7, 0, 8, 7, 0, 7, 0, 7, 8, 9, 0, 9, 0, 7, 0, 5, 0, 0, 0, 0, 0, 0, 0, 0, 9, 0, 7, 0, 0, 0, 0, 6, 7, 8, 9, 7, 10, 8, 0, 0, 6, 0, 0, 8, 0, : 6, 6, 7, 9, 8, 9, 7, 7, 8, 9, 8, 8, 6, 9, 5, 9, 11, 6, 6, 8, 8, 7, 7, 7, 6, 8, 7, 8, 7, 7, 7, 8, 9, 9, 7, 5, 9, 7, 6, 7, 8, 9, 7, 10, 8, 6, 8, 
60: 0, 0, 9, 8, 0, 6, 0, 0, 6, 7, 9, 7, 0, 0, 0, 9, 6, 9, 6, 5, 0, 0, 0, 0, 7, 0, 6, 0, 7, 7, 9, 0, 6, 5, 5, 8, 7, 0, 0, 8, 8, 7, 9, 0, 0, 9, 0, 0, 0, 0, 0, 0, 6, 0, 8, 0, 7, 0, 0, 0, 0, 8, 6, 7, 8, 7, 7, 0, 0, 0, 7, 0, 0, 7, 7, 0, 0, 0, 0, 0, 0, 9, 0, 0, 9, 0, 7, 0, 0, 5, 7, 0, 0, 0, 6, 0, 6, 7, 8, 0, 0, 5, 7, 0, 6, 7, 6, 5, 5, 0, 7, 8, 9, 0, 0, 0, 5, 9, 4, 0, : 9, 8, 6, 6, 7, 9, 7, 9, 6, 9, 6, 5, 7, 6, 7, 7, 9, 6, 5, 5, 8, 7, 8, 8, 7, 9, 9, 6, 8, 7, 8, 6, 7, 8, 7, 7, 7, 7, 7, 9, 9, 7, 5, 7, 6, 6, 7, 8, 5, 7, 6, 7, 6, 5, 5, 7, 8, 9, 5, 9, 4, 
42: 7, 8, 0, 9, 0, 8, 6, 0, 0, 0, 0, 6, 6, 8, 0, 11, 6, 7, 0, 7, 8, 5, 0, 10, 9, 0, 0, 0, 0, 10, 7, 0, 0, 0, 0, 8, 5, 0, 0, 0, 8, 6, 8, 7, 0, 0, 0, 7, 0, 6, 9, 8, 0, 7, 7, 8, 0, 9, 0, 7, 6, 8, 0, 0, 7, 0, 0, 8, 0, 8, 0, 8, 7, 0, 5, 0, 7, 0, 6, 7, 0, 0, 0, 0, 7, 8, 0, 6, 8, 0, 9, 0, 0, 0, 8, 7, 9, 9, 0, 0, 0, 6, 8, 7, 0, 6, 7, 10, 8, 0, 5, 8, 7, 5, 0, 8, 9, 0, 0, 0, : 7, 8, 9, 8, 6, 6, 6, 8, 11, 6, 7, 7, 8, 5, 10, 9, 10, 7, 8, 5, 8, 6, 8, 7, 7, 6, 9, 8, 7, 7, 8, 9, 7, 6, 8, 7, 8, 8, 8, 7, 5, 7, 6, 7, 7, 8, 6, 8, 9, 8, 7, 9, 9, 6, 8, 7, 6, 7, 10, 8, 5, 8, 7, 5, 8, 9, 
77: 0, 7, 7, 7, 0, 6, 0, 0, 6, 8, 7, 0, 0, 0, 7, 0, 9, 0, 0, 0, 0, 8, 8, 0, 7, 0, 7, 8, 0, 0, 6, 6, 5, 0, 0, 0, 0, 0, 7, 0, 0, 9, 7, 0, 0, 7, 0, 0, 5, 6, 9, 0, 0, 0, 9, 0, 9, 0, 0, 0, 0, 0, 0, 8, 9, 0, 6, 0, 6, 0, 11, 7, 0, 0, 0, 9, 8, 9, 6, 8, 0, 7, 0, 0, 0, 0, 6, 8, 0, 8, 0, 0, 0, 0, 8, 8, 8, 9, 7, 0, 0, 6, 0, 0, 7, 7, 9, 7, 9, 10, 0, 0, 0, 0, 9, 6, 0, 0, 0, 0, : 7, 7, 7, 6, 6, 8, 7, 7, 9, 8, 8, 7, 7, 8, 6, 6, 5, 7, 9, 7, 7, 5, 6, 9, 9, 9, 8, 9, 6, 6, 11, 7, 9, 8, 9, 6, 8, 7, 6, 8, 8, 8, 8, 8, 9, 7, 6, 7, 7, 9, 7, 9, 10, 9, 6, 
36: 0, 9, 9, 5, 5, 7, 7, 0, 0, 0, 0, 0, 7, 0, 9, 5, 0, 0, 8, 9, 0, 0, 6, 8, 0, 7, 8, 0, 5, 0, 5, 0, 0, 5, 0, 0, 0, 8, 5, 0, 0, 0, 6, 7, 9, 9, 0, 9, 0, 0, 0, 8, 6, 5, 0, 7, 7, 6, 7, 0, 7, 0, 8, 0, 0, 0, 6, 0, 6, 0, 0, 0, 5, 0, 9, 8, 0, 0, 0, 7, 8, 8, 0, 0, 0, 7, 8, 5, 8, 0, 7, 0, 7, 0, 4, 0, 0, 7, 0, 7, 7, 10, 8, 0, 0, 7, 6, 0, 8, 0, 9, 0, 0, 9, 0, 7, 8, 9, 0, 0, : 9, 9, 5, 5, 7, 7, 7, 9, 5, 8, 9, 6, 8, 7, 8, 5, 5, 5, 8, 5, 6, 7, 9, 9, 9, 8, 6, 5, 7, 7, 6, 7, 7, 8, 6, 6, 5, 9, 8, 7, 8, 8, 7, 8, 5, 8, 7, 7, 4, 7, 7, 7, 10, 8, 7, 6, 8, 9, 9, 7, 8, 9, 
37: 0, 8, 6, 0, 0, 0, 0, 0, 0, 0, 7, 7, 6, 0, 0, 8, 0, 6, 8, 8, 8, 0, 0, 6, 8, 7, 8, 0, 8, 0, 0, 6, 7, 0, 5, 9, 0, 8, 7, 0, 0, 0, 6, 8, 0, 8, 5, 0, 5, 9, 0, 0, 0, 0, 0, 7, 6, 0, 8, 9, 0, 6, 0, 9, 6, 8, 0, 0, 9, 9, 8, 0, 7, 0, 7, 8, 0, 9, 7, 0, 7, 0, 6, 0, 8, 0, 0, 0, 7, 0, 0, 0, 0, 0, 0, 7, 0, 0, 0, 0, 6, 0, 0, 6, 7, 7, 0, 6, 0, 8, 0, 0, 10, 0, 8, 10, 0, 0, 9, 10, : 8, 6, 7, 7, 6, 8, 6, 8, 8, 8, 6, 8, 7, 8, 8, 6, 7, 5, 9, 8, 7, 6, 8, 8, 5, 5, 9, 7, 6, 8, 9, 6, 9, 6, 8, 9, 9, 8, 7, 7, 8, 9, 7, 7, 6, 8, 7, 7, 6, 6, 7, 7, 6, 8, 10, 8, 10, 9, 10, 
62: 0, 0, 9, 0, 0, 8, 8, 0, 6, 9, 4, 0, 5, 6, 0, 0, 8, 0, 7, 0, 9, 0, 6, 0, 6, 7, 8, 8, 0, 0, 0, 0, 8, 10, 7, 0, 5, 0, 9, 0, 9, 6, 0, 7, 6, 7, 0, 10, 0, 0, 8, 0, 9, 9, 6, 0, 6, 9, 0, 10, 7, 9, 10, 0, 8, 0, 0, 7, 10, 0, 7, 0, 8, 7, 7, 0, 0, 0, 7, 0, 0, 8, 0, 0, 0, 0, 8, 0, 9, 0, 8, 0, 6, 0, 7, 5, 0, 0, 6, 8, 0, 8, 0, 0, 8, 0, 0, 0, 0, 0, 0, 7, 9, 11, 0, 0, 8, 0, 0, 0, : 9, 8, 8, 6, 9, 4, 5, 6, 8, 7, 9, 6, 6, 7, 8, 8, 8, 10, 7, 5, 9, 9, 6, 7, 6, 7, 10, 8, 9, 9, 6, 6, 9, 10, 7, 9, 10, 8, 7, 10, 7, 8, 7, 7, 7, 8, 8, 9, 8, 6, 7, 5, 6, 8, 8, 8, 7, 9, 11, 8, 
96: 8, 0, 0, 0, 8, 0, 5, 0, 0, 0, 7, 7, 0, 0, 7, 0, 0, 5, 0, 0, 0, 7, 0, 6, 0, 0, 6, 0, 9, 0, 7, 8, 0, 0, 0, 0, 0, 5, 8, 5, 0, 0, 0, 0, 0, 9, 6, 0, 0, 0, 6, 0, 0, 5, 0, 11, 7, 0, 0, 0, 0, 8, 0, 0, 0, 8, 0, 0, 5, 0, 7, 6, 9, 11, 6, 7, 9, 0, 0, 5, 9, 6, 0, 0, 0, 6, 0, 0, 0, 0, 8, 7, 9, 5, 9, 0, 0, 0, 8, 7, 0, 0, 8, 0, 7, 8, 6, 0, 0, 0, 0, 10, 0, 6, 0, 0, 8, 0, 8, 0, : 8, 8, 5, 7, 7, 7, 5, 7, 6, 6, 9, 7, 8, 5, 8, 5, 9, 6, 6, 5, 11, 7, 8, 8, 5, 7, 6, 9, 11, 6, 7, 9, 5, 9, 6, 6, 8, 7, 9, 5, 9, 8, 7, 8, 7, 8, 6, 10, 6, 8, 8, 
10: 9, 7, 0, 0, 0, 0, 8, 7, 7, 7, 8, 6, 0, 7, 6, 7, 6, 8, 6, 8, 0, 8, 6, 8, 0, 0, 0, 7, 0, 8, 8, 8, 0, 0, 7, 0, 0, 9, 5, 0, 7, 0, 11, 0, 7, 0, 6, 0, 5, 11, 0, 6, 9, 7, 0, 7, 0, 0, 0, 0, 0, 5, 9, 7, 0, 0, 8, 0, 8, 0, 0, 0, 7, 7, 7, 6, 7, 9, 0, 7, 7, 0, 9, 0, 0, 8, 0, 8, 7, 0, 8, 8, 4, 8, 0, 0, 7, 8, 0, 0, 0, 7, 0, 0, 0, 0, 7, 8, 0, 5, 10, 0, 0, 11, 0, 7, 0, 11, 0, 0, : 9, 7, 8, 7, 7, 7, 8, 6, 7, 6, 7, 6, 8, 6, 8, 8, 6, 8, 7, 8, 8, 8, 7, 9, 5, 7, 11, 7, 6, 5, 11, 6, 9, 7, 7, 5, 9, 7, 8, 8, 7, 7, 7, 6, 7, 9, 7, 7, 9, 8, 8, 7, 8, 8, 4, 8, 7, 8, 7, 7, 8, 5, 10, 11, 7, 11, 
23: 0, 0, 6, 9, 7, 0, 7, 6, 7, 5, 0, 0, 0, 6, 0, 0, 0, 9, 0, 8, 6, 7, 0, 7, 7, 8, 8, 6, 0, 8, 0, 0, 0, 0, 0, 0, 0, 7, 0, 0, 6, 0, 8, 9, 0, 0, 0, 6, 0, 0, 7, 7, 0, 7, 7, 8, 0, 8, 0, 8, 0, 0, 8, 0, 0, 0, 7, 9, 0, 0, 0, 8, 9, 6, 0, 0, 6, 8, 9, 7, 7, 6, 6, 0, 6, 0, 0, 7, 0, 6, 8, 7, 8, 0, 5, 0, 0, 7, 6, 0, 0, 8, 7, 7, 0, 0, 0, 0, 0, 10, 0, 6, 9, 8, 5, 6, 0, 9, 8, 7, : 6, 9, 7, 7, 6, 7, 5, 6, 9, 8, 6, 7, 7, 7, 8, 8, 6, 8, 7, 6, 8, 9, 6, 7, 7, 7, 7, 8, 8, 8, 8, 7, 9, 8, 9, 6, 6, 8, 9, 7, 7, 6, 6, 6, 7, 6, 8, 7, 8, 5, 7, 6, 8, 7, 7, 10, 6, 9, 8, 5, 6, 9, 8, 7, 
13: 7, 0, 0, 8, 0, 6, 0, 8, 0, 7, 0, 6, 0, 0, 9, 0, 8, 0, 0, 0, 7, 10, 8, 8, 0, 5, 0, 9, 7, 9, 0, 7, 9, 9, 0, 0, 0, 0, 0, 0, 9, 9, 0, 9, 0, 6, 0, 0, 0, 5, 0, 0, 5, 5, 7, 9, 7, 0, 0, 8, 0, 0, 6, 10, 0, 0, 0, 0, 0, 0, 0, 7, 0, 0, 6, 5, 7, 8, 0, 0, 0, 0, 10, 0, 0, 8, 9, 0, 9, 7, 8, 0, 4, 0, 0, 0, 0, 5, 8, 6, 0, 8, 9, 6, 0, 0, 0, 0, 5, 0, 8, 6, 0, 5, 7, 0, 5, 0, 0, 0, : 7, 8, 6, 8, 7, 6, 9, 8, 7, 10, 8, 8, 5, 9, 7, 9, 7, 9, 9, 9, 9, 9, 6, 5, 5, 5, 7, 9, 7, 8, 6, 10, 7, 6, 5, 7, 8, 10, 8, 9, 9, 7, 8, 4, 5, 8, 6, 8, 9, 6, 5, 8, 6, 5, 7, 5, 
114: 0, 0, 0, 6, 0, 7, 8, 5, 7, 11, 9, 9, 7, 0, 7, 7, 0, 0, 5, 0, 5, 0, 0, 7, 0, 7, 0, 0, 8, 0, 6, 7, 0, 7, 8, 0, 0, 0, 0, 0, 0, 8, 10, 0, 0, 0, 7, 0, 0, 0, 6, 0, 8, 6, 7, 6, 0, 0, 8, 8, 0, 8, 0, 9, 8, 5, 7, 0, 0, 8, 0, 7, 7, 0, 8, 0, 6, 6, 6, 0, 0, 0, 7, 7, 0, 6, 0, 0, 0, 0, 0, 0, 8, 10, 0, 0, 0, 0, 9, 0, 0, 0, 9, 0, 6, 0, 0, 8, 0, 0, 0, 10, 0, 6, 0, 5, 8, 0, 7, 0, : 6, 7, 8, 5, 7, 11, 9, 9, 7, 7, 7, 5, 5, 7, 7, 8, 6, 7, 7, 8, 8, 10, 7, 6, 8, 6, 7, 6, 8, 8, 8, 9, 8, 5, 7, 8, 7, 7, 8, 6, 6, 6, 7, 7, 6, 8, 10, 9, 9, 6, 8, 10, 6, 5, 8, 7, 
30: 7, 7, 7, 0, 0, 7, 0, 6, 8, 0, 9, 5, 0, 0, 0, 0, 0, 0, 8, 0, 7, 0, 0, 9, 6, 6, 0, 8, 0, 0, 10, 6, 0, 8, 0, 0, 10, 0, 0, 8, 8, 9, 7, 0, 0, 0, 0, 0, 7, 8, 0, 6, 0, 0, 10, 9, 0, 0, 7, 0, 7, 8, 0, 0, 7, 8, 0, 0, 9, 8, 0, 0, 0, 8, 9, 6, 5, 0, 7, 0, 7, 9, 0, 0, 6, 0, 0, 0, 0, 8, 0, 9, 6, 8, 0, 8, 6, 9, 7, 0, 0, 0, 5, 8, 0, 0, 0, 0, 0, 5, 0, 5, 0, 6, 0, 8, 0, 8, 6, 0, : 7, 7, 7, 7, 6, 8, 9, 5, 8, 7, 9, 6, 6, 8, 10, 6, 8, 10, 8, 8, 9, 7, 7, 8, 6, 10, 9, 7, 7, 8, 7, 8, 9, 8, 8, 9, 6, 5, 7, 7, 9, 6, 8, 9, 6, 8, 8, 6, 9, 7, 5, 8, 5, 5, 6, 8, 8, 6, 
1: 7, 9, 7, 9, 0, 9, 7, 0, 0, 8, 9, 7, 0, 8, 6, 0, 0, 0, 8, 8, 6, 8, 6, 0, 0, 0, 7, 0, 0, 6, 6, 7, 6, 7, 8, 5, 0, 5, 5, 5, 0, 9, 9, 0, 0, 9, 5, 4, 0, 0, 11, 8, 6, 0, 7, 0, 10, 0, 6, 5, 0, 0, 0, 0, 8, 0, 0, 9, 8, 9, 8, 8, 8, 7, 0, 0, 0, 0, 0, 9, 0, 0, 5, 9, 0, 8, 6, 0, 0, 9, 0, 0, 0, 0, 0, 9, 7, 5, 0, 0, 0, 7, 8, 6, 0, 0, 0, 0, 7, 0, 0, 8, 8, 0, 9, 7, 9, 7, 0, 7, : 7, 9, 7, 9, 9, 7, 8, 9, 7, 8, 6, 8, 8, 6, 8, 6, 7, 6, 6, 7, 6, 7, 8, 5, 5, 5, 5, 9, 9, 9, 5, 4, 11, 8, 6, 7, 10, 6, 5, 8, 9, 8, 9, 8, 8, 8, 7, 9, 5, 9, 8, 6, 9, 9, 7, 5, 7, 8, 6, 7, 8, 8, 9, 7, 9, 7, 7, 
9: 6, 0, 0, 0, 6, 9, 0, 0, 0, 8, 8, 7, 0, 7, 0, 7, 9, 0, 6, 6, 6, 0, 8, 9, 0, 0, 8, 0, 8, 0, 0, 0, 9, 7, 7, 7, 6, 0, 6, 9, 8, 0, 0, 0, 9, 8, 0, 0, 0, 6, 0, 6, 7, 11, 7, 7, 0, 7, 9, 7, 0, 0, 8, 7, 8, 0, 0, 6, 7, 8, 8, 7, 0, 6, 0, 0, 0, 6, 7, 0, 0, 0, 0, 0, 5, 7, 8, 7, 0, 0, 6, 0, 10, 7, 0, 0, 0, 9, 0, 7, 9, 0, 6, 0, 0, 7, 7, 8, 7, 7, 7, 0, 6, 6, 0, 0, 0, 0, 8, 0, : 6, 6, 9, 8, 8, 7, 7, 7, 9, 6, 6, 6, 8, 9, 8, 8, 9, 7, 7, 7, 6, 6, 9, 8, 9, 8, 6, 6, 7, 11, 7, 7, 7, 9, 7, 8, 7, 8, 6, 7, 8, 8, 7, 6, 6, 7, 5, 7, 8, 7, 6, 10, 7, 9, 7, 9, 6, 7, 7, 8, 7, 7, 7, 6, 6, 8, 
28: 0, 0, 8, 0, 9, 7, 0, 10, 0, 0, 7, 7, 7, 9, 9, 7, 0, 8, 0, 6, 7, 0, 0, 7, 0, 0, 0, 8, 0, 8, 5, 8, 7, 0, 9, 7, 6, 5, 0, 0, 0, 6, 0, 8, 8, 0, 7, 0, 10, 0, 8, 7, 0, 7, 0, 0, 0, 7, 6, 8, 0, 7, 0, 0, 0, 0, 0, 7, 8, 8, 0, 0, 0, 8, 6, 0, 0, 0, 0, 0, 0, 0, 7, 6, 6, 0, 6, 6, 0, 9, 0, 0, 9, 0, 0, 0, 10, 0, 0, 9, 6, 0, 0, 0, 7, 0, 6, 0, 0, 0, 0, 8, 0, 0, 6, 6, 7, 6, 11, 0, : 8, 9, 7, 10, 7, 7, 7, 9, 9, 7, 8, 6, 7, 7, 8, 8, 5, 8, 7, 9, 7, 6, 5, 6, 8, 8, 7, 10, 8, 7, 7, 7, 6, 8, 7, 7, 8, 8, 8, 6, 7, 6, 6, 6, 6, 9, 9, 10, 9, 6, 7, 6, 8, 6, 6, 7, 6, 11, 
22: 6, 0, 6, 0, 11, 6, 5, 9, 0, 7, 0, 9, 9, 0, 5, 0, 6, 0, 8, 0, 0, 8, 0, 5, 0, 7, 0, 9, 8, 0, 8, 8, 8, 0, 9, 0, 7, 0, 9, 5, 8, 0, 0, 6, 0, 0, 0, 9, 7, 0, 8, 10, 0, 0, 0, 7, 7, 0, 10, 0, 10, 0, 6, 6, 0, 9, 0, 0, 0, 6, 8, 0, 0, 7, 0, 0, 0, 0, 8, 6, 0, 6, 9, 10, 8, 0, 8, 6, 9, 9, 7, 0, 7, 10, 0, 0, 8, 0, 0, 0, 9, 0, 9, 7, 7, 0, 7, 0, 0, 6, 8, 0, 8, 0, 0, 0, 0, 0, 0, 0, : 6, 6, 11, 6, 5, 9, 7, 9, 9, 5, 6, 8, 8, 5, 7, 9, 8, 8, 8, 8, 9, 7, 9, 5, 8, 6, 9, 7, 8, 10, 7, 7, 10, 10, 6, 6, 9, 6, 8, 7, 8, 6, 6, 9, 10, 8, 8, 6, 9, 9, 7, 7, 10, 8, 9, 9, 7, 7, 7, 6, 8, 8, 
5: 8, 7, 7, 9, 7, 7, 0, 8, 8, 0, 0, 7, 8, 8, 9, 0, 8, 7, 0, 0, 0, 9, 8, 0, 5, 5, 8, 5, 0, 6, 8, 7, 7, 0, 0, 0, 7, 0, 7, 0, 0, 0, 0, 0, 0, 6, 9, 0, 8, 7, 0, 0, 0, 0, 0, 7, 7, 9, 0, 0, 8, 10, 9, 7, 8, 8, 0, 8, 0, 9, 0, 7, 7, 7, 0, 6, 0, 5, 7, 7, 0, 9, 9, 8, 6, 0, 0, 10, 7, 0, 0, 9, 0, 0, 0, 8, 9, 0, 0, 7, 0, 6, 8, 7, 0, 0, 6, 0, 0, 0, 8, 0, 0, 0, 0, 8, 7, 0, 5, 8, : 8, 7, 7, 9, 7, 7, 8, 8, 7, 8, 8, 9, 8, 7, 9, 8, 5, 5, 8, 5, 6, 8, 7, 7, 7, 7, 6, 9, 8, 7, 7, 7, 9, 8, 10, 9, 7, 8, 8, 8, 9, 7, 7, 7, 6, 5, 7, 7, 9, 9, 8, 6, 10, 7, 9, 8, 9, 7, 6, 8, 7, 6, 8, 8, 7, 5, 8, 
52: 0, 9, 7, 7, 0, 0, 7, 0, 9, 6, 0, 10, 5, 9, 7, 7, 5, 0, 0, 8, 0, 6, 0, 7, 7, 0, 9, 7, 0, 7, 8, 0, 11, 8, 7, 9, 8, 6, 6, 0, 7, 8, 8, 0, 0, 7, 0, 0, 10, 9, 0, 9, 7, 9, 0, 6, 11, 7, 0, 8, 7, 6, 0, 7, 0, 7, 0, 0, 8, 0, 0, 6, 7, 7, 0, 5, 0, 7, 8, 9, 7, 8, 0, 7, 0, 0, 6, 7, 7, 0, 8, 0, 0, 0, 0, 10, 5, 9, 8, 8, 6, 0, 0, 0, 0, 6, 0, 8, 9, 8, 5, 5, 0, 10, 0, 0, 10, 0, 0, 0, : 9, 7, 7, 7, 9, 6, 10, 5, 9, 7, 7, 5, 8, 6, 7, 7, 9, 7, 7, 8, 11, 8, 7, 9, 8, 6, 6, 7, 8, 8, 7, 10, 9, 9, 7, 9, 6, 11, 7, 8, 7, 6, 7, 7, 8, 6, 7, 7, 5, 7, 8, 9, 7, 8, 7, 6, 7, 7, 8, 10, 5, 9, 8, 8, 6, 6, 8, 9, 8, 5, 5, 10, 10, 
101: 0, 8, 7, 0, 0, 0, 7, 8, 0, 0, 0, 0, 0, 0, 0, 6, 0, 8, 8, 0, 9, 7, 8, 0, 8, 7, 0, 9, 8, 0, 0, 0, 6, 8, 0, 0, 0, 0, 0, 0, 0, 8, 8, 0, 8, 7, 8, 0, 7, 6, 7, 11, 0, 7, 7, 0, 0, 7, 6, 0, 6, 6, 0, 0, 6, 7, 6, 0, 0, 7, 7, 0, 0, 8, 7, 0, 9, 9, 0, 9, 0, 8, 9, 0, 0, 6, 7, 0, 6, 7, 0, 5, 0, 0, 0, 0, 10, 0, 0, 8, 0, 0, 6, 6, 0, 0, 9, 6, 7, 0, 10, 9, 0, 9, 6, 0, 8, 8, 9, 0, : 8, 7, 7, 8, 6, 8, 8, 9, 7, 8, 8, 7, 9, 8, 6, 8, 8, 8, 8, 7, 8, 7, 6, 7, 11, 7, 7, 7, 6, 6, 6, 6, 7, 6, 7, 7, 8, 7, 9, 9, 9, 8, 9, 6, 7, 6, 7, 5, 10, 8, 6, 6, 9, 6, 7, 10, 9, 9, 6, 8, 8, 9, 
112: 5, 7, 0, 7, 0, 0, 7, 8, 0, 0, 0, 6, 0, 9, 8, 0, 8, 5, 5, 0, 0, 7, 0, 0, 8, 0, 6, 7, 0, 8, 6, 9, 0, 9, 8, 0, 7, 6, 0, 8, 0, 9, 0, 0, 7, 8, 8, 6, 9, 0, 6, 7, 0, 6, 0, 0, 0, 7, 9, 8, 0, 9, 0, 7, 0, 0, 8, 7, 0, 0, 9, 0, 7, 5, 8, 7, 7, 0, 0, 9, 0, 7, 0, 7, 0, 9, 0, 0, 8, 0, 0, 0, 10, 7, 7, 8, 6, 9, 9, 10, 9, 9, 8, 10, 7, 0, 9, 0, 0, 7, 0, 0, 0, 0, 7, 0, 0, 0, 0, 5, : 5, 7, 7, 7, 8, 6, 9, 8, 8, 5, 5, 7, 8, 6, 7, 8, 6, 9, 9, 8, 7, 6, 8, 9, 7, 8, 8, 6, 9, 6, 7, 6, 7, 9, 8, 9, 7, 8, 7, 9, 7, 5, 8, 7, 7, 9, 7, 7, 9, 8, 10, 7, 7, 8, 6, 9, 9, 10, 9, 9, 8, 10, 7, 9, 7, 7, 5, 
43: 0, 9, 7, 7, 0, 4, 0, 0, 7, 7, 0, 0, 0, 0, 8, 0, 0, 5, 6, 6, 8, 9, 7, 0, 6, 7, 0, 8, 0, 0, 8, 0, 0, 0, 0, 0, 8, 8, 10, 7, 8, 0, 0, 10, 0, 0, 7, 0, 7, 7, 6, 6, 9, 0, 8, 9, 6, 0, 0, 0, 9, 0, 0, 7, 6, 0, 8, 0, 0, 0, 0, 6, 4, 7, 0, 0, 10, 0, 0, 0, 0, 8, 6, 0, 7, 7, 0, 9, 0, 0, 7, 7, 0, 0, 0, 0, 0, 8, 8, 0, 0, 8, 0, 7, 9, 0, 0, 7, 0, 9, 0, 0, 6, 0, 7, 5, 6, 0, 8, 0, : 9, 7, 7, 4, 7, 7, 8, 5, 6, 6, 8, 9, 7, 6, 7, 8, 8, 8, 8, 10, 7, 8, 10, 7, 7, 7, 6, 6, 9, 8, 9, 6, 9, 7, 6, 8, 6, 4, 7, 10, 8, 6, 7, 7, 9, 7, 7, 8, 8, 8, 7, 9, 7, 9, 6, 7, 5, 6, 8, 
56: 0, 0, 0, 6, 5, 5, 7, 0, 0, 8, 0, 0, 0, 0, 8, 10, 0, 0, 9, 6, 6, 7, 0, 6, 0, 0, 0, 0, 0, 9, 8, 6, 0, 7, 8, 9, 7, 9, 0, 7, 9, 8, 7, 7, 0, 0, 5, 8, 0, 0, 6, 0, 9, 0, 0, 8, 8, 0, 0, 0, 0, 0, 6, 0, 0, 7, 8, 0, 0, 6, 0, 0, 0, 0, 7, 0, 0, 0, 7, 0, 0, 7, 7, 8, 0, 8, 8, 8, 9, 0, 0, 9, 0, 6, 7, 10, 0, 0, 0, 8, 0, 5, 0, 7, 8, 7, 7, 0, 0, 0, 0, 0, 9, 0, 0, 11, 0, 8, 0, 8, : 6, 5, 5, 7, 8, 8, 10, 9, 6, 6, 7, 6, 9, 8, 6, 7, 8, 9, 7, 9, 7, 9, 8, 7, 7, 5, 8, 6, 9, 8, 8, 6, 7, 8, 6, 7, 7, 7, 7, 8, 8, 8, 8, 9, 9, 6, 7, 10, 8, 5, 7, 8, 7, 7, 9, 11, 8, 8, 
46: 8, 7, 9, 0, 0, 0, 0, 0, 0, 0, 5, 8, 0, 0, 8, 6, 0, 0, 7, 8, 8, 0, 0, 0, 0, 7, 0, 6, 8, 0, 10, 8, 8, 9, 0, 8, 7, 0, 8, 8, 0, 8, 9, 6, 0, 7, 0, 8, 10, 9, 0, 7, 9, 0, 0, 0, 9, 0, 8, 0, 0, 0, 0, 6, 0, 0, 8, 10, 0, 0, 8, 0, 11, 0, 6, 0, 0, 0, 0, 0, 7, 0, 9, 6, 5, 0, 0, 7, 6, 0, 5, 0, 8, 9, 0, 7, 9, 8, 8, 0, 8, 0, 6, 0, 0, 0, 0, 8, 7, 0, 6, 0, 7, 0, 6, 5, 0, 0, 0, 0, : 8, 7, 9, 5, 8, 8, 6, 7, 8, 8, 7, 6, 8, 10, 8, 8, 9, 8, 7, 8, 8, 8, 9, 6, 7, 8, 10, 9, 7, 9, 9, 8, 6, 8, 10, 8, 11, 6, 7, 9, 6, 5, 7, 6, 5, 8, 9, 7, 9, 8, 8, 8, 6, 8, 7, 6, 7, 6, 5, 
53: 9, 0, 0, 8, 0, 6, 10, 6, 0, 0, 5, 0, 7, 6, 0, 0, 0, 0, 6, 4, 8, 0, 6, 8, 7, 0, 0, 0, 6, 0, 7, 8, 0, 0, 0, 9, 0, 0, 5, 6, 6, 0, 0, 0, 9, 8, 0, 0, 8, 0, 0, 0, 6, 8, 10, 0, 9, 6, 6, 0, 0, 8, 0, 0, 0, 0, 0, 8, 8, 8, 0, 8, 0, 9, 8, 0, 0, 0, 0, 6, 0, 0, 8, 0, 0, 9, 0, 0, 0, 6, 0, 6, 0, 0, 0, 0, 7, 6, 9, 7, 0, 5, 6, 0, 6, 7, 0, 7, 0, 0, 0, 0, 0, 0, 0, 6, 9, 7, 7, 5, : 9, 8, 6, 10, 6, 5, 7, 6, 6, 4, 8, 6, 8, 7, 6, 7, 8, 9, 5, 6, 6, 9, 8, 8, 6, 8, 10, 9, 6, 6, 8, 8, 8, 8, 8, 9, 8, 6, 8, 9, 6, 6, 7, 6, 9, 7, 5, 6, 6, 7, 7, 6, 9, 7, 7, 5, 
14: 8, 9, 0, 6, 0, 0, 7, 0, 6, 0, 6, 0, 0, 7, 0, 6, 10, 0, 0, 0, 0, 9, 5, 0, 0, 8, 7, 7, 7, 0, 7, 0, 0, 0, 9, 0, 0, 0, 0, 0, 0, 11, 0, 0, 6, 0, 9, 0, 6, 9, 0, 6, 11, 0, 9, 7, 8, 6, 0, 0, 0, 0, 6, 8, 7, 7, 8, 0, 5, 0, 0, 0, 0, 0, 0, 0, 7, 0, 8, 0, 0, 9, 9, 6, 0, 0, 7, 0, 9, 0, 0, 6, 8, 8, 0, 0, 0, 0, 0, 0, 9, 6, 8, 0, 5, 0, 7, 6, 9, 6, 10, 8, 0, 7, 11, 0, 8, 8, 7, 7, : 8, 9, 6, 7, 6, 6, 7, 6, 10, 9, 5, 8, 7, 7, 7, 7, 9, 11, 6, 9, 6, 9, 6, 11, 9, 7, 8, 6, 6, 8, 7, 7, 8, 5, 7, 8, 9, 9, 6, 7, 9, 6, 8, 8, 9, 6, 8, 5, 7, 6, 9, 6, 10, 8, 7, 11, 8, 8, 7, 7, 
19: 8, 0, 9, 10, 8, 7, 0, 6, 0, 6, 7, 6, 0, 0, 0, 9, 0, 10, 0, 0, 0, 8, 0, 8, 0, 6, 6, 8, 6, 0, 6, 7, 0, 7, 8, 0, 0, 6, 0, 0, 0, 6, 0, 6, 0, 7, 0, 6, 0, 0, 6, 0, 0, 9, 7, 9, 0, 7, 0, 0, 0, 8, 0, 0, 0, 5, 8, 0, 0, 0, 5, 0, 0, 8, 6, 8, 0, 7, 0, 0, 0, 0, 0, 0, 6, 7, 6, 0, 8, 0, 0, 7, 0, 0, 0, 0, 0, 9, 0, 0, 7, 8, 0, 0, 9, 7, 0, 6, 0, 0, 0, 0, 0, 0, 0, 5, 0, 5, 8, 0, : 8, 9, 10, 8, 7, 6, 6, 7, 6, 9, 10, 8, 8, 6, 6, 8, 6, 6, 7, 7, 8, 6, 6, 6, 7, 6, 6, 9, 7, 9, 7, 8, 5, 8, 5, 8, 6, 8, 7, 6, 7, 6, 8, 7, 9, 7, 8, 9, 7, 6, 5, 5, 8, 
69: 0, 8, 6, 9, 0, 8, 5, 8, 10, 0, 11, 0, 0, 0, 0, 8, 6, 8, 7, 0, 0, 0, 8, 0, 7, 10, 10, 6, 0, 6, 6, 0, 0, 9, 8, 0, 0, 9, 8, 6, 5, 0, 0, 6, 8, 0, 6, 5, 7, 0, 6, 0, 0, 0, 0, 0, 0, 9, 9, 0, 0, 6, 0, 8, 0, 0, 10, 9, 7, 0, 7, 0, 0, 0, 0, 0, 6, 6, 0, 6, 0, 8, 8, 0, 0, 0, 0, 9, 9, 7, 0, 6, 6, 0, 0, 5, 0, 0, 6, 0, 6, 9, 6, 7, 0, 6, 7, 10, 0, 0, 0, 0, 6, 0, 7, 0, 9, 0, 0, 5, : 8, 6, 9, 8, 5, 8, 10, 11, 8, 6, 8, 7, 8, 7, 10, 10, 6, 6, 6, 9, 8, 9, 8, 6, 5, 6, 8, 6, 5, 7, 6, 9, 9, 6, 8, 10, 9, 7, 7, 6, 6, 6, 8, 8, 9, 9, 7, 6, 6, 5, 6, 6, 9, 6, 7, 6, 7, 10, 6, 7, 9, 5, 
89: 8, 10, 6, 0, 9, 0, 8, 0, 6, 0, 0, 8, 0, 7, 7, 9, 9, 7, 9, 0, 7, 7, 0, 0, 9, 6, 7, 8, 0, 6, 0, 0, 8, 0, 5, 0, 0, 0, 0, 6, 0, 6, 0, 0, 0, 6, 7, 0, 0, 0, 6, 7, 0, 0, 7, 0, 6, 0, 10, 0, 7, 8, 0, 6, 9, 0, 0, 6, 0, 5, 5, 7, 7, 0, 0, 7, 0, 6, 9, 7, 0, 10, 0, 0, 0, 0, 6, 6, 0, 8, 0, 0, 0, 0, 8, 9, 0, 0, 6, 0, 8, 0, 0, 8, 8, 0, 7, 9, 0, 0, 8, 0, 8, 8, 0, 0, 7, 8, 10, 9, : 8, 10, 6, 9, 8, 6, 8, 7, 7, 9, 9, 7, 9, 7, 7, 9, 6, 7, 8, 6, 8, 5, 6, 6, 6, 7, 6, 7, 7, 6, 10, 7, 8, 6, 9, 6, 5, 5, 7, 7, 7, 6, 9, 7, 10, 6, 6, 8, 8, 9, 6, 8, 8, 8, 7, 9, 8, 8, 8, 7, 8, 10, 9, 
81: 0, 8, 8, 8, 0, 7, 8, 10, 0, 8, 0, 7, 0, 0, 0, 8, 0, 0, 6, 9, 0, 7, 0, 7, 0, 0, 0, 0, 0, 6, 7, 0, 0, 0, 8, 0, 0, 7, 6, 6, 0, 9, 6, 7, 0, 8, 0, 0, 0, 7, 0, 8, 7, 0, 8, 8, 0, 0, 0, 10, 6, 0, 0, 5, 7, 0, 0, 8, 0, 8, 6, 0, 8, 0, 8, 0, 9, 8, 9, 0, 0, 7, 9, 8, 0, 6, 8, 0, 0, 7, 8, 8, 0, 8, 0, 8, 5, 0, 0, 0, 0, 7, 8, 8, 0, 7, 7, 7, 0, 0, 0, 0, 7, 0, 6, 0, 6, 0, 0, 0, : 8, 8, 8, 7, 8, 10, 8, 7, 8, 6, 9, 7, 7, 6, 7, 8, 7, 6, 6, 9, 6, 7, 8, 7, 8, 7, 8, 8, 10, 6, 5, 7, 8, 8, 6, 8, 8, 9, 8, 9, 7, 9, 8, 6, 8, 7, 8, 8, 8, 8, 5, 7, 8, 8, 7, 7, 7, 7, 6, 6, 
85: 9, 0, 0, 7, 9, 0, 7, 9, 9, 0, 6, 0, 0, 8, 0, 10, 8, 0, 0, 6, 5, 6, 0, 0, 0, 0, 6, 8, 0, 6, 0, 5, 6, 7, 5, 10, 8, 0, 7, 5, 5, 9, 0, 0, 7, 0, 9, 7, 7, 0, 7, 0, 7, 0, 0, 0, 7, 0, 0, 9, 6, 0, 7, 6, 9, 8, 9, 0, 7, 0, 0, 7, 0, 0, 0, 0, 0, 0, 10, 0, 7, 6, 0, 9, 8, 6, 8, 0, 6, 0, 0, 4, 0, 9, 9, 0, 9, 8, 10, 0, 0, 7, 7, 0, 0, 0, 0, 0, 8, 8, 0, 8, 0, 0, 0, 0, 0, 0, 5, 9, : 9, 7, 9, 7, 9, 9, 6, 8, 10, 8, 6, 5, 6, 6, 8, 6, 5, 6, 7, 5, 10, 8, 7, 5, 5, 9, 7, 9, 7, 7, 7, 7, 7, 9, 6, 7, 6, 9, 8, 9, 7, 7, 10, 7, 6, 9, 8, 6, 8, 6, 4, 9, 9, 9, 8, 10, 7, 7, 8, 8, 8, 5, 9, 
109: 8, 0, 6, 0, 8, 11, 0, 0, 8, 0, 0, 0, 8, 0, 0, 0, 0, 0, 6, 0, 0, 5, 0, 8, 0, 8, 7, 0, 6, 10, 8, 0, 8, 7, 0, 5, 0, 0, 0, 0, 11, 0, 8, 9, 8, 6, 7, 0, 6, 6, 6, 7, 7, 6, 0, 0, 7, 0, 7, 6, 8, 0, 0, 0, 0, 8, 0, 7, 7, 0, 8, 0, 7, 8, 0, 6, 0, 0, 8, 6, 0, 6, 0, 9, 7, 0, 0, 8, 0, 0, 9, 0, 0, 0, 0, 0, 0, 8, 0, 0, 8, 8, 8, 0, 0, 0, 9, 10, 8, 0, 0, 7, 8, 0, 6, 0, 0, 0, 0, 8, : 8, 6, 8, 11, 8, 8, 6, 5, 8, 8, 7, 6, 10, 8, 8, 7, 5, 11, 8, 9, 8, 6, 7, 6, 6, 6, 7, 7, 6, 7, 7, 6, 8, 8, 7, 7, 8, 7, 8, 6, 8, 6, 6, 9, 7, 8, 9, 8, 8, 8, 8, 9, 10, 8, 7, 8, 6, 8, 
65: 0, 7, 0, 6, 7, 8, 0, 0, 6, 0, 7, 7, 5, 0, 0, 0, 0, 0, 0, 0, 0, 0, 0, 7, 6, 0, 0, 0, 9, 10, 0, 8, 9, 8, 9, 7, 9, 0, 0, 0, 9, 7, 9, 7, 7, 7, 0, 8, 6, 7, 0, 0, 10, 7, 7, 0, 6, 0, 0, 0, 0, 9, 0, 9, 7, 7, 0, 0, 6, 8, 7, 8, 7, 0, 5, 0, 0, 7, 8, 0, 7, 0, 0, 6, 11, 7, 5, 0, 9, 0, 7, 8, 0, 8, 0, 4, 5, 8, 7, 8, 0, 0, 0, 8, 0, 7, 0, 0, 0, 0, 9, 0, 7, 6, 0, 0, 0, 7, 7, 8, : 7, 6, 7, 8, 6, 7, 7, 5, 7, 6, 9, 10, 8, 9, 8, 9, 7, 9, 9, 7, 9, 7, 7, 7, 8, 6, 7, 10, 7, 7, 6, 9, 9, 7, 7, 6, 8, 7, 8, 7, 5, 7, 8, 7, 6, 11, 7, 5, 9, 7, 8, 8, 4, 5, 8, 7, 8, 8, 7, 9, 7, 6, 7, 7, 8, 
97: 0, 0, 0, 0, 8, 0, 0, 0, 7, 0, 0, 8, 0, 0, 0, 7, 0, 0, 8, 0, 8, 0, 0, 8, 9, 6, 0, 0, 6, 0, 0, 6, 0, 9, 0, 0, 0, 0, 8, 6, 0, 0, 5, 8, 0, 7, 9, 0, 9, 0, 0, 0, 8, 7, 8, 0, 0, 0, 8, 0, 0, 0, 6, 8, 11, 0, 0, 6, 6, 0, 7, 0, 0, 9, 0, 0, 6, 0, 0, 8, 8, 0, 0, 8, 0, 0, 7, 7, 0, 5, 8, 9, 8, 7, 0, 0, 0, 0, 8, 8, 6, 0, 7, 10, 0, 7, 0, 0, 0, 6, 6, 0, 0, 0, 0, 0, 5, 9, 0, 0, : 8, 7, 8, 7, 8, 8, 8, 9, 6, 6, 6, 9, 8, 6, 5, 8, 7, 9, 9, 8, 7, 8, 8, 6, 8, 11, 6, 6, 7, 9, 6, 8, 8, 8, 7, 7, 5, 8, 9, 8, 7, 8, 8, 6, 7, 10, 7, 6, 6, 5, 9, 
58: 0, 6, 0, 0, 6, 6, 0, 0, 0, 0, 0, 6, 0, 0, 0, 0, 0, 0, 6, 0, 5, 0, 9, 9, 9, 6, 8, 10, 7, 6, 7, 0, 0, 0, 7, 5, 0, 0, 9, 9, 5, 7, 7, 6, 9, 0, 7, 7, 7, 11, 0, 0, 0, 8, 8, 0, 6, 6, 9, 7, 4, 0, 0, 0, 0, 8, 6, 0, 0, 7, 0, 7, 7, 0, 7, 0, 6, 8, 6, 0, 6, 0, 0, 7, 0, 7, 8, 0, 7, 0, 5, 4, 0, 0, 6, 0, 0, 8, 0, 0, 7, 7, 0, 0, 0, 0, 9, 6, 8, 7, 7, 7, 0, 8, 8, 0, 4, 8, 8, 8, : 6, 6, 6, 6, 6, 5, 9, 9, 9, 6, 8, 10, 7, 6, 7, 7, 5, 9, 9, 5, 7, 7, 6, 9, 7, 7, 7, 11, 8, 8, 6, 6, 9, 7, 4, 8, 6, 7, 7, 7, 7, 6, 8, 6, 6, 7, 7, 8, 7, 5, 4, 6, 8, 7, 7, 9, 6, 8, 7, 7, 7, 8, 8, 4, 8, 8, 8, 
15: 9, 6, 0, 5, 0, 5, 0, 7, 9, 7, 0, 0, 0, 8, 0, 9, 7, 0, 10, 8, 0, 5, 9, 0, 0, 0, 6, 0, 0, 0, 8, 9, 0, 0, 0, 0, 0, 0, 0, 6, 6, 0, 0, 6, 7, 0, 7, 8, 0, 7, 7, 0, 0, 0, 7, 6, 0, 6, 8, 7, 8, 8, 9, 0, 0, 7, 0, 0, 9, 9, 6, 0, 0, 8, 0, 9, 10, 0, 0, 0, 7, 0, 0, 0, 6, 6, 8, 0, 0, 0, 7, 0, 9, 0, 7, 9, 0, 0, 9, 0, 10, 0, 0, 7, 8, 8, 6, 0, 10, 0, 0, 0, 8, 0, 9, 0, 0, 9, 0, 7, : 9, 6, 5, 5, 7, 9, 7, 8, 9, 7, 10, 8, 5, 9, 6, 8, 9, 6, 6, 6, 7, 7, 8, 7, 7, 7, 6, 6, 8, 7, 8, 8, 9, 7, 9, 9, 6, 8, 9, 10, 7, 6, 6, 8, 7, 9, 7, 9, 9, 10, 7, 8, 8, 6, 10, 8, 9, 9, 7, 
98: 8, 9, 7, 5, 7, 5, 5, 7, 7, 9, 0, 8, 0, 0, 0, 0, 7, 10, 10, 7, 7, 0, 0, 7, 0, 6, 7, 0, 9, 8, 9, 7, 0, 7, 9, 0, 8, 7, 0, 10, 8, 0, 5, 8, 0, 8, 0, 0, 0, 9, 6, 0, 0, 0, 0, 0, 0, 11, 11, 9, 0, 0, 0, 0, 7, 0, 0, 7, 0, 0, 0, 7, 0, 7, 0, 6, 0, 7, 0, 7, 0, 7, 7, 0, 8, 0, 0, 0, 10, 0, 8, 0, 6, 0, 6, 0, 0, 0, 7, 7, 0, 0, 6, 7, 8, 0, 0, 6, 0, 6, 4, 0, 0, 8, 5, 7, 10, 8, 0, 0, : 8, 9, 7, 5, 7, 5, 5, 7, 7, 9, 8, 7, 10, 10, 7, 7, 7, 6, 7, 9, 8, 9, 7, 7, 9, 8, 7, 10, 8, 5, 8, 8, 9, 6, 11, 11, 9, 7, 7, 7, 7, 6, 7, 7, 7, 7, 8, 10, 8, 6, 6, 7, 7, 6, 7, 8, 6, 6, 4, 8, 5, 7, 10, 8, 
45: 0, 0, 8, 0, 9, 6, 0, 0, 0, 7, 7, 0, 7, 0, 0, 0, 0, 9, 8, 8, 5, 7, 0, 0, 6, 7, 0, 6, 6, 0, 0, 0, 5, 0, 9, 8, 0, 7, 0, 9, 0, 9, 9, 9, 7, 8, 0, 0, 7, 0, 0, 5, 10, 7, 0, 0, 0, 7, 0, 0, 8, 0, 8, 0, 8, 0, 9, 8, 0, 7, 0, 0, 7, 0, 9, 10, 0, 0, 0, 0, 0, 0, 0, 7, 7, 8, 0, 9, 0, 7, 0, 0, 0, 0, 7, 0, 8, 9, 7, 0, 9, 0, 0, 0, 0, 7, 8, 8, 6, 0, 0, 5, 5, 6, 0, 0, 9, 8, 6, 0, : 8, 9, 6, 7, 7, 7, 9, 8, 8, 5, 7, 6, 7, 6, 6, 5, 9, 8, 7, 9, 9, 9, 9, 7, 8, 7, 5, 10, 7, 7, 8, 8, 8, 9, 8, 7, 7, 9, 10, 7, 7, 8, 9, 7, 7, 8, 9, 7, 9, 7, 8, 8, 6, 5, 5, 6, 9, 8, 6, 
83: 0, 7, 6, 0, 8, 0, 9, 0, 0, 0, 7, 7, 0, 10, 0, 9, 0, 0, 5, 8, 0, 0, 0, 0, 7, 7, 0, 8, 6, 0, 7, 0, 9, 6, 0, 0, 0, 0, 0, 8, 9, 8, 0, 0, 9, 0, 0, 0, 0, 0, 8, 0, 7, 0, 0, 0, 7, 0, 7, 0, 0, 0, 8, 7, 0, 7, 0, 0, 8, 0, 9, 0, 0, 8, 9, 0, 0, 0, 7, 7, 6, 8, 7, 0, 6, 0, 6, 0, 9, 0, 0, 6, 6, 8, 8, 0, 0, 7, 0, 0, 0, 9, 0, 0, 0, 0, 7, 9, 0, 8, 10, 0, 0, 7, 6, 7, 0, 0, 0, 0, : 7, 6, 8, 9, 7, 7, 10, 9, 5, 8, 7, 7, 8, 6, 7, 9, 6, 8, 9, 8, 9, 8, 7, 7, 7, 8, 7, 7, 8, 9, 8, 9, 7, 7, 6, 8, 7, 6, 6, 9, 6, 6, 8, 8, 7, 9, 7, 9, 8, 10, 7, 6, 7, 
33: 0, 0, 0, 8, 6, 9, 0, 8, 0, 9, 7, 0, 0, 8, 0, 6, 0, 7, 0, 0, 8, 0, 7, 0, 0, 0, 9, 6, 0, 0, 7, 0, 0, 7, 0, 9, 6, 8, 9, 7, 8, 0, 8, 9, 0, 0, 8, 10, 0, 0, 0, 0, 0, 0, 0, 0, 0, 7, 6, 0, 6, 6, 5, 7, 6, 0, 8, 9, 0, 0, 8, 9, 0, 5, 0, 7, 8, 0, 8, 0, 0, 0, 0, 7, 9, 8, 0, 0, 9, 0, 0, 8, 10, 0, 0, 7, 9, 0, 5, 0, 7, 7, 7, 8, 0, 8, 0, 0, 8, 0, 8, 8, 6, 0, 0, 9, 0, 0, 5, 11, : 8, 6, 9, 8, 9, 7, 8, 6, 7, 8, 7, 9, 6, 7, 7, 9, 6, 8, 9, 7, 8, 8, 9, 8, 10, 7, 6, 6, 6, 5, 7, 6, 8, 9, 8, 9, 5, 7, 8, 8, 7, 9, 8, 9, 8, 10, 7, 9, 5, 7, 7, 7, 8, 8, 8, 8, 8, 6, 9, 5, 11, 
94: 0, 0, 0, 0, 7, 0, 0, 8, 0, 7, 9, 0, 5, 0, 7, 8, 5, 6, 6, 0, 0, 7, 8, 0, 0, 0, 0, 9, 8, 0, 7, 0, 7, 0, 0, 0, 9, 0, 0, 8, 5, 8, 0, 5, 9, 0, 8, 0, 10, 9, 11, 0, 0, 0, 8, 0, 0, 7, 7, 0, 0, 0, 0, 0, 7, 7, 8, 8, 7, 6, 6, 0, 8, 0, 8, 8, 0, 0, 0, 0, 7, 6, 0, 0, 0, 0, 0, 7, 5, 0, 9, 10, 0, 0, 5, 0, 0, 0, 7, 7, 8, 0, 0, 8, 0, 6, 0, 0, 6, 0, 0, 0, 8, 8, 8, 8, 0, 11, 0, 0, : 7, 8, 7, 9, 5, 7, 8, 5, 6, 6, 7, 8, 9, 8, 7, 7, 9, 8, 5, 8, 5, 9, 8, 10, 9, 11, 8, 7, 7, 7, 7, 8, 8, 7, 6, 6, 8, 8, 8, 7, 6, 7, 5, 9, 10, 5, 7, 7, 8, 8, 6, 6, 8, 8, 8, 8, 11, 
31: 0, 0, 0, 7, 0, 0, 6, 0, 7, 8, 0, 0, 0, 6, 6, 7, 11, 11, 7, 0, 0, 8, 8, 0, 0, 8, 0, 0, 0, 8, 0, 11, 9, 0, 7, 8, 9, 8, 9, 6, 6, 0, 6, 0, 8, 0, 7, 7, 7, 7, 0, 6, 0, 7, 0, 7, 7, 0, 0, 6, 0, 0, 0, 6, 0, 0, 7, 7, 0, 6, 7, 9, 11, 8, 0, 0, 0, 0, 0, 0, 7, 7, 8, 9, 5, 0, 7, 0, 9, 7, 4, 0, 0, 10, 0, 7, 9, 0, 7, 0, 6, 7, 0, 8, 9, 6, 5, 7, 7, 6, 9, 9, 0, 0, 0, 0, 0, 0, 7, 0, : 7, 6, 7, 8, 6, 6, 7, 11, 11, 7, 8, 8, 8, 8, 11, 9, 7, 8, 9, 8, 9, 6, 6, 6, 8, 7, 7, 7, 7, 6, 7, 7, 7, 6, 6, 7, 7, 6, 7, 9, 11, 8, 7, 7, 8, 9, 5, 7, 9, 7, 4, 10, 7, 9, 7, 6, 7, 8, 9, 6, 5, 7, 7, 6, 9, 9, 7, 
26: 7, 6, 0, 0, 0, 7, 0, 9, 0, 0, 8, 0, 0, 9, 6, 0, 5, 0, 0, 8, 0, 5, 0, 6, 0, 0, 7, 0, 6, 8, 0, 8, 7, 0, 0, 0, 8, 7, 0, 0, 0, 0, 7, 0, 7, 0, 8, 8, 7, 6, 0, 0, 6, 6, 8, 6, 9, 0, 0, 0, 8, 8, 7, 0, 0, 0, 5, 8, 0, 0, 7, 0, 8, 0, 8, 9, 0, 0, 0, 8, 7, 0, 7, 0, 0, 0, 0, 7, 0, 5, 0, 0, 6, 9, 0, 7, 9, 0, 7, 8, 0, 4, 0, 0, 7, 0, 0, 8, 0, 9, 9, 0, 0, 0, 7, 0, 0, 7, 9, 0, : 7, 6, 7, 9, 8, 9, 6, 5, 8, 5, 6, 7, 6, 8, 8, 7, 8, 7, 7, 7, 8, 8, 7, 6, 6, 6, 8, 6, 9, 8, 8, 7, 5, 8, 7, 8, 8, 9, 8, 7, 7, 7, 5, 6, 9, 7, 9, 7, 8, 4, 7, 8, 9, 9, 7, 7, 9, 
39: 7, 6, 0, 0, 0, 0, 8, 8, 7, 0, 8, 4, 6, 0, 0, 0, 0, 5, 8, 0, 0, 0, 0, 0, 0, 6, 0, 0, 6, 0, 8, 0, 0, 8, 9, 6, 0, 0, 7, 0, 7, 9, 0, 8, 0, 0, 0, 8, 0, 9, 9, 0, 5, 6, 0, 8, 0, 7, 0, 0, 7, 6, 7, 5, 8, 0, 0, 8, 7, 8, 0, 0, 6, 0, 0, 7, 0, 0, 0, 0, 0, 0, 7, 6, 7, 0, 10, 7, 9, 7, 8, 0, 8, 8, 0, 5, 0, 0, 7, 0, 0, 8, 7, 0, 0, 0, 0, 8, 9, 0, 8, 9, 0, 0, 5, 0, 0, 7, 7, 0, : 7, 6, 8, 8, 7, 8, 4, 6, 5, 8, 6, 6, 8, 8, 9, 6, 7, 7, 9, 8, 8, 9, 9, 5, 6, 8, 7, 7, 6, 7, 5, 8, 8, 7, 8, 6, 7, 7, 6, 7, 10, 7, 9, 7, 8, 8, 8, 5, 7, 8, 7, 8, 9, 8, 9, 5, 7, 7, 
84: 8, 0, 6, 0, 9, 0, 0, 0, 6, 6, 0, 0, 0, 7, 0, 0, 8, 7, 0, 6, 0, 0, 9, 10, 8, 7, 8, 7, 0, 0, 0, 0, 7, 9, 0, 0, 9, 0, 7, 8, 5, 0, 0, 7, 6, 0, 0, 7, 8, 5, 0, 0, 0, 7, 7, 6, 9, 0, 8, 7, 0, 6, 7, 10, 0, 0, 0, 0, 0, 0, 6, 0, 7, 9, 0, 7, 0, 0, 0, 0, 0, 9, 0, 0, 0, 0, 8, 7, 0, 5, 4, 0, 9, 0, 7, 8, 5, 0, 9, 0, 0, 7, 7, 0, 6, 5, 7, 0, 0, 8, 10, 0, 8, 0, 0, 0, 0, 0, 6, 8, : 8, 6, 9, 6, 6, 7, 8, 7, 6, 9, 10, 8, 7, 8, 7, 7, 9, 9, 7, 8, 5, 7, 6, 7, 8, 5, 7, 7, 6, 9, 8, 7, 6, 7, 10, 6, 7, 9, 7, 9, 8, 7, 5, 4, 9, 7, 8, 5, 9, 7, 7, 6, 5, 7, 8, 10, 8, 6, 8, 
71: 8, 0, 9, 7, 9, 8, 9, 5, 0, 0, 0, 5, 8, 8, 0, 7, 0, 0, 0, 0, 8, 0, 8, 0, 0, 0, 7, 0, 0, 7, 0, 5, 7, 0, 9, 8, 0, 7, 0, 0, 8, 7, 0, 8, 6, 0, 0, 7, 8, 0, 0, 6, 0, 0, 6, 0, 7, 0, 0, 6, 9, 8, 8, 0, 7, 0, 7, 0, 0, 8, 7, 0, 0, 8, 0, 8, 6, 8, 0, 7, 0, 0, 0, 8, 0, 8, 0, 5, 0, 6, 0, 0, 7, 10, 9, 0, 9, 10, 7, 10, 0, 0, 0, 0, 0, 0, 0, 0, 0, 7, 0, 4, 0, 0, 7, 8, 8, 0, 5, 4, : 8, 9, 7, 9, 8, 9, 5, 5, 8, 8, 7, 8, 8, 7, 7, 5, 7, 9, 8, 7, 8, 7, 8, 6, 7, 8, 6, 6, 7, 6, 9, 8, 8, 7, 7, 8, 7, 8, 8, 6, 8, 7, 8, 8, 5, 6, 7, 10, 9, 9, 10, 7, 10, 7, 4, 7, 8, 8, 5, 4, 
25: 7, 9, 6, 0, 7, 0, 8, 4, 7, 8, 0, 0, 8, 8, 0, 0, 0, 8, 5, 5, 0, 6, 7, 0, 0, 0, 0, 0, 0, 0, 11, 0, 0, 8, 8, 0, 5, 8, 8, 0, 5, 6, 7, 0, 6, 0, 0, 7, 0, 7, 0, 0, 0, 8, 0, 7, 6, 0, 7, 7, 5, 0, 11, 0, 7, 8, 8, 6, 0, 0, 0, 0, 0, 0, 0, 6, 0, 0, 8, 7, 8, 7, 0, 0, 0, 8, 8, 8, 0, 4, 0, 8, 8, 0, 0, 7, 9, 0, 7, 8, 7, 8, 0, 9, 0, 0, 9, 8, 6, 8, 8, 8, 0, 7, 9, 9, 0, 7, 0, 8, : 7, 9, 6, 7, 8, 4, 7, 8, 8, 8, 8, 5, 5, 6, 7, 11, 8, 8, 5, 8, 8, 5, 6, 7, 6, 7, 7, 8, 7, 6, 7, 7, 5, 11, 7, 8, 8, 6, 6, 8, 7, 8, 7, 8, 8, 8, 4, 8, 8, 7, 9, 7, 8, 7, 8, 9, 9, 8, 6, 8, 8, 8, 7, 9, 9, 7, 8, 
108: 0, 6, 6, 0, 0, 0, 0, 7, 0, 8, 0, 0, 0, 6, 0, 8, 0, 4, 0, 7, 0, 0, 9, 9, 0, 6, 7, 0, 6, 0, 6, 0, 8, 0, 10, 7, 0, 7, 0, 0, 9, 6, 6, 7, 0, 7, 0, 0, 6, 0, 11, 0, 7, 6, 5, 0, 0, 10, 6, 7, 9, 0, 0, 0, 10, 7, 0, 7, 8, 6, 0, 7, 9, 8, 7, 0, 0, 9, 0, 5, 0, 0, 7, 6, 8, 7, 6, 0, 0, 0, 0, 8, 0, 0, 0, 9, 0, 7, 0, 5, 8, 6, 0, 6, 7, 0, 6, 0, 0, 0, 0, 0, 0, 0, 0, 0, 7, 0, 0, 10, : 6, 6, 7, 8, 6, 8, 4, 7, 9, 9, 6, 7, 6, 6, 8, 10, 7, 7, 9, 6, 6, 7, 7, 6, 11, 7, 6, 5, 10, 6, 7, 9, 10, 7, 7, 8, 6, 7, 9, 8, 7, 9, 5, 7, 6, 8, 7, 6, 8, 9, 7, 5, 8, 6, 6, 7, 6, 7, 10, 
67: 0, 9, 0, 7, 0, 0, 0, 7, 7, 10, 9, 0, 8, 5, 0, 6, 0, 9, 0, 10, 10, 9, 7, 5, 8, 0, 0, 0, 0, 0, 8, 0, 0, 0, 0, 0, 0, 9, 0, 6, 0, 7, 0, 9, 8, 8, 7, 10, 0, 0, 6, 0, 0, 0, 0, 0, 0, 0, 0, 8, 0, 0, 0, 0, 0, 0, 0, 0, 0, 0, 0, 10, 0, 0, 0, 8, 0, 0, 8, 0, 0, 8, 8, 6, 0, 8, 8, 0, 0, 9, 9, 0, 0, 5, 8, 6, 7, 0, 0, 7, 0, 0, 0, 0, 0, 0, 0, 0, 9, 0, 5, 9, 8, 5, 0, 7, 0, 0, 0, 8, : 9, 7, 7, 7, 10, 9, 8, 5, 6, 9, 10, 10, 9, 7, 5, 8, 8, 9, 6, 7, 9, 8, 8, 7, 10, 6, 8, 10, 8, 8, 8, 8, 6, 8, 8, 9, 9, 5, 8, 6, 7, 7, 9, 5, 9, 8, 5, 7, 8, 
110: 0, 0, 9, 0, 10, 0, 6, 6, 8, 0, 8, 0, 8, 5, 9, 0, 0, 0, 6, 7, 0, 0, 0, 0, 0, 0, 7, 9, 8, 0, 0, 0, 0, 7, 7, 6, 7, 8, 9, 5, 10, 0, 0, 0, 0, 0, 0, 0, 5, 8, 0, 11, 8, 0, 9, 0, 0, 8, 9, 9, 8, 0, 6, 0, 0, 8, 7, 0, 6, 6, 0, 0, 0, 7, 5, 8, 8, 7, 7, 9, 7, 6, 5, 0, 0, 6, 8, 7, 7, 9, 9, 0, 0, 7, 6, 6, 0, 8, 0, 0, 0, 0, 0, 0, 0, 8, 0, 7, 6, 6, 8, 0, 7, 8, 0, 0, 0, 7, 8, 0, : 9, 10, 6, 6, 8, 8, 8, 5, 9, 6, 7, 7, 9, 8, 7, 7, 6, 7, 8, 9, 5, 10, 5, 8, 11, 8, 9, 8, 9, 9, 8, 6, 8, 7, 6, 6, 7, 5, 8, 8, 7, 7, 9, 7, 6, 5, 6, 8, 7, 7, 9, 9, 7, 6, 6, 8, 8, 7, 6, 6, 8, 7, 8, 7, 8, 
44: 0, 0, 0, 6, 0, 0, 7, 6, 0, 6, 0, 10, 6, 6, 0, 0, 0, 0, 9, 5, 8, 0, 0, 8, 8, 7, 0, 0, 11, 8, 0, 9, 7, 9, 0, 7, 0, 0, 6, 7, 0, 7, 9, 7, 0, 0, 7, 8, 7, 0, 0, 0, 0, 0, 0, 7, 0, 0, 9, 0, 7, 9, 0, 7, 0, 7, 0, 9, 0, 7, 6, 7, 0, 9, 0, 0, 9, 5, 8, 8, 8, 9, 7, 9, 9, 11, 0, 8, 5, 7, 0, 9, 7, 0, 0, 0, 0, 0, 0, 5, 0, 0, 0, 8, 7, 8, 0, 6, 10, 10, 6, 9, 7, 0, 4, 0, 5, 7, 0, 0, : 6, 7, 6, 6, 10, 6, 6, 9, 5, 8, 8, 8, 7, 11, 8, 9, 7, 9, 7, 6, 7, 7, 9, 7, 7, 8, 7, 7, 9, 7, 9, 7, 7, 9, 7, 6, 7, 9, 9, 5, 8, 8, 8, 9, 7, 9, 9, 11, 8, 5, 7, 9, 7, 5, 8, 7, 8, 6, 10, 10, 6, 9, 7, 4, 5, 7, 
113: 9, 8, 8, 6, 0, 8, 0, 5, 8, 0, 7, 0, 11, 11, 11, 7, 0, 0, 0, 7, 7, 0, 5, 6, 0, 0, 9, 0, 0, 7, 0, 0, 6, 0, 8, 0, 0, 0, 0, 7, 10, 9, 9, 0, 10, 5, 7, 6, 8, 10, 0, 0, 6, 10, 0, 8, 8, 0, 7, 7, 0, 0, 8, 0, 8, 7, 0, 6, 0, 7, 0, 0, 0, 0, 0, 0, 7, 0, 8, 7, 8, 0, 0, 0, 0, 0, 0, 7, 0, 9, 6, 0, 8, 6, 7, 5, 0, 4, 0, 0, 7, 0, 0, 0, 7, 6, 0, 7, 8, 0, 0, 0, 9, 0, 0, 8, 6, 0, 0, 6, : 9, 8, 8, 6, 8, 5, 8, 7, 11, 11, 11, 7, 7, 7, 5, 6, 9, 7, 6, 8, 7, 10, 9, 9, 10, 5, 7, 6, 8, 10, 6, 10, 8, 8, 7, 7, 8, 8, 7, 6, 7, 7, 8, 7, 8, 7, 9, 6, 8, 6, 7, 5, 4, 7, 7, 6, 7, 8, 9, 8, 6, 6, 
32: 0, 7, 8, 7, 0, 7, 8, 0, 11, 0, 0, 7, 0, 0, 0, 9, 9, 0, 0, 7, 0, 7, 6, 0, 0, 0, 8, 0, 0, 0, 0, 0, 5, 9, 8, 7, 0, 7, 0, 0, 5, 0, 9, 6, 8, 5, 4, 8, 10, 6, 7, 0, 7, 7, 6, 0, 7, 9, 6, 6, 0, 6, 0, 0, 7, 7, 0, 7, 0, 8, 7, 0, 8, 7, 0, 0, 0, 9, 5, 7, 8, 0, 0, 0, 9, 0, 0, 8, 6, 6, 0, 9, 0, 0, 0, 0, 7, 0, 7, 8, 8, 0, 9, 0, 7, 9, 10, 0, 9, 5, 0, 8, 0, 8, 7, 0, 0, 10, 0, 11, : 7, 8, 7, 7, 8, 11, 7, 9, 9, 7, 7, 6, 8, 5, 9, 8, 7, 7, 5, 9, 6, 8, 5, 4, 8, 10, 6, 7, 7, 7, 6, 7, 9, 6, 6, 6, 7, 7, 7, 8, 7, 8, 7, 9, 5, 7, 8, 9, 8, 6, 6, 9, 7, 7, 8, 8, 9, 7, 9, 10, 9, 5, 8, 8, 7, 10, 11, 
99: 0, 6, 7, 0, 6, 0, 8, 0, 9, 0, 7, 0, 0, 0, 9, 0, 6, 6, 8, 0, 9, 0, 7, 0, 8, 0, 6, 6, 9, 7, 0, 6, 0, 0, 0, 9, 8, 7, 5, 0, 8, 0, 0, 0, 5, 8, 8, 0, 0, 8, 0, 0, 8, 8, 0, 8, 0, 0, 7, 0, 0, 0, 7, 7, 8, 7, 7, 0, 0, 7, 0, 0, 7, 7, 0, 7, 0, 8, 0, 8, 8, 0, 0, 7, 7, 6, 7, 8, 0, 0, 0, 0, 0, 0, 0, 7, 9, 0, 0, 0, 6, 9, 6, 6, 0, 0, 9, 7, 0, 7, 5, 0, 5, 6, 5, 0, 7, 6, 0, 11, : 6, 7, 6, 8, 9, 7, 9, 6, 6, 8, 9, 7, 8, 6, 6, 9, 7, 6, 9, 8, 7, 5, 8, 5, 8, 8, 8, 8, 8, 8, 7, 7, 7, 8, 7, 7, 7, 7, 7, 7, 8, 8, 8, 7, 7, 6, 7, 8, 7, 9, 6, 9, 6, 6, 9, 7, 7, 5, 5, 6, 5, 7, 6, 11, 
117: 0, 0, 6, 0, 9, 0, 9, 8, 0, 0, 9, 7, 5, 7, 6, 8, 8, 0, 8, 8, 7, 7, 0, 7, 7, 0, 0, 7, 7, 11, 7, 0, 0, 0, 7, 8, 0, 0, 8, 0, 0, 5, 5, 0, 9, 9, 0, 9, 8, 9, 7, 9, 0, 7, 8, 0, 0, 7, 7, 8, 0, 0, 0, 0, 7, 0, 0, 0, 8, 0, 8, 7, 0, 8, 11, 8, 0, 0, 0, 7, 7, 8, 0, 9, 0, 0, 7, 6, 0, 7, 0, 8, 7, 7, 8, 7, 0, 5, 0, 0, 7, 0, 8, 0, 0, 7, 7, 0, 6, 10, 0, 0, 0, 8, 7, 0, 0, 6, 7, 7, : 6, 9, 9, 8, 9, 7, 5, 7, 6, 8, 8, 8, 8, 7, 7, 7, 7, 7, 7, 11, 7, 7, 8, 8, 5, 5, 9, 9, 9, 8, 9, 7, 9, 7, 8, 7, 7, 8, 7, 8, 8, 7, 8, 11, 8, 7, 7, 8, 9, 7, 6, 7, 8, 7, 7, 8, 7, 5, 7, 8, 7, 7, 6, 10, 8, 7, 6, 7, 7, 
75: 8, 5, 0, 0, 7, 6, 9, 0, 0, 7, 8, 0, 9, 0, 6, 6, 5, 8, 8, 10, 0, 0, 8, 0, 8, 0, 0, 8, 8, 7, 9, 8, 8, 6, 0, 0, 6, 0, 6, 0, 8, 0, 0, 7, 9, 5, 10, 8, 6, 0, 6, 0, 0, 8, 8, 9, 0, 0, 7, 7, 8, 0, 7, 0, 0, 7, 8, 0, 9, 6, 0, 0, 6, 0, 0, 10, 6, 0, 0, 7, 0, 0, 7, 0, 8, 8, 0, 9, 4, 0, 0, 0, 9, 0, 0, 0, 0, 0, 0, 0, 0, 7, 0, 8, 0, 7, 8, 0, 6, 0, 0, 0, 8, 7, 8, 0, 0, 6, 0, 0, : 8, 5, 7, 6, 9, 7, 8, 9, 6, 6, 5, 8, 8, 10, 8, 8, 8, 8, 7, 9, 8, 8, 6, 6, 6, 8, 7, 9, 5, 10, 8, 6, 6, 8, 8, 9, 7, 7, 8, 7, 7, 8, 9, 6, 6, 10, 6, 7, 7, 8, 8, 9, 4, 9, 7, 8, 7, 8, 6, 8, 7, 8, 6, 
100: 0, 0, 7, 0, 5, 0, 0, 0, 0, 0, 7, 9, 0, 0, 0, 8, 0, 0, 8, 6, 6, 9, 8, 0, 6, 6, 9, 8, 0, 7, 7, 4, 8, 8, 0, 7, 8, 0, 0, 0, 0, 6, 8, 8, 5, 0, 0, 0, 0, 8, 10, 9, 0, 6, 0, 7, 9, 7, 6, 0, 8, 0, 0, 0, 0, 7, 7, 10, 0, 9, 7, 0, 0, 0, 0, 7, 8, 8, 0, 0, 0, 7, 8, 0, 10, 0, 0, 5, 8, 8, 0, 0, 6, 4, 0, 0, 6, 7, 0, 9, 7, 0, 0, 0, 6, 0, 0, 0, 0, 0, 7, 0, 0, 9, 8, 0, 9, 0, 0, 7, : 7, 5, 7, 9, 8, 8, 6, 6, 9, 8, 6, 6, 9, 8, 7, 7, 4, 8, 8, 7, 8, 6, 8, 8, 5, 8, 10, 9, 6, 7, 9, 7, 6, 8, 7, 7, 10, 9, 7, 7, 8, 8, 7, 8, 10, 5, 8, 8, 6, 4, 6, 7, 9, 7, 6, 7, 9, 8, 9, 7, 
41: 7, 7, 0, 0, 9, 8, 0, 0, 0, 0, 8, 0, 6, 6, 9, 8, 9, 7, 0, 8, 7, 8, 8, 8, 0, 0, 7, 7, 0, 0, 0, 6, 8, 8, 0, 0, 7, 0, 7, 0, 9, 0, 7, 0, 11, 6, 9, 7, 10, 0, 0, 0, 0, 0, 8, 7, 0, 0, 0, 9, 0, 7, 7, 8, 7, 0, 7, 0, 0, 0, 9, 7, 7, 8, 10, 0, 6, 6, 6, 0, 0, 0, 8, 9, 9, 8, 0, 8, 6, 5, 6, 8, 7, 0, 9, 0, 6, 5, 0, 9, 0, 7, 0, 0, 6, 8, 6, 9, 10, 7, 0, 0, 9, 7, 0, 5, 0, 0, 0, 8, : 7, 7, 9, 8, 8, 6, 6, 9, 8, 9, 7, 8, 7, 8, 8, 8, 7, 7, 6, 8, 8, 7, 7, 9, 7, 11, 6, 9, 7, 10, 8, 7, 9, 7, 7, 8, 7, 7, 9, 7, 7, 8, 10, 6, 6, 6, 8, 9, 9, 8, 8, 6, 5, 6, 8, 7, 9, 6, 5, 9, 7, 6, 8, 6, 9, 10, 7, 9, 7, 5, 8, 
105: 0, 6, 0, 0, 8, 0, 6, 0, 0, 0, 0, 0, 0, 0, 5, 0, 9, 0, 0, 8, 8, 0, 0, 0, 0, 0, 7, 0, 8, 8, 10, 8, 0, 0, 0, 0, 0, 0, 7, 0, 0, 0, 6, 5, 7, 9, 0, 0, 0, 6, 0, 10, 11, 8, 11, 0, 6, 7, 10, 0, 6, 7, 9, 7, 6, 0, 8, 6, 5, 0, 5, 7, 7, 0, 0, 9, 7, 6, 7, 8, 0, 0, 0, 9, 0, 5, 10, 9, 9, 8, 0, 0, 0, 6, 0, 0, 0, 9, 9, 8, 0, 0, 0, 7, 8, 9, 0, 6, 8, 0, 0, 0, 6, 0, 9, 0, 6, 0, 0, 7, : 6, 8, 6, 5, 9, 8, 8, 7, 8, 8, 10, 8, 7, 6, 5, 7, 9, 6, 10, 11, 8, 11, 6, 7, 10, 6, 7, 9, 7, 6, 8, 6, 5, 5, 7, 7, 9, 7, 6, 7, 8, 9, 5, 10, 9, 9, 8, 6, 9, 9, 8, 7, 8, 9, 6, 8, 6, 9, 6, 7, 
8: 7, 9, 0, 9, 7, 7, 7, 5, 0, 8, 0, 0, 0, 0, 0, 6, 0, 7, 0, 0, 7, 0, 0, 8, 0, 0, 0, 11, 8, 0, 6, 7, 9, 0, 8, 0, 0, 0, 0, 0, 0, 7, 0, 7, 0, 8, 5, 6, 7, 0, 8, 0, 6, 9, 6, 7, 0, 8, 8, 0, 8, 8, 7, 0, 8, 0, 0, 7, 9, 0, 0, 0, 10, 0, 9, 6, 9, 7, 0, 0, 8, 7, 6, 10, 0, 9, 0, 6, 0, 7, 0, 8, 0, 0, 7, 7, 0, 0, 8, 9, 0, 7, 7, 7, 6, 0, 0, 7, 0, 0, 0, 9, 0, 0, 0, 8, 7, 5, 0, 0, : 7, 9, 9, 7, 7, 7, 5, 8, 6, 7, 7, 8, 11, 8, 6, 7, 9, 8, 7, 7, 8, 5, 6, 7, 8, 6, 9, 6, 7, 8, 8, 8, 8, 7, 8, 7, 9, 10, 9, 6, 9, 7, 8, 7, 6, 10, 9, 6, 7, 8, 7, 7, 8, 9, 7, 7, 7, 6, 7, 9, 8, 7, 5, 
4: 0, 0, 0, 0, 6, 0, 0, 7, 8, 0, 8, 9, 0, 9, 0, 4, 0, 0, 10, 8, 8, 6, 0, 0, 0, 10, 7, 0, 6, 9, 0, 7, 7, 0, 7, 5, 9, 6, 6, 0, 0, 8, 0, 0, 6, 9, 6, 7, 0, 0, 0, 6, 7, 6, 0, 0, 5, 5, 8, 4, 7, 7, 0, 0, 5, 0, 0, 8, 0, 0, 0, 6, 8, 7, 6, 0, 7, 6, 0, 0, 7, 7, 0, 7, 8, 6, 0, 8, 0, 6, 0, 7, 0, 9, 10, 0, 8, 0, 5, 6, 0, 0, 0, 7, 0, 0, 7, 9, 0, 5, 0, 7, 10, 9, 0, 6, 7, 0, 0, 0, : 6, 7, 8, 8, 9, 9, 4, 10, 8, 8, 6, 10, 7, 6, 9, 7, 7, 7, 5, 9, 6, 6, 8, 6, 9, 6, 7, 6, 7, 6, 5, 5, 8, 4, 7, 7, 5, 8, 6, 8, 7, 6, 7, 6, 7, 7, 7, 8, 6, 8, 6, 7, 9, 10, 8, 5, 6, 7, 7, 9, 5, 7, 10, 9, 6, 7, 
76: 0, 0, 8, 0, 6, 0, 9, 6, 0, 0, 0, 7, 9, 8, 0, 0, 8, 6, 8, 0, 0, 5, 0, 0, 6, 7, 0, 6, 8, 0, 0, 9, 0, 5, 6, 7, 8, 0, 0, 0, 0, 9, 0, 0, 7, 0, 9, 7, 0, 10, 0, 7, 0, 0, 0, 0, 9, 9, 0, 0, 9, 8, 0, 11, 0, 6, 10, 0, 0, 0, 0, 0, 0, 7, 7, 0, 6, 0, 9, 0, 0, 0, 0, 7, 0, 0, 0, 7, 7, 0, 0, 0, 8, 7, 9, 0, 0, 7, 5, 0, 0, 8, 9, 0, 7, 0, 0, 8, 8, 5, 6, 0, 6, 0, 9, 7, 6, 7, 9, 4, : 8, 6, 9, 6, 7, 9, 8, 8, 6, 8, 5, 6, 7, 6, 8, 9, 5, 6, 7, 8, 9, 7, 9, 7, 10, 7, 9, 9, 9, 8, 11, 6, 10, 7, 7, 6, 9, 7, 7, 7, 8, 7, 9, 7, 5, 8, 9, 7, 8, 8, 5, 6, 6, 9, 7, 6, 7, 9, 4, 
55: 0, 0, 0, 9, 7, 0, 7, 8, 0, 0, 7, 6, 0, 0, 0, 11, 10, 0, 8, 0, 0, 8, 0, 0, 7, 8, 7, 6, 0, 9, 8, 0, 7, 0, 0, 0, 0, 0, 7, 6, 8, 0, 7, 8, 8, 8, 8, 0, 0, 0, 0, 0, 0, 9, 7, 7, 7, 8, 0, 0, 0, 0, 7, 9, 0, 10, 5, 0, 0, 0, 0, 7, 7, 0, 0, 8, 0, 0, 6, 0, 7, 5, 6, 5, 0, 7, 8, 0, 7, 0, 0, 5, 7, 0, 5, 8, 0, 7, 6, 5, 8, 9, 0, 0, 9, 7, 0, 5, 0, 10, 8, 7, 0, 9, 9, 0, 0, 0, 7, 9, : 9, 7, 7, 8, 7, 6, 11, 10, 8, 8, 7, 8, 7, 6, 9, 8, 7, 7, 6, 8, 7, 8, 8, 8, 8, 9, 7, 7, 7, 8, 7, 9, 10, 5, 7, 7, 8, 6, 7, 5, 6, 5, 7, 8, 7, 5, 7, 5, 8, 7, 6, 5, 8, 9, 9, 7, 5, 10, 8, 7, 9, 9, 7, 9, 
111: 0, 0, 0, 6, 7, 8, 7, 0, 8, 7, 0, 8, 8, 0, 11, 8, 7, 8, 0, 8, 8, 0, 9, 8, 0, 0, 7, 6, 0, 0, 5, 7, 0, 8, 0, 7, 7, 0, 6, 7, 0, 0, 0, 7, 5, 7, 0, 0, 8, 0, 0, 8, 0, 0, 6, 10, 0, 6, 4, 0, 9, 9, 0, 0, 0, 0, 0, 7, 7, 0, 6, 11, 7, 8, 8, 0, 7, 7, 0, 7, 9, 0, 0, 0, 0, 9, 0, 6, 7, 0, 0, 0, 9, 0, 8, 0, 0, 7, 0, 8, 0, 0, 8, 0, 7, 0, 0, 0, 9, 6, 0, 8, 6, 0, 0, 0, 0, 7, 0, 9, : 6, 7, 8, 7, 8, 7, 8, 8, 11, 8, 7, 8, 8, 8, 9, 8, 7, 6, 5, 7, 8, 7, 7, 6, 7, 7, 5, 7, 8, 8, 6, 10, 6, 4, 9, 9, 7, 7, 6, 11, 7, 8, 8, 7, 7, 7, 9, 9, 6, 7, 9, 8, 7, 8, 8, 7, 9, 6, 8, 6, 7, 9, 
49: 0, 0, 0, 9, 0, 9, 5, 0, 8, 8, 0, 9, 6, 8, 8, 0, 5, 7, 4, 9, 8, 7, 8, 0, 10, 8, 5, 0, 6, 0, 0, 9, 0, 7, 0, 6, 0, 0, 0, 0, 0, 0, 0, 0, 7, 11, 0, 0, 8, 7, 10, 0, 0, 0, 0, 6, 9, 9, 0, 8, 8, 7, 0, 0, 9, 6, 0, 7, 0, 10, 9, 0, 7, 0, 7, 9, 0, 8, 0, 7, 7, 9, 9, 8, 9, 8, 0, 0, 0, 0, 0, 6, 7, 0, 7, 10, 7, 0, 0, 9, 5, 8, 7, 9, 7, 7, 0, 0, 0, 6, 0, 6, 11, 9, 8, 8, 0, 8, 0, 0, : 9, 9, 5, 8, 8, 9, 6, 8, 8, 5, 7, 4, 9, 8, 7, 8, 10, 8, 5, 6, 9, 7, 6, 7, 11, 8, 7, 10, 6, 9, 9, 8, 8, 7, 9, 6, 7, 10, 9, 7, 7, 9, 8, 7, 7, 9, 9, 8, 9, 8, 6, 7, 7, 10, 7, 9, 5, 8, 7, 9, 7, 7, 6, 6, 11, 9, 8, 8, 8, 
54: 8, 7, 7, 9, 9, 9, 0, 0, 0, 10, 6, 7, 0, 0, 0, 0, 0, 8, 7, 0, 0, 0, 0, 0, 7, 9, 7, 0, 6, 0, 0, 0, 0, 0, 8, 5, 0, 0, 6, 9, 0, 7, 8, 0, 7, 0, 0, 0, 0, 6, 9, 6, 8, 0, 0, 8, 0, 0, 0, 0, 8, 7, 7, 0, 7, 7, 9, 0, 7, 7, 0, 0, 0, 10, 0, 0, 7, 0, 0, 0, 9, 0, 0, 6, 0, 8, 0, 5, 6, 7, 7, 8, 9, 8, 0, 0, 0, 0, 9, 6, 0, 8, 0, 0, 0, 8, 9, 8, 8, 0, 6, 0, 0, 9, 7, 5, 0, 10, 7, 0, : 8, 7, 7, 9, 9, 9, 10, 6, 7, 8, 7, 7, 9, 7, 6, 8, 5, 6, 9, 7, 8, 7, 6, 9, 6, 8, 8, 8, 7, 7, 7, 7, 9, 7, 7, 10, 7, 9, 6, 8, 5, 6, 7, 7, 8, 9, 8, 9, 6, 8, 8, 9, 8, 8, 6, 9, 7, 5, 10, 7, 
95: 0, 7, 0, 5, 6, 0, 5, 0, 0, 5, 0, 0, 7, 0, 8, 0, 0, 5, 0, 8, 0, 8, 6, 0, 7, 0, 0, 0, 7, 0, 8, 0, 0, 0, 5, 8, 0, 0, 0, 8, 5, 0, 5, 0, 0, 9, 8, 0, 7, 0, 0, 6, 0, 0, 0, 8, 0, 0, 0, 0, 7, 0, 0, 0, 0, 0, 0, 7, 0, 5, 0, 7, 0, 4, 5, 0, 8, 0, 6, 0, 6, 0, 8, 0, 0, 0, 0, 0, 8, 0, 8, 0, 0, 7, 7, 8, 0, 7, 8, 6, 8, 0, 8, 0, 0, 6, 7, 0, 0, 8, 6, 9, 0, 8, 8, 0, 0, 7, 7, 9, : 7, 5, 6, 5, 5, 7, 8, 5, 8, 8, 6, 7, 7, 8, 5, 8, 8, 5, 5, 9, 8, 7, 6, 8, 7, 7, 5, 7, 4, 5, 8, 6, 6, 8, 8, 8, 7, 7, 8, 7, 8, 6, 8, 8, 6, 7, 8, 6, 9, 8, 8, 7, 7, 9, 
11: 6, 6, 8, 0, 7, 0, 8, 0, 6, 8, 0, 0, 0, 0, 0, 8, 7, 5, 0, 0, 0, 9, 0, 0, 0, 7, 8, 0, 0, 0, 0, 0, 8, 7, 9, 0, 8, 8, 0, 9, 0, 0, 0, 8, 0, 5, 0, 0, 0, 6, 8, 0, 0, 7, 6, 0, 0, 0, 0, 0, 0, 0, 8, 5, 6, 0, 9, 0, 7, 0, 7, 4, 0, 0, 0, 0, 8, 7, 7, 8, 7, 0, 0, 7, 0, 7, 10, 0, 0, 9, 7, 8, 8, 0, 10, 6, 9, 5, 0, 0, 7, 7, 0, 0, 10, 0, 0, 7, 0, 7, 7, 6, 0, 5, 0, 0, 0, 0, 4, 0, : 6, 6, 8, 7, 8, 6, 8, 8, 7, 5, 9, 7, 8, 8, 7, 9, 8, 8, 9, 8, 5, 6, 8, 7, 6, 8, 5, 6, 9, 7, 7, 4, 8, 7, 7, 8, 7, 7, 7, 10, 9, 7, 8, 8, 10, 6, 9, 5, 7, 7, 10, 7, 7, 7, 6, 5, 4, 
24: 0, 0, 0, 7, 4, 8, 0, 7, 0, 0, 8, 8, 10, 0, 0, 0, 9, 0, 0, 0, 7, 8, 7, 6, 0, 8, 0, 8, 0, 8, 0, 0, 7, 9, 6, 0, 0, 8, 8, 0, 0, 5, 0, 0, 0, 0, 0, 0, 6, 6, 9, 0, 0, 11, 0, 0, 0, 7, 0, 0, 10, 0, 0, 0, 0, 8, 7, 0, 6, 0, 0, 6, 0, 0, 8, 9, 0, 0, 0, 0, 9, 8, 0, 9, 8, 0, 8, 0, 0, 10, 8, 0, 0, 6, 8, 0, 7, 7, 0, 0, 8, 0, 8, 0, 7, 9, 7, 0, 0, 8, 7, 9, 5, 9, 0, 0, 8, 0, 8, 6, : 7, 4, 8, 7, 8, 8, 10, 9, 7, 8, 7, 6, 8, 8, 8, 7, 9, 6, 8, 8, 5, 6, 6, 9, 11, 7, 10, 8, 7, 6, 6, 8, 9, 9, 8, 9, 8, 8, 10, 8, 6, 8, 7, 7, 8, 8, 7, 9, 7, 8, 7, 9, 5, 9, 8, 8, 6, 
115: 7, 8, 0, 9, 6, 9, 8, 7, 9, 8, 8, 0, 8, 7, 0, 0, 0, 0, 0, 0, 0, 0, 0, 0, 10, 7, 6, 7, 9, 6, 7, 0, 0, 0, 0, 0, 9, 9, 8, 8, 7, 0, 9, 0, 0, 8, 0, 0, 8, 0, 8, 0, 8, 0, 6, 0, 0, 7, 5, 0, 7, 4, 0, 0, 0, 7, 0, 8, 0, 7, 8, 0, 0, 7, 0, 6, 0, 0, 0, 7, 8, 0, 0, 6, 5, 8, 7, 9, 0, 8, 0, 6, 0, 7, 7, 0, 0, 8, 0, 0, 6, 0, 0, 0, 0, 9, 0, 0, 0, 9, 7, 7, 0, 0, 10, 6, 7, 0, 0, 0, : 7, 8, 9, 6, 9, 8, 7, 9, 8, 8, 8, 7, 10, 7, 6, 7, 9, 6, 7, 9, 9, 8, 8, 7, 9, 8, 8, 8, 8, 6, 7, 5, 7, 4, 7, 8, 7, 8, 7, 6, 7, 8, 6, 5, 8, 7, 9, 8, 6, 7, 7, 8, 6, 9, 9, 7, 7, 10, 6, 7, 
88: 0, 8, 0, 0, 0, 9, 0, 0, 0, 9, 5, 0, 0, 6, 6, 0, 6, 7, 8, 7, 6, 9, 0, 0, 0, 0, 8, 6, 0, 6, 5, 0, 10, 0, 0, 9, 0, 0, 0, 0, 0, 0, 7, 0, 7, 0, 0, 8, 0, 0, 7, 8, 0, 0, 5, 7, 6, 0, 0, 7, 0, 9, 8, 0, 8, 0, 0, 10, 9, 0, 0, 0, 0, 0, 9, 0, 8, 6, 9, 0, 0, 8, 6, 0, 0, 6, 0, 8, 5, 0, 10, 9, 0, 8, 0, 0, 9, 0, 0, 7, 0, 0, 7, 9, 0, 8, 0, 0, 0, 0, 6, 7, 0, 7, 0, 0, 9, 0, 10, 8, : 8, 9, 9, 5, 6, 6, 6, 7, 8, 7, 6, 9, 8, 6, 6, 5, 10, 9, 7, 7, 8, 7, 8, 5, 7, 6, 7, 9, 8, 8, 10, 9, 9, 8, 6, 9, 8, 6, 6, 8, 5, 10, 9, 8, 9, 7, 7, 9, 8, 6, 7, 7, 9, 10, 8, 
90: 6, 0, 0, 0, 0, 8, 0, 8, 4, 6, 0, 8, 0, 6, 6, 0, 0, 9, 0, 0, 0, 0, 9, 0, 7, 0, 7, 0, 0, 0, 0, 0, 0, 6, 0, 7, 0, 8, 8, 0, 0, 0, 6, 0, 0, 6, 7, 6, 8, 0, 0, 8, 8, 0, 9, 0, 6, 7, 8, 7, 7, 7, 10, 5, 10, 0, 5, 7, 7, 0, 0, 8, 0, 6, 0, 0, 0, 0, 7, 0, 6, 0, 0, 0, 0, 0, 0, 0, 0, 0, 8, 6, 5, 0, 9, 7, 5, 9, 0, 0, 7, 9, 10, 9, 0, 0, 8, 0, 0, 8, 0, 8, 10, 9, 0, 7, 7, 0, 7, 0, : 6, 8, 8, 4, 6, 8, 6, 6, 9, 9, 7, 7, 6, 7, 8, 8, 6, 6, 7, 6, 8, 8, 8, 9, 6, 7, 8, 7, 7, 7, 10, 5, 10, 5, 7, 7, 8, 6, 7, 6, 8, 6, 5, 9, 7, 5, 9, 7, 9, 10, 9, 8, 8, 8, 10, 9, 7, 7, 7, 
73: 8, 0, 7, 0, 0, 0, 0, 0, 7, 0, 6, 8, 9, 7, 7, 0, 7, 8, 0, 0, 9, 0, 0, 0, 8, 7, 7, 0, 0, 0, 0, 0, 4, 5, 7, 0, 5, 8, 0, 0, 7, 0, 6, 0, 7, 7, 8, 6, 0, 8, 8, 8, 6, 0, 9, 8, 0, 9, 0, 0, 6, 5, 0, 7, 7, 7, 0, 0, 8, 0, 7, 8, 0, 0, 8, 0, 6, 0, 0, 7, 0, 0, 8, 0, 0, 6, 5, 8, 7, 0, 7, 9, 0, 0, 8, 0, 10, 0, 10, 9, 7, 0, 8, 0, 9, 9, 8, 0, 9, 8, 8, 5, 0, 5, 6, 0, 0, 8, 11, 9, : 8, 7, 7, 6, 8, 9, 7, 7, 7, 8, 9, 8, 7, 7, 4, 5, 7, 5, 8, 7, 6, 7, 7, 8, 6, 8, 8, 8, 6, 9, 8, 9, 6, 5, 7, 7, 7, 8, 7, 8, 8, 6, 7, 8, 6, 5, 8, 7, 7, 9, 8, 10, 10, 9, 7, 8, 9, 9, 8, 9, 8, 8, 5, 5, 6, 8, 11, 9, 
72: 9, 6, 10, 0, 6, 10, 0, 7, 9, 0, 7, 7, 7, 8, 6, 0, 0, 9, 7, 0, 0, 7, 0, 0, 0, 0, 0, 7, 0, 6, 0, 0, 0, 9, 8, 0, 8, 9, 6, 0, 8, 0, 8, 9, 0, 0, 0, 0, 0, 8, 7, 0, 0, 8, 8, 7, 7, 0, 0, 0, 0, 8, 7, 5, 0, 0, 10, 0, 6, 6, 10, 0, 5, 5, 9, 0, 0, 6, 9, 0, 0, 7, 9, 0, 8, 0, 6, 0, 6, 0, 0, 0, 0, 0, 7, 6, 4, 0, 9, 8, 7, 0, 8, 7, 0, 7, 7, 0, 0, 6, 0, 6, 6, 0, 6, 0, 0, 0, 7, 8, : 9, 6, 10, 6, 10, 7, 9, 7, 7, 7, 8, 6, 9, 7, 7, 7, 6, 9, 8, 8, 9, 6, 8, 8, 9, 8, 7, 8, 8, 7, 7, 8, 7, 5, 10, 6, 6, 10, 5, 5, 9, 6, 9, 7, 9, 8, 6, 6, 7, 6, 4, 9, 8, 7, 8, 7, 7, 7, 6, 6, 6, 6, 7, 8, 
82: 0, 0, 8, 5, 0, 7, 0, 7, 4, 0, 6, 6, 0, 6, 0, 5, 5, 8, 0, 0, 8, 6, 6, 0, 0, 7, 0, 0, 0, 8, 6, 0, 6, 6, 6, 0, 8, 0, 0, 8, 9, 7, 6, 0, 0, 0, 9, 6, 0, 0, 6, 0, 7, 0, 0, 6, 0, 0, 0, 8, 0, 0, 5, 0, 0, 8, 0, 6, 6, 8, 6, 8, 8, 0, 6, 7, 0, 0, 8, 8, 0, 0, 6, 7, 0, 8, 0, 0, 0, 8, 0, 0, 7, 8, 0, 9, 0, 5, 0, 0, 0, 6, 0, 8, 8, 0, 0, 0, 0, 9, 6, 0, 0, 0, 0, 0, 0, 0, 0, 0, : 8, 5, 7, 7, 4, 6, 6, 6, 5, 5, 8, 8, 6, 6, 7, 8, 6, 6, 6, 6, 8, 8, 9, 7, 6, 9, 6, 6, 7, 6, 8, 5, 8, 6, 6, 8, 6, 8, 8, 6, 7, 8, 8, 6, 7, 8, 8, 7, 8, 9, 5, 6, 8, 8, 9, 6, 
34: 0, 0, 6, 7, 7, 0, 8, 0, 0, 0, 6, 9, 8, 0, 0, 0, 6, 0, 9, 9, 9, 0, 0, 7, 10, 0, 9, 6, 0, 6, 0, 0, 8, 8, 0, 0, 5, 9, 6, 8, 8, 0, 9, 0, 0, 0, 8, 7, 7, 0, 0, 7, 0, 0, 0, 7, 0, 6, 0, 0, 0, 11, 9, 7, 0, 6, 0, 0, 0, 5, 7, 7, 0, 7, 0, 5, 0, 0, 0, 8, 5, 8, 0, 0, 0, 0, 8, 0, 0, 9, 6, 5, 8, 8, 8, 0, 6, 0, 7, 0, 0, 0, 0, 9, 0, 0, 0, 7, 6, 0, 7, 0, 0, 0, 0, 0, 7, 0, 7, 8, : 6, 7, 7, 8, 6, 9, 8, 6, 9, 9, 9, 7, 10, 9, 6, 6, 8, 8, 5, 9, 6, 8, 8, 9, 8, 7, 7, 7, 7, 6, 11, 9, 7, 6, 5, 7, 7, 7, 5, 8, 5, 8, 8, 9, 6, 5, 8, 8, 8, 6, 7, 9, 7, 6, 7, 7, 7, 8, 
64: 7, 9, 7, 0, 0, 10, 8, 6, 0, 7, 7, 0, 7, 0, 10, 6, 7, 0, 10, 9, 0, 8, 0, 0, 8, 0, 9, 5, 7, 0, 0, 0, 0, 0, 0, 5, 0, 7, 0, 0, 0, 0, 0, 0, 0, 5, 6, 6, 0, 0, 8, 5, 8, 9, 8, 0, 7, 8, 0, 0, 0, 7, 7, 9, 6, 8, 8, 0, 0, 7, 0, 8, 7, 5, 9, 8, 0, 7, 0, 6, 0, 6, 9, 0, 6, 5, 0, 5, 0, 9, 6, 8, 0, 8, 0, 0, 0, 10, 8, 0, 0, 0, 6, 0, 0, 0, 9, 0, 0, 0, 7, 0, 8, 0, 8, 8, 8, 8, 0, 7, : 7, 9, 7, 10, 8, 6, 7, 7, 7, 10, 6, 7, 10, 9, 8, 8, 9, 5, 7, 5, 7, 5, 6, 6, 8, 5, 8, 9, 8, 7, 8, 7, 7, 9, 6, 8, 8, 7, 8, 7, 5, 9, 8, 7, 6, 6, 9, 6, 5, 5, 9, 6, 8, 8, 10, 8, 6, 9, 7, 8, 8, 8, 8, 8, 7, 
107: 0, 8, 6, 0, 0, 7, 0, 7, 0, 7, 8, 6, 0, 0, 0, 8, 7, 0, 7, 9, 7, 0, 0, 0, 6, 10, 0, 0, 0, 0, 0, 0, 6, 0, 0, 0, 0, 0, 8, 8, 0, 0, 0, 0, 5, 0, 0, 5, 0, 0, 0, 9, 0, 8, 0, 8, 0, 0, 9, 6, 0, 9, 5, 0, 0, 0, 6, 8, 0, 7, 9, 8, 9, 7, 7, 0, 0, 10, 0, 4, 0, 9, 0, 5, 6, 6, 0, 9, 0, 9, 7, 7, 9, 6, 10, 0, 0, 0, 0, 8, 7, 6, 0, 0, 6, 6, 0, 0, 0, 6, 7, 0, 5, 7, 9, 9, 0, 0, 0, 0, : 8, 6, 7, 7, 7, 8, 6, 8, 7, 7, 9, 7, 6, 10, 6, 8, 8, 5, 5, 9, 8, 8, 9, 6, 9, 5, 6, 8, 7, 9, 8, 9, 7, 7, 10, 4, 9, 5, 6, 6, 9, 9, 7, 7, 9, 6, 10, 8, 7, 6, 6, 6, 6, 7, 5, 7, 9, 9, 
50: 6, 0, 0, 8, 0, 6, 0, 8, 7, 0, 0, 8, 0, 0, 7, 8, 9, 6, 0, 0, 0, 0, 8, 9, 0, 10, 0, 9, 0, 0, 0, 0, 0, 7, 0, 0, 7, 7, 10, 0, 9, 0, 0, 8, 9, 7, 0, 7, 0, 7, 8, 7, 0, 7, 0, 0, 0, 0, 7, 6, 8, 7, 0, 8, 8, 0, 7, 7, 7, 0, 11, 9, 0, 0, 0, 0, 9, 7, 7, 10, 9, 7, 6, 8, 7, 0, 7, 0, 7, 8, 5, 7, 0, 0, 0, 9, 0, 0, 0, 0, 7, 9, 7, 6, 5, 0, 0, 6, 0, 8, 0, 5, 7, 8, 0, 0, 0, 8, 0, 6, : 6, 8, 6, 8, 7, 8, 7, 8, 9, 6, 8, 9, 10, 9, 7, 7, 7, 10, 9, 8, 9, 7, 7, 7, 8, 7, 7, 7, 6, 8, 7, 8, 8, 7, 7, 7, 11, 9, 9, 7, 7, 10, 9, 7, 6, 8, 7, 7, 7, 8, 5, 7, 9, 7, 9, 7, 6, 5, 6, 8, 5, 7, 8, 8, 6, 
63: 8, 9, 6, 7, 6, 0, 0, 0, 0, 0, 0, 0, 8, 0, 5, 6, 9, 9, 0, 10, 0, 0, 8, 0, 8, 0, 0, 0, 0, 7, 0, 6, 9, 0, 0, 7, 5, 8, 0, 7, 8, 0, 7, 0, 0, 6, 9, 0, 8, 0, 0, 7, 0, 5, 0, 0, 8, 0, 7, 8, 6, 8, 0, 0, 6, 0, 6, 7, 9, 0, 6, 0, 0, 0, 0, 6, 0, 8, 0, 0, 10, 0, 7, 0, 0, 0, 8, 0, 6, 0, 0, 5, 0, 6, 0, 0, 8, 8, 7, 8, 0, 6, 0, 0, 0, 0, 0, 0, 6, 7, 0, 0, 0, 0, 8, 0, 0, 4, 6, 5, : 8, 9, 6, 7, 6, 8, 5, 6, 9, 9, 10, 8, 8, 7, 6, 9, 7, 5, 8, 7, 8, 7, 6, 9, 8, 7, 5, 8, 7, 8, 6, 8, 6, 6, 7, 9, 6, 6, 8, 10, 7, 8, 6, 5, 6, 8, 8, 7, 8, 6, 6, 7, 8, 4, 6, 5, 
20: 9, 0, 0, 0, 0, 0, 7, 0, 8, 7, 0, 0, 0, 9, 9, 0, 6, 10, 0, 5, 5, 6, 9, 0, 6, 8, 0, 0, 0, 8, 0, 0, 10, 5, 9, 0, 8, 0, 6, 9, 6, 7, 0, 0, 9, 0, 0, 5, 0, 8, 7, 9, 7, 7, 9, 5, 0, 9, 6, 0, 6, 7, 8, 0, 0, 0, 7, 8, 6, 0, 0, 7, 0, 0, 0, 8, 5, 0, 7, 7, 7, 0, 8, 0, 6, 0, 0, 8, 8, 0, 6, 0, 0, 6, 0, 0, 6, 0, 5, 0, 8, 0, 0, 6, 0, 7, 0, 0, 0, 0, 0, 0, 5, 6, 0, 0, 0, 0, 8, 7, : 9, 7, 8, 7, 9, 9, 6, 10, 5, 5, 6, 9, 6, 8, 8, 10, 5, 9, 8, 6, 9, 6, 7, 9, 5, 8, 7, 9, 7, 7, 9, 5, 9, 6, 6, 7, 8, 7, 8, 6, 7, 8, 5, 7, 7, 7, 8, 6, 8, 8, 6, 6, 6, 5, 8, 6, 7, 5, 6, 8, 7, 
70: 10, 6, 0, 0, 0, 0, 8, 9, 0, 0, 0, 0, 6, 8, 0, 0, 0, 0, 0, 0, 7, 9, 8, 9, 8, 0, 10, 6, 0, 5, 0, 6, 0, 7, 0, 0, 8, 5, 0, 0, 0, 5, 6, 7, 5, 0, 7, 9, 8, 0, 0, 6, 8, 0, 7, 7, 0, 0, 0, 0, 7, 0, 8, 0, 0, 9, 0, 5, 0, 5, 0, 9, 6, 0, 9, 0, 0, 0, 7, 9, 0, 9, 0, 0, 6, 6, 9, 0, 0, 8, 10, 8, 0, 8, 8, 0, 8, 6, 0, 6, 0, 0, 0, 7, 8, 8, 6, 0, 6, 8, 9, 8, 0, 10, 0, 4, 0, 9, 0, 6, : 10, 6, 8, 9, 6, 8, 7, 9, 8, 9, 8, 10, 6, 5, 6, 7, 8, 5, 5, 6, 7, 5, 7, 9, 8, 6, 8, 7, 7, 7, 8, 9, 5, 5, 9, 6, 9, 7, 9, 9, 6, 6, 9, 8, 10, 8, 8, 8, 8, 6, 6, 7, 8, 8, 6, 6, 8, 9, 8, 10, 4, 9, 6, 
86: 7, 7, 7, 8, 8, 6, 0, 0, 5, 6, 7, 0, 8, 0, 0, 7, 0, 0, 0, 0, 9, 7, 0, 0, 0, 9, 0, 0, 7, 8, 0, 9, 6, 0, 5, 5, 0, 7, 0, 6, 0, 0, 0, 5, 9, 0, 11, 0, 0, 8, 0, 0, 0, 5, 0, 0, 0, 0, 0, 0, 7, 0, 9, 8, 0, 0, 8, 6, 9, 7, 0, 0, 0, 0, 0, 0, 6, 8, 8, 8, 7, 0, 6, 7, 0, 8, 0, 0, 0, 9, 9, 8, 7, 0, 7, 9, 0, 0, 0, 0, 8, 8, 0, 8, 6, 0, 6, 5, 7, 7, 0, 0, 8, 8, 10, 0, 8, 8, 7, 5, : 7, 7, 7, 8, 8, 6, 5, 6, 7, 8, 7, 9, 7, 9, 7, 8, 9, 6, 5, 5, 7, 6, 5, 9, 11, 8, 5, 7, 9, 8, 8, 6, 9, 7, 6, 8, 8, 8, 7, 6, 7, 8, 9, 9, 8, 7, 7, 9, 8, 8, 8, 6, 6, 5, 7, 7, 8, 8, 10, 8, 8, 7, 5, 
6: 7, 7, 9, 0, 0, 0, 0, 11, 0, 9, 0, 6, 7, 8, 0, 0, 0, 0, 0, 8, 0, 0, 9, 0, 10, 0, 6, 9, 7, 6, 8, 8, 6, 0, 7, 8, 0, 9, 0, 5, 0, 0, 7, 0, 0, 0, 8, 6, 0, 7, 0, 0, 6, 0, 8, 9, 9, 4, 0, 0, 0, 0, 0, 0, 0, 10, 0, 0, 9, 0, 0, 8, 9, 7, 0, 0, 9, 0, 0, 8, 8, 0, 0, 0, 0, 9, 0, 6, 8, 5, 8, 0, 0, 7, 9, 10, 8, 5, 0, 0, 0, 7, 0, 8, 8, 9, 0, 0, 0, 9, 0, 7, 0, 0, 10, 9, 4, 0, 9, 0, : 7, 7, 9, 11, 9, 6, 7, 8, 8, 9, 10, 6, 9, 7, 6, 8, 8, 6, 7, 8, 9, 5, 7, 8, 6, 7, 6, 8, 9, 9, 4, 10, 9, 8, 9, 7, 9, 8, 8, 9, 6, 8, 5, 8, 7, 9, 10, 8, 5, 7, 8, 8, 9, 9, 7, 10, 9, 4, 9, 
16: 8, 8, 0, 7, 7, 6, 0, 0, 8, 0, 6, 0, 6, 0, 0, 0, 0, 0, 0, 6, 0, 8, 8, 0, 0, 8, 7, 0, 8, 8, 0, 0, 9, 0, 6, 9, 6, 7, 0, 0, 5, 8, 8, 0, 0, 6, 0, 0, 0, 0, 9, 0, 7, 0, 0, 0, 0, 6, 0, 10, 9, 6, 5, 0, 10, 9, 0, 6, 0, 8, 0, 0, 0, 6, 0, 6, 7, 7, 0, 0, 8, 0, 0, 0, 9, 8, 9, 8, 0, 0, 8, 8, 7, 8, 0, 0, 5, 7, 7, 4, 8, 0, 8, 0, 7, 9, 0, 8, 6, 6, 0, 0, 9, 10, 9, 7, 0, 0, 7, 0, : 8, 8, 7, 7, 6, 8, 6, 6, 6, 8, 8, 8, 7, 8, 8, 9, 6, 9, 6, 7, 5, 8, 8, 6, 9, 7, 6, 10, 9, 6, 5, 10, 9, 6, 8, 6, 6, 7, 7, 8, 9, 8, 9, 8, 8, 8, 7, 8, 5, 7, 7, 4, 8, 8, 7, 9, 8, 6, 6, 9, 10, 9, 7, 7, 
51: 0, 0, 0, 11, 0, 9, 4, 9, 0, 0, 0, 0, 7, 0, 6, 0, 7, 7, 0, 5, 8, 0, 0, 9, 0, 8, 0, 0, 7, 6, 8, 0, 6, 0, 0, 6, 0, 7, 9, 5, 5, 6, 7, 0, 0, 10, 0, 0, 6, 8, 6, 0, 7, 0, 0, 0, 10, 6, 8, 0, 5, 0, 0, 7, 0, 7, 8, 0, 0, 0, 8, 0, 0, 0, 0, 0, 0, 8, 0, 6, 8, 5, 0, 9, 0, 0, 6, 0, 7, 9, 0, 8, 0, 9, 0, 6, 8, 8, 0, 7, 0, 0, 0, 7, 0, 7, 0, 0, 7, 9, 7, 0, 6, 0, 7, 0, 5, 8, 8, 0, : 11, 9, 4, 9, 7, 6, 7, 7, 5, 8, 9, 8, 7, 6, 8, 6, 6, 7, 9, 5, 5, 6, 7, 10, 6, 8, 6, 7, 10, 6, 8, 5, 7, 7, 8, 8, 8, 6, 8, 5, 9, 6, 7, 9, 8, 9, 6, 8, 8, 7, 7, 7, 7, 9, 7, 6, 7, 5, 8, 8, 
35: 7, 0, 8, 0, 0, 0, 0, 9, 0, 0, 0, 0, 8, 0, 11, 9, 5, 7, 0, 0, 9, 0, 0, 7, 0, 0, 0, 0, 0, 0, 7, 8, 0, 7, 0, 7, 8, 0, 0, 6, 5, 6, 0, 9, 7, 0, 0, 0, 8, 0, 8, 0, 8, 7, 0, 0, 6, 9, 6, 8, 8, 0, 0, 0, 8, 10, 7, 6, 0, 0, 0, 7, 9, 0, 7, 9, 9, 7, 0, 0, 0, 8, 0, 8, 7, 8, 0, 7, 7, 0, 0, 0, 8, 7, 10, 9, 7, 0, 9, 0, 9, 0, 6, 7, 0, 6, 0, 10, 7, 6, 8, 0, 7, 6, 0, 9, 9, 0, 0, 0, : 7, 8, 9, 8, 11, 9, 5, 7, 9, 7, 7, 8, 7, 7, 8, 6, 5, 6, 9, 7, 8, 8, 8, 7, 6, 9, 6, 8, 8, 8, 10, 7, 6, 7, 9, 7, 9, 9, 7, 8, 8, 7, 8, 7, 7, 8, 7, 10, 9, 7, 9, 9, 6, 7, 6, 10, 7, 6, 8, 7, 6, 9, 9, 
68: 0, 8, 8, 0, 0, 0, 0, 8, 0, 9, 0, 9, 9, 5, 0, 0, 0, 8, 8, 0, 9, 0, 0, 5, 0, 0, 0, 6, 0, 8, 0, 6, 8, 7, 0, 8, 9, 6, 0, 0, 0, 0, 0, 7, 0, 0, 0, 9, 8, 0, 0, 0, 0, 6, 7, 0, 0, 0, 0, 0, 0, 6, 9, 0, 0, 8, 5, 0, 8, 0, 6, 5, 8, 0, 6, 0, 9, 7, 0, 6, 8, 6, 0, 0, 0, 0, 6, 8, 7, 0, 7, 8, 9, 5, 6, 7, 0, 7, 0, 0, 0, 0, 0, 7, 0, 0, 8, 0, 0, 0, 8, 0, 0, 8, 4, 0, 7, 7, 0, 0, : 8, 8, 8, 9, 9, 9, 5, 8, 8, 9, 5, 6, 8, 6, 8, 7, 8, 9, 6, 7, 9, 8, 6, 7, 6, 9, 8, 5, 8, 6, 5, 8, 6, 9, 7, 6, 8, 6, 6, 8, 7, 7, 8, 9, 5, 6, 7, 7, 7, 8, 8, 8, 4, 7, 7, 


