
120
120
450
1

19: 0, 8, 9, 6, 9, 9, 7, 0, 0, 0, 0, 7, 7, 0, 0, 0, 0, 0, 6, 0, 0, 0, 0, 0, 0, 6, 0, 0, 8, 0, 0, 8, 9, 0, 0, 8, 0, 0, 8, 7, 0, 0, 0, 7, 8, 0, 0, 6, 6, 0, 0, 0, 7, 0, 9, 5, 6, 10, 0, 6, 0, 0, 6, 0, 0, 0, 0, 7, 9, 8, 6, 0, 0, 5, 7, 0, 0, 7, 6, 8, 7, 0, 0, 6, 0, 0, 0, 0, 0, 0, 5, 0, 5, 0, 7, 0, 6, 0, 4, 10, 0, 0, 0, 0, 8, 0, 7, 7, 9, 6, 7, 0, 7, 0, 0, 8, 0, 9, 5, 0, : 8, 9, 6, 9, 9, 7, 7, 7, 6, 6, 8, 8, 9, 8, 8, 7, 7, 8, 6, 6, 7, 9, 5, 6, 10, 6, 6, 7, 9, 8, 6, 5, 7, 7, 6, 8, 7, 6, 5, 5, 7, 6, 4, 10, 8, 7, 7, 9, 6, 7, 7, 8, 9, 5, 
66: 0, 7, 10, 9, 0, 0, 9, 8, 7, 0, 0, 0, 8, 7, 6, 4, 5, 8, 0, 9, 7, 7, 0, 8, 5, 7, 0, 8, 0, 8, 0, 0, 0, 7, 0, 0, 0, 8, 0, 0, 7, 7, 0, 0, 0, 0, 8, 8, 0, 0, 0, 0, 0, 0, 0, 0, 9, 0, 0, 8, 6, 8, 8, 0, 7, 0, 9, 7, 0, 0, 7, 0, 7, 8, 0, 0, 0, 6, 0, 7, 9, 5, 0, 9, 7, 0, 0, 9, 0, 0, 9, 0, 7, 0, 9, 7, 7, 0, 0, 0, 6, 6, 7, 9, 7, 8, 7, 0, 7, 6, 0, 6, 0, 9, 0, 0, 0, 0, 0, 6, : 7, 10, 9, 9, 8, 7, 8, 7, 6, 4, 5, 8, 9, 7, 7, 8, 5, 7, 8, 8, 7, 8, 7, 7, 8, 8, 9, 8, 6, 8, 8, 7, 9, 7, 7, 7, 8, 6, 7, 9, 5, 9, 7, 9, 9, 7, 9, 7, 7, 6, 6, 7, 9, 7, 8, 7, 7, 6, 6, 9, 6, 
28: 8, 7, 0, 4, 0, 7, 0, 0, 0, 7, 0, 8, 0, 9, 7, 0, 0, 0, 9, 10, 0, 10, 0, 0, 0, 0, 8, 0, 9, 0, 7, 7, 0, 10, 0, 0, 7, 7, 7, 0, 0, 8, 0, 0, 8, 0, 0, 7, 7, 7, 7, 0, 9, 0, 10, 9, 0, 0, 0, 0, 8, 0, 8, 0, 0, 0, 7, 0, 0, 8, 8, 7, 0, 7, 0, 0, 6, 8, 7, 0, 7, 7, 0, 10, 0, 6, 8, 5, 8, 0, 0, 0, 4, 0, 6, 5, 8, 0, 0, 0, 0, 0, 0, 6, 0, 0, 8, 0, 8, 0, 9, 9, 0, 7, 8, 8, 5, 0, 8, 0, : 8, 7, 4, 7, 7, 8, 9, 7, 9, 10, 10, 8, 9, 7, 7, 10, 7, 7, 7, 8, 8, 7, 7, 7, 7, 9, 10, 9, 8, 8, 7, 8, 8, 7, 7, 6, 8, 7, 7, 7, 10, 6, 8, 5, 8, 4, 6, 5, 8, 6, 8, 8, 9, 9, 7, 8, 8, 5, 8, 
97: 8, 0, 0, 9, 7, 0, 0, 8, 0, 7, 0, 5, 0, 7, 6, 0, 7, 5, 0, 7, 10, 0, 5, 6, 9, 9, 0, 10, 0, 7, 0, 5, 0, 8, 8, 0, 0, 0, 5, 9, 7, 0, 0, 0, 0, 8, 7, 0, 0, 6, 0, 0, 0, 0, 0, 8, 8, 5, 8, 0, 7, 0, 0, 0, 0, 0, 0, 0, 7, 0, 0, 0, 0, 0, 0, 6, 7, 8, 0, 0, 0, 0, 8, 7, 7, 0, 0, 7, 0, 0, 0, 0, 8, 8, 5, 4, 0, 0, 0, 9, 7, 0, 7, 0, 0, 6, 0, 0, 4, 0, 7, 10, 0, 0, 0, 6, 0, 0, 0, 0, : 8, 9, 7, 8, 7, 5, 7, 6, 7, 5, 7, 10, 5, 6, 9, 9, 10, 7, 5, 8, 8, 5, 9, 7, 8, 7, 6, 8, 8, 5, 8, 7, 7, 6, 7, 8, 8, 7, 7, 7, 8, 8, 5, 4, 9, 7, 7, 6, 4, 7, 10, 6, 
89: 8, 9, 6, 0, 9, 0, 7, 0, 0, 0, 0, 0, 0, 0, 8, 5, 0, 6, 8, 0, 0, 0, 8, 0, 0, 8, 9, 7, 0, 0, 9, 0, 0, 0, 7, 8, 0, 6, 5, 8, 6, 0, 0, 6, 9, 0, 0, 6, 7, 0, 5, 0, 0, 8, 0, 0, 0, 0, 0, 6, 7, 0, 7, 0, 0, 8, 0, 0, 7, 8, 0, 7, 9, 0, 0, 7, 0, 0, 7, 8, 0, 6, 9, 0, 6, 7, 0, 7, 0, 4, 6, 0, 0, 0, 5, 9, 0, 0, 0, 7, 0, 0, 9, 0, 6, 0, 0, 7, 0, 0, 0, 7, 0, 0, 0, 8, 8, 0, 7, 0, : 8, 9, 6, 9, 7, 8, 5, 6, 8, 8, 8, 9, 7, 9, 7, 8, 6, 5, 8, 6, 6, 9, 6, 7, 5, 8, 6, 7, 7, 8, 7, 8, 7, 9, 7, 7, 8, 6, 9, 6, 7, 7, 4, 6, 5, 9, 7, 9, 6, 7, 7, 8, 8, 7, 
96: 0, 8, 8, 0, 0, 8, 0, 0, 8, 0, 0, 0, 6, 0, 6, 9, 0, 7, 8, 9, 0, 8, 0, 0, 8, 7, 0, 0, 8, 0, 7, 0, 6, 6, 7, 6, 5, 5, 9, 0, 8, 0, 0, 0, 0, 10, 0, 8, 9, 0, 0, 0, 0, 6, 0, 10, 8, 9, 0, 6, 0, 0, 6, 0, 7, 0, 0, 8, 0, 0, 5, 0, 0, 6, 0, 6, 8, 9, 10, 8, 5, 7, 0, 0, 8, 0, 0, 0, 0, 0, 6, 7, 0, 0, 0, 8, 11, 5, 0, 0, 0, 0, 0, 0, 0, 11, 9, 7, 0, 0, 0, 0, 0, 9, 7, 0, 8, 7, 7, 0, : 8, 8, 8, 8, 6, 6, 9, 7, 8, 9, 8, 8, 7, 8, 7, 6, 6, 7, 6, 5, 5, 9, 8, 10, 8, 9, 6, 10, 8, 9, 6, 6, 7, 8, 5, 6, 6, 8, 9, 10, 8, 5, 7, 8, 6, 7, 8, 11, 5, 11, 9, 7, 9, 7, 8, 7, 7, 
68: 6, 0, 8, 9, 7, 7, 7, 0, 0, 0, 0, 9, 0, 7, 9, 8, 0, 0, 0, 0, 0, 0, 7, 0, 0, 7, 0, 4, 0, 0, 0, 8, 0, 6, 8, 0, 7, 9, 6, 10, 8, 7, 7, 0, 7, 9, 0, 8, 0, 9, 8, 0, 0, 9, 7, 0, 0, 0, 0, 0, 0, 8, 8, 0, 0, 0, 0, 0, 7, 5, 0, 0, 7, 0, 9, 7, 0, 8, 0, 0, 5, 8, 7, 8, 8, 0, 8, 0, 0, 9, 8, 0, 0, 6, 6, 8, 0, 7, 0, 0, 7, 10, 7, 8, 9, 9, 6, 0, 5, 0, 0, 0, 0, 8, 0, 7, 8, 0, 7, 0, : 6, 8, 9, 7, 7, 7, 9, 7, 9, 8, 7, 7, 4, 8, 6, 8, 7, 9, 6, 10, 8, 7, 7, 7, 9, 8, 9, 8, 9, 7, 8, 8, 7, 5, 7, 9, 7, 8, 5, 8, 7, 8, 8, 8, 9, 8, 6, 6, 8, 7, 7, 10, 7, 8, 9, 9, 6, 5, 8, 7, 8, 7, 
31: 8, 0, 0, 0, 8, 0, 0, 8, 6, 0, 8, 9, 0, 5, 0, 0, 0, 9, 10, 6, 0, 5, 8, 0, 0, 0, 0, 9, 8, 8, 0, 6, 5, 6, 0, 0, 7, 0, 0, 0, 5, 0, 0, 0, 0, 0, 9, 9, 8, 6, 0, 7, 7, 0, 0, 0, 7, 8, 0, 0, 0, 0, 0, 0, 7, 7, 8, 8, 6, 6, 8, 10, 0, 5, 0, 8, 0, 6, 7, 5, 4, 0, 8, 0, 0, 6, 7, 7, 5, 7, 5, 9, 0, 8, 8, 0, 7, 8, 8, 0, 10, 6, 0, 4, 6, 0, 0, 10, 0, 0, 0, 0, 5, 6, 0, 0, 0, 0, 9, 7, : 8, 8, 8, 6, 8, 9, 5, 9, 10, 6, 5, 8, 9, 8, 8, 6, 5, 6, 7, 5, 9, 9, 8, 6, 7, 7, 7, 8, 7, 7, 8, 8, 6, 6, 8, 10, 5, 8, 6, 7, 5, 4, 8, 6, 7, 7, 5, 7, 5, 9, 8, 8, 7, 8, 8, 10, 6, 4, 6, 10, 5, 6, 9, 7, 
88: 8, 0, 0, 0, 7, 0, 6, 0, 0, 8, 0, 8, 9, 0, 6, 7, 6, 0, 10, 0, 6, 0, 9, 0, 0, 0, 0, 0, 7, 0, 0, 7, 6, 0, 6, 0, 0, 6, 10, 8, 7, 7, 8, 8, 0, 7, 8, 0, 7, 7, 7, 0, 0, 0, 6, 0, 7, 8, 8, 0, 0, 0, 0, 5, 7, 8, 0, 7, 0, 0, 8, 6, 9, 0, 0, 0, 0, 0, 0, 9, 9, 0, 5, 6, 0, 6, 0, 0, 7, 0, 9, 5, 0, 0, 7, 0, 6, 8, 10, 6, 0, 0, 9, 7, 0, 8, 8, 9, 0, 7, 0, 7, 0, 6, 0, 7, 9, 0, 7, 6, : 8, 7, 6, 8, 8, 9, 6, 7, 6, 10, 6, 9, 7, 7, 6, 6, 6, 10, 8, 7, 7, 8, 8, 7, 8, 7, 7, 7, 6, 7, 8, 8, 5, 7, 8, 7, 8, 6, 9, 9, 9, 5, 6, 6, 7, 9, 5, 7, 6, 8, 10, 6, 9, 7, 8, 8, 9, 7, 7, 6, 7, 9, 7, 6, 
120: 0, 0, 0, 8, 0, 8, 8, 0, 7, 0, 0, 9, 0, 7, 0, 0, 8, 0, 5, 8, 9, 6, 8, 0, 10, 7, 7, 6, 0, 0, 0, 0, 0, 7, 5, 9, 0, 0, 8, 8, 0, 0, 0, 0, 9, 0, 8, 7, 6, 0, 6, 0, 0, 0, 0, 8, 0, 0, 0, 7, 6, 0, 0, 0, 0, 7, 0, 0, 8, 0, 6, 0, 0, 0, 8, 0, 7, 0, 0, 8, 7, 8, 0, 6, 0, 7, 8, 0, 6, 8, 8, 0, 0, 10, 6, 0, 6, 9, 11, 7, 8, 0, 0, 8, 0, 6, 0, 4, 8, 0, 7, 0, 9, 7, 8, 0, 0, 7, 0, 8, : 8, 8, 8, 7, 9, 7, 8, 5, 8, 9, 6, 8, 10, 7, 7, 6, 7, 5, 9, 8, 8, 9, 8, 7, 6, 6, 8, 7, 6, 7, 8, 6, 8, 7, 8, 7, 8, 6, 7, 8, 6, 8, 8, 10, 6, 6, 9, 11, 7, 8, 8, 6, 4, 8, 7, 9, 7, 8, 7, 8, 
41: 6, 9, 8, 6, 0, 8, 7, 0, 8, 8, 9, 6, 0, 7, 5, 0, 0, 0, 7, 0, 0, 0, 9, 0, 8, 9, 8, 7, 8, 0, 0, 8, 0, 8, 7, 0, 8, 0, 8, 0, 7, 5, 8, 7, 0, 0, 7, 9, 7, 7, 0, 0, 0, 0, 0, 0, 0, 5, 0, 0, 0, 8, 6, 7, 8, 0, 7, 0, 6, 0, 8, 7, 5, 0, 9, 8, 7, 0, 6, 11, 0, 10, 7, 8, 0, 8, 6, 0, 0, 0, 9, 8, 10, 0, 8, 7, 0, 0, 0, 6, 0, 0, 0, 10, 0, 0, 0, 8, 0, 8, 7, 0, 7, 6, 0, 7, 7, 7, 0, 0, : 6, 9, 8, 6, 8, 7, 8, 8, 9, 6, 7, 5, 7, 9, 8, 9, 8, 7, 8, 8, 8, 7, 8, 8, 7, 5, 8, 7, 7, 9, 7, 7, 5, 8, 6, 7, 8, 7, 6, 8, 7, 5, 9, 8, 7, 6, 11, 10, 7, 8, 8, 6, 9, 8, 10, 8, 7, 6, 10, 8, 8, 7, 7, 6, 7, 7, 7, 
20: 0, 7, 5, 0, 0, 7, 9, 0, 0, 6, 0, 0, 0, 0, 8, 0, 9, 0, 0, 5, 10, 0, 0, 6, 0, 7, 8, 8, 9, 0, 7, 6, 6, 8, 0, 8, 0, 0, 0, 0, 0, 7, 0, 0, 7, 0, 6, 6, 0, 7, 7, 5, 0, 10, 0, 0, 0, 0, 7, 7, 7, 7, 0, 7, 0, 7, 7, 0, 7, 0, 0, 0, 0, 8, 0, 0, 6, 0, 7, 10, 0, 0, 0, 5, 0, 0, 0, 5, 9, 6, 10, 0, 0, 0, 9, 0, 7, 9, 7, 6, 0, 8, 6, 6, 10, 0, 9, 6, 0, 5, 0, 0, 0, 0, 0, 0, 5, 0, 0, 5, : 7, 5, 7, 9, 6, 8, 9, 5, 10, 6, 7, 8, 8, 9, 7, 6, 6, 8, 8, 7, 7, 6, 6, 7, 7, 5, 10, 7, 7, 7, 7, 7, 7, 7, 7, 8, 6, 7, 10, 5, 5, 9, 6, 10, 9, 7, 9, 7, 6, 8, 6, 6, 10, 9, 6, 5, 5, 5, 
77: 9, 0, 6, 7, 0, 0, 0, 0, 0, 9, 6, 6, 7, 8, 0, 6, 0, 0, 5, 7, 0, 0, 9, 8, 11, 8, 6, 7, 6, 0, 8, 9, 0, 0, 0, 9, 0, 0, 8, 0, 0, 6, 11, 0, 0, 0, 7, 7, 0, 9, 8, 0, 8, 7, 7, 6, 7, 0, 0, 7, 7, 7, 0, 7, 0, 8, 8, 4, 0, 0, 0, 6, 6, 0, 0, 0, 0, 0, 8, 0, 5, 8, 8, 8, 8, 9, 0, 9, 0, 0, 7, 0, 9, 5, 6, 10, 9, 0, 6, 0, 0, 0, 8, 6, 0, 0, 0, 0, 8, 9, 8, 9, 8, 8, 0, 0, 0, 5, 0, 7, : 9, 6, 7, 9, 6, 6, 7, 8, 6, 5, 7, 9, 8, 11, 8, 6, 7, 6, 8, 9, 9, 8, 6, 11, 7, 7, 9, 8, 8, 7, 7, 6, 7, 7, 7, 7, 7, 8, 8, 4, 6, 6, 8, 5, 8, 8, 8, 8, 9, 9, 7, 9, 5, 6, 10, 9, 6, 8, 6, 8, 9, 8, 9, 8, 8, 5, 7, 
116: 0, 6, 0, 0, 0, 9, 5, 6, 9, 9, 8, 0, 9, 6, 0, 0, 0, 0, 7, 0, 7, 7, 0, 7, 7, 0, 5, 7, 0, 9, 9, 7, 8, 0, 7, 0, 0, 8, 0, 6, 0, 7, 6, 8, 7, 11, 8, 0, 0, 8, 7, 0, 0, 5, 0, 0, 5, 0, 0, 0, 8, 0, 8, 0, 7, 0, 0, 0, 0, 8, 0, 0, 0, 7, 0, 8, 0, 0, 9, 0, 7, 0, 7, 0, 0, 0, 0, 8, 7, 6, 8, 0, 0, 9, 0, 0, 9, 0, 0, 0, 9, 8, 0, 0, 0, 0, 0, 6, 10, 6, 7, 0, 0, 0, 6, 0, 5, 0, 8, 0, : 6, 9, 5, 6, 9, 9, 8, 9, 6, 7, 7, 7, 7, 7, 5, 7, 9, 9, 7, 8, 7, 8, 6, 7, 6, 8, 7, 11, 8, 8, 7, 5, 5, 8, 8, 7, 8, 7, 8, 9, 7, 7, 8, 7, 6, 8, 9, 9, 9, 8, 6, 10, 6, 7, 6, 5, 8, 
73: 9, 0, 0, 0, 7, 0, 0, 9, 0, 8, 8, 0, 9, 0, 0, 7, 8, 0, 8, 0, 9, 0, 0, 8, 9, 5, 7, 0, 7, 8, 8, 0, 7, 6, 9, 6, 0, 7, 8, 0, 0, 0, 8, 0, 0, 0, 0, 0, 0, 0, 0, 7, 0, 0, 8, 8, 0, 8, 0, 0, 0, 0, 0, 0, 7, 8, 7, 7, 8, 6, 0, 8, 0, 0, 0, 6, 9, 0, 0, 0, 0, 6, 0, 5, 0, 8, 0, 0, 0, 9, 10, 0, 6, 0, 10, 0, 0, 6, 0, 0, 7, 7, 0, 8, 0, 0, 0, 9, 8, 0, 9, 0, 7, 0, 0, 6, 9, 6, 0, 0, : 9, 7, 9, 8, 8, 9, 7, 8, 8, 9, 8, 9, 5, 7, 7, 8, 8, 7, 6, 9, 6, 7, 8, 8, 7, 8, 8, 8, 7, 8, 7, 7, 8, 6, 8, 6, 9, 6, 5, 8, 9, 10, 6, 10, 6, 7, 7, 8, 9, 8, 9, 7, 6, 9, 6, 
49: 0, 8, 7, 0, 0, 7, 6, 0, 9, 0, 0, 9, 0, 0, 0, 0, 8, 0, 0, 0, 5, 0, 0, 0, 0, 0, 8, 7, 0, 8, 8, 0, 0, 7, 0, 0, 6, 0, 8, 10, 0, 0, 7, 0, 0, 0, 0, 0, 0, 8, 0, 0, 0, 0, 7, 0, 8, 7, 0, 0, 9, 0, 0, 0, 9, 0, 8, 0, 6, 8, 0, 7, 0, 5, 8, 0, 8, 0, 4, 8, 0, 8, 10, 7, 0, 7, 8, 0, 8, 0, 0, 0, 11, 0, 5, 0, 0, 0, 0, 0, 0, 5, 0, 4, 11, 8, 0, 0, 0, 7, 0, 6, 6, 0, 9, 7, 10, 0, 8, 11, : 8, 7, 7, 6, 9, 9, 8, 5, 8, 7, 8, 8, 7, 6, 8, 10, 7, 8, 7, 8, 7, 9, 9, 8, 6, 8, 7, 5, 8, 8, 4, 8, 8, 10, 7, 7, 8, 8, 11, 5, 5, 4, 11, 8, 7, 6, 6, 9, 7, 10, 8, 11, 
1: 0, 6, 7, 7, 6, 0, 6, 8, 0, 0, 5, 7, 0, 6, 6, 8, 9, 7, 10, 10, 6, 7, 7, 0, 0, 7, 8, 0, 7, 10, 0, 5, 0, 0, 0, 7, 0, 7, 0, 0, 0, 9, 0, 0, 8, 10, 0, 0, 5, 6, 0, 8, 8, 6, 8, 8, 6, 9, 6, 0, 0, 11, 0, 9, 0, 0, 8, 6, 6, 8, 6, 9, 0, 10, 6, 7, 11, 7, 0, 0, 9, 8, 6, 8, 0, 0, 8, 0, 0, 0, 6, 7, 7, 6, 8, 6, 6, 8, 8, 4, 0, 10, 0, 4, 0, 0, 7, 0, 0, 0, 0, 6, 0, 9, 6, 0, 0, 0, 8, 0, : 6, 7, 7, 6, 6, 8, 5, 7, 6, 6, 8, 9, 7, 10, 10, 6, 7, 7, 7, 8, 7, 10, 5, 7, 7, 9, 8, 10, 5, 6, 8, 8, 6, 8, 8, 6, 9, 6, 11, 9, 8, 6, 6, 8, 6, 9, 10, 6, 7, 11, 7, 9, 8, 6, 8, 8, 6, 7, 7, 6, 8, 6, 6, 8, 8, 4, 10, 4, 7, 6, 9, 6, 8, 
36: 0, 0, 7, 9, 7, 0, 0, 0, 6, 0, 9, 0, 0, 7, 0, 0, 0, 10, 0, 7, 10, 6, 7, 9, 7, 8, 0, 0, 6, 7, 8, 6, 6, 0, 0, 0, 7, 0, 0, 0, 0, 10, 0, 0, 0, 0, 8, 7, 7, 0, 0, 0, 0, 7, 9, 10, 0, 7, 6, 0, 8, 7, 0, 0, 8, 0, 9, 0, 0, 0, 8, 5, 0, 9, 7, 0, 0, 0, 0, 6, 7, 0, 0, 7, 6, 0, 0, 6, 7, 0, 9, 6, 10, 0, 0, 6, 0, 0, 6, 0, 7, 0, 6, 0, 0, 5, 0, 0, 0, 8, 7, 0, 5, 8, 7, 9, 0, 8, 0, 8, : 7, 9, 7, 6, 9, 7, 10, 7, 10, 6, 7, 9, 7, 8, 6, 7, 8, 6, 6, 7, 10, 8, 7, 7, 7, 9, 10, 7, 6, 8, 7, 8, 9, 8, 5, 9, 7, 6, 7, 7, 6, 6, 7, 9, 6, 10, 6, 6, 7, 6, 5, 8, 7, 5, 8, 7, 9, 8, 8, 
54: 8, 0, 0, 9, 6, 7, 7, 0, 9, 7, 0, 7, 0, 0, 7, 0, 0, 0, 6, 8, 0, 0, 6, 0, 0, 0, 8, 0, 8, 7, 10, 0, 0, 7, 9, 7, 8, 0, 9, 7, 6, 7, 7, 8, 6, 0, 8, 6, 7, 5, 0, 7, 9, 0, 6, 0, 6, 7, 6, 0, 7, 0, 8, 0, 7, 9, 0, 0, 0, 8, 0, 6, 8, 5, 7, 9, 0, 0, 0, 0, 0, 0, 0, 6, 6, 0, 0, 8, 0, 6, 7, 9, 0, 5, 0, 0, 0, 5, 0, 8, 7, 0, 0, 7, 0, 6, 0, 5, 0, 7, 0, 0, 9, 9, 7, 7, 0, 6, 10, 10, : 8, 9, 6, 7, 7, 9, 7, 7, 7, 6, 8, 6, 8, 8, 7, 10, 7, 9, 7, 8, 9, 7, 6, 7, 7, 8, 6, 8, 6, 7, 5, 7, 9, 6, 6, 7, 6, 7, 8, 7, 9, 8, 6, 8, 5, 7, 9, 6, 6, 8, 6, 7, 9, 5, 5, 8, 7, 7, 6, 5, 7, 9, 9, 7, 7, 6, 10, 10, 
5: 0, 8, 0, 0, 0, 0, 0, 7, 0, 6, 6, 0, 0, 0, 8, 8, 6, 0, 0, 0, 0, 7, 7, 7, 0, 5, 0, 6, 0, 0, 5, 8, 0, 0, 9, 0, 0, 8, 6, 0, 0, 0, 7, 7, 7, 0, 0, 0, 6, 8, 0, 8, 0, 7, 7, 0, 0, 0, 0, 8, 0, 8, 7, 0, 7, 0, 8, 0, 5, 0, 6, 0, 7, 0, 9, 8, 0, 4, 0, 7, 7, 7, 7, 0, 9, 8, 10, 0, 6, 0, 0, 0, 6, 0, 6, 0, 8, 8, 5, 9, 10, 7, 7, 8, 6, 8, 0, 6, 0, 8, 0, 6, 8, 0, 0, 7, 0, 5, 8, 8, : 8, 7, 6, 6, 8, 8, 6, 7, 7, 7, 5, 6, 5, 8, 9, 8, 6, 7, 7, 7, 6, 8, 8, 7, 7, 8, 8, 7, 7, 8, 5, 6, 7, 9, 8, 4, 7, 7, 7, 7, 9, 8, 10, 6, 6, 6, 8, 8, 5, 9, 10, 7, 7, 8, 6, 8, 6, 8, 6, 8, 7, 5, 8, 8, 
55: 0, 8, 7, 6, 8, 9, 8, 0, 7, 7, 6, 0, 9, 0, 0, 0, 6, 9, 8, 0, 0, 7, 8, 0, 9, 0, 5, 0, 8, 0, 7, 9, 0, 6, 6, 6, 0, 8, 0, 9, 7, 10, 7, 7, 0, 0, 0, 7, 7, 0, 0, 0, 7, 6, 0, 0, 0, 7, 6, 6, 0, 6, 8, 8, 6, 9, 0, 8, 4, 9, 5, 0, 0, 10, 0, 10, 9, 0, 0, 7, 8, 8, 0, 0, 10, 8, 6, 0, 0, 5, 0, 5, 0, 6, 8, 0, 8, 0, 0, 0, 0, 6, 0, 0, 8, 9, 0, 0, 0, 0, 8, 0, 6, 0, 0, 9, 6, 9, 0, 8, : 8, 7, 6, 8, 9, 8, 7, 7, 6, 9, 6, 9, 8, 7, 8, 9, 5, 8, 7, 9, 6, 6, 6, 8, 9, 7, 10, 7, 7, 7, 7, 7, 6, 7, 6, 6, 6, 8, 8, 6, 9, 8, 4, 9, 5, 10, 10, 9, 7, 8, 8, 10, 8, 6, 5, 5, 6, 8, 8, 6, 8, 9, 8, 6, 9, 6, 9, 8, 
16: 7, 0, 6, 6, 0, 7, 0, 0, 0, 5, 9, 0, 9, 8, 6, 0, 7, 0, 7, 10, 0, 8, 0, 8, 0, 0, 0, 0, 0, 0, 0, 0, 8, 6, 8, 0, 0, 0, 0, 6, 0, 7, 7, 6, 0, 6, 0, 0, 0, 0, 9, 9, 0, 0, 8, 6, 0, 6, 0, 0, 9, 0, 0, 0, 8, 0, 8, 6, 0, 7, 0, 0, 8, 9, 7, 0, 6, 9, 6, 8, 6, 7, 7, 0, 0, 0, 4, 0, 8, 0, 6, 7, 6, 0, 6, 0, 0, 0, 7, 0, 0, 0, 7, 8, 0, 0, 9, 7, 0, 0, 0, 6, 0, 6, 0, 0, 0, 5, 0, 5, : 7, 6, 6, 7, 5, 9, 9, 8, 6, 7, 7, 10, 8, 8, 8, 6, 8, 6, 7, 7, 6, 6, 9, 9, 8, 6, 6, 9, 8, 8, 6, 7, 8, 9, 7, 6, 9, 6, 8, 6, 7, 7, 4, 8, 6, 7, 6, 6, 7, 7, 8, 9, 7, 6, 6, 5, 5, 
80: 7, 8, 0, 8, 0, 0, 9, 0, 0, 0, 7, 8, 0, 8, 0, 7, 9, 9, 8, 8, 0, 0, 4, 0, 8, 0, 0, 8, 0, 9, 8, 8, 8, 0, 0, 0, 0, 0, 0, 0, 7, 0, 0, 0, 0, 7, 0, 7, 0, 8, 0, 0, 8, 8, 7, 10, 0, 7, 7, 0, 0, 0, 0, 0, 8, 6, 10, 0, 9, 0, 7, 8, 8, 8, 0, 0, 0, 7, 6, 0, 8, 0, 0, 0, 0, 9, 8, 0, 10, 8, 0, 0, 0, 0, 0, 6, 10, 7, 0, 11, 0, 9, 4, 0, 10, 4, 0, 8, 0, 7, 0, 0, 10, 0, 0, 7, 0, 9, 7, 0, : 7, 8, 8, 9, 7, 8, 8, 7, 9, 9, 8, 8, 4, 8, 8, 9, 8, 8, 8, 7, 7, 7, 8, 8, 8, 7, 10, 7, 7, 8, 6, 10, 9, 7, 8, 8, 8, 7, 6, 8, 9, 8, 10, 8, 6, 10, 7, 11, 9, 4, 10, 4, 8, 7, 10, 7, 9, 7, 
114: 6, 8, 9, 9, 0, 0, 9, 0, 0, 9, 0, 9, 7, 9, 9, 8, 0, 0, 7, 0, 7, 0, 7, 9, 0, 0, 0, 8, 0, 6, 0, 0, 0, 7, 5, 6, 8, 10, 7, 7, 9, 8, 0, 8, 0, 9, 5, 0, 0, 0, 7, 8, 6, 0, 0, 0, 6, 0, 0, 6, 8, 0, 0, 4, 0, 0, 7, 0, 0, 9, 0, 0, 7, 9, 0, 0, 5, 6, 0, 0, 8, 0, 0, 0, 0, 7, 7, 0, 0, 10, 0, 0, 10, 0, 7, 6, 9, 6, 8, 0, 5, 10, 5, 0, 8, 9, 6, 8, 0, 8, 6, 8, 0, 8, 0, 8, 8, 5, 7, 0, : 6, 8, 9, 9, 9, 9, 9, 7, 9, 9, 8, 7, 7, 7, 9, 8, 6, 7, 5, 6, 8, 10, 7, 7, 9, 8, 8, 9, 5, 7, 8, 6, 6, 6, 8, 4, 7, 9, 7, 9, 5, 6, 8, 7, 7, 10, 10, 7, 6, 9, 6, 8, 5, 10, 5, 8, 9, 6, 8, 8, 6, 8, 8, 8, 8, 5, 7, 
60: 0, 0, 9, 8, 0, 0, 0, 0, 0, 0, 0, 0, 5, 0, 7, 0, 0, 0, 0, 6, 0, 0, 8, 8, 0, 0, 8, 0, 6, 9, 5, 0, 0, 8, 0, 7, 10, 7, 0, 0, 6, 0, 0, 0, 0, 0, 0, 0, 8, 0, 7, 7, 7, 0, 7, 0, 9, 8, 8, 9, 0, 0, 7, 7, 0, 8, 8, 0, 0, 8, 0, 0, 0, 0, 7, 0, 0, 8, 8, 9, 5, 9, 0, 5, 7, 8, 0, 0, 6, 6, 7, 0, 7, 0, 0, 9, 0, 0, 0, 7, 9, 0, 9, 0, 0, 0, 0, 0, 6, 9, 0, 7, 0, 8, 0, 6, 0, 0, 0, 8, : 9, 8, 5, 7, 6, 8, 8, 8, 6, 9, 5, 8, 7, 10, 7, 6, 8, 7, 7, 7, 7, 9, 8, 8, 9, 7, 7, 8, 8, 8, 7, 8, 8, 9, 5, 9, 5, 7, 8, 6, 6, 7, 7, 9, 7, 9, 9, 6, 9, 7, 8, 6, 8, 
43: 0, 0, 0, 0, 6, 7, 0, 8, 0, 0, 0, 6, 0, 6, 0, 0, 6, 0, 7, 8, 0, 7, 8, 9, 0, 0, 0, 0, 10, 0, 9, 6, 0, 0, 9, 6, 0, 0, 0, 7, 7, 8, 5, 0, 0, 0, 0, 0, 0, 9, 7, 7, 11, 7, 0, 6, 0, 6, 6, 7, 9, 8, 0, 8, 0, 7, 8, 8, 0, 0, 0, 0, 5, 7, 7, 0, 7, 0, 8, 9, 9, 9, 0, 7, 6, 0, 10, 0, 0, 0, 0, 9, 0, 8, 6, 6, 0, 0, 6, 0, 0, 0, 0, 0, 8, 0, 6, 7, 0, 7, 0, 8, 8, 5, 0, 0, 0, 8, 0, 0, : 6, 7, 8, 6, 6, 6, 7, 8, 7, 8, 9, 10, 9, 6, 9, 6, 7, 7, 8, 5, 9, 7, 7, 11, 7, 6, 6, 6, 7, 9, 8, 8, 7, 8, 8, 5, 7, 7, 7, 8, 9, 9, 9, 7, 6, 10, 9, 8, 6, 6, 6, 8, 6, 7, 7, 8, 8, 5, 8, 
107: 0, 0, 8, 0, 0, 0, 9, 5, 8, 8, 8, 0, 0, 9, 0, 0, 8, 0, 10, 0, 5, 7, 0, 0, 0, 10, 7, 10, 9, 0, 7, 8, 0, 9, 8, 0, 0, 8, 0, 0, 11, 7, 8, 0, 8, 0, 0, 0, 7, 6, 8, 9, 7, 0, 6, 0, 7, 0, 0, 0, 11, 6, 0, 0, 0, 0, 0, 7, 9, 0, 6, 9, 8, 8, 0, 0, 9, 0, 8, 0, 7, 5, 0, 0, 8, 5, 0, 10, 0, 11, 0, 9, 0, 0, 0, 8, 9, 0, 0, 0, 0, 0, 8, 9, 8, 0, 4, 10, 0, 0, 0, 5, 7, 0, 0, 6, 0, 0, 8, 0, : 8, 9, 5, 8, 8, 8, 9, 8, 10, 5, 7, 10, 7, 10, 9, 7, 8, 9, 8, 8, 11, 7, 8, 8, 7, 6, 8, 9, 7, 6, 7, 11, 6, 7, 9, 6, 9, 8, 8, 9, 8, 7, 5, 8, 5, 10, 11, 9, 8, 9, 8, 9, 8, 4, 10, 5, 7, 6, 8, 
87: 0, 0, 8, 0, 7, 0, 0, 6, 0, 0, 0, 0, 0, 7, 5, 0, 0, 6, 0, 0, 0, 0, 0, 0, 6, 0, 8, 4, 6, 5, 0, 0, 9, 9, 0, 8, 6, 0, 9, 6, 5, 7, 7, 8, 6, 7, 7, 5, 0, 0, 0, 8, 6, 0, 0, 7, 0, 10, 7, 6, 7, 0, 8, 0, 0, 0, 0, 7, 0, 7, 0, 0, 0, 0, 0, 8, 7, 7, 8, 0, 0, 0, 0, 8, 0, 8, 5, 7, 7, 8, 0, 0, 0, 0, 0, 7, 0, 9, 7, 7, 7, 5, 0, 6, 0, 0, 0, 5, 9, 0, 8, 0, 8, 9, 0, 0, 6, 0, 8, 0, : 8, 7, 6, 7, 5, 6, 6, 8, 4, 6, 5, 9, 9, 8, 6, 9, 6, 5, 7, 7, 8, 6, 7, 7, 5, 8, 6, 7, 10, 7, 6, 7, 8, 7, 7, 8, 7, 7, 8, 8, 8, 5, 7, 7, 8, 7, 9, 7, 7, 7, 5, 6, 5, 9, 8, 8, 9, 6, 8, 
70: 7, 5, 0, 7, 0, 8, 0, 7, 0, 0, 6, 0, 0, 0, 8, 0, 8, 5, 10, 7, 0, 10, 6, 0, 5, 8, 6, 0, 0, 0, 8, 5, 0, 0, 6, 9, 5, 0, 0, 0, 0, 5, 0, 0, 9, 8, 9, 7, 0, 0, 7, 10, 6, 0, 6, 0, 0, 0, 8, 0, 0, 4, 0, 11, 0, 0, 7, 8, 0, 0, 0, 0, 4, 6, 8, 11, 0, 0, 4, 7, 0, 9, 0, 0, 8, 9, 0, 0, 0, 0, 0, 8, 5, 0, 8, 0, 9, 5, 0, 8, 0, 0, 0, 6, 5, 7, 0, 8, 6, 0, 8, 0, 8, 8, 9, 8, 0, 0, 0, 9, : 7, 5, 7, 8, 7, 6, 8, 8, 5, 10, 7, 10, 6, 5, 8, 6, 8, 5, 6, 9, 5, 5, 9, 8, 9, 7, 7, 10, 6, 6, 8, 4, 11, 7, 8, 4, 6, 8, 11, 4, 7, 9, 8, 9, 8, 5, 8, 9, 5, 8, 6, 5, 7, 8, 6, 8, 8, 8, 9, 8, 9, 
3: 0, 8, 0, 0, 0, 0, 8, 0, 9, 0, 6, 0, 6, 0, 7, 9, 7, 6, 6, 0, 0, 7, 7, 8, 8, 8, 8, 0, 0, 5, 0, 0, 10, 0, 9, 0, 9, 8, 6, 5, 5, 7, 0, 8, 0, 0, 9, 0, 11, 8, 7, 6, 0, 0, 0, 7, 5, 7, 8, 0, 8, 5, 10, 7, 0, 8, 6, 7, 0, 0, 7, 0, 0, 8, 10, 0, 6, 0, 0, 8, 0, 0, 5, 8, 8, 0, 9, 5, 5, 0, 7, 0, 8, 9, 0, 0, 7, 8, 0, 7, 0, 4, 7, 8, 0, 7, 8, 0, 0, 7, 0, 0, 0, 0, 7, 0, 0, 0, 8, 8, : 8, 8, 9, 6, 6, 7, 9, 7, 6, 6, 7, 7, 8, 8, 8, 8, 5, 10, 9, 9, 8, 6, 5, 5, 7, 8, 9, 11, 8, 7, 6, 7, 5, 7, 8, 8, 5, 10, 7, 8, 6, 7, 7, 8, 10, 6, 8, 5, 8, 8, 9, 5, 5, 7, 8, 9, 7, 8, 7, 4, 7, 8, 7, 8, 7, 7, 8, 8, 
95: 0, 4, 0, 0, 0, 7, 0, 5, 0, 7, 0, 0, 6, 0, 0, 8, 0, 5, 0, 7, 7, 10, 0, 9, 6, 0, 0, 7, 0, 0, 0, 0, 0, 0, 0, 5, 0, 0, 7, 0, 7, 7, 0, 0, 9, 5, 6, 9, 7, 0, 0, 7, 0, 9, 6, 8, 7, 8, 8, 0, 0, 0, 6, 0, 10, 0, 6, 0, 8, 5, 7, 7, 7, 0, 0, 0, 8, 0, 7, 7, 0, 0, 7, 0, 0, 0, 9, 5, 0, 7, 9, 8, 5, 0, 0, 7, 0, 5, 6, 0, 0, 0, 6, 9, 9, 6, 5, 0, 8, 0, 0, 8, 0, 0, 9, 0, 7, 8, 9, 7, : 4, 7, 5, 7, 6, 8, 5, 7, 7, 10, 9, 6, 7, 5, 7, 7, 7, 9, 5, 6, 9, 7, 7, 9, 6, 8, 7, 8, 8, 6, 10, 6, 8, 5, 7, 7, 7, 8, 7, 7, 7, 9, 5, 7, 9, 8, 5, 7, 5, 6, 6, 9, 9, 6, 5, 8, 8, 9, 7, 8, 9, 7, 
45: 0, 0, 0, 8, 7, 0, 10, 0, 7, 0, 9, 0, 7, 0, 9, 9, 9, 9, 5, 0, 7, 6, 0, 10, 8, 0, 8, 0, 5, 0, 7, 7, 0, 9, 0, 5, 0, 0, 9, 0, 0, 8, 6, 10, 0, 0, 8, 8, 0, 10, 0, 9, 5, 0, 8, 8, 6, 6, 6, 0, 6, 0, 9, 9, 0, 0, 7, 8, 0, 0, 0, 0, 0, 10, 0, 0, 0, 0, 7, 0, 0, 0, 7, 7, 0, 5, 0, 0, 8, 4, 0, 7, 0, 0, 0, 9, 8, 8, 5, 0, 7, 0, 6, 0, 6, 0, 0, 0, 8, 0, 9, 7, 8, 0, 5, 8, 7, 10, 0, 0, : 8, 7, 10, 7, 9, 7, 9, 9, 9, 9, 5, 7, 6, 10, 8, 8, 5, 7, 7, 9, 5, 9, 8, 6, 10, 8, 8, 10, 9, 5, 8, 8, 6, 6, 6, 6, 9, 9, 7, 8, 10, 7, 7, 7, 5, 8, 4, 7, 9, 8, 8, 5, 7, 6, 6, 8, 9, 7, 8, 5, 8, 7, 10, 
23: 8, 11, 0, 0, 8, 0, 0, 6, 7, 0, 0, 5, 7, 0, 0, 0, 7, 5, 0, 6, 9, 5, 0, 5, 6, 9, 0, 0, 0, 5, 9, 0, 6, 5, 0, 6, 6, 0, 7, 0, 0, 7, 7, 8, 7, 0, 7, 7, 0, 6, 0, 7, 0, 7, 5, 0, 0, 0, 0, 8, 0, 8, 7, 10, 9, 0, 0, 0, 0, 0, 9, 7, 0, 9, 0, 0, 7, 0, 9, 0, 0, 7, 7, 6, 0, 0, 8, 8, 8, 10, 0, 8, 10, 0, 9, 0, 8, 0, 0, 0, 0, 0, 9, 9, 0, 8, 7, 0, 0, 0, 0, 0, 8, 0, 7, 0, 0, 8, 0, 8, : 8, 11, 8, 6, 7, 5, 7, 7, 5, 6, 9, 5, 5, 6, 9, 5, 9, 6, 5, 6, 6, 7, 7, 7, 8, 7, 7, 7, 6, 7, 7, 5, 8, 8, 7, 10, 9, 9, 7, 9, 7, 9, 7, 7, 6, 8, 8, 8, 10, 8, 10, 9, 8, 9, 9, 8, 7, 8, 7, 8, 8, 
50: 0, 8, 8, 8, 0, 9, 0, 8, 0, 8, 0, 6, 9, 0, 10, 7, 7, 0, 0, 0, 7, 0, 0, 0, 7, 0, 6, 5, 8, 6, 9, 9, 0, 0, 9, 0, 7, 9, 8, 6, 6, 0, 8, 0, 0, 0, 0, 0, 6, 0, 6, 0, 0, 7, 7, 5, 7, 0, 7, 8, 7, 0, 0, 0, 0, 0, 9, 0, 8, 6, 0, 9, 6, 8, 9, 0, 0, 9, 0, 0, 0, 0, 8, 0, 7, 8, 6, 0, 7, 0, 7, 0, 0, 0, 0, 8, 0, 0, 8, 10, 5, 7, 6, 0, 10, 7, 0, 0, 7, 0, 7, 0, 0, 0, 0, 0, 0, 0, 6, 0, : 8, 8, 8, 9, 8, 8, 6, 9, 10, 7, 7, 7, 7, 6, 5, 8, 6, 9, 9, 9, 7, 9, 8, 6, 6, 8, 6, 6, 7, 7, 5, 7, 7, 8, 7, 9, 8, 6, 9, 6, 8, 9, 9, 8, 7, 8, 6, 7, 7, 8, 8, 10, 5, 7, 6, 10, 7, 7, 7, 6, 
11: 0, 0, 7, 6, 9, 7, 7, 7, 9, 5, 0, 6, 0, 0, 0, 7, 8, 0, 0, 0, 0, 0, 0, 0, 7, 0, 0, 7, 0, 0, 0, 10, 7, 0, 0, 0, 8, 10, 0, 6, 0, 0, 7, 0, 0, 8, 7, 0, 8, 0, 0, 0, 8, 6, 9, 0, 10, 7, 0, 0, 0, 0, 7, 0, 6, 7, 7, 0, 0, 9, 5, 0, 0, 6, 0, 8, 7, 7, 8, 0, 0, 10, 8, 0, 9, 7, 9, 9, 0, 7, 6, 0, 9, 7, 0, 7, 0, 10, 7, 5, 8, 8, 0, 0, 7, 8, 0, 0, 0, 0, 7, 9, 0, 0, 8, 8, 7, 0, 9, 8, : 7, 6, 9, 7, 7, 7, 9, 5, 6, 7, 8, 7, 7, 10, 7, 8, 10, 6, 7, 8, 7, 8, 8, 6, 9, 10, 7, 7, 6, 7, 7, 9, 5, 6, 8, 7, 7, 8, 10, 8, 9, 7, 9, 9, 7, 6, 9, 7, 7, 10, 7, 5, 8, 8, 7, 8, 7, 9, 8, 8, 7, 9, 8, 
27: 6, 0, 0, 0, 0, 7, 6, 6, 0, 0, 6, 0, 9, 9, 0, 0, 0, 7, 10, 6, 10, 0, 0, 0, 7, 0, 0, 7, 0, 0, 9, 0, 6, 8, 0, 0, 0, 0, 0, 9, 8, 0, 0, 0, 0, 8, 0, 7, 0, 8, 0, 0, 0, 0, 9, 0, 10, 8, 0, 9, 0, 0, 5, 7, 8, 7, 0, 0, 0, 0, 7, 7, 0, 0, 6, 0, 6, 0, 0, 7, 0, 4, 0, 0, 7, 7, 8, 7, 0, 8, 0, 0, 7, 7, 6, 9, 5, 6, 7, 0, 7, 0, 0, 0, 0, 0, 8, 0, 0, 0, 0, 8, 6, 0, 0, 0, 8, 8, 9, 7, : 6, 7, 6, 6, 6, 9, 9, 7, 10, 6, 10, 7, 7, 9, 6, 8, 9, 8, 8, 7, 8, 9, 10, 8, 9, 5, 7, 8, 7, 7, 7, 6, 6, 7, 4, 7, 7, 8, 7, 8, 7, 7, 6, 9, 5, 6, 7, 7, 8, 8, 6, 8, 8, 9, 7, 
117: 0, 9, 0, 0, 5, 0, 0, 7, 8, 0, 0, 0, 0, 7, 0, 6, 5, 7, 7, 0, 5, 0, 0, 5, 8, 0, 0, 9, 8, 9, 0, 10, 0, 0, 0, 5, 0, 5, 5, 6, 5, 8, 8, 8, 7, 0, 0, 10, 7, 0, 0, 0, 0, 7, 0, 0, 7, 0, 5, 0, 0, 0, 7, 6, 0, 8, 9, 9, 7, 0, 0, 0, 7, 7, 0, 8, 10, 7, 6, 0, 7, 8, 0, 9, 6, 8, 9, 0, 0, 8, 0, 9, 9, 0, 9, 0, 4, 10, 8, 0, 6, 0, 0, 0, 6, 0, 6, 8, 0, 8, 0, 0, 8, 0, 8, 5, 0, 0, 0, 0, : 9, 5, 7, 8, 7, 6, 5, 7, 7, 5, 5, 8, 9, 8, 9, 10, 5, 5, 5, 6, 5, 8, 8, 8, 7, 10, 7, 7, 7, 5, 7, 6, 8, 9, 9, 7, 7, 7, 8, 10, 7, 6, 7, 8, 9, 6, 8, 9, 8, 9, 9, 9, 4, 10, 8, 6, 6, 6, 8, 8, 8, 8, 5, 
51: 6, 0, 6, 7, 0, 8, 9, 6, 7, 0, 0, 8, 0, 0, 7, 10, 0, 0, 7, 5, 0, 0, 9, 6, 8, 0, 0, 0, 8, 9, 0, 5, 0, 0, 0, 8, 6, 7, 7, 7, 0, 0, 0, 8, 9, 7, 8, 0, 0, 9, 0, 0, 0, 0, 6, 0, 0, 0, 0, 8, 10, 8, 8, 0, 6, 10, 0, 7, 0, 0, 7, 6, 8, 0, 0, 5, 0, 0, 7, 6, 6, 7, 6, 0, 0, 0, 0, 8, 0, 9, 7, 6, 5, 0, 0, 8, 0, 0, 0, 5, 0, 5, 0, 0, 9, 0, 0, 8, 0, 0, 7, 8, 9, 6, 0, 0, 7, 7, 7, 0, : 6, 6, 7, 8, 9, 6, 7, 8, 7, 10, 7, 5, 9, 6, 8, 8, 9, 5, 8, 6, 7, 7, 7, 8, 9, 7, 8, 9, 6, 8, 10, 8, 8, 6, 10, 7, 7, 6, 8, 5, 7, 6, 6, 7, 6, 8, 9, 7, 6, 5, 8, 5, 5, 9, 8, 7, 8, 9, 6, 7, 7, 7, 
8: 6, 6, 8, 0, 0, 7, 0, 9, 0, 0, 7, 0, 0, 0, 0, 7, 0, 0, 0, 7, 0, 11, 0, 6, 9, 0, 5, 0, 0, 6, 0, 0, 10, 0, 10, 0, 6, 6, 5, 0, 7, 0, 0, 8, 10, 0, 0, 0, 0, 6, 0, 0, 7, 0, 9, 0, 8, 0, 0, 0, 0, 0, 7, 7, 0, 0, 0, 0, 7, 10, 7, 0, 0, 0, 0, 0, 6, 0, 0, 0, 6, 0, 0, 9, 8, 0, 0, 0, 0, 0, 7, 9, 0, 6, 7, 5, 9, 0, 8, 8, 0, 0, 10, 6, 0, 0, 0, 9, 7, 7, 9, 10, 6, 7, 5, 0, 7, 7, 0, 0, : 6, 6, 8, 7, 9, 7, 7, 7, 11, 6, 9, 5, 6, 10, 10, 6, 6, 5, 7, 8, 10, 6, 7, 9, 8, 7, 7, 7, 10, 7, 6, 6, 9, 8, 7, 9, 6, 7, 5, 9, 8, 8, 10, 6, 9, 7, 7, 9, 10, 6, 7, 5, 7, 7, 
24: 8, 0, 7, 7, 0, 0, 7, 8, 8, 8, 0, 0, 0, 7, 0, 8, 0, 9, 0, 10, 0, 0, 0, 9, 10, 9, 0, 8, 7, 0, 9, 0, 8, 9, 9, 0, 0, 0, 7, 0, 0, 8, 0, 0, 8, 0, 0, 0, 9, 0, 6, 7, 7, 0, 7, 9, 0, 0, 0, 5, 8, 7, 8, 0, 0, 0, 0, 8, 8, 0, 10, 7, 0, 0, 0, 0, 6, 8, 7, 5, 7, 0, 8, 0, 8, 10, 0, 0, 0, 0, 11, 0, 8, 0, 0, 7, 0, 0, 6, 10, 0, 0, 8, 0, 0, 8, 0, 0, 0, 0, 8, 7, 0, 7, 0, 6, 10, 8, 0, 0, : 8, 7, 7, 7, 8, 8, 8, 7, 8, 9, 10, 9, 10, 9, 8, 7, 9, 8, 9, 9, 7, 8, 8, 9, 6, 7, 7, 7, 9, 5, 8, 7, 8, 8, 8, 10, 7, 6, 8, 7, 5, 7, 8, 8, 10, 11, 8, 7, 6, 10, 8, 8, 8, 7, 7, 6, 10, 8, 
59: 8, 8, 0, 7, 0, 0, 0, 0, 9, 6, 0, 0, 0, 6, 0, 0, 7, 0, 7, 0, 0, 0, 0, 0, 7, 0, 0, 0, 5, 9, 5, 9, 8, 5, 0, 0, 9, 8, 8, 9, 0, 0, 8, 0, 0, 0, 6, 0, 10, 0, 0, 8, 0, 0, 0, 0, 0, 8, 6, 0, 5, 9, 7, 8, 7, 0, 7, 0, 0, 0, 0, 8, 9, 0, 0, 9, 8, 7, 0, 7, 0, 7, 7, 0, 0, 6, 0, 7, 0, 0, 6, 8, 8, 8, 0, 4, 0, 0, 8, 6, 7, 0, 0, 0, 7, 8, 0, 0, 0, 8, 0, 5, 0, 7, 0, 7, 0, 9, 0, 8, : 8, 8, 7, 9, 6, 6, 7, 7, 7, 5, 9, 5, 9, 8, 5, 9, 8, 8, 9, 8, 6, 10, 8, 8, 6, 5, 9, 7, 8, 7, 7, 8, 9, 9, 8, 7, 7, 7, 7, 6, 7, 6, 8, 8, 8, 4, 8, 6, 7, 7, 8, 8, 5, 7, 7, 9, 8, 
30: 0, 8, 4, 0, 7, 0, 0, 0, 7, 0, 9, 6, 5, 7, 0, 0, 4, 0, 6, 0, 9, 5, 0, 7, 8, 0, 7, 0, 0, 0, 6, 0, 0, 8, 0, 0, 8, 0, 0, 0, 6, 0, 7, 5, 0, 0, 7, 7, 0, 9, 8, 7, 7, 8, 8, 7, 0, 0, 9, 6, 7, 0, 9, 8, 0, 0, 0, 0, 0, 0, 0, 7, 0, 0, 7, 6, 5, 0, 0, 9, 0, 0, 0, 7, 10, 6, 0, 0, 0, 0, 0, 0, 0, 8, 0, 4, 0, 0, 7, 0, 0, 0, 9, 0, 0, 0, 9, 8, 9, 0, 9, 8, 0, 0, 0, 5, 0, 0, 9, 10, : 8, 4, 7, 7, 9, 6, 5, 7, 4, 6, 9, 5, 7, 8, 7, 6, 8, 8, 6, 7, 5, 7, 7, 9, 8, 7, 7, 8, 8, 7, 9, 6, 7, 9, 8, 7, 7, 6, 5, 9, 7, 10, 6, 8, 4, 7, 9, 9, 8, 9, 9, 8, 5, 9, 10, 
91: 8, 0, 8, 7, 7, 8, 6, 8, 6, 8, 8, 7, 6, 8, 0, 7, 0, 9, 8, 6, 7, 7, 0, 0, 8, 0, 5, 0, 0, 7, 9, 0, 0, 0, 0, 7, 0, 5, 7, 8, 7, 0, 0, 0, 0, 7, 0, 0, 0, 0, 0, 8, 8, 6, 0, 9, 0, 7, 0, 6, 0, 9, 0, 0, 0, 8, 8, 0, 0, 0, 0, 8, 0, 0, 0, 9, 6, 0, 0, 7, 0, 0, 0, 0, 9, 0, 8, 0, 0, 8, 0, 0, 0, 8, 8, 8, 7, 0, 4, 7, 8, 4, 6, 7, 8, 9, 7, 0, 0, 0, 0, 0, 0, 5, 8, 9, 8, 0, 8, 9, : 8, 8, 7, 7, 8, 6, 8, 6, 8, 8, 7, 6, 8, 7, 9, 8, 6, 7, 7, 8, 5, 7, 9, 7, 5, 7, 8, 7, 7, 8, 8, 6, 9, 7, 6, 9, 8, 8, 8, 9, 6, 7, 9, 8, 8, 8, 8, 8, 7, 4, 7, 8, 4, 6, 7, 8, 9, 7, 5, 8, 9, 8, 8, 9, 
113: 6, 0, 0, 6, 7, 10, 8, 0, 0, 0, 8, 0, 0, 7, 9, 8, 9, 5, 6, 0, 8, 0, 8, 7, 0, 0, 6, 5, 0, 0, 7, 0, 0, 0, 10, 10, 0, 7, 10, 8, 0, 0, 8, 0, 0, 6, 0, 7, 7, 9, 0, 0, 8, 7, 0, 0, 6, 9, 0, 6, 5, 0, 0, 6, 5, 7, 7, 0, 0, 8, 8, 9, 0, 0, 9, 0, 0, 7, 7, 7, 11, 0, 8, 8, 8, 0, 5, 8, 0, 0, 0, 0, 0, 6, 8, 8, 0, 8, 6, 9, 0, 0, 7, 0, 6, 7, 0, 8, 0, 0, 8, 7, 0, 8, 6, 0, 9, 7, 0, 7, : 6, 6, 7, 10, 8, 8, 7, 9, 8, 9, 5, 6, 8, 8, 7, 6, 5, 7, 10, 10, 7, 10, 8, 8, 6, 7, 7, 9, 8, 7, 6, 9, 6, 5, 6, 5, 7, 7, 8, 8, 9, 9, 7, 7, 7, 11, 8, 8, 8, 5, 8, 6, 8, 8, 8, 6, 9, 7, 6, 7, 8, 8, 7, 8, 6, 9, 7, 7, 
63: 9, 0, 0, 0, 7, 0, 0, 8, 5, 0, 0, 9, 8, 8, 8, 0, 0, 6, 0, 7, 0, 6, 0, 0, 0, 0, 0, 0, 5, 0, 8, 0, 0, 8, 8, 8, 8, 0, 0, 0, 4, 7, 5, 0, 5, 0, 0, 7, 0, 0, 10, 0, 9, 0, 0, 5, 0, 9, 9, 8, 0, 7, 0, 6, 7, 0, 0, 5, 9, 0, 8, 7, 8, 0, 0, 0, 8, 7, 0, 7, 0, 8, 8, 0, 0, 8, 0, 0, 0, 8, 0, 0, 0, 8, 7, 0, 9, 9, 8, 5, 9, 0, 7, 0, 0, 0, 0, 5, 7, 0, 7, 0, 9, 0, 8, 9, 0, 0, 5, 0, : 9, 7, 8, 5, 9, 8, 8, 8, 6, 7, 6, 5, 8, 8, 8, 8, 8, 4, 7, 5, 5, 7, 10, 9, 5, 9, 9, 8, 7, 6, 7, 5, 9, 8, 7, 8, 8, 7, 7, 8, 8, 8, 8, 8, 7, 9, 9, 8, 5, 9, 7, 5, 7, 7, 9, 8, 9, 5, 
85: 7, 6, 5, 7, 0, 0, 0, 0, 5, 7, 6, 0, 0, 6, 5, 9, 0, 0, 0, 7, 7, 0, 0, 0, 7, 8, 10, 0, 0, 6, 5, 0, 6, 0, 8, 8, 0, 5, 6, 0, 5, 0, 0, 0, 7, 7, 9, 7, 8, 6, 8, 9, 7, 0, 7, 0, 0, 0, 9, 8, 0, 10, 0, 6, 0, 0, 0, 7, 10, 7, 7, 0, 8, 9, 7, 0, 7, 7, 0, 7, 8, 0, 0, 7, 0, 9, 0, 6, 0, 0, 8, 0, 6, 0, 0, 0, 0, 8, 9, 0, 0, 9, 8, 9, 6, 0, 6, 0, 0, 0, 8, 0, 0, 6, 0, 10, 8, 0, 0, 0, : 7, 6, 5, 7, 5, 7, 6, 6, 5, 9, 7, 7, 7, 8, 10, 6, 5, 6, 8, 8, 5, 6, 5, 7, 7, 9, 7, 8, 6, 8, 9, 7, 7, 9, 8, 10, 6, 7, 10, 7, 7, 8, 9, 7, 7, 7, 7, 8, 7, 9, 6, 8, 6, 8, 9, 9, 8, 9, 6, 6, 8, 6, 10, 8, 
25: 9, 7, 6, 9, 0, 7, 6, 0, 8, 6, 8, 7, 5, 7, 5, 0, 9, 0, 0, 8, 9, 6, 0, 10, 0, 7, 0, 0, 5, 8, 10, 0, 0, 0, 0, 0, 5, 0, 7, 7, 9, 0, 8, 4, 0, 0, 9, 11, 8, 0, 0, 0, 7, 8, 0, 0, 6, 0, 0, 0, 0, 8, 8, 9, 0, 0, 0, 9, 0, 7, 9, 5, 7, 0, 8, 7, 7, 8, 0, 0, 0, 0, 7, 6, 8, 10, 7, 8, 6, 6, 0, 0, 0, 8, 0, 6, 0, 0, 9, 7, 6, 0, 10, 0, 0, 8, 9, 0, 0, 7, 5, 0, 0, 0, 0, 7, 7, 7, 7, 6, : 9, 7, 6, 9, 7, 6, 8, 6, 8, 7, 5, 7, 5, 9, 8, 9, 6, 10, 7, 5, 8, 10, 5, 7, 7, 9, 8, 4, 9, 11, 8, 7, 8, 6, 8, 8, 9, 9, 7, 9, 5, 7, 8, 7, 7, 8, 7, 6, 8, 10, 7, 8, 6, 6, 8, 6, 9, 7, 6, 10, 8, 9, 7, 5, 7, 7, 7, 7, 6, 
34: 5, 0, 0, 0, 8, 9, 7, 0, 0, 9, 0, 0, 7, 0, 5, 8, 10, 0, 8, 0, 0, 10, 0, 0, 0, 0, 6, 0, 5, 5, 7, 7, 0, 0, 5, 0, 0, 0, 5, 6, 0, 0, 0, 0, 7, 8, 0, 7, 8, 6, 6, 0, 7, 0, 0, 0, 9, 0, 0, 7, 6, 8, 9, 0, 0, 0, 8, 0, 7, 0, 0, 0, 0, 0, 7, 0, 10, 0, 9, 0, 7, 7, 6, 0, 7, 8, 8, 0, 9, 0, 0, 8, 7, 9, 0, 0, 5, 0, 0, 9, 7, 0, 0, 5, 0, 7, 0, 7, 0, 0, 7, 8, 9, 6, 7, 9, 0, 0, 0, 0, : 5, 8, 9, 7, 9, 7, 5, 8, 10, 8, 10, 6, 5, 5, 7, 7, 5, 5, 6, 7, 8, 7, 8, 6, 6, 7, 9, 7, 6, 8, 9, 8, 7, 7, 10, 9, 7, 7, 6, 7, 8, 8, 9, 8, 7, 9, 5, 9, 7, 5, 7, 7, 7, 8, 9, 6, 7, 9, 
69: 8, 0, 0, 0, 0, 9, 0, 7, 0, 8, 8, 5, 0, 0, 7, 8, 7, 10, 8, 0, 7, 0, 0, 0, 0, 6, 0, 8, 7, 0, 8, 0, 0, 9, 6, 9, 0, 6, 8, 5, 0, 0, 7, 0, 5, 0, 7, 0, 6, 0, 8, 8, 6, 0, 0, 7, 7, 0, 7, 11, 0, 8, 7, 10, 8, 0, 9, 7, 0, 6, 9, 0, 0, 7, 5, 0, 0, 0, 7, 8, 0, 0, 6, 0, 0, 0, 5, 7, 8, 0, 0, 6, 6, 0, 0, 5, 0, 0, 8, 0, 0, 7, 0, 8, 8, 6, 7, 0, 6, 8, 0, 6, 8, 7, 0, 0, 0, 0, 6, 0, : 8, 9, 7, 8, 8, 5, 7, 8, 7, 10, 8, 7, 6, 8, 7, 8, 9, 6, 9, 6, 8, 5, 7, 5, 7, 6, 8, 8, 6, 7, 7, 7, 11, 8, 7, 10, 8, 9, 7, 6, 9, 7, 5, 7, 8, 6, 5, 7, 8, 6, 6, 5, 8, 7, 8, 8, 6, 7, 6, 8, 6, 8, 7, 6, 
47: 8, 0, 0, 6, 7, 7, 0, 7, 7, 8, 0, 0, 8, 0, 6, 0, 6, 6, 0, 8, 0, 8, 0, 7, 10, 7, 5, 0, 0, 0, 0, 0, 9, 6, 7, 0, 0, 0, 0, 8, 8, 0, 6, 7, 7, 7, 0, 7, 0, 0, 7, 8, 0, 7, 6, 0, 0, 8, 7, 0, 6, 0, 0, 10, 8, 0, 8, 9, 7, 10, 0, 0, 0, 6, 7, 0, 8, 5, 8, 0, 0, 9, 0, 7, 0, 6, 7, 0, 0, 0, 0, 0, 0, 9, 8, 0, 0, 6, 0, 0, 0, 7, 7, 0, 0, 0, 6, 9, 0, 8, 7, 6, 0, 0, 8, 8, 0, 6, 0, 0, : 8, 6, 7, 7, 7, 7, 8, 8, 6, 6, 6, 8, 8, 7, 10, 7, 5, 9, 6, 7, 8, 8, 6, 7, 7, 7, 7, 7, 8, 7, 6, 8, 7, 6, 10, 8, 8, 9, 7, 10, 6, 7, 8, 5, 8, 9, 7, 6, 7, 9, 8, 6, 7, 7, 6, 9, 8, 7, 6, 8, 8, 6, 
101: 7, 0, 6, 6, 9, 7, 5, 6, 6, 8, 8, 9, 8, 6, 0, 6, 0, 10, 0, 8, 0, 6, 0, 0, 0, 0, 0, 7, 0, 4, 0, 9, 8, 0, 0, 0, 7, 9, 0, 11, 6, 7, 0, 7, 0, 10, 7, 0, 9, 7, 5, 10, 0, 0, 8, 0, 0, 9, 0, 0, 0, 0, 0, 8, 4, 7, 0, 0, 0, 0, 0, 0, 0, 7, 8, 0, 0, 7, 0, 5, 0, 0, 0, 10, 8, 0, 6, 0, 11, 9, 8, 0, 8, 0, 0, 0, 0, 7, 0, 7, 7, 10, 4, 0, 9, 5, 0, 0, 7, 0, 0, 0, 0, 0, 0, 9, 7, 0, 7, 6, : 7, 6, 6, 9, 7, 5, 6, 6, 8, 8, 9, 8, 6, 6, 10, 8, 6, 7, 4, 9, 8, 7, 9, 11, 6, 7, 7, 10, 7, 9, 7, 5, 10, 8, 9, 8, 4, 7, 7, 8, 7, 5, 10, 8, 6, 11, 9, 8, 8, 7, 7, 7, 10, 4, 9, 5, 7, 9, 7, 7, 6, 
82: 7, 6, 6, 0, 0, 8, 0, 8, 8, 0, 6, 0, 9, 9, 6, 10, 7, 0, 0, 9, 0, 7, 0, 7, 0, 5, 8, 0, 0, 0, 0, 9, 0, 8, 7, 0, 5, 8, 0, 0, 0, 0, 0, 0, 7, 8, 0, 7, 6, 6, 0, 0, 0, 6, 8, 0, 9, 0, 0, 9, 0, 0, 5, 8, 7, 8, 0, 8, 0, 0, 0, 8, 0, 0, 0, 0, 6, 0, 0, 9, 8, 9, 7, 0, 7, 0, 0, 8, 5, 6, 4, 7, 0, 5, 0, 0, 7, 8, 0, 9, 0, 0, 8, 0, 8, 10, 0, 0, 7, 7, 5, 0, 0, 7, 7, 7, 8, 9, 7, 0, : 7, 6, 6, 8, 8, 8, 6, 9, 9, 6, 10, 7, 9, 7, 7, 5, 8, 9, 8, 7, 5, 8, 7, 8, 7, 6, 6, 6, 8, 9, 9, 5, 8, 7, 8, 8, 8, 6, 9, 8, 9, 7, 7, 8, 5, 6, 4, 7, 5, 7, 8, 9, 8, 8, 10, 7, 7, 5, 7, 7, 7, 8, 9, 7, 
74: 0, 7, 9, 0, 11, 7, 6, 0, 7, 8, 7, 9, 8, 0, 0, 0, 0, 0, 0, 5, 0, 9, 0, 0, 8, 0, 6, 9, 0, 8, 7, 7, 8, 7, 0, 6, 10, 8, 0, 0, 0, 8, 0, 7, 0, 0, 0, 9, 0, 7, 7, 0, 0, 0, 0, 8, 0, 7, 9, 8, 7, 7, 7, 0, 0, 6, 0, 6, 0, 6, 0, 7, 6, 5, 0, 8, 9, 0, 0, 5, 4, 7, 0, 0, 0, 0, 9, 9, 0, 9, 0, 5, 5, 0, 7, 0, 7, 5, 0, 8, 9, 0, 0, 9, 5, 0, 8, 8, 0, 7, 0, 0, 7, 0, 0, 6, 0, 7, 0, 5, : 7, 9, 11, 7, 6, 7, 8, 7, 9, 8, 5, 9, 8, 6, 9, 8, 7, 7, 8, 7, 6, 10, 8, 8, 7, 9, 7, 7, 8, 7, 9, 8, 7, 7, 7, 6, 6, 6, 7, 6, 5, 8, 9, 5, 4, 7, 9, 9, 9, 5, 5, 7, 7, 5, 8, 9, 9, 5, 8, 8, 7, 7, 6, 7, 5, 
93: 0, 6, 0, 7, 0, 9, 0, 0, 5, 7, 8, 8, 9, 0, 0, 6, 0, 0, 0, 0, 0, 0, 0, 7, 9, 7, 7, 0, 0, 5, 7, 0, 0, 10, 8, 10, 8, 0, 0, 5, 0, 6, 0, 5, 8, 0, 7, 0, 6, 7, 0, 7, 7, 0, 0, 0, 7, 0, 9, 5, 6, 0, 7, 7, 8, 9, 8, 4, 8, 0, 0, 0, 0, 0, 7, 5, 0, 7, 9, 6, 0, 0, 9, 0, 0, 6, 0, 11, 8, 4, 5, 0, 0, 9, 10, 0, 7, 0, 0, 0, 6, 0, 0, 8, 8, 8, 8, 9, 0, 0, 0, 9, 0, 0, 9, 0, 7, 5, 0, 0, : 6, 7, 9, 5, 7, 8, 8, 9, 6, 7, 9, 7, 7, 5, 7, 10, 8, 10, 8, 5, 6, 5, 8, 7, 6, 7, 7, 7, 7, 9, 5, 6, 7, 7, 8, 9, 8, 4, 8, 7, 5, 7, 9, 6, 9, 6, 11, 8, 4, 5, 9, 10, 7, 6, 8, 8, 8, 8, 9, 9, 9, 7, 5, 
92: 7, 8, 7, 9, 0, 0, 0, 9, 6, 0, 0, 0, 0, 0, 0, 6, 0, 0, 0, 0, 7, 6, 0, 0, 0, 8, 0, 0, 0, 0, 0, 0, 0, 7, 6, 7, 7, 0, 0, 0, 0, 9, 0, 5, 5, 7, 9, 6, 7, 6, 6, 7, 7, 8, 7, 0, 7, 7, 0, 0, 7, 8, 0, 8, 0, 0, 0, 0, 7, 8, 0, 0, 7, 8, 7, 7, 7, 10, 6, 0, 0, 0, 0, 5, 6, 0, 0, 8, 7, 0, 6, 8, 0, 0, 9, 0, 0, 8, 0, 0, 0, 0, 8, 0, 0, 5, 6, 0, 0, 7, 0, 8, 0, 8, 8, 9, 0, 0, 0, 0, : 7, 8, 7, 9, 9, 6, 6, 7, 6, 8, 7, 6, 7, 7, 9, 5, 5, 7, 9, 6, 7, 6, 6, 7, 7, 8, 7, 7, 7, 7, 8, 8, 7, 8, 7, 8, 7, 7, 7, 10, 6, 5, 6, 8, 7, 6, 8, 9, 8, 8, 5, 6, 7, 8, 8, 8, 9, 
6: 7, 6, 6, 9, 7, 5, 7, 9, 0, 0, 0, 0, 0, 0, 0, 0, 6, 7, 0, 0, 0, 0, 9, 0, 0, 0, 4, 0, 8, 0, 5, 6, 6, 0, 8, 0, 9, 7, 6, 6, 10, 7, 0, 9, 7, 7, 0, 0, 0, 11, 0, 7, 10, 0, 0, 9, 6, 0, 0, 8, 0, 0, 8, 0, 0, 6, 0, 9, 8, 0, 8, 0, 7, 0, 7, 7, 7, 9, 0, 0, 7, 7, 10, 0, 5, 9, 8, 7, 6, 8, 0, 10, 0, 7, 0, 0, 8, 0, 0, 0, 8, 8, 0, 0, 9, 0, 10, 0, 6, 7, 0, 0, 0, 9, 8, 0, 0, 0, 0, 0, : 7, 6, 6, 9, 7, 5, 7, 9, 6, 7, 9, 4, 8, 5, 6, 6, 8, 9, 7, 6, 6, 10, 7, 9, 7, 7, 11, 7, 10, 9, 6, 8, 8, 6, 9, 8, 8, 7, 7, 7, 7, 9, 7, 7, 10, 5, 9, 8, 7, 6, 8, 10, 7, 8, 8, 8, 9, 10, 6, 7, 9, 8, 
22: 6, 10, 0, 8, 7, 0, 0, 8, 8, 0, 0, 7, 6, 0, 7, 0, 0, 8, 10, 0, 7, 7, 0, 0, 0, 10, 7, 8, 0, 7, 5, 0, 0, 4, 7, 0, 0, 9, 0, 0, 7, 9, 9, 6, 0, 0, 0, 0, 0, 8, 0, 0, 0, 0, 0, 0, 0, 0, 0, 7, 6, 6, 0, 8, 0, 0, 5, 0, 8, 0, 7, 8, 7, 0, 9, 8, 7, 0, 0, 0, 7, 0, 0, 7, 7, 0, 7, 0, 9, 0, 0, 6, 0, 0, 0, 7, 6, 8, 0, 0, 0, 6, 8, 0, 0, 0, 9, 8, 0, 9, 0, 6, 5, 8, 7, 0, 8, 7, 0, 8, : 6, 10, 8, 7, 8, 8, 7, 6, 7, 8, 10, 7, 7, 10, 7, 8, 7, 5, 4, 7, 9, 7, 9, 9, 6, 8, 7, 6, 6, 8, 5, 8, 7, 8, 7, 9, 8, 7, 7, 7, 7, 7, 9, 6, 7, 6, 8, 6, 8, 9, 8, 9, 6, 5, 8, 7, 8, 7, 8, 
40: 0, 0, 0, 0, 9, 0, 5, 9, 7, 0, 6, 0, 0, 5, 8, 0, 8, 0, 0, 8, 0, 0, 7, 0, 9, 0, 5, 0, 0, 0, 0, 8, 0, 0, 0, 0, 0, 7, 0, 8, 0, 0, 0, 8, 8, 7, 0, 0, 0, 0, 7, 5, 8, 8, 8, 9, 8, 5, 0, 0, 9, 9, 8, 0, 0, 7, 6, 10, 0, 0, 0, 0, 7, 7, 0, 0, 0, 0, 7, 0, 6, 9, 0, 0, 0, 0, 9, 7, 0, 0, 0, 8, 8, 0, 9, 6, 5, 0, 8, 0, 0, 9, 0, 0, 0, 0, 9, 0, 9, 0, 7, 0, 0, 5, 5, 8, 9, 0, 8, 9, : 9, 5, 9, 7, 6, 5, 8, 8, 8, 7, 9, 5, 8, 7, 8, 8, 8, 7, 7, 5, 8, 8, 8, 9, 8, 5, 9, 9, 8, 7, 6, 10, 7, 7, 7, 6, 9, 9, 7, 8, 8, 9, 6, 5, 8, 9, 9, 9, 7, 5, 5, 8, 9, 8, 9, 
115: 0, 7, 7, 0, 7, 0, 9, 5, 7, 0, 9, 8, 6, 8, 8, 0, 0, 8, 0, 9, 9, 0, 7, 10, 0, 7, 0, 9, 0, 5, 8, 0, 9, 7, 0, 9, 0, 0, 5, 10, 8, 6, 4, 0, 0, 7, 6, 0, 7, 0, 0, 0, 0, 8, 0, 0, 0, 0, 8, 0, 7, 7, 0, 0, 6, 0, 6, 9, 6, 0, 4, 10, 0, 0, 8, 0, 0, 7, 0, 0, 0, 8, 6, 0, 0, 0, 0, 5, 8, 6, 7, 0, 0, 9, 0, 0, 9, 4, 0, 9, 0, 8, 0, 0, 10, 9, 0, 0, 0, 6, 8, 0, 0, 0, 0, 0, 6, 7, 8, 10, : 7, 7, 7, 9, 5, 7, 9, 8, 6, 8, 8, 8, 9, 9, 7, 10, 7, 9, 5, 8, 9, 7, 9, 5, 10, 8, 6, 4, 7, 6, 7, 8, 8, 7, 7, 6, 6, 9, 6, 4, 10, 8, 7, 8, 6, 5, 8, 6, 7, 9, 9, 4, 9, 8, 10, 9, 6, 8, 6, 7, 8, 10, 
64: 0, 0, 6, 0, 0, 0, 0, 0, 0, 0, 8, 9, 9, 5, 0, 8, 7, 9, 5, 0, 7, 6, 0, 5, 0, 5, 0, 0, 0, 5, 5, 8, 7, 0, 9, 6, 9, 0, 0, 0, 8, 0, 10, 7, 0, 9, 6, 0, 0, 0, 0, 0, 0, 10, 10, 0, 10, 0, 0, 0, 0, 0, 6, 0, 9, 7, 0, 7, 0, 0, 0, 8, 6, 7, 7, 8, 0, 0, 0, 0, 10, 9, 8, 0, 8, 0, 0, 0, 8, 9, 0, 8, 8, 0, 0, 9, 0, 0, 6, 0, 0, 7, 0, 0, 6, 10, 6, 8, 0, 0, 6, 7, 8, 0, 0, 0, 8, 0, 9, 7, : 6, 8, 9, 9, 5, 8, 7, 9, 5, 7, 6, 5, 5, 5, 5, 8, 7, 9, 6, 9, 8, 10, 7, 9, 6, 10, 10, 10, 6, 9, 7, 7, 8, 6, 7, 7, 8, 10, 9, 8, 8, 8, 9, 8, 8, 9, 6, 7, 6, 10, 6, 8, 6, 7, 8, 8, 9, 7, 
7: 0, 0, 0, 0, 9, 6, 5, 9, 0, 0, 0, 7, 0, 6, 9, 0, 6, 0, 8, 0, 6, 0, 6, 6, 5, 5, 0, 10, 0, 7, 0, 4, 7, 0, 5, 8, 7, 0, 0, 9, 9, 0, 9, 0, 7, 8, 0, 0, 6, 0, 9, 7, 8, 7, 6, 7, 7, 0, 9, 7, 0, 0, 8, 4, 9, 9, 0, 0, 0, 7, 0, 6, 0, 9, 10, 7, 0, 7, 0, 0, 0, 7, 0, 0, 5, 0, 0, 9, 0, 0, 7, 0, 8, 10, 0, 0, 0, 7, 0, 0, 0, 9, 6, 0, 0, 9, 0, 0, 0, 9, 6, 0, 8, 8, 0, 9, 0, 10, 0, 0, : 9, 6, 5, 9, 7, 6, 9, 6, 8, 6, 6, 6, 5, 5, 10, 7, 4, 7, 5, 8, 7, 9, 9, 9, 7, 8, 6, 9, 7, 8, 7, 6, 7, 7, 9, 7, 8, 4, 9, 9, 7, 6, 9, 10, 7, 7, 7, 5, 9, 7, 8, 10, 7, 9, 6, 9, 9, 6, 8, 8, 9, 10, 
98: 9, 9, 0, 7, 0, 6, 9, 9, 6, 0, 0, 7, 0, 0, 0, 8, 0, 9, 9, 10, 0, 8, 6, 0, 8, 7, 0, 10, 8, 0, 8, 7, 6, 0, 0, 7, 0, 0, 10, 0, 10, 8, 6, 0, 0, 9, 0, 0, 0, 0, 0, 0, 6, 0, 0, 0, 8, 7, 0, 8, 8, 0, 0, 0, 0, 8, 0, 0, 0, 0, 0, 0, 0, 7, 6, 8, 0, 10, 11, 0, 0, 0, 9, 6, 9, 4, 10, 8, 0, 0, 10, 0, 7, 9, 8, 0, 4, 11, 10, 7, 6, 7, 0, 0, 0, 8, 0, 0, 7, 0, 0, 0, 8, 0, 8, 0, 0, 7, 0, 0, : 9, 9, 7, 6, 9, 9, 6, 7, 8, 9, 9, 10, 8, 6, 8, 7, 10, 8, 8, 7, 6, 7, 10, 10, 8, 6, 9, 6, 8, 7, 8, 8, 8, 7, 6, 8, 10, 11, 9, 6, 9, 4, 10, 8, 10, 7, 9, 8, 4, 11, 10, 7, 6, 7, 8, 7, 8, 8, 7, 
62: 7, 0, 0, 0, 6, 5, 0, 0, 0, 0, 0, 0, 0, 0, 8, 0, 0, 8, 0, 0, 0, 0, 0, 6, 6, 0, 7, 9, 0, 6, 0, 8, 6, 8, 5, 8, 8, 0, 8, 8, 9, 9, 0, 0, 0, 7, 8, 0, 0, 0, 6, 5, 0, 7, 6, 8, 0, 0, 0, 0, 9, 7, 0, 0, 8, 7, 0, 0, 0, 7, 0, 0, 7, 0, 9, 8, 8, 6, 0, 7, 0, 0, 0, 0, 5, 6, 0, 9, 9, 0, 9, 10, 0, 8, 0, 8, 0, 0, 6, 0, 6, 9, 0, 9, 0, 8, 8, 0, 0, 8, 0, 0, 0, 6, 0, 0, 6, 8, 10, 8, : 7, 6, 5, 8, 8, 6, 6, 7, 9, 6, 8, 6, 8, 5, 8, 8, 8, 8, 9, 9, 7, 8, 6, 5, 7, 6, 8, 9, 7, 8, 7, 7, 7, 9, 8, 8, 6, 7, 5, 6, 9, 9, 9, 10, 8, 8, 6, 6, 9, 9, 8, 8, 8, 6, 6, 8, 10, 8, 
71: 0, 0, 8, 7, 9, 0, 0, 0, 8, 0, 8, 0, 0, 0, 0, 8, 5, 6, 9, 0, 9, 8, 0, 0, 8, 8, 7, 9, 4, 8, 0, 8, 0, 8, 0, 7, 0, 0, 0, 8, 0, 7, 0, 0, 0, 7, 0, 8, 9, 0, 7, 7, 0, 7, 6, 0, 0, 6, 8, 8, 7, 5, 8, 8, 0, 7, 0, 0, 5, 7, 0, 7, 9, 0, 7, 0, 0, 6, 0, 7, 0, 0, 8, 7, 0, 0, 0, 7, 0, 7, 0, 10, 0, 0, 0, 0, 8, 4, 0, 0, 0, 0, 10, 0, 10, 6, 8, 0, 0, 5, 0, 0, 8, 0, 6, 7, 7, 7, 0, 0, : 8, 7, 9, 8, 8, 8, 5, 6, 9, 9, 8, 8, 8, 7, 9, 4, 8, 8, 8, 7, 8, 7, 7, 8, 9, 7, 7, 7, 6, 6, 8, 8, 7, 5, 8, 8, 7, 5, 7, 7, 9, 7, 6, 7, 8, 7, 7, 7, 10, 8, 4, 10, 10, 6, 8, 5, 8, 6, 7, 7, 7, 
9: 0, 0, 0, 7, 8, 0, 7, 0, 7, 0, 7, 6, 8, 0, 0, 5, 0, 8, 0, 9, 0, 0, 9, 7, 6, 0, 0, 0, 0, 9, 0, 0, 4, 0, 0, 5, 9, 7, 10, 5, 0, 0, 0, 0, 5, 8, 10, 0, 0, 0, 8, 0, 0, 0, 0, 9, 8, 0, 7, 10, 7, 7, 11, 0, 0, 6, 0, 0, 0, 9, 0, 7, 0, 6, 0, 7, 0, 8, 0, 0, 6, 4, 0, 8, 0, 0, 0, 9, 7, 6, 8, 0, 0, 0, 8, 0, 0, 0, 9, 0, 0, 9, 6, 0, 6, 8, 6, 0, 7, 4, 0, 8, 8, 0, 8, 0, 0, 8, 8, 8, : 7, 8, 7, 7, 7, 6, 8, 5, 8, 9, 9, 7, 6, 9, 4, 5, 9, 7, 10, 5, 5, 8, 10, 8, 9, 8, 7, 10, 7, 7, 11, 6, 9, 7, 6, 7, 8, 6, 4, 8, 9, 7, 6, 8, 8, 9, 9, 6, 6, 8, 6, 7, 4, 8, 8, 8, 8, 8, 8, 
111: 0, 0, 7, 0, 0, 9, 0, 6, 7, 9, 9, 9, 8, 0, 8, 0, 9, 0, 5, 0, 5, 5, 0, 7, 0, 0, 7, 9, 0, 0, 0, 0, 7, 0, 0, 0, 7, 0, 8, 9, 6, 8, 8, 9, 8, 6, 6, 0, 0, 6, 6, 0, 9, 0, 0, 7, 9, 8, 8, 8, 8, 0, 8, 0, 7, 9, 0, 0, 7, 0, 0, 0, 9, 7, 0, 6, 0, 8, 6, 7, 0, 0, 0, 6, 6, 5, 0, 8, 10, 0, 7, 0, 0, 5, 0, 0, 0, 0, 5, 6, 0, 10, 6, 8, 0, 7, 0, 6, 0, 7, 0, 8, 0, 0, 6, 7, 0, 0, 9, 6, : 7, 9, 6, 7, 9, 9, 9, 8, 8, 9, 5, 5, 5, 7, 7, 9, 7, 7, 8, 9, 6, 8, 8, 9, 8, 6, 6, 6, 6, 9, 7, 9, 8, 8, 8, 8, 8, 7, 9, 7, 9, 7, 6, 8, 6, 7, 6, 6, 5, 8, 10, 7, 5, 5, 6, 10, 6, 8, 7, 6, 7, 8, 6, 7, 9, 6, 
67: 7, 0, 9, 0, 7, 0, 8, 10, 6, 0, 0, 8, 8, 0, 6, 7, 0, 0, 0, 5, 8, 10, 0, 0, 0, 9, 8, 9, 9, 0, 0, 0, 8, 0, 7, 9, 7, 0, 8, 0, 0, 0, 0, 9, 7, 7, 0, 8, 0, 7, 9, 9, 0, 7, 0, 0, 0, 5, 0, 0, 0, 0, 0, 7, 0, 10, 0, 5, 0, 0, 0, 0, 0, 0, 0, 11, 0, 0, 9, 0, 0, 0, 0, 0, 0, 0, 0, 7, 7, 6, 0, 5, 0, 0, 7, 0, 0, 0, 9, 8, 7, 0, 6, 0, 0, 0, 0, 6, 0, 7, 0, 0, 0, 8, 7, 6, 0, 9, 0, 8, : 7, 9, 7, 8, 10, 6, 8, 8, 6, 7, 5, 8, 10, 9, 8, 9, 9, 8, 7, 9, 7, 8, 9, 7, 7, 8, 7, 9, 9, 7, 5, 7, 10, 5, 11, 9, 7, 7, 6, 5, 7, 9, 8, 7, 6, 6, 7, 8, 7, 6, 9, 8, 
2: 0, 8, 0, 7, 0, 7, 6, 0, 0, 8, 5, 7, 0, 0, 0, 6, 10, 7, 0, 6, 0, 10, 9, 9, 8, 0, 0, 0, 6, 7, 0, 8, 0, 8, 8, 6, 7, 0, 7, 7, 0, 0, 0, 6, 0, 6, 0, 0, 0, 0, 0, 0, 0, 8, 7, 0, 0, 8, 7, 0, 0, 0, 6, 7, 7, 0, 4, 7, 9, 7, 7, 0, 0, 0, 0, 0, 0, 6, 7, 0, 0, 0, 8, 0, 0, 0, 6, 9, 0, 0, 9, 4, 9, 8, 0, 0, 0, 8, 0, 6, 7, 0, 0, 0, 6, 0, 0, 0, 0, 0, 0, 6, 6, 0, 5, 9, 0, 0, 5, 9, : 8, 7, 7, 6, 8, 5, 7, 6, 10, 7, 6, 10, 9, 9, 8, 6, 7, 8, 8, 8, 6, 7, 7, 7, 6, 6, 8, 7, 8, 7, 6, 7, 7, 4, 7, 9, 7, 7, 6, 7, 8, 6, 9, 9, 4, 9, 8, 8, 6, 7, 6, 6, 6, 5, 9, 5, 9, 
61: 0, 7, 7, 0, 7, 6, 7, 0, 0, 0, 0, 8, 6, 0, 0, 5, 7, 0, 0, 0, 0, 5, 0, 7, 0, 6, 0, 7, 0, 10, 0, 7, 7, 0, 6, 0, 9, 0, 0, 0, 9, 10, 0, 0, 0, 0, 0, 0, 0, 0, 0, 0, 7, 8, 0, 0, 9, 0, 6, 7, 5, 0, 0, 8, 6, 0, 0, 0, 0, 7, 9, 0, 0, 8, 0, 7, 0, 10, 0, 8, 7, 0, 6, 8, 0, 10, 0, 0, 9, 0, 9, 6, 0, 4, 6, 9, 0, 0, 7, 8, 10, 10, 0, 8, 8, 0, 8, 0, 0, 8, 0, 9, 6, 6, 10, 8, 7, 0, 0, 8, : 7, 7, 7, 6, 7, 8, 6, 5, 7, 5, 7, 6, 7, 10, 7, 7, 6, 9, 9, 10, 7, 8, 9, 6, 7, 5, 8, 6, 7, 9, 8, 7, 10, 8, 7, 6, 8, 10, 9, 9, 6, 4, 6, 9, 7, 8, 10, 10, 8, 8, 8, 8, 9, 6, 6, 10, 8, 7, 8, 
21: 11, 6, 0, 0, 7, 7, 0, 0, 8, 5, 5, 9, 0, 0, 6, 0, 0, 0, 9, 6, 7, 7, 6, 0, 0, 0, 0, 5, 9, 7, 0, 5, 7, 0, 9, 5, 0, 0, 0, 0, 0, 0, 0, 0, 0, 7, 6, 7, 0, 0, 9, 8, 0, 7, 9, 8, 0, 0, 0, 0, 0, 0, 0, 0, 0, 4, 0, 10, 0, 8, 0, 6, 0, 6, 8, 0, 0, 10, 7, 0, 8, 7, 0, 9, 0, 0, 0, 0, 0, 0, 0, 0, 10, 6, 6, 9, 0, 11, 0, 0, 0, 0, 9, 7, 0, 0, 0, 0, 0, 7, 8, 0, 0, 7, 8, 0, 0, 0, 6, 0, : 11, 6, 7, 7, 8, 5, 5, 9, 6, 9, 6, 7, 7, 6, 5, 9, 7, 5, 7, 9, 5, 7, 6, 7, 9, 8, 7, 9, 8, 4, 10, 8, 6, 6, 8, 10, 7, 8, 7, 9, 10, 6, 6, 9, 11, 9, 7, 7, 8, 7, 8, 6, 
35: 0, 0, 8, 7, 6, 7, 0, 0, 8, 0, 8, 8, 5, 5, 0, 5, 0, 10, 6, 0, 10, 0, 7, 7, 6, 8, 9, 0, 0, 10, 0, 0, 6, 0, 0, 9, 0, 0, 0, 0, 7, 0, 0, 7, 8, 0, 0, 7, 10, 7, 8, 0, 0, 9, 5, 0, 0, 7, 0, 0, 0, 0, 0, 7, 6, 8, 7, 0, 10, 7, 8, 9, 6, 0, 9, 0, 6, 0, 0, 10, 0, 0, 7, 8, 6, 7, 5, 0, 4, 5, 8, 0, 0, 6, 0, 9, 0, 0, 9, 0, 8, 0, 8, 0, 6, 0, 0, 0, 8, 0, 0, 0, 0, 0, 0, 0, 0, 7, 0, 6, : 8, 7, 6, 7, 8, 8, 8, 5, 5, 5, 10, 6, 10, 7, 7, 6, 8, 9, 10, 6, 9, 7, 7, 8, 7, 10, 7, 8, 9, 5, 7, 7, 6, 8, 7, 10, 7, 8, 9, 6, 9, 6, 10, 7, 8, 6, 7, 5, 4, 5, 8, 6, 9, 9, 8, 8, 6, 8, 7, 6, 
12: 0, 9, 8, 7, 9, 6, 9, 7, 7, 8, 0, 8, 6, 7, 7, 0, 0, 7, 0, 0, 7, 0, 6, 0, 0, 0, 0, 8, 8, 0, 9, 0, 5, 8, 0, 0, 0, 9, 6, 0, 8, 5, 0, 7, 7, 0, 0, 6, 0, 8, 0, 8, 0, 0, 0, 7, 5, 8, 0, 8, 0, 0, 7, 0, 8, 0, 0, 8, 0, 5, 9, 0, 0, 8, 0, 6, 7, 0, 0, 7, 9, 10, 8, 0, 0, 0, 0, 0, 0, 0, 0, 7, 5, 0, 0, 0, 5, 0, 0, 9, 6, 6, 0, 0, 0, 6, 7, 0, 8, 0, 8, 0, 6, 0, 8, 9, 9, 0, 0, 0, : 9, 8, 7, 9, 6, 9, 7, 7, 8, 8, 6, 7, 7, 7, 7, 6, 8, 8, 9, 5, 8, 9, 6, 8, 5, 7, 7, 6, 8, 8, 7, 5, 8, 8, 7, 8, 8, 5, 9, 8, 6, 7, 7, 9, 10, 8, 7, 5, 5, 9, 6, 6, 6, 7, 8, 8, 6, 8, 9, 9, 
10: 0, 7, 0, 0, 0, 8, 8, 6, 5, 8, 7, 7, 8, 9, 8, 9, 0, 8, 0, 8, 7, 0, 0, 0, 0, 0, 8, 0, 0, 10, 8, 6, 0, 0, 0, 8, 0, 0, 8, 0, 0, 0, 0, 0, 8, 7, 7, 0, 0, 5, 7, 8, 9, 5, 0, 6, 6, 7, 0, 0, 0, 7, 9, 7, 8, 7, 0, 0, 0, 6, 9, 0, 0, 0, 9, 4, 0, 0, 0, 0, 8, 6, 0, 0, 7, 0, 0, 0, 7, 9, 6, 0, 0, 7, 0, 7, 5, 0, 0, 9, 7, 7, 0, 0, 8, 0, 0, 6, 8, 0, 0, 6, 0, 0, 9, 0, 5, 9, 8, 7, : 7, 8, 8, 6, 5, 8, 7, 7, 8, 9, 8, 9, 8, 8, 7, 8, 10, 8, 6, 8, 8, 8, 7, 7, 5, 7, 8, 9, 5, 6, 6, 7, 7, 9, 7, 8, 7, 6, 9, 9, 4, 8, 6, 7, 7, 9, 6, 7, 7, 5, 9, 7, 7, 8, 6, 8, 6, 9, 5, 9, 8, 7, 
99: 0, 7, 9, 0, 0, 0, 9, 0, 9, 9, 0, 0, 7, 0, 0, 9, 0, 6, 0, 5, 0, 6, 0, 0, 0, 8, 0, 6, 10, 10, 0, 0, 0, 8, 0, 8, 0, 0, 0, 0, 8, 6, 7, 6, 7, 8, 0, 6, 0, 10, 0, 0, 8, 7, 8, 6, 9, 0, 0, 6, 8, 0, 8, 7, 4, 6, 0, 8, 6, 7, 7, 0, 7, 0, 6, 0, 7, 9, 0, 7, 0, 0, 0, 6, 0, 0, 7, 0, 0, 0, 0, 6, 0, 6, 9, 0, 0, 8, 0, 6, 9, 9, 0, 7, 0, 9, 7, 0, 0, 0, 8, 0, 8, 6, 0, 8, 0, 10, 7, 5, : 7, 9, 9, 9, 9, 7, 9, 6, 5, 6, 8, 6, 10, 10, 8, 8, 8, 6, 7, 6, 7, 8, 6, 10, 8, 7, 8, 6, 9, 6, 8, 8, 7, 4, 6, 8, 6, 7, 7, 7, 6, 7, 9, 7, 6, 7, 6, 6, 9, 8, 6, 9, 9, 7, 9, 7, 8, 8, 6, 8, 10, 7, 5, 
38: 0, 0, 0, 7, 6, 0, 8, 0, 8, 0, 9, 0, 9, 7, 0, 6, 9, 5, 0, 0, 8, 9, 0, 0, 5, 0, 0, 0, 0, 7, 0, 0, 8, 8, 0, 0, 0, 9, 0, 0, 9, 0, 9, 0, 8, 6, 0, 0, 6, 7, 8, 7, 7, 7, 0, 0, 7, 0, 8, 0, 8, 0, 8, 8, 0, 0, 6, 7, 7, 7, 5, 0, 6, 0, 6, 0, 0, 7, 7, 6, 6, 0, 0, 8, 0, 7, 8, 8, 8, 9, 0, 0, 0, 8, 9, 9, 0, 8, 0, 0, 0, 0, 0, 8, 6, 9, 9, 8, 6, 0, 8, 0, 0, 0, 0, 0, 7, 7, 0, 0, : 7, 6, 8, 8, 9, 9, 7, 6, 9, 5, 8, 9, 5, 7, 8, 8, 9, 9, 9, 8, 6, 6, 7, 8, 7, 7, 7, 7, 8, 8, 8, 8, 6, 7, 7, 7, 5, 6, 6, 7, 7, 6, 6, 8, 7, 8, 8, 8, 9, 8, 9, 9, 8, 8, 6, 9, 9, 8, 6, 8, 7, 7, 
103: 0, 0, 8, 0, 7, 0, 0, 7, 0, 0, 0, 0, 6, 7, 9, 0, 8, 0, 0, 0, 7, 8, 0, 7, 9, 9, 8, 8, 6, 0, 0, 10, 0, 0, 0, 0, 8, 6, 0, 0, 7, 8, 6, 0, 7, 9, 6, 8, 8, 0, 7, 6, 6, 8, 0, 0, 0, 0, 0, 8, 0, 0, 8, 8, 6, 0, 8, 0, 0, 9, 10, 9, 7, 0, 0, 0, 0, 0, 0, 6, 7, 0, 9, 8, 0, 7, 0, 6, 0, 0, 6, 0, 5, 5, 5, 0, 9, 4, 0, 0, 8, 0, 8, 7, 8, 0, 10, 0, 0, 0, 7, 7, 6, 9, 7, 7, 7, 9, 0, 0, : 8, 7, 7, 6, 7, 9, 8, 7, 8, 7, 9, 9, 8, 8, 6, 10, 8, 6, 7, 8, 6, 7, 9, 6, 8, 8, 7, 6, 6, 8, 8, 8, 8, 6, 8, 9, 10, 9, 7, 6, 7, 9, 8, 7, 6, 6, 5, 5, 5, 9, 4, 8, 8, 7, 8, 10, 7, 7, 6, 9, 7, 7, 7, 9, 
118: 9, 6, 7, 5, 0, 0, 7, 8, 6, 0, 6, 0, 9, 0, 0, 0, 8, 6, 0, 0, 9, 7, 7, 8, 8, 0, 6, 0, 8, 8, 7, 9, 9, 7, 0, 0, 7, 8, 7, 8, 0, 8, 0, 0, 0, 0, 0, 8, 0, 0, 0, 0, 7, 9, 7, 0, 7, 0, 7, 7, 0, 7, 0, 8, 9, 0, 0, 6, 0, 0, 9, 7, 0, 0, 0, 8, 8, 0, 0, 0, 0, 0, 0, 5, 6, 0, 0, 6, 8, 0, 5, 6, 0, 0, 5, 9, 8, 8, 0, 0, 6, 8, 7, 0, 0, 0, 4, 0, 6, 0, 0, 7, 8, 6, 7, 8, 0, 0, 0, 7, : 9, 6, 7, 5, 7, 8, 6, 6, 9, 8, 6, 9, 7, 7, 8, 8, 6, 8, 8, 7, 9, 9, 7, 7, 8, 7, 8, 8, 8, 7, 9, 7, 7, 7, 7, 7, 8, 9, 6, 9, 7, 8, 8, 5, 6, 6, 8, 5, 6, 5, 9, 8, 8, 6, 8, 7, 4, 6, 7, 8, 6, 7, 8, 7, 
26: 0, 7, 6, 11, 8, 0, 0, 0, 8, 0, 0, 9, 0, 5, 8, 10, 0, 0, 0, 0, 6, 8, 11, 0, 5, 7, 0, 0, 0, 10, 7, 7, 10, 0, 8, 0, 0, 0, 8, 8, 0, 7, 0, 11, 0, 8, 0, 0, 0, 6, 0, 7, 8, 9, 8, 0, 0, 5, 7, 0, 0, 7, 8, 8, 0, 8, 0, 0, 6, 0, 0, 0, 7, 8, 0, 0, 0, 0, 0, 7, 0, 8, 0, 0, 0, 8, 6, 7, 0, 6, 9, 5, 0, 7, 5, 8, 0, 0, 0, 0, 6, 6, 6, 5, 4, 0, 0, 10, 0, 7, 0, 6, 7, 0, 8, 0, 7, 6, 9, 5, : 7, 6, 11, 8, 8, 9, 5, 8, 10, 6, 8, 11, 5, 7, 10, 7, 7, 10, 8, 8, 8, 7, 11, 8, 6, 7, 8, 9, 8, 5, 7, 7, 8, 8, 8, 6, 7, 8, 7, 8, 8, 6, 7, 6, 9, 5, 7, 5, 8, 6, 6, 6, 5, 4, 10, 7, 6, 7, 8, 7, 6, 9, 5, 
37: 7, 0, 9, 0, 0, 6, 0, 0, 0, 9, 7, 5, 7, 8, 9, 8, 0, 8, 0, 0, 7, 0, 7, 0, 0, 8, 0, 9, 0, 8, 0, 0, 0, 8, 0, 10, 0, 6, 9, 0, 0, 7, 7, 0, 7, 6, 0, 0, 0, 0, 0, 0, 5, 8, 10, 7, 0, 0, 0, 8, 9, 6, 7, 0, 0, 7, 6, 7, 0, 6, 0, 7, 8, 9, 8, 6, 0, 0, 0, 0, 0, 0, 0, 6, 0, 8, 0, 0, 7, 0, 5, 7, 0, 6, 8, 0, 7, 0, 0, 8, 0, 0, 0, 7, 7, 8, 0, 0, 7, 8, 8, 0, 0, 8, 0, 0, 0, 6, 0, 0, : 7, 9, 6, 9, 7, 5, 7, 8, 9, 8, 8, 7, 7, 8, 9, 8, 8, 10, 6, 9, 7, 7, 7, 6, 5, 8, 10, 7, 8, 9, 6, 7, 7, 6, 7, 6, 7, 8, 9, 8, 6, 6, 8, 7, 5, 7, 6, 8, 7, 8, 7, 7, 8, 7, 8, 8, 8, 6, 
46: 9, 0, 0, 9, 0, 0, 0, 9, 0, 0, 8, 6, 9, 0, 10, 0, 0, 8, 0, 7, 0, 0, 0, 11, 0, 6, 0, 0, 0, 8, 4, 10, 0, 9, 9, 0, 7, 0, 9, 0, 0, 8, 0, 0, 6, 0, 10, 0, 0, 0, 6, 8, 0, 0, 7, 7, 7, 0, 0, 0, 0, 0, 8, 6, 8, 0, 0, 7, 8, 4, 0, 6, 0, 0, 9, 0, 8, 9, 7, 0, 0, 6, 9, 0, 0, 0, 7, 5, 8, 10, 0, 0, 9, 7, 0, 8, 6, 6, 0, 7, 0, 9, 0, 0, 0, 0, 10, 7, 0, 7, 9, 0, 8, 8, 9, 6, 6, 0, 8, 0, : 9, 9, 9, 8, 6, 9, 10, 8, 7, 11, 6, 8, 4, 10, 9, 9, 7, 9, 8, 6, 10, 6, 8, 7, 7, 7, 8, 6, 8, 7, 8, 4, 6, 9, 8, 9, 7, 6, 9, 7, 5, 8, 10, 9, 7, 8, 6, 6, 7, 9, 10, 7, 7, 9, 8, 8, 9, 6, 6, 8, 
102: 0, 0, 9, 0, 0, 7, 6, 7, 8, 0, 0, 9, 0, 10, 7, 9, 10, 6, 0, 9, 0, 0, 10, 6, 8, 0, 6, 0, 9, 0, 0, 0, 7, 6, 0, 0, 5, 0, 0, 0, 0, 9, 0, 10, 0, 0, 6, 6, 0, 0, 9, 0, 7, 0, 9, 6, 0, 7, 9, 0, 7, 0, 0, 0, 7, 4, 7, 9, 8, 0, 0, 0, 0, 8, 0, 9, 0, 0, 8, 0, 7, 0, 0, 0, 9, 8, 0, 0, 7, 10, 0, 0, 5, 0, 0, 0, 8, 8, 6, 0, 6, 6, 8, 6, 0, 0, 8, 0, 6, 0, 7, 8, 7, 7, 9, 7, 9, 0, 7, 6, : 9, 7, 6, 7, 8, 9, 10, 7, 9, 10, 6, 9, 10, 6, 8, 6, 9, 7, 6, 5, 9, 10, 6, 6, 9, 7, 9, 6, 7, 9, 7, 7, 4, 7, 9, 8, 8, 9, 8, 7, 9, 8, 7, 10, 5, 8, 8, 6, 6, 6, 8, 6, 8, 6, 7, 8, 7, 7, 9, 7, 9, 7, 6, 
18: 0, 9, 0, 0, 7, 0, 0, 0, 6, 6, 7, 8, 0, 0, 7, 7, 0, 0, 10, 0, 8, 0, 5, 7, 0, 0, 0, 6, 0, 0, 8, 5, 0, 9, 0, 0, 0, 7, 9, 5, 0, 6, 7, 9, 0, 6, 0, 9, 0, 7, 7, 6, 0, 0, 0, 0, 5, 0, 7, 9, 0, 9, 8, 0, 6, 8, 0, 0, 10, 8, 0, 6, 7, 7, 0, 0, 0, 0, 6, 0, 10, 7, 7, 0, 7, 0, 0, 0, 0, 8, 8, 0, 8, 6, 0, 0, 7, 0, 0, 0, 5, 6, 0, 6, 6, 0, 11, 0, 6, 10, 8, 0, 0, 0, 0, 8, 9, 6, 0, 5, : 9, 7, 6, 6, 7, 8, 7, 7, 10, 8, 5, 7, 6, 8, 5, 9, 7, 9, 5, 6, 7, 9, 6, 9, 7, 7, 6, 5, 7, 9, 9, 8, 6, 8, 10, 8, 6, 7, 7, 6, 10, 7, 7, 7, 8, 8, 8, 6, 7, 5, 6, 6, 6, 11, 6, 10, 8, 8, 9, 6, 5, 
78: 6, 8, 6, 7, 7, 0, 0, 9, 9, 8, 7, 6, 0, 7, 0, 0, 0, 9, 8, 0, 0, 0, 0, 0, 0, 0, 0, 8, 7, 0, 9, 0, 7, 0, 6, 0, 0, 0, 8, 0, 0, 0, 9, 5, 7, 0, 8, 10, 0, 7, 0, 0, 9, 0, 0, 0, 0, 6, 10, 7, 0, 7, 0, 8, 8, 7, 8, 0, 9, 0, 7, 0, 9, 0, 0, 0, 0, 7, 0, 0, 9, 0, 4, 8, 0, 0, 0, 0, 6, 6, 9, 8, 8, 0, 8, 11, 0, 0, 9, 0, 0, 6, 10, 9, 6, 0, 7, 5, 8, 8, 7, 7, 0, 0, 0, 0, 9, 0, 0, 7, : 6, 8, 6, 7, 7, 9, 9, 8, 7, 6, 7, 9, 8, 8, 7, 9, 7, 6, 8, 9, 5, 7, 8, 10, 7, 9, 6, 10, 7, 7, 8, 8, 7, 8, 9, 7, 9, 7, 9, 4, 8, 6, 6, 9, 8, 8, 8, 11, 9, 6, 10, 9, 6, 7, 5, 8, 8, 7, 7, 9, 7, 
90: 4, 6, 0, 8, 4, 9, 0, 8, 8, 0, 0, 5, 9, 0, 8, 6, 6, 0, 10, 10, 0, 0, 0, 8, 9, 0, 0, 0, 7, 0, 0, 7, 7, 0, 0, 0, 7, 0, 7, 0, 0, 0, 0, 7, 0, 0, 6, 0, 6, 9, 0, 0, 7, 0, 0, 7, 8, 0, 0, 0, 7, 10, 0, 0, 0, 0, 8, 8, 7, 8, 6, 0, 5, 8, 6, 6, 0, 0, 0, 7, 7, 8, 0, 0, 8, 7, 0, 8, 0, 8, 0, 6, 0, 7, 0, 6, 8, 0, 7, 8, 0, 6, 0, 8, 0, 8, 0, 6, 8, 9, 0, 8, 0, 0, 8, 7, 6, 7, 0, 0, : 4, 6, 8, 4, 9, 8, 8, 5, 9, 8, 6, 6, 10, 10, 8, 9, 7, 7, 7, 7, 7, 7, 6, 6, 9, 7, 7, 8, 7, 10, 8, 8, 7, 8, 6, 5, 8, 6, 6, 7, 7, 8, 8, 7, 8, 8, 6, 7, 6, 8, 7, 8, 6, 8, 8, 6, 8, 9, 8, 8, 7, 6, 7, 
65: 7, 0, 0, 0, 6, 6, 9, 0, 8, 7, 9, 0, 0, 8, 0, 8, 9, 0, 0, 10, 0, 0, 10, 6, 6, 4, 6, 8, 4, 7, 6, 0, 9, 6, 0, 0, 7, 8, 5, 10, 0, 8, 0, 8, 10, 0, 6, 0, 6, 0, 6, 0, 6, 6, 0, 7, 7, 0, 8, 9, 0, 0, 0, 8, 7, 0, 0, 0, 0, 8, 0, 0, 0, 0, 8, 7, 0, 11, 0, 0, 0, 0, 0, 8, 0, 0, 6, 6, 8, 8, 8, 9, 6, 0, 0, 0, 9, 0, 7, 8, 7, 0, 9, 0, 5, 0, 7, 0, 7, 4, 7, 8, 0, 5, 6, 0, 0, 0, 6, 9, : 7, 6, 6, 9, 8, 7, 9, 8, 8, 9, 10, 10, 6, 6, 4, 6, 8, 4, 7, 6, 9, 6, 7, 8, 5, 10, 8, 8, 10, 6, 6, 6, 6, 6, 7, 7, 8, 9, 8, 7, 8, 8, 7, 11, 8, 6, 6, 8, 8, 8, 9, 6, 9, 7, 8, 7, 9, 5, 7, 7, 4, 7, 8, 5, 6, 6, 9, 
75: 0, 0, 0, 0, 6, 0, 0, 0, 0, 9, 5, 6, 7, 0, 6, 8, 9, 7, 7, 0, 0, 0, 9, 10, 4, 10, 10, 6, 0, 0, 6, 7, 8, 0, 7, 0, 9, 7, 0, 0, 8, 0, 9, 0, 5, 0, 7, 6, 0, 0, 0, 6, 6, 0, 0, 8, 0, 7, 0, 0, 0, 6, 0, 0, 0, 6, 0, 7, 0, 8, 9, 8, 0, 0, 6, 0, 9, 0, 7, 9, 0, 5, 0, 0, 8, 0, 0, 0, 5, 8, 7, 0, 0, 0, 0, 6, 0, 7, 9, 0, 8, 0, 0, 0, 0, 0, 0, 0, 0, 0, 0, 8, 0, 7, 0, 0, 0, 0, 8, 9, : 6, 9, 5, 6, 7, 6, 8, 9, 7, 7, 9, 10, 4, 10, 10, 6, 6, 7, 8, 7, 9, 7, 8, 9, 5, 7, 6, 6, 6, 8, 7, 6, 6, 7, 8, 9, 8, 6, 9, 7, 9, 5, 8, 5, 8, 7, 6, 7, 9, 8, 8, 7, 8, 9, 
100: 5, 0, 7, 0, 7, 0, 8, 8, 0, 8, 8, 0, 0, 7, 7, 7, 8, 7, 6, 0, 6, 0, 0, 0, 0, 8, 8, 0, 0, 4, 8, 0, 0, 5, 0, 8, 0, 7, 0, 5, 7, 0, 0, 7, 7, 0, 0, 5, 9, 0, 11, 0, 6, 0, 0, 7, 0, 7, 8, 6, 8, 6, 0, 0, 0, 8, 7, 0, 6, 0, 8, 9, 0, 8, 0, 6, 6, 0, 9, 8, 0, 0, 7, 0, 0, 9, 9, 0, 9, 0, 8, 9, 0, 0, 9, 9, 0, 0, 6, 0, 0, 9, 0, 0, 0, 7, 8, 0, 6, 8, 8, 7, 0, 0, 7, 0, 0, 7, 0, 7, : 5, 7, 7, 8, 8, 8, 8, 7, 7, 7, 8, 7, 6, 6, 8, 8, 4, 8, 5, 8, 7, 5, 7, 7, 7, 5, 9, 11, 6, 7, 7, 8, 6, 8, 6, 8, 7, 6, 8, 9, 8, 6, 6, 9, 8, 7, 9, 9, 9, 8, 9, 9, 9, 6, 9, 7, 8, 6, 8, 8, 7, 7, 7, 7, 
86: 7, 7, 0, 7, 0, 7, 9, 5, 0, 8, 9, 0, 0, 8, 0, 0, 7, 7, 0, 8, 5, 7, 0, 0, 7, 6, 8, 8, 8, 0, 8, 0, 0, 0, 0, 7, 8, 0, 0, 9, 0, 7, 0, 8, 6, 6, 0, 0, 8, 7, 8, 7, 9, 0, 9, 6, 9, 8, 0, 9, 4, 8, 0, 0, 0, 0, 7, 6, 0, 10, 10, 8, 5, 0, 7, 7, 6, 0, 0, 6, 6, 0, 6, 0, 6, 5, 7, 6, 6, 7, 0, 9, 8, 8, 7, 0, 0, 6, 7, 8, 10, 8, 0, 0, 0, 0, 0, 7, 7, 0, 7, 0, 0, 9, 9, 0, 8, 0, 0, 0, : 7, 7, 7, 7, 9, 5, 8, 9, 8, 7, 7, 8, 5, 7, 7, 6, 8, 8, 8, 8, 7, 8, 9, 7, 8, 6, 6, 8, 7, 8, 7, 9, 9, 6, 9, 8, 9, 4, 8, 7, 6, 10, 10, 8, 5, 7, 7, 6, 6, 6, 6, 6, 5, 7, 6, 6, 7, 9, 8, 8, 7, 6, 7, 8, 10, 8, 7, 7, 7, 9, 9, 8, 
32: 0, 0, 9, 9, 0, 0, 0, 6, 0, 8, 6, 0, 9, 4, 0, 0, 0, 9, 0, 7, 4, 0, 8, 6, 0, 9, 0, 0, 0, 8, 8, 0, 7, 8, 6, 0, 0, 0, 8, 0, 10, 0, 8, 0, 9, 0, 6, 7, 8, 0, 0, 0, 9, 0, 8, 6, 9, 0, 6, 7, 0, 7, 7, 0, 0, 0, 8, 7, 9, 6, 0, 8, 8, 0, 0, 0, 9, 7, 10, 0, 0, 0, 8, 0, 6, 0, 0, 9, 4, 7, 6, 5, 6, 9, 0, 11, 0, 5, 0, 9, 6, 9, 0, 0, 7, 5, 7, 6, 6, 0, 7, 0, 9, 0, 0, 10, 8, 8, 6, 0, : 9, 9, 6, 8, 6, 9, 4, 9, 7, 4, 8, 6, 9, 8, 8, 7, 8, 6, 8, 10, 8, 9, 6, 7, 8, 9, 8, 6, 9, 6, 7, 7, 7, 8, 7, 9, 6, 8, 8, 9, 7, 10, 8, 6, 9, 4, 7, 6, 5, 6, 9, 11, 5, 9, 6, 9, 7, 5, 7, 6, 6, 7, 9, 10, 8, 8, 6, 
94: 0, 8, 0, 8, 7, 7, 9, 0, 0, 6, 6, 0, 0, 0, 7, 7, 4, 10, 0, 0, 8, 0, 10, 0, 8, 0, 7, 0, 5, 6, 0, 0, 8, 5, 0, 8, 9, 0, 6, 0, 7, 8, 8, 7, 7, 6, 7, 8, 9, 7, 7, 7, 0, 7, 7, 9, 0, 0, 7, 0, 0, 0, 5, 0, 0, 0, 7, 0, 6, 6, 0, 6, 8, 5, 7, 8, 11, 6, 9, 0, 7, 0, 0, 9, 0, 8, 0, 0, 0, 0, 6, 7, 8, 8, 9, 5, 0, 8, 8, 0, 0, 7, 0, 7, 0, 8, 9, 6, 7, 8, 0, 0, 0, 0, 0, 0, 0, 6, 6, 0, : 8, 8, 7, 7, 9, 6, 6, 7, 7, 4, 10, 8, 10, 8, 7, 5, 6, 8, 5, 8, 9, 6, 7, 8, 8, 7, 7, 6, 7, 8, 9, 7, 7, 7, 7, 7, 9, 7, 5, 7, 6, 6, 6, 8, 5, 7, 8, 11, 6, 9, 7, 9, 8, 6, 7, 8, 8, 9, 5, 8, 8, 7, 7, 8, 9, 6, 7, 8, 6, 6, 
39: 0, 5, 0, 0, 6, 0, 0, 6, 0, 6, 8, 0, 0, 7, 8, 0, 7, 4, 0, 0, 6, 0, 7, 4, 0, 5, 11, 0, 5, 0, 0, 0, 5, 9, 6, 0, 8, 8, 0, 7, 0, 8, 0, 0, 9, 6, 0, 7, 7, 0, 7, 6, 0, 5, 8, 0, 8, 9, 0, 7, 0, 6, 7, 0, 11, 7, 0, 0, 0, 0, 0, 6, 0, 0, 8, 0, 7, 0, 0, 0, 0, 6, 0, 7, 7, 0, 0, 9, 9, 7, 0, 8, 0, 0, 0, 0, 0, 0, 8, 7, 0, 7, 0, 0, 7, 0, 0, 0, 7, 0, 0, 0, 6, 8, 0, 0, 0, 7, 6, 8, : 5, 6, 6, 6, 8, 7, 8, 7, 4, 6, 7, 4, 5, 11, 5, 5, 9, 6, 8, 8, 7, 8, 9, 6, 7, 7, 7, 6, 5, 8, 8, 9, 7, 6, 7, 11, 7, 6, 8, 7, 6, 7, 7, 9, 9, 7, 8, 8, 7, 7, 7, 7, 6, 8, 7, 6, 8, 
13: 8, 0, 0, 6, 0, 0, 0, 0, 9, 6, 5, 0, 0, 0, 8, 8, 7, 0, 5, 5, 6, 4, 7, 0, 0, 7, 8, 5, 7, 7, 5, 0, 0, 9, 0, 0, 9, 0, 0, 7, 7, 0, 5, 9, 8, 7, 10, 0, 6, 8, 0, 0, 0, 0, 0, 0, 0, 5, 9, 0, 0, 0, 0, 9, 0, 7, 0, 7, 0, 6, 0, 8, 7, 8, 0, 0, 8, 7, 10, 0, 0, 6, 0, 0, 10, 9, 7, 0, 9, 0, 8, 9, 0, 10, 9, 5, 0, 7, 0, 6, 5, 0, 8, 5, 8, 10, 5, 7, 0, 7, 8, 0, 6, 6, 0, 0, 9, 7, 0, 0, : 8, 6, 9, 6, 5, 8, 8, 7, 5, 5, 6, 4, 7, 7, 8, 5, 7, 7, 5, 9, 9, 7, 7, 5, 9, 8, 7, 10, 6, 8, 5, 9, 9, 7, 7, 6, 8, 7, 8, 8, 7, 10, 6, 10, 9, 7, 9, 8, 9, 10, 9, 5, 7, 6, 5, 8, 5, 8, 10, 5, 7, 7, 8, 6, 6, 9, 7, 
108: 0, 0, 0, 5, 9, 9, 7, 0, 9, 0, 8, 0, 0, 0, 0, 0, 0, 7, 0, 5, 9, 0, 0, 5, 0, 7, 0, 6, 0, 0, 7, 0, 0, 6, 10, 0, 9, 8, 6, 4, 0, 0, 10, 8, 8, 0, 0, 9, 0, 0, 0, 7, 0, 0, 0, 0, 0, 7, 0, 7, 8, 10, 0, 9, 0, 8, 6, 7, 6, 7, 7, 7, 0, 0, 0, 7, 8, 0, 0, 0, 0, 0, 0, 0, 0, 6, 0, 8, 0, 0, 0, 0, 8, 0, 0, 0, 0, 9, 10, 8, 6, 10, 0, 10, 8, 0, 0, 9, 9, 0, 0, 7, 8, 8, 8, 0, 0, 0, 5, 0, : 5, 9, 9, 7, 9, 8, 7, 5, 9, 5, 7, 6, 7, 6, 10, 9, 8, 6, 4, 10, 8, 8, 9, 7, 7, 7, 8, 10, 9, 8, 6, 7, 6, 7, 7, 7, 7, 8, 6, 8, 8, 9, 10, 8, 6, 10, 10, 8, 9, 9, 7, 8, 8, 8, 5, 
112: 0, 0, 0, 0, 0, 0, 0, 6, 0, 8, 0, 0, 8, 9, 7, 0, 0, 0, 8, 0, 8, 0, 6, 7, 0, 0, 0, 0, 7, 8, 6, 0, 0, 0, 0, 7, 0, 0, 0, 7, 8, 0, 7, 6, 0, 5, 0, 6, 5, 0, 0, 8, 0, 8, 0, 0, 0, 6, 7, 0, 8, 8, 7, 0, 0, 7, 0, 9, 6, 0, 0, 0, 9, 6, 0, 0, 8, 9, 0, 7, 9, 8, 6, 0, 8, 0, 0, 0, 0, 0, 9, 0, 0, 6, 0, 8, 7, 0, 7, 0, 0, 6, 0, 5, 8, 0, 7, 8, 7, 6, 5, 0, 0, 0, 0, 6, 0, 8, 0, 7, : 6, 8, 8, 9, 7, 8, 8, 6, 7, 7, 8, 6, 7, 7, 8, 7, 6, 5, 6, 5, 8, 8, 6, 7, 8, 8, 7, 7, 9, 6, 9, 6, 8, 9, 7, 9, 8, 6, 8, 9, 6, 8, 7, 7, 6, 5, 8, 7, 8, 7, 6, 5, 6, 8, 7, 
79: 6, 8, 0, 8, 0, 0, 7, 0, 0, 6, 0, 6, 9, 0, 0, 0, 0, 0, 0, 0, 0, 7, 0, 7, 0, 0, 8, 7, 9, 0, 0, 0, 8, 0, 5, 0, 0, 7, 0, 7, 0, 0, 0, 0, 0, 0, 7, 0, 7, 8, 5, 7, 0, 6, 0, 7, 0, 7, 8, 0, 10, 8, 0, 0, 6, 8, 0, 7, 9, 0, 7, 0, 5, 8, 0, 6, 0, 0, 0, 0, 7, 0, 9, 8, 0, 0, 8, 0, 6, 7, 0, 8, 5, 7, 10, 8, 8, 8, 0, 0, 0, 0, 0, 0, 0, 0, 10, 10, 7, 0, 0, 0, 0, 8, 0, 8, 6, 0, 0, 0, : 6, 8, 8, 7, 6, 6, 9, 7, 7, 8, 7, 9, 8, 5, 7, 7, 7, 7, 8, 5, 7, 6, 7, 7, 8, 10, 8, 6, 8, 7, 9, 7, 5, 8, 6, 7, 9, 8, 8, 6, 7, 8, 5, 7, 10, 8, 8, 8, 10, 10, 7, 8, 8, 6, 
109: 8, 0, 0, 0, 0, 0, 0, 6, 0, 0, 0, 0, 0, 8, 8, 6, 0, 8, 6, 7, 0, 7, 0, 0, 0, 0, 9, 6, 0, 9, 0, 0, 0, 6, 0, 0, 8, 9, 0, 0, 6, 9, 7, 6, 8, 0, 0, 0, 0, 0, 0, 0, 0, 8, 7, 6, 7, 0, 0, 0, 7, 0, 0, 0, 4, 5, 7, 6, 7, 9, 7, 8, 9, 0, 0, 8, 8, 0, 9, 8, 0, 8, 0, 7, 0, 8, 0, 8, 0, 8, 6, 7, 6, 6, 8, 0, 0, 0, 10, 6, 0, 8, 0, 8, 7, 7, 0, 9, 8, 0, 0, 9, 9, 7, 0, 0, 6, 7, 7, 0, : 8, 6, 8, 8, 6, 8, 6, 7, 7, 9, 6, 9, 6, 8, 9, 6, 9, 7, 6, 8, 8, 7, 6, 7, 7, 4, 5, 7, 6, 7, 9, 7, 8, 9, 8, 8, 9, 8, 8, 7, 8, 8, 8, 6, 7, 6, 6, 8, 10, 6, 8, 8, 7, 7, 9, 8, 9, 9, 7, 6, 7, 7, 
52: 9, 0, 8, 8, 0, 0, 0, 0, 0, 7, 0, 0, 0, 0, 9, 7, 7, 0, 0, 4, 10, 0, 9, 8, 0, 6, 8, 5, 0, 0, 0, 0, 6, 0, 8, 8, 5, 0, 0, 8, 0, 0, 7, 7, 0, 8, 8, 5, 6, 7, 0, 5, 0, 7, 7, 7, 7, 6, 6, 0, 0, 8, 0, 8, 9, 7, 0, 0, 0, 0, 0, 7, 0, 0, 0, 8, 0, 9, 0, 7, 8, 9, 0, 8, 0, 7, 6, 0, 8, 8, 8, 0, 0, 0, 7, 8, 0, 9, 0, 9, 4, 0, 8, 9, 0, 7, 0, 8, 10, 0, 7, 8, 0, 8, 0, 6, 7, 0, 0, 7, : 9, 8, 8, 7, 9, 7, 7, 4, 10, 9, 8, 6, 8, 5, 6, 8, 8, 5, 8, 7, 7, 8, 8, 5, 6, 7, 5, 7, 7, 7, 7, 6, 6, 8, 8, 9, 7, 7, 8, 9, 7, 8, 9, 8, 7, 6, 8, 8, 8, 7, 8, 9, 9, 4, 8, 9, 7, 8, 10, 7, 8, 8, 6, 7, 7, 
58: 8, 6, 0, 0, 7, 5, 0, 8, 0, 6, 9, 7, 8, 9, 0, 0, 8, 6, 5, 7, 8, 8, 10, 0, 4, 0, 10, 0, 7, 0, 5, 0, 0, 0, 0, 9, 5, 8, 0, 7, 7, 6, 0, 7, 0, 9, 9, 0, 0, 8, 8, 6, 0, 7, 6, 6, 8, 0, 0, 6, 7, 7, 0, 6, 8, 8, 0, 9, 8, 0, 0, 0, 7, 0, 0, 7, 0, 7, 7, 0, 10, 0, 10, 0, 5, 0, 9, 5, 0, 5, 0, 0, 7, 8, 8, 0, 8, 7, 5, 0, 7, 8, 0, 10, 0, 5, 8, 9, 0, 9, 0, 0, 6, 0, 7, 8, 9, 0, 8, 7, : 8, 6, 7, 5, 8, 6, 9, 7, 8, 9, 8, 6, 5, 7, 8, 8, 10, 4, 10, 7, 5, 9, 5, 8, 7, 7, 6, 7, 9, 9, 8, 8, 6, 7, 6, 6, 8, 6, 7, 7, 6, 8, 8, 9, 8, 7, 7, 7, 7, 10, 10, 5, 9, 5, 5, 7, 8, 8, 8, 7, 5, 7, 8, 10, 5, 8, 9, 9, 6, 7, 8, 9, 8, 7, 
81: 0, 0, 0, 0, 8, 7, 7, 9, 7, 7, 7, 0, 7, 8, 9, 0, 0, 4, 10, 0, 0, 0, 0, 0, 0, 7, 0, 0, 0, 8, 0, 0, 5, 0, 0, 0, 0, 0, 6, 0, 9, 7, 8, 8, 7, 8, 0, 0, 7, 9, 0, 8, 0, 0, 0, 8, 5, 0, 6, 7, 0, 8, 8, 0, 7, 0, 0, 6, 9, 8, 6, 7, 8, 0, 6, 0, 9, 6, 9, 5, 9, 0, 6, 7, 5, 0, 0, 0, 0, 7, 0, 9, 8, 0, 0, 0, 0, 0, 0, 8, 10, 6, 9, 0, 0, 8, 0, 8, 8, 0, 8, 8, 0, 0, 0, 0, 6, 0, 0, 7, : 8, 7, 7, 9, 7, 7, 7, 7, 8, 9, 4, 10, 7, 8, 5, 6, 9, 7, 8, 8, 7, 8, 7, 9, 8, 8, 5, 6, 7, 8, 8, 7, 6, 9, 8, 6, 7, 8, 6, 9, 6, 9, 5, 9, 6, 7, 5, 7, 9, 8, 8, 10, 6, 9, 8, 8, 8, 8, 8, 6, 7, 
48: 9, 0, 8, 0, 0, 8, 0, 7, 0, 0, 0, 8, 8, 0, 9, 0, 0, 7, 6, 0, 6, 8, 6, 9, 6, 0, 5, 0, 7, 0, 0, 6, 0, 6, 8, 0, 0, 8, 0, 0, 0, 0, 7, 0, 5, 8, 0, 0, 0, 0, 6, 0, 5, 6, 0, 0, 8, 9, 0, 0, 0, 6, 9, 0, 9, 0, 8, 0, 8, 9, 0, 8, 6, 0, 0, 8, 7, 8, 7, 10, 7, 0, 0, 9, 0, 6, 8, 0, 0, 0, 0, 0, 9, 0, 0, 9, 9, 8, 9, 7, 0, 0, 5, 6, 9, 6, 6, 6, 10, 9, 7, 0, 7, 8, 6, 5, 7, 0, 0, 0, : 9, 8, 8, 7, 8, 8, 9, 7, 6, 6, 8, 6, 9, 6, 5, 7, 6, 6, 8, 8, 7, 5, 8, 6, 5, 6, 8, 9, 6, 9, 9, 8, 8, 9, 8, 6, 8, 7, 8, 7, 10, 7, 9, 6, 8, 9, 9, 9, 8, 9, 7, 5, 6, 9, 6, 6, 6, 10, 9, 7, 7, 8, 6, 5, 7, 
33: 0, 6, 8, 0, 9, 0, 8, 8, 0, 7, 7, 0, 0, 0, 0, 0, 0, 0, 0, 6, 0, 5, 6, 0, 10, 0, 10, 9, 8, 0, 0, 6, 9, 10, 8, 0, 0, 5, 0, 7, 9, 0, 0, 0, 8, 0, 7, 0, 7, 8, 0, 11, 7, 8, 0, 6, 0, 0, 6, 8, 0, 0, 0, 0, 7, 0, 8, 0, 9, 0, 6, 7, 9, 7, 8, 0, 0, 7, 9, 0, 7, 7, 9, 0, 0, 0, 5, 8, 0, 6, 0, 0, 0, 8, 7, 9, 9, 0, 0, 5, 9, 0, 0, 0, 0, 6, 8, 0, 5, 0, 7, 0, 7, 9, 8, 0, 8, 0, 0, 7, : 6, 8, 9, 8, 8, 7, 7, 6, 5, 6, 10, 10, 9, 8, 6, 9, 10, 8, 5, 7, 9, 8, 7, 7, 8, 11, 7, 8, 6, 6, 8, 7, 8, 9, 6, 7, 9, 7, 8, 7, 9, 7, 7, 9, 5, 8, 6, 8, 7, 9, 9, 5, 9, 6, 8, 5, 7, 7, 9, 8, 8, 7, 
76: 6, 10, 0, 0, 0, 6, 7, 0, 0, 8, 0, 0, 7, 6, 8, 0, 0, 10, 4, 0, 9, 0, 0, 5, 0, 0, 9, 0, 10, 7, 0, 7, 9, 9, 0, 0, 0, 9, 7, 0, 8, 0, 0, 7, 0, 7, 6, 0, 9, 7, 7, 0, 0, 9, 0, 8, 7, 0, 0, 0, 0, 0, 10, 7, 9, 7, 9, 0, 7, 0, 0, 0, 8, 7, 7, 0, 4, 0, 0, 0, 0, 7, 9, 8, 8, 0, 5, 5, 5, 0, 0, 6, 0, 0, 6, 6, 8, 0, 5, 6, 0, 7, 0, 0, 0, 0, 4, 0, 8, 8, 6, 9, 0, 7, 0, 0, 0, 0, 0, 8, : 6, 10, 6, 7, 8, 7, 6, 8, 10, 4, 9, 5, 9, 10, 7, 7, 9, 9, 9, 7, 8, 7, 7, 6, 9, 7, 7, 9, 8, 7, 10, 7, 9, 7, 9, 7, 8, 7, 7, 4, 7, 9, 8, 8, 5, 5, 5, 6, 6, 6, 8, 5, 6, 7, 4, 8, 8, 6, 9, 7, 8, 
72: 0, 7, 0, 8, 0, 0, 8, 0, 7, 6, 9, 0, 6, 9, 0, 0, 7, 5, 0, 0, 0, 9, 6, 0, 7, 0, 7, 7, 7, 0, 0, 9, 8, 0, 0, 0, 0, 8, 7, 9, 7, 0, 9, 0, 0, 7, 8, 0, 7, 8, 0, 9, 7, 8, 0, 7, 0, 0, 0, 0, 8, 8, 0, 6, 7, 0, 7, 0, 7, 10, 0, 4, 0, 0, 5, 6, 0, 0, 0, 0, 0, 6, 0, 0, 0, 6, 8, 0, 0, 0, 6, 11, 7, 0, 0, 0, 6, 10, 8, 0, 8, 0, 8, 0, 0, 0, 0, 8, 0, 8, 9, 7, 8, 0, 5, 7, 7, 0, 0, 6, : 7, 8, 8, 7, 6, 9, 6, 9, 7, 5, 9, 6, 7, 7, 7, 7, 9, 8, 8, 7, 9, 7, 9, 7, 8, 7, 8, 9, 7, 8, 7, 8, 8, 6, 7, 7, 7, 10, 4, 5, 6, 6, 6, 8, 6, 11, 7, 6, 10, 8, 8, 8, 8, 8, 9, 7, 8, 5, 7, 7, 6, 
29: 7, 8, 0, 8, 0, 0, 0, 0, 0, 8, 0, 8, 6, 9, 0, 7, 10, 0, 0, 8, 0, 8, 0, 9, 0, 8, 0, 0, 10, 8, 0, 7, 8, 0, 7, 0, 0, 6, 0, 0, 0, 6, 5, 0, 0, 0, 7, 0, 0, 0, 7, 0, 9, 7, 8, 6, 0, 7, 8, 9, 6, 5, 0, 7, 0, 8, 0, 0, 0, 0, 0, 0, 7, 9, 0, 9, 0, 9, 6, 7, 0, 8, 0, 8, 7, 8, 0, 9, 5, 0, 9, 0, 9, 0, 0, 0, 6, 6, 0, 0, 0, 0, 6, 6, 9, 0, 6, 8, 0, 0, 6, 0, 0, 0, 7, 0, 7, 9, 0, 7, : 7, 8, 8, 8, 8, 6, 9, 7, 10, 8, 8, 9, 8, 10, 8, 7, 8, 7, 6, 6, 5, 7, 7, 9, 7, 8, 6, 7, 8, 9, 6, 5, 7, 8, 7, 9, 9, 9, 6, 7, 8, 8, 7, 8, 9, 5, 9, 9, 6, 6, 6, 6, 9, 6, 8, 6, 7, 7, 9, 7, 
44: 8, 0, 7, 7, 8, 8, 0, 0, 0, 6, 8, 0, 0, 0, 0, 6, 0, 0, 0, 7, 6, 7, 8, 0, 0, 8, 0, 0, 9, 0, 7, 0, 0, 0, 5, 8, 6, 0, 9, 5, 8, 0, 8, 0, 0, 0, 8, 0, 0, 9, 9, 7, 0, 0, 6, 0, 0, 7, 9, 10, 7, 0, 7, 7, 0, 9, 0, 9, 7, 0, 9, 0, 0, 9, 0, 0, 0, 6, 7, 0, 0, 0, 0, 0, 5, 8, 8, 0, 0, 6, 0, 0, 0, 10, 8, 9, 0, 0, 0, 7, 0, 0, 7, 6, 4, 9, 8, 9, 0, 7, 0, 8, 0, 0, 8, 0, 0, 0, 5, 0, : 8, 7, 7, 8, 8, 6, 8, 6, 7, 6, 7, 8, 8, 9, 7, 5, 8, 6, 9, 5, 8, 8, 8, 9, 9, 7, 6, 7, 9, 10, 7, 7, 7, 9, 9, 7, 9, 9, 6, 7, 5, 8, 8, 6, 10, 8, 9, 7, 7, 6, 4, 9, 8, 9, 7, 8, 8, 5, 
84: 0, 5, 8, 0, 9, 5, 0, 0, 0, 9, 8, 8, 6, 9, 0, 6, 0, 10, 9, 8, 0, 0, 7, 0, 8, 0, 0, 8, 8, 5, 0, 0, 7, 0, 8, 8, 9, 8, 0, 0, 0, 7, 6, 7, 0, 5, 7, 0, 0, 0, 10, 9, 6, 0, 6, 0, 8, 0, 8, 7, 9, 0, 6, 0, 10, 0, 7, 0, 7, 7, 6, 8, 10, 0, 8, 5, 6, 4, 0, 9, 9, 6, 0, 0, 0, 0, 0, 7, 0, 0, 0, 5, 8, 9, 0, 0, 0, 7, 8, 0, 9, 9, 5, 6, 8, 0, 8, 0, 8, 7, 0, 0, 0, 8, 8, 6, 9, 0, 7, 0, : 5, 8, 9, 5, 9, 8, 8, 6, 9, 6, 10, 9, 8, 7, 8, 8, 8, 5, 7, 8, 8, 9, 8, 7, 6, 7, 5, 7, 10, 9, 6, 6, 8, 8, 7, 9, 6, 10, 7, 7, 7, 6, 8, 10, 8, 5, 6, 4, 9, 9, 6, 7, 5, 8, 9, 7, 8, 9, 9, 5, 6, 8, 8, 8, 7, 8, 8, 6, 9, 7, 
42: 0, 7, 7, 0, 7, 0, 8, 7, 0, 9, 8, 7, 0, 0, 0, 0, 6, 0, 7, 0, 0, 9, 5, 9, 6, 0, 9, 8, 0, 6, 0, 6, 0, 0, 0, 0, 7, 9, 0, 0, 0, 9, 7, 7, 7, 9, 0, 0, 8, 0, 9, 6, 0, 10, 8, 7, 0, 9, 0, 0, 8, 7, 0, 7, 9, 7, 9, 0, 0, 6, 0, 8, 7, 4, 4, 7, 0, 0, 0, 7, 0, 9, 5, 8, 0, 9, 0, 7, 9, 7, 0, 6, 0, 5, 0, 0, 0, 7, 9, 0, 9, 0, 7, 0, 0, 6, 0, 7, 8, 8, 8, 0, 0, 0, 6, 0, 0, 0, 0, 0, : 7, 7, 7, 8, 7, 9, 8, 7, 6, 7, 9, 5, 9, 6, 9, 8, 6, 6, 7, 9, 9, 7, 7, 7, 9, 8, 9, 6, 10, 8, 7, 9, 8, 7, 7, 9, 7, 9, 6, 8, 7, 4, 4, 7, 7, 9, 5, 8, 9, 7, 9, 7, 6, 5, 7, 9, 9, 7, 6, 7, 8, 8, 8, 6, 
106: 0, 0, 0, 9, 0, 8, 6, 7, 9, 0, 6, 6, 6, 0, 6, 9, 6, 0, 0, 10, 0, 7, 5, 6, 0, 0, 0, 0, 0, 0, 0, 5, 8, 0, 5, 6, 0, 9, 0, 0, 0, 0, 6, 7, 0, 7, 6, 8, 0, 0, 8, 0, 0, 8, 7, 0, 0, 10, 8, 0, 0, 0, 4, 8, 0, 6, 8, 7, 7, 0, 8, 0, 0, 7, 6, 6, 8, 5, 0, 7, 0, 8, 6, 8, 9, 8, 0, 4, 0, 0, 0, 7, 0, 9, 0, 0, 0, 0, 7, 7, 8, 0, 9, 0, 8, 0, 0, 6, 6, 7, 0, 5, 7, 8, 8, 0, 0, 7, 7, 0, : 9, 8, 6, 7, 9, 6, 6, 6, 6, 9, 6, 10, 7, 5, 6, 5, 8, 5, 6, 9, 6, 7, 7, 6, 8, 8, 8, 7, 10, 8, 4, 8, 6, 8, 7, 7, 8, 7, 6, 6, 8, 5, 7, 8, 6, 8, 9, 8, 4, 7, 9, 7, 7, 8, 9, 8, 6, 6, 7, 5, 7, 8, 8, 7, 7, 
105: 0, 0, 0, 8, 0, 0, 0, 0, 0, 0, 0, 8, 7, 10, 0, 0, 0, 0, 0, 0, 0, 0, 6, 8, 0, 0, 0, 8, 8, 0, 9, 10, 0, 0, 8, 8, 0, 7, 9, 0, 7, 11, 0, 7, 0, 0, 0, 0, 8, 6, 7, 8, 8, 0, 0, 0, 0, 0, 7, 0, 6, 0, 0, 6, 0, 0, 0, 9, 0, 0, 7, 0, 0, 0, 6, 8, 8, 0, 7, 0, 0, 0, 8, 7, 8, 0, 5, 8, 0, 0, 6, 0, 0, 0, 0, 0, 0, 6, 0, 6, 7, 7, 0, 0, 0, 0, 5, 0, 0, 7, 0, 0, 9, 10, 7, 0, 6, 0, 0, 7, : 8, 8, 7, 10, 6, 8, 8, 8, 9, 10, 8, 8, 7, 9, 7, 11, 7, 8, 6, 7, 8, 8, 7, 6, 6, 9, 7, 6, 8, 8, 7, 8, 7, 8, 5, 8, 6, 6, 6, 7, 7, 5, 7, 9, 10, 7, 6, 7, 
14: 8, 0, 8, 0, 0, 6, 0, 0, 0, 7, 0, 9, 7, 9, 0, 0, 8, 0, 7, 6, 10, 0, 8, 7, 0, 0, 9, 0, 10, 8, 0, 9, 0, 7, 0, 5, 7, 5, 0, 0, 10, 0, 9, 9, 9, 0, 0, 8, 8, 8, 0, 9, 7, 0, 0, 7, 9, 0, 8, 0, 0, 6, 0, 0, 7, 0, 0, 0, 0, 0, 8, 0, 0, 0, 5, 0, 0, 8, 7, 7, 8, 7, 0, 7, 9, 9, 0, 0, 0, 0, 0, 8, 7, 9, 0, 0, 0, 7, 6, 0, 0, 0, 9, 0, 6, 7, 8, 0, 8, 0, 0, 6, 7, 0, 0, 0, 0, 9, 0, 0, : 8, 8, 6, 7, 9, 7, 9, 8, 7, 6, 10, 8, 7, 9, 10, 8, 9, 7, 5, 7, 5, 10, 9, 9, 9, 8, 8, 8, 9, 7, 7, 9, 8, 6, 7, 8, 5, 8, 7, 7, 8, 7, 7, 9, 9, 8, 7, 9, 7, 6, 9, 6, 7, 8, 8, 6, 7, 9, 
17: 0, 9, 7, 0, 8, 0, 6, 8, 8, 0, 9, 8, 7, 0, 7, 0, 7, 0, 0, 0, 7, 10, 0, 6, 11, 9, 9, 0, 10, 0, 10, 8, 0, 8, 6, 7, 8, 0, 0, 0, 0, 0, 0, 0, 11, 7, 0, 7, 7, 6, 8, 6, 0, 0, 8, 9, 0, 9, 6, 8, 0, 0, 0, 0, 0, 0, 9, 0, 0, 5, 7, 0, 0, 6, 7, 9, 6, 0, 6, 9, 0, 0, 8, 0, 0, 5, 10, 10, 8, 0, 9, 0, 9, 0, 0, 7, 8, 9, 0, 7, 9, 0, 0, 0, 0, 6, 7, 0, 0, 0, 7, 0, 7, 7, 8, 5, 0, 0, 5, 0, : 9, 7, 8, 6, 8, 8, 9, 8, 7, 7, 7, 7, 10, 6, 11, 9, 9, 10, 10, 8, 8, 6, 7, 8, 11, 7, 7, 7, 6, 8, 6, 8, 9, 9, 6, 8, 9, 5, 7, 6, 7, 9, 6, 6, 9, 8, 5, 10, 10, 8, 9, 9, 7, 8, 9, 7, 9, 6, 7, 7, 7, 7, 8, 5, 5, 
56: 6, 8, 0, 0, 8, 0, 0, 0, 9, 0, 0, 0, 0, 0, 7, 0, 7, 0, 0, 0, 0, 0, 7, 8, 0, 8, 0, 5, 6, 9, 0, 0, 8, 0, 8, 8, 5, 5, 0, 8, 0, 8, 0, 0, 0, 0, 0, 9, 8, 6, 8, 0, 9, 0, 0, 8, 0, 0, 0, 7, 8, 8, 0, 8, 0, 0, 7, 6, 0, 0, 0, 0, 10, 7, 0, 8, 0, 0, 5, 8, 7, 10, 5, 9, 0, 10, 0, 0, 7, 5, 0, 10, 0, 0, 10, 0, 4, 7, 8, 0, 9, 0, 0, 8, 8, 7, 0, 0, 6, 8, 9, 9, 6, 0, 6, 0, 8, 6, 11, 0, : 6, 8, 8, 9, 7, 7, 7, 8, 8, 5, 6, 9, 8, 8, 8, 5, 5, 8, 8, 9, 8, 6, 8, 9, 8, 7, 8, 8, 8, 7, 6, 10, 7, 8, 5, 8, 7, 10, 5, 9, 10, 7, 5, 10, 10, 4, 7, 8, 9, 8, 8, 7, 6, 8, 9, 9, 6, 6, 8, 6, 11, 
83: 0, 7, 8, 6, 0, 0, 6, 8, 0, 6, 0, 0, 6, 0, 0, 8, 5, 8, 0, 0, 4, 0, 0, 0, 0, 7, 0, 8, 0, 0, 6, 6, 0, 0, 0, 7, 8, 0, 0, 0, 0, 4, 8, 7, 6, 0, 0, 7, 0, 0, 8, 0, 8, 6, 6, 9, 0, 0, 6, 7, 0, 9, 6, 8, 0, 0, 6, 8, 0, 8, 9, 7, 0, 7, 9, 7, 0, 0, 7, 8, 8, 0, 8, 0, 0, 0, 7, 6, 6, 10, 0, 6, 0, 0, 8, 0, 0, 8, 0, 8, 7, 0, 0, 10, 8, 4, 0, 7, 7, 0, 5, 8, 6, 0, 7, 0, 0, 9, 7, 0, : 7, 8, 6, 6, 8, 6, 6, 8, 5, 8, 4, 7, 8, 6, 6, 7, 8, 4, 8, 7, 6, 7, 8, 8, 6, 6, 9, 6, 7, 9, 6, 8, 6, 8, 8, 9, 7, 7, 9, 7, 7, 8, 8, 8, 7, 6, 6, 10, 6, 8, 8, 8, 7, 10, 8, 4, 7, 7, 5, 8, 6, 7, 9, 7, 
119: 0, 9, 7, 5, 0, 8, 0, 6, 0, 9, 0, 0, 8, 0, 0, 7, 0, 0, 8, 5, 8, 8, 9, 0, 6, 8, 0, 7, 0, 0, 8, 0, 0, 0, 0, 7, 0, 9, 0, 8, 5, 0, 9, 9, 0, 7, 8, 0, 5, 7, 7, 7, 8, 9, 0, 9, 0, 9, 0, 8, 8, 6, 0, 8, 0, 10, 7, 7, 6, 0, 8, 7, 0, 0, 0, 0, 7, 7, 8, 4, 7, 7, 7, 0, 9, 0, 8, 0, 0, 0, 0, 6, 6, 8, 8, 0, 0, 0, 0, 0, 0, 7, 10, 7, 0, 0, 0, 6, 7, 8, 6, 5, 7, 0, 0, 6, 0, 5, 7, 6, : 9, 7, 5, 8, 6, 9, 8, 7, 8, 5, 8, 8, 9, 6, 8, 7, 8, 7, 9, 8, 5, 9, 9, 7, 8, 5, 7, 7, 7, 8, 9, 9, 9, 8, 8, 6, 8, 10, 7, 7, 6, 8, 7, 7, 7, 8, 4, 7, 7, 7, 9, 8, 6, 6, 8, 8, 7, 10, 7, 6, 7, 8, 6, 5, 7, 6, 5, 7, 6, 
15: 0, 5, 0, 0, 0, 8, 7, 9, 7, 0, 0, 0, 0, 6, 0, 0, 0, 8, 7, 8, 8, 7, 0, 9, 0, 11, 0, 6, 0, 7, 6, 0, 6, 0, 8, 0, 0, 0, 6, 6, 0, 0, 7, 9, 0, 5, 7, 6, 0, 0, 7, 0, 0, 7, 8, 6, 7, 0, 8, 0, 6, 8, 6, 0, 0, 0, 5, 9, 8, 9, 6, 9, 9, 9, 0, 9, 8, 6, 0, 0, 7, 8, 8, 0, 9, 0, 9, 0, 0, 0, 0, 0, 7, 0, 0, 6, 6, 0, 0, 0, 0, 0, 7, 10, 0, 10, 0, 7, 0, 0, 0, 0, 7, 8, 0, 0, 7, 7, 8, 0, : 5, 8, 7, 9, 7, 6, 8, 7, 8, 8, 7, 9, 11, 6, 7, 6, 6, 8, 6, 6, 7, 9, 5, 7, 6, 7, 7, 8, 6, 7, 8, 6, 8, 6, 5, 9, 8, 9, 6, 9, 9, 9, 9, 8, 6, 7, 8, 8, 9, 9, 7, 6, 6, 7, 10, 10, 7, 7, 8, 7, 7, 8, 
4: 6, 9, 5, 7, 9, 8, 8, 8, 7, 0, 0, 0, 0, 0, 0, 10, 9, 0, 5, 0, 0, 9, 9, 0, 7, 7, 7, 0, 0, 8, 0, 7, 9, 6, 8, 0, 9, 8, 0, 7, 8, 0, 6, 7, 0, 0, 7, 7, 0, 0, 0, 5, 0, 0, 0, 7, 7, 8, 10, 6, 8, 0, 6, 0, 0, 9, 0, 0, 0, 7, 9, 0, 9, 0, 9, 0, 0, 0, 7, 0, 0, 0, 0, 0, 0, 7, 5, 0, 8, 8, 0, 0, 0, 9, 4, 0, 8, 0, 0, 0, 9, 0, 4, 7, 6, 0, 0, 0, 9, 0, 9, 8, 8, 0, 0, 0, 0, 7, 7, 8, : 6, 9, 5, 7, 9, 8, 8, 8, 7, 10, 9, 5, 9, 9, 7, 7, 7, 8, 7, 9, 6, 8, 9, 8, 7, 8, 6, 7, 7, 7, 5, 7, 7, 8, 10, 6, 8, 6, 9, 7, 9, 9, 9, 7, 7, 5, 8, 8, 9, 4, 8, 9, 4, 7, 6, 9, 9, 8, 8, 7, 7, 8, 
57: 7, 0, 11, 0, 0, 0, 8, 0, 6, 0, 0, 0, 0, 8, 0, 0, 0, 0, 9, 0, 0, 0, 7, 7, 5, 8, 7, 0, 0, 0, 10, 8, 10, 0, 0, 9, 0, 0, 9, 7, 8, 5, 7, 0, 0, 0, 7, 0, 9, 7, 0, 0, 5, 0, 7, 0, 6, 6, 6, 0, 0, 8, 0, 6, 7, 7, 10, 0, 0, 0, 6, 7, 7, 7, 0, 0, 0, 0, 6, 0, 0, 0, 5, 8, 7, 0, 9, 8, 10, 0, 0, 0, 8, 0, 0, 9, 6, 0, 6, 5, 7, 6, 8, 6, 0, 0, 0, 0, 8, 0, 0, 8, 0, 0, 0, 0, 0, 0, 6, 0, : 7, 11, 8, 6, 8, 9, 7, 7, 5, 8, 7, 10, 8, 10, 9, 9, 7, 8, 5, 7, 7, 9, 7, 5, 7, 6, 6, 6, 8, 6, 7, 7, 10, 6, 7, 7, 7, 6, 5, 8, 7, 9, 8, 10, 8, 9, 6, 6, 5, 7, 6, 8, 6, 8, 8, 6, 
110: 7, 0, 7, 8, 0, 9, 0, 0, 0, 0, 0, 7, 0, 0, 10, 0, 0, 0, 5, 9, 0, 0, 8, 0, 6, 6, 0, 0, 8, 0, 0, 9, 0, 6, 8, 9, 0, 0, 0, 8, 0, 5, 8, 7, 6, 8, 5, 7, 9, 0, 0, 0, 0, 7, 0, 0, 0, 8, 5, 5, 0, 7, 0, 0, 7, 0, 0, 7, 0, 7, 0, 0, 0, 0, 7, 0, 0, 6, 7, 0, 8, 6, 9, 0, 0, 0, 9, 0, 9, 8, 6, 7, 10, 0, 0, 6, 8, 0, 0, 5, 0, 7, 0, 7, 0, 0, 0, 6, 8, 6, 8, 8, 7, 0, 0, 8, 6, 9, 0, 0, : 7, 7, 8, 9, 7, 10, 5, 9, 8, 6, 6, 8, 9, 6, 8, 9, 8, 5, 8, 7, 6, 8, 5, 7, 9, 7, 8, 5, 5, 7, 7, 7, 7, 7, 6, 7, 8, 6, 9, 9, 9, 8, 6, 7, 10, 6, 8, 5, 7, 7, 6, 8, 6, 8, 8, 7, 8, 6, 9, 
53: 9, 0, 0, 0, 5, 7, 8, 0, 0, 6, 0, 8, 0, 8, 0, 7, 8, 7, 7, 9, 5, 8, 5, 0, 6, 0, 0, 8, 5, 0, 0, 0, 9, 10, 8, 5, 7, 5, 0, 0, 0, 0, 0, 0, 0, 0, 0, 10, 0, 0, 0, 0, 8, 0, 0, 0, 9, 0, 7, 0, 0, 6, 0, 6, 0, 4, 0, 0, 7, 0, 0, 0, 10, 0, 0, 0, 0, 7, 0, 0, 0, 5, 9, 0, 8, 6, 5, 0, 6, 9, 0, 8, 6, 5, 5, 0, 8, 8, 0, 0, 0, 6, 8, 11, 0, 0, 6, 7, 0, 9, 0, 7, 10, 8, 0, 8, 0, 0, 7, 7, : 9, 5, 7, 8, 6, 8, 8, 7, 8, 7, 7, 9, 5, 8, 5, 6, 8, 5, 9, 10, 8, 5, 7, 5, 10, 8, 9, 7, 6, 6, 4, 7, 10, 7, 5, 9, 8, 6, 5, 6, 9, 8, 6, 5, 5, 8, 8, 6, 8, 11, 6, 7, 9, 7, 10, 8, 8, 7, 7, 
104: 9, 0, 0, 0, 8, 0, 0, 7, 0, 0, 0, 0, 0, 9, 0, 7, 0, 8, 6, 5, 0, 7, 5, 7, 0, 6, 0, 7, 0, 0, 0, 9, 6, 6, 0, 7, 8, 7, 6, 9, 0, 0, 0, 0, 7, 0, 11, 9, 8, 0, 0, 0, 0, 0, 0, 7, 0, 0, 0, 0, 7, 0, 0, 4, 8, 0, 4, 8, 7, 0, 8, 10, 7, 9, 7, 7, 0, 0, 0, 0, 9, 0, 0, 9, 8, 0, 8, 0, 9, 0, 0, 0, 0, 7, 0, 7, 11, 0, 9, 10, 0, 4, 0, 9, 6, 6, 0, 0, 9, 8, 0, 0, 0, 0, 9, 0, 0, 0, 0, 9, : 9, 8, 7, 9, 7, 8, 6, 5, 7, 5, 7, 6, 7, 9, 6, 6, 7, 8, 7, 6, 9, 7, 11, 9, 8, 7, 7, 4, 8, 4, 8, 7, 8, 10, 7, 9, 7, 7, 9, 9, 8, 8, 9, 7, 7, 11, 9, 10, 4, 9, 6, 6, 9, 8, 9, 9, 


