
20
100
75
5

34: 6, 6, 5, 0, 7, 9, 9, 0, 0, 7, 0, 0, 0, 0, 6, 9, 0, 0, 0, 0, : 6, 6, 5, 7, 9, 9, 7, 6, 9, 
88: 0, 10, 5, 8, 0, 7, 6, 8, 7, 0, 0, 0, 0, 0, 0, 0, 8, 0, 0, 0, : 10, 5, 8, 7, 6, 8, 7, 8, 
49: 8, 0, 0, 0, 6, 0, 0, 9, 8, 0, 0, 8, 8, 7, 6, 7, 7, 6, 0, 7, : 8, 6, 9, 8, 8, 8, 7, 6, 7, 7, 6, 7, 
87: 9, 10, 0, 0, 0, 8, 7, 0, 0, 0, 8, 0, 9, 6, 8, 8, 7, 0, 6, 0, : 9, 10, 8, 7, 8, 9, 6, 8, 8, 7, 6, 
59: 8, 7, 0, 4, 0, 9, 8, 7, 0, 0, 9, 0, 0, 8, 0, 0, 0, 8, 0, 9, : 8, 7, 4, 9, 8, 7, 9, 8, 8, 9, 
52: 0, 0, 0, 10, 7, 0, 0, 8, 7, 8, 6, 0, 0, 9, 7, 7, 0, 6, 7, 0, : 10, 7, 8, 7, 8, 6, 9, 7, 7, 6, 7, 
26: 5, 5, 8, 0, 0, 0, 8, 7, 8, 0, 0, 7, 0, 0, 0, 0, 0, 7, 8, 7, : 5, 5, 8, 8, 7, 8, 7, 7, 8, 7, 
8: 0, 0, 11, 0, 0, 8, 0, 0, 6, 0, 0, 8, 8, 0, 0, 7, 0, 0, 0, 8, : 11, 8, 6, 8, 8, 7, 8, 
69: 7, 0, 0, 9, 7, 0, 0, 7, 6, 0, 7, 0, 8, 8, 7, 0, 9, 0, 9, 0, : 7, 9, 7, 7, 6, 7, 8, 8, 7, 9, 9, 
71: 7, 5, 4, 8, 8, 0, 0, 0, 9, 0, 0, 0, 7, 6, 0, 0, 6, 0, 8, 8, : 7, 5, 4, 8, 8, 9, 7, 6, 6, 8, 8, 
4: 0, 7, 0, 8, 7, 0, 8, 0, 0, 6, 7, 9, 7, 9, 8, 0, 0, 7, 9, 0, : 7, 8, 7, 8, 6, 7, 9, 7, 9, 8, 7, 9, 
80: 0, 10, 10, 4, 9, 7, 8, 0, 0, 9, 9, 0, 7, 7, 7, 8, 8, 0, 0, 9, : 10, 10, 4, 9, 7, 8, 9, 9, 7, 7, 7, 8, 8, 9, 
36: 9, 0, 8, 0, 0, 6, 6, 0, 0, 9, 8, 8, 0, 0, 0, 0, 0, 0, 7, 0, : 9, 8, 6, 6, 9, 8, 8, 7, 
76: 0, 7, 0, 8, 0, 0, 0, 0, 9, 8, 6, 7, 0, 0, 0, 0, 6, 9, 0, 0, : 7, 8, 9, 8, 6, 7, 6, 9, 
10: 7, 0, 8, 0, 6, 9, 0, 0, 8, 0, 0, 0, 9, 0, 0, 6, 0, 8, 6, 0, : 7, 8, 6, 9, 8, 9, 6, 8, 6, 
64: 0, 0, 5, 0, 0, 6, 8, 8, 0, 6, 0, 9, 0, 0, 0, 0, 9, 8, 0, 6, : 5, 6, 8, 8, 6, 9, 9, 8, 6, 
29: 0, 0, 11, 0, 10, 0, 0, 0, 7, 7, 0, 6, 6, 0, 9, 9, 0, 9, 0, 0, : 11, 10, 7, 7, 6, 6, 9, 9, 9, 
54: 9, 0, 0, 8, 0, 6, 0, 6, 0, 8, 8, 7, 0, 7, 8, 6, 7, 0, 0, 8, : 9, 8, 6, 6, 8, 8, 7, 7, 8, 6, 7, 8, 
73: 0, 0, 0, 0, 8, 0, 7, 9, 0, 0, 0, 6, 6, 0, 9, 0, 0, 7, 8, 7, : 8, 7, 9, 6, 6, 9, 7, 8, 7, 
62: 0, 8, 0, 8, 0, 0, 0, 6, 0, 7, 7, 0, 0, 8, 0, 8, 8, 0, 7, 6, : 8, 8, 6, 7, 7, 8, 8, 8, 7, 6, 


24: 10, 8, 0, 9, 8, 9, 7, 7, 9, 7, 0, 0, 0, 7, 7, 0, 0, 0, 0, 0, : 10, 8, 9, 8, 9, 7, 7, 9, 7, 7, 7, 
79: 6, 8, 0, 7, 9, 7, 5, 7, 7, 7, 7, 0, 7, 8, 9, 0, 0, 0, 0, 0, : 6, 8, 7, 9, 7, 5, 7, 7, 7, 7, 7, 8, 9, 
96: 0, 0, 0, 0, 0, 8, 0, 0, 0, 8, 0, 7, 0, 0, 8, 8, 7, 0, 7, 9, : 8, 8, 7, 8, 8, 7, 7, 9, 
81: 0, 8, 7, 6, 7, 8, 0, 9, 0, 7, 7, 9, 8, 0, 0, 0, 8, 9, 0, 0, : 8, 7, 6, 7, 8, 9, 7, 7, 9, 8, 8, 9, 
61: 8, 0, 5, 0, 8, 0, 7, 8, 0, 0, 8, 0, 0, 8, 0, 0, 7, 7, 0, 5, : 8, 5, 8, 7, 8, 8, 8, 7, 7, 5, 
22: 8, 0, 11, 0, 0, 0, 0, 0, 0, 0, 8, 0, 5, 0, 0, 8, 7, 0, 0, 0, : 8, 11, 8, 5, 8, 7, 
28: 8, 8, 0, 0, 0, 9, 0, 0, 8, 7, 0, 0, 7, 0, 8, 7, 0, 8, 0, 0, : 8, 8, 9, 8, 7, 7, 8, 7, 8, 
40: 0, 0, 0, 0, 0, 0, 8, 0, 0, 8, 0, 8, 0, 9, 0, 9, 0, 9, 5, 7, : 8, 8, 8, 9, 9, 9, 5, 7, 
46: 0, 7, 8, 0, 0, 5, 9, 0, 8, 0, 0, 7, 8, 7, 0, 7, 9, 0, 0, 0, : 7, 8, 5, 9, 8, 7, 8, 7, 7, 9, 
67: 0, 8, 5, 5, 5, 0, 8, 7, 0, 9, 0, 8, 0, 0, 5, 0, 9, 0, 8, 8, : 8, 5, 5, 5, 8, 7, 9, 8, 5, 9, 8, 8, 
45: 4, 0, 8, 6, 5, 0, 0, 7, 5, 0, 9, 0, 9, 0, 7, 0, 0, 8, 8, 0, : 4, 8, 6, 5, 7, 5, 9, 9, 7, 8, 8, 
78: 8, 0, 0, 7, 7, 0, 0, 0, 9, 0, 7, 8, 0, 0, 0, 0, 8, 7, 0, 9, : 8, 7, 7, 9, 7, 8, 8, 7, 9, 
25: 5, 4, 8, 0, 0, 6, 8, 0, 7, 9, 0, 0, 7, 9, 7, 9, 0, 0, 0, 8, : 5, 4, 8, 6, 8, 7, 9, 7, 9, 7, 9, 8, 
23: 0, 0, 9, 0, 0, 0, 0, 8, 8, 0, 8, 9, 0, 0, 9, 0, 0, 0, 0, 8, : 9, 8, 8, 8, 9, 9, 8, 
98: 0, 8, 6, 9, 0, 0, 9, 0, 0, 0, 0, 5, 8, 8, 7, 8, 8, 0, 7, 0, : 8, 6, 9, 9, 5, 8, 8, 7, 8, 8, 7, 
95: 0, 8, 8, 8, 11, 7, 0, 0, 0, 0, 0, 7, 0, 0, 0, 0, 7, 7, 7, 7, : 8, 8, 8, 11, 7, 7, 7, 7, 7, 7, 
65: 0, 0, 0, 10, 0, 8, 0, 0, 0, 0, 5, 0, 0, 0, 8, 0, 0, 8, 7, 7, : 10, 8, 5, 8, 8, 7, 7, 
68: 0, 0, 0, 0, 11, 0, 7, 8, 0, 5, 9, 7, 7, 7, 0, 5, 5, 0, 8, 0, : 11, 7, 8, 5, 9, 7, 7, 7, 5, 5, 8, 
48: 9, 0, 0, 8, 4, 0, 0, 9, 7, 0, 0, 0, 9, 7, 0, 7, 0, 5, 9, 0, : 9, 8, 4, 9, 7, 9, 7, 7, 5, 9, 
58: 9, 8, 0, 0, 0, 8, 7, 5, 7, 8, 7, 0, 0, 5, 0, 7, 0, 7, 9, 7, : 9, 8, 8, 7, 5, 7, 8, 7, 5, 7, 7, 9, 7, 


60: 0, 10, 0, 0, 0, 9, 0, 0, 10, 6, 10, 0, 0, 0, 9, 6, 6, 6, 9, 6, : 10, 9, 10, 6, 10, 9, 6, 6, 6, 9, 6, 
66: 5, 0, 0, 0, 11, 6, 8, 10, 6, 0, 6, 0, 6, 0, 8, 10, 9, 0, 6, 0, : 5, 11, 6, 8, 10, 6, 6, 6, 8, 10, 9, 6, 
84: 0, 11, 7, 6, 8, 0, 0, 0, 0, 9, 0, 6, 10, 0, 0, 6, 10, 0, 8, 0, : 11, 7, 6, 8, 9, 6, 10, 6, 10, 8, 
74: 5, 8, 0, 0, 6, 9, 6, 0, 0, 8, 0, 0, 0, 6, 0, 7, 9, 0, 0, 0, : 5, 8, 6, 9, 6, 8, 6, 7, 9, 
38: 0, 0, 4, 8, 0, 6, 6, 0, 9, 6, 9, 0, 0, 8, 0, 9, 6, 10, 6, 0, : 4, 8, 6, 6, 9, 6, 9, 8, 9, 6, 10, 6, 
50: 0, 8, 0, 0, 8, 0, 6, 0, 9, 0, 0, 6, 0, 7, 0, 0, 0, 0, 0, 0, : 8, 8, 6, 9, 6, 7, 
15: 0, 0, 8, 5, 0, 0, 0, 0, 0, 0, 6, 6, 0, 6, 6, 0, 0, 0, 7, 6, : 8, 5, 6, 6, 6, 6, 7, 6, 
13: 8, 6, 8, 6, 0, 0, 0, 8, 0, 10, 0, 6, 0, 6, 6, 0, 0, 0, 0, 6, : 8, 6, 8, 6, 8, 10, 6, 6, 6, 6, 
5: 0, 8, 0, 0, 0, 0, 9, 8, 8, 8, 6, 8, 9, 0, 6, 0, 8, 9, 0, 0, : 8, 9, 8, 8, 8, 6, 8, 9, 6, 8, 9, 
55: 0, 6, 7, 8, 5, 6, 9, 0, 0, 0, 0, 0, 6, 8, 0, 6, 0, 8, 0, 0, : 6, 7, 8, 5, 6, 9, 6, 8, 6, 8, 
1: 0, 8, 0, 0, 5, 6, 8, 6, 0, 0, 0, 8, 8, 9, 8, 0, 0, 7, 0, 7, : 8, 5, 6, 8, 6, 8, 8, 9, 8, 7, 7, 
83: 8, 0, 0, 0, 0, 7, 0, 9, 0, 6, 8, 0, 0, 0, 0, 9, 0, 0, 0, 9, : 8, 7, 9, 6, 8, 9, 9, 
2: 7, 0, 5, 7, 0, 10, 0, 7, 7, 0, 0, 9, 6, 0, 9, 0, 0, 8, 9, 0, : 7, 5, 7, 10, 7, 7, 9, 6, 9, 8, 9, 
97: 7, 0, 11, 0, 0, 6, 10, 0, 8, 9, 0, 0, 9, 10, 0, 8, 0, 0, 0, 9, : 7, 11, 6, 10, 8, 9, 9, 10, 8, 9, 
70: 8, 0, 9, 11, 6, 0, 0, 0, 0, 0, 0, 0, 0, 0, 0, 8, 0, 6, 6, 8, : 8, 9, 11, 6, 8, 6, 6, 8, 
30: 8, 0, 0, 0, 10, 10, 0, 9, 6, 0, 9, 0, 6, 9, 0, 0, 6, 6, 10, 8, : 8, 10, 10, 9, 6, 9, 6, 9, 6, 6, 10, 8, 
99: 8, 0, 8, 9, 0, 0, 6, 6, 6, 0, 7, 9, 0, 0, 7, 0, 6, 0, 8, 0, : 8, 8, 9, 6, 6, 6, 7, 9, 7, 6, 8, 
31: 0, 0, 8, 4, 0, 0, 7, 0, 0, 6, 0, 0, 8, 6, 10, 6, 7, 0, 0, 6, : 8, 4, 7, 6, 8, 6, 10, 6, 7, 6, 
27: 0, 4, 0, 11, 9, 0, 0, 6, 6, 0, 8, 10, 7, 0, 6, 0, 8, 6, 0, 10, : 4, 11, 9, 6, 6, 8, 10, 7, 6, 8, 6, 10, 
7: 11, 6, 0, 0, 7, 0, 0, 6, 0, 7, 6, 7, 0, 0, 0, 0, 0, 9, 6, 0, : 11, 6, 7, 6, 7, 6, 7, 9, 6, 


16: 0, 6, 0, 0, 4, 0, 0, 0, 6, 6, 9, 7, 8, 9, 0, 0, 6, 0, 0, 0, : 6, 4, 6, 6, 9, 7, 8, 9, 6, 
72: 7, 8, 0, 8, 0, 0, 8, 0, 0, 0, 8, 7, 9, 0, 9, 8, 0, 0, 7, 7, : 7, 8, 8, 8, 8, 7, 9, 9, 8, 7, 7, 
20: 7, 0, 10, 9, 0, 0, 0, 8, 0, 0, 0, 7, 0, 8, 0, 0, 0, 8, 7, 0, : 7, 10, 9, 8, 7, 8, 8, 7, 
18: 7, 7, 0, 0, 0, 0, 0, 8, 0, 9, 0, 0, 7, 0, 9, 9, 0, 0, 9, 6, : 7, 7, 8, 9, 7, 9, 9, 9, 6, 
41: 6, 0, 0, 5, 0, 8, 9, 0, 0, 0, 6, 0, 6, 0, 0, 0, 8, 8, 8, 0, : 6, 5, 8, 9, 6, 6, 8, 8, 8, 
75: 0, 0, 0, 0, 8, 0, 6, 0, 0, 0, 0, 0, 0, 6, 0, 7, 9, 0, 0, 8, : 8, 6, 6, 7, 9, 8, 
19: 0, 7, 7, 0, 9, 0, 8, 0, 0, 6, 8, 6, 9, 8, 0, 7, 9, 0, 0, 0, : 7, 7, 9, 8, 6, 8, 6, 9, 8, 7, 9, 
37: 0, 0, 0, 10, 8, 7, 6, 8, 0, 0, 7, 8, 0, 0, 6, 7, 0, 7, 0, 0, : 10, 8, 7, 6, 8, 7, 8, 6, 7, 7, 
44: 7, 0, 0, 0, 7, 0, 9, 0, 8, 0, 0, 6, 0, 0, 0, 0, 7, 9, 6, 7, : 7, 7, 9, 8, 6, 7, 9, 6, 7, 
43: 0, 0, 0, 5, 8, 10, 0, 0, 6, 8, 7, 8, 7, 7, 0, 8, 0, 0, 0, 8, : 5, 8, 10, 6, 8, 7, 8, 7, 7, 8, 8, 
56: 11, 0, 7, 0, 0, 6, 0, 7, 7, 0, 0, 0, 0, 6, 8, 9, 6, 7, 6, 0, : 11, 7, 6, 7, 7, 6, 8, 9, 6, 7, 6, 
51: 0, 0, 7, 0, 0, 8, 0, 7, 0, 7, 0, 0, 6, 7, 7, 6, 0, 8, 0, 9, : 7, 8, 7, 7, 6, 7, 7, 6, 8, 9, 
12: 9, 10, 6, 8, 5, 8, 0, 0, 8, 8, 0, 9, 0, 0, 6, 0, 0, 7, 8, 0, : 9, 10, 6, 8, 5, 8, 8, 8, 9, 6, 7, 8, 
63: 0, 0, 8, 0, 8, 7, 0, 9, 9, 0, 0, 9, 8, 8, 7, 0, 0, 0, 0, 9, : 8, 8, 7, 9, 9, 9, 8, 8, 7, 9, 
90: 0, 7, 9, 9, 0, 9, 7, 0, 0, 9, 8, 0, 0, 7, 0, 6, 0, 0, 7, 8, : 7, 9, 9, 9, 7, 9, 8, 7, 6, 7, 8, 
35: 0, 6, 9, 6, 0, 6, 7, 0, 7, 8, 0, 0, 7, 9, 8, 0, 7, 9, 0, 6, : 6, 9, 6, 6, 7, 7, 8, 7, 9, 8, 7, 9, 6, 
6: 7, 5, 0, 6, 0, 0, 0, 6, 7, 0, 7, 0, 8, 0, 0, 0, 7, 0, 0, 0, : 7, 5, 6, 6, 7, 7, 8, 7, 
53: 9, 11, 0, 9, 10, 0, 8, 7, 9, 7, 9, 8, 0, 0, 0, 8, 0, 6, 9, 0, : 9, 11, 9, 10, 8, 7, 9, 7, 9, 8, 8, 6, 9, 
91: 0, 0, 7, 0, 8, 0, 0, 6, 0, 7, 6, 0, 0, 0, 8, 0, 8, 6, 8, 7, : 7, 8, 6, 7, 6, 8, 8, 6, 8, 7, 
11: 5, 8, 5, 0, 0, 6, 7, 9, 8, 0, 0, 0, 0, 0, 7, 0, 8, 0, 0, 0, : 5, 8, 5, 6, 7, 9, 8, 7, 8, 


14: 0, 10, 0, 0, 0, 8, 8, 0, 7, 0, 0, 8, 9, 8, 0, 7, 9, 7, 7, 0, : 10, 8, 8, 7, 8, 9, 8, 7, 9, 7, 7, 
85: 8, 9, 0, 4, 5, 7, 7, 0, 0, 0, 8, 0, 5, 8, 0, 5, 8, 0, 8, 0, : 8, 9, 4, 5, 7, 7, 8, 5, 8, 5, 8, 8, 
92: 6, 0, 8, 9, 0, 0, 8, 0, 8, 5, 5, 7, 0, 0, 8, 9, 0, 5, 8, 0, : 6, 8, 9, 8, 8, 5, 5, 7, 8, 9, 5, 8, 
33: 0, 0, 11, 9, 8, 7, 8, 0, 8, 0, 8, 5, 0, 8, 0, 8, 0, 8, 9, 8, : 11, 9, 8, 7, 8, 8, 8, 5, 8, 8, 8, 9, 8, 
39: 0, 8, 0, 0, 7, 0, 0, 7, 8, 8, 8, 8, 0, 9, 0, 0, 0, 7, 7, 8, : 8, 7, 7, 8, 8, 8, 8, 9, 7, 7, 8, 
77: 6, 0, 8, 0, 0, 5, 8, 8, 0, 0, 0, 0, 7, 5, 7, 0, 0, 0, 0, 8, : 6, 8, 5, 8, 8, 7, 5, 7, 8, 
100: 10, 5, 0, 10, 0, 0, 7, 5, 0, 9, 0, 0, 0, 7, 8, 8, 8, 0, 0, 0, : 10, 5, 10, 7, 5, 9, 7, 8, 8, 8, 
3: 0, 0, 0, 0, 9, 8, 9, 7, 7, 8, 0, 0, 8, 7, 8, 0, 8, 8, 0, 8, : 9, 8, 9, 7, 7, 8, 8, 7, 8, 8, 8, 8, 
86: 0, 0, 4, 0, 0, 8, 0, 8, 5, 8, 0, 0, 8, 0, 8, 0, 0, 0, 5, 7, : 4, 8, 8, 5, 8, 8, 8, 5, 7, 
32: 0, 7, 4, 0, 10, 0, 0, 0, 0, 0, 0, 0, 7, 0, 0, 8, 0, 0, 8, 0, : 7, 4, 10, 7, 8, 8, 
9: 0, 9, 0, 5, 0, 0, 0, 8, 7, 7, 0, 8, 0, 0, 7, 0, 7, 8, 0, 0, : 9, 5, 8, 7, 7, 8, 7, 7, 8, 
94: 6, 0, 10, 8, 8, 0, 0, 8, 0, 8, 0, 0, 8, 0, 9, 0, 8, 8, 8, 0, : 6, 10, 8, 8, 8, 8, 8, 9, 8, 8, 8, 
57: 0, 0, 8, 5, 0, 0, 0, 0, 0, 0, 8, 8, 0, 7, 5, 8, 7, 9, 0, 5, : 8, 5, 8, 8, 7, 5, 8, 7, 9, 5, 
42: 7, 0, 0, 0, 0, 7, 8, 0, 0, 7, 7, 0, 8, 0, 7, 0, 0, 0, 0, 9, : 7, 7, 8, 7, 7, 8, 7, 9, 
82: 7, 0, 0, 0, 6, 0, 7, 0, 8, 7, 7, 9, 7, 8, 0, 7, 5, 0, 7, 0, : 7, 6, 7, 8, 7, 7, 9, 7, 8, 7, 5, 7, 
93: 0, 7, 0, 5, 8, 9, 0, 0, 8, 0, 8, 7, 0, 0, 0, 8, 8, 8, 0, 0, : 7, 5, 8, 9, 8, 8, 7, 8, 8, 8, 
21: 11, 5, 6, 9, 0, 8, 0, 9, 0, 0, 7, 0, 8, 0, 0, 7, 0, 0, 8, 7, : 11, 5, 6, 9, 8, 9, 7, 8, 7, 8, 7, 
47: 7, 8, 8, 0, 0, 8, 0, 0, 0, 8, 0, 0, 0, 0, 8, 0, 7, 0, 0, 7, : 7, 8, 8, 8, 8, 8, 7, 7, 
17: 0, 7, 0, 0, 7, 0, 0, 7, 0, 0, 0, 8, 0, 0, 0, 0, 0, 0, 0, 8, : 7, 7, 7, 8, 8, 
89: 7, 0, 8, 11, 7, 0, 5, 8, 9, 0, 9, 7, 0, 8, 0, 0, 0, 7, 0, 0, : 7, 8, 11, 7, 5, 8, 9, 9, 7, 8, 7, 


