
80
80
300
1

62: 0, 7, 0, 7, 9, 0, 0, 0, 10, 5, 9, 0, 0, 8, 5, 11, 6, 0, 10, 11, 0, 0, 0, 7, 9, 0, 0, 5, 0, 9, 8, 0, 10, 5, 7, 7, 0, 0, 0, 7, 0, 0, 9, 0, 5, 9, 0, 0, 7, 9, 0, 0, 7, 0, 9, 0, 0, 0, 0, 8, 7, 0, 6, 0, 9, 8, 7, 7, 7, 0, 6, 7, 8, 9, 7, 9, 7, 0, 0, 6, : 7, 7, 9, 10, 5, 9, 8, 5, 11, 6, 10, 11, 7, 9, 5, 9, 8, 10, 5, 7, 7, 7, 9, 5, 9, 7, 9, 7, 9, 8, 7, 6, 9, 8, 7, 7, 7, 6, 7, 8, 9, 7, 9, 7, 6, 
23: 0, 0, 0, 9, 7, 7, 7, 0, 8, 0, 0, 8, 9, 0, 10, 8, 4, 6, 8, 11, 0, 4, 0, 10, 0, 7, 11, 9, 0, 0, 0, 7, 0, 0, 5, 0, 11, 0, 8, 0, 0, 9, 8, 8, 10, 0, 7, 0, 7, 0, 7, 8, 0, 0, 9, 0, 8, 9, 7, 0, 0, 0, 11, 8, 0, 0, 8, 7, 0, 0, 0, 9, 0, 0, 8, 0, 7, 9, 0, 0, : 9, 7, 7, 7, 8, 8, 9, 10, 8, 4, 6, 8, 11, 4, 10, 7, 11, 9, 7, 5, 11, 8, 9, 8, 8, 10, 7, 7, 7, 8, 9, 8, 9, 7, 11, 8, 8, 7, 9, 8, 7, 9, 
53: 7, 0, 8, 6, 0, 0, 0, 0, 11, 7, 0, 9, 0, 10, 0, 0, 0, 8, 0, 0, 5, 0, 10, 0, 5, 5, 6, 0, 5, 0, 0, 10, 5, 0, 0, 6, 6, 0, 0, 0, 9, 10, 9, 0, 0, 0, 0, 10, 9, 9, 0, 0, 0, 6, 8, 0, 0, 0, 0, 8, 0, 8, 0, 10, 7, 0, 0, 7, 8, 7, 0, 0, 0, 0, 0, 9, 0, 7, 8, 0, : 7, 8, 6, 11, 7, 9, 10, 8, 5, 10, 5, 5, 6, 5, 10, 5, 6, 6, 9, 10, 9, 10, 9, 9, 6, 8, 8, 8, 10, 7, 7, 8, 7, 9, 7, 8, 
32: 0, 10, 0, 0, 9, 0, 0, 9, 7, 0, 8, 6, 0, 0, 0, 0, 0, 6, 6, 0, 5, 0, 8, 10, 0, 0, 9, 0, 8, 8, 8, 7, 10, 0, 10, 9, 0, 0, 0, 0, 9, 0, 8, 7, 0, 11, 0, 9, 0, 0, 0, 0, 0, 6, 0, 0, 7, 7, 0, 0, 0, 6, 0, 6, 0, 0, 9, 0, 0, 0, 8, 0, 7, 9, 8, 0, 7, 0, 6, 0, : 10, 9, 9, 7, 8, 6, 6, 6, 5, 8, 10, 9, 8, 8, 8, 7, 10, 10, 9, 9, 8, 7, 11, 9, 6, 7, 7, 6, 6, 9, 8, 7, 9, 8, 7, 6, 
24: 0, 7, 10, 0, 0, 0, 0, 0, 0, 6, 9, 9, 8, 0, 9, 4, 8, 0, 7, 9, 8, 6, 0, 0, 0, 0, 8, 0, 0, 0, 9, 0, 0, 7, 0, 9, 6, 5, 6, 0, 5, 0, 0, 8, 0, 0, 9, 0, 6, 8, 0, 0, 9, 8, 0, 6, 0, 7, 0, 0, 6, 7, 8, 0, 0, 0, 9, 7, 5, 0, 0, 0, 9, 6, 0, 8, 9, 0, 0, 8, : 7, 10, 6, 9, 9, 8, 9, 4, 8, 7, 9, 8, 6, 8, 9, 7, 9, 6, 5, 6, 5, 8, 9, 6, 8, 9, 8, 6, 7, 6, 7, 8, 9, 7, 5, 9, 6, 8, 9, 8, 
6: 7, 0, 0, 8, 0, 0, 0, 0, 0, 0, 0, 7, 7, 8, 0, 0, 0, 0, 8, 0, 4, 0, 11, 8, 0, 8, 0, 9, 6, 0, 7, 7, 7, 0, 0, 10, 0, 0, 8, 6, 8, 0, 0, 5, 10, 7, 5, 10, 8, 0, 6, 0, 0, 7, 0, 6, 7, 0, 6, 0, 7, 0, 0, 0, 8, 6, 8, 0, 0, 9, 8, 0, 0, 8, 7, 8, 0, 6, 7, 0, : 7, 8, 7, 7, 8, 8, 4, 11, 8, 8, 9, 6, 7, 7, 7, 10, 8, 6, 8, 5, 10, 7, 5, 10, 8, 6, 7, 6, 7, 6, 7, 8, 6, 8, 9, 8, 8, 7, 8, 6, 7, 
59: 7, 0, 6, 0, 0, 6, 8, 0, 0, 0, 6, 0, 8, 0, 0, 0, 0, 7, 0, 0, 8, 0, 7, 10, 9, 0, 8, 5, 0, 0, 11, 0, 0, 0, 5, 0, 0, 0, 0, 8, 0, 0, 7, 8, 5, 5, 0, 0, 8, 0, 0, 0, 6, 0, 0, 7, 6, 0, 0, 10, 0, 6, 9, 0, 0, 0, 0, 8, 7, 9, 8, 0, 8, 6, 0, 0, 0, 8, 0, 7, : 7, 6, 6, 8, 6, 8, 7, 8, 7, 10, 9, 8, 5, 11, 5, 8, 7, 8, 5, 5, 8, 6, 7, 6, 10, 6, 9, 8, 7, 9, 8, 8, 6, 8, 7, 
65: 0, 9, 8, 0, 11, 0, 8, 8, 0, 0, 6, 10, 0, 7, 10, 0, 10, 6, 6, 7, 0, 11, 9, 0, 0, 11, 9, 0, 8, 0, 0, 0, 0, 8, 0, 0, 9, 0, 0, 5, 0, 8, 8, 10, 0, 0, 0, 7, 0, 8, 0, 0, 0, 0, 0, 8, 8, 0, 0, 5, 7, 7, 0, 0, 0, 7, 8, 0, 0, 0, 0, 0, 7, 7, 7, 0, 0, 0, 0, 0, : 9, 8, 11, 8, 8, 6, 10, 7, 10, 10, 6, 6, 7, 11, 9, 11, 9, 8, 8, 9, 5, 8, 8, 10, 7, 8, 8, 8, 5, 7, 7, 7, 8, 7, 7, 7, 
1: 0, 0, 9, 0, 5, 0, 6, 0, 6, 7, 0, 0, 0, 0, 0, 0, 8, 0, 10, 0, 9, 0, 6, 0, 0, 0, 4, 0, 0, 0, 0, 0, 0, 11, 0, 10, 8, 0, 6, 9, 7, 0, 8, 0, 0, 0, 9, 8, 8, 8, 0, 8, 6, 0, 8, 0, 0, 8, 0, 0, 0, 0, 7, 0, 0, 5, 0, 0, 0, 7, 7, 0, 0, 7, 7, 0, 9, 7, 7, 9, : 9, 5, 6, 6, 7, 8, 10, 9, 6, 4, 11, 10, 8, 6, 9, 7, 8, 9, 8, 8, 8, 8, 6, 8, 8, 7, 5, 7, 7, 7, 7, 9, 7, 7, 9, 
77: 7, 9, 0, 8, 7, 0, 9, 6, 0, 0, 7, 7, 9, 0, 8, 0, 7, 9, 4, 7, 0, 8, 10, 0, 0, 9, 10, 0, 0, 9, 0, 9, 5, 0, 0, 7, 0, 0, 9, 0, 10, 7, 8, 0, 8, 8, 10, 7, 8, 0, 9, 6, 0, 0, 9, 0, 0, 0, 9, 9, 7, 6, 0, 0, 0, 0, 0, 0, 9, 7, 8, 8, 0, 0, 0, 0, 0, 7, 8, 0, : 7, 9, 8, 7, 9, 6, 7, 7, 9, 8, 7, 9, 4, 7, 8, 10, 9, 10, 9, 9, 5, 7, 9, 10, 7, 8, 8, 8, 10, 7, 8, 9, 6, 9, 9, 9, 7, 6, 9, 7, 8, 8, 7, 8, 
29: 0, 0, 6, 7, 0, 0, 0, 0, 10, 0, 0, 0, 0, 6, 6, 6, 9, 0, 6, 5, 11, 0, 0, 7, 9, 0, 0, 0, 9, 0, 0, 7, 8, 5, 6, 10, 6, 0, 0, 5, 7, 0, 0, 7, 0, 9, 7, 0, 0, 5, 8, 0, 10, 9, 7, 8, 9, 0, 8, 8, 8, 6, 7, 0, 0, 0, 8, 0, 0, 7, 0, 0, 0, 7, 9, 8, 6, 0, 0, 7, : 6, 7, 10, 6, 6, 6, 9, 6, 5, 11, 7, 9, 9, 7, 8, 5, 6, 10, 6, 5, 7, 7, 9, 7, 5, 8, 10, 9, 7, 8, 9, 8, 8, 8, 6, 7, 8, 7, 7, 9, 8, 6, 7, 
28: 0, 7, 0, 8, 6, 6, 0, 0, 0, 8, 0, 0, 8, 0, 6, 0, 9, 8, 0, 8, 0, 9, 0, 7, 0, 0, 0, 0, 0, 6, 9, 10, 0, 6, 10, 7, 8, 7, 0, 0, 8, 0, 0, 8, 6, 0, 0, 0, 0, 0, 8, 0, 8, 0, 8, 7, 7, 9, 7, 7, 9, 0, 8, 9, 6, 7, 0, 8, 8, 0, 0, 0, 0, 7, 7, 7, 0, 0, 8, 9, : 7, 8, 6, 6, 8, 8, 6, 9, 8, 8, 9, 7, 6, 9, 10, 6, 10, 7, 8, 7, 8, 8, 6, 8, 8, 8, 7, 7, 9, 7, 7, 9, 8, 9, 6, 7, 8, 8, 7, 7, 7, 8, 9, 
21: 0, 0, 9, 7, 0, 0, 0, 9, 0, 0, 0, 9, 7, 0, 0, 0, 0, 0, 0, 6, 8, 0, 9, 0, 9, 0, 8, 0, 0, 0, 8, 0, 0, 0, 7, 0, 9, 0, 7, 7, 8, 7, 5, 0, 7, 6, 0, 0, 8, 0, 6, 9, 0, 9, 5, 0, 0, 0, 0, 0, 0, 0, 0, 6, 0, 0, 0, 7, 0, 0, 0, 8, 9, 0, 0, 7, 9, 0, 9, 7, : 9, 7, 9, 9, 7, 6, 8, 9, 9, 8, 8, 7, 9, 7, 7, 8, 7, 5, 7, 6, 8, 6, 9, 9, 5, 6, 7, 8, 9, 7, 9, 9, 7, 
7: 9, 9, 7, 7, 8, 0, 0, 0, 9, 0, 0, 0, 7, 5, 10, 0, 0, 0, 9, 0, 8, 10, 7, 9, 8, 6, 8, 10, 0, 0, 7, 9, 0, 6, 0, 9, 0, 9, 0, 6, 0, 0, 8, 8, 7, 0, 7, 7, 0, 0, 0, 11, 0, 7, 9, 0, 8, 0, 6, 0, 9, 7, 10, 6, 5, 0, 8, 0, 7, 0, 8, 7, 0, 8, 0, 0, 0, 6, 8, 0, : 9, 9, 7, 7, 8, 9, 7, 5, 10, 9, 8, 10, 7, 9, 8, 6, 8, 10, 7, 9, 6, 9, 9, 6, 8, 8, 7, 7, 7, 11, 7, 9, 8, 6, 9, 7, 10, 6, 5, 8, 7, 8, 7, 8, 6, 8, 
74: 9, 9, 8, 0, 0, 11, 8, 0, 9, 8, 0, 0, 10, 5, 0, 9, 6, 0, 0, 4, 0, 0, 7, 9, 5, 7, 0, 0, 6, 0, 0, 0, 9, 0, 0, 0, 6, 6, 10, 0, 0, 0, 8, 7, 9, 0, 0, 8, 8, 8, 0, 5, 0, 9, 8, 0, 0, 10, 0, 7, 0, 7, 9, 0, 8, 9, 9, 7, 7, 0, 7, 0, 0, 9, 7, 8, 0, 8, 9, 7, : 9, 9, 8, 11, 8, 9, 8, 10, 5, 9, 6, 4, 7, 9, 5, 7, 6, 9, 6, 6, 10, 8, 7, 9, 8, 8, 8, 5, 9, 8, 10, 7, 7, 9, 8, 9, 9, 7, 7, 7, 9, 7, 8, 8, 9, 7, 
18: 9, 9, 0, 0, 0, 0, 7, 7, 0, 0, 0, 0, 0, 0, 0, 9, 0, 0, 0, 0, 8, 5, 0, 6, 8, 0, 9, 10, 0, 0, 7, 0, 0, 0, 0, 10, 0, 10, 7, 9, 0, 8, 7, 0, 9, 0, 7, 6, 0, 0, 8, 7, 6, 0, 0, 7, 5, 8, 8, 8, 0, 6, 0, 6, 8, 0, 8, 8, 8, 0, 0, 0, 0, 0, 6, 0, 0, 0, 0, 0, : 9, 9, 7, 7, 9, 8, 5, 6, 8, 9, 10, 7, 10, 10, 7, 9, 8, 7, 9, 7, 6, 8, 7, 6, 7, 5, 8, 8, 8, 6, 6, 8, 8, 8, 8, 6, 
80: 7, 0, 0, 0, 0, 0, 0, 5, 0, 9, 7, 0, 0, 8, 7, 0, 7, 8, 7, 0, 8, 8, 7, 0, 0, 6, 0, 0, 0, 0, 5, 0, 11, 10, 7, 8, 10, 8, 0, 10, 8, 0, 5, 10, 8, 0, 7, 7, 0, 0, 6, 7, 0, 0, 0, 8, 0, 0, 11, 0, 8, 9, 0, 0, 0, 8, 0, 0, 7, 8, 0, 8, 0, 7, 0, 0, 0, 0, 0, 6, : 7, 5, 9, 7, 8, 7, 7, 8, 7, 8, 8, 7, 6, 5, 11, 10, 7, 8, 10, 8, 10, 8, 5, 10, 8, 7, 7, 6, 7, 8, 11, 8, 9, 8, 7, 8, 8, 7, 6, 
8: 0, 5, 9, 9, 0, 6, 0, 10, 7, 0, 6, 8, 6, 9, 0, 10, 0, 5, 6, 0, 0, 0, 4, 0, 0, 0, 0, 9, 0, 0, 7, 8, 0, 11, 7, 8, 0, 8, 7, 0, 0, 7, 7, 0, 10, 10, 0, 8, 0, 5, 0, 11, 0, 0, 8, 8, 7, 0, 0, 0, 0, 0, 7, 0, 0, 8, 7, 0, 8, 8, 0, 0, 7, 0, 8, 0, 7, 0, 8, 9, : 5, 9, 9, 6, 10, 7, 6, 8, 6, 9, 10, 5, 6, 4, 9, 7, 8, 11, 7, 8, 8, 7, 7, 7, 10, 10, 8, 5, 11, 8, 8, 7, 7, 8, 7, 8, 8, 7, 8, 7, 8, 9, 
55: 0, 0, 0, 0, 0, 9, 0, 0, 7, 0, 0, 0, 0, 0, 0, 0, 0, 9, 9, 5, 0, 8, 6, 0, 8, 0, 0, 0, 0, 0, 0, 0, 0, 0, 0, 0, 0, 8, 6, 0, 0, 0, 0, 0, 6, 9, 0, 0, 6, 0, 8, 5, 0, 0, 8, 0, 5, 0, 7, 7, 7, 0, 6, 0, 0, 0, 0, 0, 0, 0, 0, 0, 9, 0, 8, 0, 0, 7, 8, 7, : 9, 7, 9, 9, 5, 8, 6, 8, 8, 6, 6, 9, 6, 8, 5, 8, 5, 7, 7, 7, 6, 9, 8, 7, 8, 7, 
48: 8, 0, 6, 0, 0, 8, 0, 10, 7, 0, 8, 8, 7, 0, 6, 0, 8, 6, 9, 0, 8, 0, 8, 9, 8, 0, 6, 0, 0, 9, 8, 0, 4, 7, 0, 7, 0, 0, 0, 0, 0, 9, 7, 8, 0, 0, 10, 0, 9, 6, 0, 5, 7, 9, 0, 6, 10, 0, 0, 7, 7, 8, 0, 0, 0, 0, 7, 0, 9, 7, 0, 0, 0, 7, 8, 0, 7, 7, 0, 0, : 8, 6, 8, 10, 7, 8, 8, 7, 6, 8, 6, 9, 8, 8, 9, 8, 6, 9, 8, 4, 7, 7, 9, 7, 8, 10, 9, 6, 5, 7, 9, 6, 10, 7, 7, 8, 7, 9, 7, 7, 8, 7, 7, 
42: 8, 9, 0, 0, 8, 0, 0, 8, 8, 6, 0, 0, 7, 0, 8, 0, 0, 7, 0, 0, 10, 7, 0, 6, 0, 0, 0, 0, 7, 0, 7, 7, 7, 10, 0, 0, 0, 0, 5, 0, 9, 0, 8, 0, 6, 0, 0, 0, 7, 7, 8, 7, 0, 6, 0, 0, 9, 0, 0, 0, 7, 8, 6, 0, 7, 0, 8, 0, 0, 9, 0, 0, 9, 0, 9, 0, 0, 8, 8, 6, : 8, 9, 8, 8, 8, 6, 7, 8, 7, 10, 7, 6, 7, 7, 7, 7, 10, 5, 9, 8, 6, 7, 7, 8, 7, 6, 9, 7, 8, 6, 7, 8, 9, 9, 9, 8, 8, 6, 
66: 8, 0, 8, 0, 0, 8, 0, 9, 8, 9, 0, 7, 0, 7, 0, 0, 5, 9, 0, 0, 9, 0, 0, 0, 7, 0, 0, 8, 0, 8, 0, 7, 7, 8, 0, 0, 11, 8, 0, 0, 8, 8, 0, 0, 5, 8, 11, 6, 0, 0, 6, 0, 0, 0, 7, 0, 0, 0, 0, 11, 0, 6, 9, 0, 6, 6, 8, 9, 0, 8, 8, 0, 7, 9, 0, 9, 9, 6, 0, 0, : 8, 8, 8, 9, 8, 9, 7, 7, 5, 9, 9, 7, 8, 8, 7, 7, 8, 11, 8, 8, 8, 5, 8, 11, 6, 6, 7, 11, 6, 9, 6, 6, 8, 9, 8, 8, 7, 9, 9, 9, 6, 
40: 0, 8, 6, 0, 8, 8, 0, 0, 10, 8, 7, 0, 7, 0, 11, 7, 0, 0, 0, 0, 10, 0, 0, 9, 8, 4, 9, 9, 7, 0, 8, 0, 7, 9, 0, 6, 6, 6, 6, 0, 6, 9, 11, 0, 10, 0, 7, 10, 0, 9, 8, 0, 9, 0, 0, 8, 0, 9, 0, 7, 0, 0, 0, 0, 0, 8, 7, 9, 9, 0, 0, 9, 7, 0, 6, 7, 0, 0, 0, 0, : 8, 6, 8, 8, 10, 8, 7, 7, 11, 7, 10, 9, 8, 4, 9, 9, 7, 8, 7, 9, 6, 6, 6, 6, 6, 9, 11, 10, 7, 10, 9, 8, 9, 8, 9, 7, 8, 7, 9, 9, 9, 7, 6, 7, 
25: 8, 8, 0, 0, 8, 8, 0, 7, 8, 9, 11, 8, 0, 6, 0, 10, 10, 0, 0, 8, 0, 0, 0, 0, 0, 9, 0, 0, 5, 0, 10, 7, 0, 0, 0, 0, 8, 0, 0, 0, 7, 8, 6, 0, 8, 5, 9, 10, 8, 6, 7, 0, 9, 9, 0, 0, 0, 8, 7, 7, 0, 0, 0, 11, 7, 6, 7, 0, 0, 6, 0, 7, 6, 0, 0, 8, 0, 0, 0, 0, : 8, 8, 8, 8, 7, 8, 9, 11, 8, 6, 10, 10, 8, 9, 5, 10, 7, 8, 7, 8, 6, 8, 5, 9, 10, 8, 6, 7, 9, 9, 8, 7, 7, 11, 7, 6, 7, 6, 7, 6, 8, 
49: 0, 0, 0, 0, 9, 7, 8, 10, 0, 0, 8, 7, 6, 7, 9, 9, 5, 4, 0, 9, 0, 0, 8, 6, 7, 7, 0, 0, 0, 5, 0, 6, 7, 0, 0, 6, 0, 0, 0, 7, 0, 9, 0, 0, 8, 0, 0, 7, 0, 0, 7, 8, 7, 0, 0, 5, 0, 6, 0, 0, 9, 0, 8, 6, 0, 7, 9, 0, 0, 0, 7, 0, 7, 0, 0, 7, 0, 0, 0, 0, : 9, 7, 8, 10, 8, 7, 6, 7, 9, 9, 5, 4, 9, 8, 6, 7, 7, 5, 6, 7, 6, 7, 9, 8, 7, 7, 8, 7, 5, 6, 9, 8, 6, 7, 9, 7, 7, 7, 
45: 7, 0, 7, 0, 10, 0, 0, 9, 8, 0, 0, 7, 0, 0, 4, 0, 0, 8, 0, 0, 0, 9, 5, 8, 0, 0, 0, 0, 7, 0, 5, 4, 7, 0, 6, 0, 5, 0, 0, 9, 7, 7, 0, 0, 10, 0, 8, 10, 10, 0, 9, 0, 0, 10, 8, 9, 6, 0, 0, 0, 9, 0, 0, 8, 6, 7, 0, 7, 0, 8, 7, 0, 0, 0, 0, 0, 8, 9, 0, 0, : 7, 7, 10, 9, 8, 7, 4, 8, 9, 5, 8, 7, 5, 4, 7, 6, 5, 9, 7, 7, 10, 8, 10, 10, 9, 10, 8, 9, 6, 9, 8, 6, 7, 7, 8, 7, 8, 9, 
17: 0, 0, 0, 0, 0, 7, 8, 10, 0, 7, 7, 0, 0, 0, 0, 6, 0, 8, 0, 7, 7, 8, 5, 0, 0, 9, 7, 7, 0, 10, 0, 7, 8, 0, 8, 0, 6, 7, 6, 0, 8, 6, 0, 8, 0, 0, 0, 0, 7, 0, 0, 8, 6, 8, 6, 6, 0, 9, 0, 0, 0, 0, 0, 7, 0, 0, 0, 8, 0, 7, 8, 0, 9, 8, 7, 0, 9, 9, 7, 8, : 7, 8, 10, 7, 7, 6, 8, 7, 7, 8, 5, 9, 7, 7, 10, 7, 8, 8, 6, 7, 6, 8, 6, 8, 7, 8, 6, 8, 6, 6, 9, 7, 8, 7, 8, 9, 8, 7, 9, 9, 7, 8, 
71: 7, 7, 0, 7, 9, 9, 7, 8, 7, 10, 0, 6, 0, 7, 6, 0, 6, 0, 0, 0, 0, 6, 6, 8, 0, 9, 0, 10, 10, 8, 8, 7, 5, 9, 11, 0, 0, 0, 8, 0, 0, 0, 9, 0, 0, 0, 8, 6, 0, 8, 0, 9, 7, 5, 7, 10, 0, 6, 8, 0, 6, 0, 7, 0, 0, 10, 0, 0, 9, 0, 7, 9, 0, 0, 0, 0, 9, 9, 7, 0, : 7, 7, 7, 9, 9, 7, 8, 7, 10, 6, 7, 6, 6, 6, 6, 8, 9, 10, 10, 8, 8, 7, 5, 9, 11, 8, 9, 8, 6, 8, 9, 7, 5, 7, 10, 6, 8, 6, 7, 10, 9, 7, 9, 9, 9, 7, 
27: 7, 0, 9, 6, 0, 0, 11, 7, 0, 0, 0, 0, 0, 0, 0, 0, 0, 0, 5, 0, 0, 0, 0, 8, 0, 8, 0, 7, 0, 10, 8, 0, 7, 8, 0, 0, 0, 0, 7, 9, 0, 7, 7, 0, 0, 9, 6, 0, 0, 10, 5, 0, 7, 7, 0, 8, 0, 8, 0, 0, 7, 0, 6, 0, 0, 0, 0, 0, 0, 7, 9, 7, 8, 9, 0, 7, 0, 0, 0, 7, : 7, 9, 6, 11, 7, 5, 8, 8, 7, 10, 8, 7, 8, 7, 9, 7, 7, 9, 6, 10, 5, 7, 7, 8, 8, 7, 6, 7, 9, 7, 8, 9, 7, 7, 
22: 0, 9, 8, 0, 7, 8, 0, 10, 7, 8, 10, 8, 0, 0, 0, 8, 6, 9, 6, 10, 0, 0, 0, 0, 7, 8, 0, 0, 10, 8, 0, 8, 0, 0, 0, 0, 0, 0, 6, 7, 0, 0, 0, 0, 7, 0, 0, 0, 8, 0, 6, 0, 7, 0, 7, 0, 7, 0, 8, 6, 10, 0, 0, 0, 0, 9, 0, 0, 0, 0, 0, 8, 9, 8, 0, 6, 8, 0, 0, 7, : 9, 8, 7, 8, 10, 7, 8, 10, 8, 8, 6, 9, 6, 10, 7, 8, 10, 8, 8, 6, 7, 7, 8, 6, 7, 7, 7, 8, 6, 10, 9, 8, 9, 8, 6, 8, 7, 
4: 9, 7, 7, 0, 8, 0, 9, 0, 0, 0, 9, 0, 6, 0, 6, 0, 0, 11, 0, 0, 11, 8, 8, 0, 9, 0, 0, 0, 9, 0, 0, 8, 9, 8, 0, 6, 9, 7, 0, 10, 0, 0, 0, 0, 0, 7, 0, 0, 0, 0, 5, 0, 0, 10, 0, 0, 0, 7, 0, 0, 0, 0, 0, 7, 0, 0, 0, 8, 0, 7, 7, 0, 0, 8, 8, 8, 0, 0, 9, 0, : 9, 7, 7, 8, 9, 9, 6, 6, 11, 11, 8, 8, 9, 9, 8, 9, 8, 6, 9, 7, 10, 7, 5, 10, 7, 7, 8, 7, 7, 8, 8, 8, 9, 
14: 9, 0, 9, 0, 0, 9, 8, 0, 10, 0, 9, 0, 5, 7, 10, 9, 0, 0, 0, 7, 0, 6, 0, 5, 8, 0, 8, 0, 8, 5, 0, 5, 0, 6, 6, 0, 6, 9, 8, 8, 0, 10, 0, 6, 0, 9, 6, 6, 0, 0, 0, 0, 0, 0, 6, 0, 0, 9, 6, 8, 0, 0, 0, 7, 0, 0, 9, 0, 0, 0, 0, 7, 0, 8, 0, 0, 7, 0, 7, 0, : 9, 9, 9, 8, 10, 9, 5, 7, 10, 9, 7, 6, 5, 8, 8, 8, 5, 5, 6, 6, 6, 9, 8, 8, 10, 6, 9, 6, 6, 6, 9, 6, 8, 7, 9, 7, 8, 7, 7, 
19: 7, 0, 6, 6, 6, 7, 6, 6, 0, 6, 7, 0, 0, 0, 0, 8, 9, 0, 9, 6, 7, 9, 7, 7, 4, 8, 0, 8, 0, 0, 0, 8, 7, 6, 0, 0, 8, 10, 0, 10, 0, 9, 0, 0, 0, 7, 6, 0, 0, 7, 0, 0, 10, 0, 9, 9, 8, 0, 8, 0, 0, 0, 6, 0, 10, 6, 7, 5, 0, 8, 7, 9, 0, 8, 0, 0, 0, 8, 9, 0, : 7, 6, 6, 6, 7, 6, 6, 6, 7, 8, 9, 9, 6, 7, 9, 7, 7, 4, 8, 8, 8, 7, 6, 8, 10, 10, 9, 7, 6, 7, 10, 9, 9, 8, 8, 6, 10, 6, 7, 5, 8, 7, 9, 8, 8, 9, 
26: 0, 6, 0, 0, 0, 6, 8, 6, 0, 6, 0, 8, 7, 7, 0, 9, 0, 8, 0, 0, 8, 0, 9, 9, 0, 0, 7, 0, 0, 0, 0, 8, 0, 6, 0, 0, 0, 5, 0, 0, 0, 9, 0, 7, 8, 5, 0, 10, 10, 0, 0, 9, 7, 8, 7, 8, 0, 0, 5, 8, 11, 7, 0, 9, 10, 6, 5, 8, 0, 0, 0, 0, 0, 0, 7, 9, 0, 0, 9, 0, : 6, 6, 8, 6, 6, 8, 7, 7, 9, 8, 8, 9, 9, 7, 8, 6, 5, 9, 7, 8, 5, 10, 10, 9, 7, 8, 7, 8, 5, 8, 11, 7, 9, 10, 6, 5, 8, 7, 9, 9, 
56: 9, 0, 9, 0, 9, 0, 0, 0, 0, 0, 7, 0, 9, 10, 8, 0, 0, 0, 9, 0, 0, 9, 10, 9, 0, 0, 8, 7, 0, 7, 7, 0, 6, 0, 0, 0, 10, 6, 0, 0, 0, 9, 0, 9, 8, 6, 0, 10, 0, 0, 9, 8, 0, 0, 0, 0, 0, 8, 0, 9, 0, 9, 0, 0, 8, 0, 0, 0, 9, 0, 9, 0, 0, 0, 9, 8, 0, 8, 6, 0, : 9, 9, 9, 7, 9, 10, 8, 9, 9, 10, 9, 8, 7, 7, 7, 6, 10, 6, 9, 9, 8, 6, 10, 9, 8, 8, 9, 9, 8, 9, 9, 9, 8, 8, 6, 
60: 0, 8, 0, 9, 0, 0, 0, 0, 0, 0, 0, 10, 0, 0, 0, 8, 10, 0, 0, 0, 9, 10, 11, 0, 0, 10, 0, 0, 7, 0, 0, 9, 0, 11, 9, 6, 0, 11, 7, 6, 0, 0, 9, 9, 7, 0, 0, 9, 10, 9, 9, 7, 7, 0, 0, 0, 10, 8, 10, 6, 7, 8, 0, 0, 0, 9, 0, 7, 8, 0, 0, 0, 7, 0, 8, 0, 8, 0, 7, 0, : 8, 9, 10, 8, 10, 9, 10, 11, 10, 7, 9, 11, 9, 6, 11, 7, 6, 9, 9, 7, 9, 10, 9, 9, 7, 7, 10, 8, 10, 6, 7, 8, 9, 7, 8, 7, 8, 8, 7, 
50: 0, 7, 0, 7, 9, 6, 8, 0, 7, 0, 7, 7, 6, 0, 8, 0, 8, 0, 0, 0, 0, 6, 0, 7, 10, 0, 6, 8, 0, 6, 0, 10, 0, 0, 8, 0, 6, 0, 7, 0, 7, 0, 0, 0, 10, 8, 0, 0, 8, 0, 6, 6, 0, 10, 9, 8, 0, 6, 0, 6, 7, 0, 0, 0, 7, 0, 0, 0, 8, 0, 0, 7, 7, 0, 0, 8, 0, 0, 0, 0, : 7, 7, 9, 6, 8, 7, 7, 7, 6, 8, 8, 6, 7, 10, 6, 8, 6, 10, 8, 6, 7, 7, 10, 8, 8, 6, 6, 10, 9, 8, 6, 6, 7, 7, 8, 7, 7, 8, 
5: 8, 0, 0, 6, 0, 5, 0, 0, 0, 0, 0, 0, 0, 0, 9, 7, 0, 9, 9, 0, 0, 7, 6, 0, 5, 8, 6, 0, 8, 0, 9, 11, 8, 0, 0, 0, 7, 0, 9, 0, 0, 7, 0, 0, 0, 5, 0, 0, 0, 6, 5, 9, 0, 8, 10, 0, 0, 0, 8, 10, 0, 0, 9, 0, 9, 8, 7, 0, 0, 0, 7, 0, 0, 0, 0, 7, 0, 0, 0, 9, : 8, 6, 5, 9, 7, 9, 9, 7, 6, 5, 8, 6, 8, 9, 11, 8, 7, 9, 7, 5, 6, 5, 9, 8, 10, 8, 10, 9, 9, 8, 7, 7, 7, 9, 
52: 0, 7, 0, 6, 6, 9, 0, 0, 7, 0, 8, 0, 9, 0, 0, 10, 9, 0, 0, 0, 0, 0, 0, 11, 10, 0, 10, 8, 0, 0, 0, 0, 10, 0, 10, 9, 0, 9, 0, 7, 6, 0, 0, 0, 9, 0, 6, 0, 9, 7, 0, 8, 6, 0, 0, 7, 0, 8, 0, 8, 8, 0, 7, 7, 0, 9, 0, 9, 8, 8, 8, 0, 8, 0, 8, 0, 0, 9, 7, 9, : 7, 6, 6, 9, 7, 8, 9, 10, 9, 11, 10, 10, 8, 10, 10, 9, 9, 7, 6, 9, 6, 9, 7, 8, 6, 7, 8, 8, 8, 7, 7, 9, 9, 8, 8, 8, 8, 8, 9, 7, 9, 
46: 0, 8, 0, 9, 6, 9, 5, 9, 0, 0, 11, 0, 5, 0, 8, 0, 0, 9, 0, 0, 7, 0, 0, 0, 8, 0, 7, 10, 0, 7, 7, 0, 0, 0, 6, 0, 7, 10, 0, 0, 0, 7, 0, 7, 0, 0, 0, 0, 0, 7, 0, 0, 0, 8, 8, 7, 5, 0, 0, 0, 0, 0, 6, 8, 9, 8, 0, 9, 8, 0, 9, 6, 7, 0, 0, 8, 8, 0, 0, 7, : 8, 9, 6, 9, 5, 9, 11, 5, 8, 9, 7, 8, 7, 10, 7, 7, 6, 7, 10, 7, 7, 7, 8, 8, 7, 5, 6, 8, 9, 8, 9, 8, 9, 6, 7, 8, 8, 7, 
36: 7, 0, 10, 0, 9, 7, 6, 0, 0, 7, 0, 6, 8, 10, 7, 8, 0, 10, 0, 0, 9, 6, 0, 0, 6, 9, 0, 8, 9, 0, 0, 0, 9, 10, 0, 6, 0, 11, 0, 0, 9, 0, 0, 0, 0, 0, 8, 8, 0, 6, 0, 10, 0, 8, 9, 0, 8, 6, 7, 9, 7, 0, 7, 6, 0, 9, 0, 0, 7, 0, 0, 0, 0, 0, 0, 7, 8, 0, 7, 8, : 7, 10, 9, 7, 6, 7, 6, 8, 10, 7, 8, 10, 9, 6, 6, 9, 8, 9, 9, 10, 6, 11, 9, 8, 8, 6, 10, 8, 9, 8, 6, 7, 9, 7, 7, 6, 9, 7, 7, 8, 7, 8, 
2: 6, 0, 0, 0, 0, 0, 8, 0, 8, 6, 7, 7, 0, 8, 6, 0, 0, 0, 8, 8, 0, 6, 0, 0, 0, 10, 9, 8, 8, 0, 7, 8, 10, 0, 6, 10, 7, 0, 10, 9, 0, 6, 0, 5, 0, 0, 0, 6, 10, 0, 11, 0, 0, 0, 0, 0, 8, 0, 8, 6, 0, 0, 7, 0, 0, 9, 7, 8, 0, 0, 0, 9, 7, 0, 7, 7, 0, 7, 0, 9, : 6, 8, 8, 6, 7, 7, 8, 6, 8, 8, 6, 10, 9, 8, 8, 7, 8, 10, 6, 10, 7, 10, 9, 6, 5, 6, 10, 11, 8, 8, 6, 7, 9, 7, 8, 9, 7, 7, 7, 7, 9, 
72: 8, 0, 0, 0, 0, 0, 0, 0, 0, 11, 0, 7, 0, 7, 0, 0, 0, 0, 0, 0, 0, 7, 0, 8, 9, 8, 0, 0, 0, 7, 0, 0, 11, 8, 6, 7, 0, 9, 0, 0, 0, 7, 0, 9, 0, 0, 8, 0, 0, 6, 0, 0, 0, 7, 6, 0, 0, 8, 6, 0, 0, 0, 0, 0, 0, 10, 10, 0, 0, 8, 9, 8, 8, 7, 0, 7, 7, 8, 0, 0, : 8, 11, 7, 7, 7, 8, 9, 8, 7, 11, 8, 6, 7, 9, 7, 9, 8, 6, 7, 6, 8, 6, 10, 10, 8, 9, 8, 8, 7, 7, 7, 8, 
16: 8, 7, 6, 0, 0, 0, 5, 6, 0, 0, 0, 7, 0, 0, 0, 10, 0, 0, 10, 11, 0, 0, 0, 8, 4, 8, 9, 0, 7, 8, 0, 5, 0, 0, 0, 8, 10, 0, 10, 7, 0, 0, 8, 0, 8, 8, 0, 0, 0, 0, 11, 6, 0, 0, 0, 0, 7, 8, 10, 0, 8, 8, 0, 9, 8, 7, 7, 8, 0, 8, 9, 7, 0, 0, 0, 7, 7, 9, 0, 8, : 8, 7, 6, 5, 6, 7, 10, 10, 11, 8, 4, 8, 9, 7, 8, 5, 8, 10, 10, 7, 8, 8, 8, 11, 6, 7, 8, 10, 8, 8, 9, 8, 7, 7, 8, 8, 9, 7, 7, 7, 9, 8, 
13: 8, 7, 0, 5, 0, 6, 0, 8, 0, 7, 6, 0, 0, 9, 10, 0, 0, 0, 0, 6, 0, 7, 0, 0, 7, 7, 7, 0, 9, 8, 8, 8, 7, 0, 11, 0, 0, 8, 7, 0, 0, 5, 7, 9, 0, 0, 0, 0, 8, 9, 0, 0, 6, 8, 0, 0, 8, 0, 0, 0, 8, 7, 8, 7, 0, 0, 0, 0, 8, 7, 9, 8, 0, 0, 0, 0, 0, 0, 7, 8, : 8, 7, 5, 6, 8, 7, 6, 9, 10, 6, 7, 7, 7, 7, 9, 8, 8, 8, 7, 11, 8, 7, 5, 7, 9, 8, 9, 6, 8, 8, 8, 7, 8, 7, 8, 7, 9, 8, 7, 8, 
68: 0, 8, 0, 8, 0, 0, 0, 0, 0, 0, 0, 7, 7, 8, 0, 0, 0, 0, 6, 8, 0, 0, 0, 0, 8, 0, 0, 10, 7, 8, 0, 7, 0, 7, 5, 7, 6, 0, 0, 7, 7, 5, 5, 0, 0, 7, 10, 6, 8, 0, 0, 8, 0, 0, 0, 0, 0, 0, 0, 0, 7, 0, 8, 7, 0, 9, 6, 7, 7, 0, 0, 0, 0, 0, 9, 8, 0, 9, 7, 0, : 8, 8, 7, 7, 8, 6, 8, 8, 10, 7, 8, 7, 7, 5, 7, 6, 7, 7, 5, 5, 7, 10, 6, 8, 8, 7, 8, 7, 9, 6, 7, 7, 9, 8, 9, 7, 
35: 0, 8, 9, 6, 5, 0, 10, 6, 0, 8, 7, 0, 0, 0, 0, 6, 8, 0, 0, 0, 7, 0, 0, 8, 7, 0, 0, 9, 0, 8, 6, 0, 0, 0, 0, 0, 0, 6, 0, 10, 0, 0, 7, 0, 0, 0, 7, 0, 0, 8, 9, 0, 7, 0, 0, 6, 0, 8, 7, 10, 6, 8, 0, 9, 6, 8, 0, 7, 8, 0, 0, 0, 0, 0, 7, 7, 6, 7, 7, 0, : 8, 9, 6, 5, 10, 6, 8, 7, 6, 8, 7, 8, 7, 9, 8, 6, 6, 10, 7, 7, 8, 9, 7, 6, 8, 7, 10, 6, 8, 9, 6, 8, 7, 8, 7, 7, 6, 7, 7, 
61: 9, 0, 0, 0, 6, 5, 0, 0, 7, 7, 9, 0, 10, 8, 6, 0, 7, 0, 8, 0, 0, 11, 0, 0, 8, 8, 10, 4, 6, 0, 8, 10, 0, 0, 8, 10, 0, 8, 6, 6, 0, 0, 7, 0, 0, 0, 0, 0, 6, 8, 0, 0, 0, 7, 0, 5, 0, 6, 0, 8, 0, 8, 8, 6, 8, 0, 10, 7, 7, 0, 8, 8, 8, 8, 8, 0, 7, 0, 0, 0, : 9, 6, 5, 7, 7, 9, 10, 8, 6, 7, 8, 11, 8, 8, 10, 4, 6, 8, 10, 8, 10, 8, 6, 6, 7, 6, 8, 7, 5, 6, 8, 8, 8, 6, 8, 10, 7, 7, 8, 8, 8, 8, 8, 7, 
73: 0, 9, 0, 9, 8, 0, 0, 0, 5, 0, 0, 0, 6, 0, 0, 8, 5, 9, 11, 10, 6, 7, 6, 0, 0, 0, 10, 0, 7, 9, 0, 11, 0, 0, 6, 0, 0, 7, 0, 0, 8, 0, 5, 8, 6, 7, 0, 8, 7, 8, 10, 10, 0, 8, 0, 10, 8, 0, 9, 0, 7, 11, 6, 8, 0, 0, 9, 8, 0, 0, 0, 8, 7, 0, 7, 9, 0, 0, 0, 0, : 9, 9, 8, 5, 6, 8, 5, 9, 11, 10, 6, 7, 6, 10, 7, 9, 11, 6, 7, 8, 5, 8, 6, 7, 8, 7, 8, 10, 10, 8, 10, 8, 9, 7, 11, 6, 8, 9, 8, 8, 7, 7, 9, 
51: 10, 7, 0, 0, 6, 0, 0, 7, 0, 0, 0, 0, 7, 0, 7, 0, 0, 7, 0, 7, 0, 8, 0, 0, 0, 0, 0, 6, 0, 0, 0, 8, 0, 8, 7, 9, 0, 0, 0, 0, 6, 0, 0, 8, 6, 0, 6, 0, 7, 10, 6, 0, 0, 0, 7, 0, 0, 10, 0, 7, 9, 9, 11, 8, 6, 9, 0, 8, 8, 9, 8, 0, 6, 8, 7, 0, 8, 8, 9, 7, : 10, 7, 6, 7, 7, 7, 7, 7, 8, 6, 8, 8, 7, 9, 6, 8, 6, 6, 7, 10, 6, 7, 10, 7, 9, 9, 11, 8, 6, 9, 8, 8, 9, 8, 6, 8, 7, 8, 8, 9, 7, 
10: 0, 8, 7, 7, 0, 0, 9, 0, 0, 8, 9, 8, 0, 10, 10, 9, 9, 6, 0, 5, 8, 0, 8, 0, 11, 6, 0, 9, 10, 7, 6, 0, 8, 7, 0, 6, 0, 0, 0, 11, 0, 0, 9, 9, 7, 7, 0, 0, 0, 10, 7, 8, 0, 6, 0, 0, 9, 9, 9, 0, 0, 6, 0, 6, 8, 7, 0, 7, 0, 8, 7, 7, 0, 7, 7, 0, 0, 0, 0, 0, : 8, 7, 7, 9, 8, 9, 8, 10, 10, 9, 9, 6, 5, 8, 8, 11, 6, 9, 10, 7, 6, 8, 7, 6, 11, 9, 9, 7, 7, 10, 7, 8, 6, 9, 9, 9, 6, 6, 8, 7, 7, 8, 7, 7, 7, 7, 
57: 8, 0, 8, 0, 0, 11, 9, 0, 10, 0, 0, 10, 8, 6, 8, 8, 6, 0, 9, 10, 7, 0, 8, 4, 0, 0, 8, 0, 0, 0, 8, 0, 0, 6, 7, 0, 0, 7, 0, 6, 0, 0, 0, 0, 6, 6, 0, 0, 0, 0, 0, 0, 11, 0, 0, 0, 9, 6, 6, 8, 0, 0, 8, 6, 0, 0, 0, 7, 8, 8, 0, 8, 0, 0, 0, 0, 0, 9, 0, 0, : 8, 8, 11, 9, 10, 10, 8, 6, 8, 8, 6, 9, 10, 7, 8, 4, 8, 8, 6, 7, 7, 6, 6, 6, 11, 9, 6, 6, 8, 8, 6, 7, 8, 8, 8, 9, 
41: 0, 9, 8, 0, 0, 0, 9, 0, 6, 7, 8, 0, 0, 0, 0, 8, 4, 10, 0, 9, 7, 0, 0, 8, 0, 0, 0, 0, 9, 10, 0, 0, 0, 0, 0, 0, 10, 0, 0, 0, 10, 8, 0, 0, 8, 6, 7, 8, 0, 8, 0, 0, 7, 0, 0, 0, 0, 8, 7, 0, 6, 0, 7, 8, 7, 0, 0, 0, 7, 7, 8, 7, 0, 0, 0, 0, 7, 8, 0, 0, : 9, 8, 9, 6, 7, 8, 8, 4, 10, 9, 7, 8, 9, 10, 10, 10, 8, 8, 6, 7, 8, 8, 7, 8, 7, 6, 7, 8, 7, 7, 7, 8, 7, 7, 8, 
20: 9, 0, 0, 9, 0, 0, 0, 0, 0, 8, 8, 0, 7, 0, 6, 0, 0, 0, 5, 0, 0, 8, 0, 0, 0, 0, 0, 9, 0, 0, 0, 0, 0, 0, 11, 8, 0, 9, 0, 8, 5, 0, 8, 0, 0, 0, 5, 9, 6, 0, 11, 0, 0, 6, 0, 9, 9, 0, 0, 0, 0, 5, 0, 0, 0, 0, 0, 0, 0, 7, 8, 7, 0, 0, 7, 0, 0, 0, 9, 0, : 9, 9, 8, 8, 7, 6, 5, 8, 9, 11, 8, 9, 8, 5, 8, 5, 9, 6, 11, 6, 9, 9, 5, 7, 8, 7, 7, 9, 
69: 0, 7, 0, 7, 11, 9, 0, 0, 0, 8, 0, 0, 0, 10, 8, 0, 9, 5, 9, 0, 0, 0, 0, 9, 0, 0, 0, 6, 9, 8, 0, 0, 7, 0, 0, 0, 8, 0, 9, 10, 8, 0, 6, 7, 0, 9, 0, 0, 0, 0, 0, 0, 0, 7, 6, 0, 0, 7, 9, 7, 8, 0, 0, 9, 10, 7, 0, 0, 0, 7, 0, 9, 8, 0, 9, 9, 0, 7, 0, 0, : 7, 7, 11, 9, 8, 10, 8, 9, 5, 9, 9, 6, 9, 8, 7, 8, 9, 10, 8, 6, 7, 9, 7, 6, 7, 9, 7, 8, 9, 10, 7, 7, 9, 8, 9, 9, 7, 
43: 0, 8, 8, 9, 0, 9, 8, 0, 8, 0, 8, 0, 0, 6, 0, 7, 0, 9, 0, 8, 8, 0, 10, 0, 0, 9, 0, 0, 0, 6, 11, 0, 0, 0, 0, 0, 0, 0, 0, 7, 0, 7, 0, 7, 9, 5, 7, 6, 6, 7, 7, 0, 0, 6, 8, 0, 0, 0, 0, 6, 0, 9, 0, 8, 0, 0, 8, 8, 0, 0, 0, 7, 0, 7, 0, 0, 0, 7, 9, 9, : 8, 8, 9, 9, 8, 8, 8, 6, 7, 9, 8, 8, 10, 9, 6, 11, 7, 7, 7, 9, 5, 7, 6, 6, 7, 7, 6, 8, 6, 9, 8, 8, 8, 7, 7, 7, 9, 9, 
37: 7, 7, 0, 10, 7, 6, 7, 6, 7, 8, 0, 0, 9, 0, 0, 0, 7, 0, 5, 5, 0, 10, 6, 0, 0, 0, 0, 0, 9, 7, 0, 8, 0, 6, 9, 0, 0, 6, 10, 10, 0, 0, 7, 0, 5, 8, 0, 0, 0, 0, 0, 0, 0, 0, 9, 9, 7, 7, 6, 8, 6, 0, 0, 10, 9, 8, 0, 0, 0, 0, 0, 6, 7, 0, 0, 9, 8, 0, 0, 8, : 7, 7, 10, 7, 6, 7, 6, 7, 8, 9, 7, 5, 5, 10, 6, 9, 7, 8, 6, 9, 6, 10, 10, 7, 5, 8, 9, 9, 7, 7, 6, 8, 6, 10, 9, 8, 6, 7, 9, 8, 8, 
12: 0, 0, 7, 7, 0, 9, 8, 5, 0, 0, 0, 7, 11, 0, 0, 8, 0, 8, 0, 0, 0, 7, 0, 0, 0, 0, 7, 7, 7, 8, 0, 6, 8, 7, 0, 5, 0, 9, 7, 0, 7, 7, 9, 5, 0, 0, 10, 0, 6, 0, 9, 0, 8, 0, 0, 7, 0, 0, 9, 0, 0, 0, 0, 0, 0, 0, 0, 0, 0, 9, 0, 7, 7, 0, 8, 6, 7, 0, 8, 7, : 7, 7, 9, 8, 5, 7, 11, 8, 8, 7, 7, 7, 7, 8, 6, 8, 7, 5, 9, 7, 7, 7, 9, 5, 10, 6, 9, 8, 7, 9, 9, 7, 7, 8, 6, 7, 8, 7, 
79: 0, 0, 0, 8, 8, 9, 6, 8, 8, 8, 5, 6, 0, 0, 0, 6, 8, 0, 7, 8, 10, 0, 5, 4, 0, 0, 8, 7, 9, 0, 9, 0, 7, 0, 0, 6, 10, 6, 0, 6, 9, 8, 0, 5, 0, 7, 0, 0, 6, 0, 0, 7, 7, 7, 6, 0, 0, 0, 0, 0, 9, 8, 7, 7, 0, 0, 0, 7, 8, 7, 9, 6, 0, 8, 0, 7, 9, 7, 7, 0, : 8, 8, 9, 6, 8, 8, 8, 5, 6, 6, 8, 7, 8, 10, 5, 4, 8, 7, 9, 9, 7, 6, 10, 6, 6, 9, 8, 5, 7, 6, 7, 7, 7, 6, 9, 8, 7, 7, 7, 8, 7, 9, 6, 8, 7, 9, 7, 7, 
70: 0, 0, 0, 7, 0, 0, 8, 0, 7, 0, 7, 11, 9, 0, 9, 5, 9, 5, 0, 0, 9, 0, 0, 8, 0, 4, 0, 7, 0, 0, 0, 0, 8, 0, 0, 0, 0, 0, 9, 0, 9, 0, 0, 0, 0, 8, 0, 9, 6, 0, 0, 6, 7, 10, 0, 8, 8, 8, 9, 5, 0, 7, 0, 8, 7, 0, 7, 0, 8, 0, 0, 0, 8, 7, 0, 8, 0, 9, 0, 9, : 7, 8, 7, 7, 11, 9, 9, 5, 9, 5, 9, 8, 4, 7, 8, 9, 9, 8, 9, 6, 6, 7, 10, 8, 8, 8, 9, 5, 7, 8, 7, 7, 8, 8, 7, 8, 9, 9, 
78: 0, 8, 0, 0, 0, 0, 0, 8, 0, 7, 0, 6, 10, 7, 6, 8, 8, 7, 5, 10, 0, 0, 0, 0, 8, 0, 7, 9, 0, 5, 8, 0, 8, 0, 8, 5, 6, 8, 0, 0, 8, 8, 0, 0, 0, 9, 0, 6, 0, 8, 6, 0, 8, 0, 0, 0, 6, 0, 8, 0, 0, 10, 10, 0, 0, 0, 0, 8, 7, 0, 8, 8, 8, 0, 0, 0, 0, 7, 0, 8, : 8, 8, 7, 6, 10, 7, 6, 8, 8, 7, 5, 10, 8, 7, 9, 5, 8, 8, 8, 5, 6, 8, 8, 8, 9, 6, 8, 6, 8, 6, 8, 10, 10, 8, 7, 8, 8, 8, 7, 8, 
54: 0, 8, 0, 0, 0, 0, 0, 5, 6, 7, 0, 5, 5, 7, 0, 0, 0, 9, 8, 0, 10, 7, 0, 6, 0, 0, 7, 0, 7, 11, 0, 0, 0, 0, 9, 8, 0, 0, 0, 0, 6, 0, 9, 8, 8, 0, 7, 7, 7, 0, 0, 7, 7, 7, 0, 8, 0, 7, 0, 6, 0, 9, 0, 0, 0, 6, 7, 0, 0, 0, 0, 0, 0, 9, 0, 0, 9, 0, 0, 0, : 8, 5, 6, 7, 5, 5, 7, 9, 8, 10, 7, 6, 7, 7, 11, 9, 8, 6, 9, 8, 8, 7, 7, 7, 7, 7, 7, 8, 7, 6, 9, 6, 7, 9, 9, 
31: 0, 0, 5, 8, 0, 0, 0, 7, 0, 11, 0, 0, 10, 10, 0, 6, 0, 0, 0, 0, 6, 0, 9, 6, 7, 0, 0, 0, 0, 0, 0, 0, 0, 0, 6, 0, 0, 6, 0, 0, 0, 7, 10, 0, 0, 0, 9, 0, 0, 0, 9, 0, 8, 0, 6, 7, 0, 0, 8, 0, 0, 0, 7, 0, 11, 7, 0, 0, 0, 0, 7, 0, 9, 7, 7, 0, 8, 0, 9, 0, : 5, 8, 7, 11, 10, 10, 6, 6, 9, 6, 7, 6, 6, 7, 10, 9, 9, 8, 6, 7, 8, 7, 11, 7, 7, 9, 7, 7, 8, 9, 
58: 0, 6, 9, 10, 8, 0, 0, 0, 8, 0, 7, 8, 0, 6, 9, 7, 0, 5, 10, 7, 0, 0, 0, 0, 0, 9, 0, 8, 7, 0, 0, 0, 7, 7, 10, 0, 9, 0, 8, 0, 8, 0, 7, 8, 0, 10, 5, 8, 0, 7, 0, 7, 0, 0, 9, 7, 0, 0, 10, 0, 0, 7, 7, 9, 6, 0, 0, 0, 7, 9, 8, 9, 8, 7, 0, 0, 0, 0, 0, 8, : 6, 9, 10, 8, 8, 7, 8, 6, 9, 7, 5, 10, 7, 9, 8, 7, 7, 7, 10, 9, 8, 8, 7, 8, 10, 5, 8, 7, 7, 9, 7, 10, 7, 7, 9, 6, 7, 9, 8, 9, 8, 7, 8, 
15: 0, 0, 8, 8, 7, 8, 6, 10, 0, 0, 0, 0, 7, 0, 7, 0, 5, 9, 0, 0, 0, 0, 0, 5, 8, 8, 9, 9, 0, 7, 9, 0, 0, 8, 6, 0, 0, 0, 7, 0, 0, 8, 0, 8, 0, 0, 0, 6, 0, 10, 9, 6, 9, 0, 6, 0, 0, 0, 0, 8, 0, 0, 8, 8, 9, 7, 0, 0, 0, 0, 0, 0, 0, 7, 0, 0, 0, 8, 0, 0, : 8, 8, 7, 8, 6, 10, 7, 7, 5, 9, 5, 8, 8, 9, 9, 7, 9, 8, 6, 7, 8, 8, 6, 10, 9, 6, 9, 6, 8, 8, 8, 9, 7, 7, 8, 
76: 0, 0, 0, 5, 8, 0, 7, 7, 0, 9, 6, 0, 0, 0, 0, 0, 10, 0, 0, 0, 0, 0, 0, 0, 0, 7, 5, 0, 7, 0, 0, 0, 0, 9, 0, 10, 7, 0, 9, 0, 10, 0, 0, 5, 9, 0, 0, 10, 9, 8, 0, 0, 0, 0, 7, 0, 8, 8, 8, 9, 0, 10, 0, 0, 8, 6, 8, 0, 0, 9, 7, 0, 0, 9, 7, 9, 7, 0, 8, 7, : 5, 8, 7, 7, 9, 6, 10, 7, 5, 7, 9, 10, 7, 9, 10, 5, 9, 10, 9, 8, 7, 8, 8, 8, 9, 10, 8, 6, 8, 9, 7, 9, 7, 9, 7, 8, 7, 
63: 0, 0, 6, 0, 5, 0, 0, 0, 7, 8, 0, 8, 0, 0, 6, 6, 0, 0, 0, 0, 6, 10, 7, 0, 0, 0, 0, 0, 10, 8, 0, 0, 7, 0, 10, 0, 7, 6, 8, 8, 0, 0, 0, 10, 0, 0, 0, 0, 0, 0, 0, 8, 8, 0, 8, 9, 8, 0, 0, 0, 8, 0, 0, 0, 8, 0, 0, 7, 8, 0, 0, 0, 0, 7, 0, 8, 9, 8, 7, 0, : 6, 5, 7, 8, 8, 6, 6, 6, 10, 7, 10, 8, 7, 10, 7, 6, 8, 8, 10, 8, 8, 8, 9, 8, 8, 8, 7, 8, 7, 8, 9, 8, 7, 
11: 0, 0, 9, 10, 0, 8, 0, 8, 0, 0, 8, 9, 0, 6, 0, 4, 0, 8, 7, 6, 0, 8, 6, 0, 6, 10, 4, 0, 8, 9, 0, 0, 0, 9, 0, 6, 0, 0, 9, 8, 0, 5, 10, 7, 0, 9, 8, 6, 0, 0, 0, 7, 10, 0, 0, 10, 9, 8, 7, 0, 9, 0, 0, 0, 6, 0, 9, 8, 0, 8, 7, 0, 8, 0, 0, 0, 0, 0, 0, 9, : 9, 10, 8, 8, 8, 9, 6, 4, 8, 7, 6, 8, 6, 6, 10, 4, 8, 9, 9, 6, 9, 8, 5, 10, 7, 9, 8, 6, 7, 10, 10, 9, 8, 7, 9, 6, 9, 8, 8, 7, 8, 9, 
30: 8, 0, 7, 6, 9, 7, 11, 9, 6, 10, 9, 0, 0, 7, 0, 6, 0, 0, 8, 8, 6, 0, 0, 0, 8, 5, 0, 7, 0, 6, 8, 0, 9, 0, 7, 7, 8, 0, 6, 6, 11, 11, 0, 0, 8, 0, 6, 5, 0, 0, 6, 0, 0, 0, 0, 9, 0, 0, 0, 0, 0, 0, 9, 0, 8, 0, 0, 8, 8, 8, 0, 0, 8, 9, 0, 0, 8, 0, 0, 0, : 8, 7, 6, 9, 7, 11, 9, 6, 10, 9, 7, 6, 8, 8, 6, 8, 5, 7, 6, 8, 9, 7, 7, 8, 6, 6, 11, 11, 8, 6, 5, 6, 9, 9, 8, 8, 8, 8, 8, 9, 8, 
38: 6, 0, 0, 0, 0, 8, 10, 7, 0, 7, 7, 0, 0, 9, 0, 0, 8, 0, 0, 6, 0, 5, 8, 0, 0, 0, 0, 0, 0, 9, 0, 0, 0, 0, 0, 0, 6, 10, 0, 0, 7, 0, 8, 0, 0, 0, 0, 0, 7, 7, 8, 0, 8, 7, 0, 0, 0, 6, 0, 0, 10, 0, 0, 8, 7, 0, 0, 0, 0, 7, 0, 8, 0, 8, 0, 8, 8, 0, 6, 0, : 6, 8, 10, 7, 7, 7, 9, 8, 6, 5, 8, 9, 6, 10, 7, 8, 7, 7, 8, 8, 7, 6, 10, 8, 7, 7, 8, 8, 8, 8, 6, 
34: 7, 7, 0, 8, 0, 8, 5, 8, 5, 10, 0, 0, 0, 0, 0, 8, 0, 7, 0, 7, 0, 9, 0, 6, 0, 0, 8, 0, 4, 0, 5, 7, 0, 5, 0, 0, 0, 5, 0, 7, 7, 8, 0, 0, 0, 10, 10, 0, 0, 5, 0, 0, 7, 9, 10, 6, 9, 7, 0, 9, 0, 8, 0, 0, 6, 0, 8, 0, 0, 8, 8, 0, 7, 0, 9, 7, 0, 0, 8, 7, : 7, 7, 8, 8, 5, 8, 5, 10, 8, 7, 7, 9, 6, 8, 4, 5, 7, 5, 5, 7, 7, 8, 10, 10, 5, 7, 9, 10, 6, 9, 7, 9, 8, 6, 8, 8, 8, 7, 9, 7, 8, 7, 
75: 0, 0, 9, 0, 0, 0, 0, 6, 6, 7, 0, 0, 10, 7, 0, 0, 0, 9, 8, 0, 7, 0, 0, 10, 0, 9, 0, 6, 6, 0, 5, 0, 0, 7, 8, 0, 7, 0, 10, 0, 5, 0, 0, 0, 8, 0, 0, 0, 0, 9, 0, 7, 10, 7, 0, 0, 0, 0, 6, 0, 0, 7, 9, 0, 0, 0, 7, 9, 7, 0, 7, 7, 7, 7, 9, 0, 8, 7, 0, 0, : 9, 6, 6, 7, 10, 7, 9, 8, 7, 10, 9, 6, 6, 5, 7, 8, 7, 10, 5, 8, 9, 7, 10, 7, 6, 7, 9, 7, 9, 7, 7, 7, 7, 7, 9, 8, 7, 
64: 5, 7, 0, 10, 6, 9, 9, 0, 8, 6, 0, 9, 0, 9, 0, 0, 9, 0, 0, 0, 0, 10, 8, 9, 0, 0, 8, 0, 0, 10, 7, 8, 0, 7, 8, 6, 0, 0, 5, 0, 0, 0, 8, 8, 0, 0, 8, 7, 0, 6, 8, 7, 0, 6, 10, 8, 0, 0, 9, 0, 7, 10, 0, 7, 9, 9, 0, 8, 7, 6, 7, 7, 9, 8, 0, 7, 0, 7, 8, 7, : 5, 7, 10, 6, 9, 9, 8, 6, 9, 9, 9, 10, 8, 9, 8, 10, 7, 8, 7, 8, 6, 5, 8, 8, 8, 7, 6, 8, 7, 6, 10, 8, 9, 7, 10, 7, 9, 9, 8, 7, 6, 7, 7, 9, 8, 7, 7, 8, 7, 
3: 0, 0, 6, 0, 0, 0, 0, 0, 8, 6, 0, 0, 0, 0, 0, 0, 10, 0, 7, 0, 5, 0, 0, 6, 0, 6, 0, 7, 0, 8, 0, 0, 7, 0, 8, 0, 8, 0, 8, 6, 5, 0, 0, 0, 0, 10, 0, 0, 0, 11, 0, 9, 0, 7, 7, 8, 7, 0, 6, 0, 0, 0, 6, 0, 0, 7, 7, 0, 0, 0, 7, 9, 8, 0, 8, 7, 8, 7, 0, 7, : 6, 8, 6, 10, 7, 5, 6, 6, 7, 8, 7, 8, 8, 8, 6, 5, 10, 11, 9, 7, 7, 8, 7, 6, 6, 7, 7, 7, 9, 8, 8, 7, 8, 7, 7, 
39: 7, 8, 0, 0, 9, 6, 6, 0, 9, 0, 7, 7, 0, 6, 9, 0, 9, 10, 9, 8, 8, 0, 6, 0, 6, 8, 9, 6, 0, 0, 0, 0, 0, 7, 0, 11, 0, 7, 0, 0, 0, 6, 0, 11, 0, 8, 6, 0, 7, 0, 0, 8, 0, 9, 0, 0, 7, 10, 7, 9, 6, 8, 8, 7, 0, 0, 0, 7, 8, 7, 0, 7, 0, 8, 8, 0, 7, 0, 8, 8, : 7, 8, 9, 6, 6, 9, 7, 7, 6, 9, 9, 10, 9, 8, 8, 6, 6, 8, 9, 6, 7, 11, 7, 6, 11, 8, 6, 7, 8, 9, 7, 10, 7, 9, 6, 8, 8, 7, 7, 8, 7, 7, 8, 8, 7, 8, 8, 
33: 6, 6, 0, 0, 0, 0, 0, 0, 0, 0, 8, 0, 0, 9, 8, 0, 9, 0, 0, 8, 0, 0, 0, 0, 8, 7, 0, 5, 0, 0, 7, 6, 7, 0, 0, 0, 9, 10, 11, 6, 8, 9, 0, 7, 6, 10, 9, 0, 0, 0, 0, 0, 8, 0, 0, 0, 8, 6, 0, 0, 0, 0, 0, 0, 9, 0, 7, 9, 8, 8, 6, 0, 0, 0, 9, 0, 0, 7, 7, 0, : 6, 6, 8, 9, 8, 9, 8, 8, 7, 5, 7, 6, 7, 9, 10, 11, 6, 8, 9, 7, 6, 10, 9, 8, 8, 6, 9, 7, 9, 8, 8, 6, 9, 7, 7, 
47: 8, 0, 0, 0, 7, 0, 9, 0, 0, 0, 0, 5, 9, 7, 0, 0, 0, 0, 8, 0, 0, 7, 9, 10, 7, 7, 4, 7, 11, 8, 9, 6, 8, 8, 0, 0, 6, 0, 0, 0, 10, 0, 0, 0, 10, 6, 0, 8, 6, 0, 0, 0, 6, 9, 6, 9, 6, 0, 0, 8, 8, 7, 0, 10, 0, 0, 6, 0, 8, 0, 0, 0, 0, 0, 8, 0, 0, 0, 0, 8, : 8, 7, 9, 5, 9, 7, 8, 7, 9, 10, 7, 7, 4, 7, 11, 8, 9, 6, 8, 8, 6, 10, 10, 6, 8, 6, 6, 9, 6, 9, 6, 8, 8, 7, 10, 6, 8, 8, 8, 
44: 8, 0, 7, 0, 0, 8, 7, 8, 0, 0, 0, 0, 7, 0, 10, 7, 10, 0, 0, 9, 0, 6, 0, 0, 11, 0, 7, 7, 0, 5, 0, 7, 0, 7, 0, 8, 0, 0, 0, 8, 0, 5, 0, 0, 0, 7, 9, 6, 10, 7, 9, 7, 10, 0, 0, 9, 9, 0, 0, 0, 0, 11, 0, 8, 8, 8, 7, 0, 7, 8, 0, 9, 7, 0, 0, 0, 7, 8, 0, 7, : 8, 7, 8, 7, 8, 7, 10, 7, 10, 9, 6, 11, 7, 7, 5, 7, 7, 8, 8, 5, 7, 9, 6, 10, 7, 9, 7, 10, 9, 9, 11, 8, 8, 8, 7, 7, 8, 9, 7, 7, 8, 7, 
9: 8, 0, 9, 0, 9, 0, 6, 8, 0, 0, 0, 10, 7, 11, 4, 10, 0, 0, 0, 7, 7, 7, 10, 0, 0, 8, 0, 0, 5, 5, 7, 9, 0, 10, 6, 0, 0, 7, 0, 9, 0, 10, 8, 8, 0, 0, 10, 0, 9, 0, 8, 0, 0, 0, 0, 0, 10, 7, 0, 7, 8, 0, 0, 0, 6, 0, 0, 0, 0, 0, 0, 8, 0, 7, 0, 7, 6, 8, 0, 8, : 8, 9, 9, 6, 8, 10, 7, 11, 4, 10, 7, 7, 7, 10, 8, 5, 5, 7, 9, 10, 6, 7, 9, 10, 8, 8, 10, 9, 8, 10, 7, 7, 8, 6, 8, 7, 7, 6, 8, 8, 
67: 0, 0, 7, 11, 7, 8, 0, 0, 0, 0, 7, 8, 0, 0, 0, 7, 0, 7, 9, 9, 6, 0, 10, 0, 10, 8, 0, 0, 9, 0, 9, 0, 8, 0, 10, 7, 8, 6, 8, 0, 0, 0, 0, 8, 0, 0, 0, 0, 0, 0, 0, 11, 7, 0, 0, 0, 0, 0, 0, 0, 0, 6, 7, 0, 0, 10, 7, 9, 0, 0, 0, 0, 0, 0, 0, 0, 7, 0, 7, 8, : 7, 11, 7, 8, 7, 8, 7, 7, 9, 9, 6, 10, 10, 8, 9, 9, 8, 10, 7, 8, 6, 8, 8, 11, 7, 6, 7, 10, 7, 9, 7, 7, 8, 


