
20
100
75
5

40: 0, 0, 0, 8, 5, 0, 0, 0, 7, 5, 0, 7, 8, 0, 0, 7, 0, 0, 10, 5, : 8, 5, 7, 5, 7, 8, 7, 10, 5, 
59: 9, 0, 0, 10, 4, 5, 0, 0, 0, 0, 7, 10, 7, 10, 0, 0, 0, 7, 0, 0, : 9, 10, 4, 5, 7, 10, 7, 10, 7, 
38: 0, 11, 11, 8, 11, 0, 0, 8, 8, 8, 0, 7, 0, 8, 0, 0, 9, 0, 0, 0, : 11, 11, 8, 11, 8, 8, 8, 7, 8, 9, 
41: 0, 0, 7, 0, 8, 9, 0, 10, 9, 8, 0, 5, 0, 7, 0, 5, 0, 0, 8, 5, : 7, 8, 9, 10, 9, 8, 5, 7, 5, 8, 5, 
100: 6, 8, 8, 5, 0, 7, 0, 5, 0, 10, 0, 5, 0, 0, 0, 0, 8, 0, 0, 0, : 6, 8, 8, 5, 7, 5, 10, 5, 8, 
70: 0, 10, 8, 0, 0, 10, 0, 7, 5, 5, 5, 8, 10, 0, 0, 0, 8, 0, 0, 0, : 10, 8, 10, 7, 5, 5, 5, 8, 10, 8, 
83: 0, 0, 0, 0, 0, 0, 5, 0, 0, 0, 8, 0, 5, 5, 7, 0, 0, 0, 9, 0, : 5, 8, 5, 5, 7, 9, 
3: 6, 0, 7, 10, 8, 7, 10, 0, 7, 7, 0, 0, 7, 5, 0, 10, 0, 0, 0, 9, : 6, 7, 10, 8, 7, 10, 7, 7, 7, 5, 10, 9, 
21: 7, 0, 0, 0, 0, 9, 8, 9, 7, 7, 0, 9, 0, 0, 0, 0, 10, 0, 7, 7, : 7, 9, 8, 9, 7, 7, 9, 10, 7, 7, 
8: 8, 8, 0, 4, 0, 8, 8, 0, 5, 0, 0, 0, 0, 0, 5, 8, 0, 5, 8, 7, : 8, 8, 4, 8, 8, 5, 5, 8, 5, 8, 7, 
60: 0, 7, 6, 0, 5, 0, 0, 0, 0, 9, 9, 0, 7, 9, 5, 5, 5, 9, 5, 8, : 7, 6, 5, 9, 9, 7, 9, 5, 5, 5, 9, 5, 8, 
29: 9, 0, 5, 0, 7, 0, 0, 0, 8, 0, 9, 0, 0, 0, 9, 8, 0, 0, 0, 0, : 9, 5, 7, 8, 9, 9, 8, 
4: 8, 5, 0, 0, 0, 8, 8, 7, 0, 0, 0, 0, 0, 0, 0, 7, 0, 7, 7, 0, : 8, 5, 8, 8, 7, 7, 7, 7, 
67: 0, 8, 0, 9, 0, 7, 9, 5, 0, 0, 5, 0, 8, 0, 0, 0, 7, 10, 0, 7, : 8, 9, 7, 9, 5, 5, 8, 7, 10, 7, 
58: 0, 5, 9, 0, 6, 0, 7, 0, 9, 0, 0, 7, 0, 9, 8, 7, 5, 5, 0, 0, : 5, 9, 6, 7, 9, 7, 9, 8, 7, 5, 5, 
90: 7, 9, 0, 0, 11, 5, 0, 8, 0, 0, 10, 0, 5, 0, 9, 0, 0, 7, 0, 0, : 7, 9, 11, 5, 8, 10, 5, 9, 7, 
57: 0, 0, 0, 9, 0, 0, 8, 9, 0, 0, 8, 8, 9, 8, 7, 0, 9, 8, 0, 10, : 9, 8, 9, 8, 8, 9, 8, 7, 9, 8, 10, 
68: 0, 4, 8, 5, 10, 0, 7, 7, 0, 9, 0, 0, 0, 7, 7, 9, 7, 0, 5, 0, : 4, 8, 5, 10, 7, 7, 9, 7, 7, 9, 7, 5, 
61: 9, 0, 0, 7, 0, 0, 0, 0, 10, 0, 7, 0, 0, 7, 10, 0, 0, 9, 7, 9, : 9, 7, 10, 7, 7, 10, 9, 7, 9, 
89: 6, 0, 6, 0, 0, 0, 5, 0, 0, 7, 7, 9, 9, 0, 8, 9, 7, 8, 9, 8, : 6, 6, 5, 7, 7, 9, 9, 8, 9, 7, 8, 9, 8, 


12: 8, 0, 6, 0, 0, 0, 0, 7, 0, 0, 7, 7, 6, 0, 6, 6, 8, 0, 0, 8, : 8, 6, 7, 7, 7, 6, 6, 6, 8, 8, 
1: 0, 0, 0, 5, 8, 9, 6, 0, 0, 8, 0, 6, 6, 0, 8, 9, 0, 6, 7, 0, : 5, 8, 9, 6, 8, 6, 6, 8, 9, 6, 7, 
66: 0, 0, 8, 0, 7, 8, 0, 6, 0, 0, 7, 0, 7, 0, 9, 0, 0, 6, 0, 0, : 8, 7, 8, 6, 7, 7, 9, 6, 
31: 0, 6, 0, 7, 8, 7, 8, 8, 7, 0, 6, 9, 0, 0, 6, 8, 9, 0, 7, 6, : 6, 7, 8, 7, 8, 8, 7, 6, 9, 6, 8, 9, 7, 6, 
79: 0, 11, 0, 9, 8, 7, 0, 6, 0, 6, 0, 6, 0, 0, 9, 0, 7, 0, 0, 0, : 11, 9, 8, 7, 6, 6, 6, 9, 7, 
45: 9, 5, 6, 0, 8, 0, 0, 9, 0, 0, 0, 0, 8, 7, 9, 6, 6, 0, 0, 9, : 9, 5, 6, 8, 9, 8, 7, 9, 6, 6, 9, 
84: 0, 7, 8, 0, 0, 0, 7, 9, 0, 6, 6, 8, 0, 0, 0, 8, 8, 0, 6, 9, : 7, 8, 7, 9, 6, 6, 8, 8, 8, 6, 9, 
72: 6, 0, 8, 0, 0, 8, 0, 0, 7, 7, 9, 9, 0, 6, 0, 6, 0, 6, 0, 0, : 6, 8, 8, 7, 7, 9, 9, 6, 6, 6, 
82: 0, 0, 4, 0, 0, 8, 0, 0, 0, 0, 9, 0, 0, 8, 0, 0, 0, 9, 9, 0, : 4, 8, 9, 8, 9, 9, 
52: 0, 0, 0, 5, 8, 0, 0, 9, 0, 6, 9, 7, 6, 0, 0, 7, 0, 8, 9, 0, : 5, 8, 9, 6, 9, 7, 6, 7, 8, 9, 
86: 6, 5, 0, 6, 7, 0, 7, 7, 9, 0, 8, 0, 9, 0, 0, 0, 9, 8, 6, 6, : 6, 5, 6, 7, 7, 7, 9, 8, 9, 9, 8, 6, 6, 
6: 10, 0, 0, 0, 0, 0, 7, 6, 9, 9, 0, 0, 8, 6, 0, 9, 0, 0, 8, 0, : 10, 7, 6, 9, 9, 8, 6, 9, 8, 
80: 0, 9, 0, 11, 0, 6, 9, 0, 8, 9, 0, 0, 9, 0, 0, 9, 6, 7, 0, 0, : 9, 11, 6, 9, 8, 9, 9, 9, 6, 7, 
42: 0, 0, 0, 0, 8, 7, 0, 0, 6, 0, 0, 8, 9, 9, 7, 0, 6, 0, 9, 0, : 8, 7, 6, 8, 9, 9, 7, 6, 9, 
33: 8, 7, 0, 10, 0, 0, 9, 0, 6, 7, 0, 9, 0, 9, 0, 0, 0, 9, 0, 9, : 8, 7, 10, 9, 6, 7, 9, 9, 9, 9, 
91: 0, 9, 8, 0, 8, 8, 6, 0, 0, 0, 8, 0, 0, 0, 7, 0, 9, 0, 0, 8, : 9, 8, 8, 8, 6, 8, 7, 9, 8, 
16: 9, 0, 10, 0, 0, 7, 8, 0, 0, 8, 0, 6, 0, 9, 6, 0, 0, 0, 0, 0, : 9, 10, 7, 8, 8, 6, 9, 6, 
65: 8, 8, 9, 6, 5, 0, 0, 8, 6, 0, 0, 0, 7, 6, 0, 0, 0, 7, 0, 6, : 8, 8, 9, 6, 5, 8, 6, 7, 6, 7, 6, 
97: 6, 0, 0, 8, 0, 0, 0, 0, 8, 9, 6, 0, 0, 7, 8, 7, 0, 0, 6, 7, : 6, 8, 8, 9, 6, 7, 8, 7, 6, 7, 
18: 5, 8, 8, 8, 0, 0, 8, 0, 9, 0, 0, 0, 0, 8, 0, 0, 7, 9, 8, 7, : 5, 8, 8, 8, 8, 9, 8, 7, 9, 8, 7, 


13: 4, 0, 8, 0, 0, 0, 0, 8, 7, 0, 8, 5, 9, 8, 7, 8, 0, 0, 0, 0, : 4, 8, 8, 7, 8, 5, 9, 8, 7, 8, 
95: 0, 10, 9, 0, 0, 7, 9, 7, 0, 0, 8, 0, 0, 8, 0, 0, 9, 0, 7, 0, : 10, 9, 7, 9, 7, 8, 8, 9, 7, 
27: 0, 0, 0, 0, 0, 7, 0, 0, 0, 0, 0, 0, 8, 0, 0, 0, 0, 8, 0, 6, : 7, 8, 8, 6, 
74: 0, 0, 11, 8, 9, 0, 5, 8, 0, 0, 0, 6, 8, 6, 0, 7, 0, 0, 0, 8, : 11, 8, 9, 5, 8, 6, 8, 6, 7, 8, 
22: 0, 7, 5, 0, 0, 0, 0, 9, 0, 9, 0, 7, 7, 9, 0, 8, 8, 0, 6, 0, : 7, 5, 9, 9, 7, 7, 9, 8, 8, 6, 
36: 0, 6, 6, 6, 0, 8, 0, 0, 0, 6, 6, 8, 0, 7, 0, 0, 8, 7, 5, 0, : 6, 6, 6, 8, 6, 6, 8, 7, 8, 7, 5, 
47: 9, 11, 5, 7, 6, 6, 6, 0, 6, 0, 8, 7, 0, 0, 8, 0, 5, 0, 0, 0, : 9, 11, 5, 7, 6, 6, 6, 6, 8, 7, 8, 5, 
28: 5, 0, 0, 10, 10, 0, 0, 9, 9, 0, 5, 0, 0, 8, 0, 5, 6, 6, 0, 0, : 5, 10, 10, 9, 9, 5, 8, 5, 6, 6, 
7: 0, 0, 0, 7, 0, 0, 8, 5, 8, 8, 0, 8, 5, 0, 8, 7, 8, 8, 0, 0, : 7, 8, 5, 8, 8, 8, 5, 8, 7, 8, 8, 
39: 0, 7, 10, 0, 0, 8, 0, 7, 8, 5, 0, 0, 0, 0, 8, 0, 8, 0, 9, 0, : 7, 10, 8, 7, 8, 5, 8, 8, 9, 
64: 0, 6, 0, 8, 6, 0, 0, 8, 0, 0, 0, 8, 6, 0, 9, 0, 0, 9, 7, 7, : 6, 8, 6, 8, 8, 6, 9, 9, 7, 7, 
75: 5, 9, 0, 10, 0, 5, 7, 0, 0, 0, 0, 0, 0, 8, 0, 0, 0, 5, 9, 8, : 5, 9, 10, 5, 7, 8, 5, 9, 8, 
10: 0, 0, 6, 0, 0, 0, 0, 0, 7, 0, 0, 0, 0, 7, 5, 0, 7, 9, 0, 9, : 6, 7, 7, 5, 7, 9, 9, 
24: 8, 4, 6, 0, 0, 0, 0, 0, 0, 8, 9, 9, 9, 0, 8, 9, 7, 8, 8, 7, : 8, 4, 6, 8, 9, 9, 9, 8, 9, 7, 8, 8, 7, 
9: 0, 5, 0, 7, 8, 9, 7, 0, 9, 8, 0, 9, 8, 0, 0, 0, 0, 0, 8, 8, : 5, 7, 8, 9, 7, 9, 8, 9, 8, 8, 8, 
88: 10, 0, 0, 5, 8, 9, 8, 0, 8, 9, 8, 0, 8, 5, 6, 9, 0, 8, 8, 0, : 10, 5, 8, 9, 8, 8, 9, 8, 8, 5, 6, 9, 8, 8, 
87: 9, 0, 0, 7, 9, 0, 8, 6, 8, 7, 9, 0, 0, 0, 0, 0, 0, 0, 0, 0, : 9, 7, 9, 8, 6, 8, 7, 9, 
53: 7, 0, 0, 0, 8, 9, 8, 8, 0, 0, 7, 0, 0, 0, 7, 8, 9, 7, 0, 8, : 7, 8, 9, 8, 8, 7, 7, 8, 9, 7, 8, 
20: 10, 10, 9, 0, 6, 0, 9, 0, 5, 8, 0, 0, 0, 9, 0, 8, 0, 0, 8, 9, : 10, 10, 9, 6, 9, 5, 8, 9, 8, 8, 9, 
5: 8, 0, 0, 0, 5, 7, 0, 0, 0, 7, 7, 8, 7, 0, 9, 6, 0, 0, 0, 5, : 8, 5, 7, 7, 7, 8, 7, 9, 6, 5, 


35: 0, 7, 0, 7, 8, 0, 0, 0, 8, 0, 8, 0, 8, 7, 7, 0, 0, 8, 6, 7, : 7, 7, 8, 8, 8, 8, 7, 7, 8, 6, 7, 
92: 9, 6, 9, 0, 0, 0, 0, 7, 8, 8, 0, 6, 9, 8, 6, 0, 0, 0, 0, 0, : 9, 6, 9, 7, 8, 8, 6, 9, 8, 6, 
19: 0, 0, 5, 6, 0, 0, 8, 7, 0, 0, 0, 0, 6, 0, 9, 8, 0, 6, 8, 9, : 5, 6, 8, 7, 6, 9, 8, 6, 8, 9, 
77: 0, 8, 8, 0, 5, 7, 0, 6, 7, 0, 0, 0, 0, 0, 0, 7, 9, 0, 0, 8, : 8, 8, 5, 7, 6, 7, 7, 9, 8, 
43: 0, 0, 11, 8, 8, 10, 8, 9, 0, 8, 7, 0, 9, 7, 0, 0, 0, 7, 0, 0, : 11, 8, 8, 10, 8, 9, 8, 7, 9, 7, 7, 
11: 0, 0, 6, 0, 8, 0, 0, 8, 0, 9, 6, 0, 0, 0, 0, 0, 7, 0, 6, 7, : 6, 8, 8, 9, 6, 7, 6, 7, 
81: 0, 10, 5, 0, 0, 0, 0, 0, 7, 6, 0, 8, 7, 9, 7, 6, 6, 8, 8, 0, : 10, 5, 7, 6, 8, 7, 9, 7, 6, 6, 8, 8, 
46: 7, 0, 7, 8, 8, 0, 0, 6, 0, 9, 0, 9, 6, 0, 0, 0, 7, 0, 0, 0, : 7, 7, 8, 8, 6, 9, 9, 6, 7, 
85: 5, 8, 10, 6, 9, 8, 7, 9, 9, 0, 0, 0, 0, 6, 6, 9, 8, 0, 0, 8, : 5, 8, 10, 6, 9, 8, 7, 9, 9, 6, 6, 9, 8, 8, 
71: 6, 0, 0, 0, 0, 0, 7, 7, 9, 7, 0, 7, 0, 0, 9, 0, 8, 0, 0, 7, : 6, 7, 7, 9, 7, 7, 9, 8, 7, 
50: 7, 0, 0, 6, 7, 7, 7, 0, 0, 8, 9, 0, 0, 0, 8, 0, 0, 9, 0, 9, : 7, 6, 7, 7, 7, 8, 9, 8, 9, 9, 
15: 11, 0, 0, 0, 0, 0, 8, 0, 8, 0, 7, 0, 8, 0, 0, 0, 9, 9, 7, 0, : 11, 8, 8, 7, 8, 9, 9, 7, 
96: 0, 0, 7, 6, 0, 9, 0, 8, 0, 0, 0, 7, 0, 0, 0, 6, 0, 8, 0, 8, : 7, 6, 9, 8, 7, 6, 8, 8, 
99: 0, 8, 0, 0, 0, 8, 9, 0, 6, 7, 7, 9, 7, 7, 0, 7, 0, 0, 8, 6, : 8, 8, 9, 6, 7, 7, 9, 7, 7, 7, 8, 6, 
48: 10, 9, 0, 8, 0, 6, 6, 8, 0, 0, 0, 6, 0, 8, 8, 0, 8, 0, 0, 6, : 10, 9, 8, 6, 6, 8, 6, 8, 8, 8, 6, 
17: 6, 5, 0, 9, 0, 0, 0, 0, 7, 0, 8, 8, 0, 9, 7, 0, 6, 0, 7, 0, : 6, 5, 9, 7, 8, 8, 9, 7, 6, 7, 
23: 0, 6, 7, 0, 0, 6, 0, 0, 0, 0, 8, 8, 7, 8, 0, 9, 0, 7, 9, 0, : 6, 7, 6, 8, 8, 7, 8, 9, 7, 9, 
49: 6, 8, 0, 11, 11, 0, 9, 0, 0, 6, 0, 7, 8, 0, 0, 8, 7, 7, 9, 0, : 6, 8, 11, 11, 9, 6, 7, 8, 8, 7, 7, 9, 
98: 0, 0, 0, 0, 4, 6, 0, 0, 0, 0, 9, 0, 0, 0, 0, 8, 0, 6, 7, 0, : 4, 6, 9, 8, 6, 7, 
2: 8, 0, 0, 0, 7, 8, 6, 0, 6, 7, 6, 0, 0, 6, 8, 7, 0, 0, 0, 0, : 8, 7, 8, 6, 6, 7, 6, 6, 8, 7, 


25: 7, 8, 0, 5, 9, 5, 0, 7, 0, 0, 8, 0, 6, 0, 0, 0, 7, 7, 0, 6, : 7, 8, 5, 9, 5, 7, 8, 6, 7, 7, 6, 
51: 0, 0, 11, 6, 0, 0, 7, 8, 7, 0, 0, 0, 9, 6, 0, 0, 0, 0, 9, 7, : 11, 6, 7, 8, 7, 9, 6, 9, 7, 
34: 11, 0, 0, 0, 5, 8, 0, 0, 0, 0, 0, 0, 8, 0, 9, 9, 9, 0, 6, 8, : 11, 5, 8, 8, 9, 9, 9, 6, 8, 
76: 0, 7, 8, 0, 10, 6, 0, 0, 0, 0, 0, 9, 0, 0, 0, 6, 0, 6, 0, 9, : 7, 8, 10, 6, 9, 6, 6, 9, 
32: 8, 10, 0, 0, 0, 6, 8, 8, 8, 0, 9, 0, 0, 0, 6, 0, 0, 6, 7, 8, : 8, 10, 6, 8, 8, 8, 9, 6, 6, 7, 8, 
93: 8, 5, 0, 0, 0, 8, 7, 8, 9, 0, 0, 6, 0, 8, 8, 7, 8, 8, 0, 0, : 8, 5, 8, 7, 8, 9, 6, 8, 8, 7, 8, 8, 
55: 7, 0, 8, 0, 0, 0, 0, 7, 0, 0, 0, 0, 7, 0, 9, 0, 0, 0, 8, 9, : 7, 8, 7, 7, 9, 8, 9, 
14: 0, 0, 7, 0, 10, 8, 0, 0, 6, 9, 7, 6, 0, 9, 0, 0, 0, 0, 8, 8, : 7, 10, 8, 6, 9, 7, 6, 9, 8, 8, 
62: 6, 9, 0, 8, 0, 0, 0, 9, 8, 8, 6, 7, 0, 7, 6, 0, 6, 9, 0, 0, : 6, 9, 8, 9, 8, 8, 6, 7, 7, 6, 6, 9, 
73: 0, 5, 0, 0, 0, 8, 8, 0, 9, 0, 0, 9, 8, 0, 0, 7, 0, 9, 0, 0, : 5, 8, 8, 9, 9, 8, 7, 9, 
56: 6, 0, 7, 0, 8, 7, 7, 9, 8, 7, 0, 8, 6, 7, 7, 0, 9, 8, 0, 0, : 6, 7, 8, 7, 7, 9, 8, 7, 8, 6, 7, 7, 9, 8, 
78: 7, 0, 0, 0, 0, 0, 9, 0, 0, 8, 8, 0, 0, 8, 7, 7, 0, 0, 7, 0, : 7, 9, 8, 8, 8, 7, 7, 7, 
37: 0, 8, 6, 11, 9, 0, 0, 0, 0, 7, 0, 7, 0, 9, 8, 0, 6, 7, 0, 7, : 8, 6, 11, 9, 7, 7, 9, 8, 6, 7, 7, 
44: 0, 10, 5, 0, 6, 0, 0, 0, 7, 6, 7, 8, 0, 0, 8, 9, 0, 0, 0, 7, : 10, 5, 6, 7, 6, 7, 8, 8, 9, 7, 
30: 0, 5, 0, 8, 0, 0, 9, 0, 0, 8, 0, 8, 0, 0, 7, 8, 7, 8, 0, 6, : 5, 8, 9, 8, 8, 7, 8, 7, 8, 6, 
54: 7, 0, 0, 10, 6, 0, 6, 6, 0, 0, 9, 0, 8, 0, 0, 0, 0, 0, 9, 0, : 7, 10, 6, 6, 6, 9, 8, 9, 
94: 0, 0, 6, 4, 7, 9, 0, 0, 6, 9, 6, 7, 7, 0, 0, 8, 8, 0, 0, 0, : 6, 4, 7, 9, 6, 9, 6, 7, 7, 8, 8, 
26: 8, 8, 9, 9, 0, 0, 8, 0, 0, 7, 8, 0, 0, 7, 0, 8, 7, 0, 6, 0, : 8, 8, 9, 9, 8, 7, 8, 7, 8, 7, 6, 
69: 0, 0, 0, 8, 5, 10, 6, 7, 7, 0, 0, 0, 7, 8, 0, 6, 0, 0, 8, 0, : 8, 5, 10, 6, 7, 7, 7, 8, 6, 8, 
63: 0, 0, 8, 6, 0, 0, 0, 6, 0, 6, 7, 0, 9, 6, 0, 0, 8, 7, 7, 0, : 8, 6, 6, 6, 7, 9, 6, 8, 7, 7, 


