
20
200
75
10

148: 0, 8, 6, 6, 0, 0, 0, 0, 7, 8, 0, 0, 8, 6, 8, 0, 0, 8, 0, 0, : 8, 6, 6, 7, 8, 8, 6, 8, 8, 
82: 7, 0, 11, 0, 0, 0, 9, 7, 9, 0, 8, 0, 0, 8, 0, 8, 7, 7, 0, 7, : 7, 11, 9, 7, 9, 8, 8, 8, 7, 7, 7, 
111: 0, 0, 0, 0, 7, 8, 6, 0, 0, 0, 6, 6, 0, 0, 0, 6, 0, 0, 8, 9, : 7, 8, 6, 6, 6, 6, 8, 9, 
44: 7, 0, 0, 0, 4, 7, 0, 8, 0, 0, 0, 6, 7, 0, 0, 6, 0, 0, 0, 7, : 7, 4, 7, 8, 6, 7, 6, 7, 
39: 9, 5, 0, 0, 0, 0, 7, 0, 0, 9, 0, 0, 8, 6, 6, 0, 0, 0, 6, 8, : 9, 5, 7, 9, 8, 6, 6, 6, 8, 
171: 0, 6, 0, 8, 0, 6, 8, 8, 8, 0, 6, 0, 0, 0, 0, 7, 6, 8, 9, 8, : 6, 8, 6, 8, 8, 8, 6, 7, 6, 8, 9, 8, 
128: 6, 0, 0, 5, 8, 0, 7, 8, 8, 8, 8, 8, 6, 0, 6, 0, 6, 7, 0, 8, : 6, 5, 8, 7, 8, 8, 8, 8, 8, 6, 6, 6, 7, 8, 
177: 0, 10, 6, 6, 0, 0, 8, 0, 6, 8, 0, 8, 0, 8, 8, 0, 8, 0, 0, 0, : 10, 6, 6, 8, 6, 8, 8, 8, 8, 8, 
150: 0, 0, 0, 7, 8, 8, 8, 8, 7, 0, 8, 0, 0, 0, 8, 0, 8, 6, 0, 0, : 7, 8, 8, 8, 8, 7, 8, 8, 8, 6, 
78: 0, 0, 7, 0, 11, 0, 0, 0, 0, 8, 0, 8, 8, 0, 0, 8, 0, 0, 0, 8, : 7, 11, 8, 8, 8, 8, 8, 
6: 0, 5, 5, 9, 0, 7, 0, 0, 0, 0, 0, 7, 0, 8, 0, 8, 8, 0, 0, 0, : 5, 5, 9, 7, 7, 8, 8, 8, 
5: 6, 0, 11, 0, 0, 6, 6, 0, 8, 8, 7, 0, 6, 7, 9, 8, 8, 0, 8, 0, : 6, 11, 6, 6, 8, 8, 7, 6, 7, 9, 8, 8, 8, 
20: 11, 0, 4, 10, 0, 0, 0, 6, 6, 6, 7, 9, 0, 9, 8, 7, 9, 8, 6, 0, : 11, 4, 10, 6, 6, 6, 7, 9, 9, 8, 7, 9, 8, 6, 
42: 0, 0, 0, 9, 11, 8, 0, 6, 8, 0, 0, 8, 7, 0, 0, 8, 0, 8, 7, 0, : 9, 11, 8, 6, 8, 8, 7, 8, 8, 7, 
71: 0, 0, 8, 0, 0, 7, 0, 9, 8, 7, 0, 8, 0, 0, 7, 0, 0, 0, 8, 0, : 8, 7, 9, 8, 7, 8, 7, 8, 
59: 7, 4, 0, 0, 8, 9, 8, 0, 0, 7, 9, 0, 9, 8, 0, 0, 0, 9, 0, 6, : 7, 4, 8, 9, 8, 7, 9, 9, 8, 9, 6, 
10: 8, 11, 0, 8, 0, 9, 8, 7, 0, 6, 0, 0, 0, 8, 0, 9, 8, 0, 8, 8, : 8, 11, 8, 9, 8, 7, 6, 8, 9, 8, 8, 8, 
16: 0, 10, 10, 0, 5, 0, 0, 8, 0, 0, 8, 0, 0, 0, 8, 0, 7, 8, 0, 0, : 10, 10, 5, 8, 8, 8, 7, 8, 
96: 6, 6, 7, 7, 7, 0, 0, 0, 0, 0, 8, 7, 8, 0, 0, 0, 0, 6, 7, 6, : 6, 6, 7, 7, 7, 8, 7, 8, 6, 7, 6, 
193: 8, 10, 0, 0, 6, 0, 0, 0, 0, 0, 0, 0, 8, 7, 7, 0, 0, 0, 8, 0, : 8, 10, 6, 8, 7, 7, 8, 


18: 0, 8, 0, 8, 10, 0, 0, 9, 0, 7, 0, 0, 0, 8, 0, 7, 0, 0, 0, 8, : 8, 8, 10, 9, 7, 8, 7, 8, 
108: 8, 0, 0, 0, 7, 7, 5, 0, 7, 8, 5, 0, 8, 8, 0, 7, 0, 8, 0, 0, : 8, 7, 7, 5, 7, 8, 5, 8, 8, 7, 8, 
38: 0, 6, 6, 4, 5, 7, 0, 0, 8, 0, 0, 9, 8, 5, 0, 0, 0, 9, 7, 0, : 6, 6, 4, 5, 7, 8, 9, 8, 5, 9, 7, 
35: 0, 11, 9, 8, 0, 0, 7, 0, 0, 0, 0, 8, 0, 0, 0, 0, 0, 0, 7, 8, : 11, 9, 8, 7, 8, 7, 8, 
192: 8, 7, 9, 0, 0, 0, 7, 8, 8, 0, 7, 8, 0, 0, 8, 8, 0, 8, 8, 7, : 8, 7, 9, 7, 8, 8, 7, 8, 8, 8, 8, 8, 7, 
153: 7, 0, 0, 0, 8, 8, 0, 0, 0, 5, 9, 8, 0, 7, 7, 0, 8, 0, 0, 7, : 7, 8, 8, 5, 9, 8, 7, 7, 8, 7, 
66: 0, 0, 0, 0, 0, 9, 0, 0, 9, 8, 0, 0, 7, 8, 5, 0, 9, 8, 8, 7, : 9, 9, 8, 7, 8, 5, 9, 8, 8, 7, 
125: 0, 7, 0, 0, 5, 8, 0, 7, 7, 0, 0, 7, 8, 0, 9, 0, 0, 7, 0, 0, : 7, 5, 8, 7, 7, 7, 8, 9, 7, 
178: 0, 7, 11, 0, 11, 0, 0, 0, 0, 7, 7, 7, 0, 8, 0, 0, 7, 8, 0, 8, : 7, 11, 11, 7, 7, 7, 8, 7, 8, 8, 
138: 7, 0, 0, 11, 0, 0, 8, 8, 8, 0, 8, 0, 9, 8, 0, 7, 8, 5, 9, 0, : 7, 11, 8, 8, 8, 8, 9, 8, 7, 8, 5, 9, 
141: 0, 0, 7, 0, 0, 9, 8, 0, 8, 8, 0, 0, 0, 7, 8, 8, 8, 0, 0, 0, : 7, 9, 8, 8, 8, 7, 8, 8, 8, 
1: 9, 5, 8, 0, 0, 0, 8, 0, 5, 0, 0, 0, 8, 0, 7, 8, 0, 0, 5, 0, : 9, 5, 8, 8, 5, 8, 7, 8, 5, 
186: 7, 0, 7, 5, 0, 0, 8, 8, 0, 0, 0, 0, 0, 0, 0, 8, 0, 0, 8, 8, : 7, 7, 5, 8, 8, 8, 8, 8, 
61: 6, 11, 4, 0, 10, 5, 9, 8, 0, 0, 8, 0, 5, 9, 0, 5, 0, 0, 0, 9, : 6, 11, 4, 10, 5, 9, 8, 8, 5, 9, 5, 9, 
50: 7, 0, 0, 8, 0, 0, 0, 8, 7, 7, 7, 7, 7, 0, 8, 0, 7, 0, 8, 0, : 7, 8, 8, 7, 7, 7, 7, 7, 8, 7, 8, 
98: 0, 0, 0, 9, 0, 0, 8, 5, 0, 8, 0, 0, 0, 0, 8, 0, 7, 8, 0, 8, : 9, 8, 5, 8, 8, 7, 8, 8, 
45: 0, 0, 9, 8, 5, 8, 0, 0, 0, 0, 0, 5, 0, 7, 0, 0, 0, 0, 0, 5, : 9, 8, 5, 8, 5, 7, 5, 
32: 8, 8, 0, 0, 7, 7, 0, 7, 0, 9, 8, 8, 7, 0, 8, 8, 8, 7, 7, 0, : 8, 8, 7, 7, 7, 9, 8, 8, 7, 8, 8, 8, 7, 7, 
94: 0, 5, 0, 6, 7, 0, 7, 7, 8, 0, 8, 0, 8, 0, 7, 0, 5, 7, 0, 0, : 5, 6, 7, 7, 7, 8, 8, 8, 7, 5, 7, 
188: 8, 0, 5, 8, 0, 7, 0, 0, 0, 8, 8, 8, 0, 0, 0, 9, 8, 0, 8, 0, : 8, 5, 8, 7, 8, 8, 8, 9, 8, 8, 


21: 6, 0, 5, 0, 0, 0, 8, 5, 0, 0, 9, 0, 0, 8, 0, 9, 0, 0, 0, 8, : 6, 5, 8, 5, 9, 8, 9, 8, 
8: 5, 9, 0, 7, 0, 0, 0, 0, 8, 0, 0, 8, 0, 0, 0, 6, 0, 6, 0, 0, : 5, 9, 7, 8, 8, 6, 6, 
176: 0, 9, 0, 8, 4, 7, 0, 0, 9, 8, 7, 0, 8, 7, 0, 0, 8, 0, 0, 0, : 9, 8, 4, 7, 9, 8, 7, 8, 7, 8, 
87: 6, 8, 11, 10, 0, 8, 6, 0, 0, 0, 8, 0, 5, 0, 0, 0, 0, 8, 5, 6, : 6, 8, 11, 10, 8, 6, 8, 5, 8, 5, 6, 
160: 0, 0, 10, 0, 8, 8, 0, 7, 0, 0, 8, 8, 6, 8, 6, 0, 8, 0, 8, 0, : 10, 8, 8, 7, 8, 8, 6, 8, 6, 8, 8, 
74: 0, 11, 0, 0, 11, 6, 9, 0, 0, 8, 0, 7, 0, 0, 9, 0, 0, 9, 0, 9, : 11, 11, 6, 9, 8, 7, 9, 9, 9, 
145: 10, 7, 6, 0, 0, 0, 8, 8, 8, 9, 0, 0, 8, 0, 8, 0, 7, 0, 0, 9, : 10, 7, 6, 8, 8, 8, 9, 8, 8, 7, 9, 
75: 9, 0, 8, 0, 0, 0, 5, 9, 0, 0, 5, 0, 9, 0, 8, 9, 0, 0, 0, 8, : 9, 8, 5, 9, 5, 9, 8, 9, 8, 
93: 0, 0, 0, 0, 0, 0, 0, 8, 7, 0, 0, 0, 8, 7, 8, 0, 5, 0, 8, 0, : 8, 7, 8, 7, 8, 5, 8, 
24: 8, 5, 6, 4, 6, 0, 0, 9, 0, 0, 0, 8, 0, 8, 8, 0, 0, 0, 9, 7, : 8, 5, 6, 4, 6, 9, 8, 8, 8, 9, 7, 
144: 0, 0, 0, 4, 0, 7, 0, 0, 7, 0, 0, 0, 7, 6, 0, 8, 0, 9, 0, 0, : 4, 7, 7, 7, 6, 8, 9, 
135: 7, 0, 7, 0, 0, 9, 8, 0, 5, 0, 0, 7, 0, 0, 5, 8, 0, 8, 0, 8, : 7, 7, 9, 8, 5, 7, 5, 8, 8, 8, 
19: 0, 0, 0, 0, 10, 4, 0, 6, 0, 8, 6, 6, 0, 0, 7, 8, 8, 0, 7, 8, : 10, 4, 6, 8, 6, 6, 7, 8, 8, 7, 8, 
73: 0, 0, 7, 0, 8, 9, 7, 8, 0, 6, 9, 0, 9, 9, 7, 0, 0, 7, 6, 0, : 7, 8, 9, 7, 8, 6, 9, 9, 9, 7, 7, 6, 
3: 0, 0, 0, 11, 5, 0, 0, 0, 0, 0, 0, 5, 8, 0, 0, 0, 6, 5, 8, 7, : 11, 5, 5, 8, 6, 5, 8, 7, 
198: 10, 6, 0, 6, 0, 0, 7, 7, 8, 9, 0, 0, 0, 0, 0, 7, 8, 0, 0, 0, : 10, 6, 6, 7, 7, 8, 9, 7, 8, 
117: 0, 7, 8, 6, 8, 0, 0, 0, 6, 8, 8, 9, 0, 9, 0, 5, 9, 7, 9, 5, : 7, 8, 6, 8, 6, 8, 8, 9, 9, 5, 9, 7, 9, 5, 
80: 5, 0, 0, 0, 11, 8, 9, 0, 8, 5, 7, 0, 0, 0, 0, 8, 9, 8, 0, 0, : 5, 11, 8, 9, 8, 5, 7, 8, 9, 8, 
27: 9, 5, 0, 10, 4, 9, 8, 8, 0, 7, 8, 8, 0, 5, 0, 0, 0, 8, 7, 0, : 9, 5, 10, 4, 9, 8, 8, 7, 8, 8, 5, 8, 7, 
28: 0, 8, 7, 9, 0, 0, 0, 0, 9, 7, 0, 9, 7, 8, 9, 7, 7, 0, 8, 0, : 8, 7, 9, 9, 7, 9, 7, 8, 9, 7, 7, 8, 


140: 0, 7, 0, 4, 0, 0, 0, 7, 0, 8, 7, 0, 6, 0, 0, 6, 0, 8, 0, 0, : 7, 4, 7, 8, 7, 6, 6, 8, 
30: 8, 6, 6, 0, 9, 6, 0, 0, 9, 0, 7, 0, 8, 0, 0, 0, 8, 8, 0, 8, : 8, 6, 6, 9, 6, 9, 7, 8, 8, 8, 8, 
46: 0, 0, 0, 10, 5, 9, 0, 0, 8, 0, 9, 7, 8, 0, 6, 8, 0, 0, 0, 0, : 10, 5, 9, 8, 9, 7, 8, 6, 8, 
43: 0, 7, 5, 8, 0, 7, 0, 7, 8, 7, 8, 6, 0, 6, 8, 7, 0, 0, 8, 0, : 7, 5, 8, 7, 7, 8, 7, 8, 6, 6, 8, 7, 8, 
88: 7, 0, 6, 0, 7, 7, 7, 0, 7, 0, 8, 0, 0, 0, 0, 0, 9, 0, 0, 8, : 7, 6, 7, 7, 7, 7, 8, 9, 8, 
116: 9, 0, 8, 9, 5, 0, 9, 9, 0, 0, 8, 0, 0, 8, 0, 0, 0, 7, 0, 0, : 9, 8, 9, 5, 9, 9, 8, 8, 7, 
31: 5, 7, 0, 4, 0, 0, 9, 0, 0, 0, 0, 8, 0, 0, 0, 7, 0, 7, 0, 0, : 5, 7, 4, 9, 8, 7, 7, 
172: 8, 0, 6, 0, 7, 8, 6, 0, 0, 7, 0, 8, 9, 8, 0, 9, 7, 8, 0, 0, : 8, 6, 7, 8, 6, 7, 8, 9, 8, 9, 7, 8, 
89: 7, 0, 11, 8, 0, 7, 0, 8, 6, 7, 0, 7, 0, 7, 0, 0, 0, 7, 8, 7, : 7, 11, 8, 7, 8, 6, 7, 7, 7, 7, 8, 7, 
79: 0, 0, 0, 0, 11, 0, 8, 0, 0, 8, 0, 0, 0, 0, 9, 0, 7, 0, 6, 6, : 11, 8, 8, 9, 7, 6, 6, 
33: 6, 8, 11, 6, 8, 0, 0, 8, 0, 0, 0, 7, 7, 0, 0, 7, 6, 0, 7, 7, : 6, 8, 11, 6, 8, 8, 7, 7, 7, 6, 7, 7, 
187: 0, 0, 5, 0, 7, 0, 7, 0, 8, 8, 7, 9, 7, 7, 8, 8, 8, 0, 7, 0, : 5, 7, 7, 8, 8, 7, 9, 7, 7, 8, 8, 8, 7, 
70: 0, 0, 0, 0, 0, 6, 7, 7, 7, 0, 0, 0, 7, 8, 0, 0, 0, 0, 7, 7, : 6, 7, 7, 7, 7, 8, 7, 7, 
77: 9, 0, 0, 9, 11, 8, 0, 0, 0, 0, 0, 0, 0, 9, 7, 0, 0, 8, 0, 0, : 9, 9, 11, 8, 9, 7, 8, 
200: 0, 9, 0, 0, 0, 0, 0, 7, 7, 9, 8, 0, 8, 8, 7, 0, 7, 7, 8, 8, : 9, 7, 7, 9, 8, 8, 8, 7, 7, 7, 8, 8, 
13: 0, 11, 0, 0, 0, 0, 7, 8, 0, 8, 7, 8, 7, 0, 7, 8, 8, 0, 8, 0, : 11, 7, 8, 8, 7, 8, 7, 7, 8, 8, 8, 
69: 9, 6, 0, 0, 5, 9, 7, 8, 0, 0, 0, 0, 0, 7, 8, 0, 7, 9, 0, 7, : 9, 6, 5, 9, 7, 8, 7, 8, 7, 9, 7, 
147: 0, 4, 0, 9, 0, 8, 0, 6, 8, 0, 0, 8, 8, 0, 0, 0, 0, 0, 7, 9, : 4, 9, 8, 6, 8, 8, 8, 7, 9, 
183: 7, 10, 9, 0, 0, 0, 0, 0, 7, 7, 0, 7, 0, 7, 8, 8, 8, 0, 9, 0, : 7, 10, 9, 7, 7, 7, 7, 8, 8, 8, 9, 
115: 0, 0, 8, 8, 0, 0, 8, 0, 0, 6, 6, 0, 0, 0, 7, 7, 0, 6, 0, 8, : 8, 8, 8, 6, 6, 7, 7, 6, 8, 


129: 0, 11, 0, 0, 10, 0, 7, 6, 0, 8, 0, 6, 0, 0, 0, 0, 8, 0, 7, 9, : 11, 10, 7, 6, 8, 6, 8, 7, 9, 
170: 0, 8, 9, 8, 0, 6, 8, 0, 8, 0, 6, 0, 7, 0, 7, 7, 0, 7, 0, 8, : 8, 9, 8, 6, 8, 8, 6, 7, 7, 7, 7, 8, 
12: 7, 5, 0, 8, 0, 9, 8, 0, 6, 0, 8, 7, 0, 6, 9, 9, 6, 6, 0, 8, : 7, 5, 8, 9, 8, 6, 8, 7, 6, 9, 9, 6, 6, 8, 
37: 9, 7, 10, 0, 0, 9, 0, 7, 0, 8, 8, 0, 0, 0, 8, 8, 0, 6, 0, 0, : 9, 7, 10, 9, 7, 8, 8, 8, 8, 6, 
199: 7, 0, 6, 6, 8, 0, 6, 0, 7, 9, 0, 9, 7, 7, 8, 0, 8, 0, 0, 6, : 7, 6, 6, 8, 6, 7, 9, 9, 7, 7, 8, 8, 6, 
110: 0, 6, 0, 8, 5, 0, 0, 8, 6, 0, 0, 8, 0, 0, 0, 6, 9, 0, 0, 8, : 6, 8, 5, 8, 6, 8, 6, 9, 8, 
174: 7, 7, 0, 0, 5, 0, 8, 9, 7, 0, 0, 6, 6, 8, 0, 0, 0, 8, 0, 0, : 7, 7, 5, 8, 9, 7, 6, 6, 8, 8, 
112: 0, 0, 0, 9, 0, 0, 0, 8, 9, 7, 9, 0, 7, 6, 6, 0, 0, 7, 6, 0, : 9, 8, 9, 7, 9, 7, 6, 6, 7, 6, 
72: 8, 0, 6, 10, 0, 7, 9, 0, 7, 7, 7, 9, 0, 0, 8, 8, 0, 0, 7, 0, : 8, 6, 10, 7, 9, 7, 7, 7, 9, 8, 8, 7, 
54: 7, 0, 0, 0, 10, 7, 0, 9, 0, 0, 0, 0, 0, 8, 7, 8, 6, 7, 0, 0, : 7, 10, 7, 9, 8, 7, 8, 6, 7, 
51: 7, 0, 6, 0, 0, 8, 6, 8, 9, 6, 0, 8, 9, 0, 0, 0, 7, 0, 8, 9, : 7, 6, 8, 6, 8, 9, 6, 8, 9, 7, 8, 9, 
85: 6, 0, 7, 9, 9, 0, 9, 0, 0, 7, 6, 0, 8, 0, 0, 0, 7, 8, 7, 0, : 6, 7, 9, 9, 9, 7, 6, 8, 7, 8, 7, 
58: 0, 10, 0, 0, 8, 8, 7, 0, 0, 8, 0, 0, 0, 0, 0, 0, 9, 0, 9, 0, : 10, 8, 8, 7, 8, 9, 9, 
159: 0, 7, 6, 8, 0, 0, 7, 0, 8, 6, 9, 7, 0, 7, 0, 9, 0, 0, 8, 7, : 7, 6, 8, 7, 8, 6, 9, 7, 7, 9, 8, 7, 
121: 0, 0, 0, 0, 7, 0, 0, 7, 0, 0, 0, 0, 0, 9, 9, 7, 0, 0, 0, 0, : 7, 7, 9, 9, 7, 
131: 0, 0, 0, 5, 0, 7, 0, 7, 0, 0, 8, 0, 8, 7, 0, 0, 0, 0, 6, 0, : 5, 7, 7, 8, 8, 7, 6, 
86: 0, 6, 11, 4, 5, 8, 0, 0, 8, 0, 7, 7, 9, 0, 0, 0, 0, 8, 9, 0, : 6, 11, 4, 5, 8, 8, 7, 7, 9, 8, 9, 
47: 0, 0, 7, 0, 0, 0, 0, 0, 0, 9, 7, 0, 0, 8, 0, 7, 0, 9, 0, 7, : 7, 9, 7, 8, 7, 9, 7, 
109: 7, 8, 7, 0, 8, 0, 0, 0, 0, 0, 0, 8, 6, 9, 6, 0, 8, 0, 0, 7, : 7, 8, 7, 8, 8, 6, 9, 6, 8, 7, 
162: 10, 0, 0, 0, 0, 6, 0, 6, 0, 0, 0, 0, 8, 0, 7, 6, 7, 9, 8, 6, : 10, 6, 6, 8, 7, 6, 7, 9, 8, 6, 


76: 0, 0, 0, 0, 0, 0, 6, 8, 9, 0, 0, 6, 0, 0, 8, 7, 8, 9, 7, 0, : 6, 8, 9, 6, 8, 7, 8, 9, 7, 
84: 8, 0, 0, 0, 0, 6, 0, 0, 0, 8, 8, 0, 0, 0, 0, 6, 0, 0, 8, 8, : 8, 6, 8, 8, 6, 8, 8, 
194: 7, 0, 0, 0, 8, 0, 0, 0, 8, 0, 8, 9, 0, 8, 8, 0, 0, 6, 0, 0, : 7, 8, 8, 8, 9, 8, 8, 6, 
184: 0, 0, 9, 11, 8, 9, 9, 0, 8, 0, 6, 0, 6, 0, 0, 0, 0, 9, 0, 0, : 9, 11, 8, 9, 9, 8, 6, 6, 9, 
146: 0, 8, 9, 0, 0, 0, 8, 9, 7, 9, 0, 0, 8, 0, 6, 0, 9, 0, 0, 8, : 8, 9, 8, 9, 7, 9, 8, 6, 9, 8, 
142: 5, 8, 0, 0, 7, 8, 0, 6, 0, 0, 8, 0, 0, 0, 0, 6, 0, 0, 6, 0, : 5, 8, 7, 8, 6, 8, 6, 6, 
191: 0, 0, 0, 8, 0, 0, 7, 0, 0, 6, 6, 8, 8, 6, 0, 6, 0, 8, 0, 6, : 8, 7, 6, 6, 8, 8, 6, 6, 8, 6, 
2: 6, 8, 0, 8, 0, 0, 8, 8, 0, 0, 0, 8, 6, 6, 0, 0, 0, 0, 6, 0, : 6, 8, 8, 8, 8, 8, 6, 6, 6, 
91: 11, 10, 9, 0, 0, 7, 9, 6, 8, 8, 0, 0, 0, 0, 9, 8, 6, 0, 9, 0, : 11, 10, 9, 7, 9, 6, 8, 8, 9, 8, 6, 9, 
137: 0, 5, 0, 4, 8, 0, 8, 0, 0, 8, 0, 0, 0, 0, 6, 0, 7, 0, 0, 7, : 5, 4, 8, 8, 8, 6, 7, 7, 
156: 0, 0, 9, 11, 0, 7, 0, 0, 0, 9, 0, 6, 8, 9, 0, 8, 8, 8, 0, 0, : 9, 11, 7, 9, 6, 8, 9, 8, 8, 8, 
7: 0, 6, 0, 6, 5, 8, 0, 0, 6, 6, 0, 0, 8, 6, 0, 0, 8, 7, 8, 8, : 6, 6, 5, 8, 6, 6, 8, 6, 8, 7, 8, 8, 
133: 5, 9, 8, 10, 0, 9, 0, 8, 8, 6, 0, 6, 0, 8, 0, 0, 0, 8, 0, 9, : 5, 9, 8, 10, 9, 8, 8, 6, 6, 8, 8, 9, 
11: 8, 7, 0, 5, 10, 0, 0, 0, 6, 0, 0, 7, 6, 8, 0, 8, 6, 0, 8, 0, : 8, 7, 5, 10, 6, 7, 6, 8, 8, 6, 8, 
124: 0, 0, 7, 0, 0, 0, 6, 0, 6, 0, 9, 0, 9, 0, 8, 0, 0, 0, 8, 6, : 7, 6, 6, 9, 9, 8, 8, 6, 
139: 0, 0, 7, 0, 8, 8, 6, 6, 0, 0, 0, 0, 0, 9, 7, 9, 6, 8, 9, 8, : 7, 8, 8, 6, 6, 9, 7, 9, 6, 8, 9, 8, 
158: 5, 6, 5, 0, 9, 5, 0, 9, 0, 8, 8, 8, 0, 0, 6, 8, 0, 6, 6, 0, : 5, 6, 5, 9, 5, 9, 8, 8, 8, 6, 8, 6, 6, 
120: 10, 8, 0, 5, 5, 0, 8, 7, 9, 0, 9, 0, 0, 7, 0, 9, 8, 0, 0, 6, : 10, 8, 5, 5, 8, 7, 9, 9, 7, 9, 8, 6, 
25: 0, 0, 6, 0, 7, 8, 0, 8, 0, 7, 7, 8, 9, 0, 9, 0, 0, 0, 0, 9, : 6, 7, 8, 8, 7, 7, 8, 9, 9, 9, 
67: 10, 0, 6, 7, 0, 0, 0, 0, 0, 0, 6, 9, 7, 8, 8, 0, 9, 6, 0, 0, : 10, 6, 7, 6, 9, 7, 8, 8, 9, 6, 


65: 0, 4, 10, 0, 0, 0, 0, 0, 6, 7, 9, 0, 0, 9, 9, 0, 9, 0, 7, 9, : 4, 10, 6, 7, 9, 9, 9, 9, 7, 9, 
106: 8, 11, 5, 0, 9, 0, 8, 0, 9, 8, 0, 8, 0, 0, 7, 0, 8, 7, 7, 8, : 8, 11, 5, 9, 8, 9, 8, 8, 7, 8, 7, 7, 8, 
36: 5, 6, 0, 6, 6, 0, 7, 0, 0, 0, 6, 0, 0, 0, 7, 7, 0, 8, 0, 7, : 5, 6, 6, 6, 7, 6, 7, 7, 8, 7, 
103: 10, 5, 0, 0, 7, 7, 0, 0, 0, 8, 0, 7, 9, 0, 8, 6, 7, 6, 0, 9, : 10, 5, 7, 7, 8, 7, 9, 8, 6, 7, 6, 9, 
100: 5, 0, 5, 10, 6, 0, 0, 8, 0, 0, 9, 7, 0, 8, 0, 0, 0, 9, 9, 0, : 5, 5, 10, 6, 8, 9, 7, 8, 9, 9, 
169: 7, 8, 0, 7, 9, 0, 0, 0, 8, 7, 6, 0, 0, 0, 0, 0, 6, 0, 6, 8, : 7, 8, 7, 9, 8, 7, 6, 6, 6, 8, 
132: 6, 11, 8, 0, 9, 9, 9, 7, 0, 0, 8, 0, 8, 0, 0, 7, 0, 0, 0, 6, : 6, 11, 8, 9, 9, 9, 7, 8, 8, 7, 6, 
63: 0, 8, 6, 8, 0, 0, 9, 0, 7, 0, 8, 8, 7, 8, 0, 0, 8, 8, 0, 0, : 8, 6, 8, 9, 7, 8, 8, 7, 8, 8, 8, 
196: 11, 0, 8, 0, 0, 7, 8, 7, 0, 0, 7, 0, 0, 0, 0, 9, 0, 0, 8, 0, : 11, 8, 7, 8, 7, 7, 9, 8, 
134: 7, 0, 9, 0, 0, 0, 0, 0, 0, 6, 7, 8, 0, 8, 6, 9, 0, 6, 0, 8, : 7, 9, 6, 7, 8, 8, 6, 9, 6, 8, 
102: 0, 4, 9, 5, 0, 0, 0, 8, 0, 0, 0, 0, 9, 7, 8, 0, 0, 0, 0, 0, : 4, 9, 5, 8, 9, 7, 8, 
161: 8, 0, 6, 8, 7, 9, 8, 0, 7, 0, 0, 6, 6, 9, 8, 8, 0, 7, 0, 0, : 8, 6, 8, 7, 9, 8, 7, 6, 6, 9, 8, 8, 7, 
95: 0, 0, 0, 0, 8, 0, 0, 0, 0, 9, 7, 0, 8, 6, 0, 8, 0, 7, 8, 7, : 8, 9, 7, 8, 6, 8, 7, 8, 7, 
107: 8, 10, 9, 0, 0, 7, 0, 6, 7, 7, 0, 0, 8, 7, 0, 0, 0, 9, 9, 0, : 8, 10, 9, 7, 6, 7, 7, 8, 7, 9, 9, 
22: 0, 0, 0, 9, 0, 0, 7, 0, 9, 8, 8, 7, 0, 0, 7, 8, 7, 0, 0, 0, : 9, 7, 9, 8, 8, 7, 7, 8, 7, 
90: 0, 0, 0, 8, 0, 7, 7, 9, 8, 0, 0, 9, 0, 0, 0, 0, 7, 0, 0, 0, : 8, 7, 7, 9, 8, 9, 7, 
189: 0, 0, 0, 0, 7, 7, 6, 7, 0, 6, 0, 0, 0, 0, 0, 7, 9, 8, 8, 0, : 7, 7, 6, 7, 6, 7, 9, 8, 8, 
64: 0, 8, 0, 9, 7, 7, 6, 8, 8, 0, 0, 9, 7, 0, 9, 0, 0, 0, 6, 7, : 8, 9, 7, 7, 6, 8, 8, 9, 7, 9, 6, 7, 
122: 0, 0, 0, 5, 0, 7, 0, 9, 0, 0, 0, 6, 7, 6, 0, 0, 8, 0, 7, 0, : 5, 7, 9, 6, 7, 6, 8, 7, 
81: 0, 0, 0, 0, 0, 8, 0, 6, 6, 9, 0, 0, 6, 7, 6, 6, 6, 0, 0, 6, : 8, 6, 6, 9, 6, 7, 6, 6, 6, 6, 


41: 9, 0, 0, 7, 0, 0, 8, 9, 0, 7, 8, 9, 8, 0, 5, 0, 0, 7, 0, 0, : 9, 7, 8, 9, 7, 8, 9, 8, 5, 7, 
118: 4, 10, 8, 9, 0, 0, 0, 8, 5, 9, 7, 7, 0, 0, 7, 8, 8, 0, 0, 0, : 4, 10, 8, 9, 8, 5, 9, 7, 7, 7, 8, 8, 
29: 9, 0, 0, 6, 7, 7, 0, 7, 0, 8, 0, 0, 0, 0, 8, 8, 9, 0, 9, 0, : 9, 6, 7, 7, 7, 8, 8, 8, 9, 9, 
92: 0, 0, 0, 0, 6, 0, 0, 8, 9, 7, 0, 8, 0, 0, 0, 7, 8, 0, 8, 7, : 6, 8, 9, 7, 8, 7, 8, 8, 7, 
180: 0, 10, 8, 10, 6, 0, 0, 0, 0, 0, 0, 0, 8, 9, 9, 0, 0, 0, 7, 8, : 10, 8, 10, 6, 8, 9, 9, 7, 8, 
152: 0, 0, 0, 7, 0, 7, 7, 0, 9, 0, 7, 0, 7, 0, 0, 0, 0, 0, 7, 7, : 7, 7, 7, 9, 7, 7, 7, 7, 
17: 5, 0, 0, 9, 7, 7, 8, 0, 7, 0, 0, 0, 9, 7, 8, 0, 7, 5, 0, 8, : 5, 9, 7, 7, 8, 7, 9, 7, 8, 7, 5, 8, 
126: 0, 6, 8, 0, 8, 0, 0, 0, 8, 9, 7, 5, 0, 0, 9, 0, 7, 0, 0, 0, : 6, 8, 8, 8, 9, 7, 5, 9, 7, 
151: 8, 4, 0, 0, 11, 7, 0, 7, 8, 0, 0, 0, 5, 0, 7, 9, 0, 9, 0, 8, : 8, 4, 11, 7, 7, 8, 5, 7, 9, 9, 8, 
154: 0, 5, 0, 0, 0, 6, 9, 7, 0, 0, 7, 8, 9, 8, 0, 7, 0, 0, 0, 0, : 5, 6, 9, 7, 7, 8, 9, 8, 7, 
114: 0, 0, 5, 5, 7, 0, 0, 0, 7, 5, 5, 8, 0, 9, 0, 5, 0, 0, 9, 7, : 5, 5, 7, 7, 5, 5, 8, 9, 5, 9, 7, 
165: 0, 8, 5, 8, 7, 0, 0, 0, 7, 7, 8, 7, 8, 0, 0, 7, 0, 7, 8, 0, : 8, 5, 8, 7, 7, 7, 8, 7, 8, 7, 7, 8, 
123: 0, 11, 10, 7, 0, 9, 8, 0, 0, 0, 9, 0, 0, 5, 0, 0, 0, 7, 0, 9, : 11, 10, 7, 9, 8, 9, 5, 7, 9, 
23: 10, 0, 0, 0, 6, 0, 5, 8, 0, 0, 0, 7, 0, 8, 0, 9, 9, 7, 7, 9, : 10, 6, 5, 8, 7, 8, 9, 9, 7, 7, 9, 
55: 8, 0, 8, 0, 0, 7, 7, 7, 0, 8, 0, 7, 7, 8, 0, 0, 7, 8, 5, 0, : 8, 8, 7, 7, 7, 8, 7, 7, 8, 7, 8, 5, 
53: 0, 0, 8, 7, 10, 0, 7, 0, 8, 7, 0, 0, 7, 7, 0, 7, 5, 8, 0, 0, : 8, 7, 10, 7, 8, 7, 7, 7, 7, 5, 8, 
157: 7, 6, 0, 0, 0, 6, 0, 0, 7, 0, 0, 0, 7, 7, 0, 0, 0, 8, 0, 5, : 7, 6, 6, 7, 7, 7, 8, 5, 
40: 0, 9, 8, 0, 0, 10, 0, 9, 0, 0, 8, 9, 0, 7, 7, 0, 7, 0, 7, 0, : 9, 8, 10, 9, 8, 9, 7, 7, 7, 7, 
185: 9, 0, 0, 0, 0, 0, 9, 0, 0, 0, 0, 0, 0, 0, 7, 8, 8, 9, 8, 0, : 9, 9, 7, 8, 8, 9, 8, 
4: 6, 6, 7, 0, 0, 9, 7, 5, 0, 8, 9, 0, 0, 0, 8, 0, 0, 0, 0, 7, : 6, 6, 7, 9, 7, 5, 8, 9, 8, 7, 


130: 0, 7, 0, 0, 8, 0, 0, 6, 7, 0, 8, 9, 6, 0, 8, 0, 0, 0, 7, 0, : 7, 8, 6, 7, 8, 9, 6, 8, 7, 
105: 5, 11, 0, 7, 0, 0, 0, 8, 5, 9, 0, 0, 9, 9, 0, 9, 8, 0, 9, 7, : 5, 11, 7, 8, 5, 9, 9, 9, 9, 8, 9, 7, 
175: 0, 0, 0, 10, 9, 10, 0, 8, 0, 0, 0, 0, 0, 0, 9, 0, 0, 7, 0, 0, : 10, 9, 10, 8, 9, 7, 
113: 10, 0, 0, 6, 0, 0, 7, 0, 6, 0, 8, 7, 5, 0, 7, 0, 9, 0, 0, 8, : 10, 6, 7, 6, 8, 7, 5, 7, 9, 8, 
97: 9, 10, 0, 6, 0, 6, 6, 0, 8, 7, 8, 8, 0, 6, 0, 7, 5, 7, 0, 0, : 9, 10, 6, 6, 6, 8, 7, 8, 8, 6, 7, 5, 7, 
104: 5, 0, 0, 0, 7, 0, 0, 5, 8, 7, 0, 9, 8, 8, 0, 0, 0, 8, 8, 0, : 5, 7, 5, 8, 7, 9, 8, 8, 8, 8, 
127: 0, 0, 0, 4, 6, 0, 10, 9, 0, 8, 0, 0, 0, 0, 0, 8, 6, 8, 6, 0, : 4, 6, 10, 9, 8, 8, 6, 8, 6, 
48: 0, 4, 7, 0, 0, 0, 0, 0, 0, 0, 9, 7, 7, 8, 8, 0, 8, 9, 7, 0, : 4, 7, 9, 7, 7, 8, 8, 8, 9, 7, 
34: 6, 8, 8, 0, 7, 7, 0, 8, 0, 5, 5, 0, 8, 5, 7, 0, 7, 0, 9, 9, : 6, 8, 8, 7, 7, 8, 5, 5, 8, 5, 7, 7, 9, 9, 
149: 0, 8, 8, 0, 0, 9, 6, 0, 0, 0, 6, 0, 9, 0, 9, 0, 0, 0, 8, 0, : 8, 8, 9, 6, 6, 9, 9, 8, 
49: 10, 0, 0, 11, 7, 0, 0, 7, 0, 0, 0, 0, 0, 0, 0, 6, 0, 9, 0, 9, : 10, 11, 7, 7, 6, 9, 9, 
60: 0, 0, 0, 0, 10, 0, 0, 0, 0, 0, 0, 5, 0, 7, 0, 8, 8, 5, 5, 8, : 10, 5, 7, 8, 8, 5, 5, 8, 
143: 0, 0, 11, 11, 0, 8, 0, 9, 8, 0, 0, 0, 8, 0, 8, 8, 0, 8, 8, 5, : 11, 11, 8, 9, 8, 8, 8, 8, 8, 8, 5, 
101: 7, 9, 5, 0, 0, 8, 5, 7, 9, 6, 7, 8, 7, 0, 0, 0, 0, 0, 0, 6, : 7, 9, 5, 8, 5, 7, 9, 6, 7, 8, 7, 6, 
9: 5, 5, 5, 8, 0, 6, 7, 0, 9, 0, 7, 6, 0, 0, 8, 9, 9, 0, 0, 0, : 5, 5, 5, 8, 6, 7, 9, 7, 6, 8, 9, 9, 
14: 0, 0, 8, 6, 0, 6, 9, 0, 0, 8, 0, 8, 0, 8, 5, 8, 0, 0, 0, 0, : 8, 6, 6, 9, 8, 8, 8, 5, 8, 
155: 0, 0, 0, 6, 5, 7, 9, 0, 7, 8, 8, 0, 0, 0, 0, 0, 0, 8, 0, 8, : 6, 5, 7, 9, 7, 8, 8, 8, 8, 
56: 9, 0, 8, 0, 0, 8, 8, 0, 0, 8, 0, 0, 0, 9, 0, 0, 7, 0, 8, 8, : 9, 8, 8, 8, 8, 9, 7, 8, 8, 
168: 0, 7, 4, 0, 11, 0, 8, 8, 8, 9, 0, 8, 8, 7, 0, 5, 8, 0, 0, 0, : 7, 4, 11, 8, 8, 8, 9, 8, 8, 7, 5, 8, 
182: 9, 6, 11, 0, 5, 0, 0, 0, 0, 0, 9, 0, 0, 8, 6, 7, 0, 6, 0, 7, : 9, 6, 11, 5, 9, 8, 6, 7, 6, 7, 


83: 7, 5, 0, 0, 0, 0, 6, 6, 0, 0, 0, 6, 9, 0, 0, 6, 9, 0, 6, 0, : 7, 5, 6, 6, 6, 9, 6, 9, 6, 
163: 0, 0, 11, 0, 6, 9, 0, 7, 6, 0, 9, 9, 7, 0, 0, 0, 0, 0, 0, 7, : 11, 6, 9, 7, 6, 9, 9, 7, 7, 
197: 0, 9, 11, 8, 0, 0, 0, 0, 9, 0, 8, 0, 0, 8, 7, 6, 6, 8, 0, 8, : 9, 11, 8, 9, 8, 8, 7, 6, 6, 8, 8, 
26: 6, 8, 0, 0, 8, 0, 0, 0, 0, 8, 9, 0, 0, 0, 8, 0, 0, 0, 0, 0, : 6, 8, 8, 8, 9, 8, 
68: 0, 0, 8, 11, 9, 0, 7, 6, 7, 7, 9, 0, 0, 7, 0, 0, 0, 0, 0, 9, : 8, 11, 9, 7, 6, 7, 7, 9, 7, 9, 
173: 8, 0, 4, 5, 0, 0, 8, 6, 0, 0, 0, 7, 0, 0, 0, 0, 7, 9, 9, 9, : 8, 4, 5, 8, 6, 7, 7, 9, 9, 9, 
179: 8, 0, 0, 0, 0, 7, 0, 0, 9, 6, 7, 0, 8, 6, 8, 0, 0, 8, 7, 6, : 8, 7, 9, 6, 7, 8, 6, 8, 8, 7, 6, 
52: 0, 0, 0, 8, 5, 0, 0, 0, 0, 0, 6, 7, 0, 9, 9, 6, 9, 7, 7, 7, : 8, 5, 6, 7, 9, 9, 6, 9, 7, 7, 7, 
99: 6, 0, 10, 4, 0, 6, 0, 7, 0, 0, 0, 9, 0, 8, 0, 7, 0, 7, 8, 0, : 6, 10, 4, 6, 7, 9, 8, 7, 7, 8, 
164: 0, 0, 8, 8, 7, 8, 6, 0, 0, 8, 0, 0, 6, 0, 6, 9, 0, 6, 0, 9, : 8, 8, 7, 8, 6, 8, 6, 6, 9, 6, 9, 
119: 0, 11, 6, 0, 9, 0, 0, 0, 8, 0, 0, 9, 8, 0, 0, 0, 0, 0, 6, 0, : 11, 6, 9, 8, 9, 8, 6, 
136: 0, 10, 0, 0, 0, 0, 7, 9, 6, 6, 0, 0, 6, 0, 9, 9, 6, 0, 0, 6, : 10, 7, 9, 6, 6, 6, 9, 9, 6, 6, 
181: 8, 0, 0, 0, 8, 0, 8, 8, 0, 0, 0, 0, 6, 6, 6, 8, 9, 6, 8, 8, : 8, 8, 8, 8, 6, 6, 6, 8, 9, 6, 8, 8, 
190: 7, 7, 0, 0, 0, 9, 0, 0, 9, 6, 0, 6, 7, 7, 9, 0, 0, 0, 0, 0, : 7, 7, 9, 9, 6, 6, 7, 7, 9, 
62: 10, 0, 0, 7, 8, 0, 9, 9, 0, 7, 6, 8, 9, 9, 7, 9, 8, 0, 9, 0, : 10, 7, 8, 9, 9, 7, 6, 8, 9, 9, 7, 9, 8, 9, 
57: 0, 5, 0, 0, 0, 6, 9, 8, 0, 9, 0, 6, 0, 0, 0, 8, 8, 9, 0, 6, : 5, 6, 9, 8, 9, 6, 8, 8, 9, 6, 
166: 5, 7, 6, 4, 0, 8, 6, 0, 0, 0, 6, 0, 9, 0, 0, 0, 7, 9, 0, 0, : 5, 7, 6, 4, 8, 6, 6, 9, 7, 9, 
15: 0, 6, 0, 11, 0, 9, 0, 9, 6, 9, 7, 0, 0, 6, 6, 0, 0, 0, 6, 0, : 6, 11, 9, 9, 6, 9, 7, 6, 6, 6, 
195: 0, 0, 5, 0, 8, 7, 9, 0, 8, 0, 8, 0, 0, 0, 0, 0, 6, 6, 0, 0, : 5, 8, 7, 9, 8, 8, 6, 6, 
167: 10, 7, 6, 9, 7, 6, 0, 0, 7, 9, 0, 8, 0, 9, 0, 7, 0, 0, 9, 0, : 10, 7, 6, 9, 7, 6, 7, 9, 8, 9, 7, 9, 


